run_name,dataset,protocol,recording_id,measurement_id,aggregation_unit,start_frame,end_frame,start_second,end_second,duration_seconds,predicted_hr_bpm,gt_hr_bpm,signed_error_bpm,absolute_error_bpm,absolute_percentage_error,waveform_pearson,snr_db,signal_samples,gt_signal_mean,gt_signal_std,prediction_signal_mean,prediction_signal_std,fft_bin_spacing_bpm,failure_type,source_id,subject_id,segments,sync_method,image_brightness_mean,image_contrast_std,dark_pixel_percent,bright_pixel_percent,sharpness_laplacian_variance,motion_mean_absolute_difference
PURE_CHECKPOINT/Eval_On_TOKYOTECH,TOKYOTECH,old,TOKYOTECH_s01,0,window,0,240,0.0,8.0,180,76.0,77.0,-1.0,1.0,1.2987012987012987,-0.2811915065510194,nan,240,-0.1364400598666786,1.831095509299255,-0.01548909566017829,0.9034780257099162,1.0,correct,01,1,9,first_180_seconds,84.6225967407,27.5013484955,0,0,209.32221009,0.392510205507
PURE_CHECKPOINT/Eval_On_TOKYOTECH,TOKYOTECH,old,TOKYOTECH_s01,1,window,30,270,1.0,9.0,180,81.0,78.0,3.0,3.0,3.8461538461538463,-0.4458498036175896,nan,240,0.031507504859473554,0.9087763095517026,-0.01573469868909817,0.9207597069952909,1.0,correct,01,1,9,first_180_seconds,84.6225967407,27.5013484955,0,0,209.32221009,0.392510205507
PURE_CHECKPOINT/Eval_On_TOKYOTECH,TOKYOTECH,old,TOKYOTECH_s01,2,window,60,300,2.0,10.0,180,82.0,80.0,2.0,2.0,2.5,-0.5093036184215801,nan,240,0.005884807205681379,0.8988851404358988,-0.015434593746633429,0.9038884338597967,1.0,correct,01,1,9,first_180_seconds,84.6225967407,27.5013484955,0,0,209.32221009,0.392510205507
PURE_CHECKPOINT/Eval_On_TOKYOTECH,TOKYOTECH,old,TOKYOTECH_s01,3,window,90,330,3.0,11.0,180,82.0,80.0,2.0,2.0,2.5,-0.5564491326990332,nan,240,0.0015193587945153315,0.9063418033523317,0.031246644233821657,0.9508806257984379,1.0,correct,01,1,9,first_180_seconds,84.6225967407,27.5013484955,0,0,209.32221009,0.392510205507
PURE_CHECKPOINT/Eval_On_TOKYOTECH,TOKYOTECH,old,TOKYOTECH_s01,4,window,120,360,4.0,12.0,180,81.0,80.0,1.0,1.0,1.25,-0.5685841724757095,nan,240,0.042609722493216394,0.9073542862341402,0.0007829906315380867,0.8972920842677692,1.0,correct,01,1,9,first_180_seconds,84.6225967407,27.5013484955,0,0,209.32221009,0.392510205507
PURE_CHECKPOINT/Eval_On_TOKYOTECH,TOKYOTECH,old,TOKYOTECH_s01,5,window,150,390,5.0,13.0,180,76.0,79.0,-3.0,3.0,3.79746835443038,-0.5201318990961595,nan,240,0.06047889944553996,0.8960631034630001,0.003521623393761312,0.9055792717696697,1.0,correct,01,1,9,first_180_seconds,84.6225967407,27.5013484955,0,0,209.32221009,0.392510205507
PURE_CHECKPOINT/Eval_On_TOKYOTECH,TOKYOTECH,old,TOKYOTECH_s01,6,window,180,420,6.0,14.0,180,76.0,78.0,-2.0,2.0,2.564102564102564,-0.6210196412003908,nan,240,-0.007899159685863803,0.8713580622389873,0.014474505118248758,0.9113385852839214,1.0,correct,01,1,9,first_180_seconds,84.6225967407,27.5013484955,0,0,209.32221009,0.392510205507
PURE_CHECKPOINT/Eval_On_TOKYOTECH,TOKYOTECH,old,TOKYOTECH_s01,7,window,210,450,7.0,15.0,180,77.0,78.0,-1.0,1.0,1.282051282051282,-0.4940088575337021,nan,240,0.02088896801772838,0.9032272154280551,0.003985950332674495,0.8816369460122858,1.0,correct,01,1,9,first_180_seconds,84.6225967407,27.5013484955,0,0,209.32221009,0.392510205507
PURE_CHECKPOINT/Eval_On_TOKYOTECH,TOKYOTECH,old,TOKYOTECH_s01,8,window,240,480,8.0,16.0,180,75.0,78.0,-3.0,3.0,3.8461538461538463,-0.36908965764151214,nan,240,0.01333905988819121,0.8820137904785387,0.002790951595679872,0.9152549898838278,1.0,correct,01,1,9,first_180_seconds,84.6225967407,27.5013484955,0,0,209.32221009,0.392510205507
PURE_CHECKPOINT/Eval_On_TOKYOTECH,TOKYOTECH,old,TOKYOTECH_s01,9,window,270,510,9.0,17.0,180,77.0,78.0,-1.0,1.0,1.282051282051282,-0.4865491372133326,nan,240,-0.03698753783731566,0.8888021495438623,0.023774379317264692,0.8724420970929829,1.0,correct,01,1,9,first_180_seconds,84.6225967407,27.5013484955,0,0,209.32221009,0.392510205507
PURE_CHECKPOINT/Eval_On_TOKYOTECH,TOKYOTECH,old,TOKYOTECH_s01,10,window,300,540,10.0,18.0,180,81.0,80.0,1.0,1.0,1.25,-0.5858498145867232,nan,240,0.011728371026886937,0.9041453895665305,-0.004565813619465102,0.9055100498239547,1.0,correct,01,1,9,first_180_seconds,84.6225967407,27.5013484955,0,0,209.32221009,0.392510205507
PURE_CHECKPOINT/Eval_On_TOKYOTECH,TOKYOTECH,old,TOKYOTECH_s01,11,window,330,570,11.0,19.0,180,82.0,81.0,1.0,1.0,1.2345679012345678,-0.6105333527846877,nan,240,0.023226658073447957,0.8954974863439944,-0.03678761043563168,0.935527899812418,1.0,correct,01,1,9,first_180_seconds,84.6225967407,27.5013484955,0,0,209.32221009,0.392510205507
PURE_CHECKPOINT/Eval_On_TOKYOTECH,TOKYOTECH,old,TOKYOTECH_s01,12,window,360,600,12.0,20.0,180,82.0,81.0,1.0,1.0,1.2345679012345678,-0.5968465362938169,nan,240,-0.016633662514504977,0.8904540459058579,0.0051782170233965,0.8306542907011667,1.0,correct,01,1,9,first_180_seconds,84.6225967407,27.5013484955,0,0,209.32221009,0.392510205507
PURE_CHECKPOINT/Eval_On_TOKYOTECH,TOKYOTECH,old,TOKYOTECH_s01,13,window,390,630,13.0,21.0,180,82.0,81.0,1.0,1.0,1.2345679012345678,-0.6354288813802752,nan,240,0.013149723337846808,0.9060467359806872,0.013880551209081382,0.9194239131818853,1.0,correct,01,1,9,first_180_seconds,84.6225967407,27.5013484955,0,0,209.32221009,0.392510205507
PURE_CHECKPOINT/Eval_On_TOKYOTECH,TOKYOTECH,old,TOKYOTECH_s01,14,window,420,660,14.0,22.0,180,81.0,80.0,1.0,1.0,1.25,-0.614271117648115,nan,240,0.04209191456611734,0.8905824164640695,-0.005517923074820907,0.918765773321708,1.0,correct,01,1,9,first_180_seconds,84.6225967407,27.5013484955,0,0,209.32221009,0.392510205507
PURE_CHECKPOINT/Eval_On_TOKYOTECH,TOKYOTECH,old,TOKYOTECH_s01,15,window,450,690,15.0,23.0,180,80.0,79.0,1.0,1.0,1.2658227848101267,-0.6905381423279651,nan,240,-0.018160673583042807,0.8726854185336462,0.02276937181214719,0.9157661659899703,1.0,correct,01,1,9,first_180_seconds,84.6225967407,27.5013484955,0,0,209.32221009,0.392510205507
PURE_CHECKPOINT/Eval_On_TOKYOTECH,TOKYOTECH,old,TOKYOTECH_s01,16,window,480,720,16.0,24.0,180,81.0,80.0,1.0,1.0,1.25,-0.6345925064633486,nan,240,0.0014648881779673198,0.8908411233314749,-0.0035757296762173613,0.8877448708960445,1.0,correct,01,1,9,first_180_seconds,84.6225967407,27.5013484955,0,0,209.32221009,0.392510205507
PURE_CHECKPOINT/Eval_On_TOKYOTECH,TOKYOTECH,old,TOKYOTECH_s01,17,window,510,750,17.0,25.0,180,80.0,80.0,0.0,0.0,0.0,-0.639641993078031,nan,240,0.015709400126555313,0.8748683764789519,-0.018449222298371336,0.8907972223874919,1.0,correct,01,1,9,first_180_seconds,84.6225967407,27.5013484955,0,0,209.32221009,0.392510205507
PURE_CHECKPOINT/Eval_On_TOKYOTECH,TOKYOTECH,old,TOKYOTECH_s01,18,window,540,780,18.0,26.0,180,81.0,81.0,0.0,0.0,0.0,-0.5885661773707374,nan,240,0.007045446278061718,0.8907642781630152,0.016619820879406045,0.8535403921834556,1.0,correct,01,1,9,first_180_seconds,84.6225967407,27.5013484955,0,0,209.32221009,0.392510205507
PURE_CHECKPOINT/Eval_On_TOKYOTECH,TOKYOTECH,old,TOKYOTECH_s01,19,window,570,810,19.0,27.0,180,82.0,83.0,-1.0,1.0,1.2048192771084338,-0.6382362599061255,nan,240,0.033432552936331676,0.8860254089111772,0.00939770390697059,0.9085428526083266,1.0,correct,01,1,9,first_180_seconds,84.6225967407,27.5013484955,0,0,209.32221009,0.392510205507
PURE_CHECKPOINT/Eval_On_TOKYOTECH,TOKYOTECH,old,TOKYOTECH_s01,20,window,600,840,20.0,28.0,180,83.0,83.0,0.0,0.0,0.0,-0.627557288025889,nan,240,0.04103824569610879,0.8702853389826386,-0.005926279606273603,0.9009933053627078,1.0,correct,01,1,9,first_180_seconds,84.6225967407,27.5013484955,0,0,209.32221009,0.392510205507
PURE_CHECKPOINT/Eval_On_TOKYOTECH,TOKYOTECH,old,TOKYOTECH_s01,21,window,630,870,21.0,29.0,180,82.0,83.0,-1.0,1.0,1.2048192771084338,-0.5725935765638008,nan,240,0.023688188839393356,0.8636350406437157,0.01690833252024975,0.9241828935736385,1.0,correct,01,1,9,first_180_seconds,84.6225967407,27.5013484955,0,0,209.32221009,0.392510205507
PURE_CHECKPOINT/Eval_On_TOKYOTECH,TOKYOTECH,old,TOKYOTECH_s01,22,window,660,900,22.0,30.0,180,81.0,82.0,-1.0,1.0,1.2195121951219512,-0.5876169365520293,nan,240,0.03863066155463457,0.8816144031311335,0.0029981993192896663,0.9175982559608491,1.0,correct,01,1,9,first_180_seconds,84.6225967407,27.5013484955,0,0,209.32221009,0.392510205507
PURE_CHECKPOINT/Eval_On_TOKYOTECH,TOKYOTECH,old,TOKYOTECH_s01,23,window,690,930,23.0,31.0,180,79.0,80.0,-1.0,1.0,1.25,-0.5818872341994367,nan,240,0.046267036457235615,0.878722059626816,-0.019337728446368385,0.9089500237605648,1.0,correct,01,1,9,first_180_seconds,84.6225967407,27.5013484955,0,0,209.32221009,0.392510205507
PURE_CHECKPOINT/Eval_On_TOKYOTECH,TOKYOTECH,old,TOKYOTECH_s01,24,window,720,960,24.0,32.0,180,80.0,79.0,1.0,1.0,1.2658227848101267,-0.5423702385181335,nan,240,-0.01216878910199739,0.8782068448976886,0.020524982893909974,0.9265575614608491,1.0,correct,01,1,9,first_180_seconds,84.6225967407,27.5013484955,0,0,209.32221009,0.392510205507
PURE_CHECKPOINT/Eval_On_TOKYOTECH,TOKYOTECH,old,TOKYOTECH_s01,25,window,750,990,25.0,33.0,180,81.0,79.0,2.0,2.0,2.5316455696202533,-0.4596495879088241,nan,240,0.02711941581995537,0.901733984536739,0.006372465740862406,0.8799691357997873,1.0,correct,01,1,9,first_180_seconds,84.6225967407,27.5013484955,0,0,209.32221009,0.392510205507
PURE_CHECKPOINT/Eval_On_TOKYOTECH,TOKYOTECH,old,TOKYOTECH_s01,26,window,780,1020,26.0,34.0,180,77.0,79.0,-2.0,2.0,2.5316455696202533,-0.49406830665688234,nan,240,-0.011829324074399968,0.882022717485347,-0.011216400370722215,0.8900120822145973,1.0,correct,01,1,9,first_180_seconds,84.6225967407,27.5013484955,0,0,209.32221009,0.392510205507
PURE_CHECKPOINT/Eval_On_TOKYOTECH,TOKYOTECH,old,TOKYOTECH_s01,27,window,810,1050,27.0,35.0,180,80.0,80.0,0.0,0.0,0.0,-0.5744416701181009,nan,240,-0.015601652294086913,0.9056608449189462,0.028334192801769804,0.932722317960322,1.0,correct,01,1,9,first_180_seconds,84.6225967407,27.5013484955,0,0,209.32221009,0.392510205507
PURE_CHECKPOINT/Eval_On_TOKYOTECH,TOKYOTECH,old,TOKYOTECH_s01,28,window,840,1080,28.0,36.0,180,82.0,81.0,1.0,1.0,1.2345679012345678,-0.5357145290293067,nan,240,0.01882806989403131,0.9022544836388946,-0.0047017561311017125,0.8989259775455049,1.0,correct,01,1,9,first_180_seconds,84.6225967407,27.5013484955,0,0,209.32221009,0.392510205507
PURE_CHECKPOINT/Eval_On_TOKYOTECH,TOKYOTECH,old,TOKYOTECH_s01,29,window,870,1110,29.0,37.0,180,82.0,81.0,1.0,1.0,1.2345679012345678,-0.6588494432180491,nan,240,-0.0022401720227207987,0.9024167066319659,-0.019426688080554002,0.9088855070896029,1.0,correct,01,1,9,first_180_seconds,84.6225967407,27.5013484955,0,0,209.32221009,0.392510205507
PURE_CHECKPOINT/Eval_On_TOKYOTECH,TOKYOTECH,old,TOKYOTECH_s01,30,window,900,1140,30.0,38.0,180,82.0,81.0,1.0,1.0,1.2345679012345678,-0.5847682282200822,nan,240,-0.03134167658281513,0.9103568822946726,0.02923902805101118,0.934744780283341,1.0,correct,01,1,9,first_180_seconds,84.6225967407,27.5013484955,0,0,209.32221009,0.392510205507
PURE_CHECKPOINT/Eval_On_TOKYOTECH,TOKYOTECH,old,TOKYOTECH_s01,31,window,930,1170,31.0,39.0,180,82.0,81.0,1.0,1.0,1.2345679012345678,-0.5874226787212959,nan,240,-0.003053637580402816,0.9186235675121409,-0.0033493653781633344,0.9052542190182219,1.0,correct,01,1,9,first_180_seconds,84.6225967407,27.5013484955,0,0,209.32221009,0.392510205507
PURE_CHECKPOINT/Eval_On_TOKYOTECH,TOKYOTECH,old,TOKYOTECH_s01,32,window,960,1200,32.0,40.0,180,78.0,80.0,-2.0,2.0,2.5,-0.5918603637786495,nan,240,0.00501342352751332,0.9164969173435095,-0.029077850565058697,0.93364944691264,1.0,correct,01,1,9,first_180_seconds,84.6225967407,27.5013484955,0,0,209.32221009,0.392510205507
PURE_CHECKPOINT/Eval_On_TOKYOTECH,TOKYOTECH,old,TOKYOTECH_s01,33,window,990,1230,33.0,41.0,180,78.0,79.0,-1.0,1.0,1.2658227848101267,-0.6550422004244588,nan,240,-0.05869122668906736,0.9149185409981638,0.02458257585438324,0.9233311021250411,1.0,correct,01,1,9,first_180_seconds,84.6225967407,27.5013484955,0,0,209.32221009,0.392510205507
PURE_CHECKPOINT/Eval_On_TOKYOTECH,TOKYOTECH,old,TOKYOTECH_s01,34,window,1020,1260,34.0,42.0,180,81.0,79.0,2.0,2.0,2.5316455696202533,-0.5266537047642386,nan,240,-0.015890090018122766,0.9245897970385025,-0.00449559278983979,0.866466231122501,1.0,correct,01,1,9,first_180_seconds,84.6225967407,27.5013484955,0,0,209.32221009,0.392510205507
PURE_CHECKPOINT/Eval_On_TOKYOTECH,TOKYOTECH,old,TOKYOTECH_s01,35,window,1050,1290,35.0,43.0,180,77.0,79.0,-2.0,2.0,2.5316455696202533,-0.5173762889582338,nan,240,-0.035713030512367065,0.9008264331688384,-0.014274348366007474,0.9053244108052729,1.0,correct,01,1,9,first_180_seconds,84.6225967407,27.5013484955,0,0,209.32221009,0.392510205507
PURE_CHECKPOINT/Eval_On_TOKYOTECH,TOKYOTECH,old,TOKYOTECH_s01,36,window,1080,1320,36.0,44.0,180,80.0,80.0,0.0,0.0,0.0,-0.5998065797535651,nan,240,-0.02855393905968716,0.9318616834384107,0.017683302722187915,0.9112818731132853,1.0,correct,01,1,9,first_180_seconds,84.6225967407,27.5013484955,0,0,209.32221009,0.392510205507
PURE_CHECKPOINT/Eval_On_TOKYOTECH,TOKYOTECH,old,TOKYOTECH_s01,37,window,1110,1350,37.0,45.0,180,82.0,80.0,2.0,2.0,2.5,-0.5740695152680877,nan,240,0.02393101934188356,0.9249749806094707,-0.0040332278818869475,0.8884555847482509,1.0,correct,01,1,9,first_180_seconds,84.6225967407,27.5013484955,0,0,209.32221009,0.392510205507
PURE_CHECKPOINT/Eval_On_TOKYOTECH,TOKYOTECH,old,TOKYOTECH_s01,38,window,1140,1380,38.0,46.0,180,81.0,81.0,0.0,0.0,0.0,-0.5857531173190359,nan,240,0.02922560303704813,0.9091183874415315,-0.03849289498260154,0.9167120469545125,1.0,correct,01,1,9,first_180_seconds,84.6225967407,27.5013484955,0,0,209.32221009,0.392510205507
PURE_CHECKPOINT/Eval_On_TOKYOTECH,TOKYOTECH,old,TOKYOTECH_s01,39,window,1170,1410,39.0,47.0,180,81.0,80.0,1.0,1.0,1.25,-0.63430983829159,nan,240,-0.00766863499302417,0.9153411344223209,0.025854815176205085,0.9128871946359373,1.0,correct,01,1,9,first_180_seconds,84.6225967407,27.5013484955,0,0,209.32221009,0.392510205507
PURE_CHECKPOINT/Eval_On_TOKYOTECH,TOKYOTECH,old,TOKYOTECH_s01,40,window,1200,1440,40.0,48.0,180,80.0,79.0,1.0,1.0,1.2658227848101267,-0.5338726420036817,nan,240,0.030465327327450116,0.9347338431140436,0.01187394909266725,0.8678490541938716,1.0,correct,01,1,9,first_180_seconds,84.6225967407,27.5013484955,0,0,209.32221009,0.392510205507
PURE_CHECKPOINT/Eval_On_TOKYOTECH,TOKYOTECH,old,TOKYOTECH_s01,41,window,1230,1470,41.0,49.0,180,75.0,78.0,-3.0,3.0,3.8461538461538463,-0.5502682416720844,nan,240,0.06917747547850013,0.918266240596036,0.00802733858336004,0.9258192718361536,1.0,correct,01,1,9,first_180_seconds,84.6225967407,27.5013484955,0,0,209.32221009,0.392510205507
PURE_CHECKPOINT/Eval_On_TOKYOTECH,TOKYOTECH,old,TOKYOTECH_s01,42,window,1260,1500,42.0,50.0,180,76.0,78.0,-2.0,2.0,2.564102564102564,-0.6553385734636334,nan,240,0.027631321107037365,0.9203464985067641,0.008976441512442129,0.9132159372816613,1.0,correct,01,1,9,first_180_seconds,84.6225967407,27.5013484955,0,0,209.32221009,0.392510205507
PURE_CHECKPOINT/Eval_On_TOKYOTECH,TOKYOTECH,old,TOKYOTECH_s01,43,window,1290,1530,43.0,51.0,180,79.0,77.0,2.0,2.0,2.5974025974025974,-0.6037697541876365,nan,240,0.06114569002917657,0.9541477643949074,0.0027024382182060528,0.90886522940202,1.0,correct,01,1,9,first_180_seconds,84.6225967407,27.5013484955,0,0,209.32221009,0.392510205507
PURE_CHECKPOINT/Eval_On_TOKYOTECH,TOKYOTECH,old,TOKYOTECH_s01,44,window,1320,1560,44.0,52.0,180,77.0,77.0,0.0,0.0,0.0,-0.5594004216002789,nan,240,0.05040426416477809,0.9341383572709817,-0.0062152839596711805,0.9392522281869162,1.0,correct,01,1,9,first_180_seconds,84.6225967407,27.5013484955,0,0,209.32221009,0.392510205507
PURE_CHECKPOINT/Eval_On_TOKYOTECH,TOKYOTECH,old,TOKYOTECH_s01,45,window,1350,1590,45.0,53.0,180,76.0,78.0,-2.0,2.0,2.564102564102564,-0.47524494423761826,nan,240,0.004734339417579273,0.931591110819525,-0.016580354933907488,0.9347550672455359,1.0,correct,01,1,9,first_180_seconds,84.6225967407,27.5013484955,0,0,209.32221009,0.392510205507
PURE_CHECKPOINT/Eval_On_TOKYOTECH,TOKYOTECH,old,TOKYOTECH_s01,46,window,1380,1620,46.0,54.0,180,77.0,78.0,-1.0,1.0,1.282051282051282,-0.6553154607490566,nan,240,-0.015122399987497677,0.9497974159495632,0.010385254268097215,0.9229187633985458,1.0,correct,01,1,9,first_180_seconds,84.6225967407,27.5013484955,0,0,209.32221009,0.392510205507
PURE_CHECKPOINT/Eval_On_TOKYOTECH,TOKYOTECH,old,TOKYOTECH_s01,47,window,1410,1650,47.0,55.0,180,79.0,77.0,2.0,2.0,2.5974025974025974,-0.6274249694983015,nan,240,0.02852386680509274,0.969396654519955,-0.003756305903038595,0.922689701080545,1.0,correct,01,1,9,first_180_seconds,84.6225967407,27.5013484955,0,0,209.32221009,0.392510205507
PURE_CHECKPOINT/Eval_On_TOKYOTECH,TOKYOTECH,old,TOKYOTECH_s01,48,window,1440,1680,48.0,56.0,180,75.0,76.0,-1.0,1.0,1.3157894736842104,-0.5755129595932942,nan,240,0.004153524298453703,0.944142724180481,0.012488695374925161,0.9339816715526524,1.0,correct,01,1,9,first_180_seconds,84.6225967407,27.5013484955,0,0,209.32221009,0.392510205507
PURE_CHECKPOINT/Eval_On_TOKYOTECH,TOKYOTECH,old,TOKYOTECH_s01,49,window,1470,1710,49.0,57.0,180,75.0,76.0,-1.0,1.0,1.3157894736842104,-0.5171601975568912,nan,240,-0.023367151292040943,0.9498411859664054,-0.017300530535713118,0.9333440021647794,1.0,correct,01,1,9,first_180_seconds,84.6225967407,27.5013484955,0,0,209.32221009,0.392510205507
PURE_CHECKPOINT/Eval_On_TOKYOTECH,TOKYOTECH,old,TOKYOTECH_s01,50,window,1500,1740,50.0,58.0,180,75.0,76.0,-1.0,1.0,1.3157894736842104,-0.6149588717937765,nan,240,-0.017133095161989333,0.9599744239808279,-0.002768628568196405,0.9348520875291948,1.0,correct,01,1,9,first_180_seconds,84.6225967407,27.5013484955,0,0,209.32221009,0.392510205507
PURE_CHECKPOINT/Eval_On_TOKYOTECH,TOKYOTECH,old,TOKYOTECH_s01,51,window,1530,1770,51.0,59.0,180,75.0,76.0,-1.0,1.0,1.3157894736842104,-0.5727430412430466,nan,240,-0.009212056919932366,0.9501638441298899,-0.0017874464873372316,0.9344848759256555,1.0,correct,01,1,9,first_180_seconds,84.6225967407,27.5013484955,0,0,209.32221009,0.392510205507
PURE_CHECKPOINT/Eval_On_TOKYOTECH,TOKYOTECH,old,TOKYOTECH_s01,52,window,1560,1800,52.0,60.0,180,76.0,77.0,-1.0,1.0,1.2987012987012987,-0.5767015458448277,nan,240,-0.022526120270291963,0.9438789730020593,0.005900888557293931,0.9087260158133031,1.0,correct,01,1,9,first_180_seconds,84.6225967407,27.5013484955,0,0,209.32221009,0.392510205507
PURE_CHECKPOINT/Eval_On_TOKYOTECH,TOKYOTECH,old,TOKYOTECH_s01,53,window,1590,1830,53.0,61.0,180,81.0,79.0,2.0,2.0,2.5316455696202533,-0.4965693120710265,nan,240,0.03487704116851091,0.9626716076739902,0.007911636501758629,0.9197615032056105,1.0,correct,01,1,9,first_180_seconds,84.6225967407,27.5013484955,0,0,209.32221009,0.392510205507
PURE_CHECKPOINT/Eval_On_TOKYOTECH,TOKYOTECH,old,TOKYOTECH_s01,54,window,1620,1860,54.0,62.0,180,82.0,80.0,2.0,2.0,2.5,-0.6151513266216996,nan,240,0.08405661642318592,0.9375704073107489,-0.03229651424469235,0.9263675956236654,1.0,correct,01,1,9,first_180_seconds,84.6225967407,27.5013484955,0,0,209.32221009,0.392510205507
PURE_CHECKPOINT/Eval_On_TOKYOTECH,TOKYOTECH,old,TOKYOTECH_s01,55,window,1650,1890,55.0,63.0,180,83.0,82.0,1.0,1.0,1.2195121951219512,-0.5880082036405005,nan,240,0.050127803561432906,0.8988719012305708,0.020853426971398966,0.8473343825342009,1.0,correct,01,1,9,first_180_seconds,84.6225967407,27.5013484955,0,0,209.32221009,0.392510205507
PURE_CHECKPOINT/Eval_On_TOKYOTECH,TOKYOTECH,old,TOKYOTECH_s01,56,window,1680,1920,56.0,64.0,180,82.0,82.0,0.0,0.0,0.0,-0.6686632929016952,nan,240,0.0787200303534822,0.9095190117994041,0.02289896379033316,0.9029639168941828,1.0,correct,01,1,9,first_180_seconds,84.6225967407,27.5013484955,0,0,209.32221009,0.392510205507
PURE_CHECKPOINT/Eval_On_TOKYOTECH,TOKYOTECH,old,TOKYOTECH_s01,57,window,1710,1950,57.0,65.0,180,82.0,83.0,-1.0,1.0,1.2048192771084338,-0.6230340549285335,nan,240,0.0736051050790896,0.9039914623463123,-0.04749216675153885,0.891594029661974,1.0,correct,01,1,9,first_180_seconds,84.6225967407,27.5013484955,0,0,209.32221009,0.392510205507
PURE_CHECKPOINT/Eval_On_TOKYOTECH,TOKYOTECH,old,TOKYOTECH_s01,58,window,1740,1980,58.0,66.0,180,82.0,83.0,-1.0,1.0,1.2048192771084338,-0.5599946565953564,nan,240,0.05931957402887444,0.8962394514128847,0.0030746188666608684,0.7778469162073894,1.0,correct,01,1,9,first_180_seconds,84.6225967407,27.5013484955,0,0,209.32221009,0.392510205507
PURE_CHECKPOINT/Eval_On_TOKYOTECH,TOKYOTECH,old,TOKYOTECH_s01,59,window,1770,2010,59.0,67.0,180,82.0,83.0,-1.0,1.0,1.2048192771084338,-0.6889163032180432,nan,240,0.023722647378842037,0.8718188176425768,0.01439468896583715,0.9349700803475491,1.0,correct,01,1,9,first_180_seconds,84.6225967407,27.5013484955,0,0,209.32221009,0.392510205507
PURE_CHECKPOINT/Eval_On_TOKYOTECH,TOKYOTECH,old,TOKYOTECH_s01,60,window,1800,2040,60.0,68.0,180,83.0,83.0,0.0,0.0,0.0,-0.6550939235534438,nan,240,-0.015605098781331131,0.88620339117776,-0.005038824357876729,0.8583628136773569,1.0,correct,01,1,9,first_180_seconds,84.6225967407,27.5013484955,0,0,209.32221009,0.392510205507
PURE_CHECKPOINT/Eval_On_TOKYOTECH,TOKYOTECH,old,TOKYOTECH_s01,61,window,1830,2070,61.0,69.0,180,83.0,84.0,-1.0,1.0,1.1904761904761905,-0.5782864867831172,nan,240,-0.03735883136978373,0.8738192802218616,0.00809239551001326,0.9138457196381519,1.0,correct,01,1,9,first_180_seconds,84.6225967407,27.5013484955,0,0,209.32221009,0.392510205507
PURE_CHECKPOINT/Eval_On_TOKYOTECH,TOKYOTECH,old,TOKYOTECH_s01,62,window,1860,2100,62.0,70.0,180,86.0,86.0,0.0,0.0,0.0,-0.6109263051250595,nan,240,-0.05457582561066374,0.900116358165107,0.0065708888295253065,0.867329342087185,1.0,correct,01,1,9,first_180_seconds,84.6225967407,27.5013484955,0,0,209.32221009,0.392510205507
PURE_CHECKPOINT/Eval_On_TOKYOTECH,TOKYOTECH,old,TOKYOTECH_s01,63,window,1890,2130,63.0,71.0,180,89.0,88.0,1.0,1.0,1.1363636363636365,-0.44686105342995647,nan,240,-0.023705959611106664,0.8954402711853396,-0.0370764838793161,0.871933704090849,1.0,correct,01,1,9,first_180_seconds,84.6225967407,27.5013484955,0,0,209.32221009,0.392510205507
PURE_CHECKPOINT/Eval_On_TOKYOTECH,TOKYOTECH,old,TOKYOTECH_s01,64,window,1920,2160,64.0,72.0,180,90.0,90.0,0.0,0.0,0.0,-0.6005685226725498,nan,240,-0.031453410004420826,0.8945300102890655,0.015698140264307204,0.8341573219277574,1.0,correct,01,1,9,first_180_seconds,84.6225967407,27.5013484955,0,0,209.32221009,0.392510205507
PURE_CHECKPOINT/Eval_On_TOKYOTECH,TOKYOTECH,old,TOKYOTECH_s01,65,window,1950,2190,65.0,73.0,180,91.0,92.0,-1.0,1.0,1.0869565217391304,-0.6110328028130905,nan,240,-0.0189304988947697,0.8852463459707409,-0.002456830367196533,0.8341281184418006,1.0,correct,01,1,9,first_180_seconds,84.6225967407,27.5013484955,0,0,209.32221009,0.392510205507
PURE_CHECKPOINT/Eval_On_TOKYOTECH,TOKYOTECH,old,TOKYOTECH_s01,66,window,1980,2220,66.0,74.0,180,93.0,93.0,0.0,0.0,0.0,-0.6286950205598367,nan,240,0.012444214573285232,0.8785699246342528,0.007656128368337992,0.8714094091696494,1.0,correct,01,1,9,first_180_seconds,84.6225967407,27.5013484955,0,0,209.32221009,0.392510205507
PURE_CHECKPOINT/Eval_On_TOKYOTECH,TOKYOTECH,old,TOKYOTECH_s01,67,window,2010,2250,67.0,75.0,180,94.0,93.0,1.0,1.0,1.0752688172043012,-0.6340973091710735,nan,240,-0.021525451571991046,0.8818942822557675,0.0290713314900141,0.8518246852184425,1.0,correct,01,1,9,first_180_seconds,84.6225967407,27.5013484955,0,0,209.32221009,0.392510205507
PURE_CHECKPOINT/Eval_On_TOKYOTECH,TOKYOTECH,old,TOKYOTECH_s01,68,window,2040,2280,68.0,76.0,180,92.0,93.0,-1.0,1.0,1.0752688172043012,-0.6045250678754223,nan,240,0.028132227524959794,0.8809523034932769,0.005484103815692138,0.852725643211669,1.0,correct,01,1,9,first_180_seconds,84.6225967407,27.5013484955,0,0,209.32221009,0.392510205507
PURE_CHECKPOINT/Eval_On_TOKYOTECH,TOKYOTECH,old,TOKYOTECH_s01,69,window,2070,2310,69.0,77.0,180,94.0,93.0,1.0,1.0,1.0752688172043012,-0.42150149841630746,nan,240,-0.00550716333091259,0.8788306630385375,0.003942709198794097,0.5916538802486452,1.0,correct,01,1,9,first_180_seconds,84.6225967407,27.5013484955,0,0,209.32221009,0.392510205507
PURE_CHECKPOINT/Eval_On_TOKYOTECH,TOKYOTECH,old,TOKYOTECH_s01,70,window,2100,2340,70.0,78.0,180,91.0,94.0,-3.0,3.0,3.1914893617021276,-0.4265209973271128,nan,240,0.02898260926983009,0.858160831351465,-0.03339085590304069,0.7172005560575744,1.0,correct,01,1,9,first_180_seconds,84.6225967407,27.5013484955,0,0,209.32221009,0.392510205507
PURE_CHECKPOINT/Eval_On_TOKYOTECH,TOKYOTECH,old,TOKYOTECH_s01,71,window,2130,2370,71.0,79.0,180,96.0,94.0,2.0,2.0,2.127659574468085,-0.5459641749756278,nan,240,0.03183466187523057,0.8803536106402209,-0.022316723835512333,0.7997792768518781,1.0,correct,01,1,9,first_180_seconds,84.6225967407,27.5013484955,0,0,209.32221009,0.392510205507
PURE_CHECKPOINT/Eval_On_TOKYOTECH,TOKYOTECH,old,TOKYOTECH_s01,72,window,2160,2400,72.0,80.0,180,92.0,94.0,-2.0,2.0,2.127659574468085,-0.5528768464074547,nan,240,0.013753011741209775,0.8562052974398964,-0.014251486686082082,0.8033482657157743,1.0,correct,01,1,9,first_180_seconds,84.6225967407,27.5013484955,0,0,209.32221009,0.392510205507
PURE_CHECKPOINT/Eval_On_TOKYOTECH,TOKYOTECH,old,TOKYOTECH_s01,73,window,2190,2430,73.0,81.0,180,96.0,94.0,2.0,2.0,2.127659574468085,-0.56546741378244,nan,240,0.03995635976316407,0.8809453820068239,-0.002458072527139867,0.8460362842572795,1.0,correct,01,1,9,first_180_seconds,84.6225967407,27.5013484955,0,0,209.32221009,0.392510205507
PURE_CHECKPOINT/Eval_On_TOKYOTECH,TOKYOTECH,old,TOKYOTECH_s01,74,window,2220,2460,74.0,82.0,180,94.0,94.0,0.0,0.0,0.0,-0.6652596787490833,nan,240,0.006789823003691709,0.85625218397812,0.03203328728178138,0.905329180249357,1.0,correct,01,1,9,first_180_seconds,84.6225967407,27.5013484955,0,0,209.32221009,0.392510205507
PURE_CHECKPOINT/Eval_On_TOKYOTECH,TOKYOTECH,old,TOKYOTECH_s01,75,window,2250,2490,75.0,83.0,180,95.0,94.0,1.0,1.0,1.0638297872340425,-0.5907112256722812,nan,240,0.05427470502827418,0.8703259777812037,-0.008365348928178341,0.8575526045795044,1.0,correct,01,1,9,first_180_seconds,84.6225967407,27.5013484955,0,0,209.32221009,0.392510205507
PURE_CHECKPOINT/Eval_On_TOKYOTECH,TOKYOTECH,old,TOKYOTECH_s01,76,window,2280,2520,76.0,84.0,180,95.0,94.0,1.0,1.0,1.0638297872340425,-0.5685605880111128,nan,240,0.03459319573900454,0.8598949446685157,0.020627749179223557,0.8438743515278764,1.0,correct,01,1,9,first_180_seconds,84.6225967407,27.5013484955,0,0,209.32221009,0.392510205507
PURE_CHECKPOINT/Eval_On_TOKYOTECH,TOKYOTECH,old,TOKYOTECH_s01,77,window,2310,2550,77.0,85.0,180,92.0,94.0,-2.0,2.0,2.127659574468085,-0.5320811295193366,nan,240,0.09160717944144683,0.8625338565080884,-0.034535151669925615,0.8631551925283797,1.0,correct,01,1,9,first_180_seconds,84.6225967407,27.5013484955,0,0,209.32221009,0.392510205507
PURE_CHECKPOINT/Eval_On_TOKYOTECH,TOKYOTECH,old,TOKYOTECH_s01,78,window,2340,2580,78.0,86.0,180,96.0,94.0,2.0,2.0,2.127659574468085,-0.5695422610702788,nan,240,0.0663675873551559,0.8899447156800083,0.005590036136281377,0.8491147269467739,1.0,correct,01,1,9,first_180_seconds,84.6225967407,27.5013484955,0,0,209.32221009,0.392510205507
PURE_CHECKPOINT/Eval_On_TOKYOTECH,TOKYOTECH,old,TOKYOTECH_s01,79,window,2370,2610,79.0,87.0,180,94.0,95.0,-1.0,1.0,1.0526315789473684,-0.6117258312391913,nan,240,0.0485144881077152,0.8639111358027123,-0.00250563185797167,0.7911974706748257,1.0,correct,01,1,9,first_180_seconds,84.6225967407,27.5013484955,0,0,209.32221009,0.392510205507
PURE_CHECKPOINT/Eval_On_TOKYOTECH,TOKYOTECH,old,TOKYOTECH_s01,80,window,2400,2640,80.0,88.0,180,97.0,95.0,2.0,2.0,2.1052631578947367,-0.5815686193993781,nan,240,0.06364843213344405,0.8785112932043174,-0.008395478150122695,0.8640898772129944,1.0,correct,01,1,9,first_180_seconds,84.6225967407,27.5013484955,0,0,209.32221009,0.392510205507
PURE_CHECKPOINT/Eval_On_TOKYOTECH,TOKYOTECH,old,TOKYOTECH_s01,81,window,2430,2670,81.0,89.0,180,95.0,95.0,0.0,0.0,0.0,-0.6491181921735233,nan,240,0.01641769630869021,0.8812392043981636,0.03370244753375126,0.8980851756251717,1.0,correct,01,1,9,first_180_seconds,84.6225967407,27.5013484955,0,0,209.32221009,0.392510205507
PURE_CHECKPOINT/Eval_On_TOKYOTECH,TOKYOTECH,old,TOKYOTECH_s01,82,window,2460,2700,82.0,90.0,180,94.0,94.0,0.0,0.0,0.0,-0.526373124401291,nan,240,0.047896921578406665,0.9165736780583802,-0.016070702921605413,0.8037749031933381,1.0,correct,01,1,9,first_180_seconds,84.6225967407,27.5013484955,0,0,209.32221009,0.392510205507
PURE_CHECKPOINT/Eval_On_TOKYOTECH,TOKYOTECH,old,TOKYOTECH_s01,83,window,2490,2730,83.0,91.0,180,93.0,94.0,-1.0,1.0,1.0638297872340425,-0.6166992423472227,nan,240,0.007375721066394666,0.9028430001135846,0.018544882677065964,0.8627066929658949,1.0,correct,01,1,9,first_180_seconds,84.6225967407,27.5013484955,0,0,209.32221009,0.392510205507
PURE_CHECKPOINT/Eval_On_TOKYOTECH,TOKYOTECH,old,TOKYOTECH_s01,84,window,2520,2760,84.0,92.0,180,92.0,93.0,-1.0,1.0,1.0752688172043012,-0.5227003576607685,nan,240,0.05330766664070931,0.9110045827221733,-0.0032544262434609987,0.7586125759290964,1.0,correct,01,1,9,first_180_seconds,84.6225967407,27.5013484955,0,0,209.32221009,0.392510205507
PURE_CHECKPOINT/Eval_On_TOKYOTECH,TOKYOTECH,old,TOKYOTECH_s01,85,window,2550,2790,85.0,93.0,180,94.0,93.0,1.0,1.0,1.0752688172043012,-0.5358402782192796,nan,240,0.0072841686152969485,0.9147471193283404,-0.012507559466955163,0.799919825899475,1.0,correct,01,1,9,first_180_seconds,84.6225967407,27.5013484955,0,0,209.32221009,0.392510205507
PURE_CHECKPOINT/Eval_On_TOKYOTECH,TOKYOTECH,old,TOKYOTECH_s01,86,window,2580,2820,86.0,94.0,180,92.0,93.0,-1.0,1.0,1.0752688172043012,-0.5680274045605481,nan,240,0.014627511129462315,0.8835185741911215,-0.021034177558802807,0.8140592362416081,1.0,correct,01,1,9,first_180_seconds,84.6225967407,27.5013484955,0,0,209.32221009,0.392510205507
PURE_CHECKPOINT/Eval_On_TOKYOTECH,TOKYOTECH,old,TOKYOTECH_s01,87,window,2610,2850,87.0,95.0,180,95.0,93.0,2.0,2.0,2.1505376344086025,-0.5424646403964688,nan,240,0.022757084308250342,0.9181256281337913,-0.010002818659490643,0.7746291680104906,1.0,correct,01,1,9,first_180_seconds,84.6225967407,27.5013484955,0,0,209.32221009,0.392510205507
PURE_CHECKPOINT/Eval_On_TOKYOTECH,TOKYOTECH,old,TOKYOTECH_s01,88,window,2640,2880,88.0,96.0,180,93.0,93.0,0.0,0.0,0.0,-0.6636434678768964,nan,240,0.0037810805811507938,0.9080497703192556,-0.0004477263437381002,0.8646935432367291,1.0,correct,01,1,9,first_180_seconds,84.6225967407,27.5013484955,0,0,209.32221009,0.392510205507
PURE_CHECKPOINT/Eval_On_TOKYOTECH,TOKYOTECH,old,TOKYOTECH_s01,89,window,2670,2910,89.0,97.0,180,92.0,93.0,-1.0,1.0,1.0752688172043012,-0.6471995263262816,nan,240,0.049868896080200405,0.9070147957279028,0.0032413747600189948,0.917981821170472,1.0,correct,01,1,9,first_180_seconds,84.6225967407,27.5013484955,0,0,209.32221009,0.392510205507
PURE_CHECKPOINT/Eval_On_TOKYOTECH,TOKYOTECH,old,TOKYOTECH_s01,90,window,2700,2940,90.0,98.0,180,91.0,93.0,-2.0,2.0,2.1505376344086025,-0.6311277995764765,nan,240,0.01571530717794,0.8867820096580652,-0.005014163189834651,0.9196070801592497,1.0,correct,01,1,9,first_180_seconds,84.6225967407,27.5013484955,0,0,209.32221009,0.392510205507
PURE_CHECKPOINT/Eval_On_TOKYOTECH,TOKYOTECH,old,TOKYOTECH_s01,91,window,2730,2970,91.0,99.0,180,91.0,92.0,-1.0,1.0,1.0869565217391304,-0.5971426044874423,nan,240,0.06065314513854598,0.913781292373386,0.02316517162566147,0.9202160284354591,1.0,correct,01,1,9,first_180_seconds,84.6225967407,27.5013484955,0,0,209.32221009,0.392510205507
PURE_CHECKPOINT/Eval_On_TOKYOTECH,TOKYOTECH,old,TOKYOTECH_s01,92,window,2760,3000,92.0,100.0,180,92.0,92.0,0.0,0.0,0.0,-0.6594106703647772,nan,240,-0.0015033273097136166,0.9098071476696619,0.008111360908794081,0.8985671953100182,1.0,correct,01,1,9,first_180_seconds,84.6225967407,27.5013484955,0,0,209.32221009,0.392510205507
PURE_CHECKPOINT/Eval_On_TOKYOTECH,TOKYOTECH,old,TOKYOTECH_s01,93,window,2790,3030,93.0,101.0,180,91.0,92.0,-1.0,1.0,1.0869565217391304,-0.6295065096132615,nan,240,0.017579650774814583,0.9047833452376983,0.01326150947609636,0.9042063560362535,1.0,correct,01,1,9,first_180_seconds,84.6225967407,27.5013484955,0,0,209.32221009,0.392510205507
PURE_CHECKPOINT/Eval_On_TOKYOTECH,TOKYOTECH,old,TOKYOTECH_s01,94,window,2820,3060,94.0,102.0,180,94.0,92.0,2.0,2.0,2.1739130434782608,-0.6332770505676869,nan,240,-0.010603381603429322,0.907225094834646,0.0024141439649210932,0.9014998596884108,1.0,correct,01,1,9,first_180_seconds,84.6225967407,27.5013484955,0,0,209.32221009,0.392510205507
PURE_CHECKPOINT/Eval_On_TOKYOTECH,TOKYOTECH,old,TOKYOTECH_s01,95,window,2850,3090,95.0,103.0,180,93.0,93.0,0.0,0.0,0.0,-0.6315926561316696,nan,240,0.014869191904729935,0.8937249498188099,-0.019926114875872872,0.9205585326008836,1.0,correct,01,1,9,first_180_seconds,84.6225967407,27.5013484955,0,0,209.32221009,0.392510205507
PURE_CHECKPOINT/Eval_On_TOKYOTECH,TOKYOTECH,old,TOKYOTECH_s01,96,window,2880,3120,96.0,104.0,180,96.0,94.0,2.0,2.0,2.127659574468085,-0.5560749212880292,nan,240,0.025598475269801687,0.9169371450804484,-0.012330858072681163,0.9045462006873305,1.0,correct,01,1,9,first_180_seconds,84.6225967407,27.5013484955,0,0,209.32221009,0.392510205507
PURE_CHECKPOINT/Eval_On_TOKYOTECH,TOKYOTECH,old,TOKYOTECH_s01,97,window,2910,3150,97.0,105.0,180,94.0,94.0,0.0,0.0,0.0,-0.6174007073561416,nan,240,0.0071525851572156775,0.9003399308414868,0.011930500254385419,0.8346222206283354,1.0,correct,01,1,9,first_180_seconds,84.6225967407,27.5013484955,0,0,209.32221009,0.392510205507
PURE_CHECKPOINT/Eval_On_TOKYOTECH,TOKYOTECH,old,TOKYOTECH_s01,98,window,2940,3180,98.0,106.0,180,97.0,95.0,2.0,2.0,2.1052631578947367,-0.5590608181972406,nan,240,0.05701682963602555,0.9127509371549045,-0.016048203959267482,0.8556173237356627,1.0,correct,01,1,9,first_180_seconds,84.6225967407,27.5013484955,0,0,209.32221009,0.392510205507
PURE_CHECKPOINT/Eval_On_TOKYOTECH,TOKYOTECH,old,TOKYOTECH_s01,99,window,2970,3210,99.0,107.0,180,96.0,96.0,0.0,0.0,0.0,-0.6731130835901455,nan,240,0.020517674990696833,0.8847088980043345,0.03097563603046409,0.9117743590386874,1.0,correct,01,1,9,first_180_seconds,84.6225967407,27.5013484955,0,0,209.32221009,0.392510205507
PURE_CHECKPOINT/Eval_On_TOKYOTECH,TOKYOTECH,old,TOKYOTECH_s01,100,window,3000,3240,100.0,108.0,180,97.0,96.0,1.0,1.0,1.0416666666666665,-0.6037925342694669,nan,240,0.06334243744010261,0.8891385459146837,-0.03635758985278528,0.8583717608410738,1.0,correct,01,1,9,first_180_seconds,84.6225967407,27.5013484955,0,0,209.32221009,0.392510205507
PURE_CHECKPOINT/Eval_On_TOKYOTECH,TOKYOTECH,old,TOKYOTECH_s01,101,window,3030,3270,101.0,109.0,180,97.0,96.0,1.0,1.0,1.0416666666666665,-0.6746338364969037,nan,240,0.05074290403572377,0.9000707122184647,0.012062885843930844,0.8968978807892926,1.0,correct,01,1,9,first_180_seconds,84.6225967407,27.5013484955,0,0,209.32221009,0.392510205507
PURE_CHECKPOINT/Eval_On_TOKYOTECH,TOKYOTECH,old,TOKYOTECH_s01,102,window,3060,3300,102.0,110.0,180,96.0,96.0,0.0,0.0,0.0,-0.6249863362788567,nan,240,0.0660295975889312,0.8919346644583298,-0.016321950716413368,0.8156691539824669,1.0,correct,01,1,9,first_180_seconds,84.6225967407,27.5013484955,0,0,209.32221009,0.392510205507
PURE_CHECKPOINT/Eval_On_TOKYOTECH,TOKYOTECH,old,TOKYOTECH_s01,103,window,3090,3330,103.0,111.0,180,96.0,95.0,1.0,1.0,1.0526315789473684,-0.6758571228888673,nan,240,0.05018456869681055,0.9032348857715374,-0.009411275210134868,0.8726972670609165,1.0,correct,01,1,9,first_180_seconds,84.6225967407,27.5013484955,0,0,209.32221009,0.392510205507
PURE_CHECKPOINT/Eval_On_TOKYOTECH,TOKYOTECH,old,TOKYOTECH_s01,104,window,3120,3360,104.0,112.0,180,94.0,94.0,0.0,0.0,0.0,-0.6685234416668955,nan,240,0.04053946965626286,0.8871196115401039,0.010869152440163676,0.8961958716546687,1.0,correct,01,1,9,first_180_seconds,84.6225967407,27.5013484955,0,0,209.32221009,0.392510205507
PURE_CHECKPOINT/Eval_On_TOKYOTECH,TOKYOTECH,old,TOKYOTECH_s01,105,window,3150,3390,105.0,113.0,180,93.0,94.0,-1.0,1.0,1.0638297872340425,-0.6588231210757926,nan,240,0.0636056095449021,0.9030113271253051,-0.003697997101590571,0.9077028573684996,1.0,correct,01,1,9,first_180_seconds,84.6225967407,27.5013484955,0,0,209.32221009,0.392510205507
PURE_CHECKPOINT/Eval_On_TOKYOTECH,TOKYOTECH,old,TOKYOTECH_s01,106,window,3180,3420,106.0,114.0,180,92.0,93.0,-1.0,1.0,1.0752688172043012,-0.645740829153795,nan,240,-0.006162296801630873,0.8997514556820649,0.005523720416585069,0.9157550561504109,1.0,correct,01,1,9,first_180_seconds,84.6225967407,27.5013484955,0,0,209.32221009,0.392510205507
PURE_CHECKPOINT/Eval_On_TOKYOTECH,TOKYOTECH,old,TOKYOTECH_s01,107,window,3210,3450,107.0,115.0,180,91.0,93.0,-2.0,2.0,2.1505376344086025,-0.5996348576014685,nan,240,0.01770762729041356,0.9178337486347988,0.010859618690245699,0.8697211844523821,1.0,correct,01,1,9,first_180_seconds,84.6225967407,27.5013484955,0,0,209.32221009,0.392510205507
PURE_CHECKPOINT/Eval_On_TOKYOTECH,TOKYOTECH,old,TOKYOTECH_s01,108,window,3240,3480,108.0,116.0,180,93.0,93.0,0.0,0.0,0.0,-0.5852711294327414,nan,240,-0.018261084184147573,0.9177213715448562,-0.0009992496253316732,0.8041769615842664,1.0,correct,01,1,9,first_180_seconds,84.6225967407,27.5013484955,0,0,209.32221009,0.392510205507
PURE_CHECKPOINT/Eval_On_TOKYOTECH,TOKYOTECH,old,TOKYOTECH_s01,109,window,3270,3510,109.0,117.0,180,92.0,93.0,-1.0,1.0,1.0752688172043012,-0.5852626861776574,nan,240,0.002926765527323975,0.9023896699801657,-0.028568218558695326,0.8205065510378512,1.0,correct,01,1,9,first_180_seconds,84.6225967407,27.5013484955,0,0,209.32221009,0.392510205507
PURE_CHECKPOINT/Eval_On_TOKYOTECH,TOKYOTECH,old,TOKYOTECH_s01,110,window,3300,3540,110.0,118.0,180,95.0,94.0,1.0,1.0,1.0638297872340425,-0.5935705919525815,nan,240,0.01833093535339382,0.9295307442413531,-0.016588974259118535,0.85730043733514,1.0,correct,01,1,9,first_180_seconds,84.6225967407,27.5013484955,0,0,209.32221009,0.392510205507
PURE_CHECKPOINT/Eval_On_TOKYOTECH,TOKYOTECH,old,TOKYOTECH_s01,111,window,3330,3570,111.0,119.0,180,95.0,95.0,0.0,0.0,0.0,-0.6742320852888575,nan,240,0.0027036289136352326,0.9080891603928546,0.043013392169960356,0.8891234267434454,1.0,correct,01,1,9,first_180_seconds,84.6225967407,27.5013484955,0,0,209.32221009,0.392510205507
PURE_CHECKPOINT/Eval_On_TOKYOTECH,TOKYOTECH,old,TOKYOTECH_s01,112,window,3360,3600,112.0,120.0,180,97.0,95.0,2.0,2.0,2.1052631578947367,-0.6258271021641273,nan,240,0.060203590592815694,0.9188690751338219,-0.03595878421704082,0.9104665317371494,1.0,correct,01,1,9,first_180_seconds,84.6225967407,27.5013484955,0,0,209.32221009,0.392510205507
PURE_CHECKPOINT/Eval_On_TOKYOTECH,TOKYOTECH,old,TOKYOTECH_s01,113,window,3390,3630,113.0,121.0,180,97.0,96.0,1.0,1.0,1.0416666666666665,-0.6499033222235391,nan,240,0.025674111962143798,0.9010915399954577,0.029076955682466106,0.897319380015485,1.0,correct,01,1,9,first_180_seconds,84.6225967407,27.5013484955,0,0,209.32221009,0.392510205507
PURE_CHECKPOINT/Eval_On_TOKYOTECH,TOKYOTECH,old,TOKYOTECH_s01,114,window,3420,3660,114.0,122.0,180,97.0,95.0,2.0,2.0,2.1052631578947367,-0.6259003809117488,nan,240,0.09039190242571446,0.8929712741268176,-0.018520922800781898,0.9041642921089927,1.0,correct,01,1,9,first_180_seconds,84.6225967407,27.5013484955,0,0,209.32221009,0.392510205507
PURE_CHECKPOINT/Eval_On_TOKYOTECH,TOKYOTECH,old,TOKYOTECH_s01,115,window,3450,3690,115.0,123.0,180,97.0,94.0,3.0,3.0,3.1914893617021276,-0.6351106595144282,nan,240,0.03286519618704915,0.8955988368608145,0.01875297524425931,0.9100033013012899,1.0,correct,01,1,9,first_180_seconds,84.6225967407,27.5013484955,0,0,209.32221009,0.392510205507
PURE_CHECKPOINT/Eval_On_TOKYOTECH,TOKYOTECH,old,TOKYOTECH_s01,116,window,3480,3720,116.0,124.0,180,91.0,92.0,-1.0,1.0,1.0869565217391304,-0.6643725703271525,nan,240,0.047634409305950004,0.9120553896378039,0.004240275656713944,0.9257282896529099,1.0,correct,01,1,9,first_180_seconds,84.6225967407,27.5013484955,0,0,209.32221009,0.392510205507
PURE_CHECKPOINT/Eval_On_TOKYOTECH,TOKYOTECH,old,TOKYOTECH_s01,117,window,3510,3750,117.0,125.0,180,81.0,90.0,-9.0,9.0,10.0,-0.6184293922076803,nan,240,0.0027252832776866855,0.9109207824151618,-0.026538684149451524,0.8965221949534957,1.0,large_error,01,1,9,first_180_seconds,84.6225967407,27.5013484955,0,0,209.32221009,0.392510205507
PURE_CHECKPOINT/Eval_On_TOKYOTECH,TOKYOTECH,old,TOKYOTECH_s01,118,window,3540,3780,118.0,126.0,180,86.0,87.0,-1.0,1.0,1.1494252873563218,-0.6233609170958689,nan,240,-0.06273706331461047,0.9152333275088416,0.015185948726278908,0.8918231457814866,1.0,correct,01,1,9,first_180_seconds,84.6225967407,27.5013484955,0,0,209.32221009,0.392510205507
PURE_CHECKPOINT/Eval_On_TOKYOTECH,TOKYOTECH,old,TOKYOTECH_s01,119,window,3570,3810,119.0,127.0,180,83.0,85.0,-2.0,2.0,2.3529411764705883,-0.5920714724305403,nan,240,-0.03517323750614499,0.9484948396626978,0.009074943480155676,0.9261033649525018,1.0,correct,01,1,9,first_180_seconds,84.6225967407,27.5013484955,0,0,209.32221009,0.392510205507
PURE_CHECKPOINT/Eval_On_TOKYOTECH,TOKYOTECH,old,TOKYOTECH_s01,120,window,3600,3840,120.0,128.0,180,82.0,83.0,-1.0,1.0,1.2048192771084338,-0.6520349887297779,nan,240,-0.09935074010475849,0.9370633136654756,-0.039841655259878414,0.9565770316543505,1.0,correct,01,1,9,first_180_seconds,84.6225967407,27.5013484955,0,0,209.32221009,0.392510205507
PURE_CHECKPOINT/Eval_On_TOKYOTECH,TOKYOTECH,old,TOKYOTECH_s01,121,window,3630,3870,121.0,129.0,180,82.0,82.0,0.0,0.0,0.0,-0.7048583221301133,nan,240,-0.09407141422464822,0.9634167509095032,0.009646916701503668,0.9022215109930475,1.0,correct,01,1,9,first_180_seconds,84.6225967407,27.5013484955,0,0,209.32221009,0.392510205507
PURE_CHECKPOINT/Eval_On_TOKYOTECH,TOKYOTECH,old,TOKYOTECH_s01,122,window,3660,3900,122.0,130.0,180,82.0,81.0,1.0,1.0,1.2345679012345678,-0.6461504032035734,nan,240,-0.1002952986843108,0.9958701731827689,0.014169338510349546,0.9320877371503735,1.0,correct,01,1,9,first_180_seconds,84.6225967407,27.5013484955,0,0,209.32221009,0.392510205507
PURE_CHECKPOINT/Eval_On_TOKYOTECH,TOKYOTECH,old,TOKYOTECH_s01,123,window,3690,3930,123.0,131.0,180,80.0,80.0,0.0,0.0,0.0,-0.6127354163041268,nan,240,-0.04115987149610494,0.9980126012210865,-0.02463333477727474,0.9477567573420116,1.0,correct,01,1,9,first_180_seconds,84.6225967407,27.5013484955,0,0,209.32221009,0.392510205507
PURE_CHECKPOINT/Eval_On_TOKYOTECH,TOKYOTECH,old,TOKYOTECH_s01,124,window,3720,3960,124.0,132.0,180,78.0,79.0,-1.0,1.0,1.2658227848101267,-0.5544714135172898,nan,240,-0.05292362534673885,0.9911248807473182,-0.0007801605822759572,0.9258752066907849,1.0,correct,01,1,9,first_180_seconds,84.6225967407,27.5013484955,0,0,209.32221009,0.392510205507
PURE_CHECKPOINT/Eval_On_TOKYOTECH,TOKYOTECH,old,TOKYOTECH_s01,125,window,3750,3990,125.0,133.0,180,77.0,77.0,0.0,0.0,0.0,-0.585023676012905,nan,240,-0.05769203109278654,1.0139705099026488,0.019618524674953345,0.8734479397280229,1.0,correct,01,1,9,first_180_seconds,84.6225967407,27.5013484955,0,0,209.32221009,0.392510205507
PURE_CHECKPOINT/Eval_On_TOKYOTECH,TOKYOTECH,old,TOKYOTECH_s01,126,window,3780,4020,126.0,134.0,180,75.0,76.0,-1.0,1.0,1.3157894736842104,-0.5809748343445508,nan,240,0.031312426214572045,1.0253085311546424,-0.0032226630773883372,0.9364062366293718,1.0,correct,01,1,9,first_180_seconds,84.6225967407,27.5013484955,0,0,209.32221009,0.392510205507
PURE_CHECKPOINT/Eval_On_TOKYOTECH,TOKYOTECH,old,TOKYOTECH_s01,127,window,3810,4050,127.0,135.0,180,75.0,75.0,0.0,0.0,0.0,-0.6689226900474576,nan,240,0.015715475023413698,1.0033129502537386,0.017162557517219405,0.9518314371536469,1.0,correct,01,1,9,first_180_seconds,84.6225967407,27.5013484955,0,0,209.32221009,0.392510205507
PURE_CHECKPOINT/Eval_On_TOKYOTECH,TOKYOTECH,old,TOKYOTECH_s01,128,window,3840,4080,128.0,136.0,180,74.0,75.0,-1.0,1.0,1.3333333333333335,-0.5724585248234879,nan,240,0.0061222209750364225,1.0150444912232446,-0.03312210170655871,0.9298475689326574,1.0,correct,01,1,9,first_180_seconds,84.6225967407,27.5013484955,0,0,209.32221009,0.392510205507
PURE_CHECKPOINT/Eval_On_TOKYOTECH,TOKYOTECH,old,TOKYOTECH_s01,129,window,3870,4110,129.0,137.0,180,75.0,75.0,0.0,0.0,0.0,-0.6039241515657432,nan,240,-0.003925018214310209,1.0147497238299836,0.006209272464986171,0.927810915069889,1.0,correct,01,1,9,first_180_seconds,84.6225967407,27.5013484955,0,0,209.32221009,0.392510205507
PURE_CHECKPOINT/Eval_On_TOKYOTECH,TOKYOTECH,old,TOKYOTECH_s01,130,window,3900,4140,130.0,138.0,180,75.0,75.0,0.0,0.0,0.0,-0.5896852200992235,nan,240,-0.0009819067548960448,1.0246815539346559,0.0037080199492097892,0.939114998524097,1.0,correct,01,1,9,first_180_seconds,84.6225967407,27.5013484955,0,0,209.32221009,0.392510205507
PURE_CHECKPOINT/Eval_On_TOKYOTECH,TOKYOTECH,old,TOKYOTECH_s01,131,window,3930,4170,131.0,139.0,180,75.0,75.0,0.0,0.0,0.0,-0.7041694843314552,nan,240,-0.01164195390107731,1.0238479850622324,0.018357426001858693,0.9534625648780882,1.0,correct,01,1,9,first_180_seconds,84.6225967407,27.5013484955,0,0,209.32221009,0.392510205507
PURE_CHECKPOINT/Eval_On_TOKYOTECH,TOKYOTECH,old,TOKYOTECH_s01,132,window,3960,4200,132.0,140.0,180,74.0,75.0,-1.0,1.0,1.3333333333333335,-0.5738369940622683,nan,240,-0.0121000403072685,1.0145176321888858,-0.02738733659853893,0.9609903656721885,1.0,correct,01,1,9,first_180_seconds,84.6225967407,27.5013484955,0,0,209.32221009,0.392510205507
PURE_CHECKPOINT/Eval_On_TOKYOTECH,TOKYOTECH,old,TOKYOTECH_s01,133,window,3990,4230,133.0,141.0,180,74.0,74.0,0.0,0.0,0.0,-0.6386547378995946,nan,240,-0.013974554332283637,1.0129301400211563,0.0006953158994429942,0.9447565826794463,1.0,correct,01,1,9,first_180_seconds,84.6225967407,27.5013484955,0,0,209.32221009,0.392510205507
PURE_CHECKPOINT/Eval_On_TOKYOTECH,TOKYOTECH,old,TOKYOTECH_s01,134,window,4020,4260,134.0,142.0,180,74.0,74.0,0.0,0.0,0.0,-0.6187097646844897,nan,240,-0.030651261440167825,1.0162206996995917,0.008144967425091916,0.9533698468973556,1.0,correct,01,1,9,first_180_seconds,84.6225967407,27.5013484955,0,0,209.32221009,0.392510205507
PURE_CHECKPOINT/Eval_On_TOKYOTECH,TOKYOTECH,old,TOKYOTECH_s01,135,window,4050,4290,135.0,143.0,180,75.0,74.0,1.0,1.0,1.3513513513513513,-0.7315159638815706,nan,240,-0.031489502910214164,1.0096222543782007,0.02204295218706576,0.952246705055363,1.0,correct,01,1,9,first_180_seconds,84.6225967407,27.5013484955,0,0,209.32221009,0.392510205507
PURE_CHECKPOINT/Eval_On_TOKYOTECH,TOKYOTECH,old,TOKYOTECH_s01,136,window,4080,4320,136.0,144.0,180,75.0,75.0,0.0,0.0,0.0,-0.7246242468240657,nan,240,-0.030427797348238528,1.005801802432791,-0.005906276040900582,0.9291398742671595,1.0,correct,01,1,9,first_180_seconds,84.6225967407,27.5013484955,0,0,209.32221009,0.392510205507
PURE_CHECKPOINT/Eval_On_TOKYOTECH,TOKYOTECH,old,TOKYOTECH_s01,137,window,4110,4350,137.0,145.0,180,79.0,77.0,2.0,2.0,2.5974025974025974,-0.5693239443095464,nan,240,0.02242418654107799,1.0186012637730066,-0.021439579932738696,0.8777258556227491,1.0,correct,01,1,9,first_180_seconds,84.6225967407,27.5013484955,0,0,209.32221009,0.392510205507
PURE_CHECKPOINT/Eval_On_TOKYOTECH,TOKYOTECH,old,TOKYOTECH_s01,138,window,4140,4380,138.0,146.0,180,78.0,78.0,0.0,0.0,0.0,-0.6174941206819144,nan,240,0.008163104423632224,0.9766940461240924,-0.004577482425728826,0.9343450992049507,1.0,correct,01,1,9,first_180_seconds,84.6225967407,27.5013484955,0,0,209.32221009,0.392510205507
PURE_CHECKPOINT/Eval_On_TOKYOTECH,TOKYOTECH,old,TOKYOTECH_s01,139,window,4170,4410,139.0,147.0,180,76.0,79.0,-3.0,3.0,3.79746835443038,-0.5405658160519817,nan,240,-0.01792227503222724,0.9805223825522534,-0.0006571535758791158,0.8885763598271307,1.0,correct,01,1,9,first_180_seconds,84.6225967407,27.5013484955,0,0,209.32221009,0.392510205507
PURE_CHECKPOINT/Eval_On_TOKYOTECH,TOKYOTECH,old,TOKYOTECH_s01,140,window,4200,4440,140.0,148.0,180,80.0,79.0,1.0,1.0,1.2658227848101267,-0.6962765508938327,nan,240,-0.030145429788778225,0.9962954110690362,0.02236914949917692,0.9433864216011921,1.0,correct,01,1,9,first_180_seconds,84.6225967407,27.5013484955,0,0,209.32221009,0.392510205507
PURE_CHECKPOINT/Eval_On_TOKYOTECH,TOKYOTECH,old,TOKYOTECH_s01,141,window,4230,4470,141.0,149.0,180,77.0,78.0,-1.0,1.0,1.282051282051282,-0.6673990523389159,nan,240,0.01609562597004697,1.007275040181402,-0.005245714333279093,0.9353159733895481,1.0,correct,01,1,9,first_180_seconds,84.6225967407,27.5013484955,0,0,209.32221009,0.392510205507
PURE_CHECKPOINT/Eval_On_TOKYOTECH,TOKYOTECH,old,TOKYOTECH_s01,142,window,4260,4500,142.0,150.0,180,75.0,77.0,-2.0,2.0,2.5974025974025974,-0.5992649540718796,nan,240,-0.01844566462483878,0.9742675743659484,0.011169261592064987,0.9442815628959571,1.0,correct,01,1,9,first_180_seconds,84.6225967407,27.5013484955,0,0,209.32221009,0.392510205507
PURE_CHECKPOINT/Eval_On_TOKYOTECH,TOKYOTECH,old,TOKYOTECH_s01,143,window,4290,4530,143.0,151.0,180,75.0,76.0,-1.0,1.0,1.3157894736842104,-0.5987428265236402,nan,240,-0.063831252794868,0.9990188158483415,-0.005380339983492482,0.8981866960655389,1.0,correct,01,1,9,first_180_seconds,84.6225967407,27.5013484955,0,0,209.32221009,0.392510205507
PURE_CHECKPOINT/Eval_On_TOKYOTECH,TOKYOTECH,old,TOKYOTECH_s01,144,window,4320,4560,144.0,152.0,180,76.0,76.0,0.0,0.0,0.0,-0.35170948630159155,nan,240,-0.04661754052697991,1.0244884401392322,0.007439230036640363,0.8597836275320426,1.0,correct,01,1,9,first_180_seconds,84.6225967407,27.5013484955,0,0,209.32221009,0.392510205507
PURE_CHECKPOINT/Eval_On_TOKYOTECH,TOKYOTECH,old,TOKYOTECH_s01,145,window,4350,4590,145.0,153.0,180,75.0,76.0,-1.0,1.0,1.3157894736842104,-0.4717734830912664,nan,240,-0.06201695030322298,1.005472858169848,0.00917228769550069,0.9188003055836447,1.0,correct,01,1,9,first_180_seconds,84.6225967407,27.5013484955,0,0,209.32221009,0.392510205507
PURE_CHECKPOINT/Eval_On_TOKYOTECH,TOKYOTECH,old,TOKYOTECH_s01,146,window,4380,4620,146.0,154.0,180,76.0,77.0,-1.0,1.0,1.2987012987012987,-0.5690531085608352,nan,240,-0.08615988987730816,1.0098894055177239,-0.003149080886996634,0.92948345500001,1.0,correct,01,1,9,first_180_seconds,84.6225967407,27.5013484955,0,0,209.32221009,0.392510205507
PURE_CHECKPOINT/Eval_On_TOKYOTECH,TOKYOTECH,old,TOKYOTECH_s01,147,window,4410,4650,147.0,155.0,180,80.0,78.0,2.0,2.0,2.564102564102564,-0.5055204637516103,nan,240,-0.038804132661122516,1.0341114437700358,0.0074835667062991005,0.9255804890987807,1.0,correct,01,1,9,first_180_seconds,84.6225967407,27.5013484955,0,0,209.32221009,0.392510205507
PURE_CHECKPOINT/Eval_On_TOKYOTECH,TOKYOTECH,old,TOKYOTECH_s01,148,window,4440,4680,148.0,156.0,180,81.0,79.0,2.0,2.0,2.5316455696202533,-0.549262647487992,nan,240,0.0016685026397074882,1.0230610559285298,-0.009282282172878586,0.9244358937142108,1.0,correct,01,1,9,first_180_seconds,84.6225967407,27.5013484955,0,0,209.32221009,0.392510205507
PURE_CHECKPOINT/Eval_On_TOKYOTECH,TOKYOTECH,old,TOKYOTECH_s01,149,window,4470,4710,149.0,157.0,180,78.0,79.0,-1.0,1.0,1.2658227848101267,-0.5767590527722846,nan,240,-0.03153774027693241,1.0006385831550841,-0.02853167799498987,0.9448008123413144,1.0,correct,01,1,9,first_180_seconds,84.6225967407,27.5013484955,0,0,209.32221009,0.392510205507
PURE_CHECKPOINT/Eval_On_TOKYOTECH,TOKYOTECH,old,TOKYOTECH_s01,150,window,4500,4740,150.0,158.0,180,79.0,79.0,0.0,0.0,0.0,-0.5449933790842693,nan,240,-0.05579159260863283,1.0196892231979313,0.022441288155352606,0.9183900731894568,1.0,correct,01,1,9,first_180_seconds,84.6225967407,27.5013484955,0,0,209.32221009,0.392510205507
PURE_CHECKPOINT/Eval_On_TOKYOTECH,TOKYOTECH,old,TOKYOTECH_s01,151,window,4530,4770,151.0,159.0,180,79.0,78.0,1.0,1.0,1.282051282051282,-0.6006034768259635,nan,240,-0.009145770535299864,1.039641998735511,0.0014764951345196582,0.9141468780688393,1.0,correct,01,1,9,first_180_seconds,84.6225967407,27.5013484955,0,0,209.32221009,0.392510205507
PURE_CHECKPOINT/Eval_On_TOKYOTECH,TOKYOTECH,old,TOKYOTECH_s01,152,window,4560,4800,152.0,160.0,180,75.0,77.0,-2.0,2.0,2.5974025974025974,-0.5473388793441403,nan,240,-0.004213293365319259,1.0134234685055419,0.014010558188161208,0.935338658652973,1.0,correct,01,1,9,first_180_seconds,84.6225967407,27.5013484955,0,0,209.32221009,0.392510205507
PURE_CHECKPOINT/Eval_On_TOKYOTECH,TOKYOTECH,old,TOKYOTECH_s01,153,window,4590,4830,153.0,161.0,180,75.0,76.0,-1.0,1.0,1.3157894736842104,-0.5545063462721718,nan,240,-0.03645561743954507,1.0109711051789663,-0.023989992049297793,0.9415664172208348,1.0,correct,01,1,9,first_180_seconds,84.6225967407,27.5013484955,0,0,209.32221009,0.392510205507
PURE_CHECKPOINT/Eval_On_TOKYOTECH,TOKYOTECH,old,TOKYOTECH_s01,154,window,4620,4860,154.0,162.0,180,75.0,76.0,-1.0,1.0,1.3157894736842104,-0.608311820754801,nan,240,-0.014974079558548207,1.0316810166059422,-0.002629111702652364,0.933941683078949,1.0,correct,01,1,9,first_180_seconds,84.6225967407,27.5013484955,0,0,209.32221009,0.392510205507
PURE_CHECKPOINT/Eval_On_TOKYOTECH,TOKYOTECH,old,TOKYOTECH_s01,155,window,4650,4890,155.0,163.0,180,76.0,77.0,-1.0,1.0,1.2987012987012987,-0.5834347838452664,nan,240,-0.002122532602516003,1.0165321741993603,-0.004192888729530986,0.9139805615780178,1.0,correct,01,1,9,first_180_seconds,84.6225967407,27.5013484955,0,0,209.32221009,0.392510205507
PURE_CHECKPOINT/Eval_On_TOKYOTECH,TOKYOTECH,old,TOKYOTECH_s01,156,window,4680,4920,156.0,164.0,180,76.0,78.0,-2.0,2.0,2.564102564102564,-0.46969830154436415,nan,240,-0.021149234313634226,1.013489482641994,-0.01907253348752438,0.9329768666656068,1.0,correct,01,1,9,first_180_seconds,84.6225967407,27.5013484955,0,0,209.32221009,0.392510205507
PURE_CHECKPOINT/Eval_On_TOKYOTECH,TOKYOTECH,old,TOKYOTECH_s01,157,window,4710,4950,157.0,165.0,180,79.0,79.0,0.0,0.0,0.0,-0.523256725156425,nan,240,-0.0011284242723680411,1.0286395617805653,0.02125457146904929,0.8993585283967398,1.0,correct,01,1,9,first_180_seconds,84.6225967407,27.5013484955,0,0,209.32221009,0.392510205507
PURE_CHECKPOINT/Eval_On_TOKYOTECH,TOKYOTECH,old,TOKYOTECH_s01,158,window,4740,4980,158.0,166.0,180,81.0,79.0,2.0,2.0,2.5316455696202533,-0.43703341728833994,nan,240,0.05907477756360701,1.0301775761333474,-0.008478596092871434,0.8734000538635792,1.0,correct,01,1,9,first_180_seconds,84.6225967407,27.5013484955,0,0,209.32221009,0.392510205507
PURE_CHECKPOINT/Eval_On_TOKYOTECH,TOKYOTECH,old,TOKYOTECH_s01,159,window,4770,5010,159.0,167.0,180,78.0,79.0,-1.0,1.0,1.2658227848101267,-0.5386824274625905,nan,240,0.04014126700834216,1.0050127789577512,-0.012774495650033196,0.8742840809704836,1.0,correct,01,1,9,first_180_seconds,84.6225967407,27.5013484955,0,0,209.32221009,0.392510205507
PURE_CHECKPOINT/Eval_On_TOKYOTECH,TOKYOTECH,old,TOKYOTECH_s01,160,window,4800,5040,160.0,168.0,180,77.0,78.0,-1.0,1.0,1.282051282051282,-0.5922499194419502,nan,240,-0.0007848608181423818,1.024058603349745,-0.002638549170701492,0.9178535480126647,1.0,correct,01,1,9,first_180_seconds,84.6225967407,27.5013484955,0,0,209.32221009,0.392510205507
PURE_CHECKPOINT/Eval_On_TOKYOTECH,TOKYOTECH,old,TOKYOTECH_s01,161,window,4830,5070,161.0,169.0,180,78.0,77.0,1.0,1.0,1.2987012987012987,-0.5422231419703584,nan,240,-0.010259491115963708,1.0422471384091707,0.018387546160370808,0.877292067215489,1.0,correct,01,1,9,first_180_seconds,84.6225967407,27.5013484955,0,0,209.32221009,0.392510205507
PURE_CHECKPOINT/Eval_On_TOKYOTECH,TOKYOTECH,old,TOKYOTECH_s01,162,window,4860,5100,162.0,170.0,180,75.0,76.0,-1.0,1.0,1.3157894736842104,-0.4838464186511702,nan,240,0.009100602745699385,1.0561317650807829,-0.005398564872288517,0.9089979772617122,1.0,correct,01,1,9,first_180_seconds,84.6225967407,27.5013484955,0,0,209.32221009,0.392510205507
PURE_CHECKPOINT/Eval_On_TOKYOTECH,TOKYOTECH,old,TOKYOTECH_s01,163,window,4890,5130,163.0,171.0,180,75.0,76.0,-1.0,1.0,1.3157894736842104,-0.5228856070696556,nan,240,-0.030679651377916648,1.0479403325972672,0.009537308562925232,0.9283088658850887,1.0,correct,01,1,9,first_180_seconds,84.6225967407,27.5013484955,0,0,209.32221009,0.392510205507
PURE_CHECKPOINT/Eval_On_TOKYOTECH,TOKYOTECH,old,TOKYOTECH_s01,164,window,4920,5160,164.0,172.0,180,76.0,76.0,0.0,0.0,0.0,-0.6467847408083551,nan,240,-0.02168640674111278,1.066252409123416,-0.014708915066914397,0.8933705309151498,1.0,correct,01,1,9,first_180_seconds,84.6225967407,27.5013484955,0,0,209.32221009,0.392510205507
PURE_CHECKPOINT/Eval_On_TOKYOTECH,TOKYOTECH,old,TOKYOTECH_s01,165,window,4950,5190,165.0,173.0,180,80.0,77.0,3.0,3.0,3.896103896103896,-0.4449298080390929,nan,240,0.017493346367458192,1.0738507058905087,-0.017990847762137795,0.8639670306536977,1.0,correct,01,1,9,first_180_seconds,84.6225967407,27.5013484955,0,0,209.32221009,0.392510205507
PURE_CHECKPOINT/Eval_On_TOKYOTECH,TOKYOTECH,old,TOKYOTECH_s01,166,window,4980,5220,166.0,174.0,180,78.0,78.0,0.0,0.0,0.0,-0.6172664849557399,nan,240,-0.007081920309186292,1.0576728147196484,-0.023791534851270328,0.9289571409849554,1.0,correct,01,1,9,first_180_seconds,84.6225967407,27.5013484955,0,0,209.32221009,0.392510205507
PURE_CHECKPOINT/Eval_On_TOKYOTECH,TOKYOTECH,old,TOKYOTECH_s01,167,window,5010,5250,167.0,175.0,180,79.0,79.0,0.0,0.0,0.0,-0.6601801348258313,nan,240,-0.019854548353274975,1.0612152371269172,0.027985576154421547,0.9363413627094216,1.0,correct,01,1,9,first_180_seconds,84.6225967407,27.5013484955,0,0,209.32221009,0.392510205507
PURE_CHECKPOINT/Eval_On_TOKYOTECH,TOKYOTECH,old,TOKYOTECH_s01,168,window,5040,5280,168.0,176.0,180,81.0,79.0,2.0,2.0,2.5316455696202533,-0.5225448394761506,nan,240,0.05231060684018303,1.072293115160811,-0.0031965573633869686,0.9178373340507836,1.0,correct,01,1,9,first_180_seconds,84.6225967407,27.5013484955,0,0,209.32221009,0.392510205507
PURE_CHECKPOINT/Eval_On_TOKYOTECH,TOKYOTECH,old,TOKYOTECH_s02,0,window,0,240,0.0,8.0,180,118.0,59.0,59.0,59.0,100.0,-0.3997892561064093,nan,240,-0.05399018258710082,0.9006175249372214,0.004080746175144134,0.828009787872545,1.0,super_harmonic_2x,02,2,9,first_180_seconds,94.7127380371,40.1235771179,0,0,83.684703945,0.360236018896
PURE_CHECKPOINT/Eval_On_TOKYOTECH,TOKYOTECH,old,TOKYOTECH_s02,1,window,30,270,1.0,9.0,180,143.0,59.0,84.0,84.0,142.3728813559322,-0.409562016630833,nan,240,0.005970081124299516,0.7638602565012181,0.036082497662869986,0.8480724398920385,1.0,super_harmonic_2x,02,2,9,first_180_seconds,94.7127380371,40.1235771179,0,0,83.684703945,0.360236018896
PURE_CHECKPOINT/Eval_On_TOKYOTECH,TOKYOTECH,old,TOKYOTECH_s02,2,window,60,300,2.0,10.0,180,89.0,58.0,31.0,31.0,53.44827586206896,-0.4340220311068627,nan,240,0.005083582837445041,0.7657867476912942,-0.0016599024428334413,0.8632518875296945,1.0,super_harmonic_1p5x,02,2,9,first_180_seconds,94.7127380371,40.1235771179,0,0,83.684703945,0.360236018896
PURE_CHECKPOINT/Eval_On_TOKYOTECH,TOKYOTECH,old,TOKYOTECH_s02,3,window,90,330,3.0,11.0,180,56.0,58.0,-2.0,2.0,3.4482758620689653,-0.44892814406056386,nan,240,0.037033608528630184,0.7671375764307228,0.0027220739650618366,0.8659375670829368,1.0,correct,02,2,9,first_180_seconds,94.7127380371,40.1235771179,0,0,83.684703945,0.360236018896
PURE_CHECKPOINT/Eval_On_TOKYOTECH,TOKYOTECH,old,TOKYOTECH_s02,4,window,120,360,4.0,12.0,180,57.0,58.0,-1.0,1.0,1.7241379310344827,-0.49495878710927155,nan,240,0.04967249082789446,0.7765345331325648,-0.00806331158466988,0.7718929563079591,1.0,correct,02,2,9,first_180_seconds,94.7127380371,40.1235771179,0,0,83.684703945,0.360236018896
PURE_CHECKPOINT/Eval_On_TOKYOTECH,TOKYOTECH,old,TOKYOTECH_s02,5,window,150,390,5.0,13.0,180,113.0,57.0,56.0,56.0,98.24561403508771,-0.5962649760498339,nan,240,0.07323322049730147,0.7807241995554767,-0.03747201082430856,0.8464627065978251,1.0,super_harmonic_2x,02,2,9,first_180_seconds,94.7127380371,40.1235771179,0,0,83.684703945,0.360236018896
PURE_CHECKPOINT/Eval_On_TOKYOTECH,TOKYOTECH,old,TOKYOTECH_s02,6,window,180,420,6.0,14.0,180,113.0,57.0,56.0,56.0,98.24561403508771,-0.5653739323501172,nan,240,0.09261779801066344,0.7927190757812294,-0.00016301139198633777,0.8459796172774755,1.0,super_harmonic_2x,02,2,9,first_180_seconds,94.7127380371,40.1235771179,0,0,83.684703945,0.360236018896
PURE_CHECKPOINT/Eval_On_TOKYOTECH,TOKYOTECH,old,TOKYOTECH_s02,7,window,210,450,7.0,15.0,180,56.0,56.0,0.0,0.0,0.0,-0.44473202512098925,nan,240,0.08927828831365332,0.8199069276285957,-0.0013644528623183133,0.8833875868200279,1.0,correct,02,2,9,first_180_seconds,94.7127380371,40.1235771179,0,0,83.684703945,0.360236018896
PURE_CHECKPOINT/Eval_On_TOKYOTECH,TOKYOTECH,old,TOKYOTECH_s02,8,window,240,480,8.0,16.0,180,55.0,56.0,-1.0,1.0,1.7857142857142856,-0.4542503147889512,nan,240,0.07604143449182933,0.8314869838808842,0.00016364933141045738,0.8736272681175152,1.0,correct,02,2,9,first_180_seconds,94.7127380371,40.1235771179,0,0,83.684703945,0.360236018896
PURE_CHECKPOINT/Eval_On_TOKYOTECH,TOKYOTECH,old,TOKYOTECH_s02,9,window,270,510,9.0,17.0,180,56.0,55.0,1.0,1.0,1.8181818181818181,-0.5388110905858235,nan,240,0.08902345185245698,0.8538809495875771,0.005911467448518541,0.8986810772241043,1.0,correct,02,2,9,first_180_seconds,94.7127380371,40.1235771179,0,0,83.684703945,0.360236018896
PURE_CHECKPOINT/Eval_On_TOKYOTECH,TOKYOTECH,old,TOKYOTECH_s02,10,window,300,540,10.0,18.0,180,58.0,56.0,2.0,2.0,3.571428571428571,-0.402137317008905,nan,240,0.10014667739936461,0.8798044874738981,0.016745397175803572,0.8965617164006582,1.0,correct,02,2,9,first_180_seconds,94.7127380371,40.1235771179,0,0,83.684703945,0.360236018896
PURE_CHECKPOINT/Eval_On_TOKYOTECH,TOKYOTECH,old,TOKYOTECH_s02,11,window,330,570,11.0,19.0,180,59.0,56.0,3.0,3.0,5.357142857142857,-0.46101307414331727,nan,240,0.08640510440648844,0.878466483269963,0.021298734602157633,0.9329876780184359,1.0,correct,02,2,9,first_180_seconds,94.7127380371,40.1235771179,0,0,83.684703945,0.360236018896
PURE_CHECKPOINT/Eval_On_TOKYOTECH,TOKYOTECH,old,TOKYOTECH_s02,12,window,360,600,12.0,20.0,180,59.0,57.0,2.0,2.0,3.508771929824561,-0.5773282717746028,nan,240,0.09134106112178415,0.8678540906393284,0.021244508022447546,0.9286844820199865,1.0,correct,02,2,9,first_180_seconds,94.7127380371,40.1235771179,0,0,83.684703945,0.360236018896
PURE_CHECKPOINT/Eval_On_TOKYOTECH,TOKYOTECH,old,TOKYOTECH_s02,13,window,390,630,13.0,21.0,180,59.0,59.0,0.0,0.0,0.0,-0.6371584826090091,nan,240,0.08070558628533035,0.8680342549793242,0.02533418578516137,0.9266616944249583,1.0,correct,02,2,9,first_180_seconds,94.7127380371,40.1235771179,0,0,83.684703945,0.360236018896
PURE_CHECKPOINT/Eval_On_TOKYOTECH,TOKYOTECH,old,TOKYOTECH_s02,14,window,420,660,14.0,22.0,180,60.0,61.0,-1.0,1.0,1.639344262295082,-0.6817402001015039,nan,240,0.055622492272717254,0.8748076728208887,0.01801491677855663,0.9211790069881032,1.0,correct,02,2,9,first_180_seconds,94.7127380371,40.1235771179,0,0,83.684703945,0.360236018896
PURE_CHECKPOINT/Eval_On_TOKYOTECH,TOKYOTECH,old,TOKYOTECH_s02,15,window,450,690,15.0,23.0,180,60.0,61.0,-1.0,1.0,1.639344262295082,-0.7023623689861085,nan,240,0.039969115898323554,0.8599310488685585,0.0173901761323738,0.9190983362330726,1.0,correct,02,2,9,first_180_seconds,94.7127380371,40.1235771179,0,0,83.684703945,0.360236018896
PURE_CHECKPOINT/Eval_On_TOKYOTECH,TOKYOTECH,old,TOKYOTECH_s02,16,window,480,720,16.0,24.0,180,61.0,61.99999999999999,-0.9999999999999929,0.9999999999999929,1.6129032258064404,-0.6768077241507253,nan,240,0.05410538254460941,0.8629754662748307,0.017773288493583325,0.9145269842343186,1.0,correct,02,2,9,first_180_seconds,94.7127380371,40.1235771179,0,0,83.684703945,0.360236018896
PURE_CHECKPOINT/Eval_On_TOKYOTECH,TOKYOTECH,old,TOKYOTECH_s02,17,window,510,750,17.0,25.0,180,60.0,61.0,-1.0,1.0,1.639344262295082,-0.6396916033810842,nan,240,0.028063008930378903,0.8723824179835995,0.019139771413121606,0.9272314123993172,1.0,correct,02,2,9,first_180_seconds,94.7127380371,40.1235771179,0,0,83.684703945,0.360236018896
PURE_CHECKPOINT/Eval_On_TOKYOTECH,TOKYOTECH,old,TOKYOTECH_s02,18,window,540,780,18.0,26.0,180,60.0,60.0,0.0,0.0,0.0,-0.6340112439152288,nan,240,-0.004845245520118624,0.8742662175888267,0.014829621602173123,0.9401769009619814,1.0,correct,02,2,9,first_180_seconds,94.7127380371,40.1235771179,0,0,83.684703945,0.360236018896
PURE_CHECKPOINT/Eval_On_TOKYOTECH,TOKYOTECH,old,TOKYOTECH_s02,19,window,570,810,19.0,27.0,180,59.0,59.0,0.0,0.0,0.0,-0.6193683788090949,nan,240,-0.005618565215263516,0.8819098396823717,0.014338024462961774,0.9462032069497224,1.0,correct,02,2,9,first_180_seconds,94.7127380371,40.1235771179,0,0,83.684703945,0.360236018896
PURE_CHECKPOINT/Eval_On_TOKYOTECH,TOKYOTECH,old,TOKYOTECH_s02,20,window,600,840,20.0,28.0,180,59.0,58.0,1.0,1.0,1.7241379310344827,-0.5956099343937001,nan,240,0.004915295855607837,0.9078883464036545,0.022094362656844745,0.9434117560298236,1.0,correct,02,2,9,first_180_seconds,94.7127380371,40.1235771179,0,0,83.684703945,0.360236018896
PURE_CHECKPOINT/Eval_On_TOKYOTECH,TOKYOTECH,old,TOKYOTECH_s02,21,window,630,870,21.0,29.0,180,59.0,58.0,1.0,1.0,1.7241379310344827,-0.6564727392221086,nan,240,-0.012881193736878535,0.9114854872930773,0.022253489711312434,0.9414472381772377,1.0,correct,02,2,9,first_180_seconds,94.7127380371,40.1235771179,0,0,83.684703945,0.360236018896
PURE_CHECKPOINT/Eval_On_TOKYOTECH,TOKYOTECH,old,TOKYOTECH_s02,22,window,660,900,22.0,30.0,180,59.0,58.0,1.0,1.0,1.7241379310344827,-0.6046634293780985,nan,240,-0.0021502595317239564,0.8991090709949036,0.013363659576215377,0.9313450077879356,1.0,correct,02,2,9,first_180_seconds,94.7127380371,40.1235771179,0,0,83.684703945,0.360236018896
PURE_CHECKPOINT/Eval_On_TOKYOTECH,TOKYOTECH,old,TOKYOTECH_s02,23,window,690,930,23.0,31.0,180,58.0,57.0,1.0,1.0,1.7543859649122806,-0.5805629646979101,nan,240,-0.00024025833699852227,0.9027815482398343,0.014786297441883985,0.9226131505139662,1.0,correct,02,2,9,first_180_seconds,94.7127380371,40.1235771179,0,0,83.684703945,0.360236018896
PURE_CHECKPOINT/Eval_On_TOKYOTECH,TOKYOTECH,old,TOKYOTECH_s02,24,window,720,960,24.0,32.0,180,58.0,57.0,1.0,1.0,1.7543859649122806,-0.5420171090498884,nan,240,-0.012960681365802884,0.8879732780130889,0.01559974908271554,0.9283258939980266,1.0,correct,02,2,9,first_180_seconds,94.7127380371,40.1235771179,0,0,83.684703945,0.360236018896
PURE_CHECKPOINT/Eval_On_TOKYOTECH,TOKYOTECH,old,TOKYOTECH_s02,25,window,750,990,25.0,33.0,180,55.0,56.0,-1.0,1.0,1.7857142857142856,-0.6398293749201355,nan,240,-0.009843621111940593,0.8653848667648891,0.02816518436775204,0.9438688836311372,1.0,correct,02,2,9,first_180_seconds,94.7127380371,40.1235771179,0,0,83.684703945,0.360236018896
PURE_CHECKPOINT/Eval_On_TOKYOTECH,TOKYOTECH,old,TOKYOTECH_s02,26,window,780,1020,26.0,34.0,180,54.0,56.0,-2.0,2.0,3.571428571428571,-0.6020969800474856,nan,240,-0.005033955393203845,0.8568994065008226,0.026949526576120975,0.884303658634102,1.0,correct,02,2,9,first_180_seconds,94.7127380371,40.1235771179,0,0,83.684703945,0.360236018896
PURE_CHECKPOINT/Eval_On_TOKYOTECH,TOKYOTECH,old,TOKYOTECH_s02,27,window,810,1050,27.0,35.0,180,54.0,55.0,-1.0,1.0,1.8181818181818181,-0.5339173070016034,nan,240,-0.00817369226909553,0.8522809036774879,0.029535357933776832,0.8593867988065691,1.0,correct,02,2,9,first_180_seconds,94.7127380371,40.1235771179,0,0,83.684703945,0.360236018896
PURE_CHECKPOINT/Eval_On_TOKYOTECH,TOKYOTECH,old,TOKYOTECH_s02,28,window,840,1080,28.0,36.0,180,55.0,56.0,-1.0,1.0,1.7857142857142856,-0.46394335239607976,nan,240,-0.03820245440971727,0.833095144685904,0.01903102108275695,0.8861049357332039,1.0,correct,02,2,9,first_180_seconds,94.7127380371,40.1235771179,0,0,83.684703945,0.360236018896
PURE_CHECKPOINT/Eval_On_TOKYOTECH,TOKYOTECH,old,TOKYOTECH_s02,29,window,870,1110,29.0,37.0,180,55.0,56.0,-1.0,1.0,1.7857142857142856,-0.5567655396065697,nan,240,-0.017177979818855722,0.8505746406355842,-0.0033823201437035546,0.9093341824991054,1.0,correct,02,2,9,first_180_seconds,94.7127380371,40.1235771179,0,0,83.684703945,0.360236018896
PURE_CHECKPOINT/Eval_On_TOKYOTECH,TOKYOTECH,old,TOKYOTECH_s02,30,window,900,1140,30.0,38.0,180,57.0,57.0,0.0,0.0,0.0,-0.5399432636390249,nan,240,-0.018790546940484393,0.8668864330317125,-0.028267664738625943,0.923556678313515,1.0,correct,02,2,9,first_180_seconds,94.7127380371,40.1235771179,0,0,83.684703945,0.360236018896
PURE_CHECKPOINT/Eval_On_TOKYOTECH,TOKYOTECH,old,TOKYOTECH_s02,31,window,930,1170,31.0,39.0,180,57.0,57.0,0.0,0.0,0.0,-0.5072643481582038,nan,240,-0.0022587832800733546,0.8683046969546614,-0.025726625363120346,0.9286887252683318,1.0,correct,02,2,9,first_180_seconds,94.7127380371,40.1235771179,0,0,83.684703945,0.360236018896
PURE_CHECKPOINT/Eval_On_TOKYOTECH,TOKYOTECH,old,TOKYOTECH_s02,32,window,960,1200,32.0,40.0,180,58.0,58.0,0.0,0.0,0.0,-0.42880866640608495,nan,240,0.01584450122124205,0.8797420876626298,-0.033978174071720546,0.9326797615915577,1.0,correct,02,2,9,first_180_seconds,94.7127380371,40.1235771179,0,0,83.684703945,0.360236018896
PURE_CHECKPOINT/Eval_On_TOKYOTECH,TOKYOTECH,old,TOKYOTECH_s02,33,window,990,1230,33.0,41.0,180,59.0,58.0,1.0,1.0,1.7241379310344827,-0.4432003187614622,nan,240,0.025059727695770563,0.8869938882226958,-0.011124027138450128,0.9377695110967701,1.0,correct,02,2,9,first_180_seconds,94.7127380371,40.1235771179,0,0,83.684703945,0.360236018896
PURE_CHECKPOINT/Eval_On_TOKYOTECH,TOKYOTECH,old,TOKYOTECH_s02,34,window,1020,1260,34.0,42.0,180,59.0,58.0,1.0,1.0,1.7241379310344827,-0.5438973257125794,nan,240,0.039006581044911094,0.8800960516148545,0.0004641955984149515,0.9154635587749059,1.0,correct,02,2,9,first_180_seconds,94.7127380371,40.1235771179,0,0,83.684703945,0.360236018896
PURE_CHECKPOINT/Eval_On_TOKYOTECH,TOKYOTECH,old,TOKYOTECH_s02,35,window,1050,1290,35.0,43.0,180,59.0,57.0,2.0,2.0,3.508771929824561,-0.5356044481293101,nan,240,0.03391434741982569,0.8840235331316209,0.018447676298817273,0.92164911673357,1.0,correct,02,2,9,first_180_seconds,94.7127380371,40.1235771179,0,0,83.684703945,0.360236018896
PURE_CHECKPOINT/Eval_On_TOKYOTECH,TOKYOTECH,old,TOKYOTECH_s02,36,window,1080,1320,36.0,44.0,180,58.0,57.0,1.0,1.0,1.7543859649122806,-0.413082183996538,nan,240,0.027549831049206355,0.8883722299494108,0.017319919942396633,0.9234468963217835,1.0,correct,02,2,9,first_180_seconds,94.7127380371,40.1235771179,0,0,83.684703945,0.360236018896
PURE_CHECKPOINT/Eval_On_TOKYOTECH,TOKYOTECH,old,TOKYOTECH_s02,37,window,1110,1350,37.0,45.0,180,58.0,58.0,0.0,0.0,0.0,-0.43167973691504474,nan,240,0.026454897449972727,0.8887830449524038,0.009790151228160716,0.9037321449306149,1.0,correct,02,2,9,first_180_seconds,94.7127380371,40.1235771179,0,0,83.684703945,0.360236018896
PURE_CHECKPOINT/Eval_On_TOKYOTECH,TOKYOTECH,old,TOKYOTECH_s02,38,window,1140,1380,38.0,46.0,180,59.0,57.0,2.0,2.0,3.508771929824561,-0.4237939659022462,nan,240,0.03368253646185622,0.892576623528956,0.012611617448326189,0.8910931494642907,1.0,correct,02,2,9,first_180_seconds,94.7127380371,40.1235771179,0,0,83.684703945,0.360236018896
PURE_CHECKPOINT/Eval_On_TOKYOTECH,TOKYOTECH,old,TOKYOTECH_s02,39,window,1170,1410,39.0,47.0,180,59.0,57.0,2.0,2.0,3.508771929824561,-0.5061326869409178,nan,240,0.0287860237644054,0.8880042372525562,0.01979420868834814,0.9008592662637294,1.0,correct,02,2,9,first_180_seconds,94.7127380371,40.1235771179,0,0,83.684703945,0.360236018896
PURE_CHECKPOINT/Eval_On_TOKYOTECH,TOKYOTECH,old,TOKYOTECH_s02,40,window,1200,1440,40.0,48.0,180,59.0,58.0,1.0,1.0,1.7241379310344827,-0.5953523861883864,nan,240,0.03702950607985258,0.8880311654549835,0.02569889062123128,0.910570548870896,1.0,correct,02,2,9,first_180_seconds,94.7127380371,40.1235771179,0,0,83.684703945,0.360236018896
PURE_CHECKPOINT/Eval_On_TOKYOTECH,TOKYOTECH,old,TOKYOTECH_s02,41,window,1230,1470,41.0,49.0,180,59.0,58.0,1.0,1.0,1.7241379310344827,-0.6281799869785647,nan,240,0.03511965591460466,0.8987218267405016,0.03432229626367737,0.9324142095170362,1.0,correct,02,2,9,first_180_seconds,94.7127380371,40.1235771179,0,0,83.684703945,0.360236018896
PURE_CHECKPOINT/Eval_On_TOKYOTECH,TOKYOTECH,old,TOKYOTECH_s02,42,window,1260,1500,42.0,50.0,180,59.0,58.0,1.0,1.0,1.7241379310344827,-0.6281259959043309,nan,240,0.020767894918875148,0.9001533384335141,0.027047080419733673,0.9320134083234883,1.0,correct,02,2,9,first_180_seconds,94.7127380371,40.1235771179,0,0,83.684703945,0.360236018896
PURE_CHECKPOINT/Eval_On_TOKYOTECH,TOKYOTECH,old,TOKYOTECH_s02,43,window,1290,1530,43.0,51.0,180,59.0,59.0,0.0,0.0,0.0,-0.4998196665200998,nan,240,0.01849263267746816,0.9060507967762609,0.022125899222015823,0.9140745510206071,1.0,correct,02,2,9,first_180_seconds,94.7127380371,40.1235771179,0,0,83.684703945,0.360236018896
PURE_CHECKPOINT/Eval_On_TOKYOTECH,TOKYOTECH,old,TOKYOTECH_s02,44,window,1320,1560,44.0,52.0,180,59.0,58.0,1.0,1.0,1.7241379310344827,-0.4938537552223338,nan,240,0.01806850649882108,0.9132247506993503,0.019902931580662024,0.889343856143381,1.0,correct,02,2,9,first_180_seconds,94.7127380371,40.1235771179,0,0,83.684703945,0.360236018896
PURE_CHECKPOINT/Eval_On_TOKYOTECH,TOKYOTECH,old,TOKYOTECH_s02,45,window,1350,1590,45.0,53.0,180,59.0,58.0,1.0,1.0,1.7241379310344827,-0.49362013219513023,nan,240,0.0021098872569079202,0.8955647621709739,0.023218087783890562,0.8598288200938288,1.0,correct,02,2,9,first_180_seconds,94.7127380371,40.1235771179,0,0,83.684703945,0.360236018896
PURE_CHECKPOINT/Eval_On_TOKYOTECH,TOKYOTECH,old,TOKYOTECH_s02,46,window,1380,1620,46.0,54.0,180,58.0,58.0,0.0,0.0,0.0,-0.5146314278774733,nan,240,-0.009242195209177831,0.8901115164295615,0.023026817262735796,0.8066081192082272,1.0,correct,02,2,9,first_180_seconds,94.7127380371,40.1235771179,0,0,83.684703945,0.360236018896
PURE_CHECKPOINT/Eval_On_TOKYOTECH,TOKYOTECH,old,TOKYOTECH_s02,47,window,1410,1650,47.0,55.0,180,59.0,58.0,1.0,1.0,1.7241379310344827,-0.47045074706551343,nan,240,-0.031638313161480865,0.8925551030627701,0.009856267137464316,0.8541131694767607,1.0,correct,02,2,9,first_180_seconds,94.7127380371,40.1235771179,0,0,83.684703945,0.360236018896
PURE_CHECKPOINT/Eval_On_TOKYOTECH,TOKYOTECH,old,TOKYOTECH_s02,48,window,1440,1680,48.0,56.0,180,59.0,58.0,1.0,1.0,1.7241379310344827,-0.5382381772262714,nan,240,-0.07934122638835106,0.8807866171399824,-0.0036328704880329815,0.8147286073974332,1.0,correct,02,2,9,first_180_seconds,94.7127380371,40.1235771179,0,0,83.684703945,0.360236018896
PURE_CHECKPOINT/Eval_On_TOKYOTECH,TOKYOTECH,old,TOKYOTECH_s02,49,window,1470,1710,49.0,57.0,180,59.0,58.0,1.0,1.0,1.7241379310344827,-0.5331644942820507,nan,240,-0.08206114005976511,0.8619761853168815,-0.012636544844647931,0.8591209053928356,1.0,correct,02,2,9,first_180_seconds,94.7127380371,40.1235771179,0,0,83.684703945,0.360236018896
PURE_CHECKPOINT/Eval_On_TOKYOTECH,TOKYOTECH,old,TOKYOTECH_s02,50,window,1500,1740,50.0,58.0,180,119.0,58.0,61.0,61.0,105.17241379310344,-0.61241227310948,nan,240,-0.07396902706920325,0.861607440243375,-0.006178872943006979,0.8692843726793863,1.0,super_harmonic_2x,02,2,9,first_180_seconds,94.7127380371,40.1235771179,0,0,83.684703945,0.360236018896
PURE_CHECKPOINT/Eval_On_TOKYOTECH,TOKYOTECH,old,TOKYOTECH_s02,51,window,1530,1770,51.0,59.0,180,59.0,59.0,0.0,0.0,0.0,-0.6742107891246757,nan,240,-0.06431680825674752,0.8392857511370329,-0.007322519099556305,0.8806498723014908,1.0,correct,02,2,9,first_180_seconds,94.7127380371,40.1235771179,0,0,83.684703945,0.360236018896
PURE_CHECKPOINT/Eval_On_TOKYOTECH,TOKYOTECH,old,TOKYOTECH_s02,52,window,1560,1800,52.0,60.0,180,119.0,59.0,60.0,60.0,101.69491525423729,-0.6273930450038211,nan,240,-0.06537274924242714,0.8229170766367918,-0.003244187321186213,0.881710611942411,1.0,super_harmonic_2x,02,2,9,first_180_seconds,94.7127380371,40.1235771179,0,0,83.684703945,0.360236018896
PURE_CHECKPOINT/Eval_On_TOKYOTECH,TOKYOTECH,old,TOKYOTECH_s02,53,window,1590,1830,53.0,61.0,180,119.0,59.0,60.0,60.0,101.69491525423729,-0.5923940219884823,nan,240,-0.10069642505744317,0.8339940964476864,0.001101406876792647,0.8959397127972292,1.0,super_harmonic_2x,02,2,9,first_180_seconds,94.7127380371,40.1235771179,0,0,83.684703945,0.360236018896
PURE_CHECKPOINT/Eval_On_TOKYOTECH,TOKYOTECH,old,TOKYOTECH_s02,54,window,1620,1860,54.0,62.0,180,118.0,59.0,59.0,59.0,100.0,-0.5698938356851188,nan,240,-0.09844959610588072,0.8305313570866276,0.003415083274771649,0.851523898223943,1.0,super_harmonic_2x,02,2,9,first_180_seconds,94.7127380371,40.1235771179,0,0,83.684703945,0.360236018896
PURE_CHECKPOINT/Eval_On_TOKYOTECH,TOKYOTECH,old,TOKYOTECH_s02,55,window,1650,1890,55.0,63.0,180,59.0,58.0,1.0,1.0,1.7241379310344827,-0.4891692850120915,nan,240,-0.08023803979158402,0.8431686460823792,-0.0016925621416958665,0.8692841803649798,1.0,correct,02,2,9,first_180_seconds,94.7127380371,40.1235771179,0,0,83.684703945,0.360236018896
PURE_CHECKPOINT/Eval_On_TOKYOTECH,TOKYOTECH,old,TOKYOTECH_s02,56,window,1680,1920,56.0,64.0,180,58.0,58.0,0.0,0.0,0.0,-0.43692985335581536,nan,240,-0.05676936338810871,0.8604090046922028,0.017634298359973353,0.8413699412498661,1.0,correct,02,2,9,first_180_seconds,94.7127380371,40.1235771179,0,0,83.684703945,0.360236018896
PURE_CHECKPOINT/Eval_On_TOKYOTECH,TOKYOTECH,old,TOKYOTECH_s02,57,window,1710,1950,57.0,65.0,180,57.0,58.0,-1.0,1.0,1.7241379310344827,-0.45787023670681715,nan,240,-0.06502600925741717,0.8764019558117563,0.02030165683758082,0.8551061110695723,1.0,correct,02,2,9,first_180_seconds,94.7127380371,40.1235771179,0,0,83.684703945,0.360236018896
PURE_CHECKPOINT/Eval_On_TOKYOTECH,TOKYOTECH,old,TOKYOTECH_s02,58,window,1740,1980,58.0,66.0,180,57.0,58.0,-1.0,1.0,1.7241379310344827,-0.5748504813420665,nan,240,-0.05509848211271067,0.8987505816384127,0.010898750393950761,0.8331855648970826,1.0,correct,02,2,9,first_180_seconds,94.7127380371,40.1235771179,0,0,83.684703945,0.360236018896
PURE_CHECKPOINT/Eval_On_TOKYOTECH,TOKYOTECH,old,TOKYOTECH_s02,59,window,1770,2010,59.0,67.0,180,58.0,58.0,0.0,0.0,0.0,-0.5782128849063247,nan,240,-0.07014317064507243,0.9106074615574736,-0.0005285532118970833,0.7845882115538863,1.0,correct,02,2,9,first_180_seconds,94.7127380371,40.1235771179,0,0,83.684703945,0.360236018896
PURE_CHECKPOINT/Eval_On_TOKYOTECH,TOKYOTECH,old,TOKYOTECH_s02,60,window,1800,2040,60.0,68.0,180,58.0,58.0,0.0,0.0,0.0,-0.6434529766127578,nan,240,-0.0631583556435847,0.9192434412713762,-0.012156574393878664,0.8281800496689296,1.0,correct,02,2,9,first_180_seconds,94.7127380371,40.1235771179,0,0,83.684703945,0.360236018896
PURE_CHECKPOINT/Eval_On_TOKYOTECH,TOKYOTECH,old,TOKYOTECH_s02,61,window,1830,2070,61.0,69.0,180,58.0,58.0,0.0,0.0,0.0,-0.6064394639288266,nan,240,-0.015364639234030619,0.9246236599062009,-0.026247141101222338,0.809028815429431,1.0,correct,02,2,9,first_180_seconds,94.7127380371,40.1235771179,0,0,83.684703945,0.360236018896
PURE_CHECKPOINT/Eval_On_TOKYOTECH,TOKYOTECH,old,TOKYOTECH_s02,62,window,1860,2100,62.0,70.0,180,59.0,58.0,1.0,1.0,1.7241379310344827,-0.58579247690897,nan,240,-0.006741378772615766,0.9325176505312509,-0.0173866118951932,0.8936437011664958,1.0,correct,02,2,9,first_180_seconds,94.7127380371,40.1235771179,0,0,83.684703945,0.360236018896
PURE_CHECKPOINT/Eval_On_TOKYOTECH,TOKYOTECH,old,TOKYOTECH_s02,63,window,1890,2130,63.0,71.0,180,59.0,58.0,1.0,1.0,1.7241379310344827,-0.500821601827188,nan,240,-0.0057773936937640736,0.9313406478805248,-0.006942537252075957,0.9074362301594237,1.0,correct,02,2,9,first_180_seconds,94.7127380371,40.1235771179,0,0,83.684703945,0.360236018896
PURE_CHECKPOINT/Eval_On_TOKYOTECH,TOKYOTECH,old,TOKYOTECH_s02,64,window,1920,2160,64.0,72.0,180,59.0,59.0,0.0,0.0,0.0,-0.5126603478444257,nan,240,0.013334425328260598,0.9440099180099435,-0.01890321081965117,0.8988238362022293,1.0,correct,02,2,9,first_180_seconds,94.7127380371,40.1235771179,0,0,83.684703945,0.360236018896
PURE_CHECKPOINT/Eval_On_TOKYOTECH,TOKYOTECH,old,TOKYOTECH_s02,65,window,1950,2190,65.0,73.0,180,59.0,59.0,0.0,0.0,0.0,-0.515100690724839,nan,240,0.03504532024865815,0.9536665151534249,-0.013243649535008124,0.8815882155745564,1.0,correct,02,2,9,first_180_seconds,94.7127380371,40.1235771179,0,0,83.684703945,0.360236018896
PURE_CHECKPOINT/Eval_On_TOKYOTECH,TOKYOTECH,old,TOKYOTECH_s02,66,window,1980,2220,66.0,74.0,180,59.0,59.0,0.0,0.0,0.0,-0.4865686749236816,nan,240,0.034218839931418187,0.9462875781860763,-0.02083062259455125,0.8748904860233254,1.0,correct,02,2,9,first_180_seconds,94.7127380371,40.1235771179,0,0,83.684703945,0.360236018896
PURE_CHECKPOINT/Eval_On_TOKYOTECH,TOKYOTECH,old,TOKYOTECH_s02,67,window,2010,2250,67.0,75.0,180,60.0,59.0,1.0,1.0,1.694915254237288,-0.49927345025035,nan,240,0.05426015489986943,0.9672035978673706,-0.01368529767720384,0.8594925710518858,1.0,correct,02,2,9,first_180_seconds,94.7127380371,40.1235771179,0,0,83.684703945,0.360236018896
PURE_CHECKPOINT/Eval_On_TOKYOTECH,TOKYOTECH,old,TOKYOTECH_s02,68,window,2040,2280,68.0,76.0,180,59.0,59.0,0.0,0.0,0.0,-0.5165729233021487,nan,240,0.05181500176840927,0.977451189386538,-0.02045711813525999,0.8406567768626649,1.0,correct,02,2,9,first_180_seconds,94.7127380371,40.1235771179,0,0,83.684703945,0.360236018896
PURE_CHECKPOINT/Eval_On_TOKYOTECH,TOKYOTECH,old,TOKYOTECH_s02,69,window,2070,2310,69.0,77.0,180,59.0,60.0,-1.0,1.0,1.6666666666666667,-0.5619948455335607,nan,240,0.04333730565946704,0.9806428100493422,-0.009852240427634041,0.8289442833917721,1.0,correct,02,2,9,first_180_seconds,94.7127380371,40.1235771179,0,0,83.684703945,0.360236018896
PURE_CHECKPOINT/Eval_On_TOKYOTECH,TOKYOTECH,old,TOKYOTECH_s02,70,window,2100,2340,70.0,78.0,180,59.0,60.0,-1.0,1.0,1.6666666666666667,-0.6049997449362178,nan,240,0.026971076856716535,0.9948776307158387,-0.022303006851111813,0.7950683316107714,1.0,correct,02,2,9,first_180_seconds,94.7127380371,40.1235771179,0,0,83.684703945,0.360236018896
PURE_CHECKPOINT/Eval_On_TOKYOTECH,TOKYOTECH,old,TOKYOTECH_s02,71,window,2130,2370,71.0,79.0,180,60.0,60.0,0.0,0.0,0.0,-0.7231212877163993,nan,240,0.022303371829912065,0.9980362068098333,-0.008440625064363045,0.7958628573428815,1.0,correct,02,2,9,first_180_seconds,94.7127380371,40.1235771179,0,0,83.684703945,0.360236018896
PURE_CHECKPOINT/Eval_On_TOKYOTECH,TOKYOTECH,old,TOKYOTECH_s02,72,window,2160,2400,72.0,80.0,180,61.0,60.0,1.0,1.0,1.6666666666666667,-0.730217621486744,nan,240,0.01333527295694997,0.9929406389612564,-0.002978244571565877,0.8400788871344875,1.0,correct,02,2,9,first_180_seconds,94.7127380371,40.1235771179,0,0,83.684703945,0.360236018896
PURE_CHECKPOINT/Eval_On_TOKYOTECH,TOKYOTECH,old,TOKYOTECH_s02,73,window,2190,2430,73.0,81.0,180,60.0,60.0,0.0,0.0,0.0,-0.6341929594581106,nan,240,0.013246123935095966,0.9978431364621776,0.003155422854111221,0.8418775445269295,1.0,correct,02,2,9,first_180_seconds,94.7127380371,40.1235771179,0,0,83.684703945,0.360236018896
PURE_CHECKPOINT/Eval_On_TOKYOTECH,TOKYOTECH,old,TOKYOTECH_s02,74,window,2220,2460,74.0,82.0,180,61.0,61.0,0.0,0.0,0.0,-0.5644981388643302,nan,240,0.014533975254744291,1.008759866710283,0.010027018805668465,0.9032222332005844,1.0,correct,02,2,9,first_180_seconds,94.7127380371,40.1235771179,0,0,83.684703945,0.360236018896
PURE_CHECKPOINT/Eval_On_TOKYOTECH,TOKYOTECH,old,TOKYOTECH_s02,75,window,2250,2490,75.0,83.0,180,61.0,61.0,0.0,0.0,0.0,-0.604608981620388,nan,240,-0.003850825953607758,0.9981267455201758,0.03373000295059635,0.8724413441913826,1.0,correct,02,2,9,first_180_seconds,94.7127380371,40.1235771179,0,0,83.684703945,0.360236018896
PURE_CHECKPOINT/Eval_On_TOKYOTECH,TOKYOTECH,old,TOKYOTECH_s02,76,window,2280,2520,76.0,84.0,180,60.0,61.0,-1.0,1.0,1.639344262295082,-0.5474063237886451,nan,240,0.0017525834652284782,1.0069497084924912,-0.01562938897722698,0.848098263591452,1.0,correct,02,2,9,first_180_seconds,94.7127380371,40.1235771179,0,0,83.684703945,0.360236018896
PURE_CHECKPOINT/Eval_On_TOKYOTECH,TOKYOTECH,old,TOKYOTECH_s02,77,window,2310,2550,77.0,85.0,180,60.0,60.0,0.0,0.0,0.0,-0.5402856072571743,nan,240,0.011984655059253176,1.0280236337080804,-0.014181396733939209,0.8395947598689922,1.0,correct,02,2,9,first_180_seconds,94.7127380371,40.1235771179,0,0,83.684703945,0.360236018896
PURE_CHECKPOINT/Eval_On_TOKYOTECH,TOKYOTECH,old,TOKYOTECH_s02,78,window,2340,2580,78.0,86.0,180,59.0,59.0,0.0,0.0,0.0,-0.5808869661267831,nan,240,0.009759050002321601,1.0324243310006254,0.005651901358084842,0.878905580089088,1.0,correct,02,2,9,first_180_seconds,94.7127380371,40.1235771179,0,0,83.684703945,0.360236018896
PURE_CHECKPOINT/Eval_On_TOKYOTECH,TOKYOTECH,old,TOKYOTECH_s02,79,window,2370,2610,79.0,87.0,180,58.0,58.0,0.0,0.0,0.0,-0.4937102997541041,nan,240,0.024032621163253984,1.0472545421588166,-0.015783231951417974,0.890103542859975,1.0,correct,02,2,9,first_180_seconds,94.7127380371,40.1235771179,0,0,83.684703945,0.360236018896
PURE_CHECKPOINT/Eval_On_TOKYOTECH,TOKYOTECH,old,TOKYOTECH_s02,80,window,2400,2640,80.0,88.0,180,58.0,58.0,0.0,0.0,0.0,-0.4630672008495429,nan,240,0.021311307601475468,1.0619050726414678,0.011272074645040637,0.8945465867713055,1.0,correct,02,2,9,first_180_seconds,94.7127380371,40.1235771179,0,0,83.684703945,0.360236018896
PURE_CHECKPOINT/Eval_On_TOKYOTECH,TOKYOTECH,old,TOKYOTECH_s02,81,window,2430,2670,81.0,89.0,180,56.0,57.0,-1.0,1.0,1.7543859649122806,-0.5281435240130261,nan,240,0.008887167177939167,1.0671025232648947,-0.0127802419064496,0.8476209044656707,1.0,correct,02,2,9,first_180_seconds,94.7127380371,40.1235771179,0,0,83.684703945,0.360236018896
PURE_CHECKPOINT/Eval_On_TOKYOTECH,TOKYOTECH,old,TOKYOTECH_s02,82,window,2460,2700,82.0,90.0,180,116.0,57.0,59.0,59.0,103.50877192982458,-0.3516372940402289,nan,240,0.015887099011645964,1.0744556852004674,-9.950311063133821e-05,0.8715531367743373,1.0,super_harmonic_2x,02,2,9,first_180_seconds,94.7127380371,40.1235771179,0,0,83.684703945,0.360236018896
PURE_CHECKPOINT/Eval_On_TOKYOTECH,TOKYOTECH,old,TOKYOTECH_s02,83,window,2490,2730,83.0,91.0,180,59.0,58.0,1.0,1.0,1.7241379310344827,-0.2833777375564203,nan,240,0.03879549407477801,1.0860048969498013,0.01444710658863253,0.8902679581255891,1.0,correct,02,2,9,first_180_seconds,94.7127380371,40.1235771179,0,0,83.684703945,0.360236018896
PURE_CHECKPOINT/Eval_On_TOKYOTECH,TOKYOTECH,old,TOKYOTECH_s02,84,window,2520,2760,84.0,92.0,180,119.0,59.0,60.0,60.0,101.69491525423729,-0.27035010112680596,nan,240,0.03773034525802359,1.084186155113674,0.01113765475217893,0.869293397313425,1.0,super_harmonic_2x,02,2,9,first_180_seconds,94.7127380371,40.1235771179,0,0,83.684703945,0.360236018896
PURE_CHECKPOINT/Eval_On_TOKYOTECH,TOKYOTECH,old,TOKYOTECH_s02,85,window,2550,2790,85.0,93.0,180,59.0,59.0,0.0,0.0,0.0,-0.4490464524296509,nan,240,0.03127387554462378,1.0684344435445259,0.014622592965220506,0.8851652694683257,1.0,correct,02,2,9,first_180_seconds,94.7127380371,40.1235771179,0,0,83.684703945,0.360236018896
PURE_CHECKPOINT/Eval_On_TOKYOTECH,TOKYOTECH,old,TOKYOTECH_s02,86,window,2580,2820,86.0,94.0,180,60.0,60.0,0.0,0.0,0.0,-0.4289252089678317,nan,240,0.040137104810370756,1.0588586687411994,0.03528273532470582,0.9118540270078462,1.0,correct,02,2,9,first_180_seconds,94.7127380371,40.1235771179,0,0,83.684703945,0.360236018896
PURE_CHECKPOINT/Eval_On_TOKYOTECH,TOKYOTECH,old,TOKYOTECH_s02,87,window,2610,2850,87.0,95.0,180,60.0,60.0,0.0,0.0,0.0,-0.5229691028815925,nan,240,0.03178505129956951,1.0580632542844446,0.030154878415314144,0.8866727835713166,1.0,correct,02,2,9,first_180_seconds,94.7127380371,40.1235771179,0,0,83.684703945,0.360236018896
PURE_CHECKPOINT/Eval_On_TOKYOTECH,TOKYOTECH,old,TOKYOTECH_s02,88,window,2640,2880,88.0,96.0,180,60.0,60.0,0.0,0.0,0.0,-0.5375309385093536,nan,240,0.024973080683654794,1.0491517090342077,0.014159414715867987,0.8857512186483375,1.0,correct,02,2,9,first_180_seconds,94.7127380371,40.1235771179,0,0,83.684703945,0.360236018896
PURE_CHECKPOINT/Eval_On_TOKYOTECH,TOKYOTECH,old,TOKYOTECH_s02,89,window,2670,2910,89.0,97.0,180,60.0,60.0,0.0,0.0,0.0,-0.5525907113370297,nan,240,0.0381167319486849,1.0345749376926,0.016852802521680376,0.8838151069594814,1.0,correct,02,2,9,first_180_seconds,94.7127380371,40.1235771179,0,0,83.684703945,0.360236018896
PURE_CHECKPOINT/Eval_On_TOKYOTECH,TOKYOTECH,old,TOKYOTECH_s02,90,window,2700,2940,90.0,98.0,180,60.0,61.0,-1.0,1.0,1.639344262295082,-0.45856112568049817,nan,240,0.03921361703348036,1.030139398710623,0.0002760206308774299,0.9134209730399839,1.0,correct,02,2,9,first_180_seconds,94.7127380371,40.1235771179,0,0,83.684703945,0.360236018896
PURE_CHECKPOINT/Eval_On_TOKYOTECH,TOKYOTECH,old,TOKYOTECH_s02,91,window,2730,2970,91.0,99.0,180,60.0,61.0,-1.0,1.0,1.639344262295082,-0.43582436517067424,nan,240,0.022703275685974706,1.0144863903300858,-0.004373145624325847,0.9105536711765088,1.0,correct,02,2,9,first_180_seconds,94.7127380371,40.1235771179,0,0,83.684703945,0.360236018896
PURE_CHECKPOINT/Eval_On_TOKYOTECH,TOKYOTECH,old,TOKYOTECH_s02,92,window,2760,3000,92.0,100.0,180,60.0,61.99999999999999,-1.999999999999993,1.999999999999993,3.225806451612892,-0.47861683170913544,nan,240,0.01590527037527257,1.008984352000881,0.006226655415083271,0.8934210665474784,1.0,correct,02,2,9,first_180_seconds,94.7127380371,40.1235771179,0,0,83.684703945,0.360236018896
PURE_CHECKPOINT/Eval_On_TOKYOTECH,TOKYOTECH,old,TOKYOTECH_s02,93,window,2790,3030,93.0,101.0,180,60.0,61.99999999999999,-1.999999999999993,1.999999999999993,3.225806451612892,-0.48900374001380303,nan,240,8.806073165033013e-05,1.0114658465831006,-0.004428395289131215,0.8967739008304824,1.0,correct,02,2,9,first_180_seconds,94.7127380371,40.1235771179,0,0,83.684703945,0.360236018896
PURE_CHECKPOINT/Eval_On_TOKYOTECH,TOKYOTECH,old,TOKYOTECH_s02,94,window,2820,3060,94.0,102.0,180,60.0,61.99999999999999,-1.999999999999993,1.999999999999993,3.225806451612892,-0.4632393601650089,nan,240,-0.020589372423516276,1.0139550556738033,-0.016496298074432134,0.8820890080681139,1.0,correct,02,2,9,first_180_seconds,94.7127380371,40.1235771179,0,0,83.684703945,0.360236018896
PURE_CHECKPOINT/Eval_On_TOKYOTECH,TOKYOTECH,old,TOKYOTECH_s02,95,window,2850,3090,95.0,103.0,180,60.0,61.99999999999999,-1.999999999999993,1.999999999999993,3.225806451612892,-0.6066130460422071,nan,240,-0.005755169019297076,1.0165075530781909,0.004837331411197871,0.8909420709600229,1.0,correct,02,2,9,first_180_seconds,94.7127380371,40.1235771179,0,0,83.684703945,0.360236018896
PURE_CHECKPOINT/Eval_On_TOKYOTECH,TOKYOTECH,old,TOKYOTECH_s02,96,window,2880,3120,96.0,104.0,180,61.0,61.0,0.0,0.0,0.0,-0.6287583274002791,nan,240,-0.020485404813856196,1.0163781995832513,0.0041052349620456195,0.9017862848401305,1.0,correct,02,2,9,first_180_seconds,94.7127380371,40.1235771179,0,0,83.684703945,0.360236018896
PURE_CHECKPOINT/Eval_On_TOKYOTECH,TOKYOTECH,old,TOKYOTECH_s02,97,window,2910,3150,97.0,105.0,180,61.99999999999999,61.0,0.9999999999999929,0.9999999999999929,1.6393442622950702,-0.5892103700343289,nan,240,-0.038040221999593386,1.0137835507950659,0.010826447503183503,0.9015469522108283,1.0,correct,02,2,9,first_180_seconds,94.7127380371,40.1235771179,0,0,83.684703945,0.360236018896
PURE_CHECKPOINT/Eval_On_TOKYOTECH,TOKYOTECH,old,TOKYOTECH_s02,98,window,2940,3180,98.0,106.0,180,61.0,61.99999999999999,-0.9999999999999929,0.9999999999999929,1.6129032258064404,-0.5093738728862766,nan,240,-0.06901920457700422,1.01301951782626,0.022118910321705484,0.8912280024363113,1.0,correct,02,2,9,first_180_seconds,94.7127380371,40.1235771179,0,0,83.684703945,0.360236018896
PURE_CHECKPOINT/Eval_On_TOKYOTECH,TOKYOTECH,old,TOKYOTECH_s02,99,window,2970,3210,99.0,107.0,180,61.0,61.99999999999999,-0.9999999999999929,0.9999999999999929,1.6129032258064404,-0.5347754055212043,nan,240,-0.06345468819781672,1.0188209924909324,0.014714815009846992,0.8814989120097922,1.0,correct,02,2,9,first_180_seconds,94.7127380371,40.1235771179,0,0,83.684703945,0.360236018896
PURE_CHECKPOINT/Eval_On_TOKYOTECH,TOKYOTECH,old,TOKYOTECH_s02,100,window,3000,3240,100.0,108.0,180,61.0,61.99999999999999,-0.9999999999999929,0.9999999999999929,1.6129032258064404,-0.4249478778218549,nan,240,-0.04318231042319288,1.0376308961499296,0.01788112094665207,0.8663400186869568,1.0,correct,02,2,9,first_180_seconds,94.7127380371,40.1235771179,0,0,83.684703945,0.360236018896
PURE_CHECKPOINT/Eval_On_TOKYOTECH,TOKYOTECH,old,TOKYOTECH_s02,101,window,3030,3270,101.0,109.0,180,60.0,61.0,-1.0,1.0,1.639344262295082,-0.44943432643033354,nan,240,-0.03377031260946144,1.0489715647982367,0.007883327704723839,0.8176544457206223,1.0,correct,02,2,9,first_180_seconds,94.7127380371,40.1235771179,0,0,83.684703945,0.360236018896
PURE_CHECKPOINT/Eval_On_TOKYOTECH,TOKYOTECH,old,TOKYOTECH_s02,102,window,3060,3300,102.0,110.0,180,60.0,61.0,-1.0,1.0,1.639344262295082,-0.2862393856245649,nan,240,-0.023037277371622623,1.0471344476518545,0.0157133764783445,0.8273903726477521,1.0,correct,02,2,9,first_180_seconds,94.7127380371,40.1235771179,0,0,83.684703945,0.360236018896
PURE_CHECKPOINT/Eval_On_TOKYOTECH,TOKYOTECH,old,TOKYOTECH_s02,103,window,3090,3330,103.0,111.0,180,60.0,60.0,0.0,0.0,0.0,-0.42001367161445374,nan,240,-0.03344244392743955,1.0412392437636548,0.011182867637407314,0.8174017212235217,1.0,correct,02,2,9,first_180_seconds,94.7127380371,40.1235771179,0,0,83.684703945,0.360236018896
PURE_CHECKPOINT/Eval_On_TOKYOTECH,TOKYOTECH,old,TOKYOTECH_s02,104,window,3120,3360,104.0,112.0,180,60.0,59.0,1.0,1.0,1.694915254237288,-0.42304160643294003,nan,240,-0.012687123264186084,1.047663864938182,0.007647974472351157,0.8588433108237147,1.0,correct,02,2,9,first_180_seconds,94.7127380371,40.1235771179,0,0,83.684703945,0.360236018896
PURE_CHECKPOINT/Eval_On_TOKYOTECH,TOKYOTECH,old,TOKYOTECH_s02,105,window,3150,3390,105.0,113.0,180,60.0,59.0,1.0,1.0,1.694915254237288,-0.5039062421827615,nan,240,-0.01283168614997218,1.0510091764709049,0.006777299757756819,0.8689857221414776,1.0,correct,02,2,9,first_180_seconds,94.7127380371,40.1235771179,0,0,83.684703945,0.360236018896
PURE_CHECKPOINT/Eval_On_TOKYOTECH,TOKYOTECH,old,TOKYOTECH_s02,106,window,3180,3420,106.0,114.0,180,60.0,59.0,1.0,1.0,1.694915254237288,-0.5220354073427091,nan,240,0.007723108453986546,1.0482486701401177,0.0002321563380131166,0.8548598658231655,1.0,correct,02,2,9,first_180_seconds,94.7127380371,40.1235771179,0,0,83.684703945,0.360236018896
PURE_CHECKPOINT/Eval_On_TOKYOTECH,TOKYOTECH,old,TOKYOTECH_s02,107,window,3210,3450,107.0,115.0,180,60.0,60.0,0.0,0.0,0.0,-0.5566922893235422,nan,240,0.012777198377686242,1.0600283333008491,0.004535826479191364,0.8799619270726945,1.0,correct,02,2,9,first_180_seconds,94.7127380371,40.1235771179,0,0,83.684703945,0.360236018896
PURE_CHECKPOINT/Eval_On_TOKYOTECH,TOKYOTECH,old,TOKYOTECH_s02,108,window,3240,3480,108.0,116.0,180,60.0,60.0,0.0,0.0,0.0,-0.5569080231815807,nan,240,0.006190480703177552,1.0429973633904006,0.004167899960572794,0.9128147777854367,1.0,correct,02,2,9,first_180_seconds,94.7127380371,40.1235771179,0,0,83.684703945,0.360236018896
PURE_CHECKPOINT/Eval_On_TOKYOTECH,TOKYOTECH,old,TOKYOTECH_s02,109,window,3270,3510,109.0,117.0,180,60.0,60.0,0.0,0.0,0.0,-0.6384976996490259,nan,240,0.015011963302580018,1.0315623284377464,-0.0012456208127076586,0.9203098879738624,1.0,correct,02,2,9,first_180_seconds,94.7127380371,40.1235771179,0,0,83.684703945,0.360236018896
PURE_CHECKPOINT/Eval_On_TOKYOTECH,TOKYOTECH,old,TOKYOTECH_s02,110,window,3300,3540,110.0,118.0,180,60.0,61.0,-1.0,1.0,1.639344262295082,-0.6632339409600293,nan,240,0.02526546032944073,1.0461765890296586,-0.0005087164375328547,0.9021779672507293,1.0,correct,02,2,9,first_180_seconds,94.7127380371,40.1235771179,0,0,83.684703945,0.360236018896
PURE_CHECKPOINT/Eval_On_TOKYOTECH,TOKYOTECH,old,TOKYOTECH_s02,111,window,3330,3570,111.0,119.0,180,61.0,61.0,0.0,0.0,0.0,-0.7488757960429516,nan,240,0.028366852574981748,1.0434103353076765,0.005373377300462336,0.8726868389599344,1.0,correct,02,2,9,first_180_seconds,94.7127380371,40.1235771179,0,0,83.684703945,0.360236018896
PURE_CHECKPOINT/Eval_On_TOKYOTECH,TOKYOTECH,old,TOKYOTECH_s02,112,window,3360,3600,112.0,120.0,180,61.0,61.0,0.0,0.0,0.0,-0.7655792829447491,nan,240,0.02681700639271488,1.039590359073712,0.0037236989733661946,0.8700947083066938,1.0,correct,02,2,9,first_180_seconds,94.7127380371,40.1235771179,0,0,83.684703945,0.360236018896
PURE_CHECKPOINT/Eval_On_TOKYOTECH,TOKYOTECH,old,TOKYOTECH_s02,113,window,3390,3630,113.0,121.0,180,61.0,61.0,0.0,0.0,0.0,-0.8092337821576594,nan,240,0.0476292901361982,1.051907741437702,-0.004183095212286416,0.845028816873841,1.0,correct,02,2,9,first_180_seconds,94.7127380371,40.1235771179,0,0,83.684703945,0.360236018896
PURE_CHECKPOINT/Eval_On_TOKYOTECH,TOKYOTECH,old,TOKYOTECH_s02,114,window,3420,3660,114.0,122.0,180,61.0,61.0,0.0,0.0,0.0,-0.7615856334171592,nan,240,0.05054512276935081,1.0513654902686829,-0.014063789400545035,0.8305662561270187,1.0,correct,02,2,9,first_180_seconds,94.7127380371,40.1235771179,0,0,83.684703945,0.360236018896
PURE_CHECKPOINT/Eval_On_TOKYOTECH,TOKYOTECH,old,TOKYOTECH_s02,115,window,3450,3690,115.0,123.0,180,61.0,61.0,0.0,0.0,0.0,-0.7152771230516267,nan,240,0.031018737005069852,1.0518563413861828,-0.013024596206915168,0.803655927729617,1.0,correct,02,2,9,first_180_seconds,94.7127380371,40.1235771179,0,0,83.684703945,0.360236018896
PURE_CHECKPOINT/Eval_On_TOKYOTECH,TOKYOTECH,old,TOKYOTECH_s02,116,window,3480,3720,116.0,124.0,180,61.99999999999999,61.99999999999999,0.0,0.0,0.0,-0.6903669379799456,nan,240,0.020275641418993472,1.0609396366543575,0.002632670689363122,0.8556206311711302,1.0,correct,02,2,9,first_180_seconds,94.7127380371,40.1235771179,0,0,83.684703945,0.360236018896
PURE_CHECKPOINT/Eval_On_TOKYOTECH,TOKYOTECH,old,TOKYOTECH_s02,117,window,3510,3750,117.0,125.0,180,61.99999999999999,61.99999999999999,0.0,0.0,0.0,-0.6183075673695598,nan,240,0.015532750682905317,1.0648056855320478,-0.008994581295999135,0.8615726917601141,1.0,correct,02,2,9,first_180_seconds,94.7127380371,40.1235771179,0,0,83.684703945,0.360236018896
PURE_CHECKPOINT/Eval_On_TOKYOTECH,TOKYOTECH,old,TOKYOTECH_s02,118,window,3540,3780,118.0,126.0,180,61.0,61.99999999999999,-0.9999999999999929,0.9999999999999929,1.6129032258064404,-0.5491443914291845,nan,240,0.002507383640234669,1.068015536773819,-0.010110744162600582,0.802048175191694,1.0,correct,02,2,9,first_180_seconds,94.7127380371,40.1235771179,0,0,83.684703945,0.360236018896
PURE_CHECKPOINT/Eval_On_TOKYOTECH,TOKYOTECH,old,TOKYOTECH_s02,119,window,3570,3810,119.0,127.0,180,61.0,61.99999999999999,-0.9999999999999929,0.9999999999999929,1.6129032258064404,-0.4879315342920313,nan,240,-0.007022748189046979,1.07230162967113,-0.017165624205535072,0.7503738191317522,1.0,correct,02,2,9,first_180_seconds,94.7127380371,40.1235771179,0,0,83.684703945,0.360236018896
PURE_CHECKPOINT/Eval_On_TOKYOTECH,TOKYOTECH,old,TOKYOTECH_s02,120,window,3600,3840,120.0,128.0,180,60.0,61.99999999999999,-1.999999999999993,1.999999999999993,3.225806451612892,-0.5504171755832898,nan,240,-0.0026782565905402104,1.0808842566344183,-0.011457401282263779,0.7822327033221121,1.0,correct,02,2,9,first_180_seconds,94.7127380371,40.1235771179,0,0,83.684703945,0.360236018896
PURE_CHECKPOINT/Eval_On_TOKYOTECH,TOKYOTECH,old,TOKYOTECH_s02,121,window,3630,3870,121.0,129.0,180,60.0,61.0,-1.0,1.0,1.639344262295082,-0.559557959321349,nan,240,-0.003952490740145246,1.0760937692522938,-0.017371678405625795,0.8580131988641876,1.0,correct,02,2,9,first_180_seconds,94.7127380371,40.1235771179,0,0,83.684703945,0.360236018896
PURE_CHECKPOINT/Eval_On_TOKYOTECH,TOKYOTECH,old,TOKYOTECH_s02,122,window,3660,3900,122.0,130.0,180,60.0,61.0,-1.0,1.0,1.639344262295082,-0.626592221776966,nan,240,0.004992230981588364,1.0715463884426,-0.011403507702889244,0.8815249985897903,1.0,correct,02,2,9,first_180_seconds,94.7127380371,40.1235771179,0,0,83.684703945,0.360236018896
PURE_CHECKPOINT/Eval_On_TOKYOTECH,TOKYOTECH,old,TOKYOTECH_s02,123,window,3690,3930,123.0,131.0,180,60.0,60.0,0.0,0.0,0.0,-0.6104102762292026,nan,240,0.014705768475929895,1.0712179314646726,-0.011001169682230734,0.8602923365199197,1.0,correct,02,2,9,first_180_seconds,94.7127380371,40.1235771179,0,0,83.684703945,0.360236018896
PURE_CHECKPOINT/Eval_On_TOKYOTECH,TOKYOTECH,old,TOKYOTECH_s02,124,window,3720,3960,124.0,132.0,180,60.0,60.0,0.0,0.0,0.0,-0.5850629416618218,nan,240,0.003812953270971775,1.0798773219295528,-0.0023208501846886703,0.8415264734775275,1.0,correct,02,2,9,first_180_seconds,94.7127380371,40.1235771179,0,0,83.684703945,0.360236018896
PURE_CHECKPOINT/Eval_On_TOKYOTECH,TOKYOTECH,old,TOKYOTECH_s02,125,window,3750,3990,125.0,133.0,180,60.0,60.0,0.0,0.0,0.0,-0.5948376522359802,nan,240,-0.0012874402881910404,1.0774786898376916,-0.010350286395793152,0.852634224720532,1.0,correct,02,2,9,first_180_seconds,94.7127380371,40.1235771179,0,0,83.684703945,0.360236018896
PURE_CHECKPOINT/Eval_On_TOKYOTECH,TOKYOTECH,old,TOKYOTECH_s02,126,window,3780,4020,126.0,134.0,180,60.0,60.0,0.0,0.0,0.0,-0.5887344958333013,nan,240,0.013100059252853196,1.0688709326105272,-0.006762175804971667,0.8628053489965765,1.0,correct,02,2,9,first_180_seconds,94.7127380371,40.1235771179,0,0,83.684703945,0.360236018896
PURE_CHECKPOINT/Eval_On_TOKYOTECH,TOKYOTECH,old,TOKYOTECH_s02,127,window,3810,4050,127.0,135.0,180,119.0,59.0,60.0,60.0,101.69491525423729,-0.5793305379446203,nan,240,0.0011983576230704784,1.0762324616175927,-0.006096534107582998,0.8956986329208076,1.0,super_harmonic_2x,02,2,9,first_180_seconds,94.7127380371,40.1235771179,0,0,83.684703945,0.360236018896
PURE_CHECKPOINT/Eval_On_TOKYOTECH,TOKYOTECH,old,TOKYOTECH_s02,128,window,3840,4080,128.0,136.0,180,59.0,59.0,0.0,0.0,0.0,-0.5868516335222689,nan,240,-0.0011284615844488143,1.068512230341516,-0.010232318774775788,0.9197073578892395,1.0,correct,02,2,9,first_180_seconds,94.7127380371,40.1235771179,0,0,83.684703945,0.360236018896
PURE_CHECKPOINT/Eval_On_TOKYOTECH,TOKYOTECH,old,TOKYOTECH_s02,129,window,3870,4110,129.0,137.0,180,59.0,59.0,0.0,0.0,0.0,-0.5469119697069171,nan,240,-0.01775307981297374,1.0739151255356227,0.000454576696362712,0.900262291556029,1.0,correct,02,2,9,first_180_seconds,94.7127380371,40.1235771179,0,0,83.684703945,0.360236018896
PURE_CHECKPOINT/Eval_On_TOKYOTECH,TOKYOTECH,old,TOKYOTECH_s02,130,window,3900,4140,130.0,138.0,180,59.0,59.0,0.0,0.0,0.0,-0.562639830802265,nan,240,-0.04251205805533876,1.083063541373256,-0.002169242282995413,0.9029280615068579,1.0,correct,02,2,9,first_180_seconds,94.7127380371,40.1235771179,0,0,83.684703945,0.360236018896
PURE_CHECKPOINT/Eval_On_TOKYOTECH,TOKYOTECH,old,TOKYOTECH_s02,131,window,3930,4170,131.0,139.0,180,59.0,59.0,0.0,0.0,0.0,-0.596991978253204,nan,240,-0.046381465275771916,1.0813764420302507,-0.0029468461636001633,0.9026347274328816,1.0,correct,02,2,9,first_180_seconds,94.7127380371,40.1235771179,0,0,83.684703945,0.360236018896
PURE_CHECKPOINT/Eval_On_TOKYOTECH,TOKYOTECH,old,TOKYOTECH_s02,132,window,3960,4200,132.0,140.0,180,60.0,59.0,1.0,1.0,1.694915254237288,-0.6572457368218588,nan,240,-0.04059219784879436,1.0746478565825244,-0.011305066572729916,0.867897969418149,1.0,correct,02,2,9,first_180_seconds,94.7127380371,40.1235771179,0,0,83.684703945,0.360236018896
PURE_CHECKPOINT/Eval_On_TOKYOTECH,TOKYOTECH,old,TOKYOTECH_s02,133,window,3990,4230,133.0,141.0,180,59.0,59.0,0.0,0.0,0.0,-0.5775524336202233,nan,240,-0.04968148175782214,1.0804424110380404,-0.015100659415021601,0.882333061210957,1.0,correct,02,2,9,first_180_seconds,94.7127380371,40.1235771179,0,0,83.684703945,0.360236018896
PURE_CHECKPOINT/Eval_On_TOKYOTECH,TOKYOTECH,old,TOKYOTECH_s02,134,window,4020,4260,134.0,142.0,180,59.0,59.0,0.0,0.0,0.0,-0.5578134086330246,nan,240,-0.049091866496019064,1.0822370318407528,0.010208709313432093,0.8874295741304568,1.0,correct,02,2,9,first_180_seconds,94.7127380371,40.1235771179,0,0,83.684703945,0.360236018896
PURE_CHECKPOINT/Eval_On_TOKYOTECH,TOKYOTECH,old,TOKYOTECH_s02,135,window,4050,4290,135.0,143.0,180,59.0,59.0,0.0,0.0,0.0,-0.5989439809360109,nan,240,-0.03652201188184942,1.0739595060658649,0.0007281380116973076,0.8920994497070068,1.0,correct,02,2,9,first_180_seconds,94.7127380371,40.1235771179,0,0,83.684703945,0.360236018896
PURE_CHECKPOINT/Eval_On_TOKYOTECH,TOKYOTECH,old,TOKYOTECH_s02,136,window,4080,4320,136.0,144.0,180,59.0,59.0,0.0,0.0,0.0,-0.5837155167431983,nan,240,-0.031155217776540668,1.0813194032689921,0.004834840649032509,0.8497023508450455,1.0,correct,02,2,9,first_180_seconds,94.7127380371,40.1235771179,0,0,83.684703945,0.360236018896
PURE_CHECKPOINT/Eval_On_TOKYOTECH,TOKYOTECH,old,TOKYOTECH_s02,137,window,4110,4350,137.0,145.0,180,59.0,59.0,0.0,0.0,0.0,-0.6510599279010015,nan,240,-0.033679760926558326,1.0791014336059273,0.007299380548341135,0.8857347959952737,1.0,correct,02,2,9,first_180_seconds,94.7127380371,40.1235771179,0,0,83.684703945,0.360236018896
PURE_CHECKPOINT/Eval_On_TOKYOTECH,TOKYOTECH,old,TOKYOTECH_s02,138,window,4140,4380,138.0,146.0,180,59.0,59.0,0.0,0.0,0.0,-0.639024636226603,nan,240,-0.032471750835732865,1.0819027541220105,0.0034784370254219055,0.8605158647618557,1.0,correct,02,2,9,first_180_seconds,94.7127380371,40.1235771179,0,0,83.684703945,0.360236018896
PURE_CHECKPOINT/Eval_On_TOKYOTECH,TOKYOTECH,old,TOKYOTECH_s02,139,window,4170,4410,139.0,147.0,180,59.0,58.0,1.0,1.0,1.7241379310344827,-0.45478375107169455,nan,240,-0.024951733512959134,1.0939385512542779,-0.02993576179911459,0.8406808007058089,1.0,correct,02,2,9,first_180_seconds,94.7127380371,40.1235771179,0,0,83.684703945,0.360236018896
PURE_CHECKPOINT/Eval_On_TOKYOTECH,TOKYOTECH,old,TOKYOTECH_s02,140,window,4200,4440,140.0,148.0,180,58.0,58.0,0.0,0.0,0.0,-0.5696919818384872,nan,240,-0.01943477096113687,1.0957441217797181,-0.031085874514905323,0.8359693776622797,1.0,correct,02,2,9,first_180_seconds,94.7127380371,40.1235771179,0,0,83.684703945,0.360236018896
PURE_CHECKPOINT/Eval_On_TOKYOTECH,TOKYOTECH,old,TOKYOTECH_s02,141,window,4230,4470,141.0,149.0,180,58.0,58.0,0.0,0.0,0.0,-0.4813872705686743,nan,240,-0.004278405123235037,1.0978198253455602,-0.03120574807993063,0.8885989064052747,1.0,correct,02,2,9,first_180_seconds,94.7127380371,40.1235771179,0,0,83.684703945,0.360236018896
PURE_CHECKPOINT/Eval_On_TOKYOTECH,TOKYOTECH,old,TOKYOTECH_s02,142,window,4260,4500,142.0,150.0,180,58.0,58.0,0.0,0.0,0.0,-0.43503241812480736,nan,240,-0.005626073250702272,1.101852630302356,-0.043180561729197896,0.9077608921773684,1.0,correct,02,2,9,first_180_seconds,94.7127380371,40.1235771179,0,0,83.684703945,0.360236018896
PURE_CHECKPOINT/Eval_On_TOKYOTECH,TOKYOTECH,old,TOKYOTECH_s02,143,window,4290,4530,143.0,151.0,180,58.0,58.0,0.0,0.0,0.0,-0.4850791482047894,nan,240,-0.0014473682502284646,1.1076278272877864,-0.014668462028954254,0.9210372172994691,1.0,correct,02,2,9,first_180_seconds,94.7127380371,40.1235771179,0,0,83.684703945,0.360236018896
PURE_CHECKPOINT/Eval_On_TOKYOTECH,TOKYOTECH,old,TOKYOTECH_s02,144,window,4320,4560,144.0,152.0,180,59.0,58.0,1.0,1.0,1.7241379310344827,-0.5329172643215865,nan,240,-0.0008712199361373981,1.1016788482511175,-0.02483385702014079,0.9388523153997128,1.0,correct,02,2,9,first_180_seconds,94.7127380371,40.1235771179,0,0,83.684703945,0.360236018896
PURE_CHECKPOINT/Eval_On_TOKYOTECH,TOKYOTECH,old,TOKYOTECH_s02,145,window,4350,4590,145.0,153.0,180,60.0,58.0,2.0,2.0,3.4482758620689653,-0.5946112217834048,nan,240,0.014881817111745476,1.1083507312326648,-0.011683378699482038,0.9240306620307955,1.0,correct,02,2,9,first_180_seconds,94.7127380371,40.1235771179,0,0,83.684703945,0.360236018896
PURE_CHECKPOINT/Eval_On_TOKYOTECH,TOKYOTECH,old,TOKYOTECH_s02,146,window,4380,4620,146.0,154.0,180,59.0,59.0,0.0,0.0,0.0,-0.5661754256040207,nan,240,0.022901047005628547,1.1077677822884415,-0.02444067772132349,0.899298645640547,1.0,correct,02,2,9,first_180_seconds,94.7127380371,40.1235771179,0,0,83.684703945,0.360236018896
PURE_CHECKPOINT/Eval_On_TOKYOTECH,TOKYOTECH,old,TOKYOTECH_s02,147,window,4410,4650,147.0,155.0,180,59.0,59.0,0.0,0.0,0.0,-0.43216132226926457,nan,240,0.020991697907447815,1.0981888091851257,-0.009190970051704632,0.8425066306922011,1.0,correct,02,2,9,first_180_seconds,94.7127380371,40.1235771179,0,0,83.684703945,0.360236018896
PURE_CHECKPOINT/Eval_On_TOKYOTECH,TOKYOTECH,old,TOKYOTECH_s02,148,window,4440,4680,148.0,156.0,180,59.0,59.0,0.0,0.0,0.0,-0.4297583099614335,nan,240,0.02922842272867759,1.1065989195440873,-0.006615939632485453,0.8414424258061984,1.0,correct,02,2,9,first_180_seconds,94.7127380371,40.1235771179,0,0,83.684703945,0.360236018896
PURE_CHECKPOINT/Eval_On_TOKYOTECH,TOKYOTECH,old,TOKYOTECH_s02,149,window,4470,4710,149.0,157.0,180,59.0,59.0,0.0,0.0,0.0,-0.3029093691503316,nan,240,0.016450635126481452,1.107703429785489,-0.008081982000636829,0.8844632847142896,1.0,correct,02,2,9,first_180_seconds,94.7127380371,40.1235771179,0,0,83.684703945,0.360236018896
PURE_CHECKPOINT/Eval_On_TOKYOTECH,TOKYOTECH,old,TOKYOTECH_s02,150,window,4500,4740,150.0,158.0,180,59.0,59.0,0.0,0.0,0.0,-0.29946879884695515,nan,240,0.010320181570326289,1.1009736111968402,0.0014710192694345628,0.8956347711329689,1.0,correct,02,2,9,first_180_seconds,94.7127380371,40.1235771179,0,0,83.684703945,0.360236018896
PURE_CHECKPOINT/Eval_On_TOKYOTECH,TOKYOTECH,old,TOKYOTECH_s02,151,window,4530,4770,151.0,159.0,180,59.0,59.0,0.0,0.0,0.0,-0.20485627632084047,nan,240,0.008809880912303924,1.1098367635583424,0.009342229742838628,0.9063338649112543,1.0,correct,02,2,9,first_180_seconds,94.7127380371,40.1235771179,0,0,83.684703945,0.360236018896
PURE_CHECKPOINT/Eval_On_TOKYOTECH,TOKYOTECH,old,TOKYOTECH_s02,152,window,4560,4800,152.0,160.0,180,59.0,59.0,0.0,0.0,0.0,-0.26529197645025143,nan,240,-0.012893957962902883,1.1221919778032567,0.012752026814355829,0.8937969334079534,1.0,correct,02,2,9,first_180_seconds,94.7127380371,40.1235771179,0,0,83.684703945,0.360236018896
PURE_CHECKPOINT/Eval_On_TOKYOTECH,TOKYOTECH,old,TOKYOTECH_s02,153,window,4590,4830,153.0,161.0,180,60.0,59.0,1.0,1.0,1.694915254237288,-0.267010554175716,nan,240,-0.023236904052707057,1.1166722080770632,0.012904531858777386,0.8887111790947781,1.0,correct,02,2,9,first_180_seconds,94.7127380371,40.1235771179,0,0,83.684703945,0.360236018896
PURE_CHECKPOINT/Eval_On_TOKYOTECH,TOKYOTECH,old,TOKYOTECH_s02,154,window,4620,4860,154.0,162.0,180,60.0,59.0,1.0,1.0,1.694915254237288,-0.3091954651339984,nan,240,-0.008268198898682992,1.120797683594177,0.012408391929951395,0.8841206685160311,1.0,correct,02,2,9,first_180_seconds,94.7127380371,40.1235771179,0,0,83.684703945,0.360236018896
PURE_CHECKPOINT/Eval_On_TOKYOTECH,TOKYOTECH,old,TOKYOTECH_s02,155,window,4650,4890,155.0,163.0,180,60.0,60.0,0.0,0.0,0.0,-0.35609604338319767,nan,240,-0.0012699695924917856,1.1272650685744363,0.009064312579802202,0.8741091669547418,1.0,correct,02,2,9,first_180_seconds,94.7127380371,40.1235771179,0,0,83.684703945,0.360236018896
PURE_CHECKPOINT/Eval_On_TOKYOTECH,TOKYOTECH,old,TOKYOTECH_s02,156,window,4680,4920,156.0,164.0,180,60.0,60.0,0.0,0.0,0.0,-0.3826597408222034,nan,240,-0.002782924116278688,1.1116338802089614,0.007013605642622415,0.8600364939906378,1.0,correct,02,2,9,first_180_seconds,94.7127380371,40.1235771179,0,0,83.684703945,0.360236018896
PURE_CHECKPOINT/Eval_On_TOKYOTECH,TOKYOTECH,old,TOKYOTECH_s02,157,window,4710,4950,157.0,165.0,180,60.0,60.0,0.0,0.0,0.0,-0.36072926791724874,nan,240,0.009260537304605047,1.1085853945848054,0.013194588985851224,0.8630512705988964,1.0,correct,02,2,9,first_180_seconds,94.7127380371,40.1235771179,0,0,83.684703945,0.360236018896
PURE_CHECKPOINT/Eval_On_TOKYOTECH,TOKYOTECH,old,TOKYOTECH_s02,158,window,4740,4980,158.0,166.0,180,60.0,61.0,-1.0,1.0,1.639344262295082,-0.35469086402596095,nan,240,0.01189430298206086,1.1137376894520257,0.015006213725984152,0.8645944345999174,1.0,correct,02,2,9,first_180_seconds,94.7127380371,40.1235771179,0,0,83.684703945,0.360236018896
PURE_CHECKPOINT/Eval_On_TOKYOTECH,TOKYOTECH,old,TOKYOTECH_s02,159,window,4770,5010,159.0,167.0,180,60.0,61.0,-1.0,1.0,1.639344262295082,-0.3535131339724723,nan,240,0.0032090735582945245,1.1021050885796417,0.007138097279222727,0.8644264546325171,1.0,correct,02,2,9,first_180_seconds,94.7127380371,40.1235771179,0,0,83.684703945,0.360236018896
PURE_CHECKPOINT/Eval_On_TOKYOTECH,TOKYOTECH,old,TOKYOTECH_s02,160,window,4800,5040,160.0,168.0,180,60.0,61.0,-1.0,1.0,1.639344262295082,-0.33609322899446126,nan,240,0.018496537833319355,1.0950302698824392,0.008565150178722721,0.8705291433372252,1.0,correct,02,2,9,first_180_seconds,94.7127380371,40.1235771179,0,0,83.684703945,0.360236018896
PURE_CHECKPOINT/Eval_On_TOKYOTECH,TOKYOTECH,old,TOKYOTECH_s02,161,window,4830,5070,161.0,169.0,180,60.0,61.0,-1.0,1.0,1.639344262295082,-0.3725984794374172,nan,240,0.01034776218390713,1.105665912621873,0.006597258420082834,0.8628629306396588,1.0,correct,02,2,9,first_180_seconds,94.7127380371,40.1235771179,0,0,83.684703945,0.360236018896
PURE_CHECKPOINT/Eval_On_TOKYOTECH,TOKYOTECH,old,TOKYOTECH_s02,162,window,4860,5100,162.0,170.0,180,60.0,60.0,0.0,0.0,0.0,-0.3254168490288152,nan,240,-0.013274186973770459,1.1055448183926522,0.007819161922755327,0.877707232914403,1.0,correct,02,2,9,first_180_seconds,94.7127380371,40.1235771179,0,0,83.684703945,0.360236018896
PURE_CHECKPOINT/Eval_On_TOKYOTECH,TOKYOTECH,old,TOKYOTECH_s02,163,window,4890,5130,163.0,171.0,180,60.0,60.0,0.0,0.0,0.0,-0.347916733504887,nan,240,-0.009674983751028775,1.106497978291448,0.009098942672007006,0.8818138815388603,1.0,correct,02,2,9,first_180_seconds,94.7127380371,40.1235771179,0,0,83.684703945,0.360236018896
PURE_CHECKPOINT/Eval_On_TOKYOTECH,TOKYOTECH,old,TOKYOTECH_s02,164,window,4920,5160,164.0,172.0,180,60.0,60.0,0.0,0.0,0.0,-0.3582713140608513,nan,240,-0.007869400821315745,1.119557129822371,0.008886123953052149,0.8812835363313875,1.0,correct,02,2,9,first_180_seconds,94.7127380371,40.1235771179,0,0,83.684703945,0.360236018896
PURE_CHECKPOINT/Eval_On_TOKYOTECH,TOKYOTECH,old,TOKYOTECH_s02,165,window,4950,5190,165.0,173.0,180,60.0,60.0,0.0,0.0,0.0,-0.3519406171578806,nan,240,-0.010190164321102202,1.1145365990121454,0.009090712816330736,0.8834814705545008,1.0,correct,02,2,9,first_180_seconds,94.7127380371,40.1235771179,0,0,83.684703945,0.360236018896
PURE_CHECKPOINT/Eval_On_TOKYOTECH,TOKYOTECH,old,TOKYOTECH_s02,166,window,4980,5220,166.0,174.0,180,60.0,60.0,0.0,0.0,0.0,-0.3390944501692943,nan,240,-0.00426654372519503,1.1117039487655498,0.011023048399217188,0.883473490305877,1.0,correct,02,2,9,first_180_seconds,94.7127380371,40.1235771179,0,0,83.684703945,0.360236018896
PURE_CHECKPOINT/Eval_On_TOKYOTECH,TOKYOTECH,old,TOKYOTECH_s02,167,window,5010,5250,167.0,175.0,180,60.0,60.0,0.0,0.0,0.0,-0.3704748739763203,nan,240,0.0029420233564451336,1.121491653998844,0.011195908174598156,0.8859294203838719,1.0,correct,02,2,9,first_180_seconds,94.7127380371,40.1235771179,0,0,83.684703945,0.360236018896
PURE_CHECKPOINT/Eval_On_TOKYOTECH,TOKYOTECH,old,TOKYOTECH_s02,168,window,5040,5280,168.0,176.0,180,59.0,59.0,0.0,0.0,0.0,-0.36698158023381944,nan,240,-0.01396781753282994,1.119917604904969,0.0164766297460749,0.9000272403451974,1.0,correct,02,2,9,first_180_seconds,94.7127380371,40.1235771179,0,0,83.684703945,0.360236018896
PURE_CHECKPOINT/Eval_On_TOKYOTECH,TOKYOTECH,old,TOKYOTECH_s03,0,window,0,240,0.0,8.0,180,83.0,86.0,-3.0,3.0,3.488372093023256,0.47529853909329334,nan,240,-0.038537741731852294,1.2393692866924766,0.022459430429073,0.9261055042232286,1.0,correct,03,3,9,first_180_seconds,83.6307449341,29.7399616241,0,0,108.202783471,0.388118296862
PURE_CHECKPOINT/Eval_On_TOKYOTECH,TOKYOTECH,old,TOKYOTECH_s03,1,window,30,270,1.0,9.0,180,82.0,85.0,-3.0,3.0,3.5294117647058822,0.5234450849804927,nan,240,0.0562086002357925,1.0217283773711408,-0.030198904689876564,0.9428809315547656,1.0,correct,03,3,9,first_180_seconds,83.6307449341,29.7399616241,0,0,108.202783471,0.388118296862
PURE_CHECKPOINT/Eval_On_TOKYOTECH,TOKYOTECH,old,TOKYOTECH_s03,2,window,60,300,2.0,10.0,180,82.0,85.0,-3.0,3.0,3.5294117647058822,0.45205983088623425,nan,240,-5.683550455917915e-05,1.0173506596181001,0.017692590662232634,0.9383343448780885,1.0,correct,03,3,9,first_180_seconds,83.6307449341,29.7399616241,0,0,108.202783471,0.388118296862
PURE_CHECKPOINT/Eval_On_TOKYOTECH,TOKYOTECH,old,TOKYOTECH_s03,3,window,90,330,3.0,11.0,180,81.0,85.0,-4.0,4.0,4.705882352941177,0.20289229833772868,nan,240,0.05621108350654443,1.021144184890287,0.010320305577097484,0.9076263439700587,1.0,large_error,03,3,9,first_180_seconds,83.6307449341,29.7399616241,0,0,108.202783471,0.388118296862
PURE_CHECKPOINT/Eval_On_TOKYOTECH,TOKYOTECH,old,TOKYOTECH_s03,4,window,120,360,4.0,12.0,180,81.0,86.0,-5.0,5.0,5.813953488372093,0.12912652148889917,nan,240,0.009612480939055482,1.005951903016838,-0.022581338270088177,0.9251177409672697,1.0,large_error,03,3,9,first_180_seconds,83.6307449341,29.7399616241,0,0,108.202783471,0.388118296862
PURE_CHECKPOINT/Eval_On_TOKYOTECH,TOKYOTECH,old,TOKYOTECH_s03,5,window,150,390,5.0,13.0,180,81.0,86.0,-5.0,5.0,5.813953488372093,-0.23957677636955818,nan,240,0.07334773405455053,1.0053838079342587,0.02849172421579593,0.9391131465132712,1.0,large_error,03,3,9,first_180_seconds,83.6307449341,29.7399616241,0,0,108.202783471,0.388118296862
PURE_CHECKPOINT/Eval_On_TOKYOTECH,TOKYOTECH,old,TOKYOTECH_s03,6,window,180,420,6.0,14.0,180,82.0,87.0,-5.0,5.0,5.747126436781609,-0.3166267821903437,nan,240,0.06679037125431933,0.9670458697172452,0.0038299268867774314,0.8973325798303727,1.0,large_error,03,3,9,first_180_seconds,83.6307449341,29.7399616241,0,0,108.202783471,0.388118296862
PURE_CHECKPOINT/Eval_On_TOKYOTECH,TOKYOTECH,old,TOKYOTECH_s03,7,window,210,450,7.0,15.0,180,82.0,87.0,-5.0,5.0,5.747126436781609,-0.3479626914183628,nan,240,0.0680961445653035,0.9741472391154914,-0.010106841639242156,0.9303878939848378,1.0,large_error,03,3,9,first_180_seconds,83.6307449341,29.7399616241,0,0,108.202783471,0.388118296862
PURE_CHECKPOINT/Eval_On_TOKYOTECH,TOKYOTECH,old,TOKYOTECH_s03,8,window,240,480,8.0,16.0,180,82.0,86.0,-4.0,4.0,4.651162790697675,-0.17265727216839316,nan,240,0.0937435860260545,0.9653805288178011,0.022380195352098328,0.9287458514111614,1.0,large_error,03,3,9,first_180_seconds,83.6307449341,29.7399616241,0,0,108.202783471,0.388118296862
PURE_CHECKPOINT/Eval_On_TOKYOTECH,TOKYOTECH,old,TOKYOTECH_s03,9,window,270,510,9.0,17.0,180,82.0,85.0,-3.0,3.0,3.5294117647058822,-0.02135684298434484,nan,240,0.042014697250366835,0.9612949512498598,-0.030388723953572356,0.9211572782897448,1.0,correct,03,3,9,first_180_seconds,83.6307449341,29.7399616241,0,0,108.202783471,0.388118296862
PURE_CHECKPOINT/Eval_On_TOKYOTECH,TOKYOTECH,old,TOKYOTECH_s03,10,window,300,540,10.0,18.0,180,82.0,84.0,-2.0,2.0,2.380952380952381,-0.22967121845684138,nan,240,0.04818197383428924,1.0004423367319533,0.014503939445481392,0.9038109751969494,1.0,correct,03,3,9,first_180_seconds,83.6307449341,29.7399616241,0,0,108.202783471,0.388118296862
PURE_CHECKPOINT/Eval_On_TOKYOTECH,TOKYOTECH,old,TOKYOTECH_s03,11,window,330,570,11.0,19.0,180,82.0,83.0,-1.0,1.0,1.2048192771084338,-0.08775272210449107,nan,240,0.012206877971766516,1.0030337854690787,0.030312667886215124,0.9187680711434107,1.0,correct,03,3,9,first_180_seconds,83.6307449341,29.7399616241,0,0,108.202783471,0.388118296862
PURE_CHECKPOINT/Eval_On_TOKYOTECH,TOKYOTECH,old,TOKYOTECH_s03,12,window,360,600,12.0,20.0,180,82.0,82.0,0.0,0.0,0.0,-0.10387189095185856,nan,240,-0.012818850505088146,1.0184616950511136,-0.01853140938072756,0.8935540748800133,1.0,correct,03,3,9,first_180_seconds,83.6307449341,29.7399616241,0,0,108.202783471,0.388118296862
PURE_CHECKPOINT/Eval_On_TOKYOTECH,TOKYOTECH,old,TOKYOTECH_s03,13,window,390,630,13.0,21.0,180,83.0,83.0,0.0,0.0,0.0,-0.20862448382436216,nan,240,-0.019795175368199126,1.0378601986901181,0.0007166978902486299,0.840110703006524,1.0,correct,03,3,9,first_180_seconds,83.6307449341,29.7399616241,0,0,108.202783471,0.388118296862
PURE_CHECKPOINT/Eval_On_TOKYOTECH,TOKYOTECH,old,TOKYOTECH_s03,14,window,420,660,14.0,22.0,180,82.0,84.0,-2.0,2.0,2.380952380952381,0.06752058316619769,nan,240,-0.035765331246269245,1.0481011463850198,0.0106198031317988,0.8860629025153327,1.0,correct,03,3,9,first_180_seconds,83.6307449341,29.7399616241,0,0,108.202783471,0.388118296862
PURE_CHECKPOINT/Eval_On_TOKYOTECH,TOKYOTECH,old,TOKYOTECH_s03,15,window,450,690,15.0,23.0,180,83.0,85.0,-2.0,2.0,2.3529411764705883,0.0651149704518463,nan,240,0.026778684533201157,1.051443036280923,0.011963615672646118,0.9052474523485315,1.0,correct,03,3,9,first_180_seconds,83.6307449341,29.7399616241,0,0,108.202783471,0.388118296862
PURE_CHECKPOINT/Eval_On_TOKYOTECH,TOKYOTECH,old,TOKYOTECH_s03,16,window,480,720,16.0,24.0,180,82.0,86.0,-4.0,4.0,4.651162790697675,0.24806086988973905,nan,240,0.004402930415866043,1.0288020503380264,0.013872178748591127,0.8923180572237006,1.0,large_error,03,3,9,first_180_seconds,83.6307449341,29.7399616241,0,0,108.202783471,0.388118296862
PURE_CHECKPOINT/Eval_On_TOKYOTECH,TOKYOTECH,old,TOKYOTECH_s03,17,window,510,750,17.0,25.0,180,82.0,88.0,-6.0,6.0,6.8181818181818175,0.07404942956751051,nan,240,0.07897271379115409,1.0472565701876002,-0.03060017941214401,0.8683218991835633,1.0,large_error,03,3,9,first_180_seconds,83.6307449341,29.7399616241,0,0,108.202783471,0.388118296862
PURE_CHECKPOINT/Eval_On_TOKYOTECH,TOKYOTECH,old,TOKYOTECH_s03,18,window,540,780,18.0,26.0,180,83.0,88.0,-5.0,5.0,5.681818181818182,0.16625983561670032,nan,240,0.06608029396181034,1.0036460597799677,0.01571027017000112,0.7966785931416839,1.0,large_error,03,3,9,first_180_seconds,83.6307449341,29.7399616241,0,0,108.202783471,0.388118296862
PURE_CHECKPOINT/Eval_On_TOKYOTECH,TOKYOTECH,old,TOKYOTECH_s03,19,window,570,810,19.0,27.0,180,83.0,88.0,-5.0,5.0,5.681818181818182,0.1718439897547872,nan,240,0.06468299892173188,1.0192903703140619,0.014285331095046715,0.8954509443601197,1.0,large_error,03,3,9,first_180_seconds,83.6307449341,29.7399616241,0,0,108.202783471,0.388118296862
PURE_CHECKPOINT/Eval_On_TOKYOTECH,TOKYOTECH,old,TOKYOTECH_s03,20,window,600,840,20.0,28.0,180,83.0,88.0,-5.0,5.0,5.681818181818182,0.25879316878198494,nan,240,0.07331727729397244,1.0117955374995635,0.0042720322428097274,0.9039917073741449,1.0,large_error,03,3,9,first_180_seconds,83.6307449341,29.7399616241,0,0,108.202783471,0.388118296862
PURE_CHECKPOINT/Eval_On_TOKYOTECH,TOKYOTECH,old,TOKYOTECH_s03,21,window,630,870,21.0,29.0,180,83.0,87.0,-4.0,4.0,4.597701149425287,0.058964822631206275,nan,240,0.01935948397828421,1.0123984790446758,0.010470843704050081,0.8775689305420253,1.0,large_error,03,3,9,first_180_seconds,83.6307449341,29.7399616241,0,0,108.202783471,0.388118296862
PURE_CHECKPOINT/Eval_On_TOKYOTECH,TOKYOTECH,old,TOKYOTECH_s03,22,window,660,900,22.0,30.0,180,83.0,86.0,-3.0,3.0,3.488372093023256,-0.006432569195309515,nan,240,0.039825501797895416,1.0191589874509237,0.016500645361812238,0.8027064352547348,1.0,correct,03,3,9,first_180_seconds,83.6307449341,29.7399616241,0,0,108.202783471,0.388118296862
PURE_CHECKPOINT/Eval_On_TOKYOTECH,TOKYOTECH,old,TOKYOTECH_s03,23,window,690,930,23.0,31.0,180,84.0,86.0,-2.0,2.0,2.3255813953488373,-0.06491627610245203,nan,240,-0.04312030904645023,1.0149872477986495,0.006740574595871035,0.7163220020253849,1.0,correct,03,3,9,first_180_seconds,83.6307449341,29.7399616241,0,0,108.202783471,0.388118296862
PURE_CHECKPOINT/Eval_On_TOKYOTECH,TOKYOTECH,old,TOKYOTECH_s03,24,window,720,960,24.0,32.0,180,83.0,86.0,-3.0,3.0,3.488372093023256,-0.16367814424428476,nan,240,0.014350878946182396,1.0381997697019074,-0.019785758924271944,0.8531188413283021,1.0,correct,03,3,9,first_180_seconds,83.6307449341,29.7399616241,0,0,108.202783471,0.388118296862
PURE_CHECKPOINT/Eval_On_TOKYOTECH,TOKYOTECH,old,TOKYOTECH_s03,25,window,750,990,25.0,33.0,180,85.0,86.0,-1.0,1.0,1.1627906976744187,-0.10506925355602204,nan,240,-0.025863784394217267,1.0119348041349847,0.006372770954783858,0.8186129829243936,1.0,correct,03,3,9,first_180_seconds,83.6307449341,29.7399616241,0,0,108.202783471,0.388118296862
PURE_CHECKPOINT/Eval_On_TOKYOTECH,TOKYOTECH,old,TOKYOTECH_s03,26,window,780,1020,26.0,34.0,180,83.0,87.0,-4.0,4.0,4.597701149425287,-0.15530177641606918,nan,240,0.04661253749242557,1.0359457410044637,0.016321062105113287,0.8670366706822658,1.0,large_error,03,3,9,first_180_seconds,83.6307449341,29.7399616241,0,0,108.202783471,0.388118296862
PURE_CHECKPOINT/Eval_On_TOKYOTECH,TOKYOTECH,old,TOKYOTECH_s03,27,window,810,1050,27.0,35.0,180,84.0,87.0,-3.0,3.0,3.4482758620689653,-0.23985681181734728,nan,240,0.029920645550252326,1.0106184530620934,0.031359641645230134,0.8781127742634687,1.0,correct,03,3,9,first_180_seconds,83.6307449341,29.7399616241,0,0,108.202783471,0.388118296862
PURE_CHECKPOINT/Eval_On_TOKYOTECH,TOKYOTECH,old,TOKYOTECH_s03,28,window,840,1080,28.0,36.0,180,84.0,88.0,-4.0,4.0,4.545454545454546,-0.24536974712203893,nan,240,0.0615080235247054,1.011133413904505,0.006586214445681304,0.9111214116986794,1.0,large_error,03,3,9,first_180_seconds,83.6307449341,29.7399616241,0,0,108.202783471,0.388118296862
PURE_CHECKPOINT/Eval_On_TOKYOTECH,TOKYOTECH,old,TOKYOTECH_s03,29,window,870,1110,29.0,37.0,180,83.0,87.0,-4.0,4.0,4.597701149425287,-0.30303278057736405,nan,240,0.060221051464031915,0.9758670546385105,-0.02011791421033365,0.9258011522211419,1.0,large_error,03,3,9,first_180_seconds,83.6307449341,29.7399616241,0,0,108.202783471,0.388118296862
PURE_CHECKPOINT/Eval_On_TOKYOTECH,TOKYOTECH,old,TOKYOTECH_s03,30,window,900,1140,30.0,38.0,180,83.0,87.0,-4.0,4.0,4.597701149425287,-0.35489921764928095,nan,240,0.048200774787498325,0.992710738454414,0.013834846757488103,0.8786833215361106,1.0,large_error,03,3,9,first_180_seconds,83.6307449341,29.7399616241,0,0,108.202783471,0.388118296862
PURE_CHECKPOINT/Eval_On_TOKYOTECH,TOKYOTECH,old,TOKYOTECH_s03,31,window,930,1170,31.0,39.0,180,82.0,87.0,-5.0,5.0,5.747126436781609,-0.34708878893408407,nan,240,0.06699252032461421,0.9701031688080438,0.025554541060215593,0.9064841645827685,1.0,large_error,03,3,9,first_180_seconds,83.6307449341,29.7399616241,0,0,108.202783471,0.388118296862
PURE_CHECKPOINT/Eval_On_TOKYOTECH,TOKYOTECH,old,TOKYOTECH_s03,32,window,960,1200,32.0,40.0,180,82.0,87.0,-5.0,5.0,5.747126436781609,-0.2705898612800589,nan,240,0.01506727167967862,0.9861651171130908,-0.03800809056431064,0.9045764681269549,1.0,large_error,03,3,9,first_180_seconds,83.6307449341,29.7399616241,0,0,108.202783471,0.388118296862
PURE_CHECKPOINT/Eval_On_TOKYOTECH,TOKYOTECH,old,TOKYOTECH_s03,33,window,990,1230,33.0,41.0,180,82.0,87.0,-5.0,5.0,5.747126436781609,-0.16073971104876525,nan,240,0.03099892436778949,0.9983484184096151,0.014082838871051754,0.9047674311700592,1.0,large_error,03,3,9,first_180_seconds,83.6307449341,29.7399616241,0,0,108.202783471,0.388118296862
PURE_CHECKPOINT/Eval_On_TOKYOTECH,TOKYOTECH,old,TOKYOTECH_s03,34,window,1020,1260,34.0,42.0,180,82.0,88.0,-6.0,6.0,6.8181818181818175,0.05529197224327724,nan,240,-0.034256358809458716,0.998935146699019,0.013845759211552693,0.9044197782778345,1.0,large_error,03,3,9,first_180_seconds,83.6307449341,29.7399616241,0,0,108.202783471,0.388118296862
PURE_CHECKPOINT/Eval_On_TOKYOTECH,TOKYOTECH,old,TOKYOTECH_s03,35,window,1050,1290,35.0,43.0,180,79.0,88.0,-9.0,9.0,10.227272727272728,-0.021390634990212803,nan,240,-0.0017021545441821217,1.0108246780978987,-0.0060322694951022195,0.9248217885251846,1.0,large_error,03,3,9,first_180_seconds,83.6307449341,29.7399616241,0,0,108.202783471,0.388118296862
PURE_CHECKPOINT/Eval_On_TOKYOTECH,TOKYOTECH,old,TOKYOTECH_s03,36,window,1080,1320,36.0,44.0,180,80.0,88.0,-8.0,8.0,9.090909090909092,0.06538594439842235,nan,240,-0.046320854655156535,1.0053764716646187,0.028364349156983347,0.9331677715655757,1.0,large_error,03,3,9,first_180_seconds,83.6307449341,29.7399616241,0,0,108.202783471,0.388118296862
PURE_CHECKPOINT/Eval_On_TOKYOTECH,TOKYOTECH,old,TOKYOTECH_s03,37,window,1110,1350,37.0,45.0,180,82.0,88.0,-6.0,6.0,6.8181818181818175,0.02822207110489881,nan,240,0.001058895329091077,1.0535061288089518,0.016072482809177384,0.9224053135001872,1.0,large_error,03,3,9,first_180_seconds,83.6307449341,29.7399616241,0,0,108.202783471,0.388118296862
PURE_CHECKPOINT/Eval_On_TOKYOTECH,TOKYOTECH,old,TOKYOTECH_s03,38,window,1140,1380,38.0,46.0,180,82.0,88.0,-6.0,6.0,6.8181818181818175,-0.0739102134004749,nan,240,-0.026627259202844773,1.0635479043672396,-0.020653040921107525,0.9255776612296769,1.0,large_error,03,3,9,first_180_seconds,83.6307449341,29.7399616241,0,0,108.202783471,0.388118296862
PURE_CHECKPOINT/Eval_On_TOKYOTECH,TOKYOTECH,old,TOKYOTECH_s03,39,window,1170,1410,39.0,47.0,180,82.0,88.0,-6.0,6.0,6.8181818181818175,-0.177529667115258,nan,240,-0.005914270084273691,1.0962061393268738,0.013919732914669525,0.9263712816537634,1.0,large_error,03,3,9,first_180_seconds,83.6307449341,29.7399616241,0,0,108.202783471,0.388118296862
PURE_CHECKPOINT/Eval_On_TOKYOTECH,TOKYOTECH,old,TOKYOTECH_s03,40,window,1200,1440,40.0,48.0,180,83.0,88.0,-5.0,5.0,5.681818181818182,-0.3027052529233253,nan,240,-0.041636453489384925,1.0872354604140522,0.009025336211489451,0.8916665033930921,1.0,large_error,03,3,9,first_180_seconds,83.6307449341,29.7399616241,0,0,108.202783471,0.388118296862
PURE_CHECKPOINT/Eval_On_TOKYOTECH,TOKYOTECH,old,TOKYOTECH_s03,41,window,1230,1470,41.0,49.0,180,83.0,88.0,-5.0,5.0,5.681818181818182,-0.30511003549197063,nan,240,-0.06644995639071567,1.0894887665405082,0.006603578555061388,0.8865758728566198,1.0,large_error,03,3,9,first_180_seconds,83.6307449341,29.7399616241,0,0,108.202783471,0.388118296862
PURE_CHECKPOINT/Eval_On_TOKYOTECH,TOKYOTECH,old,TOKYOTECH_s03,42,window,1260,1500,42.0,50.0,180,83.0,88.0,-5.0,5.0,5.681818181818182,-0.1621445232247978,nan,240,-0.08556560565533194,1.0854573328398776,0.016194061895846025,0.9182600078373616,1.0,large_error,03,3,9,first_180_seconds,83.6307449341,29.7399616241,0,0,108.202783471,0.388118296862
PURE_CHECKPOINT/Eval_On_TOKYOTECH,TOKYOTECH,old,TOKYOTECH_s03,43,window,1290,1530,43.0,51.0,180,82.0,88.0,-6.0,6.0,6.8181818181818175,-0.07998712875088083,nan,240,-0.0988928576958036,1.1216904967530352,-0.027306742815696495,0.8577210421316885,1.0,large_error,03,3,9,first_180_seconds,83.6307449341,29.7399616241,0,0,108.202783471,0.388118296862
PURE_CHECKPOINT/Eval_On_TOKYOTECH,TOKYOTECH,old,TOKYOTECH_s03,44,window,1320,1560,44.0,52.0,180,82.0,88.0,-6.0,6.0,6.8181818181818175,-0.04256939527857957,nan,240,-0.09215380203556076,1.1089167893862728,0.010403170779516403,0.8182770064360685,1.0,large_error,03,3,9,first_180_seconds,83.6307449341,29.7399616241,0,0,108.202783471,0.388118296862
PURE_CHECKPOINT/Eval_On_TOKYOTECH,TOKYOTECH,old,TOKYOTECH_s03,45,window,1350,1590,45.0,53.0,180,81.0,88.0,-7.0,7.0,7.954545454545454,0.0607515116643654,nan,240,-0.12422602117367205,1.1170888500487328,0.02989792009593154,0.9395178788909491,1.0,large_error,03,3,9,first_180_seconds,83.6307449341,29.7399616241,0,0,108.202783471,0.388118296862
PURE_CHECKPOINT/Eval_On_TOKYOTECH,TOKYOTECH,old,TOKYOTECH_s03,46,window,1380,1620,46.0,54.0,180,78.0,88.0,-10.0,10.0,11.363636363636363,-0.020774662873781408,nan,240,-0.06718801197591044,1.0946297759204082,0.009228558405751996,0.9047662287506537,1.0,large_error,03,3,9,first_180_seconds,83.6307449341,29.7399616241,0,0,108.202783471,0.388118296862
PURE_CHECKPOINT/Eval_On_TOKYOTECH,TOKYOTECH,old,TOKYOTECH_s03,47,window,1410,1650,47.0,55.0,180,77.0,89.0,-12.0,12.0,13.48314606741573,-0.021194910222037663,nan,240,-0.04624595025743474,1.0887184086687371,0.005788913272114734,0.886513180989612,1.0,large_error,03,3,9,first_180_seconds,83.6307449341,29.7399616241,0,0,108.202783471,0.388118296862
PURE_CHECKPOINT/Eval_On_TOKYOTECH,TOKYOTECH,old,TOKYOTECH_s03,48,window,1440,1680,48.0,56.0,180,79.0,90.0,-11.0,11.0,12.222222222222221,0.061299466135470326,nan,240,0.015217755875831547,1.0724539530137234,0.0057693823307849775,0.9052017225793312,1.0,large_error,03,3,9,first_180_seconds,83.6307449341,29.7399616241,0,0,108.202783471,0.388118296862
PURE_CHECKPOINT/Eval_On_TOKYOTECH,TOKYOTECH,old,TOKYOTECH_s03,49,window,1470,1710,49.0,57.0,180,79.0,90.0,-11.0,11.0,12.222222222222221,-0.05430267397434462,nan,240,0.06898498133499137,1.064191551177443,-0.036044618845946196,0.9382855749224023,1.0,large_error,03,3,9,first_180_seconds,83.6307449341,29.7399616241,0,0,108.202783471,0.388118296862
PURE_CHECKPOINT/Eval_On_TOKYOTECH,TOKYOTECH,old,TOKYOTECH_s03,50,window,1500,1740,50.0,58.0,180,81.0,91.0,-10.0,10.0,10.989010989010989,-0.14763337364882562,nan,240,0.0991424257903418,1.0426783874310521,0.0184110963588393,0.8972814017903707,1.0,large_error,03,3,9,first_180_seconds,83.6307449341,29.7399616241,0,0,108.202783471,0.388118296862
PURE_CHECKPOINT/Eval_On_TOKYOTECH,TOKYOTECH,old,TOKYOTECH_s03,51,window,1530,1770,51.0,59.0,180,82.0,92.0,-10.0,10.0,10.869565217391305,-0.20860220643017643,nan,240,0.1259738852250545,1.0174526362831422,0.029593128611708597,0.9385287460977794,1.0,large_error,03,3,9,first_180_seconds,83.6307449341,29.7399616241,0,0,108.202783471,0.388118296862
PURE_CHECKPOINT/Eval_On_TOKYOTECH,TOKYOTECH,old,TOKYOTECH_s03,52,window,1560,1800,52.0,60.0,180,82.0,92.0,-10.0,10.0,10.869565217391305,-0.18201950535542907,nan,240,0.1202163214465448,1.0241438556200029,-0.02262401750355042,0.9221328659427549,1.0,large_error,03,3,9,first_180_seconds,83.6307449341,29.7399616241,0,0,108.202783471,0.388118296862
PURE_CHECKPOINT/Eval_On_TOKYOTECH,TOKYOTECH,old,TOKYOTECH_s03,53,window,1590,1830,53.0,61.0,180,83.0,92.0,-9.0,9.0,9.782608695652174,-0.10633614992430725,nan,240,0.13748172178360013,0.9843604440800577,0.006211513241008465,0.9222315328449557,1.0,large_error,03,3,9,first_180_seconds,83.6307449341,29.7399616241,0,0,108.202783471,0.388118296862
PURE_CHECKPOINT/Eval_On_TOKYOTECH,TOKYOTECH,old,TOKYOTECH_s03,54,window,1620,1860,54.0,62.0,180,83.0,91.0,-8.0,8.0,8.791208791208792,0.04685297202709858,nan,240,0.0768769989546854,0.9870205223386102,0.0008358553889298588,0.9125686573213196,1.0,large_error,03,3,9,first_180_seconds,83.6307449341,29.7399616241,0,0,108.202783471,0.388118296862
PURE_CHECKPOINT/Eval_On_TOKYOTECH,TOKYOTECH,old,TOKYOTECH_s03,55,window,1650,1890,55.0,63.0,180,83.0,91.0,-8.0,8.0,8.791208791208792,-0.019817107581688656,nan,240,0.06157540772110224,0.9788296334004666,0.0017813941339171284,0.9170264836759561,1.0,large_error,03,3,9,first_180_seconds,83.6307449341,29.7399616241,0,0,108.202783471,0.388118296862
PURE_CHECKPOINT/Eval_On_TOKYOTECH,TOKYOTECH,old,TOKYOTECH_s03,56,window,1680,1920,56.0,64.0,180,82.0,92.0,-10.0,10.0,10.869565217391305,-0.014540793327147812,nan,240,0.018632184279461703,0.9952853790668633,0.02609786427435668,0.9205431018579745,1.0,large_error,03,3,9,first_180_seconds,83.6307449341,29.7399616241,0,0,108.202783471,0.388118296862
PURE_CHECKPOINT/Eval_On_TOKYOTECH,TOKYOTECH,old,TOKYOTECH_s03,57,window,1710,1950,57.0,65.0,180,83.0,92.0,-9.0,9.0,9.782608695652174,-0.08474298320719505,nan,240,-0.046693714203623435,0.9696773535107577,-0.0060433023513755514,0.9041105261430847,1.0,large_error,03,3,9,first_180_seconds,83.6307449341,29.7399616241,0,0,108.202783471,0.388118296862
PURE_CHECKPOINT/Eval_On_TOKYOTECH,TOKYOTECH,old,TOKYOTECH_s03,58,window,1740,1980,58.0,66.0,180,85.0,93.0,-8.0,8.0,8.60215053763441,0.07531925928854999,nan,240,-0.05747906308776388,0.9688351124105067,0.006199857020085043,0.8956817033393427,1.0,large_error,03,3,9,first_180_seconds,83.6307449341,29.7399616241,0,0,108.202783471,0.388118296862
PURE_CHECKPOINT/Eval_On_TOKYOTECH,TOKYOTECH,old,TOKYOTECH_s03,59,window,1770,2010,59.0,67.0,180,86.0,94.0,-8.0,8.0,8.51063829787234,-0.009958938232276109,nan,240,-0.12602280381834136,0.9246771937038055,0.040196546541766284,0.8948762852849119,1.0,large_error,03,3,9,first_180_seconds,83.6307449341,29.7399616241,0,0,108.202783471,0.388118296862
PURE_CHECKPOINT/Eval_On_TOKYOTECH,TOKYOTECH,old,TOKYOTECH_s03,60,window,1800,2040,60.0,68.0,180,89.0,95.0,-6.0,6.0,6.315789473684211,0.156954073624537,nan,240,-0.06966200886721102,0.9153695253015063,0.008868321455350188,0.8865075844538026,1.0,large_error,03,3,9,first_180_seconds,83.6307449341,29.7399616241,0,0,108.202783471,0.388118296862
PURE_CHECKPOINT/Eval_On_TOKYOTECH,TOKYOTECH,old,TOKYOTECH_s03,61,window,1830,2070,61.0,69.0,180,89.0,96.0,-7.0,7.0,7.291666666666667,0.06041502044032143,nan,240,-0.08599337178554076,0.90463471742433,0.011878828653554184,0.8759901693358814,1.0,large_error,03,3,9,first_180_seconds,83.6307449341,29.7399616241,0,0,108.202783471,0.388118296862
PURE_CHECKPOINT/Eval_On_TOKYOTECH,TOKYOTECH,old,TOKYOTECH_s03,62,window,1860,2100,62.0,70.0,180,90.0,96.0,-6.0,6.0,6.25,-0.07187116915450861,nan,240,-0.045742386057584856,0.8789134020626299,0.012547144119647618,0.878235096984741,1.0,large_error,03,3,9,first_180_seconds,83.6307449341,29.7399616241,0,0,108.202783471,0.388118296862
PURE_CHECKPOINT/Eval_On_TOKYOTECH,TOKYOTECH,old,TOKYOTECH_s03,63,window,1890,2130,63.0,71.0,180,90.0,96.0,-6.0,6.0,6.25,-0.17068166921755887,nan,240,-0.060036688598726566,0.8727448555854562,0.004529407609918077,0.8396792459304827,1.0,large_error,03,3,9,first_180_seconds,83.6307449341,29.7399616241,0,0,108.202783471,0.388118296862
PURE_CHECKPOINT/Eval_On_TOKYOTECH,TOKYOTECH,old,TOKYOTECH_s03,64,window,1920,2160,64.0,72.0,180,90.0,95.0,-5.0,5.0,5.263157894736842,-0.14549330238027453,nan,240,-0.041591182962292805,0.854027106920655,0.01573105539850593,0.8881606085953432,1.0,large_error,03,3,9,first_180_seconds,83.6307449341,29.7399616241,0,0,108.202783471,0.388118296862
PURE_CHECKPOINT/Eval_On_TOKYOTECH,TOKYOTECH,old,TOKYOTECH_s03,65,window,1950,2190,65.0,73.0,180,90.0,95.0,-5.0,5.0,5.263157894736842,-0.052140149548294164,nan,240,0.0005205831936715791,0.8896197825385176,0.010596931921177244,0.8359575307043863,1.0,large_error,03,3,9,first_180_seconds,83.6307449341,29.7399616241,0,0,108.202783471,0.388118296862
PURE_CHECKPOINT/Eval_On_TOKYOTECH,TOKYOTECH,old,TOKYOTECH_s03,66,window,1980,2220,66.0,74.0,180,90.0,94.0,-4.0,4.0,4.25531914893617,0.142237727024148,nan,240,0.003923427288342888,0.8955372819460831,0.01326067059933647,0.8814452420823963,1.0,large_error,03,3,9,first_180_seconds,83.6307449341,29.7399616241,0,0,108.202783471,0.388118296862
PURE_CHECKPOINT/Eval_On_TOKYOTECH,TOKYOTECH,old,TOKYOTECH_s03,67,window,2010,2250,67.0,75.0,180,90.0,94.0,-4.0,4.0,4.25531914893617,0.29111445988476503,nan,240,0.07554204525076784,0.9119994367717064,0.010699072000202866,0.8490424862579626,1.0,large_error,03,3,9,first_180_seconds,83.6307449341,29.7399616241,0,0,108.202783471,0.388118296862
PURE_CHECKPOINT/Eval_On_TOKYOTECH,TOKYOTECH,old,TOKYOTECH_s03,68,window,2040,2280,68.0,76.0,180,90.0,94.0,-4.0,4.0,4.25531914893617,0.34829678176451856,nan,240,0.04817460651199023,0.9272015002566275,0.013361622316966613,0.8714221723175407,1.0,large_error,03,3,9,first_180_seconds,83.6307449341,29.7399616241,0,0,108.202783471,0.388118296862
PURE_CHECKPOINT/Eval_On_TOKYOTECH,TOKYOTECH,old,TOKYOTECH_s03,69,window,2070,2310,69.0,77.0,180,90.0,94.0,-4.0,4.0,4.25531914893617,0.33281858724846597,nan,240,0.05890332420531195,0.9023408382126918,0.0021978423753442142,0.8335061860944263,1.0,large_error,03,3,9,first_180_seconds,83.6307449341,29.7399616241,0,0,108.202783471,0.388118296862
PURE_CHECKPOINT/Eval_On_TOKYOTECH,TOKYOTECH,old,TOKYOTECH_s03,70,window,2100,2340,70.0,78.0,180,89.0,94.0,-5.0,5.0,5.319148936170213,0.2385826307287877,nan,240,0.06892805565633656,0.9427358970144876,0.015987321587809137,0.8975280458444233,1.0,large_error,03,3,9,first_180_seconds,83.6307449341,29.7399616241,0,0,108.202783471,0.388118296862
PURE_CHECKPOINT/Eval_On_TOKYOTECH,TOKYOTECH,old,TOKYOTECH_s03,71,window,2130,2370,71.0,79.0,180,88.0,94.0,-6.0,6.0,6.382978723404255,0.10874975492645102,nan,240,0.054300371624412945,0.9210493953084906,-0.01332534510007362,0.8381089751674019,1.0,large_error,03,3,9,first_180_seconds,83.6307449341,29.7399616241,0,0,108.202783471,0.388118296862
PURE_CHECKPOINT/Eval_On_TOKYOTECH,TOKYOTECH,old,TOKYOTECH_s03,72,window,2160,2400,72.0,80.0,180,89.0,94.0,-5.0,5.0,5.319148936170213,-0.05396119373605882,nan,240,0.07293982672369263,0.9232788213589684,0.026211906722611866,0.8886392922748853,1.0,large_error,03,3,9,first_180_seconds,83.6307449341,29.7399616241,0,0,108.202783471,0.388118296862
PURE_CHECKPOINT/Eval_On_TOKYOTECH,TOKYOTECH,old,TOKYOTECH_s03,73,window,2190,2430,73.0,81.0,180,88.0,94.0,-6.0,6.0,6.382978723404255,-0.16446190228823634,nan,240,0.022057963027812853,0.9025087303475062,-0.03166609107337125,0.8343914625981557,1.0,large_error,03,3,9,first_180_seconds,83.6307449341,29.7399616241,0,0,108.202783471,0.388118296862
PURE_CHECKPOINT/Eval_On_TOKYOTECH,TOKYOTECH,old,TOKYOTECH_s03,74,window,2220,2460,74.0,82.0,180,88.0,94.0,-6.0,6.0,6.382978723404255,-0.3008524884619652,nan,240,0.041509851888016175,0.905058339124899,0.03401012294283282,0.8676662484510997,1.0,large_error,03,3,9,first_180_seconds,83.6307449341,29.7399616241,0,0,108.202783471,0.388118296862
PURE_CHECKPOINT/Eval_On_TOKYOTECH,TOKYOTECH,old,TOKYOTECH_s03,75,window,2250,2490,75.0,83.0,180,85.0,94.0,-9.0,9.0,9.574468085106384,-0.16181710059630317,nan,240,-0.014179145237236904,0.8918986779414088,0.012240849500921825,0.8693863956679431,1.0,large_error,03,3,9,first_180_seconds,83.6307449341,29.7399616241,0,0,108.202783471,0.388118296862
PURE_CHECKPOINT/Eval_On_TOKYOTECH,TOKYOTECH,old,TOKYOTECH_s03,76,window,2280,2520,76.0,84.0,180,87.0,94.0,-7.0,7.0,7.446808510638298,-0.011445442334528615,nan,240,0.009382054975139909,0.8800429612005596,0.03772924384490387,0.9087491345132187,1.0,large_error,03,3,9,first_180_seconds,83.6307449341,29.7399616241,0,0,108.202783471,0.388118296862
PURE_CHECKPOINT/Eval_On_TOKYOTECH,TOKYOTECH,old,TOKYOTECH_s03,77,window,2310,2550,77.0,85.0,180,86.0,95.0,-9.0,9.0,9.473684210526317,0.059997432929454746,nan,240,0.015479467568608622,0.9076523116323677,0.010532812491555006,0.8369005204679977,1.0,large_error,03,3,9,first_180_seconds,83.6307449341,29.7399616241,0,0,108.202783471,0.388118296862
PURE_CHECKPOINT/Eval_On_TOKYOTECH,TOKYOTECH,old,TOKYOTECH_s03,78,window,2340,2580,78.0,86.0,180,87.0,95.0,-8.0,8.0,8.421052631578947,0.025427569782184817,nan,240,-0.00960965963313356,0.8774375598858035,0.03420603461673557,0.8558178427975938,1.0,large_error,03,3,9,first_180_seconds,83.6307449341,29.7399616241,0,0,108.202783471,0.388118296862
PURE_CHECKPOINT/Eval_On_TOKYOTECH,TOKYOTECH,old,TOKYOTECH_s03,79,window,2370,2610,79.0,87.0,180,90.0,96.0,-6.0,6.0,6.25,0.13805028038740783,nan,240,0.04524915636284277,0.9051540112061812,-0.02302844574863779,0.9239358178329764,1.0,large_error,03,3,9,first_180_seconds,83.6307449341,29.7399616241,0,0,108.202783471,0.388118296862
PURE_CHECKPOINT/Eval_On_TOKYOTECH,TOKYOTECH,old,TOKYOTECH_s03,80,window,2400,2640,80.0,88.0,180,90.0,97.0,-7.0,7.0,7.216494845360824,-0.029740941013428644,nan,240,0.03931523765204474,0.9066046057788081,0.02394843573264736,0.8604914128308668,1.0,large_error,03,3,9,first_180_seconds,83.6307449341,29.7399616241,0,0,108.202783471,0.388118296862
PURE_CHECKPOINT/Eval_On_TOKYOTECH,TOKYOTECH,old,TOKYOTECH_s03,81,window,2430,2670,81.0,89.0,180,90.0,97.0,-7.0,7.0,7.216494845360824,0.0034634308974099966,nan,240,0.052941952215041964,0.9065850408337454,0.004282704086432016,0.8895471827930377,1.0,large_error,03,3,9,first_180_seconds,83.6307449341,29.7399616241,0,0,108.202783471,0.388118296862
PURE_CHECKPOINT/Eval_On_TOKYOTECH,TOKYOTECH,old,TOKYOTECH_s03,82,window,2460,2700,82.0,90.0,180,90.0,97.0,-7.0,7.0,7.216494845360824,-0.031253661391310084,nan,240,0.07538388739340007,0.9003045664073228,0.012486240392795563,0.8428042947993067,1.0,large_error,03,3,9,first_180_seconds,83.6307449341,29.7399616241,0,0,108.202783471,0.388118296862
PURE_CHECKPOINT/Eval_On_TOKYOTECH,TOKYOTECH,old,TOKYOTECH_s03,83,window,2490,2730,83.0,91.0,180,90.0,98.0,-8.0,8.0,8.16326530612245,-0.054014843131206906,nan,240,0.08614877856646976,0.9061392323039186,0.011479500027742803,0.898493023697634,1.0,large_error,03,3,9,first_180_seconds,83.6307449341,29.7399616241,0,0,108.202783471,0.388118296862
PURE_CHECKPOINT/Eval_On_TOKYOTECH,TOKYOTECH,old,TOKYOTECH_s03,84,window,2520,2760,84.0,92.0,180,89.0,98.0,-9.0,9.0,9.183673469387756,-0.04332005507476037,nan,240,0.07573682023212314,0.9256988831495151,0.007721004345944408,0.879059480094858,1.0,large_error,03,3,9,first_180_seconds,83.6307449341,29.7399616241,0,0,108.202783471,0.388118296862
PURE_CHECKPOINT/Eval_On_TOKYOTECH,TOKYOTECH,old,TOKYOTECH_s03,85,window,2550,2790,85.0,93.0,180,89.0,97.0,-8.0,8.0,8.24742268041237,-0.032538394106048404,nan,240,0.06484506084040428,0.9279854590327655,0.008906250366083161,0.8859948925450042,1.0,large_error,03,3,9,first_180_seconds,83.6307449341,29.7399616241,0,0,108.202783471,0.388118296862
PURE_CHECKPOINT/Eval_On_TOKYOTECH,TOKYOTECH,old,TOKYOTECH_s03,86,window,2580,2820,86.0,94.0,180,89.0,97.0,-8.0,8.0,8.24742268041237,-0.07236009049818999,nan,240,0.05587379255642493,0.9366618290407186,0.008014972687148849,0.8672076593882049,1.0,large_error,03,3,9,first_180_seconds,83.6307449341,29.7399616241,0,0,108.202783471,0.388118296862
PURE_CHECKPOINT/Eval_On_TOKYOTECH,TOKYOTECH,old,TOKYOTECH_s03,87,window,2610,2850,87.0,95.0,180,90.0,97.0,-7.0,7.0,7.216494845360824,-0.012406180506165857,nan,240,0.026876525829235713,0.9203447507868531,-0.005133125613232362,0.9087801471060546,1.0,large_error,03,3,9,first_180_seconds,83.6307449341,29.7399616241,0,0,108.202783471,0.388118296862
PURE_CHECKPOINT/Eval_On_TOKYOTECH,TOKYOTECH,old,TOKYOTECH_s03,88,window,2640,2880,88.0,96.0,180,91.0,97.0,-6.0,6.0,6.185567010309279,-0.1330584180161812,nan,240,-0.006454537762328983,0.9179620346623338,0.008680148300327224,0.8719515835571748,1.0,large_error,03,3,9,first_180_seconds,83.6307449341,29.7399616241,0,0,108.202783471,0.388118296862
PURE_CHECKPOINT/Eval_On_TOKYOTECH,TOKYOTECH,old,TOKYOTECH_s03,89,window,2670,2910,89.0,97.0,180,92.0,97.0,-5.0,5.0,5.154639175257731,-0.1889893322575498,nan,240,-0.0005078348641594251,0.913690112764819,-0.004646976184382662,0.8595986645135604,1.0,large_error,03,3,9,first_180_seconds,83.6307449341,29.7399616241,0,0,108.202783471,0.388118296862
PURE_CHECKPOINT/Eval_On_TOKYOTECH,TOKYOTECH,old,TOKYOTECH_s03,90,window,2700,2940,90.0,98.0,180,95.0,96.0,-1.0,1.0,1.0416666666666665,-0.5064134015511428,nan,240,-0.02491079756291583,0.9387383601007265,0.007542765279529232,0.8458351838300904,1.0,correct,03,3,9,first_180_seconds,83.6307449341,29.7399616241,0,0,108.202783471,0.388118296862
PURE_CHECKPOINT/Eval_On_TOKYOTECH,TOKYOTECH,old,TOKYOTECH_s03,91,window,2730,2970,91.0,99.0,180,93.0,96.0,-3.0,3.0,3.125,-0.48837243914493456,nan,240,-0.03372684396454133,0.9244707789681693,0.01963865627348378,0.8849738114387853,1.0,correct,03,3,9,first_180_seconds,83.6307449341,29.7399616241,0,0,108.202783471,0.388118296862
PURE_CHECKPOINT/Eval_On_TOKYOTECH,TOKYOTECH,old,TOKYOTECH_s03,92,window,2760,3000,92.0,100.0,180,94.0,95.0,-1.0,1.0,1.0526315789473684,-0.5472864741704794,nan,240,-0.000985606424122428,0.9559263040777798,0.00368888151706005,0.8925630710186438,1.0,correct,03,3,9,first_180_seconds,83.6307449341,29.7399616241,0,0,108.202783471,0.388118296862
PURE_CHECKPOINT/Eval_On_TOKYOTECH,TOKYOTECH,old,TOKYOTECH_s03,93,window,2790,3030,93.0,101.0,180,94.0,94.0,0.0,0.0,0.0,-0.6018662170734437,nan,240,-0.009511968503162885,0.9480949905303506,0.022026010867045132,0.8860616661500498,1.0,correct,03,3,9,first_180_seconds,83.6307449341,29.7399616241,0,0,108.202783471,0.388118296862
PURE_CHECKPOINT/Eval_On_TOKYOTECH,TOKYOTECH,old,TOKYOTECH_s03,94,window,2820,3060,94.0,102.0,180,91.0,93.0,-2.0,2.0,2.1505376344086025,-0.46369628345588865,nan,240,0.036173280202395595,0.972861344426523,0.014893002729634336,0.8214743403465677,1.0,correct,03,3,9,first_180_seconds,83.6307449341,29.7399616241,0,0,108.202783471,0.388118296862
PURE_CHECKPOINT/Eval_On_TOKYOTECH,TOKYOTECH,old,TOKYOTECH_s03,95,window,2850,3090,95.0,103.0,180,94.0,92.0,2.0,2.0,2.1739130434782608,-0.5015419963882102,nan,240,0.0010049760103963004,0.9817013850746735,0.012751775414815415,0.8533628137691797,1.0,correct,03,3,9,first_180_seconds,83.6307449341,29.7399616241,0,0,108.202783471,0.388118296862
PURE_CHECKPOINT/Eval_On_TOKYOTECH,TOKYOTECH,old,TOKYOTECH_s03,96,window,2880,3120,96.0,104.0,180,94.0,90.0,4.0,4.0,4.444444444444445,-0.4012427674807675,nan,240,0.012288324906937003,1.009016974645078,-0.008892544872776513,0.8275604281081549,1.0,large_error,03,3,9,first_180_seconds,83.6307449341,29.7399616241,0,0,108.202783471,0.388118296862
PURE_CHECKPOINT/Eval_On_TOKYOTECH,TOKYOTECH,old,TOKYOTECH_s03,97,window,2910,3150,97.0,105.0,180,96.0,89.0,7.0,7.0,7.865168539325842,-0.14463070293049343,nan,240,0.01424589318097181,1.014225273956151,-0.004604263535652583,0.8636455957809562,1.0,large_error,03,3,9,first_180_seconds,83.6307449341,29.7399616241,0,0,108.202783471,0.388118296862
PURE_CHECKPOINT/Eval_On_TOKYOTECH,TOKYOTECH,old,TOKYOTECH_s03,98,window,2940,3180,98.0,106.0,180,96.0,87.0,9.0,9.0,10.344827586206897,-0.13975730359312627,nan,240,-0.03630619959488589,1.0133973529940186,0.030160326248811552,0.8972840974983254,1.0,large_error,03,3,9,first_180_seconds,83.6307449341,29.7399616241,0,0,108.202783471,0.388118296862
PURE_CHECKPOINT/Eval_On_TOKYOTECH,TOKYOTECH,old,TOKYOTECH_s03,99,window,2970,3210,99.0,107.0,180,96.0,87.0,9.0,9.0,10.344827586206897,-0.10223725244336108,nan,240,0.005539116392901633,1.0473610550368262,-0.03257515149113081,0.8852558959095422,1.0,large_error,03,3,9,first_180_seconds,83.6307449341,29.7399616241,0,0,108.202783471,0.388118296862
PURE_CHECKPOINT/Eval_On_TOKYOTECH,TOKYOTECH,old,TOKYOTECH_s03,100,window,3000,3240,100.0,108.0,180,96.0,87.0,9.0,9.0,10.344827586206897,-0.16928545874385598,nan,240,-0.054768926670173336,1.0232116079431497,0.0428064971710571,0.917661369861125,1.0,large_error,03,3,9,first_180_seconds,83.6307449341,29.7399616241,0,0,108.202783471,0.388118296862
PURE_CHECKPOINT/Eval_On_TOKYOTECH,TOKYOTECH,old,TOKYOTECH_s03,101,window,3030,3270,101.0,109.0,180,95.0,87.0,8.0,8.0,9.195402298850574,-0.06869508007569776,nan,240,-0.007878980898628167,1.043247181632315,-0.035516882825716474,0.8596238575099489,1.0,large_error,03,3,9,first_180_seconds,83.6307449341,29.7399616241,0,0,108.202783471,0.388118296862
PURE_CHECKPOINT/Eval_On_TOKYOTECH,TOKYOTECH,old,TOKYOTECH_s03,102,window,3060,3300,102.0,110.0,180,97.0,88.0,9.0,9.0,10.227272727272728,-0.12779532098377797,nan,240,-0.03192382046302858,1.0412661564444505,0.013106402339519364,0.8820489667287498,1.0,large_error,03,3,9,first_180_seconds,83.6307449341,29.7399616241,0,0,108.202783471,0.388118296862
PURE_CHECKPOINT/Eval_On_TOKYOTECH,TOKYOTECH,old,TOKYOTECH_s03,103,window,3090,3330,103.0,111.0,180,96.0,89.0,7.0,7.0,7.865168539325842,-0.20363730504955188,nan,240,0.01752720575508041,1.0425474924347176,0.021744845005525103,0.8676479579810099,1.0,large_error,03,3,9,first_180_seconds,83.6307449341,29.7399616241,0,0,108.202783471,0.388118296862
PURE_CHECKPOINT/Eval_On_TOKYOTECH,TOKYOTECH,old,TOKYOTECH_s03,104,window,3120,3360,104.0,112.0,180,97.0,91.0,6.0,6.0,6.593406593406594,-0.172553930650828,nan,240,0.04950677430606447,1.0277212439567276,-0.038428952809123944,0.9047602252903445,1.0,large_error,03,3,9,first_180_seconds,83.6307449341,29.7399616241,0,0,108.202783471,0.388118296862
PURE_CHECKPOINT/Eval_On_TOKYOTECH,TOKYOTECH,old,TOKYOTECH_s03,105,window,3150,3390,105.0,113.0,180,97.0,92.0,5.0,5.0,5.434782608695652,-0.25890638478764505,nan,240,0.03573243288750139,1.0150893518186834,0.03612773894939674,0.8778054655786574,1.0,large_error,03,3,9,first_180_seconds,83.6307449341,29.7399616241,0,0,108.202783471,0.388118296862
PURE_CHECKPOINT/Eval_On_TOKYOTECH,TOKYOTECH,old,TOKYOTECH_s03,106,window,3180,3420,106.0,114.0,180,97.0,93.0,4.0,4.0,4.301075268817205,-0.18043030100444482,nan,240,0.08177836082759313,0.9774268113668227,-0.006930761127296947,0.8641440041366394,1.0,large_error,03,3,9,first_180_seconds,83.6307449341,29.7399616241,0,0,108.202783471,0.388118296862
PURE_CHECKPOINT/Eval_On_TOKYOTECH,TOKYOTECH,old,TOKYOTECH_s03,107,window,3210,3450,107.0,115.0,180,97.0,93.0,4.0,4.0,4.301075268817205,-0.0960608046289814,nan,240,0.026781544832435125,0.9586346259056394,0.010604398793811731,0.8600763161755882,1.0,large_error,03,3,9,first_180_seconds,83.6307449341,29.7399616241,0,0,108.202783471,0.388118296862
PURE_CHECKPOINT/Eval_On_TOKYOTECH,TOKYOTECH,old,TOKYOTECH_s03,108,window,3240,3480,108.0,116.0,180,97.0,94.0,3.0,3.0,3.1914893617021276,0.17739989849288854,nan,240,0.05508061607057849,0.9436130338505611,0.022269538089908784,0.8816464762238179,1.0,correct,03,3,9,first_180_seconds,83.6307449341,29.7399616241,0,0,108.202783471,0.388118296862
PURE_CHECKPOINT/Eval_On_TOKYOTECH,TOKYOTECH,old,TOKYOTECH_s03,109,window,3270,3510,109.0,117.0,180,97.0,94.0,3.0,3.0,3.1914893617021276,0.32874324135454264,nan,240,-0.024132128199562432,0.918553778396223,-0.047362150105535,0.8844080209542573,1.0,correct,03,3,9,first_180_seconds,83.6307449341,29.7399616241,0,0,108.202783471,0.388118296862
PURE_CHECKPOINT/Eval_On_TOKYOTECH,TOKYOTECH,old,TOKYOTECH_s03,110,window,3300,3540,110.0,118.0,180,97.0,94.0,3.0,3.0,3.1914893617021276,0.39328059656102515,nan,240,0.001919310235340769,0.8814313741592296,0.04134766808294085,0.9073214490417997,1.0,correct,03,3,9,first_180_seconds,83.6307449341,29.7399616241,0,0,108.202783471,0.388118296862
PURE_CHECKPOINT/Eval_On_TOKYOTECH,TOKYOTECH,old,TOKYOTECH_s03,111,window,3330,3570,111.0,119.0,180,97.0,94.0,3.0,3.0,3.1914893617021276,0.5325560763455272,nan,240,0.006507824910416579,0.8802175785785407,0.005854754369840957,0.8593694280415406,1.0,correct,03,3,9,first_180_seconds,83.6307449341,29.7399616241,0,0,108.202783471,0.388118296862
PURE_CHECKPOINT/Eval_On_TOKYOTECH,TOKYOTECH,old,TOKYOTECH_s03,112,window,3360,3600,112.0,120.0,180,98.0,95.0,3.0,3.0,3.1578947368421053,0.6007783042110514,nan,240,-0.008094440101801107,0.8241488370125684,-0.026819226758352285,0.8929804287983298,1.0,correct,03,3,9,first_180_seconds,83.6307449341,29.7399616241,0,0,108.202783471,0.388118296862
PURE_CHECKPOINT/Eval_On_TOKYOTECH,TOKYOTECH,old,TOKYOTECH_s03,113,window,3390,3630,113.0,121.0,180,98.0,96.0,2.0,2.0,2.083333333333333,0.6141958636375747,nan,240,0.03897163342529287,0.8101822478508394,0.028962132386035785,0.9012785663266497,1.0,correct,03,3,9,first_180_seconds,83.6307449341,29.7399616241,0,0,108.202783471,0.388118296862
PURE_CHECKPOINT/Eval_On_TOKYOTECH,TOKYOTECH,old,TOKYOTECH_s03,114,window,3420,3660,114.0,122.0,180,100.0,97.0,3.0,3.0,3.0927835051546393,0.4279764210626248,nan,240,0.0361368834390305,0.7923710851390409,-0.0033986659604111477,0.8739937726974384,1.0,correct,03,3,9,first_180_seconds,83.6307449341,29.7399616241,0,0,108.202783471,0.388118296862
PURE_CHECKPOINT/Eval_On_TOKYOTECH,TOKYOTECH,old,TOKYOTECH_s03,115,window,3450,3690,115.0,123.0,180,99.0,98.0,1.0,1.0,1.0204081632653061,0.3853728662616451,nan,240,0.047172735863083896,0.7712153402249361,-0.013549364294435451,0.8769460537250402,1.0,correct,03,3,9,first_180_seconds,83.6307449341,29.7399616241,0,0,108.202783471,0.388118296862
PURE_CHECKPOINT/Eval_On_TOKYOTECH,TOKYOTECH,old,TOKYOTECH_s03,116,window,3480,3720,116.0,124.0,180,99.0,98.0,1.0,1.0,1.0204081632653061,0.19004764175219901,nan,240,0.03999207915306518,0.7718163529013644,0.015256515621503704,0.8930003825212758,1.0,correct,03,3,9,first_180_seconds,83.6307449341,29.7399616241,0,0,108.202783471,0.388118296862
PURE_CHECKPOINT/Eval_On_TOKYOTECH,TOKYOTECH,old,TOKYOTECH_s03,117,window,3510,3750,117.0,125.0,180,99.0,97.0,2.0,2.0,2.0618556701030926,-0.07653462658613436,nan,240,0.03787921437251498,0.7564375355520571,-0.010964572319327574,0.875984349367255,1.0,correct,03,3,9,first_180_seconds,83.6307449341,29.7399616241,0,0,108.202783471,0.388118296862
PURE_CHECKPOINT/Eval_On_TOKYOTECH,TOKYOTECH,old,TOKYOTECH_s03,118,window,3540,3780,118.0,126.0,180,98.0,95.0,3.0,3.0,3.1578947368421053,-0.16043346064338837,nan,240,-0.0032759513747199283,0.7651395717912451,0.018466181361423212,0.9002414884757001,1.0,correct,03,3,9,first_180_seconds,83.6307449341,29.7399616241,0,0,108.202783471,0.388118296862
PURE_CHECKPOINT/Eval_On_TOKYOTECH,TOKYOTECH,old,TOKYOTECH_s03,119,window,3570,3810,119.0,127.0,180,96.0,92.0,4.0,4.0,4.3478260869565215,-0.29786157103088057,nan,240,-0.06875150687046698,0.7359315722139188,0.0190233832910243,0.9025901313233006,1.0,large_error,03,3,9,first_180_seconds,83.6307449341,29.7399616241,0,0,108.202783471,0.388118296862
PURE_CHECKPOINT/Eval_On_TOKYOTECH,TOKYOTECH,old,TOKYOTECH_s03,120,window,3600,3840,120.0,128.0,180,91.0,89.0,2.0,2.0,2.247191011235955,-0.5265824877207622,nan,240,-0.11901925229103653,0.788173311574306,0.008317998534989164,0.896056677826415,1.0,correct,03,3,9,first_180_seconds,83.6307449341,29.7399616241,0,0,108.202783471,0.388118296862
PURE_CHECKPOINT/Eval_On_TOKYOTECH,TOKYOTECH,old,TOKYOTECH_s03,121,window,3630,3870,121.0,129.0,180,90.0,88.0,2.0,2.0,2.272727272727273,-0.5560147270752583,nan,240,-0.12596948097173785,0.8086545009314822,-0.02276942225309731,0.8990998442095435,1.0,correct,03,3,9,first_180_seconds,83.6307449341,29.7399616241,0,0,108.202783471,0.388118296862
PURE_CHECKPOINT/Eval_On_TOKYOTECH,TOKYOTECH,old,TOKYOTECH_s03,122,window,3660,3900,122.0,130.0,180,89.0,86.0,3.0,3.0,3.488372093023256,-0.5335509307864232,nan,240,-0.1415172152495264,0.838977038614524,0.02488723496142309,0.9160254465832348,1.0,correct,03,3,9,first_180_seconds,83.6307449341,29.7399616241,0,0,108.202783471,0.388118296862
PURE_CHECKPOINT/Eval_On_TOKYOTECH,TOKYOTECH,old,TOKYOTECH_s03,123,window,3690,3930,123.0,131.0,180,86.0,86.0,0.0,0.0,0.0,-0.5732182472227605,nan,240,-0.08049661149949922,0.9019652185979306,-0.009173620707764745,0.9055668063450438,1.0,correct,03,3,9,first_180_seconds,83.6307449341,29.7399616241,0,0,108.202783471,0.388118296862
PURE_CHECKPOINT/Eval_On_TOKYOTECH,TOKYOTECH,old,TOKYOTECH_s03,124,window,3720,3960,124.0,132.0,180,87.0,85.0,2.0,2.0,2.3529411764705883,-0.5143196319270079,nan,240,-0.09161135209627294,0.9048538937836099,0.03074516759815252,0.9145088920753967,1.0,correct,03,3,9,first_180_seconds,83.6307449341,29.7399616241,0,0,108.202783471,0.388118296862
PURE_CHECKPOINT/Eval_On_TOKYOTECH,TOKYOTECH,old,TOKYOTECH_s03,125,window,3750,3990,125.0,133.0,180,86.0,85.0,1.0,1.0,1.1764705882352942,-0.45189276257343336,nan,240,-0.06669076026009861,0.9545156311382672,-0.0013019159328908328,0.8936033836145185,1.0,correct,03,3,9,first_180_seconds,83.6307449341,29.7399616241,0,0,108.202783471,0.388118296862
PURE_CHECKPOINT/Eval_On_TOKYOTECH,TOKYOTECH,old,TOKYOTECH_s03,126,window,3780,4020,126.0,134.0,180,84.0,85.0,-1.0,1.0,1.1764705882352942,-0.5632097310150393,nan,240,-0.0332523809998141,0.9788979658885993,-0.014528554670453109,0.882972783477662,1.0,correct,03,3,9,first_180_seconds,83.6307449341,29.7399616241,0,0,108.202783471,0.388118296862
PURE_CHECKPOINT/Eval_On_TOKYOTECH,TOKYOTECH,old,TOKYOTECH_s03,127,window,3810,4050,127.0,135.0,180,85.0,84.0,1.0,1.0,1.1904761904761905,-0.49912901404917787,nan,240,-0.02393524827590833,1.0019883632879825,-0.0021111946063748738,0.8973727417657592,1.0,correct,03,3,9,first_180_seconds,83.6307449341,29.7399616241,0,0,108.202783471,0.388118296862
PURE_CHECKPOINT/Eval_On_TOKYOTECH,TOKYOTECH,old,TOKYOTECH_s03,128,window,3840,4080,128.0,136.0,180,82.0,84.0,-2.0,2.0,2.380952380952381,-0.6241786039784151,nan,240,0.05132002314397444,1.032362375741615,0.021515582668257358,0.935442192161097,1.0,correct,03,3,9,first_180_seconds,83.6307449341,29.7399616241,0,0,108.202783471,0.388118296862
PURE_CHECKPOINT/Eval_On_TOKYOTECH,TOKYOTECH,old,TOKYOTECH_s03,129,window,3870,4110,129.0,137.0,180,82.0,83.0,-1.0,1.0,1.2048192771084338,-0.5688482322229339,nan,240,0.03976142455358058,1.0510506823373729,-0.04340710403422394,0.9381155202397051,1.0,correct,03,3,9,first_180_seconds,83.6307449341,29.7399616241,0,0,108.202783471,0.388118296862
PURE_CHECKPOINT/Eval_On_TOKYOTECH,TOKYOTECH,old,TOKYOTECH_s03,130,window,3900,4140,130.0,138.0,180,82.0,83.0,-1.0,1.0,1.2048192771084338,-0.5465516626857954,nan,240,0.01469794186608245,1.0677298272871067,0.008703416016571812,0.9345896848865274,1.0,correct,03,3,9,first_180_seconds,83.6307449341,29.7399616241,0,0,108.202783471,0.388118296862
PURE_CHECKPOINT/Eval_On_TOKYOTECH,TOKYOTECH,old,TOKYOTECH_s03,131,window,3930,4170,131.0,139.0,180,82.0,83.0,-1.0,1.0,1.2048192771084338,-0.666029152085472,nan,240,0.0002963967543716232,1.0642998592713386,0.023837817834745856,0.9165250981544323,1.0,correct,03,3,9,first_180_seconds,83.6307449341,29.7399616241,0,0,108.202783471,0.388118296862
PURE_CHECKPOINT/Eval_On_TOKYOTECH,TOKYOTECH,old,TOKYOTECH_s03,132,window,3960,4200,132.0,140.0,180,82.0,83.0,-1.0,1.0,1.2048192771084338,-0.6153949454440436,nan,240,-0.0017253963276743888,1.0612777914534308,-0.01080029438508873,0.9278476059206006,1.0,correct,03,3,9,first_180_seconds,83.6307449341,29.7399616241,0,0,108.202783471,0.388118296862
PURE_CHECKPOINT/Eval_On_TOKYOTECH,TOKYOTECH,old,TOKYOTECH_s03,133,window,3990,4230,133.0,141.0,180,82.0,83.0,-1.0,1.0,1.2048192771084338,-0.6386567621011037,nan,240,0.021474899204137424,1.0601363138996533,0.0215771834701859,0.9395131265940895,1.0,correct,03,3,9,first_180_seconds,83.6307449341,29.7399616241,0,0,108.202783471,0.388118296862
PURE_CHECKPOINT/Eval_On_TOKYOTECH,TOKYOTECH,old,TOKYOTECH_s03,134,window,4020,4260,134.0,142.0,180,82.0,83.0,-1.0,1.0,1.2048192771084338,-0.6381938718387299,nan,240,0.008317910693585872,1.0689007329548903,0.007063288551174821,0.8983690430064191,1.0,correct,03,3,9,first_180_seconds,83.6307449341,29.7399616241,0,0,108.202783471,0.388118296862
PURE_CHECKPOINT/Eval_On_TOKYOTECH,TOKYOTECH,old,TOKYOTECH_s03,135,window,4050,4290,135.0,143.0,180,82.0,83.0,-1.0,1.0,1.2048192771084338,-0.6583249769163438,nan,240,-0.008857017445067564,1.0769874859708044,-0.0017938584439595247,0.9278543369298153,1.0,correct,03,3,9,first_180_seconds,83.6307449341,29.7399616241,0,0,108.202783471,0.388118296862
PURE_CHECKPOINT/Eval_On_TOKYOTECH,TOKYOTECH,old,TOKYOTECH_s03,136,window,4080,4320,136.0,144.0,180,82.0,83.0,-1.0,1.0,1.2048192771084338,-0.6016552764821093,nan,240,-0.010798643243712528,1.066606729017208,0.022326925635296358,0.9292986508725645,1.0,correct,03,3,9,first_180_seconds,83.6307449341,29.7399616241,0,0,108.202783471,0.388118296862
PURE_CHECKPOINT/Eval_On_TOKYOTECH,TOKYOTECH,old,TOKYOTECH_s03,137,window,4110,4350,137.0,145.0,180,82.0,84.0,-2.0,2.0,2.380952380952381,-0.5602621827042563,nan,240,-0.04577600426540206,1.0625505697976583,-0.024748482941823798,0.8918121766953988,1.0,correct,03,3,9,first_180_seconds,83.6307449341,29.7399616241,0,0,108.202783471,0.388118296862
PURE_CHECKPOINT/Eval_On_TOKYOTECH,TOKYOTECH,old,TOKYOTECH_s03,138,window,4140,4380,138.0,146.0,180,83.0,84.0,-1.0,1.0,1.1904761904761905,-0.564229069565267,nan,240,-0.010266721596660014,1.0668600669226183,0.0026643837111698563,0.9026720212370806,1.0,correct,03,3,9,first_180_seconds,83.6307449341,29.7399616241,0,0,108.202783471,0.388118296862
PURE_CHECKPOINT/Eval_On_TOKYOTECH,TOKYOTECH,old,TOKYOTECH_s03,139,window,4170,4410,139.0,147.0,180,83.0,84.0,-1.0,1.0,1.1904761904761905,-0.6342330528054858,nan,240,-0.03023285623518556,1.0503683776631614,0.007275244333287989,0.9460504005088138,1.0,correct,03,3,9,first_180_seconds,83.6307449341,29.7399616241,0,0,108.202783471,0.388118296862
PURE_CHECKPOINT/Eval_On_TOKYOTECH,TOKYOTECH,old,TOKYOTECH_s03,140,window,4200,4440,140.0,148.0,180,86.0,84.0,2.0,2.0,2.380952380952381,-0.5619631851738468,nan,240,-0.07153888304868208,1.0617114392224694,-0.008069714323840734,0.9039745284415016,1.0,correct,03,3,9,first_180_seconds,83.6307449341,29.7399616241,0,0,108.202783471,0.388118296862
PURE_CHECKPOINT/Eval_On_TOKYOTECH,TOKYOTECH,old,TOKYOTECH_s03,141,window,4230,4470,141.0,149.0,180,86.0,84.0,2.0,2.0,2.380952380952381,-0.5736708059838432,nan,240,-0.056670921401382655,1.0746821530079718,-0.021205226942667573,0.9183484795656958,1.0,correct,03,3,9,first_180_seconds,83.6307449341,29.7399616241,0,0,108.202783471,0.388118296862
PURE_CHECKPOINT/Eval_On_TOKYOTECH,TOKYOTECH,old,TOKYOTECH_s03,142,window,4260,4500,142.0,150.0,180,89.0,84.0,5.0,5.0,5.952380952380952,-0.28836634800293853,nan,240,-0.07551297884274391,1.062763069017628,0.03641946297470712,0.9336155759127024,1.0,large_error,03,3,9,first_180_seconds,83.6307449341,29.7399616241,0,0,108.202783471,0.388118296862
PURE_CHECKPOINT/Eval_On_TOKYOTECH,TOKYOTECH,old,TOKYOTECH_s03,143,window,4290,4530,143.0,151.0,180,89.0,83.0,6.0,6.0,7.228915662650602,-0.11583480848210188,nan,240,-0.0550624540259984,1.0907877364071195,-0.04605167847558838,0.9438219610898655,1.0,large_error,03,3,9,first_180_seconds,83.6307449341,29.7399616241,0,0,108.202783471,0.388118296862
PURE_CHECKPOINT/Eval_On_TOKYOTECH,TOKYOTECH,old,TOKYOTECH_s03,144,window,4320,4560,144.0,152.0,180,89.0,83.0,6.0,6.0,7.228915662650602,0.009477251105583074,nan,240,-0.03896933869449034,1.07620871105088,0.02747080740025813,0.9211365948400759,1.0,large_error,03,3,9,first_180_seconds,83.6307449341,29.7399616241,0,0,108.202783471,0.388118296862
PURE_CHECKPOINT/Eval_On_TOKYOTECH,TOKYOTECH,old,TOKYOTECH_s03,145,window,4350,4590,145.0,153.0,180,89.0,83.0,6.0,6.0,7.228915662650602,0.14006574183631293,nan,240,-0.03158600798075592,1.081260076904832,-0.04267535613640802,0.9340726006580763,1.0,large_error,03,3,9,first_180_seconds,83.6307449341,29.7399616241,0,0,108.202783471,0.388118296862
PURE_CHECKPOINT/Eval_On_TOKYOTECH,TOKYOTECH,old,TOKYOTECH_s03,146,window,4380,4620,146.0,154.0,180,89.0,84.0,5.0,5.0,5.952380952380952,0.2953971934084673,nan,240,0.0021480775154486763,1.0863941370589663,0.027668236709506612,0.9121386498586819,1.0,large_error,03,3,9,first_180_seconds,83.6307449341,29.7399616241,0,0,108.202783471,0.388118296862
PURE_CHECKPOINT/Eval_On_TOKYOTECH,TOKYOTECH,old,TOKYOTECH_s03,147,window,4410,4650,147.0,155.0,180,89.0,84.0,5.0,5.0,5.952380952380952,0.46708461854679684,nan,240,-0.022319260601701293,1.0930569959116239,-0.011022898330143907,0.9108406526253848,1.0,large_error,03,3,9,first_180_seconds,83.6307449341,29.7399616241,0,0,108.202783471,0.388118296862
PURE_CHECKPOINT/Eval_On_TOKYOTECH,TOKYOTECH,old,TOKYOTECH_s03,148,window,4440,4680,148.0,156.0,180,88.0,84.0,4.0,4.0,4.761904761904762,0.5097640839075727,nan,240,-0.0018392546871230783,1.1076687359263804,0.024669550691909414,0.8806268338382325,1.0,large_error,03,3,9,first_180_seconds,83.6307449341,29.7399616241,0,0,108.202783471,0.388118296862
PURE_CHECKPOINT/Eval_On_TOKYOTECH,TOKYOTECH,old,TOKYOTECH_s03,149,window,4470,4710,149.0,157.0,180,89.0,85.0,4.0,4.0,4.705882352941177,0.5104200072682016,nan,240,-0.0489877519539732,1.0642710075126067,-0.0029954144309586365,0.8600601814674073,1.0,large_error,03,3,9,first_180_seconds,83.6307449341,29.7399616241,0,0,108.202783471,0.388118296862
PURE_CHECKPOINT/Eval_On_TOKYOTECH,TOKYOTECH,old,TOKYOTECH_s03,150,window,4500,4740,150.0,158.0,180,84.0,85.0,-1.0,1.0,1.1764705882352942,0.6231928826949286,nan,240,-0.08022625710703626,1.051532989766898,-0.02119591226987074,0.8489579963952432,1.0,correct,03,3,9,first_180_seconds,83.6307449341,29.7399616241,0,0,108.202783471,0.388118296862
PURE_CHECKPOINT/Eval_On_TOKYOTECH,TOKYOTECH,old,TOKYOTECH_s03,151,window,4530,4770,151.0,159.0,180,87.0,85.0,2.0,2.0,2.3529411764705883,0.3662675131279764,nan,240,-0.04574005339042439,1.000078027681801,0.0031799702457688465,0.8510668774266336,1.0,correct,03,3,9,first_180_seconds,83.6307449341,29.7399616241,0,0,108.202783471,0.388118296862
PURE_CHECKPOINT/Eval_On_TOKYOTECH,TOKYOTECH,old,TOKYOTECH_s03,152,window,4560,4800,152.0,160.0,180,83.0,85.0,-2.0,2.0,2.3529411764705883,0.3893494485032566,nan,240,-0.1030678261294573,0.9741727805941653,0.011448600665364551,0.8769466641892067,1.0,correct,03,3,9,first_180_seconds,83.6307449341,29.7399616241,0,0,108.202783471,0.388118296862
PURE_CHECKPOINT/Eval_On_TOKYOTECH,TOKYOTECH,old,TOKYOTECH_s03,153,window,4590,4830,153.0,161.0,180,83.0,85.0,-2.0,2.0,2.3529411764705883,0.4040867118870252,nan,240,-0.04320927792189953,0.9506960754873203,-0.01972631713045756,0.8757015781922017,1.0,correct,03,3,9,first_180_seconds,83.6307449341,29.7399616241,0,0,108.202783471,0.388118296862
PURE_CHECKPOINT/Eval_On_TOKYOTECH,TOKYOTECH,old,TOKYOTECH_s03,154,window,4620,4860,154.0,162.0,180,82.0,86.0,-4.0,4.0,4.651162790697675,0.35854653874928627,nan,240,-0.05341968943636554,0.9075919078750185,0.008768481146163755,0.9071204915786284,1.0,large_error,03,3,9,first_180_seconds,83.6307449341,29.7399616241,0,0,108.202783471,0.388118296862
PURE_CHECKPOINT/Eval_On_TOKYOTECH,TOKYOTECH,old,TOKYOTECH_s03,155,window,4650,4890,155.0,163.0,180,82.0,86.0,-4.0,4.0,4.651162790697675,0.3368903914700481,nan,240,-0.0026584516764463235,0.9032957900234541,0.018901055662980903,0.8663787380926194,1.0,large_error,03,3,9,first_180_seconds,83.6307449341,29.7399616241,0,0,108.202783471,0.388118296862
PURE_CHECKPOINT/Eval_On_TOKYOTECH,TOKYOTECH,old,TOKYOTECH_s03,156,window,4680,4920,156.0,164.0,180,82.0,86.0,-4.0,4.0,4.651162790697675,0.32635924973232394,nan,240,0.054400992383792375,0.8618905893808287,-0.029895695130926304,0.930890501692238,1.0,large_error,03,3,9,first_180_seconds,83.6307449341,29.7399616241,0,0,108.202783471,0.388118296862
PURE_CHECKPOINT/Eval_On_TOKYOTECH,TOKYOTECH,old,TOKYOTECH_s03,157,window,4710,4950,157.0,165.0,180,81.0,85.0,-4.0,4.0,4.705882352941177,0.1821619677902614,nan,240,0.06035807443355831,0.8645797363811542,0.02579144639777782,0.938652609582157,1.0,large_error,03,3,9,first_180_seconds,83.6307449341,29.7399616241,0,0,108.202783471,0.388118296862
PURE_CHECKPOINT/Eval_On_TOKYOTECH,TOKYOTECH,old,TOKYOTECH_s03,158,window,4740,4980,158.0,166.0,180,81.0,83.0,-2.0,2.0,2.4096385542168677,0.061213155554362686,nan,240,0.054640141895894584,0.8963721061736729,-0.013215503582525375,0.8889451862415517,1.0,correct,03,3,9,first_180_seconds,83.6307449341,29.7399616241,0,0,108.202783471,0.388118296862
PURE_CHECKPOINT/Eval_On_TOKYOTECH,TOKYOTECH,old,TOKYOTECH_s03,159,window,4770,5010,159.0,167.0,180,78.0,81.0,-3.0,3.0,3.7037037037037033,-0.08496999175583804,nan,240,0.04851039126321363,0.9270946966627429,-0.02805911543493845,0.9106535844262438,1.0,correct,03,3,9,first_180_seconds,83.6307449341,29.7399616241,0,0,108.202783471,0.388118296862
PURE_CHECKPOINT/Eval_On_TOKYOTECH,TOKYOTECH,old,TOKYOTECH_s03,160,window,4800,5040,160.0,168.0,180,80.0,79.0,1.0,1.0,1.2658227848101267,-0.039358845247771,nan,240,0.03724960301963923,0.9589240294346502,0.0280273697193234,0.9404785785569191,1.0,correct,03,3,9,first_180_seconds,83.6307449341,29.7399616241,0,0,108.202783471,0.388118296862
PURE_CHECKPOINT/Eval_On_TOKYOTECH,TOKYOTECH,old,TOKYOTECH_s03,161,window,4830,5070,161.0,169.0,180,81.0,78.0,3.0,3.0,3.8461538461538463,-0.09595227080366621,nan,240,-0.05780131520198969,1.0007512274793295,-0.004499603577341597,0.8765877182775228,1.0,correct,03,3,9,first_180_seconds,83.6307449341,29.7399616241,0,0,108.202783471,0.388118296862
PURE_CHECKPOINT/Eval_On_TOKYOTECH,TOKYOTECH,old,TOKYOTECH_s03,162,window,4860,5100,162.0,170.0,180,79.0,78.0,1.0,1.0,1.282051282051282,-0.15480920686327912,nan,240,-0.060973206362299,1.048278767958723,-0.034510675465038325,0.897104341556412,1.0,correct,03,3,9,first_180_seconds,83.6307449341,29.7399616241,0,0,108.202783471,0.388118296862
PURE_CHECKPOINT/Eval_On_TOKYOTECH,TOKYOTECH,old,TOKYOTECH_s03,163,window,4890,5130,163.0,171.0,180,81.0,79.0,2.0,2.0,2.5316455696202533,0.14743889691248774,nan,240,-0.08782670155051164,1.0415444326169319,0.027538310638792748,0.9389798420718012,1.0,correct,03,3,9,first_180_seconds,83.6307449341,29.7399616241,0,0,108.202783471,0.388118296862
PURE_CHECKPOINT/Eval_On_TOKYOTECH,TOKYOTECH,old,TOKYOTECH_s03,164,window,4920,5160,164.0,172.0,180,82.0,80.0,2.0,2.0,2.5,0.04897124354457064,nan,240,-0.08144509116536938,1.0856780822093393,0.014101497323961258,0.8763196639634924,1.0,correct,03,3,9,first_180_seconds,83.6307449341,29.7399616241,0,0,108.202783471,0.388118296862
PURE_CHECKPOINT/Eval_On_TOKYOTECH,TOKYOTECH,old,TOKYOTECH_s03,165,window,4950,5190,165.0,173.0,180,82.0,82.0,0.0,0.0,0.0,0.21742269044506157,nan,240,-0.024634122198525194,1.091476950732789,-0.006455905778028696,0.9166588293081532,1.0,correct,03,3,9,first_180_seconds,83.6307449341,29.7399616241,0,0,108.202783471,0.388118296862
PURE_CHECKPOINT/Eval_On_TOKYOTECH,TOKYOTECH,old,TOKYOTECH_s03,166,window,4980,5220,166.0,174.0,180,82.0,84.0,-2.0,2.0,2.380952380952381,-0.05781828806005597,nan,240,0.0438578789238818,1.0914598267423157,0.019005256719996918,0.9108180965536593,1.0,correct,03,3,9,first_180_seconds,83.6307449341,29.7399616241,0,0,108.202783471,0.388118296862
PURE_CHECKPOINT/Eval_On_TOKYOTECH,TOKYOTECH,old,TOKYOTECH_s03,167,window,5010,5250,167.0,175.0,180,82.0,85.0,-3.0,3.0,3.5294117647058822,-0.07340987733346892,nan,240,0.05765387860980506,1.0697870438986965,-0.017884409056233532,0.862261585507933,1.0,correct,03,3,9,first_180_seconds,83.6307449341,29.7399616241,0,0,108.202783471,0.388118296862
PURE_CHECKPOINT/Eval_On_TOKYOTECH,TOKYOTECH,old,TOKYOTECH_s03,168,window,5040,5280,168.0,176.0,180,82.0,86.0,-4.0,4.0,4.651162790697675,-0.1048758961777341,nan,240,0.056693218958874546,1.0534339176884728,0.01747986197379043,0.8663517166203967,1.0,large_error,03,3,9,first_180_seconds,83.6307449341,29.7399616241,0,0,108.202783471,0.388118296862
PURE_CHECKPOINT/Eval_On_TOKYOTECH,TOKYOTECH,old,TOKYOTECH_s04,0,window,0,240,0.0,8.0,180,80.0,81.0,-1.0,1.0,1.2345679012345678,-0.32503622715377567,nan,240,-0.028849720069168448,1.1174812502621938,0.010044492478441216,0.8953056102065446,1.0,correct,04,4,9,first_180_seconds,91.4720535278,41.4957695007,0,0,174.389393516,0.431787371635
PURE_CHECKPOINT/Eval_On_TOKYOTECH,TOKYOTECH,old,TOKYOTECH_s04,1,window,30,270,1.0,9.0,180,81.0,80.0,1.0,1.0,1.25,-0.6491599876177266,nan,240,0.03803998321236577,0.5814862970478318,0.010506466993989317,0.8947754367091155,1.0,correct,04,4,9,first_180_seconds,91.4720535278,41.4957695007,0,0,174.389393516,0.431787371635
PURE_CHECKPOINT/Eval_On_TOKYOTECH,TOKYOTECH,old,TOKYOTECH_s04,2,window,60,300,2.0,10.0,180,81.0,81.0,0.0,0.0,0.0,-0.6301157047374646,nan,240,0.07870407533773686,0.6390910898919123,0.02214142053388062,0.9257267792939066,1.0,correct,04,4,9,first_180_seconds,91.4720535278,41.4957695007,0,0,174.389393516,0.431787371635
PURE_CHECKPOINT/Eval_On_TOKYOTECH,TOKYOTECH,old,TOKYOTECH_s04,3,window,90,330,3.0,11.0,180,80.0,81.0,-1.0,1.0,1.2345679012345678,-0.6645237718201247,nan,240,0.15038975671341176,0.6498262265920022,-0.00958045217830834,0.9133174528922589,1.0,correct,04,4,9,first_180_seconds,91.4720535278,41.4957695007,0,0,174.389393516,0.431787371635
PURE_CHECKPOINT/Eval_On_TOKYOTECH,TOKYOTECH,old,TOKYOTECH_s04,4,window,120,360,4.0,12.0,180,81.0,80.0,1.0,1.0,1.25,-0.6968209561342062,nan,240,0.16636697803720987,0.6668813939166351,0.00920866534842147,0.9316247582760221,1.0,correct,04,4,9,first_180_seconds,91.4720535278,41.4957695007,0,0,174.389393516,0.431787371635
PURE_CHECKPOINT/Eval_On_TOKYOTECH,TOKYOTECH,old,TOKYOTECH_s04,5,window,150,390,5.0,13.0,180,81.0,79.0,2.0,2.0,2.5316455696202533,-0.7030850636905644,nan,240,0.1633607980804906,0.7077506238163348,0.03512448194178555,0.949536361925435,1.0,correct,04,4,9,first_180_seconds,91.4720535278,41.4957695007,0,0,174.389393516,0.431787371635
PURE_CHECKPOINT/Eval_On_TOKYOTECH,TOKYOTECH,old,TOKYOTECH_s04,6,window,180,420,6.0,14.0,180,79.0,79.0,0.0,0.0,0.0,-0.7205475708130381,nan,240,0.18838303179266708,0.7456121954709984,0.008082826039881585,0.8916406447660917,1.0,correct,04,4,9,first_180_seconds,91.4720535278,41.4957695007,0,0,174.389393516,0.431787371635
PURE_CHECKPOINT/Eval_On_TOKYOTECH,TOKYOTECH,old,TOKYOTECH_s04,7,window,210,450,7.0,15.0,180,77.0,78.0,-1.0,1.0,1.282051282051282,-0.6349465544999431,nan,240,0.15683524842752378,0.7658110265792442,-0.02209765821990549,0.9014482721734514,1.0,correct,04,4,9,first_180_seconds,91.4720535278,41.4957695007,0,0,174.389393516,0.431787371635
PURE_CHECKPOINT/Eval_On_TOKYOTECH,TOKYOTECH,old,TOKYOTECH_s04,8,window,240,480,8.0,16.0,180,76.0,77.0,-1.0,1.0,1.2987012987012987,-0.7059014455233843,nan,240,0.07131300287389118,0.8045840949654569,0.015231222923069642,0.85575384322458,1.0,correct,04,4,9,first_180_seconds,91.4720535278,41.4957695007,0,0,174.389393516,0.431787371635
PURE_CHECKPOINT/Eval_On_TOKYOTECH,TOKYOTECH,old,TOKYOTECH_s04,9,window,270,510,9.0,17.0,180,77.0,78.0,-1.0,1.0,1.282051282051282,-0.7231498720896004,nan,240,0.053652603727823586,0.7934091256455336,0.00016713714879959725,0.9214055239707927,1.0,correct,04,4,9,first_180_seconds,91.4720535278,41.4957695007,0,0,174.389393516,0.431787371635
PURE_CHECKPOINT/Eval_On_TOKYOTECH,TOKYOTECH,old,TOKYOTECH_s04,10,window,300,540,10.0,18.0,180,78.0,79.0,-1.0,1.0,1.2658227848101267,-0.6360975631252964,nan,240,-0.004038238908105995,0.7531929414435449,-0.004069727257938699,0.829545559013413,1.0,correct,04,4,9,first_180_seconds,91.4720535278,41.4957695007,0,0,174.389393516,0.431787371635
PURE_CHECKPOINT/Eval_On_TOKYOTECH,TOKYOTECH,old,TOKYOTECH_s04,11,window,330,570,11.0,19.0,180,79.0,79.0,0.0,0.0,0.0,-0.7135535686659692,nan,240,-0.06967079246193558,0.7466974276288296,0.048852446193265744,0.857542478299544,1.0,correct,04,4,9,first_180_seconds,91.4720535278,41.4957695007,0,0,174.389393516,0.431787371635
PURE_CHECKPOINT/Eval_On_TOKYOTECH,TOKYOTECH,old,TOKYOTECH_s04,12,window,360,600,12.0,20.0,180,79.0,79.0,0.0,0.0,0.0,-0.6165742263269252,nan,240,-0.05739371881597132,0.7431578814874918,-0.02871980753241555,0.8625273600569348,1.0,correct,04,4,9,first_180_seconds,91.4720535278,41.4957695007,0,0,174.389393516,0.431787371635
PURE_CHECKPOINT/Eval_On_TOKYOTECH,TOKYOTECH,old,TOKYOTECH_s04,13,window,390,630,13.0,21.0,180,79.0,79.0,0.0,0.0,0.0,-0.6590258893519773,nan,240,-0.05215833650678784,0.7076231541039367,-0.005094813860992944,0.859541257310797,1.0,correct,04,4,9,first_180_seconds,91.4720535278,41.4957695007,0,0,174.389393516,0.431787371635
PURE_CHECKPOINT/Eval_On_TOKYOTECH,TOKYOTECH,old,TOKYOTECH_s04,14,window,420,660,14.0,22.0,180,80.0,79.0,1.0,1.0,1.2658227848101267,-0.7273404766502878,nan,240,-0.10239594148491354,0.6759486776019733,0.04068873036951397,0.9125241064616423,1.0,correct,04,4,9,first_180_seconds,91.4720535278,41.4957695007,0,0,174.389393516,0.431787371635
PURE_CHECKPOINT/Eval_On_TOKYOTECH,TOKYOTECH,old,TOKYOTECH_s04,15,window,450,690,15.0,23.0,180,80.0,80.0,0.0,0.0,0.0,-0.6031243815042016,nan,240,-0.03535110236504503,0.6977971782697259,-0.012816256735175054,0.8806863368442298,1.0,correct,04,4,9,first_180_seconds,91.4720535278,41.4957695007,0,0,174.389393516,0.431787371635
PURE_CHECKPOINT/Eval_On_TOKYOTECH,TOKYOTECH,old,TOKYOTECH_s04,16,window,480,720,16.0,24.0,180,76.0,80.0,-4.0,4.0,5.0,-0.45122356620152315,nan,240,0.02371900731959613,0.6781044609856747,0.0001684982644369624,0.8717420505572615,1.0,large_error,04,4,9,first_180_seconds,91.4720535278,41.4957695007,0,0,174.389393516,0.431787371635
PURE_CHECKPOINT/Eval_On_TOKYOTECH,TOKYOTECH,old,TOKYOTECH_s04,17,window,510,750,17.0,25.0,180,158.0,80.0,78.0,78.0,97.5,-0.4822728000527644,nan,240,-0.0071869206930083845,0.7049776192057151,0.04273008549568873,0.8185993646904219,1.0,super_harmonic_2x,04,4,9,first_180_seconds,91.4720535278,41.4957695007,0,0,174.389393516,0.431787371635
PURE_CHECKPOINT/Eval_On_TOKYOTECH,TOKYOTECH,old,TOKYOTECH_s04,18,window,540,780,18.0,26.0,180,81.0,80.0,1.0,1.0,1.25,-0.6206072292779206,nan,240,-0.0042797084359335715,0.7186464393848809,-0.01576709061161837,0.88721315410855,1.0,correct,04,4,9,first_180_seconds,91.4720535278,41.4957695007,0,0,174.389393516,0.431787371635
PURE_CHECKPOINT/Eval_On_TOKYOTECH,TOKYOTECH,old,TOKYOTECH_s04,19,window,570,810,19.0,27.0,180,81.0,80.0,1.0,1.0,1.25,-0.6689393378634415,nan,240,0.03608858957644164,0.7193717420692477,-0.0027236998746522152,0.8565627743231717,1.0,correct,04,4,9,first_180_seconds,91.4720535278,41.4957695007,0,0,174.389393516,0.431787371635
PURE_CHECKPOINT/Eval_On_TOKYOTECH,TOKYOTECH,old,TOKYOTECH_s04,20,window,600,840,20.0,28.0,180,80.0,80.0,0.0,0.0,0.0,-0.7742149519306237,nan,240,0.021761617031006607,0.754901542564697,0.025574062229219964,0.9154934284477518,1.0,correct,04,4,9,first_180_seconds,91.4720535278,41.4957695007,0,0,174.389393516,0.431787371635
PURE_CHECKPOINT/Eval_On_TOKYOTECH,TOKYOTECH,old,TOKYOTECH_s04,21,window,630,870,21.0,29.0,180,81.0,79.0,2.0,2.0,2.5316455696202533,-0.609397326413563,nan,240,0.04755409471448123,0.7994172082197665,-0.0013977931569767602,0.8858486344143626,1.0,correct,04,4,9,first_180_seconds,91.4720535278,41.4957695007,0,0,174.389393516,0.431787371635
PURE_CHECKPOINT/Eval_On_TOKYOTECH,TOKYOTECH,old,TOKYOTECH_s04,22,window,660,900,22.0,30.0,180,78.0,79.0,-1.0,1.0,1.2658227848101267,-0.6078897220383853,nan,240,0.10034224363820006,0.7997840277335316,0.03102917356227873,0.8858396524152192,1.0,correct,04,4,9,first_180_seconds,91.4720535278,41.4957695007,0,0,174.389393516,0.431787371635
PURE_CHECKPOINT/Eval_On_TOKYOTECH,TOKYOTECH,old,TOKYOTECH_s04,23,window,690,930,23.0,31.0,180,81.0,79.0,2.0,2.0,2.5316455696202533,-0.7676829694421698,nan,240,0.034790856226269776,0.8036466116937517,0.027541729815603027,0.9375683010561847,1.0,correct,04,4,9,first_180_seconds,91.4720535278,41.4957695007,0,0,174.389393516,0.431787371635
PURE_CHECKPOINT/Eval_On_TOKYOTECH,TOKYOTECH,old,TOKYOTECH_s04,24,window,720,960,24.0,32.0,180,81.0,80.0,1.0,1.0,1.25,-0.6956066370835488,nan,240,0.06878523740257757,0.8464055255869192,0.006036624588443015,0.8906813473900338,1.0,correct,04,4,9,first_180_seconds,91.4720535278,41.4957695007,0,0,174.389393516,0.431787371635
PURE_CHECKPOINT/Eval_On_TOKYOTECH,TOKYOTECH,old,TOKYOTECH_s04,25,window,750,990,25.0,33.0,180,81.0,80.0,1.0,1.0,1.25,-0.7385567033003234,nan,240,0.09267760509586272,0.8554611530814822,-0.012111390803493001,0.89482678393957,1.0,correct,04,4,9,first_180_seconds,91.4720535278,41.4957695007,0,0,174.389393516,0.431787371635
PURE_CHECKPOINT/Eval_On_TOKYOTECH,TOKYOTECH,old,TOKYOTECH_s04,26,window,780,1020,26.0,34.0,180,82.0,81.0,1.0,1.0,1.2345679012345678,-0.7326818318804282,nan,240,0.0325514174978404,0.8693964132451834,0.019730995069316335,0.9511942164686852,1.0,correct,04,4,9,first_180_seconds,91.4720535278,41.4957695007,0,0,174.389393516,0.431787371635
PURE_CHECKPOINT/Eval_On_TOKYOTECH,TOKYOTECH,old,TOKYOTECH_s04,27,window,810,1050,27.0,35.0,180,82.0,82.0,0.0,0.0,0.0,-0.7751055038014988,nan,240,0.027907992783002555,0.8452843332172216,0.017865028103294392,0.9106829348710042,1.0,correct,04,4,9,first_180_seconds,91.4720535278,41.4957695007,0,0,174.389393516,0.431787371635
PURE_CHECKPOINT/Eval_On_TOKYOTECH,TOKYOTECH,old,TOKYOTECH_s04,28,window,840,1080,28.0,36.0,180,83.0,83.0,0.0,0.0,0.0,-0.6814809618306129,nan,240,0.021281907179703314,0.8222240435335126,0.013012966344976876,0.9153235113400136,1.0,correct,04,4,9,first_180_seconds,91.4720535278,41.4957695007,0,0,174.389393516,0.431787371635
PURE_CHECKPOINT/Eval_On_TOKYOTECH,TOKYOTECH,old,TOKYOTECH_s04,29,window,870,1110,29.0,37.0,180,82.0,83.0,-1.0,1.0,1.2048192771084338,-0.7565399187832162,nan,240,-0.0002842277909318606,0.8071074438545396,0.013519103349445215,0.9178045471682955,1.0,correct,04,4,9,first_180_seconds,91.4720535278,41.4957695007,0,0,174.389393516,0.431787371635
PURE_CHECKPOINT/Eval_On_TOKYOTECH,TOKYOTECH,old,TOKYOTECH_s04,30,window,900,1140,30.0,38.0,180,82.0,83.0,-1.0,1.0,1.2048192771084338,-0.7428019548952323,nan,240,-0.04068453086074442,0.7891180673880025,1.1990686764458876e-06,0.8752771768081851,1.0,correct,04,4,9,first_180_seconds,91.4720535278,41.4957695007,0,0,174.389393516,0.431787371635
PURE_CHECKPOINT/Eval_On_TOKYOTECH,TOKYOTECH,old,TOKYOTECH_s04,31,window,930,1170,31.0,39.0,180,82.0,83.0,-1.0,1.0,1.2048192771084338,-0.6620405188336393,nan,240,-0.07518306255806237,0.7655309190131331,0.016796473441720788,0.8846885097772086,1.0,correct,04,4,9,first_180_seconds,91.4720535278,41.4957695007,0,0,174.389393516,0.431787371635
PURE_CHECKPOINT/Eval_On_TOKYOTECH,TOKYOTECH,old,TOKYOTECH_s04,32,window,960,1200,32.0,40.0,180,82.0,83.0,-1.0,1.0,1.2048192771084338,-0.6868865954932892,nan,240,-0.09700330367777496,0.7071969384158167,0.026879599788146857,0.9003770449569853,1.0,correct,04,4,9,first_180_seconds,91.4720535278,41.4957695007,0,0,174.389393516,0.431787371635
PURE_CHECKPOINT/Eval_On_TOKYOTECH,TOKYOTECH,old,TOKYOTECH_s04,33,window,990,1230,33.0,41.0,180,82.0,83.0,-1.0,1.0,1.2048192771084338,-0.6188316242281174,nan,240,-0.0759268364481007,0.6855465912619151,-0.0446828962651181,0.8906615756041193,1.0,correct,04,4,9,first_180_seconds,91.4720535278,41.4957695007,0,0,174.389393516,0.431787371635
PURE_CHECKPOINT/Eval_On_TOKYOTECH,TOKYOTECH,old,TOKYOTECH_s04,34,window,1020,1260,34.0,42.0,180,82.0,82.0,0.0,0.0,0.0,-0.7532784245459605,nan,240,-0.04178423630849769,0.6778453327045346,0.016303954967867944,0.9175342482571046,1.0,correct,04,4,9,first_180_seconds,91.4720535278,41.4957695007,0,0,174.389393516,0.431787371635
PURE_CHECKPOINT/Eval_On_TOKYOTECH,TOKYOTECH,old,TOKYOTECH_s04,35,window,1050,1290,35.0,43.0,180,82.0,83.0,-1.0,1.0,1.2048192771084338,-0.7701193772462978,nan,240,-0.029714228763865928,0.678622049508219,0.02200542613472444,0.9066280930064945,1.0,correct,04,4,9,first_180_seconds,91.4720535278,41.4957695007,0,0,174.389393516,0.431787371635
PURE_CHECKPOINT/Eval_On_TOKYOTECH,TOKYOTECH,old,TOKYOTECH_s04,36,window,1080,1320,36.0,44.0,180,83.0,84.0,-1.0,1.0,1.1904761904761905,-0.6657499641097484,nan,240,-0.016466023726388813,0.6759951658587395,-0.008792310627505084,0.8213947283822682,1.0,correct,04,4,9,first_180_seconds,91.4720535278,41.4957695007,0,0,174.389393516,0.431787371635
PURE_CHECKPOINT/Eval_On_TOKYOTECH,TOKYOTECH,old,TOKYOTECH_s04,37,window,1110,1350,37.0,45.0,180,83.0,84.0,-1.0,1.0,1.1904761904761905,-0.6229071805464812,nan,240,0.008854493390147884,0.6895827105779023,0.019889218232160503,0.8894549609048785,1.0,correct,04,4,9,first_180_seconds,91.4720535278,41.4957695007,0,0,174.389393516,0.431787371635
PURE_CHECKPOINT/Eval_On_TOKYOTECH,TOKYOTECH,old,TOKYOTECH_s04,38,window,1140,1380,38.0,46.0,180,83.0,84.0,-1.0,1.0,1.1904761904761905,-0.5560233354267065,nan,240,-0.026292165904305876,0.7111309224673589,-0.043219567209897954,0.8506922172876614,1.0,correct,04,4,9,first_180_seconds,91.4720535278,41.4957695007,0,0,174.389393516,0.431787371635
PURE_CHECKPOINT/Eval_On_TOKYOTECH,TOKYOTECH,old,TOKYOTECH_s04,39,window,1170,1410,39.0,47.0,180,83.0,83.0,0.0,0.0,0.0,-0.6889355489301172,nan,240,-0.060984203273740906,0.7417153355326879,0.018580574158762353,0.8641377788882476,1.0,correct,04,4,9,first_180_seconds,91.4720535278,41.4957695007,0,0,174.389393516,0.431787371635
PURE_CHECKPOINT/Eval_On_TOKYOTECH,TOKYOTECH,old,TOKYOTECH_s04,40,window,1200,1440,40.0,48.0,180,83.0,83.0,0.0,0.0,0.0,-0.7040407639516594,nan,240,-0.11668768214973776,0.7333894232243632,0.019158098344256642,0.9263537980346542,1.0,correct,04,4,9,first_180_seconds,91.4720535278,41.4957695007,0,0,174.389393516,0.431787371635
PURE_CHECKPOINT/Eval_On_TOKYOTECH,TOKYOTECH,old,TOKYOTECH_s04,41,window,1230,1470,41.0,49.0,180,82.0,82.0,0.0,0.0,0.0,-0.4408801729523104,nan,240,-0.13133793434729643,0.7234995531432169,0.010639081570927881,0.7549319785283592,1.0,correct,04,4,9,first_180_seconds,91.4720535278,41.4957695007,0,0,174.389393516,0.431787371635
PURE_CHECKPOINT/Eval_On_TOKYOTECH,TOKYOTECH,old,TOKYOTECH_s04,42,window,1260,1500,42.0,50.0,180,79.0,80.0,-1.0,1.0,1.25,-0.5492791002384545,nan,240,-0.12675566004569797,0.7171389521091008,0.029127702027109792,0.7934171618748633,1.0,correct,04,4,9,first_180_seconds,91.4720535278,41.4957695007,0,0,174.389393516,0.431787371635
PURE_CHECKPOINT/Eval_On_TOKYOTECH,TOKYOTECH,old,TOKYOTECH_s04,43,window,1290,1530,43.0,51.0,180,79.0,79.0,0.0,0.0,0.0,-0.5749616191405795,nan,240,-0.12361942885424165,0.7312130515999157,0.005951973851090397,0.8927446575314724,1.0,correct,04,4,9,first_180_seconds,91.4720535278,41.4957695007,0,0,174.389393516,0.431787371635
PURE_CHECKPOINT/Eval_On_TOKYOTECH,TOKYOTECH,old,TOKYOTECH_s04,44,window,1320,1560,44.0,52.0,180,76.0,79.0,-3.0,3.0,3.79746835443038,-0.3761040862767634,nan,240,-0.07874190716053514,0.7316210059246944,0.018943151207741118,0.86721989353531,1.0,correct,04,4,9,first_180_seconds,91.4720535278,41.4957695007,0,0,174.389393516,0.431787371635
PURE_CHECKPOINT/Eval_On_TOKYOTECH,TOKYOTECH,old,TOKYOTECH_s04,45,window,1350,1590,45.0,53.0,180,79.0,79.0,0.0,0.0,0.0,-0.6956967141424856,nan,240,-0.08108381841157097,0.7306943370498354,0.029374611610757644,0.921287861492762,1.0,correct,04,4,9,first_180_seconds,91.4720535278,41.4957695007,0,0,174.389393516,0.431787371635
PURE_CHECKPOINT/Eval_On_TOKYOTECH,TOKYOTECH,old,TOKYOTECH_s04,46,window,1380,1620,46.0,54.0,180,80.0,80.0,0.0,0.0,0.0,-0.6494894820343423,nan,240,0.02966523634289236,0.7934249999323333,0.004522575162161269,0.8969853721878006,1.0,correct,04,4,9,first_180_seconds,91.4720535278,41.4957695007,0,0,174.389393516,0.431787371635
PURE_CHECKPOINT/Eval_On_TOKYOTECH,TOKYOTECH,old,TOKYOTECH_s04,47,window,1410,1650,47.0,55.0,180,81.0,80.0,1.0,1.0,1.25,-0.5904570429983232,nan,240,0.15240008841598562,0.789037721400026,-0.00843618780115265,0.8349095365097949,1.0,correct,04,4,9,first_180_seconds,91.4720535278,41.4957695007,0,0,174.389393516,0.431787371635
PURE_CHECKPOINT/Eval_On_TOKYOTECH,TOKYOTECH,old,TOKYOTECH_s04,48,window,1440,1680,48.0,56.0,180,81.0,81.0,0.0,0.0,0.0,-0.7059084387148497,nan,240,0.17978065107405808,0.8205726628815627,0.020483682227955713,0.9280803117844606,1.0,correct,04,4,9,first_180_seconds,91.4720535278,41.4957695007,0,0,174.389393516,0.431787371635
PURE_CHECKPOINT/Eval_On_TOKYOTECH,TOKYOTECH,old,TOKYOTECH_s04,49,window,1470,1710,49.0,57.0,180,82.0,82.0,0.0,0.0,0.0,-0.7401546176082842,nan,240,0.22370585875663285,0.8826378225782598,0.0219274714288583,0.8955538326023392,1.0,correct,04,4,9,first_180_seconds,91.4720535278,41.4957695007,0,0,174.389393516,0.431787371635
PURE_CHECKPOINT/Eval_On_TOKYOTECH,TOKYOTECH,old,TOKYOTECH_s04,50,window,1500,1740,50.0,58.0,180,83.0,83.0,0.0,0.0,0.0,-0.7350427260873689,nan,240,0.18432695260659482,0.9344574416153728,-0.000304611214522349,0.8757459949116747,1.0,correct,04,4,9,first_180_seconds,91.4720535278,41.4957695007,0,0,174.389393516,0.431787371635
PURE_CHECKPOINT/Eval_On_TOKYOTECH,TOKYOTECH,old,TOKYOTECH_s04,51,window,1530,1770,51.0,59.0,180,83.0,82.0,1.0,1.0,1.2195121951219512,-0.7577436245383422,nan,240,0.13317641613345282,0.9885033063767471,0.009566844347634858,0.9078379706603938,1.0,correct,04,4,9,first_180_seconds,91.4720535278,41.4957695007,0,0,174.389393516,0.431787371635
PURE_CHECKPOINT/Eval_On_TOKYOTECH,TOKYOTECH,old,TOKYOTECH_s04,52,window,1560,1800,52.0,60.0,180,82.0,83.0,-1.0,1.0,1.2048192771084338,-0.6351434010375029,nan,240,0.11265787265535133,0.9951220018957445,-0.020430313642618707,0.8329498720860152,1.0,correct,04,4,9,first_180_seconds,91.4720535278,41.4957695007,0,0,174.389393516,0.431787371635
PURE_CHECKPOINT/Eval_On_TOKYOTECH,TOKYOTECH,old,TOKYOTECH_s04,53,window,1590,1830,53.0,61.0,180,83.0,83.0,0.0,0.0,0.0,-0.6090221937521886,nan,240,0.10086392098843741,1.0098209834404375,0.016090305272189374,0.9160301372204852,1.0,correct,04,4,9,first_180_seconds,91.4720535278,41.4957695007,0,0,174.389393516,0.431787371635
PURE_CHECKPOINT/Eval_On_TOKYOTECH,TOKYOTECH,old,TOKYOTECH_s04,54,window,1620,1860,54.0,62.0,180,83.0,84.0,-1.0,1.0,1.1904761904761905,-0.7401981375918107,nan,240,0.08530405734006005,1.0163490603235867,0.011033611429453498,0.9132939027560752,1.0,correct,04,4,9,first_180_seconds,91.4720535278,41.4957695007,0,0,174.389393516,0.431787371635
PURE_CHECKPOINT/Eval_On_TOKYOTECH,TOKYOTECH,old,TOKYOTECH_s04,55,window,1650,1890,55.0,63.0,180,83.0,84.0,-1.0,1.0,1.1904761904761905,-0.6261378092676051,nan,240,0.02870646186444598,1.0155350951734747,-0.010652405028083263,0.9108887202757266,1.0,correct,04,4,9,first_180_seconds,91.4720535278,41.4957695007,0,0,174.389393516,0.431787371635
PURE_CHECKPOINT/Eval_On_TOKYOTECH,TOKYOTECH,old,TOKYOTECH_s04,56,window,1680,1920,56.0,64.0,180,83.0,84.0,-1.0,1.0,1.1904761904761905,-0.7320056311831411,nan,240,0.05635800704088372,1.012911354291859,0.009158936942151804,0.9360886928370692,1.0,correct,04,4,9,first_180_seconds,91.4720535278,41.4957695007,0,0,174.389393516,0.431787371635
PURE_CHECKPOINT/Eval_On_TOKYOTECH,TOKYOTECH,old,TOKYOTECH_s04,57,window,1710,1950,57.0,65.0,180,84.0,85.0,-1.0,1.0,1.1764705882352942,-0.6159726255975739,nan,240,0.022613857013251012,0.9913430379086838,0.012431547742113998,0.8964272103009008,1.0,correct,04,4,9,first_180_seconds,91.4720535278,41.4957695007,0,0,174.389393516,0.431787371635
PURE_CHECKPOINT/Eval_On_TOKYOTECH,TOKYOTECH,old,TOKYOTECH_s04,58,window,1740,1980,58.0,66.0,180,84.0,86.0,-2.0,2.0,2.3255813953488373,-0.5998202243101198,nan,240,0.08585561539318103,1.0170755143528603,0.008267000539966892,0.8950815745062577,1.0,correct,04,4,9,first_180_seconds,91.4720535278,41.4957695007,0,0,174.389393516,0.431787371635
PURE_CHECKPOINT/Eval_On_TOKYOTECH,TOKYOTECH,old,TOKYOTECH_s04,59,window,1770,2010,59.0,67.0,180,83.0,86.0,-3.0,3.0,3.488372093023256,-0.5999192348791673,nan,240,0.07971218967577443,1.0003484704802932,-0.002693233175866853,0.8967555379567299,1.0,correct,04,4,9,first_180_seconds,91.4720535278,41.4957695007,0,0,174.389393516,0.431787371635
PURE_CHECKPOINT/Eval_On_TOKYOTECH,TOKYOTECH,old,TOKYOTECH_s04,60,window,1800,2040,60.0,68.0,180,86.0,86.0,0.0,0.0,0.0,-0.5814088846868558,nan,240,-0.053397963629686275,1.054459364736635,-0.0030227311010370943,0.8706377235876054,1.0,correct,04,4,9,first_180_seconds,91.4720535278,41.4957695007,0,0,174.389393516,0.431787371635
PURE_CHECKPOINT/Eval_On_TOKYOTECH,TOKYOTECH,old,TOKYOTECH_s04,61,window,1830,2070,61.0,69.0,180,85.0,86.0,-1.0,1.0,1.1627906976744187,-0.641627680233368,nan,240,-0.08033884703860773,1.0143658007562895,0.014033881012698417,0.8875135688430361,1.0,correct,04,4,9,first_180_seconds,91.4720535278,41.4957695007,0,0,174.389393516,0.431787371635
PURE_CHECKPOINT/Eval_On_TOKYOTECH,TOKYOTECH,old,TOKYOTECH_s04,62,window,1860,2100,62.0,70.0,180,87.0,87.0,0.0,0.0,0.0,-0.6866973549321972,nan,240,-0.17563779544240485,0.9474809236491274,0.04018669312530386,0.8976541933738325,1.0,correct,04,4,9,first_180_seconds,91.4720535278,41.4957695007,0,0,174.389393516,0.431787371635
PURE_CHECKPOINT/Eval_On_TOKYOTECH,TOKYOTECH,old,TOKYOTECH_s04,63,window,1890,2130,63.0,71.0,180,86.0,87.0,-1.0,1.0,1.1494252873563218,-0.6882295373368678,nan,240,-0.17702997370021573,0.9075319144242834,0.000754582546490116,0.9151545588987336,1.0,correct,04,4,9,first_180_seconds,91.4720535278,41.4957695007,0,0,174.389393516,0.431787371635
PURE_CHECKPOINT/Eval_On_TOKYOTECH,TOKYOTECH,old,TOKYOTECH_s04,64,window,1920,2160,64.0,72.0,180,89.0,88.0,1.0,1.0,1.1363636363636365,-0.6731856138449609,nan,240,-0.228026017404045,0.8627525806151363,0.029996151827010983,0.9276189400371182,1.0,correct,04,4,9,first_180_seconds,91.4720535278,41.4957695007,0,0,174.389393516,0.431787371635
PURE_CHECKPOINT/Eval_On_TOKYOTECH,TOKYOTECH,old,TOKYOTECH_s04,65,window,1950,2190,65.0,73.0,180,89.0,88.0,1.0,1.0,1.1363636363636365,-0.671165133959397,nan,240,-0.21475171243170432,0.8333926409091459,-0.012949513481527978,0.8890429772619689,1.0,correct,04,4,9,first_180_seconds,91.4720535278,41.4957695007,0,0,174.389393516,0.431787371635
PURE_CHECKPOINT/Eval_On_TOKYOTECH,TOKYOTECH,old,TOKYOTECH_s04,66,window,1980,2220,66.0,74.0,180,89.0,88.0,1.0,1.0,1.1363636363636365,-0.6576198866333955,nan,240,-0.24956070310533202,0.7173213959289066,0.012668574227960552,0.9010591649986778,1.0,correct,04,4,9,first_180_seconds,91.4720535278,41.4957695007,0,0,174.389393516,0.431787371635
PURE_CHECKPOINT/Eval_On_TOKYOTECH,TOKYOTECH,old,TOKYOTECH_s04,67,window,2010,2250,67.0,75.0,180,88.0,88.0,0.0,0.0,0.0,-0.5962820975591316,nan,240,-0.20799585362450065,0.6928806026343757,0.0006268814118452722,0.853969134611654,1.0,correct,04,4,9,first_180_seconds,91.4720535278,41.4957695007,0,0,174.389393516,0.431787371635
PURE_CHECKPOINT/Eval_On_TOKYOTECH,TOKYOTECH,old,TOKYOTECH_s04,68,window,2040,2280,68.0,76.0,180,87.0,86.0,1.0,1.0,1.1627906976744187,-0.6192824846529925,nan,240,-0.05900227984917971,0.6409258720979426,-0.033150709749423767,0.8595487220318161,1.0,correct,04,4,9,first_180_seconds,91.4720535278,41.4957695007,0,0,174.389393516,0.431787371635
PURE_CHECKPOINT/Eval_On_TOKYOTECH,TOKYOTECH,old,TOKYOTECH_s04,69,window,2070,2310,69.0,77.0,180,87.0,86.0,1.0,1.0,1.1627906976744187,-0.5888783887606962,nan,240,-0.037510759889846666,0.6639390021327297,0.0013365879418498687,0.832863585103485,1.0,correct,04,4,9,first_180_seconds,91.4720535278,41.4957695007,0,0,174.389393516,0.431787371635
PURE_CHECKPOINT/Eval_On_TOKYOTECH,TOKYOTECH,old,TOKYOTECH_s04,70,window,2100,2340,70.0,78.0,180,84.0,85.0,-1.0,1.0,1.1764705882352942,-0.612324900566946,nan,240,0.05828366861581647,0.6813152301845364,0.015340225435382734,0.8659317439857553,1.0,correct,04,4,9,first_180_seconds,91.4720535278,41.4957695007,0,0,174.389393516,0.431787371635
PURE_CHECKPOINT/Eval_On_TOKYOTECH,TOKYOTECH,old,TOKYOTECH_s04,71,window,2130,2370,71.0,79.0,180,85.0,85.0,0.0,0.0,0.0,-0.6462974712194328,nan,240,0.07033107889583334,0.7341109271658419,0.02607001462088979,0.846194010956932,1.0,correct,04,4,9,first_180_seconds,91.4720535278,41.4957695007,0,0,174.389393516,0.431787371635
PURE_CHECKPOINT/Eval_On_TOKYOTECH,TOKYOTECH,old,TOKYOTECH_s04,72,window,2160,2400,72.0,80.0,180,83.0,84.0,-1.0,1.0,1.1904761904761905,-0.695389730978022,nan,240,0.1224074580532033,0.7959788192534013,0.015535358682638868,0.933194247921169,1.0,correct,04,4,9,first_180_seconds,91.4720535278,41.4957695007,0,0,174.389393516,0.431787371635
PURE_CHECKPOINT/Eval_On_TOKYOTECH,TOKYOTECH,old,TOKYOTECH_s04,73,window,2190,2430,73.0,81.0,180,83.0,85.0,-2.0,2.0,2.3529411764705883,-0.6596088330537403,nan,240,0.083924790842381,0.8194875775665371,0.014783399361978644,0.8515034603221131,1.0,correct,04,4,9,first_180_seconds,91.4720535278,41.4957695007,0,0,174.389393516,0.431787371635
PURE_CHECKPOINT/Eval_On_TOKYOTECH,TOKYOTECH,old,TOKYOTECH_s04,74,window,2220,2460,74.0,82.0,180,84.0,85.0,-1.0,1.0,1.1764705882352942,-0.6773368652128425,nan,240,0.10358362178279397,0.8939380521379363,-0.014306582780593236,0.8714700523383129,1.0,correct,04,4,9,first_180_seconds,91.4720535278,41.4957695007,0,0,174.389393516,0.431787371635
PURE_CHECKPOINT/Eval_On_TOKYOTECH,TOKYOTECH,old,TOKYOTECH_s04,75,window,2250,2490,75.0,83.0,180,83.0,85.0,-2.0,2.0,2.3529411764705883,-0.6941657552538425,nan,240,0.16292591345845722,0.9414308467870366,0.004726221154383411,0.9000619124845453,1.0,correct,04,4,9,first_180_seconds,91.4720535278,41.4957695007,0,0,174.389393516,0.431787371635
PURE_CHECKPOINT/Eval_On_TOKYOTECH,TOKYOTECH,old,TOKYOTECH_s04,76,window,2280,2520,76.0,84.0,180,105.0,85.0,20.0,20.0,23.52941176470588,-0.342084513427803,nan,240,0.12512789833708665,0.9752797757553066,0.03530178946914335,0.8950000930444592,1.0,large_error,04,4,9,first_180_seconds,91.4720535278,41.4957695007,0,0,174.389393516,0.431787371635
PURE_CHECKPOINT/Eval_On_TOKYOTECH,TOKYOTECH,old,TOKYOTECH_s04,77,window,2310,2550,77.0,85.0,180,84.0,86.0,-2.0,2.0,2.3255813953488373,-0.6194523247647999,nan,240,0.1459595734195318,0.9926380881656718,0.008519152482219957,0.8695575675053921,1.0,correct,04,4,9,first_180_seconds,91.4720535278,41.4957695007,0,0,174.389393516,0.431787371635
PURE_CHECKPOINT/Eval_On_TOKYOTECH,TOKYOTECH,old,TOKYOTECH_s04,78,window,2340,2580,78.0,86.0,180,89.0,87.0,2.0,2.0,2.2988505747126435,-0.6557708299066298,nan,240,0.019058790641914434,1.040119466528617,0.03766910663984834,0.8984741026481081,1.0,correct,04,4,9,first_180_seconds,91.4720535278,41.4957695007,0,0,174.389393516,0.431787371635
PURE_CHECKPOINT/Eval_On_TOKYOTECH,TOKYOTECH,old,TOKYOTECH_s04,79,window,2370,2610,79.0,87.0,180,89.0,87.0,2.0,2.0,2.2988505747126435,-0.6018583580914876,nan,240,0.02368441462943641,1.0319121200457815,-0.0026626487128140297,0.8291952626063663,1.0,correct,04,4,9,first_180_seconds,91.4720535278,41.4957695007,0,0,174.389393516,0.431787371635
PURE_CHECKPOINT/Eval_On_TOKYOTECH,TOKYOTECH,old,TOKYOTECH_s04,80,window,2400,2640,80.0,88.0,180,88.0,87.0,1.0,1.0,1.1494252873563218,-0.6825414993469178,nan,240,-0.031360328985222924,0.9911107961138468,0.03983425297843609,0.8951898207860178,1.0,correct,04,4,9,first_180_seconds,91.4720535278,41.4957695007,0,0,174.389393516,0.431787371635
PURE_CHECKPOINT/Eval_On_TOKYOTECH,TOKYOTECH,old,TOKYOTECH_s04,81,window,2430,2670,81.0,89.0,180,89.0,88.0,1.0,1.0,1.1363636363636365,-0.7053651735989818,nan,240,0.03129233193661397,0.9969234547168809,-0.020639364220279784,0.8882328711739526,1.0,correct,04,4,9,first_180_seconds,91.4720535278,41.4957695007,0,0,174.389393516,0.431787371635
PURE_CHECKPOINT/Eval_On_TOKYOTECH,TOKYOTECH,old,TOKYOTECH_s04,82,window,2460,2700,82.0,90.0,180,90.0,88.0,2.0,2.0,2.272727272727273,-0.6648065559479007,nan,240,-0.022951545872880768,0.970206657060885,0.028451652063685502,0.9296145096021345,1.0,correct,04,4,9,first_180_seconds,91.4720535278,41.4957695007,0,0,174.389393516,0.431787371635
PURE_CHECKPOINT/Eval_On_TOKYOTECH,TOKYOTECH,old,TOKYOTECH_s04,83,window,2490,2730,83.0,91.0,180,89.0,88.0,1.0,1.0,1.1363636363636365,-0.7455811665398566,nan,240,-0.10942380062188022,0.9005443693389972,-0.0021234872623953536,0.8812994748143558,1.0,correct,04,4,9,first_180_seconds,91.4720535278,41.4957695007,0,0,174.389393516,0.431787371635
PURE_CHECKPOINT/Eval_On_TOKYOTECH,TOKYOTECH,old,TOKYOTECH_s04,84,window,2520,2760,84.0,92.0,180,89.0,88.0,1.0,1.0,1.1363636363636365,-0.6100201182462792,nan,240,-0.17661815087485594,0.8881084023163472,0.02025631841980848,0.8423392666662912,1.0,correct,04,4,9,first_180_seconds,91.4720535278,41.4957695007,0,0,174.389393516,0.431787371635
PURE_CHECKPOINT/Eval_On_TOKYOTECH,TOKYOTECH,old,TOKYOTECH_s04,85,window,2550,2790,85.0,93.0,180,88.0,88.0,0.0,0.0,0.0,-0.7107321122785372,nan,240,-0.21529736950081618,0.8522832200209366,0.004381233167107468,0.8831722104809538,1.0,correct,04,4,9,first_180_seconds,91.4720535278,41.4957695007,0,0,174.389393516,0.431787371635
PURE_CHECKPOINT/Eval_On_TOKYOTECH,TOKYOTECH,old,TOKYOTECH_s04,86,window,2580,2820,86.0,94.0,180,87.0,88.0,-1.0,1.0,1.1363636363636365,-0.6567193744292306,nan,240,-0.1583058417668023,0.7872860468206826,-0.03290192466185408,0.8705631477913135,1.0,correct,04,4,9,first_180_seconds,91.4720535278,41.4957695007,0,0,174.389393516,0.431787371635
PURE_CHECKPOINT/Eval_On_TOKYOTECH,TOKYOTECH,old,TOKYOTECH_s04,87,window,2610,2850,87.0,95.0,180,87.0,87.0,0.0,0.0,0.0,-0.6114511373376986,nan,240,-0.16719488629702633,0.7654496601670738,0.006555767140945346,0.8274093670204176,1.0,correct,04,4,9,first_180_seconds,91.4720535278,41.4957695007,0,0,174.389393516,0.431787371635
PURE_CHECKPOINT/Eval_On_TOKYOTECH,TOKYOTECH,old,TOKYOTECH_s04,88,window,2640,2880,88.0,96.0,180,83.0,87.0,-4.0,4.0,4.597701149425287,-0.4365183450456684,nan,240,-0.08230979351889497,0.7847256005172228,0.01918050677978276,0.8644644041946011,1.0,large_error,04,4,9,first_180_seconds,91.4720535278,41.4957695007,0,0,174.389393516,0.431787371635
PURE_CHECKPOINT/Eval_On_TOKYOTECH,TOKYOTECH,old,TOKYOTECH_s04,89,window,2670,2910,89.0,97.0,180,89.0,88.0,1.0,1.0,1.1363636363636365,-0.6112990425981912,nan,240,-0.12184439015206104,0.7606673566321388,0.03068156187253458,0.9163901930581094,1.0,correct,04,4,9,first_180_seconds,91.4720535278,41.4957695007,0,0,174.389393516,0.431787371635
PURE_CHECKPOINT/Eval_On_TOKYOTECH,TOKYOTECH,old,TOKYOTECH_s04,90,window,2700,2940,90.0,98.0,180,89.0,88.0,1.0,1.0,1.1363636363636365,-0.5580647760467154,nan,240,-0.018646712020078362,0.7521844352050108,-0.023312028592785885,0.8873396236285586,1.0,correct,04,4,9,first_180_seconds,91.4720535278,41.4957695007,0,0,174.389393516,0.431787371635
PURE_CHECKPOINT/Eval_On_TOKYOTECH,TOKYOTECH,old,TOKYOTECH_s04,91,window,2730,2970,91.0,99.0,180,90.0,89.0,1.0,1.0,1.1235955056179776,-0.6957530829929909,nan,240,0.06030137582080594,0.8354098053642101,0.023113096056061815,0.9023067609445753,1.0,correct,04,4,9,first_180_seconds,91.4720535278,41.4957695007,0,0,174.389393516,0.431787371635
PURE_CHECKPOINT/Eval_On_TOKYOTECH,TOKYOTECH,old,TOKYOTECH_s04,92,window,2760,3000,92.0,100.0,180,91.0,90.0,1.0,1.0,1.1111111111111112,-0.6144371000064535,nan,240,0.11747423363849521,0.8235362764839615,-0.013974968405563865,0.864339624192302,1.0,correct,04,4,9,first_180_seconds,91.4720535278,41.4957695007,0,0,174.389393516,0.431787371635
PURE_CHECKPOINT/Eval_On_TOKYOTECH,TOKYOTECH,old,TOKYOTECH_s04,93,window,2790,3030,93.0,101.0,180,90.0,91.0,-1.0,1.0,1.098901098901099,-0.717774498659405,nan,240,0.09863527031460156,0.8499997028825794,0.01943096470007631,0.8993685867183678,1.0,correct,04,4,9,first_180_seconds,91.4720535278,41.4957695007,0,0,174.389393516,0.431787371635
PURE_CHECKPOINT/Eval_On_TOKYOTECH,TOKYOTECH,old,TOKYOTECH_s04,94,window,2820,3060,94.0,102.0,180,91.0,91.0,0.0,0.0,0.0,-0.513143428386444,nan,240,0.06873192548519,0.8778176884482672,0.004339207566727176,0.9034073467414548,1.0,correct,04,4,9,first_180_seconds,91.4720535278,41.4957695007,0,0,174.389393516,0.431787371635
PURE_CHECKPOINT/Eval_On_TOKYOTECH,TOKYOTECH,old,TOKYOTECH_s04,95,window,2850,3090,95.0,103.0,180,90.0,91.0,-1.0,1.0,1.098901098901099,-0.6766774662709832,nan,240,0.04033144034522896,0.8881181641095273,0.02471155389128095,0.9365111748674964,1.0,correct,04,4,9,first_180_seconds,91.4720535278,41.4957695007,0,0,174.389393516,0.431787371635
PURE_CHECKPOINT/Eval_On_TOKYOTECH,TOKYOTECH,old,TOKYOTECH_s04,96,window,2880,3120,96.0,104.0,180,90.0,91.0,-1.0,1.0,1.098901098901099,-0.5157337631769258,nan,240,-0.07223379130979689,0.8806257442282389,0.004969793178561646,0.9255651348280564,1.0,correct,04,4,9,first_180_seconds,91.4720535278,41.4957695007,0,0,174.389393516,0.431787371635
PURE_CHECKPOINT/Eval_On_TOKYOTECH,TOKYOTECH,old,TOKYOTECH_s04,97,window,2910,3150,97.0,105.0,180,90.0,91.0,-1.0,1.0,1.098901098901099,-0.6338356478843238,nan,240,-0.09362791079911403,0.8563982955248669,0.021504831130160048,0.9108621829406435,1.0,correct,04,4,9,first_180_seconds,91.4720535278,41.4957695007,0,0,174.389393516,0.431787371635
PURE_CHECKPOINT/Eval_On_TOKYOTECH,TOKYOTECH,old,TOKYOTECH_s04,98,window,2940,3180,98.0,106.0,180,91.0,92.0,-1.0,1.0,1.0869565217391304,-0.4574891012329798,nan,240,-0.13586043996619993,0.8293603920918194,-0.008130847361832795,0.7961252798284704,1.0,correct,04,4,9,first_180_seconds,91.4720535278,41.4957695007,0,0,174.389393516,0.431787371635
PURE_CHECKPOINT/Eval_On_TOKYOTECH,TOKYOTECH,old,TOKYOTECH_s04,99,window,2970,3210,99.0,107.0,180,91.0,92.0,-1.0,1.0,1.0869565217391304,-0.5449374833828174,nan,240,-0.14510126445481245,0.7590239706304279,0.0027936407806724555,0.8637058162395295,1.0,correct,04,4,9,first_180_seconds,91.4720535278,41.4957695007,0,0,174.389393516,0.431787371635
PURE_CHECKPOINT/Eval_On_TOKYOTECH,TOKYOTECH,old,TOKYOTECH_s04,100,window,3000,3240,100.0,108.0,180,93.0,93.0,0.0,0.0,0.0,-0.5061627531472094,nan,240,-0.1093894885717115,0.7285116248895286,0.008651082308886138,0.802121336720387,1.0,correct,04,4,9,first_180_seconds,91.4720535278,41.4957695007,0,0,174.389393516,0.431787371635
PURE_CHECKPOINT/Eval_On_TOKYOTECH,TOKYOTECH,old,TOKYOTECH_s04,101,window,3030,3270,101.0,109.0,180,93.0,94.0,-1.0,1.0,1.0638297872340425,-0.5689362642386459,nan,240,-0.0550261672916046,0.698747126594145,0.010742287398700884,0.7906723972599684,1.0,correct,04,4,9,first_180_seconds,91.4720535278,41.4957695007,0,0,174.389393516,0.431787371635
PURE_CHECKPOINT/Eval_On_TOKYOTECH,TOKYOTECH,old,TOKYOTECH_s04,102,window,3060,3300,102.0,110.0,180,95.0,95.0,0.0,0.0,0.0,-0.5848908328536648,nan,240,0.010312620466963077,0.7067955569299529,0.005985971309047293,0.8189073985983605,1.0,correct,04,4,9,first_180_seconds,91.4720535278,41.4957695007,0,0,174.389393516,0.431787371635
PURE_CHECKPOINT/Eval_On_TOKYOTECH,TOKYOTECH,old,TOKYOTECH_s04,103,window,3090,3330,103.0,111.0,180,95.0,95.0,0.0,0.0,0.0,-0.6253306772719108,nan,240,0.015607769474445376,0.7021290301325851,0.02548034327959325,0.8217274428143433,1.0,correct,04,4,9,first_180_seconds,91.4720535278,41.4957695007,0,0,174.389393516,0.431787371635
PURE_CHECKPOINT/Eval_On_TOKYOTECH,TOKYOTECH,old,TOKYOTECH_s04,104,window,3120,3360,104.0,112.0,180,94.0,95.0,-1.0,1.0,1.0526315789473684,-0.6244850526497064,nan,240,0.09188319626603819,0.7067198614629978,-0.0026384814067741255,0.8331060810467003,1.0,correct,04,4,9,first_180_seconds,91.4720535278,41.4957695007,0,0,174.389393516,0.431787371635
PURE_CHECKPOINT/Eval_On_TOKYOTECH,TOKYOTECH,old,TOKYOTECH_s04,105,window,3150,3390,105.0,113.0,180,92.0,94.0,-2.0,2.0,2.127659574468085,-0.6405171697729035,nan,240,0.08571994100105561,0.7505003302200115,0.018760822698463152,0.8517617332065857,1.0,correct,04,4,9,first_180_seconds,91.4720535278,41.4957695007,0,0,174.389393516,0.431787371635
PURE_CHECKPOINT/Eval_On_TOKYOTECH,TOKYOTECH,old,TOKYOTECH_s04,106,window,3180,3420,106.0,114.0,180,91.0,92.0,-1.0,1.0,1.0869565217391304,-0.6915007296584544,nan,240,0.08929548138160802,0.7774011035652756,0.011635550833639817,0.9065466468105083,1.0,correct,04,4,9,first_180_seconds,91.4720535278,41.4957695007,0,0,174.389393516,0.431787371635
PURE_CHECKPOINT/Eval_On_TOKYOTECH,TOKYOTECH,old,TOKYOTECH_s04,107,window,3210,3450,107.0,115.0,180,91.0,91.0,0.0,0.0,0.0,-0.6973713616947391,nan,240,0.02404726670307961,0.8097614553269499,0.006549769016889269,0.871894372959161,1.0,correct,04,4,9,first_180_seconds,91.4720535278,41.4957695007,0,0,174.389393516,0.431787371635
PURE_CHECKPOINT/Eval_On_TOKYOTECH,TOKYOTECH,old,TOKYOTECH_s04,108,window,3240,3480,108.0,116.0,180,90.0,91.0,-1.0,1.0,1.098901098901099,-0.7145592538711893,nan,240,0.012718450669490266,0.8297934919604943,0.014634426763381744,0.8794965085760328,1.0,correct,04,4,9,first_180_seconds,91.4720535278,41.4957695007,0,0,174.389393516,0.431787371635
PURE_CHECKPOINT/Eval_On_TOKYOTECH,TOKYOTECH,old,TOKYOTECH_s04,109,window,3270,3510,109.0,117.0,180,90.0,91.0,-1.0,1.0,1.098901098901099,-0.6849716208004792,nan,240,-0.07248789340228541,0.8531802989106889,0.0007941360500370864,0.9068290029310836,1.0,correct,04,4,9,first_180_seconds,91.4720535278,41.4957695007,0,0,174.389393516,0.431787371635
PURE_CHECKPOINT/Eval_On_TOKYOTECH,TOKYOTECH,old,TOKYOTECH_s04,110,window,3300,3540,110.0,118.0,180,91.0,92.0,-1.0,1.0,1.0869565217391304,-0.7349363676998599,nan,240,-0.10272743065579562,0.8284755603617656,-0.007473942480183739,0.9244500267096399,1.0,correct,04,4,9,first_180_seconds,91.4720535278,41.4957695007,0,0,174.389393516,0.431787371635
PURE_CHECKPOINT/Eval_On_TOKYOTECH,TOKYOTECH,old,TOKYOTECH_s04,111,window,3330,3570,111.0,119.0,180,92.0,93.0,-1.0,1.0,1.0752688172043012,-0.6334353753028084,nan,240,-0.07411932621228819,0.8335765513605974,-0.0010686737367870689,0.8887921985174854,1.0,correct,04,4,9,first_180_seconds,91.4720535278,41.4957695007,0,0,174.389393516,0.431787371635
PURE_CHECKPOINT/Eval_On_TOKYOTECH,TOKYOTECH,old,TOKYOTECH_s04,112,window,3360,3600,112.0,120.0,180,94.0,94.0,0.0,0.0,0.0,-0.6405544726005697,nan,240,-0.09167070464463904,0.8101950514095445,0.02359285996678847,0.872677105041189,1.0,correct,04,4,9,first_180_seconds,91.4720535278,41.4957695007,0,0,174.389393516,0.431787371635
PURE_CHECKPOINT/Eval_On_TOKYOTECH,TOKYOTECH,old,TOKYOTECH_s04,113,window,3390,3630,113.0,121.0,180,94.0,94.0,0.0,0.0,0.0,-0.6371264056628881,nan,240,-0.05085064456410085,0.8091092731113977,-0.008339373884485695,0.8457791857125142,1.0,correct,04,4,9,first_180_seconds,91.4720535278,41.4957695007,0,0,174.389393516,0.431787371635
PURE_CHECKPOINT/Eval_On_TOKYOTECH,TOKYOTECH,old,TOKYOTECH_s04,114,window,3420,3660,114.0,122.0,180,93.0,94.0,-1.0,1.0,1.0638297872340425,-0.6143646521578743,nan,240,-0.041111664982357375,0.8166302943502148,0.020428148999438046,0.8764336114182454,1.0,correct,04,4,9,first_180_seconds,91.4720535278,41.4957695007,0,0,174.389393516,0.431787371635
PURE_CHECKPOINT/Eval_On_TOKYOTECH,TOKYOTECH,old,TOKYOTECH_s04,115,window,3450,3690,115.0,123.0,180,91.0,93.0,-2.0,2.0,2.1505376344086025,-0.6444775003083152,nan,240,-0.025459199208611002,0.8487837799465021,0.022495929583937858,0.9271224555899967,1.0,correct,04,4,9,first_180_seconds,91.4720535278,41.4957695007,0,0,174.389393516,0.431787371635
PURE_CHECKPOINT/Eval_On_TOKYOTECH,TOKYOTECH,old,TOKYOTECH_s04,116,window,3480,3720,116.0,124.0,180,90.0,91.0,-1.0,1.0,1.098901098901099,-0.6360151332598233,nan,240,-0.06785166330713158,0.8417771652120696,-0.036722340940865975,0.9035418519925894,1.0,correct,04,4,9,first_180_seconds,91.4720535278,41.4957695007,0,0,174.389393516,0.431787371635
PURE_CHECKPOINT/Eval_On_TOKYOTECH,TOKYOTECH,old,TOKYOTECH_s04,117,window,3510,3750,117.0,125.0,180,90.0,90.0,0.0,0.0,0.0,-0.7355264358805943,nan,240,-0.050795306238190584,0.8418767220462272,0.02788840722600677,0.9262313239483395,1.0,correct,04,4,9,first_180_seconds,91.4720535278,41.4957695007,0,0,174.389393516,0.431787371635
PURE_CHECKPOINT/Eval_On_TOKYOTECH,TOKYOTECH,old,TOKYOTECH_s04,118,window,3540,3780,118.0,126.0,180,89.0,89.0,0.0,0.0,0.0,-0.7152402345979876,nan,240,-0.037142379519840084,0.8492261435289807,-0.010843207541662746,0.8898519135153838,1.0,correct,04,4,9,first_180_seconds,91.4720535278,41.4957695007,0,0,174.389393516,0.431787371635
PURE_CHECKPOINT/Eval_On_TOKYOTECH,TOKYOTECH,old,TOKYOTECH_s04,119,window,3570,3810,119.0,127.0,180,87.0,87.0,0.0,0.0,0.0,-0.6669391651387058,nan,240,-0.056981158815324305,0.8411342065419027,0.04598697982108592,0.8450366752216475,1.0,correct,04,4,9,first_180_seconds,91.4720535278,41.4957695007,0,0,174.389393516,0.431787371635
PURE_CHECKPOINT/Eval_On_TOKYOTECH,TOKYOTECH,old,TOKYOTECH_s04,120,window,3600,3840,120.0,128.0,180,86.0,87.0,-1.0,1.0,1.1494252873563218,-0.6702534666086466,nan,240,-0.01772612498413461,0.8586449565970086,0.005946047171372228,0.8115124189563135,1.0,correct,04,4,9,first_180_seconds,91.4720535278,41.4957695007,0,0,174.389393516,0.431787371635
PURE_CHECKPOINT/Eval_On_TOKYOTECH,TOKYOTECH,old,TOKYOTECH_s04,121,window,3630,3870,121.0,129.0,180,87.0,87.0,0.0,0.0,0.0,-0.6478350222902787,nan,240,-0.0521296557407671,0.8403685761854321,0.035707701212549764,0.8453737676175938,1.0,correct,04,4,9,first_180_seconds,91.4720535278,41.4957695007,0,0,174.389393516,0.431787371635
PURE_CHECKPOINT/Eval_On_TOKYOTECH,TOKYOTECH,old,TOKYOTECH_s04,122,window,3660,3900,122.0,130.0,180,86.0,86.0,0.0,0.0,0.0,-0.6418759094277773,nan,240,-0.10938783068171082,0.829303233282796,-0.0014502052460883244,0.8681241626812167,1.0,correct,04,4,9,first_180_seconds,91.4720535278,41.4957695007,0,0,174.389393516,0.431787371635
PURE_CHECKPOINT/Eval_On_TOKYOTECH,TOKYOTECH,old,TOKYOTECH_s04,123,window,3690,3930,123.0,131.0,180,84.0,86.0,-2.0,2.0,2.3255813953488373,-0.6433229868368873,nan,240,-0.16007553656236267,0.7584331592865939,0.012324902433967404,0.8721267812279496,1.0,correct,04,4,9,first_180_seconds,91.4720535278,41.4957695007,0,0,174.389393516,0.431787371635
PURE_CHECKPOINT/Eval_On_TOKYOTECH,TOKYOTECH,old,TOKYOTECH_s04,124,window,3720,3960,124.0,132.0,180,82.0,84.0,-2.0,2.0,2.380952380952381,-0.620997303542111,nan,240,-0.19378233244545603,0.7467118020124117,-0.01468936062877898,0.9225751080757685,1.0,correct,04,4,9,first_180_seconds,91.4720535278,41.4957695007,0,0,174.389393516,0.431787371635
PURE_CHECKPOINT/Eval_On_TOKYOTECH,TOKYOTECH,old,TOKYOTECH_s04,125,window,3750,3990,125.0,133.0,180,82.0,83.0,-1.0,1.0,1.2048192771084338,-0.6453931464976532,nan,240,-0.17102148949828308,0.7150817587875106,0.01158369417830992,0.9357606152936977,1.0,correct,04,4,9,first_180_seconds,91.4720535278,41.4957695007,0,0,174.389393516,0.431787371635
PURE_CHECKPOINT/Eval_On_TOKYOTECH,TOKYOTECH,old,TOKYOTECH_s04,126,window,3780,4020,126.0,134.0,180,82.0,82.0,0.0,0.0,0.0,-0.669257320148866,nan,240,-0.15638498036229673,0.7038983132645642,0.006171112015717509,0.8977719243622017,1.0,correct,04,4,9,first_180_seconds,91.4720535278,41.4957695007,0,0,174.389393516,0.431787371635
PURE_CHECKPOINT/Eval_On_TOKYOTECH,TOKYOTECH,old,TOKYOTECH_s04,127,window,3810,4050,127.0,135.0,180,81.0,81.0,0.0,0.0,0.0,-0.6753643674028583,nan,240,-0.12359932479642642,0.7073234502418769,-4.707935000072642e-05,0.912385357827749,1.0,correct,04,4,9,first_180_seconds,91.4720535278,41.4957695007,0,0,174.389393516,0.431787371635
PURE_CHECKPOINT/Eval_On_TOKYOTECH,TOKYOTECH,old,TOKYOTECH_s04,128,window,3840,4080,128.0,136.0,180,80.0,80.0,0.0,0.0,0.0,-0.5519203748985473,nan,240,-0.13666093912518892,0.7188687367774065,0.03731694472810172,0.9302791888723251,1.0,correct,04,4,9,first_180_seconds,91.4720535278,41.4957695007,0,0,174.389393516,0.431787371635
PURE_CHECKPOINT/Eval_On_TOKYOTECH,TOKYOTECH,old,TOKYOTECH_s04,129,window,3870,4110,129.0,137.0,180,81.0,80.0,1.0,1.0,1.25,-0.6250160286774024,nan,240,-0.08840562564631303,0.7226641087569581,-0.023505510664711297,0.9431906681890844,1.0,correct,04,4,9,first_180_seconds,91.4720535278,41.4957695007,0,0,174.389393516,0.431787371635
PURE_CHECKPOINT/Eval_On_TOKYOTECH,TOKYOTECH,old,TOKYOTECH_s04,130,window,3900,4140,130.0,138.0,180,82.0,80.0,2.0,2.0,2.5,-0.6220006306386806,nan,240,-0.0418775774538517,0.7175892738798022,0.013828186090285877,0.9251907705859197,1.0,correct,04,4,9,first_180_seconds,91.4720535278,41.4957695007,0,0,174.389393516,0.431787371635
PURE_CHECKPOINT/Eval_On_TOKYOTECH,TOKYOTECH,old,TOKYOTECH_s04,131,window,3930,4170,131.0,139.0,180,82.0,81.0,1.0,1.0,1.2345679012345678,-0.6479441548647293,nan,240,0.09197109413022796,0.7904137099674545,0.026242741717094484,0.9206886720651619,1.0,correct,04,4,9,first_180_seconds,91.4720535278,41.4957695007,0,0,174.389393516,0.431787371635
PURE_CHECKPOINT/Eval_On_TOKYOTECH,TOKYOTECH,old,TOKYOTECH_s04,132,window,3960,4200,132.0,140.0,180,82.0,81.0,1.0,1.0,1.2345679012345678,-0.6900068895845576,nan,240,0.1937337966024643,0.823072547302988,-0.04070896499427639,0.9536715894930724,1.0,correct,04,4,9,first_180_seconds,91.4720535278,41.4957695007,0,0,174.389393516,0.431787371635
PURE_CHECKPOINT/Eval_On_TOKYOTECH,TOKYOTECH,old,TOKYOTECH_s04,133,window,3990,4230,133.0,141.0,180,82.0,81.0,1.0,1.0,1.2345679012345678,-0.6732571920766264,nan,240,0.19528415615592773,0.8843551134849832,0.023743752448826753,0.9632915013612551,1.0,correct,04,4,9,first_180_seconds,91.4720535278,41.4957695007,0,0,174.389393516,0.431787371635
PURE_CHECKPOINT/Eval_On_TOKYOTECH,TOKYOTECH,old,TOKYOTECH_s04,134,window,4020,4260,134.0,142.0,180,82.0,81.0,1.0,1.0,1.2345679012345678,-0.7471052773352428,nan,240,0.2130973859942363,0.953065968845819,0.020283399835821322,0.9351982707276165,1.0,correct,04,4,9,first_180_seconds,91.4720535278,41.4957695007,0,0,174.389393516,0.431787371635
PURE_CHECKPOINT/Eval_On_TOKYOTECH,TOKYOTECH,old,TOKYOTECH_s04,135,window,4050,4290,135.0,143.0,180,81.0,80.0,1.0,1.0,1.25,-0.7156038287692461,nan,240,0.23434439132494542,1.0164815383963646,-0.027807803968515055,0.9135003251946636,1.0,correct,04,4,9,first_180_seconds,91.4720535278,41.4957695007,0,0,174.389393516,0.431787371635
PURE_CHECKPOINT/Eval_On_TOKYOTECH,TOKYOTECH,old,TOKYOTECH_s04,136,window,4080,4320,136.0,144.0,180,82.0,79.0,3.0,3.0,3.79746835443038,-0.6094729299823575,nan,240,0.1747635834016061,1.0656371766270971,0.01835612780386668,0.9515982066590059,1.0,correct,04,4,9,first_180_seconds,91.4720535278,41.4957695007,0,0,174.389393516,0.431787371635
PURE_CHECKPOINT/Eval_On_TOKYOTECH,TOKYOTECH,old,TOKYOTECH_s04,137,window,4110,4350,137.0,145.0,180,80.0,78.0,2.0,2.0,2.564102564102564,-0.6144285039232931,nan,240,0.08203869806408572,1.119045689230992,0.009829245233091076,0.8531667843204364,1.0,correct,04,4,9,first_180_seconds,91.4720535278,41.4957695007,0,0,174.389393516,0.431787371635
PURE_CHECKPOINT/Eval_On_TOKYOTECH,TOKYOTECH,old,TOKYOTECH_s04,138,window,4140,4380,138.0,146.0,180,76.0,78.0,-2.0,2.0,2.564102564102564,-0.690435900488943,nan,240,0.09513822231868592,1.1723638535793464,0.004669451957325972,0.9345510605353015,1.0,correct,04,4,9,first_180_seconds,91.4720535278,41.4957695007,0,0,174.389393516,0.431787371635
PURE_CHECKPOINT/Eval_On_TOKYOTECH,TOKYOTECH,old,TOKYOTECH_s04,139,window,4170,4410,139.0,147.0,180,78.0,78.0,0.0,0.0,0.0,-0.7017299543420552,nan,240,0.025047081367423136,1.1775538827763048,-0.015704389574579227,0.8840880433129811,1.0,correct,04,4,9,first_180_seconds,91.4720535278,41.4957695007,0,0,174.389393516,0.431787371635
PURE_CHECKPOINT/Eval_On_TOKYOTECH,TOKYOTECH,old,TOKYOTECH_s04,140,window,4200,4440,140.0,148.0,180,76.0,78.0,-2.0,2.0,2.564102564102564,-0.5974125949783251,nan,240,-0.031524871736958934,1.1863095646003636,0.010853250871433401,0.8802103389029938,1.0,correct,04,4,9,first_180_seconds,91.4720535278,41.4957695007,0,0,174.389393516,0.431787371635
PURE_CHECKPOINT/Eval_On_TOKYOTECH,TOKYOTECH,old,TOKYOTECH_s04,141,window,4230,4470,141.0,149.0,180,78.0,78.0,0.0,0.0,0.0,-0.541906262291631,nan,240,0.07760999632979898,1.2068804046514618,0.01657108663585308,0.8691993455098396,1.0,correct,04,4,9,first_180_seconds,91.4720535278,41.4957695007,0,0,174.389393516,0.431787371635
PURE_CHECKPOINT/Eval_On_TOKYOTECH,TOKYOTECH,old,TOKYOTECH_s04,142,window,4260,4500,142.0,150.0,180,77.0,79.0,-2.0,2.0,2.5316455696202533,-0.6048007373230728,nan,240,0.06869383478090943,1.2143261244902164,0.007792732018333681,0.8834706031983391,1.0,correct,04,4,9,first_180_seconds,91.4720535278,41.4957695007,0,0,174.389393516,0.431787371635
PURE_CHECKPOINT/Eval_On_TOKYOTECH,TOKYOTECH,old,TOKYOTECH_s04,143,window,4290,4530,143.0,151.0,180,81.0,80.0,1.0,1.0,1.25,-0.7219875489180136,nan,240,0.06667225144046825,1.2500858469421705,0.030482702100920248,0.9503568103825725,1.0,correct,04,4,9,first_180_seconds,91.4720535278,41.4957695007,0,0,174.389393516,0.431787371635
PURE_CHECKPOINT/Eval_On_TOKYOTECH,TOKYOTECH,old,TOKYOTECH_s04,144,window,4320,4560,144.0,152.0,180,82.0,81.0,1.0,1.0,1.2345679012345678,-0.71445380408222,nan,240,0.15394574092254817,1.2619828018462642,-0.009612672705509277,0.894562447061136,1.0,correct,04,4,9,first_180_seconds,91.4720535278,41.4957695007,0,0,174.389393516,0.431787371635
PURE_CHECKPOINT/Eval_On_TOKYOTECH,TOKYOTECH,old,TOKYOTECH_s04,145,window,4350,4590,145.0,153.0,180,82.0,82.0,0.0,0.0,0.0,-0.7460233025846775,nan,240,0.15371082110505085,1.2927772167923879,0.013384066617335844,0.9005808720641352,1.0,correct,04,4,9,first_180_seconds,91.4720535278,41.4957695007,0,0,174.389393516,0.431787371635
PURE_CHECKPOINT/Eval_On_TOKYOTECH,TOKYOTECH,old,TOKYOTECH_s04,146,window,4380,4620,146.0,154.0,180,82.0,83.0,-1.0,1.0,1.2048192771084338,-0.7618569410829856,nan,240,0.18500781887075088,1.3301226804309292,0.025750429302225947,0.9146887535493413,1.0,correct,04,4,9,first_180_seconds,91.4720535278,41.4957695007,0,0,174.389393516,0.431787371635
PURE_CHECKPOINT/Eval_On_TOKYOTECH,TOKYOTECH,old,TOKYOTECH_s04,147,window,4410,4650,147.0,155.0,180,82.0,83.0,-1.0,1.0,1.2048192771084338,-0.6411876674207735,nan,240,0.19342859029129614,1.3474259565344664,-0.04825596040315721,0.8921755609728397,1.0,correct,04,4,9,first_180_seconds,91.4720535278,41.4957695007,0,0,174.389393516,0.431787371635
PURE_CHECKPOINT/Eval_On_TOKYOTECH,TOKYOTECH,old,TOKYOTECH_s04,148,window,4440,4680,148.0,156.0,180,82.0,82.0,0.0,0.0,0.0,-0.7282082122010435,nan,240,0.1709542267024517,1.3724497351552516,0.015327021036565058,0.9221812443696897,1.0,correct,04,4,9,first_180_seconds,91.4720535278,41.4957695007,0,0,174.389393516,0.431787371635
PURE_CHECKPOINT/Eval_On_TOKYOTECH,TOKYOTECH,old,TOKYOTECH_s04,149,window,4470,4710,149.0,157.0,180,82.0,82.0,0.0,0.0,0.0,-0.7492403926496346,nan,240,0.15860309039320175,1.4186536778308985,0.03187514419131375,0.907118207100065,1.0,correct,04,4,9,first_180_seconds,91.4720535278,41.4957695007,0,0,174.389393516,0.431787371635
PURE_CHECKPOINT/Eval_On_TOKYOTECH,TOKYOTECH,old,TOKYOTECH_s04,150,window,4500,4740,150.0,158.0,180,82.0,83.0,-1.0,1.0,1.2048192771084338,-0.7628324336123495,nan,240,0.14564145689364522,1.4528055366566208,-0.020150910444372998,0.8808450468280025,1.0,correct,04,4,9,first_180_seconds,91.4720535278,41.4957695007,0,0,174.389393516,0.431787371635
PURE_CHECKPOINT/Eval_On_TOKYOTECH,TOKYOTECH,old,TOKYOTECH_s04,151,window,4530,4770,151.0,159.0,180,82.0,82.0,0.0,0.0,0.0,-0.7921202236998133,nan,240,0.08930986386258155,1.4748234541546645,0.00817845308781973,0.9244238510051249,1.0,correct,04,4,9,first_180_seconds,91.4720535278,41.4957695007,0,0,174.389393516,0.431787371635
PURE_CHECKPOINT/Eval_On_TOKYOTECH,TOKYOTECH,old,TOKYOTECH_s04,152,window,4560,4800,152.0,160.0,180,82.0,82.0,0.0,0.0,0.0,-0.7778705698650238,nan,240,0.079557602518859,1.4864755091239286,0.015193611771412024,0.868225259488616,1.0,correct,04,4,9,first_180_seconds,91.4720535278,41.4957695007,0,0,174.389393516,0.431787371635
PURE_CHECKPOINT/Eval_On_TOKYOTECH,TOKYOTECH,old,TOKYOTECH_s04,153,window,4590,4830,153.0,161.0,180,82.0,82.0,0.0,0.0,0.0,-0.7357197665763783,nan,240,0.10063572865134726,1.4996363918769224,0.006666028136132792,0.8491702333686016,1.0,correct,04,4,9,first_180_seconds,91.4720535278,41.4957695007,0,0,174.389393516,0.431787371635
PURE_CHECKPOINT/Eval_On_TOKYOTECH,TOKYOTECH,old,TOKYOTECH_s04,154,window,4620,4860,154.0,162.0,180,82.0,82.0,0.0,0.0,0.0,-0.7721313444304293,nan,240,0.030563959983798364,1.5151462953365038,0.01756958796972815,0.9123161747312534,1.0,correct,04,4,9,first_180_seconds,91.4720535278,41.4957695007,0,0,174.389393516,0.431787371635
PURE_CHECKPOINT/Eval_On_TOKYOTECH,TOKYOTECH,old,TOKYOTECH_s04,155,window,4650,4890,155.0,163.0,180,81.0,81.0,0.0,0.0,0.0,-0.7464435768114368,nan,240,0.06408121437610438,1.5275557484465427,-0.009866572722681375,0.8781665286525113,1.0,correct,04,4,9,first_180_seconds,91.4720535278,41.4957695007,0,0,174.389393516,0.431787371635
PURE_CHECKPOINT/Eval_On_TOKYOTECH,TOKYOTECH,old,TOKYOTECH_s04,156,window,4680,4920,156.0,164.0,180,82.0,81.0,1.0,1.0,1.2345679012345678,-0.7158829729559946,nan,240,0.07373386195395142,1.5330409387046378,0.0205250777806078,0.8750734066662441,1.0,correct,04,4,9,first_180_seconds,91.4720535278,41.4957695007,0,0,174.389393516,0.431787371635
PURE_CHECKPOINT/Eval_On_TOKYOTECH,TOKYOTECH,old,TOKYOTECH_s04,157,window,4710,4950,157.0,165.0,180,82.0,81.0,1.0,1.0,1.2345679012345678,-0.7320858817878081,nan,240,0.05043640337341155,1.54447585819227,0.02216831692980157,0.9150056209400272,1.0,correct,04,4,9,first_180_seconds,91.4720535278,41.4957695007,0,0,174.389393516,0.431787371635
PURE_CHECKPOINT/Eval_On_TOKYOTECH,TOKYOTECH,old,TOKYOTECH_s04,158,window,4740,4980,158.0,166.0,180,81.0,82.0,-1.0,1.0,1.2195121951219512,-0.6656657048421518,nan,240,0.0698917667226245,1.5575277543774602,-0.0444311868606127,0.8831703536761992,1.0,correct,04,4,9,first_180_seconds,91.4720535278,41.4957695007,0,0,174.389393516,0.431787371635
PURE_CHECKPOINT/Eval_On_TOKYOTECH,TOKYOTECH,old,TOKYOTECH_s04,159,window,4770,5010,159.0,167.0,180,82.0,81.0,1.0,1.0,1.2345679012345678,-0.747755538384203,nan,240,0.030825536620492738,1.5660678604019338,0.015321052652397908,0.9095240170771185,1.0,correct,04,4,9,first_180_seconds,91.4720535278,41.4957695007,0,0,174.389393516,0.431787371635
PURE_CHECKPOINT/Eval_On_TOKYOTECH,TOKYOTECH,old,TOKYOTECH_s04,160,window,4800,5040,160.0,168.0,180,82.0,82.0,0.0,0.0,0.0,-0.7379083148479738,nan,240,0.029747967330816513,1.5706181250374354,0.034007633412352994,0.9200750489037264,1.0,correct,04,4,9,first_180_seconds,91.4720535278,41.4957695007,0,0,174.389393516,0.431787371635
PURE_CHECKPOINT/Eval_On_TOKYOTECH,TOKYOTECH,old,TOKYOTECH_s04,161,window,4830,5070,161.0,169.0,180,82.0,82.0,0.0,0.0,0.0,-0.6909498768177422,nan,240,0.08252689317062807,1.5669799057702793,-0.0337771788246882,0.8856036591856619,1.0,correct,04,4,9,first_180_seconds,91.4720535278,41.4957695007,0,0,174.389393516,0.431787371635
PURE_CHECKPOINT/Eval_On_TOKYOTECH,TOKYOTECH,old,TOKYOTECH_s04,162,window,4860,5100,162.0,170.0,180,82.0,82.0,0.0,0.0,0.0,-0.7706570167834572,nan,240,0.08602901488969412,1.5767259251966557,0.010279560120448332,0.9302815156995924,1.0,correct,04,4,9,first_180_seconds,91.4720535278,41.4957695007,0,0,174.389393516,0.431787371635
PURE_CHECKPOINT/Eval_On_TOKYOTECH,TOKYOTECH,old,TOKYOTECH_s04,163,window,4890,5130,163.0,171.0,180,82.0,82.0,0.0,0.0,0.0,-0.7701043816518183,nan,240,0.0958203838497866,1.598258864952073,0.024164221047073844,0.8908678625208839,1.0,correct,04,4,9,first_180_seconds,91.4720535278,41.4957695007,0,0,174.389393516,0.431787371635
PURE_CHECKPOINT/Eval_On_TOKYOTECH,TOKYOTECH,old,TOKYOTECH_s04,164,window,4920,5160,164.0,172.0,180,82.0,83.0,-1.0,1.0,1.2048192771084338,-0.748790027944757,nan,240,0.06561856834644762,1.6017406111713954,0.00021528437466117323,0.8953689934461446,1.0,correct,04,4,9,first_180_seconds,91.4720535278,41.4957695007,0,0,174.389393516,0.431787371635
PURE_CHECKPOINT/Eval_On_TOKYOTECH,TOKYOTECH,old,TOKYOTECH_s04,165,window,4950,5190,165.0,173.0,180,82.0,84.0,-2.0,2.0,2.380952380952381,-0.7096296197395893,nan,240,0.06501314562240926,1.5923475245964578,0.008992364311707711,0.8946773928937373,1.0,correct,04,4,9,first_180_seconds,91.4720535278,41.4957695007,0,0,174.389393516,0.431787371635
PURE_CHECKPOINT/Eval_On_TOKYOTECH,TOKYOTECH,old,TOKYOTECH_s04,166,window,4980,5220,166.0,174.0,180,82.0,84.0,-2.0,2.0,2.380952380952381,-0.6824976809500667,nan,240,-0.018096169559673095,1.578213220548354,-0.031358988920192725,0.9109143253224481,1.0,correct,04,4,9,first_180_seconds,91.4720535278,41.4957695007,0,0,174.389393516,0.431787371635
PURE_CHECKPOINT/Eval_On_TOKYOTECH,TOKYOTECH,old,TOKYOTECH_s04,167,window,5010,5250,167.0,175.0,180,83.0,84.0,-1.0,1.0,1.1904761904761905,-0.7152029211637728,nan,240,-0.05362809164798819,1.550333744807533,0.012673759611372045,0.890522164053778,1.0,correct,04,4,9,first_180_seconds,91.4720535278,41.4957695007,0,0,174.389393516,0.431787371635
PURE_CHECKPOINT/Eval_On_TOKYOTECH,TOKYOTECH,old,TOKYOTECH_s04,168,window,5040,5280,168.0,176.0,180,83.0,84.0,-1.0,1.0,1.1904761904761905,-0.7409294464815839,nan,240,-0.1462185900309123,1.4987556503212334,0.022594536866811808,0.9242038030591867,1.0,correct,04,4,9,first_180_seconds,91.4720535278,41.4957695007,0,0,174.389393516,0.431787371635
PURE_CHECKPOINT/Eval_On_TOKYOTECH,TOKYOTECH,old,TOKYOTECH_s05,0,window,0,240,0.0,8.0,180,68.0,71.0,-3.0,3.0,4.225352112676056,-0.15098892997993504,nan,240,-0.12276643720106221,1.0179917951463178,0.010774353261973717,0.9406102914894411,1.0,correct,05,5,9,first_180_seconds,111.324363708,70.6313247681,0,0.395548502604,431.490453883,0.508809864521
PURE_CHECKPOINT/Eval_On_TOKYOTECH,TOKYOTECH,old,TOKYOTECH_s05,1,window,30,270,1.0,9.0,180,68.0,71.0,-3.0,3.0,4.225352112676056,-0.1960869607161969,nan,240,-0.10826418436093567,0.9683079134703978,-0.014255276080226061,0.9524070725844035,1.0,correct,05,5,9,first_180_seconds,111.324363708,70.6313247681,0,0.395548502604,431.490453883,0.508809864521
PURE_CHECKPOINT/Eval_On_TOKYOTECH,TOKYOTECH,old,TOKYOTECH_s05,2,window,60,300,2.0,10.0,180,68.0,70.0,-2.0,2.0,2.857142857142857,-0.3408153839580741,nan,240,-0.11569913293351419,0.9985215206120661,0.012664588054591579,0.9120221329005171,1.0,correct,05,5,9,first_180_seconds,111.324363708,70.6313247681,0,0.395548502604,431.490453883,0.508809864521
PURE_CHECKPOINT/Eval_On_TOKYOTECH,TOKYOTECH,old,TOKYOTECH_s05,3,window,90,330,3.0,11.0,180,69.0,70.0,-1.0,1.0,1.4285714285714286,-0.3716445620419826,nan,240,-0.062012678150009985,1.0332998136712845,0.005244092854327531,0.9352892559579453,1.0,correct,05,5,9,first_180_seconds,111.324363708,70.6313247681,0,0.395548502604,431.490453883,0.508809864521
PURE_CHECKPOINT/Eval_On_TOKYOTECH,TOKYOTECH,old,TOKYOTECH_s05,4,window,120,360,4.0,12.0,180,72.0,70.0,2.0,2.0,2.857142857142857,-0.39684494237508644,nan,240,-0.028409612751177822,1.0459432784200102,-0.011492820662773521,0.9371801074688658,1.0,correct,05,5,9,first_180_seconds,111.324363708,70.6313247681,0,0.395548502604,431.490453883,0.508809864521
PURE_CHECKPOINT/Eval_On_TOKYOTECH,TOKYOTECH,old,TOKYOTECH_s05,5,window,150,390,5.0,13.0,180,69.0,70.0,-1.0,1.0,1.4285714285714286,-0.2993504580880625,nan,240,-0.013024920230964198,1.0289145794122276,0.004565725342921168,0.9371762874111754,1.0,correct,05,5,9,first_180_seconds,111.324363708,70.6313247681,0,0.395548502604,431.490453883,0.508809864521
PURE_CHECKPOINT/Eval_On_TOKYOTECH,TOKYOTECH,old,TOKYOTECH_s05,6,window,180,420,6.0,14.0,180,68.0,71.0,-3.0,3.0,4.225352112676056,-0.19486714102489833,nan,240,-0.009079805798440551,1.007858257244535,-0.00026845866063545667,0.9393443532616599,1.0,correct,05,5,9,first_180_seconds,111.324363708,70.6313247681,0,0.395548502604,431.490453883,0.508809864521
PURE_CHECKPOINT/Eval_On_TOKYOTECH,TOKYOTECH,old,TOKYOTECH_s05,7,window,210,450,7.0,15.0,180,70.0,71.0,-1.0,1.0,1.4084507042253522,-0.3953346726712677,nan,240,0.0029027616217111546,1.0168494767498018,0.01317889978137882,0.9330528419978886,1.0,correct,05,5,9,first_180_seconds,111.324363708,70.6313247681,0,0.395548502604,431.490453883,0.508809864521
PURE_CHECKPOINT/Eval_On_TOKYOTECH,TOKYOTECH,old,TOKYOTECH_s05,8,window,240,480,8.0,16.0,180,74.0,72.0,2.0,2.0,2.7777777777777777,-0.26677495035715454,nan,240,0.06677774185469995,1.0340479193422314,0.028516555869541993,0.9583315549663568,1.0,correct,05,5,9,first_180_seconds,111.324363708,70.6313247681,0,0.395548502604,431.490453883,0.508809864521
PURE_CHECKPOINT/Eval_On_TOKYOTECH,TOKYOTECH,old,TOKYOTECH_s05,9,window,270,510,9.0,17.0,180,74.0,72.0,2.0,2.0,2.7777777777777777,-0.39025260466044,nan,240,0.08917538175204148,1.0124269750742707,0.01699152578940321,0.9421136179056107,1.0,correct,05,5,9,first_180_seconds,111.324363708,70.6313247681,0,0.395548502604,431.490453883,0.508809864521
PURE_CHECKPOINT/Eval_On_TOKYOTECH,TOKYOTECH,old,TOKYOTECH_s05,10,window,300,540,10.0,18.0,180,73.0,72.0,1.0,1.0,1.3888888888888888,-0.4200745238345689,nan,240,0.09979028647455077,0.9712906069875991,-0.01017045518196915,0.9401700152599329,1.0,correct,05,5,9,first_180_seconds,111.324363708,70.6313247681,0,0.395548502604,431.490453883,0.508809864521
PURE_CHECKPOINT/Eval_On_TOKYOTECH,TOKYOTECH,old,TOKYOTECH_s05,11,window,330,570,11.0,19.0,180,73.0,72.0,1.0,1.0,1.3888888888888888,-0.4344256009778156,nan,240,0.06559941186569632,0.9490145820757515,-0.011699697100935729,0.9464557097226481,1.0,correct,05,5,9,first_180_seconds,111.324363708,70.6313247681,0,0.395548502604,431.490453883,0.508809864521
PURE_CHECKPOINT/Eval_On_TOKYOTECH,TOKYOTECH,old,TOKYOTECH_s05,12,window,360,600,12.0,20.0,180,73.0,72.0,1.0,1.0,1.3888888888888888,-0.4821285927733642,nan,240,0.03855304912043114,0.941321801846052,-0.012814831192988756,0.9319007857814137,1.0,correct,05,5,9,first_180_seconds,111.324363708,70.6313247681,0,0.395548502604,431.490453883,0.508809864521
PURE_CHECKPOINT/Eval_On_TOKYOTECH,TOKYOTECH,old,TOKYOTECH_s05,13,window,390,630,13.0,21.0,180,70.0,71.0,-1.0,1.0,1.4084507042253522,-0.5452212517606848,nan,240,-0.007026870331416527,0.9472419639370677,0.015321085954971137,0.9436129467737397,1.0,correct,05,5,9,first_180_seconds,111.324363708,70.6313247681,0,0.395548502604,431.490453883,0.508809864521
PURE_CHECKPOINT/Eval_On_TOKYOTECH,TOKYOTECH,old,TOKYOTECH_s05,14,window,420,660,14.0,22.0,180,73.0,71.0,2.0,2.0,2.8169014084507045,-0.48501456043670416,nan,240,0.04172859104971091,0.9720294157832857,0.007121537925201005,0.9493143483079034,1.0,correct,05,5,9,first_180_seconds,111.324363708,70.6313247681,0,0.395548502604,431.490453883,0.508809864521
PURE_CHECKPOINT/Eval_On_TOKYOTECH,TOKYOTECH,old,TOKYOTECH_s05,15,window,450,690,15.0,23.0,180,71.0,71.0,0.0,0.0,0.0,-0.3620359472376694,nan,240,0.06552368792860458,0.9747051874705579,-0.0047898346015819585,0.9195748427330457,1.0,correct,05,5,9,first_180_seconds,111.324363708,70.6313247681,0,0.395548502604,431.490453883,0.508809864521
PURE_CHECKPOINT/Eval_On_TOKYOTECH,TOKYOTECH,old,TOKYOTECH_s05,16,window,480,720,16.0,24.0,180,69.0,72.0,-3.0,3.0,4.166666666666666,-0.3470976335440037,nan,240,0.020655129997370143,0.9407989952450437,0.0007165644214233954,0.9449156028850039,1.0,correct,05,5,9,first_180_seconds,111.324363708,70.6313247681,0,0.395548502604,431.490453883,0.508809864521
PURE_CHECKPOINT/Eval_On_TOKYOTECH,TOKYOTECH,old,TOKYOTECH_s05,17,window,510,750,17.0,25.0,180,71.0,72.0,-1.0,1.0,1.3888888888888888,-0.5002164254229562,nan,240,-0.0111734101936842,0.9246348131989259,0.009894077733120066,0.9471761211332427,1.0,correct,05,5,9,first_180_seconds,111.324363708,70.6313247681,0,0.395548502604,431.490453883,0.508809864521
PURE_CHECKPOINT/Eval_On_TOKYOTECH,TOKYOTECH,old,TOKYOTECH_s05,18,window,540,780,18.0,26.0,180,74.0,72.0,2.0,2.0,2.7777777777777777,-0.3445352328453546,nan,240,0.0184003549007078,0.9475000863579691,0.020958514616989776,0.9642964953273598,1.0,correct,05,5,9,first_180_seconds,111.324363708,70.6313247681,0,0.395548502604,431.490453883,0.508809864521
PURE_CHECKPOINT/Eval_On_TOKYOTECH,TOKYOTECH,old,TOKYOTECH_s05,19,window,570,810,19.0,27.0,180,74.0,73.0,1.0,1.0,1.36986301369863,-0.19865184653472817,nan,240,0.043975947168655695,0.9420553231195985,0.0283904860259312,0.9564113583906358,1.0,correct,05,5,9,first_180_seconds,111.324363708,70.6313247681,0,0.395548502604,431.490453883,0.508809864521
PURE_CHECKPOINT/Eval_On_TOKYOTECH,TOKYOTECH,old,TOKYOTECH_s05,20,window,600,840,20.0,28.0,180,74.0,73.0,1.0,1.0,1.36986301369863,-0.14537628139179132,nan,240,0.04635538729586794,0.918548892685271,0.005847441572882303,0.9397376005698742,1.0,correct,05,5,9,first_180_seconds,111.324363708,70.6313247681,0,0.395548502604,431.490453883,0.508809864521
PURE_CHECKPOINT/Eval_On_TOKYOTECH,TOKYOTECH,old,TOKYOTECH_s05,21,window,630,870,21.0,29.0,180,72.0,72.0,0.0,0.0,0.0,-0.3696168513837661,nan,240,0.03722308631889367,0.8977582543343039,-0.00619234274786729,0.9629215975262517,1.0,correct,05,5,9,first_180_seconds,111.324363708,70.6313247681,0,0.395548502604,431.490453883,0.508809864521
PURE_CHECKPOINT/Eval_On_TOKYOTECH,TOKYOTECH,old,TOKYOTECH_s05,22,window,660,900,22.0,30.0,180,70.0,72.0,-2.0,2.0,2.7777777777777777,-0.3914555420836231,nan,240,-0.0328834358418438,0.9023772768710034,-0.014503395712060503,0.9568603515825499,1.0,correct,05,5,9,first_180_seconds,111.324363708,70.6313247681,0,0.395548502604,431.490453883,0.508809864521
PURE_CHECKPOINT/Eval_On_TOKYOTECH,TOKYOTECH,old,TOKYOTECH_s05,23,window,690,930,23.0,31.0,180,70.0,71.0,-1.0,1.0,1.4084507042253522,-0.5083129244730263,nan,240,-0.06984224720411779,0.9099633684955658,0.011885386413099224,0.9288986729479769,1.0,correct,05,5,9,first_180_seconds,111.324363708,70.6313247681,0,0.395548502604,431.490453883,0.508809864521
PURE_CHECKPOINT/Eval_On_TOKYOTECH,TOKYOTECH,old,TOKYOTECH_s05,24,window,720,960,24.0,32.0,180,73.0,71.0,2.0,2.0,2.8169014084507045,-0.29902030477506386,nan,240,-0.043100531598126206,0.9333160799643578,0.013936819361192803,0.9560318903776257,1.0,correct,05,5,9,first_180_seconds,111.324363708,70.6313247681,0,0.395548502604,431.490453883,0.508809864521
PURE_CHECKPOINT/Eval_On_TOKYOTECH,TOKYOTECH,old,TOKYOTECH_s05,25,window,750,990,25.0,33.0,180,73.0,71.0,2.0,2.0,2.8169014084507045,-0.3268531008290226,nan,240,0.01136343872155218,0.9531748149323424,-0.004036885350755115,0.9347685819716443,1.0,correct,05,5,9,first_180_seconds,111.324363708,70.6313247681,0,0.395548502604,431.490453883,0.508809864521
PURE_CHECKPOINT/Eval_On_TOKYOTECH,TOKYOTECH,old,TOKYOTECH_s05,26,window,780,1020,26.0,34.0,180,73.0,72.0,1.0,1.0,1.3888888888888888,-0.41052811551982415,nan,240,0.00856114538522282,0.9479053840582389,-0.021985183708759088,0.9584238462345646,1.0,correct,05,5,9,first_180_seconds,111.324363708,70.6313247681,0,0.395548502604,431.490453883,0.508809864521
PURE_CHECKPOINT/Eval_On_TOKYOTECH,TOKYOTECH,old,TOKYOTECH_s05,27,window,810,1050,27.0,35.0,180,74.0,72.0,2.0,2.0,2.7777777777777777,-0.509068651442199,nan,240,-0.005550829411367886,0.9440120050949729,-0.007782646947302187,0.9606142253108486,1.0,correct,05,5,9,first_180_seconds,111.324363708,70.6313247681,0,0.395548502604,431.490453883,0.508809864521
PURE_CHECKPOINT/Eval_On_TOKYOTECH,TOKYOTECH,old,TOKYOTECH_s05,28,window,840,1080,28.0,36.0,180,75.0,73.0,2.0,2.0,2.73972602739726,-0.42695398762034975,nan,240,0.004800391173921526,0.9576199005843268,0.011260214650160284,0.9751061487676065,1.0,correct,05,5,9,first_180_seconds,111.324363708,70.6313247681,0,0.395548502604,431.490453883,0.508809864521
PURE_CHECKPOINT/Eval_On_TOKYOTECH,TOKYOTECH,old,TOKYOTECH_s05,29,window,870,1110,29.0,37.0,180,74.0,73.0,1.0,1.0,1.36986301369863,-0.29761956917254756,nan,240,0.05885263671322415,0.9739353222988189,0.030197283826412395,0.963873939726451,1.0,correct,05,5,9,first_180_seconds,111.324363708,70.6313247681,0,0.395548502604,431.490453883,0.508809864521
PURE_CHECKPOINT/Eval_On_TOKYOTECH,TOKYOTECH,old,TOKYOTECH_s05,30,window,900,1140,30.0,38.0,180,74.0,73.0,1.0,1.0,1.36986301369863,-0.25873915642590606,nan,240,0.08865688001193726,0.9395283631970663,0.00814675307262889,0.9417700402062213,1.0,correct,05,5,9,first_180_seconds,111.324363708,70.6313247681,0,0.395548502604,431.490453883,0.508809864521
PURE_CHECKPOINT/Eval_On_TOKYOTECH,TOKYOTECH,old,TOKYOTECH_s05,31,window,930,1170,31.0,39.0,180,71.0,72.0,-1.0,1.0,1.3888888888888888,-0.44235702685096656,nan,240,0.10812240462206925,0.9308980397270641,-0.006728702878756793,0.9650296014888008,1.0,correct,05,5,9,first_180_seconds,111.324363708,70.6313247681,0,0.395548502604,431.490453883,0.508809864521
PURE_CHECKPOINT/Eval_On_TOKYOTECH,TOKYOTECH,old,TOKYOTECH_s05,32,window,960,1200,32.0,40.0,180,69.0,71.0,-2.0,2.0,2.8169014084507045,-0.47909819240049706,nan,240,0.06256330158794299,0.9251707957613569,0.0012000496416817552,0.9516262324756222,1.0,correct,05,5,9,first_180_seconds,111.324363708,70.6313247681,0,0.395548502604,431.490453883,0.508809864521
PURE_CHECKPOINT/Eval_On_TOKYOTECH,TOKYOTECH,old,TOKYOTECH_s05,33,window,990,1230,33.0,41.0,180,68.0,70.0,-2.0,2.0,2.857142857142857,-0.37095393909206925,nan,240,0.0028477732092142107,0.9247688328507845,-0.008741900395753111,0.9345476018132066,1.0,correct,05,5,9,first_180_seconds,111.324363708,70.6313247681,0,0.395548502604,431.490453883,0.508809864521
PURE_CHECKPOINT/Eval_On_TOKYOTECH,TOKYOTECH,old,TOKYOTECH_s05,34,window,1020,1260,34.0,42.0,180,68.0,70.0,-2.0,2.0,2.857142857142857,-0.4701264180945879,nan,240,-0.022294392071974773,0.9293660004305999,0.007254385665353699,0.918947818001005,1.0,correct,05,5,9,first_180_seconds,111.324363708,70.6313247681,0,0.395548502604,431.490453883,0.508809864521
PURE_CHECKPOINT/Eval_On_TOKYOTECH,TOKYOTECH,old,TOKYOTECH_s05,35,window,1050,1290,35.0,43.0,180,72.0,70.0,2.0,2.0,2.857142857142857,-0.4207169812576733,nan,240,-0.0070892730805402005,0.9424381756346881,0.0028249802657449473,0.9467344880526044,1.0,correct,05,5,9,first_180_seconds,111.324363708,70.6313247681,0,0.395548502604,431.490453883,0.508809864521
PURE_CHECKPOINT/Eval_On_TOKYOTECH,TOKYOTECH,old,TOKYOTECH_s05,36,window,1080,1320,36.0,44.0,180,68.0,70.0,-2.0,2.0,2.857142857142857,-0.3829015014109944,nan,240,-0.0021649192979869745,0.9391636282421213,-0.0018031460353890693,0.8953220805181379,1.0,correct,05,5,9,first_180_seconds,111.324363708,70.6313247681,0,0.395548502604,431.490453883,0.508809864521
PURE_CHECKPOINT/Eval_On_TOKYOTECH,TOKYOTECH,old,TOKYOTECH_s05,37,window,1110,1350,37.0,45.0,180,68.0,71.0,-3.0,3.0,4.225352112676056,-0.20477855248068375,nan,240,-0.04854735981595392,0.9193535650122212,0.01187082700099113,0.9459245872205371,1.0,correct,05,5,9,first_180_seconds,111.324363708,70.6313247681,0,0.395548502604,431.490453883,0.508809864521
PURE_CHECKPOINT/Eval_On_TOKYOTECH,TOKYOTECH,old,TOKYOTECH_s05,38,window,1140,1380,38.0,46.0,180,68.0,71.0,-3.0,3.0,4.225352112676056,-0.2850915776250417,nan,240,-0.08506142729505276,0.936612538692303,0.00030212315237928183,0.9480019177417616,1.0,correct,05,5,9,first_180_seconds,111.324363708,70.6313247681,0,0.395548502604,431.490453883,0.508809864521
PURE_CHECKPOINT/Eval_On_TOKYOTECH,TOKYOTECH,old,TOKYOTECH_s05,39,window,1170,1410,39.0,47.0,180,71.0,71.0,0.0,0.0,0.0,-0.3766923726633901,nan,240,-0.0710518537205644,0.9565281326111648,0.0228910715975759,0.9255706251150855,1.0,correct,05,5,9,first_180_seconds,111.324363708,70.6313247681,0,0.395548502604,431.490453883,0.508809864521
PURE_CHECKPOINT/Eval_On_TOKYOTECH,TOKYOTECH,old,TOKYOTECH_s05,40,window,1200,1440,40.0,48.0,180,73.0,72.0,1.0,1.0,1.3888888888888888,-0.21094524502647294,nan,240,-0.035157727706246075,0.9738657656291507,0.015346056926549157,0.9257865004643717,1.0,correct,05,5,9,first_180_seconds,111.324363708,70.6313247681,0,0.395548502604,431.490453883,0.508809864521
PURE_CHECKPOINT/Eval_On_TOKYOTECH,TOKYOTECH,old,TOKYOTECH_s05,41,window,1230,1470,41.0,49.0,180,74.0,71.0,3.0,3.0,4.225352112676056,-0.20460744231755568,nan,240,-0.006419245475747933,0.9555323308535194,-0.0023502163902680857,0.9183209031254539,1.0,correct,05,5,9,first_180_seconds,111.324363708,70.6313247681,0,0.395548502604,431.490453883,0.508809864521
PURE_CHECKPOINT/Eval_On_TOKYOTECH,TOKYOTECH,old,TOKYOTECH_s05,42,window,1260,1500,42.0,50.0,180,74.0,72.0,2.0,2.0,2.7777777777777777,-0.44834005088972456,nan,240,-0.011366899499747282,0.9584220430580924,-0.007673027717812368,0.941227715632926,1.0,correct,05,5,9,first_180_seconds,111.324363708,70.6313247681,0,0.395548502604,431.490453883,0.508809864521
PURE_CHECKPOINT/Eval_On_TOKYOTECH,TOKYOTECH,old,TOKYOTECH_s05,43,window,1290,1530,43.0,51.0,180,74.0,72.0,2.0,2.0,2.7777777777777777,-0.5675966674544669,nan,240,-0.038673497778897094,0.9711544205434661,-0.008804558459839674,0.952726281538556,1.0,correct,05,5,9,first_180_seconds,111.324363708,70.6313247681,0,0.395548502604,431.490453883,0.508809864521
PURE_CHECKPOINT/Eval_On_TOKYOTECH,TOKYOTECH,old,TOKYOTECH_s05,44,window,1320,1560,44.0,52.0,180,74.0,72.0,2.0,2.0,2.7777777777777777,-0.4867750970387717,nan,240,-0.06035473285761934,0.982798240589506,0.011403947983739438,0.9223794068824346,1.0,correct,05,5,9,first_180_seconds,111.324363708,70.6313247681,0,0.395548502604,431.490453883,0.508809864521
PURE_CHECKPOINT/Eval_On_TOKYOTECH,TOKYOTECH,old,TOKYOTECH_s05,45,window,1350,1590,45.0,53.0,180,74.0,72.0,2.0,2.0,2.7777777777777777,-0.3189074001725348,nan,240,-0.020519831834584088,1.0246049003207345,0.023039885636173294,0.9485356067466533,1.0,correct,05,5,9,first_180_seconds,111.324363708,70.6313247681,0,0.395548502604,431.490453883,0.508809864521
PURE_CHECKPOINT/Eval_On_TOKYOTECH,TOKYOTECH,old,TOKYOTECH_s05,46,window,1380,1620,46.0,54.0,180,73.0,71.0,2.0,2.0,2.8169014084507045,-0.25612589660690704,nan,240,0.0241297484106326,1.028511535131633,-0.003421028338430704,0.8984311415856086,1.0,correct,05,5,9,first_180_seconds,111.324363708,70.6313247681,0,0.395548502604,431.490453883,0.508809864521
PURE_CHECKPOINT/Eval_On_TOKYOTECH,TOKYOTECH,old,TOKYOTECH_s05,47,window,1410,1650,47.0,55.0,180,71.0,71.0,0.0,0.0,0.0,-0.42630881231148304,nan,240,0.013251453929357618,1.00799193329033,-0.010070161527742734,0.9357771134132499,1.0,correct,05,5,9,first_180_seconds,111.324363708,70.6313247681,0,0.395548502604,431.490453883,0.508809864521
PURE_CHECKPOINT/Eval_On_TOKYOTECH,TOKYOTECH,old,TOKYOTECH_s05,48,window,1440,1680,48.0,56.0,180,71.0,71.0,0.0,0.0,0.0,-0.6660059896625934,nan,240,-0.03909754094177818,0.9828470561610252,-0.004780166265872299,0.9686358799786335,1.0,correct,05,5,9,first_180_seconds,111.324363708,70.6313247681,0,0.395548502604,431.490453883,0.508809864521
PURE_CHECKPOINT/Eval_On_TOKYOTECH,TOKYOTECH,old,TOKYOTECH_s05,49,window,1470,1710,49.0,57.0,180,74.0,72.0,2.0,2.0,2.7777777777777777,-0.4429599943100792,nan,240,-0.0008378875361813698,1.0269461778165763,0.018968468951811604,0.971814524032878,1.0,correct,05,5,9,first_180_seconds,111.324363708,70.6313247681,0,0.395548502604,431.490453883,0.508809864521
PURE_CHECKPOINT/Eval_On_TOKYOTECH,TOKYOTECH,old,TOKYOTECH_s05,50,window,1500,1740,50.0,58.0,180,74.0,73.0,1.0,1.0,1.36986301369863,-0.3174533728778118,nan,240,0.05175390448251468,1.0251629252843695,0.025531385503235155,0.966825714609541,1.0,correct,05,5,9,first_180_seconds,111.324363708,70.6313247681,0,0.395548502604,431.490453883,0.508809864521
PURE_CHECKPOINT/Eval_On_TOKYOTECH,TOKYOTECH,old,TOKYOTECH_s05,51,window,1530,1770,51.0,59.0,180,75.0,73.0,2.0,2.0,2.73972602739726,-0.26233899214751233,nan,240,0.0761984749386708,0.9860666186412673,0.0039378241625079805,0.9443257481307313,1.0,correct,05,5,9,first_180_seconds,111.324363708,70.6313247681,0,0.395548502604,431.490453883,0.508809864521
PURE_CHECKPOINT/Eval_On_TOKYOTECH,TOKYOTECH,old,TOKYOTECH_s05,52,window,1560,1800,52.0,60.0,180,75.0,74.0,1.0,1.0,1.3513513513513513,-0.5541411213254815,nan,240,0.08472270999724667,0.97262933781505,-0.002779941729458805,0.9414516418082565,1.0,correct,05,5,9,first_180_seconds,111.324363708,70.6313247681,0,0.395548502604,431.490453883,0.508809864521
PURE_CHECKPOINT/Eval_On_TOKYOTECH,TOKYOTECH,old,TOKYOTECH_s05,53,window,1590,1830,53.0,61.0,180,75.0,76.0,-1.0,1.0,1.3157894736842104,-0.626377752850535,nan,240,0.0883605827499802,0.9470916601559249,-0.0035379250250926197,0.8945020027899682,1.0,correct,05,5,9,first_180_seconds,111.324363708,70.6313247681,0,0.395548502604,431.490453883,0.508809864521
PURE_CHECKPOINT/Eval_On_TOKYOTECH,TOKYOTECH,old,TOKYOTECH_s05,54,window,1620,1860,54.0,62.0,180,75.0,76.0,-1.0,1.0,1.3157894736842104,-0.3969888710565261,nan,240,0.0782838085743909,0.927011235520055,0.01723629891762363,0.9393874560360632,1.0,correct,05,5,9,first_180_seconds,111.324363708,70.6313247681,0,0.395548502604,431.490453883,0.508809864521
PURE_CHECKPOINT/Eval_On_TOKYOTECH,TOKYOTECH,old,TOKYOTECH_s05,55,window,1650,1890,55.0,63.0,180,75.0,76.0,-1.0,1.0,1.3157894736842104,-0.4328125335189459,nan,240,0.03515474962381025,0.9131412698125871,0.008340571272071887,0.8980451669015405,1.0,correct,05,5,9,first_180_seconds,111.324363708,70.6313247681,0,0.395548502604,431.490453883,0.508809864521
PURE_CHECKPOINT/Eval_On_TOKYOTECH,TOKYOTECH,old,TOKYOTECH_s05,56,window,1680,1920,56.0,64.0,180,75.0,75.0,0.0,0.0,0.0,-0.5528723833889113,nan,240,0.021294328671259185,0.9228797732600966,-0.011261080494267304,0.9195041034955618,1.0,correct,05,5,9,first_180_seconds,111.324363708,70.6313247681,0,0.395548502604,431.490453883,0.508809864521
PURE_CHECKPOINT/Eval_On_TOKYOTECH,TOKYOTECH,old,TOKYOTECH_s05,57,window,1710,1950,57.0,65.0,180,75.0,75.0,0.0,0.0,0.0,-0.6057853842755381,nan,240,-0.0376992274619018,0.8891249692016955,-0.0006460458751989949,0.9344629492976237,1.0,correct,05,5,9,first_180_seconds,111.324363708,70.6313247681,0,0.395548502604,431.490453883,0.508809864521
PURE_CHECKPOINT/Eval_On_TOKYOTECH,TOKYOTECH,old,TOKYOTECH_s05,58,window,1740,1980,58.0,66.0,180,75.0,74.0,1.0,1.0,1.3513513513513513,-0.3174403224055548,nan,240,-0.07560633455286733,0.8724330023550273,0.021907822371287886,0.9284297703272011,1.0,correct,05,5,9,first_180_seconds,111.324363708,70.6313247681,0,0.395548502604,431.490453883,0.508809864521
PURE_CHECKPOINT/Eval_On_TOKYOTECH,TOKYOTECH,old,TOKYOTECH_s05,59,window,1770,2010,59.0,67.0,180,74.0,74.0,0.0,0.0,0.0,-0.4125333553860224,nan,240,-0.07049442914042932,0.8806082764195207,0.00039699169684830337,0.9437522473855896,1.0,correct,05,5,9,first_180_seconds,111.324363708,70.6313247681,0,0.395548502604,431.490453883,0.508809864521
PURE_CHECKPOINT/Eval_On_TOKYOTECH,TOKYOTECH,old,TOKYOTECH_s05,60,window,1800,2040,60.0,68.0,180,75.0,74.0,1.0,1.0,1.3513513513513513,-0.542266438253105,nan,240,-0.06712525228698117,0.8681611522283156,-0.017894801304974593,0.9713930823399933,1.0,correct,05,5,9,first_180_seconds,111.324363708,70.6313247681,0,0.395548502604,431.490453883,0.508809864521
PURE_CHECKPOINT/Eval_On_TOKYOTECH,TOKYOTECH,old,TOKYOTECH_s05,61,window,1830,2070,61.0,69.0,180,75.0,74.0,1.0,1.0,1.3513513513513513,-0.5931291581603826,nan,240,-0.09216924597082349,0.8359969588050591,0.001755426670435766,0.9495704898958819,1.0,correct,05,5,9,first_180_seconds,111.324363708,70.6313247681,0,0.395548502604,431.490453883,0.508809864521
PURE_CHECKPOINT/Eval_On_TOKYOTECH,TOKYOTECH,old,TOKYOTECH_s05,62,window,1860,2100,62.0,70.0,180,75.0,74.0,1.0,1.0,1.3513513513513513,-0.4445136591145796,nan,240,-0.04872470829674664,0.8639597453672067,0.027838489936277636,0.9728727776361109,1.0,correct,05,5,9,first_180_seconds,111.324363708,70.6313247681,0,0.395548502604,431.490453883,0.508809864521
PURE_CHECKPOINT/Eval_On_TOKYOTECH,TOKYOTECH,old,TOKYOTECH_s05,63,window,1890,2130,63.0,71.0,180,74.0,74.0,0.0,0.0,0.0,-0.4368994464728778,nan,240,0.016045403331130123,0.870125545044671,0.033802474301907595,0.9479764985165451,1.0,correct,05,5,9,first_180_seconds,111.324363708,70.6313247681,0,0.395548502604,431.490453883,0.508809864521
PURE_CHECKPOINT/Eval_On_TOKYOTECH,TOKYOTECH,old,TOKYOTECH_s05,64,window,1920,2160,64.0,72.0,180,74.0,74.0,0.0,0.0,0.0,-0.6341821232609056,nan,240,0.06105617407980996,0.8550702573047609,-0.0034162907484162988,0.9276008924144219,1.0,correct,05,5,9,first_180_seconds,111.324363708,70.6313247681,0,0.395548502604,431.490453883,0.508809864521
PURE_CHECKPOINT/Eval_On_TOKYOTECH,TOKYOTECH,old,TOKYOTECH_s05,65,window,1950,2190,65.0,73.0,180,72.0,73.0,-1.0,1.0,1.36986301369863,-0.5055120589026137,nan,240,0.058301667832226185,0.8618265817535218,-0.027942675566168095,0.939640150446125,1.0,correct,05,5,9,first_180_seconds,111.324363708,70.6313247681,0,0.395548502604,431.490453883,0.508809864521
PURE_CHECKPOINT/Eval_On_TOKYOTECH,TOKYOTECH,old,TOKYOTECH_s05,66,window,1980,2220,66.0,74.0,180,71.0,72.0,-1.0,1.0,1.3888888888888888,-0.466267197265498,nan,240,0.04003565553963805,0.8690306561966603,0.018879435660700748,0.8848050103522695,1.0,correct,05,5,9,first_180_seconds,111.324363708,70.6313247681,0,0.395548502604,431.490453883,0.508809864521
PURE_CHECKPOINT/Eval_On_TOKYOTECH,TOKYOTECH,old,TOKYOTECH_s05,67,window,2010,2250,67.0,75.0,180,74.0,73.0,1.0,1.0,1.36986301369863,-0.3610149639569189,nan,240,0.05689122709057604,0.9026550301424976,0.0317556343708057,0.9374435795855086,1.0,correct,05,5,9,first_180_seconds,111.324363708,70.6313247681,0,0.395548502604,431.490453883,0.508809864521
PURE_CHECKPOINT/Eval_On_TOKYOTECH,TOKYOTECH,old,TOKYOTECH_s05,68,window,2040,2280,68.0,76.0,180,73.0,73.0,0.0,0.0,0.0,-0.49211898673133453,nan,240,0.09356579893501475,0.9115402535872255,-0.02579510931112571,0.850793421441399,1.0,correct,05,5,9,first_180_seconds,111.324363708,70.6313247681,0,0.395548502604,431.490453883,0.508809864521
PURE_CHECKPOINT/Eval_On_TOKYOTECH,TOKYOTECH,old,TOKYOTECH_s05,69,window,2070,2310,69.0,77.0,180,75.0,73.0,2.0,2.0,2.73972602739726,-0.49046492405889874,nan,240,0.08433840549162899,0.9162527064443765,-0.012205861870203089,0.8913706640998775,1.0,correct,05,5,9,first_180_seconds,111.324363708,70.6313247681,0,0.395548502604,431.490453883,0.508809864521
PURE_CHECKPOINT/Eval_On_TOKYOTECH,TOKYOTECH,old,TOKYOTECH_s05,70,window,2100,2340,70.0,78.0,180,74.0,75.0,-1.0,1.0,1.3333333333333335,-0.4054329746148596,nan,240,0.07499473292846233,0.9170703779404288,-0.028437640917210554,0.8512241892247405,1.0,correct,05,5,9,first_180_seconds,111.324363708,70.6313247681,0,0.395548502604,431.490453883,0.508809864521
PURE_CHECKPOINT/Eval_On_TOKYOTECH,TOKYOTECH,old,TOKYOTECH_s05,71,window,2130,2370,71.0,79.0,180,75.0,75.0,0.0,0.0,0.0,-0.20055756942514116,nan,240,0.06980212968386089,0.9150472588798382,-0.008348112398020044,0.9112571031503924,1.0,correct,05,5,9,first_180_seconds,111.324363708,70.6313247681,0,0.395548502604,431.490453883,0.508809864521
PURE_CHECKPOINT/Eval_On_TOKYOTECH,TOKYOTECH,old,TOKYOTECH_s05,72,window,2160,2400,72.0,80.0,180,75.0,76.0,-1.0,1.0,1.3157894736842104,-0.2380260658240519,nan,240,0.06546966737369075,0.8987826438304817,0.03990261774120105,0.9029090388864675,1.0,correct,05,5,9,first_180_seconds,111.324363708,70.6313247681,0,0.395548502604,431.490453883,0.508809864521
PURE_CHECKPOINT/Eval_On_TOKYOTECH,TOKYOTECH,old,TOKYOTECH_s05,73,window,2190,2430,73.0,81.0,180,151.0,76.0,75.0,75.0,98.68421052631578,-0.4187274054987402,nan,240,0.0754369904830431,0.8873515787642873,-0.0305934050100239,0.8537746034786796,1.0,super_harmonic_2x,05,5,9,first_180_seconds,111.324363708,70.6313247681,0,0.395548502604,431.490453883,0.508809864521
PURE_CHECKPOINT/Eval_On_TOKYOTECH,TOKYOTECH,old,TOKYOTECH_s05,74,window,2220,2460,74.0,82.0,180,75.0,76.0,-1.0,1.0,1.3157894736842104,-0.46953495836653336,nan,240,0.09280657497389863,0.884765919316707,0.007300967786351075,0.9377970821583772,1.0,correct,05,5,9,first_180_seconds,111.324363708,70.6313247681,0,0.395548502604,431.490453883,0.508809864521
PURE_CHECKPOINT/Eval_On_TOKYOTECH,TOKYOTECH,old,TOKYOTECH_s05,75,window,2250,2490,75.0,83.0,180,75.0,75.0,0.0,0.0,0.0,-0.052374911451627565,nan,240,0.054821404337417334,0.8435405021393222,0.0005845708067310828,0.9285652543282193,1.0,correct,05,5,9,first_180_seconds,111.324363708,70.6313247681,0,0.395548502604,431.490453883,0.508809864521
PURE_CHECKPOINT/Eval_On_TOKYOTECH,TOKYOTECH,old,TOKYOTECH_s05,76,window,2280,2520,76.0,84.0,180,75.0,75.0,0.0,0.0,0.0,-0.031369568345093246,nan,240,0.00639318599520872,0.8306891377260442,0.02985669490120839,0.9207141758110245,1.0,correct,05,5,9,first_180_seconds,111.324363708,70.6313247681,0,0.395548502604,431.490453883,0.508809864521
PURE_CHECKPOINT/Eval_On_TOKYOTECH,TOKYOTECH,old,TOKYOTECH_s05,77,window,2310,2550,77.0,85.0,180,75.0,74.0,1.0,1.0,1.3513513513513513,-0.3959319351845348,nan,240,-0.01090642532799393,0.842309006889307,-0.006835772002513654,0.9198868288289859,1.0,correct,05,5,9,first_180_seconds,111.324363708,70.6313247681,0,0.395548502604,431.490453883,0.508809864521
PURE_CHECKPOINT/Eval_On_TOKYOTECH,TOKYOTECH,old,TOKYOTECH_s05,78,window,2340,2580,78.0,86.0,180,75.0,74.0,1.0,1.0,1.3513513513513513,-0.4855993031182529,nan,240,-0.06806212200705583,0.8165620639606458,0.009677164293685347,0.9393725839305435,1.0,correct,05,5,9,first_180_seconds,111.324363708,70.6313247681,0,0.395548502604,431.490453883,0.508809864521
PURE_CHECKPOINT/Eval_On_TOKYOTECH,TOKYOTECH,old,TOKYOTECH_s05,79,window,2370,2610,79.0,87.0,180,75.0,74.0,1.0,1.0,1.3513513513513513,-0.21762115762240308,nan,240,-0.04565409269804756,0.8342878133813761,0.00821714424747218,0.9498454123936707,1.0,correct,05,5,9,first_180_seconds,111.324363708,70.6313247681,0,0.395548502604,431.490453883,0.508809864521
PURE_CHECKPOINT/Eval_On_TOKYOTECH,TOKYOTECH,old,TOKYOTECH_s05,80,window,2400,2640,80.0,88.0,180,75.0,74.0,1.0,1.0,1.3513513513513513,-0.3007617633096519,nan,240,-0.005476961028762162,0.8570072617178227,0.027719658330669025,0.9342270970562987,1.0,correct,05,5,9,first_180_seconds,111.324363708,70.6313247681,0,0.395548502604,431.490453883,0.508809864521
PURE_CHECKPOINT/Eval_On_TOKYOTECH,TOKYOTECH,old,TOKYOTECH_s05,81,window,2430,2670,81.0,89.0,180,75.0,74.0,1.0,1.0,1.3513513513513513,-0.5224624663461247,nan,240,0.011398795596323907,0.855936767855752,-0.026334438089969818,0.943036013803564,1.0,correct,05,5,9,first_180_seconds,111.324363708,70.6313247681,0,0.395548502604,431.490453883,0.508809864521
PURE_CHECKPOINT/Eval_On_TOKYOTECH,TOKYOTECH,old,TOKYOTECH_s05,82,window,2460,2700,82.0,90.0,180,75.0,75.0,0.0,0.0,0.0,-0.5920866499272748,nan,240,0.008149385087502499,0.8532064487707693,0.00927892708406135,0.9507506746282539,1.0,correct,05,5,9,first_180_seconds,111.324363708,70.6313247681,0,0.395548502604,431.490453883,0.508809864521
PURE_CHECKPOINT/Eval_On_TOKYOTECH,TOKYOTECH,old,TOKYOTECH_s05,83,window,2490,2730,83.0,91.0,180,75.0,75.0,0.0,0.0,0.0,-0.4218295516605091,nan,240,0.035156568912013124,0.8775848869753822,0.00976822671510833,0.9528720605032709,1.0,correct,05,5,9,first_180_seconds,111.324363708,70.6313247681,0,0.395548502604,431.490453883,0.508809864521
PURE_CHECKPOINT/Eval_On_TOKYOTECH,TOKYOTECH,old,TOKYOTECH_s05,84,window,2520,2760,84.0,92.0,180,75.0,75.0,0.0,0.0,0.0,-0.4651245058884592,nan,240,0.055114960817930596,0.88024091233916,0.02387981730751579,0.9504785039079618,1.0,correct,05,5,9,first_180_seconds,111.324363708,70.6313247681,0,0.395548502604,431.490453883,0.508809864521
PURE_CHECKPOINT/Eval_On_TOKYOTECH,TOKYOTECH,old,TOKYOTECH_s05,85,window,2550,2790,85.0,93.0,180,75.0,75.0,0.0,0.0,0.0,-0.54424148888261,nan,240,0.054859696344162025,0.8802590909012568,-0.01534994281086747,0.9419750959649831,1.0,correct,05,5,9,first_180_seconds,111.324363708,70.6313247681,0,0.395548502604,431.490453883,0.508809864521
PURE_CHECKPOINT/Eval_On_TOKYOTECH,TOKYOTECH,old,TOKYOTECH_s05,86,window,2580,2820,86.0,94.0,180,75.0,74.0,1.0,1.0,1.3513513513513513,-0.6334835309489685,nan,240,0.043134765850845726,0.8930544212219599,0.0055194731520644595,0.9604324607323758,1.0,correct,05,5,9,first_180_seconds,111.324363708,70.6313247681,0,0.395548502604,431.490453883,0.508809864521
PURE_CHECKPOINT/Eval_On_TOKYOTECH,TOKYOTECH,old,TOKYOTECH_s05,87,window,2610,2850,87.0,95.0,180,75.0,74.0,1.0,1.0,1.3513513513513513,-0.44632140287939515,nan,240,0.03135128891638791,0.9131737895797502,0.00792980914275516,0.9571288131127921,1.0,correct,05,5,9,first_180_seconds,111.324363708,70.6313247681,0,0.395548502604,431.490453883,0.508809864521
PURE_CHECKPOINT/Eval_On_TOKYOTECH,TOKYOTECH,old,TOKYOTECH_s05,88,window,2640,2880,88.0,96.0,180,75.0,74.0,1.0,1.0,1.3513513513513513,-0.44239583465672916,nan,240,0.003438701135261605,0.9000281497759547,0.027769747336601047,0.9531640505640496,1.0,correct,05,5,9,first_180_seconds,111.324363708,70.6313247681,0,0.395548502604,431.490453883,0.508809864521
PURE_CHECKPOINT/Eval_On_TOKYOTECH,TOKYOTECH,old,TOKYOTECH_s05,89,window,2670,2910,89.0,97.0,180,74.0,74.0,0.0,0.0,0.0,-0.5170188241113242,nan,240,-0.008977554369873056,0.9041619106521082,-0.030577603231818334,0.9595800293416993,1.0,correct,05,5,9,first_180_seconds,111.324363708,70.6313247681,0,0.395548502604,431.490453883,0.508809864521
PURE_CHECKPOINT/Eval_On_TOKYOTECH,TOKYOTECH,old,TOKYOTECH_s05,90,window,2700,2940,90.0,98.0,180,75.0,74.0,1.0,1.0,1.3513513513513513,-0.680467981177527,nan,240,-0.02194188367963458,0.9112602592786244,-0.005564214749006511,0.9710654015392092,1.0,correct,05,5,9,first_180_seconds,111.324363708,70.6313247681,0,0.395548502604,431.490453883,0.508809864521
PURE_CHECKPOINT/Eval_On_TOKYOTECH,TOKYOTECH,old,TOKYOTECH_s05,91,window,2730,2970,91.0,99.0,180,75.0,75.0,0.0,0.0,0.0,-0.5164496474939456,nan,240,-0.006490445909245561,0.9147996019443972,0.00425090844128964,0.9594872398215718,1.0,correct,05,5,9,first_180_seconds,111.324363708,70.6313247681,0,0.395548502604,431.490453883,0.508809864521
PURE_CHECKPOINT/Eval_On_TOKYOTECH,TOKYOTECH,old,TOKYOTECH_s05,92,window,2760,3000,92.0,100.0,180,75.0,75.0,0.0,0.0,0.0,-0.4185242859219805,nan,240,0.006187899422366172,0.9115165067893277,0.027866629972663533,0.9451494773343242,1.0,correct,05,5,9,first_180_seconds,111.324363708,70.6313247681,0,0.395548502604,431.490453883,0.508809864521
PURE_CHECKPOINT/Eval_On_TOKYOTECH,TOKYOTECH,old,TOKYOTECH_s05,93,window,2790,3030,93.0,101.0,180,75.0,75.0,0.0,0.0,0.0,-0.5469107398405572,nan,240,0.021753205145553997,0.9027258901314638,-0.016707193055935963,0.9429375760302778,1.0,correct,05,5,9,first_180_seconds,111.324363708,70.6313247681,0,0.395548502604,431.490453883,0.508809864521
PURE_CHECKPOINT/Eval_On_TOKYOTECH,TOKYOTECH,old,TOKYOTECH_s05,94,window,2820,3060,94.0,102.0,180,76.0,76.0,0.0,0.0,0.0,-0.6622630642938987,nan,240,0.06135157951309035,0.8975626165352889,-0.0042317218252530655,0.9623495260588606,1.0,correct,05,5,9,first_180_seconds,111.324363708,70.6313247681,0,0.395548502604,431.490453883,0.508809864521
PURE_CHECKPOINT/Eval_On_TOKYOTECH,TOKYOTECH,old,TOKYOTECH_s05,95,window,2850,3090,95.0,103.0,180,75.0,77.0,-2.0,2.0,2.5974025974025974,-0.4352836269489231,nan,240,0.046126761803558715,0.8624299516684121,0.008097841759638178,0.9536569017561337,1.0,correct,05,5,9,first_180_seconds,111.324363708,70.6313247681,0,0.395548502604,431.490453883,0.508809864521
PURE_CHECKPOINT/Eval_On_TOKYOTECH,TOKYOTECH,old,TOKYOTECH_s05,96,window,2880,3120,96.0,104.0,180,76.0,77.0,-1.0,1.0,1.2987012987012987,-0.38756638377806496,nan,240,0.02088345548060412,0.8738016323128633,0.0026236504672187216,0.9493339693333537,1.0,correct,05,5,9,first_180_seconds,111.324363708,70.6313247681,0,0.395548502604,431.490453883,0.508809864521
PURE_CHECKPOINT/Eval_On_TOKYOTECH,TOKYOTECH,old,TOKYOTECH_s05,97,window,2910,3150,97.0,105.0,180,77.0,78.0,-1.0,1.0,1.282051282051282,-0.5345032104132701,nan,240,0.009243637397109221,0.8778026780485078,0.005213499271924076,0.9528747674639098,1.0,correct,05,5,9,first_180_seconds,111.324363708,70.6313247681,0,0.395548502604,431.490453883,0.508809864521
PURE_CHECKPOINT/Eval_On_TOKYOTECH,TOKYOTECH,old,TOKYOTECH_s05,98,window,2940,3180,98.0,106.0,180,78.0,78.0,0.0,0.0,0.0,-0.5249443956769672,nan,240,0.03253046833366777,0.8726689965695716,5.924837757615986e-05,0.9130478242909341,1.0,correct,05,5,9,first_180_seconds,111.324363708,70.6313247681,0,0.395548502604,431.490453883,0.508809864521
PURE_CHECKPOINT/Eval_On_TOKYOTECH,TOKYOTECH,old,TOKYOTECH_s05,99,window,2970,3210,99.0,107.0,180,76.0,78.0,-2.0,2.0,2.564102564102564,-0.41911650074406837,nan,240,-0.0069165291536288954,0.8588122965357136,0.014482216582081172,0.9358906442060557,1.0,correct,05,5,9,first_180_seconds,111.324363708,70.6313247681,0,0.395548502604,431.490453883,0.508809864521
PURE_CHECKPOINT/Eval_On_TOKYOTECH,TOKYOTECH,old,TOKYOTECH_s05,100,window,3000,3240,100.0,108.0,180,76.0,78.0,-2.0,2.0,2.564102564102564,-0.5309406314285343,nan,240,-0.04996240390173625,0.8731181822062763,0.005336434152133032,0.9237084772907617,1.0,correct,05,5,9,first_180_seconds,111.324363708,70.6313247681,0,0.395548502604,431.490453883,0.508809864521
PURE_CHECKPOINT/Eval_On_TOKYOTECH,TOKYOTECH,old,TOKYOTECH_s05,101,window,3030,3270,101.0,109.0,180,78.0,78.0,0.0,0.0,0.0,-0.541157942367438,nan,240,-0.019887349778825107,0.9018935471937136,0.002779278020368899,0.9394393354677069,1.0,correct,05,5,9,first_180_seconds,111.324363708,70.6313247681,0,0.395548502604,431.490453883,0.508809864521
PURE_CHECKPOINT/Eval_On_TOKYOTECH,TOKYOTECH,old,TOKYOTECH_s05,102,window,3060,3300,102.0,110.0,180,75.0,77.0,-2.0,2.0,2.5974025974025974,-0.263604582149756,nan,240,-0.009086821035210354,0.9040075613669455,0.011133036123655602,0.9542279404847042,1.0,correct,05,5,9,first_180_seconds,111.324363708,70.6313247681,0,0.395548502604,431.490453883,0.508809864521
PURE_CHECKPOINT/Eval_On_TOKYOTECH,TOKYOTECH,old,TOKYOTECH_s05,103,window,3090,3330,103.0,111.0,180,75.0,77.0,-2.0,2.0,2.5974025974025974,-0.30300911890086457,nan,240,-0.03232263906102162,0.9055933193381465,0.0027174554436313345,0.94460546027956,1.0,correct,05,5,9,first_180_seconds,111.324363708,70.6313247681,0,0.395548502604,431.490453883,0.508809864521
PURE_CHECKPOINT/Eval_On_TOKYOTECH,TOKYOTECH,old,TOKYOTECH_s05,104,window,3120,3360,104.0,112.0,180,75.0,77.0,-2.0,2.0,2.5974025974025974,-0.5395531476158898,nan,240,-0.029799020411640717,0.9119302912776956,-0.0028346800455930615,0.9591483686176987,1.0,correct,05,5,9,first_180_seconds,111.324363708,70.6313247681,0,0.395548502604,431.490453883,0.508809864521
PURE_CHECKPOINT/Eval_On_TOKYOTECH,TOKYOTECH,old,TOKYOTECH_s05,105,window,3150,3390,105.0,113.0,180,75.0,76.0,-1.0,1.0,1.3157894736842104,-0.5439850221522953,nan,240,0.026108300386113115,0.9314827364864761,0.002955881915303653,0.96606249779846,1.0,correct,05,5,9,first_180_seconds,111.324363708,70.6313247681,0,0.395548502604,431.490453883,0.508809864521
PURE_CHECKPOINT/Eval_On_TOKYOTECH,TOKYOTECH,old,TOKYOTECH_s05,106,window,3180,3420,106.0,114.0,180,75.0,76.0,-1.0,1.0,1.3157894736842104,-0.2939972579440767,nan,240,0.01771426112682093,0.9254642592972949,0.021173244027112643,0.9548960026346104,1.0,correct,05,5,9,first_180_seconds,111.324363708,70.6313247681,0,0.395548502604,431.490453883,0.508809864521
PURE_CHECKPOINT/Eval_On_TOKYOTECH,TOKYOTECH,old,TOKYOTECH_s05,107,window,3210,3450,107.0,115.0,180,75.0,76.0,-1.0,1.0,1.3157894736842104,-0.3416766649550897,nan,240,-0.0010441348820071047,0.9261357903604738,-0.019881658766945524,0.956101882254001,1.0,correct,05,5,9,first_180_seconds,111.324363708,70.6313247681,0,0.395548502604,431.490453883,0.508809864521
PURE_CHECKPOINT/Eval_On_TOKYOTECH,TOKYOTECH,old,TOKYOTECH_s05,108,window,3240,3480,108.0,116.0,180,75.0,75.0,0.0,0.0,0.0,-0.6558602896433097,nan,240,0.0011533174042900403,0.9402501725476317,0.0002754682567343227,0.9754192733855893,1.0,correct,05,5,9,first_180_seconds,111.324363708,70.6313247681,0,0.395548502604,431.490453883,0.508809864521
PURE_CHECKPOINT/Eval_On_TOKYOTECH,TOKYOTECH,old,TOKYOTECH_s05,109,window,3270,3510,109.0,117.0,180,75.0,75.0,0.0,0.0,0.0,-0.5710507548200289,nan,240,0.017705837074511996,0.9426011846196404,0.005730779334004912,0.9605052215733747,1.0,correct,05,5,9,first_180_seconds,111.324363708,70.6313247681,0,0.395548502604,431.490453883,0.508809864521
PURE_CHECKPOINT/Eval_On_TOKYOTECH,TOKYOTECH,old,TOKYOTECH_s05,110,window,3300,3540,110.0,118.0,180,75.0,75.0,0.0,0.0,0.0,-0.41927792586282864,nan,240,0.01211824381025508,0.9281206207319594,0.036144318194006146,0.9566559770982944,1.0,correct,05,5,9,first_180_seconds,111.324363708,70.6313247681,0,0.395548502604,431.490453883,0.508809864521
PURE_CHECKPOINT/Eval_On_TOKYOTECH,TOKYOTECH,old,TOKYOTECH_s05,111,window,3330,3570,111.0,119.0,180,74.0,75.0,-1.0,1.0,1.3333333333333335,-0.42053399923664553,nan,240,0.002310349563291917,0.9407073749234823,-0.02980907552121348,0.9648998376853244,1.0,correct,05,5,9,first_180_seconds,111.324363708,70.6313247681,0,0.395548502604,431.490453883,0.508809864521
PURE_CHECKPOINT/Eval_On_TOKYOTECH,TOKYOTECH,old,TOKYOTECH_s05,112,window,3360,3600,112.0,120.0,180,75.0,75.0,0.0,0.0,0.0,-0.6069799354681047,nan,240,0.005163880922676375,0.9484029230988056,-0.0039020120730628985,0.9512609892139721,1.0,correct,05,5,9,first_180_seconds,111.324363708,70.6313247681,0,0.395548502604,431.490453883,0.508809864521
PURE_CHECKPOINT/Eval_On_TOKYOTECH,TOKYOTECH,old,TOKYOTECH_s05,113,window,3390,3630,113.0,121.0,180,75.0,76.0,-1.0,1.0,1.3157894736842104,-0.5669333474362398,nan,240,-0.012410583257830392,0.9462367126917235,0.000770574123374751,0.9432692693075454,1.0,correct,05,5,9,first_180_seconds,111.324363708,70.6313247681,0,0.395548502604,431.490453883,0.508809864521
PURE_CHECKPOINT/Eval_On_TOKYOTECH,TOKYOTECH,old,TOKYOTECH_s05,114,window,3420,3660,114.0,122.0,180,75.0,76.0,-1.0,1.0,1.3157894736842104,-0.4035206276117583,nan,240,0.003006460715550929,0.9552043111296067,0.02798670206452828,0.9417328518981182,1.0,correct,05,5,9,first_180_seconds,111.324363708,70.6313247681,0,0.395548502604,431.490453883,0.508809864521
PURE_CHECKPOINT/Eval_On_TOKYOTECH,TOKYOTECH,old,TOKYOTECH_s05,115,window,3450,3690,115.0,123.0,180,75.0,75.0,0.0,0.0,0.0,-0.38130450533133853,nan,240,0.016846550124076504,0.959481364791437,-0.01580969243798642,0.953037067902127,1.0,correct,05,5,9,first_180_seconds,111.324363708,70.6313247681,0,0.395548502604,431.490453883,0.508809864521
PURE_CHECKPOINT/Eval_On_TOKYOTECH,TOKYOTECH,old,TOKYOTECH_s05,116,window,3480,3720,116.0,124.0,180,75.0,74.0,1.0,1.0,1.3513513513513513,-0.4189208303630705,nan,240,0.02000201935879886,0.9546017332799416,-0.02218878510462325,0.9532587711364939,1.0,correct,05,5,9,first_180_seconds,111.324363708,70.6313247681,0,0.395548502604,431.490453883,0.508809864521
PURE_CHECKPOINT/Eval_On_TOKYOTECH,TOKYOTECH,old,TOKYOTECH_s05,117,window,3510,3750,117.0,125.0,180,72.0,73.0,-1.0,1.0,1.36986301369863,-0.3760360459745595,nan,240,-0.03795274680790802,0.9560811784879452,-0.0008730405686112108,0.9198934594661806,1.0,correct,05,5,9,first_180_seconds,111.324363708,70.6313247681,0,0.395548502604,431.490453883,0.508809864521
PURE_CHECKPOINT/Eval_On_TOKYOTECH,TOKYOTECH,old,TOKYOTECH_s05,118,window,3540,3780,118.0,126.0,180,71.0,71.0,0.0,0.0,0.0,-0.31215329231142613,nan,240,-0.06494772310446327,0.9888022157414392,0.01895549264525255,0.9483195514692461,1.0,correct,05,5,9,first_180_seconds,111.324363708,70.6313247681,0,0.395548502604,431.490453883,0.508809864521
PURE_CHECKPOINT/Eval_On_TOKYOTECH,TOKYOTECH,old,TOKYOTECH_s05,119,window,3570,3810,119.0,127.0,180,72.0,70.0,2.0,2.0,2.857142857142857,-0.42375902564019,nan,240,-0.0376179009093903,1.0273538783069185,0.00860365403431812,0.941104228615351,1.0,correct,05,5,9,first_180_seconds,111.324363708,70.6313247681,0,0.395548502604,431.490453883,0.508809864521
PURE_CHECKPOINT/Eval_On_TOKYOTECH,TOKYOTECH,old,TOKYOTECH_s05,120,window,3600,3840,120.0,128.0,180,68.0,69.0,-1.0,1.0,1.4492753623188406,-0.381834407745184,nan,240,-0.020658147028492144,1.0428069067896328,-0.0074384690603116,0.9553579468213184,1.0,correct,05,5,9,first_180_seconds,111.324363708,70.6313247681,0,0.395548502604,431.490453883,0.508809864521
PURE_CHECKPOINT/Eval_On_TOKYOTECH,TOKYOTECH,old,TOKYOTECH_s05,121,window,3630,3870,121.0,129.0,180,67.0,69.0,-2.0,2.0,2.898550724637681,-0.07261687750925228,nan,240,-0.038848136834955464,1.0280554364515977,0.0035522974031941333,0.9354488270257452,1.0,correct,05,5,9,first_180_seconds,111.324363708,70.6313247681,0,0.395548502604,431.490453883,0.508809864521
PURE_CHECKPOINT/Eval_On_TOKYOTECH,TOKYOTECH,old,TOKYOTECH_s05,122,window,3660,3900,122.0,130.0,180,67.0,69.0,-2.0,2.0,2.898550724637681,-0.3510955835136234,nan,240,-0.06848831467408066,1.050208691203106,0.019788583038975106,0.9522918187387374,1.0,correct,05,5,9,first_180_seconds,111.324363708,70.6313247681,0,0.395548502604,431.490453883,0.508809864521
PURE_CHECKPOINT/Eval_On_TOKYOTECH,TOKYOTECH,old,TOKYOTECH_s05,123,window,3690,3930,123.0,131.0,180,68.0,68.0,0.0,0.0,0.0,-0.06569229535317751,nan,240,-0.07345837771814938,1.0798632474403345,0.017919600932067657,0.9024539361840614,1.0,correct,05,5,9,first_180_seconds,111.324363708,70.6313247681,0,0.395548502604,431.490453883,0.508809864521
PURE_CHECKPOINT/Eval_On_TOKYOTECH,TOKYOTECH,old,TOKYOTECH_s05,124,window,3720,3960,124.0,132.0,180,68.0,68.0,0.0,0.0,0.0,-0.49758219911003415,nan,240,-0.08087952473433688,1.087385070790636,-0.02473672411856574,0.9241991211290406,1.0,correct,05,5,9,first_180_seconds,111.324363708,70.6313247681,0,0.395548502604,431.490453883,0.508809864521
PURE_CHECKPOINT/Eval_On_TOKYOTECH,TOKYOTECH,old,TOKYOTECH_s05,125,window,3750,3990,125.0,133.0,180,68.0,68.0,0.0,0.0,0.0,-0.5115526495391387,nan,240,-0.08233571267919615,1.0954957343478757,0.0006278840134037307,0.9670429017868432,1.0,correct,05,5,9,first_180_seconds,111.324363708,70.6313247681,0,0.395548502604,431.490453883,0.508809864521
PURE_CHECKPOINT/Eval_On_TOKYOTECH,TOKYOTECH,old,TOKYOTECH_s05,126,window,3780,4020,126.0,134.0,180,67.0,68.0,-1.0,1.0,1.4705882352941175,-0.6828436860192285,nan,240,-0.05956204057050248,1.1079416408569243,-0.012074079334543445,0.9195185722215071,1.0,correct,05,5,9,first_180_seconds,111.324363708,70.6313247681,0,0.395548502604,431.490453883,0.508809864521
PURE_CHECKPOINT/Eval_On_TOKYOTECH,TOKYOTECH,old,TOKYOTECH_s05,127,window,3810,4050,127.0,135.0,180,67.0,68.0,-1.0,1.0,1.4705882352941175,-0.6334439523878759,nan,240,-0.043103276682086286,1.0956206883155557,-0.007782206917971786,0.9200373010984773,1.0,correct,05,5,9,first_180_seconds,111.324363708,70.6313247681,0,0.395548502604,431.490453883,0.508809864521
PURE_CHECKPOINT/Eval_On_TOKYOTECH,TOKYOTECH,old,TOKYOTECH_s05,128,window,3840,4080,128.0,136.0,180,67.0,68.0,-1.0,1.0,1.4705882352941175,-0.26573778332415027,nan,240,-0.03132028232018153,1.0967007687847703,0.0027841144878598236,0.916935896222014,1.0,correct,05,5,9,first_180_seconds,111.324363708,70.6313247681,0,0.395548502604,431.490453883,0.508809864521
PURE_CHECKPOINT/Eval_On_TOKYOTECH,TOKYOTECH,old,TOKYOTECH_s05,129,window,3870,4110,129.0,137.0,180,67.0,68.0,-1.0,1.0,1.4705882352941175,-0.33169612578559127,nan,240,-0.00859020605372886,1.1123568741648107,0.018500360216250553,0.9375262785157429,1.0,correct,05,5,9,first_180_seconds,111.324363708,70.6313247681,0,0.395548502604,431.490453883,0.508809864521
PURE_CHECKPOINT/Eval_On_TOKYOTECH,TOKYOTECH,old,TOKYOTECH_s05,130,window,3900,4140,130.0,138.0,180,67.0,68.0,-1.0,1.0,1.4705882352941175,-0.3119506629542014,nan,240,-0.00019082192641993364,1.1009575201969501,0.01970749526565459,0.9468267691143036,1.0,correct,05,5,9,first_180_seconds,111.324363708,70.6313247681,0,0.395548502604,431.490453883,0.508809864521
PURE_CHECKPOINT/Eval_On_TOKYOTECH,TOKYOTECH,old,TOKYOTECH_s05,131,window,3930,4170,131.0,139.0,180,67.0,69.0,-2.0,2.0,2.898550724637681,-0.2143976222297749,nan,240,-0.01174252183069863,1.0808008298131437,-0.01287142274843623,0.9386268123347654,1.0,correct,05,5,9,first_180_seconds,111.324363708,70.6313247681,0,0.395548502604,431.490453883,0.508809864521
PURE_CHECKPOINT/Eval_On_TOKYOTECH,TOKYOTECH,old,TOKYOTECH_s05,132,window,3960,4200,132.0,140.0,180,68.0,69.0,-1.0,1.0,1.4492753623188406,-0.5043789134446207,nan,240,0.00602294343164734,1.088102774851185,-0.000332089004854097,0.945876842046728,1.0,correct,05,5,9,first_180_seconds,111.324363708,70.6313247681,0,0.395548502604,431.490453883,0.508809864521
PURE_CHECKPOINT/Eval_On_TOKYOTECH,TOKYOTECH,old,TOKYOTECH_s05,133,window,3990,4230,133.0,141.0,180,68.0,69.0,-1.0,1.0,1.4492753623188406,-0.6014477386926271,nan,240,0.041669411987822966,1.094809662549972,-0.0006241249588421649,0.9830650410639754,1.0,correct,05,5,9,first_180_seconds,111.324363708,70.6313247681,0,0.395548502604,431.490453883,0.508809864521
PURE_CHECKPOINT/Eval_On_TOKYOTECH,TOKYOTECH,old,TOKYOTECH_s05,134,window,4020,4260,134.0,142.0,180,68.0,69.0,-1.0,1.0,1.4492753623188406,-0.44113632130964686,nan,240,0.05321135388173085,1.0852766430050593,-0.010199677440285559,0.9628280998876957,1.0,correct,05,5,9,first_180_seconds,111.324363708,70.6313247681,0,0.395548502604,431.490453883,0.508809864521
PURE_CHECKPOINT/Eval_On_TOKYOTECH,TOKYOTECH,old,TOKYOTECH_s05,135,window,4050,4290,135.0,143.0,180,68.0,69.0,-1.0,1.0,1.4492753623188406,-0.24022040948867948,nan,240,0.020390477539331188,1.092411188658222,-0.0033032236568407035,0.9383682432680809,1.0,correct,05,5,9,first_180_seconds,111.324363708,70.6313247681,0,0.395548502604,431.490453883,0.508809864521
PURE_CHECKPOINT/Eval_On_TOKYOTECH,TOKYOTECH,old,TOKYOTECH_s05,136,window,4080,4320,136.0,144.0,180,67.0,68.0,-1.0,1.0,1.4705882352941175,-0.06769019915924644,nan,240,-0.0024710866123011026,1.1059194219679302,0.01010525857404538,0.9310833161908723,1.0,correct,05,5,9,first_180_seconds,111.324363708,70.6313247681,0,0.395548502604,431.490453883,0.508809864521
PURE_CHECKPOINT/Eval_On_TOKYOTECH,TOKYOTECH,old,TOKYOTECH_s05,137,window,4110,4350,137.0,145.0,180,67.0,68.0,-1.0,1.0,1.4705882352941175,-0.21474593096776834,nan,240,-0.052580147574675114,1.1032857175312332,0.022267335471121273,0.9459122704842196,1.0,correct,05,5,9,first_180_seconds,111.324363708,70.6313247681,0,0.395548502604,431.490453883,0.508809864521
PURE_CHECKPOINT/Eval_On_TOKYOTECH,TOKYOTECH,old,TOKYOTECH_s05,138,window,4140,4380,138.0,146.0,180,67.0,68.0,-1.0,1.0,1.4705882352941175,-0.025269912554252146,nan,240,-0.06884130406785213,1.1281220135172958,-8.289195365163149e-05,0.9193367942718209,1.0,correct,05,5,9,first_180_seconds,111.324363708,70.6313247681,0,0.395548502604,431.490453883,0.508809864521
PURE_CHECKPOINT/Eval_On_TOKYOTECH,TOKYOTECH,old,TOKYOTECH_s05,139,window,4170,4410,139.0,147.0,180,67.0,68.0,-1.0,1.0,1.4705882352941175,-0.3863153506607541,nan,240,-0.051165772613603624,1.159265053598403,-0.016981498863834876,0.8972710791109019,1.0,correct,05,5,9,first_180_seconds,111.324363708,70.6313247681,0,0.395548502604,431.490453883,0.508809864521
PURE_CHECKPOINT/Eval_On_TOKYOTECH,TOKYOTECH,old,TOKYOTECH_s05,140,window,4200,4440,140.0,148.0,180,68.0,68.0,0.0,0.0,0.0,-0.3905684963362116,nan,240,-0.029395081968201946,1.1695218965151024,9.698768834931482e-05,0.9455159095820252,1.0,correct,05,5,9,first_180_seconds,111.324363708,70.6313247681,0,0.395548502604,431.490453883,0.508809864521
PURE_CHECKPOINT/Eval_On_TOKYOTECH,TOKYOTECH,old,TOKYOTECH_s05,141,window,4230,4470,141.0,149.0,180,68.0,68.0,0.0,0.0,0.0,-0.4757070780980859,nan,240,-0.007409831140345584,1.1779855605819336,-0.013176848085084132,0.9649691600499097,1.0,correct,05,5,9,first_180_seconds,111.324363708,70.6313247681,0,0.395548502604,431.490453883,0.508809864521
PURE_CHECKPOINT/Eval_On_TOKYOTECH,TOKYOTECH,old,TOKYOTECH_s05,142,window,4260,4500,142.0,150.0,180,68.0,69.0,-1.0,1.0,1.4492753623188406,-0.40038351301402114,nan,240,0.00031584988270575803,1.173900528722733,-0.0033273600889649813,0.9157192612587444,1.0,correct,05,5,9,first_180_seconds,111.324363708,70.6313247681,0,0.395548502604,431.490453883,0.508809864521
PURE_CHECKPOINT/Eval_On_TOKYOTECH,TOKYOTECH,old,TOKYOTECH_s05,143,window,4290,4530,143.0,151.0,180,68.0,70.0,-2.0,2.0,2.857142857142857,-0.35208702066303954,nan,240,-0.009636113210581243,1.1400427403738969,0.00353758944438885,0.9438928027446052,1.0,correct,05,5,9,first_180_seconds,111.324363708,70.6313247681,0,0.395548502604,431.490453883,0.508809864521
PURE_CHECKPOINT/Eval_On_TOKYOTECH,TOKYOTECH,old,TOKYOTECH_s05,144,window,4320,4560,144.0,152.0,180,73.0,72.0,1.0,1.0,1.3888888888888888,-0.5148769729438585,nan,240,0.004253766615875065,1.1313226597406572,0.004352656595067879,0.9257276197279178,1.0,correct,05,5,9,first_180_seconds,111.324363708,70.6313247681,0,0.395548502604,431.490453883,0.508809864521
PURE_CHECKPOINT/Eval_On_TOKYOTECH,TOKYOTECH,old,TOKYOTECH_s05,145,window,4350,4590,145.0,153.0,180,75.0,73.0,2.0,2.0,2.73972602739726,-0.32245834034450566,nan,240,0.07612906279197583,1.1537620828652235,0.024135586373484477,0.9724207904470833,1.0,correct,05,5,9,first_180_seconds,111.324363708,70.6313247681,0,0.395548502604,431.490453883,0.508809864521
PURE_CHECKPOINT/Eval_On_TOKYOTECH,TOKYOTECH,old,TOKYOTECH_s05,146,window,4380,4620,146.0,154.0,180,75.0,74.0,1.0,1.0,1.3513513513513513,-0.3335144164321228,nan,240,0.09842923484587421,1.1228996143485008,0.02121896686455454,0.945485160347631,1.0,correct,05,5,9,first_180_seconds,111.324363708,70.6313247681,0,0.395548502604,431.490453883,0.508809864521
PURE_CHECKPOINT/Eval_On_TOKYOTECH,TOKYOTECH,old,TOKYOTECH_s05,147,window,4410,4650,147.0,155.0,180,74.0,74.0,0.0,0.0,0.0,-0.361894883842303,nan,240,0.09620844449382275,1.0863207522312612,-0.011239188395639125,0.9457957112958183,1.0,correct,05,5,9,first_180_seconds,111.324363708,70.6313247681,0,0.395548502604,431.490453883,0.508809864521
PURE_CHECKPOINT/Eval_On_TOKYOTECH,TOKYOTECH,old,TOKYOTECH_s05,148,window,4440,4680,148.0,156.0,180,73.0,73.0,0.0,0.0,0.0,-0.5369362541221075,nan,240,0.06114881838827083,1.0858423265709858,-0.013473167262060597,0.9495732783034511,1.0,correct,05,5,9,first_180_seconds,111.324363708,70.6313247681,0,0.395548502604,431.490453883,0.508809864521
PURE_CHECKPOINT/Eval_On_TOKYOTECH,TOKYOTECH,old,TOKYOTECH_s05,149,window,4470,4710,149.0,157.0,180,73.0,72.0,1.0,1.0,1.3888888888888888,-0.49698581141450215,nan,240,0.000980086283137401,1.0731827083416905,0.020497480707484826,0.9292943133235448,1.0,correct,05,5,9,first_180_seconds,111.324363708,70.6313247681,0,0.395548502604,431.490453883,0.508809864521
PURE_CHECKPOINT/Eval_On_TOKYOTECH,TOKYOTECH,old,TOKYOTECH_s05,150,window,4500,4740,150.0,158.0,180,73.0,72.0,1.0,1.0,1.3888888888888888,-0.30167428063962526,nan,240,-0.0015318822270880142,1.09849151938081,0.024511443617334098,0.9686570027690715,1.0,correct,05,5,9,first_180_seconds,111.324363708,70.6313247681,0,0.395548502604,431.490453883,0.508809864521
PURE_CHECKPOINT/Eval_On_TOKYOTECH,TOKYOTECH,old,TOKYOTECH_s05,151,window,4530,4770,151.0,159.0,180,73.0,72.0,1.0,1.0,1.3888888888888888,-0.4035963308785116,nan,240,0.02665993608534336,1.1246992408241014,0.0035766716840387475,0.9320146089397021,1.0,correct,05,5,9,first_180_seconds,111.324363708,70.6313247681,0,0.395548502604,431.490453883,0.508809864521
PURE_CHECKPOINT/Eval_On_TOKYOTECH,TOKYOTECH,old,TOKYOTECH_s05,152,window,4560,4800,152.0,160.0,180,74.0,72.0,2.0,2.0,2.7777777777777777,-0.5299732915506437,nan,240,0.025888136052526534,1.1187351612127308,-0.008667652819292927,0.9419590041629938,1.0,correct,05,5,9,first_180_seconds,111.324363708,70.6313247681,0,0.395548502604,431.490453883,0.508809864521
PURE_CHECKPOINT/Eval_On_TOKYOTECH,TOKYOTECH,old,TOKYOTECH_s05,153,window,4590,4830,153.0,161.0,180,73.0,72.0,1.0,1.0,1.3888888888888888,-0.6201326187536431,nan,240,-0.045087097026407716,1.091709201963153,-0.028442874436161877,0.9116173326122308,1.0,correct,05,5,9,first_180_seconds,111.324363708,70.6313247681,0,0.395548502604,431.490453883,0.508809864521
PURE_CHECKPOINT/Eval_On_TOKYOTECH,TOKYOTECH,old,TOKYOTECH_s05,154,window,4620,4860,154.0,162.0,180,73.0,72.0,1.0,1.0,1.3888888888888888,-0.47233437114139265,nan,240,-0.06310307725798339,1.1071287109521184,0.01731743479770085,0.907258672744298,1.0,correct,05,5,9,first_180_seconds,111.324363708,70.6313247681,0,0.395548502604,431.490453883,0.508809864521
PURE_CHECKPOINT/Eval_On_TOKYOTECH,TOKYOTECH,old,TOKYOTECH_s05,155,window,4650,4890,155.0,163.0,180,74.0,72.0,2.0,2.0,2.7777777777777777,-0.263962103306363,nan,240,-0.016672219235139587,1.1623160488836328,0.026350160797904202,0.9589451666284219,1.0,correct,05,5,9,first_180_seconds,111.324363708,70.6313247681,0,0.395548502604,431.490453883,0.508809864521
PURE_CHECKPOINT/Eval_On_TOKYOTECH,TOKYOTECH,old,TOKYOTECH_s05,156,window,4680,4920,156.0,164.0,180,74.0,72.0,2.0,2.0,2.7777777777777777,-0.39202290207630225,nan,240,0.017710178306636713,1.1306501814278533,0.006524424641400947,0.9240548942397045,1.0,correct,05,5,9,first_180_seconds,111.324363708,70.6313247681,0,0.395548502604,431.490453883,0.508809864521
PURE_CHECKPOINT/Eval_On_TOKYOTECH,TOKYOTECH,old,TOKYOTECH_s05,157,window,4710,4950,157.0,165.0,180,73.0,73.0,0.0,0.0,0.0,-0.5351469309217123,nan,240,0.03770619232673198,1.1260979200154333,-0.007987449079354792,0.9486112206682055,1.0,correct,05,5,9,first_180_seconds,111.324363708,70.6313247681,0,0.395548502604,431.490453883,0.508809864521
PURE_CHECKPOINT/Eval_On_TOKYOTECH,TOKYOTECH,old,TOKYOTECH_s05,158,window,4740,4980,158.0,166.0,180,74.0,73.0,1.0,1.0,1.36986301369863,-0.6425398229863427,nan,240,0.00647154770946751,1.1171996345992865,-0.0030333465125570594,0.9655992081151574,1.0,correct,05,5,9,first_180_seconds,111.324363708,70.6313247681,0,0.395548502604,431.490453883,0.508809864521
PURE_CHECKPOINT/Eval_On_TOKYOTECH,TOKYOTECH,old,TOKYOTECH_s05,159,window,4770,5010,159.0,167.0,180,74.0,73.0,1.0,1.0,1.36986301369863,-0.5638868124473885,nan,240,-0.0056530099750186,1.1234610039236752,0.015800128212577865,0.9705218455556637,1.0,correct,05,5,9,first_180_seconds,111.324363708,70.6313247681,0,0.395548502604,431.490453883,0.508809864521
PURE_CHECKPOINT/Eval_On_TOKYOTECH,TOKYOTECH,old,TOKYOTECH_s05,160,window,4800,5040,160.0,168.0,180,74.0,73.0,1.0,1.0,1.36986301369863,-0.3520503180596051,nan,240,0.011615026369690895,1.148517933395104,0.027518642685561624,0.9685182824049497,1.0,correct,05,5,9,first_180_seconds,111.324363708,70.6313247681,0,0.395548502604,431.490453883,0.508809864521
PURE_CHECKPOINT/Eval_On_TOKYOTECH,TOKYOTECH,old,TOKYOTECH_s05,161,window,4830,5070,161.0,169.0,180,74.0,72.0,2.0,2.0,2.7777777777777777,-0.35050810066340143,nan,240,0.03979426728716741,1.1561021789667407,0.003677457704757019,0.9421807114314429,1.0,correct,05,5,9,first_180_seconds,111.324363708,70.6313247681,0,0.395548502604,431.490453883,0.508809864521
PURE_CHECKPOINT/Eval_On_TOKYOTECH,TOKYOTECH,old,TOKYOTECH_s05,162,window,4860,5100,162.0,170.0,180,69.0,71.0,-2.0,2.0,2.8169014084507045,-0.3815428161431583,nan,240,0.0462978402239969,1.1507671120505272,0.004682843518354873,0.9582134295595824,1.0,correct,05,5,9,first_180_seconds,111.324363708,70.6313247681,0,0.395548502604,431.490453883,0.508809864521
PURE_CHECKPOINT/Eval_On_TOKYOTECH,TOKYOTECH,old,TOKYOTECH_s05,163,window,4890,5130,163.0,171.0,180,68.0,71.0,-3.0,3.0,4.225352112676056,-0.4569348147406265,nan,240,-0.02255752121466988,1.117464490226418,0.00877640466311885,0.958187046318379,1.0,correct,05,5,9,first_180_seconds,111.324363708,70.6313247681,0,0.395548502604,431.490453883,0.508809864521
PURE_CHECKPOINT/Eval_On_TOKYOTECH,TOKYOTECH,old,TOKYOTECH_s05,164,window,4920,5160,164.0,172.0,180,68.0,70.0,-2.0,2.0,2.857142857142857,-0.3611196818813792,nan,240,-0.04627945049724076,1.1518856034095515,0.0034544086519514424,0.94344271824369,1.0,correct,05,5,9,first_180_seconds,111.324363708,70.6313247681,0,0.395548502604,431.490453883,0.508809864521
PURE_CHECKPOINT/Eval_On_TOKYOTECH,TOKYOTECH,old,TOKYOTECH_s05,165,window,4950,5190,165.0,173.0,180,68.0,70.0,-2.0,2.0,2.857142857142857,-0.5116042906061585,nan,240,-0.02163278434794241,1.1654645574489326,0.005300638043784162,0.9370513690231276,1.0,correct,05,5,9,first_180_seconds,111.324363708,70.6313247681,0,0.395548502604,431.490453883,0.508809864521
PURE_CHECKPOINT/Eval_On_TOKYOTECH,TOKYOTECH,old,TOKYOTECH_s05,166,window,4980,5220,166.0,174.0,180,71.0,71.0,0.0,0.0,0.0,-0.5541842311360269,nan,240,0.015719015051339134,1.1663506575257545,-0.009969454942568826,0.9667320312080301,1.0,correct,05,5,9,first_180_seconds,111.324363708,70.6313247681,0,0.395548502604,431.490453883,0.508809864521
PURE_CHECKPOINT/Eval_On_TOKYOTECH,TOKYOTECH,old,TOKYOTECH_s05,167,window,5010,5250,167.0,175.0,180,71.0,71.0,0.0,0.0,0.0,-0.4893572931371256,nan,240,0.02519859313906636,1.1602961868873995,0.00304238857847926,0.8693970531336555,1.0,correct,05,5,9,first_180_seconds,111.324363708,70.6313247681,0,0.395548502604,431.490453883,0.508809864521
PURE_CHECKPOINT/Eval_On_TOKYOTECH,TOKYOTECH,old,TOKYOTECH_s05,168,window,5040,5280,168.0,176.0,180,69.0,71.0,-2.0,2.0,2.8169014084507045,-0.2249842530641951,nan,240,-0.010601404556655324,1.139210180867481,-0.0019645029548600312,0.9411616395435531,1.0,correct,05,5,9,first_180_seconds,111.324363708,70.6313247681,0,0.395548502604,431.490453883,0.508809864521
PURE_CHECKPOINT/Eval_On_TOKYOTECH,TOKYOTECH,old,TOKYOTECH_s06,0,window,0,240,0.0,8.0,180,67.0,66.0,1.0,1.0,1.5151515151515151,-0.2098011388805871,nan,240,-0.14151440148707478,1.3095720616452606,0.01775337272564647,0.8470156807064285,1.0,correct,06,6,9,first_180_seconds,115.447853088,76.4616546631,0,0.416056315104,557.656415525,0.465457499027
PURE_CHECKPOINT/Eval_On_TOKYOTECH,TOKYOTECH,old,TOKYOTECH_s06,1,window,30,270,1.0,9.0,180,68.0,66.0,2.0,2.0,3.0303030303030303,-0.36760389199830085,nan,240,-0.0010261781125639876,0.8244816416406097,0.0024916718228311743,0.7788247573152917,1.0,correct,06,6,9,first_180_seconds,115.447853088,76.4616546631,0,0.416056315104,557.656415525,0.465457499027
PURE_CHECKPOINT/Eval_On_TOKYOTECH,TOKYOTECH,old,TOKYOTECH_s06,2,window,60,300,2.0,10.0,180,67.0,66.0,1.0,1.0,1.5151515151515151,-0.4352015474909545,nan,240,0.04109107990904401,0.8049681601318898,-0.024541160298958167,0.8351856136632885,1.0,correct,06,6,9,first_180_seconds,115.447853088,76.4616546631,0,0.416056315104,557.656415525,0.465457499027
PURE_CHECKPOINT/Eval_On_TOKYOTECH,TOKYOTECH,old,TOKYOTECH_s06,3,window,90,330,3.0,11.0,180,104.0,66.0,38.0,38.0,57.57575757575758,-0.23230115154811837,nan,240,0.07030085819618155,0.8228488242274885,-0.00917791831433531,0.8844603886761497,1.0,super_harmonic_1p5x,06,6,9,first_180_seconds,115.447853088,76.4616546631,0,0.416056315104,557.656415525,0.465457499027
PURE_CHECKPOINT/Eval_On_TOKYOTECH,TOKYOTECH,old,TOKYOTECH_s06,4,window,120,360,4.0,12.0,180,67.0,65.0,2.0,2.0,3.076923076923077,-0.6025879199510827,nan,240,0.08604349207598716,0.8480362428048488,0.006339486418253019,0.861953817698809,1.0,correct,06,6,9,first_180_seconds,115.447853088,76.4616546631,0,0.416056315104,557.656415525,0.465457499027
PURE_CHECKPOINT/Eval_On_TOKYOTECH,TOKYOTECH,old,TOKYOTECH_s06,5,window,150,390,5.0,13.0,180,66.0,63.0,3.0,3.0,4.761904761904762,-0.3579719490161344,nan,240,0.06363687442693239,0.8697228070081466,-0.01332291795958364,0.810963006285572,1.0,correct,06,6,9,first_180_seconds,115.447853088,76.4616546631,0,0.416056315104,557.656415525,0.465457499027
PURE_CHECKPOINT/Eval_On_TOKYOTECH,TOKYOTECH,old,TOKYOTECH_s06,6,window,180,420,6.0,14.0,180,105.0,61.99999999999999,43.00000000000001,43.00000000000001,69.35483870967744,-0.2476669013607295,nan,240,0.004178795404732228,0.8991139037346024,-0.034212351863956415,0.8667084849836011,1.0,super_harmonic_2x,06,6,9,first_180_seconds,115.447853088,76.4616546631,0,0.416056315104,557.656415525,0.465457499027
PURE_CHECKPOINT/Eval_On_TOKYOTECH,TOKYOTECH,old,TOKYOTECH_s06,7,window,210,450,7.0,15.0,180,103.0,61.99999999999999,41.00000000000001,41.00000000000001,66.12903225806454,-0.1151566984298496,nan,240,-0.022294705161524084,0.9268181825612756,0.03544497878344229,0.8259597370657185,1.0,super_harmonic_1p5x,06,6,9,first_180_seconds,115.447853088,76.4616546631,0,0.416056315104,557.656415525,0.465457499027
PURE_CHECKPOINT/Eval_On_TOKYOTECH,TOKYOTECH,old,TOKYOTECH_s06,8,window,240,480,8.0,16.0,180,90.0,64.0,26.0,26.0,40.625,-0.1985170290501355,nan,240,-0.005090095671524371,0.9872691522988787,0.01860165934414355,0.8702781581840091,1.0,super_harmonic_1p5x,06,6,9,first_180_seconds,115.447853088,76.4616546631,0,0.416056315104,557.656415525,0.465457499027
PURE_CHECKPOINT/Eval_On_TOKYOTECH,TOKYOTECH,old,TOKYOTECH_s06,9,window,270,510,9.0,17.0,180,150.0,65.0,85.0,85.0,130.76923076923077,-0.43610693546658297,nan,240,0.027491085640455517,1.0254047868312381,-0.001113407188218114,0.8277249435873036,1.0,super_harmonic_2x,06,6,9,first_180_seconds,115.447853088,76.4616546631,0,0.416056315104,557.656415525,0.465457499027
PURE_CHECKPOINT/Eval_On_TOKYOTECH,TOKYOTECH,old,TOKYOTECH_s06,10,window,300,540,10.0,18.0,180,67.0,66.0,1.0,1.0,1.5151515151515151,-0.7369776276546159,nan,240,0.08156066759426418,1.0382734981690043,0.014130702703867959,0.938999599924512,1.0,correct,06,6,9,first_180_seconds,115.447853088,76.4616546631,0,0.416056315104,557.656415525,0.465457499027
PURE_CHECKPOINT/Eval_On_TOKYOTECH,TOKYOTECH,old,TOKYOTECH_s06,11,window,330,570,11.0,19.0,180,67.0,68.0,-1.0,1.0,1.4705882352941175,-0.7299933856025066,nan,240,0.11024426761020246,1.0211266029102928,0.011081929716735994,0.9210981423242741,1.0,correct,06,6,9,first_180_seconds,115.447853088,76.4616546631,0,0.416056315104,557.656415525,0.465457499027
PURE_CHECKPOINT/Eval_On_TOKYOTECH,TOKYOTECH,old,TOKYOTECH_s06,12,window,360,600,12.0,20.0,180,67.0,69.0,-2.0,2.0,2.898550724637681,-0.5485283125360421,nan,240,0.13594554028410735,1.0178510686802336,-0.027320906102023205,0.9493384645206898,1.0,correct,06,6,9,first_180_seconds,115.447853088,76.4616546631,0,0.416056315104,557.656415525,0.465457499027
PURE_CHECKPOINT/Eval_On_TOKYOTECH,TOKYOTECH,old,TOKYOTECH_s06,13,window,390,630,13.0,21.0,180,67.0,69.0,-2.0,2.0,2.898550724637681,-0.6388994764961938,nan,240,0.17148307139068492,1.0567211074554312,-0.015139470556083934,0.8732720101993713,1.0,correct,06,6,9,first_180_seconds,115.447853088,76.4616546631,0,0.416056315104,557.656415525,0.465457499027
PURE_CHECKPOINT/Eval_On_TOKYOTECH,TOKYOTECH,old,TOKYOTECH_s06,14,window,420,660,14.0,22.0,180,90.0,68.0,22.0,22.0,32.35294117647059,-0.5209140781457011,nan,240,0.19375249145644677,1.110193178808786,-0.006764999511187449,0.9344389530193382,1.0,super_harmonic_1p5x,06,6,9,first_180_seconds,115.447853088,76.4616546631,0,0.416056315104,557.656415525,0.465457499027
PURE_CHECKPOINT/Eval_On_TOKYOTECH,TOKYOTECH,old,TOKYOTECH_s06,15,window,450,690,15.0,23.0,180,66.0,66.0,0.0,0.0,0.0,-0.7113162262979227,nan,240,0.1490486000664532,1.153379272850471,-0.019167420979533348,0.9113299567077477,1.0,correct,06,6,9,first_180_seconds,115.447853088,76.4616546631,0,0.416056315104,557.656415525,0.465457499027
PURE_CHECKPOINT/Eval_On_TOKYOTECH,TOKYOTECH,old,TOKYOTECH_s06,16,window,480,720,16.0,24.0,180,66.0,65.0,1.0,1.0,1.5384615384615385,-0.4809056997420929,nan,240,0.04741498306393623,1.148397490625251,-0.0136720139394552,0.9087650711479575,1.0,correct,06,6,9,first_180_seconds,115.447853088,76.4616546631,0,0.416056315104,557.656415525,0.465457499027
PURE_CHECKPOINT/Eval_On_TOKYOTECH,TOKYOTECH,old,TOKYOTECH_s06,17,window,510,750,17.0,25.0,180,75.0,64.0,11.0,11.0,17.1875,-0.5028531202234955,nan,240,-0.01588822657552858,1.1370981256886035,0.010517094761762732,0.9310229783340036,1.0,large_error,06,6,9,first_180_seconds,115.447853088,76.4616546631,0,0.416056315104,557.656415525,0.465457499027
PURE_CHECKPOINT/Eval_On_TOKYOTECH,TOKYOTECH,old,TOKYOTECH_s06,18,window,540,780,18.0,26.0,180,61.0,64.0,-3.0,3.0,4.6875,-0.5105391238560464,nan,240,-0.017364031371350088,1.1672216446241115,0.017749111094256267,0.881304030068006,1.0,correct,06,6,9,first_180_seconds,115.447853088,76.4616546631,0,0.416056315104,557.656415525,0.465457499027
PURE_CHECKPOINT/Eval_On_TOKYOTECH,TOKYOTECH,old,TOKYOTECH_s06,19,window,570,810,19.0,27.0,180,128.0,65.0,63.0,63.0,96.92307692307692,-0.3899480140594559,nan,240,0.01494759190827608,1.2103139465360517,0.008484165536537797,0.8820907002906098,1.0,super_harmonic_2x,06,6,9,first_180_seconds,115.447853088,76.4616546631,0,0.416056315104,557.656415525,0.465457499027
PURE_CHECKPOINT/Eval_On_TOKYOTECH,TOKYOTECH,old,TOKYOTECH_s06,20,window,600,840,20.0,28.0,180,67.0,66.0,1.0,1.0,1.5151515151515151,-0.5445440328154701,nan,240,0.036558278805265826,1.203516246646652,0.012308037026738132,0.9275853029526834,1.0,correct,06,6,9,first_180_seconds,115.447853088,76.4616546631,0,0.416056315104,557.656415525,0.465457499027
PURE_CHECKPOINT/Eval_On_TOKYOTECH,TOKYOTECH,old,TOKYOTECH_s06,21,window,630,870,21.0,29.0,180,67.0,67.0,0.0,0.0,0.0,-0.5308371434527297,nan,240,0.010608979458144556,1.1529753457070104,0.014585288054679823,0.9396692906884679,1.0,correct,06,6,9,first_180_seconds,115.447853088,76.4616546631,0,0.416056315104,557.656415525,0.465457499027
PURE_CHECKPOINT/Eval_On_TOKYOTECH,TOKYOTECH,old,TOKYOTECH_s06,22,window,660,900,22.0,30.0,180,68.0,68.0,0.0,0.0,0.0,-0.5277718125890383,nan,240,-0.018874506066398074,1.0854155195935369,0.00015949608557231192,0.9256300971360067,1.0,correct,06,6,9,first_180_seconds,115.447853088,76.4616546631,0,0.416056315104,557.656415525,0.465457499027
PURE_CHECKPOINT/Eval_On_TOKYOTECH,TOKYOTECH,old,TOKYOTECH_s06,23,window,690,930,23.0,31.0,180,67.0,68.0,-1.0,1.0,1.4705882352941175,-0.6503174856203957,nan,240,-0.03583642286782075,1.0176414751790226,-0.03214384072524774,0.8870550805462404,1.0,correct,06,6,9,first_180_seconds,115.447853088,76.4616546631,0,0.416056315104,557.656415525,0.465457499027
PURE_CHECKPOINT/Eval_On_TOKYOTECH,TOKYOTECH,old,TOKYOTECH_s06,24,window,720,960,24.0,32.0,180,69.0,67.0,2.0,2.0,2.9850746268656714,-0.46165275657093796,nan,240,-0.013425360082086021,0.9726102372100803,-0.007843264833486296,0.8980374380193688,1.0,correct,06,6,9,first_180_seconds,115.447853088,76.4616546631,0,0.416056315104,557.656415525,0.465457499027
PURE_CHECKPOINT/Eval_On_TOKYOTECH,TOKYOTECH,old,TOKYOTECH_s06,25,window,750,990,25.0,33.0,180,67.0,66.0,1.0,1.0,1.5151515151515151,-0.548609363275945,nan,240,-0.011442641981314712,0.9569774232419497,0.0019043413781853554,0.9026483148409903,1.0,correct,06,6,9,first_180_seconds,115.447853088,76.4616546631,0,0.416056315104,557.656415525,0.465457499027
PURE_CHECKPOINT/Eval_On_TOKYOTECH,TOKYOTECH,old,TOKYOTECH_s06,26,window,780,1020,26.0,34.0,180,64.0,65.0,-1.0,1.0,1.5384615384615385,-0.5076140579263221,nan,240,-0.0775137376714459,0.9257449773351325,-0.015172923643365229,0.8663525421137387,1.0,correct,06,6,9,first_180_seconds,115.447853088,76.4616546631,0,0.416056315104,557.656415525,0.465457499027
PURE_CHECKPOINT/Eval_On_TOKYOTECH,TOKYOTECH,old,TOKYOTECH_s06,27,window,810,1050,27.0,35.0,180,121.0,63.0,58.0,58.0,92.06349206349206,-0.4475250755507249,nan,240,-0.15191012267556894,0.889395624275036,-0.042519498259312706,0.9086208000347042,1.0,super_harmonic_2x,06,6,9,first_180_seconds,115.447853088,76.4616546631,0,0.416056315104,557.656415525,0.465457499027
PURE_CHECKPOINT/Eval_On_TOKYOTECH,TOKYOTECH,old,TOKYOTECH_s06,28,window,840,1080,28.0,36.0,180,60.0,61.99999999999999,-1.999999999999993,1.999999999999993,3.225806451612892,-0.6258484501820123,nan,240,-0.20264218249891808,0.881799193077125,0.0041410392096798004,0.8985365478937086,1.0,correct,06,6,9,first_180_seconds,115.447853088,76.4616546631,0,0.416056315104,557.656415525,0.465457499027
PURE_CHECKPOINT/Eval_On_TOKYOTECH,TOKYOTECH,old,TOKYOTECH_s06,29,window,870,1110,29.0,37.0,180,61.0,61.99999999999999,-0.9999999999999929,0.9999999999999929,1.6129032258064404,-0.6936427827083749,nan,240,-0.17197438167398407,0.9030761418286257,0.023782760608480988,0.8912050909365532,1.0,correct,06,6,9,first_180_seconds,115.447853088,76.4616546631,0,0.416056315104,557.656415525,0.465457499027
PURE_CHECKPOINT/Eval_On_TOKYOTECH,TOKYOTECH,old,TOKYOTECH_s06,30,window,900,1140,30.0,38.0,180,61.0,63.0,-2.0,2.0,3.1746031746031744,-0.6375365443352274,nan,240,-0.07476333708958312,0.9560191722001904,-0.004702412261580926,0.8290941587875746,1.0,correct,06,6,9,first_180_seconds,115.447853088,76.4616546631,0,0.416056315104,557.656415525,0.465457499027
PURE_CHECKPOINT/Eval_On_TOKYOTECH,TOKYOTECH,old,TOKYOTECH_s06,31,window,930,1170,31.0,39.0,180,157.0,65.0,92.0,92.0,141.53846153846155,-0.3858083148839233,nan,240,0.017846843771015603,1.0109761403096587,0.019966353326658956,0.8190534525692175,1.0,super_harmonic_2x,06,6,9,first_180_seconds,115.447853088,76.4616546631,0,0.416056315104,557.656415525,0.465457499027
PURE_CHECKPOINT/Eval_On_TOKYOTECH,TOKYOTECH,old,TOKYOTECH_s06,32,window,960,1200,32.0,40.0,180,67.0,66.0,1.0,1.0,1.5151515151515151,-0.5082112970886624,nan,240,0.06786366901360452,1.0743861723554304,0.003995876821117091,0.9285170760267152,1.0,correct,06,6,9,first_180_seconds,115.447853088,76.4616546631,0,0.416056315104,557.656415525,0.465457499027
PURE_CHECKPOINT/Eval_On_TOKYOTECH,TOKYOTECH,old,TOKYOTECH_s06,33,window,990,1230,33.0,41.0,180,67.0,67.0,0.0,0.0,0.0,-0.6457413221199932,nan,240,0.08197660668132206,1.123504975469279,0.0077355481072469475,0.9601647872145822,1.0,correct,06,6,9,first_180_seconds,115.447853088,76.4616546631,0,0.416056315104,557.656415525,0.465457499027
PURE_CHECKPOINT/Eval_On_TOKYOTECH,TOKYOTECH,old,TOKYOTECH_s06,34,window,1020,1260,34.0,42.0,180,114.0,66.0,48.0,48.0,72.72727272727273,-0.3355942043569439,nan,240,0.07977974279783666,1.1393325572441835,0.005895975478044569,0.8826562873173422,1.0,super_harmonic_2x,06,6,9,first_180_seconds,115.447853088,76.4616546631,0,0.416056315104,557.656415525,0.465457499027
PURE_CHECKPOINT/Eval_On_TOKYOTECH,TOKYOTECH,old,TOKYOTECH_s06,35,window,1050,1290,35.0,43.0,180,83.0,65.0,18.0,18.0,27.692307692307693,-0.21012412591260549,nan,240,0.08745666916947811,1.1401238694673494,0.011599517130888004,0.8888139616876787,1.0,super_harmonic_1p5x,06,6,9,first_180_seconds,115.447853088,76.4616546631,0,0.416056315104,557.656415525,0.465457499027
PURE_CHECKPOINT/Eval_On_TOKYOTECH,TOKYOTECH,old,TOKYOTECH_s06,36,window,1080,1320,36.0,44.0,180,90.0,63.0,27.0,27.0,42.857142857142854,-0.1529775989782319,nan,240,0.10294920281351855,1.1523561263259914,0.0038866176810423555,0.905552719554541,1.0,super_harmonic_1p5x,06,6,9,first_180_seconds,115.447853088,76.4616546631,0,0.416056315104,557.656415525,0.465457499027
PURE_CHECKPOINT/Eval_On_TOKYOTECH,TOKYOTECH,old,TOKYOTECH_s06,37,window,1110,1350,37.0,45.0,180,127.0,61.99999999999999,65.0,65.0,104.83870967741937,-0.401222415475711,nan,240,0.10921146778855473,1.17639030579651,0.02616476730124872,0.9065962778342237,1.0,super_harmonic_2x,06,6,9,first_180_seconds,115.447853088,76.4616546631,0,0.416056315104,557.656415525,0.465457499027
PURE_CHECKPOINT/Eval_On_TOKYOTECH,TOKYOTECH,old,TOKYOTECH_s06,38,window,1140,1380,38.0,46.0,180,89.0,61.99999999999999,27.000000000000007,27.000000000000007,43.54838709677421,-0.4170060973034756,nan,240,0.08014076615218073,1.1987661546194024,-0.014126005348819795,0.9071005169268994,1.0,super_harmonic_1p5x,06,6,9,first_180_seconds,115.447853088,76.4616546631,0,0.416056315104,557.656415525,0.465457499027
PURE_CHECKPOINT/Eval_On_TOKYOTECH,TOKYOTECH,old,TOKYOTECH_s06,39,window,1170,1410,39.0,47.0,180,61.0,63.0,-2.0,2.0,3.1746031746031744,-0.6042199675179778,nan,240,0.05731060018297285,1.2308937998779212,-0.007982733796615479,0.9293244456762356,1.0,correct,06,6,9,first_180_seconds,115.447853088,76.4616546631,0,0.416056315104,557.656415525,0.465457499027
PURE_CHECKPOINT/Eval_On_TOKYOTECH,TOKYOTECH,old,TOKYOTECH_s06,40,window,1200,1440,40.0,48.0,180,61.0,63.0,-2.0,2.0,3.1746031746031744,-0.5717012819090358,nan,240,0.048908070342925686,1.2557445464637742,-0.005323636720993444,0.9333256259924672,1.0,correct,06,6,9,first_180_seconds,115.447853088,76.4616546631,0,0.416056315104,557.656415525,0.465457499027
PURE_CHECKPOINT/Eval_On_TOKYOTECH,TOKYOTECH,old,TOKYOTECH_s06,41,window,1230,1470,41.0,49.0,180,61.0,63.0,-2.0,2.0,3.1746031746031744,-0.5676021777395647,nan,240,0.04283071426519503,1.2738809278881407,0.004935727996114954,0.9264722196190269,1.0,correct,06,6,9,first_180_seconds,115.447853088,76.4616546631,0,0.416056315104,557.656415525,0.465457499027
PURE_CHECKPOINT/Eval_On_TOKYOTECH,TOKYOTECH,old,TOKYOTECH_s06,42,window,1260,1500,42.0,50.0,180,60.0,61.99999999999999,-1.999999999999993,1.999999999999993,3.225806451612892,-0.5372151763807059,nan,240,0.02444484947094073,1.2852405373391766,-0.005884508431141267,0.9494268986440457,1.0,correct,06,6,9,first_180_seconds,115.447853088,76.4616546631,0,0.416056315104,557.656415525,0.465457499027
PURE_CHECKPOINT/Eval_On_TOKYOTECH,TOKYOTECH,old,TOKYOTECH_s06,43,window,1290,1530,43.0,51.0,180,61.0,61.99999999999999,-0.9999999999999929,0.9999999999999929,1.6129032258064404,-0.5554301544851648,nan,240,0.002194198259773354,1.2936953798924022,0.006295539272018987,0.9301691556740085,1.0,correct,06,6,9,first_180_seconds,115.447853088,76.4616546631,0,0.416056315104,557.656415525,0.465457499027
PURE_CHECKPOINT/Eval_On_TOKYOTECH,TOKYOTECH,old,TOKYOTECH_s06,44,window,1320,1560,44.0,52.0,180,61.0,61.99999999999999,-0.9999999999999929,0.9999999999999929,1.6129032258064404,-0.6115770644577954,nan,240,0.03200700094457716,1.3108071867110158,0.030128436721592756,0.9287351384880719,1.0,correct,06,6,9,first_180_seconds,115.447853088,76.4616546631,0,0.416056315104,557.656415525,0.465457499027
PURE_CHECKPOINT/Eval_On_TOKYOTECH,TOKYOTECH,old,TOKYOTECH_s06,45,window,1350,1590,45.0,53.0,180,64.0,64.0,0.0,0.0,0.0,-0.448776488746602,nan,240,0.08255721405281899,1.353774618206118,0.037016788770156725,0.9241643871543174,1.0,correct,06,6,9,first_180_seconds,115.447853088,76.4616546631,0,0.416056315104,557.656415525,0.465457499027
PURE_CHECKPOINT/Eval_On_TOKYOTECH,TOKYOTECH,old,TOKYOTECH_s06,46,window,1380,1620,46.0,54.0,180,65.0,65.0,0.0,0.0,0.0,-0.4227215365506234,nan,240,0.1059991964695655,1.3740433923494022,0.02380430733075584,0.9196079823414334,1.0,correct,06,6,9,first_180_seconds,115.447853088,76.4616546631,0,0.416056315104,557.656415525,0.465457499027
PURE_CHECKPOINT/Eval_On_TOKYOTECH,TOKYOTECH,old,TOKYOTECH_s06,47,window,1410,1650,47.0,55.0,180,67.0,66.0,1.0,1.0,1.5151515151515151,-0.4691166508290545,nan,240,0.09346706129278269,1.3633017168603325,0.011827313775310743,0.9305068019656823,1.0,correct,06,6,9,first_180_seconds,115.447853088,76.4616546631,0,0.416056315104,557.656415525,0.465457499027
PURE_CHECKPOINT/Eval_On_TOKYOTECH,TOKYOTECH,old,TOKYOTECH_s06,48,window,1440,1680,48.0,56.0,180,67.0,66.0,1.0,1.0,1.5151515151515151,-0.5013198349939614,nan,240,0.07545367978491413,1.3177242739932795,0.026937455694884756,0.915279695720908,1.0,correct,06,6,9,first_180_seconds,115.447853088,76.4616546631,0,0.416056315104,557.656415525,0.465457499027
PURE_CHECKPOINT/Eval_On_TOKYOTECH,TOKYOTECH,old,TOKYOTECH_s06,49,window,1470,1710,49.0,57.0,180,67.0,66.0,1.0,1.0,1.5151515151515151,-0.5882535128088174,nan,240,0.06762937876374053,1.2550593398241403,0.019070362176887023,0.932383753450814,1.0,correct,06,6,9,first_180_seconds,115.447853088,76.4616546631,0,0.416056315104,557.656415525,0.465457499027
PURE_CHECKPOINT/Eval_On_TOKYOTECH,TOKYOTECH,old,TOKYOTECH_s06,50,window,1500,1740,50.0,58.0,180,67.0,66.0,1.0,1.0,1.5151515151515151,-0.3330334850130947,nan,240,0.07101717938918833,1.2184609641572195,-0.0038808000736716714,0.9585413190732218,1.0,correct,06,6,9,first_180_seconds,115.447853088,76.4616546631,0,0.416056315104,557.656415525,0.465457499027
PURE_CHECKPOINT/Eval_On_TOKYOTECH,TOKYOTECH,old,TOKYOTECH_s06,51,window,1530,1770,51.0,59.0,180,67.0,65.0,2.0,2.0,3.076923076923077,-0.5414194947990439,nan,240,0.06198327533141613,1.199324672357992,-0.0036848215918498834,0.8967007064466938,1.0,correct,06,6,9,first_180_seconds,115.447853088,76.4616546631,0,0.416056315104,557.656415525,0.465457499027
PURE_CHECKPOINT/Eval_On_TOKYOTECH,TOKYOTECH,old,TOKYOTECH_s06,52,window,1560,1800,52.0,60.0,180,121.0,65.0,56.0,56.0,86.15384615384616,-0.4352164621662886,nan,240,-0.002603225771478416,1.173996813366473,-0.030989788814729524,0.879367410601465,1.0,super_harmonic_2x,06,6,9,first_180_seconds,115.447853088,76.4616546631,0,0.416056315104,557.656415525,0.465457499027
PURE_CHECKPOINT/Eval_On_TOKYOTECH,TOKYOTECH,old,TOKYOTECH_s06,53,window,1590,1830,53.0,61.0,180,68.0,66.0,2.0,2.0,3.0303030303030303,-0.5939536983754071,nan,240,-0.08726208245498128,1.0944208881744717,-0.008245116592700063,0.8202608418383021,1.0,correct,06,6,9,first_180_seconds,115.447853088,76.4616546631,0,0.416056315104,557.656415525,0.465457499027
PURE_CHECKPOINT/Eval_On_TOKYOTECH,TOKYOTECH,old,TOKYOTECH_s06,54,window,1620,1860,54.0,62.0,180,68.0,67.0,1.0,1.0,1.4925373134328357,-0.48489454029097706,nan,240,-0.13305299761511075,1.012472617239713,0.0022855539961348483,0.9285829781807142,1.0,correct,06,6,9,first_180_seconds,115.447853088,76.4616546631,0,0.416056315104,557.656415525,0.465457499027
PURE_CHECKPOINT/Eval_On_TOKYOTECH,TOKYOTECH,old,TOKYOTECH_s06,55,window,1650,1890,55.0,63.0,180,68.0,68.0,0.0,0.0,0.0,-0.6589001046971996,nan,240,-0.1935084143440084,0.9228017290531252,-0.009841318253942976,0.911671617565667,1.0,correct,06,6,9,first_180_seconds,115.447853088,76.4616546631,0,0.416056315104,557.656415525,0.465457499027
PURE_CHECKPOINT/Eval_On_TOKYOTECH,TOKYOTECH,old,TOKYOTECH_s06,56,window,1680,1920,56.0,64.0,180,68.0,69.0,-1.0,1.0,1.4492753623188406,-0.5735679199064676,nan,240,-0.24748574133069876,0.8561773166881477,0.00703603531052072,0.90960056410374,1.0,correct,06,6,9,first_180_seconds,115.447853088,76.4616546631,0,0.416056315104,557.656415525,0.465457499027
PURE_CHECKPOINT/Eval_On_TOKYOTECH,TOKYOTECH,old,TOKYOTECH_s06,57,window,1710,1950,57.0,65.0,180,69.0,70.0,-1.0,1.0,1.4285714285714286,-0.5996591715253571,nan,240,-0.2854975958917445,0.8107618716142901,0.04028948353484725,0.914747257918569,1.0,correct,06,6,9,first_180_seconds,115.447853088,76.4616546631,0,0.416056315104,557.656415525,0.465457499027
PURE_CHECKPOINT/Eval_On_TOKYOTECH,TOKYOTECH,old,TOKYOTECH_s06,58,window,1740,1980,58.0,66.0,180,122.99999999999999,73.0,49.999999999999986,49.999999999999986,68.49315068493149,-0.3969794661666354,nan,240,-0.2723199631397923,0.7626342344611439,0.021449227649264203,0.8720177415048511,1.0,super_harmonic_2x,06,6,9,first_180_seconds,115.447853088,76.4616546631,0,0.416056315104,557.656415525,0.465457499027
PURE_CHECKPOINT/Eval_On_TOKYOTECH,TOKYOTECH,old,TOKYOTECH_s06,59,window,1770,2010,59.0,67.0,180,75.0,75.0,0.0,0.0,0.0,-0.4962101259593243,nan,240,-0.2449935369930851,0.7004068181214402,0.02195672076680856,0.9294517811486933,1.0,correct,06,6,9,first_180_seconds,115.447853088,76.4616546631,0,0.416056315104,557.656415525,0.465457499027
PURE_CHECKPOINT/Eval_On_TOKYOTECH,TOKYOTECH,old,TOKYOTECH_s06,60,window,1800,2040,60.0,68.0,180,120.0,76.0,44.0,44.0,57.89473684210527,-0.27515544405062903,nan,240,-0.21172813915569957,0.620184492018047,-0.021009907244836815,0.9452932991588462,1.0,super_harmonic_1p5x,06,6,9,first_180_seconds,115.447853088,76.4616546631,0,0.416056315104,557.656415525,0.465457499027
PURE_CHECKPOINT/Eval_On_TOKYOTECH,TOKYOTECH,old,TOKYOTECH_s06,61,window,1830,2070,61.0,69.0,180,75.0,76.0,-1.0,1.0,1.3157894736842104,-0.42505735976461506,nan,240,-0.19732411098278438,0.5531993257288289,0.0024799828482131915,0.9162939188686106,1.0,correct,06,6,9,first_180_seconds,115.447853088,76.4616546631,0,0.416056315104,557.656415525,0.465457499027
PURE_CHECKPOINT/Eval_On_TOKYOTECH,TOKYOTECH,old,TOKYOTECH_s06,62,window,1860,2100,62.0,70.0,180,75.0,75.0,0.0,0.0,0.0,-0.4153929779377039,nan,240,-0.19042217710133022,0.5069683203956163,-0.018714190897834944,0.917219066875816,1.0,correct,06,6,9,first_180_seconds,115.447853088,76.4616546631,0,0.416056315104,557.656415525,0.465457499027
PURE_CHECKPOINT/Eval_On_TOKYOTECH,TOKYOTECH,old,TOKYOTECH_s06,63,window,1890,2130,63.0,71.0,180,74.0,74.0,0.0,0.0,0.0,-0.5108494549449707,nan,240,-0.14453574426006527,0.496506566750405,0.010028209287687788,0.9079527629238693,1.0,correct,06,6,9,first_180_seconds,115.447853088,76.4616546631,0,0.416056315104,557.656415525,0.465457499027
PURE_CHECKPOINT/Eval_On_TOKYOTECH,TOKYOTECH,old,TOKYOTECH_s06,64,window,1920,2160,64.0,72.0,180,142.0,74.0,68.0,68.0,91.8918918918919,-0.19933284424307082,nan,240,-0.07416880615443612,0.49679008780006095,0.013026104930239561,0.8628314111388165,1.0,super_harmonic_2x,06,6,9,first_180_seconds,115.447853088,76.4616546631,0,0.416056315104,557.656415525,0.465457499027
PURE_CHECKPOINT/Eval_On_TOKYOTECH,TOKYOTECH,old,TOKYOTECH_s06,65,window,1950,2190,65.0,73.0,180,142.0,73.0,69.0,69.0,94.52054794520548,-0.30871335185212595,nan,240,0.005389188303767393,0.5209115493432269,-0.012833487274811844,0.8731135364536644,1.0,super_harmonic_2x,06,6,9,first_180_seconds,115.447853088,76.4616546631,0,0.416056315104,557.656415525,0.465457499027
PURE_CHECKPOINT/Eval_On_TOKYOTECH,TOKYOTECH,old,TOKYOTECH_s06,66,window,1980,2220,66.0,74.0,180,129.0,74.0,55.0,55.0,74.32432432432432,-0.23591038656291718,nan,240,0.10433255599734063,0.5842210427217067,0.007174579692057592,0.8743603386763963,1.0,super_harmonic_2x,06,6,9,first_180_seconds,115.447853088,76.4616546631,0,0.416056315104,557.656415525,0.465457499027
PURE_CHECKPOINT/Eval_On_TOKYOTECH,TOKYOTECH,old,TOKYOTECH_s06,67,window,2010,2250,67.0,75.0,180,128.0,74.0,54.0,54.0,72.97297297297297,-0.2569016958278101,nan,240,0.1838510402206642,0.6202042925088427,0.024879701927138845,0.8798226119685677,1.0,super_harmonic_2x,06,6,9,first_180_seconds,115.447853088,76.4616546631,0,0.416056315104,557.656415525,0.465457499027
PURE_CHECKPOINT/Eval_On_TOKYOTECH,TOKYOTECH,old,TOKYOTECH_s06,68,window,2040,2280,68.0,76.0,180,75.0,75.0,0.0,0.0,0.0,-0.4599406004894779,nan,240,0.2056589800786848,0.6444846957668862,0.008091177001809313,0.9535180537149127,1.0,correct,06,6,9,first_180_seconds,115.447853088,76.4616546631,0,0.416056315104,557.656415525,0.465457499027
PURE_CHECKPOINT/Eval_On_TOKYOTECH,TOKYOTECH,old,TOKYOTECH_s06,69,window,2070,2310,69.0,77.0,180,135.0,74.0,61.0,61.0,82.43243243243244,-0.2899221419737321,nan,240,0.17057552110248556,0.6819414750784321,0.020844935924118846,0.905166938132264,1.0,super_harmonic_2x,06,6,9,first_180_seconds,115.447853088,76.4616546631,0,0.416056315104,557.656415525,0.465457499027
PURE_CHECKPOINT/Eval_On_TOKYOTECH,TOKYOTECH,old,TOKYOTECH_s06,70,window,2100,2340,70.0,78.0,180,75.0,73.0,2.0,2.0,2.73972602739726,-0.5471545557051202,nan,240,0.08703490102974078,0.732819267959132,-0.007107974308194754,0.9228226325756581,1.0,correct,06,6,9,first_180_seconds,115.447853088,76.4616546631,0,0.416056315104,557.656415525,0.465457499027
PURE_CHECKPOINT/Eval_On_TOKYOTECH,TOKYOTECH,old,TOKYOTECH_s06,71,window,2130,2370,71.0,79.0,180,75.0,72.0,3.0,3.0,4.166666666666666,-0.5637959313101071,nan,240,0.02305586904597779,0.7628729845205153,0.025252236857454383,0.9426790554345776,1.0,correct,06,6,9,first_180_seconds,115.447853088,76.4616546631,0,0.416056315104,557.656415525,0.465457499027
PURE_CHECKPOINT/Eval_On_TOKYOTECH,TOKYOTECH,old,TOKYOTECH_s06,72,window,2160,2400,72.0,80.0,180,73.0,71.0,2.0,2.0,2.8169014084507045,-0.5780926586631739,nan,240,-0.006740238587372005,0.7654060665890724,0.013814604757509195,0.9276566928713162,1.0,correct,06,6,9,first_180_seconds,115.447853088,76.4616546631,0,0.416056315104,557.656415525,0.465457499027
PURE_CHECKPOINT/Eval_On_TOKYOTECH,TOKYOTECH,old,TOKYOTECH_s06,73,window,2190,2430,73.0,81.0,180,68.0,70.0,-2.0,2.0,2.857142857142857,-0.5452276302960211,nan,240,-0.01709595463471487,0.7572596112644813,-0.0017451318380872956,0.958631639145371,1.0,correct,06,6,9,first_180_seconds,115.447853088,76.4616546631,0,0.416056315104,557.656415525,0.465457499027
PURE_CHECKPOINT/Eval_On_TOKYOTECH,TOKYOTECH,old,TOKYOTECH_s06,74,window,2220,2460,74.0,82.0,180,68.0,70.0,-2.0,2.0,2.857142857142857,-0.4673465213386339,nan,240,-0.04912932571411754,0.7339547000888651,0.005175678079450314,0.935284509055127,1.0,correct,06,6,9,first_180_seconds,115.447853088,76.4616546631,0,0.416056315104,557.656415525,0.465457499027
PURE_CHECKPOINT/Eval_On_TOKYOTECH,TOKYOTECH,old,TOKYOTECH_s06,75,window,2250,2490,75.0,83.0,180,69.0,71.0,-2.0,2.0,2.8169014084507045,-0.5833176577818092,nan,240,-0.09806001689673091,0.7000845899382376,0.0213499828231269,0.9288126406049688,1.0,correct,06,6,9,first_180_seconds,115.447853088,76.4616546631,0,0.416056315104,557.656415525,0.465457499027
PURE_CHECKPOINT/Eval_On_TOKYOTECH,TOKYOTECH,old,TOKYOTECH_s06,76,window,2280,2520,76.0,84.0,180,77.0,73.0,4.0,4.0,5.47945205479452,-0.3915729825305961,nan,240,-0.07981085719075054,0.6930177510188317,-0.007769611896653963,0.9006002460611369,1.0,large_error,06,6,9,first_180_seconds,115.447853088,76.4616546631,0,0.416056315104,557.656415525,0.465457499027
PURE_CHECKPOINT/Eval_On_TOKYOTECH,TOKYOTECH,old,TOKYOTECH_s06,77,window,2310,2550,77.0,85.0,180,75.0,74.0,1.0,1.0,1.3513513513513513,-0.5229311652782085,nan,240,-0.02150499352719635,0.6726917564319433,0.01923360418427921,0.9129859953713697,1.0,correct,06,6,9,first_180_seconds,115.447853088,76.4616546631,0,0.416056315104,557.656415525,0.465457499027
PURE_CHECKPOINT/Eval_On_TOKYOTECH,TOKYOTECH,old,TOKYOTECH_s06,78,window,2340,2580,78.0,86.0,180,76.0,75.0,1.0,1.0,1.3333333333333335,-0.6128413157865972,nan,240,0.05511166573657344,0.633411506458845,0.008849736680745127,0.8773393746296501,1.0,correct,06,6,9,first_180_seconds,115.447853088,76.4616546631,0,0.416056315104,557.656415525,0.465457499027
PURE_CHECKPOINT/Eval_On_TOKYOTECH,TOKYOTECH,old,TOKYOTECH_s06,79,window,2370,2610,79.0,87.0,180,81.0,75.0,6.0,6.0,8.0,-0.4052689433922825,nan,240,0.10529384110899022,0.6011545525889925,-0.018715343248133766,0.9475561326937292,1.0,large_error,06,6,9,first_180_seconds,115.447853088,76.4616546631,0,0.416056315104,557.656415525,0.465457499027
PURE_CHECKPOINT/Eval_On_TOKYOTECH,TOKYOTECH,old,TOKYOTECH_s06,80,window,2400,2640,80.0,88.0,180,83.0,74.0,9.0,9.0,12.162162162162163,-0.46167672776195673,nan,240,0.08234139018459245,0.614721514780585,0.009779443958871892,0.8572442882188812,1.0,large_error,06,6,9,first_180_seconds,115.447853088,76.4616546631,0,0.416056315104,557.656415525,0.465457499027
PURE_CHECKPOINT/Eval_On_TOKYOTECH,TOKYOTECH,old,TOKYOTECH_s06,81,window,2430,2670,81.0,89.0,180,82.0,72.0,10.0,10.0,13.88888888888889,-0.37880220356986966,nan,240,0.025381341118675967,0.6142366254208754,0.03570706089870879,0.9352626500316857,1.0,large_error,06,6,9,first_180_seconds,115.447853088,76.4616546631,0,0.416056315104,557.656415525,0.465457499027
PURE_CHECKPOINT/Eval_On_TOKYOTECH,TOKYOTECH,old,TOKYOTECH_s06,82,window,2460,2700,82.0,90.0,180,82.0,70.0,12.0,12.0,17.142857142857142,-0.331188632573142,nan,240,-0.05462242805709441,0.579972082046662,0.009035529548167838,0.8813196634231524,1.0,large_error,06,6,9,first_180_seconds,115.447853088,76.4616546631,0,0.416056315104,557.656415525,0.465457499027
PURE_CHECKPOINT/Eval_On_TOKYOTECH,TOKYOTECH,old,TOKYOTECH_s06,83,window,2490,2730,83.0,91.0,180,90.0,69.0,21.0,21.0,30.434782608695656,-0.306854352672824,nan,240,-0.09213892409849601,0.5595667803450216,0.00818986309797038,0.8817939765227065,1.0,super_harmonic_1p5x,06,6,9,first_180_seconds,115.447853088,76.4616546631,0,0.416056315104,557.656415525,0.465457499027
PURE_CHECKPOINT/Eval_On_TOKYOTECH,TOKYOTECH,old,TOKYOTECH_s06,84,window,2520,2760,84.0,92.0,180,139.0,70.0,69.0,69.0,98.57142857142858,-0.2777409047039224,nan,240,-0.13753434262665298,0.5261564914312138,-0.021146227078693958,0.7222069644100103,1.0,super_harmonic_2x,06,6,9,first_180_seconds,115.447853088,76.4616546631,0,0.416056315104,557.656415525,0.465457499027
PURE_CHECKPOINT/Eval_On_TOKYOTECH,TOKYOTECH,old,TOKYOTECH_s06,85,window,2550,2790,85.0,93.0,180,90.0,71.0,19.0,19.0,26.76056338028169,-0.27116577963744687,nan,240,-0.14788680012764718,0.5202033138332712,0.024309769001489897,0.8776117783309889,1.0,super_harmonic_1p5x,06,6,9,first_180_seconds,115.447853088,76.4616546631,0,0.416056315104,557.656415525,0.465457499027
PURE_CHECKPOINT/Eval_On_TOKYOTECH,TOKYOTECH,old,TOKYOTECH_s06,86,window,2580,2820,86.0,94.0,180,77.0,73.0,4.0,4.0,5.47945205479452,-0.2865365865100413,nan,240,-0.09514021670717436,0.5507676314056346,-0.016747938849847585,0.7688961591633567,1.0,large_error,06,6,9,first_180_seconds,115.447853088,76.4616546631,0,0.416056315104,557.656415525,0.465457499027
PURE_CHECKPOINT/Eval_On_TOKYOTECH,TOKYOTECH,old,TOKYOTECH_s06,87,window,2610,2850,87.0,95.0,180,75.0,75.0,0.0,0.0,0.0,-0.4866405459327587,nan,240,-0.025349236867623404,0.57711504456807,-0.020321317191965498,0.8947813316075193,1.0,correct,06,6,9,first_180_seconds,115.447853088,76.4616546631,0,0.416056315104,557.656415525,0.465457499027
PURE_CHECKPOINT/Eval_On_TOKYOTECH,TOKYOTECH,old,TOKYOTECH_s06,88,window,2640,2880,88.0,96.0,180,136.0,76.0,60.0,60.0,78.94736842105263,-0.12778397378677459,nan,240,0.029365546328093236,0.5774594378633126,0.012442718836929581,0.8267991016076158,1.0,super_harmonic_2x,06,6,9,first_180_seconds,115.447853088,76.4616546631,0,0.416056315104,557.656415525,0.465457499027
PURE_CHECKPOINT/Eval_On_TOKYOTECH,TOKYOTECH,old,TOKYOTECH_s06,89,window,2670,2910,89.0,97.0,180,75.0,76.0,-1.0,1.0,1.3157894736842104,-0.6396483857159199,nan,240,0.04949331606621854,0.5843064684703659,-0.011590997795447918,0.8775831264308852,1.0,correct,06,6,9,first_180_seconds,115.447853088,76.4616546631,0,0.416056315104,557.656415525,0.465457499027
PURE_CHECKPOINT/Eval_On_TOKYOTECH,TOKYOTECH,old,TOKYOTECH_s06,90,window,2700,2940,90.0,98.0,180,113.0,76.0,37.0,37.0,48.68421052631579,-0.14783001537338683,nan,240,0.058264477448149894,0.582119910643433,-0.0045454257334015535,0.860201983036707,1.0,super_harmonic_1p5x,06,6,9,first_180_seconds,115.447853088,76.4616546631,0,0.416056315104,557.656415525,0.465457499027
PURE_CHECKPOINT/Eval_On_TOKYOTECH,TOKYOTECH,old,TOKYOTECH_s06,91,window,2730,2970,91.0,99.0,180,74.0,76.0,-2.0,2.0,2.631578947368421,-0.5701984597381372,nan,240,0.048699655725310244,0.584305471074601,0.013532966336523778,0.845260479540134,1.0,correct,06,6,9,first_180_seconds,115.447853088,76.4616546631,0,0.416056315104,557.656415525,0.465457499027
PURE_CHECKPOINT/Eval_On_TOKYOTECH,TOKYOTECH,old,TOKYOTECH_s06,92,window,2760,3000,92.0,100.0,180,158.0,75.0,83.0,83.0,110.66666666666667,-0.3459763474182772,nan,240,0.021901777669942626,0.6019345621010742,-0.03713118494057176,0.772324771207804,1.0,super_harmonic_2x,06,6,9,first_180_seconds,115.447853088,76.4616546631,0,0.416056315104,557.656415525,0.465457499027
PURE_CHECKPOINT/Eval_On_TOKYOTECH,TOKYOTECH,old,TOKYOTECH_s06,93,window,2790,3030,93.0,101.0,180,74.0,75.0,-1.0,1.0,1.3333333333333335,-0.5155480081811575,nan,240,0.008928807564855864,0.6040341768696535,5.490799101547002e-05,0.8452371761223698,1.0,correct,06,6,9,first_180_seconds,115.447853088,76.4616546631,0,0.416056315104,557.656415525,0.465457499027
PURE_CHECKPOINT/Eval_On_TOKYOTECH,TOKYOTECH,old,TOKYOTECH_s06,94,window,2820,3060,94.0,102.0,180,75.0,75.0,0.0,0.0,0.0,-0.46138136842501726,nan,240,-0.021931606185777733,0.5765076690724626,-0.003138544986181659,0.8516851770723954,1.0,correct,06,6,9,first_180_seconds,115.447853088,76.4616546631,0,0.416056315104,557.656415525,0.465457499027
PURE_CHECKPOINT/Eval_On_TOKYOTECH,TOKYOTECH,old,TOKYOTECH_s06,95,window,2850,3090,95.0,103.0,180,75.0,76.0,-1.0,1.0,1.3157894736842104,-0.5301396388415343,nan,240,-0.05698365498101339,0.547018171137886,0.001781107971055304,0.9241000026085975,1.0,correct,06,6,9,first_180_seconds,115.447853088,76.4616546631,0,0.416056315104,557.656415525,0.465457499027
PURE_CHECKPOINT/Eval_On_TOKYOTECH,TOKYOTECH,old,TOKYOTECH_s06,96,window,2880,3120,96.0,104.0,180,157.0,78.0,79.0,79.0,101.28205128205127,-0.5157823725736422,nan,240,-0.04573303273646161,0.5319603292537148,0.016397142437978775,0.7611093304166547,1.0,super_harmonic_2x,06,6,9,first_180_seconds,115.447853088,76.4616546631,0,0.416056315104,557.656415525,0.465457499027
PURE_CHECKPOINT/Eval_On_TOKYOTECH,TOKYOTECH,old,TOKYOTECH_s06,97,window,2910,3150,97.0,105.0,180,81.0,78.0,3.0,3.0,3.8461538461538463,-0.375589768954075,nan,240,-0.015255966410040855,0.510524018646195,-0.009227346637667404,0.8182306488162764,1.0,correct,06,6,9,first_180_seconds,115.447853088,76.4616546631,0,0.416056315104,557.656415525,0.465457499027
PURE_CHECKPOINT/Eval_On_TOKYOTECH,TOKYOTECH,old,TOKYOTECH_s06,98,window,2940,3180,98.0,106.0,180,75.0,77.0,-2.0,2.0,2.5974025974025974,-0.49173425572694646,nan,240,0.014087848578734944,0.5012842792468176,-0.002364676656913155,0.8276651358290679,1.0,correct,06,6,9,first_180_seconds,115.447853088,76.4616546631,0,0.416056315104,557.656415525,0.465457499027
PURE_CHECKPOINT/Eval_On_TOKYOTECH,TOKYOTECH,old,TOKYOTECH_s06,99,window,2970,3210,99.0,107.0,180,157.0,77.0,80.0,80.0,103.89610389610388,-0.3813644470843881,nan,240,0.03302537383666883,0.4968262495698587,0.03706896516795689,0.7914041352153822,1.0,super_harmonic_2x,06,6,9,first_180_seconds,115.447853088,76.4616546631,0,0.416056315104,557.656415525,0.465457499027
PURE_CHECKPOINT/Eval_On_TOKYOTECH,TOKYOTECH,old,TOKYOTECH_s06,100,window,3000,3240,100.0,108.0,180,155.0,75.0,80.0,80.0,106.66666666666667,-0.37646846966180897,nan,240,0.03883317279396579,0.49037658129065975,-0.013869504387782316,0.7978791752207031,1.0,super_harmonic_2x,06,6,9,first_180_seconds,115.447853088,76.4616546631,0,0.416056315104,557.656415525,0.465457499027
PURE_CHECKPOINT/Eval_On_TOKYOTECH,TOKYOTECH,old,TOKYOTECH_s06,101,window,3030,3270,101.0,109.0,180,161.0,74.0,87.0,87.0,117.56756756756756,-0.06527168501560067,nan,240,0.04583348776601876,0.485749941944777,0.008692687077391785,0.7290446654205088,1.0,super_harmonic_2x,06,6,9,first_180_seconds,115.447853088,76.4616546631,0,0.416056315104,557.656415525,0.465457499027
PURE_CHECKPOINT/Eval_On_TOKYOTECH,TOKYOTECH,old,TOKYOTECH_s06,102,window,3060,3300,102.0,110.0,180,163.0,74.0,89.0,89.0,120.27027027027026,-0.3524341382142801,nan,240,0.007878724807718148,0.4831939647505338,0.03640598688799913,0.7872807487371951,1.0,super_harmonic_2x,06,6,9,first_180_seconds,115.447853088,76.4616546631,0,0.416056315104,557.656415525,0.465457499027
PURE_CHECKPOINT/Eval_On_TOKYOTECH,TOKYOTECH,old,TOKYOTECH_s06,103,window,3090,3330,103.0,111.0,180,164.0,74.0,90.0,90.0,121.62162162162163,-0.20726266508831867,nan,240,-0.027826427191030234,0.4765101512661635,0.03307303304560451,0.7825376362606349,1.0,super_harmonic_2x,06,6,9,first_180_seconds,115.447853088,76.4616546631,0,0.416056315104,557.656415525,0.465457499027
PURE_CHECKPOINT/Eval_On_TOKYOTECH,TOKYOTECH,old,TOKYOTECH_s06,104,window,3120,3360,104.0,112.0,180,127.0,76.0,51.0,51.0,67.10526315789474,-0.22642320939877666,nan,240,-0.03333562818588689,0.474115416985791,0.015254985361472984,0.810408665928826,1.0,super_harmonic_2x,06,6,9,first_180_seconds,115.447853088,76.4616546631,0,0.416056315104,557.656415525,0.465457499027
PURE_CHECKPOINT/Eval_On_TOKYOTECH,TOKYOTECH,old,TOKYOTECH_s06,105,window,3150,3390,105.0,113.0,180,166.0,76.0,90.0,90.0,118.42105263157893,-0.09854387593475213,nan,240,-0.005152325751259923,0.49933963842784806,-0.026965059306888566,0.699959632705273,1.0,super_harmonic_2x,06,6,9,first_180_seconds,115.447853088,76.4616546631,0,0.416056315104,557.656415525,0.465457499027
PURE_CHECKPOINT/Eval_On_TOKYOTECH,TOKYOTECH,old,TOKYOTECH_s06,106,window,3180,3420,106.0,114.0,180,127.0,75.0,52.0,52.0,69.33333333333334,-0.37035024948514667,nan,240,0.005849679140374065,0.5055848495385462,-0.020378269709476152,0.8454338457090839,1.0,super_harmonic_2x,06,6,9,first_180_seconds,115.447853088,76.4616546631,0,0.416056315104,557.656415525,0.465457499027
PURE_CHECKPOINT/Eval_On_TOKYOTECH,TOKYOTECH,old,TOKYOTECH_s06,107,window,3210,3450,107.0,115.0,180,168.0,74.0,94.0,94.0,127.02702702702702,-0.20936337240478348,nan,240,0.010948270586474488,0.5104121346044872,0.02440087526113581,0.7076077374040485,1.0,super_harmonic_2x,06,6,9,first_180_seconds,115.447853088,76.4616546631,0,0.416056315104,557.656415525,0.465457499027
PURE_CHECKPOINT/Eval_On_TOKYOTECH,TOKYOTECH,old,TOKYOTECH_s06,108,window,3240,3480,108.0,116.0,180,168.0,72.0,96.0,96.0,133.33333333333331,-0.06994186508891946,nan,240,0.04142741075484082,0.5051763574270541,0.00803220315552524,0.6540230670728027,1.0,super_harmonic_2x,06,6,9,first_180_seconds,115.447853088,76.4616546631,0,0.416056315104,557.656415525,0.465457499027
PURE_CHECKPOINT/Eval_On_TOKYOTECH,TOKYOTECH,old,TOKYOTECH_s06,109,window,3270,3510,109.0,117.0,180,136.0,71.0,65.0,65.0,91.54929577464789,-0.15788011621217776,nan,240,0.05194551460832978,0.5192652755738492,-0.01618904555805225,0.8154303423508747,1.0,super_harmonic_2x,06,6,9,first_180_seconds,115.447853088,76.4616546631,0,0.416056315104,557.656415525,0.465457499027
PURE_CHECKPOINT/Eval_On_TOKYOTECH,TOKYOTECH,old,TOKYOTECH_s06,110,window,3300,3540,110.0,118.0,180,165.0,71.0,94.0,94.0,132.3943661971831,-0.14043895229176873,nan,240,0.1390978595823981,0.5644724830986035,-0.029680834431508995,0.7078196971112376,1.0,super_harmonic_2x,06,6,9,first_180_seconds,115.447853088,76.4616546631,0,0.416056315104,557.656415525,0.465457499027
PURE_CHECKPOINT/Eval_On_TOKYOTECH,TOKYOTECH,old,TOKYOTECH_s06,111,window,3330,3570,111.0,119.0,180,165.0,71.0,94.0,94.0,132.3943661971831,-0.1941555949838851,nan,240,0.2072093591753704,0.5762972752821665,-0.007260015038715386,0.7172315458225383,1.0,super_harmonic_2x,06,6,9,first_180_seconds,115.447853088,76.4616546631,0,0.416056315104,557.656415525,0.465457499027
PURE_CHECKPOINT/Eval_On_TOKYOTECH,TOKYOTECH,old,TOKYOTECH_s06,112,window,3360,3600,112.0,120.0,180,165.0,73.0,92.0,92.0,126.02739726027397,-0.0014176881863866627,nan,240,0.17743725368054583,0.5875363043465507,0.03933525470246661,0.7086644233452091,1.0,super_harmonic_2x,06,6,9,first_180_seconds,115.447853088,76.4616546631,0,0.416056315104,557.656415525,0.465457499027
PURE_CHECKPOINT/Eval_On_TOKYOTECH,TOKYOTECH,old,TOKYOTECH_s06,113,window,3390,3630,113.0,121.0,180,163.0,74.0,89.0,89.0,120.27027027027026,-0.3252668079643923,nan,240,0.0919178648541371,0.6078089599807616,0.007352729830707675,0.7631898412166083,1.0,super_harmonic_2x,06,6,9,first_180_seconds,115.447853088,76.4616546631,0,0.416056315104,557.656415525,0.465457499027
PURE_CHECKPOINT/Eval_On_TOKYOTECH,TOKYOTECH,old,TOKYOTECH_s06,114,window,3420,3660,114.0,122.0,180,163.0,73.0,90.0,90.0,123.28767123287672,-0.09659910290062336,nan,240,-0.00714808315387927,0.6475492900179661,-0.012300382413950133,0.6947557727884199,1.0,super_harmonic_2x,06,6,9,first_180_seconds,115.447853088,76.4616546631,0,0.416056315104,557.656415525,0.465457499027
PURE_CHECKPOINT/Eval_On_TOKYOTECH,TOKYOTECH,old,TOKYOTECH_s06,115,window,3450,3690,115.0,123.0,180,157.0,73.0,84.0,84.0,115.06849315068493,-0.14642772822260045,nan,240,-0.08486529746054051,0.6704836672087019,-0.030435979705480343,0.7532635631331348,1.0,super_harmonic_2x,06,6,9,first_180_seconds,115.447853088,76.4616546631,0,0.416056315104,557.656415525,0.465457499027
PURE_CHECKPOINT/Eval_On_TOKYOTECH,TOKYOTECH,old,TOKYOTECH_s06,116,window,3480,3720,116.0,124.0,180,72.0,76.0,-4.0,4.0,5.263157894736842,-0.22321784804671752,nan,240,-0.1445211255825901,0.6682605753103948,0.009442618212330334,0.8096835362052974,1.0,large_error,06,6,9,first_180_seconds,115.447853088,76.4616546631,0,0.416056315104,557.656415525,0.465457499027
PURE_CHECKPOINT/Eval_On_TOKYOTECH,TOKYOTECH,old,TOKYOTECH_s06,117,window,3510,3750,117.0,125.0,180,105.0,75.0,30.0,30.0,40.0,-0.08174041262076644,nan,240,-0.19254476204320478,0.6443745598451771,-0.010012744674988734,0.8813082399086893,1.0,super_harmonic_1p5x,06,6,9,first_180_seconds,115.447853088,76.4616546631,0,0.416056315104,557.656415525,0.465457499027
PURE_CHECKPOINT/Eval_On_TOKYOTECH,TOKYOTECH,old,TOKYOTECH_s06,118,window,3540,3780,118.0,126.0,180,68.0,61.99999999999999,6.000000000000007,6.000000000000007,9.677419354838722,-0.26383146153571413,nan,240,-0.28849039352426187,0.5469537627623116,-0.005728719228182507,0.9085320905661695,1.0,large_error,06,6,9,first_180_seconds,115.447853088,76.4616546631,0,0.416056315104,557.656415525,0.465457499027
PURE_CHECKPOINT/Eval_On_TOKYOTECH,TOKYOTECH,old,TOKYOTECH_s06,119,window,3570,3810,119.0,127.0,180,59.0,61.99999999999999,-2.999999999999993,2.999999999999993,4.838709677419343,-0.3728571395053041,nan,240,-0.33406153328178334,0.4799594064758956,0.002562430950318552,0.8367123524210051,1.0,correct,06,6,9,first_180_seconds,115.447853088,76.4616546631,0,0.416056315104,557.656415525,0.465457499027
PURE_CHECKPOINT/Eval_On_TOKYOTECH,TOKYOTECH,old,TOKYOTECH_s06,120,window,3600,3840,120.0,128.0,180,73.0,61.99999999999999,11.000000000000007,11.000000000000007,17.741935483870982,-0.3064064093788046,nan,240,-0.29395800961574425,0.5191047237242942,-0.002109584316904839,0.8313522830893504,1.0,large_error,06,6,9,first_180_seconds,115.447853088,76.4616546631,0,0.416056315104,557.656415525,0.465457499027
PURE_CHECKPOINT/Eval_On_TOKYOTECH,TOKYOTECH,old,TOKYOTECH_s06,121,window,3630,3870,121.0,129.0,180,105.0,63.0,42.0,42.0,66.66666666666666,-0.2913607425354122,nan,240,-0.20642162664177402,0.5741911178005479,-0.014547494635375387,0.8937945854328893,1.0,large_error,06,6,9,first_180_seconds,115.447853088,76.4616546631,0,0.416056315104,557.656415525,0.465457499027
PURE_CHECKPOINT/Eval_On_TOKYOTECH,TOKYOTECH,old,TOKYOTECH_s06,122,window,3660,3900,122.0,130.0,180,120.0,65.0,55.0,55.0,84.61538461538461,-0.30743716631468904,nan,240,-0.08866647459532638,0.5969870017653709,-0.015677097973110853,0.9141657781334268,1.0,super_harmonic_2x,06,6,9,first_180_seconds,115.447853088,76.4616546631,0,0.416056315104,557.656415525,0.465457499027
PURE_CHECKPOINT/Eval_On_TOKYOTECH,TOKYOTECH,old,TOKYOTECH_s06,123,window,3690,3930,123.0,131.0,180,68.0,66.0,2.0,2.0,3.0303030303030303,-0.4962177824424404,nan,240,0.039727681827450095,0.5919828262378485,0.018097149894788,0.8913742957131876,1.0,correct,06,6,9,first_180_seconds,115.447853088,76.4616546631,0,0.416056315104,557.656415525,0.465457499027
PURE_CHECKPOINT/Eval_On_TOKYOTECH,TOKYOTECH,old,TOKYOTECH_s06,124,window,3720,3960,124.0,132.0,180,119.0,67.0,52.0,52.0,77.61194029850746,-0.3468002039676251,nan,240,0.1341783467765102,0.5977427167747547,0.025603043815783235,0.8791323058337474,1.0,super_harmonic_2x,06,6,9,first_180_seconds,115.447853088,76.4616546631,0,0.416056315104,557.656415525,0.465457499027
PURE_CHECKPOINT/Eval_On_TOKYOTECH,TOKYOTECH,old,TOKYOTECH_s06,125,window,3750,3990,125.0,133.0,180,119.0,68.0,51.0,51.0,75.0,-0.25673015043964403,nan,240,0.2052857071867038,0.6437505688504923,0.027193423651125433,0.884006230529321,1.0,super_harmonic_2x,06,6,9,first_180_seconds,115.447853088,76.4616546631,0,0.416056315104,557.656415525,0.465457499027
PURE_CHECKPOINT/Eval_On_TOKYOTECH,TOKYOTECH,old,TOKYOTECH_s06,126,window,3780,4020,126.0,134.0,180,119.0,67.0,52.0,52.0,77.61194029850746,-0.2609243112707754,nan,240,0.24275321005261502,0.704539125122828,0.023366194179173915,0.9017561020919221,1.0,super_harmonic_2x,06,6,9,first_180_seconds,115.447853088,76.4616546631,0,0.416056315104,557.656415525,0.465457499027
PURE_CHECKPOINT/Eval_On_TOKYOTECH,TOKYOTECH,old,TOKYOTECH_s06,127,window,3810,4050,127.0,135.0,180,119.0,66.0,53.0,53.0,80.3030303030303,-0.61922484824989,nan,240,0.22147954670751158,0.7646401959679816,0.006313443582515079,0.8544173544976921,1.0,super_harmonic_2x,06,6,9,first_180_seconds,115.447853088,76.4616546631,0,0.416056315104,557.656415525,0.465457499027
PURE_CHECKPOINT/Eval_On_TOKYOTECH,TOKYOTECH,old,TOKYOTECH_s06,128,window,3840,4080,128.0,136.0,180,54.0,66.0,-12.0,12.0,18.181818181818183,-0.5917591516177191,nan,240,0.16597218908718786,0.799471908719195,0.01950268133101728,0.8444656649969683,1.0,large_error,06,6,9,first_180_seconds,115.447853088,76.4616546631,0,0.416056315104,557.656415525,0.465457499027
PURE_CHECKPOINT/Eval_On_TOKYOTECH,TOKYOTECH,old,TOKYOTECH_s06,129,window,3870,4110,129.0,137.0,180,59.0,65.0,-6.0,6.0,9.230769230769232,-0.5491459647694161,nan,240,0.10725176428483489,0.8262866944560745,0.0049866114481636175,0.9093745543949117,1.0,large_error,06,6,9,first_180_seconds,115.447853088,76.4616546631,0,0.416056315104,557.656415525,0.465457499027
PURE_CHECKPOINT/Eval_On_TOKYOTECH,TOKYOTECH,old,TOKYOTECH_s06,130,window,3900,4140,130.0,138.0,180,60.0,64.0,-4.0,4.0,6.25,-0.428730441043392,nan,240,0.07118252619208458,0.8664597256216283,0.012971069775279915,0.8892669574152297,1.0,large_error,06,6,9,first_180_seconds,115.447853088,76.4616546631,0,0.416056315104,557.656415525,0.465457499027
PURE_CHECKPOINT/Eval_On_TOKYOTECH,TOKYOTECH,old,TOKYOTECH_s06,131,window,3930,4170,131.0,139.0,180,60.0,63.0,-3.0,3.0,4.761904761904762,-0.602438822590431,nan,240,0.022154442719571912,0.9130321961995054,0.00929227686819279,0.9255942418169311,1.0,correct,06,6,9,first_180_seconds,115.447853088,76.4616546631,0,0.416056315104,557.656415525,0.465457499027
PURE_CHECKPOINT/Eval_On_TOKYOTECH,TOKYOTECH,old,TOKYOTECH_s06,132,window,3960,4200,132.0,140.0,180,60.0,63.0,-3.0,3.0,4.761904761904762,-0.49869644790953577,nan,240,2.2713638221224147e-06,0.9384256982226001,0.01051668812867383,0.870121220777771,1.0,correct,06,6,9,first_180_seconds,115.447853088,76.4616546631,0,0.416056315104,557.656415525,0.465457499027
PURE_CHECKPOINT/Eval_On_TOKYOTECH,TOKYOTECH,old,TOKYOTECH_s06,133,window,3990,4230,133.0,141.0,180,82.0,63.0,19.0,19.0,30.158730158730158,-0.5372406665096401,nan,240,-0.008726514650819202,0.932748290818818,0.020510280446764142,0.8045685506582883,1.0,super_harmonic_1p5x,06,6,9,first_180_seconds,115.447853088,76.4616546631,0,0.416056315104,557.656415525,0.465457499027
PURE_CHECKPOINT/Eval_On_TOKYOTECH,TOKYOTECH,old,TOKYOTECH_s06,134,window,4020,4260,134.0,142.0,180,64.0,64.0,0.0,0.0,0.0,-0.6350875219887756,nan,240,0.008681374578736722,0.9278214671646927,0.02993503435211287,0.7564774941388216,1.0,correct,06,6,9,first_180_seconds,115.447853088,76.4616546631,0,0.416056315104,557.656415525,0.465457499027
PURE_CHECKPOINT/Eval_On_TOKYOTECH,TOKYOTECH,old,TOKYOTECH_s06,135,window,4050,4290,135.0,143.0,180,65.0,64.0,1.0,1.0,1.5625,-0.520860268374375,nan,240,0.05644246340574076,0.957377270121663,0.023652194629994305,0.8657895950773238,1.0,correct,06,6,9,first_180_seconds,115.447853088,76.4616546631,0,0.416056315104,557.656415525,0.465457499027
PURE_CHECKPOINT/Eval_On_TOKYOTECH,TOKYOTECH,old,TOKYOTECH_s06,136,window,4080,4320,136.0,144.0,180,66.0,64.0,2.0,2.0,3.125,-0.42477042700721523,nan,240,0.09802169237518683,1.0092831640321667,-0.003409836892686239,0.8988190243318841,1.0,correct,06,6,9,first_180_seconds,115.447853088,76.4616546631,0,0.416056315104,557.656415525,0.465457499027
PURE_CHECKPOINT/Eval_On_TOKYOTECH,TOKYOTECH,old,TOKYOTECH_s06,137,window,4110,4350,137.0,145.0,180,106.0,64.0,42.0,42.0,65.625,-0.36650522364011806,nan,240,0.11507883119629696,1.0475802418497067,-0.016267828639336387,0.9154431417322103,1.0,super_harmonic_1p5x,06,6,9,first_180_seconds,115.447853088,76.4616546631,0,0.416056315104,557.656415525,0.465457499027
PURE_CHECKPOINT/Eval_On_TOKYOTECH,TOKYOTECH,old,TOKYOTECH_s06,138,window,4140,4380,138.0,146.0,180,180.0,64.0,116.0,116.0,181.25,-0.44841055821860026,nan,240,0.10736249239416792,1.0475580631472516,0.016356053556989127,0.6396409884329446,1.0,super_harmonic_2x,06,6,9,first_180_seconds,115.447853088,76.4616546631,0,0.416056315104,557.656415525,0.465457499027
PURE_CHECKPOINT/Eval_On_TOKYOTECH,TOKYOTECH,old,TOKYOTECH_s06,139,window,4170,4410,139.0,147.0,180,165.0,63.0,102.0,102.0,161.9047619047619,-0.30543303730825827,nan,240,0.1183076017963079,1.029549865482001,0.012971786425239476,0.6955381854185072,1.0,super_harmonic_2x,06,6,9,first_180_seconds,115.447853088,76.4616546631,0,0.416056315104,557.656415525,0.465457499027
PURE_CHECKPOINT/Eval_On_TOKYOTECH,TOKYOTECH,old,TOKYOTECH_s06,140,window,4200,4440,140.0,148.0,180,90.0,63.0,27.0,27.0,42.857142857142854,-0.24217345497477094,nan,240,0.12069530087755993,1.0360591222816247,0.005104281434360129,0.8584668223562654,1.0,super_harmonic_1p5x,06,6,9,first_180_seconds,115.447853088,76.4616546631,0,0.416056315104,557.656415525,0.465457499027
PURE_CHECKPOINT/Eval_On_TOKYOTECH,TOKYOTECH,old,TOKYOTECH_s06,141,window,4230,4470,141.0,149.0,180,104.0,64.0,40.0,40.0,62.5,-0.3826805950865896,nan,240,0.106332163780462,1.0712649801118537,0.002062088349543581,0.7827024740701918,1.0,super_harmonic_1p5x,06,6,9,first_180_seconds,115.447853088,76.4616546631,0,0.416056315104,557.656415525,0.465457499027
PURE_CHECKPOINT/Eval_On_TOKYOTECH,TOKYOTECH,old,TOKYOTECH_s06,142,window,4260,4500,142.0,150.0,180,61.99999999999999,64.0,-2.000000000000007,2.000000000000007,3.125000000000011,-0.5961215909508047,nan,240,0.09201328078052029,1.1308181881368873,0.011631311944083613,0.7442080345433064,1.0,correct,06,6,9,first_180_seconds,115.447853088,76.4616546631,0,0.416056315104,557.656415525,0.465457499027
PURE_CHECKPOINT/Eval_On_TOKYOTECH,TOKYOTECH,old,TOKYOTECH_s06,143,window,4290,4530,143.0,151.0,180,61.0,64.0,-3.0,3.0,4.6875,-0.7068659759179585,nan,240,0.07043509406115239,1.174555258984056,0.013684993007877707,0.8454180882916009,1.0,correct,06,6,9,first_180_seconds,115.447853088,76.4616546631,0,0.416056315104,557.656415525,0.465457499027
PURE_CHECKPOINT/Eval_On_TOKYOTECH,TOKYOTECH,old,TOKYOTECH_s06,144,window,4320,4560,144.0,152.0,180,61.0,63.0,-2.0,2.0,3.1746031746031744,-0.5470799708302135,nan,240,0.04527649245283101,1.1984185066357211,0.008174966226701242,0.8000085155678635,1.0,correct,06,6,9,first_180_seconds,115.447853088,76.4616546631,0,0.416056315104,557.656415525,0.465457499027
PURE_CHECKPOINT/Eval_On_TOKYOTECH,TOKYOTECH,old,TOKYOTECH_s06,145,window,4350,4590,145.0,153.0,180,60.0,61.99999999999999,-1.999999999999993,1.999999999999993,3.225806451612892,-0.5722373173297609,nan,240,0.014314536369056441,1.1954207225908051,0.022430637910171677,0.8681205908645152,1.0,correct,06,6,9,first_180_seconds,115.447853088,76.4616546631,0,0.416056315104,557.656415525,0.465457499027
PURE_CHECKPOINT/Eval_On_TOKYOTECH,TOKYOTECH,old,TOKYOTECH_s06,146,window,4380,4620,146.0,154.0,180,119.0,60.0,59.0,59.0,98.33333333333333,-0.4025944626837092,nan,240,0.003545840921772954,1.2100664893554556,0.006779118106092208,0.8872115424088847,1.0,super_harmonic_2x,06,6,9,first_180_seconds,115.447853088,76.4616546631,0,0.416056315104,557.656415525,0.465457499027
PURE_CHECKPOINT/Eval_On_TOKYOTECH,TOKYOTECH,old,TOKYOTECH_s06,147,window,4410,4650,147.0,155.0,180,120.0,60.0,60.0,60.0,100.0,-0.455291582815847,nan,240,-0.009553264858550393,1.2485568108603373,0.01623300871009908,0.8970823634335119,1.0,super_harmonic_2x,06,6,9,first_180_seconds,115.447853088,76.4616546631,0,0.416056315104,557.656415525,0.465457499027
PURE_CHECKPOINT/Eval_On_TOKYOTECH,TOKYOTECH,old,TOKYOTECH_s06,148,window,4440,4680,148.0,156.0,180,120.0,60.0,60.0,60.0,100.0,-0.38544002235581165,nan,240,-0.013045669285929762,1.295610546496314,-0.0033642542887468746,0.9007447412993085,1.0,super_harmonic_2x,06,6,9,first_180_seconds,115.447853088,76.4616546631,0,0.416056315104,557.656415525,0.465457499027
PURE_CHECKPOINT/Eval_On_TOKYOTECH,TOKYOTECH,old,TOKYOTECH_s06,149,window,4470,4710,149.0,157.0,180,121.0,61.0,60.0,60.0,98.36065573770492,-0.3717751662449596,nan,240,0.00620892525863989,1.3331774637334641,0.004583587940978682,0.8956918456673254,1.0,super_harmonic_2x,06,6,9,first_180_seconds,115.447853088,76.4616546631,0,0.416056315104,557.656415525,0.465457499027
PURE_CHECKPOINT/Eval_On_TOKYOTECH,TOKYOTECH,old,TOKYOTECH_s06,150,window,4500,4740,150.0,158.0,180,120.0,61.0,59.0,59.0,96.72131147540983,-0.44167662049208223,nan,240,0.016843089755275285,1.339808256645628,0.005006681633661432,0.8994981898670286,1.0,super_harmonic_2x,06,6,9,first_180_seconds,115.447853088,76.4616546631,0,0.416056315104,557.656415525,0.465457499027
PURE_CHECKPOINT/Eval_On_TOKYOTECH,TOKYOTECH,old,TOKYOTECH_s06,151,window,4530,4770,151.0,159.0,180,120.0,61.99999999999999,58.00000000000001,58.00000000000001,93.5483870967742,-0.3624648263123619,nan,240,0.0083418815076584,1.3131045047609269,-0.0024241074436079663,0.8828480799130949,1.0,super_harmonic_2x,06,6,9,first_180_seconds,115.447853088,76.4616546631,0,0.416056315104,557.656415525,0.465457499027
PURE_CHECKPOINT/Eval_On_TOKYOTECH,TOKYOTECH,old,TOKYOTECH_s06,152,window,4560,4800,152.0,160.0,180,61.0,61.99999999999999,-0.9999999999999929,0.9999999999999929,1.6129032258064404,-0.6032408693486182,nan,240,-0.0011671312541390458,1.2800951923776915,0.024242009988271314,0.8691518088281801,1.0,correct,06,6,9,first_180_seconds,115.447853088,76.4616546631,0,0.416056315104,557.656415525,0.465457499027
PURE_CHECKPOINT/Eval_On_TOKYOTECH,TOKYOTECH,old,TOKYOTECH_s06,153,window,4590,4830,153.0,161.0,180,60.0,61.99999999999999,-1.999999999999993,1.999999999999993,3.225806451612892,-0.6608280928696808,nan,240,0.04460254871131231,1.2855799858657098,0.011427848060465103,0.9210674966425434,1.0,correct,06,6,9,first_180_seconds,115.447853088,76.4616546631,0,0.416056315104,557.656415525,0.465457499027
PURE_CHECKPOINT/Eval_On_TOKYOTECH,TOKYOTECH,old,TOKYOTECH_s06,154,window,4620,4860,154.0,162.0,180,64.0,63.0,1.0,1.0,1.5873015873015872,-0.49298595509570975,nan,240,0.052411438804119824,1.3189662227370202,0.012909607240493481,0.9302751242450191,1.0,correct,06,6,9,first_180_seconds,115.447853088,76.4616546631,0,0.416056315104,557.656415525,0.465457499027
PURE_CHECKPOINT/Eval_On_TOKYOTECH,TOKYOTECH,old,TOKYOTECH_s06,155,window,4650,4890,155.0,163.0,180,61.99999999999999,63.0,-1.000000000000007,1.000000000000007,1.5873015873015988,-0.5830458184899484,nan,240,0.038186193785319726,1.3472824560765257,0.03311632656829018,0.872410986873478,1.0,correct,06,6,9,first_180_seconds,115.447853088,76.4616546631,0,0.416056315104,557.656415525,0.465457499027
PURE_CHECKPOINT/Eval_On_TOKYOTECH,TOKYOTECH,old,TOKYOTECH_s06,156,window,4680,4920,156.0,164.0,180,63.0,63.0,0.0,0.0,0.0,-0.37999061304847753,nan,240,-0.0022193858089546363,1.3544110797994628,0.027502827275919628,0.8587516030215955,1.0,correct,06,6,9,first_180_seconds,115.447853088,76.4616546631,0,0.416056315104,557.656415525,0.465457499027
PURE_CHECKPOINT/Eval_On_TOKYOTECH,TOKYOTECH,old,TOKYOTECH_s06,157,window,4710,4950,157.0,165.0,180,83.0,61.99999999999999,21.000000000000007,21.000000000000007,33.8709677419355,-0.33694591593446205,nan,240,-0.0431785996692876,1.3247083354700715,0.022347558114571554,0.8670108244654259,1.0,super_harmonic_1p5x,06,6,9,first_180_seconds,115.447853088,76.4616546631,0,0.416056315104,557.656415525,0.465457499027
PURE_CHECKPOINT/Eval_On_TOKYOTECH,TOKYOTECH,old,TOKYOTECH_s06,158,window,4740,4980,158.0,166.0,180,66.0,61.99999999999999,4.000000000000007,4.000000000000007,6.4516129032258185,-0.3453188594504582,nan,240,-0.06509934053756297,1.2889513314889527,-0.02386975869745386,0.8941296106260825,1.0,large_error,06,6,9,first_180_seconds,115.447853088,76.4616546631,0,0.416056315104,557.656415525,0.465457499027
PURE_CHECKPOINT/Eval_On_TOKYOTECH,TOKYOTECH,old,TOKYOTECH_s06,159,window,4770,5010,159.0,167.0,180,83.0,61.99999999999999,21.000000000000007,21.000000000000007,33.8709677419355,-0.2819308438468764,nan,240,-0.0496639967430383,1.2750452628167328,0.0031526384743127116,0.8881895813565385,1.0,super_harmonic_1p5x,06,6,9,first_180_seconds,115.447853088,76.4616546631,0,0.416056315104,557.656415525,0.465457499027
PURE_CHECKPOINT/Eval_On_TOKYOTECH,TOKYOTECH,old,TOKYOTECH_s06,160,window,4800,5040,160.0,168.0,180,90.0,63.0,27.0,27.0,42.857142857142854,-0.17789800785278115,nan,240,0.016976440434033672,1.2882944019082387,-0.012077506079528403,0.9012376396822996,1.0,super_harmonic_1p5x,06,6,9,first_180_seconds,115.447853088,76.4616546631,0,0.416056315104,557.656415525,0.465457499027
PURE_CHECKPOINT/Eval_On_TOKYOTECH,TOKYOTECH,old,TOKYOTECH_s06,161,window,4830,5070,161.0,169.0,180,95.0,65.0,30.0,30.0,46.15384615384615,-0.14048002803714715,nan,240,0.024331654278406254,1.297265778416073,0.004681350340785023,0.8012614154234552,1.0,super_harmonic_1p5x,06,6,9,first_180_seconds,115.447853088,76.4616546631,0,0.416056315104,557.656415525,0.465457499027
PURE_CHECKPOINT/Eval_On_TOKYOTECH,TOKYOTECH,old,TOKYOTECH_s06,162,window,4860,5100,162.0,170.0,180,80.0,67.0,13.0,13.0,19.402985074626866,-0.32365864602705624,nan,240,0.04542623694287613,1.3066601236929882,-0.007932719320569272,0.8642173997407891,1.0,large_error,06,6,9,first_180_seconds,115.447853088,76.4616546631,0,0.416056315104,557.656415525,0.465457499027
PURE_CHECKPOINT/Eval_On_TOKYOTECH,TOKYOTECH,old,TOKYOTECH_s06,163,window,4890,5130,163.0,171.0,180,121.0,68.0,53.0,53.0,77.94117647058823,-0.24178549234250896,nan,240,0.056738001958001404,1.3118411595035007,0.0017735313306274619,0.8295606631238792,1.0,super_harmonic_2x,06,6,9,first_180_seconds,115.447853088,76.4616546631,0,0.416056315104,557.656415525,0.465457499027
PURE_CHECKPOINT/Eval_On_TOKYOTECH,TOKYOTECH,old,TOKYOTECH_s06,164,window,4920,5160,164.0,172.0,180,73.0,67.0,6.0,6.0,8.955223880597014,-0.4537011698941398,nan,240,0.06512779119657353,1.3128705733736594,-0.03043450894283696,0.9047842508462061,1.0,large_error,06,6,9,first_180_seconds,115.447853088,76.4616546631,0,0.416056315104,557.656415525,0.465457499027
PURE_CHECKPOINT/Eval_On_TOKYOTECH,TOKYOTECH,old,TOKYOTECH_s06,165,window,4950,5190,165.0,173.0,180,121.0,66.0,55.0,55.0,83.33333333333334,-0.546331995960348,nan,240,0.019136360050955165,1.3212697978630357,-0.003640657882379461,0.7747051329949782,1.0,super_harmonic_2x,06,6,9,first_180_seconds,115.447853088,76.4616546631,0,0.416056315104,557.656415525,0.465457499027
PURE_CHECKPOINT/Eval_On_TOKYOTECH,TOKYOTECH,old,TOKYOTECH_s06,166,window,4980,5220,166.0,174.0,180,76.0,65.0,11.0,11.0,16.923076923076923,-0.4718944149975828,nan,240,0.012644145385517428,1.3350300690077888,-0.008193102067507532,0.8846504028586379,1.0,large_error,06,6,9,first_180_seconds,115.447853088,76.4616546631,0,0.416056315104,557.656415525,0.465457499027
PURE_CHECKPOINT/Eval_On_TOKYOTECH,TOKYOTECH,old,TOKYOTECH_s06,167,window,5010,5250,167.0,175.0,180,121.0,65.0,56.0,56.0,86.15384615384616,-0.22849840497922824,nan,240,0.033188253505795726,1.3681078780209526,0.0021120833899179532,0.9089441802082905,1.0,super_harmonic_2x,06,6,9,first_180_seconds,115.447853088,76.4616546631,0,0.416056315104,557.656415525,0.465457499027
PURE_CHECKPOINT/Eval_On_TOKYOTECH,TOKYOTECH,old,TOKYOTECH_s06,168,window,5040,5280,168.0,176.0,180,75.0,66.0,9.0,9.0,13.636363636363635,-0.5472981474624683,nan,240,0.02811386242635005,1.3833475192196245,0.002338184737153298,0.896333513738062,1.0,large_error,06,6,9,first_180_seconds,115.447853088,76.4616546631,0,0.416056315104,557.656415525,0.465457499027
PURE_CHECKPOINT/Eval_On_TOKYOTECH,TOKYOTECH,old,TOKYOTECH_s07,0,window,0,240,0.0,8.0,180,63.0,63.0,0.0,0.0,0.0,-0.36454398567845914,nan,240,0.031158317853017554,1.0286974322576767,-0.012367893606686187,0.9281558410676353,1.0,correct,07,7,9,first_180_seconds,92.979133606,66.4820251465,0,0.005126953125,524.730065089,0.416663765907
PURE_CHECKPOINT/Eval_On_TOKYOTECH,TOKYOTECH,old,TOKYOTECH_s07,1,window,30,270,1.0,9.0,180,61.99999999999999,61.99999999999999,0.0,0.0,0.0,-0.4176005092920484,nan,240,0.09782999189968299,0.8579072760565124,-0.009810177445534186,0.9303447927686535,1.0,correct,07,7,9,first_180_seconds,92.979133606,66.4820251465,0,0.005126953125,524.730065089,0.416663765907
PURE_CHECKPOINT/Eval_On_TOKYOTECH,TOKYOTECH,old,TOKYOTECH_s07,2,window,60,300,2.0,10.0,180,61.0,61.99999999999999,-0.9999999999999929,0.9999999999999929,1.6129032258064404,-0.4383064993869784,nan,240,0.08691014848736814,0.8676072518736943,-0.010120436392757826,0.9271902378127886,1.0,correct,07,7,9,first_180_seconds,92.979133606,66.4820251465,0,0.005126953125,524.730065089,0.416663765907
PURE_CHECKPOINT/Eval_On_TOKYOTECH,TOKYOTECH,old,TOKYOTECH_s07,3,window,90,330,3.0,11.0,180,61.0,61.99999999999999,-0.9999999999999929,0.9999999999999929,1.6129032258064404,-0.42788732635201054,nan,240,0.06511899541995565,0.8792829897447091,-0.016781617342341737,0.9473338023241081,1.0,correct,07,7,9,first_180_seconds,92.979133606,66.4820251465,0,0.005126953125,524.730065089,0.416663765907
PURE_CHECKPOINT/Eval_On_TOKYOTECH,TOKYOTECH,old,TOKYOTECH_s07,4,window,120,360,4.0,12.0,180,60.0,61.0,-1.0,1.0,1.639344262295082,-0.464129416821821,nan,240,0.0442145725270772,0.8868571129634671,-0.01874977665343481,0.920889698097875,1.0,correct,07,7,9,first_180_seconds,92.979133606,66.4820251465,0,0.005126953125,524.730065089,0.416663765907
PURE_CHECKPOINT/Eval_On_TOKYOTECH,TOKYOTECH,old,TOKYOTECH_s07,5,window,150,390,5.0,13.0,180,120.0,61.0,59.0,59.0,96.72131147540983,-0.5059837637750978,nan,240,0.010384363255191905,0.8988725331280146,-0.018274967156072876,0.8895467447509782,1.0,super_harmonic_2x,07,7,9,first_180_seconds,92.979133606,66.4820251465,0,0.005126953125,524.730065089,0.416663765907
PURE_CHECKPOINT/Eval_On_TOKYOTECH,TOKYOTECH,old,TOKYOTECH_s07,6,window,180,420,6.0,14.0,180,60.0,60.0,0.0,0.0,0.0,-0.4550829376359526,nan,240,-0.017552480504188377,0.9049091568551623,-0.01694791698902098,0.8965557928490494,1.0,correct,07,7,9,first_180_seconds,92.979133606,66.4820251465,0,0.005126953125,524.730065089,0.416663765907
PURE_CHECKPOINT/Eval_On_TOKYOTECH,TOKYOTECH,old,TOKYOTECH_s07,7,window,210,450,7.0,15.0,180,60.0,59.0,1.0,1.0,1.694915254237288,-0.4099765048095169,nan,240,-0.02408541760620816,0.9051154656000153,-0.014334271865353352,0.9200657547276845,1.0,correct,07,7,9,first_180_seconds,92.979133606,66.4820251465,0,0.005126953125,524.730065089,0.416663765907
PURE_CHECKPOINT/Eval_On_TOKYOTECH,TOKYOTECH,old,TOKYOTECH_s07,8,window,240,480,8.0,16.0,180,60.0,59.0,1.0,1.0,1.694915254237288,-0.45558568185014087,nan,240,-0.027351663571122724,0.9022847711908821,-0.020015520518509456,0.9199221000872667,1.0,correct,07,7,9,first_180_seconds,92.979133606,66.4820251465,0,0.005126953125,524.730065089,0.416663765907
PURE_CHECKPOINT/Eval_On_TOKYOTECH,TOKYOTECH,old,TOKYOTECH_s07,9,window,270,510,9.0,17.0,180,60.0,59.0,1.0,1.0,1.694915254237288,-0.4860547830626832,nan,240,-0.02115260563538565,0.9071774672871616,-0.026016745654242182,0.9302824839929699,1.0,correct,07,7,9,first_180_seconds,92.979133606,66.4820251465,0,0.005126953125,524.730065089,0.416663765907
PURE_CHECKPOINT/Eval_On_TOKYOTECH,TOKYOTECH,old,TOKYOTECH_s07,10,window,300,540,10.0,18.0,180,60.0,59.0,1.0,1.0,1.694915254237288,-0.49216889266673963,nan,240,-0.004471929642022587,0.904015440471793,-0.019853825326153134,0.9445443833755747,1.0,correct,07,7,9,first_180_seconds,92.979133606,66.4820251465,0,0.005126953125,524.730065089,0.416663765907
PURE_CHECKPOINT/Eval_On_TOKYOTECH,TOKYOTECH,old,TOKYOTECH_s07,11,window,330,570,11.0,19.0,180,60.0,59.0,1.0,1.0,1.694915254237288,-0.5298892998832714,nan,240,0.028278535846038722,0.8953530065611243,-0.016328495401363927,0.949653808064027,1.0,correct,07,7,9,first_180_seconds,92.979133606,66.4820251465,0,0.005126953125,524.730065089,0.416663765907
PURE_CHECKPOINT/Eval_On_TOKYOTECH,TOKYOTECH,old,TOKYOTECH_s07,12,window,360,600,12.0,20.0,180,60.0,60.0,0.0,0.0,0.0,-0.5590048603373904,nan,240,0.049070719141551915,0.8951830075644811,-0.013110225581350159,0.9539320701192381,1.0,correct,07,7,9,first_180_seconds,92.979133606,66.4820251465,0,0.005126953125,524.730065089,0.416663765907
PURE_CHECKPOINT/Eval_On_TOKYOTECH,TOKYOTECH,old,TOKYOTECH_s07,13,window,390,630,13.0,21.0,180,60.0,60.0,0.0,0.0,0.0,-0.5761448271756804,nan,240,0.07418471148121171,0.8958827221631903,-0.009729477850847086,0.9449919867647069,1.0,correct,07,7,9,first_180_seconds,92.979133606,66.4820251465,0,0.005126953125,524.730065089,0.416663765907
PURE_CHECKPOINT/Eval_On_TOKYOTECH,TOKYOTECH,old,TOKYOTECH_s07,14,window,420,660,14.0,22.0,180,61.0,61.0,0.0,0.0,0.0,-0.5497803397603631,nan,240,0.07943877841850432,0.8916097956382125,-0.010169034002579853,0.9524119311881445,1.0,correct,07,7,9,first_180_seconds,92.979133606,66.4820251465,0,0.005126953125,524.730065089,0.416663765907
PURE_CHECKPOINT/Eval_On_TOKYOTECH,TOKYOTECH,old,TOKYOTECH_s07,15,window,450,690,15.0,23.0,180,61.0,61.99999999999999,-0.9999999999999929,0.9999999999999929,1.6129032258064404,-0.520640420696427,nan,240,0.06548111258889548,0.8934182614457529,-0.0076079761468707185,0.9508481394190847,1.0,correct,07,7,9,first_180_seconds,92.979133606,66.4820251465,0,0.005126953125,524.730065089,0.416663765907
PURE_CHECKPOINT/Eval_On_TOKYOTECH,TOKYOTECH,old,TOKYOTECH_s07,16,window,480,720,16.0,24.0,180,61.0,61.99999999999999,-0.9999999999999929,0.9999999999999929,1.6129032258064404,-0.5544096040897165,nan,240,0.067391883940824,0.8843224317869581,-0.007296483686717562,0.9591117241432985,1.0,correct,07,7,9,first_180_seconds,92.979133606,66.4820251465,0,0.005126953125,524.730065089,0.416663765907
PURE_CHECKPOINT/Eval_On_TOKYOTECH,TOKYOTECH,old,TOKYOTECH_s07,17,window,510,750,17.0,25.0,180,65.0,63.0,2.0,2.0,3.1746031746031744,-0.6414156331430065,nan,240,0.060678388343270245,0.8783718497845456,-0.021935155441984502,0.9702142570219001,1.0,correct,07,7,9,first_180_seconds,92.979133606,66.4820251465,0,0.005126953125,524.730065089,0.416663765907
PURE_CHECKPOINT/Eval_On_TOKYOTECH,TOKYOTECH,old,TOKYOTECH_s07,18,window,540,780,18.0,26.0,180,63.0,64.0,-1.0,1.0,1.5625,-0.8484815841351555,nan,240,0.04945479739496174,0.8827992647583186,-0.0014521534793350166,0.9294918001686828,1.0,correct,07,7,9,first_180_seconds,92.979133606,66.4820251465,0,0.005126953125,524.730065089,0.416663765907
PURE_CHECKPOINT/Eval_On_TOKYOTECH,TOKYOTECH,old,TOKYOTECH_s07,19,window,570,810,19.0,27.0,180,61.99999999999999,64.0,-2.000000000000007,2.000000000000007,3.125000000000011,-0.7106619794761266,nan,240,0.0267913099785801,0.8930330157345185,0.008337318270560007,0.9422277427948137,1.0,correct,07,7,9,first_180_seconds,92.979133606,66.4820251465,0,0.005126953125,524.730065089,0.416663765907
PURE_CHECKPOINT/Eval_On_TOKYOTECH,TOKYOTECH,old,TOKYOTECH_s07,20,window,600,840,20.0,28.0,180,61.0,64.0,-3.0,3.0,4.6875,-0.640160865598115,nan,240,0.010124531304851796,0.8896751718518079,0.0050616011653196085,0.9611158835293301,1.0,correct,07,7,9,first_180_seconds,92.979133606,66.4820251465,0,0.005126953125,524.730065089,0.416663765907
PURE_CHECKPOINT/Eval_On_TOKYOTECH,TOKYOTECH,old,TOKYOTECH_s07,21,window,630,870,21.0,29.0,180,61.0,63.0,-2.0,2.0,3.1746031746031744,-0.5999209783622119,nan,240,-0.0032245797260353963,0.891299163936679,0.008628006444899715,0.9395962467889424,1.0,correct,07,7,9,first_180_seconds,92.979133606,66.4820251465,0,0.005126953125,524.730065089,0.416663765907
PURE_CHECKPOINT/Eval_On_TOKYOTECH,TOKYOTECH,old,TOKYOTECH_s07,22,window,660,900,22.0,30.0,180,60.0,61.99999999999999,-1.999999999999993,1.999999999999993,3.225806451612892,-0.5495486834476127,nan,240,-0.0035728007555007935,0.9005053848616904,0.000972779626043363,0.9515497919426703,1.0,correct,07,7,9,first_180_seconds,92.979133606,66.4820251465,0,0.005126953125,524.730065089,0.416663765907
PURE_CHECKPOINT/Eval_On_TOKYOTECH,TOKYOTECH,old,TOKYOTECH_s07,23,window,690,930,23.0,31.0,180,60.0,61.0,-1.0,1.0,1.639344262295082,-0.5543345481129591,nan,240,0.00548924768033127,0.9034258224064724,-0.00614770229145678,0.9653118028377788,1.0,correct,07,7,9,first_180_seconds,92.979133606,66.4820251465,0,0.005126953125,524.730065089,0.416663765907
PURE_CHECKPOINT/Eval_On_TOKYOTECH,TOKYOTECH,old,TOKYOTECH_s07,24,window,720,960,24.0,32.0,180,60.0,61.0,-1.0,1.0,1.639344262295082,-0.6308524277844971,nan,240,0.005262715214242538,0.9184215016889792,-0.005761836475761838,0.9534115976032419,1.0,correct,07,7,9,first_180_seconds,92.979133606,66.4820251465,0,0.005126953125,524.730065089,0.416663765907
PURE_CHECKPOINT/Eval_On_TOKYOTECH,TOKYOTECH,old,TOKYOTECH_s07,25,window,750,990,25.0,33.0,180,60.0,61.99999999999999,-1.999999999999993,1.999999999999993,3.225806451612892,-0.6207846980264671,nan,240,0.002850678749382496,0.9346954043665223,0.010723551736767293,0.9286988433213841,1.0,correct,07,7,9,first_180_seconds,92.979133606,66.4820251465,0,0.005126953125,524.730065089,0.416663765907
PURE_CHECKPOINT/Eval_On_TOKYOTECH,TOKYOTECH,old,TOKYOTECH_s07,26,window,780,1020,26.0,34.0,180,60.0,63.0,-3.0,3.0,4.761904761904762,-0.6826569020870251,nan,240,0.0022907132438073556,0.9411316672975248,0.009038316904316805,0.9316065429936821,1.0,correct,07,7,9,first_180_seconds,92.979133606,66.4820251465,0,0.005126953125,524.730065089,0.416663765907
PURE_CHECKPOINT/Eval_On_TOKYOTECH,TOKYOTECH,old,TOKYOTECH_s07,27,window,810,1050,27.0,35.0,180,60.0,63.0,-3.0,3.0,4.761904761904762,-0.6304297184338584,nan,240,0.0077126660151407124,0.9501025949761199,0.009676005900702589,0.9591697036691995,1.0,correct,07,7,9,first_180_seconds,92.979133606,66.4820251465,0,0.005126953125,524.730065089,0.416663765907
PURE_CHECKPOINT/Eval_On_TOKYOTECH,TOKYOTECH,old,TOKYOTECH_s07,28,window,840,1080,28.0,36.0,180,61.0,64.0,-3.0,3.0,4.6875,-0.5480600492476224,nan,240,-0.0006345937571798761,0.9671360094618787,0.00880891358936368,0.9667502727369859,1.0,correct,07,7,9,first_180_seconds,92.979133606,66.4820251465,0,0.005126953125,524.730065089,0.416663765907
PURE_CHECKPOINT/Eval_On_TOKYOTECH,TOKYOTECH,old,TOKYOTECH_s07,29,window,870,1110,29.0,37.0,180,65.0,64.0,1.0,1.0,1.5625,-0.4257814015441032,nan,240,-0.00478512643215557,0.9731804173321527,0.017842206073346793,0.9777754490192307,1.0,correct,07,7,9,first_180_seconds,92.979133606,66.4820251465,0,0.005126953125,524.730065089,0.416663765907
PURE_CHECKPOINT/Eval_On_TOKYOTECH,TOKYOTECH,old,TOKYOTECH_s07,30,window,900,1140,30.0,38.0,180,65.0,63.0,2.0,2.0,3.1746031746031744,-0.7447960077967066,nan,240,-0.0022411163120220107,0.9710712195914502,0.021408955855371448,0.9699994594205158,1.0,correct,07,7,9,first_180_seconds,92.979133606,66.4820251465,0,0.005126953125,524.730065089,0.416663765907
PURE_CHECKPOINT/Eval_On_TOKYOTECH,TOKYOTECH,old,TOKYOTECH_s07,31,window,930,1170,31.0,39.0,180,65.0,63.0,2.0,2.0,3.1746031746031744,-0.6794172107348644,nan,240,0.014113352758189042,0.9835475299951459,0.007133605783356326,0.954183888401798,1.0,correct,07,7,9,first_180_seconds,92.979133606,66.4820251465,0,0.005126953125,524.730065089,0.416663765907
PURE_CHECKPOINT/Eval_On_TOKYOTECH,TOKYOTECH,old,TOKYOTECH_s07,32,window,960,1200,32.0,40.0,180,66.0,63.0,3.0,3.0,4.761904761904762,-0.5090085231171019,nan,240,0.030546760186553,0.9771896678370143,0.007317993837550674,0.9727942142632073,1.0,correct,07,7,9,first_180_seconds,92.979133606,66.4820251465,0,0.005126953125,524.730065089,0.416663765907
PURE_CHECKPOINT/Eval_On_TOKYOTECH,TOKYOTECH,old,TOKYOTECH_s07,33,window,990,1230,33.0,41.0,180,67.0,64.0,3.0,3.0,4.6875,-0.4140147412261056,nan,240,0.039198324309351544,0.9659723052885859,0.007998996243815105,0.9552275861055803,1.0,correct,07,7,9,first_180_seconds,92.979133606,66.4820251465,0,0.005126953125,524.730065089,0.416663765907
PURE_CHECKPOINT/Eval_On_TOKYOTECH,TOKYOTECH,old,TOKYOTECH_s07,34,window,1020,1260,34.0,42.0,180,67.0,65.0,2.0,2.0,3.076923076923077,-0.5205919091138579,nan,240,0.032508174135970576,0.9610332929192845,-0.009510323449266157,0.9654440548289338,1.0,correct,07,7,9,first_180_seconds,92.979133606,66.4820251465,0,0.005126953125,524.730065089,0.416663765907
PURE_CHECKPOINT/Eval_On_TOKYOTECH,TOKYOTECH,old,TOKYOTECH_s07,35,window,1050,1290,35.0,43.0,180,67.0,66.0,1.0,1.0,1.5151515151515151,-0.7322550784941421,nan,240,0.014704504857460658,0.9520885726698017,-0.015360134412929416,0.9647313114542658,1.0,correct,07,7,9,first_180_seconds,92.979133606,66.4820251465,0,0.005126953125,524.730065089,0.416663765907
PURE_CHECKPOINT/Eval_On_TOKYOTECH,TOKYOTECH,old,TOKYOTECH_s07,36,window,1080,1320,36.0,44.0,180,67.0,67.0,0.0,0.0,0.0,-0.8298092997955765,nan,240,0.010576709091643958,0.9421922879054385,-0.01738045241108237,0.9527485506299149,1.0,correct,07,7,9,first_180_seconds,92.979133606,66.4820251465,0,0.005126953125,524.730065089,0.416663765907
PURE_CHECKPOINT/Eval_On_TOKYOTECH,TOKYOTECH,old,TOKYOTECH_s07,37,window,1110,1350,37.0,45.0,180,67.0,67.0,0.0,0.0,0.0,-0.86988850369572,nan,240,0.006473819573390453,0.9390042001377871,-0.0074364964205168105,0.9844054963020379,1.0,correct,07,7,9,first_180_seconds,92.979133606,66.4820251465,0,0.005126953125,524.730065089,0.416663765907
PURE_CHECKPOINT/Eval_On_TOKYOTECH,TOKYOTECH,old,TOKYOTECH_s07,38,window,1140,1380,38.0,46.0,180,67.0,67.0,0.0,0.0,0.0,-0.6745557604652849,nan,240,0.009460997383090823,0.9425679562601189,0.0012297211911405982,0.9649197264244558,1.0,correct,07,7,9,first_180_seconds,92.979133606,66.4820251465,0,0.005126953125,524.730065089,0.416663765907
PURE_CHECKPOINT/Eval_On_TOKYOTECH,TOKYOTECH,old,TOKYOTECH_s07,39,window,1170,1410,39.0,47.0,180,67.0,67.0,0.0,0.0,0.0,-0.6415929715478346,nan,240,-0.01829150804599825,0.9470810203796791,-0.0015075376306150487,0.9606301657611855,1.0,correct,07,7,9,first_180_seconds,92.979133606,66.4820251465,0,0.005126953125,524.730065089,0.416663765907
PURE_CHECKPOINT/Eval_On_TOKYOTECH,TOKYOTECH,old,TOKYOTECH_s07,40,window,1200,1440,40.0,48.0,180,67.0,67.0,0.0,0.0,0.0,-0.3901462400504436,nan,240,-0.03749985021665149,0.960886628727192,0.006820746549133156,0.9644214236969078,1.0,correct,07,7,9,first_180_seconds,92.979133606,66.4820251465,0,0.005126953125,524.730065089,0.416663765907
PURE_CHECKPOINT/Eval_On_TOKYOTECH,TOKYOTECH,old,TOKYOTECH_s07,41,window,1230,1470,41.0,49.0,180,67.0,66.0,1.0,1.0,1.5151515151515151,-0.57711102687999,nan,240,-0.053407757989771196,0.9657605352493226,0.023822437670496913,0.9582062235156137,1.0,correct,07,7,9,first_180_seconds,92.979133606,66.4820251465,0,0.005126953125,524.730065089,0.416663765907
PURE_CHECKPOINT/Eval_On_TOKYOTECH,TOKYOTECH,old,TOKYOTECH_s07,42,window,1260,1500,42.0,50.0,180,67.0,66.0,1.0,1.0,1.5151515151515151,-0.5745236896353796,nan,240,-0.057782265649196536,0.9670316960246205,0.01685594443391742,0.9604220105557996,1.0,correct,07,7,9,first_180_seconds,92.979133606,66.4820251465,0,0.005126953125,524.730065089,0.416663765907
PURE_CHECKPOINT/Eval_On_TOKYOTECH,TOKYOTECH,old,TOKYOTECH_s07,43,window,1290,1530,43.0,51.0,180,67.0,66.0,1.0,1.0,1.5151515151515151,-0.524182196836574,nan,240,-0.04404918852233095,0.9614649151697011,0.0013650561613394395,0.9523040491629834,1.0,correct,07,7,9,first_180_seconds,92.979133606,66.4820251465,0,0.005126953125,524.730065089,0.416663765907
PURE_CHECKPOINT/Eval_On_TOKYOTECH,TOKYOTECH,old,TOKYOTECH_s07,44,window,1320,1560,44.0,52.0,180,67.0,66.0,1.0,1.0,1.5151515151515151,-0.7666052578906976,nan,240,-0.03127010493190028,0.9474778619838194,-0.017442549415413636,0.9505901103008605,1.0,correct,07,7,9,first_180_seconds,92.979133606,66.4820251465,0,0.005126953125,524.730065089,0.416663765907
PURE_CHECKPOINT/Eval_On_TOKYOTECH,TOKYOTECH,old,TOKYOTECH_s07,45,window,1350,1590,45.0,53.0,180,67.0,66.0,1.0,1.0,1.5151515151515151,-0.7427321181183919,nan,240,-0.027954605041304603,0.9373024137015403,-0.013410773382988732,0.9728605163852786,1.0,correct,07,7,9,first_180_seconds,92.979133606,66.4820251465,0,0.005126953125,524.730065089,0.416663765907
PURE_CHECKPOINT/Eval_On_TOKYOTECH,TOKYOTECH,old,TOKYOTECH_s07,46,window,1380,1620,46.0,54.0,180,67.0,67.0,0.0,0.0,0.0,-0.7449528043936887,nan,240,-0.018919461412588136,0.9213496741712264,-0.011053269040564332,0.9938266312645706,1.0,correct,07,7,9,first_180_seconds,92.979133606,66.4820251465,0,0.005126953125,524.730065089,0.416663765907
PURE_CHECKPOINT/Eval_On_TOKYOTECH,TOKYOTECH,old,TOKYOTECH_s07,47,window,1410,1650,47.0,55.0,180,69.0,69.0,0.0,0.0,0.0,-0.691859354075833,nan,240,0.00445798120344989,0.8990130016817234,-0.011793718606580546,0.9709903563798429,1.0,correct,07,7,9,first_180_seconds,92.979133606,66.4820251465,0,0.005126953125,524.730065089,0.416663765907
PURE_CHECKPOINT/Eval_On_TOKYOTECH,TOKYOTECH,old,TOKYOTECH_s07,48,window,1440,1680,48.0,56.0,180,69.0,70.0,-1.0,1.0,1.4285714285714286,-0.5437146231100317,nan,240,0.002876141626620665,0.8773264135282683,-0.0018250911006994941,0.9697640798642524,1.0,correct,07,7,9,first_180_seconds,92.979133606,66.4820251465,0,0.005126953125,524.730065089,0.416663765907
PURE_CHECKPOINT/Eval_On_TOKYOTECH,TOKYOTECH,old,TOKYOTECH_s07,49,window,1470,1710,49.0,57.0,180,68.0,70.0,-2.0,2.0,2.857142857142857,-0.6165098694568844,nan,240,-0.008512332175935928,0.867051620282005,0.012009747836402037,0.9604004448959843,1.0,correct,07,7,9,first_180_seconds,92.979133606,66.4820251465,0,0.005126953125,524.730065089,0.416663765907
PURE_CHECKPOINT/Eval_On_TOKYOTECH,TOKYOTECH,old,TOKYOTECH_s07,50,window,1500,1740,50.0,58.0,180,68.0,69.0,-1.0,1.0,1.4492753623188406,-0.6123713698652447,nan,240,-0.010260556399589404,0.8534558606893519,0.0073240945979017235,0.9613252331914343,1.0,correct,07,7,9,first_180_seconds,92.979133606,66.4820251465,0,0.005126953125,524.730065089,0.416663765907
PURE_CHECKPOINT/Eval_On_TOKYOTECH,TOKYOTECH,old,TOKYOTECH_s07,51,window,1530,1770,51.0,59.0,180,68.0,67.0,1.0,1.0,1.4925373134328357,-0.6566227760069806,nan,240,-0.019007403157108152,0.8467260000132547,0.01515185606350297,0.9500830250801772,1.0,correct,07,7,9,first_180_seconds,92.979133606,66.4820251465,0,0.005126953125,524.730065089,0.416663765907
PURE_CHECKPOINT/Eval_On_TOKYOTECH,TOKYOTECH,old,TOKYOTECH_s07,52,window,1560,1800,52.0,60.0,180,66.0,66.0,0.0,0.0,0.0,-0.6991948961499589,nan,240,-0.015664886322338135,0.8391543794592499,-0.009974451025620843,0.9599473576234588,1.0,correct,07,7,9,first_180_seconds,92.979133606,66.4820251465,0,0.005126953125,524.730065089,0.416663765907
PURE_CHECKPOINT/Eval_On_TOKYOTECH,TOKYOTECH,old,TOKYOTECH_s07,53,window,1590,1830,53.0,61.0,180,65.0,65.0,0.0,0.0,0.0,-0.7367896530173796,nan,240,-0.002368697225271414,0.8223046386653129,-0.009448515982814869,0.9668452405341029,1.0,correct,07,7,9,first_180_seconds,92.979133606,66.4820251465,0,0.005126953125,524.730065089,0.416663765907
PURE_CHECKPOINT/Eval_On_TOKYOTECH,TOKYOTECH,old,TOKYOTECH_s07,54,window,1620,1860,54.0,62.0,180,66.0,65.0,1.0,1.0,1.5384615384615385,-0.6838515565911484,nan,240,0.01113184349378571,0.8167439268410609,-0.009060729136970732,0.9636307657905568,1.0,correct,07,7,9,first_180_seconds,92.979133606,66.4820251465,0,0.005126953125,524.730065089,0.416663765907
PURE_CHECKPOINT/Eval_On_TOKYOTECH,TOKYOTECH,old,TOKYOTECH_s07,55,window,1650,1890,55.0,63.0,180,67.0,67.0,0.0,0.0,0.0,-0.553612547148153,nan,240,0.045408724461837364,0.820730571333682,0.006089993137596398,0.9446824196483724,1.0,correct,07,7,9,first_180_seconds,92.979133606,66.4820251465,0,0.005126953125,524.730065089,0.416663765907
PURE_CHECKPOINT/Eval_On_TOKYOTECH,TOKYOTECH,old,TOKYOTECH_s07,56,window,1680,1920,56.0,64.0,180,74.0,70.0,4.0,4.0,5.714285714285714,-0.4130435509489578,nan,240,0.05429944038235893,0.8014132242226393,-0.028529539538603037,0.9460270772003836,1.0,large_error,07,7,9,first_180_seconds,92.979133606,66.4820251465,0,0.005126953125,524.730065089,0.416663765907
PURE_CHECKPOINT/Eval_On_TOKYOTECH,TOKYOTECH,old,TOKYOTECH_s07,57,window,1710,1950,57.0,65.0,180,74.0,73.0,1.0,1.0,1.36986301369863,-0.6013434612574892,nan,240,0.06459521905053407,0.7860209311678352,-0.0012604675855658201,0.9515509410454067,1.0,correct,07,7,9,first_180_seconds,92.979133606,66.4820251465,0,0.005126953125,524.730065089,0.416663765907
PURE_CHECKPOINT/Eval_On_TOKYOTECH,TOKYOTECH,old,TOKYOTECH_s07,58,window,1740,1980,58.0,66.0,180,75.0,75.0,0.0,0.0,0.0,-0.5775577433491277,nan,240,0.08284928717184811,0.7744340051506672,0.008309047843934362,0.9566326012903381,1.0,correct,07,7,9,first_180_seconds,92.979133606,66.4820251465,0,0.005126953125,524.730065089,0.416663765907
PURE_CHECKPOINT/Eval_On_TOKYOTECH,TOKYOTECH,old,TOKYOTECH_s07,59,window,1770,2010,59.0,67.0,180,75.0,76.0,-1.0,1.0,1.3157894736842104,-0.595132690281113,nan,240,0.09852949419534222,0.7628095412768805,0.02871858285338177,0.9555832295056782,1.0,correct,07,7,9,first_180_seconds,92.979133606,66.4820251465,0,0.005126953125,524.730065089,0.416663765907
PURE_CHECKPOINT/Eval_On_TOKYOTECH,TOKYOTECH,old,TOKYOTECH_s07,60,window,1800,2040,60.0,68.0,180,75.0,76.0,-1.0,1.0,1.3157894736842104,-0.6074254100336521,nan,240,0.09308013426925754,0.7495135807401058,-0.017123697237558876,0.9428422972160804,1.0,correct,07,7,9,first_180_seconds,92.979133606,66.4820251465,0,0.005126953125,524.730065089,0.416663765907
PURE_CHECKPOINT/Eval_On_TOKYOTECH,TOKYOTECH,old,TOKYOTECH_s07,61,window,1830,2070,61.0,69.0,180,75.0,75.0,0.0,0.0,0.0,-0.7559754380189098,nan,240,0.057667807472656325,0.7527217734172774,-0.0035169251779345084,0.966005790804671,1.0,correct,07,7,9,first_180_seconds,92.979133606,66.4820251465,0,0.005126953125,524.730065089,0.416663765907
PURE_CHECKPOINT/Eval_On_TOKYOTECH,TOKYOTECH,old,TOKYOTECH_s07,62,window,1860,2100,62.0,70.0,180,75.0,75.0,0.0,0.0,0.0,-0.5648756494239583,nan,240,0.03164401352260029,0.7336635882135053,0.0033197301788951434,0.9572163047766509,1.0,correct,07,7,9,first_180_seconds,92.979133606,66.4820251465,0,0.005126953125,524.730065089,0.416663765907
PURE_CHECKPOINT/Eval_On_TOKYOTECH,TOKYOTECH,old,TOKYOTECH_s07,63,window,1890,2130,63.0,71.0,180,75.0,76.0,-1.0,1.0,1.3157894736842104,-0.5957540040764395,nan,240,-0.05191419253193696,0.6942013927536619,0.017526492207060755,0.9719728295026248,1.0,correct,07,7,9,first_180_seconds,92.979133606,66.4820251465,0,0.005126953125,524.730065089,0.416663765907
PURE_CHECKPOINT/Eval_On_TOKYOTECH,TOKYOTECH,old,TOKYOTECH_s07,64,window,1920,2160,64.0,72.0,180,78.0,77.0,1.0,1.0,1.2987012987012987,-0.7504733549260919,nan,240,-0.07212050341913709,0.6909931833108242,-0.00250480958309162,0.9566060849389878,1.0,correct,07,7,9,first_180_seconds,92.979133606,66.4820251465,0,0.005126953125,524.730065089,0.416663765907
PURE_CHECKPOINT/Eval_On_TOKYOTECH,TOKYOTECH,old,TOKYOTECH_s07,65,window,1950,2190,65.0,73.0,180,81.0,79.0,2.0,2.0,2.5316455696202533,-0.6113125620228912,nan,240,-0.050198376834062704,0.6731520513124,-0.013228265874731157,0.9418989424781187,1.0,correct,07,7,9,first_180_seconds,92.979133606,66.4820251465,0,0.005126953125,524.730065089,0.416663765907
PURE_CHECKPOINT/Eval_On_TOKYOTECH,TOKYOTECH,old,TOKYOTECH_s07,66,window,1980,2220,66.0,74.0,180,82.0,81.0,1.0,1.0,1.2345679012345678,-0.7667030895399167,nan,240,-0.06617694053517577,0.6414919398195076,-0.013014971196703829,0.9618164568775854,1.0,correct,07,7,9,first_180_seconds,92.979133606,66.4820251465,0,0.005126953125,524.730065089,0.416663765907
PURE_CHECKPOINT/Eval_On_TOKYOTECH,TOKYOTECH,old,TOKYOTECH_s07,67,window,2010,2250,67.0,75.0,180,82.0,82.0,0.0,0.0,0.0,-0.5905574680459323,nan,240,-0.05827224051463418,0.6241006379462454,0.01727008473009451,0.9457061350251083,1.0,correct,07,7,9,first_180_seconds,92.979133606,66.4820251465,0,0.005126953125,524.730065089,0.416663765907
PURE_CHECKPOINT/Eval_On_TOKYOTECH,TOKYOTECH,old,TOKYOTECH_s07,68,window,2040,2280,68.0,76.0,180,82.0,82.0,0.0,0.0,0.0,-0.7083551037485507,nan,240,-0.028796192144121355,0.6273832361076662,-0.00423179060109885,0.9123331216315612,1.0,correct,07,7,9,first_180_seconds,92.979133606,66.4820251465,0,0.005126953125,524.730065089,0.416663765907
PURE_CHECKPOINT/Eval_On_TOKYOTECH,TOKYOTECH,old,TOKYOTECH_s07,69,window,2070,2310,69.0,77.0,180,82.0,82.0,0.0,0.0,0.0,-0.798585901800152,nan,240,0.0009836591916003576,0.6197095113759058,-0.0014369435202348532,0.9480375991997411,1.0,correct,07,7,9,first_180_seconds,92.979133606,66.4820251465,0,0.005126953125,524.730065089,0.416663765907
PURE_CHECKPOINT/Eval_On_TOKYOTECH,TOKYOTECH,old,TOKYOTECH_s07,70,window,2100,2340,70.0,78.0,180,82.0,82.0,0.0,0.0,0.0,-0.721331940124164,nan,240,0.03252880205206263,0.6677481697569875,0.028410779960288624,0.9567169644414925,1.0,correct,07,7,9,first_180_seconds,92.979133606,66.4820251465,0,0.005126953125,524.730065089,0.416663765907
PURE_CHECKPOINT/Eval_On_TOKYOTECH,TOKYOTECH,old,TOKYOTECH_s07,71,window,2130,2370,71.0,79.0,180,81.0,81.0,0.0,0.0,0.0,-0.7364058802378859,nan,240,0.06991699834082586,0.7002785422512975,-0.02687495211509027,0.9545166777958921,1.0,correct,07,7,9,first_180_seconds,92.979133606,66.4820251465,0,0.005126953125,524.730065089,0.416663765907
PURE_CHECKPOINT/Eval_On_TOKYOTECH,TOKYOTECH,old,TOKYOTECH_s07,72,window,2160,2400,72.0,80.0,180,78.0,79.0,-1.0,1.0,1.2658227848101267,-0.5687706836192106,nan,240,0.0617815401191668,0.7348548132023225,0.011557688265270639,0.9472351489457758,1.0,correct,07,7,9,first_180_seconds,92.979133606,66.4820251465,0,0.005126953125,524.730065089,0.416663765907
PURE_CHECKPOINT/Eval_On_TOKYOTECH,TOKYOTECH,old,TOKYOTECH_s07,73,window,2190,2430,73.0,81.0,180,76.0,77.0,-1.0,1.0,1.2987012987012987,-0.6686885628719678,nan,240,0.013438533673373361,0.7721985291951442,-0.00014654816293073746,0.9465438281552788,1.0,correct,07,7,9,first_180_seconds,92.979133606,66.4820251465,0,0.005126953125,524.730065089,0.416663765907
PURE_CHECKPOINT/Eval_On_TOKYOTECH,TOKYOTECH,old,TOKYOTECH_s07,74,window,2220,2460,74.0,82.0,180,75.0,77.0,-2.0,2.0,2.5974025974025974,-0.5988996520612683,nan,240,0.04376406544664254,0.8198329642990989,0.007326186347444628,0.9643156223211155,1.0,correct,07,7,9,first_180_seconds,92.979133606,66.4820251465,0,0.005126953125,524.730065089,0.416663765907
PURE_CHECKPOINT/Eval_On_TOKYOTECH,TOKYOTECH,old,TOKYOTECH_s07,75,window,2250,2490,75.0,83.0,180,75.0,76.0,-1.0,1.0,1.3157894736842104,-0.6346548783178123,nan,240,0.06831497575622052,0.8470896836433381,0.02759316336479023,0.961620806446513,1.0,correct,07,7,9,first_180_seconds,92.979133606,66.4820251465,0,0.005126953125,524.730065089,0.416663765907
PURE_CHECKPOINT/Eval_On_TOKYOTECH,TOKYOTECH,old,TOKYOTECH_s07,76,window,2280,2520,76.0,84.0,180,75.0,77.0,-2.0,2.0,2.5974025974025974,-0.6860225559543573,nan,240,0.033000375928046805,0.8804346713016278,-0.0028371962903316413,0.9401404635190622,1.0,correct,07,7,9,first_180_seconds,92.979133606,66.4820251465,0,0.005126953125,524.730065089,0.416663765907
PURE_CHECKPOINT/Eval_On_TOKYOTECH,TOKYOTECH,old,TOKYOTECH_s07,77,window,2310,2550,77.0,85.0,180,78.0,77.0,1.0,1.0,1.2987012987012987,-0.6707239977746842,nan,240,0.05746222980863725,0.913258961733249,-0.004929026742862039,0.9477084550025721,1.0,correct,07,7,9,first_180_seconds,92.979133606,66.4820251465,0,0.005126953125,524.730065089,0.416663765907
PURE_CHECKPOINT/Eval_On_TOKYOTECH,TOKYOTECH,old,TOKYOTECH_s07,78,window,2340,2580,78.0,86.0,180,77.0,78.0,-1.0,1.0,1.282051282051282,-0.4655684165605945,nan,240,0.04870671059858675,0.9102676491085756,0.007610762464030654,0.9290873013034516,1.0,correct,07,7,9,first_180_seconds,92.979133606,66.4820251465,0,0.005126953125,524.730065089,0.416663765907
PURE_CHECKPOINT/Eval_On_TOKYOTECH,TOKYOTECH,old,TOKYOTECH_s07,79,window,2370,2610,79.0,87.0,180,79.0,79.0,0.0,0.0,0.0,-0.576823142403077,nan,240,0.028411731663315246,0.9209940154976822,-0.004125750459622265,0.9009103734387395,1.0,correct,07,7,9,first_180_seconds,92.979133606,66.4820251465,0,0.005126953125,524.730065089,0.416663765907
PURE_CHECKPOINT/Eval_On_TOKYOTECH,TOKYOTECH,old,TOKYOTECH_s07,80,window,2400,2640,80.0,88.0,180,80.0,79.0,1.0,1.0,1.2658227848101267,-0.6487859624061019,nan,240,0.027985849181034913,0.9340229113985772,0.03614207894340763,0.9588062856519627,1.0,correct,07,7,9,first_180_seconds,92.979133606,66.4820251465,0,0.005126953125,524.730065089,0.416663765907
PURE_CHECKPOINT/Eval_On_TOKYOTECH,TOKYOTECH,old,TOKYOTECH_s07,81,window,2430,2670,81.0,89.0,180,76.0,78.0,-2.0,2.0,2.564102564102564,-0.45791774410948705,nan,240,0.10639233183658993,0.9636474097825543,0.009638026493211473,0.9103549403313281,1.0,correct,07,7,9,first_180_seconds,92.979133606,66.4820251465,0,0.005126953125,524.730065089,0.416663765907
PURE_CHECKPOINT/Eval_On_TOKYOTECH,TOKYOTECH,old,TOKYOTECH_s07,82,window,2460,2700,82.0,90.0,180,75.0,78.0,-3.0,3.0,3.8461538461538463,-0.3818408301694089,nan,240,0.0776615367232201,0.9517852926342136,0.007173584190142576,0.9127693188275645,1.0,correct,07,7,9,first_180_seconds,92.979133606,66.4820251465,0,0.005126953125,524.730065089,0.416663765907
PURE_CHECKPOINT/Eval_On_TOKYOTECH,TOKYOTECH,old,TOKYOTECH_s07,83,window,2490,2730,83.0,91.0,180,76.0,77.0,-1.0,1.0,1.2987012987012987,-0.521817389068734,nan,240,-0.0016086055780760943,0.9715779011656825,0.021438163993219052,0.8747583865925439,1.0,correct,07,7,9,first_180_seconds,92.979133606,66.4820251465,0,0.005126953125,524.730065089,0.416663765907
PURE_CHECKPOINT/Eval_On_TOKYOTECH,TOKYOTECH,old,TOKYOTECH_s07,84,window,2520,2760,84.0,92.0,180,78.0,78.0,0.0,0.0,0.0,-0.4141663959927546,nan,240,0.03105241440158958,0.9784568959722139,0.010543937555153505,0.8608582540136909,1.0,correct,07,7,9,first_180_seconds,92.979133606,66.4820251465,0,0.005126953125,524.730065089,0.416663765907
PURE_CHECKPOINT/Eval_On_TOKYOTECH,TOKYOTECH,old,TOKYOTECH_s07,85,window,2550,2790,85.0,93.0,180,76.0,78.0,-2.0,2.0,2.564102564102564,-0.46471385766842416,nan,240,0.009215954520429174,0.9673206678860344,0.0003870083814191442,0.8962927872496887,1.0,correct,07,7,9,first_180_seconds,92.979133606,66.4820251465,0,0.005126953125,524.730065089,0.416663765907
PURE_CHECKPOINT/Eval_On_TOKYOTECH,TOKYOTECH,old,TOKYOTECH_s07,86,window,2580,2820,86.0,94.0,180,80.0,78.0,2.0,2.0,2.564102564102564,-0.6055703016235652,nan,240,-0.04571558154808978,0.9735040470344926,0.03640456768063834,0.9250954966221396,1.0,correct,07,7,9,first_180_seconds,92.979133606,66.4820251465,0,0.005126953125,524.730065089,0.416663765907
PURE_CHECKPOINT/Eval_On_TOKYOTECH,TOKYOTECH,old,TOKYOTECH_s07,87,window,2610,2850,87.0,95.0,180,82.0,79.0,3.0,3.0,3.79746835443038,-0.6050490688408537,nan,240,-0.002981091740851601,0.9908610073803239,0.010298417963577127,0.9217872834024367,1.0,correct,07,7,9,first_180_seconds,92.979133606,66.4820251465,0,0.005126953125,524.730065089,0.416663765907
PURE_CHECKPOINT/Eval_On_TOKYOTECH,TOKYOTECH,old,TOKYOTECH_s07,88,window,2640,2880,88.0,96.0,180,76.0,79.0,-3.0,3.0,3.79746835443038,-0.4365593440139064,nan,240,0.019049492912987867,0.9884033841026374,0.00542892663112226,0.9007934620657263,1.0,correct,07,7,9,first_180_seconds,92.979133606,66.4820251465,0,0.005126953125,524.730065089,0.416663765907
PURE_CHECKPOINT/Eval_On_TOKYOTECH,TOKYOTECH,old,TOKYOTECH_s07,89,window,2670,2910,89.0,97.0,180,81.0,79.0,2.0,2.0,2.5316455696202533,-0.6823348554276101,nan,240,-0.052930007502436635,0.9700958197828419,0.02293688840530824,0.9306773792519509,1.0,correct,07,7,9,first_180_seconds,92.979133606,66.4820251465,0,0.005126953125,524.730065089,0.416663765907
PURE_CHECKPOINT/Eval_On_TOKYOTECH,TOKYOTECH,old,TOKYOTECH_s07,90,window,2700,2940,90.0,98.0,180,82.0,79.0,3.0,3.0,3.79746835443038,-0.6914474518992504,nan,240,-0.04024926562172671,1.0077782144479477,0.013745901797791293,0.9547306403746564,1.0,correct,07,7,9,first_180_seconds,92.979133606,66.4820251465,0,0.005126953125,524.730065089,0.416663765907
PURE_CHECKPOINT/Eval_On_TOKYOTECH,TOKYOTECH,old,TOKYOTECH_s07,91,window,2730,2970,91.0,99.0,180,76.0,79.0,-3.0,3.0,3.79746835443038,-0.5609410031996545,nan,240,0.014552073754991094,1.0108746072878314,-0.0024361893796089793,0.898161944549445,1.0,correct,07,7,9,first_180_seconds,92.979133606,66.4820251465,0,0.005126953125,524.730065089,0.416663765907
PURE_CHECKPOINT/Eval_On_TOKYOTECH,TOKYOTECH,old,TOKYOTECH_s07,92,window,2760,3000,92.0,100.0,180,81.0,79.0,2.0,2.0,2.5316455696202533,-0.6692263703841397,nan,240,-0.032090903958305717,1.0050851686481612,-0.003834478168000436,0.9229868251469683,1.0,correct,07,7,9,first_180_seconds,92.979133606,66.4820251465,0,0.005126953125,524.730065089,0.416663765907
PURE_CHECKPOINT/Eval_On_TOKYOTECH,TOKYOTECH,old,TOKYOTECH_s07,93,window,2790,3030,93.0,101.0,180,80.0,79.0,1.0,1.0,1.2658227848101267,-0.7838920218234581,nan,240,-0.034207974731301265,1.0304868957397622,0.011109582314631642,0.9074350104995013,1.0,correct,07,7,9,first_180_seconds,92.979133606,66.4820251465,0,0.005126953125,524.730065089,0.416663765907
PURE_CHECKPOINT/Eval_On_TOKYOTECH,TOKYOTECH,old,TOKYOTECH_s07,94,window,2820,3060,94.0,102.0,180,77.0,79.0,-2.0,2.0,2.5316455696202533,-0.610216658753059,nan,240,0.02099089849119385,1.031063786737117,-0.020093111064043056,0.9483090834303967,1.0,correct,07,7,9,first_180_seconds,92.979133606,66.4820251465,0,0.005126953125,524.730065089,0.416663765907
PURE_CHECKPOINT/Eval_On_TOKYOTECH,TOKYOTECH,old,TOKYOTECH_s07,95,window,2850,3090,95.0,103.0,180,81.0,79.0,2.0,2.0,2.5316455696202533,-0.7369297544718051,nan,240,-0.031722278349722424,1.0218168691072822,-0.003466122440129567,0.9521927286361135,1.0,correct,07,7,9,first_180_seconds,92.979133606,66.4820251465,0,0.005126953125,524.730065089,0.416663765907
PURE_CHECKPOINT/Eval_On_TOKYOTECH,TOKYOTECH,old,TOKYOTECH_s07,96,window,2880,3120,96.0,104.0,180,82.0,79.0,3.0,3.0,3.79746835443038,-0.5293546817657596,nan,240,-0.03874475148040801,1.0267623338061855,0.010175975384576664,0.8460063307658648,1.0,correct,07,7,9,first_180_seconds,92.979133606,66.4820251465,0,0.005126953125,524.730065089,0.416663765907
PURE_CHECKPOINT/Eval_On_TOKYOTECH,TOKYOTECH,old,TOKYOTECH_s07,97,window,2910,3150,97.0,105.0,180,81.0,80.0,1.0,1.0,1.25,-0.765143971676538,nan,240,0.01503182464124014,1.0293744898276749,-0.050827519256000805,0.9245095446378713,1.0,correct,07,7,9,first_180_seconds,92.979133606,66.4820251465,0,0.005126953125,524.730065089,0.416663765907
PURE_CHECKPOINT/Eval_On_TOKYOTECH,TOKYOTECH,old,TOKYOTECH_s07,98,window,2940,3180,98.0,106.0,180,81.0,80.0,1.0,1.0,1.25,-0.7980886225680858,nan,240,-0.011152293245928983,1.0020824853995758,-0.006920884778866665,0.7062177653809365,1.0,correct,07,7,9,first_180_seconds,92.979133606,66.4820251465,0,0.005126953125,524.730065089,0.416663765907
PURE_CHECKPOINT/Eval_On_TOKYOTECH,TOKYOTECH,old,TOKYOTECH_s07,99,window,2970,3210,99.0,107.0,180,128.0,79.0,49.0,49.0,62.0253164556962,-0.4576155964549128,nan,240,-0.04329726235785832,0.9897248073105913,0.02696680466144482,0.8235772835615348,1.0,super_harmonic_1p5x,07,7,9,first_180_seconds,92.979133606,66.4820251465,0,0.005126953125,524.730065089,0.416663765907
PURE_CHECKPOINT/Eval_On_TOKYOTECH,TOKYOTECH,old,TOKYOTECH_s07,100,window,3000,3240,100.0,108.0,180,165.0,79.0,86.0,86.0,108.86075949367088,-0.2749949837911038,nan,240,0.014827638441541542,0.9955161640528909,0.02393150132768159,0.6689212932428311,1.0,super_harmonic_2x,07,7,9,first_180_seconds,92.979133606,66.4820251465,0,0.005126953125,524.730065089,0.416663765907
PURE_CHECKPOINT/Eval_On_TOKYOTECH,TOKYOTECH,old,TOKYOTECH_s07,101,window,3030,3270,101.0,109.0,180,164.0,79.0,85.0,85.0,107.59493670886076,-0.37285887602541484,nan,240,-0.001371343299979344,0.9639111976489327,-0.029247394812046374,0.7606763620484809,1.0,super_harmonic_2x,07,7,9,first_180_seconds,92.979133606,66.4820251465,0,0.005126953125,524.730065089,0.416663765907
PURE_CHECKPOINT/Eval_On_TOKYOTECH,TOKYOTECH,old,TOKYOTECH_s07,102,window,3060,3300,102.0,110.0,180,80.0,79.0,1.0,1.0,1.2658227848101267,-0.4292152539722205,nan,240,-0.044744184686957546,0.9546957935157041,0.018740968228827832,0.8173913925001987,1.0,correct,07,7,9,first_180_seconds,92.979133606,66.4820251465,0,0.005126953125,524.730065089,0.416663765907
PURE_CHECKPOINT/Eval_On_TOKYOTECH,TOKYOTECH,old,TOKYOTECH_s07,103,window,3090,3330,103.0,111.0,180,79.0,79.0,0.0,0.0,0.0,-0.5118301828665508,nan,240,0.02527056591352448,0.9617377295479098,0.006852422254664362,0.7862424317558157,1.0,correct,07,7,9,first_180_seconds,92.979133606,66.4820251465,0,0.005126953125,524.730065089,0.416663765907
PURE_CHECKPOINT/Eval_On_TOKYOTECH,TOKYOTECH,old,TOKYOTECH_s07,104,window,3120,3360,104.0,112.0,180,158.0,79.0,79.0,79.0,100.0,-0.3778820615570015,nan,240,0.028214552125427873,0.9497346502057952,-0.002795942487824719,0.7713759948352181,1.0,super_harmonic_2x,07,7,9,first_180_seconds,92.979133606,66.4820251465,0,0.005126953125,524.730065089,0.416663765907
PURE_CHECKPOINT/Eval_On_TOKYOTECH,TOKYOTECH,old,TOKYOTECH_s07,105,window,3150,3390,105.0,113.0,180,158.0,79.0,79.0,79.0,100.0,-0.3997633061397228,nan,240,-0.01794778600257511,0.9568775842431113,0.03416905210271079,0.7841052267291464,1.0,super_harmonic_2x,07,7,9,first_180_seconds,92.979133606,66.4820251465,0,0.005126953125,524.730065089,0.416663765907
PURE_CHECKPOINT/Eval_On_TOKYOTECH,TOKYOTECH,old,TOKYOTECH_s07,106,window,3180,3420,106.0,114.0,180,158.0,78.0,80.0,80.0,102.56410256410255,-0.2344444326439794,nan,240,0.019409169276089717,0.980240972478283,-0.020939069385623368,0.7984370534313856,1.0,super_harmonic_2x,07,7,9,first_180_seconds,92.979133606,66.4820251465,0,0.005126953125,524.730065089,0.416663765907
PURE_CHECKPOINT/Eval_On_TOKYOTECH,TOKYOTECH,old,TOKYOTECH_s07,107,window,3210,3450,107.0,115.0,180,157.0,78.0,79.0,79.0,101.28205128205127,-0.13341222347195822,nan,240,0.059145860509791724,1.0026354377467297,0.014574135133693595,0.8171087888854921,1.0,super_harmonic_2x,07,7,9,first_180_seconds,92.979133606,66.4820251465,0,0.005126953125,524.730065089,0.416663765907
PURE_CHECKPOINT/Eval_On_TOKYOTECH,TOKYOTECH,old,TOKYOTECH_s07,108,window,3240,3480,108.0,116.0,180,76.0,76.0,0.0,0.0,0.0,-0.45266828512830787,nan,240,0.022954592564686512,1.007882925984501,0.02066149946607486,0.8470347257085389,1.0,correct,07,7,9,first_180_seconds,92.979133606,66.4820251465,0,0.005126953125,524.730065089,0.416663765907
PURE_CHECKPOINT/Eval_On_TOKYOTECH,TOKYOTECH,old,TOKYOTECH_s07,109,window,3270,3510,109.0,117.0,180,77.0,76.0,1.0,1.0,1.3157894736842104,-0.5916791965262347,nan,240,0.01940794607313971,1.0343876191984938,-0.02434292239510645,0.8798278976800783,1.0,correct,07,7,9,first_180_seconds,92.979133606,66.4820251465,0,0.005126953125,524.730065089,0.416663765907
PURE_CHECKPOINT/Eval_On_TOKYOTECH,TOKYOTECH,old,TOKYOTECH_s07,110,window,3300,3540,110.0,118.0,180,75.0,74.0,1.0,1.0,1.3513513513513513,-0.5824489559052933,nan,240,0.013056180011092995,1.0616095624989184,0.009937207126720941,0.8604365927754837,1.0,correct,07,7,9,first_180_seconds,92.979133606,66.4820251465,0,0.005126953125,524.730065089,0.416663765907
PURE_CHECKPOINT/Eval_On_TOKYOTECH,TOKYOTECH,old,TOKYOTECH_s07,111,window,3330,3570,111.0,119.0,180,75.0,74.0,1.0,1.0,1.3513513513513513,-0.6417243475522192,nan,240,0.006246620779468988,1.0742761135214662,0.013608147030679989,0.9136457727711119,1.0,correct,07,7,9,first_180_seconds,92.979133606,66.4820251465,0,0.005126953125,524.730065089,0.416663765907
PURE_CHECKPOINT/Eval_On_TOKYOTECH,TOKYOTECH,old,TOKYOTECH_s07,112,window,3360,3600,112.0,120.0,180,74.0,75.0,-1.0,1.0,1.3333333333333335,-0.7584832078174373,nan,240,0.018646517463882142,1.0818575458129023,-0.025762064243377472,0.93813854224607,1.0,correct,07,7,9,first_180_seconds,92.979133606,66.4820251465,0,0.005126953125,524.730065089,0.416663765907
PURE_CHECKPOINT/Eval_On_TOKYOTECH,TOKYOTECH,old,TOKYOTECH_s07,113,window,3390,3630,113.0,121.0,180,75.0,75.0,0.0,0.0,0.0,-0.8505291520965252,nan,240,0.0016609235492069275,1.0855108638810078,0.005798606143394434,0.8703329586441662,1.0,correct,07,7,9,first_180_seconds,92.979133606,66.4820251465,0,0.005126953125,524.730065089,0.416663765907
PURE_CHECKPOINT/Eval_On_TOKYOTECH,TOKYOTECH,old,TOKYOTECH_s07,114,window,3420,3660,114.0,122.0,180,75.0,76.0,-1.0,1.0,1.3157894736842104,-0.6368689570703264,nan,240,0.015158905443968251,1.116038566923483,-0.005022154269978087,0.9328622384442901,1.0,correct,07,7,9,first_180_seconds,92.979133606,66.4820251465,0,0.005126953125,524.730065089,0.416663765907
PURE_CHECKPOINT/Eval_On_TOKYOTECH,TOKYOTECH,old,TOKYOTECH_s07,115,window,3450,3690,115.0,123.0,180,75.0,76.0,-1.0,1.0,1.3157894736842104,-0.7162374084141235,nan,240,-0.00195760420562389,1.1197108526437969,0.028854436190586273,0.9547236998254708,1.0,correct,07,7,9,first_180_seconds,92.979133606,66.4820251465,0,0.005126953125,524.730065089,0.416663765907
PURE_CHECKPOINT/Eval_On_TOKYOTECH,TOKYOTECH,old,TOKYOTECH_s07,116,window,3480,3720,116.0,124.0,180,75.0,76.0,-1.0,1.0,1.3157894736842104,-0.606336699988798,nan,240,-0.044630832496720056,1.158212380943076,-0.0072037711747177284,0.9408790970890933,1.0,correct,07,7,9,first_180_seconds,92.979133606,66.4820251465,0,0.005126953125,524.730065089,0.416663765907
PURE_CHECKPOINT/Eval_On_TOKYOTECH,TOKYOTECH,old,TOKYOTECH_s07,117,window,3510,3750,117.0,125.0,180,65.0,74.0,-9.0,9.0,12.162162162162163,-0.4370400649801785,nan,240,-0.05096481071474652,1.1627125237968172,0.01640488406418818,0.8726122544021314,1.0,large_error,07,7,9,first_180_seconds,92.979133606,66.4820251465,0,0.005126953125,524.730065089,0.416663765907
PURE_CHECKPOINT/Eval_On_TOKYOTECH,TOKYOTECH,old,TOKYOTECH_s07,118,window,3540,3780,118.0,126.0,180,67.0,71.0,-4.0,4.0,5.633802816901409,-0.3199101189744901,nan,240,-0.049814246150587375,1.1523577607688358,0.010435902462474556,0.9405745540292435,1.0,large_error,07,7,9,first_180_seconds,92.979133606,66.4820251465,0,0.005126953125,524.730065089,0.416663765907
PURE_CHECKPOINT/Eval_On_TOKYOTECH,TOKYOTECH,old,TOKYOTECH_s07,119,window,3570,3810,119.0,127.0,180,66.0,68.0,-2.0,2.0,2.941176470588235,-0.40070375650100126,nan,240,-0.1054892544382407,1.1328715708456807,-0.0015821912314548695,0.9451844144904289,1.0,correct,07,7,9,first_180_seconds,92.979133606,66.4820251465,0,0.005126953125,524.730065089,0.416663765907
PURE_CHECKPOINT/Eval_On_TOKYOTECH,TOKYOTECH,old,TOKYOTECH_s07,120,window,3600,3840,120.0,128.0,180,67.0,67.0,0.0,0.0,0.0,-0.585041207373459,nan,240,-0.12062695009129433,1.134709260696951,0.005536466086466272,0.9403079007765107,1.0,correct,07,7,9,first_180_seconds,92.979133606,66.4820251465,0,0.005126953125,524.730065089,0.416663765907
PURE_CHECKPOINT/Eval_On_TOKYOTECH,TOKYOTECH,old,TOKYOTECH_s07,121,window,3630,3870,121.0,129.0,180,68.0,67.0,1.0,1.0,1.4925373134328357,-0.5840497436608032,nan,240,-0.029374010998678084,1.1471381977790518,-0.00996779700180079,0.9512838619306806,1.0,correct,07,7,9,first_180_seconds,92.979133606,66.4820251465,0,0.005126953125,524.730065089,0.416663765907
PURE_CHECKPOINT/Eval_On_TOKYOTECH,TOKYOTECH,old,TOKYOTECH_s07,122,window,3660,3900,122.0,130.0,180,69.0,69.0,0.0,0.0,0.0,-0.39060957497799287,nan,240,-0.030001076045058046,1.125370697245784,-0.006958342273495133,0.950123660378547,1.0,correct,07,7,9,first_180_seconds,92.979133606,66.4820251465,0,0.005126953125,524.730065089,0.416663765907
PURE_CHECKPOINT/Eval_On_TOKYOTECH,TOKYOTECH,old,TOKYOTECH_s07,123,window,3690,3930,123.0,131.0,180,70.0,70.0,0.0,0.0,0.0,-0.20341867975120623,nan,240,-0.03210858423844911,1.124290374397593,-0.010046344326364042,0.9482830581653011,1.0,correct,07,7,9,first_180_seconds,92.979133606,66.4820251465,0,0.005126953125,524.730065089,0.416663765907
PURE_CHECKPOINT/Eval_On_TOKYOTECH,TOKYOTECH,old,TOKYOTECH_s07,124,window,3720,3960,124.0,132.0,180,69.0,71.0,-2.0,2.0,2.8169014084507045,-0.4743123660439998,nan,240,-0.003061532611415411,1.1030458761775976,0.013527999422238776,0.9355733664430685,1.0,correct,07,7,9,first_180_seconds,92.979133606,66.4820251465,0,0.005126953125,524.730065089,0.416663765907
PURE_CHECKPOINT/Eval_On_TOKYOTECH,TOKYOTECH,old,TOKYOTECH_s07,125,window,3750,3990,125.0,133.0,180,69.0,71.0,-2.0,2.0,2.8169014084507045,-0.4157585377475929,nan,240,0.007140964508289471,1.10181306036212,0.005964843810488037,0.9499155460515039,1.0,correct,07,7,9,first_180_seconds,92.979133606,66.4820251465,0,0.005126953125,524.730065089,0.416663765907
PURE_CHECKPOINT/Eval_On_TOKYOTECH,TOKYOTECH,old,TOKYOTECH_s07,126,window,3780,4020,126.0,134.0,180,67.0,70.0,-3.0,3.0,4.285714285714286,-0.6208488965182992,nan,240,0.011405347827045867,1.1081622730180885,-0.010396101340309383,0.948112691593402,1.0,correct,07,7,9,first_180_seconds,92.979133606,66.4820251465,0,0.005126953125,524.730065089,0.416663765907
PURE_CHECKPOINT/Eval_On_TOKYOTECH,TOKYOTECH,old,TOKYOTECH_s07,127,window,3810,4050,127.0,135.0,180,68.0,69.0,-1.0,1.0,1.4492753623188406,-0.6632218231031686,nan,240,0.010412382252980024,1.1223693703513493,0.0008342929264751812,0.9524366000445816,1.0,correct,07,7,9,first_180_seconds,92.979133606,66.4820251465,0,0.005126953125,524.730065089,0.416663765907
PURE_CHECKPOINT/Eval_On_TOKYOTECH,TOKYOTECH,old,TOKYOTECH_s07,128,window,3840,4080,128.0,136.0,180,68.0,68.0,0.0,0.0,0.0,-0.5725753828467388,nan,240,0.02340671269921586,1.140763992248919,0.0013569273048051592,0.9824071817084181,1.0,correct,07,7,9,first_180_seconds,92.979133606,66.4820251465,0,0.005126953125,524.730065089,0.416663765907
PURE_CHECKPOINT/Eval_On_TOKYOTECH,TOKYOTECH,old,TOKYOTECH_s07,129,window,3870,4110,129.0,137.0,180,67.0,68.0,-1.0,1.0,1.4705882352941175,-0.5903787572928167,nan,240,-0.01665101801045239,1.146390717217288,-0.0006283981825594606,0.974262848730272,1.0,correct,07,7,9,first_180_seconds,92.979133606,66.4820251465,0,0.005126953125,524.730065089,0.416663765907
PURE_CHECKPOINT/Eval_On_TOKYOTECH,TOKYOTECH,old,TOKYOTECH_s07,130,window,3900,4140,130.0,138.0,180,67.0,68.0,-1.0,1.0,1.4705882352941175,-0.287916198804914,nan,240,-0.030552034747476378,1.139729308044386,0.002433595905043399,0.9622660335728266,1.0,correct,07,7,9,first_180_seconds,92.979133606,66.4820251465,0,0.005126953125,524.730065089,0.416663765907
PURE_CHECKPOINT/Eval_On_TOKYOTECH,TOKYOTECH,old,TOKYOTECH_s07,131,window,3930,4170,131.0,139.0,180,67.0,68.0,-1.0,1.0,1.4705882352941175,-0.612140400935573,nan,240,-0.026179027704832453,1.1307501619998097,0.01775027538692484,0.9656053301039202,1.0,correct,07,7,9,first_180_seconds,92.979133606,66.4820251465,0,0.005126953125,524.730065089,0.416663765907
PURE_CHECKPOINT/Eval_On_TOKYOTECH,TOKYOTECH,old,TOKYOTECH_s07,132,window,3960,4200,132.0,140.0,180,67.0,68.0,-1.0,1.0,1.4705882352941175,-0.47012732689770875,nan,240,-0.007700594425356636,1.1213937738107065,0.013148984425816452,0.9545266796055133,1.0,correct,07,7,9,first_180_seconds,92.979133606,66.4820251465,0,0.005126953125,524.730065089,0.416663765907
PURE_CHECKPOINT/Eval_On_TOKYOTECH,TOKYOTECH,old,TOKYOTECH_s07,133,window,3990,4230,133.0,141.0,180,67.0,68.0,-1.0,1.0,1.4705882352941175,-0.6691396917764223,nan,240,-0.0016555245073201755,1.1259861640888995,-0.00752543927552106,0.9589017546107317,1.0,correct,07,7,9,first_180_seconds,92.979133606,66.4820251465,0,0.005126953125,524.730065089,0.416663765907
PURE_CHECKPOINT/Eval_On_TOKYOTECH,TOKYOTECH,old,TOKYOTECH_s07,134,window,4020,4260,134.0,142.0,180,67.0,67.0,0.0,0.0,0.0,-0.7257033720767075,nan,240,-0.005532104712134848,1.1283111429612058,-0.016309566284952417,0.954629701796084,1.0,correct,07,7,9,first_180_seconds,92.979133606,66.4820251465,0,0.005126953125,524.730065089,0.416663765907
PURE_CHECKPOINT/Eval_On_TOKYOTECH,TOKYOTECH,old,TOKYOTECH_s07,135,window,4050,4290,135.0,143.0,180,67.0,67.0,0.0,0.0,0.0,-0.848050663817685,nan,240,-0.008238605662093808,1.131091664363127,-0.011974632049088597,0.9841944675458708,1.0,correct,07,7,9,first_180_seconds,92.979133606,66.4820251465,0,0.005126953125,524.730065089,0.416663765907
PURE_CHECKPOINT/Eval_On_TOKYOTECH,TOKYOTECH,old,TOKYOTECH_s07,136,window,4080,4320,136.0,144.0,180,67.0,67.0,0.0,0.0,0.0,-0.5917126558429496,nan,240,-0.0022707495799598595,1.1217885119202409,-0.006378156420881139,0.9655421373651002,1.0,correct,07,7,9,first_180_seconds,92.979133606,66.4820251465,0,0.005126953125,524.730065089,0.416663765907
PURE_CHECKPOINT/Eval_On_TOKYOTECH,TOKYOTECH,old,TOKYOTECH_s07,137,window,4110,4350,137.0,145.0,180,67.0,68.0,-1.0,1.0,1.4705882352941175,-0.5287973713338067,nan,240,0.016570027583899596,1.1178744436918826,-0.008045745830595755,0.9676980165189518,1.0,correct,07,7,9,first_180_seconds,92.979133606,66.4820251465,0,0.005126953125,524.730065089,0.416663765907
PURE_CHECKPOINT/Eval_On_TOKYOTECH,TOKYOTECH,old,TOKYOTECH_s07,138,window,4140,4380,138.0,146.0,180,67.0,68.0,-1.0,1.0,1.4705882352941175,-0.20215580536982675,nan,240,0.010620403988286852,1.1176102644801442,-0.0030289745696625127,0.949483212169468,1.0,correct,07,7,9,first_180_seconds,92.979133606,66.4820251465,0,0.005126953125,524.730065089,0.416663765907
PURE_CHECKPOINT/Eval_On_TOKYOTECH,TOKYOTECH,old,TOKYOTECH_s07,139,window,4170,4410,139.0,147.0,180,67.0,68.0,-1.0,1.0,1.4705882352941175,-0.584660403815162,nan,240,-0.0034130328810230517,1.1212295909415082,0.021176652355539272,0.9628950618998491,1.0,correct,07,7,9,first_180_seconds,92.979133606,66.4820251465,0,0.005126953125,524.730065089,0.416663765907
PURE_CHECKPOINT/Eval_On_TOKYOTECH,TOKYOTECH,old,TOKYOTECH_s07,140,window,4200,4440,140.0,148.0,180,67.0,69.0,-2.0,2.0,2.898550724637681,-0.430704442087112,nan,240,-0.01734851716416112,1.117494690998262,0.009487725941933174,0.9540874931293568,1.0,correct,07,7,9,first_180_seconds,92.979133606,66.4820251465,0,0.005126953125,524.730065089,0.416663765907
PURE_CHECKPOINT/Eval_On_TOKYOTECH,TOKYOTECH,old,TOKYOTECH_s07,141,window,4230,4470,141.0,149.0,180,67.0,69.0,-2.0,2.0,2.898550724637681,-0.6487401215939393,nan,240,-0.019158113030910803,1.115722253016327,-0.019827546231590335,0.9550462950240557,1.0,correct,07,7,9,first_180_seconds,92.979133606,66.4820251465,0,0.005126953125,524.730065089,0.416663765907
PURE_CHECKPOINT/Eval_On_TOKYOTECH,TOKYOTECH,old,TOKYOTECH_s07,142,window,4260,4500,142.0,150.0,180,68.0,68.0,0.0,0.0,0.0,-0.6897902912098798,nan,240,-0.009199160008574837,1.1158725474184115,-0.007536966422397951,0.9445572263608797,1.0,correct,07,7,9,first_180_seconds,92.979133606,66.4820251465,0,0.005126953125,524.730065089,0.416663765907
PURE_CHECKPOINT/Eval_On_TOKYOTECH,TOKYOTECH,old,TOKYOTECH_s07,143,window,4290,4530,143.0,151.0,180,67.0,67.0,0.0,0.0,0.0,-0.759177615682171,nan,240,-0.008468806694145315,1.1176658423507342,-0.004777200548264604,0.9791621974917403,1.0,correct,07,7,9,first_180_seconds,92.979133606,66.4820251465,0,0.005126953125,524.730065089,0.416663765907
PURE_CHECKPOINT/Eval_On_TOKYOTECH,TOKYOTECH,old,TOKYOTECH_s07,144,window,4320,4560,144.0,152.0,180,67.0,66.0,1.0,1.0,1.5151515151515151,-0.5940471812497992,nan,240,-0.032880629479768685,1.1207104380712998,0.00025382026197538673,0.9836346290199214,1.0,correct,07,7,9,first_180_seconds,92.979133606,66.4820251465,0,0.005126953125,524.730065089,0.416663765907
PURE_CHECKPOINT/Eval_On_TOKYOTECH,TOKYOTECH,old,TOKYOTECH_s07,145,window,4350,4590,145.0,153.0,180,67.0,66.0,1.0,1.0,1.5151515151515151,-0.48366736180049974,nan,240,-0.05067396012309473,1.1196734478252304,0.0026924560955425467,0.9806855275134448,1.0,correct,07,7,9,first_180_seconds,92.979133606,66.4820251465,0,0.005126953125,524.730065089,0.416663765907
PURE_CHECKPOINT/Eval_On_TOKYOTECH,TOKYOTECH,old,TOKYOTECH_s07,146,window,4380,4620,146.0,154.0,180,67.0,65.0,2.0,2.0,3.076923076923077,-0.40897238640019257,nan,240,-0.02120930916959575,1.1399423826583228,0.0034916202630081495,0.96537518337967,1.0,correct,07,7,9,first_180_seconds,92.979133606,66.4820251465,0,0.005126953125,524.730065089,0.416663765907
PURE_CHECKPOINT/Eval_On_TOKYOTECH,TOKYOTECH,old,TOKYOTECH_s07,147,window,4410,4650,147.0,155.0,180,67.0,65.0,2.0,2.0,3.076923076923077,-0.3459858522051576,nan,240,0.01489762768226986,1.139184413975688,0.02497375096907788,0.9656554010377653,1.0,correct,07,7,9,first_180_seconds,92.979133606,66.4820251465,0,0.005126953125,524.730065089,0.416663765907
PURE_CHECKPOINT/Eval_On_TOKYOTECH,TOKYOTECH,old,TOKYOTECH_s07,148,window,4440,4680,148.0,156.0,180,67.0,66.0,1.0,1.0,1.5151515151515151,-0.4133310029947187,nan,240,0.02566264885632942,1.145598567185672,0.02357741440164819,0.9633144134941842,1.0,correct,07,7,9,first_180_seconds,92.979133606,66.4820251465,0,0.005126953125,524.730065089,0.416663765907
PURE_CHECKPOINT/Eval_On_TOKYOTECH,TOKYOTECH,old,TOKYOTECH_s07,149,window,4470,4710,149.0,157.0,180,67.0,67.0,0.0,0.0,0.0,-0.30900321003212133,nan,240,0.028184809844727474,1.1551716118723665,0.021549482397234292,0.9360930901470095,1.0,correct,07,7,9,first_180_seconds,92.979133606,66.4820251465,0,0.005126953125,524.730065089,0.416663765907
PURE_CHECKPOINT/Eval_On_TOKYOTECH,TOKYOTECH,old,TOKYOTECH_s07,150,window,4500,4740,150.0,158.0,180,67.0,67.0,0.0,0.0,0.0,-0.4685175516353817,nan,240,0.02243197918724036,1.1614945476540648,-0.0006427437977192881,0.9555040472595276,1.0,correct,07,7,9,first_180_seconds,92.979133606,66.4820251465,0,0.005126953125,524.730065089,0.416663765907
PURE_CHECKPOINT/Eval_On_TOKYOTECH,TOKYOTECH,old,TOKYOTECH_s07,151,window,4530,4770,151.0,159.0,180,66.0,66.0,0.0,0.0,0.0,-0.616893076930365,nan,240,0.013948191064506925,1.1615844428542679,-0.007237551234274583,0.9691135473151291,1.0,correct,07,7,9,first_180_seconds,92.979133606,66.4820251465,0,0.005126953125,524.730065089,0.416663765907
PURE_CHECKPOINT/Eval_On_TOKYOTECH,TOKYOTECH,old,TOKYOTECH_s07,152,window,4560,4800,152.0,160.0,180,61.99999999999999,65.0,-3.000000000000007,3.000000000000007,4.615384615384626,-0.4130329084748934,nan,240,0.005684317196816361,1.1723890800044021,-0.006930194054781715,0.954206239903299,1.0,correct,07,7,9,first_180_seconds,92.979133606,66.4820251465,0,0.005126953125,524.730065089,0.416663765907
PURE_CHECKPOINT/Eval_On_TOKYOTECH,TOKYOTECH,old,TOKYOTECH_s07,153,window,4590,4830,153.0,161.0,180,61.0,64.0,-3.0,3.0,4.6875,-0.5059953334004755,nan,240,-0.026149287122825625,1.1660861876083062,-0.00012807439433072388,0.945790514400102,1.0,correct,07,7,9,first_180_seconds,92.979133606,66.4820251465,0,0.005126953125,524.730065089,0.416663765907
PURE_CHECKPOINT/Eval_On_TOKYOTECH,TOKYOTECH,old,TOKYOTECH_s07,154,window,4620,4860,154.0,162.0,180,61.0,63.0,-2.0,2.0,3.1746031746031744,-0.4879918416238758,nan,240,-0.08078046337226018,1.141514356081743,-0.010195483533570332,0.9793849134895173,1.0,correct,07,7,9,first_180_seconds,92.979133606,66.4820251465,0,0.005126953125,524.730065089,0.416663765907
PURE_CHECKPOINT/Eval_On_TOKYOTECH,TOKYOTECH,old,TOKYOTECH_s07,155,window,4650,4890,155.0,163.0,180,64.0,63.0,1.0,1.0,1.5873015873015872,-0.4139108208235401,nan,240,-0.1242886688419579,1.1372492130763228,-0.003678317474233713,0.967653172226516,1.0,correct,07,7,9,first_180_seconds,92.979133606,66.4820251465,0,0.005126953125,524.730065089,0.416663765907
PURE_CHECKPOINT/Eval_On_TOKYOTECH,TOKYOTECH,old,TOKYOTECH_s07,156,window,4680,4920,156.0,164.0,180,66.0,64.0,2.0,2.0,3.125,-0.39593820258765555,nan,240,-0.10794709550827974,1.1364946844563115,0.0011274064478579962,0.9801788040043312,1.0,correct,07,7,9,first_180_seconds,92.979133606,66.4820251465,0,0.005126953125,524.730065089,0.416663765907
PURE_CHECKPOINT/Eval_On_TOKYOTECH,TOKYOTECH,old,TOKYOTECH_s07,157,window,4710,4950,157.0,165.0,180,67.0,66.0,1.0,1.0,1.5151515151515151,-0.3657872378632457,nan,240,-0.08054142168257386,1.136196526749297,0.004633943281043059,0.9750960635120417,1.0,correct,07,7,9,first_180_seconds,92.979133606,66.4820251465,0,0.005126953125,524.730065089,0.416663765907
PURE_CHECKPOINT/Eval_On_TOKYOTECH,TOKYOTECH,old,TOKYOTECH_s07,158,window,4740,4980,158.0,166.0,180,67.0,66.0,1.0,1.0,1.5151515151515151,-0.32035663217015786,nan,240,-0.07424530105199664,1.1388798764716381,0.012409574752099127,0.965878995688,1.0,correct,07,7,9,first_180_seconds,92.979133606,66.4820251465,0,0.005126953125,524.730065089,0.416663765907
PURE_CHECKPOINT/Eval_On_TOKYOTECH,TOKYOTECH,old,TOKYOTECH_s07,159,window,4770,5010,159.0,167.0,180,67.0,66.0,1.0,1.0,1.5151515151515151,-0.40221740984186444,nan,240,-0.05653519330080599,1.138928685806973,0.022815776579752468,0.959313928820737,1.0,correct,07,7,9,first_180_seconds,92.979133606,66.4820251465,0,0.005126953125,524.730065089,0.416663765907
PURE_CHECKPOINT/Eval_On_TOKYOTECH,TOKYOTECH,old,TOKYOTECH_s07,160,window,4800,5040,160.0,168.0,180,67.0,66.0,1.0,1.0,1.5151515151515151,-0.4711953518021332,nan,240,-0.031245255338338513,1.1238273688975295,0.023414943111544496,0.9532992544721567,1.0,correct,07,7,9,first_180_seconds,92.979133606,66.4820251465,0,0.005126953125,524.730065089,0.416663765907
PURE_CHECKPOINT/Eval_On_TOKYOTECH,TOKYOTECH,old,TOKYOTECH_s07,161,window,4830,5070,161.0,169.0,180,67.0,65.0,2.0,2.0,3.076923076923077,-0.5257769540164873,nan,240,0.0011755563706780474,1.1244012214404342,0.014277655961761308,0.9454401022347475,1.0,correct,07,7,9,first_180_seconds,92.979133606,66.4820251465,0,0.005126953125,524.730065089,0.416663765907
PURE_CHECKPOINT/Eval_On_TOKYOTECH,TOKYOTECH,old,TOKYOTECH_s07,162,window,4860,5100,162.0,170.0,180,66.0,64.0,2.0,2.0,3.125,-0.49902140581301596,nan,240,0.03245697661768645,1.1189843709931613,0.008027479551733418,0.9164656973545179,1.0,correct,07,7,9,first_180_seconds,92.979133606,66.4820251465,0,0.005126953125,524.730065089,0.416663765907
PURE_CHECKPOINT/Eval_On_TOKYOTECH,TOKYOTECH,old,TOKYOTECH_s07,163,window,4890,5130,163.0,171.0,180,67.0,64.0,3.0,3.0,4.6875,-0.6579053007722256,nan,240,0.0449711686388279,1.1129262814861378,-0.019857534767840242,0.9195500080567885,1.0,correct,07,7,9,first_180_seconds,92.979133606,66.4820251465,0,0.005126953125,524.730065089,0.416663765907
PURE_CHECKPOINT/Eval_On_TOKYOTECH,TOKYOTECH,old,TOKYOTECH_s07,164,window,4920,5160,164.0,172.0,180,67.0,65.0,2.0,2.0,3.076923076923077,-0.6650400566680457,nan,240,0.01842965551186353,1.1221749408997648,-0.020866006410275948,0.952525229977535,1.0,correct,07,7,9,first_180_seconds,92.979133606,66.4820251465,0,0.005126953125,524.730065089,0.416663765907
PURE_CHECKPOINT/Eval_On_TOKYOTECH,TOKYOTECH,old,TOKYOTECH_s07,165,window,4950,5190,165.0,173.0,180,67.0,66.0,1.0,1.0,1.5151515151515151,-0.7663466466892042,nan,240,-0.006716466293437406,1.1215098522814442,-0.005250745166925179,0.9743969029868302,1.0,correct,07,7,9,first_180_seconds,92.979133606,66.4820251465,0,0.005126953125,524.730065089,0.416663765907
PURE_CHECKPOINT/Eval_On_TOKYOTECH,TOKYOTECH,old,TOKYOTECH_s07,166,window,4980,5220,166.0,174.0,180,67.0,67.0,0.0,0.0,0.0,-0.6945380819893158,nan,240,-0.007884321115367736,1.122083610133676,-0.00399591765723503,0.9856358862407387,1.0,correct,07,7,9,first_180_seconds,92.979133606,66.4820251465,0,0.005126953125,524.730065089,0.416663765907
PURE_CHECKPOINT/Eval_On_TOKYOTECH,TOKYOTECH,old,TOKYOTECH_s07,167,window,5010,5250,167.0,175.0,180,67.0,67.0,0.0,0.0,0.0,-0.6868400857466168,nan,240,0.006243454243910189,1.1285361358700905,-0.0005041006566393799,0.9776473063165999,1.0,correct,07,7,9,first_180_seconds,92.979133606,66.4820251465,0,0.005126953125,524.730065089,0.416663765907
PURE_CHECKPOINT/Eval_On_TOKYOTECH,TOKYOTECH,old,TOKYOTECH_s07,168,window,5040,5280,168.0,176.0,180,67.0,67.0,0.0,0.0,0.0,-0.5050961459605788,nan,240,0.0093075728645393,1.1471625008969202,0.004545674663634663,0.9700395341967294,1.0,correct,07,7,9,first_180_seconds,92.979133606,66.4820251465,0,0.005126953125,524.730065089,0.416663765907
PURE_CHECKPOINT/Eval_On_TOKYOTECH,TOKYOTECH,old,TOKYOTECH_s08,0,window,0,240,0.0,8.0,180,74.0,73.0,1.0,1.0,1.36986301369863,-0.5369773938344881,nan,240,-0.19741703650603692,1.3197633159442062,-0.017991479464864398,0.9464684058321938,1.0,correct,08,8,9,first_180_seconds,106.228805542,62.7517814636,0,0,468.149022416,0.515857279301
PURE_CHECKPOINT/Eval_On_TOKYOTECH,TOKYOTECH,old,TOKYOTECH_s08,1,window,30,270,1.0,9.0,180,74.0,72.0,2.0,2.0,2.7777777777777777,-0.7421365685824352,nan,240,-0.09438526350228736,1.0023360440318883,-0.005388028383684868,0.9702552858435312,1.0,correct,08,8,9,first_180_seconds,106.228805542,62.7517814636,0,0,468.149022416,0.515857279301
PURE_CHECKPOINT/Eval_On_TOKYOTECH,TOKYOTECH,old,TOKYOTECH_s08,2,window,60,300,2.0,10.0,180,72.0,72.0,0.0,0.0,0.0,-0.7398516067826918,nan,240,-0.09935498379636556,0.9892931349717197,0.010024244502714044,0.9499959562640827,1.0,correct,08,8,9,first_180_seconds,106.228805542,62.7517814636,0,0,468.149022416,0.515857279301
PURE_CHECKPOINT/Eval_On_TOKYOTECH,TOKYOTECH,old,TOKYOTECH_s08,3,window,90,330,3.0,11.0,180,73.0,72.0,1.0,1.0,1.3888888888888888,-0.7755636768522157,nan,240,-0.06212273656856269,1.0064420708175807,0.017942328160269867,0.9784411524211821,1.0,correct,08,8,9,first_180_seconds,106.228805542,62.7517814636,0,0,468.149022416,0.515857279301
PURE_CHECKPOINT/Eval_On_TOKYOTECH,TOKYOTECH,old,TOKYOTECH_s08,4,window,120,360,4.0,12.0,180,74.0,73.0,1.0,1.0,1.36986301369863,-0.7921634031636335,nan,240,0.014203383207010726,1.0633773177437977,0.015989686632007127,0.9553170411935481,1.0,correct,08,8,9,first_180_seconds,106.228805542,62.7517814636,0,0,468.149022416,0.515857279301
PURE_CHECKPOINT/Eval_On_TOKYOTECH,TOKYOTECH,old,TOKYOTECH_s08,5,window,150,390,5.0,13.0,180,72.0,72.0,0.0,0.0,0.0,-0.7346830560242313,nan,240,0.09329977965292831,1.0927968710518359,-0.023746038450365287,0.9465306545927872,1.0,correct,08,8,9,first_180_seconds,106.228805542,62.7517814636,0,0,468.149022416,0.515857279301
PURE_CHECKPOINT/Eval_On_TOKYOTECH,TOKYOTECH,old,TOKYOTECH_s08,6,window,180,420,6.0,14.0,180,70.0,72.0,-2.0,2.0,2.7777777777777777,-0.6503572482016935,nan,240,0.10392309369926807,1.1204237585016676,0.004740577638483285,0.9496058540411803,1.0,correct,08,8,9,first_180_seconds,106.228805542,62.7517814636,0,0,468.149022416,0.515857279301
PURE_CHECKPOINT/Eval_On_TOKYOTECH,TOKYOTECH,old,TOKYOTECH_s08,7,window,210,450,7.0,15.0,180,69.0,71.0,-2.0,2.0,2.8169014084507045,-0.6823445657586343,nan,240,0.039658725301463464,1.1224650435872754,-0.005999270821034819,0.9609508212913012,1.0,correct,08,8,9,first_180_seconds,106.228805542,62.7517814636,0,0,468.149022416,0.515857279301
PURE_CHECKPOINT/Eval_On_TOKYOTECH,TOKYOTECH,old,TOKYOTECH_s08,8,window,240,480,8.0,16.0,180,71.0,71.0,0.0,0.0,0.0,-0.8217778644562372,nan,240,-0.02284702030689611,1.136994507566249,0.012505828898524921,0.9667398066671593,1.0,correct,08,8,9,first_180_seconds,106.228805542,62.7517814636,0,0,468.149022416,0.515857279301
PURE_CHECKPOINT/Eval_On_TOKYOTECH,TOKYOTECH,old,TOKYOTECH_s08,9,window,270,510,9.0,17.0,180,71.0,70.0,1.0,1.0,1.4285714285714286,-0.7918742341384145,nan,240,0.014048226442537271,1.1786219814469074,0.010524877312973408,0.9215023441509103,1.0,correct,08,8,9,first_180_seconds,106.228805542,62.7517814636,0,0,468.149022416,0.515857279301
PURE_CHECKPOINT/Eval_On_TOKYOTECH,TOKYOTECH,old,TOKYOTECH_s08,10,window,300,540,10.0,18.0,180,70.0,70.0,0.0,0.0,0.0,-0.6816175502833522,nan,240,0.07818510912766215,1.2130595876765562,-0.009756167047501586,0.9373222171652176,1.0,correct,08,8,9,first_180_seconds,106.228805542,62.7517814636,0,0,468.149022416,0.515857279301
PURE_CHECKPOINT/Eval_On_TOKYOTECH,TOKYOTECH,old,TOKYOTECH_s08,11,window,330,570,11.0,19.0,180,69.0,70.0,-1.0,1.0,1.4285714285714286,-0.7148111521166625,nan,240,0.07207535017223562,1.1972020598095658,-0.006896214716905383,0.9514886375420136,1.0,correct,08,8,9,first_180_seconds,106.228805542,62.7517814636,0,0,468.149022416,0.515857279301
PURE_CHECKPOINT/Eval_On_TOKYOTECH,TOKYOTECH,old,TOKYOTECH_s08,12,window,360,600,12.0,20.0,180,69.0,71.0,-2.0,2.0,2.8169014084507045,-0.7304576931175866,nan,240,0.03562345190536386,1.1742201955008578,0.00653118723831582,0.9349810814001223,1.0,correct,08,8,9,first_180_seconds,106.228805542,62.7517814636,0,0,468.149022416,0.515857279301
PURE_CHECKPOINT/Eval_On_TOKYOTECH,TOKYOTECH,old,TOKYOTECH_s08,13,window,390,630,13.0,21.0,180,72.0,72.0,0.0,0.0,0.0,-0.7115625574478113,nan,240,0.018303788760871006,1.1926920107987051,0.02299584550434609,0.9494458134322994,1.0,correct,08,8,9,first_180_seconds,106.228805542,62.7517814636,0,0,468.149022416,0.515857279301
PURE_CHECKPOINT/Eval_On_TOKYOTECH,TOKYOTECH,old,TOKYOTECH_s08,14,window,420,660,14.0,22.0,180,75.0,72.0,3.0,3.0,4.166666666666666,-0.606324274996025,nan,240,0.07604018997323389,1.2149154052489486,0.014734162369569492,0.9472792430977611,1.0,correct,08,8,9,first_180_seconds,106.228805542,62.7517814636,0,0,468.149022416,0.515857279301
PURE_CHECKPOINT/Eval_On_TOKYOTECH,TOKYOTECH,old,TOKYOTECH_s08,15,window,450,690,15.0,23.0,180,74.0,72.0,2.0,2.0,2.7777777777777777,-0.6716384022433365,nan,240,0.15415725289300705,1.2147161355729248,0.00889260201039095,0.9464648768975271,1.0,correct,08,8,9,first_180_seconds,106.228805542,62.7517814636,0,0,468.149022416,0.515857279301
PURE_CHECKPOINT/Eval_On_TOKYOTECH,TOKYOTECH,old,TOKYOTECH_s08,16,window,480,720,16.0,24.0,180,74.0,73.0,1.0,1.0,1.36986301369863,-0.7940572968757748,nan,240,0.18890986365343754,1.1960735800083993,-0.025691687749469793,0.9729856689635084,1.0,correct,08,8,9,first_180_seconds,106.228805542,62.7517814636,0,0,468.149022416,0.515857279301
PURE_CHECKPOINT/Eval_On_TOKYOTECH,TOKYOTECH,old,TOKYOTECH_s08,17,window,510,750,17.0,25.0,180,75.0,74.0,1.0,1.0,1.3513513513513513,-0.8100204238409033,nan,240,0.1514877717049482,1.2125574127058327,-0.007212751703006428,0.9769107327740847,1.0,correct,08,8,9,first_180_seconds,106.228805542,62.7517814636,0,0,468.149022416,0.515857279301
PURE_CHECKPOINT/Eval_On_TOKYOTECH,TOKYOTECH,old,TOKYOTECH_s08,18,window,540,780,18.0,26.0,180,74.0,73.0,1.0,1.0,1.36986301369863,-0.7704351112862728,nan,240,0.09579353478814785,1.2341483643816102,0.00982617872158646,0.9796874581634305,1.0,correct,08,8,9,first_180_seconds,106.228805542,62.7517814636,0,0,468.149022416,0.515857279301
PURE_CHECKPOINT/Eval_On_TOKYOTECH,TOKYOTECH,old,TOKYOTECH_s08,19,window,570,810,19.0,27.0,180,74.0,73.0,1.0,1.0,1.36986301369863,-0.6177363478769229,nan,240,0.07213917341626559,1.2515452760221444,0.02856937924910005,0.9779258927334963,1.0,correct,08,8,9,first_180_seconds,106.228805542,62.7517814636,0,0,468.149022416,0.515857279301
PURE_CHECKPOINT/Eval_On_TOKYOTECH,TOKYOTECH,old,TOKYOTECH_s08,20,window,600,840,20.0,28.0,180,74.0,73.0,1.0,1.0,1.36986301369863,-0.504378485132489,nan,240,0.018814715615008026,1.2362541630967163,0.0017532121907628873,0.9512908857287347,1.0,correct,08,8,9,first_180_seconds,106.228805542,62.7517814636,0,0,468.149022416,0.515857279301
PURE_CHECKPOINT/Eval_On_TOKYOTECH,TOKYOTECH,old,TOKYOTECH_s08,21,window,630,870,21.0,29.0,180,69.0,72.0,-3.0,3.0,4.166666666666666,-0.5222399937849378,nan,240,-0.02636255237739533,1.191791419241449,0.007063097148630789,0.9567966267707554,1.0,correct,08,8,9,first_180_seconds,106.228805542,62.7517814636,0,0,468.149022416,0.515857279301
PURE_CHECKPOINT/Eval_On_TOKYOTECH,TOKYOTECH,old,TOKYOTECH_s08,22,window,660,900,22.0,30.0,180,69.0,72.0,-3.0,3.0,4.166666666666666,-0.5973623279870984,nan,240,-0.1256665035150945,1.1381292817168565,0.005557996959385662,0.9693114395060363,1.0,correct,08,8,9,first_180_seconds,106.228805542,62.7517814636,0,0,468.149022416,0.515857279301
PURE_CHECKPOINT/Eval_On_TOKYOTECH,TOKYOTECH,old,TOKYOTECH_s08,23,window,690,930,23.0,31.0,180,73.0,72.0,1.0,1.0,1.3888888888888888,-0.5332679832420472,nan,240,-0.1731880858928586,1.0946835578602068,0.023946581114479303,0.9786729937421184,1.0,correct,08,8,9,first_180_seconds,106.228805542,62.7517814636,0,0,468.149022416,0.515857279301
PURE_CHECKPOINT/Eval_On_TOKYOTECH,TOKYOTECH,old,TOKYOTECH_s08,24,window,720,960,24.0,32.0,180,74.0,73.0,1.0,1.0,1.36986301369863,-0.49138411299398094,nan,240,-0.17484493009590854,1.0671421947468922,0.02550677795687509,0.9572669684961818,1.0,correct,08,8,9,first_180_seconds,106.228805542,62.7517814636,0,0,468.149022416,0.515857279301
PURE_CHECKPOINT/Eval_On_TOKYOTECH,TOKYOTECH,old,TOKYOTECH_s08,25,window,750,990,25.0,33.0,180,75.0,74.0,1.0,1.0,1.3513513513513513,-0.5215218616837946,nan,240,-0.17287287442789723,1.0148300050780121,-0.0020442377972361516,0.9421186185938024,1.0,correct,08,8,9,first_180_seconds,106.228805542,62.7517814636,0,0,468.149022416,0.515857279301
PURE_CHECKPOINT/Eval_On_TOKYOTECH,TOKYOTECH,old,TOKYOTECH_s08,26,window,780,1020,26.0,34.0,180,74.0,74.0,0.0,0.0,0.0,-0.6183427274134012,nan,240,-0.1693655045470223,0.959289010157079,-0.017068677321155593,0.9656414011919178,1.0,correct,08,8,9,first_180_seconds,106.228805542,62.7517814636,0,0,468.149022416,0.515857279301
PURE_CHECKPOINT/Eval_On_TOKYOTECH,TOKYOTECH,old,TOKYOTECH_s08,27,window,810,1050,27.0,35.0,180,74.0,74.0,0.0,0.0,0.0,-0.6403005062968133,nan,240,-0.203970387011456,0.9419647684754353,0.007618736412190754,0.9565212867234913,1.0,correct,08,8,9,first_180_seconds,106.228805542,62.7517814636,0,0,468.149022416,0.515857279301
PURE_CHECKPOINT/Eval_On_TOKYOTECH,TOKYOTECH,old,TOKYOTECH_s08,28,window,840,1080,28.0,36.0,180,74.0,73.0,1.0,1.0,1.36986301369863,-0.5617986766710268,nan,240,-0.15756501147989183,0.9484823504006356,0.0211091125027787,0.9726826984599838,1.0,correct,08,8,9,first_180_seconds,106.228805542,62.7517814636,0,0,468.149022416,0.515857279301
PURE_CHECKPOINT/Eval_On_TOKYOTECH,TOKYOTECH,old,TOKYOTECH_s08,29,window,870,1110,29.0,37.0,180,73.0,72.0,1.0,1.0,1.3888888888888888,-0.6639192156936576,nan,240,-0.08780432440495739,0.9925268440441081,0.018630010904999113,0.9392073748006505,1.0,correct,08,8,9,first_180_seconds,106.228805542,62.7517814636,0,0,468.149022416,0.515857279301
PURE_CHECKPOINT/Eval_On_TOKYOTECH,TOKYOTECH,old,TOKYOTECH_s08,30,window,900,1140,30.0,38.0,180,68.0,69.0,-1.0,1.0,1.4492753623188406,-0.6056454726549003,nan,240,-0.016675147398685416,1.0255203030608904,-0.0018038098393655592,0.9663620978978212,1.0,correct,08,8,9,first_180_seconds,106.228805542,62.7517814636,0,0,468.149022416,0.515857279301
PURE_CHECKPOINT/Eval_On_TOKYOTECH,TOKYOTECH,old,TOKYOTECH_s08,31,window,930,1170,31.0,39.0,180,67.0,69.0,-2.0,2.0,2.898550724637681,-0.4242008822538519,nan,240,-0.00767537714758267,1.0459098389005734,0.009205649334003465,0.9524738253969257,1.0,correct,08,8,9,first_180_seconds,106.228805542,62.7517814636,0,0,468.149022416,0.515857279301
PURE_CHECKPOINT/Eval_On_TOKYOTECH,TOKYOTECH,old,TOKYOTECH_s08,32,window,960,1200,32.0,40.0,180,67.0,69.0,-2.0,2.0,2.898550724637681,-0.5781761633863665,nan,240,-0.004000527667813003,1.069191465228324,0.020650582364381612,0.9585863721026783,1.0,correct,08,8,9,first_180_seconds,106.228805542,62.7517814636,0,0,468.149022416,0.515857279301
PURE_CHECKPOINT/Eval_On_TOKYOTECH,TOKYOTECH,old,TOKYOTECH_s08,33,window,990,1230,33.0,41.0,180,67.0,69.0,-2.0,2.0,2.898550724637681,-0.6773943621037567,nan,240,0.02426826877053827,1.1095885254126392,-0.01211019187672571,0.9568414151997892,1.0,correct,08,8,9,first_180_seconds,106.228805542,62.7517814636,0,0,468.149022416,0.515857279301
PURE_CHECKPOINT/Eval_On_TOKYOTECH,TOKYOTECH,old,TOKYOTECH_s08,34,window,1020,1260,34.0,42.0,180,68.0,69.0,-1.0,1.0,1.4492753623188406,-0.7615987787293004,nan,240,0.04658458565827459,1.1386827749666844,0.004206310313286118,0.9516345742622104,1.0,correct,08,8,9,first_180_seconds,106.228805542,62.7517814636,0,0,468.149022416,0.515857279301
PURE_CHECKPOINT/Eval_On_TOKYOTECH,TOKYOTECH,old,TOKYOTECH_s08,35,window,1050,1290,35.0,43.0,180,70.0,69.0,1.0,1.0,1.4492753623188406,-0.5856225219941115,nan,240,0.13493442200124264,1.1475147661392535,-0.0057964808797605905,0.9404606519046279,1.0,correct,08,8,9,first_180_seconds,106.228805542,62.7517814636,0,0,468.149022416,0.515857279301
PURE_CHECKPOINT/Eval_On_TOKYOTECH,TOKYOTECH,old,TOKYOTECH_s08,36,window,1080,1320,36.0,44.0,180,70.0,70.0,0.0,0.0,0.0,-0.6555392336827304,nan,240,0.19536233679391443,1.182162873614478,-0.03272002154106305,0.9515670152894384,1.0,correct,08,8,9,first_180_seconds,106.228805542,62.7517814636,0,0,468.149022416,0.515857279301
PURE_CHECKPOINT/Eval_On_TOKYOTECH,TOKYOTECH,old,TOKYOTECH_s08,37,window,1110,1350,37.0,45.0,180,69.0,71.0,-2.0,2.0,2.8169014084507045,-0.649953108910338,nan,240,0.20659084962680935,1.1894643881060147,0.016491427952264087,0.9601622223741314,1.0,correct,08,8,9,first_180_seconds,106.228805542,62.7517814636,0,0,468.149022416,0.515857279301
PURE_CHECKPOINT/Eval_On_TOKYOTECH,TOKYOTECH,old,TOKYOTECH_s08,38,window,1140,1380,38.0,46.0,180,69.0,71.0,-2.0,2.0,2.8169014084507045,-0.6909506283042628,nan,240,0.18051781971007586,1.2095737204003725,0.006278427497892322,0.969508508951294,1.0,correct,08,8,9,first_180_seconds,106.228805542,62.7517814636,0,0,468.149022416,0.515857279301
PURE_CHECKPOINT/Eval_On_TOKYOTECH,TOKYOTECH,old,TOKYOTECH_s08,39,window,1170,1410,39.0,47.0,180,70.0,71.0,-1.0,1.0,1.4084507042253522,-0.6180074266080552,nan,240,0.13271555257185053,1.2503567766698371,0.010165125083198586,0.9265402456097126,1.0,correct,08,8,9,first_180_seconds,106.228805542,62.7517814636,0,0,468.149022416,0.515857279301
PURE_CHECKPOINT/Eval_On_TOKYOTECH,TOKYOTECH,old,TOKYOTECH_s08,40,window,1200,1440,40.0,48.0,180,68.0,71.0,-3.0,3.0,4.225352112676056,-0.6236135577033101,nan,240,0.10282125246012583,1.2926922479923555,0.005321871091202274,0.9372334822989007,1.0,correct,08,8,9,first_180_seconds,106.228805542,62.7517814636,0,0,468.149022416,0.515857279301
PURE_CHECKPOINT/Eval_On_TOKYOTECH,TOKYOTECH,old,TOKYOTECH_s08,41,window,1230,1470,41.0,49.0,180,70.0,70.0,0.0,0.0,0.0,-0.7406209646625022,nan,240,0.10400846736738459,1.2887250710908291,0.003134527440088445,0.9454417684801067,1.0,correct,08,8,9,first_180_seconds,106.228805542,62.7517814636,0,0,468.149022416,0.515857279301
PURE_CHECKPOINT/Eval_On_TOKYOTECH,TOKYOTECH,old,TOKYOTECH_s08,42,window,1260,1500,42.0,50.0,180,68.0,70.0,-2.0,2.0,2.857142857142857,-0.6516678412651266,nan,240,0.11717214292245141,1.2799970439486417,-0.0039015337298235696,0.9370256937803295,1.0,correct,08,8,9,first_180_seconds,106.228805542,62.7517814636,0,0,468.149022416,0.515857279301
PURE_CHECKPOINT/Eval_On_TOKYOTECH,TOKYOTECH,old,TOKYOTECH_s08,43,window,1290,1530,43.0,51.0,180,68.0,70.0,-2.0,2.0,2.857142857142857,-0.6502319416398767,nan,240,0.07697193944380464,1.2955052392662711,0.008271801419732834,0.9542657099309184,1.0,correct,08,8,9,first_180_seconds,106.228805542,62.7517814636,0,0,468.149022416,0.515857279301
PURE_CHECKPOINT/Eval_On_TOKYOTECH,TOKYOTECH,old,TOKYOTECH_s08,44,window,1320,1560,44.0,52.0,180,68.0,70.0,-2.0,2.0,2.857142857142857,-0.7371935637249603,nan,240,0.002348698727049244,1.2909380150240237,0.01171886115005435,0.9444704300790607,1.0,correct,08,8,9,first_180_seconds,106.228805542,62.7517814636,0,0,468.149022416,0.515857279301
PURE_CHECKPOINT/Eval_On_TOKYOTECH,TOKYOTECH,old,TOKYOTECH_s08,45,window,1350,1590,45.0,53.0,180,69.0,70.0,-1.0,1.0,1.4285714285714286,-0.6949910730171774,nan,240,-0.07392004220261393,1.2782325899329443,0.009557102173704795,0.9076925190802165,1.0,correct,08,8,9,first_180_seconds,106.228805542,62.7517814636,0,0,468.149022416,0.515857279301
PURE_CHECKPOINT/Eval_On_TOKYOTECH,TOKYOTECH,old,TOKYOTECH_s08,46,window,1380,1620,46.0,54.0,180,70.0,70.0,0.0,0.0,0.0,-0.7171049753082329,nan,240,-0.05252453853512028,1.2892821855373136,0.015319089437699001,0.9355237955401734,1.0,correct,08,8,9,first_180_seconds,106.228805542,62.7517814636,0,0,468.149022416,0.515857279301
PURE_CHECKPOINT/Eval_On_TOKYOTECH,TOKYOTECH,old,TOKYOTECH_s08,47,window,1410,1650,47.0,55.0,180,72.0,70.0,2.0,2.0,2.857142857142857,-0.7055372692516735,nan,240,0.029582666005201947,1.3148667706355839,0.005926367321589258,0.962328143969468,1.0,correct,08,8,9,first_180_seconds,106.228805542,62.7517814636,0,0,468.149022416,0.515857279301
PURE_CHECKPOINT/Eval_On_TOKYOTECH,TOKYOTECH,old,TOKYOTECH_s08,48,window,1440,1680,48.0,56.0,180,68.0,70.0,-2.0,2.0,2.857142857142857,-0.6968905061894461,nan,240,0.07235497856454458,1.280857272863698,-6.275592701081208e-05,0.9488423075014107,1.0,correct,08,8,9,first_180_seconds,106.228805542,62.7517814636,0,0,468.149022416,0.515857279301
PURE_CHECKPOINT/Eval_On_TOKYOTECH,TOKYOTECH,old,TOKYOTECH_s08,49,window,1470,1710,49.0,57.0,180,69.0,71.0,-2.0,2.0,2.8169014084507045,-0.7056025600227654,nan,240,0.05363254745122201,1.288511303490966,0.008479655887242114,0.9529331993451797,1.0,correct,08,8,9,first_180_seconds,106.228805542,62.7517814636,0,0,468.149022416,0.515857279301
PURE_CHECKPOINT/Eval_On_TOKYOTECH,TOKYOTECH,old,TOKYOTECH_s08,50,window,1500,1740,50.0,58.0,180,68.0,71.0,-3.0,3.0,4.225352112676056,-0.6508440820432574,nan,240,0.04826387846066306,1.3182720748364418,-0.00042898000594996006,0.965044980310549,1.0,correct,08,8,9,first_180_seconds,106.228805542,62.7517814636,0,0,468.149022416,0.515857279301
PURE_CHECKPOINT/Eval_On_TOKYOTECH,TOKYOTECH,old,TOKYOTECH_s08,51,window,1530,1770,51.0,59.0,180,68.0,70.0,-2.0,2.0,2.857142857142857,-0.6845303711484918,nan,240,0.033842714480124415,1.3328255231559656,0.001890255872632499,0.9433706208894753,1.0,correct,08,8,9,first_180_seconds,106.228805542,62.7517814636,0,0,468.149022416,0.515857279301
PURE_CHECKPOINT/Eval_On_TOKYOTECH,TOKYOTECH,old,TOKYOTECH_s08,52,window,1560,1800,52.0,60.0,180,69.0,70.0,-1.0,1.0,1.4285714285714286,-0.6985463687715455,nan,240,0.04340964568934093,1.329085843472409,0.00855825926002408,0.9485847550261158,1.0,correct,08,8,9,first_180_seconds,106.228805542,62.7517814636,0,0,468.149022416,0.515857279301
PURE_CHECKPOINT/Eval_On_TOKYOTECH,TOKYOTECH,old,TOKYOTECH_s08,53,window,1590,1830,53.0,61.0,180,70.0,70.0,0.0,0.0,0.0,-0.742916006863633,nan,240,0.11974849776209642,1.3559485942526064,-0.0033478545416897247,0.9467130705345529,1.0,correct,08,8,9,first_180_seconds,106.228805542,62.7517814636,0,0,468.149022416,0.515857279301
PURE_CHECKPOINT/Eval_On_TOKYOTECH,TOKYOTECH,old,TOKYOTECH_s08,54,window,1620,1860,54.0,62.0,180,68.0,69.0,-1.0,1.0,1.4492753623188406,-0.6216047591429399,nan,240,0.1232170990202576,1.332370492513941,-0.0005318799126349286,0.9624545720766119,1.0,correct,08,8,9,first_180_seconds,106.228805542,62.7517814636,0,0,468.149022416,0.515857279301
PURE_CHECKPOINT/Eval_On_TOKYOTECH,TOKYOTECH,old,TOKYOTECH_s08,55,window,1650,1890,55.0,63.0,180,68.0,70.0,-2.0,2.0,2.857142857142857,-0.5073207626667455,nan,240,0.0422036578413099,1.2751601565515052,0.010473441149016903,0.9577536926800758,1.0,correct,08,8,9,first_180_seconds,106.228805542,62.7517814636,0,0,468.149022416,0.515857279301
PURE_CHECKPOINT/Eval_On_TOKYOTECH,TOKYOTECH,old,TOKYOTECH_s08,56,window,1680,1920,56.0,64.0,180,69.0,70.0,-1.0,1.0,1.4285714285714286,-0.6318827064947266,nan,240,-0.023561095003969967,1.2709254150490168,0.010808314401886735,0.95736128833451,1.0,correct,08,8,9,first_180_seconds,106.228805542,62.7517814636,0,0,468.149022416,0.515857279301
PURE_CHECKPOINT/Eval_On_TOKYOTECH,TOKYOTECH,old,TOKYOTECH_s08,57,window,1710,1950,57.0,65.0,180,74.0,72.0,2.0,2.0,2.7777777777777777,-0.40729005775786026,nan,240,-0.03430022652416179,1.2181271654243433,0.02138151459239959,0.965490498927831,1.0,correct,08,8,9,first_180_seconds,106.228805542,62.7517814636,0,0,468.149022416,0.515857279301
PURE_CHECKPOINT/Eval_On_TOKYOTECH,TOKYOTECH,old,TOKYOTECH_s08,58,window,1740,1980,58.0,66.0,180,75.0,73.0,2.0,2.0,2.73972602739726,-0.2876667746959113,nan,240,-0.05687323134237279,1.1266323466926256,0.027979181380328712,0.9671750457875634,1.0,correct,08,8,9,first_180_seconds,106.228805542,62.7517814636,0,0,468.149022416,0.515857279301
PURE_CHECKPOINT/Eval_On_TOKYOTECH,TOKYOTECH,old,TOKYOTECH_s08,59,window,1770,2010,59.0,67.0,180,75.0,74.0,1.0,1.0,1.3513513513513513,-0.3024376613250991,nan,240,-0.09057076768173526,1.046438121238294,-0.013347797884204145,0.9710118925094541,1.0,correct,08,8,9,first_180_seconds,106.228805542,62.7517814636,0,0,468.149022416,0.515857279301
PURE_CHECKPOINT/Eval_On_TOKYOTECH,TOKYOTECH,old,TOKYOTECH_s08,60,window,1800,2040,60.0,68.0,180,75.0,75.0,0.0,0.0,0.0,-0.6702997239208316,nan,240,-0.12003102314580853,0.9841769114584725,-0.0007905105754317271,0.9559928439253776,1.0,correct,08,8,9,first_180_seconds,106.228805542,62.7517814636,0,0,468.149022416,0.515857279301
PURE_CHECKPOINT/Eval_On_TOKYOTECH,TOKYOTECH,old,TOKYOTECH_s08,61,window,1830,2070,61.0,69.0,180,75.0,76.0,-1.0,1.0,1.3157894736842104,-0.580110117658725,nan,240,-0.16507704987113053,0.8535661485900243,0.0019066160813082194,0.9527496423553755,1.0,correct,08,8,9,first_180_seconds,106.228805542,62.7517814636,0,0,468.149022416,0.515857279301
PURE_CHECKPOINT/Eval_On_TOKYOTECH,TOKYOTECH,old,TOKYOTECH_s08,62,window,1860,2100,62.0,70.0,180,75.0,77.0,-2.0,2.0,2.5974025974025974,-0.36106887020332373,nan,240,-0.20401699210439497,0.7726152778220848,0.02667393183563884,0.9528467526704919,1.0,correct,08,8,9,first_180_seconds,106.228805542,62.7517814636,0,0,468.149022416,0.515857279301
PURE_CHECKPOINT/Eval_On_TOKYOTECH,TOKYOTECH,old,TOKYOTECH_s08,63,window,1890,2130,63.0,71.0,180,76.0,77.0,-1.0,1.0,1.2987012987012987,-0.594662871805628,nan,240,-0.20607107230074082,0.7498313335312937,0.005278587553483438,0.914464342317423,1.0,correct,08,8,9,first_180_seconds,106.228805542,62.7517814636,0,0,468.149022416,0.515857279301
PURE_CHECKPOINT/Eval_On_TOKYOTECH,TOKYOTECH,old,TOKYOTECH_s08,64,window,1920,2160,64.0,72.0,180,77.0,77.0,0.0,0.0,0.0,-0.45602066652732337,nan,240,-0.18848133526043967,0.6901107392646617,-0.00256904561953168,0.9502726148187596,1.0,correct,08,8,9,first_180_seconds,106.228805542,62.7517814636,0,0,468.149022416,0.515857279301
PURE_CHECKPOINT/Eval_On_TOKYOTECH,TOKYOTECH,old,TOKYOTECH_s08,65,window,1950,2190,65.0,73.0,180,77.0,78.0,-1.0,1.0,1.282051282051282,-0.4518350275187364,nan,240,-0.22364840359659865,0.6443801400573534,0.011391442525100172,0.9477487048172445,1.0,correct,08,8,9,first_180_seconds,106.228805542,62.7517814636,0,0,468.149022416,0.515857279301
PURE_CHECKPOINT/Eval_On_TOKYOTECH,TOKYOTECH,old,TOKYOTECH_s08,66,window,1980,2220,66.0,74.0,180,80.0,78.0,2.0,2.0,2.564102564102564,-0.4325269677733747,nan,240,-0.2534566776943393,0.6339145804406576,-0.0017581069443805071,0.9215042697561436,1.0,correct,08,8,9,first_180_seconds,106.228805542,62.7517814636,0,0,468.149022416,0.515857279301
PURE_CHECKPOINT/Eval_On_TOKYOTECH,TOKYOTECH,old,TOKYOTECH_s08,67,window,2010,2250,67.0,75.0,180,81.0,79.0,2.0,2.0,2.5316455696202533,-0.33385071107093023,nan,240,-0.1941371340265808,0.6343199208428076,0.030380777439343826,0.9593209117014331,1.0,correct,08,8,9,first_180_seconds,106.228805542,62.7517814636,0,0,468.149022416,0.515857279301
PURE_CHECKPOINT/Eval_On_TOKYOTECH,TOKYOTECH,old,TOKYOTECH_s08,68,window,2040,2280,68.0,76.0,180,79.0,79.0,0.0,0.0,0.0,-0.615999012161767,nan,240,-0.13897423083738733,0.6305079260891554,-0.0052991637660304396,0.9506267241571844,1.0,correct,08,8,9,first_180_seconds,106.228805542,62.7517814636,0,0,468.149022416,0.515857279301
PURE_CHECKPOINT/Eval_On_TOKYOTECH,TOKYOTECH,old,TOKYOTECH_s08,69,window,2070,2310,69.0,77.0,180,81.0,79.0,2.0,2.0,2.5316455696202533,-0.5682257791890323,nan,240,-0.14201703204695756,0.6446519530033835,0.009412181319467462,0.9292977119297627,1.0,correct,08,8,9,first_180_seconds,106.228805542,62.7517814636,0,0,468.149022416,0.515857279301
PURE_CHECKPOINT/Eval_On_TOKYOTECH,TOKYOTECH,old,TOKYOTECH_s08,70,window,2100,2340,70.0,78.0,180,82.0,80.0,2.0,2.0,2.5,-0.5458691587444527,nan,240,-0.09868653286636496,0.6576801123864028,0.03456851356765027,0.9598201394146209,1.0,correct,08,8,9,first_180_seconds,106.228805542,62.7517814636,0,0,468.149022416,0.515857279301
PURE_CHECKPOINT/Eval_On_TOKYOTECH,TOKYOTECH,old,TOKYOTECH_s08,71,window,2130,2370,71.0,79.0,180,81.0,80.0,1.0,1.0,1.25,-0.6844017666825767,nan,240,-0.03837508497526869,0.6531594400884566,-0.026779083044833844,0.9600506736314192,1.0,correct,08,8,9,first_180_seconds,106.228805542,62.7517814636,0,0,468.149022416,0.515857279301
PURE_CHECKPOINT/Eval_On_TOKYOTECH,TOKYOTECH,old,TOKYOTECH_s08,72,window,2160,2400,72.0,80.0,180,81.0,80.0,1.0,1.0,1.25,-0.6205397358391874,nan,240,-0.018856389482971282,0.6602716137961473,0.009570122286951931,0.9321749578320551,1.0,correct,08,8,9,first_180_seconds,106.228805542,62.7517814636,0,0,468.149022416,0.515857279301
PURE_CHECKPOINT/Eval_On_TOKYOTECH,TOKYOTECH,old,TOKYOTECH_s08,73,window,2190,2430,73.0,81.0,180,82.0,80.0,2.0,2.0,2.5,-0.5061462291179835,nan,240,0.06223050794020916,0.6737208179439212,0.037492678961652655,0.9546990624990187,1.0,correct,08,8,9,first_180_seconds,106.228805542,62.7517814636,0,0,468.149022416,0.515857279301
PURE_CHECKPOINT/Eval_On_TOKYOTECH,TOKYOTECH,old,TOKYOTECH_s08,74,window,2220,2460,74.0,82.0,180,81.0,81.0,0.0,0.0,0.0,-0.7052811563736723,nan,240,0.13525068996241316,0.6855498586021241,-0.0314474790066711,0.9509939249068774,1.0,correct,08,8,9,first_180_seconds,106.228805542,62.7517814636,0,0,468.149022416,0.515857279301
PURE_CHECKPOINT/Eval_On_TOKYOTECH,TOKYOTECH,old,TOKYOTECH_s08,75,window,2250,2490,75.0,83.0,180,82.0,81.0,1.0,1.0,1.2345679012345678,-0.6795364006106589,nan,240,0.09963170381185288,0.7265998475638965,0.008481833565493183,0.9448212527478124,1.0,correct,08,8,9,first_180_seconds,106.228805542,62.7517814636,0,0,468.149022416,0.515857279301
PURE_CHECKPOINT/Eval_On_TOKYOTECH,TOKYOTECH,old,TOKYOTECH_s08,76,window,2280,2520,76.0,84.0,180,82.0,81.0,1.0,1.0,1.2345679012345678,-0.5882349342488117,nan,240,0.08403891450725495,0.7367611621770089,0.03575134281767745,0.9562663048756181,1.0,correct,08,8,9,first_180_seconds,106.228805542,62.7517814636,0,0,468.149022416,0.515857279301
PURE_CHECKPOINT/Eval_On_TOKYOTECH,TOKYOTECH,old,TOKYOTECH_s08,77,window,2310,2550,77.0,85.0,180,82.0,81.0,1.0,1.0,1.2345679012345678,-0.707669969517057,nan,240,0.06059733159296835,0.7452286593988323,-0.02720523538381094,0.9495452112233427,1.0,correct,08,8,9,first_180_seconds,106.228805542,62.7517814636,0,0,468.149022416,0.515857279301
PURE_CHECKPOINT/Eval_On_TOKYOTECH,TOKYOTECH,old,TOKYOTECH_s08,78,window,2340,2580,78.0,86.0,180,82.0,81.0,1.0,1.0,1.2345679012345678,-0.6930043310573891,nan,240,0.011926323381097366,0.7547448345919578,0.015787216865890127,0.9594214524024036,1.0,correct,08,8,9,first_180_seconds,106.228805542,62.7517814636,0,0,468.149022416,0.515857279301
PURE_CHECKPOINT/Eval_On_TOKYOTECH,TOKYOTECH,old,TOKYOTECH_s08,79,window,2370,2610,79.0,87.0,180,82.0,82.0,0.0,0.0,0.0,-0.5405918398019653,nan,240,0.012187581544276327,0.7461923496900369,0.026457718856348494,0.9442504014086701,1.0,correct,08,8,9,first_180_seconds,106.228805542,62.7517814636,0,0,468.149022416,0.515857279301
PURE_CHECKPOINT/Eval_On_TOKYOTECH,TOKYOTECH,old,TOKYOTECH_s08,80,window,2400,2640,80.0,88.0,180,82.0,81.0,1.0,1.0,1.2345679012345678,-0.7437232958504965,nan,240,0.01613373033469543,0.7480743381065077,-0.012231033259625872,0.9492182995457678,1.0,correct,08,8,9,first_180_seconds,106.228805542,62.7517814636,0,0,468.149022416,0.515857279301
PURE_CHECKPOINT/Eval_On_TOKYOTECH,TOKYOTECH,old,TOKYOTECH_s08,81,window,2430,2670,81.0,89.0,180,82.0,82.0,0.0,0.0,0.0,-0.6036194123086728,nan,240,-0.0011569590812238555,0.7551398134172502,0.017170037990684187,0.9540735221037449,1.0,correct,08,8,9,first_180_seconds,106.228805542,62.7517814636,0,0,468.149022416,0.515857279301
PURE_CHECKPOINT/Eval_On_TOKYOTECH,TOKYOTECH,old,TOKYOTECH_s08,82,window,2460,2700,82.0,90.0,180,82.0,82.0,0.0,0.0,0.0,-0.6876807655107716,nan,240,-0.032830532100827745,0.7310096981431413,-0.012236838423957322,0.9386498809666621,1.0,correct,08,8,9,first_180_seconds,106.228805542,62.7517814636,0,0,468.149022416,0.515857279301
PURE_CHECKPOINT/Eval_On_TOKYOTECH,TOKYOTECH,old,TOKYOTECH_s08,83,window,2490,2730,83.0,91.0,180,83.0,82.0,1.0,1.0,1.2195121951219512,-0.7803933413832677,nan,240,-0.0397992383960324,0.7185232629643867,0.005862876915732129,0.9224748580748661,1.0,correct,08,8,9,first_180_seconds,106.228805542,62.7517814636,0,0,468.149022416,0.515857279301
PURE_CHECKPOINT/Eval_On_TOKYOTECH,TOKYOTECH,old,TOKYOTECH_s08,84,window,2520,2760,84.0,92.0,180,82.0,83.0,-1.0,1.0,1.2048192771084338,-0.7608178275795654,nan,240,-0.03097878353049358,0.7175388767285479,0.031448669763781474,0.9589097457460819,1.0,correct,08,8,9,first_180_seconds,106.228805542,62.7517814636,0,0,468.149022416,0.515857279301
PURE_CHECKPOINT/Eval_On_TOKYOTECH,TOKYOTECH,old,TOKYOTECH_s08,85,window,2550,2790,85.0,93.0,180,83.0,83.0,0.0,0.0,0.0,-0.8443097859558412,nan,240,-0.023938742900888123,0.7040687139990922,-0.0076421469123683135,0.937008383180063,1.0,correct,08,8,9,first_180_seconds,106.228805542,62.7517814636,0,0,468.149022416,0.515857279301
PURE_CHECKPOINT/Eval_On_TOKYOTECH,TOKYOTECH,old,TOKYOTECH_s08,86,window,2580,2820,86.0,94.0,180,82.0,83.0,-1.0,1.0,1.2048192771084338,-0.8252049791747962,nan,240,0.008759870752692222,0.7092606634636401,0.009067920249328168,0.9524164685435078,1.0,correct,08,8,9,first_180_seconds,106.228805542,62.7517814636,0,0,468.149022416,0.515857279301
PURE_CHECKPOINT/Eval_On_TOKYOTECH,TOKYOTECH,old,TOKYOTECH_s08,87,window,2610,2850,87.0,95.0,180,82.0,83.0,-1.0,1.0,1.2048192771084338,-0.7787989586448839,nan,240,0.007742258013846973,0.722690485271274,0.02099064273002146,0.9301530796123183,1.0,correct,08,8,9,first_180_seconds,106.228805542,62.7517814636,0,0,468.149022416,0.515857279301
PURE_CHECKPOINT/Eval_On_TOKYOTECH,TOKYOTECH,old,TOKYOTECH_s08,88,window,2640,2880,88.0,96.0,180,82.0,83.0,-1.0,1.0,1.2048192771084338,-0.843425650755316,nan,240,-0.0016848638265704115,0.72085770615208,0.0035546195938407394,0.9414784564442151,1.0,correct,08,8,9,first_180_seconds,106.228805542,62.7517814636,0,0,468.149022416,0.515857279301
PURE_CHECKPOINT/Eval_On_TOKYOTECH,TOKYOTECH,old,TOKYOTECH_s08,89,window,2670,2910,89.0,97.0,180,82.0,84.0,-2.0,2.0,2.380952380952381,-0.7376152970846331,nan,240,-0.006357411054583887,0.7161544264021271,0.029978227160152162,0.9555183253214391,1.0,correct,08,8,9,first_180_seconds,106.228805542,62.7517814636,0,0,468.149022416,0.515857279301
PURE_CHECKPOINT/Eval_On_TOKYOTECH,TOKYOTECH,old,TOKYOTECH_s08,90,window,2700,2940,90.0,98.0,180,82.0,84.0,-2.0,2.0,2.380952380952381,-0.8203695121515914,nan,240,-0.026392096125831207,0.7245913861821216,-0.023842980416255842,0.9423403295685191,1.0,correct,08,8,9,first_180_seconds,106.228805542,62.7517814636,0,0,468.149022416,0.515857279301
PURE_CHECKPOINT/Eval_On_TOKYOTECH,TOKYOTECH,old,TOKYOTECH_s08,91,window,2730,2970,91.0,99.0,180,83.0,84.0,-1.0,1.0,1.1904761904761905,-0.7283819383796795,nan,240,-0.02061240051407367,0.7139337307759149,0.005500684024918771,0.9332367108258798,1.0,correct,08,8,9,first_180_seconds,106.228805542,62.7517814636,0,0,468.149022416,0.515857279301
PURE_CHECKPOINT/Eval_On_TOKYOTECH,TOKYOTECH,old,TOKYOTECH_s08,92,window,2760,3000,92.0,100.0,180,82.0,84.0,-2.0,2.0,2.380952380952381,-0.6420925824715488,nan,240,-0.028782850410789252,0.7035588308633212,0.029076856139155546,0.9502087984906896,1.0,correct,08,8,9,first_180_seconds,106.228805542,62.7517814636,0,0,468.149022416,0.515857279301
PURE_CHECKPOINT/Eval_On_TOKYOTECH,TOKYOTECH,old,TOKYOTECH_s08,93,window,2790,3030,93.0,101.0,180,83.0,84.0,-1.0,1.0,1.1904761904761905,-0.7839534074722382,nan,240,-0.05385107958378891,0.7153736038413593,-0.002237576118064764,0.9340811867979565,1.0,correct,08,8,9,first_180_seconds,106.228805542,62.7517814636,0,0,468.149022416,0.515857279301
PURE_CHECKPOINT/Eval_On_TOKYOTECH,TOKYOTECH,old,TOKYOTECH_s08,94,window,2820,3060,94.0,102.0,180,82.0,83.0,-1.0,1.0,1.2048192771084338,-0.6541747693621608,nan,240,-0.07265774130355566,0.6916534750757586,0.011811917903649159,0.9484654187985506,1.0,correct,08,8,9,first_180_seconds,106.228805542,62.7517814636,0,0,468.149022416,0.515857279301
PURE_CHECKPOINT/Eval_On_TOKYOTECH,TOKYOTECH,old,TOKYOTECH_s08,95,window,2850,3090,95.0,103.0,180,83.0,83.0,0.0,0.0,0.0,-0.807073996094379,nan,240,-0.10252380223634343,0.6691509219913628,-0.01600193294971934,0.9391394178709463,1.0,correct,08,8,9,first_180_seconds,106.228805542,62.7517814636,0,0,468.149022416,0.515857279301
PURE_CHECKPOINT/Eval_On_TOKYOTECH,TOKYOTECH,old,TOKYOTECH_s08,96,window,2880,3120,96.0,104.0,180,83.0,82.0,1.0,1.0,1.2195121951219512,-0.7563462224193247,nan,240,-0.09027996197498094,0.679982733174457,-0.0063993421217339195,0.8954312204950363,1.0,correct,08,8,9,first_180_seconds,106.228805542,62.7517814636,0,0,468.149022416,0.515857279301
PURE_CHECKPOINT/Eval_On_TOKYOTECH,TOKYOTECH,old,TOKYOTECH_s08,97,window,2910,3150,97.0,105.0,180,82.0,81.0,1.0,1.0,1.2345679012345678,-0.7058605241569372,nan,240,-0.12173961468894655,0.665527915760665,0.02564876168889577,0.9489616634399125,1.0,correct,08,8,9,first_180_seconds,106.228805542,62.7517814636,0,0,468.149022416,0.515857279301
PURE_CHECKPOINT/Eval_On_TOKYOTECH,TOKYOTECH,old,TOKYOTECH_s08,98,window,2940,3180,98.0,106.0,180,82.0,80.0,2.0,2.0,2.5,-0.6100844908962808,nan,240,-0.09755261401102568,0.6791540627925675,-0.00040095444960733343,0.9089918223900761,1.0,correct,08,8,9,first_180_seconds,106.228805542,62.7517814636,0,0,468.149022416,0.515857279301
PURE_CHECKPOINT/Eval_On_TOKYOTECH,TOKYOTECH,old,TOKYOTECH_s08,99,window,2970,3210,99.0,107.0,180,80.0,80.0,0.0,0.0,0.0,-0.5608029433842648,nan,240,-0.07135332321049645,0.6849707802274627,-0.005730939416314852,0.879844904914909,1.0,correct,08,8,9,first_180_seconds,106.228805542,62.7517814636,0,0,468.149022416,0.515857279301
PURE_CHECKPOINT/Eval_On_TOKYOTECH,TOKYOTECH,old,TOKYOTECH_s08,100,window,3000,3240,100.0,108.0,180,80.0,79.0,1.0,1.0,1.2658227848101267,-0.6173913011267564,nan,240,-0.04235575843680029,0.7103709242415732,0.03403879316226322,0.9059044101144147,1.0,correct,08,8,9,first_180_seconds,106.228805542,62.7517814636,0,0,468.149022416,0.515857279301
PURE_CHECKPOINT/Eval_On_TOKYOTECH,TOKYOTECH,old,TOKYOTECH_s08,101,window,3030,3270,101.0,109.0,180,76.0,79.0,-3.0,3.0,3.79746835443038,-0.47458832865060446,nan,240,0.08955163870705292,0.7416197807922905,-0.00953416255177838,0.9440245567527337,1.0,correct,08,8,9,first_180_seconds,106.228805542,62.7517814636,0,0,468.149022416,0.515857279301
PURE_CHECKPOINT/Eval_On_TOKYOTECH,TOKYOTECH,old,TOKYOTECH_s08,102,window,3060,3300,102.0,110.0,180,81.0,80.0,1.0,1.0,1.25,-0.5884762317797249,nan,240,0.15285324310631646,0.7674233762180728,0.013744590537964207,0.9376217821457996,1.0,correct,08,8,9,first_180_seconds,106.228805542,62.7517814636,0,0,468.149022416,0.515857279301
PURE_CHECKPOINT/Eval_On_TOKYOTECH,TOKYOTECH,old,TOKYOTECH_s08,103,window,3090,3330,103.0,111.0,180,82.0,81.0,1.0,1.0,1.2345679012345678,-0.6212621646854806,nan,240,0.23023876472434496,0.7917532125199276,0.0359115544309382,0.9582014608839948,1.0,correct,08,8,9,first_180_seconds,106.228805542,62.7517814636,0,0,468.149022416,0.515857279301
PURE_CHECKPOINT/Eval_On_TOKYOTECH,TOKYOTECH,old,TOKYOTECH_s08,104,window,3120,3360,104.0,112.0,180,82.0,83.0,-1.0,1.0,1.2048192771084338,-0.6322070972946923,nan,240,0.23555699325418875,0.7917361692279746,-0.022423676544914388,0.8672086576398611,1.0,correct,08,8,9,first_180_seconds,106.228805542,62.7517814636,0,0,468.149022416,0.515857279301
PURE_CHECKPOINT/Eval_On_TOKYOTECH,TOKYOTECH,old,TOKYOTECH_s08,105,window,3150,3390,105.0,113.0,180,83.0,84.0,-1.0,1.0,1.1904761904761905,-0.6735181057431757,nan,240,0.2610224576482627,0.8040257369053877,0.005202893903102468,0.949924787868779,1.0,correct,08,8,9,first_180_seconds,106.228805542,62.7517814636,0,0,468.149022416,0.515857279301
PURE_CHECKPOINT/Eval_On_TOKYOTECH,TOKYOTECH,old,TOKYOTECH_s08,106,window,3180,3420,106.0,114.0,180,83.0,85.0,-2.0,2.0,2.3529411764705883,-0.5334704432966225,nan,240,0.21630845289619174,0.8163828875195132,0.014606428956524704,0.9259059184181929,1.0,correct,08,8,9,first_180_seconds,106.228805542,62.7517814636,0,0,468.149022416,0.515857279301
PURE_CHECKPOINT/Eval_On_TOKYOTECH,TOKYOTECH,old,TOKYOTECH_s08,107,window,3210,3450,107.0,115.0,180,84.0,85.0,-1.0,1.0,1.1764705882352942,-0.646910913689982,nan,240,0.15442537040895937,0.850869242442816,0.015440385651650112,0.9219858375191329,1.0,correct,08,8,9,first_180_seconds,106.228805542,62.7517814636,0,0,468.149022416,0.515857279301
PURE_CHECKPOINT/Eval_On_TOKYOTECH,TOKYOTECH,old,TOKYOTECH_s08,108,window,3240,3480,108.0,116.0,180,82.0,85.0,-3.0,3.0,3.5294117647058822,-0.5081335763282971,nan,240,0.10896790611150209,0.8446990079028897,0.02825769494003753,0.9461155363148142,1.0,correct,08,8,9,first_180_seconds,106.228805542,62.7517814636,0,0,468.149022416,0.515857279301
PURE_CHECKPOINT/Eval_On_TOKYOTECH,TOKYOTECH,old,TOKYOTECH_s08,109,window,3270,3510,109.0,117.0,180,84.0,85.0,-1.0,1.0,1.1764705882352942,-0.6641812660434743,nan,240,-0.04186107056157198,0.8276649673605109,0.0039217311011432165,0.9279812661585078,1.0,correct,08,8,9,first_180_seconds,106.228805542,62.7517814636,0,0,468.149022416,0.515857279301
PURE_CHECKPOINT/Eval_On_TOKYOTECH,TOKYOTECH,old,TOKYOTECH_s08,110,window,3300,3540,110.0,118.0,180,84.0,85.0,-1.0,1.0,1.1764705882352942,-0.55949050666018,nan,240,-0.05728025927868051,0.8102906563739993,-0.001116194961210008,0.9230704104108272,1.0,correct,08,8,9,first_180_seconds,106.228805542,62.7517814636,0,0,468.149022416,0.515857279301
PURE_CHECKPOINT/Eval_On_TOKYOTECH,TOKYOTECH,old,TOKYOTECH_s08,111,window,3330,3570,111.0,119.0,180,83.0,85.0,-2.0,2.0,2.3529411764705883,-0.5563238122588701,nan,240,-0.1248513816021538,0.7651995410348332,-0.004418239138032365,0.9399997242764149,1.0,correct,08,8,9,first_180_seconds,106.228805542,62.7517814636,0,0,468.149022416,0.515857279301
PURE_CHECKPOINT/Eval_On_TOKYOTECH,TOKYOTECH,old,TOKYOTECH_s08,112,window,3360,3600,112.0,120.0,180,85.0,84.0,1.0,1.0,1.1904761904761905,-0.7007302444211506,nan,240,-0.1925301581703631,0.7511847556911688,0.0009793323924255212,0.9220380802672444,1.0,correct,08,8,9,first_180_seconds,106.228805542,62.7517814636,0,0,468.149022416,0.515857279301
PURE_CHECKPOINT/Eval_On_TOKYOTECH,TOKYOTECH,old,TOKYOTECH_s08,113,window,3390,3630,113.0,121.0,180,82.0,84.0,-2.0,2.0,2.380952380952381,-0.6485742052634302,nan,240,-0.26063506147717513,0.7016263331863939,0.01867865678608119,0.9397262959684771,1.0,correct,08,8,9,first_180_seconds,106.228805542,62.7517814636,0,0,468.149022416,0.515857279301
PURE_CHECKPOINT/Eval_On_TOKYOTECH,TOKYOTECH,old,TOKYOTECH_s08,114,window,3420,3660,114.0,122.0,180,86.0,83.0,3.0,3.0,3.614457831325301,-0.5638203960110083,nan,240,-0.27520240357892667,0.6989479080585351,0.015999259517586815,0.9464533041109151,1.0,correct,08,8,9,first_180_seconds,106.228805542,62.7517814636,0,0,468.149022416,0.515857279301
PURE_CHECKPOINT/Eval_On_TOKYOTECH,TOKYOTECH,old,TOKYOTECH_s08,115,window,3450,3690,115.0,123.0,180,83.0,82.0,1.0,1.0,1.2195121951219512,-0.7109756665313258,nan,240,-0.27903926456395617,0.6657855596858627,0.011841681599854156,0.9525635062528125,1.0,correct,08,8,9,first_180_seconds,106.228805542,62.7517814636,0,0,468.149022416,0.515857279301
PURE_CHECKPOINT/Eval_On_TOKYOTECH,TOKYOTECH,old,TOKYOTECH_s08,116,window,3480,3720,116.0,124.0,180,81.0,80.0,1.0,1.0,1.25,-0.5490361735537229,nan,240,-0.3066822142791352,0.6439494509758237,0.03438596166170387,0.9573328491988854,1.0,correct,08,8,9,first_180_seconds,106.228805542,62.7517814636,0,0,468.149022416,0.515857279301
PURE_CHECKPOINT/Eval_On_TOKYOTECH,TOKYOTECH,old,TOKYOTECH_s08,117,window,3510,3750,117.0,125.0,180,76.0,78.0,-2.0,2.0,2.564102564102564,-0.4308124587691319,nan,240,-0.22593631725612795,0.6397076899970372,0.002466561993447083,0.9621497050765859,1.0,correct,08,8,9,first_180_seconds,106.228805542,62.7517814636,0,0,468.149022416,0.515857279301
PURE_CHECKPOINT/Eval_On_TOKYOTECH,TOKYOTECH,old,TOKYOTECH_s08,118,window,3540,3780,118.0,126.0,180,75.0,76.0,-1.0,1.0,1.3157894736842104,-0.3814180705628615,nan,240,-0.26574132711054216,0.6009092074610936,0.016501570130835225,0.9426061860198709,1.0,correct,08,8,9,first_180_seconds,106.228805542,62.7517814636,0,0,468.149022416,0.515857279301
PURE_CHECKPOINT/Eval_On_TOKYOTECH,TOKYOTECH,old,TOKYOTECH_s08,119,window,3570,3810,119.0,127.0,180,74.0,74.0,0.0,0.0,0.0,-0.5896142682379739,nan,240,-0.28747774755320277,0.5863731734858246,-0.01913389170306392,0.9488709498274098,1.0,correct,08,8,9,first_180_seconds,106.228805542,62.7517814636,0,0,468.149022416,0.515857279301
PURE_CHECKPOINT/Eval_On_TOKYOTECH,TOKYOTECH,old,TOKYOTECH_s08,120,window,3600,3840,120.0,128.0,180,73.0,73.0,0.0,0.0,0.0,-0.509387719953408,nan,240,-0.24985283541415507,0.5912153041806009,-0.005570757883128363,0.9153155316454603,1.0,correct,08,8,9,first_180_seconds,106.228805542,62.7517814636,0,0,468.149022416,0.515857279301
PURE_CHECKPOINT/Eval_On_TOKYOTECH,TOKYOTECH,old,TOKYOTECH_s08,121,window,3630,3870,121.0,129.0,180,74.0,72.0,2.0,2.0,2.7777777777777777,-0.4652678447276214,nan,240,-0.1886113514774479,0.6181564450054433,0.025864841557314878,0.9588897566732959,1.0,correct,08,8,9,first_180_seconds,106.228805542,62.7517814636,0,0,468.149022416,0.515857279301
PURE_CHECKPOINT/Eval_On_TOKYOTECH,TOKYOTECH,old,TOKYOTECH_s08,122,window,3660,3900,122.0,130.0,180,74.0,72.0,2.0,2.0,2.7777777777777777,-0.5770442703630512,nan,240,-0.11301081608592843,0.6344815491769515,0.015547577313454254,0.9433943900548123,1.0,correct,08,8,9,first_180_seconds,106.228805542,62.7517814636,0,0,468.149022416,0.515857279301
PURE_CHECKPOINT/Eval_On_TOKYOTECH,TOKYOTECH,old,TOKYOTECH_s08,123,window,3690,3930,123.0,131.0,180,74.0,72.0,2.0,2.0,2.7777777777777777,-0.5449614946235711,nan,240,-0.036210169831368454,0.6384109593325029,0.002494582012129028,0.903486180160794,1.0,correct,08,8,9,first_180_seconds,106.228805542,62.7517814636,0,0,468.149022416,0.515857279301
PURE_CHECKPOINT/Eval_On_TOKYOTECH,TOKYOTECH,old,TOKYOTECH_s08,124,window,3720,3960,124.0,132.0,180,74.0,72.0,2.0,2.0,2.7777777777777777,-0.5215979623648277,nan,240,0.024561275786254555,0.6585481616400382,-0.0034182767256391382,0.8968358055623096,1.0,correct,08,8,9,first_180_seconds,106.228805542,62.7517814636,0,0,468.149022416,0.515857279301
PURE_CHECKPOINT/Eval_On_TOKYOTECH,TOKYOTECH,old,TOKYOTECH_s08,125,window,3750,3990,125.0,133.0,180,74.0,72.0,2.0,2.0,2.7777777777777777,-0.6304912227895756,nan,240,0.010516697987137983,0.7095209682239864,-0.0010053395004440057,0.9416222926022759,1.0,correct,08,8,9,first_180_seconds,106.228805542,62.7517814636,0,0,468.149022416,0.515857279301
PURE_CHECKPOINT/Eval_On_TOKYOTECH,TOKYOTECH,old,TOKYOTECH_s08,126,window,3780,4020,126.0,134.0,180,74.0,72.0,2.0,2.0,2.7777777777777777,-0.48065198998290953,nan,240,0.02578807631895567,0.7594091770768112,0.027843713588547713,0.9739985875693324,1.0,correct,08,8,9,first_180_seconds,106.228805542,62.7517814636,0,0,468.149022416,0.515857279301
PURE_CHECKPOINT/Eval_On_TOKYOTECH,TOKYOTECH,old,TOKYOTECH_s08,127,window,3810,4050,127.0,135.0,180,74.0,72.0,2.0,2.0,2.7777777777777777,-0.44420270941394396,nan,240,0.004233419270409892,0.7969169880272515,0.029272072194004805,0.970448750809777,1.0,correct,08,8,9,first_180_seconds,106.228805542,62.7517814636,0,0,468.149022416,0.515857279301
PURE_CHECKPOINT/Eval_On_TOKYOTECH,TOKYOTECH,old,TOKYOTECH_s08,128,window,3840,4080,128.0,136.0,180,69.0,71.0,-2.0,2.0,2.8169014084507045,-0.3872944868746859,nan,240,-0.05586508674314246,0.8165551247993544,0.005178225939672998,0.9494089518751361,1.0,correct,08,8,9,first_180_seconds,106.228805542,62.7517814636,0,0,468.149022416,0.515857279301
PURE_CHECKPOINT/Eval_On_TOKYOTECH,TOKYOTECH,old,TOKYOTECH_s08,129,window,3870,4110,129.0,137.0,180,68.0,71.0,-3.0,3.0,4.225352112676056,-0.253426042559751,nan,240,-0.15326692917927479,0.8220861648953878,0.004998762404599518,0.9585644508001475,1.0,correct,08,8,9,first_180_seconds,106.228805542,62.7517814636,0,0,468.149022416,0.515857279301
PURE_CHECKPOINT/Eval_On_TOKYOTECH,TOKYOTECH,old,TOKYOTECH_s08,130,window,3900,4140,130.0,138.0,180,67.0,70.0,-3.0,3.0,4.285714285714286,-0.28617579229118617,nan,240,-0.2488273871014826,0.7970891882826716,0.018547571946729395,0.9552376555885702,1.0,correct,08,8,9,first_180_seconds,106.228805542,62.7517814636,0,0,468.149022416,0.515857279301
PURE_CHECKPOINT/Eval_On_TOKYOTECH,TOKYOTECH,old,TOKYOTECH_s08,131,window,3930,4170,131.0,139.0,180,67.0,69.0,-2.0,2.0,2.898550724637681,-0.19141160894386602,nan,240,-0.31607750579326727,0.7717774200409302,0.005741688829353716,0.9492958334578794,1.0,correct,08,8,9,first_180_seconds,106.228805542,62.7517814636,0,0,468.149022416,0.515857279301
PURE_CHECKPOINT/Eval_On_TOKYOTECH,TOKYOTECH,old,TOKYOTECH_s08,132,window,3960,4200,132.0,140.0,180,67.0,68.0,-1.0,1.0,1.4705882352941175,-0.4683153159523283,nan,240,-0.36558256825859037,0.7252138682870011,-0.010896534405054859,0.9296516549231139,1.0,correct,08,8,9,first_180_seconds,106.228805542,62.7517814636,0,0,468.149022416,0.515857279301
PURE_CHECKPOINT/Eval_On_TOKYOTECH,TOKYOTECH,old,TOKYOTECH_s08,133,window,3990,4230,133.0,141.0,180,67.0,68.0,-1.0,1.0,1.4705882352941175,-0.4476254770623024,nan,240,-0.3804114134227954,0.6649669183860085,-0.0064326152538324525,0.9020653712349481,1.0,correct,08,8,9,first_180_seconds,106.228805542,62.7517814636,0,0,468.149022416,0.515857279301
PURE_CHECKPOINT/Eval_On_TOKYOTECH,TOKYOTECH,old,TOKYOTECH_s08,134,window,4020,4260,134.0,142.0,180,67.0,68.0,-1.0,1.0,1.4705882352941175,-0.5421557365683503,nan,240,-0.3659332806877501,0.6055669131065429,-0.01221698999417912,0.907283434437431,1.0,correct,08,8,9,first_180_seconds,106.228805542,62.7517814636,0,0,468.149022416,0.515857279301
PURE_CHECKPOINT/Eval_On_TOKYOTECH,TOKYOTECH,old,TOKYOTECH_s08,135,window,4050,4290,135.0,143.0,180,67.0,68.0,-1.0,1.0,1.4705882352941175,-0.3676544838694605,nan,240,-0.2678407864269199,0.6312086478000826,-0.009358995153681752,0.9590764831414138,1.0,correct,08,8,9,first_180_seconds,106.228805542,62.7517814636,0,0,468.149022416,0.515857279301
PURE_CHECKPOINT/Eval_On_TOKYOTECH,TOKYOTECH,old,TOKYOTECH_s08,136,window,4080,4320,136.0,144.0,180,67.0,68.0,-1.0,1.0,1.4705882352941175,-0.18369046437519185,nan,240,-0.1128254616567574,0.6678556274071098,0.007915148434248741,0.9582099672226473,1.0,correct,08,8,9,first_180_seconds,106.228805542,62.7517814636,0,0,468.149022416,0.515857279301
PURE_CHECKPOINT/Eval_On_TOKYOTECH,TOKYOTECH,old,TOKYOTECH_s08,137,window,4110,4350,137.0,145.0,180,67.0,68.0,-1.0,1.0,1.4705882352941175,-0.23262402361962975,nan,240,0.019328339792506692,0.6541854613594288,0.021010485739601056,0.9573737564907552,1.0,correct,08,8,9,first_180_seconds,106.228805542,62.7517814636,0,0,468.149022416,0.515857279301
PURE_CHECKPOINT/Eval_On_TOKYOTECH,TOKYOTECH,old,TOKYOTECH_s08,138,window,4140,4380,138.0,146.0,180,68.0,68.0,0.0,0.0,0.0,-0.285313460327713,nan,240,0.12101275987491439,0.6258025116926932,0.022414688367376347,0.94246158443998,1.0,correct,08,8,9,first_180_seconds,106.228805542,62.7517814636,0,0,468.149022416,0.515857279301
PURE_CHECKPOINT/Eval_On_TOKYOTECH,TOKYOTECH,old,TOKYOTECH_s08,139,window,4170,4410,139.0,147.0,180,68.0,69.0,-1.0,1.0,1.4492753623188406,-0.646327646811469,nan,240,0.20115313294688045,0.6337900137309012,0.002763194790104211,0.9491003574277272,1.0,correct,08,8,9,first_180_seconds,106.228805542,62.7517814636,0,0,468.149022416,0.515857279301
PURE_CHECKPOINT/Eval_On_TOKYOTECH,TOKYOTECH,old,TOKYOTECH_s08,140,window,4200,4440,140.0,148.0,180,69.0,69.0,0.0,0.0,0.0,-0.6389423740779994,nan,240,0.24912402173965045,0.6567334408597945,0.02450965877304496,0.9337568087833655,1.0,correct,08,8,9,first_180_seconds,106.228805542,62.7517814636,0,0,468.149022416,0.515857279301
PURE_CHECKPOINT/Eval_On_TOKYOTECH,TOKYOTECH,old,TOKYOTECH_s08,141,window,4230,4470,141.0,149.0,180,68.0,68.0,0.0,0.0,0.0,-0.653886007074232,nan,240,0.2895956872428845,0.6731173085418901,0.006553612005969045,0.942179806681879,1.0,correct,08,8,9,first_180_seconds,106.228805542,62.7517814636,0,0,468.149022416,0.515857279301
PURE_CHECKPOINT/Eval_On_TOKYOTECH,TOKYOTECH,old,TOKYOTECH_s08,142,window,4260,4500,142.0,150.0,180,67.0,68.0,-1.0,1.0,1.4705882352941175,-0.5221691073483324,nan,240,0.30369682717913143,0.701472911644528,0.009995859855972214,0.9448045848484533,1.0,correct,08,8,9,first_180_seconds,106.228805542,62.7517814636,0,0,468.149022416,0.515857279301
PURE_CHECKPOINT/Eval_On_TOKYOTECH,TOKYOTECH,old,TOKYOTECH_s08,143,window,4290,4530,143.0,151.0,180,67.0,69.0,-2.0,2.0,2.898550724637681,-0.42552939095353676,nan,240,0.29568724548444153,0.7404780496414067,0.008247166589215366,0.9586612675746138,1.0,correct,08,8,9,first_180_seconds,106.228805542,62.7517814636,0,0,468.149022416,0.515857279301
PURE_CHECKPOINT/Eval_On_TOKYOTECH,TOKYOTECH,old,TOKYOTECH_s08,144,window,4320,4560,144.0,152.0,180,67.0,68.0,-1.0,1.0,1.4705882352941175,-0.5853917841189099,nan,240,0.27215694435096033,0.762670111633982,0.023470935681624904,0.9554482065013196,1.0,correct,08,8,9,first_180_seconds,106.228805542,62.7517814636,0,0,468.149022416,0.515857279301
PURE_CHECKPOINT/Eval_On_TOKYOTECH,TOKYOTECH,old,TOKYOTECH_s08,145,window,4350,4590,145.0,153.0,180,68.0,69.0,-1.0,1.0,1.4492753623188406,-0.5368682869869641,nan,240,0.24672494249728819,0.7893208684709723,0.002853149396503207,0.9683752076908612,1.0,correct,08,8,9,first_180_seconds,106.228805542,62.7517814636,0,0,468.149022416,0.515857279301
PURE_CHECKPOINT/Eval_On_TOKYOTECH,TOKYOTECH,old,TOKYOTECH_s08,146,window,4380,4620,146.0,154.0,180,68.0,69.0,-1.0,1.0,1.4492753623188406,-0.8202641281520765,nan,240,0.22651665539791185,0.8277312042330021,0.00948794579885498,0.9277072300860266,1.0,correct,08,8,9,first_180_seconds,106.228805542,62.7517814636,0,0,468.149022416,0.515857279301
PURE_CHECKPOINT/Eval_On_TOKYOTECH,TOKYOTECH,old,TOKYOTECH_s08,147,window,4410,4650,147.0,155.0,180,72.0,70.0,2.0,2.0,2.857142857142857,-0.5080254867016732,nan,240,0.2623730693788578,0.8690291583554135,0.018837220464481382,0.9370958475430253,1.0,correct,08,8,9,first_180_seconds,106.228805542,62.7517814636,0,0,468.149022416,0.515857279301
PURE_CHECKPOINT/Eval_On_TOKYOTECH,TOKYOTECH,old,TOKYOTECH_s08,148,window,4440,4680,148.0,156.0,180,71.0,70.0,1.0,1.0,1.4285714285714286,-0.5517647305467034,nan,240,0.3001383654462794,0.8899481361895705,0.005086636309293032,0.9363905551610351,1.0,correct,08,8,9,first_180_seconds,106.228805542,62.7517814636,0,0,468.149022416,0.515857279301
PURE_CHECKPOINT/Eval_On_TOKYOTECH,TOKYOTECH,old,TOKYOTECH_s08,149,window,4470,4710,149.0,157.0,180,68.0,71.0,-3.0,3.0,4.225352112676056,-0.4785170095929756,nan,240,0.2975672356163462,0.9114238626871924,0.005051760034043077,0.960405535475548,1.0,correct,08,8,9,first_180_seconds,106.228805542,62.7517814636,0,0,468.149022416,0.515857279301
PURE_CHECKPOINT/Eval_On_TOKYOTECH,TOKYOTECH,old,TOKYOTECH_s08,150,window,4500,4740,150.0,158.0,180,68.0,71.0,-3.0,3.0,4.225352112676056,-0.4491186229993726,nan,240,0.26805678388724724,0.9534626378649442,0.017400971431116807,0.9545122214247371,1.0,correct,08,8,9,first_180_seconds,106.228805542,62.7517814636,0,0,468.149022416,0.515857279301
PURE_CHECKPOINT/Eval_On_TOKYOTECH,TOKYOTECH,old,TOKYOTECH_s08,151,window,4530,4770,151.0,159.0,180,69.0,71.0,-2.0,2.0,2.8169014084507045,-0.2978811632419531,nan,240,0.20473771567922086,0.9755167054712222,0.0018901616940834329,0.952782076775137,1.0,correct,08,8,9,first_180_seconds,106.228805542,62.7517814636,0,0,468.149022416,0.515857279301
PURE_CHECKPOINT/Eval_On_TOKYOTECH,TOKYOTECH,old,TOKYOTECH_s08,152,window,4560,4800,152.0,160.0,180,71.0,71.0,0.0,0.0,0.0,-0.5712391574444063,nan,240,0.1237228055484593,1.0068389076666473,0.02691569611877482,0.9603289929496265,1.0,correct,08,8,9,first_180_seconds,106.228805542,62.7517814636,0,0,468.149022416,0.515857279301
PURE_CHECKPOINT/Eval_On_TOKYOTECH,TOKYOTECH,old,TOKYOTECH_s08,153,window,4590,4830,153.0,161.0,180,74.0,71.0,3.0,3.0,4.225352112676056,-0.612039327514514,nan,240,0.14470001530523102,1.047840329901597,0.0263368359239867,0.9567318579895027,1.0,correct,08,8,9,first_180_seconds,106.228805542,62.7517814636,0,0,468.149022416,0.515857279301
PURE_CHECKPOINT/Eval_On_TOKYOTECH,TOKYOTECH,old,TOKYOTECH_s08,154,window,4620,4860,154.0,162.0,180,69.0,70.0,-1.0,1.0,1.4285714285714286,-0.42027886155900746,nan,240,0.17359490340265135,1.0533923455904244,-0.007177021864150982,0.9230428547957787,1.0,correct,08,8,9,first_180_seconds,106.228805542,62.7517814636,0,0,468.149022416,0.515857279301
PURE_CHECKPOINT/Eval_On_TOKYOTECH,TOKYOTECH,old,TOKYOTECH_s08,155,window,4650,4890,155.0,163.0,180,68.0,70.0,-2.0,2.0,2.857142857142857,-0.3473215463271684,nan,240,0.11783333245354394,1.0537412204201853,0.01653734415364295,0.9554920434120586,1.0,correct,08,8,9,first_180_seconds,106.228805542,62.7517814636,0,0,468.149022416,0.515857279301
PURE_CHECKPOINT/Eval_On_TOKYOTECH,TOKYOTECH,old,TOKYOTECH_s08,156,window,4680,4920,156.0,164.0,180,68.0,70.0,-2.0,2.0,2.857142857142857,-0.4449180755448577,nan,240,0.05735260867513716,1.056161589494758,0.008652979523862759,0.9377747729319253,1.0,correct,08,8,9,first_180_seconds,106.228805542,62.7517814636,0,0,468.149022416,0.515857279301
PURE_CHECKPOINT/Eval_On_TOKYOTECH,TOKYOTECH,old,TOKYOTECH_s08,157,window,4710,4950,157.0,165.0,180,70.0,70.0,0.0,0.0,0.0,-0.6266306264312304,nan,240,0.00717166766213874,1.0706804152442058,0.01653333618279439,0.9084750214030789,1.0,correct,08,8,9,first_180_seconds,106.228805542,62.7517814636,0,0,468.149022416,0.515857279301
PURE_CHECKPOINT/Eval_On_TOKYOTECH,TOKYOTECH,old,TOKYOTECH_s08,158,window,4740,4980,158.0,166.0,180,72.0,71.0,1.0,1.0,1.4084507042253522,-0.4353876875137764,nan,240,0.01900252086731295,1.0822797247461606,0.031113032635513384,0.955497567707971,1.0,correct,08,8,9,first_180_seconds,106.228805542,62.7517814636,0,0,468.149022416,0.515857279301
PURE_CHECKPOINT/Eval_On_TOKYOTECH,TOKYOTECH,old,TOKYOTECH_s08,159,window,4770,5010,159.0,167.0,180,74.0,71.0,3.0,3.0,4.225352112676056,-0.3679894802555678,nan,240,0.0858878874219954,1.0869045399331079,0.02247716455732316,0.9609668703649141,1.0,correct,08,8,9,first_180_seconds,106.228805542,62.7517814636,0,0,468.149022416,0.515857279301
PURE_CHECKPOINT/Eval_On_TOKYOTECH,TOKYOTECH,old,TOKYOTECH_s08,160,window,4800,5040,160.0,168.0,180,73.0,71.0,2.0,2.0,2.8169014084507045,-0.589225372438528,nan,240,0.14334156266413628,1.0872736165786416,-0.013927964030137381,0.9554668052125364,1.0,correct,08,8,9,first_180_seconds,106.228805542,62.7517814636,0,0,468.149022416,0.515857279301
PURE_CHECKPOINT/Eval_On_TOKYOTECH,TOKYOTECH,old,TOKYOTECH_s08,161,window,4830,5070,161.0,169.0,180,72.0,72.0,0.0,0.0,0.0,-0.43469860329259946,nan,240,0.12314535705372691,1.0901429233406947,-0.004218766253924902,0.9210238892227061,1.0,correct,08,8,9,first_180_seconds,106.228805542,62.7517814636,0,0,468.149022416,0.515857279301
PURE_CHECKPOINT/Eval_On_TOKYOTECH,TOKYOTECH,old,TOKYOTECH_s08,162,window,4860,5100,162.0,170.0,180,74.0,72.0,2.0,2.0,2.7777777777777777,-0.5828192650112629,nan,240,0.08491655417407552,1.1118539744133542,0.010409140048151027,0.9460475428052931,1.0,correct,08,8,9,first_180_seconds,106.228805542,62.7517814636,0,0,468.149022416,0.515857279301
PURE_CHECKPOINT/Eval_On_TOKYOTECH,TOKYOTECH,old,TOKYOTECH_s08,163,window,4890,5130,163.0,171.0,180,74.0,73.0,1.0,1.0,1.36986301369863,-0.5653817759324996,nan,240,0.13774200033706924,1.143947565096629,0.02758973051860305,0.9733854903281808,1.0,correct,08,8,9,first_180_seconds,106.228805542,62.7517814636,0,0,468.149022416,0.515857279301
PURE_CHECKPOINT/Eval_On_TOKYOTECH,TOKYOTECH,old,TOKYOTECH_s08,164,window,4920,5160,164.0,172.0,180,75.0,73.0,2.0,2.0,2.73972602739726,-0.6288248193285139,nan,240,0.1817437248149266,1.1680016616821332,0.015166758094840785,0.9574749960467139,1.0,correct,08,8,9,first_180_seconds,106.228805542,62.7517814636,0,0,468.149022416,0.515857279301
PURE_CHECKPOINT/Eval_On_TOKYOTECH,TOKYOTECH,old,TOKYOTECH_s08,165,window,4950,5190,165.0,173.0,180,74.0,73.0,1.0,1.0,1.36986301369863,-0.8545627735917541,nan,240,0.19810755968404312,1.1599117435075332,-0.01578583003580735,0.9726077238394408,1.0,correct,08,8,9,first_180_seconds,106.228805542,62.7517814636,0,0,468.149022416,0.515857279301
PURE_CHECKPOINT/Eval_On_TOKYOTECH,TOKYOTECH,old,TOKYOTECH_s08,166,window,4980,5220,166.0,174.0,180,69.0,73.0,-4.0,4.0,5.47945205479452,-0.5971719008067858,nan,240,0.15928531176565836,1.197140425071042,-0.01149567861876332,0.9583985067150017,1.0,large_error,08,8,9,first_180_seconds,106.228805542,62.7517814636,0,0,468.149022416,0.515857279301
PURE_CHECKPOINT/Eval_On_TOKYOTECH,TOKYOTECH,old,TOKYOTECH_s08,167,window,5010,5250,167.0,175.0,180,73.0,73.0,0.0,0.0,0.0,-0.6031439952926341,nan,240,0.13491491556633264,1.2276296325091218,0.020074168478096517,0.9685080449071904,1.0,correct,08,8,9,first_180_seconds,106.228805542,62.7517814636,0,0,468.149022416,0.515857279301
PURE_CHECKPOINT/Eval_On_TOKYOTECH,TOKYOTECH,old,TOKYOTECH_s08,168,window,5040,5280,168.0,176.0,180,74.0,73.0,1.0,1.0,1.36986301369863,-0.5220944619946973,nan,240,0.14095456478341173,1.2704805830781372,0.02917952133501887,0.9667008973789932,1.0,correct,08,8,9,first_180_seconds,106.228805542,62.7517814636,0,0,468.149022416,0.515857279301
PURE_CHECKPOINT/Eval_On_TOKYOTECH,TOKYOTECH,old,TOKYOTECH_s09,0,window,0,240,0.0,8.0,180,97.0,97.0,0.0,0.0,0.0,-0.06615829523543781,nan,240,-0.14138692854685359,1.3877780982803043,-0.013670033093031357,0.7926429178719849,1.0,correct,09,9,9,first_180_seconds,97.820602417,76.7501373291,0,0.00372314453125,270.441134873,0.582500994205
PURE_CHECKPOINT/Eval_On_TOKYOTECH,TOKYOTECH,old,TOKYOTECH_s09,1,window,30,270,1.0,9.0,180,97.0,96.0,1.0,1.0,1.0416666666666665,-0.19176366166293715,nan,240,-0.10882773247988856,0.8052972084366079,-0.007227737336780008,0.8927764690165327,1.0,correct,09,9,9,first_180_seconds,97.820602417,76.7501373291,0,0.00372314453125,270.441134873,0.582500994205
PURE_CHECKPOINT/Eval_On_TOKYOTECH,TOKYOTECH,old,TOKYOTECH_s09,2,window,60,300,2.0,10.0,180,110.99999999999999,97.0,13.999999999999986,13.999999999999986,14.432989690721634,-0.19294852797794962,nan,240,-0.11433735007861591,0.7771729752867206,-0.013761809887941146,0.8615325766583454,1.0,large_error,09,9,9,first_180_seconds,97.820602417,76.7501373291,0,0.00372314453125,270.441134873,0.582500994205
PURE_CHECKPOINT/Eval_On_TOKYOTECH,TOKYOTECH,old,TOKYOTECH_s09,3,window,90,330,3.0,11.0,180,99.0,98.0,1.0,1.0,1.0204081632653061,-0.30613595768603685,nan,240,-0.13475928006810137,0.7522258636850557,-0.03998646672511617,0.9038940546334776,1.0,correct,09,9,9,first_180_seconds,97.820602417,76.7501373291,0,0.00372314453125,270.441134873,0.582500994205
PURE_CHECKPOINT/Eval_On_TOKYOTECH,TOKYOTECH,old,TOKYOTECH_s09,4,window,120,360,4.0,12.0,180,66.0,99.0,-33.0,33.0,33.33333333333333,-0.27312363383727156,nan,240,-0.17395745892766476,0.7362693114672163,-0.02414833317143973,0.7990802211483227,1.0,large_error,09,9,9,first_180_seconds,97.820602417,76.7501373291,0,0.00372314453125,270.441134873,0.582500994205
PURE_CHECKPOINT/Eval_On_TOKYOTECH,TOKYOTECH,old,TOKYOTECH_s09,5,window,150,390,5.0,13.0,180,105.0,99.0,6.0,6.0,6.0606060606060606,-0.1425627400826581,nan,240,-0.12599919851782032,0.7122565213795832,-0.015734795272344955,0.9038495920535982,1.0,large_error,09,9,9,first_180_seconds,97.820602417,76.7501373291,0,0.00372314453125,270.441134873,0.582500994205
PURE_CHECKPOINT/Eval_On_TOKYOTECH,TOKYOTECH,old,TOKYOTECH_s09,6,window,180,420,6.0,14.0,180,98.0,99.0,-1.0,1.0,1.0101010101010102,-0.7290973892558474,nan,240,-0.1440511457209747,0.7056552791617436,-0.008954402727793864,0.925209352916243,1.0,correct,09,9,9,first_180_seconds,97.820602417,76.7501373291,0,0.00372314453125,270.441134873,0.582500994205
PURE_CHECKPOINT/Eval_On_TOKYOTECH,TOKYOTECH,old,TOKYOTECH_s09,7,window,210,450,7.0,15.0,180,98.0,98.0,0.0,0.0,0.0,-0.650093466198299,nan,240,-0.09150379711209097,0.7000601307383035,0.01315243267584807,0.934916354621181,1.0,correct,09,9,9,first_180_seconds,97.820602417,76.7501373291,0,0.00372314453125,270.441134873,0.582500994205
PURE_CHECKPOINT/Eval_On_TOKYOTECH,TOKYOTECH,old,TOKYOTECH_s09,8,window,240,480,8.0,16.0,180,112.0,98.0,14.0,14.0,14.285714285714285,-0.32334102832548584,nan,240,-0.0989373317740198,0.7162898170964488,-0.0007279691513457901,0.9336606142365049,1.0,large_error,09,9,9,first_180_seconds,97.820602417,76.7501373291,0,0.00372314453125,270.441134873,0.582500994205
PURE_CHECKPOINT/Eval_On_TOKYOTECH,TOKYOTECH,old,TOKYOTECH_s09,9,window,270,510,9.0,17.0,180,97.0,98.0,-1.0,1.0,1.0204081632653061,-0.6367814234681604,nan,240,-0.0098915169146494,0.7627695217730728,-0.0012524600184674532,0.9099270971503651,1.0,correct,09,9,9,first_180_seconds,97.820602417,76.7501373291,0,0.00372314453125,270.441134873,0.582500994205
PURE_CHECKPOINT/Eval_On_TOKYOTECH,TOKYOTECH,old,TOKYOTECH_s09,10,window,300,540,10.0,18.0,180,97.0,98.0,-1.0,1.0,1.0204081632653061,-0.7135469250684827,nan,240,0.008965152663586195,0.7941588080082154,0.02131664861211694,0.9370382371671275,1.0,correct,09,9,9,first_180_seconds,97.820602417,76.7501373291,0,0.00372314453125,270.441134873,0.582500994205
PURE_CHECKPOINT/Eval_On_TOKYOTECH,TOKYOTECH,old,TOKYOTECH_s09,11,window,330,570,11.0,19.0,180,98.0,99.0,-1.0,1.0,1.0101010101010102,-0.44189571263513333,nan,240,0.041517037433125854,0.8260640113419598,-0.02053165120255011,0.8577771106088864,1.0,correct,09,9,9,first_180_seconds,97.820602417,76.7501373291,0,0.00372314453125,270.441134873,0.582500994205
PURE_CHECKPOINT/Eval_On_TOKYOTECH,TOKYOTECH,old,TOKYOTECH_s09,12,window,360,600,12.0,20.0,180,97.0,99.0,-2.0,2.0,2.0202020202020203,-0.3179690374695613,nan,240,0.034837368332470454,0.8482664497011965,0.027713010994748957,0.9628591043090017,1.0,correct,09,9,9,first_180_seconds,97.820602417,76.7501373291,0,0.00372314453125,270.441134873,0.582500994205
PURE_CHECKPOINT/Eval_On_TOKYOTECH,TOKYOTECH,old,TOKYOTECH_s09,13,window,390,630,13.0,21.0,180,120.0,99.0,21.0,21.0,21.21212121212121,-0.4098775905148908,nan,240,0.04349605050131989,0.8748670466312869,-0.01082774998083511,0.9183769936487083,1.0,large_error,09,9,9,first_180_seconds,97.820602417,76.7501373291,0,0.00372314453125,270.441134873,0.582500994205
PURE_CHECKPOINT/Eval_On_TOKYOTECH,TOKYOTECH,old,TOKYOTECH_s09,14,window,420,660,14.0,22.0,180,97.0,99.0,-2.0,2.0,2.0202020202020203,-0.5468134515508742,nan,240,0.06911704813246615,0.885231580519674,-0.03777503272315826,0.9042641562805758,1.0,correct,09,9,9,first_180_seconds,97.820602417,76.7501373291,0,0.00372314453125,270.441134873,0.582500994205
PURE_CHECKPOINT/Eval_On_TOKYOTECH,TOKYOTECH,old,TOKYOTECH_s09,15,window,450,690,15.0,23.0,180,120.0,98.0,22.0,22.0,22.448979591836736,-0.29847836572269154,nan,240,0.0895301836329357,0.8952911284264196,0.013583970746748174,0.9035639775799844,1.0,large_error,09,9,9,first_180_seconds,97.820602417,76.7501373291,0,0.00372314453125,270.441134873,0.582500994205
PURE_CHECKPOINT/Eval_On_TOKYOTECH,TOKYOTECH,old,TOKYOTECH_s09,16,window,480,720,16.0,24.0,180,96.0,97.0,-1.0,1.0,1.0309278350515463,-0.3990722767219522,nan,240,0.06843957702512853,0.9052748695577951,-0.0020632284966410563,0.8580061197196867,1.0,correct,09,9,9,first_180_seconds,97.820602417,76.7501373291,0,0.00372314453125,270.441134873,0.582500994205
PURE_CHECKPOINT/Eval_On_TOKYOTECH,TOKYOTECH,old,TOKYOTECH_s09,17,window,510,750,17.0,25.0,180,96.0,97.0,-1.0,1.0,1.0309278350515463,-0.5330632577263598,nan,240,0.021281270824450377,0.8952383765112457,0.029969673163677178,0.8777176118119799,1.0,correct,09,9,9,first_180_seconds,97.820602417,76.7501373291,0,0.00372314453125,270.441134873,0.582500994205
PURE_CHECKPOINT/Eval_On_TOKYOTECH,TOKYOTECH,old,TOKYOTECH_s09,18,window,540,780,18.0,26.0,180,95.0,96.0,-1.0,1.0,1.0416666666666665,-0.36382714573299013,nan,240,-0.051334545266581696,0.8900423156391323,0.010300149063689952,0.9054797461289622,1.0,correct,09,9,9,first_180_seconds,97.820602417,76.7501373291,0,0.00372314453125,270.441134873,0.582500994205
PURE_CHECKPOINT/Eval_On_TOKYOTECH,TOKYOTECH,old,TOKYOTECH_s09,19,window,570,810,19.0,27.0,180,97.0,97.0,0.0,0.0,0.0,-0.4021752647289662,nan,240,-0.029617008770583198,0.8956306300319207,-0.03385767624052227,0.9633201423910316,1.0,correct,09,9,9,first_180_seconds,97.820602417,76.7501373291,0,0.00372314453125,270.441134873,0.582500994205
PURE_CHECKPOINT/Eval_On_TOKYOTECH,TOKYOTECH,old,TOKYOTECH_s09,20,window,600,840,20.0,28.0,180,103.0,97.0,6.0,6.0,6.185567010309279,-0.14000638089009007,nan,240,0.008655236341292038,0.8812290740884042,0.006009580302799531,0.9393707041647449,1.0,large_error,09,9,9,first_180_seconds,97.820602417,76.7501373291,0,0.00372314453125,270.441134873,0.582500994205
PURE_CHECKPOINT/Eval_On_TOKYOTECH,TOKYOTECH,old,TOKYOTECH_s09,21,window,630,870,21.0,29.0,180,84.0,97.0,-13.0,13.0,13.402061855670103,-0.42534158021930707,nan,240,0.012355157224616657,0.8760996195316645,-0.0018982661898121775,0.927620059500545,1.0,large_error,09,9,9,first_180_seconds,97.820602417,76.7501373291,0,0.00372314453125,270.441134873,0.582500994205
PURE_CHECKPOINT/Eval_On_TOKYOTECH,TOKYOTECH,old,TOKYOTECH_s09,22,window,660,900,22.0,30.0,180,98.0,97.0,1.0,1.0,1.0309278350515463,-0.5029971229726694,nan,240,-0.0521427660016343,0.9016696836585893,-0.006003081954612843,0.9321318976819696,1.0,correct,09,9,9,first_180_seconds,97.820602417,76.7501373291,0,0.00372314453125,270.441134873,0.582500994205
PURE_CHECKPOINT/Eval_On_TOKYOTECH,TOKYOTECH,old,TOKYOTECH_s09,23,window,690,930,23.0,31.0,180,98.0,96.0,2.0,2.0,2.083333333333333,-0.6619997566740796,nan,240,-0.0650356968631968,0.8967362933124197,0.017329194692302305,0.9434980827137235,1.0,correct,09,9,9,first_180_seconds,97.820602417,76.7501373291,0,0.00372314453125,270.441134873,0.582500994205
PURE_CHECKPOINT/Eval_On_TOKYOTECH,TOKYOTECH,old,TOKYOTECH_s09,24,window,720,960,24.0,32.0,180,90.0,96.0,-6.0,6.0,6.25,-0.22446455764282436,nan,240,-0.047346218564780426,0.9146133542741162,-0.03674245001849255,0.9482355935520567,1.0,large_error,09,9,9,first_180_seconds,97.820602417,76.7501373291,0,0.00372314453125,270.441134873,0.582500994205
PURE_CHECKPOINT/Eval_On_TOKYOTECH,TOKYOTECH,old,TOKYOTECH_s09,25,window,750,990,25.0,33.0,180,97.0,96.0,1.0,1.0,1.0416666666666665,-0.7154886777047421,nan,240,-0.03795952418780265,0.940220842365419,0.011402777980004856,0.957487679550399,1.0,correct,09,9,9,first_180_seconds,97.820602417,76.7501373291,0,0.00372314453125,270.441134873,0.582500994205
PURE_CHECKPOINT/Eval_On_TOKYOTECH,TOKYOTECH,old,TOKYOTECH_s09,26,window,780,1020,26.0,34.0,180,96.0,96.0,0.0,0.0,0.0,-0.6533737265510867,nan,240,0.009136480692541226,0.9355319645182123,-0.007939609831818097,0.930747802856257,1.0,correct,09,9,9,first_180_seconds,97.820602417,76.7501373291,0,0.00372314453125,270.441134873,0.582500994205
PURE_CHECKPOINT/Eval_On_TOKYOTECH,TOKYOTECH,old,TOKYOTECH_s09,27,window,810,1050,27.0,35.0,180,95.0,97.0,-2.0,2.0,2.0618556701030926,-0.6292490992340952,nan,240,0.004894817120900067,0.9349968975698879,-0.00976893914967812,0.8337309122371473,1.0,correct,09,9,9,first_180_seconds,97.820602417,76.7501373291,0,0.00372314453125,270.441134873,0.582500994205
PURE_CHECKPOINT/Eval_On_TOKYOTECH,TOKYOTECH,old,TOKYOTECH_s09,28,window,840,1080,28.0,36.0,180,97.0,97.0,0.0,0.0,0.0,-0.5340908208696514,nan,240,-0.046016600094541595,0.9468704171709325,0.024791084677781582,0.9340086451814947,1.0,correct,09,9,9,first_180_seconds,97.820602417,76.7501373291,0,0.00372314453125,270.441134873,0.582500994205
PURE_CHECKPOINT/Eval_On_TOKYOTECH,TOKYOTECH,old,TOKYOTECH_s09,29,window,870,1110,29.0,37.0,180,97.0,98.0,-1.0,1.0,1.0204081632653061,-0.5207564836857969,nan,240,-0.011013464877032675,0.9528281621836588,-0.0494598129139208,0.9160654904616562,1.0,correct,09,9,9,first_180_seconds,97.820602417,76.7501373291,0,0.00372314453125,270.441134873,0.582500994205
PURE_CHECKPOINT/Eval_On_TOKYOTECH,TOKYOTECH,old,TOKYOTECH_s09,30,window,900,1140,30.0,38.0,180,98.0,98.0,0.0,0.0,0.0,-0.7254613651330053,nan,240,0.04656437844290243,0.932205403844824,0.016616857177101287,0.924574860047714,1.0,correct,09,9,9,first_180_seconds,97.820602417,76.7501373291,0,0.00372314453125,270.441134873,0.582500994205
PURE_CHECKPOINT/Eval_On_TOKYOTECH,TOKYOTECH,old,TOKYOTECH_s09,31,window,930,1170,31.0,39.0,180,98.0,98.0,0.0,0.0,0.0,-0.6879252140078752,nan,240,0.013661996578836504,0.9410678120451236,0.023619530280399283,0.9154389303211704,1.0,correct,09,9,9,first_180_seconds,97.820602417,76.7501373291,0,0.00372314453125,270.441134873,0.582500994205
PURE_CHECKPOINT/Eval_On_TOKYOTECH,TOKYOTECH,old,TOKYOTECH_s09,32,window,960,1200,32.0,40.0,180,98.0,98.0,0.0,0.0,0.0,-0.5858468182411993,nan,240,0.015469997615825074,0.9237585019112491,-0.014085860593924058,0.8951897228289004,1.0,correct,09,9,9,first_180_seconds,97.820602417,76.7501373291,0,0.00372314453125,270.441134873,0.582500994205
PURE_CHECKPOINT/Eval_On_TOKYOTECH,TOKYOTECH,old,TOKYOTECH_s09,33,window,990,1230,33.0,41.0,180,97.0,97.0,0.0,0.0,0.0,-0.7587362919157464,nan,240,-0.016897421059547925,0.912435227471898,0.01624088982510678,0.9421698320512656,1.0,correct,09,9,9,first_180_seconds,97.820602417,76.7501373291,0,0.00372314453125,270.441134873,0.582500994205
PURE_CHECKPOINT/Eval_On_TOKYOTECH,TOKYOTECH,old,TOKYOTECH_s09,34,window,1020,1260,34.0,42.0,180,98.0,97.0,1.0,1.0,1.0309278350515463,-0.38688181251796466,nan,240,-0.05670663860413091,0.9257426501356919,-0.026679045867977823,0.8441274715382648,1.0,correct,09,9,9,first_180_seconds,97.820602417,76.7501373291,0,0.00372314453125,270.441134873,0.582500994205
PURE_CHECKPOINT/Eval_On_TOKYOTECH,TOKYOTECH,old,TOKYOTECH_s09,35,window,1050,1290,35.0,43.0,180,98.0,97.0,1.0,1.0,1.0309278350515463,-0.7647413688207838,nan,240,-0.12063399812711093,0.9042835410975405,-0.015417296201374523,0.9393385046727583,1.0,correct,09,9,9,first_180_seconds,97.820602417,76.7501373291,0,0.00372314453125,270.441134873,0.582500994205
PURE_CHECKPOINT/Eval_On_TOKYOTECH,TOKYOTECH,old,TOKYOTECH_s09,36,window,1080,1320,36.0,44.0,180,97.0,97.0,0.0,0.0,0.0,-0.596447775658421,nan,240,-0.10650034214292342,0.8892597234552801,0.02973001311607208,0.943298357491354,1.0,correct,09,9,9,first_180_seconds,97.820602417,76.7501373291,0,0.00372314453125,270.441134873,0.582500994205
PURE_CHECKPOINT/Eval_On_TOKYOTECH,TOKYOTECH,old,TOKYOTECH_s09,37,window,1110,1350,37.0,45.0,180,98.0,98.0,0.0,0.0,0.0,-0.5658413417750536,nan,240,-0.15120729259215296,0.8721556037024324,0.0026139771113104764,0.827069475984586,1.0,correct,09,9,9,first_180_seconds,97.820602417,76.7501373291,0,0.00372314453125,270.441134873,0.582500994205
PURE_CHECKPOINT/Eval_On_TOKYOTECH,TOKYOTECH,old,TOKYOTECH_s09,38,window,1140,1380,38.0,46.0,180,97.0,99.0,-2.0,2.0,2.0202020202020203,-0.7053073137230608,nan,240,-0.07521037489641458,0.8972278162865918,0.008497502672373447,0.9495142901470635,1.0,correct,09,9,9,first_180_seconds,97.820602417,76.7501373291,0,0.00372314453125,270.441134873,0.582500994205
PURE_CHECKPOINT/Eval_On_TOKYOTECH,TOKYOTECH,old,TOKYOTECH_s09,39,window,1170,1410,39.0,47.0,180,97.0,99.0,-2.0,2.0,2.0202020202020203,-0.494715596363945,nan,240,-0.040445636843408767,0.8967249652827739,0.007401449351780783,0.9070989157753938,1.0,correct,09,9,9,first_180_seconds,97.820602417,76.7501373291,0,0.00372314453125,270.441134873,0.582500994205
PURE_CHECKPOINT/Eval_On_TOKYOTECH,TOKYOTECH,old,TOKYOTECH_s09,40,window,1200,1440,40.0,48.0,180,98.0,99.0,-1.0,1.0,1.0101010101010102,-0.5251928543549605,nan,240,-0.03164847161193999,0.9110327896370581,-0.005960431117538774,0.8339714964109821,1.0,correct,09,9,9,first_180_seconds,97.820602417,76.7501373291,0,0.00372314453125,270.441134873,0.582500994205
PURE_CHECKPOINT/Eval_On_TOKYOTECH,TOKYOTECH,old,TOKYOTECH_s09,41,window,1230,1470,41.0,49.0,180,97.0,99.0,-2.0,2.0,2.0202020202020203,-0.10624485161196964,nan,240,-0.0798464004357811,0.923757345477311,0.025949802300139466,0.8869112419740398,1.0,correct,09,9,9,first_180_seconds,97.820602417,76.7501373291,0,0.00372314453125,270.441134873,0.582500994205
PURE_CHECKPOINT/Eval_On_TOKYOTECH,TOKYOTECH,old,TOKYOTECH_s09,42,window,1260,1500,42.0,50.0,180,97.0,99.0,-2.0,2.0,2.0202020202020203,-0.6504196510223497,nan,240,-0.031239382800413294,0.9246212998253097,0.028613578675434577,0.8667484399172525,1.0,correct,09,9,9,first_180_seconds,97.820602417,76.7501373291,0,0.00372314453125,270.441134873,0.582500994205
PURE_CHECKPOINT/Eval_On_TOKYOTECH,TOKYOTECH,old,TOKYOTECH_s09,43,window,1290,1530,43.0,51.0,180,98.0,99.0,-1.0,1.0,1.0101010101010102,-0.31681500944127644,nan,240,-0.06045943072143321,0.9499452372971061,-0.02936643483683043,0.8300240935483587,1.0,correct,09,9,9,first_180_seconds,97.820602417,76.7501373291,0,0.00372314453125,270.441134873,0.582500994205
PURE_CHECKPOINT/Eval_On_TOKYOTECH,TOKYOTECH,old,TOKYOTECH_s09,44,window,1320,1560,44.0,52.0,180,98.0,98.0,0.0,0.0,0.0,-0.6789400909720203,nan,240,-0.018047025426252125,0.9773450748405744,0.00976145750504938,0.9357959633666765,1.0,correct,09,9,9,first_180_seconds,97.820602417,76.7501373291,0,0.00372314453125,270.441134873,0.582500994205
PURE_CHECKPOINT/Eval_On_TOKYOTECH,TOKYOTECH,old,TOKYOTECH_s09,45,window,1350,1590,45.0,53.0,180,98.0,98.0,0.0,0.0,0.0,-0.7215090756131022,nan,240,-0.03446081444368853,0.9878137965260987,0.029096390881439515,0.8897598920973904,1.0,correct,09,9,9,first_180_seconds,97.820602417,76.7501373291,0,0.00372314453125,270.441134873,0.582500994205
PURE_CHECKPOINT/Eval_On_TOKYOTECH,TOKYOTECH,old,TOKYOTECH_s09,46,window,1380,1620,46.0,54.0,180,97.0,98.0,-1.0,1.0,1.0204081632653061,-0.7328657507902159,nan,240,-0.056803375062493916,0.9794873084772799,-0.034727291492837924,0.9472698481705784,1.0,correct,09,9,9,first_180_seconds,97.820602417,76.7501373291,0,0.00372314453125,270.441134873,0.582500994205
PURE_CHECKPOINT/Eval_On_TOKYOTECH,TOKYOTECH,old,TOKYOTECH_s09,47,window,1410,1650,47.0,55.0,180,97.0,99.0,-2.0,2.0,2.0202020202020203,-0.6093900049586459,nan,240,-0.006009884951830221,1.0097150952149387,0.03057101106700429,0.921060421165024,1.0,correct,09,9,9,first_180_seconds,97.820602417,76.7501373291,0,0.00372314453125,270.441134873,0.582500994205
PURE_CHECKPOINT/Eval_On_TOKYOTECH,TOKYOTECH,old,TOKYOTECH_s09,48,window,1440,1680,48.0,56.0,180,103.0,99.0,4.0,4.0,4.040404040404041,-0.3717035762472695,nan,240,-0.024693424670840614,1.0117250820469208,0.01320368711069763,0.8585886669512948,1.0,large_error,09,9,9,first_180_seconds,97.820602417,76.7501373291,0,0.00372314453125,270.441134873,0.582500994205
PURE_CHECKPOINT/Eval_On_TOKYOTECH,TOKYOTECH,old,TOKYOTECH_s09,49,window,1470,1710,49.0,57.0,180,98.0,99.0,-1.0,1.0,1.0101010101010102,-0.4154068806783929,nan,240,0.10046285243200449,1.0217315143769625,-0.02383411511721157,0.9211706492902717,1.0,correct,09,9,9,first_180_seconds,97.820602417,76.7501373291,0,0.00372314453125,270.441134873,0.582500994205
PURE_CHECKPOINT/Eval_On_TOKYOTECH,TOKYOTECH,old,TOKYOTECH_s09,50,window,1500,1740,50.0,58.0,180,110.99999999999999,99.0,11.999999999999986,11.999999999999986,12.121212121212107,-0.018068777455796416,nan,240,0.1408867109081863,1.0420408856367294,-0.027216671364063826,0.8692816540472759,1.0,large_error,09,9,9,first_180_seconds,97.820602417,76.7501373291,0,0.00372314453125,270.441134873,0.582500994205
PURE_CHECKPOINT/Eval_On_TOKYOTECH,TOKYOTECH,old,TOKYOTECH_s09,51,window,1530,1770,51.0,59.0,180,112.0,99.0,13.0,13.0,13.131313131313133,-0.15435919285497637,nan,240,0.18738820682434987,1.027179892256387,0.0010986336930494333,0.8656733548685243,1.0,large_error,09,9,9,first_180_seconds,97.820602417,76.7501373291,0,0.00372314453125,270.441134873,0.582500994205
PURE_CHECKPOINT/Eval_On_TOKYOTECH,TOKYOTECH,old,TOKYOTECH_s09,52,window,1560,1800,52.0,60.0,180,108.0,99.0,9.0,9.0,9.090909090909092,-0.29016525554928135,nan,240,0.20297894312243442,1.018409503253475,-0.0029090057996093914,0.7782321245557683,1.0,large_error,09,9,9,first_180_seconds,97.820602417,76.7501373291,0,0.00372314453125,270.441134873,0.582500994205
PURE_CHECKPOINT/Eval_On_TOKYOTECH,TOKYOTECH,old,TOKYOTECH_s09,53,window,1590,1830,53.0,61.0,180,142.0,99.0,43.0,43.0,43.43434343434344,-0.28613383757413696,nan,240,0.3321158135047881,1.0347742742031714,-0.009212438870268609,0.8468818639722233,1.0,super_harmonic_1p5x,09,9,9,first_180_seconds,97.820602417,76.7501373291,0,0.00372314453125,270.441134873,0.582500994205
PURE_CHECKPOINT/Eval_On_TOKYOTECH,TOKYOTECH,old,TOKYOTECH_s09,54,window,1620,1860,54.0,62.0,180,113.0,100.0,13.0,13.0,13.0,-0.06738461141676995,nan,240,0.3360337875443899,1.0342083176878276,0.034276837135107666,0.8090780996678862,1.0,large_error,09,9,9,first_180_seconds,97.820602417,76.7501373291,0,0.00372314453125,270.441134873,0.582500994205
PURE_CHECKPOINT/Eval_On_TOKYOTECH,TOKYOTECH,old,TOKYOTECH_s09,55,window,1650,1890,55.0,63.0,180,98.0,101.0,-3.0,3.0,2.9702970297029703,-0.2995127273090164,nan,240,0.25045129712768055,1.0388305295388685,-0.0037075654719098128,0.8365975193722733,1.0,correct,09,9,9,first_180_seconds,97.820602417,76.7501373291,0,0.00372314453125,270.441134873,0.582500994205
PURE_CHECKPOINT/Eval_On_TOKYOTECH,TOKYOTECH,old,TOKYOTECH_s09,56,window,1680,1920,56.0,64.0,180,110.99999999999999,101.0,9.999999999999986,9.999999999999986,9.900990099009888,-0.1672235450451837,nan,240,0.2673812950291904,1.0282541021228675,-0.00731659811594411,0.9068024371711634,1.0,large_error,09,9,9,first_180_seconds,97.820602417,76.7501373291,0,0.00372314453125,270.441134873,0.582500994205
PURE_CHECKPOINT/Eval_On_TOKYOTECH,TOKYOTECH,old,TOKYOTECH_s09,57,window,1710,1950,57.0,65.0,180,105.0,102.0,3.0,3.0,2.941176470588235,-0.028113070753042195,nan,240,0.13105670435664554,1.020031647727794,0.015436595811701863,0.9005792871044103,1.0,correct,09,9,9,first_180_seconds,97.820602417,76.7501373291,0,0.00372314453125,270.441134873,0.582500994205
PURE_CHECKPOINT/Eval_On_TOKYOTECH,TOKYOTECH,old,TOKYOTECH_s09,58,window,1740,1980,58.0,66.0,180,105.0,102.0,3.0,3.0,2.941176470588235,-0.3809634150981386,nan,240,0.0959237756401611,0.978521746127878,0.009937908563665304,0.9185033369032911,1.0,correct,09,9,9,first_180_seconds,97.820602417,76.7501373291,0,0.00372314453125,270.441134873,0.582500994205
PURE_CHECKPOINT/Eval_On_TOKYOTECH,TOKYOTECH,old,TOKYOTECH_s09,59,window,1770,2010,59.0,67.0,180,106.0,102.0,4.0,4.0,3.9215686274509802,-0.3705079257186133,nan,240,0.08494300054735504,0.946902754576827,-0.012962313105756159,0.9071078522588792,1.0,large_error,09,9,9,first_180_seconds,97.820602417,76.7501373291,0,0.00372314453125,270.441134873,0.582500994205
PURE_CHECKPOINT/Eval_On_TOKYOTECH,TOKYOTECH,old,TOKYOTECH_s09,60,window,1800,2040,60.0,68.0,180,104.0,103.0,1.0,1.0,0.9708737864077669,-0.38385899440652155,nan,240,0.0551233569412337,0.9196820215535162,0.012409003846402467,0.9323151590939969,1.0,correct,09,9,9,first_180_seconds,97.820602417,76.7501373291,0,0.00372314453125,270.441134873,0.582500994205
PURE_CHECKPOINT/Eval_On_TOKYOTECH,TOKYOTECH,old,TOKYOTECH_s09,61,window,1830,2070,61.0,69.0,180,119.0,103.0,16.0,16.0,15.53398058252427,-0.1936944384639289,nan,240,-0.03861304999833616,0.8412404638226455,0.027937239353133247,0.9128432844845203,1.0,large_error,09,9,9,first_180_seconds,97.820602417,76.7501373291,0,0.00372314453125,270.441134873,0.582500994205
PURE_CHECKPOINT/Eval_On_TOKYOTECH,TOKYOTECH,old,TOKYOTECH_s09,62,window,1860,2100,62.0,70.0,180,105.0,103.0,2.0,2.0,1.9417475728155338,-0.5881590679213691,nan,240,-0.13340317141458702,0.8066023298615668,0.02769093093312673,0.9353557222893314,1.0,correct,09,9,9,first_180_seconds,97.820602417,76.7501373291,0,0.00372314453125,270.441134873,0.582500994205
PURE_CHECKPOINT/Eval_On_TOKYOTECH,TOKYOTECH,old,TOKYOTECH_s09,63,window,1890,2130,63.0,71.0,180,120.0,104.0,16.0,16.0,15.384615384615385,-0.19736694491751905,nan,240,-0.107424791737382,0.7882861607022592,-0.0006074629613864809,0.9285412870190441,1.0,large_error,09,9,9,first_180_seconds,97.820602417,76.7501373291,0,0.00372314453125,270.441134873,0.582500994205
PURE_CHECKPOINT/Eval_On_TOKYOTECH,TOKYOTECH,old,TOKYOTECH_s09,64,window,1920,2160,64.0,72.0,180,121.0,104.0,17.0,17.0,16.346153846153847,-0.4296354860397497,nan,240,-0.16417809890893598,0.8077388048205086,0.025950318836264172,0.918905287045205,1.0,large_error,09,9,9,first_180_seconds,97.820602417,76.7501373291,0,0.00372314453125,270.441134873,0.582500994205
PURE_CHECKPOINT/Eval_On_TOKYOTECH,TOKYOTECH,old,TOKYOTECH_s09,65,window,1950,2190,65.0,73.0,180,105.0,104.0,1.0,1.0,0.9615384615384616,-0.4514037381026743,nan,240,-0.1429768757079728,0.8175186577687711,0.03851569176037522,0.9455108715069586,1.0,correct,09,9,9,first_180_seconds,97.820602417,76.7501373291,0,0.00372314453125,270.441134873,0.582500994205
PURE_CHECKPOINT/Eval_On_TOKYOTECH,TOKYOTECH,old,TOKYOTECH_s09,66,window,1980,2220,66.0,74.0,180,104.0,103.0,1.0,1.0,0.9708737864077669,-0.5699632626099519,nan,240,-0.16898661868957182,0.8430207171255614,-0.027994107132020402,0.9251458076127217,1.0,correct,09,9,9,first_180_seconds,97.820602417,76.7501373291,0,0.00372314453125,270.441134873,0.582500994205
PURE_CHECKPOINT/Eval_On_TOKYOTECH,TOKYOTECH,old,TOKYOTECH_s09,67,window,2010,2250,67.0,75.0,180,120.0,102.0,18.0,18.0,17.647058823529413,-0.2214737964254672,nan,240,-0.1346592597818623,0.8891087721852525,-0.008986933383710176,0.8848510943286311,1.0,large_error,09,9,9,first_180_seconds,97.820602417,76.7501373291,0,0.00372314453125,270.441134873,0.582500994205
PURE_CHECKPOINT/Eval_On_TOKYOTECH,TOKYOTECH,old,TOKYOTECH_s09,68,window,2040,2280,68.0,76.0,180,120.0,101.0,19.0,19.0,18.81188118811881,-0.32271886346282036,nan,240,-0.22238668533973396,0.8979213700561891,-0.024838670349290232,0.9168805524217377,1.0,large_error,09,9,9,first_180_seconds,97.820602417,76.7501373291,0,0.00372314453125,270.441134873,0.582500994205
PURE_CHECKPOINT/Eval_On_TOKYOTECH,TOKYOTECH,old,TOKYOTECH_s09,69,window,2070,2310,69.0,77.0,180,98.0,101.0,-3.0,3.0,2.9702970297029703,-0.4963107860531378,nan,240,-0.15120220528527473,0.9442731355062973,-0.007289573163772308,0.9445152898734887,1.0,correct,09,9,9,first_180_seconds,97.820602417,76.7501373291,0,0.00372314453125,270.441134873,0.582500994205
PURE_CHECKPOINT/Eval_On_TOKYOTECH,TOKYOTECH,old,TOKYOTECH_s09,70,window,2100,2340,70.0,78.0,180,83.0,101.0,-18.0,18.0,17.82178217821782,-0.09643387046821146,nan,240,-0.038959308616661775,1.0114334325417007,0.009913009351159952,0.9015979308606668,1.0,large_error,09,9,9,first_180_seconds,97.820602417,76.7501373291,0,0.00372314453125,270.441134873,0.582500994205
PURE_CHECKPOINT/Eval_On_TOKYOTECH,TOKYOTECH,old,TOKYOTECH_s09,71,window,2130,2370,71.0,79.0,180,104.0,101.0,3.0,3.0,2.9702970297029703,-0.038363072535876556,nan,240,0.041019264212809506,1.023867291354811,0.04742871881145516,0.8764041963198355,1.0,correct,09,9,9,first_180_seconds,97.820602417,76.7501373291,0,0.00372314453125,270.441134873,0.582500994205
PURE_CHECKPOINT/Eval_On_TOKYOTECH,TOKYOTECH,old,TOKYOTECH_s09,72,window,2160,2400,72.0,80.0,180,98.0,101.0,-3.0,3.0,2.9702970297029703,-0.608466064551414,nan,240,0.1455135196990644,1.0024543181043544,-0.015626880065489193,0.9552385015221342,1.0,correct,09,9,9,first_180_seconds,97.820602417,76.7501373291,0,0.00372314453125,270.441134873,0.582500994205
PURE_CHECKPOINT/Eval_On_TOKYOTECH,TOKYOTECH,old,TOKYOTECH_s09,73,window,2190,2430,73.0,81.0,180,103.0,101.0,2.0,2.0,1.9801980198019802,-0.4918445001532497,nan,240,0.20852691683685406,0.9711259575949583,-0.02351555676921812,0.9066219343931013,1.0,correct,09,9,9,first_180_seconds,97.820602417,76.7501373291,0,0.00372314453125,270.441134873,0.582500994205
PURE_CHECKPOINT/Eval_On_TOKYOTECH,TOKYOTECH,old,TOKYOTECH_s09,74,window,2220,2460,74.0,82.0,180,103.0,100.0,3.0,3.0,3.0,-0.4376332885315362,nan,240,0.2370280662435107,0.9397838940821931,0.020251067477919018,0.9335443081111293,1.0,correct,09,9,9,first_180_seconds,97.820602417,76.7501373291,0,0.00372314453125,270.441134873,0.582500994205
PURE_CHECKPOINT/Eval_On_TOKYOTECH,TOKYOTECH,old,TOKYOTECH_s09,75,window,2250,2490,75.0,83.0,180,98.0,100.0,-2.0,2.0,2.0,-0.536953418036095,nan,240,0.2273594272053136,0.8997414380505389,-0.01713446678380064,0.8860949848481796,1.0,correct,09,9,9,first_180_seconds,97.820602417,76.7501373291,0,0.00372314453125,270.441134873,0.582500994205
PURE_CHECKPOINT/Eval_On_TOKYOTECH,TOKYOTECH,old,TOKYOTECH_s09,76,window,2280,2520,76.0,84.0,180,98.0,99.0,-1.0,1.0,1.0101010101010102,-0.6631606694569618,nan,240,0.29148513179989094,0.856901318352805,0.01893955508373123,0.9461324329680224,1.0,correct,09,9,9,first_180_seconds,97.820602417,76.7501373291,0,0.00372314453125,270.441134873,0.582500994205
PURE_CHECKPOINT/Eval_On_TOKYOTECH,TOKYOTECH,old,TOKYOTECH_s09,77,window,2310,2550,77.0,85.0,180,83.0,99.0,-16.0,16.0,16.161616161616163,-0.10181486621324803,nan,240,0.19793700565126832,0.8426277135953235,0.0007484204267746541,0.9250067203704141,1.0,large_error,09,9,9,first_180_seconds,97.820602417,76.7501373291,0,0.00372314453125,270.441134873,0.582500994205
PURE_CHECKPOINT/Eval_On_TOKYOTECH,TOKYOTECH,old,TOKYOTECH_s09,78,window,2340,2580,78.0,86.0,180,82.0,99.0,-17.0,17.0,17.17171717171717,-0.32715408675788765,nan,240,0.18992432518055768,0.7885527963939188,-0.0076192817186806336,0.9188096022906541,1.0,large_error,09,9,9,first_180_seconds,97.820602417,76.7501373291,0,0.00372314453125,270.441134873,0.582500994205
PURE_CHECKPOINT/Eval_On_TOKYOTECH,TOKYOTECH,old,TOKYOTECH_s09,79,window,2370,2610,79.0,87.0,180,98.0,99.0,-1.0,1.0,1.0101010101010102,-0.6723902509817462,nan,240,0.12016217427996405,0.7849189470885497,0.02591083287902782,0.9544654539733602,1.0,correct,09,9,9,first_180_seconds,97.820602417,76.7501373291,0,0.00372314453125,270.441134873,0.582500994205
PURE_CHECKPOINT/Eval_On_TOKYOTECH,TOKYOTECH,old,TOKYOTECH_s09,80,window,2400,2640,80.0,88.0,180,97.0,99.0,-2.0,2.0,2.0202020202020203,-0.422237678589682,nan,240,0.08502098118933646,0.7663040126490953,0.0028642593689515087,0.8959920222132679,1.0,correct,09,9,9,first_180_seconds,97.820602417,76.7501373291,0,0.00372314453125,270.441134873,0.582500994205
PURE_CHECKPOINT/Eval_On_TOKYOTECH,TOKYOTECH,old,TOKYOTECH_s09,81,window,2430,2670,81.0,89.0,180,98.0,100.0,-2.0,2.0,2.0,-0.6433614715840069,nan,240,0.08265290545114112,0.7748854169552858,0.008979279824930226,0.9511476566827247,1.0,correct,09,9,9,first_180_seconds,97.820602417,76.7501373291,0,0.00372314453125,270.441134873,0.582500994205
PURE_CHECKPOINT/Eval_On_TOKYOTECH,TOKYOTECH,old,TOKYOTECH_s09,82,window,2460,2700,82.0,90.0,180,97.0,100.0,-3.0,3.0,3.0,-0.4682497291538558,nan,240,0.10611572191864979,0.7983807396779155,0.018323835288341552,0.9388228623400084,1.0,correct,09,9,9,first_180_seconds,97.820602417,76.7501373291,0,0.00372314453125,270.441134873,0.582500994205
PURE_CHECKPOINT/Eval_On_TOKYOTECH,TOKYOTECH,old,TOKYOTECH_s09,83,window,2490,2730,83.0,91.0,180,89.0,100.0,-11.0,11.0,11.0,-0.29388065370757954,nan,240,0.07741421239091627,0.8151625980117841,0.051053725167490155,0.9035366142009963,1.0,large_error,09,9,9,first_180_seconds,97.820602417,76.7501373291,0,0.00372314453125,270.441134873,0.582500994205
PURE_CHECKPOINT/Eval_On_TOKYOTECH,TOKYOTECH,old,TOKYOTECH_s09,84,window,2520,2760,84.0,92.0,180,98.0,100.0,-2.0,2.0,2.0,-0.589162389092327,nan,240,0.12927910970320228,0.818815548414154,0.0004869340792894398,0.942412760048716,1.0,correct,09,9,9,first_180_seconds,97.820602417,76.7501373291,0,0.00372314453125,270.441134873,0.582500994205
PURE_CHECKPOINT/Eval_On_TOKYOTECH,TOKYOTECH,old,TOKYOTECH_s09,85,window,2550,2790,85.0,93.0,180,98.0,99.0,-1.0,1.0,1.0101010101010102,-0.6083160634265837,nan,240,0.12848551233958763,0.8372024544870864,0.024484693297113735,0.8982067741228359,1.0,correct,09,9,9,first_180_seconds,97.820602417,76.7501373291,0,0.00372314453125,270.441134873,0.582500994205
PURE_CHECKPOINT/Eval_On_TOKYOTECH,TOKYOTECH,old,TOKYOTECH_s09,86,window,2580,2820,86.0,94.0,180,97.0,99.0,-2.0,2.0,2.0202020202020203,-0.5229630714333313,nan,240,0.09524662110876912,0.8279582072835069,0.015036753445319887,0.8867968227547367,1.0,correct,09,9,9,first_180_seconds,97.820602417,76.7501373291,0,0.00372314453125,270.441134873,0.582500994205
PURE_CHECKPOINT/Eval_On_TOKYOTECH,TOKYOTECH,old,TOKYOTECH_s09,87,window,2610,2850,87.0,95.0,180,98.0,99.0,-1.0,1.0,1.0101010101010102,-0.48023403026957195,nan,240,0.11450485538225622,0.8236856297706376,0.0018996437883467424,0.910699394828056,1.0,correct,09,9,9,first_180_seconds,97.820602417,76.7501373291,0,0.00372314453125,270.441134873,0.582500994205
PURE_CHECKPOINT/Eval_On_TOKYOTECH,TOKYOTECH,old,TOKYOTECH_s09,88,window,2640,2880,88.0,96.0,180,98.0,99.0,-1.0,1.0,1.0101010101010102,-0.7562292787383171,nan,240,0.10104485832853242,0.8131760409221672,0.012447671349783506,0.9225006696737279,1.0,correct,09,9,9,first_180_seconds,97.820602417,76.7501373291,0,0.00372314453125,270.441134873,0.582500994205
PURE_CHECKPOINT/Eval_On_TOKYOTECH,TOKYOTECH,old,TOKYOTECH_s09,89,window,2670,2910,89.0,97.0,180,98.0,99.0,-1.0,1.0,1.0101010101010102,-0.5740106258054867,nan,240,0.053732919382552306,0.8058487868182124,-0.012228830422911613,0.9072721300428558,1.0,correct,09,9,9,first_180_seconds,97.820602417,76.7501373291,0,0.00372314453125,270.441134873,0.582500994205
PURE_CHECKPOINT/Eval_On_TOKYOTECH,TOKYOTECH,old,TOKYOTECH_s09,90,window,2700,2940,90.0,98.0,180,97.0,100.0,-3.0,3.0,3.0,-0.5056099254190691,nan,240,0.11321581676602363,0.8173211468623587,0.025599707014517265,0.9619441006210948,1.0,correct,09,9,9,first_180_seconds,97.820602417,76.7501373291,0,0.00372314453125,270.441134873,0.582500994205
PURE_CHECKPOINT/Eval_On_TOKYOTECH,TOKYOTECH,old,TOKYOTECH_s09,91,window,2730,2970,91.0,99.0,180,100.0,100.0,0.0,0.0,0.0,-0.4951194240606037,nan,240,0.13660986779723316,0.8308396854099622,0.020261747692914688,0.8932230673886945,1.0,correct,09,9,9,first_180_seconds,97.820602417,76.7501373291,0,0.00372314453125,270.441134873,0.582500994205
PURE_CHECKPOINT/Eval_On_TOKYOTECH,TOKYOTECH,old,TOKYOTECH_s09,92,window,2760,3000,92.0,100.0,180,128.0,100.0,28.0,28.0,28.000000000000004,-0.08795127701170802,nan,240,0.11679505625118812,0.8396606661064037,0.048966954586504755,0.869713360385933,1.0,super_harmonic_1p5x,09,9,9,first_180_seconds,97.820602417,76.7501373291,0,0.00372314453125,270.441134873,0.582500994205
PURE_CHECKPOINT/Eval_On_TOKYOTECH,TOKYOTECH,old,TOKYOTECH_s09,93,window,2790,3030,93.0,101.0,180,92.0,100.0,-8.0,8.0,8.0,-0.24266876619384015,nan,240,0.12205695423763245,0.8483499982771132,0.0034996858782737413,0.9073521202244659,1.0,large_error,09,9,9,first_180_seconds,97.820602417,76.7501373291,0,0.00372314453125,270.441134873,0.582500994205
PURE_CHECKPOINT/Eval_On_TOKYOTECH,TOKYOTECH,old,TOKYOTECH_s09,94,window,2820,3060,94.0,102.0,180,102.0,100.0,2.0,2.0,2.0,-0.4237939636353852,nan,240,0.10996058716991683,0.8651647498793488,0.011780599948844634,0.8283521259636353,1.0,correct,09,9,9,first_180_seconds,97.820602417,76.7501373291,0,0.00372314453125,270.441134873,0.582500994205
PURE_CHECKPOINT/Eval_On_TOKYOTECH,TOKYOTECH,old,TOKYOTECH_s09,95,window,2850,3090,95.0,103.0,180,89.0,100.0,-11.0,11.0,11.0,-0.2321974617923529,nan,240,0.07725538698966071,0.8647408092370172,0.019558684491500097,0.8155261667787516,1.0,large_error,09,9,9,first_180_seconds,97.820602417,76.7501373291,0,0.00372314453125,270.441134873,0.582500994205
PURE_CHECKPOINT/Eval_On_TOKYOTECH,TOKYOTECH,old,TOKYOTECH_s09,96,window,2880,3120,96.0,104.0,180,97.0,101.0,-4.0,4.0,3.9603960396039604,-0.5569716174137156,nan,240,0.11072441053353638,0.890776971767749,0.000461979878959301,0.905664736799839,1.0,large_error,09,9,9,first_180_seconds,97.820602417,76.7501373291,0,0.00372314453125,270.441134873,0.582500994205
PURE_CHECKPOINT/Eval_On_TOKYOTECH,TOKYOTECH,old,TOKYOTECH_s09,97,window,2910,3150,97.0,105.0,180,97.0,100.0,-3.0,3.0,3.0,-0.5644663200338715,nan,240,0.1216651338681307,0.9235971841840389,0.020073342693774424,0.9387786461006522,1.0,correct,09,9,9,first_180_seconds,97.820602417,76.7501373291,0,0.00372314453125,270.441134873,0.582500994205
PURE_CHECKPOINT/Eval_On_TOKYOTECH,TOKYOTECH,old,TOKYOTECH_s09,98,window,2940,3180,98.0,106.0,180,97.0,100.0,-3.0,3.0,3.0,-0.4178711096446966,nan,240,0.03350149429412947,0.9139135508022453,-0.03973427696004947,0.9503835178358749,1.0,correct,09,9,9,first_180_seconds,97.820602417,76.7501373291,0,0.00372314453125,270.441134873,0.582500994205
PURE_CHECKPOINT/Eval_On_TOKYOTECH,TOKYOTECH,old,TOKYOTECH_s09,99,window,2970,3210,99.0,107.0,180,97.0,100.0,-3.0,3.0,3.0,-0.49206338912017666,nan,240,0.0571485646442549,0.9328917437786982,0.02186532823263283,0.9617474375239299,1.0,correct,09,9,9,first_180_seconds,97.820602417,76.7501373291,0,0.00372314453125,270.441134873,0.582500994205
PURE_CHECKPOINT/Eval_On_TOKYOTECH,TOKYOTECH,old,TOKYOTECH_s09,100,window,3000,3240,100.0,108.0,180,97.0,99.0,-2.0,2.0,2.0202020202020203,-0.49814193112976507,nan,240,0.02662941157517101,0.9447969835980822,0.009550677134943746,0.9045848012390152,1.0,correct,09,9,9,first_180_seconds,97.820602417,76.7501373291,0,0.00372314453125,270.441134873,0.582500994205
PURE_CHECKPOINT/Eval_On_TOKYOTECH,TOKYOTECH,old,TOKYOTECH_s09,101,window,3030,3270,101.0,109.0,180,97.0,98.0,-1.0,1.0,1.0204081632653061,-0.3814412264085577,nan,240,0.07787182751587049,0.942558998825193,-0.019351300059211145,0.9355054563304743,1.0,correct,09,9,9,first_180_seconds,97.820602417,76.7501373291,0,0.00372314453125,270.441134873,0.582500994205
PURE_CHECKPOINT/Eval_On_TOKYOTECH,TOKYOTECH,old,TOKYOTECH_s09,102,window,3060,3300,102.0,110.0,180,97.0,98.0,-1.0,1.0,1.0204081632653061,-0.3164427553053888,nan,240,0.052392704129063834,0.9486604435845478,0.029015454248548546,0.9502369355091242,1.0,correct,09,9,9,first_180_seconds,97.820602417,76.7501373291,0,0.00372314453125,270.441134873,0.582500994205
PURE_CHECKPOINT/Eval_On_TOKYOTECH,TOKYOTECH,old,TOKYOTECH_s09,103,window,3090,3330,103.0,111.0,180,97.0,97.0,0.0,0.0,0.0,-0.5682785525949393,nan,240,0.03674644905840978,0.9627596094569061,-0.049355469824341656,0.8938853761810932,1.0,correct,09,9,9,first_180_seconds,97.820602417,76.7501373291,0,0.00372314453125,270.441134873,0.582500994205
PURE_CHECKPOINT/Eval_On_TOKYOTECH,TOKYOTECH,old,TOKYOTECH_s09,104,window,3120,3360,104.0,112.0,180,97.0,98.0,-1.0,1.0,1.0204081632653061,-0.18751878823027615,nan,240,-0.01262884201714769,0.9573359758175158,0.014249428054427807,0.9486679934743317,1.0,correct,09,9,9,first_180_seconds,97.820602417,76.7501373291,0,0.00372314453125,270.441134873,0.582500994205
PURE_CHECKPOINT/Eval_On_TOKYOTECH,TOKYOTECH,old,TOKYOTECH_s09,105,window,3150,3390,105.0,113.0,180,97.0,98.0,-1.0,1.0,1.0204081632653061,-0.1123477380951981,nan,240,0.021903537586331366,0.9449651289275053,0.020881641287159858,0.9203652650947786,1.0,correct,09,9,9,first_180_seconds,97.820602417,76.7501373291,0,0.00372314453125,270.441134873,0.582500994205
PURE_CHECKPOINT/Eval_On_TOKYOTECH,TOKYOTECH,old,TOKYOTECH_s09,106,window,3180,3420,106.0,114.0,180,97.0,98.0,-1.0,1.0,1.0204081632653061,-0.13746038001837332,nan,240,0.0016246461775153876,0.9178630566660988,-0.03694599735736977,0.9387229190719089,1.0,correct,09,9,9,first_180_seconds,97.820602417,76.7501373291,0,0.00372314453125,270.441134873,0.582500994205
PURE_CHECKPOINT/Eval_On_TOKYOTECH,TOKYOTECH,old,TOKYOTECH_s09,107,window,3210,3450,107.0,115.0,180,97.0,99.0,-2.0,2.0,2.0202020202020203,0.2895473976368571,nan,240,0.014392127810666958,0.8814556216051601,0.03552084980607447,0.9554304890171598,1.0,correct,09,9,9,first_180_seconds,97.820602417,76.7501373291,0,0.00372314453125,270.441134873,0.582500994205
PURE_CHECKPOINT/Eval_On_TOKYOTECH,TOKYOTECH,old,TOKYOTECH_s09,108,window,3240,3480,108.0,116.0,180,97.0,99.0,-2.0,2.0,2.0202020202020203,-0.18075785857473173,nan,240,-0.05373737380917495,0.8997678485523675,-0.0009941880865240792,0.9129739964801389,1.0,correct,09,9,9,first_180_seconds,97.820602417,76.7501373291,0,0.00372314453125,270.441134873,0.582500994205
PURE_CHECKPOINT/Eval_On_TOKYOTECH,TOKYOTECH,old,TOKYOTECH_s09,109,window,3270,3510,109.0,117.0,180,98.0,99.0,-1.0,1.0,1.0101010101010102,0.20051155281387398,nan,240,-0.0935228574128511,0.8669236481508734,-0.005349130301597286,0.9167919258919792,1.0,correct,09,9,9,first_180_seconds,97.820602417,76.7501373291,0,0.00372314453125,270.441134873,0.582500994205
PURE_CHECKPOINT/Eval_On_TOKYOTECH,TOKYOTECH,old,TOKYOTECH_s09,110,window,3300,3540,110.0,118.0,180,97.0,99.0,-2.0,2.0,2.0202020202020203,0.42503643042873723,nan,240,-0.10425071929348632,0.8406660017461844,0.023953602056993137,0.9524011407152498,1.0,correct,09,9,9,first_180_seconds,97.820602417,76.7501373291,0,0.00372314453125,270.441134873,0.582500994205
PURE_CHECKPOINT/Eval_On_TOKYOTECH,TOKYOTECH,old,TOKYOTECH_s09,111,window,3330,3570,111.0,119.0,180,104.0,100.0,4.0,4.0,4.0,-0.15239679441057527,nan,240,-0.0544759814900317,0.8343340823990458,-0.02323014840328807,0.868902059825327,1.0,large_error,09,9,9,first_180_seconds,97.820602417,76.7501373291,0,0.00372314453125,270.441134873,0.582500994205
PURE_CHECKPOINT/Eval_On_TOKYOTECH,TOKYOTECH,old,TOKYOTECH_s09,112,window,3360,3600,112.0,120.0,180,98.0,100.0,-2.0,2.0,2.0,0.4754155114200061,nan,240,-0.07416926457626687,0.7952426009866234,0.013525851699215118,0.9330540981988218,1.0,correct,09,9,9,first_180_seconds,97.820602417,76.7501373291,0,0.00372314453125,270.441134873,0.582500994205
PURE_CHECKPOINT/Eval_On_TOKYOTECH,TOKYOTECH,old,TOKYOTECH_s09,113,window,3390,3630,113.0,121.0,180,76.0,101.0,-25.0,25.0,24.752475247524753,0.16322105939146725,nan,240,-0.03001486485360753,0.782452206567751,-0.03544422581799979,0.8182933972485783,1.0,large_error,09,9,9,first_180_seconds,97.820602417,76.7501373291,0,0.00372314453125,270.441134873,0.582500994205
PURE_CHECKPOINT/Eval_On_TOKYOTECH,TOKYOTECH,old,TOKYOTECH_s09,114,window,3420,3660,114.0,122.0,180,91.0,101.0,-10.0,10.0,9.900990099009901,-0.13813591655417115,nan,240,-0.003003856052358363,0.8128058210048166,-0.004217739705581458,0.8957605055529652,1.0,large_error,09,9,9,first_180_seconds,97.820602417,76.7501373291,0,0.00372314453125,270.441134873,0.582500994205
PURE_CHECKPOINT/Eval_On_TOKYOTECH,TOKYOTECH,old,TOKYOTECH_s09,115,window,3450,3690,115.0,123.0,180,127.0,101.0,26.0,26.0,25.742574257425744,0.062032684776714,nan,240,-0.06066730954686742,0.8104267674143575,0.004368858020604397,0.806216076141807,1.0,super_harmonic_1p5x,09,9,9,first_180_seconds,97.820602417,76.7501373291,0,0.00372314453125,270.441134873,0.582500994205
PURE_CHECKPOINT/Eval_On_TOKYOTECH,TOKYOTECH,old,TOKYOTECH_s09,116,window,3480,3720,116.0,124.0,180,90.0,100.0,-10.0,10.0,10.0,0.13299956551800246,nan,240,0.04958280040336831,0.7832296430171072,0.007782593643489061,0.8846472741946205,1.0,large_error,09,9,9,first_180_seconds,97.820602417,76.7501373291,0,0.00372314453125,270.441134873,0.582500994205
PURE_CHECKPOINT/Eval_On_TOKYOTECH,TOKYOTECH,old,TOKYOTECH_s09,117,window,3510,3750,117.0,125.0,180,74.0,101.0,-27.0,27.0,26.732673267326735,0.03313391417939905,nan,240,0.07564424867196066,0.8059141829915633,0.01321851347050293,0.8663869162184973,1.0,large_error,09,9,9,first_180_seconds,97.820602417,76.7501373291,0,0.00372314453125,270.441134873,0.582500994205
PURE_CHECKPOINT/Eval_On_TOKYOTECH,TOKYOTECH,old,TOKYOTECH_s09,118,window,3540,3780,118.0,126.0,180,75.0,101.0,-26.0,26.0,25.742574257425744,-0.15689893237284355,nan,240,0.021407141562061346,0.8302467454565233,-0.00690630809431359,0.7795508808306574,1.0,large_error,09,9,9,first_180_seconds,97.820602417,76.7501373291,0,0.00372314453125,270.441134873,0.582500994205
PURE_CHECKPOINT/Eval_On_TOKYOTECH,TOKYOTECH,old,TOKYOTECH_s09,119,window,3570,3810,119.0,127.0,180,99.0,101.0,-2.0,2.0,1.9801980198019802,-0.34732876729954826,nan,240,0.018097026904676263,0.8325017123676862,0.01263014924117634,0.8583380260863215,1.0,correct,09,9,9,first_180_seconds,97.820602417,76.7501373291,0,0.00372314453125,270.441134873,0.582500994205
PURE_CHECKPOINT/Eval_On_TOKYOTECH,TOKYOTECH,old,TOKYOTECH_s09,120,window,3600,3840,120.0,128.0,180,74.0,101.0,-27.0,27.0,26.732673267326735,-0.14391457500879035,nan,240,-0.006382419591924797,0.8780021192935897,-0.006911121736651772,0.7183873747311416,1.0,large_error,09,9,9,first_180_seconds,97.820602417,76.7501373291,0,0.00372314453125,270.441134873,0.582500994205
PURE_CHECKPOINT/Eval_On_TOKYOTECH,TOKYOTECH,old,TOKYOTECH_s09,121,window,3630,3870,121.0,129.0,180,105.0,101.0,4.0,4.0,3.9603960396039604,-0.26200101336290954,nan,240,-0.052745963105310996,0.8714684828312996,0.0360907378672821,0.9464604077369726,1.0,large_error,09,9,9,first_180_seconds,97.820602417,76.7501373291,0,0.00372314453125,270.441134873,0.582500994205
PURE_CHECKPOINT/Eval_On_TOKYOTECH,TOKYOTECH,old,TOKYOTECH_s09,122,window,3660,3900,122.0,130.0,180,104.0,101.0,3.0,3.0,2.9702970297029703,-0.44604359859223025,nan,240,-0.08048636134481058,0.8613593688873709,-0.001236061784237653,0.8933836459976923,1.0,correct,09,9,9,first_180_seconds,97.820602417,76.7501373291,0,0.00372314453125,270.441134873,0.582500994205
PURE_CHECKPOINT/Eval_On_TOKYOTECH,TOKYOTECH,old,TOKYOTECH_s09,123,window,3690,3930,123.0,131.0,180,103.0,101.0,2.0,2.0,1.9801980198019802,-0.3504957892218602,nan,240,-0.0379223346322154,0.8780912459317091,0.010876830686960286,0.8321949344656557,1.0,correct,09,9,9,first_180_seconds,97.820602417,76.7501373291,0,0.00372314453125,270.441134873,0.582500994205
PURE_CHECKPOINT/Eval_On_TOKYOTECH,TOKYOTECH,old,TOKYOTECH_s09,124,window,3720,3960,124.0,132.0,180,104.0,102.0,2.0,2.0,1.9607843137254901,-0.6024177653814508,nan,240,-0.1218319151783362,0.8812806312917769,-0.01984850350144951,0.8747297333662177,1.0,correct,09,9,9,first_180_seconds,97.820602417,76.7501373291,0,0.00372314453125,270.441134873,0.582500994205
PURE_CHECKPOINT/Eval_On_TOKYOTECH,TOKYOTECH,old,TOKYOTECH_s09,125,window,3750,3990,125.0,133.0,180,66.0,102.0,-36.0,36.0,35.294117647058826,-0.3002396897519626,nan,240,-0.1511561173868055,0.8759991519599474,0.0029827278007285296,0.8372931904996255,1.0,large_error,09,9,9,first_180_seconds,97.820602417,76.7501373291,0,0.00372314453125,270.441134873,0.582500994205
PURE_CHECKPOINT/Eval_On_TOKYOTECH,TOKYOTECH,old,TOKYOTECH_s09,126,window,3780,4020,126.0,134.0,180,98.0,102.0,-4.0,4.0,3.9215686274509802,-0.22878214089661678,nan,240,-0.11191269537278761,0.8835298735510039,0.019026689862212235,0.9168337151026846,1.0,large_error,09,9,9,first_180_seconds,97.820602417,76.7501373291,0,0.00372314453125,270.441134873,0.582500994205
PURE_CHECKPOINT/Eval_On_TOKYOTECH,TOKYOTECH,old,TOKYOTECH_s09,127,window,3810,4050,127.0,135.0,180,97.0,102.0,-5.0,5.0,4.901960784313726,-0.23520650892664918,nan,240,-0.12340904326022913,0.910110824632656,-0.0204287349488551,0.8629609657965096,1.0,large_error,09,9,9,first_180_seconds,97.820602417,76.7501373291,0,0.00372314453125,270.441134873,0.582500994205
PURE_CHECKPOINT/Eval_On_TOKYOTECH,TOKYOTECH,old,TOKYOTECH_s09,128,window,3840,4080,128.0,136.0,180,97.0,101.0,-4.0,4.0,3.9603960396039604,0.32679528788189693,nan,240,-0.1680175607034471,0.9347347135586543,-0.011447670353639213,0.8312620688800865,1.0,large_error,09,9,9,first_180_seconds,97.820602417,76.7501373291,0,0.00372314453125,270.441134873,0.582500994205
PURE_CHECKPOINT/Eval_On_TOKYOTECH,TOKYOTECH,old,TOKYOTECH_s09,129,window,3870,4110,129.0,137.0,180,79.0,101.0,-22.0,22.0,21.782178217821784,-0.13877110724160502,nan,240,-0.17714117101277224,0.9283986818993971,0.0023127441012636605,0.9409791749844338,1.0,large_error,09,9,9,first_180_seconds,97.820602417,76.7501373291,0,0.00372314453125,270.441134873,0.582500994205
PURE_CHECKPOINT/Eval_On_TOKYOTECH,TOKYOTECH,old,TOKYOTECH_s09,130,window,3900,4140,130.0,138.0,180,151.0,100.0,51.0,51.0,51.0,0.06395358011012724,nan,240,-0.15893145791681793,0.930887333626138,-0.0011349151518763054,0.7342838687353913,1.0,super_harmonic_1p5x,09,9,9,first_180_seconds,97.820602417,76.7501373291,0,0.00372314453125,270.441134873,0.582500994205
PURE_CHECKPOINT/Eval_On_TOKYOTECH,TOKYOTECH,old,TOKYOTECH_s09,131,window,3930,4170,131.0,139.0,180,155.0,100.0,55.0,55.0,55.00000000000001,0.2079488883477287,nan,240,-0.16737653734744526,0.9174856463436919,9.033364042769406e-05,0.7557093985432467,1.0,super_harmonic_1p5x,09,9,9,first_180_seconds,97.820602417,76.7501373291,0,0.00372314453125,270.441134873,0.582500994205
PURE_CHECKPOINT/Eval_On_TOKYOTECH,TOKYOTECH,old,TOKYOTECH_s09,132,window,3960,4200,132.0,140.0,180,83.0,101.0,-18.0,18.0,17.82178217821782,-0.14622149456664177,nan,240,0.023108343727653847,0.9831454280506825,0.013632352681848765,0.8855916018469496,1.0,large_error,09,9,9,first_180_seconds,97.820602417,76.7501373291,0,0.00372314453125,270.441134873,0.582500994205
PURE_CHECKPOINT/Eval_On_TOKYOTECH,TOKYOTECH,old,TOKYOTECH_s09,133,window,3990,4230,133.0,141.0,180,115.0,101.0,14.0,14.0,13.861386138613863,0.11375303335903723,nan,240,0.06189001692497793,0.9876253835036645,-0.010243664335353442,0.8937064441118938,1.0,large_error,09,9,9,first_180_seconds,97.820602417,76.7501373291,0,0.00372314453125,270.441134873,0.582500994205
PURE_CHECKPOINT/Eval_On_TOKYOTECH,TOKYOTECH,old,TOKYOTECH_s09,134,window,4020,4260,134.0,142.0,180,68.0,101.0,-33.0,33.0,32.67326732673268,-0.08493419415534822,nan,240,0.047855218214681375,0.9885864557401673,0.017309295633869883,0.6479589486008276,1.0,large_error,09,9,9,first_180_seconds,97.820602417,76.7501373291,0,0.00372314453125,270.441134873,0.582500994205
PURE_CHECKPOINT/Eval_On_TOKYOTECH,TOKYOTECH,old,TOKYOTECH_s09,135,window,4050,4290,135.0,143.0,180,112.0,101.0,11.0,11.0,10.891089108910892,-0.3374428232063838,nan,240,0.11315606126639371,0.9829483573679592,-0.0010364648349763805,0.8089368168939005,1.0,large_error,09,9,9,first_180_seconds,97.820602417,76.7501373291,0,0.00372314453125,270.441134873,0.582500994205
PURE_CHECKPOINT/Eval_On_TOKYOTECH,TOKYOTECH,old,TOKYOTECH_s09,136,window,4080,4320,136.0,144.0,180,142.0,100.0,42.0,42.0,42.0,-0.07563984802282722,nan,240,0.2115397243197852,0.9343977147319228,-0.008187667532508387,0.8779575150624926,1.0,super_harmonic_1p5x,09,9,9,first_180_seconds,97.820602417,76.7501373291,0,0.00372314453125,270.441134873,0.582500994205
PURE_CHECKPOINT/Eval_On_TOKYOTECH,TOKYOTECH,old,TOKYOTECH_s09,137,window,4110,4350,137.0,145.0,180,84.0,100.0,-16.0,16.0,16.0,-0.07678724351345106,nan,240,0.15639067016503153,0.9767807554199981,0.010051685770285975,0.8496504626633811,1.0,large_error,09,9,9,first_180_seconds,97.820602417,76.7501373291,0,0.00372314453125,270.441134873,0.582500994205
PURE_CHECKPOINT/Eval_On_TOKYOTECH,TOKYOTECH,old,TOKYOTECH_s09,138,window,4140,4380,138.0,146.0,180,98.0,99.0,-1.0,1.0,1.0101010101010102,-0.3810405582159528,nan,240,0.17216449404174153,1.0027535157925194,0.012980956429504042,0.9011273081328129,1.0,correct,09,9,9,first_180_seconds,97.820602417,76.7501373291,0,0.00372314453125,270.441134873,0.582500994205
PURE_CHECKPOINT/Eval_On_TOKYOTECH,TOKYOTECH,old,TOKYOTECH_s09,139,window,4170,4410,139.0,147.0,180,97.0,98.0,-1.0,1.0,1.0204081632653061,-0.27266361242850845,nan,240,0.06078279172652401,1.070395094935653,-0.02192272656672718,0.8964004907287041,1.0,correct,09,9,9,first_180_seconds,97.820602417,76.7501373291,0,0.00372314453125,270.441134873,0.582500994205
PURE_CHECKPOINT/Eval_On_TOKYOTECH,TOKYOTECH,old,TOKYOTECH_s09,140,window,4200,4440,140.0,148.0,180,143.0,98.0,45.0,45.0,45.91836734693878,-0.043155862104185386,nan,240,-0.0856076605055326,1.0174695070320818,-0.048427125855652974,0.8379329580514521,1.0,super_harmonic_1p5x,09,9,9,first_180_seconds,97.820602417,76.7501373291,0,0.00372314453125,270.441134873,0.582500994205
PURE_CHECKPOINT/Eval_On_TOKYOTECH,TOKYOTECH,old,TOKYOTECH_s09,141,window,4230,4470,141.0,149.0,180,110.99999999999999,97.0,13.999999999999986,13.999999999999986,14.432989690721634,-0.026427952745219616,nan,240,-0.1599751100157543,1.0557028182006067,-0.0007528573490378035,0.778032899478956,1.0,large_error,09,9,9,first_180_seconds,97.820602417,76.7501373291,0,0.00372314453125,270.441134873,0.582500994205
PURE_CHECKPOINT/Eval_On_TOKYOTECH,TOKYOTECH,old,TOKYOTECH_s09,142,window,4260,4500,142.0,150.0,180,96.0,97.0,-1.0,1.0,1.0309278350515463,-0.3472505396181249,nan,240,-0.14333341384578185,1.0789601421534931,0.019252199753368972,0.8424801534980787,1.0,correct,09,9,9,first_180_seconds,97.820602417,76.7501373291,0,0.00372314453125,270.441134873,0.582500994205
PURE_CHECKPOINT/Eval_On_TOKYOTECH,TOKYOTECH,old,TOKYOTECH_s09,143,window,4290,4530,143.0,151.0,180,97.0,97.0,0.0,0.0,0.0,-0.15680562148719926,nan,240,-0.2001134208093087,1.0752613916063194,-0.024089226671133192,0.9248911849080554,1.0,correct,09,9,9,first_180_seconds,97.820602417,76.7501373291,0,0.00372314453125,270.441134873,0.582500994205
PURE_CHECKPOINT/Eval_On_TOKYOTECH,TOKYOTECH,old,TOKYOTECH_s09,144,window,4320,4560,144.0,152.0,180,101.0,97.0,4.0,4.0,4.123711340206185,-0.08296302707203249,nan,240,-0.18674316573888064,1.1043988495063708,-0.015332636292855124,0.857118944689678,1.0,large_error,09,9,9,first_180_seconds,97.820602417,76.7501373291,0,0.00372314453125,270.441134873,0.582500994205
PURE_CHECKPOINT/Eval_On_TOKYOTECH,TOKYOTECH,old,TOKYOTECH_s09,145,window,4350,4590,145.0,153.0,180,105.0,98.0,7.0,7.0,7.142857142857142,-0.27522856035493576,nan,240,-0.19822679879143834,1.1204187333536733,0.0289511360373353,0.866598981039863,1.0,large_error,09,9,9,first_180_seconds,97.820602417,76.7501373291,0,0.00372314453125,270.441134873,0.582500994205
PURE_CHECKPOINT/Eval_On_TOKYOTECH,TOKYOTECH,old,TOKYOTECH_s09,146,window,4380,4620,146.0,154.0,180,98.0,98.0,0.0,0.0,0.0,-0.31034493546546893,nan,240,-0.17902260065311565,1.1301960209419073,0.017236736656578676,0.9533997084567245,1.0,correct,09,9,9,first_180_seconds,97.820602417,76.7501373291,0,0.00372314453125,270.441134873,0.582500994205
PURE_CHECKPOINT/Eval_On_TOKYOTECH,TOKYOTECH,old,TOKYOTECH_s09,147,window,4410,4650,147.0,155.0,180,97.0,98.0,-1.0,1.0,1.0204081632653061,-0.4282665667042076,nan,240,-0.10127436341329789,1.136541833571847,0.008439556573318166,0.899211102230786,1.0,correct,09,9,9,first_180_seconds,97.820602417,76.7501373291,0,0.00372314453125,270.441134873,0.582500994205
PURE_CHECKPOINT/Eval_On_TOKYOTECH,TOKYOTECH,old,TOKYOTECH_s09,148,window,4440,4680,148.0,156.0,180,96.0,98.0,-2.0,2.0,2.0408163265306123,-0.24662001324794278,nan,240,-0.08859079920997222,1.1481773154617856,-0.04683229449120341,0.9601275624819272,1.0,correct,09,9,9,first_180_seconds,97.820602417,76.7501373291,0,0.00372314453125,270.441134873,0.582500994205
PURE_CHECKPOINT/Eval_On_TOKYOTECH,TOKYOTECH,old,TOKYOTECH_s09,149,window,4470,4710,149.0,157.0,180,97.0,97.0,0.0,0.0,0.0,-0.0892410560984256,nan,240,-0.030122412104780474,1.1579731927301304,0.02308743106740035,0.9563285908117346,1.0,correct,09,9,9,first_180_seconds,97.820602417,76.7501373291,0,0.00372314453125,270.441134873,0.582500994205
PURE_CHECKPOINT/Eval_On_TOKYOTECH,TOKYOTECH,old,TOKYOTECH_s09,150,window,4500,4740,150.0,158.0,180,106.0,96.0,10.0,10.0,10.416666666666668,-0.3696653173822705,nan,240,-0.030161827414607007,1.157991520954454,0.0022023555186161965,0.9177651201637054,1.0,large_error,09,9,9,first_180_seconds,97.820602417,76.7501373291,0,0.00372314453125,270.441134873,0.582500994205
PURE_CHECKPOINT/Eval_On_TOKYOTECH,TOKYOTECH,old,TOKYOTECH_s09,151,window,4530,4770,151.0,159.0,180,97.0,97.0,0.0,0.0,0.0,0.10858392949375238,nan,240,-0.014883444147805373,1.1678269806947292,0.0001384254473610384,0.9206816770737607,1.0,correct,09,9,9,first_180_seconds,97.820602417,76.7501373291,0,0.00372314453125,270.441134873,0.582500994205
PURE_CHECKPOINT/Eval_On_TOKYOTECH,TOKYOTECH,old,TOKYOTECH_s09,152,window,4560,4800,152.0,160.0,180,100.0,97.0,3.0,3.0,3.0927835051546393,-0.3769316566991093,nan,240,0.016310744158302744,1.1841224147010556,-0.005872200731449691,0.8034105304251089,1.0,correct,09,9,9,first_180_seconds,97.820602417,76.7501373291,0,0.00372314453125,270.441134873,0.582500994205
PURE_CHECKPOINT/Eval_On_TOKYOTECH,TOKYOTECH,old,TOKYOTECH_s09,153,window,4590,4830,153.0,161.0,180,104.0,97.0,7.0,7.0,7.216494845360824,-0.2885284403684644,nan,240,0.07418080750697603,1.1799705481830929,0.016422410318416784,0.9434785173377973,1.0,large_error,09,9,9,first_180_seconds,97.820602417,76.7501373291,0,0.00372314453125,270.441134873,0.582500994205
PURE_CHECKPOINT/Eval_On_TOKYOTECH,TOKYOTECH,old,TOKYOTECH_s09,154,window,4620,4860,154.0,162.0,180,99.0,98.0,1.0,1.0,1.0204081632653061,-0.5753488073188986,nan,240,0.06718242678325623,1.1924794087551154,0.023764813339688606,0.9400129645838798,1.0,correct,09,9,9,first_180_seconds,97.820602417,76.7501373291,0,0.00372314453125,270.441134873,0.582500994205
PURE_CHECKPOINT/Eval_On_TOKYOTECH,TOKYOTECH,old,TOKYOTECH_s09,155,window,4650,4890,155.0,163.0,180,97.0,98.0,-1.0,1.0,1.0204081632653061,-0.5908393062998936,nan,240,0.027096882315042117,1.194613199628785,0.0206734297384346,0.933680333737814,1.0,correct,09,9,9,first_180_seconds,97.820602417,76.7501373291,0,0.00372314453125,270.441134873,0.582500994205
PURE_CHECKPOINT/Eval_On_TOKYOTECH,TOKYOTECH,old,TOKYOTECH_s09,156,window,4680,4920,156.0,164.0,180,97.0,98.0,-1.0,1.0,1.0204081632653061,-0.6038506396080879,nan,240,0.017565879124837615,1.1916459781979758,-0.03581283404956922,0.9266900095958984,1.0,correct,09,9,9,first_180_seconds,97.820602417,76.7501373291,0,0.00372314453125,270.441134873,0.582500994205
PURE_CHECKPOINT/Eval_On_TOKYOTECH,TOKYOTECH,old,TOKYOTECH_s09,157,window,4710,4950,157.0,165.0,180,97.0,97.0,0.0,0.0,0.0,-0.4200551075437142,nan,240,-0.009859304766481121,1.1863048641510237,0.03548307085318092,0.9629364630840982,1.0,correct,09,9,9,first_180_seconds,97.820602417,76.7501373291,0,0.00372314453125,270.441134873,0.582500994205
PURE_CHECKPOINT/Eval_On_TOKYOTECH,TOKYOTECH,old,TOKYOTECH_s09,158,window,4740,4980,158.0,166.0,180,93.0,96.0,-3.0,3.0,3.125,-0.37901332215297745,nan,240,0.0028758590575307607,1.1829208852711974,0.02684693370939546,0.8415230788651772,1.0,correct,09,9,9,first_180_seconds,97.820602417,76.7501373291,0,0.00372314453125,270.441134873,0.582500994205
PURE_CHECKPOINT/Eval_On_TOKYOTECH,TOKYOTECH,old,TOKYOTECH_s09,159,window,4770,5010,159.0,167.0,180,97.0,96.0,1.0,1.0,1.0416666666666665,-0.6073957012009948,nan,240,0.0061974187536786,1.1855712309884792,-0.00921780685497167,0.9394146543789605,1.0,correct,09,9,9,first_180_seconds,97.820602417,76.7501373291,0,0.00372314453125,270.441134873,0.582500994205
PURE_CHECKPOINT/Eval_On_TOKYOTECH,TOKYOTECH,old,TOKYOTECH_s09,160,window,4800,5040,160.0,168.0,180,97.0,94.0,3.0,3.0,3.1914893617021276,-0.4431799630610985,nan,240,-0.05948994801049897,1.1593240034778434,0.0273068615274708,0.9513095711554101,1.0,correct,09,9,9,first_180_seconds,97.820602417,76.7501373291,0,0.00372314453125,270.441134873,0.582500994205
PURE_CHECKPOINT/Eval_On_TOKYOTECH,TOKYOTECH,old,TOKYOTECH_s09,161,window,4830,5070,161.0,169.0,180,105.0,94.0,11.0,11.0,11.702127659574469,-0.17291029309826916,nan,240,-0.003320554305294839,1.175021632378656,-0.0013659317950707073,0.90091111703047,1.0,large_error,09,9,9,first_180_seconds,97.820602417,76.7501373291,0,0.00372314453125,270.441134873,0.582500994205
PURE_CHECKPOINT/Eval_On_TOKYOTECH,TOKYOTECH,old,TOKYOTECH_s09,162,window,4860,5100,162.0,170.0,180,105.0,94.0,11.0,11.0,11.702127659574469,-0.1911542763928386,nan,240,-0.05693517873975604,1.1787011788160298,0.03774652788694175,0.8864265210144672,1.0,large_error,09,9,9,first_180_seconds,97.820602417,76.7501373291,0,0.00372314453125,270.441134873,0.582500994205
PURE_CHECKPOINT/Eval_On_TOKYOTECH,TOKYOTECH,old,TOKYOTECH_s09,163,window,4890,5130,163.0,171.0,180,166.0,94.0,72.0,72.0,76.59574468085107,-0.3886092714998727,nan,240,0.0022158704824202383,1.1788305876487604,-0.007299134322305536,0.7411431876967297,1.0,super_harmonic_2x,09,9,9,first_180_seconds,97.820602417,76.7501373291,0,0.00372314453125,270.441134873,0.582500994205
PURE_CHECKPOINT/Eval_On_TOKYOTECH,TOKYOTECH,old,TOKYOTECH_s09,164,window,4920,5160,164.0,172.0,180,96.0,95.0,1.0,1.0,1.0526315789473684,-0.40497976197703245,nan,240,0.042308726748645616,1.2273015367309585,-0.01015392322357004,0.8776288542740743,1.0,correct,09,9,9,first_180_seconds,97.820602417,76.7501373291,0,0.00372314453125,270.441134873,0.582500994205
PURE_CHECKPOINT/Eval_On_TOKYOTECH,TOKYOTECH,old,TOKYOTECH_s09,165,window,4950,5190,165.0,173.0,180,96.0,95.0,1.0,1.0,1.0526315789473684,-0.6645400817502092,nan,240,0.019657732489091966,1.2288539395005533,0.010447997257992996,0.9059666216834739,1.0,correct,09,9,9,first_180_seconds,97.820602417,76.7501373291,0,0.00372314453125,270.441134873,0.582500994205
PURE_CHECKPOINT/Eval_On_TOKYOTECH,TOKYOTECH,old,TOKYOTECH_s09,166,window,4980,5220,166.0,174.0,180,97.0,95.0,2.0,2.0,2.1052631578947367,-0.42426381000495195,nan,240,0.068782444303118,1.262538385794267,-0.02120660853627422,0.9529084263712081,1.0,correct,09,9,9,first_180_seconds,97.820602417,76.7501373291,0,0.00372314453125,270.441134873,0.582500994205
PURE_CHECKPOINT/Eval_On_TOKYOTECH,TOKYOTECH,old,TOKYOTECH_s09,167,window,5010,5250,167.0,175.0,180,97.0,95.0,2.0,2.0,2.1052631578947367,-0.5465078609699209,nan,240,-0.018456640896814255,1.2858586479572218,0.034756049275152016,0.9668553152065968,1.0,correct,09,9,9,first_180_seconds,97.820602417,76.7501373291,0,0.00372314453125,270.441134873,0.582500994205
PURE_CHECKPOINT/Eval_On_TOKYOTECH,TOKYOTECH,old,TOKYOTECH_s09,168,window,5040,5280,168.0,176.0,180,68.0,95.0,-27.0,27.0,28.421052631578945,-0.13283784694480563,nan,240,0.03550127781151483,1.3114016908206234,-0.03592098710552445,0.9214308412074851,1.0,large_error,09,9,9,first_180_seconds,97.820602417,76.7501373291,0,0.00372314453125,270.441134873,0.582500994205
