recording_id,measurement_id,sample_index,time_seconds,gt_signal,predicted_signal
BH_s00_high,0,0,0.0,-0.08478739098453136,-0.1432455273932052
BH_s00_high,0,1,0.03333333333333333,-0.23736624372405302,-0.34264276573250796
BH_s00_high,0,2,0.06666666666666667,-0.3831344804599371,-0.5461326089230994
BH_s00_high,0,3,0.1,-0.5111655613870391,-0.7160059532591678
BH_s00_high,0,4,0.13333333333333333,-0.6157996538787578,-0.8392364920327819
BH_s00_high,0,5,0.16666666666666666,-0.6936315703334088,-0.9266599370652465
BH_s00_high,0,6,0.2,-0.7419966152148314,-0.9901513577824335
BH_s00_high,0,7,0.23333333333333334,-0.7583970882355895,-1.0416888940533102
BH_s00_high,0,8,0.26666666666666666,-0.736474407603269,-1.0591378859842788
BH_s00_high,0,9,0.3,-0.6622150246971871,-0.986565843291594
BH_s00_high,0,10,0.3333333333333333,-0.5140988017342976,-0.7960236655892119
BH_s00_high,0,11,0.36666666666666664,-0.2699624589338188,-0.48893047502713594
BH_s00_high,0,12,0.4,0.06698688474818322,-0.11952213363041159
BH_s00_high,0,13,0.43333333333333335,0.4454416218463319,0.20444364655302505
BH_s00_high,0,14,0.4666666666666667,0.7757082217991945,0.4496985536345608
BH_s00_high,0,15,0.5,0.973366029606061,0.656034924794759
BH_s00_high,0,16,0.5333333333333333,1.0051460206023934,0.8464703308016751
BH_s00_high,0,17,0.5666666666666667,0.8944290750206201,1.0250514862437385
BH_s00_high,0,18,0.6,0.698357433512497,1.159663312377821
BH_s00_high,0,19,0.6333333333333333,0.48429634696956586,1.1816402272529989
BH_s00_high,0,20,0.6666666666666666,0.306762261635662,1.0758367423583486
BH_s00_high,0,21,0.7,0.19082393473399498,0.8808979407194607
BH_s00_high,0,22,0.7333333333333333,0.13330577162330412,0.6409704946251923
BH_s00_high,0,23,0.7666666666666667,0.1111812729873009,0.40584648894898634
BH_s00_high,0,24,0.8,0.09225431773902505,0.19311466009924777
BH_s00_high,0,25,0.8333333333333334,0.05045889336895722,-0.010618757094981036
BH_s00_high,0,26,0.8666666666666667,-0.02586434843477517,-0.2029063728946534
BH_s00_high,0,27,0.9,-0.1352746075948063,-0.3640101836415657
BH_s00_high,0,28,0.9333333333333333,-0.2656722159494289,-0.4827517446626979
BH_s00_high,0,29,0.9666666666666667,-0.4008521003364802,-0.5556109205348585
BH_s00_high,0,30,1.0,-0.5287986485307891,-0.5890494213596424
BH_s00_high,0,31,1.0333333333333334,-0.6412838215066775,-0.5987335081234753
BH_s00_high,0,32,1.0666666666666667,-0.7321635002058146,-0.6017168145063975
BH_s00_high,0,33,1.1,-0.7982061252082036,-0.6158175115608485
BH_s00_high,0,34,1.1333333333333333,-0.8377313612935159,-0.6319982582376894
BH_s00_high,0,35,1.1666666666666667,-0.846214991121242,-0.614474774987239
BH_s00_high,0,36,1.2,-0.8124242298261832,-0.5366949463641055
BH_s00_high,0,37,1.2333333333333334,-0.719048478610188,-0.38219132913438714
BH_s00_high,0,38,1.2666666666666666,-0.5421106407017775,-0.17079844551603296
BH_s00_high,0,39,1.3,-0.25696760485041537,0.04083833019810329
BH_s00_high,0,40,1.3333333333333333,0.13142291519694568,0.22209889994280135
BH_s00_high,0,41,1.3666666666666667,0.5624888706797613,0.3677734034624355
BH_s00_high,0,42,1.4,0.935506564792858,0.48360737503653345
BH_s00_high,0,43,1.4333333333333333,1.1581403269776485,0.5851089137734862
BH_s00_high,0,44,1.4666666666666666,1.1957489924028222,0.6555434416566488
BH_s00_high,0,45,1.5,1.0784360070572179,0.6457065024679085
BH_s00_high,0,46,1.5333333333333334,0.8691049089710277,0.5500481652047834
BH_s00_high,0,47,1.5666666666666667,0.634756550564026,0.4069256204993654
BH_s00_high,0,48,1.6,0.4295672202661783,0.25299404776409157
BH_s00_high,0,49,1.6333333333333333,0.28333213477774727,0.12320308690000659
BH_s00_high,0,50,1.6666666666666667,0.19731626714596934,0.028511485836134953
BH_s00_high,0,51,1.7,0.15086234171567386,-0.04346877425305863
BH_s00_high,0,52,1.7333333333333334,0.11403353014612512,-0.10221136472990289
BH_s00_high,0,53,1.7666666666666666,0.062034087706376334,-0.15345768768130236
BH_s00_high,0,54,1.8,-0.014357797454867427,-0.19610859155638483
BH_s00_high,0,55,1.8333333333333333,-0.11214364142451197,-0.22186460271645958
BH_s00_high,0,56,1.8666666666666667,-0.22251430152414917,-0.23181164786817465
BH_s00_high,0,57,1.9,-0.3333474145954854,-0.23619037615831467
BH_s00_high,0,58,1.9333333333333333,-0.4342511495571562,-0.24903000997883193
BH_s00_high,0,59,1.9666666666666666,-0.519630768952314,-0.28771104937694797
BH_s00_high,0,60,2.0,-0.5894241775122219,-0.3635728488674915
BH_s00_high,0,61,2.033333333333333,-0.6488442571176543,-0.48132362228359415
BH_s00_high,0,62,2.066666666666667,-0.7028429857898277,-0.6133421056542018
BH_s00_high,0,63,2.1,-0.7516685290135268,-0.699659726378682
BH_s00_high,0,64,2.1333333333333333,-0.790475154415649,-0.7032894830821339
BH_s00_high,0,65,2.1666666666666665,-0.8066375489611357,-0.6107178691156725
BH_s00_high,0,66,2.2,-0.7773707628321627,-0.425670600949656
BH_s00_high,0,67,2.2333333333333334,-0.6726686661050426,-0.16972397107052176
BH_s00_high,0,68,2.2666666666666666,-0.4590468249990217,0.12225098386157256
BH_s00_high,0,69,2.3,-0.11848985011684568,0.4011997074192787
BH_s00_high,0,70,2.3333333333333335,0.3181162148006818,0.635094460149555
BH_s00_high,0,71,2.3666666666666667,0.7598577331080458,0.8078025196724317
BH_s00_high,0,72,2.4,1.0921840275040444,0.8922076588428605
BH_s00_high,0,73,2.433333333333333,1.2428199669990507,0.849709342906439
BH_s00_high,0,74,2.466666666666667,1.210654675865701,0.7114460570389467
BH_s00_high,0,75,2.5,1.0435812691330717,0.5776754384037633
BH_s00_high,0,76,2.533333333333333,0.8085625867067567,0.4959015114179873
BH_s00_high,0,77,2.566666666666667,0.5703460694463309,0.46045752859964134
BH_s00_high,0,78,2.6,0.3766892336080668,0.43706403577355707
BH_s00_high,0,79,2.6333333333333333,0.24822344044712194,0.36408292979958956
BH_s00_high,0,80,2.6666666666666665,0.17591750317687516,0.23287421027249489
BH_s00_high,0,81,2.7,0.1317002209246224,0.08859638048865912
BH_s00_high,0,82,2.7333333333333334,0.08659414317087269,-0.03649605774101916
BH_s00_high,0,83,2.7666666666666666,0.023593660533806085,-0.12290955019804317
BH_s00_high,0,84,2.8,-0.061688980230066665,-0.1834113282585259
BH_s00_high,0,85,2.8333333333333335,-0.16535377959253156,-0.2620015080366901
BH_s00_high,0,86,2.8666666666666667,-0.2769319937528797,-0.38054804223596
BH_s00_high,0,87,2.9,-0.3844234618057606,-0.5375579660174417
BH_s00_high,0,88,2.933333333333333,-0.4790869662683617,-0.7130041599496618
BH_s00_high,0,89,2.966666666666667,-0.5572603204558381,-0.8677537410321143
BH_s00_high,0,90,3.0,-0.6191123917045185,-0.9755077735940186
BH_s00_high,0,91,3.033333333333333,-0.66805236785599,-1.0224432330079964
BH_s00_high,0,92,3.066666666666667,-0.7102987472768976,-0.995730203192366
BH_s00_high,0,93,3.1,-0.7472207163780519,-0.883576160269793
BH_s00_high,0,94,3.1333333333333333,-0.7724777606336264,-0.6772450667563172
BH_s00_high,0,95,3.1666666666666665,-0.7723918860455611,-0.37213852900788913
BH_s00_high,0,96,3.2,-0.7238231803027675,0.02504195803378216
BH_s00_high,0,97,3.2333333333333334,-0.5965602478975087,0.4942678539907529
BH_s00_high,0,98,3.2666666666666666,-0.3578818256375081,0.9498693829422009
BH_s00_high,0,99,3.3,0.004987566791051988,1.239608089402702
BH_s00_high,0,100,3.3333333333333335,0.4475314982378858,1.3154578660424963
BH_s00_high,0,101,3.3666666666666667,0.8670278725784,1.2328886999655226
BH_s00_high,0,102,3.4,1.1528212448697368,1.056528356272175
BH_s00_high,0,103,3.433333333333333,1.2461495072474373,0.8588845307999533
BH_s00_high,0,104,3.466666666666667,1.1589116689960814,0.6809841862339209
BH_s00_high,0,105,3.5,0.948360613898399,0.532618743028125
BH_s00_high,0,106,3.533333333333333,0.6886951923710909,0.39716098123725363
BH_s00_high,0,107,3.566666666666667,0.44976266430099776,0.23313442075744978
BH_s00_high,0,108,3.6,0.27476185425143057,0.029936873304509774
BH_s00_high,0,109,3.6333333333333333,0.17212771018963335,-0.19064168336893061
BH_s00_high,0,110,3.6666666666666665,0.12159023130134383,-0.40597879486572486
BH_s00_high,0,111,3.7,0.0849846559147956,-0.5916527826933373
BH_s00_high,0,112,3.7333333333333334,0.026169166925568935,-0.7414556638083319
BH_s00_high,0,113,3.7666666666666666,-0.0715426271648327,-0.8662123191423599
BH_s00_high,0,114,3.8,-0.20484984357277516,-0.9704741313377548
BH_s00_high,0,115,3.8333333333333335,-0.35956533106220534,-1.0514813968491719
BH_s00_high,0,116,3.8666666666666667,-0.5169451790382128,-1.0990110999179594
BH_s00_high,0,117,3.9,-0.65769281627204,-1.0951000131802224
BH_s00_high,0,118,3.933333333333333,-0.7662319447290357,-1.0262148622582021
BH_s00_high,0,119,3.966666666666667,-0.8326654878514714,-0.8837012364688809
BH_s00_high,0,120,4.0,-0.8522701141799963,-0.6566986848534071
BH_s00_high,0,121,4.033333333333333,-0.8234765713541441,-0.3335231227173571
BH_s00_high,0,122,4.066666666666666,-0.7413418053762505,0.07564737146161706
BH_s00_high,0,123,4.1,-0.5940036617704726,0.5366933081869505
BH_s00_high,0,124,4.133333333333334,-0.36426376405667377,0.9843490023237597
BH_s00_high,0,125,4.166666666666667,-0.04292861830205045,1.320725288215138
BH_s00_high,0,126,4.2,0.34025940811101985,1.4860623656898224
BH_s00_high,0,127,4.233333333333333,0.7080664355379336,1.4580010390260183
BH_s00_high,0,128,4.266666666666667,0.9691743458105616,1.2760996958919488
BH_s00_high,0,129,4.3,1.0656460122689009,1.040877673720488
BH_s00_high,0,130,4.333333333333333,0.9991333347548876,0.8116456169911688
BH_s00_high,0,131,4.366666666666666,0.817657848531852,0.6064897233333403
BH_s00_high,0,132,4.4,0.5897437205058151,0.418575800771859
BH_s00_high,0,133,4.433333333333334,0.3811813577859198,0.2178472622854405
BH_s00_high,0,134,4.466666666666667,0.23447998072951762,0.0007405532463483355
BH_s00_high,0,135,4.5,0.16078860890962943,-0.20822582414333443
BH_s00_high,0,136,4.533333333333333,0.13940247437027892,-0.39508834737754844
BH_s00_high,0,137,4.566666666666666,0.13087388058347396,-0.5552880837069454
BH_s00_high,0,138,4.6,0.09944506664909014,-0.6855377005076875
BH_s00_high,0,139,4.633333333333334,0.025824101990015412,-0.7827161157675687
BH_s00_high,0,140,4.666666666666667,-0.09210965316702546,-0.845429434824674
BH_s00_high,0,141,4.7,-0.24317420805229362,-0.8733149897148857
BH_s00_high,0,142,4.733333333333333,-0.40843487273604995,-0.8709867399330473
BH_s00_high,0,143,4.766666666666667,-0.5688188542029291,-0.8476815533988342
BH_s00_high,0,144,4.8,-0.7093011926909973,-0.7971049850935679
BH_s00_high,0,145,4.833333333333333,-0.8191904375334578,-0.6977800325045975
BH_s00_high,0,146,4.866666666666666,-0.8914790104735124,-0.5497123831911923
BH_s00_high,0,147,4.9,-0.9219343178332278,-0.3751222464729263
BH_s00_high,0,148,4.933333333333334,-0.9059286168383263,-0.17746633523523597
BH_s00_high,0,149,4.966666666666667,-0.8357513091668035,0.057375912505141693
BH_s00_high,0,150,5.0,-0.6961359493554592,0.33331630998030015
BH_s00_high,0,151,5.033333333333333,-0.4615764533928292,0.6422211965952047
BH_s00_high,0,152,5.066666666666666,-0.1155577598982728,0.9118772961040575
BH_s00_high,0,153,5.1,0.3166009936602663,1.0058195304901676
BH_s00_high,0,154,5.133333333333334,0.7544504757814153,0.9060473072913315
BH_s00_high,0,155,5.166666666666667,1.0909563180901733,0.7128406380528002
BH_s00_high,0,156,5.2,1.250480065870653,0.507502842999274
BH_s00_high,0,157,5.233333333333333,1.224494960438612,0.35138843958576654
BH_s00_high,0,158,5.266666666666667,1.0588465022682776,0.27306132350220763
BH_s00_high,0,159,5.3,0.8220953614146023,0.26859341475898896
BH_s00_high,0,160,5.333333333333333,0.581135562973994,0.2980627585312382
BH_s00_high,0,161,5.366666666666666,0.38484768255719337,0.2867546449854916
BH_s00_high,0,162,5.4,0.25512708001973405,0.22653270620795146
BH_s00_high,0,163,5.433333333333334,0.1849673309795567,0.1761855451011206
BH_s00_high,0,164,5.466666666666667,0.1439387259043375,0.1335287671639136
BH_s00_high,0,165,5.5,0.09754463881183709,0.035866198481196494
BH_s00_high,0,166,5.533333333333333,0.02587225754788107,-0.12496015658281334
BH_s00_high,0,167,5.566666666666666,-0.07519306092567775,-0.3015983334844734
BH_s00_high,0,168,5.6,-0.19903539713798146,-0.47230389155290453
BH_s00_high,0,169,5.633333333333334,-0.33391525861647203,-0.6402713264007827
BH_s00_high,0,170,5.666666666666667,-0.4667675635511169,-0.7949181519235389
BH_s00_high,0,171,5.7,-0.5848401338838092,-0.9109707578763564
BH_s00_high,0,172,5.733333333333333,-0.6807482239947523,-0.9659088818157654
BH_s00_high,0,173,5.766666666666667,-0.7528758442780914,-0.9397852237593869
BH_s00_high,0,174,5.8,-0.8018619954062367,-0.8405123422923387
BH_s00_high,0,175,5.833333333333333,-0.829687374566995,-0.7038428896616132
BH_s00_high,0,176,5.866666666666666,-0.8352011622253845,-0.52871373655859
BH_s00_high,0,177,5.9,-0.8092468146725491,-0.2782922731827882
BH_s00_high,0,178,5.933333333333334,-0.7353465330533439,0.04885929663335164
BH_s00_high,0,179,5.966666666666667,-0.5896589350596007,0.41690315591950744
BH_s00_high,0,180,6.0,-0.341219825720877,0.7670455329701857
BH_s00_high,0,181,6.033333333333333,0.023730424641739065,1.0165484484588048
BH_s00_high,0,182,6.066666666666666,0.4621942094106687,1.117299003871499
BH_s00_high,0,183,6.1,0.8739708978866353,1.0553717350901624
BH_s00_high,0,184,6.133333333333334,1.1511913671270797,0.88728043014599
BH_s00_high,0,185,6.166666666666667,1.237493002348596,0.7387735308142097
BH_s00_high,0,186,6.2,1.1481007191113342,0.646825959713216
BH_s00_high,0,187,6.233333333333333,0.9422702051934123,0.5596367288281638
BH_s00_high,0,188,6.266666666666667,0.6906440757309296,0.43652751450320487
BH_s00_high,0,189,6.3,0.45689776673538496,0.24975601844873102
BH_s00_high,0,190,6.333333333333333,0.28342519474680206,0.013811548032751083
BH_s00_high,0,191,6.366666666666666,0.18000843955684084,-0.21363394438360328
BH_s00_high,0,192,6.4,0.12568172588654414,-0.40106301819645707
BH_s00_high,0,193,6.433333333333334,0.08549669485548128,-0.542354308058632
BH_s00_high,0,194,6.466666666666667,0.028497772579923628,-0.6350005209360952
BH_s00_high,0,195,6.5,-0.060973616972946454,-0.6791324309055453
BH_s00_high,0,196,6.533333333333333,-0.18228455749607217,-0.6847477213983892
BH_s00_high,0,197,6.566666666666666,-0.32353231098703794,-0.671078072677683
BH_s00_high,0,198,6.6,-0.46709146721055694,-0.6420119205543283
BH_s00_high,0,199,6.633333333333334,-0.595997644268203,-0.5860629170458667
BH_s00_high,0,200,6.666666666666667,-0.6982488937682579,-0.50154151936848
BH_s00_high,0,201,6.7,-0.767773638473223,-0.3969992720346079
BH_s00_high,0,202,6.733333333333333,-0.801367617605679,-0.2666643249659234
BH_s00_high,0,203,6.766666666666667,-0.798125861013015,-0.09136152797122607
BH_s00_high,0,204,6.8,-0.7568475729654502,0.12834977562832822
BH_s00_high,0,205,6.833333333333333,-0.6691150015610406,0.3709255964106407
BH_s00_high,0,206,6.866666666666666,-0.5173560990399522,0.5734394396833471
BH_s00_high,0,207,6.9,-0.2784888283947882,0.6316470250624653
BH_s00_high,0,208,6.933333333333334,0.05347232280005387,0.5638874496336537
BH_s00_high,0,209,6.966666666666667,0.43757988449387425,0.5101335521638377
BH_s00_high,0,210,7.0,0.7867067733364608,0.5305169131708591
BH_s00_high,0,211,7.033333333333333,1.008446261115207,0.6039863120598498
BH_s00_high,0,212,7.066666666666666,1.0581776942687335,0.6686593183245721
BH_s00_high,0,213,7.1,0.9539593351082863,0.6230955750959077
BH_s00_high,0,214,7.133333333333334,0.7532486160377225,0.4588291817925503
BH_s00_high,0,215,7.166666666666667,0.5279029204264543,0.2609660381241782
BH_s00_high,0,216,7.2,0.3392451557580454,0.084981491008026
BH_s00_high,0,217,7.233333333333333,0.21793848250576237,-0.043427323614580265
BH_s00_high,0,218,7.266666666666667,0.16269612283140242,-0.13171982535792476
BH_s00_high,0,219,7.3,0.14851719575756916,-0.21934468525712902
BH_s00_high,0,220,7.333333333333333,0.14002032075766657,-0.3305832157611183
BH_s00_high,0,221,7.366666666666666,0.10732853048819818,-0.4731973422665657
BH_s00_high,0,222,7.4,0.0367358086564338,-0.6337624175490146
BH_s00_high,0,223,7.433333333333334,-0.0698456050035029,-0.777022138107323
BH_s00_high,0,224,7.466666666666667,-0.20145592597681666,-0.8810841702302469
BH_s00_high,0,225,7.5,-0.34168138542999743,-0.9370343778811492
BH_s00_high,0,226,7.533333333333333,-0.47596496420321266,-0.9428909885816674
BH_s00_high,0,227,7.566666666666666,-0.5942940029273032,-0.9032930619269317
BH_s00_high,0,228,7.6,-0.6905097935562134,-0.8239655598185924
BH_s00_high,0,229,7.633333333333334,-0.7643248866866175,-0.7118910363790322
BH_s00_high,0,230,7.666666666666667,-0.8157731438887846,-0.5523170392901997
BH_s00_high,0,231,7.7,-0.8418972902069117,-0.3100517825667347
BH_s00_high,0,232,7.733333333333333,-0.8369114486355279,0.024500868089472168
BH_s00_high,0,233,7.766666666666667,-0.7880825278023675,0.4332562729229056
BH_s00_high,0,234,7.8,-0.6728297379734428,0.857324742377873
BH_s00_high,0,235,7.833333333333333,-0.45934442873936754,1.1957129033854321
BH_s00_high,0,236,7.866666666666666,-0.12634577364568775,1.3956899034910164
BH_s00_high,0,237,7.9,0.30149984131581864,1.4518332360750383
BH_s00_high,0,238,7.933333333333334,0.7401751308967043,1.3748400855145584
BH_s00_high,0,239,7.966666666666667,1.0790376012963605,1.190794286333943
BH_s00_high,0,240,8.0,1.2414955800481797,0.9475202111715726
BH_s00_high,0,241,8.033333333333333,1.2178696150100574,0.7145309450895148
BH_s00_high,0,242,8.066666666666666,1.0528232176445145,0.5058194484702024
BH_s00_high,0,243,8.1,0.8151318278857176,0.2811600763317061
BH_s00_high,0,244,8.133333333333333,0.5714326467951859,0.04134552519918086
BH_s00_high,0,245,8.166666666666666,0.3708613353314131,-0.17016979674628946
BH_s00_high,0,246,8.2,0.23661988494243677,-0.33278143043131025
BH_s00_high,0,247,8.233333333333333,0.16381173183996298,-0.44774533062269195
BH_s00_high,0,248,8.266666666666667,0.12584431395232204,-0.5358245359049183
BH_s00_high,0,249,8.3,0.09001567195578129,-0.6358001512198882
BH_s00_high,0,250,8.333333333333334,0.034941662005831584,-0.7478057426306779
BH_s00_high,0,251,8.366666666666667,-0.044143657684107815,-0.8325511963580996
BH_s00_high,0,252,8.4,-0.14209118057500697,-0.8754785162825216
BH_s00_high,0,253,8.433333333333334,-0.24825374937750994,-0.8865376519719663
BH_s00_high,0,254,8.466666666666667,-0.3481620154062098,-0.8718100761163178
BH_s00_high,0,255,8.5,-0.4318465372104455,-0.8332424792064987
BH_s00_high,0,256,8.533333333333333,-0.4982536442664724,-0.7815078346510222
BH_s00_high,0,257,8.566666666666666,-0.5517082861758926,-0.7359875703308489
BH_s00_high,0,258,8.6,-0.5990138864500546,-0.674228815515347
BH_s00_high,0,259,8.633333333333333,-0.6454488295031258,-0.5329521117723742
BH_s00_high,0,260,8.666666666666666,-0.6917757364993524,-0.2829375537461845
BH_s00_high,0,261,8.7,-0.733887217741949,0.06907283517770536
BH_s00_high,0,262,8.733333333333333,-0.7614480122070768,0.48649873145888006
BH_s00_high,0,263,8.766666666666667,-0.7555322805968187,0.9014017059780324
BH_s00_high,0,264,8.8,-0.6889326192003825,1.237700670113652
BH_s00_high,0,265,8.833333333333334,-0.5277418446878295,1.4103473518732579
BH_s00_high,0,266,8.866666666666667,-0.24181374127696686,1.4007683397897819
BH_s00_high,0,267,8.9,0.16117845624117838,1.2561368257280345
BH_s00_high,0,268,8.933333333333334,0.6093846212162074,1.0455525501126837
BH_s00_high,0,269,8.966666666666667,0.9880927424950887,0.8590837667360126
BH_s00_high,0,270,9.0,1.1989428029235643,0.7149733213493347
BH_s00_high,0,271,9.033333333333333,1.2127457838073115,0.5604683521786402
BH_s00_high,0,272,9.066666666666666,1.0695390802993687,0.3630253747673174
BH_s00_high,0,273,9.1,0.8395633520856156,0.11239182448385478
BH_s00_high,0,274,9.133333333333333,0.5920908488369416,-0.17165436636101514
BH_s00_high,0,275,9.166666666666666,0.3835483198567611,-0.4380332158965279
BH_s00_high,0,276,9.2,0.24598559039116447,-0.6626047806157229
BH_s00_high,0,277,9.233333333333333,0.17592696526997534,-0.8469133138045265
BH_s00_high,0,278,9.266666666666667,0.14369964585387296,-0.9940568278927249
BH_s00_high,0,279,9.3,0.11390401745401967,-1.1072485548226623
BH_s00_high,0,280,9.333333333333334,0.06033632505979514,-1.1873231734826626
BH_s00_high,0,281,9.366666666666667,-0.02546919823447444,-1.2318955877690654
BH_s00_high,0,282,9.4,-0.13643880378400108,-1.232600254894205
BH_s00_high,0,283,9.433333333333334,-0.2589148837237173,-1.175033548520161
BH_s00_high,0,284,9.466666666666667,-0.37831459129913375,-1.0349980599620474
BH_s00_high,0,285,9.5,-0.4843201088313088,-0.7796585428071546
BH_s00_high,0,286,9.533333333333333,-0.5712127199884444,-0.41604298692606617
BH_s00_high,0,287,9.566666666666666,-0.6372490444632198,0.007264997496261076
BH_s00_high,0,288,9.6,-0.6857619195410349,0.4383040803367261
BH_s00_high,0,289,9.633333333333333,-0.7203937311853925,0.8201257740542858
BH_s00_high,0,290,9.666666666666666,-0.7425887210612916,1.102321896860052
BH_s00_high,0,291,9.7,-0.7494721537238157,1.2396724558638181
BH_s00_high,0,292,9.733333333333333,-0.7281560529005895,1.249064880143701
BH_s00_high,0,293,9.766666666666667,-0.6549648095544035,1.2079717522447921
BH_s00_high,0,294,9.8,-0.49741934982242886,1.1421596296213
BH_s00_high,0,295,9.833333333333334,-0.22582910569608983,1.0252151710818618
BH_s00_high,0,296,9.866666666666667,0.15294923524625656,0.8496704819821465
BH_s00_high,0,297,9.9,0.5726312722400835,0.6280595880509545
BH_s00_high,0,298,9.933333333333334,0.9277781349283372,0.383286468816875
BH_s00_high,0,299,9.966666666666667,1.127733670452573,0.14958449704595747
BH_s00_high,0,300,10.0,1.1431924262659412,-0.0522116754298568
BH_s00_high,0,301,10.033333333333333,1.00610780129167,-0.2135383321606168
BH_s00_high,0,302,10.066666666666666,0.7824339543968406,-0.33037544845686817
BH_s00_high,0,303,10.1,0.5444150224265816,-0.40213954236758864
BH_s00_high,0,304,10.133333333333333,0.3478952249999219,-0.44445034837775
BH_s00_high,0,305,10.166666666666666,0.22175386341579098,-0.4880955880017712
BH_s00_high,0,306,10.2,0.16543109141127535,-0.5326723248452093
BH_s00_high,0,307,10.233333333333333,0.1509672369799088,-0.5462196099128737
BH_s00_high,0,308,10.266666666666667,0.13961871593971625,-0.5169477291821412
BH_s00_high,0,309,10.3,0.10475794475776193,-0.45342634120937947
BH_s00_high,0,310,10.333333333333334,0.03890132243897733,-0.3678263665359599
BH_s00_high,0,311,10.366666666666667,-0.051958248812176006,-0.2759864890086912
BH_s00_high,0,312,10.4,-0.15676008909338635,-0.1976496023985997
BH_s00_high,0,313,10.433333333333334,-0.26257325449485863,-0.15653275661583943
BH_s00_high,0,314,10.466666666666667,-0.3564438654045867,-0.15632637210814646
BH_s00_high,0,315,10.5,-0.43318306920328636,-0.1808820566968935
BH_s00_high,0,316,10.533333333333333,-0.49730018082484806,-0.20832722031501485
BH_s00_high,0,317,10.566666666666666,-0.5572128470296682,-0.21153604751191257
BH_s00_high,0,318,10.6,-0.6196594534620488,-0.20536609515005064
BH_s00_high,0,319,10.633333333333333,-0.6870146620578841,-0.24623843040959464
BH_s00_high,0,320,10.666666666666666,-0.7567787125183244,-0.32131170784194335
BH_s00_high,0,321,10.7,-0.8190265720884179,-0.34860047687374357
BH_s00_high,0,322,10.733333333333333,-0.8558884652183438,-0.28873565642956317
BH_s00_high,0,323,10.766666666666667,-0.843480194788596,-0.1459489083780883
BH_s00_high,0,324,10.8,-0.7487228120049152,0.06757872980533826
BH_s00_high,0,325,10.833333333333334,-0.5318286145992732,0.3310010576786008
BH_s00_high,0,326,10.866666666666667,-0.17028193943621744,0.5887563626559794
BH_s00_high,0,327,10.9,0.30370285616586895,0.750246117538302
BH_s00_high,0,328,10.933333333333334,0.7915138147713846,0.8039592614186175
BH_s00_high,0,329,10.966666666666667,1.1686274952042128,0.8166276512809815
BH_s00_high,0,330,11.0,1.3508708528315843,0.815604057614867
BH_s00_high,0,331,11.033333333333333,1.329738182667021,0.787984137143107
BH_s00_high,0,332,11.066666666666666,1.1553114541557221,0.72216444648707
BH_s00_high,0,333,11.1,0.9009974825621591,0.6083964677037337
BH_s00_high,0,334,11.133333333333333,0.6365296725363603,0.46169019478258094
BH_s00_high,0,335,11.166666666666666,0.41499582140646,0.32223758448440676
BH_s00_high,0,336,11.2,0.2643897857922502,0.19682683501609097
BH_s00_high,0,337,11.233333333333333,0.1808688745948555,0.0596997276017444
BH_s00_high,0,338,11.266666666666667,0.1362730994178943,-0.09375495076932717
BH_s00_high,0,339,11.3,0.0964206607575739,-0.24582777779963622
BH_s00_high,0,340,11.333333333333334,0.03842686091552597,-0.3936785974236422
BH_s00_high,0,341,11.366666666666667,-0.04181443871993609,-0.5482757128525231
BH_s00_high,0,342,11.4,-0.13624998589606746,-0.709281853865888
BH_s00_high,0,343,11.433333333333334,-0.23381714967338382,-0.8639180544570351
BH_s00_high,0,344,11.466666666666667,-0.32232963356365985,-1.002365727540386
BH_s00_high,0,345,11.5,-0.39257445752140696,-1.1169260228472786
BH_s00_high,0,346,11.533333333333333,-0.4427572012758304,-1.1915762525504674
BH_s00_high,0,347,11.566666666666666,-0.47814648953457495,-1.2016220521517766
BH_s00_high,0,348,11.6,-0.5080317886204386,-1.1269653816101572
BH_s00_high,0,349,11.633333333333333,-0.5426808211253615,-0.9526494608711492
BH_s00_high,0,350,11.666666666666666,-0.5913411476920606,-0.678594547630578
BH_s00_high,0,351,11.7,-0.6566203896322843,-0.3209080637397714
BH_s00_high,0,352,11.733333333333333,-0.7311073710843169,0.10012407349338596
BH_s00_high,0,353,11.766666666666667,-0.798934785224114,0.55798941442553
BH_s00_high,0,354,11.8,-0.8364152983512527,0.997061623635749
BH_s00_high,0,355,11.833333333333334,-0.8124871957723644,1.3308547683448755
BH_s00_high,0,356,11.866666666666667,-0.6891739291437068,1.5206529963605246
BH_s00_high,0,357,11.9,-0.4286311935125485,1.5741812763800496
BH_s00_high,0,358,11.933333333333334,-0.021560341283633412,1.5022844930755137
BH_s00_high,0,359,11.966666666666667,0.47736612473882034,1.318202698353519
BH_s00_high,0,360,12.0,0.9509479478112792,1.0604854513130535
BH_s00_high,0,361,12.033333333333333,1.274004424936517,0.7931998807040975
BH_s00_high,0,362,12.066666666666666,1.3811534115803414,0.5397912348535684
BH_s00_high,0,363,12.1,1.2868844091994536,0.28434884314632924
BH_s00_high,0,364,12.133333333333333,1.0576316832120134,0.02623418940858456
BH_s00_high,0,365,12.166666666666666,0.7757692568739356,-0.21802491055963968
BH_s00_high,0,366,12.2,0.5129031446011902,-0.4337885084721632
BH_s00_high,0,367,12.233333333333333,0.3176540263258326,-0.6069223148091877
BH_s00_high,0,368,12.266666666666667,0.20666941086059376,-0.7414554263476661
BH_s00_high,0,369,12.3,0.16014347342069823,-0.8581737975073659
BH_s00_high,0,370,12.333333333333334,0.13641181434979138,-0.9662078484478951
BH_s00_high,0,371,12.366666666666667,0.0968154941602977,-1.0618980566320202
BH_s00_high,0,372,12.4,0.02159401518419103,-1.1366593528482314
BH_s00_high,0,373,12.433333333333334,-0.08869439518155631,-1.1765303817049275
BH_s00_high,0,374,12.466666666666667,-0.22056085468611342,-1.1601006071484081
BH_s00_high,0,375,12.5,-0.35716065380337797,-1.0588547556392174
BH_s00_high,0,376,12.533333333333333,-0.48349070018667867,-0.8524877641408387
BH_s00_high,0,377,12.566666666666666,-0.5892336723235945,-0.5302519685349786
BH_s00_high,0,378,12.6,-0.6706023344981668,-0.13514768126849888
BH_s00_high,0,379,12.633333333333333,-0.7288830871406111,0.23495358788574983
BH_s00_high,0,380,12.666666666666666,-0.7699043348541537,0.5393656490584232
BH_s00_high,0,381,12.7,-0.7995670844418844,0.793049087573387
BH_s00_high,0,382,12.733333333333333,-0.8159108191556469,0.9986153699033006
BH_s00_high,0,383,12.766666666666667,-0.8089662682856003,1.144381309121004
BH_s00_high,0,384,12.8,-0.76071417843504,1.2135609097621178
BH_s00_high,0,385,12.833333333333334,-0.6433015385908429,1.1836686467973911
BH_s00_high,0,386,12.866666666666667,-0.42082577720302927,1.0653609211633825
BH_s00_high,0,387,12.9,-0.07053095141254272,0.9023312606575642
BH_s00_high,0,388,12.933333333333334,0.37664276297291854,0.7216610963675039
BH_s00_high,0,389,12.966666666666667,0.8245793792168788,0.5342218594785927
BH_s00_high,0,390,13.0,1.1532179169903578,0.3469519750368784
BH_s00_high,0,391,13.033333333333333,1.2844693036088652,0.16403758663861934
BH_s00_high,0,392,13.066666666666666,1.2176150942708968,-0.010822797014035199
BH_s00_high,0,393,13.1,1.0111007830498835,-0.17315993186005513
BH_s00_high,0,394,13.133333333333333,0.7443104001640476,-0.3142461706509462
BH_s00_high,0,395,13.166666666666666,0.4910233112886089,-0.4201219125593519
BH_s00_high,0,396,13.2,0.30353195302644537,-0.49231924498649715
BH_s00_high,0,397,13.233333333333333,0.2014938206192886,-0.5469998681867079
BH_s00_high,0,398,13.266666666666667,0.16904935307213753,-0.5968418598410783
BH_s00_high,0,399,13.3,0.16534453493060414,-0.6502349847102095
BH_s00_high,0,400,13.333333333333334,0.14813737474099792,-0.7113180125151266
BH_s00_high,0,401,13.366666666666667,0.0931622134088896,-0.7794480010874733
BH_s00_high,0,402,13.4,-0.0024564741706808585,-0.8396046080920189
BH_s00_high,0,403,13.433333333333334,-0.12866878601854043,-0.8623284358471799
BH_s00_high,0,404,13.466666666666667,-0.26942266442118057,-0.8273562507413453
BH_s00_high,0,405,13.5,-0.40635484684485185,-0.724058586568886
BH_s00_high,0,406,13.533333333333333,-0.5265358737339854,-0.559308203271453
BH_s00_high,0,407,13.566666666666666,-0.6257293070064689,-0.35805800311327063
BH_s00_high,0,408,13.6,-0.706299327733126,-0.12402439397816342
BH_s00_high,0,409,13.633333333333333,-0.7734184455384515,0.1589302945458512
BH_s00_high,0,410,13.666666666666666,-0.83182404655018,0.4771721571028623
BH_s00_high,0,411,13.7,-0.8831550943472273,0.7856115838701069
BH_s00_high,0,412,13.733333333333333,-0.9207856710241317,1.0398930749985777
BH_s00_high,0,413,13.766666666666667,-0.92738588257822,1.1954217537868412
BH_s00_high,0,414,13.8,-0.8751707165352122,1.2338925969076422
BH_s00_high,0,415,13.833333333333334,-0.7285140202086322,1.1626787966697694
BH_s00_high,0,416,13.866666666666667,-0.44869967533164834,1.0070952686760937
BH_s00_high,0,417,13.9,-0.020769368365141032,0.8101766090208486
BH_s00_high,0,418,13.933333333333334,0.504888301863467,0.6028747102603638
BH_s00_high,0,419,13.966666666666667,1.0110637404296308,0.40459684833901477
BH_s00_high,0,420,14.0,1.3678968492007648,0.21436965987629916
BH_s00_high,0,421,14.033333333333333,1.502800796457672,0.012324107492164088
BH_s00_high,0,422,14.066666666666666,1.4235521542741314,-0.19447233991562152
BH_s00_high,0,423,14.1,1.1933732563509019,-0.37072593390186087
BH_s00_high,0,424,14.133333333333333,0.8957637961398325,-0.5023121512755582
BH_s00_high,0,425,14.166666666666666,0.6060323424921874,-0.5953743645443188
BH_s00_high,0,426,14.2,0.37740199967925153,-0.6646704955491459
BH_s00_high,0,427,14.233333333333333,0.23215680247499765,-0.732445744664959
BH_s00_high,0,428,14.266666666666667,0.15818079447046243,-0.8070628784556736
BH_s00_high,0,429,14.3,0.11939797398055271,-0.8822582875380058
BH_s00_high,0,430,14.333333333333334,0.0764287318037326,-0.9433051032735877
BH_s00_high,0,431,14.366666666666667,0.0060485172567554535,-0.9669038786738224
BH_s00_high,0,432,14.4,-0.09323945636481099,-0.9373427116094931
BH_s00_high,0,433,14.433333333333334,-0.21277094888002573,-0.8468091617810135
BH_s00_high,0,434,14.466666666666667,-0.34276914613348214,-0.688378546144331
BH_s00_high,0,435,14.5,-0.46905350882041047,-0.45690966427263646
BH_s00_high,0,436,14.533333333333333,-0.5769494053895138,-0.15623772599341515
BH_s00_high,0,437,14.566666666666666,-0.6606057809466177,0.19921897116882703
BH_s00_high,0,438,14.6,-0.7225121591300251,0.5754088306790441
BH_s00_high,0,439,14.633333333333333,-0.7694873050240143,0.9170220666581926
BH_s00_high,0,440,14.666666666666666,-0.8087898673628032,1.1872071962369737
BH_s00_high,0,441,14.7,-0.8418456581522491,1.3661370786917082
BH_s00_high,0,442,14.733333333333333,-0.8616891494741032,1.4344717336159933
BH_s00_high,0,443,14.766666666666667,-0.854613701187714,1.3726060216679599
BH_s00_high,0,444,14.8,-0.797660941139756,1.1958285801406643
BH_s00_high,0,445,14.833333333333334,-0.6545013390368705,0.9543229484345482
BH_s00_high,0,446,14.866666666666667,-0.3844848487032249,0.6846687635224595
BH_s00_high,0,447,14.9,0.0241987886994505,0.41054222852939753
BH_s00_high,0,448,14.933333333333334,0.5203179971269635,0.1428724402887046
BH_s00_high,0,449,14.966666666666667,0.9908175805120069,-0.11846537671374388
BH_s00_high,0,450,15.0,1.311066625756561,-0.3652181172885487
BH_s00_high,0,451,15.033333333333333,1.4143535640906932,-0.5790653947787209
BH_s00_high,0,452,15.066666666666666,1.313121452308138,-0.7484224344351561
BH_s00_high,0,453,15.1,1.0720178804929925,-0.8671872971726984
BH_s00_high,0,454,15.133333333333333,0.7746691512467312,-0.9382809583368887
BH_s00_high,0,455,15.166666666666666,0.49813703104758755,-0.9726686362796007
BH_s00_high,0,456,15.2,0.29649463418856176,-0.9764512364630129
BH_s00_high,0,457,15.233333333333333,0.18435279731857687,-0.9504179297376434
BH_s00_high,0,458,15.266666666666667,0.13537848429553212,-0.897490722867648
BH_s00_high,0,459,15.3,0.1046374961933298,-0.8228232908436904
BH_s00_high,0,460,15.333333333333334,0.053027849150884473,-0.7113121900093
BH_s00_high,0,461,15.366666666666667,-0.03863430885099717,-0.5285839179679782
BH_s00_high,0,462,15.4,-0.17016498831806734,-0.26380324938884553
BH_s00_high,0,463,15.433333333333334,-0.3284582403529308,0.06867359904355415
BH_s00_high,0,464,15.466666666666667,-0.49200818063356944,0.4336980799833448
BH_s00_high,0,465,15.5,-0.6405530534587197,0.77392183234966
BH_s00_high,0,466,15.533333333333333,-0.7609616015263244,1.0418031696724372
BH_s00_high,0,467,15.566666666666666,-0.8457338713286708,1.1985047543690774
BH_s00_high,0,468,15.6,-0.8923358608347237,1.227108328192705
BH_s00_high,0,469,15.633333333333333,-0.90178444269202,1.1319571107995328
BH_s00_high,0,470,15.666666666666666,-0.8734138552976871,0.941972411761322
BH_s00_high,0,471,15.7,-0.8004044878196137,0.7104970833061535
BH_s00_high,0,472,15.733333333333333,-0.6678196080183867,0.46462867751539394
BH_s00_high,0,473,15.766666666666667,-0.4504489692566139,0.20611002479026946
BH_s00_high,0,474,15.8,-0.1258679622627763,-0.052892701109489626
BH_s00_high,0,475,15.833333333333334,0.29032740583879035,-0.2882610847578052
BH_s00_high,0,476,15.866666666666667,0.7215964500033084,-0.472502154268257
BH_s00_high,0,477,15.9,1.0569959517618313,-0.5738186923724704
BH_s00_high,0,478,15.933333333333334,1.212804203565765,-0.5702322774401347
BH_s00_high,0,479,15.966666666666667,1.1752503584438,-0.4494541447662934
BH_s00_high,0,480,16.0,0.9921345247539769,-0.2592922801453834
BH_s00_high,0,481,16.033333333333335,0.7388555948009616,-0.10710868293605422
BH_s00_high,0,482,16.066666666666666,0.49168908531717237,-0.04169916406932643
BH_s00_high,0,483,16.1,0.3060863201016009,-0.052957856443952275
BH_s00_high,0,484,16.133333333333333,0.20074979966670253,-0.13584115412442604
BH_s00_high,0,485,16.166666666666668,0.16120884261285112,-0.29042640730762376
BH_s00_high,0,486,16.2,0.15436189403388306,-0.48272481344933166
BH_s00_high,0,487,16.233333333333334,0.1407730598072841,-0.6445630711314572
BH_s00_high,0,488,16.266666666666666,0.09139675635211031,-0.7342760906677764
BH_s00_high,0,489,16.3,0.00010562097036882767,-0.7367737073412265
BH_s00_high,0,490,16.333333333333332,-0.12315866471881605,-0.6509883910739929
BH_s00_high,0,491,16.366666666666667,-0.26285880266319217,-0.48992766325696496
BH_s00_high,0,492,16.4,-0.40192556169530946,-0.28466488858711536
BH_s00_high,0,493,16.433333333333334,-0.5263286083768431,-0.08464646323644309
BH_s00_high,0,494,16.466666666666665,-0.6280462083479131,0.10136970190333237
BH_s00_high,0,495,16.5,-0.7062249271805854,0.3040832952553506
BH_s00_high,0,496,16.533333333333335,-0.7645933112249873,0.5235591990392932
BH_s00_high,0,497,16.566666666666666,-0.8073818530288492,0.7277299394587733
BH_s00_high,0,498,16.6,-0.8376996104603438,0.8959523498222448
BH_s00_high,0,499,16.633333333333333,-0.8523984298448509,1.0181112791782618
BH_s00_high,0,500,16.666666666666668,-0.8379812470155846,1.0788457364672506
BH_s00_high,0,501,16.7,-0.7708172678809218,1.0571094185375645
BH_s00_high,0,502,16.733333333333334,-0.6154523304662475,0.9534893085200393
BH_s00_high,0,503,16.766666666666666,-0.33264674604413524,0.7903617342751561
BH_s00_high,0,504,16.8,0.08409030220285729,0.5924482332878612
BH_s00_high,0,505,16.833333333333332,0.5738177695494846,0.38731158147540795
BH_s00_high,0,506,16.866666666666667,1.019130138010234,0.18612485776167653
BH_s00_high,0,507,16.9,1.303054857561931,-0.01512509294097368
BH_s00_high,0,508,16.933333333333334,1.3748670881136889,-0.2094017290503286
BH_s00_high,0,509,16.966666666666665,1.2620653784929454,-0.3773171522474212
BH_s00_high,0,510,17.0,1.032302845426523,-0.5150244497266642
BH_s00_high,0,511,17.033333333333335,0.7599670397333216,-0.6330669882926402
BH_s00_high,0,512,17.066666666666666,0.5093089419764557,-0.7429046336907812
BH_s00_high,0,513,17.1,0.32161909093743823,-0.855694044912271
BH_s00_high,0,514,17.133333333333333,0.20610985988181496,-0.9705572286093894
BH_s00_high,0,515,17.166666666666668,0.14366582297028607,-1.073778032501655
BH_s00_high,0,516,17.2,0.1010762146823107,-1.1443877644897662
BH_s00_high,0,517,17.233333333333334,0.048882881818387625,-1.1540369876248895
BH_s00_high,0,518,17.266666666666666,-0.02551349241787279,-1.083957123590854
BH_s00_high,0,519,17.3,-0.12002763643151897,-0.9254673144055959
BH_s00_high,0,520,17.333333333333332,-0.22578333919317484,-0.6768455366852895
BH_s00_high,0,521,17.366666666666667,-0.3284640207455268,-0.34457199103844316
BH_s00_high,0,522,17.4,-0.4146803670934083,0.04017123732742377
BH_s00_high,0,523,17.433333333333334,-0.47862583407861664,0.4199462306624932
BH_s00_high,0,524,17.466666666666665,-0.521508485177498,0.7519336596988725
BH_s00_high,0,525,17.5,-0.551167009699858,1.0063728266584804
BH_s00_high,0,526,17.533333333333335,-0.5788662515748679,1.1725106025392353
BH_s00_high,0,527,17.566666666666666,-0.6142669023861318,1.25702764834821
BH_s00_high,0,528,17.6,-0.6606854903937104,1.2728656139969372
BH_s00_high,0,529,17.633333333333333,-0.7114591416200152,1.2382108046895646
BH_s00_high,0,530,17.666666666666668,-0.7502547221726076,1.1644059617107068
BH_s00_high,0,531,17.7,-0.7541951631816749,1.055862685208957
BH_s00_high,0,532,17.733333333333334,-0.695198267663193,0.9008549838911626
BH_s00_high,0,533,17.766666666666666,-0.5381987376628161,0.6726551016333675
BH_s00_high,0,534,17.8,-0.25191704150785454,0.38529618718702635
BH_s00_high,0,535,17.833333333333332,0.15503625834339918,0.09484782626319466
BH_s00_high,0,536,17.866666666666667,0.6083695747597843,-0.16582687673649732
BH_s00_high,0,537,17.9,0.9916739436670039,-0.3858771592159901
BH_s00_high,0,538,17.933333333333334,1.207914669427403,-0.5645553541624841
BH_s00_high,0,539,17.966666666666665,1.2290792141662699,-0.7095987721141656
BH_s00_high,0,540,18.0,1.0913514081609346,-0.8237772652857239
BH_s00_high,0,541,18.033333333333335,0.8617227245384037,-0.9037201079170432
BH_s00_high,0,542,18.066666666666666,0.6112332740526442,-0.9586819304471436
BH_s00_high,0,543,18.1,0.3946990169882122,-1.0096684459576595
BH_s00_high,0,544,18.133333333333333,0.24218163895190714,-1.0602633870737166
BH_s00_high,0,545,18.166666666666668,0.15482132533394982,-1.0961509719204847
BH_s00_high,0,546,18.2,0.10604966607881991,-1.0962551280354325
BH_s00_high,0,547,18.233333333333334,0.062156102508630726,-1.033108280264904
BH_s00_high,0,548,18.266666666666666,0.0001823219321492736,-0.8791841409132232
BH_s00_high,0,549,18.3,-0.08631358862509689,-0.6081861077351196
BH_s00_high,0,550,18.333333333333332,-0.18854636858734972,-0.2303136958491084
BH_s00_high,0,551,18.366666666666667,-0.2937852542148038,0.20603083570445352
BH_s00_high,0,552,18.4,-0.3917590453863364,0.636822131021141
BH_s00_high,0,553,18.433333333333334,-0.4743707105052308,0.9810669853204881
BH_s00_high,0,554,18.466666666666665,-0.5381142441555369,1.2037912016474963
BH_s00_high,0,555,18.5,-0.5835552133143317,1.314526556608614
BH_s00_high,0,556,18.533333333333335,-0.61354329680782,1.331292249790573
BH_s00_high,0,557,18.566666666666666,-0.6328995350337675,1.2792482042821507
BH_s00_high,0,558,18.6,-0.642208185872285,1.1724574578973808
BH_s00_high,0,559,18.633333333333333,-0.634209227458573,1.0138467923224872
BH_s00_high,0,560,18.666666666666668,-0.5949132910746454,0.8157882664048001
BH_s00_high,0,561,18.7,-0.5027711863468903,0.6009009040696487
BH_s00_high,0,562,18.733333333333334,-0.3309051654772206,0.3797237196852471
BH_s00_high,0,563,18.766666666666666,-0.06364362966706723,0.15199836972885125
BH_s00_high,0,564,18.8,0.27451307997840135,-0.07506757299913211
BH_s00_high,0,565,18.833333333333332,0.610807055426344,-0.28531340092782587
BH_s00_high,0,566,18.866666666666667,0.8554201392644301,-0.46609753274203714
BH_s00_high,0,567,18.9,0.9508592388509278,-0.6070863652495933
BH_s00_high,0,568,18.933333333333334,0.8978218192633854,-0.7043848478280041
BH_s00_high,0,569,18.966666666666665,0.7415921983354161,-0.7595752774033661
BH_s00_high,0,570,19.0,0.5454675010479786,-0.7785142084554566
BH_s00_high,0,571,19.033333333333335,0.3666005481975242,-0.7707207712714548
BH_s00_high,0,572,19.066666666666666,0.23912432578522036,-0.7564374328438462
BH_s00_high,0,573,19.1,0.16895070580582497,-0.7660781110093031
BH_s00_high,0,574,19.133333333333333,0.1410767250410787,-0.7999864302382089
BH_s00_high,0,575,19.166666666666668,0.12984409998471722,-0.8283585947895037
BH_s00_high,0,576,19.2,0.10830803572109052,-0.8180915756323294
BH_s00_high,0,577,19.233333333333334,0.0618175211159875,-0.7335609241891627
BH_s00_high,0,578,19.266666666666666,-0.009110880158838867,-0.561504604650248
BH_s00_high,0,579,19.3,-0.09456797149762278,-0.3120587482487434
BH_s00_high,0,580,19.333333333333332,-0.18180338204081467,0.003991288330110199
BH_s00_high,0,581,19.366666666666667,-0.2621631081160341,0.3736743117268261
BH_s00_high,0,582,19.4,-0.3302435216313551,0.7435563820760307
BH_s00_high,0,583,19.433333333333334,-0.38470499084480236,1.0185698208025427
BH_s00_high,0,584,19.466666666666665,-0.43080735347321303,1.1535774100524079
BH_s00_high,0,585,19.5,-0.47558772910973535,1.1526496136866051
BH_s00_high,0,586,19.533333333333335,-0.5252704626157423,1.047373177136692
BH_s00_high,0,587,19.566666666666666,-0.5831798053673612,0.8959124492009589
BH_s00_high,0,588,19.6,-0.6434212756137716,0.7344256876599374
BH_s00_high,0,589,19.633333333333333,-0.6918637411598774,0.5770951109870032
BH_s00_high,0,590,19.666666666666668,-0.7098627433964642,0.42037262643040163
BH_s00_high,0,591,19.7,-0.6719990658503558,0.2442178463799207
BH_s00_high,0,592,19.733333333333334,-0.5445659329030269,0.047325414654839276
BH_s00_high,0,593,19.766666666666666,-0.29583314160320534,-0.15154851684864948
BH_s00_high,0,594,19.8,0.06918992519290136,-0.33593969912738214
BH_s00_high,0,595,19.833333333333332,0.48482018252636844,-0.4906867191880885
BH_s00_high,0,596,19.866666666666667,0.8473104092004669,-0.6053773869473508
BH_s00_high,0,597,19.9,1.0665904243724287,-0.6734970235056943
BH_s00_high,0,598,19.933333333333334,1.1127535588638926,-0.6864569533029684
BH_s00_high,0,599,19.966666666666665,1.0149627874644793,-0.6333128067706386
BH_s00_high,0,600,20.0,0.8286049266104405,-0.5219457326621918
BH_s00_high,0,601,20.033333333333335,0.6130345191685785,-0.379181227307135
BH_s00_high,0,602,20.066666666666666,0.41726242478197006,-0.22274053578366682
BH_s00_high,0,603,20.1,0.26941913105162174,-0.06172598220180893
BH_s00_high,0,604,20.133333333333333,0.17494792543160334,0.07427307408881914
BH_s00_high,0,605,20.166666666666668,0.11990948439065846,0.1348987702708735
BH_s00_high,0,606,20.2,0.07980286511695774,0.13003572230032345
BH_s00_high,0,607,20.233333333333334,0.03429542772268289,0.1291066127493651
BH_s00_high,0,608,20.266666666666666,-0.02301240228519498,0.16203971115189364
BH_s00_high,0,609,20.3,-0.08877947231094885,0.21842593425476348
BH_s00_high,0,610,20.333333333333332,-0.1576056739825481,0.2879730728112389
BH_s00_high,0,611,20.366666666666667,-0.22111520209915211,0.36041137649583294
BH_s00_high,0,612,20.4,-0.2701654768592196,0.4136511071490384
BH_s00_high,0,613,20.433333333333334,-0.3013700805507376,0.4139151377835512
BH_s00_high,0,614,20.466666666666665,-0.319022733234674,0.3576189638344579
BH_s00_high,0,615,20.5,-0.332681939376129,0.27148965280739684
BH_s00_high,0,616,20.533333333333335,-0.35418307713473807,0.17305172634580104
BH_s00_high,0,617,20.566666666666666,-0.39291517202876985,0.07075795435246054
BH_s00_high,0,618,20.6,-0.4505959375488661,-0.027630000732978603
BH_s00_high,0,619,20.633333333333333,-0.5226198163558342,-0.114515537867291
BH_s00_high,0,620,20.666666666666668,-0.5984136253007942,-0.1879414431475935
BH_s00_high,0,621,20.7,-0.6607982272445688,-0.25101253607342777
BH_s00_high,0,622,20.733333333333334,-0.6894526417960942,-0.30610779576187647
BH_s00_high,0,623,20.766666666666666,-0.661497199687896,-0.3543581632268751
BH_s00_high,0,624,20.8,-0.5488221372857963,-0.39467551665567757
BH_s00_high,0,625,20.833333333333332,-0.32413545898460216,-0.4234493056876352
BH_s00_high,0,626,20.866666666666667,0.014199801123728937,-0.4377194654857993
BH_s00_high,0,627,20.9,0.4150525173886495,-0.4350812576206817
BH_s00_high,0,628,20.933333333333334,0.7818017911368227,-0.40451637675638813
BH_s00_high,0,629,20.966666666666665,1.019601938392508,-0.3267698380977307
BH_s00_high,0,630,21.0,1.0848597586491464,-0.204116744940649
BH_s00_high,0,631,21.033333333333335,0.9965165254720914,-0.06090737006828224
BH_s00_high,0,632,21.066666666666666,0.8116338548070973,0.0717577220765531
BH_s00_high,0,633,21.1,0.5964563788557472,0.15583440867741385
BH_s00_high,0,634,21.133333333333333,0.4060124295757732,0.15032889517313633
BH_s00_high,0,635,21.166666666666668,0.27107534876702727,0.011808091254042974
BH_s00_high,0,636,21.2,0.19366551721999858,-0.20656746041663065
BH_s00_high,0,637,21.233333333333334,0.15283214909992252,-0.3556504017099038
BH_s00_high,0,638,21.266666666666666,0.11771437498283702,-0.35424641749623054
BH_s00_high,0,639,21.3,0.06291891963337481,-0.19044664498137395
BH_s00_high,0,640,21.333333333333332,-0.020373411550749426,0.09842735627205718
BH_s00_high,0,641,21.366666666666667,-0.1255427334196961,0.425676279146951
BH_s00_high,0,642,21.4,-0.24005544548528487,0.7248726280895887
BH_s00_high,0,643,21.433333333333334,-0.3502434340151138,0.9493994584947973
BH_s00_high,0,644,21.466666666666665,-0.4449381963647485,1.0664612402525793
BH_s00_high,0,645,21.5,-0.5198428801156847,1.056413026881285
BH_s00_high,0,646,21.533333333333335,-0.5761236389887442,0.9338948301706054
BH_s00_high,0,647,21.566666666666666,-0.6174401395977905,0.7475004860205497
BH_s00_high,0,648,21.6,-0.6461592240223495,0.5340935098894486
BH_s00_high,0,649,21.633333333333333,-0.6604958872959885,0.31912355181570445
BH_s00_high,0,650,21.666666666666668,-0.6543612083344535,0.1267839793948059
BH_s00_high,0,651,21.7,-0.6149549809511508,-0.01908257761422988
BH_s00_high,0,652,21.733333333333334,-0.5199775472406223,-0.12403426844587939
BH_s00_high,0,653,21.766666666666666,-0.3424113790334323,-0.2217512371470473
BH_s00_high,0,654,21.8,-0.06981383792856771,-0.3288079616186415
BH_s00_high,0,655,21.833333333333332,0.27106036158410324,-0.4434206240286944
BH_s00_high,0,656,21.866666666666667,0.607991430854403,-0.5548998076104689
BH_s00_high,0,657,21.9,0.8517244378965714,-0.6430706017405649
BH_s00_high,0,658,21.933333333333334,0.9470846891109194,-0.6955810673745854
BH_s00_high,0,659,21.966666666666665,0.8966766578771955,-0.7075764979377637
BH_s00_high,0,660,22.0,0.7453610407818264,-0.6872482776000729
BH_s00_high,0,661,22.033333333333335,0.5537121573790358,-0.6554848830888907
BH_s00_high,0,662,22.066666666666666,0.37608469444937404,-0.6301216622612548
BH_s00_high,0,663,22.1,0.24833771609138208,-0.6256531462583267
BH_s00_high,0,664,22.133333333333333,0.18053967997404063,-0.6326906054204515
BH_s00_high,0,665,22.166666666666668,0.15691750904366059,-0.6182879808935475
BH_s00_high,0,666,22.2,0.14667369114946407,-0.5511238806425055
BH_s00_high,0,667,22.233333333333334,0.12352853266734527,-0.40255112052841047
BH_s00_high,0,668,22.266666666666666,0.07676480533980537,-0.18585356481164805
BH_s00_high,0,669,22.3,0.007503401219053289,0.04301487419861397
BH_s00_high,0,670,22.333333333333332,-0.07556008472845376,0.2636060714552444
BH_s00_high,0,671,22.366666666666667,-0.15986146765388895,0.48986634488788267
BH_s00_high,0,672,22.4,-0.23561475200451415,0.7222649820995567
BH_s00_high,0,673,22.433333333333334,-0.29940706336758355,0.9461060464275071
BH_s00_high,0,674,22.466666666666665,-0.35328304131153976,1.1123543264586402
BH_s00_high,0,675,22.5,-0.40284709918745254,1.1374070021442708
BH_s00_high,0,676,22.533333333333335,-0.4549763155671707,1.022687860098856
BH_s00_high,0,677,22.566666666666666,-0.5148766417106876,0.8544126505973195
BH_s00_high,0,678,22.6,-0.5839836702710556,0.682062199009106
BH_s00_high,0,679,22.633333333333333,-0.6592433128311979,0.5181741015655488
BH_s00_high,0,680,22.666666666666668,-0.7304910607749677,0.3711865925039706
BH_s00_high,0,681,22.7,-0.7782592456956257,0.2464049722658197
BH_s00_high,0,682,22.733333333333334,-0.775911448631083,0.13547469802346482
BH_s00_high,0,683,22.766666666666666,-0.6922743442903914,0.017569555067977735
BH_s00_high,0,684,22.8,-0.4927197855034484,-0.11552361193067638
BH_s00_high,0,685,22.833333333333332,-0.1592778395223462,-0.258260331836905
BH_s00_high,0,686,22.866666666666667,0.2738876350648119,-0.3923953258216589
BH_s00_high,0,687,22.9,0.7127997506934398,-0.4864220953607027
BH_s00_high,0,688,22.933333333333334,1.044830425025291,-0.5313116653615653
BH_s00_high,0,689,22.966666666666665,1.2007466326345777,-0.5400448834145412
BH_s00_high,0,690,23.0,1.1791849087954582,-0.5291865433934027
BH_s00_high,0,691,23.033333333333335,1.027200960613288,-0.5183087053923361
BH_s00_high,0,692,23.066666666666666,0.8098155815863368,-0.5330993683566134
BH_s00_high,0,693,23.1,0.5863346523951277,-0.604686524168181
BH_s00_high,0,694,23.133333333333333,0.39809125733822504,-0.7188574857764227
BH_s00_high,0,695,23.166666666666668,0.2643217420876529,-0.8159675234548002
BH_s00_high,0,696,23.2,0.1825396645274659,-0.8619681040635999
BH_s00_high,0,697,23.233333333333334,0.13158054725944957,-0.8487295255272422
BH_s00_high,0,698,23.266666666666666,0.08462570410789261,-0.7631065888503372
BH_s00_high,0,699,23.3,0.024665494680335923,-0.5874707747108588
BH_s00_high,0,700,23.333333333333332,-0.049146567112265685,-0.31829826500789743
BH_s00_high,0,701,23.366666666666667,-0.12911723833590694,0.032398419439960295
BH_s00_high,0,702,23.4,-0.207059252098853,0.4286560188714533
BH_s00_high,0,703,23.433333333333334,-0.27401243594066826,0.8090097602062503
BH_s00_high,0,704,23.466666666666665,-0.3247568582165206,1.110397599705086
BH_s00_high,0,705,23.5,-0.35957864526419153,1.2671868341270134
BH_s00_high,0,706,23.533333333333335,-0.38396057353344754,1.2659660340848227
BH_s00_high,0,707,23.566666666666666,-0.4080377547510597,1.1447626368627135
BH_s00_high,0,708,23.6,-0.44144196557038773,0.96302559458345
BH_s00_high,0,709,23.633333333333333,-0.4904423775250282,0.8007622665161034
BH_s00_high,0,710,23.666666666666668,-0.5574099727445491,0.6715372567886723
BH_s00_high,0,711,23.7,-0.6379067227817334,0.5232540812840965
BH_s00_high,0,712,23.733333333333334,-0.7178531177385742,0.34618691470769464
BH_s00_high,0,713,23.766666666666666,-0.7743568931582837,0.1743592154682741
BH_s00_high,0,714,23.8,-0.7784289301309912,0.022146248830101148
BH_s00_high,0,715,23.833333333333332,-0.6985814261173158,-0.11485234222511406
BH_s00_high,0,716,23.866666666666667,-0.5028237068364518,-0.23373896542273512
BH_s00_high,0,717,23.9,-0.17379369230896063,-0.3233539606288547
BH_s00_high,0,718,23.933333333333334,0.25801430794928343,-0.38089281379607365
BH_s00_high,0,719,23.966666666666665,0.7016752768403998,-0.41127834437145694
BH_s00_high,0,720,24.0,1.0428631578383072,-0.4263550483886128
BH_s00_high,0,721,24.033333333333335,1.2052442170244826,-0.44427267603871357
BH_s00_high,0,722,24.066666666666666,1.1819971355786474,-0.4773109327562295
BH_s00_high,0,723,24.1,1.0206823611960079,-0.5313569585062423
BH_s00_high,0,724,24.133333333333333,0.7909836795639106,-0.6127765876057125
BH_s00_high,0,725,24.166666666666668,0.5578071095027046,-0.7278263109152714
BH_s00_high,0,726,24.2,0.3656279678508785,-0.8570174370710533
BH_s00_high,0,727,24.233333333333334,0.23442604486770255,-0.9548616426019609
BH_s00_high,0,728,24.266666666666666,0.1604995874370717,-0.9818973785507278
BH_s00_high,0,729,24.3,0.11977973948318159,-0.9051591555312963
BH_s00_high,0,730,24.333333333333332,0.08071523857085039,-0.711673540578604
BH_s00_high,0,731,24.366666666666667,0.024197290851833225,-0.40943652990942836
BH_s00_high,0,732,24.4,-0.050183138203992575,-0.032121885071453846
BH_s00_high,0,733,24.433333333333334,-0.13437485575079455,0.35965779931295544
BH_s00_high,0,734,24.466666666666665,-0.21821800393212665,0.7106728213567302
BH_s00_high,0,735,24.5,-0.2921725374336198,0.969793747462343
BH_s00_high,0,736,24.533333333333335,-0.35091019823566216,1.108216319226921
BH_s00_high,0,737,24.566666666666666,-0.3943727778374423,1.11837835331297
BH_s00_high,0,738,24.6,-0.4290119944204065,1.0419266114151284
BH_s00_high,0,739,24.633333333333333,-0.4644143105460559,0.9684077677172431
BH_s00_high,0,740,24.666666666666668,-0.5078830987594658,0.9128249334899585
BH_s00_high,0,741,24.7,-0.5620178216297136,0.8157214128336425
BH_s00_high,0,742,24.733333333333334,-0.6227619474863635,0.6567052439645236
BH_s00_high,0,743,24.766666666666666,-0.6785055659739972,0.45574835863959784
BH_s00_high,0,744,24.8,-0.7125159416031882,0.240615882353644
BH_s00_high,0,745,24.833333333333332,-0.7027130591337364,0.0475453630088861
BH_s00_high,0,746,24.866666666666667,-0.6188626616229511,-0.11171045540740915
BH_s00_high,0,747,24.9,-0.4279849681729908,-0.24878335632425108
BH_s00_high,0,748,24.933333333333334,-0.11423980209401718,-0.3586972235541255
BH_s00_high,0,749,24.966666666666665,0.2905885337215521,-0.41896634803065835
BH_s00_high,0,750,25.0,0.6983635688936173,-0.42444166995288657
BH_s00_high,0,751,25.033333333333335,1.000046152705531,-0.38696622327651853
BH_s00_high,0,752,25.066666666666666,1.1248290062268045,-0.3330734106387247
BH_s00_high,0,753,25.1,1.073583332964681,-0.3034404490967767
BH_s00_high,0,754,25.133333333333333,0.9002589919269497,-0.32549319023803747
BH_s00_high,0,755,25.166666666666668,0.6738114985383584,-0.4127949648919617
BH_s00_high,0,756,25.2,0.45536220334707506,-0.5500595930960404
BH_s00_high,0,757,25.233333333333334,0.2879312801454467,-0.6929549232503569
BH_s00_high,0,758,25.266666666666666,0.18809483405206756,-0.8077032036235815
BH_s00_high,0,759,25.3,0.14507804464143728,-0.8710431825654671
BH_s00_high,0,760,25.333333333333332,0.1297725250805657,-0.8615237014228665
BH_s00_high,0,761,25.366666666666667,0.11027231036223666,-0.7597038044756187
BH_s00_high,0,762,25.4,0.06866994557422759,-0.5730192422815005
BH_s00_high,0,763,25.433333333333334,0.00243291371134155,-0.3363523753133223
BH_s00_high,0,764,25.466666666666665,-0.08228202504932061,-0.0710038189947852
BH_s00_high,0,765,25.5,-0.1707780416023219,0.2141600271488897
BH_s00_high,0,766,25.533333333333335,-0.2482085709227394,0.4917783343508046
BH_s00_high,0,767,25.566666666666666,-0.3081668005413968,0.7146745611015214
BH_s00_high,0,768,25.6,-0.35227473418139893,0.8657951243811242
BH_s00_high,0,769,25.633333333333333,-0.3893219172542228,0.957047119226989
BH_s00_high,0,770,25.666666666666668,-0.42979917539152845,1.000019395173813
BH_s00_high,0,771,25.7,-0.48101193321903446,1.004957451086147
BH_s00_high,0,772,25.733333333333334,-0.546570512659507,0.9646168918460412
BH_s00_high,0,773,25.766666666666666,-0.6259202789106446,0.8544244565797836
BH_s00_high,0,774,25.8,-0.7114100896455395,0.683879320159514
BH_s00_high,0,775,25.833333333333332,-0.7857846477484267,0.49708367211474075
BH_s00_high,0,776,25.866666666666667,-0.8247011942735097,0.3163754887907457
BH_s00_high,0,777,25.9,-0.7989244704187615,0.14306257555162366
BH_s00_high,0,778,25.933333333333334,-0.6741947758895951,-0.008765311019892974
BH_s00_high,0,779,25.966666666666665,-0.4167783656447805,-0.11134304542547004
BH_s00_high,0,780,26.0,-0.02204533293116618,-0.16689370799049288
BH_s00_high,0,781,26.033333333333335,0.45307576837522534,-0.20676214019486885
BH_s00_high,0,782,26.066666666666666,0.8968617205794245,-0.2513729041424507
BH_s00_high,0,783,26.1,1.1957625975188233,-0.30928840944546265
BH_s00_high,0,784,26.133333333333333,1.295946162453566,-0.3837077051759854
BH_s00_high,0,785,26.166666666666668,1.2149009785625697,-0.47190040508819064
BH_s00_high,0,786,26.2,1.012232204990789,-0.5710655187925971
BH_s00_high,0,787,26.233333333333334,0.7603889523363964,-0.677738131262255
BH_s00_high,0,788,26.266666666666666,0.5217401331455064,-0.7776094686481112
BH_s00_high,0,789,26.3,0.3362538401280618,-0.8451552291177102
BH_s00_high,0,790,26.333333333333332,0.21872224813141491,-0.8662974774606418
BH_s00_high,0,791,26.366666666666667,0.1577362456096951,-0.8383318822578044
BH_s00_high,0,792,26.4,0.12358256768100456,-0.7556596490598178
BH_s00_high,0,793,26.433333333333334,0.08633982893187496,-0.6101790702162633
BH_s00_high,0,794,26.466666666666665,0.029713566166674532,-0.39986639118124123
BH_s00_high,0,795,26.5,-0.04661574638624616,-0.12992585959299552
BH_s00_high,0,796,26.533333333333335,-0.13334855918867874,0.17069921461832113
BH_s00_high,0,797,26.566666666666666,-0.21784747893424106,0.44816510591250763
BH_s00_high,0,798,26.6,-0.2886667761687859,0.6428520726775147
BH_s00_high,0,799,26.633333333333333,-0.3400866148093841,0.6890307154026353
BH_s00_high,0,800,26.666666666666668,-0.3742150133801784,0.6186640545556585
BH_s00_high,0,801,26.7,-0.39868793705084626,0.5601003987418774
BH_s00_high,0,802,26.733333333333334,-0.42378342081657727,0.568623407331632
BH_s00_high,0,803,26.766666666666666,-0.4615787947408091,0.625239620523668
BH_s00_high,0,804,26.8,-0.5214187797201377,0.7034619379536322
BH_s00_high,0,805,26.833333333333332,-0.6033888401273334,0.7696491898656966
BH_s00_high,0,806,26.866666666666667,-0.6983811202354496,0.783882283956417
BH_s00_high,0,807,26.9,-0.789776516331254,0.7006458704531422
BH_s00_high,0,808,26.933333333333334,-0.8542647491337189,0.5392874439746925
BH_s00_high,0,809,26.966666666666665,-0.8633899774762392,0.3840843523251049
BH_s00_high,0,810,27.0,-0.78311963946462,0.26155172377778724
BH_s00_high,0,811,27.033333333333335,-0.5763744833108803,0.14083575632451723
BH_s00_high,0,812,27.066666666666666,-0.22182028068526144,0.004740575774342837
BH_s00_high,0,813,27.1,0.2518830779388747,-0.1488568838086779
BH_s00_high,0,814,27.133333333333333,0.7516378817002222,-0.3155460053323422
BH_s00_high,0,815,27.166666666666668,1.1511509105572748,-0.48335433982904685
BH_s00_high,0,816,27.2,1.35514790990928,-0.6411910276054966
BH_s00_high,0,817,27.233333333333334,1.3474762364528825,-0.7779188055588628
BH_s00_high,0,818,27.266666666666666,1.1783568944892342,-0.8945316058406908
BH_s00_high,0,819,27.3,0.9211556667864149,-1.0031188869842111
BH_s00_high,0,820,27.333333333333332,0.6479027014086751,-1.0865866652140481
BH_s00_high,0,821,27.366666666666667,0.41706512523602984,-1.0983675978943126
BH_s00_high,0,822,27.4,0.25991246021535175,-1.0244545418668616
BH_s00_high,0,823,27.433333333333334,0.17403324299568815,-0.8837395024401584
BH_s00_high,0,824,27.466666666666665,0.13032113344543245,-0.6790780832514872
BH_s00_high,0,825,27.5,0.09254166918911498,-0.3982558216595393
BH_s00_high,0,826,27.533333333333335,0.03576172139227653,-0.05748988111067703
BH_s00_high,0,827,27.566666666666666,-0.04678348776406058,0.2969731102886591
BH_s00_high,0,828,27.6,-0.14877783904760006,0.6220961658310487
BH_s00_high,0,829,27.633333333333333,-0.2589626218909007,0.8766973716847325
BH_s00_high,0,830,27.666666666666668,-0.36386636985866216,1.058700720924697
BH_s00_high,0,831,27.7,-0.45280672782231834,1.203326898693642
BH_s00_high,0,832,27.733333333333334,-0.5221603423521101,1.2995225830513446
BH_s00_high,0,833,27.766666666666666,-0.5754592202676839,1.2892173346643527
BH_s00_high,0,834,27.8,-0.6204891653486853,1.176270941262266
BH_s00_high,0,835,27.833333333333332,-0.6634556370099058,1.0264359615399559
BH_s00_high,0,836,27.866666666666667,-0.7059787929577319,0.8598739486901598
BH_s00_high,0,837,27.9,-0.7447352862602569,0.65167359841157
BH_s00_high,0,838,27.933333333333334,-0.7687664092064961,0.39824996737316337
BH_s00_high,0,839,27.966666666666665,-0.759387103557334,0.11898522934952163
BH_s00_high,0,840,28.0,-0.6906875830236557,-0.16232856686098296
BH_s00_high,0,841,28.033333333333335,-0.5282186529448593,-0.4161173817224003
BH_s00_high,0,842,28.066666666666666,-0.24237887276953948,-0.6276308047221947
BH_s00_high,0,843,28.1,0.15906048959420854,-0.7954930664859665
BH_s00_high,0,844,28.133333333333333,0.6070063677971915,-0.9283368562042988
BH_s00_high,0,845,28.166666666666668,0.988969886189124,-1.043309440448446
BH_s00_high,0,846,28.2,1.2062501003577109,-1.1444728698586273
BH_s00_high,0,847,28.233333333333334,1.2260686209315108,-1.221843596407542
BH_s00_high,0,848,28.266666666666666,1.082091743698067,-1.259833963327983
BH_s00_high,0,849,28.3,0.8422445258639863,-1.2371558221110768
BH_s00_high,0,850,28.333333333333332,0.5827669935100608,-1.1365746587200911
BH_s00_high,0,851,28.366666666666667,0.36734253676578116,-0.94560617356128
BH_s00_high,0,852,28.4,0.229631375599333,-0.6568285147338611
BH_s00_high,0,853,28.433333333333334,0.1695429513007503,-0.2695250249106593
BH_s00_high,0,854,28.466666666666665,0.15887674648051225,0.16739276109095014
BH_s00_high,0,855,28.5,0.15630655934237242,0.5539458069021146
BH_s00_high,0,856,28.533333333333335,0.13007156836142336,0.853122734570751
BH_s00_high,0,857,28.566666666666666,0.06700489774399046,1.0891036045242555
BH_s00_high,0,858,28.6,-0.028942405549096883,1.2540405000615005
BH_s00_high,0,859,28.633333333333333,-0.14256790961111576,1.3065338943182807
BH_s00_high,0,860,28.666666666666668,-0.25780048625613516,1.2549067853478373
BH_s00_high,0,861,28.7,-0.36250207214988217,1.1565546345644684
BH_s00_high,0,862,28.733333333333334,-0.4503265954669358,1.0368028115567027
BH_s00_high,0,863,28.766666666666666,-0.5220513141075904,0.8888785639823106
BH_s00_high,0,864,28.8,-0.5824056433845228,0.7108981290214347
BH_s00_high,0,865,28.833333333333332,-0.6396157331368968,0.5070094337849426
BH_s00_high,0,866,28.866666666666667,-0.7023460686503891,0.29310988117477715
BH_s00_high,0,867,28.9,-0.7716880833586984,0.09790493594401457
BH_s00_high,0,868,28.933333333333334,-0.8406943973583284,-0.071996097536177
BH_s00_high,0,869,28.966666666666665,-0.8947627377360975,-0.23079763582989554
BH_s00_high,0,870,29.0,-0.9092212707585292,-0.37540885686712744
BH_s00_high,0,871,29.033333333333335,-0.850121984025009,-0.4843131160053545
BH_s00_high,0,872,29.066666666666666,-0.6759367149191429,-0.5511304161781303
BH_s00_high,0,873,29.1,-0.351010405022266,-0.5839428411223831
BH_s00_high,0,874,29.133333333333333,0.1168683967589411,-0.594642767187493
BH_s00_high,0,875,29.166666666666668,0.6479388059425878,-0.598291160833121
BH_s00_high,0,876,29.2,1.1131203102359026,-0.6059782000151777
BH_s00_high,0,877,29.233333333333334,1.3983757653202413,-0.6244357808083941
BH_s00_high,0,878,29.266666666666666,1.4614029227105483,-0.6553135496739081
BH_s00_high,0,879,29.3,1.3342884952693863,-0.6949845243609745
BH_s00_high,0,880,29.333333333333332,1.0870737483272421,-0.7359747542365471
BH_s00_high,0,881,29.366666666666667,0.7988887564783886,-0.7669086871325057
BH_s00_high,0,882,29.4,0.5377116659950899,-0.7592028230210082
BH_s00_high,0,883,29.433333333333334,0.3445575133844151,-0.6677085852856305
BH_s00_high,0,884,29.466666666666665,0.23005452902629836,-0.4889012950837588
BH_s00_high,0,885,29.5,0.1739392892432007,-0.2616993273933671
BH_s00_high,0,886,29.533333333333335,0.13613107367190752,-0.021273405131956524
BH_s00_high,0,887,29.566666666666666,0.08435399165889748,0.20026457540201464
BH_s00_high,0,888,29.6,0.007241631707239099,0.41077716850784307
BH_s00_high,0,889,29.633333333333333,-0.09206890514693278,0.656212392615874
BH_s00_high,0,890,29.666666666666668,-0.20235685954443922,0.9137878007832091
BH_s00_high,0,891,29.7,-0.30878563767565614,1.0908233788192634
BH_s00_high,0,892,29.733333333333334,-0.3993945807240708,1.1666027280428422
BH_s00_high,0,893,29.766666666666666,-0.4694882208817651,1.1916565218053432
BH_s00_high,0,894,29.8,-0.5198363953875653,1.1659531321672532
BH_s00_high,0,895,29.833333333333332,-0.5566731468937489,1.0387012168338583
BH_s00_high,0,896,29.866666666666667,-0.5914462812647272,0.8185966891258469
BH_s00_high,0,897,29.9,-0.6354390743926382,0.5744925168057262
BH_s00_high,0,898,29.933333333333334,-0.6948586153476931,0.34258311421017656
BH_s00_high,0,899,29.966666666666665,-0.7670544724954661,0.1271429781446739
BH_s00_high,0,900,30.0,-0.8385313544702959,-0.07077571528686154
BH_s00_high,0,901,30.033333333333335,-0.8862952387935504,-0.25178147913345106
BH_s00_high,0,902,30.066666666666666,-0.8799050318683154,-0.4138863584251067
BH_s00_high,0,903,30.1,-0.7814185275469903,-0.5512122501711686
BH_s00_high,0,904,30.133333333333333,-0.5489812838004435,-0.6681540929258212
BH_s00_high,0,905,30.166666666666668,-0.1614677389263495,-0.7782204211493624
BH_s00_high,0,906,30.2,0.344458353849423,-0.8824045301685476
BH_s00_high,0,907,30.233333333333334,0.8616865906525109,-0.9683329323242288
BH_s00_high,0,908,30.266666666666666,1.2546681100316948,-1.0225249095670539
BH_s00_high,0,909,30.3,1.434808947402932,-1.0301518486063785
BH_s00_high,0,910,30.333333333333332,1.39458384413268,-0.9790744926008244
BH_s00_high,0,911,30.366666666666667,1.1893184019006011,-0.8601477748219793
BH_s00_high,0,912,30.4,0.9030259640420014,-0.6770857691357628
BH_s00_high,0,913,30.433333333333334,0.6165031510374513,-0.4472371534925038
BH_s00_high,0,914,30.466666666666665,0.38832424164506,-0.1705676548504494
BH_s00_high,0,915,30.5,0.24407630637131905,0.16864804333935007
BH_s00_high,0,916,30.533333333333335,0.17445633973835445,0.5339249986920401
BH_s00_high,0,917,30.566666666666666,0.14358110709676297,0.8351406197005018
BH_s00_high,0,918,30.6,0.10820892293519277,1.0256052334799444
BH_s00_high,0,919,30.633333333333333,0.04160472858157652,1.1012076849502377
BH_s00_high,0,920,30.666666666666668,-0.05857699318810593,1.082388860367243
BH_s00_high,0,921,30.7,-0.181168648496104,1.0129859193395712
BH_s00_high,0,922,30.733333333333334,-0.3118556953242422,0.9213956429725474
BH_s00_high,0,923,30.766666666666666,-0.4361234679747926,0.8202503806042833
BH_s00_high,0,924,30.8,-0.5426826161998783,0.7034451787558093
BH_s00_high,0,925,30.833333333333332,-0.6263553264905384,0.5470584774314509
BH_s00_high,0,926,30.866666666666667,-0.6890372211362745,0.3477123486116456
BH_s00_high,0,927,30.9,-0.7367435348549448,0.12383062395185625
BH_s00_high,0,928,30.933333333333334,-0.7732901653700462,-0.09716247096383837
BH_s00_high,0,929,30.966666666666665,-0.7973421229226584,-0.27797462000983053
BH_s00_high,0,930,31.0,-0.8021901406873586,-0.4157274245291825
BH_s00_high,0,931,31.033333333333335,-0.7757623858663935,-0.5406858352537913
BH_s00_high,0,932,31.066666666666666,-0.6960872223559047,-0.6530444833583693
BH_s00_high,0,933,31.1,-0.5298015077207626,-0.7219736806569861
BH_s00_high,0,934,31.133333333333333,-0.24512617353802457,-0.7444912766172476
BH_s00_high,0,935,31.166666666666668,0.15575808331971178,-0.7450144730478927
BH_s00_high,0,936,31.2,0.6072749558018936,-0.7370649259628094
BH_s00_high,0,937,31.233333333333334,0.9975334998365856,-0.7228533973038753
BH_s00_high,0,938,31.266666666666666,1.2248243730017272,-0.6951678060023642
BH_s00_high,0,939,31.3,1.2502347537616896,-0.6376806783390003
BH_s00_high,0,940,31.333333333333332,1.1053305656604353,-0.5288272359252053
BH_s00_high,0,941,31.366666666666667,0.860280467428084,-0.3428543404163292
BH_s00_high,0,942,31.4,0.5949612210395857,-0.08803662698973785
BH_s00_high,0,943,31.433333333333334,0.37797965913345216,0.19220088519791334
BH_s00_high,0,944,31.466666666666665,0.24444679334494246,0.46758557197737527
BH_s00_high,0,945,31.5,0.1906084710496443,0.7198275951691802
BH_s00_high,0,946,31.533333333333335,0.18391793502363474,0.911603056101026
BH_s00_high,0,947,31.566666666666666,0.17801765360628513,0.9857904901755884
BH_s00_high,0,948,31.6,0.13709999005745718,0.9280820157249933
BH_s00_high,0,949,31.633333333333333,0.049151420363153814,0.7668411850941125
BH_s00_high,0,950,31.666666666666668,-0.0800567586431773,0.5557411036726132
BH_s00_high,0,951,31.7,-0.23533204198331534,0.37336292853605485
BH_s00_high,0,952,31.733333333333334,-0.3976937726480833,0.23006266794923816
BH_s00_high,0,953,31.766666666666666,-0.548636976633941,0.06898138209472855
BH_s00_high,0,954,31.8,-0.6764017490190823,-0.10904161538964963
BH_s00_high,0,955,31.833333333333332,-0.777694941670583,-0.24432736458943963
BH_s00_high,0,956,31.866666666666667,-0.854364588335516,-0.31585789884828575
BH_s00_high,0,957,31.9,-0.9104680493205023,-0.34089596001072753
BH_s00_high,0,958,31.933333333333334,-0.9471942427473095,-0.31608151975870474
BH_s00_high,0,959,31.966666666666665,-0.9594937844489763,-0.21733277258352296
BH_s00_high,0,960,32.0,-0.9332709369807398,-0.08640771588563442
BH_s00_high,0,961,32.03333333333333,-0.8442648701624474,-0.030396978653764953
BH_s00_high,0,962,32.06666666666667,-0.6566074853903003,-0.07995114104783131
BH_s00_high,0,963,32.1,-0.3340450661429015,-0.18879570924485237
BH_s00_high,0,964,32.13333333333333,0.12275784891019809,-0.3224858833115806
BH_s00_high,0,965,32.166666666666664,0.6448346568063593,-0.4586264604558055
BH_s00_high,0,966,32.2,1.1084283699407975,-0.5744580102716749
BH_s00_high,0,967,32.233333333333334,1.3991180030450647,-0.6465563682485053
BH_s00_high,0,968,32.266666666666666,1.4709683438952974,-0.6517423454176349
BH_s00_high,0,969,32.3,1.350593492481823,-0.5672629749279675
BH_s00_high,0,970,32.333333333333336,1.1074364678180588,-0.3893613187514109
BH_s00_high,0,971,32.36666666666667,0.8207972160429267,-0.1340277547543913
BH_s00_high,0,972,32.4,0.5574749833920822,0.15698933680690244
BH_s00_high,0,973,32.43333333333333,0.3604300796276757,0.41551645752383704
BH_s00_high,0,974,32.46666666666667,0.2413759178222748,0.5995674796104444
BH_s00_high,0,975,32.5,0.18101406262188774,0.6926641973816539
BH_s00_high,0,976,32.53333333333333,0.1405278930517723,0.6961325056748235
BH_s00_high,0,977,32.56666666666667,0.08222095617275055,0.6283704012694504
BH_s00_high,0,978,32.6,-0.01042892623409182,0.532234782733934
BH_s00_high,0,979,32.63333333333333,-0.13183903478488185,0.47428025803252993
BH_s00_high,0,980,32.666666666666664,-0.26821360658218696,0.46740166696478125
BH_s00_high,0,981,32.7,-0.40430523444742855,0.4708827753761939
BH_s00_high,0,982,32.733333333333334,-0.5272514730997468,0.45548984682521776
BH_s00_high,0,983,32.766666666666666,-0.630788548145067,0.40431010504743087
BH_s00_high,0,984,32.8,-0.7130918240244204,0.31378321758489064
BH_s00_high,0,985,32.833333333333336,-0.7777300247852758,0.19420453024982773
BH_s00_high,0,986,32.86666666666667,-0.8323564841434291,0.05319275232884931
BH_s00_high,0,987,32.9,-0.8797868562123612,-0.10363191970702959
BH_s00_high,0,988,32.93333333333333,-0.9151464734288992,-0.26781178141556966
BH_s00_high,0,989,32.96666666666667,-0.9273615289260482,-0.4271311348541991
BH_s00_high,0,990,33.0,-0.8957387874515715,-0.5746892604088603
BH_s00_high,0,991,33.03333333333333,-0.7881294142465503,-0.70792498272005
BH_s00_high,0,992,33.06666666666667,-0.5650784533636956,-0.8240144279511316
BH_s00_high,0,993,33.1,-0.19816361311492164,-0.9189791576569525
BH_s00_high,0,994,33.13333333333333,0.2894512122568232,-0.9810754570522621
BH_s00_high,0,995,33.166666666666664,0.8027876588447382,-0.9904515459278258
BH_s00_high,0,996,33.2,1.211395280508699,-0.9266144836231479
BH_s00_high,0,997,33.233333333333334,1.419174030764267,-0.7689705965297847
BH_s00_high,0,998,33.266666666666666,1.4107202611028988,-0.5103025180265897
BH_s00_high,0,999,33.3,1.236020738250213,-0.15813760564118162
BH_s00_high,0,1000,33.333333333333336,0.9699593869028971,0.25466037316230294
BH_s00_high,0,1001,33.36666666666667,0.6880658504955824,0.6682777273665028
BH_s00_high,0,1002,33.4,0.45206920902957626,1.0134248113635043
BH_s00_high,0,1003,33.43333333333333,0.29351925545982427,1.2103349922309783
BH_s00_high,0,1004,33.46666666666667,0.20477105475575594,1.2416409334497946
BH_s00_high,0,1005,33.5,0.15149413761950237,1.1514427965963367
BH_s00_high,0,1006,33.53333333333333,0.09505484805326381,0.9844373508367875
BH_s00_high,0,1007,33.56666666666667,0.010166779439458012,0.7852738019447224
BH_s00_high,0,1008,33.6,-0.10740613386216823,0.5890099115197841
BH_s00_high,0,1009,33.63333333333333,-0.24782635755984267,0.42154663860547636
BH_s00_high,0,1010,33.666666666666664,-0.3958725090774187,0.2824586848233727
BH_s00_high,0,1011,33.7,-0.5333617204181775,0.14624197328251365
BH_s00_high,0,1012,33.733333333333334,-0.645560391906763,0.003295870505807874
BH_s00_high,0,1013,33.766666666666666,-0.7275770603140527,-0.13877758013945582
BH_s00_high,0,1014,33.8,-0.7826043854663215,-0.2715912683150628
BH_s00_high,0,1015,33.833333333333336,-0.8154665245029249,-0.38514742321239714
BH_s00_high,0,1016,33.86666666666667,-0.8296916353324334,-0.4856796150901027
BH_s00_high,0,1017,33.9,-0.8257797885533362,-0.5946170174145972
BH_s00_high,0,1018,33.93333333333333,-0.7961137260505587,-0.7106176821842088
BH_s00_high,0,1019,33.96666666666667,-0.7224015474786473,-0.8087991588520692
BH_s00_high,0,1020,34.0,-0.5765507232291599,-0.8855338310855698
BH_s00_high,0,1021,34.03333333333333,-0.3256355829732606,-0.957843474879512
BH_s00_high,0,1022,34.06666666666667,0.04409149386679035,-1.019317365324008
BH_s00_high,0,1023,34.1,0.48961143135158863,-1.039795875049209
BH_s00_high,0,1024,34.13333333333333,0.9076577653425695,-0.9840867779046286
BH_s00_high,0,1025,34.166666666666664,1.186168799594725,-0.8128708617783197
BH_s00_high,0,1026,34.2,1.2663642140097826,-0.5121561192221032
BH_s00_high,0,1027,34.233333333333334,1.161023852276859,-0.09496104366394593
BH_s00_high,0,1028,34.266666666666666,0.933183857758868,0.38870871572318805
BH_s00_high,0,1029,34.3,0.6653248193472635,0.8502535399302149
BH_s00_high,0,1030,34.333333333333336,0.4311572759923557,1.2132026199262689
BH_s00_high,0,1031,34.36666666666667,0.275074321015135,1.41205878639682
BH_s00_high,0,1032,34.4,0.20247486322783553,1.4377785918277368
BH_s00_high,0,1033,34.43333333333333,0.18376026710556506,1.3365745390708106
BH_s00_high,0,1034,34.46666666666667,0.17237064092955134,1.1577404858037508
BH_s00_high,0,1035,34.5,0.1288927997649108,0.9529481378310767
BH_s00_high,0,1036,34.53333333333333,0.036541142526444366,0.74945677131133
BH_s00_high,0,1037,34.56666666666667,-0.10068746240504442,0.5508137583300727
BH_s00_high,0,1038,34.6,-0.26757390939520165,0.3578905746961808
BH_s00_high,0,1039,34.63333333333333,-0.4424811258817817,0.1703231306075133
BH_s00_high,0,1040,34.666666666666664,-0.604461369300444,-0.009978451299157642
BH_s00_high,0,1041,34.7,-0.7394982574408075,-0.1774830310475789
BH_s00_high,0,1042,34.733333333333334,-0.8418091642093083,-0.3305538243470049
BH_s00_high,0,1043,34.766666666666666,-0.9122137665393316,-0.47023238255054745
BH_s00_high,0,1044,34.8,-0.9531345343773447,-0.5885679801764235
BH_s00_high,0,1045,34.833333333333336,-0.9635711673420533,-0.6677891219353376
BH_s00_high,0,1046,34.86666666666667,-0.9363663912169425,-0.7137622194729167
BH_s00_high,0,1047,34.9,-0.8561262704392436,-0.7552148336832019
BH_s00_high,0,1048,34.93333333333333,-0.6950282953836994,-0.8142348943582731
BH_s00_high,0,1049,34.96666666666667,-0.4179013334396046,-0.9053217647269848
BH_s00_high,0,1050,35.0,-0.011105506954372964,-1.0160123667514858
BH_s00_high,0,1051,35.03333333333333,0.4809978728855644,-1.1066007465699395
BH_s00_high,0,1052,35.06666666666667,0.9534213649687022,-1.1392644298672137
BH_s00_high,0,1053,35.1,1.2855969608408213,-1.0785465439932471
BH_s00_high,0,1054,35.13333333333333,1.4074077593297645,-0.8973117453940843
BH_s00_high,0,1055,35.166666666666664,1.3267077623022856,-0.5780275340543222
BH_s00_high,0,1056,35.2,1.1046296754078975,-0.1382544577587636
BH_s00_high,0,1057,35.233333333333334,0.8221967582014552,0.36749468658620765
BH_s00_high,0,1058,35.266666666666666,0.5549745293155358,0.8624395920603807
BH_s00_high,0,1059,35.3,0.35533514169908564,1.2460434170941945
BH_s00_high,0,1060,35.333333333333336,0.24007258772176826,1.473925518808846
BH_s00_high,0,1061,35.36666666666667,0.1897221480160596,1.5563279555256138
BH_s00_high,0,1062,35.4,0.16336513383151427,1.5117080062946664
BH_s00_high,0,1063,35.43333333333333,0.12212072121695407,1.3655774169417558
BH_s00_high,0,1064,35.46666666666667,0.04612327367413718,1.1519986257934416
BH_s00_high,0,1065,35.5,-0.06412338151098919,0.9136431403780507
BH_s00_high,0,1066,35.53333333333333,-0.19603273484862244,0.6726646075619984
BH_s00_high,0,1067,35.56666666666667,-0.333374354943237,0.4317926143748841
BH_s00_high,0,1068,35.6,-0.4585486025365017,0.194757544492759
BH_s00_high,0,1069,35.63333333333333,-0.561531564104901,-0.03204081314340995
BH_s00_high,0,1070,35.666666666666664,-0.6436559517287784,-0.23700481041503
BH_s00_high,0,1071,35.7,-0.7100024861792935,-0.40198152090618666
BH_s00_high,0,1072,35.733333333333334,-0.7683134717577665,-0.5229772061244592
BH_s00_high,0,1073,35.766666666666666,-0.8261713105926698,-0.6090193091137706
BH_s00_high,0,1074,35.8,-0.8838933253958104,-0.6673290968597607
BH_s00_high,0,1075,35.833333333333336,-0.9331235765708645,-0.7024333564306664
BH_s00_high,0,1076,35.86666666666667,-0.9561873379103101,-0.7272436939239868
BH_s00_high,0,1077,35.9,-0.9228533577561684,-0.7623864103085468
BH_s00_high,0,1078,35.93333333333333,-0.7911979177074694,-0.8164281784208007
BH_s00_high,0,1079,35.96666666666667,-0.5170383955242498,-0.8853548150226851
BH_s00_high,0,1080,36.0,-0.08497071111271778,-0.9475038738175312
BH_s00_high,0,1081,36.03333333333333,0.4536315507824193,-0.9636990668494343
BH_s00_high,0,1082,36.06666666666667,0.9799127312316227,-0.9051141589798789
BH_s00_high,0,1083,36.1,1.3601494523662159,-0.7540168174128276
BH_s00_high,0,1084,36.13333333333333,1.517725147459051,-0.5066860238403946
BH_s00_high,0,1085,36.166666666666664,1.4602505101006256,-0.17465048858219637
BH_s00_high,0,1086,36.2,1.2499878187564173,0.21982596719155262
BH_s00_high,0,1087,36.233333333333334,0.9649005090654545,0.6419486334726262
BH_s00_high,0,1088,36.266666666666666,0.6780408766560309,1.025419416858322
BH_s00_high,0,1089,36.3,0.44433899242422703,1.2712658952591687
BH_s00_high,0,1090,36.333333333333336,0.2884133077832953,1.346081367936187
BH_s00_high,0,1091,36.36666666666667,0.20049181815623912,1.281181762859989
BH_s00_high,0,1092,36.4,0.14709309157526734,1.1184479597683925
BH_s00_high,0,1093,36.43333333333333,0.09202229295007669,0.909560322950471
BH_s00_high,0,1094,36.46666666666667,0.01241188781303576,0.6874665381631714
BH_s00_high,0,1095,36.5,-0.09322296772640308,0.4669282991771057
BH_s00_high,0,1096,36.53333333333333,-0.21188211600768253,0.2547458550849884
BH_s00_high,0,1097,36.56666666666667,-0.3288648319508627,0.05116278381824581
BH_s00_high,0,1098,36.6,-0.43031653716669865,-0.13536991646892282
BH_s00_high,0,1099,36.63333333333333,-0.506808814265008,-0.2869425653881181
BH_s00_high,0,1100,36.666666666666664,-0.5589775835108103,-0.3936200295629457
BH_s00_high,0,1101,36.7,-0.5962671123808801,-0.45259844860471565
BH_s00_high,0,1102,36.733333333333334,-0.6312656797654145,-0.4693507282939226
BH_s00_high,0,1103,36.766666666666666,-0.6754764127348917,-0.457003934208834
BH_s00_high,0,1104,36.8,-0.735367425188791,-0.43627024885351084
BH_s00_high,0,1105,36.833333333333336,-0.8067801419657571,-0.43490505002061797
BH_s00_high,0,1106,36.86666666666667,-0.8750692259868883,-0.468604763169984
BH_s00_high,0,1107,36.9,-0.9170877206786774,-0.5405450311692432
BH_s00_high,0,1108,36.93333333333333,-0.8998830901780384,-0.6394831614010494
BH_s00_high,0,1109,36.96666666666667,-0.7824856926666658,-0.7395644306873007
BH_s00_high,0,1110,37.0,-0.521439520708775,-0.8043635467974647
BH_s00_high,0,1111,37.03333333333333,-0.09908270177895666,-0.7872319889750957
BH_s00_high,0,1112,37.06666666666667,0.4356384306605449,-0.6614867889271508
BH_s00_high,0,1113,37.1,0.962883452432202,-0.4213307746837943
BH_s00_high,0,1114,37.13333333333333,1.343856113405695,-0.08925598643238634
BH_s00_high,0,1115,37.166666666666664,1.497014071725154,0.2828475322387373
BH_s00_high,0,1116,37.2,1.4288424998156697,0.6373204718672174
BH_s00_high,0,1117,37.233333333333334,1.2047673946114443,0.9096944328243165
BH_s00_high,0,1118,37.266666666666666,0.9095219886330369,1.0601444886863212
BH_s00_high,0,1119,37.3,0.6223373850555585,1.0726601618560256
BH_s00_high,0,1120,37.333333333333336,0.39894753291743296,0.9869988665035804
BH_s00_high,0,1121,37.36666666666667,0.2592400548448549,0.8974433229221364
BH_s00_high,0,1122,37.4,0.1859407552760298,0.8194753712787791
BH_s00_high,0,1123,37.43333333333333,0.13901479745459713,0.6899849867937913
BH_s00_high,0,1124,37.46666666666667,0.08007094028871274,0.5020215235638271
BH_s00_high,0,1125,37.5,-0.011956714928756051,0.30595554317500584
BH_s00_high,0,1126,37.53333333333333,-0.137449463774928,0.13228456444746586
BH_s00_high,0,1127,37.56666666666667,-0.28269269875250846,-0.00779102232783338
BH_s00_high,0,1128,37.6,-0.42995118472707305,-0.11262341999589355
BH_s00_high,0,1129,37.63333333333333,-0.561982059733398,-0.18910330860613264
BH_s00_high,0,1130,37.666666666666664,-0.6669094958339384,-0.2537246220419783
BH_s00_high,0,1131,37.7,-0.7430598677709646,-0.33150436371785164
BH_s00_high,0,1132,37.733333333333334,-0.7962852011917043,-0.42935927889075204
BH_s00_high,0,1133,37.766666666666666,-0.8318672490716078,-0.5353025365137141
BH_s00_high,0,1134,37.8,-0.8498865632985542,-0.645061578984557
BH_s00_high,0,1135,37.833333333333336,-0.8472155941106183,-0.7614138720879982
BH_s00_high,0,1136,37.86666666666667,-0.8147149528174227,-0.879161520613882
BH_s00_high,0,1137,37.9,-0.7306935054035189,-0.9844434909302544
BH_s00_high,0,1138,37.93333333333333,-0.5619474538765769,-1.0537583606755097
BH_s00_high,0,1139,37.96666666666667,-0.27412156620972034,-1.0539099583709381
BH_s00_high,0,1140,38.0,0.13437252513121212,-0.9595943322247371
BH_s00_high,0,1141,38.03333333333333,0.6002586703855344,-0.7541755235552322
BH_s00_high,0,1142,38.06666666666667,1.0099853593643842,-0.4487252823632101
BH_s00_high,0,1143,38.1,1.25636970230776,-0.08324247790562886
BH_s00_high,0,1144,38.13333333333333,1.296472970775957,0.28300388625981066
BH_s00_high,0,1145,38.166666666666664,1.1578640318520974,0.5704881581841417
BH_s00_high,0,1146,38.2,0.9088606296277334,0.7695262891554744
BH_s00_high,0,1147,38.233333333333334,0.6327766008287564,0.9384229974859206
BH_s00_high,0,1148,38.266666666666666,0.40209954794299235,1.0880064426174736
BH_s00_high,0,1149,38.3,0.25582976782528843,1.1800491503283224
BH_s00_high,0,1150,38.333333333333336,0.1924237780755392,1.2024277896085618
BH_s00_high,0,1151,38.36666666666667,0.17782302858612828,1.1687800924600635
BH_s00_high,0,1152,38.4,0.1656373624225989,1.0765745317097772
BH_s00_high,0,1153,38.43333333333333,0.1208478559627927,0.9074202995665673
BH_s00_high,0,1154,38.46666666666667,0.030200101936697213,0.6734852283837791
BH_s00_high,0,1155,38.5,-0.1011333520214539,0.4183813585867674
BH_s00_high,0,1156,38.53333333333333,-0.2573650399294014,0.1737737670686252
BH_s00_high,0,1157,38.56666666666667,-0.419172242435174,-0.039657094792744235
BH_s00_high,0,1158,38.6,-0.5679961302835749,-0.2129185228240408
BH_s00_high,0,1159,38.63333333333333,-0.6921953501990945,-0.3473752367072418
BH_s00_high,0,1160,38.666666666666664,-0.7909868989531036,-0.4511952412878968
BH_s00_high,0,1161,38.7,-0.8687407859113555,-0.5380886523231896
BH_s00_high,0,1162,38.733333333333334,-0.9290089796618851,-0.6214709546338865
BH_s00_high,0,1163,38.766666666666666,-0.9718240135842734,-0.7134002550990504
BH_s00_high,0,1164,38.8,-0.989121386316164,-0.8127187418540485
BH_s00_high,0,1165,38.833333333333336,-0.9638853612740674,-0.904391888212707
BH_s00_high,0,1166,38.86666666666667,-0.8709978894433728,-0.9781092702262213
BH_s00_high,0,1167,38.9,-0.6737335433909837,-1.0279137195891208
BH_s00_high,0,1168,38.93333333333333,-0.33464450266384166,-1.038182027253132
BH_s00_high,0,1169,38.96666666666667,0.1448014801540194,-0.9837336156778805
BH_s00_high,0,1170,39.0,0.6898585331815518,-0.8442806565960378
BH_s00_high,0,1171,39.03333333333333,1.1688848262162714,-0.6054418571666041
BH_s00_high,0,1172,39.06666666666667,1.461877455836157,-0.2777251913441595
BH_s00_high,0,1173,39.1,1.5243522578163373,0.10200777355261267
BH_s00_high,0,1174,39.13333333333333,1.3891036365655522,0.47947641353086096
BH_s00_high,0,1175,39.166666666666664,1.1289349422370814,0.7817621653833084
BH_s00_high,0,1176,39.2,0.826322440231209,0.9741690597851048
BH_s00_high,0,1177,39.233333333333334,0.5522756220382987,1.0590013126055835
BH_s00_high,0,1178,39.266666666666666,0.35134107220954325,1.0700103229123397
BH_s00_high,0,1179,39.3,0.23245348250200154,1.07077512620911
BH_s00_high,0,1180,39.333333333333336,0.1710283104319676,1.0657510612512235
BH_s00_high,0,1181,39.36666666666667,0.12777416324772692,1.0001208865156461
BH_s00_high,0,1182,39.4,0.07140878658225241,0.8688176457400791
BH_s00_high,0,1183,39.43333333333333,-0.01077017500947336,0.7171532961595722
BH_s00_high,0,1184,39.46666666666667,-0.11670247298193392,0.5561784854871794
BH_s00_high,0,1185,39.5,-0.23610848434636966,0.3634887710476858
BH_s00_high,0,1186,39.53333333333333,-0.35493821899627653,0.1481506448649318
BH_s00_high,0,1187,39.56666666666667,-0.459178522267532,-0.04812210733080949
BH_s00_high,0,1188,39.6,-0.5409388148199237,-0.20714767933476994
BH_s00_high,0,1189,39.63333333333333,-0.6039547003288054,-0.3333272757522131
BH_s00_high,0,1190,39.666666666666664,-0.6594069629093425,-0.4414293768457359
BH_s00_high,0,1191,39.7,-0.7172096069278062,-0.5551952559683977
BH_s00_high,0,1192,39.733333333333334,-0.7821607732774541,-0.6787118793838798
BH_s00_high,0,1193,39.766666666666666,-0.853384275041625,-0.7954263314506118
BH_s00_high,0,1194,39.8,-0.9228320257029291,-0.8988883048725258
BH_s00_high,0,1195,39.833333333333336,-0.972646591011209,-0.9920680601461664
BH_s00_high,0,1196,39.86666666666667,-0.9724722020628346,-1.0667882917353935
BH_s00_high,0,1197,39.9,-0.8823979409429265,-1.103287022205717
BH_s00_high,0,1198,39.93333333333333,-0.6585954574786916,-1.080848510360028
BH_s00_high,0,1199,39.96666666666667,-0.27072968038607753,-0.9781609936951057
BH_s00_high,0,1200,40.0,0.2564602995725991,-0.7848263171376395
BH_s00_high,0,1201,40.03333333333333,0.8207178436055862,-0.5024412327340539
BH_s00_high,0,1202,40.06666666666667,1.2787288497289624,-0.14003284577090536
BH_s00_high,0,1203,40.1,1.5238676215181608,0.2841172428437197
BH_s00_high,0,1204,40.13333333333333,1.5357351769263423,0.7098353310988198
BH_s00_high,0,1205,40.166666666666664,1.3632363346782796,1.0336858557804547
BH_s00_high,0,1206,40.2,1.0852350771937347,1.2180049729858213
BH_s00_high,0,1207,40.233333333333334,0.7832518678851846,1.2896100077991517
BH_s00_high,0,1208,40.266666666666666,0.5223854492113402,1.272450861044792
BH_s00_high,0,1209,40.3,0.33552392749374954,1.186371326803495
BH_s00_high,0,1210,40.333333333333336,0.2210420995905411,1.0590622636110263
BH_s00_high,0,1211,40.36666666666667,0.15196685734058857,0.9258708822926689
BH_s00_high,0,1212,40.4,0.09087637519298869,0.7873841847212251
BH_s00_high,0,1213,40.43333333333333,0.01012302045032476,0.6103836285268178
BH_s00_high,0,1214,40.46666666666667,-0.09734178987941046,0.38970790806232913
BH_s00_high,0,1215,40.5,-0.22312371227534805,0.14970976747195786
BH_s00_high,0,1216,40.53333333333333,-0.35333450697408725,-0.08740131238175701
BH_s00_high,0,1217,40.56666666666667,-0.47337046014277145,-0.30042535335341247
BH_s00_high,0,1218,40.6,-0.572213102697416,-0.4749010177653955
BH_s00_high,0,1219,40.63333333333333,-0.6454522931643677,-0.6019388347222443
BH_s00_high,0,1220,40.666666666666664,-0.6946609364406702,-0.6888392258235451
BH_s00_high,0,1221,40.7,-0.7286844025746316,-0.7579232366826905
BH_s00_high,0,1222,40.733333333333334,-0.7581383828053629,-0.8307789202291576
BH_s00_high,0,1223,40.766666666666666,-0.785810421280516,-0.9271140338390551
BH_s00_high,0,1224,40.8,-0.8063658880785048,-1.0343659087937207
BH_s00_high,0,1225,40.833333333333336,-0.8086453381632248,-1.1073679068146012
BH_s00_high,0,1226,40.86666666666667,-0.7710353907184252,-1.1139208486348033
BH_s00_high,0,1227,40.9,-0.6599903003518179,-1.0352200127530164
BH_s00_high,0,1228,40.93333333333333,-0.4360813548221194,-0.8628279976061874
BH_s00_high,0,1229,40.96666666666667,-0.07651333592353772,-0.5995292654333342
BH_s00_high,0,1230,41.0,0.3841277082795991,-0.2716052540063997
BH_s00_high,0,1231,41.03333333333333,0.8453063235707867,0.06997075573511138
BH_s00_high,0,1232,41.06666666666667,1.1849275259199423,0.39384769301170436
BH_s00_high,0,1233,41.1,1.3249866732828277,0.6866799521951503
BH_s00_high,0,1234,41.13333333333333,1.265028323452872,0.9296370958347069
BH_s00_high,0,1235,41.166666666666664,1.0611183889096627,1.0967809516966265
BH_s00_high,0,1236,41.2,0.7909262610257894,1.17839478643545
BH_s00_high,0,1237,41.233333333333334,0.5313444819731602,1.1800151846074778
BH_s00_high,0,1238,41.266666666666666,0.33827779811574454,1.118693157964022
BH_s00_high,0,1239,41.3,0.22897479465561388,1.0224660001150823
BH_s00_high,0,1240,41.333333333333336,0.18460867474704387,0.8929399136261902
BH_s00_high,0,1241,41.36666666666667,0.16564534820811785,0.705936610473878
BH_s00_high,0,1242,41.4,0.13023137934861745,0.47720391377892457
BH_s00_high,0,1243,41.43333333333333,0.05521361339291775,0.26333262474530206
BH_s00_high,0,1244,41.46666666666667,-0.05988599769028874,0.08154801398127157
BH_s00_high,0,1245,41.5,-0.2024650176722223,-0.08920209112335235
BH_s00_high,0,1246,41.53333333333333,-0.3522519396946897,-0.25470681843584675
BH_s00_high,0,1247,41.56666666666667,-0.48989202419388667,-0.40403786644040296
BH_s00_high,0,1248,41.6,-0.6055546549095345,-0.5261244495398344
BH_s00_high,0,1249,41.63333333333333,-0.6983242240189851,-0.6089360405091782
BH_s00_high,0,1250,41.666666666666664,-0.7707402565166575,-0.6521168884045744
BH_s00_high,0,1251,41.7,-0.8277031631990189,-0.6663443860631961
BH_s00_high,0,1252,41.733333333333334,-0.8736367678343978,-0.6697519485562162
BH_s00_high,0,1253,41.766666666666666,-0.9050266627428891,-0.6872616251409897
BH_s00_high,0,1254,41.8,-0.9098053157897457,-0.7180066916152917
BH_s00_high,0,1255,41.833333333333336,-0.86794531006763,-0.735208400530579
BH_s00_high,0,1256,41.86666666666667,-0.7498679706373129,-0.7167954643844686
BH_s00_high,0,1257,41.9,-0.5180976090927454,-0.6459154137010296
BH_s00_high,0,1258,41.93333333333333,-0.14657323976860137,-0.51109747271448
BH_s00_high,0,1259,41.96666666666667,0.3376099289372472,-0.30710871591038824
BH_s00_high,0,1260,42.0,0.8356249879863786,-0.04283347995045643
BH_s00_high,0,1261,42.03333333333333,1.219520822150869,0.2574897024452016
BH_s00_high,0,1262,42.06666666666667,1.4027130899248308,0.5399424108879666
BH_s00_high,0,1263,42.1,1.3762498169746376,0.7202905697433475
BH_s00_high,0,1264,42.13333333333333,1.1911759821589059,0.7789915791151562
BH_s00_high,0,1265,42.166666666666664,0.9219652056231985,0.7604298109485134
BH_s00_high,0,1266,42.2,0.644594245139658,0.6881902328422235
BH_s00_high,0,1267,42.233333333333334,0.41929222657338466,0.5644852808975676
BH_s00_high,0,1268,42.266666666666666,0.2733599716471117,0.4171913541185561
BH_s00_high,0,1269,42.3,0.19779393115249283,0.29991835313582144
BH_s00_high,0,1270,42.333333333333336,0.15824002340047114,0.23338275514244838
BH_s00_high,0,1271,42.36666666666667,0.1164541225281,0.20565175974157335
BH_s00_high,0,1272,42.4,0.05037489830699475,0.1825714332450245
BH_s00_high,0,1273,42.43333333333333,-0.04062093887907195,0.10896312356691185
BH_s00_high,0,1274,42.46666666666667,-0.14726752514541278,-0.007647667911720793
BH_s00_high,0,1275,42.5,-0.25960731936511117,-0.09669693652945524
BH_s00_high,0,1276,42.53333333333333,-0.3638687488595391,-0.13194552507138785
BH_s00_high,0,1277,42.56666666666667,-0.4464137779053978,-0.13156759114572186
BH_s00_high,0,1278,42.6,-0.504994671465165,-0.10262393220358809
BH_s00_high,0,1279,42.63333333333333,-0.5490914127838199,-0.0408308427553794
BH_s00_high,0,1280,42.666666666666664,-0.5905722808596441,0.01847865365647227
BH_s00_high,0,1281,42.7,-0.6391722318300461,0.0009567877817831735
BH_s00_high,0,1282,42.733333333333334,-0.7023398422650424,-0.10786620881722268
BH_s00_high,0,1283,42.766666666666666,-0.7804328527763308,-0.2620208231399005
BH_s00_high,0,1284,42.8,-0.8618810078304869,-0.4259391904624501
BH_s00_high,0,1285,42.833333333333336,-0.9246257725934435,-0.5743678876200442
BH_s00_high,0,1286,42.86666666666667,-0.9380410652885451,-0.6857045312585255
BH_s00_high,0,1287,42.9,-0.8635881550490785,-0.7415630875253825
BH_s00_high,0,1288,42.93333333333333,-0.6572189933600974,-0.7300507075866796
BH_s00_high,0,1289,42.96666666666667,-0.2866265450543797,-0.6457305783623678
BH_s00_high,0,1290,43.0,0.2262104629907441,-0.49250493484503177
BH_s00_high,0,1291,43.03333333333333,0.7817999252445358,-0.28413889492495203
BH_s00_high,0,1292,43.06666666666667,1.238540938577343,-0.05071352968422631
BH_s00_high,0,1293,43.1,1.4862696555368098,0.16070903350803106
BH_s00_high,0,1294,43.13333333333333,1.5012195795902181,0.34240866769845374
BH_s00_high,0,1295,43.166666666666664,1.332774377812321,0.5246764490842231
BH_s00_high,0,1296,43.2,1.060026520680566,0.7037501542060914
BH_s00_high,0,1297,43.233333333333334,0.7647957410404922,0.8405863596632797
BH_s00_high,0,1298,43.266666666666666,0.510220710767487,0.9126242764246694
BH_s00_high,0,1299,43.3,0.32948755290266407,0.913439466620248
BH_s00_high,0,1300,43.333333333333336,0.2229977127121457,0.8515405538433091
BH_s00_high,0,1301,43.36666666666667,0.16108694933097445,0.7501208912945905
BH_s00_high,0,1302,43.4,0.10439340493418785,0.6269997923334139
BH_s00_high,0,1303,43.43333333333333,0.026197410297713455,0.4948570712762625
BH_s00_high,0,1304,43.46666666666667,-0.07958011952268414,0.35849942106134786
BH_s00_high,0,1305,43.5,-0.203951362665378,0.21570485941388312
BH_s00_high,0,1306,43.53333333333333,-0.33274707458487757,0.060455440162668586
BH_s00_high,0,1307,43.56666666666667,-0.451320333869516,-0.11582226904704922
BH_s00_high,0,1308,43.6,-0.5488583858629023,-0.31274382409465507
BH_s00_high,0,1309,43.63333333333333,-0.622899825619406,-0.5196722678790117
BH_s00_high,0,1310,43.666666666666664,-0.6770792083325666,-0.7244134915063596
BH_s00_high,0,1311,43.7,-0.717290371006444,-0.9120531395091244
BH_s00_high,0,1312,43.733333333333334,-0.751200405300222,-1.0709487440594998
BH_s00_high,0,1313,43.766666666666666,-0.7839704841309957,-1.191708075900844
BH_s00_high,0,1314,43.8,-0.8126740123887705,-1.2578987723873631
BH_s00_high,0,1315,43.833333333333336,-0.8243521475776547,-1.2456679033823443
BH_s00_high,0,1316,43.86666666666667,-0.7955127995784514,-1.1367879694808127
BH_s00_high,0,1317,43.9,-0.6952123309879132,-0.9193052542746608
BH_s00_high,0,1318,43.93333333333333,-0.48630058629451656,-0.6020315268052513
BH_s00_high,0,1319,43.96666666666667,-0.14141406449463678,-0.21590317097534487
BH_s00_high,0,1320,44.0,0.31641175341153316,0.20108562325204363
BH_s00_high,0,1321,44.03333333333333,0.7943983799279838,0.6021466315681447
BH_s00_high,0,1322,44.06666666666667,1.1648173043355894,0.94701475483596
BH_s00_high,0,1323,44.1,1.3373451195723334,1.2001730246694828
BH_s00_high,0,1324,44.13333333333333,1.301765345422266,1.3469781872668731
BH_s00_high,0,1325,44.166666666666664,1.1095509349119275,1.392222256218111
BH_s00_high,0,1326,44.2,0.8397325253148505,1.343486900950272
BH_s00_high,0,1327,44.233333333333334,0.5725742612719619,1.2105786369913427
BH_s00_high,0,1328,44.266666666666666,0.36758429927673475,1.0174058949252482
BH_s00_high,0,1329,44.3,0.24799767448605442,0.8022488480043984
BH_s00_high,0,1330,44.333333333333336,0.19839665521523014,0.5862361975701514
BH_s00_high,0,1331,44.36666666666667,0.17783096724887076,0.37431148585599333
BH_s00_high,0,1332,44.4,0.14327428553944815,0.16484413234538503
BH_s00_high,0,1333,44.43333333333333,0.06921804390577914,-0.04875135427338129
BH_s00_high,0,1334,44.46666666666667,-0.0481261225852697,-0.25835735113203284
BH_s00_high,0,1335,44.5,-0.1972790769860302,-0.43979271935078457
BH_s00_high,0,1336,44.53333333333333,-0.35999392976604117,-0.5891233010495198
BH_s00_high,0,1337,44.56666666666667,-0.5164121515449536,-0.7214133821441027
BH_s00_high,0,1338,44.6,-0.6501738533746972,-0.8476627986970641
BH_s00_high,0,1339,44.63333333333333,-0.7536753210184445,-0.9734937363019162
BH_s00_high,0,1340,44.666666666666664,-0.8268707329749526,-1.0890852485812514
BH_s00_high,0,1341,44.7,-0.8745745887859878,-1.1685285448780425
BH_s00_high,0,1342,44.733333333333334,-0.9034117897175038,-1.194246298350844
BH_s00_high,0,1343,44.766666666666666,-0.9140448893807362,-1.156931028964904
BH_s00_high,0,1344,44.8,-0.8964299802612683,-1.0429185598574302
BH_s00_high,0,1345,44.833333333333336,-0.8301672657068728,-0.8348772314434496
BH_s00_high,0,1346,44.86666666666667,-0.6826529194824699,-0.5367928538516833
BH_s00_high,0,1347,44.9,-0.4139808851676473,-0.17539410453378032
BH_s00_high,0,1348,44.93333333333333,-0.008565030613538747,0.21031013673048926
BH_s00_high,0,1349,44.96666666666667,0.4868412812576608,0.5675040677101334
BH_s00_high,0,1350,45.0,0.9632149224391235,0.8684038364047544
BH_s00_high,0,1351,45.03333333333333,1.2980873821777503,1.108438483810695
BH_s00_high,0,1352,45.06666666666667,1.4207863600600557,1.2678506267403984
BH_s00_high,0,1353,45.1,1.33776519045264,1.31049869628688
BH_s00_high,0,1354,45.13333333333333,1.1096429163416168,1.241324357021063
BH_s00_high,0,1355,45.166666666666664,0.8185419478841075,1.1058800224807621
BH_s00_high,0,1356,45.2,0.5426686788505807,0.9331481793423511
BH_s00_high,0,1357,45.233333333333334,0.3368545605734577,0.7356797554714868
BH_s00_high,0,1358,45.266666666666666,0.21975034971767496,0.5311700072733099
BH_s00_high,0,1359,45.3,0.17168271457440937,0.3433933661322722
BH_s00_high,0,1360,45.333333333333336,0.1497585376726666,0.1774868791413605
BH_s00_high,0,1361,45.36666666666667,0.11306863389472578,0.02119896674229904
BH_s00_high,0,1362,45.4,0.040107849352995203,-0.12842033313282397
BH_s00_high,0,1363,45.43333333333333,-0.07132903507417403,-0.26375056656628426
BH_s00_high,0,1364,45.46666666666667,-0.21105195526707815,-0.37846611698522314
BH_s00_high,0,1365,45.5,-0.36026250621367933,-0.46668273927343973
BH_s00_high,0,1366,45.53333333333333,-0.5003879307111376,-0.540542057539319
BH_s00_high,0,1367,45.56666666666667,-0.6198281329597265,-0.6291723493096578
BH_s00_high,0,1368,45.6,-0.7138963738682831,-0.7385458863066491
BH_s00_high,0,1369,45.63333333333333,-0.7852872250701441,-0.8506324169721302
BH_s00_high,0,1370,45.666666666666664,-0.8411462420777089,-0.9460108898705099
BH_s00_high,0,1371,45.7,-0.8866215974096999,-1.0036108103014996
BH_s00_high,0,1372,45.733333333333334,-0.9214695417571425,-1.0087610941077638
BH_s00_high,0,1373,45.766666666666666,-0.9378121217634036,-0.953212023992151
BH_s00_high,0,1374,45.8,-0.916525182477981,-0.8292908291399277
BH_s00_high,0,1375,45.833333333333336,-0.8256616997213366,-0.63055794025672
BH_s00_high,0,1376,45.86666666666667,-0.6236255893120648,-0.37855769709430237
BH_s00_high,0,1377,45.9,-0.2754366799344641,-0.12367779587134371
BH_s00_high,0,1378,45.93333333333333,0.20780224594179747,0.12828661774992786
BH_s00_high,0,1379,45.96666666666667,0.739855106365759,0.41440842089796
BH_s00_high,0,1380,46.0,1.1873046507746938,0.728887589082705
BH_s00_high,0,1381,46.03333333333333,1.4421115576064802,1.0211057192468558
BH_s00_high,0,1382,46.06666666666667,1.4745590691375885,1.2437745201383046
BH_s00_high,0,1383,46.1,1.3241535715294348,1.3521560456749933
BH_s00_high,0,1384,46.13333333333333,1.0631170205337226,1.3310191371453244
BH_s00_high,0,1385,46.166666666666664,0.7704821557057562,1.1942761991178286
BH_s00_high,0,1386,46.2,0.5130160901062145,0.9773712121115039
BH_s00_high,0,1387,46.233333333333334,0.3288332388012769,0.737239938560202
BH_s00_high,0,1388,46.266666666666666,0.22124483973888337,0.5069304983095576
BH_s00_high,0,1389,46.3,0.16471411497836194,0.2963992343723894
BH_s00_high,0,1390,46.333333333333336,0.12175815953373569,0.10734815281384057
BH_s00_high,0,1391,46.36666666666667,0.06341862722786173,-0.06526835350998914
BH_s00_high,0,1392,46.4,-0.020753976275024538,-0.2235072334550368
BH_s00_high,0,1393,46.43333333333333,-0.12732518390790676,-0.36508293354666177
BH_s00_high,0,1394,46.46666666666667,-0.24510536689452272,-0.49430918844366356
BH_s00_high,0,1395,46.5,-0.35802725792765994,-0.6209030819385731
BH_s00_high,0,1396,46.53333333333333,-0.4527816150905206,-0.7493781965322438
BH_s00_high,0,1397,46.56666666666667,-0.5233107544452626,-0.8779613121068541
BH_s00_high,0,1398,46.6,-0.5727409887992769,-0.9934563322527017
BH_s00_high,0,1399,46.63333333333333,-0.6117439456794508,-1.0706762449348803
BH_s00_high,0,1400,46.666666666666664,-0.6529724719505122,-1.0955113006846409
BH_s00_high,0,1401,46.7,-0.7067450783307693,-1.0647792509264848
BH_s00_high,0,1402,46.733333333333334,-0.7754661164491956,-0.9681064136336286
BH_s00_high,0,1403,46.766666666666666,-0.85068708232954,-0.7884676469355324
BH_s00_high,0,1404,46.8,-0.9128764710819404,-0.5250409897191283
BH_s00_high,0,1405,46.833333333333336,-0.9336228842160827,-0.19455837429110218
BH_s00_high,0,1406,46.86666666666667,-0.8761610591673886,0.1743732859314146
BH_s00_high,0,1407,46.9,-0.6971295464459389,0.5396783192880227
BH_s00_high,0,1408,46.93333333333333,-0.36071025143792745,0.8624051083915312
BH_s00_high,0,1409,46.96666666666667,0.1255339673574138,1.105181926209017
BH_s00_high,0,1410,47.0,0.6800771491464859,1.2463220116456295
BH_s00_high,0,1411,47.03333333333333,1.167311149211025,1.2786719760549496
BH_s00_high,0,1412,47.06666666666667,1.464743572036427,1.212560196767013
BH_s00_high,0,1413,47.1,1.52611776399862,1.0752509052436205
BH_s00_high,0,1414,47.13333333333333,1.3845445264137135,0.8884790109819601
BH_s00_high,0,1415,47.166666666666664,1.1159854188797245,0.6688152448085823
BH_s00_high,0,1416,47.2,0.8069161031369916,0.43775703754372947
BH_s00_high,0,1417,47.233333333333334,0.5312449145428964,0.22271330176958581
BH_s00_high,0,1418,47.266666666666666,0.3327740510875781,0.03480631879719584
BH_s00_high,0,1419,47.3,0.21662872493445318,-0.1298608280178319
BH_s00_high,0,1420,47.333333333333336,0.15584939611879783,-0.2704575983610632
BH_s00_high,0,1421,47.36666666666667,0.10838367001860129,-0.3802150793979697
BH_s00_high,0,1422,47.4,0.038791402425111116,-0.4602890411676144
BH_s00_high,0,1423,47.43333333333333,-0.067141002602982,-0.5188874223902045
BH_s00_high,0,1424,47.46666666666667,-0.20468156929415451,-0.5685323760876794
BH_s00_high,0,1425,47.5,-0.35996727153764124,-0.6252387270059752
BH_s00_high,0,1426,47.53333333333333,-0.5156495986573866,-0.6935004579032217
BH_s00_high,0,1427,47.56666666666667,-0.6546660992539735,-0.7657336280120115
BH_s00_high,0,1428,47.6,-0.7647548405795395,-0.8294248493770654
BH_s00_high,0,1429,47.63333333333333,-0.8416971782114978,-0.8669773491847237
BH_s00_high,0,1430,47.666666666666664,-0.8880038139231115,-0.8600063222529521
BH_s00_high,0,1431,47.7,-0.9079160912352118,-0.789628173221125
BH_s00_high,0,1432,47.733333333333334,-0.9024049404392049,-0.6486566010439865
BH_s00_high,0,1433,47.766666666666666,-0.8640620212830868,-0.44236519545292896
BH_s00_high,0,1434,47.8,-0.7751870961758146,-0.18544745000976112
BH_s00_high,0,1435,47.833333333333336,-0.6086863441581918,0.09686110609742465
BH_s00_high,0,1436,47.86666666666667,-0.3327989188629794,0.3656221127150823
BH_s00_high,0,1437,47.9,0.06240794328747594,0.5672192710895899
BH_s00_high,0,1438,47.93333333333333,0.5283940936971029,0.6691027426546756
BH_s00_high,0,1439,47.96666666666667,0.9583855050405382,0.6592119506881056
BH_s00_high,0,1440,48.0,1.2392633230334558,0.5893956568833418
BH_s00_high,0,1441,48.03333333333333,1.3149407746223636,0.5739324065707887
BH_s00_high,0,1442,48.06666666666667,1.2027977033633084,0.6498320748136209
BH_s00_high,0,1443,48.1,0.9671611788987157,0.7758454771180219
BH_s00_high,0,1444,48.13333333333333,0.6895987826264466,0.8925090248082524
BH_s00_high,0,1445,48.166666666666664,0.4452245144455878,0.9229464137427048
BH_s00_high,0,1446,48.2,0.2823790875307034,0.8562768575777611
BH_s00_high,0,1447,48.233333333333334,0.20771391618275167,0.7477293684982764
BH_s00_high,0,1448,48.266666666666666,0.18945634505008543,0.6154553821527678
BH_s00_high,0,1449,48.3,0.1810336257892593,0.4408265026821745
BH_s00_high,0,1450,48.333333333333336,0.14367908152511363,0.22248054581905125
BH_s00_high,0,1451,48.36666666666667,0.05795245728197844,-0.02232814270054137
BH_s00_high,0,1452,48.4,-0.07455704266277888,-0.27184857140857144
BH_s00_high,0,1453,48.43333333333333,-0.23725593043382365,-0.49863866888055686
BH_s00_high,0,1454,48.46666666666667,-0.4069916426685067,-0.6932946007332228
BH_s00_high,0,1455,48.5,-0.5658007405729921,-0.8630337669470605
BH_s00_high,0,1456,48.53333333333333,-0.7047757897818857,-1.006442493424583
BH_s00_high,0,1457,48.56666666666667,-0.8182790068665553,-1.1122520204394477
BH_s00_high,0,1458,48.6,-0.9036315665408651,-1.1700156304095215
BH_s00_high,0,1459,48.63333333333333,-0.9629217236114266,-1.1696249239318683
BH_s00_high,0,1460,48.666666666666664,-0.9989830175723968,-1.1012486697736752
BH_s00_high,0,1461,48.7,-1.0081463163391904,-0.9556174999201829
BH_s00_high,0,1462,48.733333333333334,-0.9765550925297491,-0.7317037863895497
BH_s00_high,0,1463,48.766666666666666,-0.8791257745803864,-0.437816650392658
BH_s00_high,0,1464,48.8,-0.6784977125450663,-0.09478354927705028
BH_s00_high,0,1465,48.833333333333336,-0.33759854066809875,0.2625054719795777
BH_s00_high,0,1466,48.86666666666667,0.14242208241374182,0.5831320213571622
BH_s00_high,0,1467,48.9,0.6888190940001949,0.7990110093380712
BH_s00_high,0,1468,48.93333333333333,1.1724837739777605,0.9092402753608461
BH_s00_high,0,1469,48.96666666666667,1.474309275436204,0.978538909531161
BH_s00_high,0,1470,49.0,1.5472337839292039,1.0287205362733318
BH_s00_high,0,1471,49.03333333333333,1.4183494848446419,1.037541559342464
BH_s00_high,0,1472,49.06666666666667,1.157634205783086,0.9914678191935176
BH_s00_high,0,1473,49.1,0.8492920521427878,0.8859949503479656
BH_s00_high,0,1474,49.13333333333333,0.568402601376294,0.7404727341804618
BH_s00_high,0,1475,49.166666666666664,0.3648619526458873,0.5983194872308034
BH_s00_high,0,1476,49.2,0.2504394272018942,0.46403162059372083
BH_s00_high,0,1477,49.233333333333334,0.19818142624015142,0.3041083519197079
BH_s00_high,0,1478,49.266666666666666,0.16292813503749604,0.11325366808701677
BH_s00_high,0,1479,49.3,0.10676016365855524,-0.08427670701771282
BH_s00_high,0,1480,49.333333333333336,0.012630440239506185,-0.2739808838767057
BH_s00_high,0,1481,49.36666666666667,-0.11659351805432097,-0.45006133142634286
BH_s00_high,0,1482,49.4,-0.2674024861231836,-0.6108145532484383
BH_s00_high,0,1483,49.43333333333333,-0.4219646229851588,-0.7573736302013179
BH_s00_high,0,1484,49.46666666666667,-0.5631582236800836,-0.8911806509627007
BH_s00_high,0,1485,49.5,-0.6800313417509929,-1.012866684272463
BH_s00_high,0,1486,49.53333333333333,-0.7706980000817691,-1.1152751385006843
BH_s00_high,0,1487,49.56666666666667,-0.8408880233292401,-1.1827910123392713
BH_s00_high,0,1488,49.6,-0.8969255307741587,-1.191812962393851
BH_s00_high,0,1489,49.63333333333333,-0.9426511670736797,-1.1109703459572784
BH_s00_high,0,1490,49.666666666666664,-0.9779521251301468,-0.9211117062720892
BH_s00_high,0,1491,49.7,-0.993473141411045,-0.6164799520627128
BH_s00_high,0,1492,49.733333333333334,-0.9681713003108111,-0.2187351956832945
BH_s00_high,0,1493,49.766666666666666,-0.8691970980700487,0.2214265056213593
BH_s00_high,0,1494,49.8,-0.6537265273103229,0.6413943815986086
BH_s00_high,0,1495,49.833333333333336,-0.28483731551430325,0.965228057545038
BH_s00_high,0,1496,49.86666666666667,0.2269757405577804,1.1705310449391133
BH_s00_high,0,1497,49.9,0.7931800588485142,1.2867183034354988
BH_s00_high,0,1498,49.93333333333333,1.2727365359061096,1.3293725937240448
BH_s00_high,0,1499,49.96666666666667,1.5453953270944092,1.2989238987823843
BH_s00_high,0,1500,50.0,1.5746606838544877,1.195614823162474
BH_s00_high,0,1501,50.03333333333333,1.4038071676375794,1.0196975191570048
BH_s00_high,0,1502,50.06666666666667,1.1139305415854432,0.7917098337597613
BH_s00_high,0,1503,50.1,0.7921058605621603,0.5531561601158647
BH_s00_high,0,1504,50.13333333333333,0.511893744953723,0.3213316134929682
BH_s00_high,0,1505,50.166666666666664,0.3165331605456562,0.09056723189124843
BH_s00_high,0,1506,50.2,0.20715732534990647,-0.13949676837224892
BH_s00_high,0,1507,50.233333333333334,0.14956264504251837,-0.3621993365228979
BH_s00_high,0,1508,50.266666666666666,0.09871111859381249,-0.5703502957456069
BH_s00_high,0,1509,50.3,0.022676796329332782,-0.7547911118198093
BH_s00_high,0,1510,50.333333333333336,-0.08982642797016244,-0.9083090897501683
BH_s00_high,0,1511,50.36666666666667,-0.2338988715197982,-1.024480985998231
BH_s00_high,0,1512,50.4,-0.3936650131043786,-1.1003733453533917
BH_s00_high,0,1513,50.43333333333333,-0.547504459587712,-1.1357687499909557
BH_s00_high,0,1514,50.46666666666667,-0.6768901916139382,-1.125249825031934
BH_s00_high,0,1515,50.5,-0.7738668840562941,-1.0580973695598994
BH_s00_high,0,1516,50.53333333333333,-0.8409036964785006,-0.9216323665907618
BH_s00_high,0,1517,50.56666666666667,-0.8836578536394866,-0.7020794292908683
BH_s00_high,0,1518,50.6,-0.9063959513543953,-0.40097953287556287
BH_s00_high,0,1519,50.63333333333333,-0.9099106300379731,-0.036751887414358295
BH_s00_high,0,1520,50.666666666666664,-0.8863606023058223,0.3590507102709749
BH_s00_high,0,1521,50.7,-0.8169230957392913,0.740001005571301
BH_s00_high,0,1522,50.733333333333334,-0.6701499913398967,1.0565084596928842
BH_s00_high,0,1523,50.766666666666666,-0.4061521589602364,1.2544820603847704
BH_s00_high,0,1524,50.8,-0.007077353329763614,1.3202938131383848
BH_s00_high,0,1525,50.833333333333336,0.4825417461910268,1.2797304026670848
BH_s00_high,0,1526,50.86666666666667,0.9545881417190774,1.1634873099562513
BH_s00_high,0,1527,50.9,1.2862646706611394,1.006573236640387
BH_s00_high,0,1528,50.93333333333333,1.4039582138738331,0.8227891172067806
BH_s00_high,0,1529,50.96666666666667,1.3117449631771616,0.6054751868117464
BH_s00_high,0,1530,51.0,1.07130905700553,0.36409243007614517
BH_s00_high,0,1531,51.03333333333333,0.7695077775930635,0.12554624856439645
BH_s00_high,0,1532,51.06666666666667,0.4926139144130075,-0.09558243392772822
BH_s00_high,0,1533,51.1,0.3001483181202633,-0.29569792857090615
BH_s00_high,0,1534,51.13333333333333,0.20588601154526875,-0.4768762441940638
BH_s00_high,0,1535,51.166666666666664,0.18147848433082409,-0.6453208272471422
BH_s00_high,0,1536,51.2,0.17739896430256974,-0.8015521108035509
BH_s00_high,0,1537,51.233333333333334,0.1471365425975711,-0.9391452356226914
BH_s00_high,0,1538,51.266666666666666,0.06591385550591974,-1.0484254198604028
BH_s00_high,0,1539,51.3,-0.06816531353145824,-1.115739671422467
BH_s00_high,0,1540,51.333333333333336,-0.24164371425447512,-1.134843789055739
BH_s00_high,0,1541,51.36666666666667,-0.43262108162609486,-1.1066034361551127
BH_s00_high,0,1542,51.4,-0.6188116418932527,-1.0228337237155825
BH_s00_high,0,1543,51.43333333333333,-0.7823540647580002,-0.8667660787469216
BH_s00_high,0,1544,51.46666666666667,-0.9133554960781178,-0.6257437787692537
BH_s00_high,0,1545,51.5,-1.0089900808321626,-0.29275419150531945
BH_s00_high,0,1546,51.53333333333333,-1.0701489029177973,0.10863388804047822
BH_s00_high,0,1547,51.56666666666667,-1.0960450577497474,0.5225022365825915
BH_s00_high,0,1548,51.6,-1.0793456830782684,0.8905659728226748
BH_s00_high,0,1549,51.63333333333333,-1.00587768264464,1.1508259202232802
BH_s00_high,0,1550,51.666666666666664,-0.8506590070729689,1.2845146594522676
BH_s00_high,0,1551,51.7,-0.5762698462764099,1.3147222591805596
BH_s00_high,0,1552,51.733333333333334,-0.15459714072808495,1.2592662630510567
BH_s00_high,0,1553,51.766666666666666,0.38766215399012555,1.1299318048947842
BH_s00_high,0,1554,51.8,0.9482613885652447,0.9453576302679201
BH_s00_high,0,1555,51.833333333333336,1.3886555112469983,0.7314199760126405
BH_s00_high,0,1556,51.86666666666667,1.6083526194273956,0.5008703910906768
BH_s00_high,0,1557,51.9,1.590346625869174,0.2545186769592425
BH_s00_high,0,1558,51.93333333333333,1.3855119627713242,0.007031500418814965
BH_s00_high,0,1559,51.96666666666667,1.0775795307914757,-0.21169009078147566
BH_s00_high,0,1560,52.0,0.7547788955605914,-0.39270943175583767
BH_s00_high,0,1561,52.03333333333333,0.4864251275652048,-0.5467010229495011
BH_s00_high,0,1562,52.06666666666667,0.30840948625468584,-0.6777744254716257
BH_s00_high,0,1563,52.1,0.21582296204573975,-0.7822103040109627
BH_s00_high,0,1564,52.13333333333333,0.16958737814587888,-0.8597073051128843
BH_s00_high,0,1565,52.166666666666664,0.12231226631968202,-0.9126103704100564
BH_s00_high,0,1566,52.2,0.04294850283839405,-0.9329778452980245
BH_s00_high,0,1567,52.233333333333334,-0.07761775444541687,-0.9024152895376265
BH_s00_high,0,1568,52.266666666666666,-0.23347892795947434,-0.8160487174051335
BH_s00_high,0,1569,52.3,-0.41007802794120085,-0.6828863400901083
BH_s00_high,0,1570,52.333333333333336,-0.5877945825866215,-0.5160895028007494
BH_s00_high,0,1571,52.36666666666667,-0.748439513458552,-0.33356614636097903
BH_s00_high,0,1572,52.4,-0.8813688569252419,-0.1288201599740902
BH_s00_high,0,1573,52.43333333333333,-0.9831397946225578,0.12752499615829124
BH_s00_high,0,1574,52.46666666666667,-1.0527273221111697,0.4269605591097154
BH_s00_high,0,1575,52.5,-1.0906042153140505,0.7214704556027566
BH_s00_high,0,1576,52.53333333333333,-1.096827170181164,0.9586365159525407
BH_s00_high,0,1577,52.56666666666667,-1.0642854175203997,1.0810153134129925
BH_s00_high,0,1578,52.6,-0.9733711220085262,1.0893021198973258
BH_s00_high,0,1579,52.63333333333333,-0.7896806680720638,1.0414259209933887
BH_s00_high,0,1580,52.666666666666664,-0.47197097277164596,0.95289319635814
BH_s00_high,0,1581,52.7,-0.004635460730382903,0.7966953549534248
BH_s00_high,0,1582,52.733333333333334,0.5608712015347304,0.5869127651370456
BH_s00_high,0,1583,52.766666666666666,1.1037562449323965,0.37945867932602606
BH_s00_high,0,1584,52.8,1.4877955216243035,0.19244155430170076
BH_s00_high,0,1585,52.833333333333336,1.6338572277026508,0.007175234541035441
BH_s00_high,0,1586,52.86666666666667,1.5482126520010144,-0.17457027869589878
BH_s00_high,0,1587,52.9,1.2964659158018073,-0.32923946712723035
BH_s00_high,0,1588,52.93333333333333,0.9684822712605381,-0.4474891113646904
BH_s00_high,0,1589,52.96666666666667,0.6505010375045505,-0.5332981097330579
BH_s00_high,0,1590,53.0,0.40181580897200375,-0.6017064840103903
BH_s00_high,0,1591,53.03333333333333,0.24343477333134994,-0.6777271962613178
BH_s00_high,0,1592,53.06666666666667,0.15685856773052337,-0.7673547263596677
BH_s00_high,0,1593,53.1,0.09776966180898408,-0.8568262552649575
BH_s00_high,0,1594,53.13333333333333,0.023780218217327148,-0.9266233490644031
BH_s00_high,0,1595,53.166666666666664,-0.08732608127057058,-0.9513950175205781
BH_s00_high,0,1596,53.2,-0.23722526627613733,-0.9119647891590408
BH_s00_high,0,1597,53.233333333333334,-0.41316684882649024,-0.7957314558844012
BH_s00_high,0,1598,53.266666666666666,-0.5944871297890176,-0.6138025759847611
BH_s00_high,0,1599,53.3,-0.7597319911104837,-0.40155349478174346
BH_s00_high,0,1600,53.333333333333336,-0.892380819622463,-0.16953059904117046
BH_s00_high,0,1601,53.36666666666667,-0.9827984289276882,0.09527263199428847
BH_s00_high,0,1602,53.4,-1.028014019707856,0.39360461185943507
BH_s00_high,0,1603,53.43333333333333,-1.0286928352249518,0.7119750370667568
BH_s00_high,0,1604,53.46666666666667,-0.9837743549020908,1.0081012678445547
BH_s00_high,0,1605,53.5,-0.8875931656548501,1.209792019653391
BH_s00_high,0,1606,53.53333333333333,-0.7243952846849103,1.2877014491277063
BH_s00_high,0,1607,53.56666666666667,-0.4649511502064303,1.2546942500980924
BH_s00_high,0,1608,53.6,-0.08590727855282863,1.1377886846777638
BH_s00_high,0,1609,53.63333333333333,0.39062424238119564,0.977603644500226
BH_s00_high,0,1610,53.666666666666664,0.8758872641025126,0.7925371463923264
BH_s00_high,0,1611,53.7,1.2465612047829502,0.5793981693121343
BH_s00_high,0,1612,53.733333333333334,1.4132153653731212,0.34760009205828013
BH_s00_high,0,1613,53.766666666666666,1.362861289536152,0.1204520275407005
BH_s00_high,0,1614,53.8,1.147478020278676,-0.08910313452682386
BH_s00_high,0,1615,53.833333333333336,0.8501518753350624,-0.2771856528289398
BH_s00_high,0,1616,53.86666666666667,0.5581510005916641,-0.44565191011128835
BH_s00_high,0,1617,53.9,0.3389661183632856,-0.6006425739384533
BH_s00_high,0,1618,53.93333333333333,0.21689259149135934,-0.7433204048914309
BH_s00_high,0,1619,53.96666666666667,0.17169054441302653,-0.8686842632096803
BH_s00_high,0,1620,54.0,0.1558099317830563,-0.9759819920117982
BH_s00_high,0,1621,54.03333333333333,0.11770324441300281,-1.0678100928079346
BH_s00_high,0,1622,54.06666666666667,0.025516608474094024,-1.1378551631225777
BH_s00_high,0,1623,54.1,-0.1260186397414584,-1.1704183428085362
BH_s00_high,0,1624,54.13333333333333,-0.32231463236264657,-1.1399953204221136
BH_s00_high,0,1625,54.166666666666664,-0.5371111031769025,-1.0118038495576327
BH_s00_high,0,1626,54.2,-0.7436083638219323,-0.7752422740479886
BH_s00_high,0,1627,54.233333333333334,-0.9220452974227747,-0.4451611575541937
BH_s00_high,0,1628,54.266666666666666,-1.0586618126505831,-0.0487565739695858
BH_s00_high,0,1629,54.3,-1.1442613121723528,0.37278768740266555
BH_s00_high,0,1630,54.333333333333336,-1.173391022511467,0.7678378885979812
BH_s00_high,0,1631,54.36666666666667,-1.1414960420047002,1.0727156390218417
BH_s00_high,0,1632,54.4,-1.0402182509551667,1.2632905169002673
BH_s00_high,0,1633,54.43333333333333,-0.8528133511585718,1.3534401255340875
BH_s00_high,0,1634,54.46666666666667,-0.5506965624256663,1.3512712505341573
BH_s00_high,0,1635,54.5,-0.11305025924131187,1.2582111022962899
BH_s00_high,0,1636,54.53333333333333,0.42955948822330847,1.093710469741392
BH_s00_high,0,1637,54.56666666666667,0.9746355356453384,0.8953480341522303
BH_s00_high,0,1638,54.6,1.386747187927684,0.686137951462957
BH_s00_high,0,1639,54.63333333333333,1.5749629792050464,0.4753134631625989
BH_s00_high,0,1640,54.666666666666664,1.5322356930278336,0.2617859614673225
BH_s00_high,0,1641,54.7,1.314090942528546,0.035734579350089835
BH_s00_high,0,1642,54.733333333333334,1.0042095497293118,-0.19275058241492232
BH_s00_high,0,1643,54.766666666666666,0.6887759918426675,-0.3922786020442205
BH_s00_high,0,1644,54.8,0.4351270015624594,-0.5533175006330688
BH_s00_high,0,1645,54.833333333333336,0.27490473202790855,-0.6869763351929257
BH_s00_high,0,1646,54.86666666666667,0.1963669197640964,-0.800742947883449
BH_s00_high,0,1647,54.9,0.15743857233338002,-0.8972567484079171
BH_s00_high,0,1648,54.93333333333333,0.11277309117853491,-0.9751822613823318
BH_s00_high,0,1649,54.96666666666667,0.033843413161379246,-1.0285202547274839
BH_s00_high,0,1650,55.0,-0.08589930919125502,-1.0494640973765643
BH_s00_high,0,1651,55.03333333333333,-0.2374610438669671,-1.0282300207291073
BH_s00_high,0,1652,55.06666666666667,-0.40385718897665795,-0.9492436143008854
BH_s00_high,0,1653,55.1,-0.5654142894796673,-0.7917521731005357
BH_s00_high,0,1654,55.13333333333333,-0.7074204312749968,-0.551414640222609
BH_s00_high,0,1655,55.166666666666664,-0.8226962240864106,-0.2415864109000606
BH_s00_high,0,1656,55.2,-0.9092375978322138,0.11760253455777483
BH_s00_high,0,1657,55.233333333333334,-0.9715996918367502,0.49756479048946556
BH_s00_high,0,1658,55.266666666666666,-1.0148415568067133,0.8519070442821278
BH_s00_high,0,1659,55.3,-1.037330016103378,1.1150003184534711
BH_s00_high,0,1660,55.333333333333336,-1.0307094708956692,1.2530938016992934
BH_s00_high,0,1661,55.36666666666667,-0.975155516688027,1.263367568869814
BH_s00_high,0,1662,55.4,-0.8376571116326774,1.16941515753234
BH_s00_high,0,1663,55.43333333333333,-0.5772845994975262,1.0204728668654703
BH_s00_high,0,1664,55.46666666666667,-0.16379481663453013,0.8496140582451149
BH_s00_high,0,1665,55.5,0.3771711008452761,0.6738667231450669
BH_s00_high,0,1666,55.53333333333333,0.9394939099443651,0.4882520128585556
BH_s00_high,0,1667,55.56666666666667,1.381257847707221,0.26720908837628493
BH_s00_high,0,1668,55.6,1.6014139682917314,0.015738640715102517
BH_s00_high,0,1669,55.63333333333333,1.5839400511380437,-0.2291222357144119
BH_s00_high,0,1670,55.666666666666664,1.383359798742871,-0.4461012082285649
BH_s00_high,0,1671,55.7,1.083135526177943,-0.6285098680345172
BH_s00_high,0,1672,55.733333333333334,0.7666947577547181,-0.7733392560818342
BH_s00_high,0,1673,55.766666666666666,0.49820087243813815,-0.8800059246574127
BH_s00_high,0,1674,55.8,0.3104621874126325,-0.9493638638266848
BH_s00_high,0,1675,55.833333333333336,0.20047328642776033,-0.9828957766378738
BH_s00_high,0,1676,55.86666666666667,0.13493282945354612,-0.9851419091024594
BH_s00_high,0,1677,55.9,0.07345656161610686,-0.9633281168262128
BH_s00_high,0,1678,55.93333333333333,-0.010797313976441195,-0.9068294055986942
BH_s00_high,0,1679,55.96666666666667,-0.12578786725026023,-0.7876512449451608
BH_s00_high,0,1680,56.0,-0.26463839266316785,-0.586297748508539
BH_s00_high,0,1681,56.03333333333333,-0.41183447940816786,-0.29322210935674414
BH_s00_high,0,1682,56.06666666666667,-0.5496466350128419,0.0769072026123101
BH_s00_high,0,1683,56.1,-0.6671581968693573,0.48348612467236785
BH_s00_high,0,1684,56.13333333333333,-0.7616328258417774,0.8626432761708747
BH_s00_high,0,1685,56.166666666666664,-0.8330644073114362,1.1261257260649529
BH_s00_high,0,1686,56.2,-0.8841666399665735,1.2473047028701227
BH_s00_high,0,1687,56.233333333333334,-0.9197284186934813,1.2600255060636822
BH_s00_high,0,1688,56.266666666666666,-0.9383793321097833,1.194667694961137
BH_s00_high,0,1689,56.3,-0.9298923093007564,1.0771684833559725
BH_s00_high,0,1690,56.333333333333336,-0.8763882478590681,0.9181300712336188
BH_s00_high,0,1691,56.36666666666667,-0.7505626027187761,0.7133678666556843
BH_s00_high,0,1692,56.4,-0.516203546201386,0.4756948771770444
BH_s00_high,0,1693,56.43333333333333,-0.14560734516024237,0.23605143934145822
BH_s00_high,0,1694,56.46666666666667,0.3397022043281717,0.012768245062208361
BH_s00_high,0,1695,56.5,0.8457359438017892,-0.18719970625720397
BH_s00_high,0,1696,56.53333333333333,1.2421455355164615,-0.36533504653733473
BH_s00_high,0,1697,56.56666666666667,1.4352073937469767,-0.5300340433402505
BH_s00_high,0,1698,56.6,1.4091650128820814,-0.6835991042292702
BH_s00_high,0,1699,56.63333333333333,1.2126419750236619,-0.8209509871615469
BH_s00_high,0,1700,56.666666666666664,0.9255450872109932,-0.9411948284395484
BH_s00_high,0,1701,56.7,0.6313182073227436,-1.0466370437698391
BH_s00_high,0,1702,56.733333333333334,0.39385655918819135,-1.1271237924235598
BH_s00_high,0,1703,56.766666666666666,0.2415976958371863,-1.1595763462797748
BH_s00_high,0,1704,56.8,0.16395895500540575,-1.1251262814706378
BH_s00_high,0,1705,56.833333333333336,0.11995006630795337,-1.009449950107165
BH_s00_high,0,1706,56.86666666666667,0.06367301559354309,-0.8056106215907551
BH_s00_high,0,1707,56.9,-0.030174362422582215,-0.5151324866644832
BH_s00_high,0,1708,56.93333333333333,-0.1643006741066687,-0.15169645413826024
BH_s00_high,0,1709,56.96666666666667,-0.3270808018216699,0.2571133836195839
BH_s00_high,0,1710,57.0,-0.49784150608092353,0.6589445767557793
BH_s00_high,0,1711,57.03333333333333,-0.6557715200158478,0.9751932853646603
BH_s00_high,0,1712,57.06666666666667,-0.7868221879313017,1.1811007581232489
BH_s00_high,0,1713,57.1,-0.8832410272036819,1.304147922082869
BH_s00_high,0,1714,57.13333333333333,-0.9414215315072791,1.347631561454153
BH_s00_high,0,1715,57.166666666666664,-0.9602492686904173,1.289654619643452
BH_s00_high,0,1716,57.2,-0.9378274626790416,1.138614218900189
BH_s00_high,0,1717,57.233333333333334,-0.8664846060339837,0.9333679516140696
BH_s00_high,0,1718,57.266666666666666,-0.7297360597441686,0.7078118069906881
BH_s00_high,0,1719,57.3,-0.5029041243377319,0.49139386538446805
BH_s00_high,0,1720,57.333333333333336,-0.1637070792659194,0.293428235888144
BH_s00_high,0,1721,57.36666666666667,0.27483915930975256,0.10441925819712694
BH_s00_high,0,1722,57.4,0.7372823134645156,-0.07990351845093357
BH_s00_high,0,1723,57.43333333333333,1.1088368969632931,-0.2570525424585247
BH_s00_high,0,1724,57.46666666666667,1.2984606344518206,-0.42640365542280234
BH_s00_high,0,1725,57.5,1.286059672959311,-0.5878867158170834
BH_s00_high,0,1726,57.53333333333333,1.1136820496594393,-0.7368327354087554
BH_s00_high,0,1727,57.56666666666667,0.8538866683331751,-0.862902055884143
BH_s00_high,0,1728,57.6,0.5879095910202763,-0.9604729078811944
BH_s00_high,0,1729,57.63333333333333,0.3793566171461314,-1.0278692115916157
BH_s00_high,0,1730,57.666666666666664,0.2532095590930785,-1.0590612802290298
BH_s00_high,0,1731,57.7,0.19774406772487896,-1.043350552590665
BH_s00_high,0,1732,57.733333333333334,0.1764342501526523,-0.9747083746689221
BH_s00_high,0,1733,57.766666666666666,0.14653274812180056,-0.8520828713472242
BH_s00_high,0,1734,57.8,0.08008931324848423,-0.673787885393594
BH_s00_high,0,1735,57.833333333333336,-0.03118393344935,-0.4384745374286936
BH_s00_high,0,1736,57.86666666666667,-0.18055551606487696,-0.14949535024870958
BH_s00_high,0,1737,57.9,-0.3501532351299065,0.1834456098633684
BH_s00_high,0,1738,57.93333333333333,-0.5193204545984267,0.5283478704599306
BH_s00_high,0,1739,57.96666666666667,-0.6720635464484562,0.8293842746047024
BH_s00_high,0,1740,58.0,-0.7982130557924726,1.04265127838862
BH_s00_high,0,1741,58.03333333333333,-0.8925885401636099,1.1352154673222565
BH_s00_high,0,1742,58.06666666666667,-0.9542205524204357,1.1139007304525108
BH_s00_high,0,1743,58.1,-0.9832006214190088,1.02438217318495
BH_s00_high,0,1744,58.13333333333333,-0.9747319235816775,0.8928483711215558
BH_s00_high,0,1745,58.166666666666664,-0.9162751638799799,0.7258634789205647
BH_s00_high,0,1746,58.2,-0.7864668600736819,0.5368067984272112
BH_s00_high,0,1747,58.233333333333334,-0.5521474162879785,0.34668239733274203
BH_s00_high,0,1748,58.266666666666666,-0.1806567371412053,0.168744812714646
BH_s00_high,0,1749,58.3,0.3164056331061282,0.009499228106926653
BH_s00_high,0,1750,58.333333333333336,0.8557357566630853,-0.130649003831788
BH_s00_high,0,1751,58.36666666666667,1.312069312847583,-0.25622968179690364
BH_s00_high,0,1752,58.4,1.581279814789912,-0.3566977407525753
BH_s00_high,0,1753,58.43333333333333,1.6309703634272665,-0.40579354713909366
BH_s00_high,0,1754,58.46666666666667,1.4993916428718341,-0.3993052791315012
BH_s00_high,0,1755,58.5,1.2597682524809215,-0.3547939014382711
BH_s00_high,0,1756,58.53333333333333,0.9894935666170401,-0.29074232912132814
BH_s00_high,0,1757,58.56666666666667,0.7526759746330749,-0.22630300209323712
BH_s00_high,0,1758,58.6,0.5845677268566359,-0.16851660302528232
BH_s00_high,0,1759,58.63333333333333,0.48024137910899156,-0.1125429022474482
