recording_id,measurement_id,sample_index,time_seconds,gt_signal,predicted_signal
COHFACE_s08_session3_natural,0,0,0.0,-12.611774444580078,-0.1333006372801838
COHFACE_s08_session3_natural,0,1,0.03333333333333333,-6.114030361175537,0.2722339035504568
COHFACE_s08_session3_natural,0,2,0.06666666666666667,9.145966529846191,0.6105587891421154
COHFACE_s08_session3_natural,0,3,0.1,9.680841445922852,0.8268938297810655
COHFACE_s08_session3_natural,0,4,0.13333333333333333,5.516064643859863,0.8923853166055282
COHFACE_s08_session3_natural,0,5,0.16666666666666666,4.290143966674805,0.8070789735993084
COHFACE_s08_session3_natural,0,6,0.2,2.6804330348968506,0.5952425786664259
COHFACE_s08_session3_natural,0,7,0.23333333333333334,0.5889998078346252,0.2961259142170994
COHFACE_s08_session3_natural,0,8,0.26666666666666666,-0.5299322009086609,-0.04632330901839318
COHFACE_s08_session3_natural,0,9,0.3,-0.5767197608947754,-0.39225035299186584
COHFACE_s08_session3_natural,0,10,0.3333333333333333,-0.31048011779785156,-0.7110423574512327
COHFACE_s08_session3_natural,0,11,0.36666666666666664,-0.21129323542118073,-0.9812883344451069
COHFACE_s08_session3_natural,0,12,0.4,-0.303317129611969,-1.1860707687422023
COHFACE_s08_session3_natural,0,13,0.43333333333333335,-0.39709752798080444,-1.3067033343100447
COHFACE_s08_session3_natural,0,14,0.4666666666666667,-0.4436797797679901,-1.3194188871644659
COHFACE_s08_session3_natural,0,15,0.5,-0.4756394922733307,-1.1989399742630305
COHFACE_s08_session3_natural,0,16,0.5333333333333333,-0.542341947555542,-0.9301406278490423
COHFACE_s08_session3_natural,0,17,0.5666666666666667,-0.7574825882911682,-0.5240248218524552
COHFACE_s08_session3_natural,0,18,0.6,-1.2288483381271362,-0.028915277649544983
COHFACE_s08_session3_natural,0,19,0.6333333333333333,-2.0571088790893555,0.47289735379821646
COHFACE_s08_session3_natural,0,20,0.6666666666666666,-3.020439863204956,0.8859967789568804
COHFACE_s08_session3_natural,0,21,0.7,-3.608306884765625,1.1331371093205898
COHFACE_s08_session3_natural,0,22,0.7333333333333333,-3.7500839233398438,1.1834014152643286
COHFACE_s08_session3_natural,0,23,0.7666666666666667,-3.2510926723480225,1.06397085916128
COHFACE_s08_session3_natural,0,24,0.8,-2.102710247039795,0.8492704716007263
COHFACE_s08_session3_natural,0,25,0.8333333333333334,-0.931424617767334,0.6317391254560417
COHFACE_s08_session3_natural,0,26,0.8666666666666667,-0.3013781011104584,0.4872787679258891
COHFACE_s08_session3_natural,0,27,0.9,-0.20428992807865143,0.45022373219088896
COHFACE_s08_session3_natural,0,28,0.9333333333333333,-0.3405463993549347,0.506138683617163
COHFACE_s08_session3_natural,0,29,0.9666666666666667,-0.5362967848777771,0.6015589556048172
COHFACE_s08_session3_natural,0,30,1.0,-0.8260328769683838,0.664285752915465
COHFACE_s08_session3_natural,0,31,1.0333333333333334,-1.0599478483200073,0.6267906999105494
COHFACE_s08_session3_natural,0,32,1.0666666666666667,-1.1214035749435425,0.4463423772269122
COHFACE_s08_session3_natural,0,33,1.1,-1.1255097389221191,0.1169114899301881
COHFACE_s08_session3_natural,0,34,1.1333333333333333,-1.1465651988983154,-0.33036120426775784
COHFACE_s08_session3_natural,0,35,1.1666666666666667,-1.189771294593811,-0.8377181147911249
COHFACE_s08_session3_natural,0,36,1.2,-1.2809967994689941,-1.3365055020901926
COHFACE_s08_session3_natural,0,37,1.2333333333333334,-1.5005401372909546,-1.7595289796560005
COHFACE_s08_session3_natural,0,38,1.2666666666666666,-1.7586586475372314,-2.0451839240213414
COHFACE_s08_session3_natural,0,39,1.3,-1.967822551727295,-2.1359147779285337
COHFACE_s08_session3_natural,0,40,1.3333333333333333,-2.1621358394622803,-1.9791696816996411
COHFACE_s08_session3_natural,0,41,1.3666666666666667,-2.3225045204162598,-1.5387683354257595
COHFACE_s08_session3_natural,0,42,1.4,-2.419569969177246,-0.8176617592528703
COHFACE_s08_session3_natural,0,43,1.4333333333333333,-2.466517210006714,0.1174964559122457
COHFACE_s08_session3_natural,0,44,1.4666666666666666,-2.459012031555176,1.1273493936112011
COHFACE_s08_session3_natural,0,45,1.5,-2.319653034210205,2.0211219034063395
COHFACE_s08_session3_natural,0,46,1.5333333333333334,-1.9858896732330322,2.6078023644658765
COHFACE_s08_session3_natural,0,47,1.5666666666666667,-1.3051091432571411,2.7582484069201545
COHFACE_s08_session3_natural,0,48,1.6,-0.2784063220024109,2.449800064924731
COHFACE_s08_session3_natural,0,49,1.6333333333333333,0.651276707649231,1.772098789460777
COHFACE_s08_session3_natural,0,50,1.6666666666666667,1.0820826292037964,0.8934519232584369
COHFACE_s08_session3_natural,0,51,1.7,1.1001042127609253,0.006211629292590989
COHFACE_s08_session3_natural,0,52,1.7333333333333334,1.0197601318359375,-0.7256178696511332
COHFACE_s08_session3_natural,0,53,1.7666666666666666,0.9128627181053162,-1.2005034301298212
COHFACE_s08_session3_natural,0,54,1.8,0.6886656880378723,-1.3893705008343513
COHFACE_s08_session3_natural,0,55,1.8333333333333333,0.4008001983165741,-1.324374668731367
COHFACE_s08_session3_natural,0,56,1.8666666666666667,0.16385124623775482,-1.075384540438389
COHFACE_s08_session3_natural,0,57,1.9,0.06815461814403534,-0.7249460524033073
COHFACE_s08_session3_natural,0,58,1.9333333333333333,0.04837655648589134,-0.3498397773800086
COHFACE_s08_session3_natural,0,59,1.9666666666666666,0.0014749412657693028,-0.011856784765293
COHFACE_s08_session3_natural,0,60,2.0,-0.09718725830316544,0.24491828164109858
COHFACE_s08_session3_natural,0,61,2.033333333333333,-0.224455788731575,0.3950030638066294
COHFACE_s08_session3_natural,0,62,2.066666666666667,-0.3551461398601532,0.43292662173234214
COHFACE_s08_session3_natural,0,63,2.1,-0.4616100788116455,0.37373791100828974
COHFACE_s08_session3_natural,0,64,2.1333333333333333,-0.5470640659332275,0.24970254017359697
COHFACE_s08_session3_natural,0,65,2.1666666666666665,-0.6199257969856262,0.10198975976457747
COHFACE_s08_session3_natural,0,66,2.2,-0.6982624530792236,-0.030488656609238246
COHFACE_s08_session3_natural,0,67,2.2333333333333334,-0.8101328611373901,-0.12084551135095038
COHFACE_s08_session3_natural,0,68,2.2666666666666666,-0.9288924932479858,-0.15930383403616508
COHFACE_s08_session3_natural,0,69,2.3,-1.0332577228546143,-0.15283321496184024
COHFACE_s08_session3_natural,0,70,2.3333333333333335,-1.1720919609069824,-0.12038315105586798
COHFACE_s08_session3_natural,0,71,2.3666666666666667,-1.3357001543045044,-0.0854704983181525
COHFACE_s08_session3_natural,0,72,2.4,-1.2402087450027466,-0.06810627147005381
COHFACE_s08_session3_natural,0,73,2.433333333333333,-0.7478103041648865,-0.0781569715262417
COHFACE_s08_session3_natural,0,74,2.466666666666667,-0.31408441066741943,-0.1121189178757131
COHFACE_s08_session3_natural,0,75,2.5,-0.29873189330101013,-0.15441624213871136
COHFACE_s08_session3_natural,0,76,2.533333333333333,-0.3570851683616638,-0.1826621199430938
COHFACE_s08_session3_natural,0,77,2.566666666666667,-0.3061686158180237,-0.1749941503691586
COHFACE_s08_session3_natural,0,78,2.6,-0.18451185524463654,-0.11751591232375594
COHFACE_s08_session3_natural,0,79,2.6333333333333333,-0.1312456727027893,-0.010368866160280326
COHFACE_s08_session3_natural,0,80,2.6666666666666665,-0.25253745913505554,0.12900821262343426
COHFACE_s08_session3_natural,0,81,2.7,-0.3987171947956085,0.2673306367789284
COHFACE_s08_session3_natural,0,82,2.7333333333333334,-0.47091737389564514,0.3633921234039287
COHFACE_s08_session3_natural,0,83,2.7666666666666666,-0.5502121448516846,0.38174198134511156
COHFACE_s08_session3_natural,0,84,2.8,-0.724541962146759,0.306941496242405
COHFACE_s08_session3_natural,0,85,2.8333333333333335,-1.0452568531036377,0.15122535951591376
COHFACE_s08_session3_natural,0,86,2.8666666666666667,-1.663258671760559,-0.048140774126955964
COHFACE_s08_session3_natural,0,87,2.9,-2.4045825004577637,-0.23997614446206939
COHFACE_s08_session3_natural,0,88,2.933333333333333,-2.8789138793945312,-0.3740983717449932
COHFACE_s08_session3_natural,0,89,2.966666666666667,-3.0965864658355713,-0.41582581846888217
COHFACE_s08_session3_natural,0,90,3.0,-3.1573123931884766,-0.3573753369834916
COHFACE_s08_session3_natural,0,91,3.033333333333333,-3.11923885345459,-0.22331021922919686
COHFACE_s08_session3_natural,0,92,3.066666666666667,-3.046924591064453,-0.06564436750607279
COHFACE_s08_session3_natural,0,93,3.1,-2.979994058609009,0.053471961270439176
COHFACE_s08_session3_natural,0,94,3.1333333333333333,-2.9197018146514893,0.0854468324175912
COHFACE_s08_session3_natural,0,95,3.1666666666666665,-2.8734161853790283,0.013775487710195291
COHFACE_s08_session3_natural,0,96,3.2,-2.839015483856201,-0.14005174714475055
COHFACE_s08_session3_natural,0,97,3.2333333333333334,-2.7006375789642334,-0.3227155905179258
COHFACE_s08_session3_natural,0,98,3.2666666666666666,-2.136152744293213,-0.4631695032646282
COHFACE_s08_session3_natural,0,99,3.3,-1.1815589666366577,-0.4913045255785033
COHFACE_s08_session3_natural,0,100,3.3333333333333335,-0.3347749710083008,-0.3587048309174904
COHFACE_s08_session3_natural,0,101,3.3666666666666667,0.08722551167011261,-0.05760722330038295
COHFACE_s08_session3_natural,0,102,3.4,0.1929822564125061,0.3687520756687213
COHFACE_s08_session3_natural,0,103,3.433333333333333,0.17883877456188202,0.8316459487198605
COHFACE_s08_session3_natural,0,104,3.466666666666667,0.12607446312904358,1.2203053932709351
COHFACE_s08_session3_natural,0,105,3.5,-0.0003500242601148784,1.4364677828517647
COHFACE_s08_session3_natural,0,106,3.533333333333333,-0.13551153242588043,1.4258122232674943
COHFACE_s08_session3_natural,0,107,3.566666666666667,-0.14730536937713623,1.1922402520376938
COHFACE_s08_session3_natural,0,108,3.6,-0.04962409287691116,0.7901529567864927
COHFACE_s08_session3_natural,0,109,3.6333333333333333,0.007474515587091446,0.3014428179842645
COHFACE_s08_session3_natural,0,110,3.6666666666666665,-0.040727388113737106,-0.19019934289648663
COHFACE_s08_session3_natural,0,111,3.7,-0.12141367793083191,-0.617139732535238
COHFACE_s08_session3_natural,0,112,3.7333333333333334,-0.22082866728305817,-0.9344410547817675
COHFACE_s08_session3_natural,0,113,3.7666666666666666,-0.35838544368743896,-1.118534967100828
COHFACE_s08_session3_natural,0,114,3.8,-0.482619971036911,-1.163208156954829
COHFACE_s08_session3_natural,0,115,3.8333333333333335,-0.5554817318916321,-1.0764783869250245
COHFACE_s08_session3_natural,0,116,3.8666666666666667,-0.6109606623649597,-0.879347489327262
COHFACE_s08_session3_natural,0,117,3.9,-0.6374226808547974,-0.6051910400896421
COHFACE_s08_session3_natural,0,118,3.933333333333333,-0.5998968482017517,-0.297213212047861
COHFACE_s08_session3_natural,0,119,3.966666666666667,-0.5830159187316895,-0.002016282905932197
COHFACE_s08_session3_natural,0,120,4.0,-0.6084057092666626,0.23993888856230805
COHFACE_s08_session3_natural,0,121,4.033333333333333,-0.6275906562805176,0.40327887268971907
COHFACE_s08_session3_natural,0,122,4.066666666666666,-0.5559836030006409,0.4815970978460854
COHFACE_s08_session3_natural,0,123,4.1,-0.13373219966888428,0.48414791005857455
COHFACE_s08_session3_natural,0,124,4.133333333333334,0.6365629434585571,0.4275456003262857
COHFACE_s08_session3_natural,0,125,4.166666666666667,1.3208109140396118,0.3276510118090732
COHFACE_s08_session3_natural,0,126,4.2,1.5819635391235352,0.1960978899502695
COHFACE_s08_session3_natural,0,127,4.233333333333333,1.5553646087646484,0.04257190423407584
COHFACE_s08_session3_natural,0,128,4.266666666666667,1.4509994983673096,-0.1195085426432718
COHFACE_s08_session3_natural,0,129,4.3,1.2673622369766235,-0.2685805954405793
COHFACE_s08_session3_natural,0,130,4.333333333333333,1.021858811378479,-0.37673246155551565
COHFACE_s08_session3_natural,0,131,4.366666666666666,0.8448599576950073,-0.41939012347893995
COHFACE_s08_session3_natural,0,132,4.4,0.8126721382141113,-0.38848208112487004
COHFACE_s08_session3_natural,0,133,4.433333333333334,0.8310814499855042,-0.3005076094899885
COHFACE_s08_session3_natural,0,134,4.466666666666667,0.8198122978210449,-0.19276511893144035
COHFACE_s08_session3_natural,0,135,4.5,0.754843533039093,-0.10749573072556537
COHFACE_s08_session3_natural,0,136,4.533333333333333,0.6273240447044373,-0.07075593805211594
COHFACE_s08_session3_natural,0,137,4.566666666666666,0.47573786973953247,-0.0771262198440741
COHFACE_s08_session3_natural,0,138,4.6,0.31486713886260986,-0.09042116622323403
COHFACE_s08_session3_natural,0,139,4.633333333333334,0.18321870267391205,-0.06271911233908678
COHFACE_s08_session3_natural,0,140,4.666666666666667,0.10777918249368668,0.037885249989224726
COHFACE_s08_session3_natural,0,141,4.7,0.052277419716119766,0.2069517147950459
COHFACE_s08_session3_natural,0,142,4.733333333333333,0.01347409002482891,0.4019000150891206
COHFACE_s08_session3_natural,0,143,4.766666666666667,0.0053073689341545105,0.5589297371646348
COHFACE_s08_session3_natural,0,144,4.8,0.0010871361009776592,0.6206234864515953
COHFACE_s08_session3_natural,0,145,4.833333333333333,-0.003885895013809204,0.5623791552476561
COHFACE_s08_session3_natural,0,146,4.866666666666666,0.19467034935951233,0.4055018458325147
COHFACE_s08_session3_natural,0,147,4.9,0.7902934551239014,0.20981037974060962
COHFACE_s08_session3_natural,0,148,4.933333333333334,1.555159330368042,0.04880682661191975
COHFACE_s08_session3_natural,0,149,4.966666666666667,2.045869827270508,-0.020613880531589784
COHFACE_s08_session3_natural,0,150,5.0,2.125962972640991,0.01964103092910068
COHFACE_s08_session3_natural,0,151,5.033333333333333,1.9909839630126953,0.1433808610326567
COHFACE_s08_session3_natural,0,152,5.066666666666666,1.8026703596115112,0.29255110547827873
COHFACE_s08_session3_natural,0,153,5.1,1.574914574623108,0.40133445648312427
COHFACE_s08_session3_natural,0,154,5.133333333333334,1.3291373252868652,0.420607634325261
COHFACE_s08_session3_natural,0,155,5.166666666666667,1.1194944381713867,0.33205236319458126
COHFACE_s08_session3_natural,0,156,5.2,0.923880934715271,0.14811603167988296
COHFACE_s08_session3_natural,0,157,5.233333333333333,0.7023529410362244,-0.09830404580265129
COHFACE_s08_session3_natural,0,158,5.266666666666667,0.45872005820274353,-0.36752560054979666
COHFACE_s08_session3_natural,0,159,5.3,0.20536921918392181,-0.6240846242190378
COHFACE_s08_session3_natural,0,160,5.333333333333333,-0.05578335374593735,-0.841241310069224
COHFACE_s08_session3_natural,0,161,5.366666666666666,-0.27147147059440613,-0.9984802030383999
COHFACE_s08_session3_natural,0,162,5.4,-0.44484320282936096,-1.0757957358868242
COHFACE_s08_session3_natural,0,163,5.433333333333334,-0.5949693918228149,-1.050803595817611
COHFACE_s08_session3_natural,0,164,5.466666666666667,-0.7280322313308716,-0.9026650284406812
COHFACE_s08_session3_natural,0,165,5.5,-0.8352717757225037,-0.6224071156979132
COHFACE_s08_session3_natural,0,166,5.533333333333333,-0.916642427444458,-0.22553360859565363
COHFACE_s08_session3_natural,0,167,5.566666666666666,-0.9867666959762573,0.2393930762945954
COHFACE_s08_session3_natural,0,168,5.6,-1.0747300386428833,0.6929193220479293
COHFACE_s08_session3_natural,0,169,5.633333333333334,-1.1293649673461914,1.0410704164891496
COHFACE_s08_session3_natural,0,170,5.666666666666667,-0.8738241791725159,1.2023070754699539
COHFACE_s08_session3_natural,0,171,5.7,-0.12770980596542358,1.1349045463588368
COHFACE_s08_session3_natural,0,172,5.733333333333333,0.7649720907211304,0.8532433042044617
COHFACE_s08_session3_natural,0,173,5.766666666666667,1.294873595237732,0.42602281742112647
COHFACE_s08_session3_natural,0,174,5.8,1.442490577697754,-0.0428308386881991
COHFACE_s08_session3_natural,0,175,5.833333333333333,1.4230090379714966,-0.4429337054934097
COHFACE_s08_session3_natural,0,176,5.866666666666666,1.3594774007797241,-0.6856347592342494
COHFACE_s08_session3_natural,0,177,5.9,1.2171984910964966,-0.7235377546638523
COHFACE_s08_session3_natural,0,178,5.933333333333334,0.9894200563430786,-0.5582353534353087
COHFACE_s08_session3_natural,0,179,5.966666666666667,0.7696029543876648,-0.23745531915359547
COHFACE_s08_session3_natural,0,180,6.0,0.6224194765090942,0.1558385369060794
COHFACE_s08_session3_natural,0,181,6.033333333333333,0.5243275761604309,0.520592169395915
COHFACE_s08_session3_natural,0,182,6.066666666666666,0.40853351354599,0.759658074788722
COHFACE_s08_session3_natural,0,183,6.1,0.24793653190135956,0.8035999481776979
COHFACE_s08_session3_natural,0,184,6.133333333333334,0.046026911586523056,0.6301677348028284
COHFACE_s08_session3_natural,0,185,6.166666666666667,-0.15695488452911377,0.27224412579237706
COHFACE_s08_session3_natural,0,186,6.2,-0.3569026589393616,-0.18954599115694495
COHFACE_s08_session3_natural,0,187,6.233333333333333,-0.533057451248169,-0.6477896662349121
COHFACE_s08_session3_natural,0,188,6.266666666666667,-0.6926050782203674,-0.9967039503058935
COHFACE_s08_session3_natural,0,189,6.3,-0.8052282333374023,-1.1596043506790368
COHFACE_s08_session3_natural,0,190,6.333333333333333,-0.8708586096763611,-1.1067109724595043
COHFACE_s08_session3_natural,0,191,6.366666666666666,-0.9312421083450317,-0.857640644860282
COHFACE_s08_session3_natural,0,192,6.4,-0.9895269870758057,-0.46935163582818135
COHFACE_s08_session3_natural,0,193,6.433333333333334,-1.0524654388427734,-0.01636411864430967
COHFACE_s08_session3_natural,0,194,6.466666666666667,-1.016353964805603,0.42808392440348864
COHFACE_s08_session3_natural,0,195,6.5,-0.5635800361633301,0.803977143237773
COHFACE_s08_session3_natural,0,196,6.533333333333333,0.31965768337249756,1.0685825077192124
COHFACE_s08_session3_natural,0,197,6.566666666666666,1.109936237335205,1.1960276912454033
COHFACE_s08_session3_natural,0,198,6.6,1.4654850959777832,1.1771639279494177
COHFACE_s08_session3_natural,0,199,6.633333333333334,1.5389628410339355,1.0219425952149384
COHFACE_s08_session3_natural,0,200,6.666666666666667,1.5322788953781128,0.7617735568290736
COHFACE_s08_session3_natural,0,201,6.7,1.4476232528686523,0.4467224950864677
COHFACE_s08_session3_natural,0,202,6.733333333333333,1.178600549697876,0.1348136824639142
COHFACE_s08_session3_natural,0,203,6.766666666666667,0.8484642505645752,-0.12413910564325441
COHFACE_s08_session3_natural,0,204,6.8,0.6171498894691467,-0.30389617698941923
COHFACE_s08_session3_natural,0,205,6.833333333333333,0.4622787535190582,-0.4093286038149282
COHFACE_s08_session3_natural,0,206,6.866666666666666,0.36366215348243713,-0.4716232590727072
COHFACE_s08_session3_natural,0,207,6.9,0.36078783869743347,-0.532028511136378
COHFACE_s08_session3_natural,0,208,6.933333333333334,0.46398964524269104,-0.6212247586487419
COHFACE_s08_session3_natural,0,209,6.966666666666667,0.5234379172325134,-0.7442710319329865
COHFACE_s08_session3_natural,0,210,7.0,0.32985466718673706,-0.8780098510403256
COHFACE_s08_session3_natural,0,211,7.033333333333333,0.06194973737001419,-0.9810837958391678
COHFACE_s08_session3_natural,0,212,7.066666666666666,-0.2044496089220047,-1.010745520318082
COHFACE_s08_session3_natural,0,213,7.1,-0.5014399290084839,-0.938533198236943
COHFACE_s08_session3_natural,0,214,7.133333333333334,-0.7791312336921692,-0.759142053060996
COHFACE_s08_session3_natural,0,215,7.166666666666667,-1.0012295246124268,-0.49102345645590056
COHFACE_s08_session3_natural,0,216,7.2,-1.1965465545654297,-0.1703972043704326
COHFACE_s08_session3_natural,0,217,7.233333333333333,-1.3201651573181152,0.1586408987959725
COHFACE_s08_session3_natural,0,218,7.266666666666667,-1.3683669567108154,0.4555341137187063
COHFACE_s08_session3_natural,0,219,7.3,-1.3781077861785889,0.6933067393645951
COHFACE_s08_session3_natural,0,220,7.333333333333333,-1.1847527027130127,0.862770171586475
COHFACE_s08_session3_natural,0,221,7.366666666666666,-0.5490258932113647,0.967641662339292
COHFACE_s08_session3_natural,0,222,7.4,0.3067232370376587,1.0132685842677487
COHFACE_s08_session3_natural,0,223,7.433333333333334,0.8681738972663879,0.9971431842595965
COHFACE_s08_session3_natural,0,224,7.466666666666667,0.9966286420822144,0.90862278149031
COHFACE_s08_session3_natural,0,225,7.5,0.9396212697029114,0.7387059655576661
COHFACE_s08_session3_natural,0,226,7.533333333333333,0.8338645100593567,0.49322206566370064
COHFACE_s08_session3_natural,0,227,7.566666666666666,0.6494289636611938,0.200050742566262
COHFACE_s08_session3_natural,0,228,7.6,0.42970311641693115,-0.09472920219377821
COHFACE_s08_session3_natural,0,229,7.633333333333334,0.2846411466598511,-0.3396392741925374
COHFACE_s08_session3_natural,0,230,7.666666666666667,0.22856909036636353,-0.492969011243094
COHFACE_s08_session3_natural,0,231,7.7,0.20475329458713531,-0.5341115620240342
COHFACE_s08_session3_natural,0,232,7.733333333333333,0.14838466048240662,-0.4684836341048049
COHFACE_s08_session3_natural,0,233,7.766666666666667,0.05426206812262535,-0.326411763633766
COHFACE_s08_session3_natural,0,234,7.8,-0.06091606989502907,-0.1564287534124052
COHFACE_s08_session3_natural,0,235,7.833333333333333,-0.1797669529914856,-0.013079258318812419
COHFACE_s08_session3_natural,0,236,7.866666666666666,-0.34921500086784363,0.05866144652794701
COHFACE_s08_session3_natural,0,237,7.9,-0.5726135969161987,0.03746204857174344
COHFACE_s08_session3_natural,0,238,7.933333333333334,-0.7239716649055481,-0.06726713715975689
COHFACE_s08_session3_natural,0,239,7.966666666666667,-0.801281750202179,-0.21824051745625891
COHFACE_s08_session3_natural,1,0,1.0,-0.8260328769683838,-0.087923063343148
COHFACE_s08_session3_natural,1,1,1.0333333333333334,-1.0599478483200073,-0.2189158224806112
COHFACE_s08_session3_natural,1,2,1.0666666666666667,-1.1214035749435425,-0.3996030134042699
COHFACE_s08_session3_natural,1,3,1.1,-1.1255097389221191,-0.6634333959250801
COHFACE_s08_session3_natural,1,4,1.1333333333333333,-1.1465651988983154,-1.0125968020802152
COHFACE_s08_session3_natural,1,5,1.1666666666666667,-1.189771294593811,-1.419639657744535
COHFACE_s08_session3_natural,1,6,1.2,-1.2809967994689941,-1.8378179926744358
COHFACE_s08_session3_natural,1,7,1.2333333333333334,-1.5005401372909546,-2.211007156836325
COHFACE_s08_session3_natural,1,8,1.2666666666666666,-1.7586586475372314,-2.4768025780194187
COHFACE_s08_session3_natural,1,9,1.3,-1.967822551727295,-2.5649169048502447
COHFACE_s08_session3_natural,1,10,1.3333333333333333,-2.1621358394622803,-2.4005543057334005
COHFACE_s08_session3_natural,1,11,1.3666666666666667,-2.3225045204162598,-1.9223765431892825
COHFACE_s08_session3_natural,1,12,1.4,-2.419569969177246,-1.1149041407369495
COHFACE_s08_session3_natural,1,13,1.4333333333333333,-2.466517210006714,-0.04155928408849751
COHFACE_s08_session3_natural,1,14,1.4666666666666666,-2.459012031555176,1.143355909062919
COHFACE_s08_session3_natural,1,15,1.5,-2.319653034210205,2.2200523534618366
COHFACE_s08_session3_natural,1,16,1.5333333333333334,-1.9858896732330322,2.9638197877254004
COHFACE_s08_session3_natural,1,17,1.5666666666666667,-1.3051091432571411,3.218094444187018
COHFACE_s08_session3_natural,1,18,1.6,-0.2784063220024109,2.948228036452996
COHFACE_s08_session3_natural,1,19,1.6333333333333333,0.651276707649231,2.2521295741122724
COHFACE_s08_session3_natural,1,20,1.6666666666666667,1.0820826292037964,1.3248124442825422
COHFACE_s08_session3_natural,1,21,1.7,1.1001042127609253,0.3943953274141647
COHFACE_s08_session3_natural,1,22,1.7333333333333334,1.0197601318359375,-0.3444725366645017
COHFACE_s08_session3_natural,1,23,1.7666666666666666,0.9128627181053162,-0.7779893778852867
COHFACE_s08_session3_natural,1,24,1.8,0.6886656880378723,-0.890352539098493
COHFACE_s08_session3_natural,1,25,1.8333333333333333,0.4008001983165741,-0.7509587790312657
COHFACE_s08_session3_natural,1,26,1.8666666666666667,0.16385124623775482,-0.4800886879382705
COHFACE_s08_session3_natural,1,27,1.9,0.06815461814403534,-0.20595526241804243
COHFACE_s08_session3_natural,1,28,1.9333333333333333,0.04837655648589134,-0.027072550899056153
COHFACE_s08_session3_natural,1,29,1.9666666666666666,0.0014749412657693028,0.00940985030980712
COHFACE_s08_session3_natural,1,30,2.0,-0.09718725830316544,-0.08985550855503709
COHFACE_s08_session3_natural,1,31,2.033333333333333,-0.224455788731575,-0.2771610288122138
COHFACE_s08_session3_natural,1,32,2.066666666666667,-0.3551461398601532,-0.4843381465727832
COHFACE_s08_session3_natural,1,33,2.1,-0.4616100788116455,-0.6443547956535307
COHFACE_s08_session3_natural,1,34,2.1333333333333333,-0.5470640659332275,-0.7090708936595638
COHFACE_s08_session3_natural,1,35,2.1666666666666665,-0.6199257969856262,-0.6602197463801834
COHFACE_s08_session3_natural,1,36,2.2,-0.6982624530792236,-0.5120594505986318
COHFACE_s08_session3_natural,1,37,2.2333333333333334,-0.8101328611373901,-0.3054833849299105
COHFACE_s08_session3_natural,1,38,2.2666666666666666,-0.9288924932479858,-0.09520614494862073
COHFACE_s08_session3_natural,1,39,2.3,-1.0332577228546143,0.06648975695381157
COHFACE_s08_session3_natural,1,40,2.3333333333333335,-1.1720919609069824,0.14487800420089528
COHFACE_s08_session3_natural,1,41,2.3666666666666667,-1.3357001543045044,0.1323567525878922
COHFACE_s08_session3_natural,1,42,2.4,-1.2402087450027466,0.049506926946891607
COHFACE_s08_session3_natural,1,43,2.433333333333333,-0.7478103041648865,-0.06265554228722699
COHFACE_s08_session3_natural,1,44,2.466666666666667,-0.31408441066741943,-0.15640639428435313
COHFACE_s08_session3_natural,1,45,2.5,-0.29873189330101013,-0.19205552767068082
COHFACE_s08_session3_natural,1,46,2.533333333333333,-0.3570851683616638,-0.14877678566056746
COHFACE_s08_session3_natural,1,47,2.566666666666667,-0.3061686158180237,-0.028741572524482194
COHFACE_s08_session3_natural,1,48,2.6,-0.18451185524463654,0.1451781855390214
COHFACE_s08_session3_natural,1,49,2.6333333333333333,-0.1312456727027893,0.33581022106152536
COHFACE_s08_session3_natural,1,50,2.6666666666666665,-0.25253745913505554,0.49992048279751045
COHFACE_s08_session3_natural,1,51,2.7,-0.3987171947956085,0.5974576395495214
COHFACE_s08_session3_natural,1,52,2.7333333333333334,-0.47091737389564514,0.6018844672386229
COHFACE_s08_session3_natural,1,53,2.7666666666666666,-0.5502121448516846,0.5102573913105212
COHFACE_s08_session3_natural,1,54,2.8,-0.724541962146759,0.348529821459161
COHFACE_s08_session3_natural,1,55,2.8333333333333335,-1.0452568531036377,0.16683394579202482
COHFACE_s08_session3_natural,1,56,2.8666666666666667,-1.663258671760559,0.023961503285591195
COHFACE_s08_session3_natural,1,57,2.9,-2.4045825004577637,-0.03351750805698559
COHFACE_s08_session3_natural,1,58,2.933333333333333,-2.8789138793945312,0.01089961187381394
COHFACE_s08_session3_natural,1,59,2.966666666666667,-3.0965864658355713,0.13557818186659557
COHFACE_s08_session3_natural,1,60,3.0,-3.1573123931884766,0.2848302275968484
COHFACE_s08_session3_natural,1,61,3.033333333333333,-3.11923885345459,0.3840511270484998
COHFACE_s08_session3_natural,1,62,3.066666666666667,-3.046924591064453,0.3634904443427312
COHFACE_s08_session3_natural,1,63,3.1,-2.979994058609009,0.18523742488725756
COHFACE_s08_session3_natural,1,64,3.1333333333333333,-2.9197018146514893,-0.13774948000450865
COHFACE_s08_session3_natural,1,65,3.1666666666666665,-2.8734161853790283,-0.5419266063647948
COHFACE_s08_session3_natural,1,66,3.2,-2.839015483856201,-0.9335676871964518
COHFACE_s08_session3_natural,1,67,3.2333333333333334,-2.7006375789642334,-1.218244181016904
COHFACE_s08_session3_natural,1,68,3.2666666666666666,-2.136152744293213,-1.326137542567463
COHFACE_s08_session3_natural,1,69,3.3,-1.1815589666366577,-1.2260124692505745
COHFACE_s08_session3_natural,1,70,3.3333333333333335,-0.3347749710083008,-0.9278263246587096
COHFACE_s08_session3_natural,1,71,3.3666666666666667,0.08722551167011261,-0.47774389599367434
COHFACE_s08_session3_natural,1,72,3.4,0.1929822564125061,0.05102254896119592
COHFACE_s08_session3_natural,1,73,3.433333333333333,0.17883877456188202,0.5705155034859251
COHFACE_s08_session3_natural,1,74,3.466666666666667,0.12607446312904358,0.9937969260718322
COHFACE_s08_session3_natural,1,75,3.5,-0.0003500242601148784,1.2529861549704935
COHFACE_s08_session3_natural,1,76,3.533333333333333,-0.13551153242588043,1.3148902733061991
COHFACE_s08_session3_natural,1,77,3.566666666666667,-0.14730536937713623,1.1879774262625442
COHFACE_s08_session3_natural,1,78,3.6,-0.04962409287691116,0.9174961876263881
COHFACE_s08_session3_natural,1,79,3.6333333333333333,0.007474515587091446,0.5708947996122506
COHFACE_s08_session3_natural,1,80,3.6666666666666665,-0.040727388113737106,0.2193475733155454
COHFACE_s08_session3_natural,1,81,3.7,-0.12141367793083191,-0.07853220724967783
COHFACE_s08_session3_natural,1,82,3.7333333333333334,-0.22082866728305817,-0.2871155569379745
COHFACE_s08_session3_natural,1,83,3.7666666666666666,-0.35838544368743896,-0.39742766952807596
COHFACE_s08_session3_natural,1,84,3.8,-0.482619971036911,-0.42460540657822127
COHFACE_s08_session3_natural,1,85,3.8333333333333335,-0.5554817318916321,-0.40033629981031216
COHFACE_s08_session3_natural,1,86,3.8666666666666667,-0.6109606623649597,-0.3623359490624356
COHFACE_s08_session3_natural,1,87,3.9,-0.6374226808547974,-0.3433401285134574
COHFACE_s08_session3_natural,1,88,3.933333333333333,-0.5998968482017517,-0.3615475894287685
COHFACE_s08_session3_natural,1,89,3.966666666666667,-0.5830159187316895,-0.4143328781746896
COHFACE_s08_session3_natural,1,90,4.0,-0.6084057092666626,-0.4779714902755435
COHFACE_s08_session3_natural,1,91,4.033333333333333,-0.6275906562805176,-0.5156383497621551
COHFACE_s08_session3_natural,1,92,4.066666666666666,-0.5559836030006409,-0.4923121629911547
COHFACE_s08_session3_natural,1,93,4.1,-0.13373219966888428,-0.39094863936017665
COHFACE_s08_session3_natural,1,94,4.133333333333334,0.6365629434585571,-0.22281962867124577
COHFACE_s08_session3_natural,1,95,4.166666666666667,1.3208109140396118,-0.02688709431834007
COHFACE_s08_session3_natural,1,96,4.2,1.5819635391235352,0.14274343151023572
COHFACE_s08_session3_natural,1,97,4.233333333333333,1.5553646087646484,0.23742290622531423
COHFACE_s08_session3_natural,1,98,4.266666666666667,1.4509994983673096,0.2349072313030356
COHFACE_s08_session3_natural,1,99,4.3,1.2673622369766235,0.1515814218256161
COHFACE_s08_session3_natural,1,100,4.333333333333333,1.021858811378479,0.03911632779759705
COHFACE_s08_session3_natural,1,101,4.366666666666666,0.8448599576950073,-0.03500824748401849
COHFACE_s08_session3_natural,1,102,4.4,0.8126721382141113,-0.015354944125599158
COHFACE_s08_session3_natural,1,103,4.433333333333334,0.8310814499855042,0.11800541141024998
COHFACE_s08_session3_natural,1,104,4.466666666666667,0.8198122978210449,0.34094221846440903
COHFACE_s08_session3_natural,1,105,4.5,0.754843533039093,0.5946879290995759
COHFACE_s08_session3_natural,1,106,4.533333333333333,0.6273240447044373,0.8082395839953214
COHFACE_s08_session3_natural,1,107,4.566666666666666,0.47573786973953247,0.9233327439713778
COHFACE_s08_session3_natural,1,108,4.6,0.31486713886260986,0.9108714349148197
COHFACE_s08_session3_natural,1,109,4.633333333333334,0.18321870267391205,0.7731317668418934
COHFACE_s08_session3_natural,1,110,4.666666666666667,0.10777918249368668,0.535312012175332
COHFACE_s08_session3_natural,1,111,4.7,0.052277419716119766,0.23514386877862353
COHFACE_s08_session3_natural,1,112,4.733333333333333,0.01347409002482891,-0.08430993994079429
COHFACE_s08_session3_natural,1,113,4.766666666666667,0.0053073689341545105,-0.3795630077180733
COHFACE_s08_session3_natural,1,114,4.8,0.0010871361009776592,-0.6114055904129888
COHFACE_s08_session3_natural,1,115,4.833333333333333,-0.003885895013809204,-0.7498811255014075
COHFACE_s08_session3_natural,1,116,4.866666666666666,0.19467034935951233,-0.7797248243761155
COHFACE_s08_session3_natural,1,117,4.9,0.7902934551239014,-0.705675040717595
COHFACE_s08_session3_natural,1,118,4.933333333333334,1.555159330368042,-0.5541705694552553
COHFACE_s08_session3_natural,1,119,4.966666666666667,2.045869827270508,-0.3674328386992257
COHFACE_s08_session3_natural,1,120,5.0,2.125962972640991,-0.19089132435951012
COHFACE_s08_session3_natural,1,121,5.033333333333333,1.9909839630126953,-0.05994104656213206
COHFACE_s08_session3_natural,1,122,5.066666666666666,1.8026703596115112,0.008501061335805814
COHFACE_s08_session3_natural,1,123,5.1,1.574914574623108,0.0177066332851063
COHFACE_s08_session3_natural,1,124,5.133333333333334,1.3291373252868652,-0.013642955148435958
COHFACE_s08_session3_natural,1,125,5.166666666666667,1.1194944381713867,-0.06087221745707837
COHFACE_s08_session3_natural,1,126,5.2,0.923880934715271,-0.10310272736036398
COHFACE_s08_session3_natural,1,127,5.233333333333333,0.7023529410362244,-0.12881150570924535
COHFACE_s08_session3_natural,1,128,5.266666666666667,0.45872005820274353,-0.13617341628728508
COHFACE_s08_session3_natural,1,129,5.3,0.20536921918392181,-0.13084952064796632
COHFACE_s08_session3_natural,1,130,5.333333333333333,-0.05578335374593735,-0.12350249805762191
COHFACE_s08_session3_natural,1,131,5.366666666666666,-0.27147147059440613,-0.12658445565269458
COHFACE_s08_session3_natural,1,132,5.4,-0.44484320282936096,-0.1486783940503122
COHFACE_s08_session3_natural,1,133,5.433333333333334,-0.5949693918228149,-0.1864131899445836
COHFACE_s08_session3_natural,1,134,5.466666666666667,-0.7280322313308716,-0.21765265189278213
COHFACE_s08_session3_natural,1,135,5.5,-0.8352717757225037,-0.20239167897770832
COHFACE_s08_session3_natural,1,136,5.533333333333333,-0.916642427444458,-0.09641398648565239
COHFACE_s08_session3_natural,1,137,5.566666666666666,-0.9867666959762573,0.12434281961714806
COHFACE_s08_session3_natural,1,138,5.6,-1.0747300386428833,0.4406291711703025
COHFACE_s08_session3_natural,1,139,5.633333333333334,-1.1293649673461914,0.7836539037211071
COHFACE_s08_session3_natural,1,140,5.666666666666667,-0.8738241791725159,1.0535989471316287
COHFACE_s08_session3_natural,1,141,5.7,-0.12770980596542358,1.1565443226568204
COHFACE_s08_session3_natural,1,142,5.733333333333333,0.7649720907211304,1.0429034319237944
COHFACE_s08_session3_natural,1,143,5.766666666666667,1.294873595237732,0.729272775340914
COHFACE_s08_session3_natural,1,144,5.8,1.442490577697754,0.2939191440744045
COHFACE_s08_session3_natural,1,145,5.833333333333333,1.4230090379714966,-0.15119108852743
COHFACE_s08_session3_natural,1,146,5.866666666666666,1.3594774007797241,-0.4987781519833618
COHFACE_s08_session3_natural,1,147,5.9,1.2171984910964966,-0.6790984795336381
COHFACE_s08_session3_natural,1,148,5.933333333333334,0.9894200563430786,-0.6762043756898282
COHFACE_s08_session3_natural,1,149,5.966666666666667,0.7696029543876648,-0.525229797680915
COHFACE_s08_session3_natural,1,150,6.0,0.6224194765090942,-0.295585555741594
COHFACE_s08_session3_natural,1,151,6.033333333333333,0.5243275761604309,-0.06814521974730782
COHFACE_s08_session3_natural,1,152,6.066666666666666,0.40853351354599,0.08631928454307812
COHFACE_s08_session3_natural,1,153,6.1,0.24793653190135956,0.1230600641305607
COHFACE_s08_session3_natural,1,154,6.133333333333334,0.046026911586523056,0.03192311021938945
COHFACE_s08_session3_natural,1,155,6.166666666666667,-0.15695488452911377,-0.16156969432563134
COHFACE_s08_session3_natural,1,156,6.2,-0.3569026589393616,-0.4021450439626882
COHFACE_s08_session3_natural,1,157,6.233333333333333,-0.533057451248169,-0.6170546349039907
COHFACE_s08_session3_natural,1,158,6.266666666666667,-0.6926050782203674,-0.7335511111925954
COHFACE_s08_session3_natural,1,159,6.3,-0.8052282333374023,-0.6987678338325589
COHFACE_s08_session3_natural,1,160,6.333333333333333,-0.8708586096763611,-0.49676802689532606
COHFACE_s08_session3_natural,1,161,6.366666666666666,-0.9312421083450317,-0.15652666373689264
COHFACE_s08_session3_natural,1,162,6.4,-0.9895269870758057,0.2531777817344667
COHFACE_s08_session3_natural,1,163,6.433333333333334,-1.0524654388427734,0.6414989168461502
COHFACE_s08_session3_natural,1,164,6.466666666666667,-1.016353964805603,0.920914304596851
COHFACE_s08_session3_natural,1,165,6.5,-0.5635800361633301,1.0324694362330271
COHFACE_s08_session3_natural,1,166,6.533333333333333,0.31965768337249756,0.9627814452343639
COHFACE_s08_session3_natural,1,167,6.566666666666666,1.109936237335205,0.746973445051965
COHFACE_s08_session3_natural,1,168,6.6,1.4654850959777832,0.4559765951797594
COHFACE_s08_session3_natural,1,169,6.633333333333334,1.5389628410339355,0.17210193534928506
COHFACE_s08_session3_natural,1,170,6.666666666666667,1.5322788953781128,-0.038296115948672105
COHFACE_s08_session3_natural,1,171,6.7,1.4476232528686523,-0.1448677543890902
COHFACE_s08_session3_natural,1,172,6.733333333333333,1.178600549697876,-0.15935680456556195
COHFACE_s08_session3_natural,1,173,6.766666666666667,0.8484642505645752,-0.12676418675132617
COHFACE_s08_session3_natural,1,174,6.8,0.6171498894691467,-0.10520931202271006
COHFACE_s08_session3_natural,1,175,6.833333333333333,0.4622787535190582,-0.14128601192505522
COHFACE_s08_session3_natural,1,176,6.866666666666666,0.36366215348243713,-0.24984615201266977
COHFACE_s08_session3_natural,1,177,6.9,0.36078783869743347,-0.4068034551260762
COHFACE_s08_session3_natural,1,178,6.933333333333334,0.46398964524269104,-0.5592778394299099
COHFACE_s08_session3_natural,1,179,6.966666666666667,0.5234379172325134,-0.6498414264668743
COHFACE_s08_session3_natural,1,180,7.0,0.32985466718673706,-0.6439420030150825
COHFACE_s08_session3_natural,1,181,7.033333333333333,0.06194973737001419,-0.5468869327334722
COHFACE_s08_session3_natural,1,182,7.066666666666666,-0.2044496089220047,-0.4018926434920695
COHFACE_s08_session3_natural,1,183,7.1,-0.5014399290084839,-0.27056477292982567
COHFACE_s08_session3_natural,1,184,7.133333333333334,-0.7791312336921692,-0.20583465369766893
COHFACE_s08_session3_natural,1,185,7.166666666666667,-1.0012295246124268,-0.2300695032780037
COHFACE_s08_session3_natural,1,186,7.2,-1.1965465545654297,-0.3268072649577899
COHFACE_s08_session3_natural,1,187,7.233333333333333,-1.3201651573181152,-0.4474043715077683
COHFACE_s08_session3_natural,1,188,7.266666666666667,-1.3683669567108154,-0.5285103863009256
COHFACE_s08_session3_natural,1,189,7.3,-1.3781077861785889,-0.5135856418693259
COHFACE_s08_session3_natural,1,190,7.333333333333333,-1.1847527027130127,-0.37095543897064226
COHFACE_s08_session3_natural,1,191,7.366666666666666,-0.5490258932113647,-0.10261144267873104
COHFACE_s08_session3_natural,1,192,7.4,0.3067232370376587,0.25793677760841316
COHFACE_s08_session3_natural,1,193,7.433333333333334,0.8681738972663879,0.6562850644778788
COHFACE_s08_session3_natural,1,194,7.466666666666667,0.9966286420822144,1.0316499569753135
COHFACE_s08_session3_natural,1,195,7.5,0.9396212697029114,1.330357398156552
COHFACE_s08_session3_natural,1,196,7.533333333333333,0.8338645100593567,1.51412484399912
COHFACE_s08_session3_natural,1,197,7.566666666666666,0.6494289636611938,1.5617060229433744
COHFACE_s08_session3_natural,1,198,7.6,0.42970311641693115,1.4668694448601265
COHFACE_s08_session3_natural,1,199,7.633333333333334,0.2846411466598511,1.2376113525508492
COHFACE_s08_session3_natural,1,200,7.666666666666667,0.22856909036636353,0.898246227581955
COHFACE_s08_session3_natural,1,201,7.7,0.20475329458713531,0.49096327346755564
COHFACE_s08_session3_natural,1,202,7.733333333333333,0.14838466048240662,0.07169959638811814
COHFACE_s08_session3_natural,1,203,7.766666666666667,0.05426206812262535,-0.30150472972781395
COHFACE_s08_session3_natural,1,204,7.8,-0.06091606989502907,-0.5834251487167016
COHFACE_s08_session3_natural,1,205,7.833333333333333,-0.1797669529914856,-0.7521188464358876
COHFACE_s08_session3_natural,1,206,7.866666666666666,-0.34921500086784363,-0.8099152252443629
COHFACE_s08_session3_natural,1,207,7.9,-0.5726135969161987,-0.7764002682348171
COHFACE_s08_session3_natural,1,208,7.933333333333334,-0.7239716649055481,-0.6797948593314259
COHFACE_s08_session3_natural,1,209,7.966666666666667,-0.801281750202179,-0.5523524837492306
COHFACE_s08_session3_natural,1,210,8.0,-0.8561447858810425,-0.42935957363540644
COHFACE_s08_session3_natural,1,211,8.033333333333333,-0.8188698887825012,-0.3465872010937674
COHFACE_s08_session3_natural,1,212,8.066666666666666,-0.7351495623588562,-0.3328405568480315
COHFACE_s08_session3_natural,1,213,8.1,-0.6832749247550964,-0.3995503880570584
COHFACE_s08_session3_natural,1,214,8.133333333333333,-0.627316951751709,-0.5325779987796864
COHFACE_s08_session3_natural,1,215,8.166666666666666,-0.34355759620666504,-0.691145358461143
COHFACE_s08_session3_natural,1,216,8.2,0.3332080543041229,-0.8162398340964101
COHFACE_s08_session3_natural,1,217,8.233333333333333,1.087397813796997,-0.8472209787679817
COHFACE_s08_session3_natural,1,218,8.266666666666667,1.4826170206069946,-0.741874319047528
COHFACE_s08_session3_natural,1,219,8.3,1.4612420797348022,-0.4930139399643171
COHFACE_s08_session3_natural,1,220,8.333333333333334,1.2005913257598877,-0.13492520650797227
COHFACE_s08_session3_natural,1,221,8.366666666666667,0.8669420480728149,0.2640119685293192
COHFACE_s08_session3_natural,1,222,8.4,0.5285934209823608,0.6209407575479725
COHFACE_s08_session3_natural,1,223,8.433333333333334,0.23760266602039337,0.8636710570767755
COHFACE_s08_session3_natural,1,224,8.466666666666667,0.08619896322488785,0.9521174377950302
COHFACE_s08_session3_natural,1,225,8.5,0.03181499242782593,0.8881139955827183
COHFACE_s08_session3_natural,1,226,8.533333333333333,-0.02015089988708496,0.710425873648391
COHFACE_s08_session3_natural,1,227,8.566666666666666,-0.1235123872756958,0.47801413310227486
COHFACE_s08_session3_natural,1,228,8.6,-0.26581406593322754,0.2494991460701352
COHFACE_s08_session3_natural,1,229,8.633333333333333,-0.43149814009666443,0.06744416345993368
COHFACE_s08_session3_natural,1,230,8.666666666666666,-0.6114853620529175,-0.04799205321891838
COHFACE_s08_session3_natural,1,231,8.7,-0.7638927698135376,-0.09693735846392422
COHFACE_s08_session3_natural,1,232,8.733333333333333,-0.8713604807853699,-0.09319297750918175
COHFACE_s08_session3_natural,1,233,8.766666666666667,-0.9461384415626526,-0.057164220997720935
COHFACE_s08_session3_natural,1,234,8.8,-0.9737866520881653,-0.01069054723345278
COHFACE_s08_session3_natural,1,235,8.833333333333334,-0.9698629379272461,0.026171291424091515
COHFACE_s08_session3_natural,1,236,8.866666666666667,-0.9331811666488647,0.03804033416878729
COHFACE_s08_session3_natural,1,237,8.9,-0.8854355216026306,0.01790769349314726
COHFACE_s08_session3_natural,1,238,8.933333333333334,-0.810041606426239,-0.02980152445283651
COHFACE_s08_session3_natural,1,239,8.966666666666667,-0.4550173878669739,-0.08969622448866575
COHFACE_s08_session3_natural,2,0,2.0,-0.09718725830316544,0.09918104071037062
COHFACE_s08_session3_natural,2,1,2.033333333333333,-0.224455788731575,0.5130959878023383
COHFACE_s08_session3_natural,2,2,2.066666666666667,-0.3551461398601532,0.8103736458218651
COHFACE_s08_session3_natural,2,3,2.1,-0.4616100788116455,0.914593624178026
COHFACE_s08_session3_natural,2,4,2.1333333333333333,-0.5470640659332275,0.8036463929870655
COHFACE_s08_session3_natural,2,5,2.1666666666666665,-0.6199257969856262,0.5132103917820771
COHFACE_s08_session3_natural,2,6,2.2,-0.6982624530792236,0.12150643133059051
COHFACE_s08_session3_natural,2,7,2.2333333333333334,-0.8101328611373901,-0.27778278618231145
COHFACE_s08_session3_natural,2,8,2.2666666666666666,-0.9288924932479858,-0.60383785757707
COHFACE_s08_session3_natural,2,9,2.3,-1.0332577228546143,-0.808912567222155
COHFACE_s08_session3_natural,2,10,2.3333333333333335,-1.1720919609069824,-0.885506786962575
COHFACE_s08_session3_natural,2,11,2.3666666666666667,-1.3357001543045044,-0.8607608398181452
COHFACE_s08_session3_natural,2,12,2.4,-1.2402087450027466,-0.7820864752230751
COHFACE_s08_session3_natural,2,13,2.433333333333333,-0.7478103041648865,-0.6992993977053144
COHFACE_s08_session3_natural,2,14,2.466666666666667,-0.31408441066741943,-0.6477032968092831
COHFACE_s08_session3_natural,2,15,2.5,-0.29873189330101013,-0.6355745478302346
COHFACE_s08_session3_natural,2,16,2.533333333333333,-0.3570851683616638,-0.6394735378579945
COHFACE_s08_session3_natural,2,17,2.566666666666667,-0.3061686158180237,-0.6104795350008051
COHFACE_s08_session3_natural,2,18,2.6,-0.18451185524463654,-0.4920309754612615
COHFACE_s08_session3_natural,2,19,2.6333333333333333,-0.1312456727027893,-0.2455370527380302
COHFACE_s08_session3_natural,2,20,2.6666666666666665,-0.25253745913505554,0.12506739913992004
COHFACE_s08_session3_natural,2,21,2.7,-0.3987171947956085,0.5616400267446742
COHFACE_s08_session3_natural,2,22,2.7333333333333334,-0.47091737389564514,0.962849842081126
COHFACE_s08_session3_natural,2,23,2.7666666666666666,-0.5502121448516846,1.2181813540033937
COHFACE_s08_session3_natural,2,24,2.8,-0.724541962146759,1.251057055152348
COHFACE_s08_session3_natural,2,25,2.8333333333333335,-1.0452568531036377,1.0499478371442954
COHFACE_s08_session3_natural,2,26,2.8666666666666667,-1.663258671760559,0.6735535445859014
COHFACE_s08_session3_natural,2,27,2.9,-2.4045825004577637,0.23034316259731194
COHFACE_s08_session3_natural,2,28,2.933333333333333,-2.8789138793945312,-0.1573960032450257
COHFACE_s08_session3_natural,2,29,2.966666666666667,-3.0965864658355713,-0.3920716867925076
COHFACE_s08_session3_natural,2,30,3.0,-3.1573123931884766,-0.43044552593984636
COHFACE_s08_session3_natural,2,31,3.033333333333333,-3.11923885345459,-0.2957442409179532
COHFACE_s08_session3_natural,2,32,3.066666666666667,-3.046924591064453,-0.06694302329485317
COHFACE_s08_session3_natural,2,33,3.1,-2.979994058609009,0.1526192956971917
COHFACE_s08_session3_natural,2,34,3.1333333333333333,-2.9197018146514893,0.27406632182726537
COHFACE_s08_session3_natural,2,35,3.1666666666666665,-2.8734161853790283,0.2515205876198215
COHFACE_s08_session3_natural,2,36,3.2,-2.839015483856201,0.0912095092057365
COHFACE_s08_session3_natural,2,37,3.2333333333333334,-2.7006375789642334,-0.1557000985561172
COHFACE_s08_session3_natural,2,38,3.2666666666666666,-2.136152744293213,-0.4089888343676562
COHFACE_s08_session3_natural,2,39,3.3,-1.1815589666366577,-0.579380451734849
COHFACE_s08_session3_natural,2,40,3.3333333333333335,-0.3347749710083008,-0.5914482632058701
COHFACE_s08_session3_natural,2,41,3.3666666666666667,0.08722551167011261,-0.407463704591913
COHFACE_s08_session3_natural,2,42,3.4,0.1929822564125061,-0.04556499532349
COHFACE_s08_session3_natural,2,43,3.433333333333333,0.17883877456188202,0.417089720519718
COHFACE_s08_session3_natural,2,44,3.466666666666667,0.12607446312904358,0.8614082068613789
COHFACE_s08_session3_natural,2,45,3.5,-0.0003500242601148784,1.1602233473003434
COHFACE_s08_session3_natural,2,46,3.533333333333333,-0.13551153242588043,1.2177325759992041
COHFACE_s08_session3_natural,2,47,3.566666666666667,-0.14730536937713623,1.0002916950554093
COHFACE_s08_session3_natural,2,48,3.6,-0.04962409287691116,0.5472786473286001
COHFACE_s08_session3_natural,2,49,3.6333333333333333,0.007474515587091446,-0.041405431040459004
COHFACE_s08_session3_natural,2,50,3.6666666666666665,-0.040727388113737106,-0.6352617457540245
COHFACE_s08_session3_natural,2,51,3.7,-0.12141367793083191,-1.1087605807294443
COHFACE_s08_session3_natural,2,52,3.7333333333333334,-0.22082866728305817,-1.3712763290144834
COHFACE_s08_session3_natural,2,53,3.7666666666666666,-0.35838544368743896,-1.3845744442826489
COHFACE_s08_session3_natural,2,54,3.8,-0.482619971036911,-1.1656671373505347
COHFACE_s08_session3_natural,2,55,3.8333333333333335,-0.5554817318916321,-0.776709234808504
COHFACE_s08_session3_natural,2,56,3.8666666666666667,-0.6109606623649597,-0.3066584684736188
COHFACE_s08_session3_natural,2,57,3.9,-0.6374226808547974,0.14972404882192977
COHFACE_s08_session3_natural,2,58,3.933333333333333,-0.5998968482017517,0.5116330763264119
COHFACE_s08_session3_natural,2,59,3.966666666666667,-0.5830159187316895,0.7281630595532467
COHFACE_s08_session3_natural,2,60,4.0,-0.6084057092666626,0.7870145238432869
COHFACE_s08_session3_natural,2,61,4.033333333333333,-0.6275906562805176,0.7124725710826119
COHFACE_s08_session3_natural,2,62,4.066666666666666,-0.5559836030006409,0.5526976574132737
COHFACE_s08_session3_natural,2,63,4.1,-0.13373219966888428,0.3612585528563907
COHFACE_s08_session3_natural,2,64,4.133333333333334,0.6365629434585571,0.18025924396279966
COHFACE_s08_session3_natural,2,65,4.166666666666667,1.3208109140396118,0.031126915210959012
COHFACE_s08_session3_natural,2,66,4.2,1.5819635391235352,-0.08478985583698688
COHFACE_s08_session3_natural,2,67,4.233333333333333,1.5553646087646484,-0.1779145400685803
COHFACE_s08_session3_natural,2,68,4.266666666666667,1.4509994983673096,-0.25916148939479344
COHFACE_s08_session3_natural,2,69,4.3,1.2673622369766235,-0.331167294807299
COHFACE_s08_session3_natural,2,70,4.333333333333333,1.021858811378479,-0.38652276319537965
COHFACE_s08_session3_natural,2,71,4.366666666666666,0.8448599576950073,-0.41395708236618045
COHFACE_s08_session3_natural,2,72,4.4,0.8126721382141113,-0.4080779315256114
COHFACE_s08_session3_natural,2,73,4.433333333333334,0.8310814499855042,-0.3752534712805495
COHFACE_s08_session3_natural,2,74,4.466666666666667,0.8198122978210449,-0.3307068763536796
COHFACE_s08_session3_natural,2,75,4.5,0.754843533039093,-0.2879555978441975
COHFACE_s08_session3_natural,2,76,4.533333333333333,0.6273240447044373,-0.24709679202145063
COHFACE_s08_session3_natural,2,77,4.566666666666666,0.47573786973953247,-0.19011169223731583
COHFACE_s08_session3_natural,2,78,4.6,0.31486713886260986,-0.08819675243320935
COHFACE_s08_session3_natural,2,79,4.633333333333334,0.18321870267391205,0.08111829379003335
COHFACE_s08_session3_natural,2,80,4.666666666666667,0.10777918249368668,0.3168550594546112
COHFACE_s08_session3_natural,2,81,4.7,0.052277419716119766,0.5883345889843592
COHFACE_s08_session3_natural,2,82,4.733333333333333,0.01347409002482891,0.8428974570740387
COHFACE_s08_session3_natural,2,83,4.766666666666667,0.0053073689341545105,1.0220171598342562
COHFACE_s08_session3_natural,2,84,4.8,0.0010871361009776592,1.0783478647553901
COHFACE_s08_session3_natural,2,85,4.833333333333333,-0.003885895013809204,0.9885791407218469
COHFACE_s08_session3_natural,2,86,4.866666666666666,0.19467034935951233,0.7585900063423506
COHFACE_s08_session3_natural,2,87,4.9,0.7902934551239014,0.41982395101937614
COHFACE_s08_session3_natural,2,88,4.933333333333334,1.555159330368042,0.020578240520794686
COHFACE_s08_session3_natural,2,89,4.966666666666667,2.045869827270508,-0.381982742087097
COHFACE_s08_session3_natural,2,90,5.0,2.125962972640991,-0.7273714758426708
COHFACE_s08_session3_natural,2,91,5.033333333333333,1.9909839630126953,-0.9580662632876245
COHFACE_s08_session3_natural,2,92,5.066666666666666,1.8026703596115112,-1.0293472591447632
COHFACE_s08_session3_natural,2,93,5.1,1.574914574623108,-0.921497241550654
COHFACE_s08_session3_natural,2,94,5.133333333333334,1.3291373252868652,-0.6501534508655813
COHFACE_s08_session3_natural,2,95,5.166666666666667,1.1194944381713867,-0.2698521200752652
COHFACE_s08_session3_natural,2,96,5.2,0.923880934715271,0.13304003783871807
COHFACE_s08_session3_natural,2,97,5.233333333333333,0.7023529410362244,0.45872339162315395
COHFACE_s08_session3_natural,2,98,5.266666666666667,0.45872005820274353,0.6199458939773376
COHFACE_s08_session3_natural,2,99,5.3,0.20536921918392181,0.568083618856643
COHFACE_s08_session3_natural,2,100,5.333333333333333,-0.05578335374593735,0.3108326449244383
COHFACE_s08_session3_natural,2,101,5.366666666666666,-0.27147147059440613,-0.08501047438413158
COHFACE_s08_session3_natural,2,102,5.4,-0.44484320282936096,-0.5080745060732718
COHFACE_s08_session3_natural,2,103,5.433333333333334,-0.5949693918228149,-0.8312883290699006
COHFACE_s08_session3_natural,2,104,5.466666666666667,-0.7280322313308716,-0.9471662134092115
COHFACE_s08_session3_natural,2,105,5.5,-0.8352717757225037,-0.7995237939056944
COHFACE_s08_session3_natural,2,106,5.533333333333333,-0.916642427444458,-0.4034366650606844
COHFACE_s08_session3_natural,2,107,5.566666666666666,-0.9867666959762573,0.15201130134004082
COHFACE_s08_session3_natural,2,108,5.6,-1.0747300386428833,0.7218071515877782
COHFACE_s08_session3_natural,2,109,5.633333333333334,-1.1293649673461914,1.143258751150489
COHFACE_s08_session3_natural,2,110,5.666666666666667,-0.8738241791725159,1.2851034709317373
COHFACE_s08_session3_natural,2,111,5.7,-0.12770980596542358,1.0906829192876852
COHFACE_s08_session3_natural,2,112,5.733333333333333,0.7649720907211304,0.5986417344558874
COHFACE_s08_session3_natural,2,113,5.766666666666667,1.294873595237732,-0.06704843959079788
COHFACE_s08_session3_natural,2,114,5.8,1.442490577697754,-0.7338832800480255
COHFACE_s08_session3_natural,2,115,5.833333333333333,1.4230090379714966,-1.2308814320096633
COHFACE_s08_session3_natural,2,116,5.866666666666666,1.3594774007797241,-1.4352679800675539
COHFACE_s08_session3_natural,2,117,5.9,1.2171984910964966,-1.3023768279816423
COHFACE_s08_session3_natural,2,118,5.933333333333334,0.9894200563430786,-0.8720489169493287
COHFACE_s08_session3_natural,2,119,5.966666666666667,0.7696029543876648,-0.25226955988917793
COHFACE_s08_session3_natural,2,120,6.0,0.6224194765090942,0.41301343959064757
COHFACE_s08_session3_natural,2,121,6.033333333333333,0.5243275761604309,0.9814144762355385
COHFACE_s08_session3_natural,2,122,6.066666666666666,0.40853351354599,1.3443161874688687
COHFACE_s08_session3_natural,2,123,6.1,0.24793653190135956,1.4462483503166317
COHFACE_s08_session3_natural,2,124,6.133333333333334,0.046026911586523056,1.2892367588501243
COHFACE_s08_session3_natural,2,125,6.166666666666667,-0.15695488452911377,0.92476528043386
COHFACE_s08_session3_natural,2,126,6.2,-0.3569026589393616,0.4382078668165653
COHFACE_s08_session3_natural,2,127,6.233333333333333,-0.533057451248169,-0.06990072852481069
COHFACE_s08_session3_natural,2,128,6.266666666666667,-0.6926050782203674,-0.5030485487448465
COHFACE_s08_session3_natural,2,129,6.3,-0.8052282333374023,-0.7864414856800999
COHFACE_s08_session3_natural,2,130,6.333333333333333,-0.8708586096763611,-0.8804685879653307
COHFACE_s08_session3_natural,2,131,6.366666666666666,-0.9312421083450317,-0.7868571029507893
COHFACE_s08_session3_natural,2,132,6.4,-0.9895269870758057,-0.5461989871852352
COHFACE_s08_session3_natural,2,133,6.433333333333334,-1.0524654388427734,-0.22772871020546176
COHFACE_s08_session3_natural,2,134,6.466666666666667,-1.016353964805603,0.08690717081001421
COHFACE_s08_session3_natural,2,135,6.5,-0.5635800361633301,0.32330079192209477
COHFACE_s08_session3_natural,2,136,6.533333333333333,0.31965768337249756,0.4327513832518785
COHFACE_s08_session3_natural,2,137,6.566666666666666,1.109936237335205,0.40388181168115367
COHFACE_s08_session3_natural,2,138,6.6,1.4654850959777832,0.26372427229907613
COHFACE_s08_session3_natural,2,139,6.633333333333334,1.5389628410339355,0.06832383408129397
COHFACE_s08_session3_natural,2,140,6.666666666666667,1.5322788953781128,-0.11407993754255019
COHFACE_s08_session3_natural,2,141,6.7,1.4476232528686523,-0.22282578993183433
COHFACE_s08_session3_natural,2,142,6.733333333333333,1.178600549697876,-0.2228987373139425
COHFACE_s08_session3_natural,2,143,6.766666666666667,0.8484642505645752,-0.11677635066888428
COHFACE_s08_session3_natural,2,144,6.8,0.6171498894691467,0.0541463343442027
COHFACE_s08_session3_natural,2,145,6.833333333333333,0.4622787535190582,0.22092754272986687
COHFACE_s08_session3_natural,2,146,6.866666666666666,0.36366215348243713,0.3094095847494386
COHFACE_s08_session3_natural,2,147,6.9,0.36078783869743347,0.26654678247101526
COHFACE_s08_session3_natural,2,148,6.933333333333334,0.46398964524269104,0.08061037840174917
COHFACE_s08_session3_natural,2,149,6.966666666666667,0.5234379172325134,-0.21331798885894146
COHFACE_s08_session3_natural,2,150,7.0,0.32985466718673706,-0.5447021785653318
COHFACE_s08_session3_natural,2,151,7.033333333333333,0.06194973737001419,-0.8303166925364359
COHFACE_s08_session3_natural,2,152,7.066666666666666,-0.2044496089220047,-0.9988169101536856
COHFACE_s08_session3_natural,2,153,7.1,-0.5014399290084839,-1.0085104203426112
COHFACE_s08_session3_natural,2,154,7.133333333333334,-0.7791312336921692,-0.8545391852194139
COHFACE_s08_session3_natural,2,155,7.166666666666667,-1.0012295246124268,-0.5666137068922259
COHFACE_s08_session3_natural,2,156,7.2,-1.1965465545654297,-0.20043736344439037
COHFACE_s08_session3_natural,2,157,7.233333333333333,-1.3201651573181152,0.174772229559449
COHFACE_s08_session3_natural,2,158,7.266666666666667,-1.3683669567108154,0.49141985379336967
COHFACE_s08_session3_natural,2,159,7.3,-1.3781077861785889,0.6992664174113201
COHFACE_s08_session3_natural,2,160,7.333333333333333,-1.1847527027130127,0.777044374009815
COHFACE_s08_session3_natural,2,161,7.366666666666666,-0.5490258932113647,0.7349359807652807
COHFACE_s08_session3_natural,2,162,7.4,0.3067232370376587,0.6074820658146001
COHFACE_s08_session3_natural,2,163,7.433333333333334,0.8681738972663879,0.44176043597767484
COHFACE_s08_session3_natural,2,164,7.466666666666667,0.9966286420822144,0.2864648459641023
COHFACE_s08_session3_natural,2,165,7.5,0.9396212697029114,0.18392294841211285
COHFACE_s08_session3_natural,2,166,7.533333333333333,0.8338645100593567,0.16293780104118752
COHFACE_s08_session3_natural,2,167,7.566666666666666,0.6494289636611938,0.23014355556011765
COHFACE_s08_session3_natural,2,168,7.6,0.42970311641693115,0.3623169606018536
COHFACE_s08_session3_natural,2,169,7.633333333333334,0.2846411466598511,0.5064571625452874
COHFACE_s08_session3_natural,2,170,7.666666666666667,0.22856909036636353,0.5928358704496627
COHFACE_s08_session3_natural,2,171,7.7,0.20475329458713531,0.5589833512595548
COHFACE_s08_session3_natural,2,172,7.733333333333333,0.14838466048240662,0.3747234848836107
COHFACE_s08_session3_natural,2,173,7.766666666666667,0.05426206812262535,0.056401524442119946
COHFACE_s08_session3_natural,2,174,7.8,-0.06091606989502907,-0.33533200843896394
COHFACE_s08_session3_natural,2,175,7.833333333333333,-0.1797669529914856,-0.7114055069818869
COHFACE_s08_session3_natural,2,176,7.866666666666666,-0.34921500086784363,-0.9773134190597247
COHFACE_s08_session3_natural,2,177,7.9,-0.5726135969161987,-1.0574435117940402
COHFACE_s08_session3_natural,2,178,7.933333333333334,-0.7239716649055481,-0.9166621316912925
COHFACE_s08_session3_natural,2,179,7.966666666666667,-0.801281750202179,-0.574850564971473
COHFACE_s08_session3_natural,2,180,8.0,-0.8561447858810425,-0.10835618251056181
COHFACE_s08_session3_natural,2,181,8.033333333333333,-0.8188698887825012,0.36658685163806765
COHFACE_s08_session3_natural,2,182,8.066666666666666,-0.7351495623588562,0.7266642851160456
COHFACE_s08_session3_natural,2,183,8.1,-0.6832749247550964,0.8799027221060389
COHFACE_s08_session3_natural,2,184,8.133333333333333,-0.627316951751709,0.7944758471747189
COHFACE_s08_session3_natural,2,185,8.166666666666666,-0.34355759620666504,0.5061814242171698
COHFACE_s08_session3_natural,2,186,8.2,0.3332080543041229,0.10323795116184756
COHFACE_s08_session3_natural,2,187,8.233333333333333,1.087397813796997,-0.3032797187132672
COHFACE_s08_session3_natural,2,188,8.266666666666667,1.4826170206069946,-0.612237650000613
COHFACE_s08_session3_natural,2,189,8.3,1.4612420797348022,-0.759223752759923
COHFACE_s08_session3_natural,2,190,8.333333333333334,1.2005913257598877,-0.7304371286162978
COHFACE_s08_session3_natural,2,191,8.366666666666667,0.8669420480728149,-0.560324539963388
COHFACE_s08_session3_natural,2,192,8.4,0.5285934209823608,-0.315273045074787
COHFACE_s08_session3_natural,2,193,8.433333333333334,0.23760266602039337,-0.07006623085984742
COHFACE_s08_session3_natural,2,194,8.466666666666667,0.08619896322488785,0.11575622131250363
COHFACE_s08_session3_natural,2,195,8.5,0.03181499242782593,0.21505937866160377
COHFACE_s08_session3_natural,2,196,8.533333333333333,-0.02015089988708496,0.23679555761721563
COHFACE_s08_session3_natural,2,197,8.566666666666666,-0.1235123872756958,0.21279894272786024
COHFACE_s08_session3_natural,2,198,8.6,-0.26581406593322754,0.17429800672756357
COHFACE_s08_session3_natural,2,199,8.633333333333333,-0.43149814009666443,0.13238233018234796
COHFACE_s08_session3_natural,2,200,8.666666666666666,-0.6114853620529175,0.07358714353149078
COHFACE_s08_session3_natural,2,201,8.7,-0.7638927698135376,-0.028117547266323678
COHFACE_s08_session3_natural,2,202,8.733333333333333,-0.8713604807853699,-0.19002864892882312
COHFACE_s08_session3_natural,2,203,8.766666666666667,-0.9461384415626526,-0.40079533275024753
COHFACE_s08_session3_natural,2,204,8.8,-0.9737866520881653,-0.6116847441645461
COHFACE_s08_session3_natural,2,205,8.833333333333334,-0.9698629379272461,-0.7445094842970557
COHFACE_s08_session3_natural,2,206,8.866666666666667,-0.9331811666488647,-0.7155635333010371
COHFACE_s08_session3_natural,2,207,8.9,-0.8854355216026306,-0.4689439549315612
COHFACE_s08_session3_natural,2,208,8.933333333333334,-0.810041606426239,-0.008313412802299032
COHFACE_s08_session3_natural,2,209,8.966666666666667,-0.4550173878669739,0.5861831995359803
COHFACE_s08_session3_natural,2,210,9.0,0.31377217173576355,1.1679770748988676
COHFACE_s08_session3_natural,2,211,9.033333333333333,1.1292580366134644,1.5644295625040272
COHFACE_s08_session3_natural,2,212,9.066666666666666,1.5810966491699219,1.635070600531021
COHFACE_s08_session3_natural,2,213,9.1,1.6389708518981934,1.3240248135841812
COHFACE_s08_session3_natural,2,214,9.133333333333333,1.5292904376983643,0.6856113095496894
COHFACE_s08_session3_natural,2,215,9.166666666666666,1.419587254524231,-0.12560979926394117
COHFACE_s08_session3_natural,2,216,9.2,1.3917793035507202,-0.8965105880690569
COHFACE_s08_session3_natural,2,217,9.233333333333333,1.4954144954681396,-1.4159581932277248
COHFACE_s08_session3_natural,2,218,9.266666666666667,1.692716121673584,-1.5364711685560561
COHFACE_s08_session3_natural,2,219,9.3,1.8664528131484985,-1.21885368534312
COHFACE_s08_session3_natural,2,220,9.333333333333334,1.947230339050293,-0.5462289255188169
COHFACE_s08_session3_natural,2,221,9.366666666666667,1.7344393730163574,0.2978221923962455
COHFACE_s08_session3_natural,2,222,9.4,1.274479627609253,1.0820410343047395
COHFACE_s08_session3_natural,2,223,9.433333333333334,0.7936012148857117,1.5958203660116124
COHFACE_s08_session3_natural,2,224,9.466666666666667,0.3874095380306244,1.7105120217792555
COHFACE_s08_session3_natural,2,225,9.5,0.058505114167928696,1.4124788767038372
COHFACE_s08_session3_natural,2,226,9.533333333333333,-0.1785351037979126,0.7982604918898552
COHFACE_s08_session3_natural,2,227,9.566666666666666,-0.3495115637779236,0.037489509664288545
COHFACE_s08_session3_natural,2,228,9.6,-0.49322760105133057,-0.6803456222041222
COHFACE_s08_session3_natural,2,229,9.633333333333333,-0.6351870894432068,-1.1968634007250771
COHFACE_s08_session3_natural,2,230,9.666666666666666,-0.7553154826164246,-1.4196780426983873
COHFACE_s08_session3_natural,2,231,9.7,-0.8297968506813049,-1.3354958220571007
COHFACE_s08_session3_natural,2,232,9.733333333333333,-0.9204292297363281,-1.00320903149711
COHFACE_s08_session3_natural,2,233,9.766666666666667,-1.0332804918289185,-0.5328473995711039
COHFACE_s08_session3_natural,2,234,9.8,-0.9520923495292664,-0.056545717518302605
COHFACE_s08_session3_natural,2,235,9.833333333333334,-0.3923754394054413,0.3031941946252686
COHFACE_s08_session3_natural,2,236,9.866666666666667,0.4505533277988434,0.4623583193312082
COHFACE_s08_session3_natural,2,237,9.9,1.1327482461929321,0.39502500355583964
COHFACE_s08_session3_natural,2,238,9.933333333333334,1.4107133150100708,0.13823045605114925
COHFACE_s08_session3_natural,2,239,9.966666666666667,1.3900227546691895,-0.21975692666059113
COHFACE_s08_session3_natural,3,0,3.0,-3.1573123931884766,-0.03349871225292331
COHFACE_s08_session3_natural,3,1,3.033333333333333,-3.11923885345459,0.3555123576272319
COHFACE_s08_session3_natural,3,2,3.066666666666667,-3.046924591064453,0.5841693363599654
COHFACE_s08_session3_natural,3,3,3.1,-2.979994058609009,0.53994999399712
COHFACE_s08_session3_natural,3,4,3.1333333333333333,-2.9197018146514893,0.19715220165750455
COHFACE_s08_session3_natural,3,5,3.1666666666666665,-2.8734161853790283,-0.3768486077849456
COHFACE_s08_session3_natural,3,6,3.2,-2.839015483856201,-1.0449613319197386
COHFACE_s08_session3_natural,3,7,3.2333333333333334,-2.7006375789642334,-1.641989238232516
COHFACE_s08_session3_natural,3,8,3.2666666666666666,-2.136152744293213,-2.0178150395157783
COHFACE_s08_session3_natural,3,9,3.3,-1.1815589666366577,-2.069217143355867
COHFACE_s08_session3_natural,3,10,3.3333333333333335,-0.3347749710083008,-1.7565806491752147
COHFACE_s08_session3_natural,3,11,3.3666666666666667,0.08722551167011261,-1.1089187881776934
COHFACE_s08_session3_natural,3,12,3.4,0.1929822564125061,-0.22069591699323401
COHFACE_s08_session3_natural,3,13,3.433333333333333,0.17883877456188202,0.7602207339608281
COHFACE_s08_session3_natural,3,14,3.466666666666667,0.12607446312904358,1.6564760422313944
COHFACE_s08_session3_natural,3,15,3.5,-0.0003500242601148784,2.2970476013560366
COHFACE_s08_session3_natural,3,16,3.533333333333333,-0.13551153242588043,2.5578624174208846
COHFACE_s08_session3_natural,3,17,3.566666666666667,-0.14730536937713623,2.3944090561442195
COHFACE_s08_session3_natural,3,18,3.6,-0.04962409287691116,1.8543963953590954
COHFACE_s08_session3_natural,3,19,3.6333333333333333,0.007474515587091446,1.0654084273102924
COHFACE_s08_session3_natural,3,20,3.6666666666666665,-0.040727388113737106,0.20143791702290118
COHFACE_s08_session3_natural,3,21,3.7,-0.12141367793083191,-0.5611290497872764
COHFACE_s08_session3_natural,3,22,3.7333333333333334,-0.22082866728305817,-1.0855229025564297
COHFACE_s08_session3_natural,3,23,3.7666666666666666,-0.35838544368743896,-1.3040364508419844
COHFACE_s08_session3_natural,3,24,3.8,-0.482619971036911,-1.2283642227711271
COHFACE_s08_session3_natural,3,25,3.8333333333333335,-0.5554817318916321,-0.9392711073952319
COHFACE_s08_session3_natural,3,26,3.8666666666666667,-0.6109606623649597,-0.5592451301532994
COHFACE_s08_session3_natural,3,27,3.9,-0.6374226808547974,-0.21598075380876103
COHFACE_s08_session3_natural,3,28,3.933333333333333,-0.5998968482017517,-0.006634252354924699
COHFACE_s08_session3_natural,3,29,3.966666666666667,-0.5830159187316895,0.027315244718452588
COHFACE_s08_session3_natural,3,30,4.0,-0.6084057092666626,-0.09288927337614437
COHFACE_s08_session3_natural,3,31,4.033333333333333,-0.6275906562805176,-0.2966263116330325
COHFACE_s08_session3_natural,3,32,4.066666666666666,-0.5559836030006409,-0.49256540600161197
COHFACE_s08_session3_natural,3,33,4.1,-0.13373219966888428,-0.6015783981063865
COHFACE_s08_session3_natural,3,34,4.133333333333334,0.6365629434585571,-0.5816212329392358
COHFACE_s08_session3_natural,3,35,4.166666666666667,1.3208109140396118,-0.43648442039875485
COHFACE_s08_session3_natural,3,36,4.2,1.5819635391235352,-0.20759504769339912
COHFACE_s08_session3_natural,3,37,4.233333333333333,1.5553646087646484,0.04548399082414498
COHFACE_s08_session3_natural,3,38,4.266666666666667,1.4509994983673096,0.26740267567409315
COHFACE_s08_session3_natural,3,39,4.3,1.2673622369766235,0.42404198086027517
COHFACE_s08_session3_natural,3,40,4.333333333333333,1.021858811378479,0.508112312168351
COHFACE_s08_session3_natural,3,41,4.366666666666666,0.8448599576950073,0.5318791353672684
COHFACE_s08_session3_natural,3,42,4.4,0.8126721382141113,0.5123194793300111
COHFACE_s08_session3_natural,3,43,4.433333333333334,0.8310814499855042,0.45846155346006306
COHFACE_s08_session3_natural,3,44,4.466666666666667,0.8198122978210449,0.3688700707716486
COHFACE_s08_session3_natural,3,45,4.5,0.754843533039093,0.24027975290144124
COHFACE_s08_session3_natural,3,46,4.533333333333333,0.6273240447044373,0.08069271399720773
COHFACE_s08_session3_natural,3,47,4.566666666666666,0.47573786973953247,-0.08318049645194782
COHFACE_s08_session3_natural,3,48,4.6,0.31486713886260986,-0.21089968180794408
COHFACE_s08_session3_natural,3,49,4.633333333333334,0.18321870267391205,-0.26434756197266873
COHFACE_s08_session3_natural,3,50,4.666666666666667,0.10777918249368668,-0.22582880805417124
COHFACE_s08_session3_natural,3,51,4.7,0.052277419716119766,-0.10767120050873659
COHFACE_s08_session3_natural,3,52,4.733333333333333,0.01347409002482891,0.05115419056216231
COHFACE_s08_session3_natural,3,53,4.766666666666667,0.0053073689341545105,0.19840797915269168
COHFACE_s08_session3_natural,3,54,4.8,0.0010871361009776592,0.2861035684929723
COHFACE_s08_session3_natural,3,55,4.833333333333333,-0.003885895013809204,0.286431373630764
COHFACE_s08_session3_natural,3,56,4.866666666666666,0.19467034935951233,0.20037630187979383
COHFACE_s08_session3_natural,3,57,4.9,0.7902934551239014,0.055486328871734575
COHFACE_s08_session3_natural,3,58,4.933333333333334,1.555159330368042,-0.10499711431016312
COHFACE_s08_session3_natural,3,59,4.966666666666667,2.045869827270508,-0.23525741281084628
COHFACE_s08_session3_natural,3,60,5.0,2.125962972640991,-0.2975940259533751
COHFACE_s08_session3_natural,3,61,5.033333333333333,1.9909839630126953,-0.2699185297504919
COHFACE_s08_session3_natural,3,62,5.066666666666666,1.8026703596115112,-0.1503950776894655
COHFACE_s08_session3_natural,3,63,5.1,1.574914574623108,0.04125410947593001
COHFACE_s08_session3_natural,3,64,5.133333333333334,1.3291373252868652,0.26626608466448326
COHFACE_s08_session3_natural,3,65,5.166666666666667,1.1194944381713867,0.47305352650538335
COHFACE_s08_session3_natural,3,66,5.2,0.923880934715271,0.6067877520677096
COHFACE_s08_session3_natural,3,67,5.233333333333333,0.7023529410362244,0.6215967094661013
COHFACE_s08_session3_natural,3,68,5.266666666666667,0.45872005820274353,0.4932500438090905
COHFACE_s08_session3_natural,3,69,5.3,0.20536921918392181,0.22858528115432278
COHFACE_s08_session3_natural,3,70,5.333333333333333,-0.05578335374593735,-0.13243418089837286
COHFACE_s08_session3_natural,3,71,5.366666666666666,-0.27147147059440613,-0.5240514013959815
COHFACE_s08_session3_natural,3,72,5.4,-0.44484320282936096,-0.8694224766010801
COHFACE_s08_session3_natural,3,73,5.433333333333334,-0.5949693918228149,-1.0976554464448995
COHFACE_s08_session3_natural,3,74,5.466666666666667,-0.7280322313308716,-1.1584317582943688
COHFACE_s08_session3_natural,3,75,5.5,-0.8352717757225037,-1.0318305251794186
COHFACE_s08_session3_natural,3,76,5.533333333333333,-0.916642427444458,-0.7329282787709861
COHFACE_s08_session3_natural,3,77,5.566666666666666,-0.9867666959762573,-0.3112475606229686
COHFACE_s08_session3_natural,3,78,5.6,-1.0747300386428833,0.15545488213518519
COHFACE_s08_session3_natural,3,79,5.633333333333334,-1.1293649673461914,0.5741210077115837
COHFACE_s08_session3_natural,3,80,5.666666666666667,-0.8738241791725159,0.8562223524908167
COHFACE_s08_session3_natural,3,81,5.7,-0.12770980596542358,0.9412665345199529
COHFACE_s08_session3_natural,3,82,5.733333333333333,0.7649720907211304,0.8161422441905694
COHFACE_s08_session3_natural,3,83,5.766666666666667,1.294873595237732,0.5213639444791688
COHFACE_s08_session3_natural,3,84,5.8,1.442490577697754,0.14048856255797462
COHFACE_s08_session3_natural,3,85,5.833333333333333,1.4230090379714966,-0.22336711447545152
COHFACE_s08_session3_natural,3,86,5.866666666666666,1.3594774007797241,-0.47536402927023746
COHFACE_s08_session3_natural,3,87,5.9,1.2171984910964966,-0.5524824042073733
COHFACE_s08_session3_natural,3,88,5.933333333333334,0.9894200563430786,-0.43711675236485825
COHFACE_s08_session3_natural,3,89,5.966666666666667,0.7696029543876648,-0.15907234005457538
COHFACE_s08_session3_natural,3,90,6.0,0.6224194765090942,0.21257254128812791
COHFACE_s08_session3_natural,3,91,6.033333333333333,0.5243275761604309,0.5850091735362055
COHFACE_s08_session3_natural,3,92,6.066666666666666,0.40853351354599,0.862055863932827
COHFACE_s08_session3_natural,3,93,6.1,0.24793653190135956,0.9664692138275409
COHFACE_s08_session3_natural,3,94,6.133333333333334,0.046026911586523056,0.8597396332721916
COHFACE_s08_session3_natural,3,95,6.166666666666667,-0.15695488452911377,0.5537267100490625
COHFACE_s08_session3_natural,3,96,6.2,-0.3569026589393616,0.10981698448906335
COHFACE_s08_session3_natural,3,97,6.233333333333333,-0.533057451248169,-0.3751491418693126
COHFACE_s08_session3_natural,3,98,6.266666666666667,-0.6926050782203674,-0.792785338729951
COHFACE_s08_session3_natural,3,99,6.3,-0.8052282333374023,-1.0503829472607933
COHFACE_s08_session3_natural,3,100,6.333333333333333,-0.8708586096763611,-1.0939642151625832
COHFACE_s08_session3_natural,3,101,6.366666666666666,-0.9312421083450317,-0.9212078470239743
COHFACE_s08_session3_natural,3,102,6.4,-0.9895269870758057,-0.5815591130901299
COHFACE_s08_session3_natural,3,103,6.433333333333334,-1.0524654388427734,-0.16397842973167567
COHFACE_s08_session3_natural,3,104,6.466666666666667,-1.016353964805603,0.22527956033321478
COHFACE_s08_session3_natural,3,105,6.5,-0.5635800361633301,0.49052753105442853
COHFACE_s08_session3_natural,3,106,6.533333333333333,0.31965768337249756,0.5731285652809539
COHFACE_s08_session3_natural,3,107,6.566666666666666,1.109936237335205,0.4683056155693133
COHFACE_s08_session3_natural,3,108,6.6,1.4654850959777832,0.22632212344543653
COHFACE_s08_session3_natural,3,109,6.633333333333334,1.5389628410339355,-0.06281793836936223
COHFACE_s08_session3_natural,3,110,6.666666666666667,1.5322788953781128,-0.2965800579769053
COHFACE_s08_session3_natural,3,111,6.7,1.4476232528686523,-0.39075242614888
COHFACE_s08_session3_natural,3,112,6.733333333333333,1.178600549697876,-0.30477512019242997
COHFACE_s08_session3_natural,3,113,6.766666666666667,0.8484642505645752,-0.05410789461486359
COHFACE_s08_session3_natural,3,114,6.8,0.6171498894691467,0.29417970328442916
COHFACE_s08_session3_natural,3,115,6.833333333333333,0.4622787535190582,0.6415667296317801
COHFACE_s08_session3_natural,3,116,6.866666666666666,0.36366215348243713,0.8878475728051407
COHFACE_s08_session3_natural,3,117,6.9,0.36078783869743347,0.960597096465697
COHFACE_s08_session3_natural,3,118,6.933333333333334,0.46398964524269104,0.8339454640245388
COHFACE_s08_session3_natural,3,119,6.966666666666667,0.5234379172325134,0.5307221760135726
COHFACE_s08_session3_natural,3,120,7.0,0.32985466718673706,0.11018913493699428
COHFACE_s08_session3_natural,3,121,7.033333333333333,0.06194973737001419,-0.35019765027033906
COHFACE_s08_session3_natural,3,122,7.066666666666666,-0.2044496089220047,-0.7708610109629406
COHFACE_s08_session3_natural,3,123,7.1,-0.5014399290084839,-1.0810628406213345
COHFACE_s08_session3_natural,3,124,7.133333333333334,-0.7791312336921692,-1.2269973835799135
COHFACE_s08_session3_natural,3,125,7.166666666666667,-1.0012295246124268,-1.1804817126478024
COHFACE_s08_session3_natural,3,126,7.2,-1.1965465545654297,-0.9481680231597611
COHFACE_s08_session3_natural,3,127,7.233333333333333,-1.3201651573181152,-0.5763303898216033
COHFACE_s08_session3_natural,3,128,7.266666666666667,-1.3683669567108154,-0.14472808029943976
COHFACE_s08_session3_natural,3,129,7.3,-1.3781077861785889,0.2527962689073493
COHFACE_s08_session3_natural,3,130,7.333333333333333,-1.1847527027130127,0.5353085450150076
COHFACE_s08_session3_natural,3,131,7.366666666666666,-0.5490258932113647,0.6582265573279139
COHFACE_s08_session3_natural,3,132,7.4,0.3067232370376587,0.6239256983284963
COHFACE_s08_session3_natural,3,133,7.433333333333334,0.8681738972663879,0.4768470359673551
COHFACE_s08_session3_natural,3,134,7.466666666666667,0.9966286420822144,0.28659503389295954
COHFACE_s08_session3_natural,3,135,7.5,0.9396212697029114,0.1256558261805832
COHFACE_s08_session3_natural,3,136,7.533333333333333,0.8338645100593567,0.048496899665766945
COHFACE_s08_session3_natural,3,137,7.566666666666666,0.6494289636611938,0.07718869614540376
COHFACE_s08_session3_natural,3,138,7.6,0.42970311641693115,0.1966430352533124
COHFACE_s08_session3_natural,3,139,7.633333333333334,0.2846411466598511,0.36044858893422793
COHFACE_s08_session3_natural,3,140,7.666666666666667,0.22856909036636353,0.5058267147418738
COHFACE_s08_session3_natural,3,141,7.7,0.20475329458713531,0.5732265665386884
COHFACE_s08_session3_natural,3,142,7.733333333333333,0.14838466048240662,0.5236010523666091
COHFACE_s08_session3_natural,3,143,7.766666666666667,0.05426206812262535,0.34739138454438306
COHFACE_s08_session3_natural,3,144,7.8,-0.06091606989502907,0.06442597109986782
COHFACE_s08_session3_natural,3,145,7.833333333333333,-0.1797669529914856,-0.2814620677686764
COHFACE_s08_session3_natural,3,146,7.866666666666666,-0.34921500086784363,-0.6296054782330185
COHFACE_s08_session3_natural,3,147,7.9,-0.5726135969161987,-0.9113173804214152
COHFACE_s08_session3_natural,3,148,7.933333333333334,-0.7239716649055481,-1.0621580157665516
COHFACE_s08_session3_natural,3,149,7.966666666666667,-0.801281750202179,-1.0376876196518643
COHFACE_s08_session3_natural,3,150,8.0,-0.8561447858810425,-0.8283696804740047
COHFACE_s08_session3_natural,3,151,8.033333333333333,-0.8188698887825012,-0.4668283039317693
COHFACE_s08_session3_natural,3,152,8.066666666666666,-0.7351495623588562,-0.023225897330164252
COHFACE_s08_session3_natural,3,153,8.1,-0.6832749247550964,0.41040909844001655
COHFACE_s08_session3_natural,3,154,8.133333333333333,-0.627316951751709,0.7424947884304142
COHFACE_s08_session3_natural,3,155,8.166666666666666,-0.34355759620666504,0.9051183772372892
COHFACE_s08_session3_natural,3,156,8.2,0.3332080543041229,0.8723860938716507
COHFACE_s08_session3_natural,3,157,8.233333333333333,1.087397813796997,0.6686994550974832
COHFACE_s08_session3_natural,3,158,8.266666666666667,1.4826170206069946,0.36324671412800924
COHFACE_s08_session3_natural,3,159,8.3,1.4612420797348022,0.050554758105205294
COHFACE_s08_session3_natural,3,160,8.333333333333334,1.2005913257598877,-0.1776246075457352
COHFACE_s08_session3_natural,3,161,8.366666666666667,0.8669420480728149,-0.2598156052046247
COHFACE_s08_session3_natural,3,162,8.4,0.5285934209823608,-0.1826783791286895
COHFACE_s08_session3_natural,3,163,8.433333333333334,0.23760266602039337,0.016427214706035365
COHFACE_s08_session3_natural,3,164,8.466666666666667,0.08619896322488785,0.2633446425504293
COHFACE_s08_session3_natural,3,165,8.5,0.03181499242782593,0.4727781604179875
COHFACE_s08_session3_natural,3,166,8.533333333333333,-0.02015089988708496,0.5748903364780428
COHFACE_s08_session3_natural,3,167,8.566666666666666,-0.1235123872756958,0.5314913816314534
COHFACE_s08_session3_natural,3,168,8.6,-0.26581406593322754,0.33819230042595066
COHFACE_s08_session3_natural,3,169,8.633333333333333,-0.43149814009666443,0.01776284318315562
COHFACE_s08_session3_natural,3,170,8.666666666666666,-0.6114853620529175,-0.3878351402991541
COHFACE_s08_session3_natural,3,171,8.7,-0.7638927698135376,-0.8228171937393869
COHFACE_s08_session3_natural,3,172,8.733333333333333,-0.8713604807853699,-1.2209102024725362
COHFACE_s08_session3_natural,3,173,8.766666666666667,-0.9461384415626526,-1.5099530941300587
COHFACE_s08_session3_natural,3,174,8.8,-0.9737866520881653,-1.6212120430468178
COHFACE_s08_session3_natural,3,175,8.833333333333334,-0.9698629379272461,-1.5042506888368126
COHFACE_s08_session3_natural,3,176,8.866666666666667,-0.9331811666488647,-1.144018014418352
COHFACE_s08_session3_natural,3,177,8.9,-0.8854355216026306,-0.5738189646680332
COHFACE_s08_session3_natural,3,178,8.933333333333334,-0.810041606426239,0.12201256322853271
COHFACE_s08_session3_natural,3,179,8.966666666666667,-0.4550173878669739,0.8194950525580377
COHFACE_s08_session3_natural,3,180,9.0,0.31377217173576355,1.3807622727938496
COHFACE_s08_session3_natural,3,181,9.033333333333333,1.1292580366134644,1.6893298184185443
COHFACE_s08_session3_natural,3,182,9.066666666666666,1.5810966491699219,1.683756650835859
COHFACE_s08_session3_natural,3,183,9.1,1.6389708518981934,1.376534664033985
COHFACE_s08_session3_natural,3,184,9.133333333333333,1.5292904376983643,0.8507180128665122
COHFACE_s08_session3_natural,3,185,9.166666666666666,1.419587254524231,0.2364493162365897
COHFACE_s08_session3_natural,3,186,9.2,1.3917793035507202,-0.3232177081997679
COHFACE_s08_session3_natural,3,187,9.233333333333333,1.4954144954681396,-0.7062601539546625
COHFACE_s08_session3_natural,3,188,9.266666666666667,1.692716121673584,-0.8378705712030278
COHFACE_s08_session3_natural,3,189,9.3,1.8664528131484985,-0.7054777361462343
COHFACE_s08_session3_natural,3,190,9.333333333333334,1.947230339050293,-0.3607003957368087
COHFACE_s08_session3_natural,3,191,9.366666666666667,1.7344393730163574,0.09329349113170125
COHFACE_s08_session3_natural,3,192,9.4,1.274479627609253,0.5283212376957989
COHFACE_s08_session3_natural,3,193,9.433333333333334,0.7936012148857117,0.8263419411566512
COHFACE_s08_session3_natural,3,194,9.466666666666667,0.3874095380306244,0.9130743718889802
COHFACE_s08_session3_natural,3,195,9.5,0.058505114167928696,0.7781742693779005
COHFACE_s08_session3_natural,3,196,9.533333333333333,-0.1785351037979126,0.47389449259235705
COHFACE_s08_session3_natural,3,197,9.566666666666666,-0.3495115637779236,0.0926063223238723
COHFACE_s08_session3_natural,3,198,9.6,-0.49322760105133057,-0.26718083019736033
COHFACE_s08_session3_natural,3,199,9.633333333333333,-0.6351870894432068,-0.5318323141220511
COHFACE_s08_session3_natural,3,200,9.666666666666666,-0.7553154826164246,-0.6688123624707262
COHFACE_s08_session3_natural,3,201,9.7,-0.8297968506813049,-0.684366107732894
COHFACE_s08_session3_natural,3,202,9.733333333333333,-0.9204292297363281,-0.6076490442595633
COHFACE_s08_session3_natural,3,203,9.766666666666667,-1.0332804918289185,-0.47151107978693946
COHFACE_s08_session3_natural,3,204,9.8,-0.9520923495292664,-0.2997643370190056
COHFACE_s08_session3_natural,3,205,9.833333333333334,-0.3923754394054413,-0.10568878730680976
COHFACE_s08_session3_natural,3,206,9.866666666666667,0.4505533277988434,0.1002501483637349
COHFACE_s08_session3_natural,3,207,9.9,1.1327482461929321,0.30035239883318665
COHFACE_s08_session3_natural,3,208,9.933333333333334,1.4107133150100708,0.4648033991401554
COHFACE_s08_session3_natural,3,209,9.966666666666667,1.3900227546691895,0.5563295938824276
COHFACE_s08_session3_natural,3,210,10.0,1.3505806922912598,0.5437597293401462
COHFACE_s08_session3_natural,3,211,10.033333333333333,1.315016746520996,0.418616186449237
COHFACE_s08_session3_natural,3,212,10.066666666666666,1.17850923538208,0.20542855901054025
COHFACE_s08_session3_natural,3,213,10.1,1.005183219909668,-0.042116215172031575
COHFACE_s08_session3_natural,3,214,10.133333333333333,0.8634061813354492,-0.2600248972913529
COHFACE_s08_session3_natural,3,215,10.166666666666666,0.8249906301498413,-0.40009439097159183
COHFACE_s08_session3_natural,3,216,10.2,0.7576494216918945,-0.4507964599972654
COHFACE_s08_session3_natural,3,217,10.233333333333333,0.5507439374923706,-0.4424263720099352
COHFACE_s08_session3_natural,3,218,10.266666666666667,0.2433284968137741,-0.4336493372829207
COHFACE_s08_session3_natural,3,219,10.3,-0.051745615899562836,-0.4856408323739813
COHFACE_s08_session3_natural,3,220,10.333333333333334,-0.23120816051959991,-0.6355141375095411
COHFACE_s08_session3_natural,3,221,10.366666666666667,-0.345086008310318,-0.8799951469325755
COHFACE_s08_session3_natural,3,222,10.4,-0.42383328080177307,-1.1742242547176893
COHFACE_s08_session3_natural,3,223,10.433333333333334,-0.46512311697006226,-1.4436327070142365
COHFACE_s08_session3_natural,3,224,10.466666666666667,-0.4750007390975952,-1.603173561238535
COHFACE_s08_session3_natural,3,225,10.5,-0.4677693247795105,-1.5778488760150189
COHFACE_s08_session3_natural,3,226,10.533333333333333,-0.538692057132721,-1.3197631308758364
COHFACE_s08_session3_natural,3,227,10.566666666666666,-0.6582044959068298,-0.8192344603132989
COHFACE_s08_session3_natural,3,228,10.6,-0.7480155825614929,-0.10994664897145202
COHFACE_s08_session3_natural,3,229,10.633333333333333,-0.8216986060142517,0.7317232074966672
COHFACE_s08_session3_natural,3,230,10.666666666666666,-0.8349295854568481,1.5954802038742513
COHFACE_s08_session3_natural,3,231,10.7,-0.4871367812156677,2.3564870614429476
COHFACE_s08_session3_natural,3,232,10.733333333333333,0.33295711874961853,2.9026812655197896
COHFACE_s08_session3_natural,3,233,10.766666666666667,1.2229700088500977,3.161262542704939
COHFACE_s08_session3_natural,3,234,10.8,1.6857128143310547,3.11431754174734
COHFACE_s08_session3_natural,3,235,10.833333333333334,1.730401635169983,2.7974873920925014
COHFACE_s08_session3_natural,3,236,10.866666666666667,1.601559042930603,2.28205643982728
COHFACE_s08_session3_natural,3,237,10.9,1.406424641609192,1.6476215040043511
COHFACE_s08_session3_natural,3,238,10.933333333333334,1.1552410125732422,0.9572330519006746
COHFACE_s08_session3_natural,3,239,10.966666666666667,0.9085968732833862,0.24655908970026022
COHFACE_s08_session3_natural,4,0,4.0,-0.6084057092666626,-0.04323798157241247
COHFACE_s08_session3_natural,4,1,4.033333333333333,-0.6275906562805176,0.3513115017122903
COHFACE_s08_session3_natural,4,2,4.066666666666666,-0.5559836030006409,0.6756863449127453
COHFACE_s08_session3_natural,4,3,4.1,-0.13373219966888428,0.8657062207710204
COHFACE_s08_session3_natural,4,4,4.133333333333334,0.6365629434585571,0.8730407498818661
COHFACE_s08_session3_natural,4,5,4.166666666666667,1.3208109140396118,0.6786717750389603
COHFACE_s08_session3_natural,4,6,4.2,1.5819635391235352,0.3044958266319792
COHFACE_s08_session3_natural,4,7,4.233333333333333,1.5553646087646484,-0.18447342750772577
COHFACE_s08_session3_natural,4,8,4.266666666666667,1.4509994983673096,-0.6909540079374483
COHFACE_s08_session3_natural,4,9,4.3,1.2673622369766235,-1.1071605384238656
COHFACE_s08_session3_natural,4,10,4.333333333333333,1.021858811378479,-1.3422311412164816
COHFACE_s08_session3_natural,4,11,4.366666666666666,0.8448599576950073,-1.348470600217688
COHFACE_s08_session3_natural,4,12,4.4,0.8126721382141113,-1.1376756925474865
COHFACE_s08_session3_natural,4,13,4.433333333333334,0.8310814499855042,-0.7793131160611215
COHFACE_s08_session3_natural,4,14,4.466666666666667,0.8198122978210449,-0.3780041831173839
COHFACE_s08_session3_natural,4,15,4.5,0.754843533039093,-0.03675782944863
COHFACE_s08_session3_natural,4,16,4.533333333333333,0.6273240447044373,0.1799645661743988
COHFACE_s08_session3_natural,4,17,4.566666666666666,0.47573786973953247,0.26738695039876514
COHFACE_s08_session3_natural,4,18,4.6,0.31486713886260986,0.27574103647303877
COHFACE_s08_session3_natural,4,19,4.633333333333334,0.18321870267391205,0.2817294046085439
COHFACE_s08_session3_natural,4,20,4.666666666666667,0.10777918249368668,0.3503467320496154
COHFACE_s08_session3_natural,4,21,4.7,0.052277419716119766,0.5055078694396918
COHFACE_s08_session3_natural,4,22,4.733333333333333,0.01347409002482891,0.7207856173918007
COHFACE_s08_session3_natural,4,23,4.766666666666667,0.0053073689341545105,0.9304710671249959
COHFACE_s08_session3_natural,4,24,4.8,0.0010871361009776592,1.0544959102251539
COHFACE_s08_session3_natural,4,25,4.833333333333333,-0.003885895013809204,1.027904712664018
COHFACE_s08_session3_natural,4,26,4.866666666666666,0.19467034935951233,0.8239224581054296
COHFACE_s08_session3_natural,4,27,4.9,0.7902934551239014,0.4621792302932559
COHFACE_s08_session3_natural,4,28,4.933333333333334,1.555159330368042,0.0017481470236157275
COHFACE_s08_session3_natural,4,29,4.966666666666667,2.045869827270508,-0.4745548638493248
COHFACE_s08_session3_natural,4,30,5.0,2.125962972640991,-0.8785134227943469
COHFACE_s08_session3_natural,4,31,5.033333333333333,1.9909839630126953,-1.1347886069301023
COHFACE_s08_session3_natural,4,32,5.066666666666666,1.8026703596115112,-1.1969664595544807
COHFACE_s08_session3_natural,4,33,5.1,1.574914574623108,-1.058011429709159
COHFACE_s08_session3_natural,4,34,5.133333333333334,1.3291373252868652,-0.7522283691940285
COHFACE_s08_session3_natural,4,35,5.166666666666667,1.1194944381713867,-0.3479056906089798
COHFACE_s08_session3_natural,4,36,5.2,0.923880934715271,0.06803856041424823
COHFACE_s08_session3_natural,4,37,5.233333333333333,0.7023529410362244,0.41025219885334063
COHFACE_s08_session3_natural,4,38,5.266666666666667,0.45872005820274353,0.6153122400901008
COHFACE_s08_session3_natural,4,39,5.3,0.20536921918392181,0.6568899817572803
COHFACE_s08_session3_natural,4,40,5.333333333333333,-0.05578335374593735,0.5511521576698176
COHFACE_s08_session3_natural,4,41,5.366666666666666,-0.27147147059440613,0.35040210378549264
COHFACE_s08_session3_natural,4,42,5.4,-0.44484320282936096,0.1267723803398865
COHFACE_s08_session3_natural,4,43,5.433333333333334,-0.5949693918228149,-0.04870817252079065
COHFACE_s08_session3_natural,4,44,5.466666666666667,-0.7280322313308716,-0.1249173243072835
COHFACE_s08_session3_natural,4,45,5.5,-0.8352717757225037,-0.08230926450757024
COHFACE_s08_session3_natural,4,46,5.533333333333333,-0.916642427444458,0.06358488051397775
COHFACE_s08_session3_natural,4,47,5.566666666666666,-0.9867666959762573,0.26539188354464016
COHFACE_s08_session3_natural,4,48,5.6,-1.0747300386428833,0.4534727251483355
COHFACE_s08_session3_natural,4,49,5.633333333333334,-1.1293649673461914,0.5526292001654562
COHFACE_s08_session3_natural,4,50,5.666666666666667,-0.8738241791725159,0.5043778944556766
COHFACE_s08_session3_natural,4,51,5.7,-0.12770980596542358,0.28857394333550246
COHFACE_s08_session3_natural,4,52,5.733333333333333,0.7649720907211304,-0.06473939154512254
COHFACE_s08_session3_natural,4,53,5.766666666666667,1.294873595237732,-0.4800246269419888
COHFACE_s08_session3_natural,4,54,5.8,1.442490577697754,-0.8567261808154094
COHFACE_s08_session3_natural,4,55,5.833333333333333,1.4230090379714966,-1.0974826375617668
COHFACE_s08_session3_natural,4,56,5.866666666666666,1.3594774007797241,-1.1341259115052564
COHFACE_s08_session3_natural,4,57,5.9,1.2171984910964966,-0.9443458099570056
COHFACE_s08_session3_natural,4,58,5.933333333333334,0.9894200563430786,-0.556109374790851
COHFACE_s08_session3_natural,4,59,5.966666666666667,0.7696029543876648,-0.040455274415235505
COHFACE_s08_session3_natural,4,60,6.0,0.6224194765090942,0.5045232583891692
COHFACE_s08_session3_natural,4,61,6.033333333333333,0.5243275761604309,0.9746615799260412
COHFACE_s08_session3_natural,4,62,6.066666666666666,0.40853351354599,1.2814077871802896
COHFACE_s08_session3_natural,4,63,6.1,0.24793653190135956,1.369738436873625
COHFACE_s08_session3_natural,4,64,6.133333333333334,0.046026911586523056,1.2281379322888553
COHFACE_s08_session3_natural,4,65,6.166666666666667,-0.15695488452911377,0.8883826903357717
COHFACE_s08_session3_natural,4,66,6.2,-0.3569026589393616,0.41638821975548973
COHFACE_s08_session3_natural,4,67,6.233333333333333,-0.533057451248169,-0.10211598500090478
COHFACE_s08_session3_natural,4,68,6.266666666666667,-0.6926050782203674,-0.5776802475000693
COHFACE_s08_session3_natural,4,69,6.3,-0.8052282333374023,-0.932836058619241
COHFACE_s08_session3_natural,4,70,6.333333333333333,-0.8708586096763611,-1.115183042598327
COHFACE_s08_session3_natural,4,71,6.366666666666666,-0.9312421083450317,-1.105537980862671
COHFACE_s08_session3_natural,4,72,6.4,-0.9895269870758057,-0.9201702725919616
COHFACE_s08_session3_natural,4,73,6.433333333333334,-1.0524654388427734,-0.6073145658436656
COHFACE_s08_session3_natural,4,74,6.466666666666667,-1.016353964805603,-0.23777479790696487
COHFACE_s08_session3_natural,4,75,6.5,-0.5635800361633301,0.11031674413236281
COHFACE_s08_session3_natural,4,76,6.533333333333333,0.31965768337249756,0.36988395215787445
COHFACE_s08_session3_natural,4,77,6.566666666666666,1.109936237335205,0.5011358527954364
COHFACE_s08_session3_natural,4,78,6.6,1.4654850959777832,0.5006065613820585
COHFACE_s08_session3_natural,4,79,6.633333333333334,1.5389628410339355,0.40029484124618187
COHFACE_s08_session3_natural,4,80,6.666666666666667,1.5322788953781128,0.2566689656656244
COHFACE_s08_session3_natural,4,81,6.7,1.4476232528686523,0.1318183777022629
COHFACE_s08_session3_natural,4,82,6.733333333333333,1.178600549697876,0.07185255566663638
COHFACE_s08_session3_natural,4,83,6.766666666666667,0.8484642505645752,0.08980401667126586
COHFACE_s08_session3_natural,4,84,6.8,0.6171498894691467,0.16017362674747931
COHFACE_s08_session3_natural,4,85,6.833333333333333,0.4622787535190582,0.2286225199565488
COHFACE_s08_session3_natural,4,86,6.866666666666666,0.36366215348243713,0.23383432533270682
COHFACE_s08_session3_natural,4,87,6.9,0.36078783869743347,0.13274080216744075
COHFACE_s08_session3_natural,4,88,6.933333333333334,0.46398964524269104,-0.08127558263970182
COHFACE_s08_session3_natural,4,89,6.966666666666667,0.5234379172325134,-0.37407320228804536
COHFACE_s08_session3_natural,4,90,7.0,0.32985466718673706,-0.6806382306340192
COHFACE_s08_session3_natural,4,91,7.033333333333333,0.06194973737001419,-0.9239427396632053
COHFACE_s08_session3_natural,4,92,7.066666666666666,-0.2044496089220047,-1.0359848873218191
COHFACE_s08_session3_natural,4,93,7.1,-0.5014399290084839,-0.9756339319426476
COHFACE_s08_session3_natural,4,94,7.133333333333334,-0.7791312336921692,-0.7398480330150284
COHFACE_s08_session3_natural,4,95,7.166666666666667,-1.0012295246124268,-0.3662843064734407
COHFACE_s08_session3_natural,4,96,7.2,-1.1965465545654297,0.07364240180277283
COHFACE_s08_session3_natural,4,97,7.233333333333333,-1.3201651573181152,0.4912517017654576
COHFACE_s08_session3_natural,4,98,7.266666666666667,-1.3683669567108154,0.8048466357727856
COHFACE_s08_session3_natural,4,99,7.3,-1.3781077861785889,0.9656616485011177
COHFACE_s08_session3_natural,4,100,7.333333333333333,-1.1847527027130127,0.9742413142722993
COHFACE_s08_session3_natural,4,101,7.366666666666666,-0.5490258932113647,0.8768862055077651
COHFACE_s08_session3_natural,4,102,7.4,0.3067232370376587,0.7422518030775698
COHFACE_s08_session3_natural,4,103,7.433333333333334,0.8681738972663879,0.6300486245825335
COHFACE_s08_session3_natural,4,104,7.466666666666667,0.9966286420822144,0.5673065786507678
COHFACE_s08_session3_natural,4,105,7.5,0.9396212697029114,0.5420979560421717
COHFACE_s08_session3_natural,4,106,7.533333333333333,0.8338645100593567,0.5150214152990177
COHFACE_s08_session3_natural,4,107,7.566666666666666,0.6494289636611938,0.4406977832297586
COHFACE_s08_session3_natural,4,108,7.6,0.42970311641693115,0.28866153306440356
COHFACE_s08_session3_natural,4,109,7.633333333333334,0.2846411466598511,0.05551183617737639
COHFACE_s08_session3_natural,4,110,7.666666666666667,0.22856909036636353,-0.23442941065700393
COHFACE_s08_session3_natural,4,111,7.7,0.20475329458713531,-0.5378111321289394
COHFACE_s08_session3_natural,4,112,7.733333333333333,0.14838466048240662,-0.8058522976775326
COHFACE_s08_session3_natural,4,113,7.766666666666667,0.05426206812262535,-0.9979006661003647
COHFACE_s08_session3_natural,4,114,7.8,-0.06091606989502907,-1.090160406638657
COHFACE_s08_session3_natural,4,115,7.833333333333333,-0.1797669529914856,-1.0766065991866456
COHFACE_s08_session3_natural,4,116,7.866666666666666,-0.34921500086784363,-0.9631872524704062
COHFACE_s08_session3_natural,4,117,7.9,-0.5726135969161987,-0.760497745666625
COHFACE_s08_session3_natural,4,118,7.933333333333334,-0.7239716649055481,-0.481058006695418
COHFACE_s08_session3_natural,4,119,7.966666666666667,-0.801281750202179,-0.14360927897325765
COHFACE_s08_session3_natural,4,120,8.0,-0.8561447858810425,0.2196906955532749
COHFACE_s08_session3_natural,4,121,8.033333333333333,-0.8188698887825012,0.5610063946918479
COHFACE_s08_session3_natural,4,122,8.066666666666666,-0.7351495623588562,0.8243393957836621
COHFACE_s08_session3_natural,4,123,8.1,-0.6832749247550964,0.9608345741607741
COHFACE_s08_session3_natural,4,124,8.133333333333333,-0.627316951751709,0.9447447633600767
COHFACE_s08_session3_natural,4,125,8.166666666666666,-0.34355759620666504,0.7825431483515976
COHFACE_s08_session3_natural,4,126,8.2,0.3332080543041229,0.5116908327228937
COHFACE_s08_session3_natural,4,127,8.233333333333333,1.087397813796997,0.19041289345503112
COHFACE_s08_session3_natural,4,128,8.266666666666667,1.4826170206069946,-0.11767960010151089
COHFACE_s08_session3_natural,4,129,8.3,1.4612420797348022,-0.3597019215302349
COHFACE_s08_session3_natural,4,130,8.333333333333334,1.2005913257598877,-0.5057994677296461
COHFACE_s08_session3_natural,4,131,8.366666666666667,0.8669420480728149,-0.5539814764048818
COHFACE_s08_session3_natural,4,132,8.4,0.5285934209823608,-0.5263348519341329
COHFACE_s08_session3_natural,4,133,8.433333333333334,0.23760266602039337,-0.45823798902891205
COHFACE_s08_session3_natural,4,134,8.466666666666667,0.08619896322488785,-0.38393232277384015
COHFACE_s08_session3_natural,4,135,8.5,0.03181499242782593,-0.3233112382750732
COHFACE_s08_session3_natural,4,136,8.533333333333333,-0.02015089988708496,-0.2760385830220598
COHFACE_s08_session3_natural,4,137,8.566666666666666,-0.1235123872756958,-0.22686430988021963
COHFACE_s08_session3_natural,4,138,8.6,-0.26581406593322754,-0.1591467463814604
COHFACE_s08_session3_natural,4,139,8.633333333333333,-0.43149814009666443,-0.06776189165070502
COHFACE_s08_session3_natural,4,140,8.666666666666666,-0.6114853620529175,0.03663978294052845
COHFACE_s08_session3_natural,4,141,8.7,-0.7638927698135376,0.13406766261626185
COHFACE_s08_session3_natural,4,142,8.733333333333333,-0.8713604807853699,0.20791468031084448
COHFACE_s08_session3_natural,4,143,8.766666666666667,-0.9461384415626526,0.2560633469620354
COHFACE_s08_session3_natural,4,144,8.8,-0.9737866520881653,0.2933364991003164
COHFACE_s08_session3_natural,4,145,8.833333333333334,-0.9698629379272461,0.3431788106062986
COHFACE_s08_session3_natural,4,146,8.866666666666667,-0.9331811666488647,0.42292808584766745
COHFACE_s08_session3_natural,4,147,8.9,-0.8854355216026306,0.530652115058815
COHFACE_s08_session3_natural,4,148,8.933333333333334,-0.810041606426239,0.6399316200310492
COHFACE_s08_session3_natural,4,149,8.966666666666667,-0.4550173878669739,0.7050348826405644
COHFACE_s08_session3_natural,4,150,9.0,0.31377217173576355,0.6758853746675377
COHFACE_s08_session3_natural,4,151,9.033333333333333,1.1292580366134644,0.5188689553472354
COHFACE_s08_session3_natural,4,152,9.066666666666666,1.5810966491699219,0.2351443823477449
COHFACE_s08_session3_natural,4,153,9.1,1.6389708518981934,-0.1328378705103485
COHFACE_s08_session3_natural,4,154,9.133333333333333,1.5292904376983643,-0.5103185491166516
COHFACE_s08_session3_natural,4,155,9.166666666666666,1.419587254524231,-0.8106975317341311
COHFACE_s08_session3_natural,4,156,9.2,1.3917793035507202,-0.9594869842930922
COHFACE_s08_session3_natural,4,157,9.233333333333333,1.4954144954681396,-0.9142938097060509
COHFACE_s08_session3_natural,4,158,9.266666666666667,1.692716121673584,-0.676176843435604
COHFACE_s08_session3_natural,4,159,9.3,1.8664528131484985,-0.2906249845437
COHFACE_s08_session3_natural,4,160,9.333333333333334,1.947230339050293,0.16167358050163058
COHFACE_s08_session3_natural,4,161,9.366666666666667,1.7344393730163574,0.5827852445357666
COHFACE_s08_session3_natural,4,162,9.4,1.274479627609253,0.8810762811184798
COHFACE_s08_session3_natural,4,163,9.433333333333334,0.7936012148857117,0.9948467398168976
COHFACE_s08_session3_natural,4,164,9.466666666666667,0.3874095380306244,0.9084985974358674
COHFACE_s08_session3_natural,4,165,9.5,0.058505114167928696,0.654627207036178
COHFACE_s08_session3_natural,4,166,9.533333333333333,-0.1785351037979126,0.3005861511444882
COHFACE_s08_session3_natural,4,167,9.566666666666666,-0.3495115637779236,-0.07543478841259192
COHFACE_s08_session3_natural,4,168,9.6,-0.49322760105133057,-0.4097675029479143
COHFACE_s08_session3_natural,4,169,9.633333333333333,-0.6351870894432068,-0.6706629476980209
COHFACE_s08_session3_natural,4,170,9.666666666666666,-0.7553154826164246,-0.8612353500414789
COHFACE_s08_session3_natural,4,171,9.7,-0.8297968506813049,-1.0070342914767922
COHFACE_s08_session3_natural,4,172,9.733333333333333,-0.9204292297363281,-1.1339478405769083
COHFACE_s08_session3_natural,4,173,9.766666666666667,-1.0332804918289185,-1.2465102187498576
COHFACE_s08_session3_natural,4,174,9.8,-0.9520923495292664,-1.3164024455756322
COHFACE_s08_session3_natural,4,175,9.833333333333334,-0.3923754394054413,-1.2868452335259069
COHFACE_s08_session3_natural,4,176,9.866666666666667,0.4505533277988434,-1.092844238818933
COHFACE_s08_session3_natural,4,177,9.9,1.1327482461929321,-0.6911105623641308
COHFACE_s08_session3_natural,4,178,9.933333333333334,1.4107133150100708,-0.08832786759996519
COHFACE_s08_session3_natural,4,179,9.966666666666667,1.3900227546691895,0.6452093129667948
COHFACE_s08_session3_natural,4,180,10.0,1.3505806922912598,1.3856012049907214
COHFACE_s08_session3_natural,4,181,10.033333333333333,1.315016746520996,1.9885011092748701
COHFACE_s08_session3_natural,4,182,10.066666666666666,1.17850923538208,2.3333628773739825
COHFACE_s08_session3_natural,4,183,10.1,1.005183219909668,2.3600303061590404
COHFACE_s08_session3_natural,4,184,10.133333333333333,0.8634061813354492,2.0822185400199733
COHFACE_s08_session3_natural,4,185,10.166666666666666,0.8249906301498413,1.5740337321998061
COHFACE_s08_session3_natural,4,186,10.2,0.7576494216918945,0.9389255863593211
COHFACE_s08_session3_natural,4,187,10.233333333333333,0.5507439374923706,0.2772689838057234
COHFACE_s08_session3_natural,4,188,10.266666666666667,0.2433284968137741,-0.33467843409704695
COHFACE_s08_session3_natural,4,189,10.3,-0.051745615899562836,-0.8507282473829849
COHFACE_s08_session3_natural,4,190,10.333333333333334,-0.23120816051959991,-1.2493738750680683
COHFACE_s08_session3_natural,4,191,10.366666666666667,-0.345086008310318,-1.5237502545563264
COHFACE_s08_session3_natural,4,192,10.4,-0.42383328080177307,-1.6726695987107116
COHFACE_s08_session3_natural,4,193,10.433333333333334,-0.46512311697006226,-1.6958356728106627
COHFACE_s08_session3_natural,4,194,10.466666666666667,-0.4750007390975952,-1.5939440705312011
COHFACE_s08_session3_natural,4,195,10.5,-0.4677693247795105,-1.3722500452633095
COHFACE_s08_session3_natural,4,196,10.533333333333333,-0.538692057132721,-1.044342092668483
COHFACE_s08_session3_natural,4,197,10.566666666666666,-0.6582044959068298,-0.6331165366550721
COHFACE_s08_session3_natural,4,198,10.6,-0.7480155825614929,-0.16889327943607574
COHFACE_s08_session3_natural,4,199,10.633333333333333,-0.8216986060142517,0.31301018448832973
COHFACE_s08_session3_natural,4,200,10.666666666666666,-0.8349295854568481,0.7738165653024119
COHFACE_s08_session3_natural,4,201,10.7,-0.4871367812156677,1.1726315061585157
COHFACE_s08_session3_natural,4,202,10.733333333333333,0.33295711874961853,1.46878591335829
COHFACE_s08_session3_natural,4,203,10.766666666666667,1.2229700088500977,1.625766715387005
COHFACE_s08_session3_natural,4,204,10.8,1.6857128143310547,1.6169545659260987
COHFACE_s08_session3_natural,4,205,10.833333333333334,1.730401635169983,1.4325603355129082
COHFACE_s08_session3_natural,4,206,10.866666666666667,1.601559042930603,1.0853821189202733
COHFACE_s08_session3_natural,4,207,10.9,1.406424641609192,0.6121861140660629
COHFACE_s08_session3_natural,4,208,10.933333333333334,1.1552410125732422,0.06918804925049148
COHFACE_s08_session3_natural,4,209,10.966666666666667,0.9085968732833862,-0.4771977628830672
COHFACE_s08_session3_natural,4,210,11.0,0.760318398475647,-0.9615916261553858
COHFACE_s08_session3_natural,4,211,11.033333333333333,0.6527823209762573,-1.329814501326439
COHFACE_s08_session3_natural,4,212,11.066666666666666,0.5508580207824707,-1.5454033196628807
COHFACE_s08_session3_natural,4,213,11.1,0.4496864676475525,-1.5913841600767187
COHFACE_s08_session3_natural,4,214,11.133333333333333,0.2863292396068573,-1.4685108800062807
COHFACE_s08_session3_natural,4,215,11.166666666666666,0.07572823017835617,-1.1924569714837499
COHFACE_s08_session3_natural,4,216,11.2,-0.11806029826402664,-0.79153466387803
COHFACE_s08_session3_natural,4,217,11.233333333333333,-0.3105713427066803,-0.30490382396862564
COHFACE_s08_session3_natural,4,218,11.266666666666667,-0.501531183719635,0.2193035299473695
COHFACE_s08_session3_natural,4,219,11.3,-0.6400917172431946,0.7263932083696429
COHFACE_s08_session3_natural,4,220,11.333333333333334,-0.7573685646057129,1.1587005234649004
COHFACE_s08_session3_natural,4,221,11.366666666666667,-0.8518333435058594,1.4612291755233164
COHFACE_s08_session3_natural,4,222,11.4,-0.922117292881012,1.5897342686673164
COHFACE_s08_session3_natural,4,223,11.433333333333334,-0.9897550940513611,1.5204631750770903
COHFACE_s08_session3_natural,4,224,11.466666666666667,-1.0525110960006714,1.2592700739961409
COHFACE_s08_session3_natural,4,225,11.5,-1.1196242570877075,0.846428047666026
COHFACE_s08_session3_natural,4,226,11.533333333333333,-1.2124236822128296,0.35307629462625606
COHFACE_s08_session3_natural,4,227,11.566666666666666,-1.1061195135116577,-0.13258073269766857
COHFACE_s08_session3_natural,4,228,11.6,-0.4946647584438324,-0.5264134135214353
COHFACE_s08_session3_natural,4,229,11.633333333333333,0.39299848675727844,-0.7696510945184757
COHFACE_s08_session3_natural,4,230,11.666666666666666,1.0527691841125488,-0.8425331113448076
COHFACE_s08_session3_natural,4,231,11.7,1.2321860790252686,-0.7657536094718982
COHFACE_s08_session3_natural,4,232,11.733333333333333,1.1054878234863281,-0.5901080267797881
COHFACE_s08_session3_natural,4,233,11.766666666666667,0.9307017922401428,-0.3791121743522431
COHFACE_s08_session3_natural,4,234,11.8,0.7162455320358276,-0.1912633261034196
COHFACE_s08_session3_natural,4,235,11.833333333333334,0.44505563378334045,-0.06745577385764992
COHFACE_s08_session3_natural,4,236,11.866666666666667,0.24316881597042084,-0.02575439596321654
COHFACE_s08_session3_natural,4,237,11.9,0.14329758286476135,-0.06246071577623147
COHFACE_s08_session3_natural,4,238,11.933333333333334,0.06756150722503662,-0.15694506994493088
COHFACE_s08_session3_natural,4,239,11.966666666666667,0.014363760128617287,-0.2779328115727571
COHFACE_s08_session3_natural,5,0,5.0,2.125962972640991,-0.30869384025869
COHFACE_s08_session3_natural,5,1,5.033333333333333,1.9909839630126953,-0.22161461044442177
COHFACE_s08_session3_natural,5,2,5.066666666666666,1.8026703596115112,-0.17198193942159204
COHFACE_s08_session3_natural,5,3,5.1,1.574914574623108,-0.19211477122278836
COHFACE_s08_session3_natural,5,4,5.133333333333334,1.3291373252868652,-0.29225625846768716
COHFACE_s08_session3_natural,5,5,5.166666666666667,1.1194944381713867,-0.4618442864313179
COHFACE_s08_session3_natural,5,6,5.2,0.923880934715271,-0.6782460364841476
COHFACE_s08_session3_natural,5,7,5.233333333333333,0.7023529410362244,-0.917051882186804
COHFACE_s08_session3_natural,5,8,5.266666666666667,0.45872005820274353,-1.157867161973033
COHFACE_s08_session3_natural,5,9,5.3,0.20536921918392181,-1.3829682191683623
COHFACE_s08_session3_natural,5,10,5.333333333333333,-0.05578335374593735,-1.5707732532274659
COHFACE_s08_session3_natural,5,11,5.366666666666666,-0.27147147059440613,-1.6893689517676822
COHFACE_s08_session3_natural,5,12,5.4,-0.44484320282936096,-1.695726726958524
COHFACE_s08_session3_natural,5,13,5.433333333333334,-0.5949693918228149,-1.543540663496438
COHFACE_s08_session3_natural,5,14,5.466666666666667,-0.7280322313308716,-1.1982110816806606
COHFACE_s08_session3_natural,5,15,5.5,-0.8352717757225037,-0.6540366578525737
COHFACE_s08_session3_natural,5,16,5.533333333333333,-0.916642427444458,0.052247257175270616
COHFACE_s08_session3_natural,5,17,5.566666666666666,-0.9867666959762573,0.8371861431017334
COHFACE_s08_session3_natural,5,18,5.6,-1.0747300386428833,1.5806387651765337
COHFACE_s08_session3_natural,5,19,5.633333333333334,-1.1293649673461914,2.151816559667445
COHFACE_s08_session3_natural,5,20,5.666666666666667,-0.8738241791725159,2.445470652695456
COHFACE_s08_session3_natural,5,21,5.7,-0.12770980596542358,2.414766071562006
COHFACE_s08_session3_natural,5,22,5.733333333333333,0.7649720907211304,2.08571452176949
COHFACE_s08_session3_natural,5,23,5.766666666666667,1.294873595237732,1.5454806831608403
COHFACE_s08_session3_natural,5,24,5.8,1.442490577697754,0.9105953147482602
COHFACE_s08_session3_natural,5,25,5.833333333333333,1.4230090379714966,0.29121459533493144
COHFACE_s08_session3_natural,5,26,5.866666666666666,1.3594774007797241,-0.2335177500793338
COHFACE_s08_session3_natural,5,27,5.9,1.2171984910964966,-0.6229517473617172
COHFACE_s08_session3_natural,5,28,5.933333333333334,0.9894200563430786,-0.8683634328155029
COHFACE_s08_session3_natural,5,29,5.966666666666667,0.7696029543876648,-0.9803579851497706
COHFACE_s08_session3_natural,5,30,6.0,0.6224194765090942,-0.9780881377783971
COHFACE_s08_session3_natural,5,31,6.033333333333333,0.5243275761604309,-0.8843692670773587
COHFACE_s08_session3_natural,5,32,6.066666666666666,0.40853351354599,-0.7260236759538484
COHFACE_s08_session3_natural,5,33,6.1,0.24793653190135956,-0.5353378798307118
COHFACE_s08_session3_natural,5,34,6.133333333333334,0.046026911586523056,-0.3479027228446677
COHFACE_s08_session3_natural,5,35,6.166666666666667,-0.15695488452911377,-0.1949373435122804
COHFACE_s08_session3_natural,5,36,6.2,-0.3569026589393616,-0.0931001116246296
COHFACE_s08_session3_natural,5,37,6.233333333333333,-0.533057451248169,-0.03802134120376909
COHFACE_s08_session3_natural,5,38,6.266666666666667,-0.6926050782203674,-0.006501980096990494
COHFACE_s08_session3_natural,5,39,6.3,-0.8052282333374023,0.03248046879983999
COHFACE_s08_session3_natural,5,40,6.333333333333333,-0.8708586096763611,0.10286726437721726
COHFACE_s08_session3_natural,5,41,6.366666666666666,-0.9312421083450317,0.20981668011525906
COHFACE_s08_session3_natural,5,42,6.4,-0.9895269870758057,0.3364296979554271
COHFACE_s08_session3_natural,5,43,6.433333333333334,-1.0524654388427734,0.4498990587312891
COHFACE_s08_session3_natural,5,44,6.466666666666667,-1.016353964805603,0.5141502952385708
COHFACE_s08_session3_natural,5,45,6.5,-0.5635800361633301,0.5037767541358641
COHFACE_s08_session3_natural,5,46,6.533333333333333,0.31965768337249756,0.41384353033924437
COHFACE_s08_session3_natural,5,47,6.566666666666666,1.109936237335205,0.2619935855288894
COHFACE_s08_session3_natural,5,48,6.6,1.4654850959777832,0.08257242236093638
COHFACE_s08_session3_natural,5,49,6.633333333333334,1.5389628410339355,-0.08441185772513213
COHFACE_s08_session3_natural,5,50,6.666666666666667,1.5322788953781128,-0.20521794586476338
COHFACE_s08_session3_natural,5,51,6.7,1.4476232528686523,-0.2613768942957988
COHFACE_s08_session3_natural,5,52,6.733333333333333,1.178600549697876,-0.2536206879206558
COHFACE_s08_session3_natural,5,53,6.766666666666667,0.8484642505645752,-0.2002096225987856
COHFACE_s08_session3_natural,5,54,6.8,0.6171498894691467,-0.13015593786663573
COHFACE_s08_session3_natural,5,55,6.833333333333333,0.4622787535190582,-0.07313830283350878
COHFACE_s08_session3_natural,5,56,6.866666666666666,0.36366215348243713,-0.049818470544479534
COHFACE_s08_session3_natural,5,57,6.9,0.36078783869743347,-0.0668745677138173
COHFACE_s08_session3_natural,5,58,6.933333333333334,0.46398964524269104,-0.11874414536417681
COHFACE_s08_session3_natural,5,59,6.966666666666667,0.5234379172325134,-0.19411769440383164
COHFACE_s08_session3_natural,5,60,7.0,0.32985466718673706,-0.28238300701599783
COHFACE_s08_session3_natural,5,61,7.033333333333333,0.06194973737001419,-0.3756406417016411
COHFACE_s08_session3_natural,5,62,7.066666666666666,-0.2044496089220047,-0.46564149993183507
COHFACE_s08_session3_natural,5,63,7.1,-0.5014399290084839,-0.5392445135018172
COHFACE_s08_session3_natural,5,64,7.133333333333334,-0.7791312336921692,-0.5774650727746247
COHFACE_s08_session3_natural,5,65,7.166666666666667,-1.0012295246124268,-0.5606521371990275
COHFACE_s08_session3_natural,5,66,7.2,-1.1965465545654297,-0.47728797111326493
COHFACE_s08_session3_natural,5,67,7.233333333333333,-1.3201651573181152,-0.33022390774306787
COHFACE_s08_session3_natural,5,68,7.266666666666667,-1.3683669567108154,-0.13513742250452176
COHFACE_s08_session3_natural,5,69,7.3,-1.3781077861785889,0.08848541568470016
COHFACE_s08_session3_natural,5,70,7.333333333333333,-1.1847527027130127,0.3270854934026194
COHFACE_s08_session3_natural,5,71,7.366666666666666,-0.5490258932113647,0.5752081854237038
COHFACE_s08_session3_natural,5,72,7.4,0.3067232370376587,0.8277653041678145
COHFACE_s08_session3_natural,5,73,7.433333333333334,0.8681738972663879,1.0681502131351797
COHFACE_s08_session3_natural,5,74,7.466666666666667,0.9966286420822144,1.261468861796903
COHFACE_s08_session3_natural,5,75,7.5,0.9396212697029114,1.359300665868578
COHFACE_s08_session3_natural,5,76,7.533333333333333,0.8338645100593567,1.3156000028177297
COHFACE_s08_session3_natural,5,77,7.566666666666666,0.6494289636611938,1.1065705606408636
COHFACE_s08_session3_natural,5,78,7.6,0.42970311641693115,0.7444538575834437
COHFACE_s08_session3_natural,5,79,7.633333333333334,0.2846411466598511,0.2782658875767266
COHFACE_s08_session3_natural,5,80,7.666666666666667,0.22856909036636353,-0.2180593323005527
COHFACE_s08_session3_natural,5,81,7.7,0.20475329458713531,-0.6639598916512012
COHFACE_s08_session3_natural,5,82,7.733333333333333,0.14838466048240662,-0.9908749480832809
COHFACE_s08_session3_natural,5,83,7.766666666666667,0.05426206812262535,-1.1574411586403943
COHFACE_s08_session3_natural,5,84,7.8,-0.06091606989502907,-1.1577987416592053
COHFACE_s08_session3_natural,5,85,7.833333333333333,-0.1797669529914856,-1.0197470574537177
COHFACE_s08_session3_natural,5,86,7.866666666666666,-0.34921500086784363,-0.7927001756904501
COHFACE_s08_session3_natural,5,87,7.9,-0.5726135969161987,-0.5303895252596683
COHFACE_s08_session3_natural,5,88,7.933333333333334,-0.7239716649055481,-0.27638340141588436
COHFACE_s08_session3_natural,5,89,7.966666666666667,-0.801281750202179,-0.05867649996794498
COHFACE_s08_session3_natural,5,90,8.0,-0.8561447858810425,0.10685262188736994
COHFACE_s08_session3_natural,5,91,8.033333333333333,-0.8188698887825012,0.21021118174298875
COHFACE_s08_session3_natural,5,92,8.066666666666666,-0.7351495623588562,0.24482564846472152
COHFACE_s08_session3_natural,5,93,8.1,-0.6832749247550964,0.21089301076856404
COHFACE_s08_session3_natural,5,94,8.133333333333333,-0.627316951751709,0.12114419668966184
COHFACE_s08_session3_natural,5,95,8.166666666666666,-0.34355759620666504,0.0032739591738279675
COHFACE_s08_session3_natural,5,96,8.2,0.3332080543041229,-0.10437469320775246
COHFACE_s08_session3_natural,5,97,8.233333333333333,1.087397813796997,-0.16294333157499097
COHFACE_s08_session3_natural,5,98,8.266666666666667,1.4826170206069946,-0.1451850240817552
COHFACE_s08_session3_natural,5,99,8.3,1.4612420797348022,-0.04491533429521069
COHFACE_s08_session3_natural,5,100,8.333333333333334,1.2005913257598877,0.12020488028636177
COHFACE_s08_session3_natural,5,101,8.366666666666667,0.8669420480728149,0.3139068072575471
COHFACE_s08_session3_natural,5,102,8.4,0.5285934209823608,0.4919240707012191
COHFACE_s08_session3_natural,5,103,8.433333333333334,0.23760266602039337,0.6132901231569742
COHFACE_s08_session3_natural,5,104,8.466666666666667,0.08619896322488785,0.6493181667301395
COHFACE_s08_session3_natural,5,105,8.5,0.03181499242782593,0.5892019279785226
COHFACE_s08_session3_natural,5,106,8.533333333333333,-0.02015089988708496,0.44061822455945
COHFACE_s08_session3_natural,5,107,8.566666666666666,-0.1235123872756958,0.2240963098983485
COHFACE_s08_session3_natural,5,108,8.6,-0.26581406593322754,-0.035985314779565736
COHFACE_s08_session3_natural,5,109,8.633333333333333,-0.43149814009666443,-0.31763218242157737
COHFACE_s08_session3_natural,5,110,8.666666666666666,-0.6114853620529175,-0.6008077743602501
COHFACE_s08_session3_natural,5,111,8.7,-0.7638927698135376,-0.8618614738041684
COHFACE_s08_session3_natural,5,112,8.733333333333333,-0.8713604807853699,-1.0680163365887905
COHFACE_s08_session3_natural,5,113,8.766666666666667,-0.9461384415626526,-1.1773681095399682
COHFACE_s08_session3_natural,5,114,8.8,-0.9737866520881653,-1.1471775675060651
COHFACE_s08_session3_natural,5,115,8.833333333333334,-0.9698629379272461,-0.9487723295752548
COHFACE_s08_session3_natural,5,116,8.866666666666667,-0.9331811666488647,-0.5830716373530961
COHFACE_s08_session3_natural,5,117,8.9,-0.8854355216026306,-0.08941349757622954
COHFACE_s08_session3_natural,5,118,8.933333333333334,-0.810041606426239,0.456909432101947
COHFACE_s08_session3_natural,5,119,8.966666666666667,-0.4550173878669739,0.9588166598871125
COHFACE_s08_session3_natural,5,120,9.0,0.31377217173576355,1.3206178007710234
COHFACE_s08_session3_natural,5,121,9.033333333333333,1.1292580366134644,1.4743877236320473
COHFACE_s08_session3_natural,5,122,9.066666666666666,1.5810966491699219,1.4001764741180323
COHFACE_s08_session3_natural,5,123,9.1,1.6389708518981934,1.1309455710716192
COHFACE_s08_session3_natural,5,124,9.133333333333333,1.5292904376983643,0.7398886246617103
COHFACE_s08_session3_natural,5,125,9.166666666666666,1.419587254524231,0.3164759670454156
COHFACE_s08_session3_natural,5,126,9.2,1.3917793035507202,-0.058172328308801195
COHFACE_s08_session3_natural,5,127,9.233333333333333,1.4954144954681396,-0.327918377243065
COHFACE_s08_session3_natural,5,128,9.266666666666667,1.692716121673584,-0.46746107290922667
COHFACE_s08_session3_natural,5,129,9.3,1.8664528131484985,-0.4801231692988142
COHFACE_s08_session3_natural,5,130,9.333333333333334,1.947230339050293,-0.3919973424911366
COHFACE_s08_session3_natural,5,131,9.366666666666667,1.7344393730163574,-0.2449469887865307
COHFACE_s08_session3_natural,5,132,9.4,1.274479627609253,-0.08808799883329918
COHFACE_s08_session3_natural,5,133,9.433333333333334,0.7936012148857117,0.033046078376563225
COHFACE_s08_session3_natural,5,134,9.466666666666667,0.3874095380306244,0.08757774118572179
COHFACE_s08_session3_natural,5,135,9.5,0.058505114167928696,0.0661404652188044
COHFACE_s08_session3_natural,5,136,9.533333333333333,-0.1785351037979126,-0.019438123349787905
COHFACE_s08_session3_natural,5,137,9.566666666666666,-0.3495115637779236,-0.14310661281217016
COHFACE_s08_session3_natural,5,138,9.6,-0.49322760105133057,-0.27543123218721993
COHFACE_s08_session3_natural,5,139,9.633333333333333,-0.6351870894432068,-0.3943977821918576
COHFACE_s08_session3_natural,5,140,9.666666666666666,-0.7553154826164246,-0.4915927036349404
COHFACE_s08_session3_natural,5,141,9.7,-0.8297968506813049,-0.5705096070135365
COHFACE_s08_session3_natural,5,142,9.733333333333333,-0.9204292297363281,-0.637830821943985
COHFACE_s08_session3_natural,5,143,9.766666666666667,-1.0332804918289185,-0.6926179910907804
COHFACE_s08_session3_natural,5,144,9.8,-0.9520923495292664,-0.7193351295280467
COHFACE_s08_session3_natural,5,145,9.833333333333334,-0.3923754394054413,-0.6886080114954412
COHFACE_s08_session3_natural,5,146,9.866666666666667,0.4505533277988434,-0.5663050858527514
COHFACE_s08_session3_natural,5,147,9.9,1.1327482461929321,-0.32817826968762254
COHFACE_s08_session3_natural,5,148,9.933333333333334,1.4107133150100708,0.025237207656789905
COHFACE_s08_session3_natural,5,149,9.966666666666667,1.3900227546691895,0.45985620293502283
COHFACE_s08_session3_natural,5,150,10.0,1.3505806922912598,0.9107321348710729
COHFACE_s08_session3_natural,5,151,10.033333333333333,1.315016746520996,1.2974458770064994
COHFACE_s08_session3_natural,5,152,10.066666666666666,1.17850923538208,1.547194451838904
COHFACE_s08_session3_natural,5,153,10.1,1.005183219909668,1.615934301782425
COHFACE_s08_session3_natural,5,154,10.133333333333333,0.8634061813354492,1.4984142413360968
COHFACE_s08_session3_natural,5,155,10.166666666666666,0.8249906301498413,1.223574221050322
COHFACE_s08_session3_natural,5,156,10.2,0.7576494216918945,0.8394054663064414
COHFACE_s08_session3_natural,5,157,10.233333333333333,0.5507439374923706,0.3959647921310085
COHFACE_s08_session3_natural,5,158,10.266666666666667,0.2433284968137741,-0.06606678691767288
COHFACE_s08_session3_natural,5,159,10.3,-0.051745615899562836,-0.5187032804059263
COHFACE_s08_session3_natural,5,160,10.333333333333334,-0.23120816051959991,-0.9434582448252643
COHFACE_s08_session3_natural,5,161,10.366666666666667,-0.345086008310318,-1.3249688056368125
COHFACE_s08_session3_natural,5,162,10.4,-0.42383328080177307,-1.6444191611193868
COHFACE_s08_session3_natural,5,163,10.433333333333334,-0.46512311697006226,-1.8748878561891642
COHFACE_s08_session3_natural,5,164,10.466666666666667,-0.4750007390975952,-1.9805062421459696
COHFACE_s08_session3_natural,5,165,10.5,-0.4677693247795105,-1.921006099299206
COHFACE_s08_session3_natural,5,166,10.533333333333333,-0.538692057132721,-1.6618788995657066
COHFACE_s08_session3_natural,5,167,10.566666666666666,-0.6582044959068298,-1.1884066091727084
COHFACE_s08_session3_natural,5,168,10.6,-0.7480155825614929,-0.5200184632715334
COHFACE_s08_session3_natural,5,169,10.633333333333333,-0.8216986060142517,0.28032877574409365
COHFACE_s08_session3_natural,5,170,10.666666666666666,-0.8349295854568481,1.1080971571435647
COHFACE_s08_session3_natural,5,171,10.7,-0.4871367812156677,1.8344876945218134
COHFACE_s08_session3_natural,5,172,10.733333333333333,0.33295711874961853,2.3365312127828584
COHFACE_s08_session3_natural,5,173,10.766666666666667,1.2229700088500977,2.5301223680108955
COHFACE_s08_session3_natural,5,174,10.8,1.6857128143310547,2.3933194174574717
COHFACE_s08_session3_natural,5,175,10.833333333333334,1.730401635169983,1.9707051076334232
COHFACE_s08_session3_natural,5,176,10.866666666666667,1.601559042930603,1.3577280314388667
COHFACE_s08_session3_natural,5,177,10.9,1.406424641609192,0.6720134854310554
COHFACE_s08_session3_natural,5,178,10.933333333333334,1.1552410125732422,0.02243268013805384
COHFACE_s08_session3_natural,5,179,10.966666666666667,0.9085968732833862,-0.5142124428788458
COHFACE_s08_session3_natural,5,180,11.0,0.760318398475647,-0.9029314588350841
COHFACE_s08_session3_natural,5,181,11.033333333333333,0.6527823209762573,-1.1458060854966565
COHFACE_s08_session3_natural,5,182,11.066666666666666,0.5508580207824707,-1.2665965253503455
COHFACE_s08_session3_natural,5,183,11.1,0.4496864676475525,-1.2919159025168703
COHFACE_s08_session3_natural,5,184,11.133333333333333,0.2863292396068573,-1.2372855065762536
COHFACE_s08_session3_natural,5,185,11.166666666666666,0.07572823017835617,-1.1040217010504465
COHFACE_s08_session3_natural,5,186,11.2,-0.11806029826402664,-0.887371538644758
COHFACE_s08_session3_natural,5,187,11.233333333333333,-0.3105713427066803,-0.5905655727642346
COHFACE_s08_session3_natural,5,188,11.266666666666667,-0.501531183719635,-0.23675704640869805
COHFACE_s08_session3_natural,5,189,11.3,-0.6400917172431946,0.1277703674502072
COHFACE_s08_session3_natural,5,190,11.333333333333334,-0.7573685646057129,0.441303228514375
COHFACE_s08_session3_natural,5,191,11.366666666666667,-0.8518333435058594,0.6425154932694015
COHFACE_s08_session3_natural,5,192,11.4,-0.922117292881012,0.688496227425481
COHFACE_s08_session3_natural,5,193,11.433333333333334,-0.9897550940513611,0.5686812022809216
COHFACE_s08_session3_natural,5,194,11.466666666666667,-1.0525110960006714,0.3102502447565972
COHFACE_s08_session3_natural,5,195,11.5,-1.1196242570877075,-0.026453399049602117
COHFACE_s08_session3_natural,5,196,11.533333333333333,-1.2124236822128296,-0.3610622706834917
COHFACE_s08_session3_natural,5,197,11.566666666666666,-1.1061195135116577,-0.6115939086209228
COHFACE_s08_session3_natural,5,198,11.6,-0.4946647584438324,-0.7140511782243044
COHFACE_s08_session3_natural,5,199,11.633333333333333,0.39299848675727844,-0.6386488515156372
COHFACE_s08_session3_natural,5,200,11.666666666666666,1.0527691841125488,-0.3977466466781016
COHFACE_s08_session3_natural,5,201,11.7,1.2321860790252686,-0.04186119498970469
COHFACE_s08_session3_natural,5,202,11.733333333333333,1.1054878234863281,0.35588017204781447
COHFACE_s08_session3_natural,5,203,11.766666666666667,0.9307017922401428,0.7213095723678704
COHFACE_s08_session3_natural,5,204,11.8,0.7162455320358276,0.9979886352920301
COHFACE_s08_session3_natural,5,205,11.833333333333334,0.44505563378334045,1.155831291771562
COHFACE_s08_session3_natural,5,206,11.866666666666667,0.24316881597042084,1.1884690571650183
COHFACE_s08_session3_natural,5,207,11.9,0.14329758286476135,1.1046319454108429
COHFACE_s08_session3_natural,5,208,11.933333333333334,0.06756150722503662,0.9206253581797162
COHFACE_s08_session3_natural,5,209,11.966666666666667,0.014363760128617287,0.6579156874176857
COHFACE_s08_session3_natural,5,210,12.0,-0.04483355954289436,0.3447083500214532
COHFACE_s08_session3_natural,5,211,12.033333333333333,-0.16327382624149323,0.01670906111739596
COHFACE_s08_session3_natural,5,212,12.066666666666666,-0.30842700600624084,-0.28752199716956917
COHFACE_s08_session3_natural,5,213,12.1,-0.45668265223503113,-0.5369450510011818
COHFACE_s08_session3_natural,5,214,12.133333333333333,-0.5748491883277893,-0.7188048398287837
COHFACE_s08_session3_natural,5,215,12.166666666666666,-0.5895857810974121,-0.8422503166388187
COHFACE_s08_session3_natural,5,216,12.2,-0.5198493003845215,-0.931165010470748
COHFACE_s08_session3_natural,5,217,12.233333333333333,-0.28394967317581177,-1.0092587468595247
COHFACE_s08_session3_natural,5,218,12.266666666666667,0.044589750468730927,-1.0849335378300973
COHFACE_s08_session3_natural,5,219,12.3,0.32937562465667725,-1.143615364857368
COHFACE_s08_session3_natural,5,220,12.333333333333334,0.4088985025882721,-1.151698172800347
COHFACE_s08_session3_natural,5,221,12.366666666666667,0.27902939915657043,-1.070855751787511
COHFACE_s08_session3_natural,5,222,12.4,0.098540298640728,-0.8766369604892819
COHFACE_s08_session3_natural,5,223,12.433333333333334,-0.017801256850361824,-0.5730139718372069
COHFACE_s08_session3_natural,5,224,12.466666666666667,0.24572376906871796,-0.1960217363464878
COHFACE_s08_session3_natural,5,225,12.5,0.8858988881111145,0.19537397801249973
COHFACE_s08_session3_natural,5,226,12.533333333333333,1.406493067741394,0.5367256731346574
COHFACE_s08_session3_natural,5,227,12.566666666666666,1.5559349060058594,0.7760693966070386
COHFACE_s08_session3_natural,5,228,12.6,1.427024006843567,0.8864359414653604
COHFACE_s08_session3_natural,5,229,12.633333333333333,1.2184988260269165,0.8706912660422518
COHFACE_s08_session3_natural,5,230,12.666666666666666,0.9769189953804016,0.7584531650799567
COHFACE_s08_session3_natural,5,231,12.7,0.7143977284431458,0.5958524307649917
COHFACE_s08_session3_natural,5,232,12.733333333333333,0.49503687024116516,0.4309436501061372
COHFACE_s08_session3_natural,5,233,12.766666666666667,0.38414740562438965,0.2997491926922057
COHFACE_s08_session3_natural,5,234,12.8,0.3543548285961151,0.2182082586200865
COHFACE_s08_session3_natural,5,235,12.833333333333334,0.3228969871997833,0.18280034871095585
COHFACE_s08_session3_natural,5,236,12.866666666666667,0.17956876754760742,0.1782736262961392
COHFACE_s08_session3_natural,5,237,12.9,-0.035594671964645386,0.18759736730193566
COHFACE_s08_session3_natural,5,238,12.933333333333334,-0.25018781423568726,0.19922032073530063
COHFACE_s08_session3_natural,5,239,12.966666666666667,-0.44808250665664673,0.209270032468882
COHFACE_s08_session3_natural,6,0,6.0,0.6224194765090942,-0.14662196148455642
COHFACE_s08_session3_natural,6,1,6.033333333333333,0.5243275761604309,0.05204079847298877
COHFACE_s08_session3_natural,6,2,6.066666666666666,0.40853351354599,0.19012229317729532
COHFACE_s08_session3_natural,6,3,6.1,0.24793653190135956,0.22235436754637275
COHFACE_s08_session3_natural,6,4,6.133333333333334,0.046026911586523056,0.1357859508399029
COHFACE_s08_session3_natural,6,5,6.166666666666667,-0.15695488452911377,-0.04892952714185844
COHFACE_s08_session3_natural,6,6,6.2,-0.3569026589393616,-0.2882614359711439
COHFACE_s08_session3_natural,6,7,6.233333333333333,-0.533057451248169,-0.5334479345682875
COHFACE_s08_session3_natural,6,8,6.266666666666667,-0.6926050782203674,-0.745991058689532
COHFACE_s08_session3_natural,6,9,6.3,-0.8052282333374023,-0.9032903839015224
COHFACE_s08_session3_natural,6,10,6.333333333333333,-0.8708586096763611,-0.993771815009736
COHFACE_s08_session3_natural,6,11,6.366666666666666,-0.9312421083450317,-1.0079973386159973
COHFACE_s08_session3_natural,6,12,6.4,-0.9895269870758057,-0.9336957849372086
COHFACE_s08_session3_natural,6,13,6.433333333333334,-1.0524654388427734,-0.7585718605057509
COHFACE_s08_session3_natural,6,14,6.466666666666667,-1.016353964805603,-0.4789347289284408
COHFACE_s08_session3_natural,6,15,6.5,-0.5635800361633301,-0.10855989463978861
COHFACE_s08_session3_natural,6,16,6.533333333333333,0.31965768337249756,0.31740588944650416
COHFACE_s08_session3_natural,6,17,6.566666666666666,1.109936237335205,0.7458523562967433
COHFACE_s08_session3_natural,6,18,6.6,1.4654850959777832,1.1159118397565477
COHFACE_s08_session3_natural,6,19,6.633333333333334,1.5389628410339355,1.373005711299283
COHFACE_s08_session3_natural,6,20,6.666666666666667,1.5322788953781128,1.4818328661592557
COHFACE_s08_session3_natural,6,21,6.7,1.4476232528686523,1.433372546684573
COHFACE_s08_session3_natural,6,22,6.733333333333333,1.178600549697876,1.2436485883404813
COHFACE_s08_session3_natural,6,23,6.766666666666667,0.8484642505645752,0.9457214475359503
COHFACE_s08_session3_natural,6,24,6.8,0.6171498894691467,0.5788805989020345
COHFACE_s08_session3_natural,6,25,6.833333333333333,0.4622787535190582,0.17950102268814574
COHFACE_s08_session3_natural,6,26,6.866666666666666,0.36366215348243713,-0.22330135061435405
COHFACE_s08_session3_natural,6,27,6.9,0.36078783869743347,-0.6067976718375054
COHFACE_s08_session3_natural,6,28,6.933333333333334,0.46398964524269104,-0.951080032167416
COHFACE_s08_session3_natural,6,29,6.966666666666667,0.5234379172325134,-1.2363185755019463
COHFACE_s08_session3_natural,6,30,7.0,0.32985466718673706,-1.4425227156172777
COHFACE_s08_session3_natural,6,31,7.033333333333333,0.06194973737001419,-1.5510271398063353
COHFACE_s08_session3_natural,6,32,7.066666666666666,-0.2044496089220047,-1.546292282357558
COHFACE_s08_session3_natural,6,33,7.1,-0.5014399290084839,-1.4175962670788407
COHFACE_s08_session3_natural,6,34,7.133333333333334,-0.7791312336921692,-1.1612922788889972
COHFACE_s08_session3_natural,6,35,7.166666666666667,-1.0012295246124268,-0.7845856720701991
COHFACE_s08_session3_natural,6,36,7.2,-1.1965465545654297,-0.3107980718581687
COHFACE_s08_session3_natural,6,37,7.233333333333333,-1.3201651573181152,0.21641653211654296
COHFACE_s08_session3_natural,6,38,7.266666666666667,-1.3683669567108154,0.7349371151495885
COHFACE_s08_session3_natural,6,39,7.3,-1.3781077861785889,1.175581888486113
COHFACE_s08_session3_natural,6,40,7.333333333333333,-1.1847527027130127,1.4798141321369518
COHFACE_s08_session3_natural,6,41,7.366666666666666,-0.5490258932113647,1.6150443436627544
COHFACE_s08_session3_natural,6,42,7.4,0.3067232370376587,1.5804322134434134
COHFACE_s08_session3_natural,6,43,7.433333333333334,0.8681738972663879,1.4022429010601383
COHFACE_s08_session3_natural,6,44,7.466666666666667,0.9966286420822144,1.1228390225312297
COHFACE_s08_session3_natural,6,45,7.5,0.9396212697029114,0.788855010700414
COHFACE_s08_session3_natural,6,46,7.533333333333333,0.8338645100593567,0.4424710601828974
COHFACE_s08_session3_natural,6,47,7.566666666666666,0.6494289636611938,0.11687089216476458
COHFACE_s08_session3_natural,6,48,7.6,0.42970311641693115,-0.1650643153013692
COHFACE_s08_session3_natural,6,49,7.633333333333334,0.2846411466598511,-0.39011340897129876
COHFACE_s08_session3_natural,6,50,7.666666666666667,0.22856909036636353,-0.5526494584571277
COHFACE_s08_session3_natural,6,51,7.7,0.20475329458713531,-0.6516405329708769
COHFACE_s08_session3_natural,6,52,7.733333333333333,0.14838466048240662,-0.6884804017933519
COHFACE_s08_session3_natural,6,53,7.766666666666667,0.05426206812262535,-0.6674316765372514
COHFACE_s08_session3_natural,6,54,7.8,-0.06091606989502907,-0.597702050413493
COHFACE_s08_session3_natural,6,55,7.833333333333333,-0.1797669529914856,-0.49391091091624006
COHFACE_s08_session3_natural,6,56,7.866666666666666,-0.34921500086784363,-0.3731850889886614
COHFACE_s08_session3_natural,6,57,7.9,-0.5726135969161987,-0.2506849445226452
COHFACE_s08_session3_natural,6,58,7.933333333333334,-0.7239716649055481,-0.13728614758358984
COHFACE_s08_session3_natural,6,59,7.966666666666667,-0.801281750202179,-0.041376769356474254
COHFACE_s08_session3_natural,6,60,8.0,-0.8561447858810425,0.02757545045552549
COHFACE_s08_session3_natural,6,61,8.033333333333333,-0.8188698887825012,0.05828659189916973
COHFACE_s08_session3_natural,6,62,8.066666666666666,-0.7351495623588562,0.04167414381236589
COHFACE_s08_session3_natural,6,63,8.1,-0.6832749247550964,-0.02278130062411601
COHFACE_s08_session3_natural,6,64,8.133333333333333,-0.627316951751709,-0.12230939551496828
COHFACE_s08_session3_natural,6,65,8.166666666666666,-0.34355759620666504,-0.2304269689939862
COHFACE_s08_session3_natural,6,66,8.2,0.3332080543041229,-0.311402067886494
COHFACE_s08_session3_natural,6,67,8.233333333333333,1.087397813796997,-0.328709893935154
COHFACE_s08_session3_natural,6,68,8.266666666666667,1.4826170206069946,-0.2558673883806458
COHFACE_s08_session3_natural,6,69,8.3,1.4612420797348022,-0.08709261168426022
COHFACE_s08_session3_natural,6,70,8.333333333333334,1.2005913257598877,0.15620728832174907
COHFACE_s08_session3_natural,6,71,8.366666666666667,0.8669420480728149,0.42715250815965183
COHFACE_s08_session3_natural,6,72,8.4,0.5285934209823608,0.6645204506914549
COHFACE_s08_session3_natural,6,73,8.433333333333334,0.23760266602039337,0.8103732775365046
COHFACE_s08_session3_natural,6,74,8.466666666666667,0.08619896322488785,0.8282659181010407
COHFACE_s08_session3_natural,6,75,8.5,0.03181499242782593,0.7150567206598588
COHFACE_s08_session3_natural,6,76,8.533333333333333,-0.02015089988708496,0.5006177980513747
COHFACE_s08_session3_natural,6,77,8.566666666666666,-0.1235123872756958,0.2345019629612793
COHFACE_s08_session3_natural,6,78,8.6,-0.26581406593322754,-0.03415494431012093
COHFACE_s08_session3_natural,6,79,8.633333333333333,-0.43149814009666443,-0.27289118548803615
COHFACE_s08_session3_natural,6,80,8.666666666666666,-0.6114853620529175,-0.47042633299526226
COHFACE_s08_session3_natural,6,81,8.7,-0.7638927698135376,-0.6288816641016061
COHFACE_s08_session3_natural,6,82,8.733333333333333,-0.8713604807853699,-0.7499810572855161
COHFACE_s08_session3_natural,6,83,8.766666666666667,-0.9461384415626526,-0.8241811926328533
COHFACE_s08_session3_natural,6,84,8.8,-0.9737866520881653,-0.8293311297237441
COHFACE_s08_session3_natural,6,85,8.833333333333334,-0.9698629379272461,-0.7398273507883852
COHFACE_s08_session3_natural,6,86,8.866666666666667,-0.9331811666488647,-0.5415122360953779
COHFACE_s08_session3_natural,6,87,8.9,-0.8854355216026306,-0.24481877352779519
COHFACE_s08_session3_natural,6,88,8.933333333333334,-0.810041606426239,0.1100378951162363
COHFACE_s08_session3_natural,6,89,8.966666666666667,-0.4550173878669739,0.4587160626805011
COHFACE_s08_session3_natural,6,90,9.0,0.31377217173576355,0.7288719036378495
COHFACE_s08_session3_natural,6,91,9.033333333333333,1.1292580366134644,0.8623143388882156
COHFACE_s08_session3_natural,6,92,9.066666666666666,1.5810966491699219,0.8342091675562289
COHFACE_s08_session3_natural,6,93,9.1,1.6389708518981934,0.6602264857103346
COHFACE_s08_session3_natural,6,94,9.133333333333333,1.5292904376983643,0.3893535898635786
COHFACE_s08_session3_natural,6,95,9.166666666666666,1.419587254524231,0.08784120962261041
COHFACE_s08_session3_natural,6,96,9.2,1.3917793035507202,-0.1781877394503421
COHFACE_s08_session3_natural,6,97,9.233333333333333,1.4954144954681396,-0.3565299617703108
COHFACE_s08_session3_natural,6,98,9.266666666666667,1.692716121673584,-0.4172464330366415
COHFACE_s08_session3_natural,6,99,9.3,1.8664528131484985,-0.35566365197191757
COHFACE_s08_session3_natural,6,100,9.333333333333334,1.947230339050293,-0.19102149990832298
COHFACE_s08_session3_natural,6,101,9.366666666666667,1.7344393730163574,0.038256158106621786
COHFACE_s08_session3_natural,6,102,9.4,1.274479627609253,0.282161665012061
COHFACE_s08_session3_natural,6,103,9.433333333333334,0.7936012148857117,0.48913570089462627
COHFACE_s08_session3_natural,6,104,9.466666666666667,0.3874095380306244,0.6171994340512946
COHFACE_s08_session3_natural,6,105,9.5,0.058505114167928696,0.6433340344878176
COHFACE_s08_session3_natural,6,106,9.533333333333333,-0.1785351037979126,0.5673448394852807
COHFACE_s08_session3_natural,6,107,9.566666666666666,-0.3495115637779236,0.4078816409586675
COHFACE_s08_session3_natural,6,108,9.6,-0.49322760105133057,0.1922564005492672
COHFACE_s08_session3_natural,6,109,9.633333333333333,-0.6351870894432068,-0.05462577138920161
COHFACE_s08_session3_natural,6,110,9.666666666666666,-0.7553154826164246,-0.3164871162019208
COHFACE_s08_session3_natural,6,111,9.7,-0.8297968506813049,-0.5842386765248653
COHFACE_s08_session3_natural,6,112,9.733333333333333,-0.9204292297363281,-0.8483796720428151
COHFACE_s08_session3_natural,6,113,9.766666666666667,-1.0332804918289185,-1.0899463545240973
COHFACE_s08_session3_natural,6,114,9.8,-0.9520923495292664,-1.275276455210624
COHFACE_s08_session3_natural,6,115,9.833333333333334,-0.3923754394054413,-1.3581516002606058
COHFACE_s08_session3_natural,6,116,9.866666666666667,0.4505533277988434,-1.2901431982560687
COHFACE_s08_session3_natural,6,117,9.9,1.1327482461929321,-1.0369400416917718
COHFACE_s08_session3_natural,6,118,9.933333333333334,1.4107133150100708,-0.5956329588309772
COHFACE_s08_session3_natural,6,119,9.966666666666667,1.3900227546691895,-0.006217420006131768
COHFACE_s08_session3_natural,6,120,10.0,1.3505806922912598,0.6490094546704873
COHFACE_s08_session3_natural,6,121,10.033333333333333,1.315016746520996,1.261030598843014
COHFACE_s08_session3_natural,6,122,10.066666666666666,1.17850923538208,1.7214569805027147
COHFACE_s08_session3_natural,6,123,10.1,1.005183219909668,1.9522313732627876
COHFACE_s08_session3_natural,6,124,10.133333333333333,0.8634061813354492,1.9255712003940664
COHFACE_s08_session3_natural,6,125,10.166666666666666,0.8249906301498413,1.6658842723603415
COHFACE_s08_session3_natural,6,126,10.2,0.7576494216918945,1.234862637169123
COHFACE_s08_session3_natural,6,127,10.233333333333333,0.5507439374923706,0.7090399344870311
COHFACE_s08_session3_natural,6,128,10.266666666666667,0.2433284968137741,0.15988803538356056
COHFACE_s08_session3_natural,6,129,10.3,-0.051745615899562836,-0.35800878602003927
COHFACE_s08_session3_natural,6,130,10.333333333333334,-0.23120816051959991,-0.810005168880223
COHFACE_s08_session3_natural,6,131,10.366666666666667,-0.345086008310318,-1.1778574152952435
COHFACE_s08_session3_natural,6,132,10.4,-0.42383328080177307,-1.4527538029709826
COHFACE_s08_session3_natural,6,133,10.433333333333334,-0.46512311697006226,-1.6279968204645936
COHFACE_s08_session3_natural,6,134,10.466666666666667,-0.4750007390975952,-1.6940331223611844
COHFACE_s08_session3_natural,6,135,10.5,-0.4677693247795105,-1.6376281901796543
COHFACE_s08_session3_natural,6,136,10.533333333333333,-0.538692057132721,-1.4454254747769497
COHFACE_s08_session3_natural,6,137,10.566666666666666,-0.6582044959068298,-1.110816118252618
COHFACE_s08_session3_natural,6,138,10.6,-0.7480155825614929,-0.6425275483158898
COHFACE_s08_session3_natural,6,139,10.633333333333333,-0.8216986060142517,-0.07258164994295975
COHFACE_s08_session3_natural,6,140,10.666666666666666,-0.8349295854568481,0.5401859393914422
COHFACE_s08_session3_natural,6,141,10.7,-0.4871367812156677,1.1150282654005184
COHFACE_s08_session3_natural,6,142,10.733333333333333,0.33295711874961853,1.563799601224084
COHFACE_s08_session3_natural,6,143,10.766666666666667,1.2229700088500977,1.8118609801840977
COHFACE_s08_session3_natural,6,144,10.8,1.6857128143310547,1.8187281553027053
COHFACE_s08_session3_natural,6,145,10.833333333333334,1.730401635169983,1.590861011268103
COHFACE_s08_session3_natural,6,146,10.866666666666667,1.601559042930603,1.1810304934005684
COHFACE_s08_session3_natural,6,147,10.9,1.406424641609192,0.6735310362540743
COHFACE_s08_session3_natural,6,148,10.933333333333334,1.1552410125732422,0.16053026625017383
COHFACE_s08_session3_natural,6,149,10.966666666666667,0.9085968732833862,-0.28123053878845816
COHFACE_s08_session3_natural,6,150,11.0,0.760318398475647,-0.6048592826187543
COHFACE_s08_session3_natural,6,151,11.033333333333333,0.6527823209762573,-0.7950468517821929
COHFACE_s08_session3_natural,6,152,11.066666666666666,0.5508580207824707,-0.8593621871707537
COHFACE_s08_session3_natural,6,153,11.1,0.4496864676475525,-0.815648567358302
COHFACE_s08_session3_natural,6,154,11.133333333333333,0.2863292396068573,-0.6825689068281208
COHFACE_s08_session3_natural,6,155,11.166666666666666,0.07572823017835617,-0.4773368678549296
COHFACE_s08_session3_natural,6,156,11.2,-0.11806029826402664,-0.21998200294615924
COHFACE_s08_session3_natural,6,157,11.233333333333333,-0.3105713427066803,0.06058457425360673
COHFACE_s08_session3_natural,6,158,11.266666666666667,-0.501531183719635,0.3247834579184408
COHFACE_s08_session3_natural,6,159,11.3,-0.6400917172431946,0.5281560533503852
COHFACE_s08_session3_natural,6,160,11.333333333333334,-0.7573685646057129,0.632361062717572
COHFACE_s08_session3_natural,6,161,11.366666666666667,-0.8518333435058594,0.6153012170618675
COHFACE_s08_session3_natural,6,162,11.4,-0.922117292881012,0.4758530253701439
COHFACE_s08_session3_natural,6,163,11.433333333333334,-0.9897550940513611,0.2327152388329169
COHFACE_s08_session3_natural,6,164,11.466666666666667,-1.0525110960006714,-0.08067038614739458
COHFACE_s08_session3_natural,6,165,11.5,-1.1196242570877075,-0.42260758408173005
COHFACE_s08_session3_natural,6,166,11.533333333333333,-1.2124236822128296,-0.7486993498217225
COHFACE_s08_session3_natural,6,167,11.566666666666666,-1.1061195135116577,-1.015471156698036
COHFACE_s08_session3_natural,6,168,11.6,-0.4946647584438324,-1.1834626483323076
COHFACE_s08_session3_natural,6,169,11.633333333333333,0.39299848675727844,-1.2219751821261375
COHFACE_s08_session3_natural,6,170,11.666666666666666,1.0527691841125488,-1.1153103473750536
COHFACE_s08_session3_natural,6,171,11.7,1.2321860790252686,-0.8676485015576337
COHFACE_s08_session3_natural,6,172,11.733333333333333,1.1054878234863281,-0.503864555000922
COHFACE_s08_session3_natural,6,173,11.766666666666667,0.9307017922401428,-0.06595053488398432
COHFACE_s08_session3_natural,6,174,11.8,0.7162455320358276,0.39314136719614995
COHFACE_s08_session3_natural,6,175,11.833333333333334,0.44505563378334045,0.8161292477100924
COHFACE_s08_session3_natural,6,176,11.866666666666667,0.24316881597042084,1.1479136877756553
COHFACE_s08_session3_natural,6,177,11.9,0.14329758286476135,1.342830751034966
COHFACE_s08_session3_natural,6,178,11.933333333333334,0.06756150722503662,1.3731193120297547
COHFACE_s08_session3_natural,6,179,11.966666666666667,0.014363760128617287,1.2370502227867943
COHFACE_s08_session3_natural,6,180,12.0,-0.04483355954289436,0.9630808653196252
COHFACE_s08_session3_natural,6,181,12.033333333333333,-0.16327382624149323,0.6060774989714159
COHFACE_s08_session3_natural,6,182,12.066666666666666,-0.30842700600624084,0.23408538708078802
COHFACE_s08_session3_natural,6,183,12.1,-0.45668265223503113,-0.09133065060384252
COHFACE_s08_session3_natural,6,184,12.133333333333333,-0.5748491883277893,-0.3337159301701535
COHFACE_s08_session3_natural,6,185,12.166666666666666,-0.5895857810974121,-0.4906086172200649
COHFACE_s08_session3_natural,6,186,12.2,-0.5198493003845215,-0.5876661345383815
COHFACE_s08_session3_natural,6,187,12.233333333333333,-0.28394967317581177,-0.6603706403455747
COHFACE_s08_session3_natural,6,188,12.266666666666667,0.044589750468730927,-0.7326763829711953
COHFACE_s08_session3_natural,6,189,12.3,0.32937562465667725,-0.80357700052834
COHFACE_s08_session3_natural,6,190,12.333333333333334,0.4088985025882721,-0.8470963680863367
COHFACE_s08_session3_natural,6,191,12.366666666666667,0.27902939915657043,-0.8237301380905678
COHFACE_s08_session3_natural,6,192,12.4,0.098540298640728,-0.6974793599846493
COHFACE_s08_session3_natural,6,193,12.433333333333334,-0.017801256850361824,-0.45212470303122265
COHFACE_s08_session3_natural,6,194,12.466666666666667,0.24572376906871796,-0.10111362718438999
COHFACE_s08_session3_natural,6,195,12.5,0.8858988881111145,0.31229764241122693
COHFACE_s08_session3_natural,6,196,12.533333333333333,1.406493067741394,0.7240063185186107
COHFACE_s08_session3_natural,6,197,12.566666666666666,1.5559349060058594,1.0634807857083417
COHFACE_s08_session3_natural,6,198,12.6,1.427024006843567,1.2699378487024195
COHFACE_s08_session3_natural,6,199,12.633333333333333,1.2184988260269165,1.3073486585665401
COHFACE_s08_session3_natural,6,200,12.666666666666666,0.9769189953804016,1.174672231051974
COHFACE_s08_session3_natural,6,201,12.7,0.7143977284431458,0.9072277686980679
COHFACE_s08_session3_natural,6,202,12.733333333333333,0.49503687024116516,0.5671907793234554
COHFACE_s08_session3_natural,6,203,12.766666666666667,0.38414740562438965,0.22542675512346996
COHFACE_s08_session3_natural,6,204,12.8,0.3543548285961151,-0.059043477630382646
COHFACE_s08_session3_natural,6,205,12.833333333333334,0.3228969871997833,-0.2542578544697256
COHFACE_s08_session3_natural,6,206,12.866666666666667,0.17956876754760742,-0.3599121260160855
COHFACE_s08_session3_natural,6,207,12.9,-0.035594671964645386,-0.40068765920470306
COHFACE_s08_session3_natural,6,208,12.933333333333334,-0.25018781423568726,-0.4120120409734994
COHFACE_s08_session3_natural,6,209,12.966666666666667,-0.44808250665664673,-0.4244723811064265
COHFACE_s08_session3_natural,6,210,13.0,-0.6138806343078613,-0.4531028240469904
COHFACE_s08_session3_natural,6,211,13.033333333333333,-0.7455062866210938,-0.4951546762285431
COHFACE_s08_session3_natural,6,212,13.066666666666666,-0.815676212310791,-0.5358122176270095
COHFACE_s08_session3_natural,6,213,13.1,-0.8209001421928406,-0.5581909804927144
COHFACE_s08_session3_natural,6,214,13.133333333333333,-0.7410807013511658,-0.5534137869342587
COHFACE_s08_session3_natural,6,215,13.166666666666666,-0.5736173391342163,-0.5271451480594982
COHFACE_s08_session3_natural,6,216,13.2,-0.43786269426345825,-0.4992083060161039
COHFACE_s08_session3_natural,6,217,13.233333333333333,-0.3832734227180481,-0.49421604939102637
COHFACE_s08_session3_natural,6,218,13.266666666666667,-0.2324628233909607,-0.525167971846741
COHFACE_s08_session3_natural,6,219,13.3,0.21084411442279816,-0.5777189192204918
COHFACE_s08_session3_natural,6,220,13.333333333333334,0.7665917277336121,-0.6065232920264969
COHFACE_s08_session3_natural,6,221,13.366666666666667,0.9961951971054077,-0.5512783100737129
COHFACE_s08_session3_natural,6,222,13.4,0.8121246099472046,-0.3680714540707392
COHFACE_s08_session3_natural,6,223,13.433333333333334,0.4790228009223938,-0.059967540844540736
COHFACE_s08_session3_natural,6,224,13.466666666666667,0.09311102330684662,0.3112102517865555
COHFACE_s08_session3_natural,6,225,13.5,-0.3849615156650543,0.6411892560107052
COHFACE_s08_session3_natural,6,226,13.533333333333333,-0.7438409924507141,0.8227545836313064
COHFACE_s08_session3_natural,6,227,13.566666666666666,-0.8754209876060486,0.7915906340203479
COHFACE_s08_session3_natural,6,228,13.6,-0.8243904113769531,0.5579320657404564
COHFACE_s08_session3_natural,6,229,13.633333333333333,-0.6691314578056335,0.20950631082616197
COHFACE_s08_session3_natural,6,230,13.666666666666666,-0.5121387839317322,-0.11639007327759536
COHFACE_s08_session3_natural,6,231,13.7,-0.5088310241699219,-0.2816422247503159
COHFACE_s08_session3_natural,6,232,13.733333333333333,-0.6549879908561707,-0.20001985774451983
COHFACE_s08_session3_natural,6,233,13.766666666666667,-0.8880589008331299,0.12447271381381386
COHFACE_s08_session3_natural,6,234,13.8,-1.1725938320159912,0.5892677925393026
COHFACE_s08_session3_natural,6,235,13.833333333333334,-1.4546194076538086,1.0227576043435915
COHFACE_s08_session3_natural,6,236,13.866666666666667,-1.6951271295547485,1.2459610016639993
COHFACE_s08_session3_natural,6,237,13.9,-1.9013710021972656,1.1448986465741022
COHFACE_s08_session3_natural,6,238,13.933333333333334,-2.0941786766052246,0.7221174447356861
COHFACE_s08_session3_natural,6,239,13.966666666666667,-2.2141473293304443,0.10152953520809281
COHFACE_s08_session3_natural,7,0,7.0,0.32985466718673706,-0.05650677713508032
COHFACE_s08_session3_natural,7,1,7.033333333333333,0.06194973737001419,-0.1474334795098418
COHFACE_s08_session3_natural,7,2,7.066666666666666,-0.2044496089220047,-0.24573914394938948
COHFACE_s08_session3_natural,7,3,7.1,-0.5014399290084839,-0.3504604552322351
COHFACE_s08_session3_natural,7,4,7.133333333333334,-0.7791312336921692,-0.4453104996410783
COHFACE_s08_session3_natural,7,5,7.166666666666667,-1.0012295246124268,-0.5048138801169632
COHFACE_s08_session3_natural,7,6,7.2,-1.1965465545654297,-0.5082747073959429
COHFACE_s08_session3_natural,7,7,7.233333333333333,-1.3201651573181152,-0.45369973393002344
COHFACE_s08_session3_natural,7,8,7.266666666666667,-1.3683669567108154,-0.36203572712270715
COHFACE_s08_session3_natural,7,9,7.3,-1.3781077861785889,-0.2672135744765628
COHFACE_s08_session3_natural,7,10,7.333333333333333,-1.1847527027130127,-0.19794585400862041
COHFACE_s08_session3_natural,7,11,7.366666666666666,-0.5490258932113647,-0.1635939351937463
COHFACE_s08_session3_natural,7,12,7.4,0.3067232370376587,-0.15207706201224988
COHFACE_s08_session3_natural,7,13,7.433333333333334,0.8681738972663879,-0.1384728104530065
COHFACE_s08_session3_natural,7,14,7.466666666666667,0.9966286420822144,-0.09763312938772303
COHFACE_s08_session3_natural,7,15,7.5,0.9396212697029114,-0.014746459507628444
COHFACE_s08_session3_natural,7,16,7.533333333333333,0.8338645100593567,0.10868520244557929
COHFACE_s08_session3_natural,7,17,7.566666666666666,0.6494289636611938,0.2533632630693965
COHFACE_s08_session3_natural,7,18,7.6,0.42970311641693115,0.3851988024344477
COHFACE_s08_session3_natural,7,19,7.633333333333334,0.2846411466598511,0.4634381413858641
COHFACE_s08_session3_natural,7,20,7.666666666666667,0.22856909036636353,0.45308506106932495
COHFACE_s08_session3_natural,7,21,7.7,0.20475329458713531,0.3378181178988564
COHFACE_s08_session3_natural,7,22,7.733333333333333,0.14838466048240662,0.12768101923884617
COHFACE_s08_session3_natural,7,23,7.766666666666667,0.05426206812262535,-0.1425238037014734
COHFACE_s08_session3_natural,7,24,7.8,-0.06091606989502907,-0.4230730857139534
COHFACE_s08_session3_natural,7,25,7.833333333333333,-0.1797669529914856,-0.6619507512745185
COHFACE_s08_session3_natural,7,26,7.866666666666666,-0.34921500086784363,-0.8150068735278235
COHFACE_s08_session3_natural,7,27,7.9,-0.5726135969161987,-0.8520400727423394
COHFACE_s08_session3_natural,7,28,7.933333333333334,-0.7239716649055481,-0.760577453804048
COHFACE_s08_session3_natural,7,29,7.966666666666667,-0.801281750202179,-0.5491052217804548
COHFACE_s08_session3_natural,7,30,8.0,-0.8561447858810425,-0.24813441374865933
COHFACE_s08_session3_natural,7,31,8.033333333333333,-0.8188698887825012,0.09474161512658255
COHFACE_s08_session3_natural,7,32,8.066666666666666,-0.7351495623588562,0.42706093950315427
COHFACE_s08_session3_natural,7,33,8.1,-0.6832749247550964,0.7069516761445155
COHFACE_s08_session3_natural,7,34,8.133333333333333,-0.627316951751709,0.9143907740781084
COHFACE_s08_session3_natural,7,35,8.166666666666666,-0.34355759620666504,1.0520144270346485
COHFACE_s08_session3_natural,7,36,8.2,0.3332080543041229,1.1347437025720923
COHFACE_s08_session3_natural,7,37,8.233333333333333,1.087397813796997,1.1738732738628335
COHFACE_s08_session3_natural,7,38,8.266666666666667,1.4826170206069946,1.1645509676063581
COHFACE_s08_session3_natural,7,39,8.3,1.4612420797348022,1.0840432275205751
COHFACE_s08_session3_natural,7,40,8.333333333333334,1.2005913257598877,0.9026336357550607
COHFACE_s08_session3_natural,7,41,8.366666666666667,0.8669420480728149,0.602185850231709
COHFACE_s08_session3_natural,7,42,8.4,0.5285934209823608,0.19285818932427648
COHFACE_s08_session3_natural,7,43,8.433333333333334,0.23760266602039337,-0.28092370361513286
COHFACE_s08_session3_natural,7,44,8.466666666666667,0.08619896322488785,-0.748406545434809
COHFACE_s08_session3_natural,7,45,8.5,0.03181499242782593,-1.1310302631930576
COHFACE_s08_session3_natural,7,46,8.533333333333333,-0.02015089988708496,-1.3649690270274064
COHFACE_s08_session3_natural,7,47,8.566666666666666,-0.1235123872756958,-1.4206473684572811
COHFACE_s08_session3_natural,7,48,8.6,-0.26581406593322754,-1.3126498094519974
COHFACE_s08_session3_natural,7,49,8.633333333333333,-0.43149814009666443,-1.0954470160969174
COHFACE_s08_session3_natural,7,50,8.666666666666666,-0.6114853620529175,-0.8448047796250227
COHFACE_s08_session3_natural,7,51,8.7,-0.7638927698135376,-0.6303865748499907
COHFACE_s08_session3_natural,7,52,8.733333333333333,-0.8713604807853699,-0.48944889861796265
COHFACE_s08_session3_natural,7,53,8.766666666666667,-0.9461384415626526,-0.4124234213855366
COHFACE_s08_session3_natural,7,54,8.8,-0.9737866520881653,-0.3474993446025806
COHFACE_s08_session3_natural,7,55,8.833333333333334,-0.9698629379272461,-0.2238689054274754
COHFACE_s08_session3_natural,7,56,8.866666666666667,-0.9331811666488647,0.015021221374731325
COHFACE_s08_session3_natural,7,57,8.9,-0.8854355216026306,0.38154726036208797
COHFACE_s08_session3_natural,7,58,8.933333333333334,-0.810041606426239,0.8291241441634092
COHFACE_s08_session3_natural,7,59,8.966666666666667,-0.4550173878669739,1.2589835398889888
COHFACE_s08_session3_natural,7,60,9.0,0.31377217173576355,1.5486100141247463
COHFACE_s08_session3_natural,7,61,9.033333333333333,1.1292580366134644,1.5939842436296958
COHFACE_s08_session3_natural,7,62,9.066666666666666,1.5810966491699219,1.349366521412084
COHFACE_s08_session3_natural,7,63,9.1,1.6389708518981934,0.8470683015003356
COHFACE_s08_session3_natural,7,64,9.133333333333333,1.5292904376983643,0.1897042084244264
COHFACE_s08_session3_natural,7,65,9.166666666666666,1.419587254524231,-0.4792662801339939
COHFACE_s08_session3_natural,7,66,9.2,1.3917793035507202,-1.014190197166109
COHFACE_s08_session3_natural,7,67,9.233333333333333,1.4954144954681396,-1.3031242401230507
COHFACE_s08_session3_natural,7,68,9.266666666666667,1.692716121673584,-1.2927966844796064
COHFACE_s08_session3_natural,7,69,9.3,1.8664528131484985,-0.9986007979542293
COHFACE_s08_session3_natural,7,70,9.333333333333334,1.947230339050293,-0.4989786663791288
COHFACE_s08_session3_natural,7,71,9.366666666666667,1.7344393730163574,0.08419167634568883
COHFACE_s08_session3_natural,7,72,9.4,1.274479627609253,0.6157959207404389
COHFACE_s08_session3_natural,7,73,9.433333333333334,0.7936012148857117,0.9820676696394831
COHFACE_s08_session3_natural,7,74,9.466666666666667,0.3874095380306244,1.1198188034232723
COHFACE_s08_session3_natural,7,75,9.5,0.058505114167928696,1.0299148201253014
COHFACE_s08_session3_natural,7,76,9.533333333333333,-0.1785351037979126,0.7695927713221329
COHFACE_s08_session3_natural,7,77,9.566666666666666,-0.3495115637779236,0.42673888933501686
COHFACE_s08_session3_natural,7,78,9.6,-0.49322760105133057,0.08672239558194764
COHFACE_s08_session3_natural,7,79,9.633333333333333,-0.6351870894432068,-0.19475668457792547
COHFACE_s08_session3_natural,7,80,9.666666666666666,-0.7553154826164246,-0.4024807025365064
COHFACE_s08_session3_natural,7,81,9.7,-0.8297968506813049,-0.5535864813165285
COHFACE_s08_session3_natural,7,82,9.733333333333333,-0.9204292297363281,-0.6766120797743441
COHFACE_s08_session3_natural,7,83,9.766666666666667,-1.0332804918289185,-0.7889873901508033
COHFACE_s08_session3_natural,7,84,9.8,-0.9520923495292664,-0.8832898837965238
COHFACE_s08_session3_natural,7,85,9.833333333333334,-0.3923754394054413,-0.9273318997306526
COHFACE_s08_session3_natural,7,86,9.866666666666667,0.4505533277988434,-0.8770959278734661
COHFACE_s08_session3_natural,7,87,9.9,1.1327482461929321,-0.6968871822779324
COHFACE_s08_session3_natural,7,88,9.933333333333334,1.4107133150100708,-0.3787643383302725
COHFACE_s08_session3_natural,7,89,9.966666666666667,1.3900227546691895,0.04641392298129723
COHFACE_s08_session3_natural,7,90,10.0,1.3505806922912598,0.5113217288922073
COHFACE_s08_session3_natural,7,91,10.033333333333333,1.315016746520996,0.9282736659452766
COHFACE_s08_session3_natural,7,92,10.066666666666666,1.17850923538208,1.2140909133561417
COHFACE_s08_session3_natural,7,93,10.1,1.005183219909668,1.3145387043056305
COHFACE_s08_session3_natural,7,94,10.133333333333333,0.8634061813354492,1.2185004655286429
COHFACE_s08_session3_natural,7,95,10.166666666666666,0.8249906301498413,0.9564626999220222
COHFACE_s08_session3_natural,7,96,10.2,0.7576494216918945,0.5858800792523218
COHFACE_s08_session3_natural,7,97,10.233333333333333,0.5507439374923706,0.17187014668506756
COHFACE_s08_session3_natural,7,98,10.266666666666667,0.2433284968137741,-0.22875397561541413
COHFACE_s08_session3_natural,7,99,10.3,-0.051745615899562836,-0.5764104506187103
COHFACE_s08_session3_natural,7,100,10.333333333333334,-0.23120816051959991,-0.8505832575198735
COHFACE_s08_session3_natural,7,101,10.366666666666667,-0.345086008310318,-1.0461773396764524
COHFACE_s08_session3_natural,7,102,10.4,-0.42383328080177307,-1.1664999752484906
COHFACE_s08_session3_natural,7,103,10.433333333333334,-0.46512311697006226,-1.2152703510391998
COHFACE_s08_session3_natural,7,104,10.466666666666667,-0.4750007390975952,-1.1904488264008108
COHFACE_s08_session3_natural,7,105,10.5,-0.4677693247795105,-1.0823072537276057
COHFACE_s08_session3_natural,7,106,10.533333333333333,-0.538692057132721,-0.8765374319400471
COHFACE_s08_session3_natural,7,107,10.566666666666666,-0.6582044959068298,-0.5615818101462552
COHFACE_s08_session3_natural,7,108,10.6,-0.7480155825614929,-0.13867415267226102
COHFACE_s08_session3_natural,7,109,10.633333333333333,-0.8216986060142517,0.36808384873737343
COHFACE_s08_session3_natural,7,110,10.666666666666666,-0.8349295854568481,0.906449250888326
COHFACE_s08_session3_natural,7,111,10.7,-0.4871367812156677,1.4005468141212358
COHFACE_s08_session3_natural,7,112,10.733333333333333,0.33295711874961853,1.7660675744398724
COHFACE_s08_session3_natural,7,113,10.766666666666667,1.2229700088500977,1.9316326566127178
COHFACE_s08_session3_natural,7,114,10.8,1.6857128143310547,1.858927197369323
COHFACE_s08_session3_natural,7,115,10.833333333333334,1.730401635169983,1.554497628631439
COHFACE_s08_session3_natural,7,116,10.866666666666667,1.601559042930603,1.0686276581081964
COHFACE_s08_session3_natural,7,117,10.9,1.406424641609192,0.48125948030274834
COHFACE_s08_session3_natural,7,118,10.933333333333334,1.1552410125732422,-0.11956329370168034
COHFACE_s08_session3_natural,7,119,10.966666666666667,0.9085968732833862,-0.6580811393998592
COHFACE_s08_session3_natural,7,120,11.0,0.760318398475647,-1.082929796033723
COHFACE_s08_session3_natural,7,121,11.033333333333333,0.6527823209762573,-1.3686934544686034
COHFACE_s08_session3_natural,7,122,11.066666666666666,0.5508580207824707,-1.50954521219499
COHFACE_s08_session3_natural,7,123,11.1,0.4496864676475525,-1.5104370716718964
COHFACE_s08_session3_natural,7,124,11.133333333333333,0.2863292396068573,-1.3811221660075172
COHFACE_s08_session3_natural,7,125,11.166666666666666,0.07572823017835617,-1.1354829956690489
COHFACE_s08_session3_natural,7,126,11.2,-0.11806029826402664,-0.7947788090086096
COHFACE_s08_session3_natural,7,127,11.233333333333333,-0.3105713427066803,-0.3909120082920551
COHFACE_s08_session3_natural,7,128,11.266666666666667,-0.501531183719635,0.03384898433117755
COHFACE_s08_session3_natural,7,129,11.3,-0.6400917172431946,0.4318436794404001
COHFACE_s08_session3_natural,7,130,11.333333333333334,-0.7573685646057129,0.7581689038964935
COHFACE_s08_session3_natural,7,131,11.366666666666667,-0.8518333435058594,0.9788044780221817
COHFACE_s08_session3_natural,7,132,11.4,-0.922117292881012,1.0754845223862548
COHFACE_s08_session3_natural,7,133,11.433333333333334,-0.9897550940513611,1.045879672848473
COHFACE_s08_session3_natural,7,134,11.466666666666667,-1.0525110960006714,0.9004280617477397
COHFACE_s08_session3_natural,7,135,11.5,-1.1196242570877075,0.6587979753232257
COHFACE_s08_session3_natural,7,136,11.533333333333333,-1.2124236822128296,0.3481117968729173
COHFACE_s08_session3_natural,7,137,11.566666666666666,-1.1061195135116577,0.002791137610087731
COHFACE_s08_session3_natural,7,138,11.6,-0.4946647584438324,-0.33583275450204997
COHFACE_s08_session3_natural,7,139,11.633333333333333,0.39299848675727844,-0.6221820116537935
COHFACE_s08_session3_natural,7,140,11.666666666666666,1.0527691841125488,-0.8121828550783214
COHFACE_s08_session3_natural,7,141,11.7,1.2321860790252686,-0.8712104212604795
COHFACE_s08_session3_natural,7,142,11.733333333333333,1.1054878234863281,-0.7821717035977271
COHFACE_s08_session3_natural,7,143,11.766666666666667,0.9307017922401428,-0.5514901958760298
COHFACE_s08_session3_natural,7,144,11.8,0.7162455320358276,-0.21135978923441878
COHFACE_s08_session3_natural,7,145,11.833333333333334,0.44505563378334045,0.18262653294596823
COHFACE_s08_session3_natural,7,146,11.866666666666667,0.24316881597042084,0.5589701234899181
COHFACE_s08_session3_natural,7,147,11.9,0.14329758286476135,0.8431071495581376
COHFACE_s08_session3_natural,7,148,11.933333333333334,0.06756150722503662,0.9748050746352055
COHFACE_s08_session3_natural,7,149,11.966666666666667,0.014363760128617287,0.9264094131952929
COHFACE_s08_session3_natural,7,150,12.0,-0.04483355954289436,0.7143775547458077
COHFACE_s08_session3_natural,7,151,12.033333333333333,-0.16327382624149323,0.3962682076946198
COHFACE_s08_session3_natural,7,152,12.066666666666666,-0.30842700600624084,0.05146996498109863
COHFACE_s08_session3_natural,7,153,12.1,-0.45668265223503113,-0.24729249829652833
COHFACE_s08_session3_natural,7,154,12.133333333333333,-0.5748491883277893,-0.45922534131415954
COHFACE_s08_session3_natural,7,155,12.166666666666666,-0.5895857810974121,-0.586009790614233
COHFACE_s08_session3_natural,7,156,12.2,-0.5198493003845215,-0.6629216738626568
COHFACE_s08_session3_natural,7,157,12.233333333333333,-0.28394967317581177,-0.7349745852446413
COHFACE_s08_session3_natural,7,158,12.266666666666667,0.044589750468730927,-0.8294877157042018
COHFACE_s08_session3_natural,7,159,12.3,0.32937562465667725,-0.9378013149733392
COHFACE_s08_session3_natural,7,160,12.333333333333334,0.4088985025882721,-1.0140586558599154
COHFACE_s08_session3_natural,7,161,12.366666666666667,0.27902939915657043,-0.9913787209651265
COHFACE_s08_session3_natural,7,162,12.4,0.098540298640728,-0.8092801740968677
COHFACE_s08_session3_natural,7,163,12.433333333333334,-0.017801256850361824,-0.4421613864282592
COHFACE_s08_session3_natural,7,164,12.466666666666667,0.24572376906871796,0.08254510233151753
COHFACE_s08_session3_natural,7,165,12.5,0.8858988881111145,0.6846127303315247
COHFACE_s08_session3_natural,7,166,12.533333333333333,1.406493067741394,1.2500891741294093
COHFACE_s08_session3_natural,7,167,12.566666666666666,1.5559349060058594,1.6621837110347293
COHFACE_s08_session3_natural,7,168,12.6,1.427024006843567,1.8338428345887625
COHFACE_s08_session3_natural,7,169,12.633333333333333,1.2184988260269165,1.7322802574406655
COHFACE_s08_session3_natural,7,170,12.666666666666666,0.9769189953804016,1.3876572588774654
COHFACE_s08_session3_natural,7,171,12.7,0.7143977284431458,0.8823617630514409
COHFACE_s08_session3_natural,7,172,12.733333333333333,0.49503687024116516,0.3243372989640545
COHFACE_s08_session3_natural,7,173,12.766666666666667,0.38414740562438965,-0.18549275729160902
COHFACE_s08_session3_natural,7,174,12.8,0.3543548285961151,-0.5793663388814762
COHFACE_s08_session3_natural,7,175,12.833333333333334,0.3228969871997833,-0.8333798821086703
COHFACE_s08_session3_natural,7,176,12.866666666666667,0.17956876754760742,-0.9610566938676357
COHFACE_s08_session3_natural,7,177,12.9,-0.035594671964645386,-0.9953793844181487
COHFACE_s08_session3_natural,7,178,12.933333333333334,-0.25018781423568726,-0.9684636527460839
COHFACE_s08_session3_natural,7,179,12.966666666666667,-0.44808250665664673,-0.8972812384458795
COHFACE_s08_session3_natural,7,180,13.0,-0.6138806343078613,-0.7801378475228509
COHFACE_s08_session3_natural,7,181,13.033333333333333,-0.7455062866210938,-0.6039633138690382
COHFACE_s08_session3_natural,7,182,13.066666666666666,-0.815676212310791,-0.35856091900588
COHFACE_s08_session3_natural,7,183,13.1,-0.8209001421928406,-0.05158845999560511
COHFACE_s08_session3_natural,7,184,13.133333333333333,-0.7410807013511658,0.2824603205659247
COHFACE_s08_session3_natural,7,185,13.166666666666666,-0.5736173391342163,0.5842744177341591
COHFACE_s08_session3_natural,7,186,13.2,-0.43786269426345825,0.7839591602513204
COHFACE_s08_session3_natural,7,187,13.233333333333333,-0.3832734227180481,0.8241307547878051
COHFACE_s08_session3_natural,7,188,13.266666666666667,-0.2324628233909607,0.6845406563254526
COHFACE_s08_session3_natural,7,189,13.3,0.21084411442279816,0.39803240079390795
COHFACE_s08_session3_natural,7,190,13.333333333333334,0.7665917277336121,0.04746251643946955
COHFACE_s08_session3_natural,7,191,13.366666666666667,0.9961951971054077,-0.260404014123807
COHFACE_s08_session3_natural,7,192,13.4,0.8121246099472046,-0.43527741804324044
COHFACE_s08_session3_natural,7,193,13.433333333333334,0.4790228009223938,-0.43930110669696043
COHFACE_s08_session3_natural,7,194,13.466666666666667,0.09311102330684662,-0.30118100483170307
COHFACE_s08_session3_natural,7,195,13.5,-0.3849615156650543,-0.10190002339171655
COHFACE_s08_session3_natural,7,196,13.533333333333333,-0.7438409924507141,0.06140574136343996
COHFACE_s08_session3_natural,7,197,13.566666666666666,-0.8754209876060486,0.11729810976236879
COHFACE_s08_session3_natural,7,198,13.6,-0.8243904113769531,0.04928002728747274
COHFACE_s08_session3_natural,7,199,13.633333333333333,-0.6691314578056335,-0.09971728242142687
COHFACE_s08_session3_natural,7,200,13.666666666666666,-0.5121387839317322,-0.24796316553226125
COHFACE_s08_session3_natural,7,201,13.7,-0.5088310241699219,-0.31057491814659793
COHFACE_s08_session3_natural,7,202,13.733333333333333,-0.6549879908561707,-0.23619064891306954
COHFACE_s08_session3_natural,7,203,13.766666666666667,-0.8880589008331299,-0.03181484316350142
COHFACE_s08_session3_natural,7,204,13.8,-1.1725938320159912,0.2339233341186061
COHFACE_s08_session3_natural,7,205,13.833333333333334,-1.4546194076538086,0.4530145409015516
COHFACE_s08_session3_natural,7,206,13.866666666666667,-1.6951271295547485,0.5201095332943018
COHFACE_s08_session3_natural,7,207,13.9,-1.9013710021972656,0.3780989611367641
COHFACE_s08_session3_natural,7,208,13.933333333333334,-2.0941786766052246,0.04560229722124692
COHFACE_s08_session3_natural,7,209,13.966666666666667,-2.2141473293304443,-0.38839643993699613
COHFACE_s08_session3_natural,7,210,14.0,-2.2426624298095703,-0.7990045978624095
COHFACE_s08_session3_natural,7,211,14.033333333333333,-2.193821668624878,-1.0691921451116235
COHFACE_s08_session3_natural,7,212,14.066666666666666,-2.1419243812561035,-1.1224316179357168
COHFACE_s08_session3_natural,7,213,14.1,-1.985342264175415,-0.9354598375315804
COHFACE_s08_session3_natural,7,214,14.133333333333333,-1.4216787815093994,-0.5352195964054578
COHFACE_s08_session3_natural,7,215,14.166666666666666,-0.5614128708839417,0.011063464796758436
COHFACE_s08_session3_natural,7,216,14.2,0.13604333996772766,0.6082462909029497
COHFACE_s08_session3_natural,7,217,14.233333333333333,0.4340830147266388,1.1495488568318253
COHFACE_s08_session3_natural,7,218,14.266666666666667,0.40000179409980774,1.5376735719099472
COHFACE_s08_session3_natural,7,219,14.3,0.29782652854919434,1.7066995231242603
COHFACE_s08_session3_natural,7,220,14.333333333333334,0.39030665159225464,1.6373684186275967
COHFACE_s08_session3_natural,7,221,14.366666666666667,0.5903000831604004,1.35951508817113
COHFACE_s08_session3_natural,7,222,14.4,0.6840120553970337,0.9403999766559219
COHFACE_s08_session3_natural,7,223,14.433333333333334,0.629103422164917,0.4638558399997078
COHFACE_s08_session3_natural,7,224,14.466666666666667,0.47598880529403687,0.008955073230646298
COHFACE_s08_session3_natural,7,225,14.5,0.5957293510437012,-0.36433079994813145
COHFACE_s08_session3_natural,7,226,14.533333333333333,0.8008326888084412,-0.62066241125786
COHFACE_s08_session3_natural,7,227,14.566666666666666,0.7695345282554626,-0.7491647573509903
COHFACE_s08_session3_natural,7,228,14.6,0.6998892426490784,-0.7607924158279431
COHFACE_s08_session3_natural,7,229,14.633333333333333,0.6199785470962524,-0.683869182531551
COHFACE_s08_session3_natural,7,230,14.666666666666666,0.4380979537963867,-0.5571189323731491
COHFACE_s08_session3_natural,7,231,14.7,0.1948300451040268,-0.4203183751067879
COHFACE_s08_session3_natural,7,232,14.733333333333333,-0.07099900394678116,-0.30449904363736285
COHFACE_s08_session3_natural,7,233,14.766666666666667,-0.33249375224113464,-0.22515246935405828
COHFACE_s08_session3_natural,7,234,14.8,-0.5606372356414795,-0.1818189124212546
COHFACE_s08_session3_natural,7,235,14.833333333333334,-0.803905189037323,-0.16445860669597803
COHFACE_s08_session3_natural,7,236,14.866666666666667,-1.0988880395889282,-0.16221888633772572
COHFACE_s08_session3_natural,7,237,14.9,-1.3798871040344238,-0.16856256572143846
COHFACE_s08_session3_natural,7,238,14.933333333333334,-1.5593953132629395,-0.18085180911042972
COHFACE_s08_session3_natural,7,239,14.966666666666667,-1.5916515588760376,-0.19746100602379224
COHFACE_s08_session3_natural,8,0,8.0,-0.8561447858810425,0.10004766430921572
COHFACE_s08_session3_natural,8,1,8.033333333333333,-0.8188698887825012,0.5660640298499718
COHFACE_s08_session3_natural,8,2,8.066666666666666,-0.7351495623588562,0.9470834863418519
COHFACE_s08_session3_natural,8,3,8.1,-0.6832749247550964,1.1810728466669316
COHFACE_s08_session3_natural,8,4,8.133333333333333,-0.627316951751709,1.2411908203774986
COHFACE_s08_session3_natural,8,5,8.166666666666666,-0.34355759620666504,1.1391872183497485
COHFACE_s08_session3_natural,8,6,8.2,0.3332080543041229,0.9179310994378082
COHFACE_s08_session3_natural,8,7,8.233333333333333,1.087397813796997,0.637503728817336
COHFACE_s08_session3_natural,8,8,8.266666666666667,1.4826170206069946,0.35947264299626125
COHFACE_s08_session3_natural,8,9,8.3,1.4612420797348022,0.13228516820635444
COHFACE_s08_session3_natural,8,10,8.333333333333334,1.2005913257598877,-0.019408881207351382
COHFACE_s08_session3_natural,8,11,8.366666666666667,0.8669420480728149,-0.09850342516452633
COHFACE_s08_session3_natural,8,12,8.4,0.5285934209823608,-0.13096338544200276
COHFACE_s08_session3_natural,8,13,8.433333333333334,0.23760266602039337,-0.1545406961656345
COHFACE_s08_session3_natural,8,14,8.466666666666667,0.08619896322488785,-0.2040611242867358
COHFACE_s08_session3_natural,8,15,8.5,0.03181499242782593,-0.29811423488337846
COHFACE_s08_session3_natural,8,16,8.533333333333333,-0.02015089988708496,-0.4328054985037507
COHFACE_s08_session3_natural,8,17,8.566666666666666,-0.1235123872756958,-0.5860680582302611
COHFACE_s08_session3_natural,8,18,8.6,-0.26581406593322754,-0.7301541507637953
COHFACE_s08_session3_natural,8,19,8.633333333333333,-0.43149814009666443,-0.8446110679003832
COHFACE_s08_session3_natural,8,20,8.666666666666666,-0.6114853620529175,-0.9218716346860457
COHFACE_s08_session3_natural,8,21,8.7,-0.7638927698135376,-0.9624977169207061
COHFACE_s08_session3_natural,8,22,8.733333333333333,-0.8713604807853699,-0.9638134629000793
COHFACE_s08_session3_natural,8,23,8.766666666666667,-0.9461384415626526,-0.910175604492289
COHFACE_s08_session3_natural,8,24,8.8,-0.9737866520881653,-0.7727429728866558
COHFACE_s08_session3_natural,8,25,8.833333333333334,-0.9698629379272461,-0.5214083819241304
COHFACE_s08_session3_natural,8,26,8.866666666666667,-0.9331811666488647,-0.14425358494937132
COHFACE_s08_session3_natural,8,27,8.9,-0.8854355216026306,0.3352038277430429
COHFACE_s08_session3_natural,8,28,8.933333333333334,-0.810041606426239,0.8525551902741212
COHFACE_s08_session3_natural,8,29,8.966666666666667,-0.4550173878669739,1.313748420526373
COHFACE_s08_session3_natural,8,30,9.0,0.31377217173576355,1.62119574137038
COHFACE_s08_session3_natural,8,31,9.033333333333333,1.1292580366134644,1.7058134442715949
COHFACE_s08_session3_natural,8,32,9.066666666666666,1.5810966491699219,1.5513311091527395
COHFACE_s08_session3_natural,8,33,9.1,1.6389708518981934,1.1995890787130474
COHFACE_s08_session3_natural,8,34,9.133333333333333,1.5292904376983643,0.735721786901396
COHFACE_s08_session3_natural,8,35,9.166666666666666,1.419587254524231,0.2618967258531229
COHFACE_s08_session3_natural,8,36,9.2,1.3917793035507202,-0.12981268278924188
COHFACE_s08_session3_natural,8,37,9.233333333333333,1.4954144954681396,-0.37823476924102656
COHFACE_s08_session3_natural,8,38,9.266666666666667,1.692716121673584,-0.46364635929874115
COHFACE_s08_session3_natural,8,39,9.3,1.8664528131484985,-0.4069400612232115
COHFACE_s08_session3_natural,8,40,9.333333333333334,1.947230339050293,-0.25974441198785975
COHFACE_s08_session3_natural,8,41,9.366666666666667,1.7344393730163574,-0.08974241027514779
COHFACE_s08_session3_natural,8,42,9.4,1.274479627609253,0.03570163975718685
COHFACE_s08_session3_natural,8,43,9.433333333333334,0.7936012148857117,0.06584835676220022
COHFACE_s08_session3_natural,8,44,9.466666666666667,0.3874095380306244,-0.02003509485234766
COHFACE_s08_session3_natural,8,45,9.5,0.058505114167928696,-0.20674054011450918
COHFACE_s08_session3_natural,8,46,9.533333333333333,-0.1785351037979126,-0.44823677106700777
COHFACE_s08_session3_natural,8,47,9.566666666666666,-0.3495115637779236,-0.6834501319899883
COHFACE_s08_session3_natural,8,48,9.6,-0.49322760105133057,-0.8572026138341747
COHFACE_s08_session3_natural,8,49,9.633333333333333,-0.6351870894432068,-0.9378130247561584
COHFACE_s08_session3_natural,8,50,9.666666666666666,-0.7553154826164246,-0.9242119966660352
COHFACE_s08_session3_natural,8,51,9.7,-0.8297968506813049,-0.8402505125290194
COHFACE_s08_session3_natural,8,52,9.733333333333333,-0.9204292297363281,-0.7195230648072769
COHFACE_s08_session3_natural,8,53,9.766666666666667,-1.0332804918289185,-0.5877990482782411
COHFACE_s08_session3_natural,8,54,9.8,-0.9520923495292664,-0.4505879637250696
COHFACE_s08_session3_natural,8,55,9.833333333333334,-0.3923754394054413,-0.2909798211671088
COHFACE_s08_session3_natural,8,56,9.866666666666667,0.4505533277988434,-0.07907985753682065
COHFACE_s08_session3_natural,8,57,9.9,1.1327482461929321,0.20994129896073305
COHFACE_s08_session3_natural,8,58,9.933333333333334,1.4107133150100708,0.5760318623738881
COHFACE_s08_session3_natural,8,59,9.966666666666667,1.3900227546691895,0.981685712449967
COHFACE_s08_session3_natural,8,60,10.0,1.3505806922912598,1.3545323028484269
COHFACE_s08_session3_natural,8,61,10.033333333333333,1.315016746520996,1.6073706792069995
COHFACE_s08_session3_natural,8,62,10.066666666666666,1.17850923538208,1.6689938016328238
COHFACE_s08_session3_natural,8,63,10.1,1.005183219909668,1.512218691876462
COHFACE_s08_session3_natural,8,64,10.133333333333333,0.8634061813354492,1.1656562504554608
COHFACE_s08_session3_natural,8,65,10.166666666666666,0.8249906301498413,0.7033097046733601
COHFACE_s08_session3_natural,8,66,10.2,0.7576494216918945,0.21711374861082527
COHFACE_s08_session3_natural,8,67,10.233333333333333,0.5507439374923706,-0.2145276923596719
COHFACE_s08_session3_natural,8,68,10.266666666666667,0.2433284968137741,-0.5488240269598844
COHFACE_s08_session3_natural,8,69,10.3,-0.051745615899562836,-0.7839080949827434
COHFACE_s08_session3_natural,8,70,10.333333333333334,-0.23120816051959991,-0.9478838113392021
COHFACE_s08_session3_natural,8,71,10.366666666666667,-0.345086008310318,-1.0781493952028336
COHFACE_s08_session3_natural,8,72,10.4,-0.42383328080177307,-1.1998214718879359
COHFACE_s08_session3_natural,8,73,10.433333333333334,-0.46512311697006226,-1.3111794187456456
COHFACE_s08_session3_natural,8,74,10.466666666666667,-0.4750007390975952,-1.3812514001718128
COHFACE_s08_session3_natural,8,75,10.5,-0.4677693247795105,-1.3603395582909195
COHFACE_s08_session3_natural,8,76,10.533333333333333,-0.538692057132721,-1.199251675877869
COHFACE_s08_session3_natural,8,77,10.566666666666666,-0.6582044959068298,-0.8698744673053338
COHFACE_s08_session3_natural,8,78,10.6,-0.7480155825614929,-0.38019756323681136
COHFACE_s08_session3_natural,8,79,10.633333333333333,-0.8216986060142517,0.22063209850744162
COHFACE_s08_session3_natural,8,80,10.666666666666666,-0.8349295854568481,0.8491910739022059
COHFACE_s08_session3_natural,8,81,10.7,-0.4871367812156677,1.4056501304889264
COHFACE_s08_session3_natural,8,82,10.733333333333333,0.33295711874961853,1.797834405879992
COHFACE_s08_session3_natural,8,83,10.766666666666667,1.2229700088500977,1.9639024647679
COHFACE_s08_session3_natural,8,84,10.8,1.6857128143310547,1.886484473987149
COHFACE_s08_session3_natural,8,85,10.833333333333334,1.730401635169983,1.5942498258738051
COHFACE_s08_session3_natural,8,86,10.866666666666667,1.601559042930603,1.1510318493490683
COHFACE_s08_session3_natural,8,87,10.9,1.406424641609192,0.6365612836066133
COHFACE_s08_session3_natural,8,88,10.933333333333334,1.1552410125732422,0.12551925753167822
COHFACE_s08_session3_natural,8,89,10.966666666666667,0.9085968732833862,-0.3280887667723475
COHFACE_s08_session3_natural,8,90,11.0,0.760318398475647,-0.6966918811278686
COHFACE_s08_session3_natural,8,91,11.033333333333333,0.6527823209762573,-0.9746624052753231
COHFACE_s08_session3_natural,8,92,11.066666666666666,0.5508580207824707,-1.1672657379236284
COHFACE_s08_session3_natural,8,93,11.1,0.4496864676475525,-1.2790327704767908
COHFACE_s08_session3_natural,8,94,11.133333333333333,0.2863292396068573,-1.307136105940498
COHFACE_s08_session3_natural,8,95,11.166666666666666,0.07572823017835617,-1.2426150854507885
COHFACE_s08_session3_natural,8,96,11.2,-0.11806029826402664,-1.078460369006635
COHFACE_s08_session3_natural,8,97,11.233333333333333,-0.3105713427066803,-0.8201808417132932
COHFACE_s08_session3_natural,8,98,11.266666666666667,-0.501531183719635,-0.49297379995761276
COHFACE_s08_session3_natural,8,99,11.3,-0.6400917172431946,-0.14093379301330744
COHFACE_s08_session3_natural,8,100,11.333333333333334,-0.7573685646057129,0.18245596255827465
COHFACE_s08_session3_natural,8,101,11.366666666666667,-0.8518333435058594,0.42897264475907204
COHFACE_s08_session3_natural,8,102,11.4,-0.922117292881012,0.5693507909960533
COHFACE_s08_session3_natural,8,103,11.433333333333334,-0.9897550940513611,0.6005343570268372
COHFACE_s08_session3_natural,8,104,11.466666666666667,-1.0525110960006714,0.5442977823750854
COHFACE_s08_session3_natural,8,105,11.5,-1.1196242570877075,0.4388404395400386
COHFACE_s08_session3_natural,8,106,11.533333333333333,-1.2124236822128296,0.3270498744899071
COHFACE_s08_session3_natural,8,107,11.566666666666666,-1.1061195135116577,0.24515060281813808
COHFACE_s08_session3_natural,8,108,11.6,-0.4946647584438324,0.21433655099450755
COHFACE_s08_session3_natural,8,109,11.633333333333333,0.39299848675727844,0.2369849737104033
COHFACE_s08_session3_natural,8,110,11.666666666666666,1.0527691841125488,0.298531864494607
COHFACE_s08_session3_natural,8,111,11.7,1.2321860790252686,0.3747758682797607
COHFACE_s08_session3_natural,8,112,11.733333333333333,1.1054878234863281,0.4417078158101568
COHFACE_s08_session3_natural,8,113,11.766666666666667,0.9307017922401428,0.4831565273581487
COHFACE_s08_session3_natural,8,114,11.8,0.7162455320358276,0.4927523245586205
COHFACE_s08_session3_natural,8,115,11.833333333333334,0.44505563378334045,0.4701093247052544
COHFACE_s08_session3_natural,8,116,11.866666666666667,0.24316881597042084,0.41443309586232024
COHFACE_s08_session3_natural,8,117,11.9,0.14329758286476135,0.3202903148439622
COHFACE_s08_session3_natural,8,118,11.933333333333334,0.06756150722503662,0.17924541407379035
COHFACE_s08_session3_natural,8,119,11.966666666666667,0.014363760128617287,-0.012400011239664537
COHFACE_s08_session3_natural,8,120,12.0,-0.04483355954289436,-0.24399184720510614
COHFACE_s08_session3_natural,8,121,12.033333333333333,-0.16327382624149323,-0.4859732338429307
COHFACE_s08_session3_natural,8,122,12.066666666666666,-0.30842700600624084,-0.6959030889343739
COHFACE_s08_session3_natural,8,123,12.1,-0.45668265223503113,-0.8345486132119282
COHFACE_s08_session3_natural,8,124,12.133333333333333,-0.5748491883277893,-0.8839114536773438
COHFACE_s08_session3_natural,8,125,12.166666666666666,-0.5895857810974121,-0.8560523401492416
COHFACE_s08_session3_natural,8,126,12.2,-0.5198493003845215,-0.786797513012433
COHFACE_s08_session3_natural,8,127,12.233333333333333,-0.28394967317581177,-0.7174829933741933
COHFACE_s08_session3_natural,8,128,12.266666666666667,0.044589750468730927,-0.6741043461740721
COHFACE_s08_session3_natural,8,129,12.3,0.32937562465667725,-0.6539092123351151
COHFACE_s08_session3_natural,8,130,12.333333333333334,0.4088985025882721,-0.6254079778174476
COHFACE_s08_session3_natural,8,131,12.366666666666667,0.27902939915657043,-0.5415071553631335
COHFACE_s08_session3_natural,8,132,12.4,0.098540298640728,-0.3599406659606192
COHFACE_s08_session3_natural,8,133,12.433333333333334,-0.017801256850361824,-0.06250853739540256
COHFACE_s08_session3_natural,8,134,12.466666666666667,0.24572376906871796,0.3343469004749552
COHFACE_s08_session3_natural,8,135,12.5,0.8858988881111145,0.7809738318758143
COHFACE_s08_session3_natural,8,136,12.533333333333333,1.406493067741394,1.2061418521533482
COHFACE_s08_session3_natural,8,137,12.566666666666666,1.5559349060058594,1.5340706055825895
COHFACE_s08_session3_natural,8,138,12.6,1.427024006843567,1.7025069127197698
COHFACE_s08_session3_natural,8,139,12.633333333333333,1.2184988260269165,1.6784640133952757
COHFACE_s08_session3_natural,8,140,12.666666666666666,0.9769189953804016,1.4673771990587612
COHFACE_s08_session3_natural,8,141,12.7,0.7143977284431458,1.11141430127725
COHFACE_s08_session3_natural,8,142,12.733333333333333,0.49503687024116516,0.6763395834325748
COHFACE_s08_session3_natural,8,143,12.766666666666667,0.38414740562438965,0.231633867638059
COHFACE_s08_session3_natural,8,144,12.8,0.3543548285961151,-0.1682941565941217
COHFACE_s08_session3_natural,8,145,12.833333333333334,0.3228969871997833,-0.49475801451063034
COHFACE_s08_session3_natural,8,146,12.866666666666667,0.17956876754760742,-0.7443522848417775
COHFACE_s08_session3_natural,8,147,12.9,-0.035594671964645386,-0.9294156091414564
COHFACE_s08_session3_natural,8,148,12.933333333333334,-0.25018781423568726,-1.0646569370552783
COHFACE_s08_session3_natural,8,149,12.966666666666667,-0.44808250665664673,-1.155860843031522
COHFACE_s08_session3_natural,8,150,13.0,-0.6138806343078613,-1.1950253641627917
COHFACE_s08_session3_natural,8,151,13.033333333333333,-0.7455062866210938,-1.1634952010924842
COHFACE_s08_session3_natural,8,152,13.066666666666666,-0.815676212310791,-1.0417301156377459
COHFACE_s08_session3_natural,8,153,13.1,-0.8209001421928406,-0.8220868518941198
COHFACE_s08_session3_natural,8,154,13.133333333333333,-0.7410807013511658,-0.5197728244587219
COHFACE_s08_session3_natural,8,155,13.166666666666666,-0.5736173391342163,-0.17695001816389336
COHFACE_s08_session3_natural,8,156,13.2,-0.43786269426345825,0.14392811112460674
COHFACE_s08_session3_natural,8,157,13.233333333333333,-0.3832734227180481,0.3782200412173581
COHFACE_s08_session3_natural,8,158,13.266666666666667,-0.2324628233909607,0.48389201331988185
COHFACE_s08_session3_natural,8,159,13.3,0.21084411442279816,0.4626730146793136
COHFACE_s08_session3_natural,8,160,13.333333333333334,0.7665917277336121,0.3651384510856394
COHFACE_s08_session3_natural,8,161,13.366666666666667,0.9961951971054077,0.2726871645455056
COHFACE_s08_session3_natural,8,162,13.4,0.8121246099472046,0.26183055559793306
COHFACE_s08_session3_natural,8,163,13.433333333333334,0.4790228009223938,0.3675891927991563
COHFACE_s08_session3_natural,8,164,13.466666666666667,0.09311102330684662,0.5646651367388451
COHFACE_s08_session3_natural,8,165,13.5,-0.3849615156650543,0.7764164341024749
COHFACE_s08_session3_natural,8,166,13.533333333333333,-0.7438409924507141,0.9076180494846833
COHFACE_s08_session3_natural,8,167,13.566666666666666,-0.8754209876060486,0.8854234474698186
COHFACE_s08_session3_natural,8,168,13.6,-0.8243904113769531,0.6899385702658206
COHFACE_s08_session3_natural,8,169,13.633333333333333,-0.6691314578056335,0.3618360340772572
COHFACE_s08_session3_natural,8,170,13.666666666666666,-0.5121387839317322,-0.014513069023373995
COHFACE_s08_session3_natural,8,171,13.7,-0.5088310241699219,-0.3437076167406262
COHFACE_s08_session3_natural,8,172,13.733333333333333,-0.6549879908561707,-0.5541761340679386
COHFACE_s08_session3_natural,8,173,13.766666666666667,-0.8880589008331299,-0.6223062267615517
COHFACE_s08_session3_natural,8,174,13.8,-1.1725938320159912,-0.5773902463360897
COHFACE_s08_session3_natural,8,175,13.833333333333334,-1.4546194076538086,-0.4856110319098993
COHFACE_s08_session3_natural,8,176,13.866666666666667,-1.6951271295547485,-0.4188564218669143
COHFACE_s08_session3_natural,8,177,13.9,-1.9013710021972656,-0.4211156973554703
COHFACE_s08_session3_natural,8,178,13.933333333333334,-2.0941786766052246,-0.48853645166447807
COHFACE_s08_session3_natural,8,179,13.966666666666667,-2.2141473293304443,-0.5738436408041575
COHFACE_s08_session3_natural,8,180,14.0,-2.2426624298095703,-0.611796888701387
COHFACE_s08_session3_natural,8,181,14.033333333333333,-2.193821668624878,-0.5502570746899116
COHFACE_s08_session3_natural,8,182,14.066666666666666,-2.1419243812561035,-0.3709807870340361
COHFACE_s08_session3_natural,8,183,14.1,-1.985342264175415,-0.09323293873322336
COHFACE_s08_session3_natural,8,184,14.133333333333333,-1.4216787815093994,0.23654259897818877
COHFACE_s08_session3_natural,8,185,14.166666666666666,-0.5614128708839417,0.5606038915478371
COHFACE_s08_session3_natural,8,186,14.2,0.13604333996772766,0.8243992310903548
COHFACE_s08_session3_natural,8,187,14.233333333333333,0.4340830147266388,0.9871711306975074
COHFACE_s08_session3_natural,8,188,14.266666666666667,0.40000179409980774,1.0289653379256767
COHFACE_s08_session3_natural,8,189,14.3,0.29782652854919434,0.9540148102648374
COHFACE_s08_session3_natural,8,190,14.333333333333334,0.39030665159225464,0.7887634913831585
COHFACE_s08_session3_natural,8,191,14.366666666666667,0.5903000831604004,0.573108720503356
COHFACE_s08_session3_natural,8,192,14.4,0.6840120553970337,0.34714794484499095
COHFACE_s08_session3_natural,8,193,14.433333333333334,0.629103422164917,0.1392963310739145
COHFACE_s08_session3_natural,8,194,14.466666666666667,0.47598880529403687,-0.038868908757057716
COHFACE_s08_session3_natural,8,195,14.5,0.5957293510437012,-0.18998982423509536
COHFACE_s08_session3_natural,8,196,14.533333333333333,0.8008326888084412,-0.32425365643411613
COHFACE_s08_session3_natural,8,197,14.566666666666666,0.7695345282554626,-0.4536361791585243
COHFACE_s08_session3_natural,8,198,14.6,0.6998892426490784,-0.5887096837832911
COHFACE_s08_session3_natural,8,199,14.633333333333333,0.6199785470962524,-0.7359716330136395
COHFACE_s08_session3_natural,8,200,14.666666666666666,0.4380979537963867,-0.8937432064697285
COHFACE_s08_session3_natural,8,201,14.7,0.1948300451040268,-1.047387309470195
COHFACE_s08_session3_natural,8,202,14.733333333333333,-0.07099900394678116,-1.1666991000129296
COHFACE_s08_session3_natural,8,203,14.766666666666667,-0.33249375224113464,-1.208696925275815
COHFACE_s08_session3_natural,8,204,14.8,-0.5606372356414795,-1.1277071572023156
COHFACE_s08_session3_natural,8,205,14.833333333333334,-0.803905189037323,-0.8914231245808345
COHFACE_s08_session3_natural,8,206,14.866666666666667,-1.0988880395889282,-0.4974763726707256
COHFACE_s08_session3_natural,8,207,14.9,-1.3798871040344238,0.017026612730501177
COHFACE_s08_session3_natural,8,208,14.933333333333334,-1.5593953132629395,0.5784410208978712
COHFACE_s08_session3_natural,8,209,14.966666666666667,-1.5916515588760376,1.0925179364870348
COHFACE_s08_session3_natural,8,210,15.0,-1.3437527418136597,1.4688744658612607
COHFACE_s08_session3_natural,8,211,15.033333333333333,-0.8379407525062561,1.6459887860294486
COHFACE_s08_session3_natural,8,212,15.066666666666666,-0.37843725085258484,1.6076256247432046
COHFACE_s08_session3_natural,8,213,15.1,-0.19566695392131805,1.384360463088328
COHFACE_s08_session3_natural,8,214,15.133333333333333,-0.16799591481685638,1.0401947699214305
COHFACE_s08_session3_natural,8,215,15.166666666666666,-0.22698792815208435,0.6506137716785598
COHFACE_s08_session3_natural,8,216,15.2,-0.37360110878944397,0.28112073870534193
COHFACE_s08_session3_natural,8,217,15.233333333333333,-0.5741419792175293,-0.026460769734665962
COHFACE_s08_session3_natural,8,218,15.266666666666667,-0.7533764243125916,-0.25716508246721653
COHFACE_s08_session3_natural,8,219,15.3,-0.8879676461219788,-0.417472168526527
COHFACE_s08_session3_natural,8,220,15.333333333333334,-0.9358729720115662,-0.5257806711324758
COHFACE_s08_session3_natural,8,221,15.366666666666667,-0.8824471235275269,-0.6029378164508413
COHFACE_s08_session3_natural,8,222,15.4,-0.8047491908073425,-0.6648303038026606
COHFACE_s08_session3_natural,8,223,15.433333333333334,-0.784583330154419,-0.7172557363415556
COHFACE_s08_session3_natural,8,224,15.466666666666667,-0.8235235214233398,-0.753362075257811
COHFACE_s08_session3_natural,8,225,15.5,-0.9030236005783081,-0.7549029152044113
COHFACE_s08_session3_natural,8,226,15.533333333333333,-0.9603047370910645,-0.6985401348824295
COHFACE_s08_session3_natural,8,227,15.566666666666666,-0.9724863767623901,-0.5665681207111141
COHFACE_s08_session3_natural,8,228,15.6,-0.9709123373031616,-0.3583773666475982
COHFACE_s08_session3_natural,8,229,15.633333333333333,-0.9734900593757629,-0.0967670895717034
COHFACE_s08_session3_natural,8,230,15.666666666666666,-0.9944999814033508,0.1758881843244716
COHFACE_s08_session3_natural,8,231,15.7,-1.0067728757858276,0.4115640629941713
COHFACE_s08_session3_natural,8,232,15.733333333333333,-1.023106336593628,0.5735996017398168
COHFACE_s08_session3_natural,8,233,15.766666666666667,-1.0268019437789917,0.647296132875441
COHFACE_s08_session3_natural,8,234,15.8,-0.9792615175247192,0.6398493378924722
COHFACE_s08_session3_natural,8,235,15.833333333333334,-0.6576797962188721,0.5725716615712124
COHFACE_s08_session3_natural,8,236,15.866666666666667,0.05154743418097496,0.47081124563809046
COHFACE_s08_session3_natural,8,237,15.9,0.8306708335876465,0.3554376522637884
COHFACE_s08_session3_natural,8,238,15.933333333333334,1.342573642730713,0.23793865366500613
COHFACE_s08_session3_natural,8,239,15.966666666666667,1.551326870918274,0.11998287890453166
COHFACE_s08_session3_natural,9,0,9.0,0.31377217173576355,-0.05242256925555314
COHFACE_s08_session3_natural,9,1,9.033333333333333,1.1292580366134644,0.059018759642511555
COHFACE_s08_session3_natural,9,2,9.066666666666666,1.5810966491699219,0.10881944884024408
COHFACE_s08_session3_natural,9,3,9.1,1.6389708518981934,0.05917213061900348
COHFACE_s08_session3_natural,9,4,9.133333333333333,1.5292904376983643,-0.08742714114480198
COHFACE_s08_session3_natural,9,5,9.166666666666666,1.419587254524231,-0.28957775169884514
COHFACE_s08_session3_natural,9,6,9.2,1.3917793035507202,-0.48381775883324196
COHFACE_s08_session3_natural,9,7,9.233333333333333,1.4954144954681396,-0.6087215482016134
COHFACE_s08_session3_natural,9,8,9.266666666666667,1.692716121673584,-0.6253562330377818
COHFACE_s08_session3_natural,9,9,9.3,1.8664528131484985,-0.5264484603961002
COHFACE_s08_session3_natural,9,10,9.333333333333334,1.947230339050293,-0.33355637155222684
COHFACE_s08_session3_natural,9,11,9.366666666666667,1.7344393730163574,-0.08699321217885118
COHFACE_s08_session3_natural,9,12,9.4,1.274479627609253,0.16624230540878282
COHFACE_s08_session3_natural,9,13,9.433333333333334,0.7936012148857117,0.38353162226640825
COHFACE_s08_session3_natural,9,14,9.466666666666667,0.3874095380306244,0.5351256901663004
COHFACE_s08_session3_natural,9,15,9.5,0.058505114167928696,0.6087069359731938
COHFACE_s08_session3_natural,9,16,9.533333333333333,-0.1785351037979126,0.6090129370957796
COHFACE_s08_session3_natural,9,17,9.566666666666666,-0.3495115637779236,0.5526699117721362
COHFACE_s08_session3_natural,9,18,9.6,-0.49322760105133057,0.46014416822616094
COHFACE_s08_session3_natural,9,19,9.633333333333333,-0.6351870894432068,0.3480476135711362
COHFACE_s08_session3_natural,9,20,9.666666666666666,-0.7553154826164246,0.22493116253432568
COHFACE_s08_session3_natural,9,21,9.7,-0.8297968506813049,0.09208938861348435
COHFACE_s08_session3_natural,9,22,9.733333333333333,-0.9204292297363281,-0.05144380937284524
COHFACE_s08_session3_natural,9,23,9.766666666666667,-1.0332804918289185,-0.20232577594567305
COHFACE_s08_session3_natural,9,24,9.8,-0.9520923495292664,-0.34779134255311084
COHFACE_s08_session3_natural,9,25,9.833333333333334,-0.3923754394054413,-0.46442607064354424
COHFACE_s08_session3_natural,9,26,9.866666666666667,0.4505533277988434,-0.5222730002632381
COHFACE_s08_session3_natural,9,27,9.9,1.1327482461929321,-0.4942425541803859
COHFACE_s08_session3_natural,9,28,9.933333333333334,1.4107133150100708,-0.36860631731720356
COHFACE_s08_session3_natural,9,29,9.966666666666667,1.3900227546691895,-0.1598512586566476
COHFACE_s08_session3_natural,9,30,10.0,1.3505806922912598,0.0882664365042488
COHFACE_s08_session3_natural,9,31,10.033333333333333,1.315016746520996,0.3117653178996632
COHFACE_s08_session3_natural,9,32,10.066666666666666,1.17850923538208,0.44618137554789866
COHFACE_s08_session3_natural,9,33,10.1,1.005183219909668,0.44927092149642767
COHFACE_s08_session3_natural,9,34,10.133333333333333,0.8634061813354492,0.31627657147798466
COHFACE_s08_session3_natural,9,35,10.166666666666666,0.8249906301498413,0.08070888053526792
COHFACE_s08_session3_natural,9,36,10.2,0.7576494216918945,-0.19853580015170125
COHFACE_s08_session3_natural,9,37,10.233333333333333,0.5507439374923706,-0.456286066620232
COHFACE_s08_session3_natural,9,38,10.266666666666667,0.2433284968137741,-0.6383104243706587
COHFACE_s08_session3_natural,9,39,10.3,-0.051745615899562836,-0.7123890960819189
COHFACE_s08_session3_natural,9,40,10.333333333333334,-0.23120816051959991,-0.6731296822102129
COHFACE_s08_session3_natural,9,41,10.366666666666667,-0.345086008310318,-0.5416823137937129
COHFACE_s08_session3_natural,9,42,10.4,-0.42383328080177307,-0.3599453816499253
COHFACE_s08_session3_natural,9,43,10.433333333333334,-0.46512311697006226,-0.17823236449216073
COHFACE_s08_session3_natural,9,44,10.466666666666667,-0.4750007390975952,-0.0383928388091794
COHFACE_s08_session3_natural,9,45,10.5,-0.4677693247795105,0.041682628046378276
COHFACE_s08_session3_natural,9,46,10.533333333333333,-0.538692057132721,0.07535982217918592
COHFACE_s08_session3_natural,9,47,10.566666666666666,-0.6582044959068298,0.10215491345624389
COHFACE_s08_session3_natural,9,48,10.6,-0.7480155825614929,0.17062208065022208
COHFACE_s08_session3_natural,9,49,10.633333333333333,-0.8216986060142517,0.31501455903095055
COHFACE_s08_session3_natural,9,50,10.666666666666666,-0.8349295854568481,0.5357647903371027
COHFACE_s08_session3_natural,9,51,10.7,-0.4871367812156677,0.7937130667136558
COHFACE_s08_session3_natural,9,52,10.733333333333333,0.33295711874961853,1.0220796239643248
COHFACE_s08_session3_natural,9,53,10.766666666666667,1.2229700088500977,1.151542028667163
COHFACE_s08_session3_natural,9,54,10.8,1.6857128143310547,1.137329844076656
COHFACE_s08_session3_natural,9,55,10.833333333333334,1.730401635169983,0.9761952280606403
COHFACE_s08_session3_natural,9,56,10.866666666666667,1.601559042930603,0.7059328561336247
COHFACE_s08_session3_natural,9,57,10.9,1.406424641609192,0.3883068235331641
COHFACE_s08_session3_natural,9,58,10.933333333333334,1.1552410125732422,0.08382565929688685
COHFACE_s08_session3_natural,9,59,10.966666666666667,0.9085968732833862,-0.16975654610547666
COHFACE_s08_session3_natural,9,60,11.0,0.760318398475647,-0.3656829487802258
COHFACE_s08_session3_natural,9,61,11.033333333333333,0.6527823209762573,-0.5205760835092142
COHFACE_s08_session3_natural,9,62,11.066666666666666,0.5508580207824707,-0.6564435845595658
COHFACE_s08_session3_natural,9,63,11.1,0.4496864676475525,-0.782716701144065
COHFACE_s08_session3_natural,9,64,11.133333333333333,0.2863292396068573,-0.8878226312222188
COHFACE_s08_session3_natural,9,65,11.166666666666666,0.07572823017835617,-0.9440827267596771
COHFACE_s08_session3_natural,9,66,11.2,-0.11806029826402664,-0.9225692047296085
COHFACE_s08_session3_natural,9,67,11.233333333333333,-0.3105713427066803,-0.8095375878140301
COHFACE_s08_session3_natural,9,68,11.266666666666667,-0.501531183719635,-0.6156644173202865
COHFACE_s08_session3_natural,9,69,11.3,-0.6400917172431946,-0.37393034784348234
COHFACE_s08_session3_natural,9,70,11.333333333333334,-0.7573685646057129,-0.12899411434634858
COHFACE_s08_session3_natural,9,71,11.366666666666667,-0.8518333435058594,0.07511410364449016
COHFACE_s08_session3_natural,9,72,11.4,-0.922117292881012,0.20418352880806556
COHFACE_s08_session3_natural,9,73,11.433333333333334,-0.9897550940513611,0.23943988917607023
COHFACE_s08_session3_natural,9,74,11.466666666666667,-1.0525110960006714,0.18085500377895003
COHFACE_s08_session3_natural,9,75,11.5,-1.1196242570877075,0.04826394693794368
COHFACE_s08_session3_natural,9,76,11.533333333333333,-1.2124236822128296,-0.12113721539359146
COHFACE_s08_session3_natural,9,77,11.566666666666666,-1.1061195135116577,-0.28011294777468265
COHFACE_s08_session3_natural,9,78,11.6,-0.4946647584438324,-0.3823577129233487
COHFACE_s08_session3_natural,9,79,11.633333333333333,0.39299848675727844,-0.3935414531329688
COHFACE_s08_session3_natural,9,80,11.666666666666666,1.0527691841125488,-0.2986410270598456
COHFACE_s08_session3_natural,9,81,11.7,1.2321860790252686,-0.10359392270899845
COHFACE_s08_session3_natural,9,82,11.733333333333333,1.1054878234863281,0.16823475398785287
COHFACE_s08_session3_natural,9,83,11.766666666666667,0.9307017922401428,0.4823734145217551
COHFACE_s08_session3_natural,9,84,11.8,0.7162455320358276,0.7993756936871299
COHFACE_s08_session3_natural,9,85,11.833333333333334,0.44505563378334045,1.0789209619880284
COHFACE_s08_session3_natural,9,86,11.866666666666667,0.24316881597042084,1.2823299514866375
COHFACE_s08_session3_natural,9,87,11.9,0.14329758286476135,1.3756298455365215
COHFACE_s08_session3_natural,9,88,11.933333333333334,0.06756150722503662,1.3349476333831412
COHFACE_s08_session3_natural,9,89,11.966666666666667,0.014363760128617287,1.1538732249565966
COHFACE_s08_session3_natural,9,90,12.0,-0.04483355954289436,0.8498821761829443
COHFACE_s08_session3_natural,9,91,12.033333333333333,-0.16327382624149323,0.4654185517235905
COHFACE_s08_session3_natural,9,92,12.066666666666666,-0.30842700600624084,0.06011912686757071
COHFACE_s08_session3_natural,9,93,12.1,-0.45668265223503113,-0.3052627672948805
COHFACE_s08_session3_natural,9,94,12.133333333333333,-0.5748491883277893,-0.5869521048778835
COHFACE_s08_session3_natural,9,95,12.166666666666666,-0.5895857810974121,-0.7695207001008065
COHFACE_s08_session3_natural,9,96,12.2,-0.5198493003845215,-0.8656067319589915
COHFACE_s08_session3_natural,9,97,12.233333333333333,-0.28394967317581177,-0.905709377193089
COHFACE_s08_session3_natural,9,98,12.266666666666667,0.044589750468730927,-0.923983299870204
COHFACE_s08_session3_natural,9,99,12.3,0.32937562465667725,-0.9459543291166571
COHFACE_s08_session3_natural,9,100,12.333333333333334,0.4088985025882721,-0.9812172427690209
COHFACE_s08_session3_natural,9,101,12.366666666666667,0.27902939915657043,-1.0213182264630778
COHFACE_s08_session3_natural,9,102,12.4,0.098540298640728,-1.0421233598075188
COHFACE_s08_session3_natural,9,103,12.433333333333334,-0.017801256850361824,-1.0101607014988374
COHFACE_s08_session3_natural,9,104,12.466666666666667,0.24572376906871796,-0.8921247005419192
COHFACE_s08_session3_natural,9,105,12.5,0.8858988881111145,-0.6660523395083571
COHFACE_s08_session3_natural,9,106,12.533333333333333,1.406493067741394,-0.332091468408445
COHFACE_s08_session3_natural,9,107,12.566666666666666,1.5559349060058594,0.08035062863925467
COHFACE_s08_session3_natural,9,108,12.6,1.427024006843567,0.5135980481886397
COHFACE_s08_session3_natural,9,109,12.633333333333333,1.2184988260269165,0.8938488509173896
COHFACE_s08_session3_natural,9,110,12.666666666666666,0.9769189953804016,1.1519107598121794
COHFACE_s08_session3_natural,9,111,12.7,0.7143977284431458,1.2445794630791966
COHFACE_s08_session3_natural,9,112,12.733333333333333,0.49503687024116516,1.1680757275549905
COHFACE_s08_session3_natural,9,113,12.766666666666667,0.38414740562438965,0.9586319639704509
COHFACE_s08_session3_natural,9,114,12.8,0.3543548285961151,0.6803894690211081
COHFACE_s08_session3_natural,9,115,12.833333333333334,0.3228969871997833,0.4052503202725501
COHFACE_s08_session3_natural,9,116,12.866666666666667,0.17956876754760742,0.19195400274632993
COHFACE_s08_session3_natural,9,117,12.9,-0.035594671964645386,0.0713342875396075
COHFACE_s08_session3_natural,9,118,12.933333333333334,-0.25018781423568726,0.04162270819740362
COHFACE_s08_session3_natural,9,119,12.966666666666667,-0.44808250665664673,0.07395878839399876
COHFACE_s08_session3_natural,9,120,13.0,-0.6138806343078613,0.12573231598472315
COHFACE_s08_session3_natural,9,121,13.033333333333333,-0.7455062866210938,0.1573573939539718
COHFACE_s08_session3_natural,9,122,13.066666666666666,-0.815676212310791,0.14610410509754185
COHFACE_s08_session3_natural,9,123,13.1,-0.8209001421928406,0.09092142470046183
COHFACE_s08_session3_natural,9,124,13.133333333333333,-0.7410807013511658,0.006404333737193735
COHFACE_s08_session3_natural,9,125,13.166666666666666,-0.5736173391342163,-0.09001715537523056
COHFACE_s08_session3_natural,9,126,13.2,-0.43786269426345825,-0.18967639404092085
COHFACE_s08_session3_natural,9,127,13.233333333333333,-0.3832734227180481,-0.29545245138853454
COHFACE_s08_session3_natural,9,128,13.266666666666667,-0.2324628233909607,-0.4131137645472712
COHFACE_s08_session3_natural,9,129,13.3,0.21084411442279816,-0.5364856936290948
COHFACE_s08_session3_natural,9,130,13.333333333333334,0.7665917277336121,-0.6381537978450651
COHFACE_s08_session3_natural,9,131,13.366666666666667,0.9961951971054077,-0.6758610617139391
COHFACE_s08_session3_natural,9,132,13.4,0.8121246099472046,-0.61369261411623
COHFACE_s08_session3_natural,9,133,13.433333333333334,0.4790228009223938,-0.44559555362227277
COHFACE_s08_session3_natural,9,134,13.466666666666667,0.09311102330684662,-0.20648914003434637
COHFACE_s08_session3_natural,9,135,13.5,-0.3849615156650543,0.036541428264051434
COHFACE_s08_session3_natural,9,136,13.533333333333333,-0.7438409924507141,0.2095045472341174
COHFACE_s08_session3_natural,9,137,13.566666666666666,-0.8754209876060486,0.26136948156105033
COHFACE_s08_session3_natural,9,138,13.6,-0.8243904113769531,0.18495224406029487
COHFACE_s08_session3_natural,9,139,13.633333333333333,-0.6691314578056335,0.020039245141183413
COHFACE_s08_session3_natural,9,140,13.666666666666666,-0.5121387839317322,-0.1618699826087155
COHFACE_s08_session3_natural,9,141,13.7,-0.5088310241699219,-0.28467549251348523
COHFACE_s08_session3_natural,9,142,13.733333333333333,-0.6549879908561707,-0.2968164573256123
COHFACE_s08_session3_natural,9,143,13.766666666666667,-0.8880589008331299,-0.19241765744194694
COHFACE_s08_session3_natural,9,144,13.8,-1.1725938320159912,-0.01600788710048288
COHFACE_s08_session3_natural,9,145,13.833333333333334,-1.4546194076538086,0.15330703338748453
COHFACE_s08_session3_natural,9,146,13.866666666666667,-1.6951271295547485,0.23460028112610268
COHFACE_s08_session3_natural,9,147,13.9,-1.9013710021972656,0.18237678188393813
COHFACE_s08_session3_natural,9,148,13.933333333333334,-2.0941786766052246,0.010841148264755294
COHFACE_s08_session3_natural,9,149,13.966666666666667,-2.2141473293304443,-0.20796127196929437
COHFACE_s08_session3_natural,9,150,14.0,-2.2426624298095703,-0.37150811951440005
COHFACE_s08_session3_natural,9,151,14.033333333333333,-2.193821668624878,-0.38585490581816595
COHFACE_s08_session3_natural,9,152,14.066666666666666,-2.1419243812561035,-0.1994930186332908
COHFACE_s08_session3_natural,9,153,14.1,-1.985342264175415,0.17905213598325462
COHFACE_s08_session3_natural,9,154,14.133333333333333,-1.4216787815093994,0.68277541061562
COHFACE_s08_session3_natural,9,155,14.166666666666666,-0.5614128708839417,1.203909478822331
COHFACE_s08_session3_natural,9,156,14.2,0.13604333996772766,1.6223602503936534
COHFACE_s08_session3_natural,9,157,14.233333333333333,0.4340830147266388,1.8380800887743902
COHFACE_s08_session3_natural,9,158,14.266666666666667,0.40000179409980774,1.7985660789193791
COHFACE_s08_session3_natural,9,159,14.3,0.29782652854919434,1.5121287043807514
COHFACE_s08_session3_natural,9,160,14.333333333333334,0.39030665159225464,1.0413742815835831
COHFACE_s08_session3_natural,9,161,14.366666666666667,0.5903000831604004,0.4790940455589955
COHFACE_s08_session3_natural,9,162,14.4,0.6840120553970337,-0.08306011548821204
COHFACE_s08_session3_natural,9,163,14.433333333333334,0.629103422164917,-0.5794145219895727
COHFACE_s08_session3_natural,9,164,14.466666666666667,0.47598880529403687,-0.9793800583978359
COHFACE_s08_session3_natural,9,165,14.5,0.5957293510437012,-1.2808266952085376
COHFACE_s08_session3_natural,9,166,14.533333333333333,0.8008326888084412,-1.4957658450599958
COHFACE_s08_session3_natural,9,167,14.566666666666666,0.7695345282554626,-1.6380870822339397
COHFACE_s08_session3_natural,9,168,14.6,0.6998892426490784,-1.7178729200967975
COHFACE_s08_session3_natural,9,169,14.633333333333333,0.6199785470962524,-1.740523063128018
COHFACE_s08_session3_natural,9,170,14.666666666666666,0.4380979537963867,-1.7071933120503855
COHFACE_s08_session3_natural,9,171,14.7,0.1948300451040268,-1.6148734148912178
COHFACE_s08_session3_natural,9,172,14.733333333333333,-0.07099900394678116,-1.4562793904112232
COHFACE_s08_session3_natural,9,173,14.766666666666667,-0.33249375224113464,-1.2207190243317254
COHFACE_s08_session3_natural,9,174,14.8,-0.5606372356414795,-0.8974390930089069
COHFACE_s08_session3_natural,9,175,14.833333333333334,-0.803905189037323,-0.4820599259021043
COHFACE_s08_session3_natural,9,176,14.866666666666667,-1.0988880395889282,0.015499999282561504
COHFACE_s08_session3_natural,9,177,14.9,-1.3798871040344238,0.5649265166224074
COHFACE_s08_session3_natural,9,178,14.933333333333334,-1.5593953132629395,1.1143138715190126
COHFACE_s08_session3_natural,9,179,14.966666666666667,-1.5916515588760376,1.5955968082232463
COHFACE_s08_session3_natural,9,180,15.0,-1.3437527418136597,1.9369856682291067
COHFACE_s08_session3_natural,9,181,15.033333333333333,-0.8379407525062561,2.080681706788511
COHFACE_s08_session3_natural,9,182,15.066666666666666,-0.37843725085258484,2.00092878780586
COHFACE_s08_session3_natural,9,183,15.1,-0.19566695392131805,1.7151979662865797
COHFACE_s08_session3_natural,9,184,15.133333333333333,-0.16799591481685638,1.2824712979814976
COHFACE_s08_session3_natural,9,185,15.166666666666666,-0.22698792815208435,0.7876360939855648
COHFACE_s08_session3_natural,9,186,15.2,-0.37360110878944397,0.31773527121065437
COHFACE_s08_session3_natural,9,187,15.233333333333333,-0.5741419792175293,-0.06021433273526546
COHFACE_s08_session3_natural,9,188,15.266666666666667,-0.7533764243125916,-0.31184834353708907
COHFACE_s08_session3_natural,9,189,15.3,-0.8879676461219788,-0.4360337376140296
COHFACE_s08_session3_natural,9,190,15.333333333333334,-0.9358729720115662,-0.4561910602313584
COHFACE_s08_session3_natural,9,191,15.366666666666667,-0.8824471235275269,-0.4076215363784737
COHFACE_s08_session3_natural,9,192,15.4,-0.8047491908073425,-0.32538531698965084
COHFACE_s08_session3_natural,9,193,15.433333333333334,-0.784583330154419,-0.23519292310180867
COHFACE_s08_session3_natural,9,194,15.466666666666667,-0.8235235214233398,-0.1484537603970225
COHFACE_s08_session3_natural,9,195,15.5,-0.9030236005783081,-0.06264713379305327
COHFACE_s08_session3_natural,9,196,15.533333333333333,-0.9603047370910645,0.03171029871829291
COHFACE_s08_session3_natural,9,197,15.566666666666666,-0.9724863767623901,0.1385386858992391
COHFACE_s08_session3_natural,9,198,15.6,-0.9709123373031616,0.24405647432163066
COHFACE_s08_session3_natural,9,199,15.633333333333333,-0.9734900593757629,0.3137149890590548
COHFACE_s08_session3_natural,9,200,15.666666666666666,-0.9944999814033508,0.30314344545654975
COHFACE_s08_session3_natural,9,201,15.7,-1.0067728757858276,0.1793236263032682
COHFACE_s08_session3_natural,9,202,15.733333333333333,-1.023106336593628,-0.05965433591961345
COHFACE_s08_session3_natural,9,203,15.766666666666667,-1.0268019437789917,-0.3780850398892418
COHFACE_s08_session3_natural,9,204,15.8,-0.9792615175247192,-0.712298742334427
COHFACE_s08_session3_natural,9,205,15.833333333333334,-0.6576797962188721,-0.9897687816164851
COHFACE_s08_session3_natural,9,206,15.866666666666667,0.05154743418097496,-1.1488372536160798
COHFACE_s08_session3_natural,9,207,15.9,0.8306708335876465,-1.1536074263851215
COHFACE_s08_session3_natural,9,208,15.933333333333334,1.342573642730713,-1.0018784240206562
COHFACE_s08_session3_natural,9,209,15.966666666666667,1.551326870918274,-0.7258414884777505
COHFACE_s08_session3_natural,9,210,16.0,1.5449395179748535,-0.3862889755629143
COHFACE_s08_session3_natural,9,211,16.033333333333335,1.4957795143127441,-0.06103800533206774
COHFACE_s08_session3_natural,9,212,16.066666666666666,1.395429253578186,0.17236040361199276
COHFACE_s08_session3_natural,9,213,16.1,1.1541688442230225,0.25808480597533895
COHFACE_s08_session3_natural,9,214,16.133333333333333,0.8974874019622803,0.18178906816310939
COHFACE_s08_session3_natural,9,215,16.166666666666668,0.7911146879196167,-0.02005767293447105
COHFACE_s08_session3_natural,9,216,16.2,0.7507373690605164,-0.2671057825332669
COHFACE_s08_session3_natural,9,217,16.233333333333334,0.6866810917854309,-0.45762755925336585
COHFACE_s08_session3_natural,9,218,16.266666666666666,0.5605303049087524,-0.49980588760749906
COHFACE_s08_session3_natural,9,219,16.3,0.3999333679676056,-0.3417272337781333
COHFACE_s08_session3_natural,9,220,16.333333333333332,0.2267441302537918,0.009870248648959015
COHFACE_s08_session3_natural,9,221,16.366666666666667,0.052916157990694046,0.48852360297641373
COHFACE_s08_session3_natural,9,222,16.4,-0.15734268724918365,0.9852399103154886
COHFACE_s08_session3_natural,9,223,16.433333333333334,-0.3267907202243805,1.3786606575003255
COHFACE_s08_session3_natural,9,224,16.466666666666665,-0.4442044496536255,1.5690901846083207
COHFACE_s08_session3_natural,9,225,16.5,-0.5635800361633301,1.5063276468311417
COHFACE_s08_session3_natural,9,226,16.533333333333335,-0.6745151281356812,1.203069942516927
COHFACE_s08_session3_natural,9,227,16.566666666666666,-0.7650105953216553,0.7299967988844127
COHFACE_s08_session3_natural,9,228,16.6,-0.8077604174613953,0.19454281643094704
COHFACE_s08_session3_natural,9,229,16.633333333333333,-0.6379245519638062,-0.2892908094289157
COHFACE_s08_session3_natural,9,230,16.666666666666668,-0.06513629853725433,-0.6301824914958711
COHFACE_s08_session3_natural,9,231,16.7,0.6626599431037903,-0.7794283256540212
COHFACE_s08_session3_natural,9,232,16.733333333333334,1.1220037937164307,-0.73801406713542
COHFACE_s08_session3_natural,9,233,16.766666666666666,1.2054047584533691,-0.5519323223467258
COHFACE_s08_session3_natural,9,234,16.8,1.1126279830932617,-0.29860894367602653
COHFACE_s08_session3_natural,9,235,16.833333333333332,0.9477195739746094,-0.06688059567457402
COHFACE_s08_session3_natural,9,236,16.866666666666667,0.7129833698272705,0.06705831447597414
COHFACE_s08_session3_natural,9,237,16.9,0.538653552532196,0.06296495429222283
COHFACE_s08_session3_natural,9,238,16.933333333333334,0.4823305606842041,-0.06924346472252992
COHFACE_s08_session3_natural,9,239,16.966666666666665,0.4761028587818146,-0.2721484470288791
COHFACE_s08_session3_natural,10,0,10.0,1.3505806922912598,-0.15885310698865743
COHFACE_s08_session3_natural,10,1,10.033333333333333,1.315016746520996,0.13953076969534892
COHFACE_s08_session3_natural,10,2,10.066666666666666,1.17850923538208,0.4252115672274878
COHFACE_s08_session3_natural,10,3,10.1,1.005183219909668,0.6818469016011586
COHFACE_s08_session3_natural,10,4,10.133333333333333,0.8634061813354492,0.8887551509070817
COHFACE_s08_session3_natural,10,5,10.166666666666666,0.8249906301498413,1.0205501790619955
COHFACE_s08_session3_natural,10,6,10.2,0.7576494216918945,1.0498725960451318
COHFACE_s08_session3_natural,10,7,10.233333333333333,0.5507439374923706,0.9544277379818762
COHFACE_s08_session3_natural,10,8,10.266666666666667,0.2433284968137741,0.7261569962560134
COHFACE_s08_session3_natural,10,9,10.3,-0.051745615899562836,0.37770170492639377
COHFACE_s08_session3_natural,10,10,10.333333333333334,-0.23120816051959991,-0.05702484857062444
COHFACE_s08_session3_natural,10,11,10.366666666666667,-0.345086008310318,-0.5275359939589003
COHFACE_s08_session3_natural,10,12,10.4,-0.42383328080177307,-0.9740513115143572
COHFACE_s08_session3_natural,10,13,10.433333333333334,-0.46512311697006226,-1.3351956394849858
COHFACE_s08_session3_natural,10,14,10.466666666666667,-0.4750007390975952,-1.5556417499437054
COHFACE_s08_session3_natural,10,15,10.5,-0.4677693247795105,-1.5939997209735652
COHFACE_s08_session3_natural,10,16,10.533333333333333,-0.538692057132721,-1.4302933542584095
COHFACE_s08_session3_natural,10,17,10.566666666666666,-0.6582044959068298,-1.0713515433267284
COHFACE_s08_session3_natural,10,18,10.6,-0.7480155825614929,-0.5528468637489646
COHFACE_s08_session3_natural,10,19,10.633333333333333,-0.8216986060142517,0.06285566588932523
COHFACE_s08_session3_natural,10,20,10.666666666666666,-0.8349295854568481,0.6944261059234023
COHFACE_s08_session3_natural,10,21,10.7,-0.4871367812156677,1.2553837876240233
COHFACE_s08_session3_natural,10,22,10.733333333333333,0.33295711874961853,1.670864058356573
COHFACE_s08_session3_natural,10,23,10.766666666666667,1.2229700088500977,1.8915728456808498
COHFACE_s08_session3_natural,10,24,10.8,1.6857128143310547,1.9009127367382102
COHFACE_s08_session3_natural,10,25,10.833333333333334,1.730401635169983,1.7148961060960848
COHFACE_s08_session3_natural,10,26,10.866666666666667,1.601559042930603,1.37627915518589
COHFACE_s08_session3_natural,10,27,10.9,1.406424641609192,0.9445383955494389
COHFACE_s08_session3_natural,10,28,10.933333333333334,1.1552410125732422,0.4835717831592349
COHFACE_s08_session3_natural,10,29,10.966666666666667,0.9085968732833862,0.049573668133803234
COHFACE_s08_session3_natural,10,30,11.0,0.760318398475647,-0.31821184020767845
COHFACE_s08_session3_natural,10,31,11.033333333333333,0.6527823209762573,-0.6016295377179266
COHFACE_s08_session3_natural,10,32,11.066666666666666,0.5508580207824707,-0.8017560105057866
COHFACE_s08_session3_natural,10,33,11.1,0.4496864676475525,-0.9321963378449533
COHFACE_s08_session3_natural,10,34,11.133333333333333,0.2863292396068573,-1.0106090002595722
COHFACE_s08_session3_natural,10,35,11.166666666666666,0.07572823017835617,-1.0518307705416436
COHFACE_s08_session3_natural,10,36,11.2,-0.11806029826402664,-1.0641731970057227
COHFACE_s08_session3_natural,10,37,11.233333333333333,-0.3105713427066803,-1.0485186913886793
COHFACE_s08_session3_natural,10,38,11.266666666666667,-0.501531183719635,-0.9995708542020418
COHFACE_s08_session3_natural,10,39,11.3,-0.6400917172431946,-0.9092167603504872
COHFACE_s08_session3_natural,10,40,11.333333333333334,-0.7573685646057129,-0.7718205534186832
COHFACE_s08_session3_natural,10,41,11.366666666666667,-0.8518333435058594,-0.5900733601906892
COHFACE_s08_session3_natural,10,42,11.4,-0.922117292881012,-0.3786689711609517
COHFACE_s08_session3_natural,10,43,11.433333333333334,-0.9897550940513611,-0.16303416836051926
COHFACE_s08_session3_natural,10,44,11.466666666666667,-1.0525110960006714,0.027641522995162794
COHFACE_s08_session3_natural,10,45,11.5,-1.1196242570877075,0.17082779240486165
COHFACE_s08_session3_natural,10,46,11.533333333333333,-1.2124236822128296,0.2600900570368036
COHFACE_s08_session3_natural,10,47,11.566666666666666,-1.1061195135116577,0.3089113203487958
COHFACE_s08_session3_natural,10,48,11.6,-0.4946647584438324,0.3463197597491059
COHFACE_s08_session3_natural,10,49,11.633333333333333,0.39299848675727844,0.4053015450604813
COHFACE_s08_session3_natural,10,50,11.666666666666666,1.0527691841125488,0.5085431082302184
COHFACE_s08_session3_natural,10,51,11.7,1.2321860790252686,0.657789410873002
COHFACE_s08_session3_natural,10,52,11.733333333333333,1.1054878234863281,0.8318202307911576
COHFACE_s08_session3_natural,10,53,11.766666666666667,0.9307017922401428,0.9939811772268579
COHFACE_s08_session3_natural,10,54,11.8,0.7162455320358276,1.105284189652741
COHFACE_s08_session3_natural,10,55,11.833333333333334,0.44505563378334045,1.1365641724369997
COHFACE_s08_session3_natural,10,56,11.866666666666667,0.24316881597042084,1.0748556105759102
COHFACE_s08_session3_natural,10,57,11.9,0.14329758286476135,0.9231400390223323
COHFACE_s08_session3_natural,10,58,11.933333333333334,0.06756150722503662,0.6958488610139755
COHFACE_s08_session3_natural,10,59,11.966666666666667,0.014363760128617287,0.41365171673873113
COHFACE_s08_session3_natural,10,60,12.0,-0.04483355954289436,0.10015225600350668
COHFACE_s08_session3_natural,10,61,12.033333333333333,-0.16327382624149323,-0.2193077963876273
COHFACE_s08_session3_natural,10,62,12.066666666666666,-0.30842700600624084,-0.5189933695008312
COHFACE_s08_session3_natural,10,63,12.1,-0.45668265223503113,-0.7765123885801056
COHFACE_s08_session3_natural,10,64,12.133333333333333,-0.5748491883277893,-0.9780206265422536
COHFACE_s08_session3_natural,10,65,12.166666666666666,-0.5895857810974121,-1.1209621719805145
COHFACE_s08_session3_natural,10,66,12.2,-0.5198493003845215,-1.2109927804647125
COHFACE_s08_session3_natural,10,67,12.233333333333333,-0.28394967317581177,-1.2535142943831186
COHFACE_s08_session3_natural,10,68,12.266666666666667,0.044589750468730927,-1.244409447315892
COHFACE_s08_session3_natural,10,69,12.3,0.32937562465667725,-1.1661915476175326
COHFACE_s08_session3_natural,10,70,12.333333333333334,0.4088985025882721,-0.9934937163242554
COHFACE_s08_session3_natural,10,71,12.366666666666667,0.27902939915657043,-0.7068757657343947
COHFACE_s08_session3_natural,10,72,12.4,0.098540298640728,-0.3090227905886054
COHFACE_s08_session3_natural,10,73,12.433333333333334,-0.017801256850361824,0.16498060904582845
COHFACE_s08_session3_natural,10,74,12.466666666666667,0.24572376906871796,0.6499699884247011
COHFACE_s08_session3_natural,10,75,12.5,0.8858988881111145,1.0665314092685678
COHFACE_s08_session3_natural,10,76,12.533333333333333,1.406493067741394,1.3438750558470516
COHFACE_s08_session3_natural,10,77,12.566666666666666,1.5559349060058594,1.4394827930922942
COHFACE_s08_session3_natural,10,78,12.6,1.427024006843567,1.3481055831134756
COHFACE_s08_session3_natural,10,79,12.633333333333333,1.2184988260269165,1.0989448653990324
COHFACE_s08_session3_natural,10,80,12.666666666666666,0.9769189953804016,0.7445501807816118
COHFACE_s08_session3_natural,10,81,12.7,0.7143977284431458,0.3464855684043714
COHFACE_s08_session3_natural,10,82,12.733333333333333,0.49503687024116516,-0.03797921594517539
COHFACE_s08_session3_natural,10,83,12.766666666666667,0.38414740562438965,-0.36551676067424116
COHFACE_s08_session3_natural,10,84,12.8,0.3543548285961151,-0.6114386719019559
COHFACE_s08_session3_natural,10,85,12.833333333333334,0.3228969871997833,-0.769227084295815
COHFACE_s08_session3_natural,10,86,12.866666666666667,0.17956876754760742,-0.8458321582099938
COHFACE_s08_session3_natural,10,87,12.9,-0.035594671964645386,-0.8546149800716689
COHFACE_s08_session3_natural,10,88,12.933333333333334,-0.25018781423568726,-0.8081961685690161
COHFACE_s08_session3_natural,10,89,12.966666666666667,-0.44808250665664673,-0.7133821130785611
COHFACE_s08_session3_natural,10,90,13.0,-0.6138806343078613,-0.569889666081858
COHFACE_s08_session3_natural,10,91,13.033333333333333,-0.7455062866210938,-0.37348575306779014
COHFACE_s08_session3_natural,10,92,13.066666666666666,-0.815676212310791,-0.12240830290977851
COHFACE_s08_session3_natural,10,93,13.1,-0.8209001421928406,0.17554218232747182
COHFACE_s08_session3_natural,10,94,13.133333333333333,-0.7410807013511658,0.4981729543817845
COHFACE_s08_session3_natural,10,95,13.166666666666666,-0.5736173391342163,0.8085463217272918
COHFACE_s08_session3_natural,10,96,13.2,-0.43786269426345825,1.0601041177182602
COHFACE_s08_session3_natural,10,97,13.233333333333333,-0.3832734227180481,1.2068477652560634
COHFACE_s08_session3_natural,10,98,13.266666666666667,-0.2324628233909607,1.2164744202562796
COHFACE_s08_session3_natural,10,99,13.3,0.21084411442279816,1.082163258521305
COHFACE_s08_session3_natural,10,100,13.333333333333334,0.7665917277336121,0.8269899935424707
COHFACE_s08_session3_natural,10,101,13.366666666666667,0.9961951971054077,0.49690493919219736
COHFACE_s08_session3_natural,10,102,13.4,0.8121246099472046,0.144677829453698
COHFACE_s08_session3_natural,10,103,13.433333333333334,0.4790228009223938,-0.18698930725362128
COHFACE_s08_session3_natural,10,104,13.466666666666667,0.09311102330684662,-0.47502671395863233
COHFACE_s08_session3_natural,10,105,13.5,-0.3849615156650543,-0.7150443809316845
COHFACE_s08_session3_natural,10,106,13.533333333333333,-0.7438409924507141,-0.9124231613118914
COHFACE_s08_session3_natural,10,107,13.566666666666666,-0.8754209876060486,-1.0713214419355732
COHFACE_s08_session3_natural,10,108,13.6,-0.8243904113769531,-1.1871679215959245
COHFACE_s08_session3_natural,10,109,13.633333333333333,-0.6691314578056335,-1.2455565392224714
COHFACE_s08_session3_natural,10,110,13.666666666666666,-0.5121387839317322,-1.227487084955222
COHFACE_s08_session3_natural,10,111,13.7,-0.5088310241699219,-1.1186201287735933
COHFACE_s08_session3_natural,10,112,13.733333333333333,-0.6549879908561707,-0.9188462516948444
COHFACE_s08_session3_natural,10,113,13.766666666666667,-0.8880589008331299,-0.6479771422463135
COHFACE_s08_session3_natural,10,114,13.8,-1.1725938320159912,-0.3439555020768283
COHFACE_s08_session3_natural,10,115,13.833333333333334,-1.4546194076538086,-0.052335013606273614
COHFACE_s08_session3_natural,10,116,13.866666666666667,-1.6951271295547485,0.19007669355664095
COHFACE_s08_session3_natural,10,117,13.9,-1.9013710021972656,0.37021430172789654
COHFACE_s08_session3_natural,10,118,13.933333333333334,-2.0941786766052246,0.5035956597256027
COHFACE_s08_session3_natural,10,119,13.966666666666667,-2.2141473293304443,0.6243832492042165
COHFACE_s08_session3_natural,10,120,14.0,-2.2426624298095703,0.765249449668428
COHFACE_s08_session3_natural,10,121,14.033333333333333,-2.193821668624878,0.9387466468912474
COHFACE_s08_session3_natural,10,122,14.066666666666666,-2.1419243812561035,1.1305868351842028
COHFACE_s08_session3_natural,10,123,14.1,-1.985342264175415,1.3070090215429724
COHFACE_s08_session3_natural,10,124,14.133333333333333,-1.4216787815093994,1.4295858007543327
COHFACE_s08_session3_natural,10,125,14.166666666666666,-0.5614128708839417,1.467797285423062
COHFACE_s08_session3_natural,10,126,14.2,0.13604333996772766,1.4043231193797328
COHFACE_s08_session3_natural,10,127,14.233333333333333,0.4340830147266388,1.2347045551023341
COHFACE_s08_session3_natural,10,128,14.266666666666667,0.40000179409980774,0.9655417767719897
COHFACE_s08_session3_natural,10,129,14.3,0.29782652854919434,0.6135918221261681
COHFACE_s08_session3_natural,10,130,14.333333333333334,0.39030665159225464,0.20527682843985987
COHFACE_s08_session3_natural,10,131,14.366666666666667,0.5903000831604004,-0.22525040366110902
COHFACE_s08_session3_natural,10,132,14.4,0.6840120553970337,-0.6404400242828696
COHFACE_s08_session3_natural,10,133,14.433333333333334,0.629103422164917,-1.0051796964577446
COHFACE_s08_session3_natural,10,134,14.466666666666667,0.47598880529403687,-1.2922187589512182
COHFACE_s08_session3_natural,10,135,14.5,0.5957293510437012,-1.4856668023519948
COHFACE_s08_session3_natural,10,136,14.533333333333333,0.8008326888084412,-1.5822418990790814
COHFACE_s08_session3_natural,10,137,14.566666666666666,0.7695345282554626,-1.5906517404201639
COHFACE_s08_session3_natural,10,138,14.6,0.6998892426490784,-1.529083795036539
COHFACE_s08_session3_natural,10,139,14.633333333333333,0.6199785470962524,-1.4202811659532255
COHFACE_s08_session3_natural,10,140,14.666666666666666,0.4380979537963867,-1.2843106103233575
COHFACE_s08_session3_natural,10,141,14.7,0.1948300451040268,-1.1307561392509395
COHFACE_s08_session3_natural,10,142,14.733333333333333,-0.07099900394678116,-0.9535890834016831
COHFACE_s08_session3_natural,10,143,14.766666666666667,-0.33249375224113464,-0.7320870382459742
COHFACE_s08_session3_natural,10,144,14.8,-0.5606372356414795,-0.4392696288518814
COHFACE_s08_session3_natural,10,145,14.833333333333334,-0.803905189037323,-0.05606230538871905
COHFACE_s08_session3_natural,10,146,14.866666666666667,-1.0988880395889282,0.41372146234743573
COHFACE_s08_session3_natural,10,147,14.9,-1.3798871040344238,0.933947986012525
COHFACE_s08_session3_natural,10,148,14.933333333333334,-1.5593953132629395,1.437487360025758
COHFACE_s08_session3_natural,10,149,14.966666666666667,-1.5916515588760376,1.839825358406101
COHFACE_s08_session3_natural,10,150,15.0,-1.3437527418136597,2.0615515198158625
COHFACE_s08_session3_natural,10,151,15.033333333333333,-0.8379407525062561,2.052225989244721
COHFACE_s08_session3_natural,10,152,15.066666666666666,-0.37843725085258484,1.8069062014196293
COHFACE_s08_session3_natural,10,153,15.1,-0.19566695392131805,1.369097446779101
COHFACE_s08_session3_natural,10,154,15.133333333333333,-0.16799591481685638,0.8192109165537017
COHFACE_s08_session3_natural,10,155,15.166666666666666,-0.22698792815208435,0.25313210350030596
COHFACE_s08_session3_natural,10,156,15.2,-0.37360110878944397,-0.2414316943789532
COHFACE_s08_session3_natural,10,157,15.233333333333333,-0.5741419792175293,-0.6034766720116457
COHFACE_s08_session3_natural,10,158,15.266666666666667,-0.7533764243125916,-0.8077273985929353
COHFACE_s08_session3_natural,10,159,15.3,-0.8879676461219788,-0.8635697999977482
COHFACE_s08_session3_natural,10,160,15.333333333333334,-0.9358729720115662,-0.8061294438112299
COHFACE_s08_session3_natural,10,161,15.366666666666667,-0.8824471235275269,-0.6829847537572145
COHFACE_s08_session3_natural,10,162,15.4,-0.8047491908073425,-0.5400250336414165
COHFACE_s08_session3_natural,10,163,15.433333333333334,-0.784583330154419,-0.40955209061858927
COHFACE_s08_session3_natural,10,164,15.466666666666667,-0.8235235214233398,-0.30340090206292947
COHFACE_s08_session3_natural,10,165,15.5,-0.9030236005783081,-0.21332984680325282
COHFACE_s08_session3_natural,10,166,15.533333333333333,-0.9603047370910645,-0.11944329236990342
COHFACE_s08_session3_natural,10,167,15.566666666666666,-0.9724863767623901,-0.004348153763967863
COHFACE_s08_session3_natural,10,168,15.6,-0.9709123373031616,0.13301907817103478
COHFACE_s08_session3_natural,10,169,15.633333333333333,-0.9734900593757629,0.27136688314198315
COHFACE_s08_session3_natural,10,170,15.666666666666666,-0.9944999814033508,0.3730812080462732
COHFACE_s08_session3_natural,10,171,15.7,-1.0067728757858276,0.4000927207221665
COHFACE_s08_session3_natural,10,172,15.733333333333333,-1.023106336593628,0.3314656768470655
COHFACE_s08_session3_natural,10,173,15.766666666666667,-1.0268019437789917,0.17354095272621806
COHFACE_s08_session3_natural,10,174,15.8,-0.9792615175247192,-0.04161303568397268
COHFACE_s08_session3_natural,10,175,15.833333333333334,-0.6576797962188721,-0.26714574710300937
COHFACE_s08_session3_natural,10,176,15.866666666666667,0.05154743418097496,-0.45618468609112994
COHFACE_s08_session3_natural,10,177,15.9,0.8306708335876465,-0.5751371734802593
COHFACE_s08_session3_natural,10,178,15.933333333333334,1.342573642730713,-0.6120720191239637
COHFACE_s08_session3_natural,10,179,15.966666666666667,1.551326870918274,-0.5785146373316356
COHFACE_s08_session3_natural,10,180,16.0,1.5449395179748535,-0.5043384382959133
COHFACE_s08_session3_natural,10,181,16.033333333333335,1.4957795143127441,-0.4269224372160246
COHFACE_s08_session3_natural,10,182,16.066666666666666,1.395429253578186,-0.37767770639508014
COHFACE_s08_session3_natural,10,183,16.1,1.1541688442230225,-0.3702963632739224
COHFACE_s08_session3_natural,10,184,16.133333333333333,0.8974874019622803,-0.39456520046361765
COHFACE_s08_session3_natural,10,185,16.166666666666668,0.7911146879196167,-0.41781963065594885
COHFACE_s08_session3_natural,10,186,16.2,0.7507373690605164,-0.39407131487317726
COHFACE_s08_session3_natural,10,187,16.233333333333334,0.6866810917854309,-0.27875576366111443
COHFACE_s08_session3_natural,10,188,16.266666666666666,0.5605303049087524,-0.04504783935337587
COHFACE_s08_session3_natural,10,189,16.3,0.3999333679676056,0.30347452363611227
COHFACE_s08_session3_natural,10,190,16.333333333333332,0.2267441302537918,0.7285332108404664
COHFACE_s08_session3_natural,10,191,16.366666666666667,0.052916157990694046,1.1634839975669393
COHFACE_s08_session3_natural,10,192,16.4,-0.15734268724918365,1.528834740841147
COHFACE_s08_session3_natural,10,193,16.433333333333334,-0.3267907202243805,1.752273138245989
COHFACE_s08_session3_natural,10,194,16.466666666666665,-0.4442044496536255,1.7872373134057102
COHFACE_s08_session3_natural,10,195,16.5,-0.5635800361633301,1.6246049461338423
COHFACE_s08_session3_natural,10,196,16.533333333333335,-0.6745151281356812,1.2938679043957892
COHFACE_s08_session3_natural,10,197,16.566666666666666,-0.7650105953216553,0.853232517892773
COHFACE_s08_session3_natural,10,198,16.6,-0.8077604174613953,0.3720548601413504
COHFACE_s08_session3_natural,10,199,16.633333333333333,-0.6379245519638062,-0.08788600361748868
COHFACE_s08_session3_natural,10,200,16.666666666666668,-0.06513629853725433,-0.4854182310407622
COHFACE_s08_session3_natural,10,201,16.7,0.6626599431037903,-0.8033375440877474
COHFACE_s08_session3_natural,10,202,16.733333333333334,1.1220037937164307,-1.0429144555477343
COHFACE_s08_session3_natural,10,203,16.766666666666666,1.2054047584533691,-1.214012808193695
COHFACE_s08_session3_natural,10,204,16.8,1.1126279830932617,-1.3256559508173855
COHFACE_s08_session3_natural,10,205,16.833333333333332,0.9477195739746094,-1.380014029711343
COHFACE_s08_session3_natural,10,206,16.866666666666667,0.7129833698272705,-1.3708764289429878
COHFACE_s08_session3_natural,10,207,16.9,0.538653552532196,-1.286669721777633
COHFACE_s08_session3_natural,10,208,16.933333333333334,0.4823305606842041,-1.117546602539576
COHFACE_s08_session3_natural,10,209,16.966666666666665,0.4761028587818146,-0.8646741964907553
COHFACE_s08_session3_natural,10,210,17.0,0.4824674129486084,-0.5474875818620144
COHFACE_s08_session3_natural,10,211,17.033333333333335,0.44247785210609436,-0.2040279538425526
COHFACE_s08_session3_natural,10,212,17.066666666666666,0.3411922752857208,0.11741949428191055
COHFACE_s08_session3_natural,10,213,17.1,0.19927839934825897,0.37225464497521754
COHFACE_s08_session3_natural,10,214,17.133333333333333,0.06694558262825012,0.5327054510482966
COHFACE_s08_session3_natural,10,215,17.166666666666668,-0.047571007162332535,0.5944359472466684
COHFACE_s08_session3_natural,10,216,17.2,-0.1722617745399475,0.5748589234433106
COHFACE_s08_session3_natural,10,217,17.233333333333334,-0.20511116087436676,0.5055281184467361
COHFACE_s08_session3_natural,10,218,17.266666666666666,-0.16696937382221222,0.422401585382443
COHFACE_s08_session3_natural,10,219,17.3,-0.18102161586284637,0.35692305449994116
COHFACE_s08_session3_natural,10,220,17.333333333333332,-0.22037243843078613,0.3295505277319723
COHFACE_s08_session3_natural,10,221,17.366666666666667,-0.11048669368028641,0.34624710814614224
COHFACE_s08_session3_natural,10,222,17.4,0.4755553603172302,0.3976821031030684
COHFACE_s08_session3_natural,10,223,17.433333333333334,1.3134198188781738,0.46093357611315505
COHFACE_s08_session3_natural,10,224,17.466666666666665,1.9408429861068726,0.5042270478310168
COHFACE_s08_session3_natural,10,225,17.5,2.111933469772339,0.4953352069169901
COHFACE_s08_session3_natural,10,226,17.533333333333335,2.004328966140747,0.412661112302671
COHFACE_s08_session3_natural,10,227,17.566666666666666,1.8060921430587769,0.2554687072150436
COHFACE_s08_session3_natural,10,228,17.6,1.6006466150283813,0.04817401139214429
COHFACE_s08_session3_natural,10,229,17.633333333333333,1.3274720907211304,-0.16484555050813338
COHFACE_s08_session3_natural,10,230,17.666666666666668,0.9964233636856079,-0.33281989048109606
COHFACE_s08_session3_natural,10,231,17.7,0.7061169743537903,-0.4151930300414828
COHFACE_s08_session3_natural,10,232,17.733333333333334,0.5759284496307373,-0.395231932914842
COHFACE_s08_session3_natural,10,233,17.766666666666666,0.5211110711097717,-0.28644577945964717
COHFACE_s08_session3_natural,10,234,17.8,0.4486599266529083,-0.1297500380598208
COHFACE_s08_session3_natural,10,235,17.833333333333332,0.2759041488170624,0.018552606330841815
COHFACE_s08_session3_natural,10,236,17.866666666666667,0.0007905791862867773,0.1052067233187073
COHFACE_s08_session3_natural,10,237,17.9,-0.2812122106552124,0.09908684165774631
COHFACE_s08_session3_natural,10,238,17.933333333333334,-0.49277135729789734,0.0033333497086434406
COHFACE_s08_session3_natural,10,239,17.966666666666665,-0.6345939636230469,-0.145223768460436
COHFACE_s08_session3_natural,11,0,11.0,0.760318398475647,-0.048385781435726354
COHFACE_s08_session3_natural,11,1,11.033333333333333,0.6527823209762573,-0.16265043137410498
COHFACE_s08_session3_natural,11,2,11.066666666666666,0.5508580207824707,-0.30216696662576353
COHFACE_s08_session3_natural,11,3,11.1,0.4496864676475525,-0.4767566398641816
COHFACE_s08_session3_natural,11,4,11.133333333333333,0.2863292396068573,-0.6727202645671818
COHFACE_s08_session3_natural,11,5,11.166666666666666,0.07572823017835617,-0.8550221481473488
COHFACE_s08_session3_natural,11,6,11.2,-0.11806029826402664,-0.9792553175483867
COHFACE_s08_session3_natural,11,7,11.233333333333333,-0.3105713427066803,-1.0083327574333059
COHFACE_s08_session3_natural,11,8,11.266666666666667,-0.501531183719635,-0.9268166396706142
COHFACE_s08_session3_natural,11,9,11.3,-0.6400917172431946,-0.7471999775838952
COHFACE_s08_session3_natural,11,10,11.333333333333334,-0.7573685646057129,-0.5066042455028706
COHFACE_s08_session3_natural,11,11,11.366666666666667,-0.8518333435058594,-0.2562129470683181
COHFACE_s08_session3_natural,11,12,11.4,-0.922117292881012,-0.04704282454895047
COHFACE_s08_session3_natural,11,13,11.433333333333334,-0.9897550940513611,0.08443443231640126
COHFACE_s08_session3_natural,11,14,11.466666666666667,-1.0525110960006714,0.12702789902381761
COHFACE_s08_session3_natural,11,15,11.5,-1.1196242570877075,0.09828411915547695
COHFACE_s08_session3_natural,11,16,11.533333333333333,-1.2124236822128296,0.03891519759835557
COHFACE_s08_session3_natural,11,17,11.566666666666666,-1.1061195135116577,-0.0005176677963325028
COHFACE_s08_session3_natural,11,18,11.6,-0.4946647584438324,0.02338574703715468
COHFACE_s08_session3_natural,11,19,11.633333333333333,0.39299848675727844,0.13183412677444104
COHFACE_s08_session3_natural,11,20,11.666666666666666,1.0527691841125488,0.3163364068505989
COHFACE_s08_session3_natural,11,21,11.7,1.2321860790252686,0.5417690115597232
COHFACE_s08_session3_natural,11,22,11.733333333333333,1.1054878234863281,0.7586748433215088
COHFACE_s08_session3_natural,11,23,11.766666666666667,0.9307017922401428,0.9194266714672256
COHFACE_s08_session3_natural,11,24,11.8,0.7162455320358276,0.9915760024835958
COHFACE_s08_session3_natural,11,25,11.833333333333334,0.44505563378334045,0.9636621583436136
COHFACE_s08_session3_natural,11,26,11.866666666666667,0.24316881597042084,0.842817085293281
COHFACE_s08_session3_natural,11,27,11.9,0.14329758286476135,0.6474130998576866
COHFACE_s08_session3_natural,11,28,11.933333333333334,0.06756150722503662,0.3996945776304576
COHFACE_s08_session3_natural,11,29,11.966666666666667,0.014363760128617287,0.1221259203497725
COHFACE_s08_session3_natural,11,30,12.0,-0.04483355954289436,-0.16210250973287124
COHFACE_s08_session3_natural,11,31,12.033333333333333,-0.16327382624149323,-0.4273714811095518
COHFACE_s08_session3_natural,11,32,12.066666666666666,-0.30842700600624084,-0.646980644921292
COHFACE_s08_session3_natural,11,33,12.1,-0.45668265223503113,-0.7994925029732836
COHFACE_s08_session3_natural,11,34,12.133333333333333,-0.5748491883277893,-0.8771332221559242
COHFACE_s08_session3_natural,11,35,12.166666666666666,-0.5895857810974121,-0.890124371057529
COHFACE_s08_session3_natural,11,36,12.2,-0.5198493003845215,-0.8626241767162518
COHFACE_s08_session3_natural,11,37,12.233333333333333,-0.28394967317581177,-0.8211277934455363
COHFACE_s08_session3_natural,11,38,12.266666666666667,0.044589750468730927,-0.7808220593006494
COHFACE_s08_session3_natural,11,39,12.3,0.32937562465667725,-0.7368399623755486
COHFACE_s08_session3_natural,11,40,12.333333333333334,0.4088985025882721,-0.6650326297137001
COHFACE_s08_session3_natural,11,41,12.366666666666667,0.27902939915657043,-0.5323992883556311
COHFACE_s08_session3_natural,11,42,12.4,0.098540298640728,-0.313066149929899
COHFACE_s08_session3_natural,11,43,12.433333333333334,-0.017801256850361824,-0.0031994406667144298
COHFACE_s08_session3_natural,11,44,12.466666666666667,0.24572376906871796,0.3716670976122661
COHFACE_s08_session3_natural,11,45,12.5,0.8858988881111145,0.7601633633702202
COHFACE_s08_session3_natural,11,46,12.533333333333333,1.406493067741394,1.0975434479881332
COHFACE_s08_session3_natural,11,47,12.566666666666666,1.5559349060058594,1.3217996205298947
COHFACE_s08_session3_natural,11,48,12.6,1.427024006843567,1.3888723607893676
COHFACE_s08_session3_natural,11,49,12.633333333333333,1.2184988260269165,1.2842212985897952
COHFACE_s08_session3_natural,11,50,12.666666666666666,0.9769189953804016,1.0279610068276563
COHFACE_s08_session3_natural,11,51,12.7,0.7143977284431458,0.670831660403336
COHFACE_s08_session3_natural,11,52,12.733333333333333,0.49503687024116516,0.28109297795358235
COHFACE_s08_session3_natural,11,53,12.766666666666667,0.38414740562438965,-0.07349463159574565
COHFACE_s08_session3_natural,11,54,12.8,0.3543548285961151,-0.34218335319159116
COHFACE_s08_session3_natural,11,55,12.833333333333334,0.3228969871997833,-0.5008062739306487
COHFACE_s08_session3_natural,11,56,12.866666666666667,0.17956876754760742,-0.5524993510973966
COHFACE_s08_session3_natural,11,57,12.9,-0.035594671964645386,-0.5213319918239443
COHFACE_s08_session3_natural,11,58,12.933333333333334,-0.25018781423568726,-0.4422514561667001
COHFACE_s08_session3_natural,11,59,12.966666666666667,-0.44808250665664673,-0.35047464692250746
COHFACE_s08_session3_natural,11,60,13.0,-0.6138806343078613,-0.27252165179743293
COHFACE_s08_session3_natural,11,61,13.033333333333333,-0.7455062866210938,-0.22045841793792645
COHFACE_s08_session3_natural,11,62,13.066666666666666,-0.815676212310791,-0.19075879657014813
COHFACE_s08_session3_natural,11,63,13.1,-0.8209001421928406,-0.16871246087250694
COHFACE_s08_session3_natural,11,64,13.133333333333333,-0.7410807013511658,-0.1376583165613474
COHFACE_s08_session3_natural,11,65,13.166666666666666,-0.5736173391342163,-0.08961302936290638
COHFACE_s08_session3_natural,11,66,13.2,-0.43786269426345825,-0.03159399977511292
COHFACE_s08_session3_natural,11,67,13.233333333333333,-0.3832734227180481,0.01716021115619257
COHFACE_s08_session3_natural,11,68,13.266666666666667,-0.2324628233909607,0.03674910245715954
COHFACE_s08_session3_natural,11,69,13.3,0.21084411442279816,0.0203200349559967
COHFACE_s08_session3_natural,11,70,13.333333333333334,0.7665917277336121,-0.01951773676369778
COHFACE_s08_session3_natural,11,71,13.366666666666667,0.9961951971054077,-0.05720766007046342
COHFACE_s08_session3_natural,11,72,13.4,0.8121246099472046,-0.07026193559470832
COHFACE_s08_session3_natural,11,73,13.433333333333334,0.4790228009223938,-0.054275215624163375
COHFACE_s08_session3_natural,11,74,13.466666666666667,0.09311102330684662,-0.027362431993599997
COHFACE_s08_session3_natural,11,75,13.5,-0.3849615156650543,-0.021568757861165386
COHFACE_s08_session3_natural,11,76,13.533333333333333,-0.7438409924507141,-0.06636182646743219
COHFACE_s08_session3_natural,11,77,13.566666666666666,-0.8754209876060486,-0.17294226026647538
COHFACE_s08_session3_natural,11,78,13.6,-0.8243904113769531,-0.3265087854730931
COHFACE_s08_session3_natural,11,79,13.633333333333333,-0.6691314578056335,-0.4890927894435293
COHFACE_s08_session3_natural,11,80,13.666666666666666,-0.5121387839317322,-0.6113457465478493
COHFACE_s08_session3_natural,11,81,13.7,-0.5088310241699219,-0.6490080879305564
COHFACE_s08_session3_natural,11,82,13.733333333333333,-0.6549879908561707,-0.578619172456944
COHFACE_s08_session3_natural,11,83,13.766666666666667,-0.8880589008331299,-0.40698461124567176
COHFACE_s08_session3_natural,11,84,13.8,-1.1725938320159912,-0.17002116193991285
COHFACE_s08_session3_natural,11,85,13.833333333333334,-1.4546194076538086,0.08043818949770411
COHFACE_s08_session3_natural,11,86,13.866666666666667,-1.6951271295547485,0.29825064722837524
COHFACE_s08_session3_natural,11,87,13.9,-1.9013710021972656,0.4636155497908269
COHFACE_s08_session3_natural,11,88,13.933333333333334,-2.0941786766052246,0.590561514770092
COHFACE_s08_session3_natural,11,89,13.966666666666667,-2.2141473293304443,0.7143547184650929
COHFACE_s08_session3_natural,11,90,14.0,-2.2426624298095703,0.865156380612172
COHFACE_s08_session3_natural,11,91,14.033333333333333,-2.193821668624878,1.0446943292092774
COHFACE_s08_session3_natural,11,92,14.066666666666666,-2.1419243812561035,1.2205553935636977
COHFACE_s08_session3_natural,11,93,14.1,-1.985342264175415,1.3404511226878657
COHFACE_s08_session3_natural,11,94,14.133333333333333,-1.4216787815093994,1.356099171318106
COHFACE_s08_session3_natural,11,95,14.166666666666666,-0.5614128708839417,1.2421526804818226
COHFACE_s08_session3_natural,11,96,14.2,0.13604333996772766,1.0022207644983214
COHFACE_s08_session3_natural,11,97,14.233333333333333,0.4340830147266388,0.6637832276196566
COHFACE_s08_session3_natural,11,98,14.266666666666667,0.40000179409980774,0.26814378923380144
COHFACE_s08_session3_natural,11,99,14.3,0.29782652854919434,-0.13976775731577326
COHFACE_s08_session3_natural,11,100,14.333333333333334,0.39030665159225464,-0.5198002542183816
COHFACE_s08_session3_natural,11,101,14.366666666666667,0.5903000831604004,-0.8427386963787369
COHFACE_s08_session3_natural,11,102,14.4,0.6840120553970337,-1.093390240007875
COHFACE_s08_session3_natural,11,103,14.433333333333334,0.629103422164917,-1.269519823478621
COHFACE_s08_session3_natural,11,104,14.466666666666667,0.47598880529403687,-1.377120762510209
COHFACE_s08_session3_natural,11,105,14.5,0.5957293510437012,-1.4247129586139884
COHFACE_s08_session3_natural,11,106,14.533333333333333,0.8008326888084412,-1.4200019644123267
COHFACE_s08_session3_natural,11,107,14.566666666666666,0.7695345282554626,-1.3703908002636414
COHFACE_s08_session3_natural,11,108,14.6,0.6998892426490784,-1.285516670285769
COHFACE_s08_session3_natural,11,109,14.633333333333333,0.6199785470962524,-1.177987569455755
COHFACE_s08_session3_natural,11,110,14.666666666666666,0.4380979537963867,-1.0597931049788094
COHFACE_s08_session3_natural,11,111,14.7,0.1948300451040268,-0.9352771395342322
COHFACE_s08_session3_natural,11,112,14.733333333333333,-0.07099900394678116,-0.7945402155086414
COHFACE_s08_session3_natural,11,113,14.766666666666667,-0.33249375224113464,-0.6120629929798789
COHFACE_s08_session3_natural,11,114,14.8,-0.5606372356414795,-0.3537182551244408
COHFACE_s08_session3_natural,11,115,14.833333333333334,-0.803905189037323,0.008347507069728356
COHFACE_s08_session3_natural,11,116,14.866666666666667,-1.0988880395889282,0.477819501656018
COHFACE_s08_session3_natural,11,117,14.9,-1.3798871040344238,1.0211253529560815
COHFACE_s08_session3_natural,11,118,14.933333333333334,-1.5593953132629395,1.566709932494769
COHFACE_s08_session3_natural,11,119,14.966666666666667,-1.5916515588760376,2.0199547880044206
COHFACE_s08_session3_natural,11,120,15.0,-1.3437527418136597,2.2899833465643717
COHFACE_s08_session3_natural,11,121,15.033333333333333,-0.8379407525062561,2.3184723608943547
COHFACE_s08_session3_natural,11,122,15.066666666666666,-0.37843725085258484,2.098969796834347
COHFACE_s08_session3_natural,11,123,15.1,-0.19566695392131805,1.679000962176436
COHFACE_s08_session3_natural,11,124,15.133333333333333,-0.16799591481685638,1.1445807486225554
COHFACE_s08_session3_natural,11,125,15.166666666666666,-0.22698792815208435,0.5938203956374597
COHFACE_s08_session3_natural,11,126,15.2,-0.37360110878944397,0.10975270013948667
COHFACE_s08_session3_natural,11,127,15.233333333333333,-0.5741419792175293,-0.2584093689528548
COHFACE_s08_session3_natural,11,128,15.266666666666667,-0.7533764243125916,-0.500472077030664
COHFACE_s08_session3_natural,11,129,15.3,-0.8879676461219788,-0.6374004823852172
COHFACE_s08_session3_natural,11,130,15.333333333333334,-0.9358729720115662,-0.70580897816012
COHFACE_s08_session3_natural,11,131,15.366666666666667,-0.8824471235275269,-0.7420834945434868
COHFACE_s08_session3_natural,11,132,15.4,-0.8047491908073425,-0.7714314173752641
COHFACE_s08_session3_natural,11,133,15.433333333333334,-0.784583330154419,-0.8034640647772135
COHFACE_s08_session3_natural,11,134,15.466666666666667,-0.8235235214233398,-0.8332738172247551
COHFACE_s08_session3_natural,11,135,15.5,-0.9030236005783081,-0.8462797854786981
COHFACE_s08_session3_natural,11,136,15.533333333333333,-0.9603047370910645,-0.8255628600548126
COHFACE_s08_session3_natural,11,137,15.566666666666666,-0.9724863767623901,-0.7602824478602433
COHFACE_s08_session3_natural,11,138,15.6,-0.9709123373031616,-0.6524210977783919
COHFACE_s08_session3_natural,11,139,15.633333333333333,-0.9734900593757629,-0.5184128764572851
COHFACE_s08_session3_natural,11,140,15.666666666666666,-0.9944999814033508,-0.38402267993211037
COHFACE_s08_session3_natural,11,141,15.7,-1.0067728757858276,-0.27436576018885706
COHFACE_s08_session3_natural,11,142,15.733333333333333,-1.023106336593628,-0.203852178423621
COHFACE_s08_session3_natural,11,143,15.766666666666667,-1.0268019437789917,-0.17095202970634862
COHFACE_s08_session3_natural,11,144,15.8,-0.9792615175247192,-0.15968607079181768
COHFACE_s08_session3_natural,11,145,15.833333333333334,-0.6576797962188721,-0.14616832411905065
COHFACE_s08_session3_natural,11,146,15.866666666666667,0.05154743418097496,-0.10698419647255879
COHFACE_s08_session3_natural,11,147,15.9,0.8306708335876465,-0.026693961573937844
COHFACE_s08_session3_natural,11,148,15.933333333333334,1.342573642730713,0.09707597196319165
COHFACE_s08_session3_natural,11,149,15.966666666666667,1.551326870918274,0.2517088402720744
COHFACE_s08_session3_natural,11,150,16.0,1.5449395179748535,0.4114571094227704
COHFACE_s08_session3_natural,11,151,16.033333333333335,1.4957795143127441,0.5435813889124813
COHFACE_s08_session3_natural,11,152,16.066666666666666,1.395429253578186,0.6183088447518792
COHFACE_s08_session3_natural,11,153,16.1,1.1541688442230225,0.6200667307614236
COHFACE_s08_session3_natural,11,154,16.133333333333333,0.8974874019622803,0.5552199536766262
COHFACE_s08_session3_natural,11,155,16.166666666666668,0.7911146879196167,0.4516014017705499
COHFACE_s08_session3_natural,11,156,16.2,0.7507373690605164,0.34873545143167645
COHFACE_s08_session3_natural,11,157,16.233333333333334,0.6866810917854309,0.2826738997160117
COHFACE_s08_session3_natural,11,158,16.266666666666666,0.5605303049087524,0.2724131574731798
COHFACE_s08_session3_natural,11,159,16.3,0.3999333679676056,0.3140156346185276
COHFACE_s08_session3_natural,11,160,16.333333333333332,0.2267441302537918,0.3842770851849194
COHFACE_s08_session3_natural,11,161,16.366666666666667,0.052916157990694046,0.4510177850166558
COHFACE_s08_session3_natural,11,162,16.4,-0.15734268724918365,0.4847851445604823
COHFACE_s08_session3_natural,11,163,16.433333333333334,-0.3267907202243805,0.4674674452422631
COHFACE_s08_session3_natural,11,164,16.466666666666665,-0.4442044496536255,0.39572675409348385
COHFACE_s08_session3_natural,11,165,16.5,-0.5635800361633301,0.27935458580628575
COHFACE_s08_session3_natural,11,166,16.533333333333335,-0.6745151281356812,0.13560105290643246
COHFACE_s08_session3_natural,11,167,16.566666666666666,-0.7650105953216553,-0.018910087913774392
COHFACE_s08_session3_natural,11,168,16.6,-0.8077604174613953,-0.17594375029634898
COHFACE_s08_session3_natural,11,169,16.633333333333333,-0.6379245519638062,-0.3394499740580838
COHFACE_s08_session3_natural,11,170,16.666666666666668,-0.06513629853725433,-0.5224936471323641
COHFACE_s08_session3_natural,11,171,16.7,0.6626599431037903,-0.7374307092082735
COHFACE_s08_session3_natural,11,172,16.733333333333334,1.1220037937164307,-0.983587526817091
COHFACE_s08_session3_natural,11,173,16.766666666666666,1.2054047584533691,-1.2387969548294382
COHFACE_s08_session3_natural,11,174,16.8,1.1126279830932617,-1.4591936981919627
COHFACE_s08_session3_natural,11,175,16.833333333333332,0.9477195739746094,-1.587663692269407
COHFACE_s08_session3_natural,11,176,16.866666666666667,0.7129833698272705,-1.56833121887639
COHFACE_s08_session3_natural,11,177,16.9,0.538653552532196,-1.363309996122963
COHFACE_s08_session3_natural,11,178,16.933333333333334,0.4823305606842041,-0.9678118814254444
COHFACE_s08_session3_natural,11,179,16.966666666666665,0.4761028587818146,-0.4192856681578546
COHFACE_s08_session3_natural,11,180,17.0,0.4824674129486084,0.20435821170172735
COHFACE_s08_session3_natural,11,181,17.033333333333335,0.44247785210609436,0.8005391723376473
COHFACE_s08_session3_natural,11,182,17.066666666666666,0.3411922752857208,1.2691239716554081
COHFACE_s08_session3_natural,11,183,17.1,0.19927839934825897,1.5414927009675603
COHFACE_s08_session3_natural,11,184,17.133333333333333,0.06694558262825012,1.5993938963639733
COHFACE_s08_session3_natural,11,185,17.166666666666668,-0.047571007162332535,1.4754491076941134
COHFACE_s08_session3_natural,11,186,17.2,-0.1722617745399475,1.2365380410654563
COHFACE_s08_session3_natural,11,187,17.233333333333334,-0.20511116087436676,0.9593224332510227
COHFACE_s08_session3_natural,11,188,17.266666666666666,-0.16696937382221222,0.7083019966829339
COHFACE_s08_session3_natural,11,189,17.3,-0.18102161586284637,0.5225640480885638
COHFACE_s08_session3_natural,11,190,17.333333333333332,-0.22037243843078613,0.4123647819821801
COHFACE_s08_session3_natural,11,191,17.366666666666667,-0.11048669368028641,0.363452912824448
COHFACE_s08_session3_natural,11,192,17.4,0.4755553603172302,0.34603434106470465
COHFACE_s08_session3_natural,11,193,17.433333333333334,1.3134198188781738,0.3255196733070972
COHFACE_s08_session3_natural,11,194,17.466666666666665,1.9408429861068726,0.2726134783855141
COHFACE_s08_session3_natural,11,195,17.5,2.111933469772339,0.1708709512282876
COHFACE_s08_session3_natural,11,196,17.533333333333335,2.004328966140747,0.02068871046913034
COHFACE_s08_session3_natural,11,197,17.566666666666666,1.8060921430587769,-0.1609306996244125
COHFACE_s08_session3_natural,11,198,17.6,1.6006466150283813,-0.3456920782501799
COHFACE_s08_session3_natural,11,199,17.633333333333333,1.3274720907211304,-0.5042414639488331
COHFACE_s08_session3_natural,11,200,17.666666666666668,0.9964233636856079,-0.6181931410884332
COHFACE_s08_session3_natural,11,201,17.7,0.7061169743537903,-0.688586761362383
COHFACE_s08_session3_natural,11,202,17.733333333333334,0.5759284496307373,-0.7365609102789051
COHFACE_s08_session3_natural,11,203,17.766666666666666,0.5211110711097717,-0.7955946747778879
COHFACE_s08_session3_natural,11,204,17.8,0.4486599266529083,-0.8980496512613284
COHFACE_s08_session3_natural,11,205,17.833333333333332,0.2759041488170624,-1.0602937273131814
COHFACE_s08_session3_natural,11,206,17.866666666666667,0.0007905791862867773,-1.2704476661089037
COHFACE_s08_session3_natural,11,207,17.9,-0.2812122106552124,-1.4825435869899024
COHFACE_s08_session3_natural,11,208,17.933333333333334,-0.49277135729789734,-1.6212611148466383
COHFACE_s08_session3_natural,11,209,17.966666666666665,-0.6345939636230469,-1.5996677031399913
COHFACE_s08_session3_natural,11,210,18.0,-0.7569122910499573,-1.346860953084405
COHFACE_s08_session3_natural,11,211,18.033333333333335,-0.8711551427841187,-0.8366142380119902
COHFACE_s08_session3_natural,11,212,18.066666666666666,-1.016308307647705,-0.10631524836561981
COHFACE_s08_session3_natural,11,213,18.1,-1.1840226650238037,0.7421983456504595
COHFACE_s08_session3_natural,11,214,18.133333333333333,-1.0717872381210327,1.5632855661252123
COHFACE_s08_session3_natural,11,215,18.166666666666668,-0.4406229555606842,2.2053850277915794
COHFACE_s08_session3_natural,11,216,18.2,0.3243797719478607,2.5534586852696646
COHFACE_s08_session3_natural,11,217,18.233333333333334,0.7609571814537048,2.5600257784936837
COHFACE_s08_session3_natural,11,218,18.266666666666666,0.8286177515983582,2.2542076057866334
COHFACE_s08_session3_natural,11,219,18.3,0.7029004693031311,1.7276031691655576
COHFACE_s08_session3_natural,11,220,18.333333333333332,0.5166855454444885,1.103084722204825
COHFACE_s08_session3_natural,11,221,18.366666666666667,0.2854852080345154,0.49722094681684825
COHFACE_s08_session3_natural,11,222,18.4,0.04974528029561043,-0.010336766124995272
COHFACE_s08_session3_natural,11,223,18.433333333333334,-0.10149873793125153,-0.3894568661481964
COHFACE_s08_session3_natural,11,224,18.466666666666665,-0.16361600160598755,-0.6515882946425463
COHFACE_s08_session3_natural,11,225,18.5,-0.20292119681835175,-0.8282889609023675
COHFACE_s08_session3_natural,11,226,18.533333333333335,-0.30041998624801636,-0.9476912379350257
COHFACE_s08_session3_natural,11,227,18.566666666666666,-0.46069759130477905,-1.018730576758298
COHFACE_s08_session3_natural,11,228,18.6,-0.6457034349441528,-1.0277721974661365
COHFACE_s08_session3_natural,11,229,18.633333333333333,-0.756752610206604,-0.9469412915557444
COHFACE_s08_session3_natural,11,230,18.666666666666668,-0.7899898290634155,-0.7501641314002897
COHFACE_s08_session3_natural,11,231,18.7,-0.8442369103431702,-0.4311905588679342
COHFACE_s08_session3_natural,11,232,18.733333333333334,-0.9059435725212097,-0.0168727350053445
COHFACE_s08_session3_natural,11,233,18.766666666666666,-0.9306946396827698,0.4301517565472731
COHFACE_s08_session3_natural,11,234,18.8,-0.9533926248550415,0.8216648512166129
COHFACE_s08_session3_natural,11,235,18.833333333333332,-0.9962109327316284,1.064817232186576
COHFACE_s08_session3_natural,11,236,18.866666666666667,-1.055294156074524,1.0883999218451363
COHFACE_s08_session3_natural,11,237,18.9,-1.0666545629501343,0.866734134835072
COHFACE_s08_session3_natural,11,238,18.933333333333334,-0.8595893979072571,0.43234167815951874
COHFACE_s08_session3_natural,11,239,18.966666666666665,-0.20191746950149536,-0.12874657743111645
COHFACE_s08_session3_natural,12,0,12.0,-0.04483355954289436,-0.16457837681123683
COHFACE_s08_session3_natural,12,1,12.033333333333333,-0.16327382624149323,-0.4316658092841558
COHFACE_s08_session3_natural,12,2,12.066666666666666,-0.30842700600624084,-0.6472815300072833
COHFACE_s08_session3_natural,12,3,12.1,-0.45668265223503113,-0.7817344575156373
COHFACE_s08_session3_natural,12,4,12.133333333333333,-0.5748491883277893,-0.8310079863879332
COHFACE_s08_session3_natural,12,5,12.166666666666666,-0.5895857810974121,-0.817189395187334
COHFACE_s08_session3_natural,12,6,12.2,-0.5198493003845215,-0.7788800765393674
COHFACE_s08_session3_natural,12,7,12.233333333333333,-0.28394967317581177,-0.755555732918345
COHFACE_s08_session3_natural,12,8,12.266666666666667,0.044589750468730927,-0.7714767532572757
COHFACE_s08_session3_natural,12,9,12.3,0.32937562465667725,-0.8241883626173955
COHFACE_s08_session3_natural,12,10,12.333333333333334,0.4088985025882721,-0.8815532920026343
COHFACE_s08_session3_natural,12,11,12.366666666666667,0.27902939915657043,-0.8893880569977083
COHFACE_s08_session3_natural,12,12,12.4,0.098540298640728,-0.78855993147412
COHFACE_s08_session3_natural,12,13,12.433333333333334,-0.017801256850361824,-0.5367872842669151
COHFACE_s08_session3_natural,12,14,12.466666666666667,0.24572376906871796,-0.1279992444124169
COHFACE_s08_session3_natural,12,15,12.5,0.8858988881111145,0.3978870620066073
COHFACE_s08_session3_natural,12,16,12.533333333333333,1.406493067741394,0.9592440203221564
COHFACE_s08_session3_natural,12,17,12.566666666666666,1.5559349060058594,1.451036289030524
COHFACE_s08_session3_natural,12,18,12.6,1.427024006843567,1.7723028393355649
COHFACE_s08_session3_natural,12,19,12.633333333333333,1.2184988260269165,1.8544593618785161
COHFACE_s08_session3_natural,12,20,12.666666666666666,0.9769189953804016,1.6811649045833041
COHFACE_s08_session3_natural,12,21,12.7,0.7143977284431458,1.2928169149488158
COHFACE_s08_session3_natural,12,22,12.733333333333333,0.49503687024116516,0.7738131203985809
COHFACE_s08_session3_natural,12,23,12.766666666666667,0.38414740562438965,0.22684954753552702
COHFACE_s08_session3_natural,12,24,12.8,0.3543548285961151,-0.25666457774996837
COHFACE_s08_session3_natural,12,25,12.833333333333334,0.3228969871997833,-0.6197601244634906
COHFACE_s08_session3_natural,12,26,12.866666666666667,0.17956876754760742,-0.8493893660472747
COHFACE_s08_session3_natural,12,27,12.9,-0.035594671964645386,-0.9705719003966498
COHFACE_s08_session3_natural,12,28,12.933333333333334,-0.25018781423568726,-1.0288860575418288
COHFACE_s08_session3_natural,12,29,12.966666666666667,-0.44808250665664673,-1.0682445403805165
COHFACE_s08_session3_natural,12,30,13.0,-0.6138806343078613,-1.1114790097253062
COHFACE_s08_session3_natural,12,31,13.033333333333333,-0.7455062866210938,-1.1498022999532524
COHFACE_s08_session3_natural,12,32,13.066666666666666,-0.815676212310791,-1.144629724292508
COHFACE_s08_session3_natural,12,33,13.1,-0.8209001421928406,-1.041877970501707
COHFACE_s08_session3_natural,12,34,13.133333333333333,-0.7410807013511658,-0.7949611086084479
COHFACE_s08_session3_natural,12,35,13.166666666666666,-0.5736173391342163,-0.38899011395397104
COHFACE_s08_session3_natural,12,36,13.2,-0.43786269426345825,0.14343086343089664
COHFACE_s08_session3_natural,12,37,13.233333333333333,-0.3832734227180481,0.7230203708461848
COHFACE_s08_session3_natural,12,38,13.266666666666667,-0.2324628233909607,1.2436579045114529
COHFACE_s08_session3_natural,12,39,13.3,0.21084411442279816,1.6049719428776503
COHFACE_s08_session3_natural,12,40,13.333333333333334,0.7665917277336121,1.7439353348548903
COHFACE_s08_session3_natural,12,41,13.366666666666667,0.9961951971054077,1.6512599135799297
COHFACE_s08_session3_natural,12,42,13.4,0.8121246099472046,1.3668630435023317
COHFACE_s08_session3_natural,12,43,13.433333333333334,0.4790228009223938,0.9599094781683628
COHFACE_s08_session3_natural,12,44,13.466666666666667,0.09311102330684662,0.5050417054735606
COHFACE_s08_session3_natural,12,45,13.5,-0.3849615156650543,0.06489671300742879
COHFACE_s08_session3_natural,12,46,13.533333333333333,-0.7438409924507141,-0.31750853917522953
COHFACE_s08_session3_natural,12,47,13.566666666666666,-0.8754209876060486,-0.618820522708044
COHFACE_s08_session3_natural,12,48,13.6,-0.8243904113769531,-0.8314991279931637
COHFACE_s08_session3_natural,12,49,13.633333333333333,-0.6691314578056335,-0.9584304544304257
COHFACE_s08_session3_natural,12,50,13.666666666666666,-0.5121387839317322,-1.007610687872459
COHFACE_s08_session3_natural,12,51,13.7,-0.5088310241699219,-0.9884118978043468
COHFACE_s08_session3_natural,12,52,13.733333333333333,-0.6549879908561707,-0.9102617324745303
COHFACE_s08_session3_natural,12,53,13.766666666666667,-0.8880589008331299,-0.783291566561197
COHFACE_s08_session3_natural,12,54,13.8,-1.1725938320159912,-0.6194084271680137
COHFACE_s08_session3_natural,12,55,13.833333333333334,-1.4546194076538086,-0.4321205060428527
COHFACE_s08_session3_natural,12,56,13.866666666666667,-1.6951271295547485,-0.2346469923625322
COHFACE_s08_session3_natural,12,57,13.9,-1.9013710021972656,-0.037946943195492654
COHFACE_s08_session3_natural,12,58,13.933333333333334,-2.0941786766052246,0.1483576138589806
COHFACE_s08_session3_natural,12,59,13.966666666666667,-2.2141473293304443,0.31142463894314276
COHFACE_s08_session3_natural,12,60,14.0,-2.2426624298095703,0.431699084323828
COHFACE_s08_session3_natural,12,61,14.033333333333333,-2.193821668624878,0.4872367375636757
COHFACE_s08_session3_natural,12,62,14.066666666666666,-2.1419243812561035,0.4667648635312527
COHFACE_s08_session3_natural,12,63,14.1,-1.985342264175415,0.3838127465289606
COHFACE_s08_session3_natural,12,64,14.133333333333333,-1.4216787815093994,0.28089313217708395
COHFACE_s08_session3_natural,12,65,14.166666666666666,-0.5614128708839417,0.21743238079125418
COHFACE_s08_session3_natural,12,66,14.2,0.13604333996772766,0.24511232012766362
COHFACE_s08_session3_natural,12,67,14.233333333333333,0.4340830147266388,0.3826420558037354
COHFACE_s08_session3_natural,12,68,14.266666666666667,0.40000179409980774,0.6029446750657962
COHFACE_s08_session3_natural,12,69,14.3,0.29782652854919434,0.8393525435868104
COHFACE_s08_session3_natural,12,70,14.333333333333334,0.39030665159225464,1.0079214914869874
COHFACE_s08_session3_natural,12,71,14.366666666666667,0.5903000831604004,1.0358990536455288
COHFACE_s08_session3_natural,12,72,14.4,0.6840120553970337,0.8851778254328141
COHFACE_s08_session3_natural,12,73,14.433333333333334,0.629103422164917,0.563202285813606
COHFACE_s08_session3_natural,12,74,14.466666666666667,0.47598880529403687,0.11916547399074923
COHFACE_s08_session3_natural,12,75,14.5,0.5957293510437012,-0.3717997462603447
COHFACE_s08_session3_natural,12,76,14.533333333333333,0.8008326888084412,-0.8304946401258829
COHFACE_s08_session3_natural,12,77,14.566666666666666,0.7695345282554626,-1.1944120714466184
COHFACE_s08_session3_natural,12,78,14.6,0.6998892426490784,-1.4309331679427504
COHFACE_s08_session3_natural,12,79,14.633333333333333,0.6199785470962524,-1.5392051861082896
COHFACE_s08_session3_natural,12,80,14.666666666666666,0.4380979537963867,-1.541035719671482
COHFACE_s08_session3_natural,12,81,14.7,0.1948300451040268,-1.4651250867800067
COHFACE_s08_session3_natural,12,82,14.733333333333333,-0.07099900394678116,-1.3312650715564185
COHFACE_s08_session3_natural,12,83,14.766666666666667,-0.33249375224113464,-1.1410774530860657
COHFACE_s08_session3_natural,12,84,14.8,-0.5606372356414795,-0.8794636059507299
COHFACE_s08_session3_natural,12,85,14.833333333333334,-0.803905189037323,-0.5266024078117728
COHFACE_s08_session3_natural,12,86,14.866666666666667,-1.0988880395889282,-0.07542644485083158
COHFACE_s08_session3_natural,12,87,14.9,-1.3798871040344238,0.4534120415268479
COHFACE_s08_session3_natural,12,88,14.933333333333334,-1.5593953132629395,1.0062047423818188
COHFACE_s08_session3_natural,12,89,14.966666666666667,-1.5916515588760376,1.5036966397870621
COHFACE_s08_session3_natural,12,90,15.0,-1.3437527418136597,1.8597592380976913
COHFACE_s08_session3_natural,12,91,15.033333333333333,-0.8379407525062561,2.0053716572188804
COHFACE_s08_session3_natural,12,92,15.066666666666666,-0.37843725085258484,1.9098404558464683
COHFACE_s08_session3_natural,12,93,15.1,-0.19566695392131805,1.5917005312226158
COHFACE_s08_session3_natural,12,94,15.133333333333333,-0.16799591481685638,1.1150322517710054
COHFACE_s08_session3_natural,12,95,15.166666666666666,-0.22698792815208435,0.5721741980408748
COHFACE_s08_session3_natural,12,96,15.2,-0.37360110878944397,0.0590881902963618
COHFACE_s08_session3_natural,12,97,15.233333333333333,-0.5741419792175293,-0.34790946487275237
COHFACE_s08_session3_natural,12,98,15.266666666666667,-0.7533764243125916,-0.607144420156179
COHFACE_s08_session3_natural,12,99,15.3,-0.8879676461219788,-0.715594083333497
COHFACE_s08_session3_natural,12,100,15.333333333333334,-0.9358729720115662,-0.7029304171033821
COHFACE_s08_session3_natural,12,101,15.366666666666667,-0.8824471235275269,-0.6186832459084647
COHFACE_s08_session3_natural,12,102,15.4,-0.8047491908073425,-0.5162363727877075
COHFACE_s08_session3_natural,12,103,15.433333333333334,-0.784583330154419,-0.4374190088695765
COHFACE_s08_session3_natural,12,104,15.466666666666667,-0.8235235214233398,-0.40149401428098264
COHFACE_s08_session3_natural,12,105,15.5,-0.9030236005783081,-0.4019198552831035
COHFACE_s08_session3_natural,12,106,15.533333333333333,-0.9603047370910645,-0.41254878344883344
COHFACE_s08_session3_natural,12,107,15.566666666666666,-0.9724863767623901,-0.4016276035929244
COHFACE_s08_session3_natural,12,108,15.6,-0.9709123373031616,-0.3481033570794128
COHFACE_s08_session3_natural,12,109,15.633333333333333,-0.9734900593757629,-0.25287464433515844
COHFACE_s08_session3_natural,12,110,15.666666666666666,-0.9944999814033508,-0.13964360426797232
COHFACE_s08_session3_natural,12,111,15.7,-1.0067728757858276,-0.04497381052163886
COHFACE_s08_session3_natural,12,112,15.733333333333333,-1.023106336593628,-0.0023014723383135262
COHFACE_s08_session3_natural,12,113,15.766666666666667,-1.0268019437789917,-0.027071124885462296
COHFACE_s08_session3_natural,12,114,15.8,-0.9792615175247192,-0.108724569264606
COHFACE_s08_session3_natural,12,115,15.833333333333334,-0.6576797962188721,-0.21187426827813127
COHFACE_s08_session3_natural,12,116,15.866666666666667,0.05154743418097496,-0.2861021041127914
COHFACE_s08_session3_natural,12,117,15.9,0.8306708335876465,-0.2818838344161496
COHFACE_s08_session3_natural,12,118,15.933333333333334,1.342573642730713,-0.16858709690378526
COHFACE_s08_session3_natural,12,119,15.966666666666667,1.551326870918274,0.05079241449453289
COHFACE_s08_session3_natural,12,120,16.0,1.5449395179748535,0.33397559520243497
COHFACE_s08_session3_natural,12,121,16.033333333333335,1.4957795143127441,0.6073352695835507
COHFACE_s08_session3_natural,12,122,16.066666666666666,1.395429253578186,0.7879734402245421
COHFACE_s08_session3_natural,12,123,16.1,1.1541688442230225,0.8139022374471209
COHFACE_s08_session3_natural,12,124,16.133333333333333,0.8974874019622803,0.6698124275454934
COHFACE_s08_session3_natural,12,125,16.166666666666668,0.7911146879196167,0.3956877744611518
COHFACE_s08_session3_natural,12,126,16.2,0.7507373690605164,0.07410232350342412
COHFACE_s08_session3_natural,12,127,16.233333333333334,0.6866810917854309,-0.19740570973119825
COHFACE_s08_session3_natural,12,128,16.266666666666666,0.5605303049087524,-0.3377061941278759
COHFACE_s08_session3_natural,12,129,16.3,0.3999333679676056,-0.30696203451707715
COHFACE_s08_session3_natural,12,130,16.333333333333332,0.2267441302537918,-0.11803205371520697
COHFACE_s08_session3_natural,12,131,16.366666666666667,0.052916157990694046,0.168328173434217
COHFACE_s08_session3_natural,12,132,16.4,-0.15734268724918365,0.46230663144601253
COHFACE_s08_session3_natural,12,133,16.433333333333334,-0.3267907202243805,0.6717966521914823
COHFACE_s08_session3_natural,12,134,16.466666666666665,-0.4442044496536255,0.7291785438056002
COHFACE_s08_session3_natural,12,135,16.5,-0.5635800361633301,0.610263411017069
COHFACE_s08_session3_natural,12,136,16.533333333333335,-0.6745151281356812,0.33910239016808374
COHFACE_s08_session3_natural,12,137,16.566666666666666,-0.7650105953216553,-0.0234280462688239
COHFACE_s08_session3_natural,12,138,16.6,-0.8077604174613953,-0.4026719280704042
COHFACE_s08_session3_natural,12,139,16.633333333333333,-0.6379245519638062,-0.7349495421374447
COHFACE_s08_session3_natural,12,140,16.666666666666668,-0.06513629853725433,-0.9838754295425969
COHFACE_s08_session3_natural,12,141,16.7,0.6626599431037903,-1.1427795602651423
COHFACE_s08_session3_natural,12,142,16.733333333333334,1.1220037937164307,-1.2245021558228086
COHFACE_s08_session3_natural,12,143,16.766666666666666,1.2054047584533691,-1.2451590008480824
COHFACE_s08_session3_natural,12,144,16.8,1.1126279830932617,-1.2100768432015623
COHFACE_s08_session3_natural,12,145,16.833333333333332,0.9477195739746094,-1.1080273100963678
COHFACE_s08_session3_natural,12,146,16.866666666666667,0.7129833698272705,-0.915802269716331
COHFACE_s08_session3_natural,12,147,16.9,0.538653552532196,-0.6111455759455683
COHFACE_s08_session3_natural,12,148,16.933333333333334,0.4823305606842041,-0.18933985884289373
COHFACE_s08_session3_natural,12,149,16.966666666666665,0.4761028587818146,0.32301382672953355
COHFACE_s08_session3_natural,12,150,17.0,0.4824674129486084,0.8641814084987364
COHFACE_s08_session3_natural,12,151,17.033333333333335,0.44247785210609436,1.3479505646266066
COHFACE_s08_session3_natural,12,152,17.066666666666666,0.3411922752857208,1.6865363145182812
COHFACE_s08_session3_natural,12,153,17.1,0.19927839934825897,1.8168585924212755
COHFACE_s08_session3_natural,12,154,17.133333333333333,0.06694558262825012,1.7194934249934348
COHFACE_s08_session3_natural,12,155,17.166666666666668,-0.047571007162332535,1.4234781228703903
COHFACE_s08_session3_natural,12,156,17.2,-0.1722617745399475,0.9970210752141075
COHFACE_s08_session3_natural,12,157,17.233333333333334,-0.20511116087436676,0.5293635254867359
COHFACE_s08_session3_natural,12,158,17.266666666666666,-0.16696937382221222,0.10977865850752958
COHFACE_s08_session3_natural,12,159,17.3,-0.18102161586284637,-0.19192116082241903
COHFACE_s08_session3_natural,12,160,17.333333333333332,-0.22037243843078613,-0.3399087881968253
COHFACE_s08_session3_natural,12,161,17.366666666666667,-0.11048669368028641,-0.33881134415624575
COHFACE_s08_session3_natural,12,162,17.4,0.4755553603172302,-0.23029752972212506
COHFACE_s08_session3_natural,12,163,17.433333333333334,1.3134198188781738,-0.08019185540838523
COHFACE_s08_session3_natural,12,164,17.466666666666665,1.9408429861068726,0.040945907661180725
COHFACE_s08_session3_natural,12,165,17.5,2.111933469772339,0.07859240594389538
COHFACE_s08_session3_natural,12,166,17.533333333333335,2.004328966140747,0.009980705834962782
COHFACE_s08_session3_natural,12,167,17.566666666666666,1.8060921430587769,-0.15079018265259464
COHFACE_s08_session3_natural,12,168,17.6,1.6006466150283813,-0.36047752230903174
COHFACE_s08_session3_natural,12,169,17.633333333333333,1.3274720907211304,-0.5646406882541231
COHFACE_s08_session3_natural,12,170,17.666666666666668,0.9964233636856079,-0.7189069067568589
COHFACE_s08_session3_natural,12,171,17.7,0.7061169743537903,-0.805154631154041
COHFACE_s08_session3_natural,12,172,17.733333333333334,0.5759284496307373,-0.8364734140088925
COHFACE_s08_session3_natural,12,173,17.766666666666666,0.5211110711097717,-0.8492714834096038
COHFACE_s08_session3_natural,12,174,17.8,0.4486599266529083,-0.8853790993254647
COHFACE_s08_session3_natural,12,175,17.833333333333332,0.2759041488170624,-0.9702160281968387
COHFACE_s08_session3_natural,12,176,17.866666666666667,0.0007905791862867773,-1.0947003937782023
COHFACE_s08_session3_natural,12,177,17.9,-0.2812122106552124,-1.208570213181615
COHFACE_s08_session3_natural,12,178,17.933333333333334,-0.49277135729789734,-1.2306259356634648
COHFACE_s08_session3_natural,12,179,17.966666666666665,-0.6345939636230469,-1.0756005193380043
COHFACE_s08_session3_natural,12,180,18.0,-0.7569122910499573,-0.6888386926028076
COHFACE_s08_session3_natural,12,181,18.033333333333335,-0.8711551427841187,-0.07449708021594152
COHFACE_s08_session3_natural,12,182,18.066666666666666,-1.016308307647705,0.6948015313835373
COHFACE_s08_session3_natural,12,183,18.1,-1.1840226650238037,1.4912756952481119
COHFACE_s08_session3_natural,12,184,18.133333333333333,-1.0717872381210327,2.1643824335592976
COHFACE_s08_session3_natural,12,185,18.166666666666668,-0.4406229555606842,2.581734962444341
COHFACE_s08_session3_natural,12,186,18.2,0.3243797719478607,2.664366210485461
COHFACE_s08_session3_natural,12,187,18.233333333333334,0.7609571814537048,2.4044572157921764
COHFACE_s08_session3_natural,12,188,18.266666666666666,0.8286177515983582,1.8619120863766887
COHFACE_s08_session3_natural,12,189,18.3,0.7029004693031311,1.1444475600379143
COHFACE_s08_session3_natural,12,190,18.333333333333332,0.5166855454444885,0.3789578999333125
COHFACE_s08_session3_natural,12,191,18.366666666666667,0.2854852080345154,-0.3183417998359567
COHFACE_s08_session3_natural,12,192,18.4,0.04974528029561043,-0.86568284441059
COHFACE_s08_session3_natural,12,193,18.433333333333334,-0.10149873793125153,-1.2271862796464437
COHFACE_s08_session3_natural,12,194,18.466666666666665,-0.16361600160598755,-1.4095871628581693
COHFACE_s08_session3_natural,12,195,18.5,-0.20292119681835175,-1.4471916015255821
COHFACE_s08_session3_natural,12,196,18.533333333333335,-0.30041998624801636,-1.3821207901785872
COHFACE_s08_session3_natural,12,197,18.566666666666666,-0.46069759130477905,-1.2477635945333605
COHFACE_s08_session3_natural,12,198,18.6,-0.6457034349441528,-1.060752007175306
COHFACE_s08_session3_natural,12,199,18.633333333333333,-0.756752610206604,-0.8226302006411992
COHFACE_s08_session3_natural,12,200,18.666666666666668,-0.7899898290634155,-0.5289469883075906
COHFACE_s08_session3_natural,12,201,18.7,-0.8442369103431702,-0.1814519499684736
COHFACE_s08_session3_natural,12,202,18.733333333333334,-0.9059435725212097,0.20164044119526436
COHFACE_s08_session3_natural,12,203,18.766666666666666,-0.9306946396827698,0.5814938378850575
COHFACE_s08_session3_natural,12,204,18.8,-0.9533926248550415,0.9025433134720261
COHFACE_s08_session3_natural,12,205,18.833333333333332,-0.9962109327316284,1.1041277741040751
COHFACE_s08_session3_natural,12,206,18.866666666666667,-1.055294156074524,1.1379340652181573
COHFACE_s08_session3_natural,12,207,18.9,-1.0666545629501343,0.9868612225328055
COHFACE_s08_session3_natural,12,208,18.933333333333334,-0.8595893979072571,0.6775369967465104
COHFACE_s08_session3_natural,12,209,18.966666666666665,-0.20191746950149536,0.2786778703961198
COHFACE_s08_session3_natural,12,210,19.0,0.6494517922401428,-0.11649637513216855
COHFACE_s08_session3_natural,12,211,19.033333333333335,1.2066137790679932,-0.41770667687030527
COHFACE_s08_session3_natural,12,212,19.066666666666666,1.323662519454956,-0.564752060006053
COHFACE_s08_session3_natural,12,213,19.1,1.1719622611999512,-0.5449444192900291
COHFACE_s08_session3_natural,12,214,19.133333333333333,0.9565934538841248,-0.3953427728202795
COHFACE_s08_session3_natural,12,215,19.166666666666668,0.700322687625885,-0.18957991309440758
COHFACE_s08_session3_natural,12,216,19.2,0.3702320456504822,-0.01405030235113021
COHFACE_s08_session3_natural,12,217,19.233333333333334,0.052094921469688416,0.058931664434053246
COHFACE_s08_session3_natural,12,218,19.266666666666666,-0.15191341936588287,-0.0066179114678467845
COHFACE_s08_session3_natural,12,219,19.3,-0.31433534622192383,-0.19881940647900442
COHFACE_s08_session3_natural,12,220,19.333333333333332,-0.4726739227771759,-0.46121568253824324
COHFACE_s08_session3_natural,12,221,19.366666666666667,-0.5997371673583984,-0.711074781771339
COHFACE_s08_session3_natural,12,222,19.4,-0.7096913456916809,-0.8668708136533434
COHFACE_s08_session3_natural,12,223,19.433333333333334,-0.8150830864906311,-0.8748373753010869
COHFACE_s08_session3_natural,12,224,19.466666666666665,-1.0268703699111938,-0.7253406934727207
COHFACE_s08_session3_natural,12,225,19.5,-1.2729213237762451,-0.4539698917346648
COHFACE_s08_session3_natural,12,226,19.533333333333335,-1.3863885402679443,-0.12688310663345953
COHFACE_s08_session3_natural,12,227,19.566666666666666,-1.4087672233581543,0.18438359856211434
COHFACE_s08_session3_natural,12,228,19.6,-1.414721131324768,0.4274341053509566
COHFACE_s08_session3_natural,12,229,19.633333333333333,-1.4284083843231201,0.5812543901184767
COHFACE_s08_session3_natural,12,230,19.666666666666668,-1.4181201457977295,0.6527908908150167
COHFACE_s08_session3_natural,12,231,19.7,-1.3731119632720947,0.6640682798183517
COHFACE_s08_session3_natural,12,232,19.733333333333334,-1.3555238246917725,0.6388783885651552
COHFACE_s08_session3_natural,12,233,19.766666666666666,-1.2151612043380737,0.5947262707491634
COHFACE_s08_session3_natural,12,234,19.8,-0.6652762293815613,0.5409928217327032
COHFACE_s08_session3_natural,12,235,19.833333333333332,0.23267526924610138,0.4810893668716724
COHFACE_s08_session3_natural,12,236,19.866666666666667,0.9943702816963196,0.4155717143177425
COHFACE_s08_session3_natural,12,237,19.9,1.302949070930481,0.3442282150168121
COHFACE_s08_session3_natural,12,238,19.933333333333334,1.2800686359405518,0.2668238443097008
COHFACE_s08_session3_natural,12,239,19.966666666666665,1.1942039728164673,0.18333768365919204
COHFACE_s08_session3_natural,13,0,13.0,-0.6138806343078613,-0.06033855649122855
COHFACE_s08_session3_natural,13,1,13.033333333333333,-0.7455062866210938,-0.28818823348182393
COHFACE_s08_session3_natural,13,2,13.066666666666666,-0.815676212310791,-0.4641527131044183
COHFACE_s08_session3_natural,13,3,13.1,-0.8209001421928406,-0.5463187545648527
COHFACE_s08_session3_natural,13,4,13.133333333333333,-0.7410807013511658,-0.5096513482304864
COHFACE_s08_session3_natural,13,5,13.166666666666666,-0.5736173391342163,-0.3577722661089776
COHFACE_s08_session3_natural,13,6,13.2,-0.43786269426345825,-0.13070461594136734
COHFACE_s08_session3_natural,13,7,13.233333333333333,-0.3832734227180481,0.09953953402754132
COHFACE_s08_session3_natural,13,8,13.266666666666667,-0.2324628233909607,0.24965948420298079
COHFACE_s08_session3_natural,13,9,13.3,0.21084411442279816,0.25704944001730473
COHFACE_s08_session3_natural,13,10,13.333333333333334,0.7665917277336121,0.10894004704138865
COHFACE_s08_session3_natural,13,11,13.366666666666667,0.9961951971054077,-0.14697401000609903
COHFACE_s08_session3_natural,13,12,13.4,0.8121246099472046,-0.4170542991820015
COHFACE_s08_session3_natural,13,13,13.433333333333334,0.4790228009223938,-0.5953186332565488
COHFACE_s08_session3_natural,13,14,13.466666666666667,0.09311102330684662,-0.6023866414110887
COHFACE_s08_session3_natural,13,15,13.5,-0.3849615156650543,-0.41519969539226065
COHFACE_s08_session3_natural,13,16,13.533333333333333,-0.7438409924507141,-0.07688179873961355
COHFACE_s08_session3_natural,13,17,13.566666666666666,-0.8754209876060486,0.3167494877423979
COHFACE_s08_session3_natural,13,18,13.6,-0.8243904113769531,0.6490196180216652
COHFACE_s08_session3_natural,13,19,13.633333333333333,-0.6691314578056335,0.820870456266582
COHFACE_s08_session3_natural,13,20,13.666666666666666,-0.5121387839317322,0.7821479305661697
COHFACE_s08_session3_natural,13,21,13.7,-0.5088310241699219,0.5452081405729223
COHFACE_s08_session3_natural,13,22,13.733333333333333,-0.6549879908561707,0.17765935303194205
COHFACE_s08_session3_natural,13,23,13.766666666666667,-0.8880589008331299,-0.22112746785090887
COHFACE_s08_session3_natural,13,24,13.8,-1.1725938320159912,-0.5502166535207739
COHFACE_s08_session3_natural,13,25,13.833333333333334,-1.4546194076538086,-0.7339049330946267
COHFACE_s08_session3_natural,13,26,13.866666666666667,-1.6951271295547485,-0.7381253468244099
COHFACE_s08_session3_natural,13,27,13.9,-1.9013710021972656,-0.5743354341054119
COHFACE_s08_session3_natural,13,28,13.933333333333334,-2.0941786766052246,-0.29294845665738456
COHFACE_s08_session3_natural,13,29,13.966666666666667,-2.2141473293304443,0.030169125363181573
COHFACE_s08_session3_natural,13,30,14.0,-2.2426624298095703,0.3117753535932764
COHFACE_s08_session3_natural,13,31,14.033333333333333,-2.193821668624878,0.48226821517839047
COHFACE_s08_session3_natural,13,32,14.066666666666666,-2.1419243812561035,0.5059388341862157
COHFACE_s08_session3_natural,13,33,14.1,-1.985342264175415,0.3936696477880229
COHFACE_s08_session3_natural,13,34,14.133333333333333,-1.4216787815093994,0.20088407199251276
COHFACE_s08_session3_natural,13,35,14.166666666666666,-0.5614128708839417,0.00845245001904867
COHFACE_s08_session3_natural,13,36,14.2,0.13604333996772766,-0.10691160561930114
COHFACE_s08_session3_natural,13,37,14.233333333333333,0.4340830147266388,-0.10014535953321389
COHFACE_s08_session3_natural,13,38,14.266666666666667,0.40000179409980774,0.02762571119164528
COHFACE_s08_session3_natural,13,39,14.3,0.29782652854919434,0.23153331496528323
COHFACE_s08_session3_natural,13,40,14.333333333333334,0.39030665159225464,0.43995713715514834
COHFACE_s08_session3_natural,13,41,14.366666666666667,0.5903000831604004,0.5794020096415222
COHFACE_s08_session3_natural,13,42,14.4,0.6840120553970337,0.5986262009674621
COHFACE_s08_session3_natural,13,43,14.433333333333334,0.629103422164917,0.48417823021326706
COHFACE_s08_session3_natural,13,44,14.466666666666667,0.47598880529403687,0.2629609760094387
COHFACE_s08_session3_natural,13,45,14.5,0.5957293510437012,-0.008292394156942627
COHFACE_s08_session3_natural,13,46,14.533333333333333,0.8008326888084412,-0.263325442677553
COHFACE_s08_session3_natural,13,47,14.566666666666666,0.7695345282554626,-0.4502421712107645
COHFACE_s08_session3_natural,13,48,14.6,0.6998892426490784,-0.5503261066605882
COHFACE_s08_session3_natural,13,49,14.633333333333333,0.6199785470962524,-0.5834352386287788
COHFACE_s08_session3_natural,13,50,14.666666666666666,0.4380979537963867,-0.5963352950484587
COHFACE_s08_session3_natural,13,51,14.7,0.1948300451040268,-0.6378177875334883
COHFACE_s08_session3_natural,13,52,14.733333333333333,-0.07099900394678116,-0.7310458312429359
COHFACE_s08_session3_natural,13,53,14.766666666666667,-0.33249375224113464,-0.8558338544149622
COHFACE_s08_session3_natural,13,54,14.8,-0.5606372356414795,-0.9499653583577065
COHFACE_s08_session3_natural,13,55,14.833333333333334,-0.803905189037323,-0.9307609532678459
COHFACE_s08_session3_natural,13,56,14.866666666666667,-1.0988880395889282,-0.7294068439578066
COHFACE_s08_session3_natural,13,57,14.9,-1.3798871040344238,-0.3246985380058781
COHFACE_s08_session3_natural,13,58,14.933333333333334,-1.5593953132629395,0.23773731647293886
COHFACE_s08_session3_natural,13,59,14.966666666666667,-1.5916515588760376,0.8499212462583104
COHFACE_s08_session3_natural,13,60,15.0,-1.3437527418136597,1.3704127229928045
COHFACE_s08_session3_natural,13,61,15.033333333333333,-0.8379407525062561,1.6686352331436867
COHFACE_s08_session3_natural,13,62,15.066666666666666,-0.37843725085258484,1.6682896327850656
COHFACE_s08_session3_natural,13,63,15.1,-0.19566695392131805,1.372912476136377
COHFACE_s08_session3_natural,13,64,15.133333333333333,-0.16799591481685638,0.864293530207214
COHFACE_s08_session3_natural,13,65,15.166666666666666,-0.22698792815208435,0.2758765224959624
COHFACE_s08_session3_natural,13,66,15.2,-0.37360110878944397,-0.24781303490854767
COHFACE_s08_session3_natural,13,67,15.233333333333333,-0.5741419792175293,-0.5914769302438763
COHFACE_s08_session3_natural,13,68,15.266666666666667,-0.7533764243125916,-0.6973335087139418
COHFACE_s08_session3_natural,13,69,15.3,-0.8879676461219788,-0.5752443951511059
COHFACE_s08_session3_natural,13,70,15.333333333333334,-0.9358729720115662,-0.2942714437313711
COHFACE_s08_session3_natural,13,71,15.366666666666667,-0.8824471235275269,0.040503164677994336
COHFACE_s08_session3_natural,13,72,15.4,-0.8047491908073425,0.319472218150742
COHFACE_s08_session3_natural,13,73,15.433333333333334,-0.784583330154419,0.4602127828161354
COHFACE_s08_session3_natural,13,74,15.466666666666667,-0.8235235214233398,0.43035665788225813
COHFACE_s08_session3_natural,13,75,15.5,-0.9030236005783081,0.25376625070113873
COHFACE_s08_session3_natural,13,76,15.533333333333333,-0.9603047370910645,-0.003129443284249395
COHFACE_s08_session3_natural,13,77,15.566666666666666,-0.9724863767623901,-0.2603458518200605
COHFACE_s08_session3_natural,13,78,15.6,-0.9709123373031616,-0.4566703675949428
COHFACE_s08_session3_natural,13,79,15.633333333333333,-0.9734900593757629,-0.5708259917962923
COHFACE_s08_session3_natural,13,80,15.666666666666666,-0.9944999814033508,-0.6223902246309566
COHFACE_s08_session3_natural,13,81,15.7,-1.0067728757858276,-0.6535890380002689
COHFACE_s08_session3_natural,13,82,15.733333333333333,-1.023106336593628,-0.7021872525834022
COHFACE_s08_session3_natural,13,83,15.766666666666667,-1.0268019437789917,-0.7788786190215364
COHFACE_s08_session3_natural,13,84,15.8,-0.9792615175247192,-0.85866927297367
COHFACE_s08_session3_natural,13,85,15.833333333333334,-0.6576797962188721,-0.8885139639760993
COHFACE_s08_session3_natural,13,86,15.866666666666667,0.05154743418097496,-0.8075087329632217
COHFACE_s08_session3_natural,13,87,15.9,0.8306708335876465,-0.572546822823554
COHFACE_s08_session3_natural,13,88,15.933333333333334,1.342573642730713,-0.18092968003468268
COHFACE_s08_session3_natural,13,89,15.966666666666667,1.551326870918274,0.3182734185939362
COHFACE_s08_session3_natural,13,90,16.0,1.5449395179748535,0.8299801272969594
COHFACE_s08_session3_natural,13,91,16.033333333333335,1.4957795143127441,1.2367786713322546
COHFACE_s08_session3_natural,13,92,16.066666666666666,1.395429253578186,1.4343403959243581
COHFACE_s08_session3_natural,13,93,16.1,1.1541688442230225,1.3668245659774898
COHFACE_s08_session3_natural,13,94,16.133333333333333,0.8974874019622803,1.0496539388256827
COHFACE_s08_session3_natural,13,95,16.166666666666668,0.7911146879196167,0.5706950016429206
COHFACE_s08_session3_natural,13,96,16.2,0.7507373690605164,0.06738535768532769
COHFACE_s08_session3_natural,13,97,16.233333333333334,0.6866810917854309,-0.31453377694034124
COHFACE_s08_session3_natural,13,98,16.266666666666666,0.5605303049087524,-0.4673952021011991
COHFACE_s08_session3_natural,13,99,16.3,0.3999333679676056,-0.3566304893059894
COHFACE_s08_session3_natural,13,100,16.333333333333332,0.2267441302537918,-0.03178635000924765
COHFACE_s08_session3_natural,13,101,16.366666666666667,0.052916157990694046,0.3902734966969189
COHFACE_s08_session3_natural,13,102,16.4,-0.15734268724918365,0.7639858663068575
COHFACE_s08_session3_natural,13,103,16.433333333333334,-0.3267907202243805,0.962122766312064
COHFACE_s08_session3_natural,13,104,16.466666666666665,-0.4442044496536255,0.915066910453566
COHFACE_s08_session3_natural,13,105,16.5,-0.5635800361633301,0.6290919767572067
COHFACE_s08_session3_natural,13,106,16.533333333333335,-0.6745151281356812,0.1782703330709199
COHFACE_s08_session3_natural,13,107,16.566666666666666,-0.7650105953216553,-0.3256555336890639
COHFACE_s08_session3_natural,13,108,16.6,-0.8077604174613953,-0.7733058214053596
COHFACE_s08_session3_natural,13,109,16.633333333333333,-0.6379245519638062,-1.0923543294308227
COHFACE_s08_session3_natural,13,110,16.666666666666668,-0.06513629853725433,-1.2643028903807039
COHFACE_s08_session3_natural,13,111,16.7,0.6626599431037903,-1.3183533162275722
COHFACE_s08_session3_natural,13,112,16.733333333333334,1.1220037937164307,-1.307023339088438
COHFACE_s08_session3_natural,13,113,16.766666666666666,1.2054047584533691,-1.2754135349127063
COHFACE_s08_session3_natural,13,114,16.8,1.1126279830932617,-1.237555949598314
COHFACE_s08_session3_natural,13,115,16.833333333333332,0.9477195739746094,-1.1690494166059935
COHFACE_s08_session3_natural,13,116,16.866666666666667,0.7129833698272705,-1.017842096655826
COHFACE_s08_session3_natural,13,117,16.9,0.538653552532196,-0.7283779712794884
COHFACE_s08_session3_natural,13,118,16.933333333333334,0.4823305606842041,-0.2707058422469358
COHFACE_s08_session3_natural,13,119,16.966666666666665,0.4761028587818146,0.33556649798138377
COHFACE_s08_session3_natural,13,120,17.0,0.4824674129486084,1.0131082213470526
COHFACE_s08_session3_natural,13,121,17.033333333333335,0.44247785210609436,1.641323825767551
COHFACE_s08_session3_natural,13,122,17.066666666666666,0.3411922752857208,2.090664680660223
COHFACE_s08_session3_natural,13,123,17.1,0.19927839934825897,2.263888220067555
COHFACE_s08_session3_natural,13,124,17.133333333333333,0.06694558262825012,2.127468063407889
COHFACE_s08_session3_natural,13,125,17.166666666666668,-0.047571007162332535,1.721018950310216
COHFACE_s08_session3_natural,13,126,17.2,-0.1722617745399475,1.1430714253910188
COHFACE_s08_session3_natural,13,127,17.233333333333334,-0.20511116087436676,0.5211621249360374
COHFACE_s08_session3_natural,13,128,17.266666666666666,-0.16696937382221222,-0.022292656034469907
COHFACE_s08_session3_natural,13,129,17.3,-0.18102161586284637,-0.39880070330208456
COHFACE_s08_session3_natural,13,130,17.333333333333332,-0.22037243843078613,-0.5715537093081047
COHFACE_s08_session3_natural,13,131,17.366666666666667,-0.11048669368028641,-0.55978565434065
COHFACE_s08_session3_natural,13,132,17.4,0.4755553603172302,-0.4296962842809391
COHFACE_s08_session3_natural,13,133,17.433333333333334,1.3134198188781738,-0.2740104963689569
COHFACE_s08_session3_natural,13,134,17.466666666666665,1.9408429861068726,-0.184795175897116
COHFACE_s08_session3_natural,13,135,17.5,2.111933469772339,-0.22620896047494055
COHFACE_s08_session3_natural,13,136,17.533333333333335,2.004328966140747,-0.4142784801551826
COHFACE_s08_session3_natural,13,137,17.566666666666666,1.8060921430587769,-0.7098356708106083
COHFACE_s08_session3_natural,13,138,17.6,1.6006466150283813,-1.0285619433305662
COHFACE_s08_session3_natural,13,139,17.633333333333333,1.3274720907211304,-1.267430756475413
COHFACE_s08_session3_natural,13,140,17.666666666666668,0.9964233636856079,-1.3399781875157863
COHFACE_s08_session3_natural,13,141,17.7,0.7061169743537903,-1.2078692396991926
COHFACE_s08_session3_natural,13,142,17.733333333333334,0.5759284496307373,-0.8969415125049391
COHFACE_s08_session3_natural,13,143,17.766666666666666,0.5211110711097717,-0.4915000774986723
COHFACE_s08_session3_natural,13,144,17.8,0.4486599266529083,-0.10799771203157991
COHFACE_s08_session3_natural,13,145,17.833333333333332,0.2759041488170624,0.14413386222615523
COHFACE_s08_session3_natural,13,146,17.866666666666667,0.0007905791862867773,0.20232651476489324
COHFACE_s08_session3_natural,13,147,17.9,-0.2812122106552124,0.07757843921791344
COHFACE_s08_session3_natural,13,148,17.933333333333334,-0.49277135729789734,-0.14380603173967352
COHFACE_s08_session3_natural,13,149,17.966666666666665,-0.6345939636230469,-0.32773532440305453
COHFACE_s08_session3_natural,13,150,18.0,-0.7569122910499573,-0.3411899122864559
COHFACE_s08_session3_natural,13,151,18.033333333333335,-0.8711551427841187,-0.10418363777147416
COHFACE_s08_session3_natural,13,152,18.066666666666666,-1.016308307647705,0.3754816650700346
COHFACE_s08_session3_natural,13,153,18.1,-1.1840226650238037,0.9987396731679327
COHFACE_s08_session3_natural,13,154,18.133333333333333,-1.0717872381210327,1.6058981656862596
COHFACE_s08_session3_natural,13,155,18.166666666666668,-0.4406229555606842,2.030916812747641
COHFACE_s08_session3_natural,13,156,18.2,0.3243797719478607,2.1579126670154447
COHFACE_s08_session3_natural,13,157,18.233333333333334,0.7609571814537048,1.9572565959720056
COHFACE_s08_session3_natural,13,158,18.266666666666666,0.8286177515983582,1.4895491052498597
COHFACE_s08_session3_natural,13,159,18.3,0.7029004693031311,0.8801059989089838
COHFACE_s08_session3_natural,13,160,18.333333333333332,0.5166855454444885,0.2750839983015165
COHFACE_s08_session3_natural,13,161,18.366666666666667,0.2854852080345154,-0.20623431165279527
COHFACE_s08_session3_natural,13,162,18.4,0.04974528029561043,-0.5070058936062509
COHFACE_s08_session3_natural,13,163,18.433333333333334,-0.10149873793125153,-0.6433034455711342
COHFACE_s08_session3_natural,13,164,18.466666666666665,-0.16361600160598755,-0.6863777054232408
COHFACE_s08_session3_natural,13,165,18.5,-0.20292119681835175,-0.7255318543620408
COHFACE_s08_session3_natural,13,166,18.533333333333335,-0.30041998624801636,-0.8278166732755837
COHFACE_s08_session3_natural,13,167,18.566666666666666,-0.46069759130477905,-1.0104503367897215
COHFACE_s08_session3_natural,13,168,18.6,-0.6457034349441528,-1.23492464496442
COHFACE_s08_session3_natural,13,169,18.633333333333333,-0.756752610206604,-1.422643469448897
COHFACE_s08_session3_natural,13,170,18.666666666666668,-0.7899898290634155,-1.4850509857665468
COHFACE_s08_session3_natural,13,171,18.7,-0.8442369103431702,-1.357713170394149
COHFACE_s08_session3_natural,13,172,18.733333333333334,-0.9059435725212097,-1.027236838067613
COHFACE_s08_session3_natural,13,173,18.766666666666666,-0.9306946396827698,-0.5422005538007042
COHFACE_s08_session3_natural,13,174,18.8,-0.9533926248550415,-0.004057898569783206
COHFACE_s08_session3_natural,13,175,18.833333333333332,-0.9962109327316284,0.46038262517015804
COHFACE_s08_session3_natural,13,176,18.866666666666667,-1.055294156074524,0.7381765795566799
COHFACE_s08_session3_natural,13,177,18.9,-1.0666545629501343,0.7696860259327115
COHFACE_s08_session3_natural,13,178,18.933333333333334,-0.8595893979072571,0.5734902394591043
COHFACE_s08_session3_natural,13,179,18.966666666666665,-0.20191746950149536,0.24461224935180803
COHFACE_s08_session3_natural,13,180,19.0,0.6494517922401428,-0.07571823319161798
COHFACE_s08_session3_natural,13,181,19.033333333333335,1.2066137790679932,-0.24820973424765053
COHFACE_s08_session3_natural,13,182,19.066666666666666,1.323662519454956,-0.1840163381285526
COHFACE_s08_session3_natural,13,183,19.1,1.1719622611999512,0.12355759258665559
COHFACE_s08_session3_natural,13,184,19.133333333333333,0.9565934538841248,0.5951163819484646
COHFACE_s08_session3_natural,13,185,19.166666666666668,0.700322687625885,1.0902880130979016
COHFACE_s08_session3_natural,13,186,19.2,0.3702320456504822,1.4531398723917335
COHFACE_s08_session3_natural,13,187,19.233333333333334,0.052094921469688416,1.5624679674002129
COHFACE_s08_session3_natural,13,188,19.266666666666666,-0.15191341936588287,1.37057818491534
COHFACE_s08_session3_natural,13,189,19.3,-0.31433534622192383,0.9181496072515247
COHFACE_s08_session3_natural,13,190,19.333333333333332,-0.4726739227771759,0.3199130565148732
COHFACE_s08_session3_natural,13,191,19.366666666666667,-0.5997371673583984,-0.2744290147063672
COHFACE_s08_session3_natural,13,192,19.4,-0.7096913456916809,-0.7296015279589041
COHFACE_s08_session3_natural,13,193,19.433333333333334,-0.8150830864906311,-0.9657131252744396
COHFACE_s08_session3_natural,13,194,19.466666666666665,-1.0268703699111938,-0.9769483822573473
COHFACE_s08_session3_natural,13,195,19.5,-1.2729213237762451,-0.8239160490557673
COHFACE_s08_session3_natural,13,196,19.533333333333335,-1.3863885402679443,-0.6041675326615444
COHFACE_s08_session3_natural,13,197,19.566666666666666,-1.4087672233581543,-0.4121753726570512
COHFACE_s08_session3_natural,13,198,19.6,-1.414721131324768,-0.3048002495654776
COHFACE_s08_session3_natural,13,199,19.633333333333333,-1.4284083843231201,-0.28635338190119064
COHFACE_s08_session3_natural,13,200,19.666666666666668,-1.4181201457977295,-0.31701215368173213
COHFACE_s08_session3_natural,13,201,19.7,-1.3731119632720947,-0.33717156234272067
COHFACE_s08_session3_natural,13,202,19.733333333333334,-1.3555238246917725,-0.2960712495638676
COHFACE_s08_session3_natural,13,203,19.766666666666666,-1.2151612043380737,-0.17445488757243643
COHFACE_s08_session3_natural,13,204,19.8,-0.6652762293815613,0.006131810730042422
COHFACE_s08_session3_natural,13,205,19.833333333333332,0.23267526924610138,0.1906927067874519
COHFACE_s08_session3_natural,13,206,19.866666666666667,0.9943702816963196,0.3120689124874652
COHFACE_s08_session3_natural,13,207,19.9,1.302949070930481,0.31792625315919704
COHFACE_s08_session3_natural,13,208,19.933333333333334,1.2800686359405518,0.19309075906285872
COHFACE_s08_session3_natural,13,209,19.966666666666665,1.1942039728164673,-0.031165614898807585
COHFACE_s08_session3_natural,13,210,20.0,1.0645173788070679,-0.28435029316132415
COHFACE_s08_session3_natural,13,211,20.033333333333335,0.8227094411849976,-0.47788946617254335
COHFACE_s08_session3_natural,13,212,20.066666666666666,0.553504228591919,-0.5326727907448602
COHFACE_s08_session3_natural,13,213,20.1,0.33909356594085693,-0.4039533932400445
COHFACE_s08_session3_natural,13,214,20.133333333333333,0.18109717965126038,-0.09680820159962167
COHFACE_s08_session3_natural,13,215,20.166666666666668,0.06603309512138367,0.33114399622861274
COHFACE_s08_session3_natural,13,216,20.2,-0.07385051250457764,0.7807001979285387
COHFACE_s08_session3_natural,13,217,20.233333333333334,-0.2751898467540741,1.1346406609527144
COHFACE_s08_session3_natural,13,218,20.266666666666666,-0.5220620632171631,1.2896632770961132
COHFACE_s08_session3_natural,13,219,20.3,-0.7447306513786316,1.188451827135083
COHFACE_s08_session3_natural,13,220,20.333333333333332,-0.9332495927810669,0.8410027877952533
COHFACE_s08_session3_natural,13,221,20.366666666666667,-1.0894666910171509,0.3259885677982713
COHFACE_s08_session3_natural,13,222,20.4,-1.206538200378418,-0.2301984314496369
COHFACE_s08_session3_natural,13,223,20.433333333333334,-1.2943190336227417,-0.6903464854898559
COHFACE_s08_session3_natural,13,224,20.466666666666665,-1.3165607452392578,-0.9468916676921869
COHFACE_s08_session3_natural,13,225,20.5,-1.3115878105163574,-0.9526422218992495
COHFACE_s08_session3_natural,13,226,20.533333333333335,-1.3239747285842896,-0.7323632563618355
COHFACE_s08_session3_natural,13,227,20.566666666666666,-1.3397834300994873,-0.37222172255328106
COHFACE_s08_session3_natural,13,228,20.6,-1.3603827953338623,0.009438909836735137
COHFACE_s08_session3_natural,13,229,20.633333333333333,-1.3259822130203247,0.30064870145128586
COHFACE_s08_session3_natural,13,230,20.666666666666668,-0.9663270711898804,0.4301716434062455
COHFACE_s08_session3_natural,13,231,20.7,-0.20264744758605957,0.385141657814916
COHFACE_s08_session3_natural,13,232,20.733333333333334,0.5596863031387329,0.20696843623700886
COHFACE_s08_session3_natural,13,233,20.766666666666666,0.9622964859008789,-0.0299364496883363
COHFACE_s08_session3_natural,13,234,20.8,0.9802039861679077,-0.24619037162100815
COHFACE_s08_session3_natural,13,235,20.833333333333332,0.8215688467025757,-0.3813869346480499
COHFACE_s08_session3_natural,13,236,20.866666666666667,0.665648341178894,-0.4069321430200634
COHFACE_s08_session3_natural,13,237,20.9,0.44421157240867615,-0.3264883298498354
COHFACE_s08_session3_natural,13,238,20.933333333333334,0.17484666407108307,-0.16780754342319773
COHFACE_s08_session3_natural,13,239,20.966666666666665,0.05766106769442558,0.02813566718133651
COHFACE_s08_session3_natural,14,0,14.0,-2.2426624298095703,0.06292551129448924
COHFACE_s08_session3_natural,14,1,14.033333333333333,-2.193821668624878,0.050192166159490174
COHFACE_s08_session3_natural,14,2,14.066666666666666,-2.1419243812561035,0.014760274308309486
COHFACE_s08_session3_natural,14,3,14.1,-1.985342264175415,-0.049680990588150266
COHFACE_s08_session3_natural,14,4,14.133333333333333,-1.4216787815093994,-0.12616764152403362
COHFACE_s08_session3_natural,14,5,14.166666666666666,-0.5614128708839417,-0.18024885483262476
COHFACE_s08_session3_natural,14,6,14.2,0.13604333996772766,-0.1760284913575868
COHFACE_s08_session3_natural,14,7,14.233333333333333,0.4340830147266388,-0.09388790798088108
COHFACE_s08_session3_natural,14,8,14.266666666666667,0.40000179409980774,0.05871493429816335
COHFACE_s08_session3_natural,14,9,14.3,0.29782652854919434,0.2475819505259519
COHFACE_s08_session3_natural,14,10,14.333333333333334,0.39030665159225464,0.4222754422238923
COHFACE_s08_session3_natural,14,11,14.366666666666667,0.5903000831604004,0.5320780518400153
COHFACE_s08_session3_natural,14,12,14.4,0.6840120553970337,0.5413320628539324
COHFACE_s08_session3_natural,14,13,14.433333333333334,0.629103422164917,0.4392474172051571
COHFACE_s08_session3_natural,14,14,14.466666666666667,0.47598880529403687,0.24209220299877968
COHFACE_s08_session3_natural,14,15,14.5,0.5957293510437012,-0.011887513818297824
COHFACE_s08_session3_natural,14,16,14.533333333333333,0.8008326888084412,-0.27349200484962005
COHFACE_s08_session3_natural,14,17,14.566666666666666,0.7695345282554626,-0.4971143580731097
COHFACE_s08_session3_natural,14,18,14.6,0.6998892426490784,-0.6541107157605545
COHFACE_s08_session3_natural,14,19,14.633333333333333,0.6199785470962524,-0.739151468599644
COHFACE_s08_session3_natural,14,20,14.666666666666666,0.4380979537963867,-0.7661738439931756
COHFACE_s08_session3_natural,14,21,14.7,0.1948300451040268,-0.7558238348893788
COHFACE_s08_session3_natural,14,22,14.733333333333333,-0.07099900394678116,-0.7211811445288838
COHFACE_s08_session3_natural,14,23,14.766666666666667,-0.33249375224113464,-0.6594398035983692
COHFACE_s08_session3_natural,14,24,14.8,-0.5606372356414795,-0.5531446096005703
COHFACE_s08_session3_natural,14,25,14.833333333333334,-0.803905189037323,-0.37960743869119795
COHFACE_s08_session3_natural,14,26,14.866666666666667,-1.0988880395889282,-0.1249712912293119
COHFACE_s08_session3_natural,14,27,14.9,-1.3798871040344238,0.20156247536516916
COHFACE_s08_session3_natural,14,28,14.933333333333334,-1.5593953132629395,0.5595753648395945
COHFACE_s08_session3_natural,14,29,14.966666666666667,-1.5916515588760376,0.8814766625801089
COHFACE_s08_session3_natural,14,30,15.0,-1.3437527418136597,1.0902891366357972
COHFACE_s08_session3_natural,14,31,15.033333333333333,-0.8379407525062561,1.1257801228211946
COHFACE_s08_session3_natural,14,32,15.066666666666666,-0.37843725085258484,0.9685778073987541
COHFACE_s08_session3_natural,14,33,15.1,-0.19566695392131805,0.6517742739172735
COHFACE_s08_session3_natural,14,34,15.133333333333333,-0.16799591481685638,0.25446856506234244
COHFACE_s08_session3_natural,14,35,15.166666666666666,-0.22698792815208435,-0.12091132798090624
COHFACE_s08_session3_natural,14,36,15.2,-0.37360110878944397,-0.3794594522460358
COHFACE_s08_session3_natural,14,37,15.233333333333333,-0.5741419792175293,-0.4621056981426108
COHFACE_s08_session3_natural,14,38,15.266666666666667,-0.7533764243125916,-0.36217207989724715
COHFACE_s08_session3_natural,14,39,15.3,-0.8879676461219788,-0.12543599075687248
COHFACE_s08_session3_natural,14,40,15.333333333333334,-0.9358729720115662,0.16556780355250184
COHFACE_s08_session3_natural,14,41,15.366666666666667,-0.8824471235275269,0.41768858793031916
COHFACE_s08_session3_natural,14,42,15.4,-0.8047491908073425,0.5558178494400818
COHFACE_s08_session3_natural,14,43,15.433333333333334,-0.784583330154419,0.545528773183785
COHFACE_s08_session3_natural,14,44,15.466666666666667,-0.8235235214233398,0.402383224759398
COHFACE_s08_session3_natural,14,45,15.5,-0.9030236005783081,0.1840178745806276
COHFACE_s08_session3_natural,14,46,15.533333333333333,-0.9603047370910645,-0.033275125079653765
COHFACE_s08_session3_natural,14,47,15.566666666666666,-0.9724863767623901,-0.1853959405764757
COHFACE_s08_session3_natural,14,48,15.6,-0.9709123373031616,-0.2462624399283731
COHFACE_s08_session3_natural,14,49,15.633333333333333,-0.9734900593757629,-0.23714366874188708
COHFACE_s08_session3_natural,14,50,15.666666666666666,-0.9944999814033508,-0.21528126727844316
COHFACE_s08_session3_natural,14,51,15.7,-1.0067728757858276,-0.2471659655981284
COHFACE_s08_session3_natural,14,52,15.733333333333333,-1.023106336593628,-0.37833421360397973
COHFACE_s08_session3_natural,14,53,15.766666666666667,-1.0268019437789917,-0.6119120282803943
COHFACE_s08_session3_natural,14,54,15.8,-0.9792615175247192,-0.9029428157535377
COHFACE_s08_session3_natural,14,55,15.833333333333334,-0.6576797962188721,-1.1690204286140269
COHFACE_s08_session3_natural,14,56,15.866666666666667,0.05154743418097496,-1.3136135400149629
COHFACE_s08_session3_natural,14,57,15.9,0.8306708335876465,-1.2561784452434102
COHFACE_s08_session3_natural,14,58,15.933333333333334,1.342573642730713,-0.9610668030428721
COHFACE_s08_session3_natural,14,59,15.966666666666667,1.551326870918274,-0.45608849098659454
COHFACE_s08_session3_natural,14,60,16.0,1.5449395179748535,0.16692987767482526
COHFACE_s08_session3_natural,14,61,16.033333333333335,1.4957795143127441,0.772616259798649
COHFACE_s08_session3_natural,14,62,16.066666666666666,1.395429253578186,1.2196473342007639
COHFACE_s08_session3_natural,14,63,16.1,1.1541688442230225,1.4044197477235045
COHFACE_s08_session3_natural,14,64,16.133333333333333,0.8974874019622803,1.295486250266829
COHFACE_s08_session3_natural,14,65,16.166666666666668,0.7911146879196167,0.9453407907829228
COHFACE_s08_session3_natural,14,66,16.2,0.7507373690605164,0.474671506390027
COHFACE_s08_session3_natural,14,67,16.233333333333334,0.6866810917854309,0.03478999292032028
COHFACE_s08_session3_natural,14,68,16.266666666666666,0.5605303049087524,-0.23884191308187488
COHFACE_s08_session3_natural,14,69,16.3,0.3999333679676056,-0.26708203827710203
COHFACE_s08_session3_natural,14,70,16.333333333333332,0.2267441302537918,-0.04931369044093096
COHFACE_s08_session3_natural,14,71,16.366666666666667,0.052916157990694046,0.338822864432687
COHFACE_s08_session3_natural,14,72,16.4,-0.15734268724918365,0.7706899671274675
COHFACE_s08_session3_natural,14,73,16.433333333333334,-0.3267907202243805,1.1084249307509497
COHFACE_s08_session3_natural,14,74,16.466666666666665,-0.4442044496536255,1.2445180163975431
COHFACE_s08_session3_natural,14,75,16.5,-0.5635800361633301,1.1320324856257153
COHFACE_s08_session3_natural,14,76,16.533333333333335,-0.6745151281356812,0.7938400090018379
COHFACE_s08_session3_natural,14,77,16.566666666666666,-0.7650105953216553,0.3084481666390632
COHFACE_s08_session3_natural,14,78,16.6,-0.8077604174613953,-0.22106722072512064
COHFACE_s08_session3_natural,14,79,16.633333333333333,-0.6379245519638062,-0.7020206125722174
COHFACE_s08_session3_natural,14,80,16.666666666666668,-0.06513629853725433,-1.0774134397134452
COHFACE_s08_session3_natural,14,81,16.7,0.6626599431037903,-1.3333884067571915
COHFACE_s08_session3_natural,14,82,16.733333333333334,1.1220037937164307,-1.4890046638522356
COHFACE_s08_session3_natural,14,83,16.766666666666666,1.2054047584533691,-1.5754087377852741
COHFACE_s08_session3_natural,14,84,16.8,1.1126279830932617,-1.6139508601801997
COHFACE_s08_session3_natural,14,85,16.833333333333332,0.9477195739746094,-1.6014868139002576
COHFACE_s08_session3_natural,14,86,16.866666666666667,0.7129833698272705,-1.5080974394846085
COHFACE_s08_session3_natural,14,87,16.9,0.538653552532196,-1.2887204786387814
COHFACE_s08_session3_natural,14,88,16.933333333333334,0.4823305606842041,-0.9058492301034343
COHFACE_s08_session3_natural,14,89,16.966666666666665,0.4761028587818146,-0.3556150370264967
COHFACE_s08_session3_natural,14,90,17.0,0.4824674129486084,0.31424429900775025
COHFACE_s08_session3_natural,14,91,17.033333333333335,0.44247785210609436,1.0051638256035067
COHFACE_s08_session3_natural,14,92,17.066666666666666,0.3411922752857208,1.5905220354908456
COHFACE_s08_session3_natural,14,93,17.1,0.19927839934825897,1.9532170806269418
COHFACE_s08_session3_natural,14,94,17.133333333333333,0.06694558262825012,2.023306348307685
COHFACE_s08_session3_natural,14,95,17.166666666666668,-0.047571007162332535,1.8007519262857614
COHFACE_s08_session3_natural,14,96,17.2,-0.1722617745399475,1.3556451825055011
COHFACE_s08_session3_natural,14,97,17.233333333333334,-0.20511116087436676,0.8077116697433365
COHFACE_s08_session3_natural,14,98,17.266666666666666,-0.16696937382221222,0.2928406841919819
COHFACE_s08_session3_natural,14,99,17.3,-0.18102161586284637,-0.0735368370795853
COHFACE_s08_session3_natural,14,100,17.333333333333332,-0.22037243843078613,-0.22639355238158393
COHFACE_s08_session3_natural,14,101,17.366666666666667,-0.11048669368028641,-0.16640560425308554
COHFACE_s08_session3_natural,14,102,17.4,0.4755553603172302,0.04341716579782211
COHFACE_s08_session3_natural,14,103,17.433333333333334,1.3134198188781738,0.2987402426703678
COHFACE_s08_session3_natural,14,104,17.466666666666665,1.9408429861068726,0.4867093210216411
COHFACE_s08_session3_natural,14,105,17.5,2.111933469772339,0.5209888306072786
COHFACE_s08_session3_natural,14,106,17.533333333333335,2.004328966140747,0.36786520702872083
COHFACE_s08_session3_natural,14,107,17.566666666666666,1.8060921430587769,0.054370620216479634
COHFACE_s08_session3_natural,14,108,17.6,1.6006466150283813,-0.34435511796010304
COHFACE_s08_session3_natural,14,109,17.633333333333333,1.3274720907211304,-0.7332663644642068
COHFACE_s08_session3_natural,14,110,17.666666666666668,0.9964233636856079,-1.0300061375837462
COHFACE_s08_session3_natural,14,111,17.7,0.7061169743537903,-1.1897697649316157
COHFACE_s08_session3_natural,14,112,17.733333333333334,0.5759284496307373,-1.2147469572720366
COHFACE_s08_session3_natural,14,113,17.766666666666666,0.5211110711097717,-1.1468837423238527
COHFACE_s08_session3_natural,14,114,17.8,0.4486599266529083,-1.0475659354501001
COHFACE_s08_session3_natural,14,115,17.833333333333332,0.2759041488170624,-0.9707765620468894
COHFACE_s08_session3_natural,14,116,17.866666666666667,0.0007905791862867773,-0.9382891076938954
COHFACE_s08_session3_natural,14,117,17.9,-0.2812122106552124,-0.9263936919572686
COHFACE_s08_session3_natural,14,118,17.933333333333334,-0.49277135729789734,-0.8719325549331823
COHFACE_s08_session3_natural,14,119,17.966666666666665,-0.6345939636230469,-0.6985872692375708
COHFACE_s08_session3_natural,14,120,18.0,-0.7569122910499573,-0.3535518067253436
COHFACE_s08_session3_natural,14,121,18.033333333333335,-0.8711551427841187,0.16219380682777024
COHFACE_s08_session3_natural,14,122,18.066666666666666,-1.016308307647705,0.7836854158818479
COHFACE_s08_session3_natural,14,123,18.1,-1.1840226650238037,1.3959573967436039
COHFACE_s08_session3_natural,14,124,18.133333333333333,-1.0717872381210327,1.8670611557931471
COHFACE_s08_session3_natural,14,125,18.166666666666668,-0.4406229555606842,2.0885800504360437
COHFACE_s08_session3_natural,14,126,18.2,0.3243797719478607,2.009248237194796
COHFACE_s08_session3_natural,14,127,18.233333333333334,0.7609571814537048,1.6498659844696573
COHFACE_s08_session3_natural,14,128,18.266666666666666,0.8286177515983582,1.0956225624863138
COHFACE_s08_session3_natural,14,129,18.3,0.7029004693031311,0.4703015772693811
COHFACE_s08_session3_natural,14,130,18.333333333333332,0.5166855454444885,-0.09880223269906839
COHFACE_s08_session3_natural,14,131,18.366666666666667,0.2854852080345154,-0.5151807704031821
COHFACE_s08_session3_natural,14,132,18.4,0.04974528029561043,-0.7364901620811681
COHFACE_s08_session3_natural,14,133,18.433333333333334,-0.10149873793125153,-0.779556630575012
COHFACE_s08_session3_natural,14,134,18.466666666666665,-0.16361600160598755,-0.7061505089980381
COHFACE_s08_session3_natural,14,135,18.5,-0.20292119681835175,-0.5959304901606064
COHFACE_s08_session3_natural,14,136,18.533333333333335,-0.30041998624801636,-0.5168216411727992
COHFACE_s08_session3_natural,14,137,18.566666666666666,-0.46069759130477905,-0.5025798593713137
COHFACE_s08_session3_natural,14,138,18.6,-0.6457034349441528,-0.5437279711851742
COHFACE_s08_session3_natural,14,139,18.633333333333333,-0.756752610206604,-0.5935021595316841
COHFACE_s08_session3_natural,14,140,18.666666666666668,-0.7899898290634155,-0.5864932874798243
COHFACE_s08_session3_natural,14,141,18.7,-0.8442369103431702,-0.46450427003495864
COHFACE_s08_session3_natural,14,142,18.733333333333334,-0.9059435725212097,-0.2017591615086698
COHFACE_s08_session3_natural,14,143,18.766666666666666,-0.9306946396827698,0.1790504074557169
COHFACE_s08_session3_natural,14,144,18.8,-0.9533926248550415,0.6063622157660093
COHFACE_s08_session3_natural,14,145,18.833333333333332,-0.9962109327316284,0.9770013320621922
COHFACE_s08_session3_natural,14,146,18.866666666666667,-1.055294156074524,1.187302905241947
COHFACE_s08_session3_natural,14,147,18.9,-1.0666545629501343,1.1685126333753184
COHFACE_s08_session3_natural,14,148,18.933333333333334,-0.8595893979072571,0.9132855279304078
COHFACE_s08_session3_natural,14,149,18.966666666666665,-0.20191746950149536,0.48175440355808563
COHFACE_s08_session3_natural,14,150,19.0,0.6494517922401428,-0.016562578315564645
COHFACE_s08_session3_natural,14,151,19.033333333333335,1.2066137790679932,-0.45851364283053725
COHFACE_s08_session3_natural,14,152,19.066666666666666,1.323662519454956,-0.7469330401833799
COHFACE_s08_session3_natural,14,153,19.1,1.1719622611999512,-0.8394647817185883
COHFACE_s08_session3_natural,14,154,19.133333333333333,0.9565934538841248,-0.757490316305065
COHFACE_s08_session3_natural,14,155,19.166666666666668,0.700322687625885,-0.5741727871139145
COHFACE_s08_session3_natural,14,156,19.2,0.3702320456504822,-0.38703050520852933
COHFACE_s08_session3_natural,14,157,19.233333333333334,0.052094921469688416,-0.2839238384880449
COHFACE_s08_session3_natural,14,158,19.266666666666666,-0.15191341936588287,-0.3125140005528784
COHFACE_s08_session3_natural,14,159,19.3,-0.31433534622192383,-0.46275611561060065
COHFACE_s08_session3_natural,14,160,19.333333333333332,-0.4726739227771759,-0.6695082470955607
COHFACE_s08_session3_natural,14,161,19.366666666666667,-0.5997371673583984,-0.8364024144505169
COHFACE_s08_session3_natural,14,162,19.4,-0.7096913456916809,-0.8732062056529841
COHFACE_s08_session3_natural,14,163,19.433333333333334,-0.8150830864906311,-0.7318810684762438
COHFACE_s08_session3_natural,14,164,19.466666666666665,-1.0268703699111938,-0.42621749439929385
COHFACE_s08_session3_natural,14,165,19.5,-1.2729213237762451,-0.026353162049869077
COHFACE_s08_session3_natural,14,166,19.533333333333335,-1.3863885402679443,0.3702639369542043
COHFACE_s08_session3_natural,14,167,19.566666666666666,-1.4087672233581543,0.6791379295307263
COHFACE_s08_session3_natural,14,168,19.6,-1.414721131324768,0.8611223013306101
COHFACE_s08_session3_natural,14,169,19.633333333333333,-1.4284083843231201,0.9310345136401591
COHFACE_s08_session3_natural,14,170,19.666666666666668,-1.4181201457977295,0.940217340519424
COHFACE_s08_session3_natural,14,171,19.7,-1.3731119632720947,0.9449889727029144
COHFACE_s08_session3_natural,14,172,19.733333333333334,-1.3555238246917725,0.9777051462954193
COHFACE_s08_session3_natural,14,173,19.766666666666666,-1.2151612043380737,1.0327528366890302
COHFACE_s08_session3_natural,14,174,19.8,-0.6652762293815613,1.0715822109532853
COHFACE_s08_session3_natural,14,175,19.833333333333332,0.23267526924610138,1.0425565306491003
COHFACE_s08_session3_natural,14,176,19.866666666666667,0.9943702816963196,0.905513744493756
COHFACE_s08_session3_natural,14,177,19.9,1.302949070930481,0.650081363352293
COHFACE_s08_session3_natural,14,178,19.933333333333334,1.2800686359405518,0.30129834794777655
COHFACE_s08_session3_natural,14,179,19.966666666666665,1.1942039728164673,-0.08762396720227746
COHFACE_s08_session3_natural,14,180,20.0,1.0645173788070679,-0.4513158669085999
COHFACE_s08_session3_natural,14,181,20.033333333333335,0.8227094411849976,-0.7310798987705464
COHFACE_s08_session3_natural,14,182,20.066666666666666,0.553504228591919,-0.8902719421399253
COHFACE_s08_session3_natural,14,183,20.1,0.33909356594085693,-0.9218463797127111
COHFACE_s08_session3_natural,14,184,20.133333333333333,0.18109717965126038,-0.8475790753638811
COHFACE_s08_session3_natural,14,185,20.166666666666668,0.06603309512138367,-0.7113733710605907
COHFACE_s08_session3_natural,14,186,20.2,-0.07385051250457764,-0.5688002395166866
COHFACE_s08_session3_natural,14,187,20.233333333333334,-0.2751898467540741,-0.47375834439110137
COHFACE_s08_session3_natural,14,188,20.266666666666666,-0.5220620632171631,-0.463701006419643
COHFACE_s08_session3_natural,14,189,20.3,-0.7447306513786316,-0.5469809834353951
COHFACE_s08_session3_natural,14,190,20.333333333333332,-0.9332495927810669,-0.6973063821935358
COHFACE_s08_session3_natural,14,191,20.366666666666667,-1.0894666910171509,-0.859028285041228
COHFACE_s08_session3_natural,14,192,20.4,-1.206538200378418,-0.9627925739357409
COHFACE_s08_session3_natural,14,193,20.433333333333334,-1.2943190336227417,-0.9466627159387884
COHFACE_s08_session3_natural,14,194,20.466666666666665,-1.3165607452392578,-0.7759560829959203
COHFACE_s08_session3_natural,14,195,20.5,-1.3115878105163574,-0.45585402881397863
COHFACE_s08_session3_natural,14,196,20.533333333333335,-1.3239747285842896,-0.033029579957036044
COHFACE_s08_session3_natural,14,197,20.566666666666666,-1.3397834300994873,0.41497239124750873
COHFACE_s08_session3_natural,14,198,20.6,-1.3603827953338623,0.8011809208660966
COHFACE_s08_session3_natural,14,199,20.633333333333333,-1.3259822130203247,1.0561942566629292
COHFACE_s08_session3_natural,14,200,20.666666666666668,-0.9663270711898804,1.1510954837896736
COHFACE_s08_session3_natural,14,201,20.7,-0.20264744758605957,1.1060878513693362
COHFACE_s08_session3_natural,14,202,20.733333333333334,0.5596863031387329,0.9804776228304148
COHFACE_s08_session3_natural,14,203,20.766666666666666,0.9622964859008789,0.8479908425538064
COHFACE_s08_session3_natural,14,204,20.8,0.9802039861679077,0.7670212868994073
COHFACE_s08_session3_natural,14,205,20.833333333333332,0.8215688467025757,0.757129198964753
COHFACE_s08_session3_natural,14,206,20.866666666666667,0.665648341178894,0.7914545536229161
COHFACE_s08_session3_natural,14,207,20.9,0.44421157240867615,0.8089220723802109
COHFACE_s08_session3_natural,14,208,20.933333333333334,0.17484666407108307,0.7412043351179038
COHFACE_s08_session3_natural,14,209,20.966666666666665,0.05766106769442558,0.5427004865574533
COHFACE_s08_session3_natural,14,210,21.0,0.033525899052619934,0.21159886017781132
COHFACE_s08_session3_natural,14,211,21.033333333333335,0.02784569375216961,-0.20531379646491324
COHFACE_s08_session3_natural,14,212,21.066666666666666,0.004189577419310808,-0.6256721009962982
COHFACE_s08_session3_natural,14,213,21.1,-0.03887961059808731,-0.9579034837882883
COHFACE_s08_session3_natural,14,214,21.133333333333333,-0.14185328781604767,-1.1309952053421095
COHFACE_s08_session3_natural,14,215,21.166666666666668,-0.28972113132476807,-1.1164235537005456
COHFACE_s08_session3_natural,14,216,21.2,-0.38934141397476196,-0.9357108590964734
COHFACE_s08_session3_natural,14,217,21.233333333333334,-0.4461206793785095,-0.6535597279991108
COHFACE_s08_session3_natural,14,218,21.266666666666666,-0.42686727643013,-0.36012912226479415
COHFACE_s08_session3_natural,14,219,21.3,-0.165007546544075,-0.1471811459881426
COHFACE_s08_session3_natural,14,220,21.333333333333332,0.15385957062244415,-0.08362952109562108
COHFACE_s08_session3_natural,14,221,21.366666666666667,0.2632434368133545,-0.19620507791125613
COHFACE_s08_session3_natural,14,222,21.4,0.23773954808712006,-0.45970669616623716
COHFACE_s08_session3_natural,14,223,21.433333333333334,0.17226889729499817,-0.7994329868363962
COHFACE_s08_session3_natural,14,224,21.466666666666665,0.022347984835505486,-1.106640567836957
COHFACE_s08_session3_natural,14,225,21.5,-0.12593045830726624,-1.2653882907918848
COHFACE_s08_session3_natural,14,226,21.533333333333335,-0.14835472404956818,-1.1853088103177523
COHFACE_s08_session3_natural,14,227,21.566666666666666,0.19770435988903046,-0.8311855765450911
COHFACE_s08_session3_natural,14,228,21.6,0.8171204924583435,-0.23903283915471643
COHFACE_s08_session3_natural,14,229,21.633333333333333,1.2843800783157349,0.4888828324304189
COHFACE_s08_session3_natural,14,230,21.666666666666668,1.3925548791885376,1.2110201797310032
COHFACE_s08_session3_natural,14,231,21.7,1.2557281255722046,1.7877629080252735
COHFACE_s08_session3_natural,14,232,21.733333333333334,1.0791627168655396,2.1219048016298
COHFACE_s08_session3_natural,14,233,21.766666666666666,0.880606472492218,2.1827673848803486
COHFACE_s08_session3_natural,14,234,21.8,0.6677926778793335,2.0057983772603114
COHFACE_s08_session3_natural,14,235,21.833333333333332,0.515088677406311,1.670453446467725
COHFACE_s08_session3_natural,14,236,21.866666666666667,0.4280834496021271,1.2671530767056407
COHFACE_s08_session3_natural,14,237,21.9,0.37604913115501404,0.8664240881907941
COHFACE_s08_session3_natural,14,238,21.933333333333334,0.3262503743171692,0.5005642424050549
COHFACE_s08_session3_natural,14,239,21.966666666666665,0.22329950332641602,0.16264956981491266
COHFACE_s08_session3_natural,15,0,15.0,-1.3437527418136597,-0.0641333254461653
COHFACE_s08_session3_natural,15,1,15.033333333333333,-0.8379407525062561,0.03197616382222285
COHFACE_s08_session3_natural,15,2,15.066666666666666,-0.37843725085258484,0.07107456962154524
COHFACE_s08_session3_natural,15,3,15.1,-0.19566695392131805,0.019438052742456052
COHFACE_s08_session3_natural,15,4,15.133333333333333,-0.16799591481685638,-0.11559766056415499
COHFACE_s08_session3_natural,15,5,15.166666666666666,-0.22698792815208435,-0.2881956918148493
COHFACE_s08_session3_natural,15,6,15.2,-0.37360110878944397,-0.4329677526540123
COHFACE_s08_session3_natural,15,7,15.233333333333333,-0.5741419792175293,-0.4914599725179274
COHFACE_s08_session3_natural,15,8,15.266666666666667,-0.7533764243125916,-0.4343275342765321
COHFACE_s08_session3_natural,15,9,15.3,-0.8879676461219788,-0.2703978823855141
COHFACE_s08_session3_natural,15,10,15.333333333333334,-0.9358729720115662,-0.040789714081591204
COHFACE_s08_session3_natural,15,11,15.366666666666667,-0.8824471235275269,0.1972840653494449
COHFACE_s08_session3_natural,15,12,15.4,-0.8047491908073425,0.38984183581733195
COHFACE_s08_session3_natural,15,13,15.433333333333334,-0.784583330154419,0.5022697797605793
COHFACE_s08_session3_natural,15,14,15.466666666666667,-0.8235235214233398,0.5280434725680074
COHFACE_s08_session3_natural,15,15,15.5,-0.9030236005783081,0.4878407989611636
COHFACE_s08_session3_natural,15,16,15.533333333333333,-0.9603047370910645,0.4188822277176339
COHFACE_s08_session3_natural,15,17,15.566666666666666,-0.9724863767623901,0.3574414415035585
COHFACE_s08_session3_natural,15,18,15.6,-0.9709123373031616,0.32143819022632614
COHFACE_s08_session3_natural,15,19,15.633333333333333,-0.9734900593757629,0.30160274209210025
COHFACE_s08_session3_natural,15,20,15.666666666666666,-0.9944999814033508,0.2662590374080823
COHFACE_s08_session3_natural,15,21,15.7,-1.0067728757858276,0.17791892698311032
COHFACE_s08_session3_natural,15,22,15.733333333333333,-1.023106336593628,0.01365767490300318
COHFACE_s08_session3_natural,15,23,15.766666666666667,-1.0268019437789917,-0.2205815015130238
COHFACE_s08_session3_natural,15,24,15.8,-0.9792615175247192,-0.48794958111768105
COHFACE_s08_session3_natural,15,25,15.833333333333334,-0.6576797962188721,-0.7310662952691688
COHFACE_s08_session3_natural,15,26,15.866666666666667,0.05154743418097496,-0.8903673925391596
COHFACE_s08_session3_natural,15,27,15.9,0.8306708335876465,-0.9239691840685729
COHFACE_s08_session3_natural,15,28,15.933333333333334,1.342573642730713,-0.8226067262105661
COHFACE_s08_session3_natural,15,29,15.966666666666667,1.551326870918274,-0.6147444380900284
COHFACE_s08_session3_natural,15,30,16.0,1.5449395179748535,-0.3596558396199964
COHFACE_s08_session3_natural,15,31,16.033333333333335,1.4957795143127441,-0.12969125163562562
COHFACE_s08_session3_natural,15,32,16.066666666666666,1.395429253578186,0.013497320258436366
COHFACE_s08_session3_natural,15,33,16.1,1.1541688442230225,0.04119336244778932
COHFACE_s08_session3_natural,15,34,16.133333333333333,0.8974874019622803,-0.03009792436997391
COHFACE_s08_session3_natural,15,35,16.166666666666668,0.7911146879196167,-0.14216296662051492
COHFACE_s08_session3_natural,15,36,16.2,0.7507373690605164,-0.21436023634267712
COHFACE_s08_session3_natural,15,37,16.233333333333334,0.6866810917854309,-0.17228612166520688
COHFACE_s08_session3_natural,15,38,16.266666666666666,0.5605303049087524,0.024178551506745513
COHFACE_s08_session3_natural,15,39,16.3,0.3999333679676056,0.36336357204988595
COHFACE_s08_session3_natural,15,40,16.333333333333332,0.2267441302537918,0.7814416885193
COHFACE_s08_session3_natural,15,41,16.366666666666667,0.052916157990694046,1.1800215052520369
COHFACE_s08_session3_natural,15,42,16.4,-0.15734268724918365,1.4559111595326693
COHFACE_s08_session3_natural,15,43,16.433333333333334,-0.3267907202243805,1.5325496036071586
COHFACE_s08_session3_natural,15,44,16.466666666666665,-0.4442044496536255,1.3820700558514667
COHFACE_s08_session3_natural,15,45,16.5,-0.5635800361633301,1.0308568351836396
COHFACE_s08_session3_natural,15,46,16.533333333333335,-0.6745151281356812,0.5480524676594503
COHFACE_s08_session3_natural,15,47,16.566666666666666,-0.7650105953216553,0.022652521255145684
COHFACE_s08_session3_natural,15,48,16.6,-0.8077604174613953,-0.46200715616685956
COHFACE_s08_session3_natural,15,49,16.633333333333333,-0.6379245519638062,-0.8478294725879371
COHFACE_s08_session3_natural,15,50,16.666666666666668,-0.06513629853725433,-1.1099584658574033
COHFACE_s08_session3_natural,15,51,16.7,0.6626599431037903,-1.2523022727613393
COHFACE_s08_session3_natural,15,52,16.733333333333334,1.1220037937164307,-1.2947648289036429
COHFACE_s08_session3_natural,15,53,16.766666666666666,1.2054047584533691,-1.2590777920803211
COHFACE_s08_session3_natural,15,54,16.8,1.1126279830932617,-1.158938107772224
COHFACE_s08_session3_natural,15,55,16.833333333333332,0.9477195739746094,-0.9969073395458352
COHFACE_s08_session3_natural,15,56,16.866666666666667,0.7129833698272705,-0.7678383126329856
COHFACE_s08_session3_natural,15,57,16.9,0.538653552532196,-0.4671655977999348
COHFACE_s08_session3_natural,15,58,16.933333333333334,0.4823305606842041,-0.10149464755054488
COHFACE_s08_session3_natural,15,59,16.966666666666665,0.4761028587818146,0.3025074902197966
COHFACE_s08_session3_natural,15,60,17.0,0.4824674129486084,0.696373536791677
COHFACE_s08_session3_natural,15,61,17.033333333333335,0.44247785210609436,1.0190157286017993
COHFACE_s08_session3_natural,15,62,17.066666666666666,0.3411922752857208,1.2145481319362637
COHFACE_s08_session3_natural,15,63,17.1,0.19927839934825897,1.2507573151154228
COHFACE_s08_session3_natural,15,64,17.133333333333333,0.06694558262825012,1.129825012680476
COHFACE_s08_session3_natural,15,65,17.166666666666668,-0.047571007162332535,0.8873397984650119
COHFACE_s08_session3_natural,15,66,17.2,-0.1722617745399475,0.5812803740664884
COHFACE_s08_session3_natural,15,67,17.233333333333334,-0.20511116087436676,0.2762032478182321
COHFACE_s08_session3_natural,15,68,17.266666666666666,-0.16696937382221222,0.027967744837024897
COHFACE_s08_session3_natural,15,69,17.3,-0.18102161586284637,-0.1275945629682357
COHFACE_s08_session3_natural,15,70,17.333333333333332,-0.22037243843078613,-0.18050252855940452
COHFACE_s08_session3_natural,15,71,17.366666666666667,-0.11048669368028641,-0.14656683427770203
COHFACE_s08_session3_natural,15,72,17.4,0.4755553603172302,-0.06193192429537384
COHFACE_s08_session3_natural,15,73,17.433333333333334,1.3134198188781738,0.026632565678476154
COHFACE_s08_session3_natural,15,74,17.466666666666665,1.9408429861068726,0.07397808918549388
COHFACE_s08_session3_natural,15,75,17.5,2.111933469772339,0.04900195423257832
COHFACE_s08_session3_natural,15,76,17.533333333333335,2.004328966140747,-0.05581940895111128
COHFACE_s08_session3_natural,15,77,17.566666666666666,1.8060921430587769,-0.221215316736585
COHFACE_s08_session3_natural,15,78,17.6,1.6006466150283813,-0.40683323662741694
COHFACE_s08_session3_natural,15,79,17.633333333333333,1.3274720907211304,-0.5655402636485722
COHFACE_s08_session3_natural,15,80,17.666666666666668,0.9964233636856079,-0.6614976732906503
COHFACE_s08_session3_natural,15,81,17.7,0.7061169743537903,-0.6844442111275132
COHFACE_s08_session3_natural,15,82,17.733333333333334,0.5759284496307373,-0.6540869971700153
COHFACE_s08_session3_natural,15,83,17.766666666666666,0.5211110711097717,-0.6126548623603448
COHFACE_s08_session3_natural,15,84,17.8,0.4486599266529083,-0.6077382928664757
COHFACE_s08_session3_natural,15,85,17.833333333333332,0.2759041488170624,-0.6705858838597416
COHFACE_s08_session3_natural,15,86,17.866666666666667,0.0007905791862867773,-0.7970604072504587
COHFACE_s08_session3_natural,15,87,17.9,-0.2812122106552124,-0.9391573317813906
COHFACE_s08_session3_natural,15,88,17.933333333333334,-0.49277135729789734,-1.0133667258240844
COHFACE_s08_session3_natural,15,89,17.966666666666665,-0.6345939636230469,-0.9267516051376935
COHFACE_s08_session3_natural,15,90,18.0,-0.7569122910499573,-0.613164247832263
COHFACE_s08_session3_natural,15,91,18.033333333333335,-0.8711551427841187,-0.06540631402195222
COHFACE_s08_session3_natural,15,92,18.066666666666666,-1.016308307647705,0.6508693448702763
COHFACE_s08_session3_natural,15,93,18.1,-1.1840226650238037,1.408869119571223
COHFACE_s08_session3_natural,15,94,18.133333333333333,-1.0717872381210327,2.054916629564882
COHFACE_s08_session3_natural,15,95,18.166666666666668,-0.4406229555606842,2.4529354792520572
COHFACE_s08_session3_natural,15,96,18.2,0.3243797719478607,2.5229238143908543
COHFACE_s08_session3_natural,15,97,18.233333333333334,0.7609571814537048,2.2604322838617525
COHFACE_s08_session3_natural,15,98,18.266666666666666,0.8286177515983582,1.7326934018285527
COHFACE_s08_session3_natural,15,99,18.3,0.7029004693031311,1.0556314436792122
COHFACE_s08_session3_natural,15,100,18.333333333333332,0.5166855454444885,0.36026176914317265
COHFACE_s08_session3_natural,15,101,18.366666666666667,0.2854852080345154,-0.24184786910149486
COHFACE_s08_session3_natural,15,102,18.4,0.04974528029561043,-0.6842007326257807
COHFACE_s08_session3_natural,15,103,18.433333333333334,-0.10149873793125153,-0.9545704024891579
COHFACE_s08_session3_natural,15,104,18.466666666666665,-0.16361600160598755,-1.0863960833238664
COHFACE_s08_session3_natural,15,105,18.5,-0.20292119681835175,-1.1377639439360858
COHFACE_s08_session3_natural,15,106,18.533333333333335,-0.30041998624801636,-1.1668195814167774
COHFACE_s08_session3_natural,15,107,18.566666666666666,-0.46069759130477905,-1.2117741653767775
COHFACE_s08_session3_natural,15,108,18.6,-0.6457034349441528,-1.2803109640658288
COHFACE_s08_session3_natural,15,109,18.633333333333333,-0.756752610206604,-1.3493309455430729
COHFACE_s08_session3_natural,15,110,18.666666666666668,-0.7899898290634155,-1.3733164801952542
COHFACE_s08_session3_natural,15,111,18.7,-0.8442369103431702,-1.2985952616846181
COHFACE_s08_session3_natural,15,112,18.733333333333334,-0.9059435725212097,-1.080731218845162
COHFACE_s08_session3_natural,15,113,18.766666666666666,-0.9306946396827698,-0.7017940682344906
COHFACE_s08_session3_natural,15,114,18.8,-0.9533926248550415,-0.182871264755473
COHFACE_s08_session3_natural,15,115,18.833333333333332,-0.9962109327316284,0.4136630100625209
COHFACE_s08_session3_natural,15,116,18.866666666666667,-1.055294156074524,0.9958687033520482
COHFACE_s08_session3_natural,15,117,18.9,-1.0666545629501343,1.4664687836122643
COHFACE_s08_session3_natural,15,118,18.933333333333334,-0.8595893979072571,1.7512099904260239
COHFACE_s08_session3_natural,15,119,18.966666666666665,-0.20191746950149536,1.8194821438600337
COHFACE_s08_session3_natural,15,120,19.0,0.6494517922401428,1.6887513556605804
COHFACE_s08_session3_natural,15,121,19.033333333333335,1.2066137790679932,1.4123597694039693
COHFACE_s08_session3_natural,15,122,19.066666666666666,1.323662519454956,1.0576610020252644
COHFACE_s08_session3_natural,15,123,19.1,1.1719622611999512,0.6844162258941756
COHFACE_s08_session3_natural,15,124,19.133333333333333,0.9565934538841248,0.33103246250098584
COHFACE_s08_session3_natural,15,125,19.166666666666668,0.700322687625885,0.011437068099154901
COHFACE_s08_session3_natural,15,126,19.2,0.3702320456504822,-0.27855174366569435
COHFACE_s08_session3_natural,15,127,19.233333333333334,0.052094921469688416,-0.5490347541453112
COHFACE_s08_session3_natural,15,128,19.266666666666666,-0.15191341936588287,-0.8033569875516982
COHFACE_s08_session3_natural,15,129,19.3,-0.31433534622192383,-1.0305436266201857
COHFACE_s08_session3_natural,15,130,19.333333333333332,-0.4726739227771759,-1.2065363019165607
COHFACE_s08_session3_natural,15,131,19.366666666666667,-0.5997371673583984,-1.3039275400688162
COHFACE_s08_session3_natural,15,132,19.4,-0.7096913456916809,-1.305295970657647
COHFACE_s08_session3_natural,15,133,19.433333333333334,-0.8150830864906311,-1.2129780412284143
COHFACE_s08_session3_natural,15,134,19.466666666666665,-1.0268703699111938,-1.04997052604331
COHFACE_s08_session3_natural,15,135,19.5,-1.2729213237762451,-0.8510608504419422
COHFACE_s08_session3_natural,15,136,19.533333333333335,-1.3863885402679443,-0.6476802545810116
COHFACE_s08_session3_natural,15,137,19.566666666666666,-1.4087672233581543,-0.45348838890712645
COHFACE_s08_session3_natural,15,138,19.6,-1.414721131324768,-0.2591446335845157
COHFACE_s08_session3_natural,15,139,19.633333333333333,-1.4284083843231201,-0.04091241366094382
COHFACE_s08_session3_natural,15,140,19.666666666666668,-1.4181201457977295,0.22124057697419525
COHFACE_s08_session3_natural,15,141,19.7,-1.3731119632720947,0.5270660675099859
COHFACE_s08_session3_natural,15,142,19.733333333333334,-1.3555238246917725,0.8501404671222288
COHFACE_s08_session3_natural,15,143,19.766666666666666,-1.2151612043380737,1.1446179095802886
COHFACE_s08_session3_natural,15,144,19.8,-0.6652762293815613,1.3604847061608594
COHFACE_s08_session3_natural,15,145,19.833333333333332,0.23267526924610138,1.4603670681197582
COHFACE_s08_session3_natural,15,146,19.866666666666667,0.9943702816963196,1.4310872012840083
COHFACE_s08_session3_natural,15,147,19.9,1.302949070930481,1.2858823366242913
COHFACE_s08_session3_natural,15,148,19.933333333333334,1.2800686359405518,1.0575210804935364
COHFACE_s08_session3_natural,15,149,19.966666666666665,1.1942039728164673,0.7863081366462102
COHFACE_s08_session3_natural,15,150,20.0,1.0645173788070679,0.5083460103891965
COHFACE_s08_session3_natural,15,151,20.033333333333335,0.8227094411849976,0.24836173264205252
COHFACE_s08_session3_natural,15,152,20.066666666666666,0.553504228591919,0.018809489229579836
COHFACE_s08_session3_natural,15,153,20.1,0.33909356594085693,-0.17634039706290086
COHFACE_s08_session3_natural,15,154,20.133333333333333,0.18109717965126038,-0.3373259847350282
COHFACE_s08_session3_natural,15,155,20.166666666666668,0.06603309512138367,-0.46758483854617444
COHFACE_s08_session3_natural,15,156,20.2,-0.07385051250457764,-0.5758029490255657
COHFACE_s08_session3_natural,15,157,20.233333333333334,-0.2751898467540741,-0.6769898725191139
COHFACE_s08_session3_natural,15,158,20.266666666666666,-0.5220620632171631,-0.788607700297753
COHFACE_s08_session3_natural,15,159,20.3,-0.7447306513786316,-0.921468278161832
COHFACE_s08_session3_natural,15,160,20.333333333333332,-0.9332495927810669,-1.06954006662153
COHFACE_s08_session3_natural,15,161,20.366666666666667,-1.0894666910171509,-1.2048222072258779
COHFACE_s08_session3_natural,15,162,20.4,-1.206538200378418,-1.281550627738679
COHFACE_s08_session3_natural,15,163,20.433333333333334,-1.2943190336227417,-1.249662378180697
COHFACE_s08_session3_natural,15,164,20.466666666666665,-1.3165607452392578,-1.0732747686394626
COHFACE_s08_session3_natural,15,165,20.5,-1.3115878105163574,-0.7475528466281058
COHFACE_s08_session3_natural,15,166,20.533333333333335,-1.3239747285842896,-0.3073037302593288
COHFACE_s08_session3_natural,15,167,20.566666666666666,-1.3397834300994873,0.17725012321678776
COHFACE_s08_session3_natural,15,168,20.6,-1.3603827953338623,0.6182310456210407
COHFACE_s08_session3_natural,15,169,20.633333333333333,-1.3259822130203247,0.9368072938248972
COHFACE_s08_session3_natural,15,170,20.666666666666668,-0.9663270711898804,1.0890495947577457
COHFACE_s08_session3_natural,15,171,20.7,-0.20264744758605957,1.0799345157350266
COHFACE_s08_session3_natural,15,172,20.733333333333334,0.5596863031387329,0.9593638710949832
COHFACE_s08_session3_natural,15,173,20.766666666666666,0.9622964859008789,0.8019032371869967
COHFACE_s08_session3_natural,15,174,20.8,0.9802039861679077,0.6781372171096832
COHFACE_s08_session3_natural,15,175,20.833333333333332,0.8215688467025757,0.6283082671212654
COHFACE_s08_session3_natural,15,176,20.866666666666667,0.665648341178894,0.6481469006804763
COHFACE_s08_session3_natural,15,177,20.9,0.44421157240867615,0.6924674282900939
COHFACE_s08_session3_natural,15,178,20.933333333333334,0.17484666407108307,0.6951697613575454
COHFACE_s08_session3_natural,15,179,20.966666666666665,0.05766106769442558,0.5975901537421382
COHFACE_s08_session3_natural,15,180,21.0,0.033525899052619934,0.3737016522477234
COHFACE_s08_session3_natural,15,181,21.033333333333335,0.02784569375216961,0.041876018207331236
COHFACE_s08_session3_natural,15,182,21.066666666666666,0.004189577419310808,-0.3415624870683077
COHFACE_s08_session3_natural,15,183,21.1,-0.03887961059808731,-0.7037548648580386
COHFACE_s08_session3_natural,15,184,21.133333333333333,-0.14185328781604767,-0.9813613508304708
COHFACE_s08_session3_natural,15,185,21.166666666666668,-0.28972113132476807,-1.1392398880792596
COHFACE_s08_session3_natural,15,186,21.2,-0.38934141397476196,-1.1751378956249736
COHFACE_s08_session3_natural,15,187,21.233333333333334,-0.4461206793785095,-1.1119862249135648
COHFACE_s08_session3_natural,15,188,21.266666666666666,-0.42686727643013,-0.9846254187661778
COHFACE_s08_session3_natural,15,189,21.3,-0.165007546544075,-0.8277518226372255
COHFACE_s08_session3_natural,15,190,21.333333333333332,0.15385957062244415,-0.6679986066998899
COHFACE_s08_session3_natural,15,191,21.366666666666667,0.2632434368133545,-0.5195137713271567
COHFACE_s08_session3_natural,15,192,21.4,0.23773954808712006,-0.382070050893759
COHFACE_s08_session3_natural,15,193,21.433333333333334,0.17226889729499817,-0.2420061662026982
COHFACE_s08_session3_natural,15,194,21.466666666666665,0.022347984835505486,-0.0765174510402213
COHFACE_s08_session3_natural,15,195,21.5,-0.12593045830726624,0.13875260875774953
COHFACE_s08_session3_natural,15,196,21.533333333333335,-0.14835472404956818,0.41934663130169664
COHFACE_s08_session3_natural,15,197,21.566666666666666,0.19770435988903046,0.7608123357593053
COHFACE_s08_session3_natural,15,198,21.6,0.8171204924583435,1.131265929136103
COHFACE_s08_session3_natural,15,199,21.633333333333333,1.2843800783157349,1.4730170443587933
COHFACE_s08_session3_natural,15,200,21.666666666666668,1.3925548791885376,1.7151488876306755
COHFACE_s08_session3_natural,15,201,21.7,1.2557281255722046,1.7934335165379545
COHFACE_s08_session3_natural,15,202,21.733333333333334,1.0791627168655396,1.6701484594536136
COHFACE_s08_session3_natural,15,203,21.766666666666666,0.880606472492218,1.3463293059975627
COHFACE_s08_session3_natural,15,204,21.8,0.6677926778793335,0.8625152639783765
COHFACE_s08_session3_natural,15,205,21.833333333333332,0.515088677406311,0.2887784811363858
COHFACE_s08_session3_natural,15,206,21.866666666666667,0.4280834496021271,-0.29181206182077835
COHFACE_s08_session3_natural,15,207,21.9,0.37604913115501404,-0.8011274965801075
COHFACE_s08_session3_natural,15,208,21.933333333333334,0.3262503743171692,-1.1809957268335436
COHFACE_s08_session3_natural,15,209,21.966666666666665,0.22329950332641602,-1.4023911160508782
COHFACE_s08_session3_natural,15,210,22.0,0.053372398018836975,-1.4670760528920206
COHFACE_s08_session3_natural,15,211,22.033333333333335,-0.12624983489513397,-1.4015601643466213
COHFACE_s08_session3_natural,15,212,22.066666666666666,-0.27473360300064087,-1.2456687173744125
COHFACE_s08_session3_natural,15,213,22.1,-0.3880411386489868,-1.0399486224874288
COHFACE_s08_session3_natural,15,214,22.133333333333333,-0.4891670346260071,-0.8161188023421613
COHFACE_s08_session3_natural,15,215,22.166666666666668,-0.5875326991081238,-0.5929397575874787
COHFACE_s08_session3_natural,15,216,22.2,-0.6701352000236511,-0.3774125702171774
COHFACE_s08_session3_natural,15,217,22.233333333333334,-0.7298572063446045,-0.16940088929127353
COHFACE_s08_session3_natural,15,218,22.266666666666666,-0.7886894941329956,0.03272022748515978
COHFACE_s08_session3_natural,15,219,22.3,-0.8579925894737244,0.22732069639024355
COHFACE_s08_session3_natural,15,220,22.333333333333332,-0.8976627588272095,0.40691726815693435
COHFACE_s08_session3_natural,15,221,22.366666666666667,-0.7788575291633606,0.5583424318226613
COHFACE_s08_session3_natural,15,222,22.4,-0.28743991255760193,0.6656901118752133
COHFACE_s08_session3_natural,15,223,22.433333333333334,0.43079808354377747,0.7152607698556194
COHFACE_s08_session3_natural,15,224,22.466666666666665,0.9794055223464966,0.7008259773204992
COHFACE_s08_session3_natural,15,225,22.5,1.186676025390625,0.627064566205683
COHFACE_s08_session3_natural,15,226,22.533333333333335,1.1572028398513794,0.5094923982686154
COHFACE_s08_session3_natural,15,227,22.566666666666666,1.029135823249817,0.3705074452377622
COHFACE_s08_session3_natural,15,228,22.6,0.8509279489517212,0.2327883856259412
COHFACE_s08_session3_natural,15,229,22.633333333333333,0.6145721077919006,0.11262877864140455
COHFACE_s08_session3_natural,15,230,22.666666666666668,0.4041079580783844,0.01619679964895973
COHFACE_s08_session3_natural,15,231,22.7,0.29029855132102966,-0.05947824161381148
COHFACE_s08_session3_natural,15,232,22.733333333333334,0.23358774185180664,-0.1215412257129905
COHFACE_s08_session3_natural,15,233,22.766666666666666,0.2095666378736496,-0.17529853730591616
COHFACE_s08_session3_natural,15,234,22.8,0.12201391160488129,-0.22033581292898796
COHFACE_s08_session3_natural,15,235,22.833333333333332,-0.037305574864149094,-0.25047158055776525
COHFACE_s08_session3_natural,15,236,22.866666666666667,-0.21742966771125793,-0.25721661982607896
COHFACE_s08_session3_natural,15,237,22.9,-0.36552563309669495,-0.2347760580891778
COHFACE_s08_session3_natural,15,238,22.933333333333334,-0.5030139684677124,-0.18401120010025582
COHFACE_s08_session3_natural,15,239,22.966666666666665,-0.6136981248855591,-0.11340868867425707
COHFACE_s08_session3_natural,16,0,16.0,1.5449395179748535,0.09297086200228476
COHFACE_s08_session3_natural,16,1,16.033333333333335,1.4957795143127441,0.010260481042251888
COHFACE_s08_session3_natural,16,2,16.066666666666666,1.395429253578186,-0.10262307831273117
COHFACE_s08_session3_natural,16,3,16.1,1.1541688442230225,-0.2534153045546675
COHFACE_s08_session3_natural,16,4,16.133333333333333,0.8974874019622803,-0.4170535570207809
COHFACE_s08_session3_natural,16,5,16.166666666666668,0.7911146879196167,-0.5402667257691132
COHFACE_s08_session3_natural,16,6,16.2,0.7507373690605164,-0.5605448830689085
COHFACE_s08_session3_natural,16,7,16.233333333333334,0.6866810917854309,-0.4313805046694037
COHFACE_s08_session3_natural,16,8,16.266666666666666,0.5605303049087524,-0.14334921053096605
COHFACE_s08_session3_natural,16,9,16.3,0.3999333679676056,0.26705058389437275
COHFACE_s08_session3_natural,16,10,16.333333333333332,0.2267441302537918,0.7237224725456456
COHFACE_s08_session3_natural,16,11,16.366666666666667,0.052916157990694046,1.1299863950350264
COHFACE_s08_session3_natural,16,12,16.4,-0.15734268724918365,1.3941367479449769
COHFACE_s08_session3_natural,16,13,16.433333333333334,-0.3267907202243805,1.453890564687261
COHFACE_s08_session3_natural,16,14,16.466666666666665,-0.4442044496536255,1.2924871718714281
COHFACE_s08_session3_natural,16,15,16.5,-0.5635800361633301,0.941585718724244
COHFACE_s08_session3_natural,16,16,16.533333333333335,-0.6745151281356812,0.4702070646356807
COHFACE_s08_session3_natural,16,17,16.566666666666666,-0.7650105953216553,-0.03644288915226381
COHFACE_s08_session3_natural,16,18,16.6,-0.8077604174613953,-0.5009826159965249
COHFACE_s08_session3_natural,16,19,16.633333333333333,-0.6379245519638062,-0.8724213325749044
COHFACE_s08_session3_natural,16,20,16.666666666666668,-0.06513629853725433,-1.1331003674640618
COHFACE_s08_session3_natural,16,21,16.7,0.6626599431037903,-1.2926397723213467
COHFACE_s08_session3_natural,16,22,16.733333333333334,1.1220037937164307,-1.373219021858
COHFACE_s08_session3_natural,16,23,16.766666666666666,1.2054047584533691,-1.3937974365864763
COHFACE_s08_session3_natural,16,24,16.8,1.1126279830932617,-1.35978244646999
COHFACE_s08_session3_natural,16,25,16.833333333333332,0.9477195739746094,-1.2609671349715894
COHFACE_s08_session3_natural,16,26,16.866666666666667,0.7129833698272705,-1.0772272122336493
COHFACE_s08_session3_natural,16,27,16.9,0.538653552532196,-0.7897002450940519
COHFACE_s08_session3_natural,16,28,16.933333333333334,0.4823305606842041,-0.3944679497970874
COHFACE_s08_session3_natural,16,29,16.966666666666665,0.4761028587818146,0.08530947556052115
COHFACE_s08_session3_natural,16,30,17.0,0.4824674129486084,0.5944807952002155
COHFACE_s08_session3_natural,16,31,17.033333333333335,0.44247785210609436,1.0534386718386268
COHFACE_s08_session3_natural,16,32,17.066666666666666,0.3411922752857208,1.3787125033600662
COHFACE_s08_session3_natural,16,33,17.1,0.19927839934825897,1.5101657510085993
COHFACE_s08_session3_natural,16,34,17.133333333333333,0.06694558262825012,1.4330902813941284
COHFACE_s08_session3_natural,16,35,17.166666666666668,-0.047571007162332535,1.1844745669564964
COHFACE_s08_session3_natural,16,36,17.2,-0.1722617745399475,0.8405999585675376
COHFACE_s08_session3_natural,16,37,17.233333333333334,-0.20511116087436676,0.49212766754159776
COHFACE_s08_session3_natural,16,38,17.266666666666666,-0.16696937382221222,0.21688981308892827
COHFACE_s08_session3_natural,16,39,17.3,-0.18102161586284637,0.05940867223644091
COHFACE_s08_session3_natural,16,40,17.333333333333332,-0.22037243843078613,0.022440309721097614
COHFACE_s08_session3_natural,16,41,17.366666666666667,-0.11048669368028641,0.07144173114340402
COHFACE_s08_session3_natural,16,42,17.4,0.4755553603172302,0.14897900197444922
COHFACE_s08_session3_natural,16,43,17.433333333333334,1.3134198188781738,0.19383286199869393
COHFACE_s08_session3_natural,16,44,17.466666666666665,1.9408429861068726,0.15932898170555324
COHFACE_s08_session3_natural,16,45,17.5,2.111933469772339,0.02651011638323523
COHFACE_s08_session3_natural,16,46,17.533333333333335,2.004328966140747,-0.19077031400500624
COHFACE_s08_session3_natural,16,47,17.566666666666666,1.8060921430587769,-0.45025349591313696
COHFACE_s08_session3_natural,16,48,17.6,1.6006466150283813,-0.6947225011442341
COHFACE_s08_session3_natural,16,49,17.633333333333333,1.3274720907211304,-0.8710851830885176
COHFACE_s08_session3_natural,16,50,17.666666666666668,0.9964233636856079,-0.9483108378459252
COHFACE_s08_session3_natural,16,51,17.7,0.7061169743537903,-0.9267208621939673
COHFACE_s08_session3_natural,16,52,17.733333333333334,0.5759284496307373,-0.8349525124951962
COHFACE_s08_session3_natural,16,53,17.766666666666666,0.5211110711097717,-0.7166355867899434
COHFACE_s08_session3_natural,16,54,17.8,0.4486599266529083,-0.6126280856783968
COHFACE_s08_session3_natural,16,55,17.833333333333332,0.2759041488170624,-0.5452961211817262
COHFACE_s08_session3_natural,16,56,17.866666666666667,0.0007905791862867773,-0.509677978111943
COHFACE_s08_session3_natural,16,57,17.9,-0.2812122106552124,-0.474253088533213
COHFACE_s08_session3_natural,16,58,17.933333333333334,-0.49277135729789734,-0.3921745383670052
COHFACE_s08_session3_natural,16,59,17.966666666666665,-0.6345939636230469,-0.22050645136497615
COHFACE_s08_session3_natural,16,60,18.0,-0.7569122910499573,0.05992013793452515
COHFACE_s08_session3_natural,16,61,18.033333333333335,-0.8711551427841187,0.4332283916188178
COHFACE_s08_session3_natural,16,62,18.066666666666666,-1.016308307647705,0.8504193088796741
COHFACE_s08_session3_natural,16,63,18.1,-1.1840226650238037,1.2423147942777264
COHFACE_s08_session3_natural,16,64,18.133333333333333,-1.0717872381210327,1.537744736154078
COHFACE_s08_session3_natural,16,65,18.166666666666668,-0.4406229555606842,1.6810668559639255
COHFACE_s08_session3_natural,16,66,18.2,0.3243797719478607,1.6444347370668513
COHFACE_s08_session3_natural,16,67,18.233333333333334,0.7609571814537048,1.432571444656965
COHFACE_s08_session3_natural,16,68,18.266666666666666,0.8286177515983582,1.0806304944092393
COHFACE_s08_session3_natural,16,69,18.3,0.7029004693031311,0.6466977581676294
COHFACE_s08_session3_natural,16,70,18.333333333333332,0.5166855454444885,0.1991018774465291
COHFACE_s08_session3_natural,16,71,18.366666666666667,0.2854852080345154,-0.20086543766661907
COHFACE_s08_session3_natural,16,72,18.4,0.04974528029561043,-0.5157205506149724
COHFACE_s08_session3_natural,16,73,18.433333333333334,-0.10149873793125153,-0.7398581251118823
COHFACE_s08_session3_natural,16,74,18.466666666666665,-0.16361600160598755,-0.8943136438271673
COHFACE_s08_session3_natural,16,75,18.5,-0.20292119681835175,-1.0109888841301584
COHFACE_s08_session3_natural,16,76,18.533333333333335,-0.30041998624801636,-1.1142882475724842
COHFACE_s08_session3_natural,16,77,18.566666666666666,-0.46069759130477905,-1.2082856727775184
COHFACE_s08_session3_natural,16,78,18.6,-0.6457034349441528,-1.2735495602823734
COHFACE_s08_session3_natural,16,79,18.633333333333333,-0.756752610206604,-1.2731638889940124
COHFACE_s08_session3_natural,16,80,18.666666666666668,-0.7899898290634155,-1.1652509144370315
COHFACE_s08_session3_natural,16,81,18.7,-0.8442369103431702,-0.918831681881886
COHFACE_s08_session3_natural,16,82,18.733333333333334,-0.9059435725212097,-0.5293490967008522
COHFACE_s08_session3_natural,16,83,18.766666666666666,-0.9306946396827698,-0.029386480378006855
COHFACE_s08_session3_natural,16,84,18.8,-0.9533926248550415,0.5101005563992371
COHFACE_s08_session3_natural,16,85,18.833333333333332,-0.9962109327316284,0.9914511029942464
COHFACE_s08_session3_natural,16,86,18.866666666666667,-1.055294156074524,1.3148062673747198
COHFACE_s08_session3_natural,16,87,18.9,-1.0666545629501343,1.4095205877278298
COHFACE_s08_session3_natural,16,88,18.933333333333334,-0.8595893979072571,1.2605089383539925
COHFACE_s08_session3_natural,16,89,18.966666666666665,-0.20191746950149536,0.9169743167673772
COHFACE_s08_session3_natural,16,90,19.0,0.6494517922401428,0.4785720686973286
COHFACE_s08_session3_natural,16,91,19.033333333333335,1.2066137790679932,0.06446304126395336
COHFACE_s08_session3_natural,16,92,19.066666666666666,1.323662519454956,-0.22310787773545288
COHFACE_s08_session3_natural,16,93,19.1,1.1719622611999512,-0.3285880783514049
COHFACE_s08_session3_natural,16,94,19.133333333333333,0.9565934538841248,-0.2574617638212842
COHFACE_s08_session3_natural,16,95,19.166666666666668,0.700322687625885,-0.07155213408481728
COHFACE_s08_session3_natural,16,96,19.2,0.3702320456504822,0.1328592025258528
COHFACE_s08_session3_natural,16,97,19.233333333333334,0.052094921469688416,0.25754196084482045
COHFACE_s08_session3_natural,16,98,19.266666666666666,-0.15191341936588287,0.23567986380854364
COHFACE_s08_session3_natural,16,99,19.3,-0.31433534622192383,0.055093239593502326
COHFACE_s08_session3_natural,16,100,19.333333333333332,-0.4726739227771759,-0.23788406372316834
COHFACE_s08_session3_natural,16,101,19.366666666666667,-0.5997371673583984,-0.5567009624488811
COHFACE_s08_session3_natural,16,102,19.4,-0.7096913456916809,-0.8079482225409846
COHFACE_s08_session3_natural,16,103,19.433333333333334,-0.8150830864906311,-0.92515577425959
COHFACE_s08_session3_natural,16,104,19.466666666666665,-1.0268703699111938,-0.8887039611772959
COHFACE_s08_session3_natural,16,105,19.5,-1.2729213237762451,-0.7249220537164326
COHFACE_s08_session3_natural,16,106,19.533333333333335,-1.3863885402679443,-0.48742704090669325
COHFACE_s08_session3_natural,16,107,19.566666666666666,-1.4087672233581543,-0.2315267650898765
COHFACE_s08_session3_natural,16,108,19.6,-1.414721131324768,0.0054435400114702295
COHFACE_s08_session3_natural,16,109,19.633333333333333,-1.4284083843231201,0.2097940158388964
COHFACE_s08_session3_natural,16,110,19.666666666666668,-1.4181201457977295,0.38418023393972534
COHFACE_s08_session3_natural,16,111,19.7,-1.3731119632720947,0.5352404635561394
COHFACE_s08_session3_natural,16,112,19.733333333333334,-1.3555238246917725,0.6642168103766413
COHFACE_s08_session3_natural,16,113,19.766666666666666,-1.2151612043380737,0.7642535987014232
COHFACE_s08_session3_natural,16,114,19.8,-0.6652762293815613,0.8238138737145818
COHFACE_s08_session3_natural,16,115,19.833333333333332,0.23267526924610138,0.8331739851928963
COHFACE_s08_session3_natural,16,116,19.866666666666667,0.9943702816963196,0.7901315836714913
COHFACE_s08_session3_natural,16,117,19.9,1.302949070930481,0.7018888658511907
COHFACE_s08_session3_natural,16,118,19.933333333333334,1.2800686359405518,0.5822476127425982
COHFACE_s08_session3_natural,16,119,19.966666666666665,1.1942039728164673,0.4457371800670172
COHFACE_s08_session3_natural,16,120,20.0,1.0645173788070679,0.3018758251053478
COHFACE_s08_session3_natural,16,121,20.033333333333335,0.8227094411849976,0.15266385988362768
COHFACE_s08_session3_natural,16,122,20.066666666666666,0.553504228591919,-0.005407467377745767
COHFACE_s08_session3_natural,16,123,20.1,0.33909356594085693,-0.17626398294275106
COHFACE_s08_session3_natural,16,124,20.133333333333333,0.18109717965126038,-0.3595778899293653
COHFACE_s08_session3_natural,16,125,20.166666666666668,0.06603309512138367,-0.5495648940746313
COHFACE_s08_session3_natural,16,126,20.2,-0.07385051250457764,-0.7371373641605877
COHFACE_s08_session3_natural,16,127,20.233333333333334,-0.2751898467540741,-0.9124067504185822
COHFACE_s08_session3_natural,16,128,20.266666666666666,-0.5220620632171631,-1.0647135088682576
COHFACE_s08_session3_natural,16,129,20.3,-0.7447306513786316,-1.1800665777321055
COHFACE_s08_session3_natural,16,130,20.333333333333332,-0.9332495927810669,-1.2386583674728098
COHFACE_s08_session3_natural,16,131,20.366666666666667,-1.0894666910171509,-1.215892924343354
COHFACE_s08_session3_natural,16,132,20.4,-1.206538200378418,-1.0885040315858898
COHFACE_s08_session3_natural,16,133,20.433333333333334,-1.2943190336227417,-0.8442622092909648
COHFACE_s08_session3_natural,16,134,20.466666666666665,-1.3165607452392578,-0.49146262006206654
COHFACE_s08_session3_natural,16,135,20.5,-1.3115878105163574,-0.06377355615886905
COHFACE_s08_session3_natural,16,136,20.533333333333335,-1.3239747285842896,0.3827786777330352
COHFACE_s08_session3_natural,16,137,20.566666666666666,-1.3397834300994873,0.7811139703331144
COHFACE_s08_session3_natural,16,138,20.6,-1.3603827953338623,1.0696418053990475
COHFACE_s08_session3_natural,16,139,20.633333333333333,-1.3259822130203247,1.2086856265392194
COHFACE_s08_session3_natural,16,140,20.666666666666668,-0.9663270711898804,1.191548354538014
COHFACE_s08_session3_natural,16,141,20.7,-0.20264744758605957,1.04687123850102
COHFACE_s08_session3_natural,16,142,20.733333333333334,0.5596863031387329,0.8313278514583123
COHFACE_s08_session3_natural,16,143,20.766666666666666,0.9622964859008789,0.6140948554518723
COHFACE_s08_session3_natural,16,144,20.8,0.9802039861679077,0.4568380075767907
COHFACE_s08_session3_natural,16,145,20.833333333333332,0.8215688467025757,0.3947890468196888
COHFACE_s08_session3_natural,16,146,20.866666666666667,0.665648341178894,0.4251507132357962
COHFACE_s08_session3_natural,16,147,20.9,0.44421157240867615,0.5076204330162775
COHFACE_s08_session3_natural,16,148,20.933333333333334,0.17484666407108307,0.5780114190323095
COHFACE_s08_session3_natural,16,149,20.966666666666665,0.05766106769442558,0.570975370528514
COHFACE_s08_session3_natural,16,150,21.0,0.033525899052619934,0.4437729317624268
COHFACE_s08_session3_natural,16,151,21.033333333333335,0.02784569375216961,0.19192988156402804
COHFACE_s08_session3_natural,16,152,21.066666666666666,0.004189577419310808,-0.1494734861189896
COHFACE_s08_session3_natural,16,153,21.1,-0.03887961059808731,-0.5188543212693731
COHFACE_s08_session3_natural,16,154,21.133333333333333,-0.14185328781604767,-0.8486617172919669
COHFACE_s08_session3_natural,16,155,21.166666666666668,-0.28972113132476807,-1.0838012452906414
COHFACE_s08_session3_natural,16,156,21.2,-0.38934141397476196,-1.191956468266699
COHFACE_s08_session3_natural,16,157,21.233333333333334,-0.4461206793785095,-1.1661248814625351
COHFACE_s08_session3_natural,16,158,21.266666666666666,-0.42686727643013,-1.0233907278547192
COHFACE_s08_session3_natural,16,159,21.3,-0.165007546544075,-0.8027952955264149
COHFACE_s08_session3_natural,16,160,21.333333333333332,0.15385957062244415,-0.5608526639276843
COHFACE_s08_session3_natural,16,161,21.366666666666667,0.2632434368133545,-0.360820076804098
COHFACE_s08_session3_natural,16,162,21.4,0.23773954808712006,-0.2546903767378574
COHFACE_s08_session3_natural,16,163,21.433333333333334,0.17226889729499817,-0.26259185154030945
COHFACE_s08_session3_natural,16,164,21.466666666666665,0.022347984835505486,-0.3582475987079234
COHFACE_s08_session3_natural,16,165,21.5,-0.12593045830726624,-0.4691215416480577
COHFACE_s08_session3_natural,16,166,21.533333333333335,-0.14835472404956818,-0.4956373005873129
COHFACE_s08_session3_natural,16,167,21.566666666666666,0.19770435988903046,-0.34622115054644753
COHFACE_s08_session3_natural,16,168,21.6,0.8171204924583435,0.02351374688696877
COHFACE_s08_session3_natural,16,169,21.633333333333333,1.2843800783157349,0.5838356132811073
COHFACE_s08_session3_natural,16,170,21.666666666666668,1.3925548791885376,1.2298902187901883
COHFACE_s08_session3_natural,16,171,21.7,1.2557281255722046,1.8100150382674227
COHFACE_s08_session3_natural,16,172,21.733333333333334,1.0791627168655396,2.1731863505773874
COHFACE_s08_session3_natural,16,173,21.766666666666666,0.880606472492218,2.2165902081301794
COHFACE_s08_session3_natural,16,174,21.8,0.6677926778793335,1.915699612705953
COHFACE_s08_session3_natural,16,175,21.833333333333332,0.515088677406311,1.3282197409552836
COHFACE_s08_session3_natural,16,176,21.866666666666667,0.4280834496021271,0.5736478385895845
COHFACE_s08_session3_natural,16,177,21.9,0.37604913115501404,-0.20220161974385534
COHFACE_s08_session3_natural,16,178,21.933333333333334,0.3262503743171692,-0.8652729263229259
COHFACE_s08_session3_natural,16,179,21.966666666666665,0.22329950332641602,-1.3228000558655808
COHFACE_s08_session3_natural,16,180,22.0,0.053372398018836975,-1.5374739689329047
COHFACE_s08_session3_natural,16,181,22.033333333333335,-0.12624983489513397,-1.5251114233066585
COHFACE_s08_session3_natural,16,182,22.066666666666666,-0.27473360300064087,-1.3399407565453423
COHFACE_s08_session3_natural,16,183,22.1,-0.3880411386489868,-1.0546710137441178
COHFACE_s08_session3_natural,16,184,22.133333333333333,-0.4891670346260071,-0.7423499952004339
COHFACE_s08_session3_natural,16,185,22.166666666666668,-0.5875326991081238,-0.463960090715288
COHFACE_s08_session3_natural,16,186,22.2,-0.6701352000236511,-0.26155558997533285
COHFACE_s08_session3_natural,16,187,22.233333333333334,-0.7298572063446045,-0.15451653392275527
COHFACE_s08_session3_natural,16,188,22.266666666666666,-0.7886894941329956,-0.13765044812574967
COHFACE_s08_session3_natural,16,189,22.3,-0.8579925894737244,-0.1822329393056819
COHFACE_s08_session3_natural,16,190,22.333333333333332,-0.8976627588272095,-0.2417453233863127
COHFACE_s08_session3_natural,16,191,22.366666666666667,-0.7788575291633606,-0.2626192516640375
COHFACE_s08_session3_natural,16,192,22.4,-0.28743991255760193,-0.1980161202675752
COHFACE_s08_session3_natural,16,193,22.433333333333334,0.43079808354377747,-0.02109148066122246
COHFACE_s08_session3_natural,16,194,22.466666666666665,0.9794055223464966,0.2658733701511066
COHFACE_s08_session3_natural,16,195,22.5,1.186676025390625,0.6292643831857732
COHFACE_s08_session3_natural,16,196,22.533333333333335,1.1572028398513794,1.0104281830775217
COHFACE_s08_session3_natural,16,197,22.566666666666666,1.029135823249817,1.3394682107223315
COHFACE_s08_session3_natural,16,198,22.6,0.8509279489517212,1.5518327186595773
COHFACE_s08_session3_natural,16,199,22.633333333333333,0.6145721077919006,1.6017112589992901
COHFACE_s08_session3_natural,16,200,22.666666666666668,0.4041079580783844,1.4694084603439825
COHFACE_s08_session3_natural,16,201,22.7,0.29029855132102966,1.1634407899098098
COHFACE_s08_session3_natural,16,202,22.733333333333334,0.23358774185180664,0.7183129176537848
COHFACE_s08_session3_natural,16,203,22.766666666666666,0.2095666378736496,0.18821575960709794
COHFACE_s08_session3_natural,16,204,22.8,0.12201391160488129,-0.36173678639454865
COHFACE_s08_session3_natural,16,205,22.833333333333332,-0.037305574864149094,-0.8639249162484152
COHFACE_s08_session3_natural,16,206,22.866666666666667,-0.21742966771125793,-1.255146287616735
COHFACE_s08_session3_natural,16,207,22.9,-0.36552563309669495,-1.4833343357616078
COHFACE_s08_session3_natural,16,208,22.933333333333334,-0.5030139684677124,-1.5155181418654773
COHFACE_s08_session3_natural,16,209,22.966666666666665,-0.6136981248855591,-1.3465069895883395
COHFACE_s08_session3_natural,16,210,23.0,-0.693608820438385,-1.0055375625156802
COHFACE_s08_session3_natural,16,211,23.033333333333335,-0.7394382357597351,-0.5569185104428788
COHFACE_s08_session3_natural,16,212,23.066666666666666,-0.7878454923629761,-0.0913613002782018
COHFACE_s08_session3_natural,16,213,23.1,-0.8445791006088257,0.2923389522342891
COHFACE_s08_session3_natural,16,214,23.133333333333333,-0.8996245861053467,0.5111823849140775
COHFACE_s08_session3_natural,16,215,23.166666666666668,-0.9666692614555359,0.5201606994355172
COHFACE_s08_session3_natural,16,216,23.2,-0.8820821046829224,0.32579617481473366
COHFACE_s08_session3_natural,16,217,23.233333333333334,-0.42793944478034973,-0.012985747074913788
COHFACE_s08_session3_natural,16,218,23.266666666666666,0.30343830585479736,-0.3970379030716544
COHFACE_s08_session3_natural,16,219,23.3,0.9364047646522522,-0.7097663660587239
COHFACE_s08_session3_natural,16,220,23.333333333333332,1.1960289478302002,-0.846232464316566
COHFACE_s08_session3_natural,16,221,23.366666666666667,1.1939986944198608,-0.7426481717100745
COHFACE_s08_session3_natural,16,222,23.4,1.1556059122085571,-0.39845513393008464
COHFACE_s08_session3_natural,16,223,23.433333333333334,1.1158217191696167,0.11730479218911717
COHFACE_s08_session3_natural,16,224,23.466666666666665,0.9375225901603699,0.6806645478640765
COHFACE_s08_session3_natural,16,225,23.5,0.6823011636734009,1.1468390672172672
COHFACE_s08_session3_natural,16,226,23.533333333333335,0.5169364809989929,1.393413426503455
COHFACE_s08_session3_natural,16,227,23.566666666666666,0.4330793023109436,1.3569584102405519
COHFACE_s08_session3_natural,16,228,23.6,0.38207149505615234,1.0495587086301663
COHFACE_s08_session3_natural,16,229,23.633333333333333,0.3057651221752167,0.5501125098024392
COHFACE_s08_session3_natural,16,230,23.666666666666668,0.18454179167747498,-0.024555260935840713
COHFACE_s08_session3_natural,16,231,23.7,0.013679398223757744,-0.5563840937327639
COHFACE_s08_session3_natural,16,232,23.733333333333334,-0.15734268724918365,-0.9567093450360057
COHFACE_s08_session3_natural,16,233,23.766666666666666,-0.3199014961719513,-1.181403949242859
COHFACE_s08_session3_natural,16,234,23.8,-0.4557245373725891,-1.2289013352547413
COHFACE_s08_session3_natural,16,235,23.833333333333332,-0.560956597328186,-1.126533439703301
COHFACE_s08_session3_natural,16,236,23.866666666666667,-0.6401144862174988,-0.9136448164700711
COHFACE_s08_session3_natural,16,237,23.9,-0.7039426565170288,-0.6284435879561444
COHFACE_s08_session3_natural,16,238,23.933333333333334,-0.7551329731941223,-0.301437536596858
COHFACE_s08_session3_natural,16,239,23.966666666666665,-0.8114103078842163,0.04527033926354012
COHFACE_s08_session3_natural,17,0,17.0,0.4824674129486084,0.15984991201435406
COHFACE_s08_session3_natural,17,1,17.033333333333335,0.44247785210609436,0.38603354751603264
COHFACE_s08_session3_natural,17,2,17.066666666666666,0.3411922752857208,0.5676973937876308
COHFACE_s08_session3_natural,17,3,17.1,0.19927839934825897,0.6749963498340448
COHFACE_s08_session3_natural,17,4,17.133333333333333,0.06694558262825012,0.6972508677913031
COHFACE_s08_session3_natural,17,5,17.166666666666668,-0.047571007162332535,0.6437628921851656
COHFACE_s08_session3_natural,17,6,17.2,-0.1722617745399475,0.5380419148632354
COHFACE_s08_session3_natural,17,7,17.233333333333334,-0.20511116087436676,0.40870401350907226
COHFACE_s08_session3_natural,17,8,17.266666666666666,-0.16696937382221222,0.2809936775457089
COHFACE_s08_session3_natural,17,9,17.3,-0.18102161586284637,0.17135968348059646
COHFACE_s08_session3_natural,17,10,17.333333333333332,-0.22037243843078613,0.08538785881386488
COHFACE_s08_session3_natural,17,11,17.366666666666667,-0.11048669368028641,0.018205524567613967
COHFACE_s08_session3_natural,17,12,17.4,0.4755553603172302,-0.043274720993852926
COHFACE_s08_session3_natural,17,13,17.433333333333334,1.3134198188781738,-0.11630146225765933
COHFACE_s08_session3_natural,17,14,17.466666666666665,1.9408429861068726,-0.21666803046333447
COHFACE_s08_session3_natural,17,15,17.5,2.111933469772339,-0.35255036171274057
COHFACE_s08_session3_natural,17,16,17.533333333333335,2.004328966140747,-0.519400365703811
COHFACE_s08_session3_natural,17,17,17.566666666666666,1.8060921430587769,-0.6978421151605054
COHFACE_s08_session3_natural,17,18,17.6,1.6006466150283813,-0.8564706558998231
COHFACE_s08_session3_natural,17,19,17.633333333333333,1.3274720907211304,-0.960048767064233
COHFACE_s08_session3_natural,17,20,17.666666666666668,0.9964233636856079,-0.980768204828634
COHFACE_s08_session3_natural,17,21,17.7,0.7061169743537903,-0.9081943517537572
COHFACE_s08_session3_natural,17,22,17.733333333333334,0.5759284496307373,-0.7540930894359493
COHFACE_s08_session3_natural,17,23,17.766666666666666,0.5211110711097717,-0.5504989527736852
COHFACE_s08_session3_natural,17,24,17.8,0.4486599266529083,-0.34127713899521184
COHFACE_s08_session3_natural,17,25,17.833333333333332,0.2759041488170624,-0.1687483373953218
COHFACE_s08_session3_natural,17,26,17.866666666666667,0.0007905791862867773,-0.0583307771249587
COHFACE_s08_session3_natural,17,27,17.9,-0.2812122106552124,-0.0061852351792269136
COHFACE_s08_session3_natural,17,28,17.933333333333334,-0.49277135729789734,0.023526877733273475
COHFACE_s08_session3_natural,17,29,17.966666666666665,-0.6345939636230469,0.08737475807081523
COHFACE_s08_session3_natural,17,30,18.0,-0.7569122910499573,0.2400805525636286
COHFACE_s08_session3_natural,17,31,18.033333333333335,-0.8711551427841187,0.5100696360446442
COHFACE_s08_session3_natural,17,32,18.066666666666666,-1.016308307647705,0.8835166102163529
COHFACE_s08_session3_natural,17,33,18.1,-1.1840226650238037,1.3030178980244607
COHFACE_s08_session3_natural,17,34,18.133333333333333,-1.0717872381210327,1.6811884054577484
COHFACE_s08_session3_natural,17,35,18.166666666666668,-0.4406229555606842,1.924441814043667
COHFACE_s08_session3_natural,17,36,18.2,0.3243797719478607,1.9592491031347066
COHFACE_s08_session3_natural,17,37,18.233333333333334,0.7609571814537048,1.7530155830544585
COHFACE_s08_session3_natural,17,38,18.266666666666666,0.8286177515983582,1.324008705288944
COHFACE_s08_session3_natural,17,39,18.3,0.7029004693031311,0.7377342352094536
COHFACE_s08_session3_natural,17,40,18.333333333333332,0.5166855454444885,0.08984163258295934
COHFACE_s08_session3_natural,17,41,18.366666666666667,0.2854852080345154,-0.5204026982915769
COHFACE_s08_session3_natural,17,42,18.4,0.04974528029561043,-1.0167588881415812
COHFACE_s08_session3_natural,17,43,18.433333333333334,-0.10149873793125153,-1.3616836715540568
COHFACE_s08_session3_natural,17,44,18.466666666666665,-0.16361600160598755,-1.5552932081043294
COHFACE_s08_session3_natural,17,45,18.5,-0.20292119681835175,-1.6209769298293408
COHFACE_s08_session3_natural,17,46,18.533333333333335,-0.30041998624801636,-1.5875014652795485
COHFACE_s08_session3_natural,17,47,18.566666666666666,-0.46069759130477905,-1.4772373785442152
COHFACE_s08_session3_natural,17,48,18.6,-0.6457034349441528,-1.303825266464715
COHFACE_s08_session3_natural,17,49,18.633333333333333,-0.756752610206604,-1.0760500557107957
COHFACE_s08_session3_natural,17,50,18.666666666666668,-0.7899898290634155,-0.8030217144614348
COHFACE_s08_session3_natural,17,51,18.7,-0.8442369103431702,-0.4976837838173475
COHFACE_s08_session3_natural,17,52,18.733333333333334,-0.9059435725212097,-0.17767246174099582
COHFACE_s08_session3_natural,17,53,18.766666666666666,-0.9306946396827698,0.13616810798323198
COHFACE_s08_session3_natural,17,54,18.8,-0.9533926248550415,0.42243099358902064
COHFACE_s08_session3_natural,17,55,18.833333333333332,-0.9962109327316284,0.6620010854673173
COHFACE_s08_session3_natural,17,56,18.866666666666667,-1.055294156074524,0.841408942758013
COHFACE_s08_session3_natural,17,57,18.9,-1.0666545629501343,0.9567979506764415
COHFACE_s08_session3_natural,17,58,18.933333333333334,-0.8595893979072571,1.016078665315918
COHFACE_s08_session3_natural,17,59,18.966666666666665,-0.20191746950149536,1.0356327820664366
COHFACE_s08_session3_natural,17,60,19.0,0.6494517922401428,1.0311078073885487
COHFACE_s08_session3_natural,17,61,19.033333333333335,1.2066137790679932,1.0067556908429984
COHFACE_s08_session3_natural,17,62,19.066666666666666,1.323662519454956,0.9498772103540031
COHFACE_s08_session3_natural,17,63,19.1,1.1719622611999512,0.8344755181137268
COHFACE_s08_session3_natural,17,64,19.133333333333333,0.9565934538841248,0.6327774448898363
COHFACE_s08_session3_natural,17,65,19.166666666666668,0.700322687625885,0.329071998942132
COHFACE_s08_session3_natural,17,66,19.2,0.3702320456504822,-0.0696730250981354
COHFACE_s08_session3_natural,17,67,19.233333333333334,0.052094921469688416,-0.5293326789893248
COHFACE_s08_session3_natural,17,68,19.266666666666666,-0.15191341936588287,-0.9910015763181541
COHFACE_s08_session3_natural,17,69,19.3,-0.31433534622192383,-1.379997140629519
COHFACE_s08_session3_natural,17,70,19.333333333333332,-0.4726739227771759,-1.620746992616831
COHFACE_s08_session3_natural,17,71,19.366666666666667,-0.5997371673583984,-1.6555606205684499
COHFACE_s08_session3_natural,17,72,19.4,-0.7096913456916809,-1.4629726092537363
COHFACE_s08_session3_natural,17,73,19.433333333333334,-0.8150830864906311,-1.0693566645879087
COHFACE_s08_session3_natural,17,74,19.466666666666665,-1.0268703699111938,-0.5477246962035893
COHFACE_s08_session3_natural,17,75,19.5,-1.2729213237762451,-0.0009050580175646228
COHFACE_s08_session3_natural,17,76,19.533333333333335,-1.3863885402679443,0.46777179273749003
COHFACE_s08_session3_natural,17,77,19.566666666666666,-1.4087672233581543,0.7861718603450566
COHFACE_s08_session3_natural,17,78,19.6,-1.414721131324768,0.933068900165332
COHFACE_s08_session3_natural,17,79,19.633333333333333,-1.4284083843231201,0.9357725737930361
COHFACE_s08_session3_natural,17,80,19.666666666666668,-1.4181201457977295,0.8486644863270614
COHFACE_s08_session3_natural,17,81,19.7,-1.3731119632720947,0.7266388685456369
COHFACE_s08_session3_natural,17,82,19.733333333333334,-1.3555238246917725,0.6068574334270532
COHFACE_s08_session3_natural,17,83,19.766666666666666,-1.2151612043380737,0.5039568264464619
COHFACE_s08_session3_natural,17,84,19.8,-0.6652762293815613,0.4164108297615762
COHFACE_s08_session3_natural,17,85,19.833333333333332,0.23267526924610138,0.33787620029922677
COHFACE_s08_session3_natural,17,86,19.866666666666667,0.9943702816963196,0.2664727868979414
COHFACE_s08_session3_natural,17,87,19.9,1.302949070930481,0.20706845736505458
COHFACE_s08_session3_natural,17,88,19.933333333333334,1.2800686359405518,0.16614001777004703
COHFACE_s08_session3_natural,17,89,19.966666666666665,1.1942039728164673,0.14322205153503278
COHFACE_s08_session3_natural,17,90,20.0,1.0645173788070679,0.12487406860246691
COHFACE_s08_session3_natural,17,91,20.033333333333335,0.8227094411849976,0.08582561653650186
COHFACE_s08_session3_natural,17,92,20.066666666666666,0.553504228591919,-0.0017412931470924767
COHFACE_s08_session3_natural,17,93,20.1,0.33909356594085693,-0.15452710811474812
COHFACE_s08_session3_natural,17,94,20.133333333333333,0.18109717965126038,-0.3672858860216514
COHFACE_s08_session3_natural,17,95,20.166666666666668,0.06603309512138367,-0.6113051099612579
COHFACE_s08_session3_natural,17,96,20.2,-0.07385051250457764,-0.8431870114573565
COHFACE_s08_session3_natural,17,97,20.233333333333334,-0.2751898467540741,-1.0189381361524374
COHFACE_s08_session3_natural,17,98,20.266666666666666,-0.5220620632171631,-1.1063854127796489
COHFACE_s08_session3_natural,17,99,20.3,-0.7447306513786316,-1.0911655918353662
COHFACE_s08_session3_natural,17,100,20.333333333333332,-0.9332495927810669,-0.9756130069424308
COHFACE_s08_session3_natural,17,101,20.366666666666667,-1.0894666910171509,-0.7734448662220992
COHFACE_s08_session3_natural,17,102,20.4,-1.206538200378418,-0.5045397621489637
COHFACE_s08_session3_natural,17,103,20.433333333333334,-1.2943190336227417,-0.19268130477327153
COHFACE_s08_session3_natural,17,104,20.466666666666665,-1.3165607452392578,0.13413365784142228
COHFACE_s08_session3_natural,17,105,20.5,-1.3115878105163574,0.44372146446250715
COHFACE_s08_session3_natural,17,106,20.533333333333335,-1.3239747285842896,0.7026946941141429
COHFACE_s08_session3_natural,17,107,20.566666666666666,-1.3397834300994873,0.882611575615781
COHFACE_s08_session3_natural,17,108,20.6,-1.3603827953338623,0.9670197849569945
COHFACE_s08_session3_natural,17,109,20.633333333333333,-1.3259822130203247,0.9563182062552711
COHFACE_s08_session3_natural,17,110,20.666666666666668,-0.9663270711898804,0.8685609019767122
COHFACE_s08_session3_natural,17,111,20.7,-0.20264744758605957,0.7359101805204894
COHFACE_s08_session3_natural,17,112,20.733333333333334,0.5596863031387329,0.5970851196183594
COHFACE_s08_session3_natural,17,113,20.766666666666666,0.9622964859008789,0.4868638849801032
COHFACE_s08_session3_natural,17,114,20.8,0.9802039861679077,0.42541298034462316
COHFACE_s08_session3_natural,17,115,20.833333333333332,0.8215688467025757,0.41139368478120103
COHFACE_s08_session3_natural,17,116,20.866666666666667,0.665648341178894,0.42176222050155515
COHFACE_s08_session3_natural,17,117,20.9,0.44421157240867615,0.41860839446827425
COHFACE_s08_session3_natural,17,118,20.933333333333334,0.17484666407108307,0.3609532819412655
COHFACE_s08_session3_natural,17,119,20.966666666666665,0.05766106769442558,0.21815103056352939
COHFACE_s08_session3_natural,17,120,21.0,0.033525899052619934,-0.018587248530057467
COHFACE_s08_session3_natural,17,121,21.033333333333335,0.02784569375216961,-0.3299249765637809
COHFACE_s08_session3_natural,17,122,21.066666666666666,0.004189577419310808,-0.6705417378321576
COHFACE_s08_session3_natural,17,123,21.1,-0.03887961059808731,-0.9805576916748426
COHFACE_s08_session3_natural,17,124,21.133333333333333,-0.14185328781604767,-1.202367482755308
COHFACE_s08_session3_natural,17,125,21.166666666666668,-0.28972113132476807,-1.2959367943647508
COHFACE_s08_session3_natural,17,126,21.2,-0.38934141397476196,-1.2475494029340903
COHFACE_s08_session3_natural,17,127,21.233333333333334,-0.4461206793785095,-1.0713626170324755
COHFACE_s08_session3_natural,17,128,21.266666666666666,-0.42686727643013,-0.805670118806601
COHFACE_s08_session3_natural,17,129,21.3,-0.165007546544075,-0.5053659369872328
COHFACE_s08_session3_natural,17,130,21.333333333333332,0.15385957062244415,-0.2304762583479141
COHFACE_s08_session3_natural,17,131,21.366666666666667,0.2632434368133545,-0.03084407426454348
COHFACE_s08_session3_natural,17,132,21.4,0.23773954808712006,0.06974007601635573
COHFACE_s08_session3_natural,17,133,21.433333333333334,0.17226889729499817,0.08368130986146488
COHFACE_s08_session3_natural,17,134,21.466666666666665,0.022347984835505486,0.05842816582314565
COHFACE_s08_session3_natural,17,135,21.5,-0.12593045830726624,0.06233035833197652
COHFACE_s08_session3_natural,17,136,21.533333333333335,-0.14835472404956818,0.16058678148393926
COHFACE_s08_session3_natural,17,137,21.566666666666666,0.19770435988903046,0.38888680091968175
COHFACE_s08_session3_natural,17,138,21.6,0.8171204924583435,0.7351707587471884
COHFACE_s08_session3_natural,17,139,21.633333333333333,1.2843800783157349,1.1381068996007986
COHFACE_s08_session3_natural,17,140,21.666666666666668,1.3925548791885376,1.503657324336982
COHFACE_s08_session3_natural,17,141,21.7,1.2557281255722046,1.7330194971212916
COHFACE_s08_session3_natural,17,142,21.733333333333334,1.0791627168655396,1.75139951824831
COHFACE_s08_session3_natural,17,143,21.766666666666666,0.880606472492218,1.5282887161939533
COHFACE_s08_session3_natural,17,144,21.8,0.6677926778793335,1.0842129400303062
COHFACE_s08_session3_natural,17,145,21.833333333333332,0.515088677406311,0.48404972071344704
COHFACE_s08_session3_natural,17,146,21.866666666666667,0.4280834496021271,-0.17900374781276748
COHFACE_s08_session3_natural,17,147,21.9,0.37604913115501404,-0.8032419035842828
COHFACE_s08_session3_natural,17,148,21.933333333333334,0.3262503743171692,-1.2974764320287266
COHFACE_s08_session3_natural,17,149,21.966666666666665,0.22329950332641602,-1.5965095601889845
COHFACE_s08_session3_natural,17,150,22.0,0.053372398018836975,-1.671313693953483
COHFACE_s08_session3_natural,17,151,22.033333333333335,-0.12624983489513397,-1.5326390392304372
COHFACE_s08_session3_natural,17,152,22.066666666666666,-0.27473360300064087,-1.2275472700708598
COHFACE_s08_session3_natural,17,153,22.1,-0.3880411386489868,-0.8295806919701878
COHFACE_s08_session3_natural,17,154,22.133333333333333,-0.4891670346260071,-0.4244183055757301
COHFACE_s08_session3_natural,17,155,22.166666666666668,-0.5875326991081238,-0.09322422895975474
COHFACE_s08_session3_natural,17,156,22.2,-0.6701352000236511,0.10441160486557391
COHFACE_s08_session3_natural,17,157,22.233333333333334,-0.7298572063446045,0.145326169667577
COHFACE_s08_session3_natural,17,158,22.266666666666666,-0.7886894941329956,0.050728322334095514
COHFACE_s08_session3_natural,17,159,22.3,-0.8579925894737244,-0.11768387680616292
COHFACE_s08_session3_natural,17,160,22.333333333333332,-0.8976627588272095,-0.274335141272697
COHFACE_s08_session3_natural,17,161,22.366666666666667,-0.7788575291633606,-0.3344826561023212
COHFACE_s08_session3_natural,17,162,22.4,-0.28743991255760193,-0.23930660568949258
COHFACE_s08_session3_natural,17,163,22.433333333333334,0.43079808354377747,0.026118844735404968
COHFACE_s08_session3_natural,17,164,22.466666666666665,0.9794055223464966,0.4270505800022381
COHFACE_s08_session3_natural,17,165,22.5,1.186676025390625,0.8871720662576728
COHFACE_s08_session3_natural,17,166,22.533333333333335,1.1572028398513794,1.3085928822944604
COHFACE_s08_session3_natural,17,167,22.566666666666666,1.029135823249817,1.597916780583392
COHFACE_s08_session3_natural,17,168,22.6,0.8509279489517212,1.689513372353924
COHFACE_s08_session3_natural,17,169,22.633333333333333,0.6145721077919006,1.5583000125883237
COHFACE_s08_session3_natural,17,170,22.666666666666668,0.4041079580783844,1.2205077808084759
COHFACE_s08_session3_natural,17,171,22.7,0.29029855132102966,0.7263196465975869
COHFACE_s08_session3_natural,17,172,22.733333333333334,0.23358774185180664,0.14825365423912085
COHFACE_s08_session3_natural,17,173,22.766666666666666,0.2095666378736496,-0.43276980229397727
COHFACE_s08_session3_natural,17,174,22.8,0.12201391160488129,-0.9411911226593472
COHFACE_s08_session3_natural,17,175,22.833333333333332,-0.037305574864149094,-1.3171612573640148
COHFACE_s08_session3_natural,17,176,22.866666666666667,-0.21742966771125793,-1.5223341481667596
COHFACE_s08_session3_natural,17,177,22.9,-0.36552563309669495,-1.5425046331918104
COHFACE_s08_session3_natural,17,178,22.933333333333334,-0.5030139684677124,-1.3883586602132765
COHFACE_s08_session3_natural,17,179,22.966666666666665,-0.6136981248855591,-1.0940254493257622
COHFACE_s08_session3_natural,17,180,23.0,-0.693608820438385,-0.7126052159037374
COHFACE_s08_session3_natural,17,181,23.033333333333335,-0.7394382357597351,-0.308528470000435
COHFACE_s08_session3_natural,17,182,23.066666666666666,-0.7878454923629761,0.052524971195578814
COHFACE_s08_session3_natural,17,183,23.1,-0.8445791006088257,0.31481141941971924
COHFACE_s08_session3_natural,17,184,23.133333333333333,-0.8996245861053467,0.4431253237599315
COHFACE_s08_session3_natural,17,185,23.166666666666668,-0.9666692614555359,0.43086543799546156
COHFACE_s08_session3_natural,17,186,23.2,-0.8820821046829224,0.3034442531399416
COHFACE_s08_session3_natural,17,187,23.233333333333334,-0.42793944478034973,0.11525479278870358
COHFACE_s08_session3_natural,17,188,23.266666666666666,0.30343830585479736,-0.060479956830297346
COHFACE_s08_session3_natural,17,189,23.3,0.9364047646522522,-0.14814932368440842
COHFACE_s08_session3_natural,17,190,23.333333333333332,1.1960289478302002,-0.0900918754236979
COHFACE_s08_session3_natural,17,191,23.366666666666667,1.1939986944198608,0.13361408920671053
COHFACE_s08_session3_natural,17,192,23.4,1.1556059122085571,0.49256834713730163
COHFACE_s08_session3_natural,17,193,23.433333333333334,1.1158217191696167,0.9076599546425906
COHFACE_s08_session3_natural,17,194,23.466666666666665,0.9375225901603699,1.270236136828748
COHFACE_s08_session3_natural,17,195,23.5,0.6823011636734009,1.4746299612807747
COHFACE_s08_session3_natural,17,196,23.533333333333335,0.5169364809989929,1.4516945109083363
COHFACE_s08_session3_natural,17,197,23.566666666666666,0.4330793023109436,1.1888960751527344
COHFACE_s08_session3_natural,17,198,23.6,0.38207149505615234,0.7296599910743394
COHFACE_s08_session3_natural,17,199,23.633333333333333,0.3057651221752167,0.1551360516213298
COHFACE_s08_session3_natural,17,200,23.666666666666668,0.18454179167747498,-0.44214721945172597
COHFACE_s08_session3_natural,17,201,23.7,0.013679398223757744,-0.9822897928278974
COHFACE_s08_session3_natural,17,202,23.733333333333334,-0.15734268724918365,-1.4116467494762395
COHFACE_s08_session3_natural,17,203,23.766666666666666,-0.3199014961719513,-1.7031179162571197
COHFACE_s08_session3_natural,17,204,23.8,-0.4557245373725891,-1.8467053840644714
COHFACE_s08_session3_natural,17,205,23.833333333333332,-0.560956597328186,-1.8385120468502547
COHFACE_s08_session3_natural,17,206,23.866666666666667,-0.6401144862174988,-1.6760117073735454
COHFACE_s08_session3_natural,17,207,23.9,-0.7039426565170288,-1.362543800473497
COHFACE_s08_session3_natural,17,208,23.933333333333334,-0.7551329731941223,-0.9175428505138723
COHFACE_s08_session3_natural,17,209,23.966666666666665,-0.8114103078842163,-0.38499371019337714
COHFACE_s08_session3_natural,17,210,24.0,-0.8759912848472595,0.16665626841354336
COHFACE_s08_session3_natural,17,211,24.033333333333335,-0.7997077703475952,0.6557785057423434
COHFACE_s08_session3_natural,17,212,24.066666666666666,-0.3078795373439789,1.007860611448072
COHFACE_s08_session3_natural,17,213,24.1,0.46323683857917786,1.178329682766881
COHFACE_s08_session3_natural,17,214,24.133333333333333,1.092576265335083,1.1686998183604924
COHFACE_s08_session3_natural,17,215,24.166666666666668,1.3541165590286255,1.0279968416966154
COHFACE_s08_session3_natural,17,216,24.2,1.3021962642669678,0.8372084407110254
COHFACE_s08_session3_natural,17,217,24.233333333333334,1.1385653018951416,0.6819077800319066
COHFACE_s08_session3_natural,17,218,24.266666666666666,0.9750028252601624,0.6231447150431128
COHFACE_s08_session3_natural,17,219,24.3,0.7453308701515198,0.6772657049263542
COHFACE_s08_session3_natural,17,220,24.333333333333332,0.5210198163986206,0.8117140643185432
COHFACE_s08_session3_natural,17,221,24.366666666666667,0.3951199948787689,0.9577749155544762
COHFACE_s08_session3_natural,17,222,24.4,0.35380735993385315,1.035095848041074
COHFACE_s08_session3_natural,17,223,24.433333333333334,0.3275050222873688,0.9789385472847733
COHFACE_s08_session3_natural,17,224,24.466666666666665,0.24305474758148193,0.7608622933746507
COHFACE_s08_session3_natural,17,225,24.5,0.10709482431411743,0.39675974127378216
COHFACE_s08_session3_natural,17,226,24.533333333333335,-0.05233873054385185,-0.058685306917464514
COHFACE_s08_session3_natural,17,227,24.566666666666666,-0.23449310660362244,-0.5274593728902806
COHFACE_s08_session3_natural,17,228,24.6,-0.40446582436561584,-0.9278163594262326
COHFACE_s08_session3_natural,17,229,24.633333333333333,-0.522655189037323,-1.192610976014874
COHFACE_s08_session3_natural,17,230,24.666666666666668,-0.616732120513916,-1.28276000136389
COHFACE_s08_session3_natural,17,231,24.7,-0.7000418305397034,-1.1942006697015133
COHFACE_s08_session3_natural,17,232,24.733333333333334,-0.759900689125061,-0.9580759488978846
COHFACE_s08_session3_natural,17,233,24.766666666666666,-0.8027873635292053,-0.6345006589965385
COHFACE_s08_session3_natural,17,234,24.8,-0.8891310691833496,-0.3005619328841698
COHFACE_s08_session3_natural,17,235,24.833333333333332,-0.9773909449577332,-0.03376098985411183
COHFACE_s08_session3_natural,17,236,24.866666666666667,-0.8563501238822937,0.10666496211948126
COHFACE_s08_session3_natural,17,237,24.9,-0.335482120513916,0.09618199315389403
COHFACE_s08_session3_natural,17,238,24.933333333333334,0.4057276248931885,-0.046699731135971284
COHFACE_s08_session3_natural,17,239,24.966666666666665,0.9163301587104797,-0.2647361464001247
COHFACE_s08_session3_natural,18,0,18.0,-0.7569122910499573,0.09284514454474278
COHFACE_s08_session3_natural,18,1,18.033333333333335,-0.8711551427841187,0.5585990668945823
COHFACE_s08_session3_natural,18,2,18.066666666666666,-1.016308307647705,0.9999765688731135
COHFACE_s08_session3_natural,18,3,18.1,-1.1840226650238037,1.3797843936014929
COHFACE_s08_session3_natural,18,4,18.133333333333333,-1.0717872381210327,1.6429027263852765
COHFACE_s08_session3_natural,18,5,18.166666666666668,-0.4406229555606842,1.7294524220754395
COHFACE_s08_session3_natural,18,6,18.2,0.3243797719478607,1.5997659853462503
COHFACE_s08_session3_natural,18,7,18.233333333333334,0.7609571814537048,1.2595521847055886
COHFACE_s08_session3_natural,18,8,18.266666666666666,0.8286177515983582,0.7720426890927446
COHFACE_s08_session3_natural,18,9,18.3,0.7029004693031311,0.24838282816221596
COHFACE_s08_session3_natural,18,10,18.333333333333332,0.5166855454444885,-0.18385854245569414
COHFACE_s08_session3_natural,18,11,18.366666666666667,0.2854852080345154,-0.4243118670958679
COHFACE_s08_session3_natural,18,12,18.4,0.04974528029561043,-0.438434916905573
COHFACE_s08_session3_natural,18,13,18.433333333333334,-0.10149873793125153,-0.27335822192307957
COHFACE_s08_session3_natural,18,14,18.466666666666665,-0.16361600160598755,-0.04124992152353944
COHFACE_s08_session3_natural,18,15,18.5,-0.20292119681835175,0.12509766824878588
COHFACE_s08_session3_natural,18,16,18.533333333333335,-0.30041998624801636,0.1256992840714609
COHFACE_s08_session3_natural,18,17,18.566666666666666,-0.46069759130477905,-0.06758233180492888
COHFACE_s08_session3_natural,18,18,18.6,-0.6457034349441528,-0.4012811418372353
COHFACE_s08_session3_natural,18,19,18.633333333333333,-0.756752610206604,-0.7606249180082842
COHFACE_s08_session3_natural,18,20,18.666666666666668,-0.7899898290634155,-1.010389637460931
COHFACE_s08_session3_natural,18,21,18.7,-0.8442369103431702,-1.0421099723516116
COHFACE_s08_session3_natural,18,22,18.733333333333334,-0.9059435725212097,-0.8124651728498127
COHFACE_s08_session3_natural,18,23,18.766666666666666,-0.9306946396827698,-0.3605823489626348
COHFACE_s08_session3_natural,18,24,18.8,-0.9533926248550415,0.2010861920040557
COHFACE_s08_session3_natural,18,25,18.833333333333332,-0.9962109327316284,0.7192673456297421
COHFACE_s08_session3_natural,18,26,18.866666666666667,-1.055294156074524,1.045853843165941
COHFACE_s08_session3_natural,18,27,18.9,-1.0666545629501343,1.0834397783779515
COHFACE_s08_session3_natural,18,28,18.933333333333334,-0.8595893979072571,0.8159714681365002
COHFACE_s08_session3_natural,18,29,18.966666666666665,-0.20191746950149536,0.31435245340608264
COHFACE_s08_session3_natural,18,30,19.0,0.6494517922401428,-0.2845282022791149
COHFACE_s08_session3_natural,18,31,19.033333333333335,1.2066137790679932,-0.8178234510551952
COHFACE_s08_session3_natural,18,32,19.066666666666666,1.323662519454956,-1.1429945836225208
COHFACE_s08_session3_natural,18,33,19.1,1.1719622611999512,-1.1770178616051004
COHFACE_s08_session3_natural,18,34,19.133333333333333,0.9565934538841248,-0.918393345546964
COHFACE_s08_session3_natural,18,35,19.166666666666668,0.700322687625885,-0.44672252652019545
COHFACE_s08_session3_natural,18,36,19.2,0.3702320456504822,0.1002064239997472
COHFACE_s08_session3_natural,18,37,19.233333333333334,0.052094921469688416,0.5668144729700084
COHFACE_s08_session3_natural,18,38,19.266666666666666,-0.15191341936588287,0.8275772261087573
COHFACE_s08_session3_natural,18,39,19.3,-0.31433534622192383,0.8277642937852203
COHFACE_s08_session3_natural,18,40,19.333333333333332,-0.4726739227771759,0.6009524039525548
COHFACE_s08_session3_natural,18,41,19.366666666666667,-0.5997371673583984,0.2534292857562239
COHFACE_s08_session3_natural,18,42,19.4,-0.7096913456916809,-0.0797607814938388
COHFACE_s08_session3_natural,18,43,19.433333333333334,-0.8150830864906311,-0.28825356985626177
COHFACE_s08_session3_natural,18,44,19.466666666666665,-1.0268703699111938,-0.32634427110827563
COHFACE_s08_session3_natural,18,45,19.5,-1.2729213237762451,-0.2234994128329543
COHFACE_s08_session3_natural,18,46,19.533333333333335,-1.3863885402679443,-0.06266988622108736
COHFACE_s08_session3_natural,18,47,19.566666666666666,-1.4087672233581543,0.06215163892563946
COHFACE_s08_session3_natural,18,48,19.6,-1.414721131324768,0.08842939192852244
COHFACE_s08_session3_natural,18,49,19.633333333333333,-1.4284083843231201,0.008242805547299233
COHFACE_s08_session3_natural,18,50,19.666666666666668,-1.4181201457977295,-0.13524941168851431
COHFACE_s08_session3_natural,18,51,19.7,-1.3731119632720947,-0.2714686116813533
COHFACE_s08_session3_natural,18,52,19.733333333333334,-1.3555238246917725,-0.33287334304084704
COHFACE_s08_session3_natural,18,53,19.766666666666666,-1.2151612043380737,-0.27983435221162395
COHFACE_s08_session3_natural,18,54,19.8,-0.6652762293815613,-0.11231351086373227
COHFACE_s08_session3_natural,18,55,19.833333333333332,0.23267526924610138,0.13337758165924352
COHFACE_s08_session3_natural,18,56,19.866666666666667,0.9943702816963196,0.39915775938396114
COHFACE_s08_session3_natural,18,57,19.9,1.302949070930481,0.6243825677434877
COHFACE_s08_session3_natural,18,58,19.933333333333334,1.2800686359405518,0.7627772624260224
COHFACE_s08_session3_natural,18,59,19.966666666666665,1.1942039728164673,0.7923943043486201
COHFACE_s08_session3_natural,18,60,20.0,1.0645173788070679,0.7171750007903891
COHFACE_s08_session3_natural,18,61,20.033333333333335,0.8227094411849976,0.5617272348155888
COHFACE_s08_session3_natural,18,62,20.066666666666666,0.553504228591919,0.3625907233546088
COHFACE_s08_session3_natural,18,63,20.1,0.33909356594085693,0.15878699363767612
COHFACE_s08_session3_natural,18,64,20.133333333333333,0.18109717965126038,-0.017453117337943816
COHFACE_s08_session3_natural,18,65,20.166666666666668,0.06603309512138367,-0.1494973777168941
COHFACE_s08_session3_natural,18,66,20.2,-0.07385051250457764,-0.24234785340287177
COHFACE_s08_session3_natural,18,67,20.233333333333334,-0.2751898467540741,-0.3218344597552361
COHFACE_s08_session3_natural,18,68,20.266666666666666,-0.5220620632171631,-0.42455060635085845
COHFACE_s08_session3_natural,18,69,20.3,-0.7447306513786316,-0.5804952160529914
COHFACE_s08_session3_natural,18,70,20.333333333333332,-0.9332495927810669,-0.7946710209179151
COHFACE_s08_session3_natural,18,71,20.366666666666667,-1.0894666910171509,-1.0356874942854652
COHFACE_s08_session3_natural,18,72,20.4,-1.206538200378418,-1.2376673404486438
COHFACE_s08_session3_natural,18,73,20.433333333333334,-1.2943190336227417,-1.3172144296059163
COHFACE_s08_session3_natural,18,74,20.466666666666665,-1.3165607452392578,-1.2016186059183975
COHFACE_s08_session3_natural,18,75,20.5,-1.3115878105163574,-0.8595589787386414
COHFACE_s08_session3_natural,18,76,20.533333333333335,-1.3239747285842896,-0.3228610149282366
COHFACE_s08_session3_natural,18,77,20.566666666666666,-1.3397834300994873,0.31139838012405596
COHFACE_s08_session3_natural,18,78,20.6,-1.3603827953338623,0.9039703261412758
COHFACE_s08_session3_natural,18,79,20.633333333333333,-1.3259822130203247,1.3171077631746249
COHFACE_s08_session3_natural,18,80,20.666666666666668,-0.9663270711898804,1.4624468078936925
COHFACE_s08_session3_natural,18,81,20.7,-0.20264744758605957,1.3321447560583846
COHFACE_s08_session3_natural,18,82,20.733333333333334,0.5596863031387329,1.0002195803243557
COHFACE_s08_session3_natural,18,83,20.766666666666666,0.9622964859008789,0.5947557105810956
COHFACE_s08_session3_natural,18,84,20.8,0.9802039861679077,0.25199987733113216
COHFACE_s08_session3_natural,18,85,20.833333333333332,0.8215688467025757,0.06863701697902758
COHFACE_s08_session3_natural,18,86,20.866666666666667,0.665648341178894,0.06966327731287
COHFACE_s08_session3_natural,18,87,20.9,0.44421157240867615,0.20428682039792373
COHFACE_s08_session3_natural,18,88,20.933333333333334,0.17484666407108307,0.37085376717748736
COHFACE_s08_session3_natural,18,89,20.966666666666665,0.05766106769442558,0.4596370292153813
COHFACE_s08_session3_natural,18,90,21.0,0.033525899052619934,0.3959464935044423
COHFACE_s08_session3_natural,18,91,21.033333333333335,0.02784569375216961,0.1671076852433451
COHFACE_s08_session3_natural,18,92,21.066666666666666,0.004189577419310808,-0.17613404933442528
COHFACE_s08_session3_natural,18,93,21.1,-0.03887961059808731,-0.5426308908256291
COHFACE_s08_session3_natural,18,94,21.133333333333333,-0.14185328781604767,-0.836763247334931
COHFACE_s08_session3_natural,18,95,21.166666666666668,-0.28972113132476807,-0.991307643359621
COHFACE_s08_session3_natural,18,96,21.2,-0.38934141397476196,-0.9854475980416936
COHFACE_s08_session3_natural,18,97,21.233333333333334,-0.4461206793785095,-0.8450087187464482
COHFACE_s08_session3_natural,18,98,21.266666666666666,-0.42686727643013,-0.6293565457819531
COHFACE_s08_session3_natural,18,99,21.3,-0.165007546544075,-0.41188652637255974
COHFACE_s08_session3_natural,18,100,21.333333333333332,0.15385957062244415,-0.2592304704836687
COHFACE_s08_session3_natural,18,101,21.366666666666667,0.2632434368133545,-0.21219061552728744
COHFACE_s08_session3_natural,18,102,21.4,0.23773954808712006,-0.27189253140908626
COHFACE_s08_session3_natural,18,103,21.433333333333334,0.17226889729499817,-0.39566781857372674
COHFACE_s08_session3_natural,18,104,21.466666666666665,0.022347984835505486,-0.5057551783006191
COHFACE_s08_session3_natural,18,105,21.5,-0.12593045830726624,-0.5106173001450627
COHFACE_s08_session3_natural,18,106,21.533333333333335,-0.14835472404956818,-0.33512743798508293
COHFACE_s08_session3_natural,18,107,21.566666666666666,0.19770435988903046,0.048115979725147535
COHFACE_s08_session3_natural,18,108,21.6,0.8171204924583435,0.5978817972910319
COHFACE_s08_session3_natural,18,109,21.633333333333333,1.2843800783157349,1.2051826684963893
COHFACE_s08_session3_natural,18,110,21.666666666666668,1.3925548791885376,1.7204230534330913
COHFACE_s08_session3_natural,18,111,21.7,1.2557281255722046,1.9998883676950563
COHFACE_s08_session3_natural,18,112,21.733333333333334,1.0791627168655396,1.9544222721675717
COHFACE_s08_session3_natural,18,113,21.766666666666666,0.880606472492218,1.580508242536535
COHFACE_s08_session3_natural,18,114,21.8,0.6677926778793335,0.9614664779981226
COHFACE_s08_session3_natural,18,115,21.833333333333332,0.515088677406311,0.23941301882430516
COHFACE_s08_session3_natural,18,116,21.866666666666667,0.4280834496021271,-0.430189956613407
COHFACE_s08_session3_natural,18,117,21.9,0.37604913115501404,-0.9244204652805825
COHFACE_s08_session3_natural,18,118,21.933333333333334,0.3262503743171692,-1.1839829076087187
COHFACE_s08_session3_natural,18,119,21.966666666666665,0.22329950332641602,-1.2208769848638128
COHFACE_s08_session3_natural,18,120,22.0,0.053372398018836975,-1.102421886607312
COHFACE_s08_session3_natural,18,121,22.033333333333335,-0.12624983489513397,-0.9190626334743578
COHFACE_s08_session3_natural,18,122,22.066666666666666,-0.27473360300064087,-0.7484477315175255
COHFACE_s08_session3_natural,18,123,22.1,-0.3880411386489868,-0.6292970905183802
COHFACE_s08_session3_natural,18,124,22.133333333333333,-0.4891670346260071,-0.5547724184013855
COHFACE_s08_session3_natural,18,125,22.166666666666668,-0.5875326991081238,-0.4866092933408552
COHFACE_s08_session3_natural,18,126,22.2,-0.6701352000236511,-0.3811831432988018
COHFACE_s08_session3_natural,18,127,22.233333333333334,-0.7298572063446045,-0.21365300294457315
COHFACE_s08_session3_natural,18,128,22.266666666666666,-0.7886894941329956,0.009899354693880135
COHFACE_s08_session3_natural,18,129,22.3,-0.8579925894737244,0.25467381355219043
COHFACE_s08_session3_natural,18,130,22.333333333333332,-0.8976627588272095,0.4706306120473075
COHFACE_s08_session3_natural,18,131,22.366666666666667,-0.7788575291633606,0.6114524144979852
COHFACE_s08_session3_natural,18,132,22.4,-0.28743991255760193,0.6516035991365083
COHFACE_s08_session3_natural,18,133,22.433333333333334,0.43079808354377747,0.5949269505827524
COHFACE_s08_session3_natural,18,134,22.466666666666665,0.9794055223464966,0.4723731111998056
COHFACE_s08_session3_natural,18,135,22.5,1.186676025390625,0.33113946538163475
COHFACE_s08_session3_natural,18,136,22.533333333333335,1.1572028398513794,0.21960067650057075
COHFACE_s08_session3_natural,18,137,22.566666666666666,1.029135823249817,0.1720451282449596
COHFACE_s08_session3_natural,18,138,22.6,0.8509279489517212,0.19632185723513712
COHFACE_s08_session3_natural,18,139,22.633333333333333,0.6145721077919006,0.2677440391968567
COHFACE_s08_session3_natural,18,140,22.666666666666668,0.4041079580783844,0.3334879291760156
COHFACE_s08_session3_natural,18,141,22.7,0.29029855132102966,0.329684647385629
COHFACE_s08_session3_natural,18,142,22.733333333333334,0.23358774185180664,0.20690910647704153
COHFACE_s08_session3_natural,18,143,22.766666666666666,0.2095666378736496,-0.046243973784879724
COHFACE_s08_session3_natural,18,144,22.8,0.12201391160488129,-0.39199083004306523
COHFACE_s08_session3_natural,18,145,22.833333333333332,-0.037305574864149094,-0.749991491627464
COHFACE_s08_session3_natural,18,146,22.866666666666667,-0.21742966771125793,-1.020358975351899
COHFACE_s08_session3_natural,18,147,22.9,-0.36552563309669495,-1.1157566549792806
COHFACE_s08_session3_natural,18,148,22.933333333333334,-0.5030139684677124,-0.9919760080592961
COHFACE_s08_session3_natural,18,149,22.966666666666665,-0.6136981248855591,-0.6663544262510832
COHFACE_s08_session3_natural,18,150,23.0,-0.693608820438385,-0.2167045978002303
COHFACE_s08_session3_natural,18,151,23.033333333333335,-0.7394382357597351,0.2404210042483195
COHFACE_s08_session3_natural,18,152,23.066666666666666,-0.7878454923629761,0.5858472616208843
COHFACE_s08_session3_natural,18,153,23.1,-0.8445791006088257,0.7360348796682762
COHFACE_s08_session3_natural,18,154,23.133333333333333,-0.8996245861053467,0.6696311332577783
COHFACE_s08_session3_natural,18,155,23.166666666666668,-0.9666692614555359,0.4326354936981486
COHFACE_s08_session3_natural,18,156,23.2,-0.8820821046829224,0.12114422344665737
COHFACE_s08_session3_natural,18,157,23.233333333333334,-0.42793944478034973,-0.15084316912612641
COHFACE_s08_session3_natural,18,158,23.266666666666666,0.30343830585479736,-0.2869309061018855
COHFACE_s08_session3_natural,18,159,23.3,0.9364047646522522,-0.2362261306561909
COHFACE_s08_session3_natural,18,160,23.333333333333332,1.1960289478302002,-0.006442038901883127
COHFACE_s08_session3_natural,18,161,23.366666666666667,1.1939986944198608,0.3401649909087167
COHFACE_s08_session3_natural,18,162,23.4,1.1556059122085571,0.7059208231951465
COHFACE_s08_session3_natural,18,163,23.433333333333334,1.1158217191696167,0.9863862068832737
COHFACE_s08_session3_natural,18,164,23.466666666666665,0.9375225901603699,1.1007732616751829
COHFACE_s08_session3_natural,18,165,23.5,0.6823011636734009,1.0153322543932928
COHFACE_s08_session3_natural,18,166,23.533333333333335,0.5169364809989929,0.7517015436229283
COHFACE_s08_session3_natural,18,167,23.566666666666666,0.4330793023109436,0.3763586668550383
COHFACE_s08_session3_natural,18,168,23.6,0.38207149505615234,-0.02527254638988485
COHFACE_s08_session3_natural,18,169,23.633333333333333,0.3057651221752167,-0.37960598507125226
COHFACE_s08_session3_natural,18,170,23.666666666666668,0.18454179167747498,-0.6479456840838902
COHFACE_s08_session3_natural,18,171,23.7,0.013679398223757744,-0.8327921950993105
COHFACE_s08_session3_natural,18,172,23.733333333333334,-0.15734268724918365,-0.9658652750943156
COHFACE_s08_session3_natural,18,173,23.766666666666666,-0.3199014961719513,-1.083894632411117
COHFACE_s08_session3_natural,18,174,23.8,-0.4557245373725891,-1.2027110439514213
COHFACE_s08_session3_natural,18,175,23.833333333333332,-0.560956597328186,-1.3009331652660727
COHFACE_s08_session3_natural,18,176,23.866666666666667,-0.6401144862174988,-1.3218646759192714
COHFACE_s08_session3_natural,18,177,23.9,-0.7039426565170288,-1.1954828730314353
COHFACE_s08_session3_natural,18,178,23.933333333333334,-0.7551329731941223,-0.8728212179804709
COHFACE_s08_session3_natural,18,179,23.966666666666665,-0.8114103078842163,-0.3578429071054524
COHFACE_s08_session3_natural,18,180,24.0,-0.8759912848472595,0.2782456229189757
COHFACE_s08_session3_natural,18,181,24.033333333333335,-0.7997077703475952,0.9087767491775528
COHFACE_s08_session3_natural,18,182,24.066666666666666,-0.3078795373439789,1.3880256262282054
COHFACE_s08_session3_natural,18,183,24.1,0.46323683857917786,1.6001902979093665
COHFACE_s08_session3_natural,18,184,24.133333333333333,1.092576265335083,1.501556543716252
COHFACE_s08_session3_natural,18,185,24.166666666666668,1.3541165590286255,1.1376761548684196
COHFACE_s08_session3_natural,18,186,24.2,1.3021962642669678,0.6284845420967176
COHFACE_s08_session3_natural,18,187,24.233333333333334,1.1385653018951416,0.12812226133038165
COHFACE_s08_session3_natural,18,188,24.266666666666666,0.9750028252601624,-0.22528515119594986
COHFACE_s08_session3_natural,18,189,24.3,0.7453308701515198,-0.3528563646638896
COHFACE_s08_session3_natural,18,190,24.333333333333332,0.5210198163986206,-0.2571945442582925
COHFACE_s08_session3_natural,18,191,24.366666666666667,0.3951199948787689,-0.01675804554368518
COHFACE_s08_session3_natural,18,192,24.4,0.35380735993385315,0.24469543790236042
COHFACE_s08_session3_natural,18,193,24.433333333333334,0.3275050222873688,0.40210098932625854
COHFACE_s08_session3_natural,18,194,24.466666666666665,0.24305474758148193,0.3714035957762343
COHFACE_s08_session3_natural,18,195,24.5,0.10709482431411743,0.13680175539175865
COHFACE_s08_session3_natural,18,196,24.533333333333335,-0.05233873054385185,-0.24494131377554618
COHFACE_s08_session3_natural,18,197,24.566666666666666,-0.23449310660362244,-0.6633136257287621
COHFACE_s08_session3_natural,18,198,24.6,-0.40446582436561584,-0.9886641299120963
COHFACE_s08_session3_natural,18,199,24.633333333333333,-0.522655189037323,-1.1110246045617862
COHFACE_s08_session3_natural,18,200,24.666666666666668,-0.616732120513916,-0.9721726414748082
COHFACE_s08_session3_natural,18,201,24.7,-0.7000418305397034,-0.5834537926325867
COHFACE_s08_session3_natural,18,202,24.733333333333334,-0.759900689125061,-0.02554271965994904
COHFACE_s08_session3_natural,18,203,24.766666666666666,-0.8027873635292053,0.5704105970928961
COHFACE_s08_session3_natural,18,204,24.8,-0.8891310691833496,1.0571520918357005
COHFACE_s08_session3_natural,18,205,24.833333333333332,-0.9773909449577332,1.3134325736238854
COHFACE_s08_session3_natural,18,206,24.866666666666667,-0.8563501238822937,1.281393056113534
COHFACE_s08_session3_natural,18,207,24.9,-0.335482120513916,0.9855330817872322
COHFACE_s08_session3_natural,18,208,24.933333333333334,0.4057276248931885,0.5245078907762919
COHFACE_s08_session3_natural,18,209,24.966666666666665,0.9163301587104797,0.036926411196180065
COHFACE_s08_session3_natural,18,210,25.0,0.9194325804710388,-0.3469601837118723
COHFACE_s08_session3_natural,18,211,25.033333333333335,0.5669633150100708,-0.5495509417877156
COHFACE_s08_session3_natural,18,212,25.066666666666666,0.2837514877319336,-0.5695270940130646
COHFACE_s08_session3_natural,18,213,25.1,-0.03224129602313042,-0.4760698930173793
COHFACE_s08_session3_natural,18,214,25.133333333333333,-0.45937448740005493,-0.37563814168138104
COHFACE_s08_session3_natural,18,215,25.166666666666668,-0.71208655834198,-0.36382682716304143
COHFACE_s08_session3_natural,18,216,25.2,-0.7337808609008789,-0.48184551009647264
COHFACE_s08_session3_natural,18,217,25.233333333333334,-0.7384801506996155,-0.6962903719912771
COHFACE_s08_session3_natural,18,218,25.266666666666666,-0.7583038210868835,-0.9109137462605327
COHFACE_s08_session3_natural,18,219,25.3,-0.768546462059021,-1.0053009816342395
COHFACE_s08_session3_natural,18,220,25.333333333333332,-0.7923850417137146,-0.8848122141203566
COHFACE_s08_session3_natural,18,221,25.366666666666667,-0.8155393004417419,-0.5224545052475587
COHFACE_s08_session3_natural,18,222,25.4,-0.8334923982620239,0.02318558270107013
COHFACE_s08_session3_natural,18,223,25.433333333333334,-0.8773828148841858,0.6211184675444827
COHFACE_s08_session3_natural,18,224,25.466666666666665,-0.8966818451881409,1.1085080823335642
COHFACE_s08_session3_natural,18,225,25.5,-0.8941268920898438,1.344860707246149
COHFACE_s08_session3_natural,18,226,25.533333333333335,-0.8905454277992249,1.2602006252260578
COHFACE_s08_session3_natural,18,227,25.566666666666666,-0.8997842669487,0.8791418968262547
COHFACE_s08_session3_natural,18,228,25.6,-0.9291662573814392,0.31230252677719733
COHFACE_s08_session3_natural,18,229,25.633333333333333,-0.9072210192680359,-0.28051635489823235
COHFACE_s08_session3_natural,18,230,25.666666666666668,-0.5944903492927551,-0.740822657853969
COHFACE_s08_session3_natural,18,231,25.7,0.1181814894080162,-0.9578716164642106
COHFACE_s08_session3_natural,18,232,25.733333333333334,0.8779146671295166,-0.8974747258113539
COHFACE_s08_session3_natural,18,233,25.766666666666666,1.2712175846099854,-0.6071339370224957
COHFACE_s08_session3_natural,18,234,25.8,1.2290380001068115,-0.1980976711026803
COHFACE_s08_session3_natural,18,235,25.833333333333332,1.0248243808746338,0.1902299785240439
COHFACE_s08_session3_natural,18,236,25.866666666666667,0.8862866759300232,0.43422053016826095
COHFACE_s08_session3_natural,18,237,25.9,0.7310961484909058,0.4657902666889864
COHFACE_s08_session3_natural,18,238,25.933333333333334,0.5904825925827026,0.2944731282214924
COHFACE_s08_session3_natural,18,239,25.966666666666665,0.514427125453949,0.002796039524992167
COHFACE_s08_session3_natural,19,0,19.0,0.6494517922401428,-0.016468509804313903
COHFACE_s08_session3_natural,19,1,19.033333333333335,1.2066137790679932,0.5387350822948073
COHFACE_s08_session3_natural,19,2,19.066666666666666,1.323662519454956,1.017737701310318
COHFACE_s08_session3_natural,19,3,19.1,1.1719622611999512,1.3561015459604642
COHFACE_s08_session3_natural,19,4,19.133333333333333,0.9565934538841248,1.5094721956529553
COHFACE_s08_session3_natural,19,5,19.166666666666668,0.700322687625885,1.4612388554516504
COHFACE_s08_session3_natural,19,6,19.2,0.3702320456504822,1.2258738457621512
COHFACE_s08_session3_natural,19,7,19.233333333333334,0.052094921469688416,0.8468697070217757
COHFACE_s08_session3_natural,19,8,19.266666666666666,-0.15191341936588287,0.3891196962344163
COHFACE_s08_session3_natural,19,9,19.3,-0.31433534622192383,-0.07344016250470693
COHFACE_s08_session3_natural,19,10,19.333333333333332,-0.4726739227771759,-0.4725456225391701
COHFACE_s08_session3_natural,19,11,19.366666666666667,-0.5997371673583984,-0.7590364143511634
COHFACE_s08_session3_natural,19,12,19.4,-0.7096913456916809,-0.9114695250111551
COHFACE_s08_session3_natural,19,13,19.433333333333334,-0.8150830864906311,-0.9376294050354654
COHFACE_s08_session3_natural,19,14,19.466666666666665,-1.0268703699111938,-0.8683685545240863
COHFACE_s08_session3_natural,19,15,19.5,-1.2729213237762451,-0.7451358969592511
COHFACE_s08_session3_natural,19,16,19.533333333333335,-1.3863885402679443,-0.6046340570595825
COHFACE_s08_session3_natural,19,17,19.566666666666666,-1.4087672233581543,-0.4661050442735524
COHFACE_s08_session3_natural,19,18,19.6,-1.414721131324768,-0.32749394788615255
COHFACE_s08_session3_natural,19,19,19.633333333333333,-1.4284083843231201,-0.1734440674108164
COHFACE_s08_session3_natural,19,20,19.666666666666668,-1.4181201457977295,0.009197511294378142
COHFACE_s08_session3_natural,19,21,19.7,-1.3731119632720947,0.21784308734490826
COHFACE_s08_session3_natural,19,22,19.733333333333334,-1.3555238246917725,0.43007587978209505
COHFACE_s08_session3_natural,19,23,19.766666666666666,-1.2151612043380737,0.6101022826500503
COHFACE_s08_session3_natural,19,24,19.8,-0.6652762293815613,0.7215988807319954
COHFACE_s08_session3_natural,19,25,19.833333333333332,0.23267526924610138,0.7409968119690942
COHFACE_s08_session3_natural,19,26,19.866666666666667,0.9943702816963196,0.6663759724728081
COHFACE_s08_session3_natural,19,27,19.9,1.302949070930481,0.5195518389946395
COHFACE_s08_session3_natural,19,28,19.933333333333334,1.2800686359405518,0.3410798491760302
COHFACE_s08_session3_natural,19,29,19.966666666666665,1.1942039728164673,0.17941350768783804
COHFACE_s08_session3_natural,19,30,20.0,1.0645173788070679,0.07670074339682828
COHFACE_s08_session3_natural,19,31,20.033333333333335,0.8227094411849976,0.05500917315625619
COHFACE_s08_session3_natural,19,32,20.066666666666666,0.553504228591919,0.10770209699308975
COHFACE_s08_session3_natural,19,33,20.1,0.33909356594085693,0.19975804713699832
COHFACE_s08_session3_natural,19,34,20.133333333333333,0.18109717965126038,0.2774688700557712
COHFACE_s08_session3_natural,19,35,20.166666666666668,0.06603309512138367,0.2842107337266022
COHFACE_s08_session3_natural,19,36,20.2,-0.07385051250457764,0.1772394092941834
COHFACE_s08_session3_natural,19,37,20.233333333333334,-0.2751898467540741,-0.05898678359261486
COHFACE_s08_session3_natural,19,38,20.266666666666666,-0.5220620632171631,-0.4057218678365882
COHFACE_s08_session3_natural,19,39,20.3,-0.7447306513786316,-0.8103137582021585
COHFACE_s08_session3_natural,19,40,20.333333333333332,-0.9332495927810669,-1.1944998095825436
COHFACE_s08_session3_natural,19,41,20.366666666666667,-1.0894666910171509,-1.4701414338271857
COHFACE_s08_session3_natural,19,42,20.4,-1.206538200378418,-1.5599979131370563
COHFACE_s08_session3_natural,19,43,20.433333333333334,-1.2943190336227417,-1.4188726648138539
COHFACE_s08_session3_natural,19,44,20.466666666666665,-1.3165607452392578,-1.049211699015425
COHFACE_s08_session3_natural,19,45,20.5,-1.3115878105163574,-0.5058674546551052
COHFACE_s08_session3_natural,19,46,20.533333333333335,-1.3239747285842896,0.11272048358609121
COHFACE_s08_session3_natural,19,47,20.566666666666666,-1.3397834300994873,0.6862164770503322
COHFACE_s08_session3_natural,19,48,20.6,-1.3603827953338623,1.1027670461254393
COHFACE_s08_session3_natural,19,49,20.633333333333333,-1.3259822130203247,1.290297492788702
COHFACE_s08_session3_natural,19,50,20.666666666666668,-0.9663270711898804,1.2381762109001986
COHFACE_s08_session3_natural,19,51,20.7,-0.20264744758605957,1.0001050296747593
COHFACE_s08_session3_natural,19,52,20.733333333333334,0.5596863031387329,0.6761644565389379
COHFACE_s08_session3_natural,19,53,20.766666666666666,0.9622964859008789,0.38036366883661266
COHFACE_s08_session3_natural,19,54,20.8,0.9802039861679077,0.20471686523763752
COHFACE_s08_session3_natural,19,55,20.833333333333332,0.8215688467025757,0.1911641579686193
COHFACE_s08_session3_natural,19,56,20.866666666666667,0.665648341178894,0.32002443919532175
COHFACE_s08_session3_natural,19,57,20.9,0.44421157240867615,0.5186380389894116
COHFACE_s08_session3_natural,19,58,20.933333333333334,0.17484666407108307,0.6872206169228705
COHFACE_s08_session3_natural,19,59,20.966666666666665,0.05766106769442558,0.7330969421800048
COHFACE_s08_session3_natural,19,60,21.0,0.033525899052619934,0.6018026085123838
COHFACE_s08_session3_natural,19,61,21.033333333333335,0.02784569375216961,0.2947257442101929
COHFACE_s08_session3_natural,19,62,21.066666666666666,0.004189577419310808,-0.1324529702050193
COHFACE_s08_session3_natural,19,63,21.1,-0.03887961059808731,-0.5891944973435932
COHFACE_s08_session3_natural,19,64,21.133333333333333,-0.14185328781604767,-0.9789046318914079
COHFACE_s08_session3_natural,19,65,21.166666666666668,-0.28972113132476807,-1.2256558631587537
COHFACE_s08_session3_natural,19,66,21.2,-0.38934141397476196,-1.2907996462365268
COHFACE_s08_session3_natural,19,67,21.233333333333334,-0.4461206793785095,-1.1776772901476786
COHFACE_s08_session3_natural,19,68,21.266666666666666,-0.42686727643013,-0.9268349013161951
COHFACE_s08_session3_natural,19,69,21.3,-0.165007546544075,-0.6048960383792628
COHFACE_s08_session3_natural,19,70,21.333333333333332,0.15385957062244415,-0.28903764492446654
COHFACE_s08_session3_natural,19,71,21.366666666666667,0.2632434368133545,-0.048529302571876445
COHFACE_s08_session3_natural,19,72,21.4,0.23773954808712006,0.07358592104195766
COHFACE_s08_session3_natural,19,73,21.433333333333334,0.17226889729499817,0.07364431746552733
COHFACE_s08_session3_natural,19,74,21.466666666666665,0.022347984835505486,-0.00959155844869031
COHFACE_s08_session3_natural,19,75,21.5,-0.12593045830726624,-0.10473774773105643
COHFACE_s08_session3_natural,19,76,21.533333333333335,-0.14835472404956818,-0.129742422597544
COHFACE_s08_session3_natural,19,77,21.566666666666666,0.19770435988903046,-0.020761962234537246
COHFACE_s08_session3_natural,19,78,21.6,0.8171204924583435,0.24171344754591825
COHFACE_s08_session3_natural,19,79,21.633333333333333,1.2843800783157349,0.620175963717051
COHFACE_s08_session3_natural,19,80,21.666666666666668,1.3925548791885376,1.0270109908077356
COHFACE_s08_session3_natural,19,81,21.7,1.2557281255722046,1.3493371167023065
COHFACE_s08_session3_natural,19,82,21.733333333333334,1.0791627168655396,1.4831760298784435
COHFACE_s08_session3_natural,19,83,21.766666666666666,0.880606472492218,1.3652120876495681
COHFACE_s08_session3_natural,19,84,21.8,0.6677926778793335,0.9919720378430386
COHFACE_s08_session3_natural,19,85,21.833333333333332,0.515088677406311,0.4213636554003474
COHFACE_s08_session3_natural,19,86,21.866666666666667,0.4280834496021271,-0.24227481852835334
COHFACE_s08_session3_natural,19,87,21.9,0.37604913115501404,-0.8737474182973496
COHFACE_s08_session3_natural,19,88,21.933333333333334,0.3262503743171692,-1.3555951897944978
COHFACE_s08_session3_natural,19,89,21.966666666666665,0.22329950332641602,-1.602871865713821
COHFACE_s08_session3_natural,19,90,22.0,0.053372398018836975,-1.5792316868670024
COHFACE_s08_session3_natural,19,91,22.033333333333335,-0.12624983489513397,-1.3018838531347032
COHFACE_s08_session3_natural,19,92,22.066666666666666,-0.27473360300064087,-0.8354507008139171
COHFACE_s08_session3_natural,19,93,22.1,-0.3880411386489868,-0.27686971458109466
COHFACE_s08_session3_natural,19,94,22.133333333333333,-0.4891670346260071,0.26519160340253833
COHFACE_s08_session3_natural,19,95,22.166666666666668,-0.5875326991081238,0.6926287083516136
COHFACE_s08_session3_natural,19,96,22.2,-0.6701352000236511,0.9384147121966683
COHFACE_s08_session3_natural,19,97,22.233333333333334,-0.7298572063446045,0.9813882966138815
COHFACE_s08_session3_natural,19,98,22.266666666666666,-0.7886894941329956,0.8502438329813998
COHFACE_s08_session3_natural,19,99,22.3,-0.8579925894737244,0.613103498233215
COHFACE_s08_session3_natural,19,100,22.333333333333332,-0.8976627588272095,0.35477849352511553
COHFACE_s08_session3_natural,19,101,22.366666666666667,-0.7788575291633606,0.14985540358584787
COHFACE_s08_session3_natural,19,102,22.4,-0.28743991255760193,0.0413721023291965
COHFACE_s08_session3_natural,19,103,22.433333333333334,0.43079808354377747,0.031962934798410746
COHFACE_s08_session3_natural,19,104,22.466666666666665,0.9794055223464966,0.08932444591336298
COHFACE_s08_session3_natural,19,105,22.5,1.186676025390625,0.16262179818474012
COHFACE_s08_session3_natural,19,106,22.533333333333335,1.1572028398513794,0.202645548310686
COHFACE_s08_session3_natural,19,107,22.566666666666666,1.029135823249817,0.17775478761173288
COHFACE_s08_session3_natural,19,108,22.6,0.8509279489517212,0.0803971692781746
COHFACE_s08_session3_natural,19,109,22.633333333333333,0.6145721077919006,-0.07622270784983765
COHFACE_s08_session3_natural,19,110,22.666666666666668,0.4041079580783844,-0.26743115952404073
COHFACE_s08_session3_natural,19,111,22.7,0.29029855132102966,-0.4667356474097609
COHFACE_s08_session3_natural,19,112,22.733333333333334,0.23358774185180664,-0.6517591546767414
COHFACE_s08_session3_natural,19,113,22.766666666666666,0.2095666378736496,-0.8054050499297364
COHFACE_s08_session3_natural,19,114,22.8,0.12201391160488129,-0.9136066033265264
COHFACE_s08_session3_natural,19,115,22.833333333333332,-0.037305574864149094,-0.9621819586671869
COHFACE_s08_session3_natural,19,116,22.866666666666667,-0.21742966771125793,-0.9354307396986976
COHFACE_s08_session3_natural,19,117,22.9,-0.36552563309669495,-0.8181910438191397
COHFACE_s08_session3_natural,19,118,22.933333333333334,-0.5030139684677124,-0.601301485887545
COHFACE_s08_session3_natural,19,119,22.966666666666665,-0.6136981248855591,-0.2884788603957461
COHFACE_s08_session3_natural,19,120,23.0,-0.693608820438385,0.09855149138805992
COHFACE_s08_session3_natural,19,121,23.033333333333335,-0.7394382357597351,0.5195039670069369
COHFACE_s08_session3_natural,19,122,23.066666666666666,-0.7878454923629761,0.9205570130074177
COHFACE_s08_session3_natural,19,123,23.1,-0.8445791006088257,1.2437088824634732
COHFACE_s08_session3_natural,19,124,23.133333333333333,-0.8996245861053467,1.4378282894444607
COHFACE_s08_session3_natural,19,125,23.166666666666668,-0.9666692614555359,1.4686735446436006
COHFACE_s08_session3_natural,19,126,23.2,-0.8820821046829224,1.3260307032944916
COHFACE_s08_session3_natural,19,127,23.233333333333334,-0.42793944478034973,1.02712958728487
COHFACE_s08_session3_natural,19,128,23.266666666666666,0.30343830585479736,0.6159380797004371
COHFACE_s08_session3_natural,19,129,23.3,0.9364047646522522,0.15778908331287358
COHFACE_s08_session3_natural,19,130,23.333333333333332,1.1960289478302002,-0.27125006615898917
COHFACE_s08_session3_natural,19,131,23.366666666666667,1.1939986944198608,-0.599686281465502
COHFACE_s08_session3_natural,19,132,23.4,1.1556059122085571,-0.7774555729046393
COHFACE_s08_session3_natural,19,133,23.433333333333334,1.1158217191696167,-0.7890256242157415
COHFACE_s08_session3_natural,19,134,23.466666666666665,0.9375225901603699,-0.6576449574167951
COHFACE_s08_session3_natural,19,135,23.5,0.6823011636734009,-0.4384887543119317
COHFACE_s08_session3_natural,19,136,23.533333333333335,0.5169364809989929,-0.20273534814254432
COHFACE_s08_session3_natural,19,137,23.566666666666666,0.4330793023109436,-0.018270559095467355
COHFACE_s08_session3_natural,19,138,23.6,0.38207149505615234,0.06616936719587788
COHFACE_s08_session3_natural,19,139,23.633333333333333,0.3057651221752167,0.02887995014045707
COHFACE_s08_session3_natural,19,140,23.666666666666668,0.18454179167747498,-0.1248495974335488
COHFACE_s08_session3_natural,19,141,23.7,0.013679398223757744,-0.36690587490602977
COHFACE_s08_session3_natural,19,142,23.733333333333334,-0.15734268724918365,-0.6506277951292857
COHFACE_s08_session3_natural,19,143,23.766666666666666,-0.3199014961719513,-0.9141033597848237
COHFACE_s08_session3_natural,19,144,23.8,-0.4557245373725891,-1.0850879725056097
COHFACE_s08_session3_natural,19,145,23.833333333333332,-0.560956597328186,-1.091699459762849
COHFACE_s08_session3_natural,19,146,23.866666666666667,-0.6401144862174988,-0.8807649273605648
COHFACE_s08_session3_natural,19,147,23.9,-0.7039426565170288,-0.44031140792120277
COHFACE_s08_session3_natural,19,148,23.933333333333334,-0.7551329731941223,0.18286303851690558
COHFACE_s08_session3_natural,19,149,23.966666666666665,-0.8114103078842163,0.881270873381425
COHFACE_s08_session3_natural,19,150,24.0,-0.8759912848472595,1.5066231443203588
COHFACE_s08_session3_natural,19,151,24.033333333333335,-0.7997077703475952,1.908547250885961
COHFACE_s08_session3_natural,19,152,24.066666666666666,-0.3078795373439789,1.9799483470805177
COHFACE_s08_session3_natural,19,153,24.1,0.46323683857917786,1.6925254208562983
COHFACE_s08_session3_natural,19,154,24.133333333333333,1.092576265335083,1.1091036130257477
COHFACE_s08_session3_natural,19,155,24.166666666666668,1.3541165590286255,0.36793181428832405
COHFACE_s08_session3_natural,19,156,24.2,1.3021962642669678,-0.3562614735657688
COHFACE_s08_session3_natural,19,157,24.233333333333334,1.1385653018951416,-0.9020265943684321
COHFACE_s08_session3_natural,19,158,24.266666666666666,0.9750028252601624,-1.165834379585337
COHFACE_s08_session3_natural,19,159,24.3,0.7453308701515198,-1.1276646960148353
COHFACE_s08_session3_natural,19,160,24.333333333333332,0.5210198163986206,-0.8505796051854244
COHFACE_s08_session3_natural,19,161,24.366666666666667,0.3951199948787689,-0.45608457007182784
COHFACE_s08_session3_natural,19,162,24.4,0.35380735993385315,-0.08416432826988338
COHFACE_s08_session3_natural,19,163,24.433333333333334,0.3275050222873688,0.14916850116150426
COHFACE_s08_session3_natural,19,164,24.466666666666665,0.24305474758148193,0.18367553846129578
COHFACE_s08_session3_natural,19,165,24.5,0.10709482431411743,0.02707943647607092
COHFACE_s08_session3_natural,19,166,24.533333333333335,-0.05233873054385185,-0.2536004524958436
COHFACE_s08_session3_natural,19,167,24.566666666666666,-0.23449310660362244,-0.5557765420360055
COHFACE_s08_session3_natural,19,168,24.6,-0.40446582436561584,-0.771544976638148
COHFACE_s08_session3_natural,19,169,24.633333333333333,-0.522655189037323,-0.8165390031634268
COHFACE_s08_session3_natural,19,170,24.666666666666668,-0.616732120513916,-0.6510772371096066
COHFACE_s08_session3_natural,19,171,24.7,-0.7000418305397034,-0.28943425672969164
COHFACE_s08_session3_natural,19,172,24.733333333333334,-0.759900689125061,0.20409175535301854
COHFACE_s08_session3_natural,19,173,24.766666666666666,-0.8027873635292053,0.7308786183173499
COHFACE_s08_session3_natural,19,174,24.8,-0.8891310691833496,1.1819641598397668
COHFACE_s08_session3_natural,19,175,24.833333333333332,-0.9773909449577332,1.4648784280172176
COHFACE_s08_session3_natural,19,176,24.866666666666667,-0.8563501238822937,1.5259846858332007
COHFACE_s08_session3_natural,19,177,24.9,-0.335482120513916,1.3611594870119261
COHFACE_s08_session3_natural,19,178,24.933333333333334,0.4057276248931885,1.0114100555626804
COHFACE_s08_session3_natural,19,179,24.966666666666665,0.9163301587104797,0.5458683725859781
COHFACE_s08_session3_natural,19,180,25.0,0.9194325804710388,0.03947201941825384
COHFACE_s08_session3_natural,19,181,25.033333333333335,0.5669633150100708,-0.4459159604572599
COHFACE_s08_session3_natural,19,182,25.066666666666666,0.2837514877319336,-0.8707725493058203
COHFACE_s08_session3_natural,19,183,25.1,-0.03224129602313042,-1.2160290756457
COHFACE_s08_session3_natural,19,184,25.133333333333333,-0.45937448740005493,-1.4727830563955489
COHFACE_s08_session3_natural,19,185,25.166666666666668,-0.71208655834198,-1.6294980616827706
COHFACE_s08_session3_natural,19,186,25.2,-0.7337808609008789,-1.664082396620455
COHFACE_s08_session3_natural,19,187,25.233333333333334,-0.7384801506996155,-1.5465279159235945
COHFACE_s08_session3_natural,19,188,25.266666666666666,-0.7583038210868835,-1.2524328526005637
COHFACE_s08_session3_natural,19,189,25.3,-0.768546462059021,-0.7813838730655663
COHFACE_s08_session3_natural,19,190,25.333333333333332,-0.7923850417137146,-0.17058812944617016
COHFACE_s08_session3_natural,19,191,25.366666666666667,-0.8155393004417419,0.5042960572649691
COHFACE_s08_session3_natural,19,192,25.4,-0.8334923982620239,1.1429766413329956
COHFACE_s08_session3_natural,19,193,25.433333333333334,-0.8773828148841858,1.6439051214303841
COHFACE_s08_session3_natural,19,194,25.466666666666665,-0.8966818451881409,1.9285700364562859
COHFACE_s08_session3_natural,19,195,25.5,-0.8941268920898438,1.9589442181575825
COHFACE_s08_session3_natural,19,196,25.533333333333335,-0.8905454277992249,1.7441256593463523
COHFACE_s08_session3_natural,19,197,25.566666666666666,-0.8997842669487,1.336193013662783
COHFACE_s08_session3_natural,19,198,25.6,-0.9291662573814392,0.817550898306159
COHFACE_s08_session3_natural,19,199,25.633333333333333,-0.9072210192680359,0.28307827297820887
COHFACE_s08_session3_natural,19,200,25.666666666666668,-0.5944903492927551,-0.17884379414835935
COHFACE_s08_session3_natural,19,201,25.7,0.1181814894080162,-0.5025681479441798
COHFACE_s08_session3_natural,19,202,25.733333333333334,0.8779146671295166,-0.6564719120765988
COHFACE_s08_session3_natural,19,203,25.766666666666666,1.2712175846099854,-0.6484546872987997
COHFACE_s08_session3_natural,19,204,25.8,1.2290380001068115,-0.5245409423176951
COHFACE_s08_session3_natural,19,205,25.833333333333332,1.0248243808746338,-0.35899636325284046
COHFACE_s08_session3_natural,19,206,25.866666666666667,0.8862866759300232,-0.23574047723136723
COHFACE_s08_session3_natural,19,207,25.9,0.7310961484909058,-0.2244753075169934
COHFACE_s08_session3_natural,19,208,25.933333333333334,0.5904825925827026,-0.3589908938581768
COHFACE_s08_session3_natural,19,209,25.966666666666665,0.514427125453949,-0.6258118326196734
COHFACE_s08_session3_natural,19,210,26.0,0.4985499382019043,-0.966988905602001
COHFACE_s08_session3_natural,19,211,26.033333333333335,0.4909535050392151,-1.294916431307534
COHFACE_s08_session3_natural,19,212,26.066666666666666,0.4500514566898346,-1.5138618747058579
COHFACE_s08_session3_natural,19,213,26.1,0.31719398498535156,-1.5428418563753021
COHFACE_s08_session3_natural,19,214,26.133333333333333,0.06393438577651978,-1.3356767460952486
COHFACE_s08_session3_natural,19,215,26.166666666666668,-0.15170809626579285,-0.8947567331358763
COHFACE_s08_session3_natural,19,216,26.2,-0.2503474950790405,-0.2749325123474655
COHFACE_s08_session3_natural,19,217,26.233333333333334,-0.33863019943237305,0.42534228810005675
COHFACE_s08_session3_natural,19,218,26.266666666666666,-0.4589182436466217,1.0854208985001244
COHFACE_s08_session3_natural,19,219,26.3,-0.5720661282539368,1.5915621699243543
COHFACE_s08_session3_natural,19,220,26.333333333333332,-0.7472171783447266,1.864964414086799
COHFACE_s08_session3_natural,19,221,26.366666666666667,-0.9429903626441956,1.8795031977449044
COHFACE_s08_session3_natural,19,222,26.4,-0.9919222593307495,1.6638254620004138
COHFACE_s08_session3_natural,19,223,26.433333333333334,-0.6795793771743774,1.2885013348782781
COHFACE_s08_session3_natural,19,224,26.466666666666665,0.04048357903957367,0.8439050495164595
COHFACE_s08_session3_natural,19,225,26.5,0.7425249814987183,0.41649221647419216
COHFACE_s08_session3_natural,19,226,26.533333333333335,1.0654754638671875,0.0700285100528914
COHFACE_s08_session3_natural,19,227,26.566666666666666,1.0432108640670776,-0.1644557228335293
COHFACE_s08_session3_natural,19,228,26.6,0.9458490014076233,-0.28900672967623536
COHFACE_s08_session3_natural,19,229,26.633333333333333,0.8139039874076843,-0.33062003994440187
COHFACE_s08_session3_natural,19,230,26.666666666666668,0.5992652177810669,-0.32763703251637377
COHFACE_s08_session3_natural,19,231,26.7,0.377828449010849,-0.31514592946283765
COHFACE_s08_session3_natural,19,232,26.733333333333334,0.19218383729457855,-0.31457167397845565
COHFACE_s08_session3_natural,19,233,26.766666666666666,0.07933253049850464,-0.33098912667667985
COHFACE_s08_session3_natural,19,234,26.8,0.03188342973589897,-0.35751688756250743
COHFACE_s08_session3_natural,19,235,26.833333333333332,0.01618872582912445,-0.38264726127834575
COHFACE_s08_session3_natural,19,236,26.866666666666667,-0.019215606153011322,-0.3963707871335044
COHFACE_s08_session3_natural,19,237,26.9,-0.1742464303970337,-0.3932959299085952
COHFACE_s08_session3_natural,19,238,26.933333333333334,-0.3546442687511444,-0.37304388655197357
COHFACE_s08_session3_natural,19,239,26.966666666666665,-0.49667221307754517,-0.33903617890385596
COHFACE_s08_session3_natural,20,0,20.0,1.0645173788070679,-0.10863060336057447
COHFACE_s08_session3_natural,20,1,20.033333333333335,0.8227094411849976,0.17546118209921877
COHFACE_s08_session3_natural,20,2,20.066666666666666,0.553504228591919,0.440166196639864
COHFACE_s08_session3_natural,20,3,20.1,0.33909356594085693,0.6590161051216433
COHFACE_s08_session3_natural,20,4,20.133333333333333,0.18109717965126038,0.8018025553571773
COHFACE_s08_session3_natural,20,5,20.166666666666668,0.06603309512138367,0.8374977412806281
COHFACE_s08_session3_natural,20,6,20.2,-0.07385051250457764,0.740501911666752
COHFACE_s08_session3_natural,20,7,20.233333333333334,-0.2751898467540741,0.4991963714205758
COHFACE_s08_session3_natural,20,8,20.266666666666666,-0.5220620632171631,0.1250000479118531
COHFACE_s08_session3_natural,20,9,20.3,-0.7447306513786316,-0.3410748883427272
COHFACE_s08_session3_natural,20,10,20.333333333333332,-0.9332495927810669,-0.8284605328620774
COHFACE_s08_session3_natural,20,11,20.366666666666667,-1.0894666910171509,-1.2468356007344332
COHFACE_s08_session3_natural,20,12,20.4,-1.206538200378418,-1.5051128725067835
COHFACE_s08_session3_natural,20,13,20.433333333333334,-1.2943190336227417,-1.534780961147774
COHFACE_s08_session3_natural,20,14,20.466666666666665,-1.3165607452392578,-1.310753807942458
COHFACE_s08_session3_natural,20,15,20.5,-1.3115878105163574,-0.8633190686565027
COHFACE_s08_session3_natural,20,16,20.533333333333335,-1.3239747285842896,-0.27666240682911664
COHFACE_s08_session3_natural,20,17,20.566666666666666,-1.3397834300994873,0.3277974400447818
COHFACE_s08_session3_natural,20,18,20.6,-1.3603827953338623,0.8213349706340352
COHFACE_s08_session3_natural,20,19,20.633333333333333,-1.3259822130203247,1.1040875409315176
COHFACE_s08_session3_natural,20,20,20.666666666666668,-0.9663270711898804,1.1353859981628667
COHFACE_s08_session3_natural,20,21,20.7,-0.20264744758605957,0.9458495769359822
COHFACE_s08_session3_natural,20,22,20.733333333333334,0.5596863031387329,0.6258291541928684
COHFACE_s08_session3_natural,20,23,20.766666666666666,0.9622964859008789,0.29455218880285294
COHFACE_s08_session3_natural,20,24,20.8,0.9802039861679077,0.06091887221558713
COHFACE_s08_session3_natural,20,25,20.833333333333332,0.8215688467025757,-0.011037864838927602
COHFACE_s08_session3_natural,20,26,20.866666666666667,0.665648341178894,0.07937477281593458
COHFACE_s08_session3_natural,20,27,20.9,0.44421157240867615,0.27326971571107644
COHFACE_s08_session3_natural,20,28,20.933333333333334,0.17484666407108307,0.47634835279315857
COHFACE_s08_session3_natural,20,29,20.966666666666665,0.05766106769442558,0.5942466112505417
COHFACE_s08_session3_natural,20,30,21.0,0.033525899052619934,0.5662913095479539
COHFACE_s08_session3_natural,20,31,21.033333333333335,0.02784569375216961,0.38589292849282925
COHFACE_s08_session3_natural,20,32,21.066666666666666,0.004189577419310808,0.1005222493403728
COHFACE_s08_session3_natural,20,33,21.1,-0.03887961059808731,-0.2082006227906267
COHFACE_s08_session3_natural,20,34,21.133333333333333,-0.14185328781604767,-0.45559802559459095
COHFACE_s08_session3_natural,20,35,21.166666666666668,-0.28972113132476807,-0.5833024358311846
COHFACE_s08_session3_natural,20,36,21.2,-0.38934141397476196,-0.5765304703632853
COHFACE_s08_session3_natural,20,37,21.233333333333334,-0.4461206793785095,-0.4654668052368196
COHFACE_s08_session3_natural,20,38,21.266666666666666,-0.42686727643013,-0.31299695853248893
COHFACE_s08_session3_natural,20,39,21.3,-0.165007546544075,-0.19416631529616676
COHFACE_s08_session3_natural,20,40,21.333333333333332,0.15385957062244415,-0.17306012870730234
COHFACE_s08_session3_natural,20,41,21.366666666666667,0.2632434368133545,-0.28204096927580996
COHFACE_s08_session3_natural,20,42,21.4,0.23773954808712006,-0.5079382530199159
COHFACE_s08_session3_natural,20,43,21.433333333333334,0.17226889729499817,-0.7894492952378604
COHFACE_s08_session3_natural,20,44,21.466666666666665,0.022347984835505486,-1.0284932400489164
COHFACE_s08_session3_natural,20,45,21.5,-0.12593045830726624,-1.1151480646769958
COHFACE_s08_session3_natural,20,46,21.533333333333335,-0.14835472404956818,-0.9615081898985075
COHFACE_s08_session3_natural,20,47,21.566666666666666,0.19770435988903046,-0.5353415019256117
COHFACE_s08_session3_natural,20,48,21.6,0.8171204924583435,0.1183436160357259
COHFACE_s08_session3_natural,20,49,21.633333333333333,1.2843800783157349,0.8783090728248051
COHFACE_s08_session3_natural,20,50,21.666666666666668,1.3925548791885376,1.5744193264192774
COHFACE_s08_session3_natural,20,51,21.7,1.2557281255722046,2.034810480187537
COHFACE_s08_session3_natural,20,52,21.733333333333334,1.0791627168655396,2.1371466406786888
COHFACE_s08_session3_natural,20,53,21.766666666666666,0.880606472492218,1.8455072669702577
COHFACE_s08_session3_natural,20,54,21.8,0.6677926778793335,1.2206532296988675
COHFACE_s08_session3_natural,20,55,21.833333333333332,0.515088677406311,0.40221737395318125
COHFACE_s08_session3_natural,20,56,21.866666666666667,0.4280834496021271,-0.42945865948985207
COHFACE_s08_session3_natural,20,57,21.9,0.37604913115501404,-1.0994401500914055
COHFACE_s08_session3_natural,20,58,21.933333333333334,0.3262503743171692,-1.479681750152104
COHFACE_s08_session3_natural,20,59,21.966666666666665,0.22329950332641602,-1.5162129650519356
COHFACE_s08_session3_natural,20,60,22.0,0.053372398018836975,-1.2367656741042554
COHFACE_s08_session3_natural,20,61,22.033333333333335,-0.12624983489513397,-0.7384905537453761
COHFACE_s08_session3_natural,20,62,22.066666666666666,-0.27473360300064087,-0.16013291757350273
COHFACE_s08_session3_natural,20,63,22.1,-0.3880411386489868,0.353423937305008
COHFACE_s08_session3_natural,20,64,22.133333333333333,-0.4891670346260071,0.6850304927262185
COHFACE_s08_session3_natural,20,65,22.166666666666668,-0.5875326991081238,0.7699048105867003
COHFACE_s08_session3_natural,20,66,22.2,-0.6701352000236511,0.6071062375499109
COHFACE_s08_session3_natural,20,67,22.233333333333334,-0.7298572063446045,0.2571810524035131
COHFACE_s08_session3_natural,20,68,22.266666666666666,-0.7886894941329956,-0.17340461002741722
COHFACE_s08_session3_natural,20,69,22.3,-0.8579925894737244,-0.5589607287188066
COHFACE_s08_session3_natural,20,70,22.333333333333332,-0.8976627588272095,-0.7868745325091916
COHFACE_s08_session3_natural,20,71,22.366666666666667,-0.7788575291633606,-0.7870055539816337
COHFACE_s08_session3_natural,20,72,22.4,-0.28743991255760193,-0.5500804705055027
COHFACE_s08_session3_natural,20,73,22.433333333333334,0.43079808354377747,-0.13025641450725328
COHFACE_s08_session3_natural,20,74,22.466666666666665,0.9794055223464966,0.36888893056103433
COHFACE_s08_session3_natural,20,75,22.5,1.186676025390625,0.8217553721785489
COHFACE_s08_session3_natural,20,76,22.533333333333335,1.1572028398513794,1.1148166664247758
COHFACE_s08_session3_natural,20,77,22.566666666666666,1.029135823249817,1.177845265206825
COHFACE_s08_session3_natural,20,78,22.6,0.8509279489517212,1.001732247217071
COHFACE_s08_session3_natural,20,79,22.633333333333333,0.6145721077919006,0.6361775335694707
COHFACE_s08_session3_natural,20,80,22.666666666666668,0.4041079580783844,0.16924699240146293
COHFACE_s08_session3_natural,20,81,22.7,0.29029855132102966,-0.3015213972004876
COHFACE_s08_session3_natural,20,82,22.733333333333334,0.23358774185180664,-0.6955158625175569
COHFACE_s08_session3_natural,20,83,22.766666666666666,0.2095666378736496,-0.9655143914839814
COHFACE_s08_session3_natural,20,84,22.8,0.12201391160488129,-1.1010637711772728
COHFACE_s08_session3_natural,20,85,22.833333333333332,-0.037305574864149094,-1.1197581891384913
COHFACE_s08_session3_natural,20,86,22.866666666666667,-0.21742966771125793,-1.0513872416012988
COHFACE_s08_session3_natural,20,87,22.9,-0.36552563309669495,-0.9221047344774395
COHFACE_s08_session3_natural,20,88,22.933333333333334,-0.5030139684677124,-0.7447771000045458
COHFACE_s08_session3_natural,20,89,22.966666666666665,-0.6136981248855591,-0.5184261352383348
COHFACE_s08_session3_natural,20,90,23.0,-0.693608820438385,-0.23600017778839125
COHFACE_s08_session3_natural,20,91,23.033333333333335,-0.7394382357597351,0.10331343994036359
COHFACE_s08_session3_natural,20,92,23.066666666666666,-0.7878454923629761,0.482744096989917
COHFACE_s08_session3_natural,20,93,23.1,-0.8445791006088257,0.8628765489860261
COHFACE_s08_session3_natural,20,94,23.133333333333333,-0.8996245861053467,1.1859350483535829
COHFACE_s08_session3_natural,20,95,23.166666666666668,-0.9666692614555359,1.388927277048147
COHFACE_s08_session3_natural,20,96,23.2,-0.8820821046829224,1.4216724295861354
COHFACE_s08_session3_natural,20,97,23.233333333333334,-0.42793944478034973,1.2637743950907236
COHFACE_s08_session3_natural,20,98,23.266666666666666,0.30343830585479736,0.934892858782249
COHFACE_s08_session3_natural,20,99,23.3,0.9364047646522522,0.4945610670637837
COHFACE_s08_session3_natural,20,100,23.333333333333332,1.1960289478302002,0.03040761371435732
COHFACE_s08_session3_natural,20,101,23.366666666666667,1.1939986944198608,-0.3630966962179137
COHFACE_s08_session3_natural,20,102,23.4,1.1556059122085571,-0.6096996457006486
COHFACE_s08_session3_natural,20,103,23.433333333333334,1.1158217191696167,-0.6724809393451666
COHFACE_s08_session3_natural,20,104,23.466666666666665,0.9375225901603699,-0.5641399190407174
COHFACE_s08_session3_natural,20,105,23.5,0.6823011636734009,-0.3430348851780743
COHFACE_s08_session3_natural,20,106,23.533333333333335,0.5169364809989929,-0.09611720884463609
COHFACE_s08_session3_natural,20,107,23.566666666666666,0.4330793023109436,0.08588479187010377
COHFACE_s08_session3_natural,20,108,23.6,0.38207149505615234,0.13321772537749532
COHFACE_s08_session3_natural,20,109,23.633333333333333,0.3057651221752167,0.01452961637623175
COHFACE_s08_session3_natural,20,110,23.666666666666668,0.18454179167747498,-0.2567733762338969
COHFACE_s08_session3_natural,20,111,23.7,0.013679398223757744,-0.6266926436458035
COHFACE_s08_session3_natural,20,112,23.733333333333334,-0.15734268724918365,-1.0121640510012822
COHFACE_s08_session3_natural,20,113,23.766666666666666,-0.3199014961719513,-1.316653263790525
COHFACE_s08_session3_natural,20,114,23.8,-0.4557245373725891,-1.4479884404989691
COHFACE_s08_session3_natural,20,115,23.833333333333332,-0.560956597328186,-1.3376561643583664
COHFACE_s08_session3_natural,20,116,23.866666666666667,-0.6401144862174988,-0.959899741167058
COHFACE_s08_session3_natural,20,117,23.9,-0.7039426565170288,-0.34640351108708994
COHFACE_s08_session3_natural,20,118,23.933333333333334,-0.7551329731941223,0.4099388599584177
COHFACE_s08_session3_natural,20,119,23.966666666666665,-0.8114103078842163,1.1679612796437713
COHFACE_s08_session3_natural,20,120,24.0,-0.8759912848472595,1.7686363766878344
COHFACE_s08_session3_natural,20,121,24.033333333333335,-0.7997077703475952,2.0763112587624315
COHFACE_s08_session3_natural,20,122,24.066666666666666,-0.3078795373439789,2.0180604190939007
COHFACE_s08_session3_natural,20,123,24.1,0.46323683857917786,1.607259276371024
COHFACE_s08_session3_natural,20,124,24.133333333333333,1.092576265335083,0.9424372521311032
COHFACE_s08_session3_natural,20,125,24.166666666666668,1.3541165590286255,0.18124812213998573
COHFACE_s08_session3_natural,20,126,24.2,1.3021962642669678,-0.5020637782453807
COHFACE_s08_session3_natural,20,127,24.233333333333334,1.1385653018951416,-0.9624804762571288
COHFACE_s08_session3_natural,20,128,24.266666666666666,0.9750028252601624,-1.120353041649161
COHFACE_s08_session3_natural,20,129,24.3,0.7453308701515198,-0.978849585625417
COHFACE_s08_session3_natural,20,130,24.333333333333332,0.5210198163986206,-0.6190021640871222
COHFACE_s08_session3_natural,20,131,24.366666666666667,0.3951199948787689,-0.17416649231545203
COHFACE_s08_session3_natural,20,132,24.4,0.35380735993385315,0.2091382411644818
COHFACE_s08_session3_natural,20,133,24.433333333333334,0.3275050222873688,0.4131179729294244
COHFACE_s08_session3_natural,20,134,24.466666666666665,0.24305474758148193,0.38104821665936334
COHFACE_s08_session3_natural,20,135,24.5,0.10709482431411743,0.13048982445843693
COHFACE_s08_session3_natural,20,136,24.533333333333335,-0.05233873054385185,-0.2555773612335532
COHFACE_s08_session3_natural,20,137,24.566666666666666,-0.23449310660362244,-0.6553311389430309
COHFACE_s08_session3_natural,20,138,24.6,-0.40446582436561584,-0.9434676794665802
COHFACE_s08_session3_natural,20,139,24.633333333333333,-0.522655189037323,-1.0253844067911557
COHFACE_s08_session3_natural,20,140,24.666666666666668,-0.616732120513916,-0.8617554425539905
COHFACE_s08_session3_natural,20,141,24.7,-0.7000418305397034,-0.47803397685619536
COHFACE_s08_session3_natural,20,142,24.733333333333334,-0.759900689125061,0.043006404236625294
COHFACE_s08_session3_natural,20,143,24.766666666666666,-0.8027873635292053,0.583744169769712
COHFACE_s08_session3_natural,20,144,24.8,-0.8891310691833496,1.0234666089102258
COHFACE_s08_session3_natural,20,145,24.833333333333332,-0.9773909449577332,1.2706952961533522
COHFACE_s08_session3_natural,20,146,24.866666666666667,-0.8563501238822937,1.2863794306203975
COHFACE_s08_session3_natural,20,147,24.9,-0.335482120513916,1.0906112868713231
COHFACE_s08_session3_natural,20,148,24.933333333333334,0.4057276248931885,0.7511756538350356
COHFACE_s08_session3_natural,20,149,24.966666666666665,0.9163301587104797,0.3586150474902486
COHFACE_s08_session3_natural,20,150,25.0,0.9194325804710388,-0.003365285249858215
COHFACE_s08_session3_natural,20,151,25.033333333333335,0.5669633150100708,-0.2823982017092256
COHFACE_s08_session3_natural,20,152,25.066666666666666,0.2837514877319336,-0.4690536298651678
COHFACE_s08_session3_natural,20,153,25.1,-0.03224129602313042,-0.5918595922608827
COHFACE_s08_session3_natural,20,154,25.133333333333333,-0.45937448740005493,-0.6974908875281395
COHFACE_s08_session3_natural,20,155,25.166666666666668,-0.71208655834198,-0.8234824193619625
COHFACE_s08_session3_natural,20,156,25.2,-0.7337808609008789,-0.974752533426676
COHFACE_s08_session3_natural,20,157,25.233333333333334,-0.7384801506996155,-1.1146527936033501
COHFACE_s08_session3_natural,20,158,25.266666666666666,-0.7583038210868835,-1.175212556294868
COHFACE_s08_session3_natural,20,159,25.3,-0.768546462059021,-1.0828895396752394
COHFACE_s08_session3_natural,20,160,25.333333333333332,-0.7923850417137146,-0.7898675581282268
COHFACE_s08_session3_natural,20,161,25.366666666666667,-0.8155393004417419,-0.2990655686575089
COHFACE_s08_session3_natural,20,162,25.4,-0.8334923982620239,0.32641673456222836
COHFACE_s08_session3_natural,20,163,25.433333333333334,-0.8773828148841858,0.973380880081176
COHFACE_s08_session3_natural,20,164,25.466666666666665,-0.8966818451881409,1.5060761967171488
COHFACE_s08_session3_natural,20,165,25.5,-0.8941268920898438,1.803538742363416
COHFACE_s08_session3_natural,20,166,25.533333333333335,-0.8905454277992249,1.7950768314495316
COHFACE_s08_session3_natural,20,167,25.566666666666666,-0.8997842669487,1.482105320242316
COHFACE_s08_session3_natural,20,168,25.6,-0.9291662573814392,0.9391795677080291
COHFACE_s08_session3_natural,20,169,25.633333333333333,-0.9072210192680359,0.2943158927537169
COHFACE_s08_session3_natural,20,170,25.666666666666668,-0.5944903492927551,-0.30485173742327176
COHFACE_s08_session3_natural,20,171,25.7,0.1181814894080162,-0.7289935085972176
COHFACE_s08_session3_natural,20,172,25.733333333333334,0.8779146671295166,-0.8989540948496547
COHFACE_s08_session3_natural,20,173,25.766666666666666,1.2712175846099854,-0.8039836010186425
COHFACE_s08_session3_natural,20,174,25.8,1.2290380001068115,-0.5024889524242214
COHFACE_s08_session3_natural,20,175,25.833333333333332,1.0248243808746338,-0.10548485355600959
COHFACE_s08_session3_natural,20,176,25.866666666666667,0.8862866759300232,0.25323837720810055
COHFACE_s08_session3_natural,20,177,25.9,0.7310961484909058,0.4527966755373306
COHFACE_s08_session3_natural,20,178,25.933333333333334,0.5904825925827026,0.4171422242437419
COHFACE_s08_session3_natural,20,179,25.966666666666665,0.514427125453949,0.1345518239905404
COHFACE_s08_session3_natural,20,180,26.0,0.4985499382019043,-0.33952348914437086
COHFACE_s08_session3_natural,20,181,26.033333333333335,0.4909535050392151,-0.8952020140852758
COHFACE_s08_session3_natural,20,182,26.066666666666666,0.4500514566898346,-1.3924680558269948
COHFACE_s08_session3_natural,20,183,26.1,0.31719398498535156,-1.6922492359126764
COHFACE_s08_session3_natural,20,184,26.133333333333333,0.06393438577651978,-1.6893731774866698
COHFACE_s08_session3_natural,20,185,26.166666666666668,-0.15170809626579285,-1.3415900121371982
COHFACE_s08_session3_natural,20,186,26.2,-0.2503474950790405,-0.6872558581896103
COHFACE_s08_session3_natural,20,187,26.233333333333334,-0.33863019943237305,0.15592221910380563
COHFACE_s08_session3_natural,20,188,26.266666666666666,-0.4589182436466217,1.0151476602470877
COHFACE_s08_session3_natural,20,189,26.3,-0.5720661282539368,1.7060642646719464
COHFACE_s08_session3_natural,20,190,26.333333333333332,-0.7472171783447266,2.0825695707905667
COHFACE_s08_session3_natural,20,191,26.366666666666667,-0.9429903626441956,2.0757178026616594
COHFACE_s08_session3_natural,20,192,26.4,-0.9919222593307495,1.7092693368603182
COHFACE_s08_session3_natural,20,193,26.433333333333334,-0.6795793771743774,1.0890870343738266
COHFACE_s08_session3_natural,20,194,26.466666666666665,0.04048357903957367,0.3717982333911542
COHFACE_s08_session3_natural,20,195,26.5,0.7425249814987183,-0.27726771843006554
COHFACE_s08_session3_natural,20,196,26.533333333333335,1.0654754638671875,-0.725470966679334
COHFACE_s08_session3_natural,20,197,26.566666666666666,1.0432108640670776,-0.9034425528233962
COHFACE_s08_session3_natural,20,198,26.6,0.9458490014076233,-0.8179602217300924
COHFACE_s08_session3_natural,20,199,26.633333333333333,0.8139039874076843,-0.544475984594811
COHFACE_s08_session3_natural,20,200,26.666666666666668,0.5992652177810669,-0.20130865312676643
COHFACE_s08_session3_natural,20,201,26.7,0.377828449010849,0.08730450852365514
COHFACE_s08_session3_natural,20,202,26.733333333333334,0.19218383729457855,0.2275359974392249
COHFACE_s08_session3_natural,20,203,26.766666666666666,0.07933253049850464,0.17972774285036938
COHFACE_s08_session3_natural,20,204,26.8,0.03188342973589897,-0.03642805827879992
COHFACE_s08_session3_natural,20,205,26.833333333333332,0.01618872582912445,-0.35359317474291724
COHFACE_s08_session3_natural,20,206,26.866666666666667,-0.019215606153011322,-0.679259874531504
COHFACE_s08_session3_natural,20,207,26.9,-0.1742464303970337,-0.9219294390383922
COHFACE_s08_session3_natural,20,208,26.933333333333334,-0.3546442687511444,-1.0144305656369539
COHFACE_s08_session3_natural,20,209,26.966666666666665,-0.49667221307754517,-0.9290910239861683
COHFACE_s08_session3_natural,20,210,27.0,-0.6279100775718689,-0.6816313286714566
COHFACE_s08_session3_natural,20,211,27.033333333333335,-0.7482893466949463,-0.3235786171553489
COHFACE_s08_session3_natural,20,212,27.066666666666666,-0.850350558757782,0.07385373766483612
COHFACE_s08_session3_natural,20,213,27.1,-0.9261550307273865,0.43920710224975007
COHFACE_s08_session3_natural,20,214,27.133333333333333,-0.985420823097229,0.7178349839721538
COHFACE_s08_session3_natural,20,215,27.166666666666668,-1.0542676448822021,0.8821211689896788
COHFACE_s08_session3_natural,20,216,27.2,-1.1246200799942017,0.9327976003884062
COHFACE_s08_session3_natural,20,217,27.233333333333334,-1.0101946592330933,0.8921635131313256
COHFACE_s08_session3_natural,20,218,27.266666666666666,-0.4617469310760498,0.7924907343090941
COHFACE_s08_session3_natural,20,219,27.3,0.3475112318992615,0.6639350919070202
COHFACE_s08_session3_natural,20,220,27.333333333333332,0.951141357421875,0.5255153086560956
COHFACE_s08_session3_natural,20,221,27.366666666666667,1.1442227363586426,0.38127405718594765
COHFACE_s08_session3_natural,20,222,27.4,1.0622589588165283,0.22260172699721642
COHFACE_s08_session3_natural,20,223,27.433333333333334,0.9391878843307495,0.03636669100088809
COHFACE_s08_session3_natural,20,224,27.466666666666665,0.8095240592956543,-0.183625517167362
COHFACE_s08_session3_natural,20,225,27.5,0.6097587943077087,-0.42636570627240356
COHFACE_s08_session3_natural,20,226,27.533333333333335,0.37728098034858704,-0.6595587900391594
COHFACE_s08_session3_natural,20,227,27.566666666666666,0.22165703773498535,-0.8346479225262439
COHFACE_s08_session3_natural,20,228,27.6,0.1560267060995102,-0.899821689183566
COHFACE_s08_session3_natural,20,229,27.633333333333333,0.11126942932605743,-0.8164240273898502
COHFACE_s08_session3_natural,20,230,27.666666666666668,0.01664496771991253,-0.573373283362226
COHFACE_s08_session3_natural,20,231,27.7,-0.14214985072612762,-0.19526633479206051
COHFACE_s08_session3_natural,20,232,27.733333333333334,-0.33028098940849304,0.25861090545707904
COHFACE_s08_session3_natural,20,233,27.766666666666666,-0.5013715028762817,0.7048853864341201
COHFACE_s08_session3_natural,20,234,27.8,-0.6707510948181152,1.053729136481479
COHFACE_s08_session3_natural,20,235,27.833333333333332,-0.83607017993927,1.2287690405937486
COHFACE_s08_session3_natural,20,236,27.866666666666667,-0.9592097401618958,1.1846071574317012
COHFACE_s08_session3_natural,20,237,27.9,-1.0466711521148682,0.9182912058372715
COHFACE_s08_session3_natural,20,238,27.933333333333334,-1.0856342315673828,0.471729207182841
COHFACE_s08_session3_natural,20,239,27.966666666666665,-1.0894666910171509,-0.07629618946905835
COHFACE_s08_session3_natural,21,0,21.0,0.033525899052619934,-0.1607140528483369
COHFACE_s08_session3_natural,21,1,21.033333333333335,0.02784569375216961,-0.43915849873923624
COHFACE_s08_session3_natural,21,2,21.066666666666666,0.004189577419310808,-0.6819391012485885
COHFACE_s08_session3_natural,21,3,21.1,-0.03887961059808731,-0.865114915261667
COHFACE_s08_session3_natural,21,4,21.133333333333333,-0.14185328781604767,-0.9794217764403427
COHFACE_s08_session3_natural,21,5,21.166666666666668,-0.28972113132476807,-1.0297791673915153
COHFACE_s08_session3_natural,21,6,21.2,-0.38934141397476196,-1.0298261375784505
COHFACE_s08_session3_natural,21,7,21.233333333333334,-0.4461206793785095,-0.9957059311809803
COHFACE_s08_session3_natural,21,8,21.266666666666666,-0.42686727643013,-0.942143793178277
COHFACE_s08_session3_natural,21,9,21.3,-0.165007546544075,-0.8805302675167144
COHFACE_s08_session3_natural,21,10,21.333333333333332,0.15385957062244415,-0.8170664246313363
COHFACE_s08_session3_natural,21,11,21.366666666666667,0.2632434368133545,-0.7500933561777429
COHFACE_s08_session3_natural,21,12,21.4,0.23773954808712006,-0.6680877500350758
COHFACE_s08_session3_natural,21,13,21.433333333333334,0.17226889729499817,-0.5508940814780968
COHFACE_s08_session3_natural,21,14,21.466666666666665,0.022347984835505486,-0.3752450446122371
COHFACE_s08_session3_natural,21,15,21.5,-0.12593045830726624,-0.12323648075352432
COHFACE_s08_session3_natural,21,16,21.533333333333335,-0.14835472404956818,0.2086910645783342
COHFACE_s08_session3_natural,21,17,21.566666666666666,0.19770435988903046,0.6028195427411296
COHFACE_s08_session3_natural,21,18,21.6,0.8171204924583435,1.017826450743509
COHFACE_s08_session3_natural,21,19,21.633333333333333,1.2843800783157349,1.393066960457555
COHFACE_s08_session3_natural,21,20,21.666666666666668,1.3925548791885376,1.6596902838133876
COHFACE_s08_session3_natural,21,21,21.7,1.2557281255722046,1.756242902472497
COHFACE_s08_session3_natural,21,22,21.733333333333334,1.0791627168655396,1.6442729167203192
COHFACE_s08_session3_natural,21,23,21.766666666666666,0.880606472492218,1.3191308720745913
COHFACE_s08_session3_natural,21,24,21.8,0.6677926778793335,0.8131041285962088
COHFACE_s08_session3_natural,21,25,21.833333333333332,0.515088677406311,0.19090938311288888
COHFACE_s08_session3_natural,21,26,21.866666666666667,0.4280834496021271,-0.46039043008497654
COHFACE_s08_session3_natural,21,27,21.9,0.37604913115501404,-1.0446328102257907
COHFACE_s08_session3_natural,21,28,21.933333333333334,0.3262503743171692,-1.4714173139952043
COHFACE_s08_session3_natural,21,29,21.966666666666665,0.22329950332641602,-1.6714122355374663
COHFACE_s08_session3_natural,21,30,22.0,0.053372398018836975,-1.6099095362838056
COHFACE_s08_session3_natural,21,31,22.033333333333335,-0.12624983489513397,-1.2954601106727104
COHFACE_s08_session3_natural,21,32,22.066666666666666,-0.27473360300064087,-0.781079913231987
COHFACE_s08_session3_natural,21,33,22.1,-0.3880411386489868,-0.1571415588959747
COHFACE_s08_session3_natural,21,34,22.133333333333333,-0.4891670346260071,0.4635654185625379
COHFACE_s08_session3_natural,21,35,22.166666666666668,-0.5875326991081238,0.9669245373151028
COHFACE_s08_session3_natural,21,36,22.2,-0.6701352000236511,1.2614500711451069
COHFACE_s08_session3_natural,21,37,22.233333333333334,-0.7298572063446045,1.2998153227219809
COHFACE_s08_session3_natural,21,38,22.266666666666666,-0.7886894941329956,1.0912887336684238
COHFACE_s08_session3_natural,21,39,22.3,-0.8579925894737244,0.6997944513514814
COHFACE_s08_session3_natural,21,40,22.333333333333332,-0.8976627588272095,0.22714273380851185
COHFACE_s08_session3_natural,21,41,22.366666666666667,-0.7788575291633606,-0.21343756582926307
COHFACE_s08_session3_natural,21,42,22.4,-0.28743991255760193,-0.5252769809845634
COHFACE_s08_session3_natural,21,43,22.433333333333334,0.43079808354377747,-0.6498956463160812
COHFACE_s08_session3_natural,21,44,22.466666666666665,0.9794055223464966,-0.5772673068539333
COHFACE_s08_session3_natural,21,45,22.5,1.186676025390625,-0.3436828895653108
COHFACE_s08_session3_natural,21,46,22.533333333333335,1.1572028398513794,-0.019818050203822556
COHFACE_s08_session3_natural,21,47,22.566666666666666,1.029135823249817,0.30642351313350297
COHFACE_s08_session3_natural,21,48,22.6,0.8509279489517212,0.5479118588485282
COHFACE_s08_session3_natural,21,49,22.633333333333333,0.6145721077919006,0.6343508906491546
COHFACE_s08_session3_natural,21,50,22.666666666666668,0.4041079580783844,0.5252157574974917
COHFACE_s08_session3_natural,21,51,22.7,0.29029855132102966,0.21878139246159414
COHFACE_s08_session3_natural,21,52,22.733333333333334,0.23358774185180664,-0.24436819842486143
COHFACE_s08_session3_natural,21,53,22.766666666666666,0.2095666378736496,-0.7852709916338747
COHFACE_s08_session3_natural,21,54,22.8,0.12201391160488129,-1.2984344871969837
COHFACE_s08_session3_natural,21,55,22.833333333333332,-0.037305574864149094,-1.670157453757571
COHFACE_s08_session3_natural,21,56,22.866666666666667,-0.21742966771125793,-1.8009301540021936
COHFACE_s08_session3_natural,21,57,22.9,-0.36552563309669495,-1.6287213926925752
COHFACE_s08_session3_natural,21,58,22.933333333333334,-0.5030139684677124,-1.148355935497493
COHFACE_s08_session3_natural,21,59,22.966666666666665,-0.6136981248855591,-0.4207850696859267
COHFACE_s08_session3_natural,21,60,23.0,-0.693608820438385,0.43323873516686995
COHFACE_s08_session3_natural,21,61,23.033333333333335,-0.7394382357597351,1.2565665149606398
COHFACE_s08_session3_natural,21,62,23.066666666666666,-0.7878454923629761,1.8911825536986036
COHFACE_s08_session3_natural,21,63,23.1,-0.8445791006088257,2.2155672620985145
COHFACE_s08_session3_natural,21,64,23.133333333333333,-0.8996245861053467,2.172675026867893
COHFACE_s08_session3_natural,21,65,23.166666666666668,-0.9666692614555359,1.7809714872866937
COHFACE_s08_session3_natural,21,66,23.2,-0.8820821046829224,1.1270752267440438
COHFACE_s08_session3_natural,21,67,23.233333333333334,-0.42793944478034973,0.3441160082468836
COHFACE_s08_session3_natural,21,68,23.266666666666666,0.30343830585479736,-0.41724282450184447
COHFACE_s08_session3_natural,21,69,23.3,0.9364047646522522,-1.0182627171641407
COHFACE_s08_session3_natural,21,70,23.333333333333332,1.1960289478302002,-1.3570527723656238
COHFACE_s08_session3_natural,21,71,23.366666666666667,1.1939986944198608,-1.38598247071353
COHFACE_s08_session3_natural,21,72,23.4,1.1556059122085571,-1.1197851571577293
COHFACE_s08_session3_natural,21,73,23.433333333333334,1.1158217191696167,-0.6328010596953306
COHFACE_s08_session3_natural,21,74,23.466666666666665,0.9375225901603699,-0.04416572043742007
COHFACE_s08_session3_natural,21,75,23.5,0.6823011636734009,0.5080575309177373
COHFACE_s08_session3_natural,21,76,23.533333333333335,0.5169364809989929,0.8985409348130279
COHFACE_s08_session3_natural,21,77,23.566666666666666,0.4330793023109436,1.0434056770521556
COHFACE_s08_session3_natural,21,78,23.6,0.38207149505615234,0.9175131393059021
COHFACE_s08_session3_natural,21,79,23.633333333333333,0.3057651221752167,0.5558946349648821
COHFACE_s08_session3_natural,21,80,23.666666666666668,0.18454179167747498,0.0405596828454545
COHFACE_s08_session3_natural,21,81,23.7,0.013679398223757744,-0.5214165139339588
COHFACE_s08_session3_natural,21,82,23.733333333333334,-0.15734268724918365,-1.0209870261283729
COHFACE_s08_session3_natural,21,83,23.766666666666666,-0.3199014961719513,-1.3656198061075453
COHFACE_s08_session3_natural,21,84,23.8,-0.4557245373725891,-1.4912083460723924
COHFACE_s08_session3_natural,21,85,23.833333333333332,-0.560956597328186,-1.3687764572541976
COHFACE_s08_session3_natural,21,86,23.866666666666667,-0.6401144862174988,-1.0081505669739632
COHFACE_s08_session3_natural,21,87,23.9,-0.7039426565170288,-0.4589840471839353
COHFACE_s08_session3_natural,21,88,23.933333333333334,-0.7551329731941223,0.19309844424083647
COHFACE_s08_session3_natural,21,89,23.966666666666665,-0.8114103078842163,0.838195004642175
COHFACE_s08_session3_natural,21,90,24.0,-0.8759912848472595,1.362039454639179
COHFACE_s08_session3_natural,21,91,24.033333333333335,-0.7997077703475952,1.6702913777962005
COHFACE_s08_session3_natural,21,92,24.066666666666666,-0.3078795373439789,1.7103456510143455
COHFACE_s08_session3_natural,21,93,24.1,0.46323683857917786,1.4836900493068315
COHFACE_s08_session3_natural,21,94,24.133333333333333,1.092576265335083,1.04473397918333
COHFACE_s08_session3_natural,21,95,24.166666666666668,1.3541165590286255,0.4865254684951829
COHFACE_s08_session3_natural,21,96,24.2,1.3021962642669678,-0.08212480950310251
COHFACE_s08_session3_natural,21,97,24.233333333333334,1.1385653018951416,-0.5614043922230398
COHFACE_s08_session3_natural,21,98,24.266666666666666,0.9750028252601624,-0.880723740404224
COHFACE_s08_session3_natural,21,99,24.3,0.7453308701515198,-1.0101577948003382
COHFACE_s08_session3_natural,21,100,24.333333333333332,0.5210198163986206,-0.961754326045184
COHFACE_s08_session3_natural,21,101,24.366666666666667,0.3951199948787689,-0.7818947365471219
COHFACE_s08_session3_natural,21,102,24.4,0.35380735993385315,-0.537472427315464
COHFACE_s08_session3_natural,21,103,24.433333333333334,0.3275050222873688,-0.29934885898076674
COHFACE_s08_session3_natural,21,104,24.466666666666665,0.24305474758148193,-0.12662844108020738
COHFACE_s08_session3_natural,21,105,24.5,0.10709482431411743,-0.05476060085614502
COHFACE_s08_session3_natural,21,106,24.533333333333335,-0.05233873054385185,-0.08937384059915884
COHFACE_s08_session3_natural,21,107,24.566666666666666,-0.23449310660362244,-0.20653185554592704
COHFACE_s08_session3_natural,21,108,24.6,-0.40446582436561584,-0.35914422653998546
COHFACE_s08_session3_natural,21,109,24.633333333333333,-0.522655189037323,-0.4884052784828289
COHFACE_s08_session3_natural,21,110,24.666666666666668,-0.616732120513916,-0.5381384374145565
COHFACE_s08_session3_natural,21,111,24.7,-0.7000418305397034,-0.4689558576751869
COHFACE_s08_session3_natural,21,112,24.733333333333334,-0.759900689125061,-0.2686721217148296
COHFACE_s08_session3_natural,21,113,24.766666666666666,-0.8027873635292053,0.044069440430139224
COHFACE_s08_session3_natural,21,114,24.8,-0.8891310691833496,0.42425934608785526
COHFACE_s08_session3_natural,21,115,24.833333333333332,-0.9773909449577332,0.8117223284512194
COHFACE_s08_session3_natural,21,116,24.866666666666667,-0.8563501238822937,1.1451054805147922
COHFACE_s08_session3_natural,21,117,24.9,-0.335482120513916,1.3736588470319107
COHFACE_s08_session3_natural,21,118,24.933333333333334,0.4057276248931885,1.46327424228511
COHFACE_s08_session3_natural,21,119,24.966666666666665,0.9163301587104797,1.3966518991361512
COHFACE_s08_session3_natural,21,120,25.0,0.9194325804710388,1.1708717744910309
COHFACE_s08_session3_natural,21,121,25.033333333333335,0.5669633150100708,0.796393200399495
COHFACE_s08_session3_natural,21,122,25.066666666666666,0.2837514877319336,0.29880164421040095
COHFACE_s08_session3_natural,21,123,25.1,-0.03224129602313042,-0.2785637942164557
COHFACE_s08_session3_natural,21,124,25.133333333333333,-0.45937448740005493,-0.8737662497749616
COHFACE_s08_session3_natural,21,125,25.166666666666668,-0.71208655834198,-1.4092782914833202
COHFACE_s08_session3_natural,21,126,25.2,-0.7337808609008789,-1.8005793111353847
COHFACE_s08_session3_natural,21,127,25.233333333333334,-0.7384801506996155,-1.9709552274859294
COHFACE_s08_session3_natural,21,128,25.266666666666666,-0.7583038210868835,-1.8701209243004135
COHFACE_s08_session3_natural,21,129,25.3,-0.768546462059021,-1.4911703442409114
COHFACE_s08_session3_natural,21,130,25.333333333333332,-0.7923850417137146,-0.8795131022627566
COHFACE_s08_session3_natural,21,131,25.366666666666667,-0.8155393004417419,-0.1294205542402616
COHFACE_s08_session3_natural,21,132,25.4,-0.8334923982620239,0.6323718025315497
COHFACE_s08_session3_natural,21,133,25.433333333333334,-0.8773828148841858,1.2724847226943306
COHFACE_s08_session3_natural,21,134,25.466666666666665,-0.8966818451881409,1.6797893012535183
COHFACE_s08_session3_natural,21,135,25.5,-0.8941268920898438,1.7901379513671358
COHFACE_s08_session3_natural,21,136,25.533333333333335,-0.8905454277992249,1.6007156887660354
COHFACE_s08_session3_natural,21,137,25.566666666666666,-0.8997842669487,1.1701878320756154
COHFACE_s08_session3_natural,21,138,25.6,-0.9291662573814392,0.6040677321762586
COHFACE_s08_session3_natural,21,139,25.633333333333333,-0.9072210192680359,0.02866694833381798
COHFACE_s08_session3_natural,21,140,25.666666666666668,-0.5944903492927551,-0.4392275670062491
COHFACE_s08_session3_natural,21,141,25.7,0.1181814894080162,-0.7184608625396451
COHFACE_s08_session3_natural,21,142,25.733333333333334,0.8779146671295166,-0.7792177253434867
COHFACE_s08_session3_natural,21,143,25.766666666666666,1.2712175846099854,-0.6460099311345991
COHFACE_s08_session3_natural,21,144,25.8,1.2290380001068115,-0.38849284243367055
COHFACE_s08_session3_natural,21,145,25.833333333333332,1.0248243808746338,-0.10241011170138314
COHFACE_s08_session3_natural,21,146,25.866666666666667,0.8862866759300232,0.11540614995326227
COHFACE_s08_session3_natural,21,147,25.9,0.7310961484909058,0.19218742089036278
COHFACE_s08_session3_natural,21,148,25.933333333333334,0.5904825925827026,0.09752774663139198
COHFACE_s08_session3_natural,21,149,25.966666666666665,0.514427125453949,-0.1506608904539029
COHFACE_s08_session3_natural,21,150,26.0,0.4985499382019043,-0.49324604165079966
COHFACE_s08_session3_natural,21,151,26.033333333333335,0.4909535050392151,-0.845912548486792
COHFACE_s08_session3_natural,21,152,26.066666666666666,0.4500514566898346,-1.1184977735042767
COHFACE_s08_session3_natural,21,153,26.1,0.31719398498535156,-1.2334750330283506
COHFACE_s08_session3_natural,21,154,26.133333333333333,0.06393438577651978,-1.1415953259069882
COHFACE_s08_session3_natural,21,155,26.166666666666668,-0.15170809626579285,-0.8333519218467142
COHFACE_s08_session3_natural,21,156,26.2,-0.2503474950790405,-0.3438150614987006
COHFACE_s08_session3_natural,21,157,26.233333333333334,-0.33863019943237305,0.25202027220394574
COHFACE_s08_session3_natural,21,158,26.266666666666666,-0.4589182436466217,0.8538658253568568
COHFACE_s08_session3_natural,21,159,26.3,-0.5720661282539368,1.35752297921177
COHFACE_s08_session3_natural,21,160,26.333333333333332,-0.7472171783447266,1.6773374172416113
COHFACE_s08_session3_natural,21,161,26.366666666666667,-0.9429903626441956,1.7639350870153936
COHFACE_s08_session3_natural,21,162,26.4,-0.9919222593307495,1.6133035237434237
COHFACE_s08_session3_natural,21,163,26.433333333333334,-0.6795793771743774,1.2658763145448317
COHFACE_s08_session3_natural,21,164,26.466666666666665,0.04048357903957367,0.7964313650827145
COHFACE_s08_session3_natural,21,165,26.5,0.7425249814987183,0.29696558485704333
COHFACE_s08_session3_natural,21,166,26.533333333333335,1.0654754638671875,-0.14434814878914687
COHFACE_s08_session3_natural,21,167,26.566666666666666,1.0432108640670776,-0.4637170062520254
COHFACE_s08_session3_natural,21,168,26.6,0.9458490014076233,-0.6359546457414518
COHFACE_s08_session3_natural,21,169,26.633333333333333,0.8139039874076843,-0.6770081828022899
COHFACE_s08_session3_natural,21,170,26.666666666666668,0.5992652177810669,-0.633241113100341
COHFACE_s08_session3_natural,21,171,26.7,0.377828449010849,-0.5615949062235815
COHFACE_s08_session3_natural,21,172,26.733333333333334,0.19218383729457855,-0.5090132513072064
COHFACE_s08_session3_natural,21,173,26.766666666666666,0.07933253049850464,-0.4993219138574491
COHFACE_s08_session3_natural,21,174,26.8,0.03188342973589897,-0.5308274750802912
COHFACE_s08_session3_natural,21,175,26.833333333333332,0.01618872582912445,-0.5822977594217986
COHFACE_s08_session3_natural,21,176,26.866666666666667,-0.019215606153011322,-0.6227649783114204
COHFACE_s08_session3_natural,21,177,26.9,-0.1742464303970337,-0.6215044876513168
COHFACE_s08_session3_natural,21,178,26.933333333333334,-0.3546442687511444,-0.5562751886253616
COHFACE_s08_session3_natural,21,179,26.966666666666665,-0.49667221307754517,-0.4190621730111865
COHFACE_s08_session3_natural,21,180,27.0,-0.6279100775718689,-0.21879062392488952
COHFACE_s08_session3_natural,21,181,27.033333333333335,-0.7482893466949463,0.019882182532751924
COHFACE_s08_session3_natural,21,182,27.066666666666666,-0.850350558757782,0.2625625334623842
COHFACE_s08_session3_natural,21,183,27.1,-0.9261550307273865,0.47505127551893933
COHFACE_s08_session3_natural,21,184,27.133333333333333,-0.985420823097229,0.6333053459579222
COHFACE_s08_session3_natural,21,185,27.166666666666668,-1.0542676448822021,0.7284295643092266
COHFACE_s08_session3_natural,21,186,27.2,-1.1246200799942017,0.7646931787625336
COHFACE_s08_session3_natural,21,187,27.233333333333334,-1.0101946592330933,0.7529256111973175
COHFACE_s08_session3_natural,21,188,27.266666666666666,-0.4617469310760498,0.7035739131686729
COHFACE_s08_session3_natural,21,189,27.3,0.3475112318992615,0.622535496637883
COHFACE_s08_session3_natural,21,190,27.333333333333332,0.951141357421875,0.5103037891161428
COHFACE_s08_session3_natural,21,191,27.366666666666667,1.1442227363586426,0.36334012201801197
COHFACE_s08_session3_natural,21,192,27.4,1.0622589588165283,0.17700735628543038
COHFACE_s08_session3_natural,21,193,27.433333333333334,0.9391878843307495,-0.049656438396406044
COHFACE_s08_session3_natural,21,194,27.466666666666665,0.8095240592956543,-0.3075643118335341
COHFACE_s08_session3_natural,21,195,27.5,0.6097587943077087,-0.5719143627781255
COHFACE_s08_session3_natural,21,196,27.533333333333335,0.37728098034858704,-0.8014469490533678
COHFACE_s08_session3_natural,21,197,27.566666666666666,0.22165703773498535,-0.9459762092501237
COHFACE_s08_session3_natural,21,198,27.6,0.1560267060995102,-0.9611981654611657
COHFACE_s08_session3_natural,21,199,27.633333333333333,0.11126942932605743,-0.825237929228828
COHFACE_s08_session3_natural,21,200,27.666666666666668,0.01664496771991253,-0.5501653539222051
COHFACE_s08_session3_natural,21,201,27.7,-0.14214985072612762,-0.18358855541236724
COHFACE_s08_session3_natural,21,202,27.733333333333334,-0.33028098940849304,0.20128236127216415
COHFACE_s08_session3_natural,21,203,27.766666666666666,-0.5013715028762817,0.5246263246752865
COHFACE_s08_session3_natural,21,204,27.8,-0.6707510948181152,0.7216096674087037
COHFACE_s08_session3_natural,21,205,27.833333333333332,-0.83607017993927,0.7588404514886509
COHFACE_s08_session3_natural,21,206,27.866666666666667,-0.9592097401618958,0.6406537991949619
COHFACE_s08_session3_natural,21,207,27.9,-1.0466711521148682,0.40460899417264345
COHFACE_s08_session3_natural,21,208,27.933333333333334,-1.0856342315673828,0.10880535473179472
COHFACE_s08_session3_natural,21,209,27.966666666666665,-1.0894666910171509,-0.18441983986343347
COHFACE_s08_session3_natural,21,210,28.0,-1.1206507682800293,-0.42270284596085234
COHFACE_s08_session3_natural,21,211,28.033333333333335,-1.1688982248306274,-0.5710908929099187
COHFACE_s08_session3_natural,21,212,28.066666666666666,-1.2034128904342651,-0.6119056868170488
COHFACE_s08_session3_natural,21,213,28.1,-1.0614534616470337,-0.5406068847327034
COHFACE_s08_session3_natural,21,214,28.133333333333333,-0.48638397455215454,-0.36299044829620797
COHFACE_s08_session3_natural,21,215,28.166666666666668,0.3228969871997833,-0.09702191046794569
COHFACE_s08_session3_natural,21,216,28.2,0.8962327241897583,0.22205129671548046
COHFACE_s08_session3_natural,21,217,28.233333333333334,1.0537272691726685,0.5388066202251818
COHFACE_s08_session3_natural,21,218,28.266666666666666,0.9859753847122192,0.7830209683977869
COHFACE_s08_session3_natural,21,219,28.3,0.9017760753631592,0.8853435685364044
COHFACE_s08_session3_natural,21,220,28.333333333333332,0.7849554419517517,0.7987043189994224
COHFACE_s08_session3_natural,21,221,28.366666666666667,0.5605987310409546,0.5164811658394795
COHFACE_s08_session3_natural,21,222,28.4,0.34436315298080444,0.07957076503665755
COHFACE_s08_session3_natural,21,223,28.433333333333334,0.21191628277301788,-0.4305505856326693
COHFACE_s08_session3_natural,21,224,28.466666666666665,0.1362486481666565,-0.9104968971558849
COHFACE_s08_session3_natural,21,225,28.5,0.06534873694181442,-1.2593253485408307
COHFACE_s08_session3_natural,21,226,28.533333333333335,-0.03379251807928085,-1.400881856599115
COHFACE_s08_session3_natural,21,227,28.566666666666666,-0.1585060954093933,-1.2979577962440705
COHFACE_s08_session3_natural,21,228,28.6,-0.3073548376560211,-0.9563613154241422
COHFACE_s08_session3_natural,21,229,28.633333333333333,-0.45704764127731323,-0.4209537238889616
COHFACE_s08_session3_natural,21,230,28.666666666666668,-0.5808030962944031,0.23328943515615838
COHFACE_s08_session3_natural,21,231,28.7,-0.6773210167884827,0.9131437100326998
COHFACE_s08_session3_natural,21,232,28.733333333333334,-0.7647140026092529,1.5207622877283893
COHFACE_s08_session3_natural,21,233,28.766666666666666,-0.824321985244751,1.967999015338975
COHFACE_s08_session3_natural,21,234,28.8,-0.8566923141479492,2.1899010761397095
COHFACE_s08_session3_natural,21,235,28.833333333333332,-0.8826068043708801,2.154911726334717
COHFACE_s08_session3_natural,21,236,28.866666666666667,-0.916642427444458,1.8686475337422503
COHFACE_s08_session3_natural,21,237,28.9,-0.9448381066322327,1.3695232345570045
COHFACE_s08_session3_natural,21,238,28.933333333333334,-0.9919450283050537,0.7183608593196217
COHFACE_s08_session3_natural,21,239,28.966666666666665,-0.9898235201835632,-0.012666597474441935
COHFACE_s08_session3_natural,22,0,22.0,0.053372398018836975,-0.06770358569691384
COHFACE_s08_session3_natural,22,1,22.033333333333335,-0.12624983489513397,0.22779619314618382
COHFACE_s08_session3_natural,22,2,22.066666666666666,-0.27473360300064087,0.45426550562918333
COHFACE_s08_session3_natural,22,3,22.1,-0.3880411386489868,0.552348508874837
COHFACE_s08_session3_natural,22,4,22.133333333333333,-0.4891670346260071,0.4873461487534832
COHFACE_s08_session3_natural,22,5,22.166666666666668,-0.5875326991081238,0.25577332248040147
COHFACE_s08_session3_natural,22,6,22.2,-0.6701352000236511,-0.1132284565637347
COHFACE_s08_session3_natural,22,7,22.233333333333334,-0.7298572063446045,-0.5611110457531157
COHFACE_s08_session3_natural,22,8,22.266666666666666,-0.7886894941329956,-1.0076320661813913
COHFACE_s08_session3_natural,22,9,22.3,-0.8579925894737244,-1.3633693904271855
COHFACE_s08_session3_natural,22,10,22.333333333333332,-0.8976627588272095,-1.5461144689921167
COHFACE_s08_session3_natural,22,11,22.366666666666667,-0.7788575291633606,-1.4982603941759063
COHFACE_s08_session3_natural,22,12,22.4,-0.28743991255760193,-1.2013278955234892
COHFACE_s08_session3_natural,22,13,22.433333333333334,0.43079808354377747,-0.6839725885966877
COHFACE_s08_session3_natural,22,14,22.466666666666665,0.9794055223464966,-0.02073933914649879
COHFACE_s08_session3_natural,22,15,22.5,1.186676025390625,0.6795209055289757
COHFACE_s08_session3_natural,22,16,22.533333333333335,1.1572028398513794,1.2941993084376333
COHFACE_s08_session3_natural,22,17,22.566666666666666,1.029135823249817,1.7121558800759826
COHFACE_s08_session3_natural,22,18,22.6,0.8509279489517212,1.85706353094528
COHFACE_s08_session3_natural,22,19,22.633333333333333,0.6145721077919006,1.702469530232027
COHFACE_s08_session3_natural,22,20,22.666666666666668,0.4041079580783844,1.275332186620604
COHFACE_s08_session3_natural,22,21,22.7,0.29029855132102966,0.6486999005515024
COHFACE_s08_session3_natural,22,22,22.733333333333334,0.23358774185180664,-0.07348960842555051
COHFACE_s08_session3_natural,22,23,22.766666666666666,0.2095666378736496,-0.7755965725012199
COHFACE_s08_session3_natural,22,24,22.8,0.12201391160488129,-1.3491841587714053
COHFACE_s08_session3_natural,22,25,22.833333333333332,-0.037305574864149094,-1.7081199324321992
COHFACE_s08_session3_natural,22,26,22.866666666666667,-0.21742966771125793,-1.798578734079998
COHFACE_s08_session3_natural,22,27,22.9,-0.36552563309669495,-1.604799903343035
COHFACE_s08_session3_natural,22,28,22.933333333333334,-0.5030139684677124,-1.1518638212669663
COHFACE_s08_session3_natural,22,29,22.966666666666665,-0.6136981248855591,-0.5055313439375541
COHFACE_s08_session3_natural,22,30,23.0,-0.693608820438385,0.23245877585198638
COHFACE_s08_session3_natural,22,31,23.033333333333335,-0.7394382357597351,0.9360754272666707
COHFACE_s08_session3_natural,22,32,23.066666666666666,-0.7878454923629761,1.4751060421334534
COHFACE_s08_session3_natural,22,33,23.1,-0.8445791006088257,1.7417220492572894
COHFACE_s08_session3_natural,22,34,23.133333333333333,-0.8996245861053467,1.6769056777715798
COHFACE_s08_session3_natural,22,35,23.166666666666668,-0.9666692614555359,1.2879507189106445
COHFACE_s08_session3_natural,22,36,23.2,-0.8820821046829224,0.650842179225987
COHFACE_s08_session3_natural,22,37,23.233333333333334,-0.42793944478034973,-0.1035419748692112
COHFACE_s08_session3_natural,22,38,23.266666666666666,0.30343830585479736,-0.8161947557758605
COHFACE_s08_session3_natural,22,39,23.3,0.9364047646522522,-1.3339336692573758
COHFACE_s08_session3_natural,22,40,23.333333333333332,1.1960289478302002,-1.5434078048696027
COHFACE_s08_session3_natural,22,41,23.366666666666667,1.1939986944198608,-1.3977848609158317
COHFACE_s08_session3_natural,22,42,23.4,1.1556059122085571,-0.9297172223597899
COHFACE_s08_session3_natural,22,43,23.433333333333334,1.1158217191696167,-0.24613141029521024
COHFACE_s08_session3_natural,22,44,23.466666666666665,0.9375225901603699,0.4963982149098066
COHFACE_s08_session3_natural,22,45,23.5,0.6823011636734009,1.1311635485669453
COHFACE_s08_session3_natural,22,46,23.533333333333335,0.5169364809989929,1.523966577349121
COHFACE_s08_session3_natural,22,47,23.566666666666666,0.4330793023109436,1.6042543668567935
COHFACE_s08_session3_natural,22,48,23.6,0.38207149505615234,1.3754594572985064
COHFACE_s08_session3_natural,22,49,23.633333333333333,0.3057651221752167,0.9046602241658974
COHFACE_s08_session3_natural,22,50,23.666666666666668,0.18454179167747498,0.298673266357289
COHFACE_s08_session3_natural,22,51,23.7,0.013679398223757744,-0.32389025018761236
COHFACE_s08_session3_natural,22,52,23.733333333333334,-0.15734268724918365,-0.8564219508022374
COHFACE_s08_session3_natural,22,53,23.766666666666666,-0.3199014961719513,-1.2194831568017406
COHFACE_s08_session3_natural,22,54,23.8,-0.4557245373725891,-1.3672023757204792
COHFACE_s08_session3_natural,22,55,23.833333333333332,-0.560956597328186,-1.2879702940810716
COHFACE_s08_session3_natural,22,56,23.866666666666667,-0.6401144862174988,-1.0032491296678776
COHFACE_s08_session3_natural,22,57,23.9,-0.7039426565170288,-0.5661763332522654
COHFACE_s08_session3_natural,22,58,23.933333333333334,-0.7551329731941223,-0.0579339805366626
COHFACE_s08_session3_natural,22,59,23.966666666666665,-0.8114103078842163,0.42211794349134935
COHFACE_s08_session3_natural,22,60,24.0,-0.8759912848472595,0.7744850925447018
COHFACE_s08_session3_natural,22,61,24.033333333333335,-0.7997077703475952,0.922966868733832
COHFACE_s08_session3_natural,22,62,24.066666666666666,-0.3078795373439789,0.8364567213080896
COHFACE_s08_session3_natural,22,63,24.1,0.46323683857917786,0.540876606092568
COHFACE_s08_session3_natural,22,64,24.133333333333333,1.092576265335083,0.11562184291156814
COHFACE_s08_session3_natural,22,65,24.166666666666668,1.3541165590286255,-0.3258547146189049
COHFACE_s08_session3_natural,22,66,24.2,1.3021962642669678,-0.6661090901189782
COHFACE_s08_session3_natural,22,67,24.233333333333334,1.1385653018951416,-0.8154937166730655
COHFACE_s08_session3_natural,22,68,24.266666666666666,0.9750028252601624,-0.7361964549653088
COHFACE_s08_session3_natural,22,69,24.3,0.7453308701515198,-0.45163404927001405
COHFACE_s08_session3_natural,22,70,24.333333333333332,0.5210198163986206,-0.03890337247242624
COHFACE_s08_session3_natural,22,71,24.366666666666667,0.3951199948787689,0.39294612665584544
COHFACE_s08_session3_natural,22,72,24.4,0.35380735993385315,0.7321087395473802
COHFACE_s08_session3_natural,22,73,24.433333333333334,0.3275050222873688,0.8923013145807392
COHFACE_s08_session3_natural,22,74,24.466666666666665,0.24305474758148193,0.8327380042508505
COHFACE_s08_session3_natural,22,75,24.5,0.10709482431411743,0.5655387594720781
COHFACE_s08_session3_natural,22,76,24.533333333333335,-0.05233873054385185,0.15030898527131853
COHFACE_s08_session3_natural,22,77,24.566666666666666,-0.23449310660362244,-0.32107511336119277
COHFACE_s08_session3_natural,22,78,24.6,-0.40446582436561584,-0.744911301859864
COHFACE_s08_session3_natural,22,79,24.633333333333333,-0.522655189037323,-1.026934417229643
COHFACE_s08_session3_natural,22,80,24.666666666666668,-0.616732120513916,-1.1009736349152632
COHFACE_s08_session3_natural,22,81,24.7,-0.7000418305397034,-0.942389816055091
COHFACE_s08_session3_natural,22,82,24.733333333333334,-0.759900689125061,-0.5739381531125497
COHFACE_s08_session3_natural,22,83,24.766666666666666,-0.8027873635292053,-0.06213945549651362
COHFACE_s08_session3_natural,22,84,24.8,-0.8891310691833496,0.4962163135379313
COHFACE_s08_session3_natural,22,85,24.833333333333332,-0.9773909449577332,0.9950959448500784
COHFACE_s08_session3_natural,22,86,24.866666666666667,-0.8563501238822937,1.342516793930453
COHFACE_s08_session3_natural,22,87,24.9,-0.335482120513916,1.4794775947460588
COHFACE_s08_session3_natural,22,88,24.933333333333334,0.4057276248931885,1.3892981114255063
COHFACE_s08_session3_natural,22,89,24.966666666666665,0.9163301587104797,1.0957472002180357
COHFACE_s08_session3_natural,22,90,25.0,0.9194325804710388,0.6523890005417126
COHFACE_s08_session3_natural,22,91,25.033333333333335,0.5669633150100708,0.1280794971648445
COHFACE_s08_session3_natural,22,92,25.066666666666666,0.2837514877319336,-0.40649229439646867
COHFACE_s08_session3_natural,22,93,25.1,-0.03224129602313042,-0.8880333049938048
COHFACE_s08_session3_natural,22,94,25.133333333333333,-0.45937448740005493,-1.2645695748748398
COHFACE_s08_session3_natural,22,95,25.166666666666668,-0.71208655834198,-1.4953019038830206
COHFACE_s08_session3_natural,22,96,25.2,-0.7337808609008789,-1.5497995708665528
COHFACE_s08_session3_natural,22,97,25.233333333333334,-0.7384801506996155,-1.4102702113244148
COHFACE_s08_session3_natural,22,98,25.266666666666666,-0.7583038210868835,-1.078140372638474
COHFACE_s08_session3_natural,22,99,25.3,-0.768546462059021,-0.5823866717369748
COHFACE_s08_session3_natural,22,100,25.333333333333332,-0.7923850417137146,0.015536793013911254
COHFACE_s08_session3_natural,22,101,25.366666666666667,-0.8155393004417419,0.6252502422665526
COHFACE_s08_session3_natural,22,102,25.4,-0.8334923982620239,1.141656342952771
COHFACE_s08_session3_natural,22,103,25.433333333333334,-0.8773828148841858,1.4673473700478197
COHFACE_s08_session3_natural,22,104,25.466666666666665,-0.8966818451881409,1.5364944452432525
COHFACE_s08_session3_natural,22,105,25.5,-0.8941268920898438,1.3321936213835945
COHFACE_s08_session3_natural,22,106,25.533333333333335,-0.8905454277992249,0.8918865107897418
COHFACE_s08_session3_natural,22,107,25.566666666666666,-0.8997842669487,0.2999439492398638
COHFACE_s08_session3_natural,22,108,25.6,-0.9291662573814392,-0.32991976100215065
COHFACE_s08_session3_natural,22,109,25.633333333333333,-0.9072210192680359,-0.8777359503226221
COHFACE_s08_session3_natural,22,110,25.666666666666668,-0.5944903492927551,-1.240519487122366
COHFACE_s08_session3_natural,22,111,25.7,0.1181814894080162,-1.351096274500879
COHFACE_s08_session3_natural,22,112,25.733333333333334,0.8779146671295166,-1.189982362300598
COHFACE_s08_session3_natural,22,113,25.766666666666666,1.2712175846099854,-0.7895044352324574
COHFACE_s08_session3_natural,22,114,25.8,1.2290380001068115,-0.22967512167447618
COHFACE_s08_session3_natural,22,115,25.833333333333332,1.0248243808746338,0.37497850549193373
COHFACE_s08_session3_natural,22,116,25.866666666666667,0.8862866759300232,0.8976751708026527
COHFACE_s08_session3_natural,22,117,25.9,0.7310961484909058,1.227641873907264
COHFACE_s08_session3_natural,22,118,25.933333333333334,0.5904825925827026,1.2968135044563498
COHFACE_s08_session3_natural,22,119,25.966666666666665,0.514427125453949,1.095813538914996
COHFACE_s08_session3_natural,22,120,26.0,0.4985499382019043,0.674064900008959
COHFACE_s08_session3_natural,22,121,26.033333333333335,0.4909535050392151,0.12538417060083096
COHFACE_s08_session3_natural,22,122,26.066666666666666,0.4500514566898346,-0.43517132866950003
COHFACE_s08_session3_natural,22,123,26.1,0.31719398498535156,-0.8963606257757133
COHFACE_s08_session3_natural,22,124,26.133333333333333,0.06393438577651978,-1.17213947794961
COHFACE_s08_session3_natural,22,125,26.166666666666668,-0.15170809626579285,-1.2160068934416237
COHFACE_s08_session3_natural,22,126,26.2,-0.2503474950790405,-1.0270457964593638
COHFACE_s08_session3_natural,22,127,26.233333333333334,-0.33863019943237305,-0.6478706459225988
COHFACE_s08_session3_natural,22,128,26.266666666666666,-0.4589182436466217,-0.1555860423648524
COHFACE_s08_session3_natural,22,129,26.3,-0.5720661282539368,0.3527335962305389
COHFACE_s08_session3_natural,22,130,26.333333333333332,-0.7472171783447266,0.7782802737710284
COHFACE_s08_session3_natural,22,131,26.366666666666667,-0.9429903626441956,1.0399876496752845
COHFACE_s08_session3_natural,22,132,26.4,-0.9919222593307495,1.0915609659412304
COHFACE_s08_session3_natural,22,133,26.433333333333334,-0.6795793771743774,0.9318158650571264
COHFACE_s08_session3_natural,22,134,26.466666666666665,0.04048357903957367,0.6051719665325278
COHFACE_s08_session3_natural,22,135,26.5,0.7425249814987183,0.19144459227977922
COHFACE_s08_session3_natural,22,136,26.533333333333335,1.0654754638671875,-0.21332411450133792
COHFACE_s08_session3_natural,22,137,26.566666666666666,1.0432108640670776,-0.5206203510818578
COHFACE_s08_session3_natural,22,138,26.6,0.9458490014076233,-0.6712794536254141
COHFACE_s08_session3_natural,22,139,26.633333333333333,0.8139039874076843,-0.6487251417233476
COHFACE_s08_session3_natural,22,140,26.666666666666668,0.5992652177810669,-0.4798183085408033
COHFACE_s08_session3_natural,22,141,26.7,0.377828449010849,-0.22413649291072732
COHFACE_s08_session3_natural,22,142,26.733333333333334,0.19218383729457855,0.04346540590252006
COHFACE_s08_session3_natural,22,143,26.766666666666666,0.07933253049850464,0.25100504616310076
COHFACE_s08_session3_natural,22,144,26.8,0.03188342973589897,0.3442979368537267
COHFACE_s08_session3_natural,22,145,26.833333333333332,0.01618872582912445,0.29737512716558356
COHFACE_s08_session3_natural,22,146,26.866666666666667,-0.019215606153011322,0.11785455099381574
COHFACE_s08_session3_natural,22,147,26.9,-0.1742464303970337,-0.15375595308385687
COHFACE_s08_session3_natural,22,148,26.933333333333334,-0.3546442687511444,-0.45168132767845426
COHFACE_s08_session3_natural,22,149,26.966666666666665,-0.49667221307754517,-0.6988886301591343
COHFACE_s08_session3_natural,22,150,27.0,-0.6279100775718689,-0.82486958226699
COHFACE_s08_session3_natural,22,151,27.033333333333335,-0.7482893466949463,-0.782896165241906
COHFACE_s08_session3_natural,22,152,27.066666666666666,-0.850350558757782,-0.5621192015513823
COHFACE_s08_session3_natural,22,153,27.1,-0.9261550307273865,-0.1911672250489063
COHFACE_s08_session3_natural,22,154,27.133333333333333,-0.985420823097229,0.26762428466466426
COHFACE_s08_session3_natural,22,155,27.166666666666668,-1.0542676448822021,0.7314973272287332
COHFACE_s08_session3_natural,22,156,27.2,-1.1246200799942017,1.114298873053543
COHFACE_s08_session3_natural,22,157,27.233333333333334,-1.0101946592330933,1.3431665758602942
COHFACE_s08_session3_natural,22,158,27.266666666666666,-0.4617469310760498,1.3719177952525043
COHFACE_s08_session3_natural,22,159,27.3,0.3475112318992615,1.189305993124678
COHFACE_s08_session3_natural,22,160,27.333333333333332,0.951141357421875,0.8206102204585161
COHFACE_s08_session3_natural,22,161,27.366666666666667,1.1442227363586426,0.321937098868266
COHFACE_s08_session3_natural,22,162,27.4,1.0622589588165283,-0.23091673096278026
COHFACE_s08_session3_natural,22,163,27.433333333333334,0.9391878843307495,-0.755251008102207
COHFACE_s08_session3_natural,22,164,27.466666666666665,0.8095240592956543,-1.1727930869245582
COHFACE_s08_session3_natural,22,165,27.5,0.6097587943077087,-1.418836054366106
COHFACE_s08_session3_natural,22,166,27.533333333333335,0.37728098034858704,-1.4502248980494452
COHFACE_s08_session3_natural,22,167,27.566666666666666,0.22165703773498535,-1.253085698333029
COHFACE_s08_session3_natural,22,168,27.6,0.1560267060995102,-0.849280891993201
COHFACE_s08_session3_natural,22,169,27.633333333333333,0.11126942932605743,-0.2985281728526698
COHFACE_s08_session3_natural,22,170,27.666666666666668,0.01664496771991253,0.30725653241306616
COHFACE_s08_session3_natural,22,171,27.7,-0.14214985072612762,0.8589546066924583
COHFACE_s08_session3_natural,22,172,27.733333333333334,-0.33028098940849304,1.252610294963819
COHFACE_s08_session3_natural,22,173,27.766666666666666,-0.5013715028762817,1.4133856770806277
COHFACE_s08_session3_natural,22,174,27.8,-0.6707510948181152,1.313212113029114
COHFACE_s08_session3_natural,22,175,27.833333333333332,-0.83607017993927,0.975948320773824
COHFACE_s08_session3_natural,22,176,27.866666666666667,-0.9592097401618958,0.46928295336080517
COHFACE_s08_session3_natural,22,177,27.9,-1.0466711521148682,-0.11213134645537563
COHFACE_s08_session3_natural,22,178,27.933333333333334,-1.0856342315673828,-0.66630026685384
COHFACE_s08_session3_natural,22,179,27.966666666666665,-1.0894666910171509,-1.1016467131874308
COHFACE_s08_session3_natural,22,180,28.0,-1.1206507682800293,-1.3502049278459065
COHFACE_s08_session3_natural,22,181,28.033333333333335,-1.1688982248306274,-1.3752929020058728
COHFACE_s08_session3_natural,22,182,28.066666666666666,-1.2034128904342651,-1.1742974543235145
COHFACE_s08_session3_natural,22,183,28.1,-1.0614534616470337,-0.7780348698673129
COHFACE_s08_session3_natural,22,184,28.133333333333333,-0.48638397455215454,-0.24769131078460377
COHFACE_s08_session3_natural,22,185,28.166666666666668,0.3228969871997833,0.33108921824812554
COHFACE_s08_session3_natural,22,186,28.2,0.8962327241897583,0.8586618543394183
COHFACE_s08_session3_natural,22,187,28.233333333333334,1.0537272691726685,1.2374932081195642
COHFACE_s08_session3_natural,22,188,28.266666666666666,0.9859753847122192,1.3921006084696903
COHFACE_s08_session3_natural,22,189,28.3,0.9017760753631592,1.2875793998452183
COHFACE_s08_session3_natural,22,190,28.333333333333332,0.7849554419517517,0.9401794091261777
COHFACE_s08_session3_natural,22,191,28.366666666666667,0.5605987310409546,0.4154438123029066
COHFACE_s08_session3_natural,22,192,28.4,0.34436315298080444,-0.1859420778484544
COHFACE_s08_session3_natural,22,193,28.433333333333334,0.21191628277301788,-0.7499933815058886
COHFACE_s08_session3_natural,22,194,28.466666666666665,0.1362486481666565,-1.1725798926757394
COHFACE_s08_session3_natural,22,195,28.5,0.06534873694181442,-1.378464189827136
COHFACE_s08_session3_natural,22,196,28.533333333333335,-0.03379251807928085,-1.3331041924625422
COHFACE_s08_session3_natural,22,197,28.566666666666666,-0.1585060954093933,-1.046383149595884
COHFACE_s08_session3_natural,22,198,28.6,-0.3073548376560211,-0.5689110175325673
COHFACE_s08_session3_natural,22,199,28.633333333333333,-0.45704764127731323,0.017673434036335298
COHFACE_s08_session3_natural,22,200,28.666666666666668,-0.5808030962944031,0.6145108493982578
COHFACE_s08_session3_natural,22,201,28.7,-0.6773210167884827,1.121467966895081
COHFACE_s08_session3_natural,22,202,28.733333333333334,-0.7647140026092529,1.4534861653943678
COHFACE_s08_session3_natural,22,203,28.766666666666666,-0.824321985244751,1.55545907955517
COHFACE_s08_session3_natural,22,204,28.8,-0.8566923141479492,1.413007405318332
COHFACE_s08_session3_natural,22,205,28.833333333333332,-0.8826068043708801,1.0561864270822452
COHFACE_s08_session3_natural,22,206,28.866666666666667,-0.916642427444458,0.5542991850681595
COHFACE_s08_session3_natural,22,207,28.9,-0.9448381066322327,0.002269382661821074
COHFACE_s08_session3_natural,22,208,28.933333333333334,-0.9919450283050537,-0.49861420488363745
COHFACE_s08_session3_natural,22,209,28.966666666666665,-0.9898235201835632,-0.8612494453808983
COHFACE_s08_session3_natural,22,210,29.0,-0.6884760856628418,-1.0300139164809474
COHFACE_s08_session3_natural,22,211,29.033333333333335,-0.031397249549627304,-0.9911675444171673
COHFACE_s08_session3_natural,22,212,29.066666666666666,0.6142983436584473,-0.7743660614206869
COHFACE_s08_session3_natural,22,213,29.1,0.9556353688240051,-0.4452488663582135
COHFACE_s08_session3_natural,22,214,29.133333333333333,1.0039740800857544,-0.09093205894640924
COHFACE_s08_session3_natural,22,215,29.166666666666668,0.905403196811676,0.19857964618565813
COHFACE_s08_session3_natural,22,216,29.2,0.8106874823570251,0.34977099917386445
COHFACE_s08_session3_natural,22,217,29.233333333333334,0.6450718641281128,0.3225563543585552
COHFACE_s08_session3_natural,22,218,29.266666666666666,0.4171108305454254,0.12142673831388712
COHFACE_s08_session3_natural,22,219,29.3,0.2462940663099289,-0.2026190438486012
COHFACE_s08_session3_natural,22,220,29.333333333333332,0.18556833267211914,-0.5618922623145589
COHFACE_s08_session3_natural,22,221,29.366666666666667,0.15545640885829926,-0.8532215878347021
COHFACE_s08_session3_natural,22,222,29.4,0.10791605710983276,-0.9856605401890065
COHFACE_s08_session3_natural,22,223,29.433333333333334,-0.013946017250418663,-0.9064402677925597
COHFACE_s08_session3_natural,22,224,29.466666666666665,-0.15499304234981537,-0.6171330021613268
COHFACE_s08_session3_natural,22,225,29.5,-0.28470247983932495,-0.1750752092427026
COHFACE_s08_session3_natural,22,226,29.533333333333335,-0.39595693349838257,0.32077734365137456
COHFACE_s08_session3_natural,22,227,29.566666666666666,-0.46621811389923096,0.7558647223886193
COHFACE_s08_session3_natural,22,228,29.6,-0.44881248474121094,1.0301061298914933
COHFACE_s08_session3_natural,22,229,29.633333333333333,-0.42595478892326355,1.0828976324688697
COHFACE_s08_session3_natural,22,230,29.666666666666668,-0.48145657777786255,0.9065033398027788
COHFACE_s08_session3_natural,22,231,29.7,-0.5786359906196594,0.5457222112391222
COHFACE_s08_session3_natural,22,232,29.733333333333334,-0.6741957664489746,0.08521205665126128
COHFACE_s08_session3_natural,22,233,29.766666666666666,-0.7499546408653259,-0.3716734634444454
COHFACE_s08_session3_natural,22,234,29.8,-0.8219951391220093,-0.7267422823248406
COHFACE_s08_session3_natural,22,235,29.833333333333332,-0.8886520266532898,-0.9073826565791336
COHFACE_s08_session3_natural,22,236,29.866666666666667,-0.8814890384674072,-0.8793969805175686
COHFACE_s08_session3_natural,22,237,29.9,-0.557283878326416,-0.6509280478247925
COHFACE_s08_session3_natural,22,238,29.933333333333334,0.0903051421046257,-0.26812935209754424
COHFACE_s08_session3_natural,22,239,29.966666666666665,0.6955549716949463,0.19550469590641864
COHFACE_s08_session3_natural,23,0,23.0,-0.693608820438385,0.00024657059030964816
COHFACE_s08_session3_natural,23,1,23.033333333333335,-0.7394382357597351,0.4495644242547523
COHFACE_s08_session3_natural,23,2,23.066666666666666,-0.7878454923629761,0.8247057641822876
COHFACE_s08_session3_natural,23,3,23.1,-0.8445791006088257,1.0555935478118734
COHFACE_s08_session3_natural,23,4,23.133333333333333,-0.8996245861053467,1.0873015415695562
COHFACE_s08_session3_natural,23,5,23.166666666666668,-0.9666692614555359,0.8931752288481946
COHFACE_s08_session3_natural,23,6,23.2,-0.8820821046829224,0.4871617504449628
COHFACE_s08_session3_natural,23,7,23.233333333333334,-0.42793944478034973,-0.07107792557212994
COHFACE_s08_session3_natural,23,8,23.266666666666666,0.30343830585479736,-0.6819561568461809
COHFACE_s08_session3_natural,23,9,23.3,0.9364047646522522,-1.2223048894093855
COHFACE_s08_session3_natural,23,10,23.333333333333332,1.1960289478302002,-1.5698974042364555
COHFACE_s08_session3_natural,23,11,23.366666666666667,1.1939986944198608,-1.6323324357476015
COHFACE_s08_session3_natural,23,12,23.4,1.1556059122085571,-1.3737328284274133
COHFACE_s08_session3_natural,23,13,23.433333333333334,1.1158217191696167,-0.8304760153623495
COHFACE_s08_session3_natural,23,14,23.466666666666665,0.9375225901603699,-0.10839929419539854
COHFACE_s08_session3_natural,23,15,23.5,0.6823011636734009,0.640543362787529
COHFACE_s08_session3_natural,23,16,23.533333333333335,0.5169364809989929,1.2562151412049134
COHFACE_s08_session3_natural,23,17,23.566666666666666,0.4330793023109436,1.6106424738379739
COHFACE_s08_session3_natural,23,18,23.6,0.38207149505615234,1.6377512541879335
COHFACE_s08_session3_natural,23,19,23.633333333333333,0.3057651221752167,1.3441901379344992
COHFACE_s08_session3_natural,23,20,23.666666666666668,0.18454179167747498,0.8006311315171971
COHFACE_s08_session3_natural,23,21,23.7,0.013679398223757744,0.11972790043685234
COHFACE_s08_session3_natural,23,22,23.733333333333334,-0.15734268724918365,-0.5702558467879029
COHFACE_s08_session3_natural,23,23,23.766666666666666,-0.3199014961719513,-1.148734367147892
COHFACE_s08_session3_natural,23,24,23.8,-0.4557245373725891,-1.5198598242420414
COHFACE_s08_session3_natural,23,25,23.833333333333332,-0.560956597328186,-1.624188609134396
COHFACE_s08_session3_natural,23,26,23.866666666666667,-0.6401144862174988,-1.447008344355394
COHFACE_s08_session3_natural,23,27,23.9,-0.7039426565170288,-1.023302818636857
COHFACE_s08_session3_natural,23,28,23.933333333333334,-0.7551329731941223,-0.43587336706349217
COHFACE_s08_session3_natural,23,29,23.966666666666665,-0.8114103078842163,0.19777180043611955
COHFACE_s08_session3_natural,23,30,24.0,-0.8759912848472595,0.7502924879461274
COHFACE_s08_session3_natural,23,31,24.033333333333335,-0.7997077703475952,1.1156842709747863
COHFACE_s08_session3_natural,23,32,24.066666666666666,-0.3078795373439789,1.237246935745257
COHFACE_s08_session3_natural,23,33,24.1,0.46323683857917786,1.1225688094277555
COHFACE_s08_session3_natural,23,34,24.133333333333333,1.092576265335083,0.8391851931378642
COHFACE_s08_session3_natural,23,35,24.166666666666668,1.3541165590286255,0.4911509771663675
COHFACE_s08_session3_natural,23,36,24.2,1.3021962642669678,0.18442639915280556
COHFACE_s08_session3_natural,23,37,24.233333333333334,1.1385653018951416,-0.006254686143638109
COHFACE_s08_session3_natural,23,38,24.266666666666666,0.9750028252601624,-0.05738033129342568
COHFACE_s08_session3_natural,23,39,24.3,0.7453308701515198,0.0022452023369001267
COHFACE_s08_session3_natural,23,40,24.333333333333332,0.5210198163986206,0.10756738568489642
COHFACE_s08_session3_natural,23,41,24.366666666666667,0.3951199948787689,0.18309184961571823
COHFACE_s08_session3_natural,23,42,24.4,0.35380735993385315,0.16914807768872195
COHFACE_s08_session3_natural,23,43,24.433333333333334,0.3275050222873688,0.04064292891445933
COHFACE_s08_session3_natural,23,44,24.466666666666665,0.24305474758148193,-0.18661999972596383
COHFACE_s08_session3_natural,23,45,24.5,0.10709482431411743,-0.4628475199979571
COHFACE_s08_session3_natural,23,46,24.533333333333335,-0.05233873054385185,-0.720725293051126
COHFACE_s08_session3_natural,23,47,24.566666666666666,-0.23449310660362244,-0.8949916186015205
COHFACE_s08_session3_natural,23,48,24.6,-0.40446582436561584,-0.9389421537700938
COHFACE_s08_session3_natural,23,49,24.633333333333333,-0.522655189037323,-0.8341721414279987
COHFACE_s08_session3_natural,23,50,24.666666666666668,-0.616732120513916,-0.5927164511616536
COHFACE_s08_session3_natural,23,51,24.7,-0.7000418305397034,-0.2527655578929851
COHFACE_s08_session3_natural,23,52,24.733333333333334,-0.759900689125061,0.13004490943422423
COHFACE_s08_session3_natural,23,53,24.766666666666666,-0.8027873635292053,0.49380959311484424
COHFACE_s08_session3_natural,23,54,24.8,-0.8891310691833496,0.782253200544675
COHFACE_s08_session3_natural,23,55,24.833333333333332,-0.9773909449577332,0.9554735941556851
COHFACE_s08_session3_natural,23,56,24.866666666666667,-0.8563501238822937,0.9971760945709416
COHFACE_s08_session3_natural,23,57,24.9,-0.335482120513916,0.9160256235660321
COHFACE_s08_session3_natural,23,58,24.933333333333334,0.4057276248931885,0.7400085508891865
COHFACE_s08_session3_natural,23,59,24.966666666666665,0.9163301587104797,0.5053586179995855
COHFACE_s08_session3_natural,23,60,25.0,0.9194325804710388,0.24452894819785534
COHFACE_s08_session3_natural,23,61,25.033333333333335,0.5669633150100708,-0.021497527118104733
COHFACE_s08_session3_natural,23,62,25.066666666666666,0.2837514877319336,-0.2837296087822196
COHFACE_s08_session3_natural,23,63,25.1,-0.03224129602313042,-0.5392901149465096
COHFACE_s08_session3_natural,23,64,25.133333333333333,-0.45937448740005493,-0.7821442686659273
COHFACE_s08_session3_natural,23,65,25.166666666666668,-0.71208655834198,-0.9944494977641796
COHFACE_s08_session3_natural,23,66,25.2,-0.7337808609008789,-1.1429944080774233
COHFACE_s08_session3_natural,23,67,25.233333333333334,-0.7384801506996155,-1.1840508439222814
COHFACE_s08_session3_natural,23,68,25.266666666666666,-0.7583038210868835,-1.0764853186629166
COHFACE_s08_session3_natural,23,69,25.3,-0.768546462059021,-0.7987626483931791
COHFACE_s08_session3_natural,23,70,25.333333333333332,-0.7923850417137146,-0.36303339480257957
COHFACE_s08_session3_natural,23,71,25.366666666666667,-0.8155393004417419,0.1795887986134363
COHFACE_s08_session3_natural,23,72,25.4,-0.8334923982620239,0.7446542979438266
COHFACE_s08_session3_natural,23,73,25.433333333333334,-0.8773828148841858,1.2292625769790766
COHFACE_s08_session3_natural,23,74,25.466666666666665,-0.8966818451881409,1.533098298383043
COHFACE_s08_session3_natural,23,75,25.5,-0.8941268920898438,1.5820196903407495
COHFACE_s08_session3_natural,23,76,25.533333333333335,-0.8905454277992249,1.349269400301577
COHFACE_s08_session3_natural,23,77,25.566666666666666,-0.8997842669487,0.8680825763141036
COHFACE_s08_session3_natural,23,78,25.6,-0.9291662573814392,0.2301694755472813
COHFACE_s08_session3_natural,23,79,25.633333333333333,-0.9072210192680359,-0.4319042439073793
COHFACE_s08_session3_natural,23,80,25.666666666666668,-0.5944903492927551,-0.9749573537862902
COHFACE_s08_session3_natural,23,81,25.7,0.1181814894080162,-1.2799405669514403
COHFACE_s08_session3_natural,23,82,25.733333333333334,0.8779146671295166,-1.2816625205212964
COHFACE_s08_session3_natural,23,83,25.766666666666666,1.2712175846099854,-0.9857033899167537
COHFACE_s08_session3_natural,23,84,25.8,1.2290380001068115,-0.4682121679571902
COHFACE_s08_session3_natural,23,85,25.833333333333332,1.0248243808746338,0.14180193048218218
COHFACE_s08_session3_natural,23,86,25.866666666666667,0.8862866759300232,0.6942542261732888
COHFACE_s08_session3_natural,23,87,25.9,0.7310961484909058,1.0561937768960932
COHFACE_s08_session3_natural,23,88,25.933333333333334,0.5904825925827026,1.14504427145691
COHFACE_s08_session3_natural,23,89,25.966666666666665,0.514427125453949,0.9461807131412237
COHFACE_s08_session3_natural,23,90,26.0,0.4985499382019043,0.5110407899683772
COHFACE_s08_session3_natural,23,91,26.033333333333335,0.4909535050392151,-0.05999636514832739
COHFACE_s08_session3_natural,23,92,26.066666666666666,0.4500514566898346,-0.6422933054920896
COHFACE_s08_session3_natural,23,93,26.1,0.31719398498535156,-1.1127347276138426
COHFACE_s08_session3_natural,23,94,26.133333333333333,0.06393438577651978,-1.3728514880712988
COHFACE_s08_session3_natural,23,95,26.166666666666668,-0.15170809626579285,-1.3670954212165356
COHFACE_s08_session3_natural,23,96,26.2,-0.2503474950790405,-1.093768101114629
COHFACE_s08_session3_natural,23,97,26.233333333333334,-0.33863019943237305,-0.6056816937859164
COHFACE_s08_session3_natural,23,98,26.266666666666666,-0.4589182436466217,0.0009260025114014251
COHFACE_s08_session3_natural,23,99,26.3,-0.5720661282539368,0.6075003922317905
COHFACE_s08_session3_natural,23,100,26.333333333333332,-0.7472171783447266,1.0992329730242654
COHFACE_s08_session3_natural,23,101,26.366666666666667,-0.9429903626441956,1.389402270559353
COHFACE_s08_session3_natural,23,102,26.4,-0.9919222593307495,1.4363430798129402
COHFACE_s08_session3_natural,23,103,26.433333333333334,-0.6795793771743774,1.2499858510744466
COHFACE_s08_session3_natural,23,104,26.466666666666665,0.04048357903957367,0.8873889575565943
COHFACE_s08_session3_natural,23,105,26.5,0.7425249814987183,0.43825102835578345
COHFACE_s08_session3_natural,23,106,26.533333333333335,1.0654754638671875,0.002486301098948202
COHFACE_s08_session3_natural,23,107,26.566666666666666,1.0432108640670776,-0.33591688185963037
COHFACE_s08_session3_natural,23,108,26.6,0.9458490014076233,-0.5313344003006625
COHFACE_s08_session3_natural,23,109,26.633333333333333,0.8139039874076843,-0.5868823030579383
COHFACE_s08_session3_natural,23,110,26.666666666666668,0.5992652177810669,-0.5483116118484908
COHFACE_s08_session3_natural,23,111,26.7,0.377828449010849,-0.4837899031684058
COHFACE_s08_session3_natural,23,112,26.733333333333334,0.19218383729457855,-0.4575225695216799
COHFACE_s08_session3_natural,23,113,26.766666666666666,0.07933253049850464,-0.5068780424941239
COHFACE_s08_session3_natural,23,114,26.8,0.03188342973589897,-0.6301617333888716
COHFACE_s08_session3_natural,23,115,26.833333333333332,0.01618872582912445,-0.7875397928475004
COHFACE_s08_session3_natural,23,116,26.866666666666667,-0.019215606153011322,-0.9134645183997087
COHFACE_s08_session3_natural,23,117,26.9,-0.1742464303970337,-0.9364600843949952
COHFACE_s08_session3_natural,23,118,26.933333333333334,-0.3546442687511444,-0.8011560150014394
COHFACE_s08_session3_natural,23,119,26.966666666666665,-0.49667221307754517,-0.4872462410953062
COHFACE_s08_session3_natural,23,120,27.0,-0.6279100775718689,-0.020195736243717927
COHFACE_s08_session3_natural,23,121,27.033333333333335,-0.7482893466949463,0.530354771123488
COHFACE_s08_session3_natural,23,122,27.066666666666666,-0.850350558757782,1.0656191438477394
COHFACE_s08_session3_natural,23,123,27.1,-0.9261550307273865,1.4826694226883361
COHFACE_s08_session3_natural,23,124,27.133333333333333,-0.985420823097229,1.7013523429413937
COHFACE_s08_session3_natural,23,125,27.166666666666668,-1.0542676448822021,1.6836975075443317
COHFACE_s08_session3_natural,23,126,27.2,-1.1246200799942017,1.4399509565490718
COHFACE_s08_session3_natural,23,127,27.233333333333334,-1.0101946592330933,1.0212798757868122
COHFACE_s08_session3_natural,23,128,27.266666666666666,-0.4617469310760498,0.503695055500423
COHFACE_s08_session3_natural,23,129,27.3,0.3475112318992615,-0.030753871788515633
COHFACE_s08_session3_natural,23,130,27.333333333333332,0.951141357421875,-0.5104664337111193
COHFACE_s08_session3_natural,23,131,27.366666666666667,1.1442227363586426,-0.8853144348268444
COHFACE_s08_session3_natural,23,132,27.4,1.0622589588165283,-1.1305806329049737
COHFACE_s08_session3_natural,23,133,27.433333333333334,0.9391878843307495,-1.243709171806417
COHFACE_s08_session3_natural,23,134,27.466666666666665,0.8095240592956543,-1.2358890316841267
COHFACE_s08_session3_natural,23,135,27.5,0.6097587943077087,-1.1226257855566897
COHFACE_s08_session3_natural,23,136,27.533333333333335,0.37728098034858704,-0.918168219869485
COHFACE_s08_session3_natural,23,137,27.566666666666666,0.22165703773498535,-0.6365208580584912
COHFACE_s08_session3_natural,23,138,27.6,0.1560267060995102,-0.29723491245128775
COHFACE_s08_session3_natural,23,139,27.633333333333333,0.11126942932605743,0.0692737915851942
COHFACE_s08_session3_natural,23,140,27.666666666666668,0.01664496771991253,0.42159383076676066
COHFACE_s08_session3_natural,23,141,27.7,-0.14214985072612762,0.7137529706793229
COHFACE_s08_session3_natural,23,142,27.733333333333334,-0.33028098940849304,0.9061390673644255
COHFACE_s08_session3_natural,23,143,27.766666666666666,-0.5013715028762817,0.9763476161694873
COHFACE_s08_session3_natural,23,144,27.8,-0.6707510948181152,0.924580485015371
COHFACE_s08_session3_natural,23,145,27.833333333333332,-0.83607017993927,0.7706008293210204
COHFACE_s08_session3_natural,23,146,27.866666666666667,-0.9592097401618958,0.5444730635100773
COHFACE_s08_session3_natural,23,147,27.9,-1.0466711521148682,0.27705695226908517
COHFACE_s08_session3_natural,23,148,27.933333333333334,-1.0856342315673828,-0.004931892157132587
COHFACE_s08_session3_natural,23,149,27.966666666666665,-1.0894666910171509,-0.278469600717293
COHFACE_s08_session3_natural,23,150,28.0,-1.1206507682800293,-0.5206402011926269
COHFACE_s08_session3_natural,23,151,28.033333333333335,-1.1688982248306274,-0.7053555190111153
COHFACE_s08_session3_natural,23,152,28.066666666666666,-1.2034128904342651,-0.8035566202920117
COHFACE_s08_session3_natural,23,153,28.1,-1.0614534616470337,-0.7885394386548913
COHFACE_s08_session3_natural,23,154,28.133333333333333,-0.48638397455215454,-0.6455560068412496
COHFACE_s08_session3_natural,23,155,28.166666666666668,0.3228969871997833,-0.3824326802858136
COHFACE_s08_session3_natural,23,156,28.2,0.8962327241897583,-0.036650573275420914
COHFACE_s08_session3_natural,23,157,28.233333333333334,1.0537272691726685,0.3255522692132309
COHFACE_s08_session3_natural,23,158,28.266666666666666,0.9859753847122192,0.620796778334796
COHFACE_s08_session3_natural,23,159,28.3,0.9017760753631592,0.7697815305495064
COHFACE_s08_session3_natural,23,160,28.333333333333332,0.7849554419517517,0.7217753804138173
COHFACE_s08_session3_natural,23,161,28.366666666666667,0.5605987310409546,0.4729091424339966
COHFACE_s08_session3_natural,23,162,28.4,0.34436315298080444,0.07056695764675434
COHFACE_s08_session3_natural,23,163,28.433333333333334,0.21191628277301788,-0.3979859465029955
COHFACE_s08_session3_natural,23,164,28.466666666666665,0.1362486481666565,-0.8279972950205312
COHFACE_s08_session3_natural,23,165,28.5,0.06534873694181442,-1.1221317600112213
COHFACE_s08_session3_natural,23,166,28.533333333333335,-0.03379251807928085,-1.2102757986049486
COHFACE_s08_session3_natural,23,167,28.566666666666666,-0.1585060954093933,-1.0608227699282922
COHFACE_s08_session3_natural,23,168,28.6,-0.3073548376560211,-0.6843719108478907
COHFACE_s08_session3_natural,23,169,28.633333333333333,-0.45704764127731323,-0.1324727399616853
COHFACE_s08_session3_natural,23,170,28.666666666666668,-0.5808030962944031,0.5076201114052631
COHFACE_s08_session3_natural,23,171,28.7,-0.6773210167884827,1.1238746821677317
COHFACE_s08_session3_natural,23,172,28.733333333333334,-0.7647140026092529,1.5982053370279856
COHFACE_s08_session3_natural,23,173,28.766666666666666,-0.824321985244751,1.831775003091265
COHFACE_s08_session3_natural,23,174,28.8,-0.8566923141479492,1.7702024968475578
COHFACE_s08_session3_natural,23,175,28.833333333333332,-0.8826068043708801,1.4193319653225667
COHFACE_s08_session3_natural,23,176,28.866666666666667,-0.916642427444458,0.8455042607341805
COHFACE_s08_session3_natural,23,177,28.9,-0.9448381066322327,0.1604923984792589
COHFACE_s08_session3_natural,23,178,28.933333333333334,-0.9919450283050537,-0.5041037606271823
COHFACE_s08_session3_natural,23,179,28.966666666666665,-0.9898235201835632,-1.0260768758553425
COHFACE_s08_session3_natural,23,180,29.0,-0.6884760856628418,-1.3181326575277286
COHFACE_s08_session3_natural,23,181,29.033333333333335,-0.031397249549627304,-1.3438841480894428
COHFACE_s08_session3_natural,23,182,29.066666666666666,0.6142983436584473,-1.12175353226244
COHFACE_s08_session3_natural,23,183,29.1,0.9556353688240051,-0.7177147854934636
COHFACE_s08_session3_natural,23,184,29.133333333333333,1.0039740800857544,-0.22990134351562155
COHFACE_s08_session3_natural,23,185,29.166666666666668,0.905403196811676,0.23162197646312874
COHFACE_s08_session3_natural,23,186,29.2,0.8106874823570251,0.5672825844397387
COHFACE_s08_session3_natural,23,187,29.233333333333334,0.6450718641281128,0.7098335907701618
COHFACE_s08_session3_natural,23,188,29.266666666666666,0.4171108305454254,0.641154382884258
COHFACE_s08_session3_natural,23,189,29.3,0.2462940663099289,0.3981375180499557
COHFACE_s08_session3_natural,23,190,29.333333333333332,0.18556833267211914,0.06305217304799839
COHFACE_s08_session3_natural,23,191,29.366666666666667,0.15545640885829926,-0.2611254522004923
COHFACE_s08_session3_natural,23,192,29.4,0.10791605710983276,-0.48275684790891854
COHFACE_s08_session3_natural,23,193,29.433333333333334,-0.013946017250418663,-0.5491114987219768
COHFACE_s08_session3_natural,23,194,29.466666666666665,-0.15499304234981537,-0.4599197922063286
COHFACE_s08_session3_natural,23,195,29.5,-0.28470247983932495,-0.263828971215204
COHFACE_s08_session3_natural,23,196,29.533333333333335,-0.39595693349838257,-0.04084793434919539
COHFACE_s08_session3_natural,23,197,29.566666666666666,-0.46621811389923096,0.12244085107111487
COHFACE_s08_session3_natural,23,198,29.6,-0.44881248474121094,0.15727514137001306
COHFACE_s08_session3_natural,23,199,29.633333333333333,-0.42595478892326355,0.030809921469986408
COHFACE_s08_session3_natural,23,200,29.666666666666668,-0.48145657777786255,-0.2448406394843061
COHFACE_s08_session3_natural,23,201,29.7,-0.5786359906196594,-0.6129283428400133
COHFACE_s08_session3_natural,23,202,29.733333333333334,-0.6741957664489746,-0.9814520972018936
COHFACE_s08_session3_natural,23,203,29.766666666666666,-0.7499546408653259,-1.241131360494258
COHFACE_s08_session3_natural,23,204,29.8,-0.8219951391220093,-1.2901412883312637
COHFACE_s08_session3_natural,23,205,29.833333333333332,-0.8886520266532898,-1.06145086409287
COHFACE_s08_session3_natural,23,206,29.866666666666667,-0.8814890384674072,-0.5464863105219501
COHFACE_s08_session3_natural,23,207,29.9,-0.557283878326416,0.19240213545571513
COHFACE_s08_session3_natural,23,208,29.933333333333334,0.0903051421046257,1.0275927867263446
COHFACE_s08_session3_natural,23,209,29.966666666666665,0.6955549716949463,1.7926501119862057
COHFACE_s08_session3_natural,23,210,30.0,0.9827361106872559,2.324376064490865
COHFACE_s08_session3_natural,23,211,30.033333333333335,1.0016473531723022,2.507501800696698
COHFACE_s08_session3_natural,23,212,30.066666666666666,0.900338888168335,2.3062733321949467
COHFACE_s08_session3_natural,23,213,30.1,0.767846405506134,1.7716897017828481
COHFACE_s08_session3_natural,23,214,30.133333333333333,0.5965277552604675,1.0232766094326573
COHFACE_s08_session3_natural,23,215,30.166666666666668,0.4042220115661621,0.2140357902535458
COHFACE_s08_session3_natural,23,216,30.2,0.2354811429977417,-0.5086933308543238
COHFACE_s08_session3_natural,23,217,30.233333333333334,0.11959583312273026,-1.0352269369116345
COHFACE_s08_session3_natural,23,218,30.266666666666666,0.014021579176187515,-1.311474567621245
COHFACE_s08_session3_natural,23,219,30.3,-0.14235515892505646,-1.3409867224330925
COHFACE_s08_session3_natural,23,220,30.333333333333332,-0.32336893677711487,-1.1737300527189702
COHFACE_s08_session3_natural,23,221,30.366666666666667,-0.5010977387428284,-0.8868372700603409
COHFACE_s08_session3_natural,23,222,30.4,-0.6411182284355164,-0.5630666687834616
COHFACE_s08_session3_natural,23,223,30.433333333333334,-0.7357198596000671,-0.2720471900175828
COHFACE_s08_session3_natural,23,224,30.466666666666665,-0.8192120790481567,-0.05838832346911786
COHFACE_s08_session3_natural,23,225,30.5,-0.8814662098884583,0.06123072656954959
COHFACE_s08_session3_natural,23,226,30.533333333333335,-0.91221684217453,0.0930998921361556
COHFACE_s08_session3_natural,23,227,30.566666666666666,-0.946366548538208,0.05745415646578281
COHFACE_s08_session3_natural,23,228,30.6,-0.9538032412528992,-0.020399637293229626
COHFACE_s08_session3_natural,23,229,30.633333333333333,-0.9270675182342529,-0.11613953636565642
COHFACE_s08_session3_natural,23,230,30.666666666666668,-0.883063018321991,-0.20912733284586535
COHFACE_s08_session3_natural,23,231,30.7,-0.8382829427719116,-0.28291195291887566
COHFACE_s08_session3_natural,23,232,30.733333333333334,-0.8136003017425537,-0.3253885819947274
COHFACE_s08_session3_natural,23,233,30.766666666666666,-0.7281462550163269,-0.32979063498097183
COHFACE_s08_session3_natural,23,234,30.8,-0.381676584482193,-0.2960615901917456
COHFACE_s08_session3_natural,23,235,30.833333333333332,0.2772728502750397,-0.2309837842080615
COHFACE_s08_session3_natural,23,236,30.866666666666667,0.9857472777366638,-0.14586515530795977
COHFACE_s08_session3_natural,23,237,30.9,1.4872478246688843,-0.05226169592006967
COHFACE_s08_session3_natural,23,238,30.933333333333334,1.7284170389175415,0.04213037280476629
COHFACE_s08_session3_natural,23,239,30.966666666666665,1.7339603900909424,0.13494656417832135
COHFACE_s08_session3_natural,24,0,24.0,-0.8759912848472595,0.070755441524604
COHFACE_s08_session3_natural,24,1,24.033333333333335,-0.7997077703475952,-0.1072477287012798
COHFACE_s08_session3_natural,24,2,24.066666666666666,-0.3078795373439789,-0.26628755914522223
COHFACE_s08_session3_natural,24,3,24.1,0.46323683857917786,-0.3825519348098281
COHFACE_s08_session3_natural,24,4,24.133333333333333,1.092576265335083,-0.4305887496602152
COHFACE_s08_session3_natural,24,5,24.166666666666668,1.3541165590286255,-0.3875814622542679
COHFACE_s08_session3_natural,24,6,24.2,1.3021962642669678,-0.24114635129339682
COHFACE_s08_session3_natural,24,7,24.233333333333334,1.1385653018951416,0.0017711282718130138
COHFACE_s08_session3_natural,24,8,24.266666666666666,0.9750028252601624,0.3094042653776153
COHFACE_s08_session3_natural,24,9,24.3,0.7453308701515198,0.6275196225750606
COHFACE_s08_session3_natural,24,10,24.333333333333332,0.5210198163986206,0.8905655639279059
COHFACE_s08_session3_natural,24,11,24.366666666666667,0.3951199948787689,1.037961356580787
COHFACE_s08_session3_natural,24,12,24.4,0.35380735993385315,1.0294629151204027
COHFACE_s08_session3_natural,24,13,24.433333333333334,0.3275050222873688,0.8545366466120948
COHFACE_s08_session3_natural,24,14,24.466666666666665,0.24305474758148193,0.5340614792651223
COHFACE_s08_session3_natural,24,15,24.5,0.10709482431411743,0.11587218309188552
COHFACE_s08_session3_natural,24,16,24.533333333333335,-0.05233873054385185,-0.3333835251302618
COHFACE_s08_session3_natural,24,17,24.566666666666666,-0.23449310660362244,-0.7385178971119376
COHFACE_s08_session3_natural,24,18,24.6,-0.40446582436561584,-1.0277809551387211
COHFACE_s08_session3_natural,24,19,24.633333333333333,-0.522655189037323,-1.1460785476076116
COHFACE_s08_session3_natural,24,20,24.666666666666668,-0.616732120513916,-1.0675036323188778
COHFACE_s08_session3_natural,24,21,24.7,-0.7000418305397034,-0.8036210960719281
COHFACE_s08_session3_natural,24,22,24.733333333333334,-0.759900689125061,-0.4037643967196147
COHFACE_s08_session3_natural,24,23,24.766666666666666,-0.8027873635292053,0.0544666936601595
COHFACE_s08_session3_natural,24,24,24.8,-0.8891310691833496,0.4828694193742854
COHFACE_s08_session3_natural,24,25,24.833333333333332,-0.9773909449577332,0.8035800578195584
COHFACE_s08_session3_natural,24,26,24.866666666666667,-0.8563501238822937,0.9670134875950925
COHFACE_s08_session3_natural,24,27,24.9,-0.335482120513916,0.961333849460733
COHFACE_s08_session3_natural,24,28,24.933333333333334,0.4057276248931885,0.8105683688396176
COHFACE_s08_session3_natural,24,29,24.966666666666665,0.9163301587104797,0.56218170568491
COHFACE_s08_session3_natural,24,30,25.0,0.9194325804710388,0.2687289674063799
COHFACE_s08_session3_natural,24,31,25.033333333333335,0.5669633150100708,-0.02945262979462236
COHFACE_s08_session3_natural,24,32,25.066666666666666,0.2837514877319336,-0.3138366207859188
COHFACE_s08_session3_natural,24,33,25.1,-0.03224129602313042,-0.5857158536801655
COHFACE_s08_session3_natural,24,34,25.133333333333333,-0.45937448740005493,-0.8532320056813358
COHFACE_s08_session3_natural,24,35,25.166666666666668,-0.71208655834198,-1.1131712566199903
COHFACE_s08_session3_natural,24,36,25.2,-0.7337808609008789,-1.3370966933983435
COHFACE_s08_session3_natural,24,37,25.233333333333334,-0.7384801506996155,-1.47055262203004
COHFACE_s08_session3_natural,24,38,25.266666666666666,-0.7583038210868835,-1.4475896264542008
COHFACE_s08_session3_natural,24,39,25.3,-0.768546462059021,-1.2150844255030735
COHFACE_s08_session3_natural,24,40,25.333333333333332,-0.7923850417137146,-0.7572499167248826
COHFACE_s08_session3_natural,24,41,25.366666666666667,-0.8155393004417419,-0.11103598872701037
COHFACE_s08_session3_natural,24,42,25.4,-0.8334923982620239,0.6337432768560871
COHFACE_s08_session3_natural,24,43,25.433333333333334,-0.8773828148841858,1.3508061367578157
COHFACE_s08_session3_natural,24,44,25.466666666666665,-0.8966818451881409,1.906078670672009
COHFACE_s08_session3_natural,24,45,25.5,-0.8941268920898438,2.19046056612506
COHFACE_s08_session3_natural,24,46,25.533333333333335,-0.8905454277992249,2.147580072955088
COHFACE_s08_session3_natural,24,47,25.566666666666666,-0.8997842669487,1.7889627561634183
COHFACE_s08_session3_natural,24,48,25.6,-0.9291662573814392,1.19201988257638
COHFACE_s08_session3_natural,24,49,25.633333333333333,-0.9072210192680359,0.4809181280799738
COHFACE_s08_session3_natural,24,50,25.666666666666668,-0.5944903492927551,-0.20388884343098718
COHFACE_s08_session3_natural,24,51,25.7,0.1181814894080162,-0.7381353814721693
COHFACE_s08_session3_natural,24,52,25.733333333333334,0.8779146671295166,-1.039824175855576
COHFACE_s08_session3_natural,24,53,25.766666666666666,1.2712175846099854,-1.0840144135876735
COHFACE_s08_session3_natural,24,54,25.8,1.2290380001068115,-0.9045199082993503
COHFACE_s08_session3_natural,24,55,25.833333333333332,1.0248243808746338,-0.5827758353816131
COHFACE_s08_session3_natural,24,56,25.866666666666667,0.8862866759300232,-0.2260251548856899
COHFACE_s08_session3_natural,24,57,25.9,0.7310961484909058,0.06042874014556346
COHFACE_s08_session3_natural,24,58,25.933333333333334,0.5904825925827026,0.1994578590805821
COHFACE_s08_session3_natural,24,59,25.966666666666665,0.514427125453949,0.15939036550434804
COHFACE_s08_session3_natural,24,60,26.0,0.4985499382019043,-0.041150500780016655
COHFACE_s08_session3_natural,24,61,26.033333333333335,0.4909535050392151,-0.3399687342461136
COHFACE_s08_session3_natural,24,62,26.066666666666666,0.4500514566898346,-0.6472375139507205
COHFACE_s08_session3_natural,24,63,26.1,0.31719398498535156,-0.8680101012331618
COHFACE_s08_session3_natural,24,64,26.133333333333333,0.06393438577651978,-0.9269556050013957
COHFACE_s08_session3_natural,24,65,26.166666666666668,-0.15170809626579285,-0.7891534697088228
COHFACE_s08_session3_natural,24,66,26.2,-0.2503474950790405,-0.4710884375703807
COHFACE_s08_session3_natural,24,67,26.233333333333334,-0.33863019943237305,-0.03835484874640986
COHFACE_s08_session3_natural,24,68,26.266666666666666,-0.4589182436466217,0.4100925884412327
COHFACE_s08_session3_natural,24,69,26.3,-0.5720661282539368,0.7675367310198131
COHFACE_s08_session3_natural,24,70,26.333333333333332,-0.7472171783447266,0.9479709396329171
COHFACE_s08_session3_natural,24,71,26.366666666666667,-0.9429903626441956,0.9094281729134925
COHFACE_s08_session3_natural,24,72,26.4,-0.9919222593307495,0.6662802778402553
COHFACE_s08_session3_natural,24,73,26.433333333333334,-0.6795793771743774,0.2878499500819828
COHFACE_s08_session3_natural,24,74,26.466666666666665,0.04048357903957367,-0.11700004473058727
COHFACE_s08_session3_natural,24,75,26.5,0.7425249814987183,-0.4273106978257889
COHFACE_s08_session3_natural,24,76,26.533333333333335,1.0654754638671875,-0.5439701526000839
COHFACE_s08_session3_natural,24,77,26.566666666666666,1.0432108640670776,-0.4211064955731759
COHFACE_s08_session3_natural,24,78,26.6,0.9458490014076233,-0.08462931559065513
COHFACE_s08_session3_natural,24,79,26.633333333333333,0.8139039874076843,0.37016107470180315
COHFACE_s08_session3_natural,24,80,26.666666666666668,0.5992652177810669,0.8041016439972739
COHFACE_s08_session3_natural,24,81,26.7,0.377828449010849,1.0761861104277983
COHFACE_s08_session3_natural,24,82,26.733333333333334,0.19218383729457855,1.0869521931802901
COHFACE_s08_session3_natural,24,83,26.766666666666666,0.07933253049850464,0.8067178413235035
COHFACE_s08_session3_natural,24,84,26.8,0.03188342973589897,0.28062172517824874
COHFACE_s08_session3_natural,24,85,26.833333333333332,0.01618872582912445,-0.386382654625139
COHFACE_s08_session3_natural,24,86,26.866666666666667,-0.019215606153011322,-1.0558655034231128
COHFACE_s08_session3_natural,24,87,26.9,-0.1742464303970337,-1.58544446402781
COHFACE_s08_session3_natural,24,88,26.933333333333334,-0.3546442687511444,-1.856307911794399
COHFACE_s08_session3_natural,24,89,26.966666666666665,-0.49667221307754517,-1.7961239539319918
COHFACE_s08_session3_natural,24,90,27.0,-0.6279100775718689,-1.3955515095283482
COHFACE_s08_session3_natural,24,91,27.033333333333335,-0.7482893466949463,-0.71547446172148
COHFACE_s08_session3_natural,24,92,27.066666666666666,-0.850350558757782,0.11939647417058863
COHFACE_s08_session3_natural,24,93,27.1,-0.9261550307273865,0.9436651053620272
COHFACE_s08_session3_natural,24,94,27.133333333333333,-0.985420823097229,1.5887399736421415
COHFACE_s08_session3_natural,24,95,27.166666666666668,-1.0542676448822021,1.9251259021431453
COHFACE_s08_session3_natural,24,96,27.2,-1.1246200799942017,1.895754241182179
COHFACE_s08_session3_natural,24,97,27.233333333333334,-1.0101946592330933,1.528796670063175
COHFACE_s08_session3_natural,24,98,27.266666666666666,-0.4617469310760498,0.9266719937991806
COHFACE_s08_session3_natural,24,99,27.3,0.3475112318992615,0.2366213123892493
COHFACE_s08_session3_natural,24,100,27.333333333333332,0.951141357421875,-0.3877605096087905
COHFACE_s08_session3_natural,24,101,27.366666666666667,1.1442227363586426,-0.8242300631651414
COHFACE_s08_session3_natural,24,102,27.4,1.0622589588165283,-1.009531955268119
COHFACE_s08_session3_natural,24,103,27.433333333333334,0.9391878843307495,-0.9497368473193011
COHFACE_s08_session3_natural,24,104,27.466666666666665,0.8095240592956543,-0.7109371916099101
COHFACE_s08_session3_natural,24,105,27.5,0.6097587943077087,-0.39421009100935134
COHFACE_s08_session3_natural,24,106,27.533333333333335,0.37728098034858704,-0.10363245419992881
COHFACE_s08_session3_natural,24,107,27.566666666666666,0.22165703773498535,0.08249927033411181
COHFACE_s08_session3_natural,24,108,27.6,0.1560267060995102,0.12961905086820527
COHFACE_s08_session3_natural,24,109,27.633333333333333,0.11126942932605743,0.05083224702105009
COHFACE_s08_session3_natural,24,110,27.666666666666668,0.01664496771991253,-0.10229570805781628
COHFACE_s08_session3_natural,24,111,27.7,-0.14214985072612762,-0.25836276525924207
COHFACE_s08_session3_natural,24,112,27.733333333333334,-0.33028098940849304,-0.3486467068794287
COHFACE_s08_session3_natural,24,113,27.766666666666666,-0.5013715028762817,-0.32758722942384383
COHFACE_s08_session3_natural,24,114,27.8,-0.6707510948181152,-0.1862829905086981
COHFACE_s08_session3_natural,24,115,27.833333333333332,-0.83607017993927,0.0444250421986878
COHFACE_s08_session3_natural,24,116,27.866666666666667,-0.9592097401618958,0.30290766204415215
COHFACE_s08_session3_natural,24,117,27.9,-1.0466711521148682,0.5159180629324458
COHFACE_s08_session3_natural,24,118,27.933333333333334,-1.0856342315673828,0.6212837295060847
COHFACE_s08_session3_natural,24,119,27.966666666666665,-1.0894666910171509,0.5854282852795721
COHFACE_s08_session3_natural,24,120,28.0,-1.1206507682800293,0.4107199198131648
COHFACE_s08_session3_natural,24,121,28.033333333333335,-1.1688982248306274,0.13318232184156603
COHFACE_s08_session3_natural,24,122,28.066666666666666,-1.2034128904342651,-0.18636403352856554
COHFACE_s08_session3_natural,24,123,28.1,-1.0614534616470337,-0.47508426290083716
COHFACE_s08_session3_natural,24,124,28.133333333333333,-0.48638397455215454,-0.6631326749701397
COHFACE_s08_session3_natural,24,125,28.166666666666668,0.3228969871997833,-0.6993066599636815
COHFACE_s08_session3_natural,24,126,28.2,0.8962327241897583,-0.5649425190662883
COHFACE_s08_session3_natural,24,127,28.233333333333334,1.0537272691726685,-0.28238542733746475
COHFACE_s08_session3_natural,24,128,28.266666666666666,0.9859753847122192,0.08608739633098796
COHFACE_s08_session3_natural,24,129,28.3,0.9017760753631592,0.45110314510163335
COHFACE_s08_session3_natural,24,130,28.333333333333332,0.7849554419517517,0.7185778043441273
COHFACE_s08_session3_natural,24,131,28.366666666666667,0.5605987310409546,0.8149873238289123
COHFACE_s08_session3_natural,24,132,28.4,0.34436315298080444,0.7072749616107472
COHFACE_s08_session3_natural,24,133,28.433333333333334,0.21191628277301788,0.4112198598129129
COHFACE_s08_session3_natural,24,134,28.466666666666665,0.1362486481666565,-0.013334777428310927
COHFACE_s08_session3_natural,24,135,28.5,0.06534873694181442,-0.4773323651553189
COHFACE_s08_session3_natural,24,136,28.533333333333335,-0.03379251807928085,-0.8818741538974781
COHFACE_s08_session3_natural,24,137,28.566666666666666,-0.1585060954093933,-1.1370342064819103
COHFACE_s08_session3_natural,24,138,28.6,-0.3073548376560211,-1.1775774885390367
COHFACE_s08_session3_natural,24,139,28.633333333333333,-0.45704764127731323,-0.9752653853081104
COHFACE_s08_session3_natural,24,140,28.666666666666668,-0.5808030962944031,-0.5474763628295115
COHFACE_s08_session3_natural,24,141,28.7,-0.6773210167884827,0.03995406377208709
COHFACE_s08_session3_natural,24,142,28.733333333333334,-0.7647140026092529,0.679463739693405
COHFACE_s08_session3_natural,24,143,28.766666666666666,-0.824321985244751,1.240947185502125
COHFACE_s08_session3_natural,24,144,28.8,-0.8566923141479492,1.601791557880988
COHFACE_s08_session3_natural,24,145,28.833333333333332,-0.8826068043708801,1.6800905307094347
COHFACE_s08_session3_natural,24,146,28.866666666666667,-0.916642427444458,1.4593815627201923
COHFACE_s08_session3_natural,24,147,28.9,-0.9448381066322327,0.9947476133837738
COHFACE_s08_session3_natural,24,148,28.933333333333334,-0.9919450283050537,0.3974317085123008
COHFACE_s08_session3_natural,24,149,28.966666666666665,-0.9898235201835632,-0.19622408870133914
COHFACE_s08_session3_natural,24,150,29.0,-0.6884760856628418,-0.6607544368409966
COHFACE_s08_session3_natural,24,151,29.033333333333335,-0.031397249549627304,-0.9117974264154091
COHFACE_s08_session3_natural,24,152,29.066666666666666,0.6142983436584473,-0.9235472338822087
COHFACE_s08_session3_natural,24,153,29.1,0.9556353688240051,-0.7310756253025533
COHFACE_s08_session3_natural,24,154,29.133333333333333,1.0039740800857544,-0.41877703151321616
COHFACE_s08_session3_natural,24,155,29.166666666666668,0.905403196811676,-0.09815384361425039
COHFACE_s08_session3_natural,24,156,29.2,0.8106874823570251,0.1208564947339968
COHFACE_s08_session3_natural,24,157,29.233333333333334,0.6450718641281128,0.15958518158561247
COHFACE_s08_session3_natural,24,158,29.266666666666666,0.4171108305454254,-0.005779657534407227
COHFACE_s08_session3_natural,24,159,29.3,0.2462940663099289,-0.3343646489936047
COHFACE_s08_session3_natural,24,160,29.333333333333332,0.18556833267211914,-0.7295419469701623
COHFACE_s08_session3_natural,24,161,29.366666666666667,0.15545640885829926,-1.0657268986528203
COHFACE_s08_session3_natural,24,162,29.4,0.10791605710983276,-1.2251709978965453
COHFACE_s08_session3_natural,24,163,29.433333333333334,-0.013946017250418663,-1.1328277595678136
COHFACE_s08_session3_natural,24,164,29.466666666666665,-0.15499304234981537,-0.7787834503261182
COHFACE_s08_session3_natural,24,165,29.5,-0.28470247983932495,-0.22278299779410637
COHFACE_s08_session3_natural,24,166,29.533333333333335,-0.39595693349838257,0.41928249896564684
COHFACE_s08_session3_natural,24,167,29.566666666666666,-0.46621811389923096,1.0029863732508242
COHFACE_s08_session3_natural,24,168,29.6,-0.44881248474121094,1.3904995976433283
COHFACE_s08_session3_natural,24,169,29.633333333333333,-0.42595478892326355,1.4852551852678018
COHFACE_s08_session3_natural,24,170,29.666666666666668,-0.48145657777786255,1.2579141268170906
COHFACE_s08_session3_natural,24,171,29.7,-0.5786359906196594,0.7567960136434206
COHFACE_s08_session3_natural,24,172,29.733333333333334,-0.6741957664489746,0.09926786135082405
COHFACE_s08_session3_natural,24,173,29.766666666666666,-0.7499546408653259,-0.554764912070711
COHFACE_s08_session3_natural,24,174,29.8,-0.8219951391220093,-1.0413867661056864
COHFACE_s08_session3_natural,24,175,29.833333333333332,-0.8886520266532898,-1.2338965630807306
COHFACE_s08_session3_natural,24,176,29.866666666666667,-0.8814890384674072,-1.076276990644805
COHFACE_s08_session3_natural,24,177,29.9,-0.557283878326416,-0.5998543688940225
COHFACE_s08_session3_natural,24,178,29.933333333333334,0.0903051421046257,0.08226586681163357
COHFACE_s08_session3_natural,24,179,29.966666666666665,0.6955549716949463,0.8030237813505176
COHFACE_s08_session3_natural,24,180,30.0,0.9827361106872559,1.385243967605833
COHFACE_s08_session3_natural,24,181,30.033333333333335,1.0016473531723022,1.6893701150665705
COHFACE_s08_session3_natural,24,182,30.066666666666666,0.900338888168335,1.649883939791709
COHFACE_s08_session3_natural,24,183,30.1,0.767846405506134,1.2882685340794342
COHFACE_s08_session3_natural,24,184,30.133333333333333,0.5965277552604675,0.6999481190597162
COHFACE_s08_session3_natural,24,185,30.166666666666668,0.4042220115661621,0.022846283881544027
COHFACE_s08_session3_natural,24,186,30.2,0.2354811429977417,-0.6000867152738962
COHFACE_s08_session3_natural,24,187,30.233333333333334,0.11959583312273026,-1.0532489289526863
COHFACE_s08_session3_natural,24,188,30.266666666666666,0.014021579176187515,-1.2688849551646113
COHFACE_s08_session3_natural,24,189,30.3,-0.14235515892505646,-1.2338929560105327
COHFACE_s08_session3_natural,24,190,30.333333333333332,-0.32336893677711487,-0.9849562808414424
COHFACE_s08_session3_natural,24,191,30.366666666666667,-0.5010977387428284,-0.5956937521435266
COHFACE_s08_session3_natural,24,192,30.4,-0.6411182284355164,-0.15926635264591935
COHFACE_s08_session3_natural,24,193,30.433333333333334,-0.7357198596000671,0.23078358834932727
COHFACE_s08_session3_natural,24,194,30.466666666666665,-0.8192120790481567,0.49860432302225
COHFACE_s08_session3_natural,24,195,30.5,-0.8814662098884583,0.6000055500668642
COHFACE_s08_session3_natural,24,196,30.533333333333335,-0.91221684217453,0.5299660538239309
COHFACE_s08_session3_natural,24,197,30.566666666666666,-0.946366548538208,0.32214464395602044
COHFACE_s08_session3_natural,24,198,30.6,-0.9538032412528992,0.03947240648239144
COHFACE_s08_session3_natural,24,199,30.633333333333333,-0.9270675182342529,-0.24328228434489366
COHFACE_s08_session3_natural,24,200,30.666666666666668,-0.883063018321991,-0.4605316881416818
COHFACE_s08_session3_natural,24,201,30.7,-0.8382829427719116,-0.5734343428452268
COHFACE_s08_session3_natural,24,202,30.733333333333334,-0.8136003017425537,-0.5779861455537662
COHFACE_s08_session3_natural,24,203,30.766666666666666,-0.7281462550163269,-0.5014240195013435
COHFACE_s08_session3_natural,24,204,30.8,-0.381676584482193,-0.3889691143427401
COHFACE_s08_session3_natural,24,205,30.833333333333332,0.2772728502750397,-0.28607972172508156
COHFACE_s08_session3_natural,24,206,30.866666666666667,0.9857472777366638,-0.22260406971859356
COHFACE_s08_session3_natural,24,207,30.9,1.4872478246688843,-0.20400536228181002
COHFACE_s08_session3_natural,24,208,30.933333333333334,1.7284170389175415,-0.21167214443746085
COHFACE_s08_session3_natural,24,209,30.966666666666665,1.7339603900909424,-0.2111788225845064
COHFACE_s08_session3_natural,24,210,31.0,1.6106382608413696,-0.16563551515234154
COHFACE_s08_session3_natural,24,211,31.033333333333335,1.46235990524292,-0.05013334878387984
COHFACE_s08_session3_natural,24,212,31.066666666666666,1.4368788003921509,0.13781835857028996
COHFACE_s08_session3_natural,24,213,31.1,1.4387949705123901,0.3760721606650692
COHFACE_s08_session3_natural,24,214,31.133333333333333,1.357675313949585,0.6241016683441313
COHFACE_s08_session3_natural,24,215,31.166666666666668,1.1183538436889648,0.8341044685557318
COHFACE_s08_session3_natural,24,216,31.2,0.7818074226379395,0.9626188714362309
COHFACE_s08_session3_natural,24,217,31.233333333333334,0.6210963726043701,0.9799040878985232
COHFACE_s08_session3_natural,24,218,31.266666666666666,0.4655408561229706,0.8758237649797949
COHFACE_s08_session3_natural,24,219,31.3,0.2462940663099289,0.6617281996457784
COHFACE_s08_session3_natural,24,220,31.333333333333332,0.098540298640728,0.3682844848067739
COHFACE_s08_session3_natural,24,221,31.366666666666667,0.015002498403191566,0.039726168205001404
COHFACE_s08_session3_natural,24,222,31.4,-0.08623746782541275,-0.2743547062298532
COHFACE_s08_session3_natural,24,223,31.433333333333334,-0.20951388776302338,-0.5281084823187955
COHFACE_s08_session3_natural,24,224,31.466666666666665,-0.31257882714271545,-0.687826810319105
COHFACE_s08_session3_natural,24,225,31.5,-0.4082298278808594,-0.7380010624494721
COHFACE_s08_session3_natural,24,226,31.533333333333335,-0.4923151135444641,-0.6832470518644522
COHFACE_s08_session3_natural,24,227,31.566666666666666,-0.5475887656211853,-0.5450400196328155
COHFACE_s08_session3_natural,24,228,31.6,-0.5884907841682434,-0.3543147928684986
COHFACE_s08_session3_natural,24,229,31.633333333333333,-0.5178646445274353,-0.1429852116754712
COHFACE_s08_session3_natural,24,230,31.666666666666668,-0.13049288094043732,0.062352555836111934
COHFACE_s08_session3_natural,24,231,31.7,0.5296884179115295,0.24282048146315877
COHFACE_s08_session3_natural,24,232,31.733333333333334,1.1160954236984253,0.3862158781049791
COHFACE_s08_session3_natural,24,233,31.766666666666666,1.3376234769821167,0.48445962392665654
COHFACE_s08_session3_natural,24,234,31.8,1.2643511295318604,0.5315655411392106
COHFACE_s08_session3_natural,24,235,31.833333333333332,1.117897629737854,0.5232632973566558
COHFACE_s08_session3_natural,24,236,31.866666666666667,0.923880934715271,0.45830102191630706
COHFACE_s08_session3_natural,24,237,31.9,0.7118656039237976,0.3405202372011076
COHFACE_s08_session3_natural,24,238,31.933333333333334,0.5543482303619385,0.18028222834476418
COHFACE_s08_session3_natural,24,239,31.966666666666665,0.43362677097320557,-0.005830571787107942
COHFACE_s08_session3_natural,25,0,25.0,0.9194325804710388,0.031023515393763905
COHFACE_s08_session3_natural,25,1,25.033333333333335,0.5669633150100708,0.256533054496239
COHFACE_s08_session3_natural,25,2,25.066666666666666,0.2837514877319336,0.40094727467736707
COHFACE_s08_session3_natural,25,3,25.1,-0.03224129602313042,0.4059088175147546
COHFACE_s08_session3_natural,25,4,25.133333333333333,-0.45937448740005493,0.2552291482646308
COHFACE_s08_session3_natural,25,5,25.166666666666668,-0.71208655834198,-0.017174028830088766
COHFACE_s08_session3_natural,25,6,25.2,-0.7337808609008789,-0.3341799727338175
COHFACE_s08_session3_natural,25,7,25.233333333333334,-0.7384801506996155,-0.5971892491311115
COHFACE_s08_session3_natural,25,8,25.266666666666666,-0.7583038210868835,-0.7168203686910644
COHFACE_s08_session3_natural,25,9,25.3,-0.768546462059021,-0.6423283397015015
COHFACE_s08_session3_natural,25,10,25.333333333333332,-0.7923850417137146,-0.3794174937280896
COHFACE_s08_session3_natural,25,11,25.366666666666667,-0.8155393004417419,0.009827903773005325
COHFACE_s08_session3_natural,25,12,25.4,-0.8334923982620239,0.4249937205683374
COHFACE_s08_session3_natural,25,13,25.433333333333334,-0.8773828148841858,0.7572005245922176
COHFACE_s08_session3_natural,25,14,25.466666666666665,-0.8966818451881409,0.9204069418917463
COHFACE_s08_session3_natural,25,15,25.5,-0.8941268920898438,0.8738830935726505
COHFACE_s08_session3_natural,25,16,25.533333333333335,-0.8905454277992249,0.6302604166130913
COHFACE_s08_session3_natural,25,17,25.566666666666666,-0.8997842669487,0.24948787156678903
COHFACE_s08_session3_natural,25,18,25.6,-0.9291662573814392,-0.1773197369594975
COHFACE_s08_session3_natural,25,19,25.633333333333333,-0.9072210192680359,-0.5491625046833757
COHFACE_s08_session3_natural,25,20,25.666666666666668,-0.5944903492927551,-0.7770313628143573
COHFACE_s08_session3_natural,25,21,25.7,0.1181814894080162,-0.8029529784632508
COHFACE_s08_session3_natural,25,22,25.733333333333334,0.8779146671295166,-0.6138930495990661
COHFACE_s08_session3_natural,25,23,25.766666666666666,1.2712175846099854,-0.24831052029276254
COHFACE_s08_session3_natural,25,24,25.8,1.2290380001068115,0.2076321716596457
COHFACE_s08_session3_natural,25,25,25.833333333333332,1.0248243808746338,0.6366196239238376
COHFACE_s08_session3_natural,25,26,25.866666666666667,0.8862866759300232,0.9182407596985417
COHFACE_s08_session3_natural,25,27,25.9,0.7310961484909058,0.9618741998882996
COHFACE_s08_session3_natural,25,28,25.933333333333334,0.5904825925827026,0.7338253530288432
COHFACE_s08_session3_natural,25,29,25.966666666666665,0.514427125453949,0.2690069514565722
COHFACE_s08_session3_natural,25,30,26.0,0.4985499382019043,-0.3364637878887624
COHFACE_s08_session3_natural,25,31,26.033333333333335,0.4909535050392151,-0.9482420843372046
COHFACE_s08_session3_natural,25,32,26.066666666666666,0.4500514566898346,-1.4250210762225581
COHFACE_s08_session3_natural,25,33,26.1,0.31719398498535156,-1.6506953862981493
COHFACE_s08_session3_natural,25,34,26.133333333333333,0.06393438577651978,-1.5614798502207035
COHFACE_s08_session3_natural,25,35,26.166666666666668,-0.15170809626579285,-1.1630367433608864
COHFACE_s08_session3_natural,25,36,26.2,-0.2503474950790405,-0.532856580889492
COHFACE_s08_session3_natural,25,37,26.233333333333334,-0.33863019943237305,0.19550526670796453
COHFACE_s08_session3_natural,25,38,26.266666666666666,-0.4589182436466217,0.8652968374634038
COHFACE_s08_session3_natural,25,39,26.3,-0.5720661282539368,1.3386216511355966
COHFACE_s08_session3_natural,25,40,26.333333333333332,-0.7472171783447266,1.5338021482007724
COHFACE_s08_session3_natural,25,41,26.366666666666667,-0.9429903626441956,1.4442566630437101
COHFACE_s08_session3_natural,25,42,26.4,-0.9919222593307495,1.1330477230757863
COHFACE_s08_session3_natural,25,43,26.433333333333334,-0.6795793771743774,0.7077758649635377
COHFACE_s08_session3_natural,25,44,26.466666666666665,0.04048357903957367,0.2868255113662281
COHFACE_s08_session3_natural,25,45,26.5,0.7425249814987183,-0.03183997910469373
COHFACE_s08_session3_natural,25,46,26.533333333333335,1.0654754638671875,-0.19214147819851105
COHFACE_s08_session3_natural,25,47,26.566666666666666,1.0432108640670776,-0.18902780818350973
COHFACE_s08_session3_natural,25,48,26.6,0.9458490014076233,-0.06540738347618741
COHFACE_s08_session3_natural,25,49,26.633333333333333,0.8139039874076843,0.10173950850270183
COHFACE_s08_session3_natural,25,50,26.666666666666668,0.5992652177810669,0.2231869534579246
COHFACE_s08_session3_natural,25,51,26.7,0.377828449010849,0.2224071692905713
COHFACE_s08_session3_natural,25,52,26.733333333333334,0.19218383729457855,0.057364801407441206
COHFACE_s08_session3_natural,25,53,26.766666666666666,0.07933253049850464,-0.2666757349491931
COHFACE_s08_session3_natural,25,54,26.8,0.03188342973589897,-0.6964133446401632
COHFACE_s08_session3_natural,25,55,26.833333333333332,0.01618872582912445,-1.1414320513319265
COHFACE_s08_session3_natural,25,56,26.866666666666667,-0.019215606153011322,-1.4939343972350272
COHFACE_s08_session3_natural,25,57,26.9,-0.1742464303970337,-1.6532457695670126
COHFACE_s08_session3_natural,25,58,26.933333333333334,-0.3546442687511444,-1.5504463072607135
COHFACE_s08_session3_natural,25,59,26.966666666666665,-0.49667221307754517,-1.1680755253096833
COHFACE_s08_session3_natural,25,60,27.0,-0.6279100775718689,-0.5498114083240393
COHFACE_s08_session3_natural,25,61,27.033333333333335,-0.7482893466949463,0.20392298356086322
COHFACE_s08_session3_natural,25,62,27.066666666666666,-0.850350558757782,0.9556278249610995
COHFACE_s08_session3_natural,25,63,27.1,-0.9261550307273865,1.5622665532671993
COHFACE_s08_session3_natural,25,64,27.133333333333333,-0.985420823097229,1.9103050522115468
COHFACE_s08_session3_natural,25,65,27.166666666666668,-1.0542676448822021,1.9434025608553038
COHFACE_s08_session3_natural,25,66,27.2,-1.1246200799942017,1.6740224993524224
COHFACE_s08_session3_natural,25,67,27.233333333333334,-1.0101946592330933,1.1761504169204253
COHFACE_s08_session3_natural,25,68,27.266666666666666,-0.4617469310760498,0.5631247924556071
COHFACE_s08_session3_natural,25,69,27.3,0.3475112318992615,-0.04126465397794043
COHFACE_s08_session3_natural,25,70,27.333333333333332,0.951141357421875,-0.5304320556772826
COHFACE_s08_session3_natural,25,71,27.366666666666667,1.1442227363586426,-0.8358071829651363
COHFACE_s08_session3_natural,25,72,27.4,1.0622589588165283,-0.937192233198061
COHFACE_s08_session3_natural,25,73,27.433333333333334,0.9391878843307495,-0.8608238909203345
COHFACE_s08_session3_natural,25,74,27.466666666666665,0.8095240592956543,-0.6660158425182152
COHFACE_s08_session3_natural,25,75,27.5,0.6097587943077087,-0.4247110404222586
COHFACE_s08_session3_natural,25,76,27.533333333333335,0.37728098034858704,-0.20092463643924716
COHFACE_s08_session3_natural,25,77,27.566666666666666,0.22165703773498535,-0.03668647443970952
COHFACE_s08_session3_natural,25,78,27.6,0.1560267060995102,0.05276379791595448
COHFACE_s08_session3_natural,25,79,27.633333333333333,0.11126942932605743,0.07596124613434996
COHFACE_s08_session3_natural,25,80,27.666666666666668,0.01664496771991253,0.057342859462178555
COHFACE_s08_session3_natural,25,81,27.7,-0.14214985072612762,0.027187505743138256
COHFACE_s08_session3_natural,25,82,27.733333333333334,-0.33028098940849304,0.011798488434889684
COHFACE_s08_session3_natural,25,83,27.766666666666666,-0.5013715028762817,0.025971251301925444
COHFACE_s08_session3_natural,25,84,27.8,-0.6707510948181152,0.06875167934056928
COHFACE_s08_session3_natural,25,85,27.833333333333332,-0.83607017993927,0.12296050981428028
COHFACE_s08_session3_natural,25,86,27.866666666666667,-0.9592097401618958,0.15947314192901166
COHFACE_s08_session3_natural,25,87,27.9,-1.0466711521148682,0.14672089221096732
COHFACE_s08_session3_natural,25,88,27.933333333333334,-1.0856342315673828,0.06305824492083369
COHFACE_s08_session3_natural,25,89,27.966666666666665,-1.0894666910171509,-0.09280726040593117
COHFACE_s08_session3_natural,25,90,28.0,-1.1206507682800293,-0.2974411230638952
COHFACE_s08_session3_natural,25,91,28.033333333333335,-1.1688982248306274,-0.5057621645644252
COHFACE_s08_session3_natural,25,92,28.066666666666666,-1.2034128904342651,-0.6606390362058905
COHFACE_s08_session3_natural,25,93,28.1,-1.0614534616470337,-0.7068511875712543
COHFACE_s08_session3_natural,25,94,28.133333333333333,-0.48638397455215454,-0.606666516575761
COHFACE_s08_session3_natural,25,95,28.166666666666668,0.3228969871997833,-0.353539258375277
COHFACE_s08_session3_natural,25,96,28.2,0.8962327241897583,0.020472026455625528
COHFACE_s08_session3_natural,25,97,28.233333333333334,1.0537272691726685,0.4476328129020663
COHFACE_s08_session3_natural,25,98,28.266666666666666,0.9859753847122192,0.839096121958167
COHFACE_s08_session3_natural,25,99,28.3,0.9017760753631592,1.1077793396100162
COHFACE_s08_session3_natural,25,100,28.333333333333332,0.7849554419517517,1.1919903158039562
COHFACE_s08_session3_natural,25,101,28.366666666666667,0.5605987310409546,1.071279837046496
COHFACE_s08_session3_natural,25,102,28.4,0.34436315298080444,0.7695217893453417
COHFACE_s08_session3_natural,25,103,28.433333333333334,0.21191628277301788,0.345818299219793
COHFACE_s08_session3_natural,25,104,28.466666666666665,0.1362486481666565,-0.12192379769363261
COHFACE_s08_session3_natural,25,105,28.5,0.06534873694181442,-0.5545241485009119
COHFACE_s08_session3_natural,25,106,28.533333333333335,-0.03379251807928085,-0.8852561944538333
COHFACE_s08_session3_natural,25,107,28.566666666666666,-0.1585060954093933,-1.0677099312155574
COHFACE_s08_session3_natural,25,108,28.6,-0.3073548376560211,-1.0786146468238824
COHFACE_s08_session3_natural,25,109,28.633333333333333,-0.45704764127731323,-0.9180906588744443
COHFACE_s08_session3_natural,25,110,28.666666666666668,-0.5808030962944031,-0.6095632211438222
COHFACE_s08_session3_natural,25,111,28.7,-0.6773210167884827,-0.19964562676643435
COHFACE_s08_session3_natural,25,112,28.733333333333334,-0.7647140026092529,0.2441816018485937
COHFACE_s08_session3_natural,25,113,28.766666666666666,-0.824321985244751,0.6414223915128583
COHFACE_s08_session3_natural,25,114,28.8,-0.8566923141479492,0.9136858388980832
COHFACE_s08_session3_natural,25,115,28.833333333333332,-0.8826068043708801,1.004637267493972
COHFACE_s08_session3_natural,25,116,28.866666666666667,-0.916642427444458,0.8977563749299992
COHFACE_s08_session3_natural,25,117,28.9,-0.9448381066322327,0.6237448712875472
COHFACE_s08_session3_natural,25,118,28.933333333333334,-0.9919450283050537,0.253574618436525
COHFACE_s08_session3_natural,25,119,28.966666666666665,-0.9898235201835632,-0.12061334346176733
COHFACE_s08_session3_natural,25,120,29.0,-0.6884760856628418,-0.4104527481618282
COHFACE_s08_session3_natural,25,121,29.033333333333335,-0.031397249549627304,-0.5546856516841111
COHFACE_s08_session3_natural,25,122,29.066666666666666,0.6142983436584473,-0.5343571145741635
COHFACE_s08_session3_natural,25,123,29.1,0.9556353688240051,-0.3759959937479489
COHFACE_s08_session3_natural,25,124,29.133333333333333,1.0039740800857544,-0.14267519996129957
COHFACE_s08_session3_natural,25,125,29.166666666666668,0.905403196811676,0.08402710704373044
COHFACE_s08_session3_natural,25,126,29.2,0.8106874823570251,0.22678368125204698
COHFACE_s08_session3_natural,25,127,29.233333333333334,0.6450718641281128,0.23501629869395393
COHFACE_s08_session3_natural,25,128,29.266666666666666,0.4171108305454254,0.1013370179634975
COHFACE_s08_session3_natural,25,129,29.3,0.2462940663099289,-0.13388135776695476
COHFACE_s08_session3_natural,25,130,29.333333333333332,0.18556833267211914,-0.3932043180896383
COHFACE_s08_session3_natural,25,131,29.366666666666667,0.15545640885829926,-0.5863242094871276
COHFACE_s08_session3_natural,25,132,29.4,0.10791605710983276,-0.6398044434100219
COHFACE_s08_session3_natural,25,133,29.433333333333334,-0.013946017250418663,-0.5212335412138837
COHFACE_s08_session3_natural,25,134,29.466666666666665,-0.15499304234981537,-0.24906579084179475
COHFACE_s08_session3_natural,25,135,29.5,-0.28470247983932495,0.11409751812884772
COHFACE_s08_session3_natural,25,136,29.533333333333335,-0.39595693349838257,0.48035674200806466
COHFACE_s08_session3_natural,25,137,29.566666666666666,-0.46621811389923096,0.7595800547414697
COHFACE_s08_session3_natural,25,138,29.6,-0.44881248474121094,0.8797102647722592
COHFACE_s08_session3_natural,25,139,29.633333333333333,-0.42595478892326355,0.800847288495523
COHFACE_s08_session3_natural,25,140,29.666666666666668,-0.48145657777786255,0.5228039577809658
COHFACE_s08_session3_natural,25,141,29.7,-0.5786359906196594,0.08689334201992473
COHFACE_s08_session3_natural,25,142,29.733333333333334,-0.6741957664489746,-0.4282082474342054
COHFACE_s08_session3_natural,25,143,29.766666666666666,-0.7499546408653259,-0.9176372261997344
COHFACE_s08_session3_natural,25,144,29.8,-0.8219951391220093,-1.2688977546261009
COHFACE_s08_session3_natural,25,145,29.833333333333332,-0.8886520266532898,-1.3858709279067074
COHFACE_s08_session3_natural,25,146,29.866666666666667,-0.8814890384674072,-1.2138313451529814
COHFACE_s08_session3_natural,25,147,29.9,-0.557283878326416,-0.7590637690211007
COHFACE_s08_session3_natural,25,148,29.933333333333334,0.0903051421046257,-0.09603284842712535
COHFACE_s08_session3_natural,25,149,29.966666666666665,0.6955549716949463,0.6432568830551351
COHFACE_s08_session3_natural,25,150,30.0,0.9827361106872559,1.298451172276542
COHFACE_s08_session3_natural,25,151,30.033333333333335,1.0016473531723022,1.7222423075469788
COHFACE_s08_session3_natural,25,152,30.066666666666666,0.900338888168335,1.8208113473436491
COHFACE_s08_session3_natural,25,153,30.1,0.767846405506134,1.578815860598247
COHFACE_s08_session3_natural,25,154,30.133333333333333,0.5965277552604675,1.0609782855162928
COHFACE_s08_session3_natural,25,155,30.166666666666668,0.4042220115661621,0.3919963475584559
COHFACE_s08_session3_natural,25,156,30.2,0.2354811429977417,-0.27693425099139374
COHFACE_s08_session3_natural,25,157,30.233333333333334,0.11959583312273026,-0.8046796586884252
COHFACE_s08_session3_natural,25,158,30.266666666666666,0.014021579176187515,-1.0907072593754659
COHFACE_s08_session3_natural,25,159,30.3,-0.14235515892505646,-1.0937218727828937
COHFACE_s08_session3_natural,25,160,30.333333333333332,-0.32336893677711487,-0.836500265604135
COHFACE_s08_session3_natural,25,161,30.366666666666667,-0.5010977387428284,-0.3980448125035805
COHFACE_s08_session3_natural,25,162,30.4,-0.6411182284355164,0.10457267916432367
COHFACE_s08_session3_natural,25,163,30.433333333333334,-0.7357198596000671,0.5417100304568812
COHFACE_s08_session3_natural,25,164,30.466666666666665,-0.8192120790481567,0.7998085283269096
COHFACE_s08_session3_natural,25,165,30.5,-0.8814662098884583,0.807485586034899
COHFACE_s08_session3_natural,25,166,30.533333333333335,-0.91221684217453,0.5527882742300829
COHFACE_s08_session3_natural,25,167,30.566666666666666,-0.946366548538208,0.08681604983671498
COHFACE_s08_session3_natural,25,168,30.6,-0.9538032412528992,-0.48749948655416375
COHFACE_s08_session3_natural,25,169,30.633333333333333,-0.9270675182342529,-1.0385332787717552
COHFACE_s08_session3_natural,25,170,30.666666666666668,-0.883063018321991,-1.4352590058906185
COHFACE_s08_session3_natural,25,171,30.7,-0.8382829427719116,-1.5761884032734033
COHFACE_s08_session3_natural,25,172,30.733333333333334,-0.8136003017425537,-1.412440674777353
COHFACE_s08_session3_natural,25,173,30.766666666666666,-0.7281462550163269,-0.960858226524523
COHFACE_s08_session3_natural,25,174,30.8,-0.381676584482193,-0.30412987497001265
COHFACE_s08_session3_natural,25,175,30.833333333333332,0.2772728502750397,0.4237845957325021
COHFACE_s08_session3_natural,25,176,30.866666666666667,0.9857472777366638,1.0659519809309337
COHFACE_s08_session3_natural,25,177,30.9,1.4872478246688843,1.4794012725773342
COHFACE_s08_session3_natural,25,178,30.933333333333334,1.7284170389175415,1.5714801239620324
COHFACE_s08_session3_natural,25,179,30.966666666666665,1.7339603900909424,1.324972026867774
COHFACE_s08_session3_natural,25,180,31.0,1.6106382608413696,0.8042284337201632
COHFACE_s08_session3_natural,25,181,31.033333333333335,1.46235990524292,0.14032252492902758
COHFACE_s08_session3_natural,25,182,31.066666666666666,1.4368788003921509,-0.5009380684619141
COHFACE_s08_session3_natural,25,183,31.1,1.4387949705123901,-0.9601232838726179
COHFACE_s08_session3_natural,25,184,31.133333333333333,1.357675313949585,-1.1244766043203733
COHFACE_s08_session3_natural,25,185,31.166666666666668,1.1183538436889648,-0.9575696525545884
COHFACE_s08_session3_natural,25,186,31.2,0.7818074226379395,-0.510362632876677
COHFACE_s08_session3_natural,25,187,31.233333333333334,0.6210963726043701,0.09048237066923655
COHFACE_s08_session3_natural,25,188,31.266666666666666,0.4655408561229706,0.6754974486290973
COHFACE_s08_session3_natural,25,189,31.3,0.2462940663099289,1.0784275200241593
COHFACE_s08_session3_natural,25,190,31.333333333333332,0.098540298640728,1.182121780928437
COHFACE_s08_session3_natural,25,191,31.366666666666667,0.015002498403191566,0.9503771492802604
COHFACE_s08_session3_natural,25,192,31.4,-0.08623746782541275,0.43682273597691973
COHFACE_s08_session3_natural,25,193,31.433333333333334,-0.20951388776302338,-0.23039868178460582
COHFACE_s08_session3_natural,25,194,31.466666666666665,-0.31257882714271545,-0.8829119940735113
COHFACE_s08_session3_natural,25,195,31.5,-0.4082298278808594,-1.3559598372892483
COHFACE_s08_session3_natural,25,196,31.533333333333335,-0.4923151135444641,-1.5304523468876146
COHFACE_s08_session3_natural,25,197,31.566666666666666,-0.5475887656211853,-1.362416123364709
COHFACE_s08_session3_natural,25,198,31.6,-0.5884907841682434,-0.8923662755970038
COHFACE_s08_session3_natural,25,199,31.633333333333333,-0.5178646445274353,-0.23235431645895663
COHFACE_s08_session3_natural,25,200,31.666666666666668,-0.13049288094043732,0.4656909083960386
COHFACE_s08_session3_natural,25,201,31.7,0.5296884179115295,1.0512690023358502
COHFACE_s08_session3_natural,25,202,31.733333333333334,1.1160954236984253,1.4137159903866896
COHFACE_s08_session3_natural,25,203,31.766666666666666,1.3376234769821167,1.5060390900344391
COHFACE_s08_session3_natural,25,204,31.8,1.2643511295318604,1.348409963437445
COHFACE_s08_session3_natural,25,205,31.833333333333332,1.117897629737854,1.0132939769435385
COHFACE_s08_session3_natural,25,206,31.866666666666667,0.923880934715271,0.5996853221190175
COHFACE_s08_session3_natural,25,207,31.9,0.7118656039237976,0.20541401786794164
COHFACE_s08_session3_natural,25,208,31.933333333333334,0.5543482303619385,-0.09542041012451227
COHFACE_s08_session3_natural,25,209,31.966666666666665,0.43362677097320557,-0.266039871047865
COHFACE_s08_session3_natural,25,210,32.0,0.3387513756752014,-0.31034017628126676
COHFACE_s08_session3_natural,25,211,32.03333333333333,0.26623180508613586,-0.26643428833694427
COHFACE_s08_session3_natural,25,212,32.06666666666667,0.15869572758674622,-0.19229813592417846
COHFACE_s08_session3_natural,25,213,32.1,6.059298539184965e-05,-0.1472317653202465
COHFACE_s08_session3_natural,25,214,32.13333333333333,-0.15944139659404755,-0.17451703686239034
COHFACE_s08_session3_natural,25,215,32.166666666666664,-0.3016974627971649,-0.29042995246905257
COHFACE_s08_session3_natural,25,216,32.2,-0.42752882838249207,-0.4818366946087464
COHFACE_s08_session3_natural,25,217,32.233333333333334,-0.5235448479652405,-0.7110728474762773
COHFACE_s08_session3_natural,25,218,32.266666666666666,-0.6216367483139038,-0.9252037300021008
COHFACE_s08_session3_natural,25,219,32.3,-0.7395979166030884,-1.067396707290836
COHFACE_s08_session3_natural,25,220,32.333333333333336,-0.8247781991958618,-1.0895051241829863
COHFACE_s08_session3_natural,25,221,32.36666666666667,-0.8710410594940186,-0.9648949036775162
COHFACE_s08_session3_natural,25,222,32.4,-0.9014495611190796,-0.698467285156936
COHFACE_s08_session3_natural,25,223,32.43333333333333,-0.9379717111587524,-0.32934260331524634
COHFACE_s08_session3_natural,25,224,32.46666666666667,-0.9646161794662476,0.07667069602826988
COHFACE_s08_session3_natural,25,225,32.5,-0.8451949954032898,0.4436358917936036
COHFACE_s08_session3_natural,25,226,32.53333333333333,-0.32496577501296997,0.7058912916835232
COHFACE_s08_session3_natural,25,227,32.56666666666667,0.5078572630882263,0.8251222062780388
COHFACE_s08_session3_natural,25,228,32.6,1.2104233503341675,0.7979651890688091
COHFACE_s08_session3_natural,25,229,32.63333333333333,1.495140790939331,0.6520081761562894
COHFACE_s08_session3_natural,25,230,32.666666666666664,1.4653254747390747,0.4333343482403337
COHFACE_s08_session3_natural,25,231,32.7,1.330323576927185,0.19202775109742665
COHFACE_s08_session3_natural,25,232,32.733333333333334,1.170000433921814,-0.02878388007082103
COHFACE_s08_session3_natural,25,233,32.766666666666666,0.9682960510253906,-0.198223002750037
COHFACE_s08_session3_natural,25,234,32.8,0.7647667527198792,-0.29834842145664553
COHFACE_s08_session3_natural,25,235,32.833333333333336,0.6041697859764099,-0.3226262758179286
COHFACE_s08_session3_natural,25,236,32.86666666666667,0.5081994533538818,-0.274040886884227
COHFACE_s08_session3_natural,25,237,32.9,0.4570091664791107,-0.16342747614873496
COHFACE_s08_session3_natural,25,238,32.93333333333333,0.3887554407119751,-0.007820910790555576
COHFACE_s08_session3_natural,25,239,32.96666666666667,0.24978432059288025,0.1714333276910601
COHFACE_s08_session3_natural,26,0,26.0,0.4985499382019043,-0.0328075528046695
COHFACE_s08_session3_natural,26,1,26.033333333333335,0.4909535050392151,-0.39180187340932165
COHFACE_s08_session3_natural,26,2,26.066666666666666,0.4500514566898346,-0.6910308568802104
COHFACE_s08_session3_natural,26,3,26.1,0.31719398498535156,-0.8850901523906769
COHFACE_s08_session3_natural,26,4,26.133333333333333,0.06393438577651978,-0.9511951061634752
COHFACE_s08_session3_natural,26,5,26.166666666666668,-0.15170809626579285,-0.8947496360928021
COHFACE_s08_session3_natural,26,6,26.2,-0.2503474950790405,-0.7472628346714174
COHFACE_s08_session3_natural,26,7,26.233333333333334,-0.33863019943237305,-0.5558110288882033
COHFACE_s08_session3_natural,26,8,26.266666666666666,-0.4589182436466217,-0.3664772261224183
COHFACE_s08_session3_natural,26,9,26.3,-0.5720661282539368,-0.20760392595290617
COHFACE_s08_session3_natural,26,10,26.333333333333332,-0.7472171783447266,-0.08058880638915608
COHFACE_s08_session3_natural,26,11,26.366666666666667,-0.9429903626441956,0.03625990811630509
COHFACE_s08_session3_natural,26,12,26.4,-0.9919222593307495,0.17198035300403255
COHFACE_s08_session3_natural,26,13,26.433333333333334,-0.6795793771743774,0.34338572029581227
COHFACE_s08_session3_natural,26,14,26.466666666666665,0.04048357903957367,0.5419332414619084
COHFACE_s08_session3_natural,26,15,26.5,0.7425249814987183,0.7337050517493865
COHFACE_s08_session3_natural,26,16,26.533333333333335,1.0654754638671875,0.8720409237651842
COHFACE_s08_session3_natural,26,17,26.566666666666666,1.0432108640670776,0.915859103063184
COHFACE_s08_session3_natural,26,18,26.6,0.9458490014076233,0.8444902239325459
COHFACE_s08_session3_natural,26,19,26.633333333333333,0.8139039874076843,0.6629052107497635
COHFACE_s08_session3_natural,26,20,26.666666666666668,0.5992652177810669,0.39735508881523973
COHFACE_s08_session3_natural,26,21,26.7,0.377828449010849,0.08593086693966706
COHFACE_s08_session3_natural,26,22,26.733333333333334,0.19218383729457855,-0.23147205588407962
COHFACE_s08_session3_natural,26,23,26.766666666666666,0.07933253049850464,-0.521260106795162
COHFACE_s08_session3_natural,26,24,26.8,0.03188342973589897,-0.7604873843835647
COHFACE_s08_session3_natural,26,25,26.833333333333332,0.01618872582912445,-0.9361449571762422
COHFACE_s08_session3_natural,26,26,26.866666666666667,-0.019215606153011322,-1.040315844620029
COHFACE_s08_session3_natural,26,27,26.9,-0.1742464303970337,-1.0646426129528186
COHFACE_s08_session3_natural,26,28,26.933333333333334,-0.3546442687511444,-0.9981087159280774
COHFACE_s08_session3_natural,26,29,26.966666666666665,-0.49667221307754517,-0.8303110735595812
COHFACE_s08_session3_natural,26,30,27.0,-0.6279100775718689,-0.5592790444283327
COHFACE_s08_session3_natural,26,31,27.033333333333335,-0.7482893466949463,-0.20013086783566303
COHFACE_s08_session3_natural,26,32,27.066666666666666,-0.850350558757782,0.21014646027459155
COHFACE_s08_session3_natural,26,33,27.1,-0.9261550307273865,0.6153495478507787
COHFACE_s08_session3_natural,26,34,27.133333333333333,-0.985420823097229,0.9508398427642465
COHFACE_s08_session3_natural,26,35,27.166666666666668,-1.0542676448822021,1.1595765288814301
COHFACE_s08_session3_natural,26,36,27.2,-1.1246200799942017,1.207732374300518
COHFACE_s08_session3_natural,26,37,27.233333333333334,-1.0101946592330933,1.0940155517862185
COHFACE_s08_session3_natural,26,38,27.266666666666666,-0.4617469310760498,0.8496378768664643
COHFACE_s08_session3_natural,26,39,27.3,0.3475112318992615,0.5295606963419728
COHFACE_s08_session3_natural,26,40,27.333333333333332,0.951141357421875,0.19798697929033782
COHFACE_s08_session3_natural,26,41,27.366666666666667,1.1442227363586426,-0.08779468442309629
COHFACE_s08_session3_natural,26,42,27.4,1.0622589588165283,-0.29047237057129305
COHFACE_s08_session3_natural,26,43,27.433333333333334,0.9391878843307495,-0.3985426968455804
COHFACE_s08_session3_natural,26,44,27.466666666666665,0.8095240592956543,-0.4233770806905939
COHFACE_s08_session3_natural,26,45,27.5,0.6097587943077087,-0.38977047912475926
COHFACE_s08_session3_natural,26,46,27.533333333333335,0.37728098034858704,-0.3251731470106109
COHFACE_s08_session3_natural,26,47,27.566666666666666,0.22165703773498535,-0.25259307898301897
COHFACE_s08_session3_natural,26,48,27.6,0.1560267060995102,-0.18851357508368782
COHFACE_s08_session3_natural,26,49,27.633333333333333,0.11126942932605743,-0.14354542357967617
COHFACE_s08_session3_natural,26,50,27.666666666666668,0.01664496771991253,-0.12313519868404964
COHFACE_s08_session3_natural,26,51,27.7,-0.14214985072612762,-0.12762832750224803
COHFACE_s08_session3_natural,26,52,27.733333333333334,-0.33028098940849304,-0.15273236280268848
COHFACE_s08_session3_natural,26,53,27.766666666666666,-0.5013715028762817,-0.1915638081214126
COHFACE_s08_session3_natural,26,54,27.8,-0.6707510948181152,-0.23803560893752626
COHFACE_s08_session3_natural,26,55,27.833333333333332,-0.83607017993927,-0.28943245034749154
COHFACE_s08_session3_natural,26,56,27.866666666666667,-0.9592097401618958,-0.3453374720982677
COHFACE_s08_session3_natural,26,57,27.9,-1.0466711521148682,-0.40226558325153733
COHFACE_s08_session3_natural,26,58,27.933333333333334,-1.0856342315673828,-0.4476764958022557
COHFACE_s08_session3_natural,26,59,27.966666666666665,-1.0894666910171509,-0.4589646550980198
COHFACE_s08_session3_natural,26,60,28.0,-1.1206507682800293,-0.40964927097415404
COHFACE_s08_session3_natural,26,61,28.033333333333335,-1.1688982248306274,-0.2798215164891532
COHFACE_s08_session3_natural,26,62,28.066666666666666,-1.2034128904342651,-0.06568479939427663
COHFACE_s08_session3_natural,26,63,28.1,-1.0614534616470337,0.21592135690876266
COHFACE_s08_session3_natural,26,64,28.133333333333333,-0.48638397455215454,0.5296771270094714
COHFACE_s08_session3_natural,26,65,28.166666666666668,0.3228969871997833,0.8295395358005407
COHFACE_s08_session3_natural,26,66,28.2,0.8962327241897583,1.0688407286848074
COHFACE_s08_session3_natural,26,67,28.233333333333334,1.0537272691726685,1.2091732229491774
COHFACE_s08_session3_natural,26,68,28.266666666666666,0.9859753847122192,1.2263067351538084
COHFACE_s08_session3_natural,26,69,28.3,0.9017760753631592,1.113142476251397
COHFACE_s08_session3_natural,26,70,28.333333333333332,0.7849554419517517,0.8797698786575072
COHFACE_s08_session3_natural,26,71,28.366666666666667,0.5605987310409546,0.5503953760999192
COHFACE_s08_session3_natural,26,72,28.4,0.34436315298080444,0.15789905516661287
COHFACE_s08_session3_natural,26,73,28.433333333333334,0.21191628277301788,-0.2618748550552744
COHFACE_s08_session3_natural,26,74,28.466666666666665,0.1362486481666565,-0.673851432280086
COHFACE_s08_session3_natural,26,75,28.5,0.06534873694181442,-1.0443466797479202
COHFACE_s08_session3_natural,26,76,28.533333333333335,-0.03379251807928085,-1.3390952057978303
COHFACE_s08_session3_natural,26,77,28.566666666666666,-0.1585060954093933,-1.5210525056093154
COHFACE_s08_session3_natural,26,78,28.6,-0.3073548376560211,-1.551683021537634
COHFACE_s08_session3_natural,26,79,28.633333333333333,-0.45704764127731323,-1.3986886328001125
COHFACE_s08_session3_natural,26,80,28.666666666666668,-0.5808030962944031,-1.0496361708400295
COHFACE_s08_session3_natural,26,81,28.7,-0.6773210167884827,-0.5265814063853098
COHFACE_s08_session3_natural,26,82,28.733333333333334,-0.7647140026092529,0.10572833027752535
COHFACE_s08_session3_natural,26,83,28.766666666666666,-0.824321985244751,0.7446499365593803
COHFACE_s08_session3_natural,26,84,28.8,-0.8566923141479492,1.2697076276308819
COHFACE_s08_session3_natural,26,85,28.833333333333332,-0.8826068043708801,1.5735409014472035
COHFACE_s08_session3_natural,26,86,28.866666666666667,-0.916642427444458,1.5931694773281524
COHFACE_s08_session3_natural,26,87,28.9,-0.9448381066322327,1.329586037242403
COHFACE_s08_session3_natural,26,88,28.933333333333334,-0.9919450283050537,0.8487840996357581
COHFACE_s08_session3_natural,26,89,28.966666666666665,-0.9898235201835632,0.2649220064098568
COHFACE_s08_session3_natural,26,90,29.0,-0.6884760856628418,-0.2884600922140737
COHFACE_s08_session3_natural,26,91,29.033333333333335,-0.031397249549627304,-0.691062881813747
COHFACE_s08_session3_natural,26,92,29.066666666666666,0.6142983436584473,-0.8639104842470406
COHFACE_s08_session3_natural,26,93,29.1,0.9556353688240051,-0.7863576841035559
COHFACE_s08_session3_natural,26,94,29.133333333333333,1.0039740800857544,-0.49923386314086404
COHFACE_s08_session3_natural,26,95,29.166666666666668,0.905403196811676,-0.09459827852656952
COHFACE_s08_session3_natural,26,96,29.2,0.8106874823570251,0.3061688723218009
COHFACE_s08_session3_natural,26,97,29.233333333333334,0.6450718641281128,0.5830340533730856
COHFACE_s08_session3_natural,26,98,29.266666666666666,0.4171108305454254,0.6507408997605528
COHFACE_s08_session3_natural,26,99,29.3,0.2462940663099289,0.4854355735172852
COHFACE_s08_session3_natural,26,100,29.333333333333332,0.18556833267211914,0.1341391480399495
COHFACE_s08_session3_natural,26,101,29.366666666666667,0.15545640885829926,-0.29866697057575453
COHFACE_s08_session3_natural,26,102,29.4,0.10791605710983276,-0.6838255824402969
COHFACE_s08_session3_natural,26,103,29.433333333333334,-0.013946017250418663,-0.907877576542712
COHFACE_s08_session3_natural,26,104,29.466666666666665,-0.15499304234981537,-0.9071806233642052
COHFACE_s08_session3_natural,26,105,29.5,-0.28470247983932495,-0.6856817448501008
COHFACE_s08_session3_natural,26,106,29.533333333333335,-0.39595693349838257,-0.3124742832411286
COHFACE_s08_session3_natural,26,107,29.566666666666666,-0.46621811389923096,0.09882684601878983
COHFACE_s08_session3_natural,26,108,29.6,-0.44881248474121094,0.42268547700992404
COHFACE_s08_session3_natural,26,109,29.633333333333333,-0.42595478892326355,0.5575198887734335
COHFACE_s08_session3_natural,26,110,29.666666666666668,-0.48145657777786255,0.4551766035138956
COHFACE_s08_session3_natural,26,111,29.7,-0.5786359906196594,0.13580562402255358
COHFACE_s08_session3_natural,26,112,29.733333333333334,-0.6741957664489746,-0.3157686997396008
COHFACE_s08_session3_natural,26,113,29.766666666666666,-0.7499546408653259,-0.7709036460427825
COHFACE_s08_session3_natural,26,114,29.8,-0.8219951391220093,-1.0899818845219138
COHFACE_s08_session3_natural,26,115,29.833333333333332,-0.8886520266532898,-1.1595096205635536
COHFACE_s08_session3_natural,26,116,29.866666666666667,-0.8814890384674072,-0.9243518736706197
COHFACE_s08_session3_natural,26,117,29.9,-0.557283878326416,-0.40616230936869124
COHFACE_s08_session3_natural,26,118,29.933333333333334,0.0903051421046257,0.2984069208780653
COHFACE_s08_session3_natural,26,119,29.966666666666665,0.6955549716949463,1.0409580445179205
COHFACE_s08_session3_natural,26,120,30.0,0.9827361106872559,1.6604215304111187
COHFACE_s08_session3_natural,26,121,30.033333333333335,1.0016473531723022,2.0262393040623667
COHFACE_s08_session3_natural,26,122,30.066666666666666,0.900338888168335,2.0716676292046143
COHFACE_s08_session3_natural,26,123,30.1,0.767846405506134,1.806653095284046
COHFACE_s08_session3_natural,26,124,30.133333333333333,0.5965277552604675,1.3080080577813908
COHFACE_s08_session3_natural,26,125,30.166666666666668,0.4042220115661621,0.6930644778141951
COHFACE_s08_session3_natural,26,126,30.2,0.2354811429977417,0.0871322629912392
COHFACE_s08_session3_natural,26,127,30.233333333333334,0.11959583312273026,-0.40558643967041297
COHFACE_s08_session3_natural,26,128,30.266666666666666,0.014021579176187515,-0.7214710153172057
COHFACE_s08_session3_natural,26,129,30.3,-0.14235515892505646,-0.8452247872074622
COHFACE_s08_session3_natural,26,130,30.333333333333332,-0.32336893677711487,-0.806710714801062
COHFACE_s08_session3_natural,26,131,30.366666666666667,-0.5010977387428284,-0.6690612784001664
COHFACE_s08_session3_natural,26,132,30.4,-0.6411182284355164,-0.5106573909918413
COHFACE_s08_session3_natural,26,133,30.433333333333334,-0.7357198596000671,-0.40439110166950504
COHFACE_s08_session3_natural,26,134,30.466666666666665,-0.8192120790481567,-0.39914458360249233
COHFACE_s08_session3_natural,26,135,30.5,-0.8814662098884583,-0.5086417405171819
COHFACE_s08_session3_natural,26,136,30.533333333333335,-0.91221684217453,-0.7102889172556502
COHFACE_s08_session3_natural,26,137,30.566666666666666,-0.946366548538208,-0.9530590721924097
COHFACE_s08_session3_natural,26,138,30.6,-0.9538032412528992,-1.1712380979652808
COHFACE_s08_session3_natural,26,139,30.633333333333333,-0.9270675182342529,-1.3000934481452482
COHFACE_s08_session3_natural,26,140,30.666666666666668,-0.883063018321991,-1.2896237442378213
COHFACE_s08_session3_natural,26,141,30.7,-0.8382829427719116,-1.113781042052357
COHFACE_s08_session3_natural,26,142,30.733333333333334,-0.8136003017425537,-0.7747806726245093
COHFACE_s08_session3_natural,26,143,30.766666666666666,-0.7281462550163269,-0.30352721521723725
COHFACE_s08_session3_natural,26,144,30.8,-0.381676584482193,0.24341724746751398
COHFACE_s08_session3_natural,26,145,30.833333333333332,0.2772728502750397,0.7911152871153494
COHFACE_s08_session3_natural,26,146,30.866666666666667,0.9857472777366638,1.258439633536105
COHFACE_s08_session3_natural,26,147,30.9,1.4872478246688843,1.5740367465887628
COHFACE_s08_session3_natural,26,148,30.933333333333334,1.7284170389175415,1.6925681270604809
COHFACE_s08_session3_natural,26,149,30.966666666666665,1.7339603900909424,1.6062147166444185
COHFACE_s08_session3_natural,26,150,31.0,1.6106382608413696,1.3469612628572107
COHFACE_s08_session3_natural,26,151,31.033333333333335,1.46235990524292,0.9780149994307318
COHFACE_s08_session3_natural,26,152,31.066666666666666,1.4368788003921509,0.5768345492530745
COHFACE_s08_session3_natural,26,153,31.1,1.4387949705123901,0.21540958483485456
COHFACE_s08_session3_natural,26,154,31.133333333333333,1.357675313949585,-0.056086388373934565
COHFACE_s08_session3_natural,26,155,31.166666666666668,1.1183538436889648,-0.21798661488346496
COHFACE_s08_session3_natural,26,156,31.2,0.7818074226379395,-0.28067150047490413
COHFACE_s08_session3_natural,26,157,31.233333333333334,0.6210963726043701,-0.27617336498654776
COHFACE_s08_session3_natural,26,158,31.266666666666666,0.4655408561229706,-0.2450751122143401
COHFACE_s08_session3_natural,26,159,31.3,0.2462940663099289,-0.222926497845433
COHFACE_s08_session3_natural,26,160,31.333333333333332,0.098540298640728,-0.2302283820489666
COHFACE_s08_session3_natural,26,161,31.366666666666667,0.015002498403191566,-0.26865267956150796
COHFACE_s08_session3_natural,26,162,31.4,-0.08623746782541275,-0.323919565818092
COHFACE_s08_session3_natural,26,163,31.433333333333334,-0.20951388776302338,-0.3736007768552672
COHFACE_s08_session3_natural,26,164,31.466666666666665,-0.31257882714271545,-0.39687748239985327
COHFACE_s08_session3_natural,26,165,31.5,-0.4082298278808594,-0.38295194327820425
COHFACE_s08_session3_natural,26,166,31.533333333333335,-0.4923151135444641,-0.3351710583923524
COHFACE_s08_session3_natural,26,167,31.566666666666666,-0.5475887656211853,-0.26913055381122697
COHFACE_s08_session3_natural,26,168,31.6,-0.5884907841682434,-0.2052081544148872
COHFACE_s08_session3_natural,26,169,31.633333333333333,-0.5178646445274353,-0.1586827630481022
COHFACE_s08_session3_natural,26,170,31.666666666666668,-0.13049288094043732,-0.13253035925007414
COHFACE_s08_session3_natural,26,171,31.7,0.5296884179115295,-0.11707605146882384
COHFACE_s08_session3_natural,26,172,31.733333333333334,1.1160954236984253,-0.0965487522494467
COHFACE_s08_session3_natural,26,173,31.766666666666666,1.3376234769821167,-0.05842502942204258
COHFACE_s08_session3_natural,26,174,31.8,1.2643511295318604,-0.0004650689417413749
COHFACE_s08_session3_natural,26,175,31.833333333333332,1.117897629737854,0.06781612657259183
COHFACE_s08_session3_natural,26,176,31.866666666666667,0.923880934715271,0.12970218631255648
COHFACE_s08_session3_natural,26,177,31.9,0.7118656039237976,0.1694115102822263
COHFACE_s08_session3_natural,26,178,31.933333333333334,0.5543482303619385,0.17921750128604277
COHFACE_s08_session3_natural,26,179,31.966666666666665,0.43362677097320557,0.1614182384307013
COHFACE_s08_session3_natural,26,180,32.0,0.3387513756752014,0.12461400903463112
COHFACE_s08_session3_natural,26,181,32.03333333333333,0.26623180508613586,0.07765602221330206
COHFACE_s08_session3_natural,26,182,32.06666666666667,0.15869572758674622,0.02565171065897338
COHFACE_s08_session3_natural,26,183,32.1,6.059298539184965e-05,-0.029907062083133144
COHFACE_s08_session3_natural,26,184,32.13333333333333,-0.15944139659404755,-0.08844774522398254
COHFACE_s08_session3_natural,26,185,32.166666666666664,-0.3016974627971649,-0.1481931405831055
COHFACE_s08_session3_natural,26,186,32.2,-0.42752882838249207,-0.20583123816208243
COHFACE_s08_session3_natural,26,187,32.233333333333334,-0.5235448479652405,-0.25657118137728296
COHFACE_s08_session3_natural,26,188,32.266666666666666,-0.6216367483139038,-0.29310529565220883
COHFACE_s08_session3_natural,26,189,32.3,-0.7395979166030884,-0.3042599614310672
COHFACE_s08_session3_natural,26,190,32.333333333333336,-0.8247781991958618,-0.276145937351084
COHFACE_s08_session3_natural,26,191,32.36666666666667,-0.8710410594940186,-0.1976302580376212
COHFACE_s08_session3_natural,26,192,32.4,-0.9014495611190796,-0.067818995491961
COHFACE_s08_session3_natural,26,193,32.43333333333333,-0.9379717111587524,0.09973121626157418
COHFACE_s08_session3_natural,26,194,32.46666666666667,-0.9646161794662476,0.2795874809162322
COHFACE_s08_session3_natural,26,195,32.5,-0.8451949954032898,0.44286650195016153
COHFACE_s08_session3_natural,26,196,32.53333333333333,-0.32496577501296997,0.5673555835443176
COHFACE_s08_session3_natural,26,197,32.56666666666667,0.5078572630882263,0.6444619865978084
COHFACE_s08_session3_natural,26,198,32.6,1.2104233503341675,0.6796026738702234
COHFACE_s08_session3_natural,26,199,32.63333333333333,1.495140790939331,0.685973113321423
COHFACE_s08_session3_natural,26,200,32.666666666666664,1.4653254747390747,0.675534857238667
COHFACE_s08_session3_natural,26,201,32.7,1.330323576927185,0.6527058761555687
COHFACE_s08_session3_natural,26,202,32.733333333333334,1.170000433921814,0.6140196335424122
COHFACE_s08_session3_natural,26,203,32.766666666666666,0.9682960510253906,0.5529427992784023
COHFACE_s08_session3_natural,26,204,32.8,0.7647667527198792,0.4661766946274908
COHFACE_s08_session3_natural,26,205,32.833333333333336,0.6041697859764099,0.3573463270950766
COHFACE_s08_session3_natural,26,206,32.86666666666667,0.5081994533538818,0.23574839301426226
COHFACE_s08_session3_natural,26,207,32.9,0.4570091664791107,0.11091413166489045
COHFACE_s08_session3_natural,26,208,32.93333333333333,0.3887554407119751,-0.01343516082417143
COHFACE_s08_session3_natural,26,209,32.96666666666667,0.24978432059288025,-0.14205193234406327
COHFACE_s08_session3_natural,26,210,33.0,0.07048144936561584,-0.2860209943501197
COHFACE_s08_session3_natural,26,211,33.03333333333333,-0.08427562564611435,-0.4573206018290738
COHFACE_s08_session3_natural,26,212,33.06666666666667,-0.26116040349006653,-0.6624200065502384
COHFACE_s08_session3_natural,26,213,33.1,-0.41192537546157837,-0.8968089384333161
COHFACE_s08_session3_natural,26,214,33.13333333333333,-0.5032649040222168,-1.1422352751025713
COHFACE_s08_session3_natural,26,215,33.166666666666664,-0.5714501738548279,-1.3681309601325293
COHFACE_s08_session3_natural,26,216,33.2,-0.6203136444091797,-1.5373588677393821
COHFACE_s08_session3_natural,26,217,33.233333333333334,-0.6804006099700928,-1.6146929295694374
COHFACE_s08_session3_natural,26,218,33.266666666666666,-0.7374308109283447,-1.5753938145922124
COHFACE_s08_session3_natural,26,219,33.3,-0.7894879579544067,-1.4109292737978565
COHFACE_s08_session3_natural,26,220,33.333333333333336,-0.8578556776046753,-1.1295170322061312
COHFACE_s08_session3_natural,26,221,33.36666666666667,-0.7950769066810608,-0.7520348641003556
COHFACE_s08_session3_natural,26,222,33.4,-0.2737526595592499,-0.30793648202528884
COHFACE_s08_session3_natural,26,223,33.43333333333333,0.5907106995582581,0.16460159528380972
COHFACE_s08_session3_natural,26,224,33.46666666666667,1.2322088479995728,0.6169639599603138
COHFACE_s08_session3_natural,26,225,33.5,1.3957486152648926,0.9940506933762318
COHFACE_s08_session3_natural,26,226,33.53333333333333,1.2487475872039795,1.24631491883783
COHFACE_s08_session3_natural,26,227,33.56666666666667,1.0065747499465942,1.3444446601465925
COHFACE_s08_session3_natural,26,228,33.6,0.7823548913002014,1.2892351065954657
COHFACE_s08_session3_natural,26,229,33.63333333333333,0.5501508116722107,1.1123706413210344
COHFACE_s08_session3_natural,26,230,33.666666666666664,0.318106472492218,0.8676640171783304
COHFACE_s08_session3_natural,26,231,33.7,0.1529470831155777,0.6154779903834143
COHFACE_s08_session3_natural,26,232,33.733333333333334,0.08430556207895279,0.4056232147832065
COHFACE_s08_session3_natural,26,233,33.766666666666666,0.07260297238826752,0.2648401767176489
COHFACE_s08_session3_natural,26,234,33.8,0.03763207048177719,0.19314384962966924
COHFACE_s08_session3_natural,26,235,33.833333333333336,-0.07950790226459503,0.16971930679854835
COHFACE_s08_session3_natural,26,236,33.86666666666667,-0.24808908998966217,0.16539977072830045
COHFACE_s08_session3_natural,26,237,33.9,-0.4192480444908142,0.1563584876530634
COHFACE_s08_session3_natural,26,238,33.93333333333333,-0.5710623860359192,0.13335347941226477
COHFACE_s08_session3_natural,26,239,33.96666666666667,-0.6965972185134888,0.10306600656142681
COHFACE_s08_session3_natural,27,0,27.0,-0.6279100775718689,0.020660289595731556
COHFACE_s08_session3_natural,27,1,27.033333333333335,-0.7482893466949463,0.23260827815347618
COHFACE_s08_session3_natural,27,2,27.066666666666666,-0.850350558757782,0.41856923380499267
COHFACE_s08_session3_natural,27,3,27.1,-0.9261550307273865,0.5587585621501646
COHFACE_s08_session3_natural,27,4,27.133333333333333,-0.985420823097229,0.6401674431153556
COHFACE_s08_session3_natural,27,5,27.166666666666668,-1.0542676448822021,0.6591804172277038
COHFACE_s08_session3_natural,27,6,27.2,-1.1246200799942017,0.6221511815235857
COHFACE_s08_session3_natural,27,7,27.233333333333334,-1.0101946592330933,0.5430958463253558
COHFACE_s08_session3_natural,27,8,27.266666666666666,-0.4617469310760498,0.43912393197433935
COHFACE_s08_session3_natural,27,9,27.3,0.3475112318992615,0.3253366292937982
COHFACE_s08_session3_natural,27,10,27.333333333333332,0.951141357421875,0.21083312081447333
COHFACE_s08_session3_natural,27,11,27.366666666666667,1.1442227363586426,0.09688625901042763
COHFACE_s08_session3_natural,27,12,27.4,1.0622589588165283,-0.021878264442588276
COHFACE_s08_session3_natural,27,13,27.433333333333334,0.9391878843307495,-0.15279177540115732
COHFACE_s08_session3_natural,27,14,27.466666666666665,0.8095240592956543,-0.29764804543826856
COHFACE_s08_session3_natural,27,15,27.5,0.6097587943077087,-0.4451850865000119
COHFACE_s08_session3_natural,27,16,27.533333333333335,0.37728098034858704,-0.5680786955752286
COHFACE_s08_session3_natural,27,17,27.566666666666666,0.22165703773498535,-0.6282741001982979
COHFACE_s08_session3_natural,27,18,27.6,0.1560267060995102,-0.590504735160307
COHFACE_s08_session3_natural,27,19,27.633333333333333,0.11126942932605743,-0.4390037991612561
COHFACE_s08_session3_natural,27,20,27.666666666666668,0.01664496771991253,-0.18988686442373026
COHFACE_s08_session3_natural,27,21,27.7,-0.14214985072612762,0.10731907012110854
COHFACE_s08_session3_natural,27,22,27.733333333333334,-0.33028098940849304,0.3814414052216803
COHFACE_s08_session3_natural,27,23,27.766666666666666,-0.5013715028762817,0.561278686784324
COHFACE_s08_session3_natural,27,24,27.8,-0.6707510948181152,0.598475319507598
COHFACE_s08_session3_natural,27,25,27.833333333333332,-0.83607017993927,0.4823801178120372
COHFACE_s08_session3_natural,27,26,27.866666666666667,-0.9592097401618958,0.24245254612442696
COHFACE_s08_session3_natural,27,27,27.9,-1.0466711521148682,-0.06044623855742708
COHFACE_s08_session3_natural,27,28,27.933333333333334,-1.0856342315673828,-0.35023083916894027
COHFACE_s08_session3_natural,27,29,27.966666666666665,-1.0894666910171509,-0.5553556155457733
COHFACE_s08_session3_natural,27,30,28.0,-1.1206507682800293,-0.6273752172017611
COHFACE_s08_session3_natural,27,31,28.033333333333335,-1.1688982248306274,-0.5527445978874974
COHFACE_s08_session3_natural,27,32,28.066666666666666,-1.2034128904342651,-0.353776834885299
COHFACE_s08_session3_natural,27,33,28.1,-1.0614534616470337,-0.0787876685525744
COHFACE_s08_session3_natural,27,34,28.133333333333333,-0.48638397455215454,0.21359500259727393
COHFACE_s08_session3_natural,27,35,28.166666666666668,0.3228969871997833,0.4687887352580888
COHFACE_s08_session3_natural,27,36,28.2,0.8962327241897583,0.6446718758898846
COHFACE_s08_session3_natural,27,37,28.233333333333334,1.0537272691726685,0.7142671866366168
COHFACE_s08_session3_natural,27,38,28.266666666666666,0.9859753847122192,0.6660456529597598
COHFACE_s08_session3_natural,27,39,28.3,0.9017760753631592,0.5048075701418177
COHFACE_s08_session3_natural,27,40,28.333333333333332,0.7849554419517517,0.2530229565817794
COHFACE_s08_session3_natural,27,41,28.366666666666667,0.5605987310409546,-0.05010365536154394
COHFACE_s08_session3_natural,27,42,28.4,0.34436315298080444,-0.3542538237697774
COHFACE_s08_session3_natural,27,43,28.433333333333334,0.21191628277301788,-0.6082517653455825
COHFACE_s08_session3_natural,27,44,28.466666666666665,0.1362486481666565,-0.772351946009563
COHFACE_s08_session3_natural,27,45,28.5,0.06534873694181442,-0.8280832211411413
COHFACE_s08_session3_natural,27,46,28.533333333333335,-0.03379251807928085,-0.7807873934974119
COHFACE_s08_session3_natural,27,47,28.566666666666666,-0.1585060954093933,-0.6530705149915651
COHFACE_s08_session3_natural,27,48,28.6,-0.3073548376560211,-0.4733878593686911
COHFACE_s08_session3_natural,27,49,28.633333333333333,-0.45704764127731323,-0.2670690048225185
COHFACE_s08_session3_natural,27,50,28.666666666666668,-0.5808030962944031,-0.05346451469851495
COHFACE_s08_session3_natural,27,51,28.7,-0.6773210167884827,0.1526127784880236
COHFACE_s08_session3_natural,27,52,28.733333333333334,-0.7647140026092529,0.33852781146502764
COHFACE_s08_session3_natural,27,53,28.766666666666666,-0.824321985244751,0.4925813992669664
COHFACE_s08_session3_natural,27,54,28.8,-0.8566923141479492,0.6048777690618012
COHFACE_s08_session3_natural,27,55,28.833333333333332,-0.8826068043708801,0.6702223398773015
COHFACE_s08_session3_natural,27,56,28.866666666666667,-0.916642427444458,0.6910404036755801
COHFACE_s08_session3_natural,27,57,28.9,-0.9448381066322327,0.6774327940983312
COHFACE_s08_session3_natural,27,58,28.933333333333334,-0.9919450283050537,0.643293791222338
COHFACE_s08_session3_natural,27,59,28.966666666666665,-0.9898235201835632,0.60024793002609
COHFACE_s08_session3_natural,27,60,29.0,-0.6884760856628418,0.5525178197794104
COHFACE_s08_session3_natural,27,61,29.033333333333335,-0.031397249549627304,0.49516657430404487
COHFACE_s08_session3_natural,27,62,29.066666666666666,0.6142983436584473,0.4163049282897451
COHFACE_s08_session3_natural,27,63,29.1,0.9556353688240051,0.30196515295419796
COHFACE_s08_session3_natural,27,64,29.133333333333333,1.0039740800857544,0.14142632675363992
COHFACE_s08_session3_natural,27,65,29.166666666666668,0.905403196811676,-0.06868636643363386
COHFACE_s08_session3_natural,27,66,29.2,0.8106874823570251,-0.32172021766874853
COHFACE_s08_session3_natural,27,67,29.233333333333334,0.6450718641281128,-0.599100978939105
COHFACE_s08_session3_natural,27,68,29.266666666666666,0.4171108305454254,-0.8694336806255273
COHFACE_s08_session3_natural,27,69,29.3,0.2462940663099289,-1.0902316732464348
COHFACE_s08_session3_natural,27,70,29.333333333333332,0.18556833267211914,-1.2141847835671533
COHFACE_s08_session3_natural,27,71,29.366666666666667,0.15545640885829926,-1.2003033807233463
COHFACE_s08_session3_natural,27,72,29.4,0.10791605710983276,-1.0274790623412946
COHFACE_s08_session3_natural,27,73,29.433333333333334,-0.013946017250418663,-0.7057373444890275
COHFACE_s08_session3_natural,27,74,29.466666666666665,-0.15499304234981537,-0.28028986599621447
COHFACE_s08_session3_natural,27,75,29.5,-0.28470247983932495,0.1744752105842225
COHFACE_s08_session3_natural,27,76,29.533333333333335,-0.39595693349838257,0.570587849431406
COHFACE_s08_session3_natural,27,77,29.566666666666666,-0.46621811389923096,0.827691768255738
COHFACE_s08_session3_natural,27,78,29.6,-0.44881248474121094,0.8934802206926938
COHFACE_s08_session3_natural,27,79,29.633333333333333,-0.42595478892326355,0.7570706801935427
COHFACE_s08_session3_natural,27,80,29.666666666666668,-0.48145657777786255,0.45172955010247234
COHFACE_s08_session3_natural,27,81,29.7,-0.5786359906196594,0.04704854323492529
COHFACE_s08_session3_natural,27,82,29.733333333333334,-0.6741957664489746,-0.36657665013881324
COHFACE_s08_session3_natural,27,83,29.766666666666666,-0.7499546408653259,-0.6970158103427748
COHFACE_s08_session3_natural,27,84,29.8,-0.8219951391220093,-0.8687734852265032
COHFACE_s08_session3_natural,27,85,29.833333333333332,-0.8886520266532898,-0.8373947313769654
COHFACE_s08_session3_natural,27,86,29.866666666666667,-0.8814890384674072,-0.5982276288098273
COHFACE_s08_session3_natural,27,87,29.9,-0.557283878326416,-0.18875144150684262
COHFACE_s08_session3_natural,27,88,29.933333333333334,0.0903051421046257,0.31661307890655155
COHFACE_s08_session3_natural,27,89,29.966666666666665,0.6955549716949463,0.820196381119437
COHFACE_s08_session3_natural,27,90,30.0,0.9827361106872559,1.2221743755251704
COHFACE_s08_session3_natural,27,91,30.033333333333335,1.0016473531723022,1.4443556502951367
COHFACE_s08_session3_natural,27,92,30.066666666666666,0.900338888168335,1.4490748106748408
COHFACE_s08_session3_natural,27,93,30.1,0.767846405506134,1.2464074832542984
COHFACE_s08_session3_natural,27,94,30.133333333333333,0.5965277552604675,0.8880197740436502
COHFACE_s08_session3_natural,27,95,30.166666666666668,0.4042220115661621,0.45141534147666895
COHFACE_s08_session3_natural,27,96,30.2,0.2354811429977417,0.020305057451047312
COHFACE_s08_session3_natural,27,97,30.233333333333334,0.11959583312273026,-0.3338869877406062
COHFACE_s08_session3_natural,27,98,30.266666666666666,0.014021579176187515,-0.5654769462579328
COHFACE_s08_session3_natural,27,99,30.3,-0.14235515892505646,-0.6604715903491896
COHFACE_s08_session3_natural,27,100,30.333333333333332,-0.32336893677711487,-0.6348305550045942
COHFACE_s08_session3_natural,27,101,30.366666666666667,-0.5010977387428284,-0.5270455109635349
COHFACE_s08_session3_natural,27,102,30.4,-0.6411182284355164,-0.3879504927692484
COHFACE_s08_session3_natural,27,103,30.433333333333334,-0.7357198596000671,-0.27014764424689275
COHFACE_s08_session3_natural,27,104,30.466666666666665,-0.8192120790481567,-0.21819473392364475
COHFACE_s08_session3_natural,27,105,30.5,-0.8814662098884583,-0.2599204191396746
COHFACE_s08_session3_natural,27,106,30.533333333333335,-0.91221684217453,-0.39955326699254484
COHFACE_s08_session3_natural,27,107,30.566666666666666,-0.946366548538208,-0.6141729277333545
COHFACE_s08_session3_natural,27,108,30.6,-0.9538032412528992,-0.8552987499783802
COHFACE_s08_session3_natural,27,109,30.633333333333333,-0.9270675182342529,-1.056782907448718
COHFACE_s08_session3_natural,27,110,30.666666666666668,-0.883063018321991,-1.1486636592529103
COHFACE_s08_session3_natural,27,111,30.7,-0.8382829427719116,-1.0746614106883587
COHFACE_s08_session3_natural,27,112,30.733333333333334,-0.8136003017425537,-0.8092246982763764
COHFACE_s08_session3_natural,27,113,30.766666666666666,-0.7281462550163269,-0.3692250788186653
COHFACE_s08_session3_natural,27,114,30.8,-0.381676584482193,0.1839535023022751
COHFACE_s08_session3_natural,27,115,30.833333333333332,0.2772728502750397,0.7542454801345609
COHFACE_s08_session3_natural,27,116,30.866666666666667,0.9857472777366638,1.2320338882643376
COHFACE_s08_session3_natural,27,117,30.9,1.4872478246688843,1.522031597066813
COHFACE_s08_session3_natural,27,118,30.933333333333334,1.7284170389175415,1.569504470358307
COHFACE_s08_session3_natural,27,119,30.966666666666665,1.7339603900909424,1.3756368921768833
COHFACE_s08_session3_natural,27,120,31.0,1.6106382608413696,0.9967987287282923
COHFACE_s08_session3_natural,27,121,31.033333333333335,1.46235990524292,0.528609176043727
COHFACE_s08_session3_natural,27,122,31.066666666666666,1.4368788003921509,0.08034642099720132
COHFACE_s08_session3_natural,27,123,31.1,1.4387949705123901,-0.25283984096102313
COHFACE_s08_session3_natural,27,124,31.133333333333333,1.357675313949585,-0.41281291146603327
COHFACE_s08_session3_natural,27,125,31.166666666666668,1.1183538436889648,-0.3909978366047834
COHFACE_s08_session3_natural,27,126,31.2,0.7818074226379395,-0.22751094903781688
COHFACE_s08_session3_natural,27,127,31.233333333333334,0.6210963726043701,0.0030294045708269806
COHFACE_s08_session3_natural,27,128,31.266666666666666,0.4655408561229706,0.2149829386378882
COHFACE_s08_session3_natural,27,129,31.3,0.2462940663099289,0.33709086204914024
COHFACE_s08_session3_natural,27,130,31.333333333333332,0.098540298640728,0.33145360006766345
COHFACE_s08_session3_natural,27,131,31.366666666666667,0.015002498403191566,0.20020042793560774
COHFACE_s08_session3_natural,27,132,31.4,-0.08623746782541275,-0.020802343392297876
COHFACE_s08_session3_natural,27,133,31.433333333333334,-0.20951388776302338,-0.2768824598475302
COHFACE_s08_session3_natural,27,134,31.466666666666665,-0.31257882714271545,-0.5117812442696209
COHFACE_s08_session3_natural,27,135,31.5,-0.4082298278808594,-0.681597737125944
COHFACE_s08_session3_natural,27,136,31.533333333333335,-0.4923151135444641,-0.7620768226640683
COHFACE_s08_session3_natural,27,137,31.566666666666666,-0.5475887656211853,-0.7486306635743994
COHFACE_s08_session3_natural,27,138,31.6,-0.5884907841682434,-0.6512163470156092
COHFACE_s08_session3_natural,27,139,31.633333333333333,-0.5178646445274353,-0.48785114735159
COHFACE_s08_session3_natural,27,140,31.666666666666668,-0.13049288094043732,-0.2802706727892255
COHFACE_s08_session3_natural,27,141,31.7,0.5296884179115295,-0.052962305677243686
COHFACE_s08_session3_natural,27,142,31.733333333333334,1.1160954236984253,0.1662953464505345
COHFACE_s08_session3_natural,27,143,31.766666666666666,1.3376234769821167,0.3477867090595078
COHFACE_s08_session3_natural,27,144,31.8,1.2643511295318604,0.4649957907306795
COHFACE_s08_session3_natural,27,145,31.833333333333332,1.117897629737854,0.5021583271647014
COHFACE_s08_session3_natural,27,146,31.866666666666667,0.923880934715271,0.4603572483553774
COHFACE_s08_session3_natural,27,147,31.9,0.7118656039237976,0.3582046658863009
COHFACE_s08_session3_natural,27,148,31.933333333333334,0.5543482303619385,0.2256650750374362
COHFACE_s08_session3_natural,27,149,31.966666666666665,0.43362677097320557,0.09321222779216572
COHFACE_s08_session3_natural,27,150,32.0,0.3387513756752014,-0.01879852554176987
COHFACE_s08_session3_natural,27,151,32.03333333333333,0.26623180508613586,-0.10536102992246706
COHFACE_s08_session3_natural,27,152,32.06666666666667,0.15869572758674622,-0.1739429034313545
COHFACE_s08_session3_natural,27,153,32.1,6.059298539184965e-05,-0.23522655437213713
COHFACE_s08_session3_natural,27,154,32.13333333333333,-0.15944139659404755,-0.29331371819477065
COHFACE_s08_session3_natural,27,155,32.166666666666664,-0.3016974627971649,-0.3416286782478961
COHFACE_s08_session3_natural,27,156,32.2,-0.42752882838249207,-0.36634016444503775
COHFACE_s08_session3_natural,27,157,32.233333333333334,-0.5235448479652405,-0.3538811711028308
COHFACE_s08_session3_natural,27,158,32.266666666666666,-0.6216367483139038,-0.29749112297412234
COHFACE_s08_session3_natural,27,159,32.3,-0.7395979166030884,-0.19973421228658692
COHFACE_s08_session3_natural,27,160,32.333333333333336,-0.8247781991958618,-0.07112767300248858
COHFACE_s08_session3_natural,27,161,32.36666666666667,-0.8710410594940186,0.07314746613800271
COHFACE_s08_session3_natural,27,162,32.4,-0.9014495611190796,0.21687293646077133
COHFACE_s08_session3_natural,27,163,32.43333333333333,-0.9379717111587524,0.3462393760713576
COHFACE_s08_session3_natural,27,164,32.46666666666667,-0.9646161794662476,0.45265023864366993
COHFACE_s08_session3_natural,27,165,32.5,-0.8451949954032898,0.5339981371929083
COHFACE_s08_session3_natural,27,166,32.53333333333333,-0.32496577501296997,0.5937629946680207
COHFACE_s08_session3_natural,27,167,32.56666666666667,0.5078572630882263,0.6380517941682652
COHFACE_s08_session3_natural,27,168,32.6,1.2104233503341675,0.6714109376559964
COHFACE_s08_session3_natural,27,169,32.63333333333333,1.495140790939331,0.6928066923158531
COHFACE_s08_session3_natural,27,170,32.666666666666664,1.4653254747390747,0.6935549260204625
COHFACE_s08_session3_natural,27,171,32.7,1.330323576927185,0.6587497631922479
COHFACE_s08_session3_natural,27,172,32.733333333333334,1.170000433921814,0.5725250693226642
COHFACE_s08_session3_natural,27,173,32.766666666666666,0.9682960510253906,0.4254998652006065
COHFACE_s08_session3_natural,27,174,32.8,0.7647667527198792,0.22099109627881602
COHFACE_s08_session3_natural,27,175,32.833333333333336,0.6041697859764099,-0.023372390878296023
COHFACE_s08_session3_natural,27,176,32.86666666666667,0.5081994533538818,-0.27961200564952
COHFACE_s08_session3_natural,27,177,32.9,0.4570091664791107,-0.5170832605480227
COHFACE_s08_session3_natural,27,178,32.93333333333333,0.3887554407119751,-0.7108196677086884
COHFACE_s08_session3_natural,27,179,32.96666666666667,0.24978432059288025,-0.8478473453238341
COHFACE_s08_session3_natural,27,180,33.0,0.07048144936561584,-0.9297448282362838
COHFACE_s08_session3_natural,27,181,33.03333333333333,-0.08427562564611435,-0.970839010313269
COHFACE_s08_session3_natural,27,182,33.06666666666667,-0.26116040349006653,-0.9925912363911736
COHFACE_s08_session3_natural,27,183,33.1,-0.41192537546157837,-1.0157472776724064
COHFACE_s08_session3_natural,27,184,33.13333333333333,-0.5032649040222168,-1.0524834882451013
COHFACE_s08_session3_natural,27,185,33.166666666666664,-0.5714501738548279,-1.1009221224405188
COHFACE_s08_session3_natural,27,186,33.2,-0.6203136444091797,-1.1438770892955856
COHFACE_s08_session3_natural,27,187,33.233333333333334,-0.6804006099700928,-1.1524293849796015
COHFACE_s08_session3_natural,27,188,33.266666666666666,-0.7374308109283447,-1.093194705556899
COHFACE_s08_session3_natural,27,189,33.3,-0.7894879579544067,-0.9368092388730547
COHFACE_s08_session3_natural,27,190,33.333333333333336,-0.8578556776046753,-0.6651219759675747
COHFACE_s08_session3_natural,27,191,33.36666666666667,-0.7950769066810608,-0.2761298024708017
COHFACE_s08_session3_natural,27,192,33.4,-0.2737526595592499,0.2124033317815412
COHFACE_s08_session3_natural,27,193,33.43333333333333,0.5907106995582581,0.7604600302001575
COHFACE_s08_session3_natural,27,194,33.46666666666667,1.2322088479995728,1.3078537642994261
COHFACE_s08_session3_natural,27,195,33.5,1.3957486152648926,1.7847907322644232
COHFACE_s08_session3_natural,27,196,33.53333333333333,1.2487475872039795,2.128690331933532
COHFACE_s08_session3_natural,27,197,33.56666666666667,1.0065747499465942,2.2992177291069753
COHFACE_s08_session3_natural,27,198,33.6,0.7823548913002014,2.285004676726706
COHFACE_s08_session3_natural,27,199,33.63333333333333,0.5501508116722107,2.101314985244799
COHFACE_s08_session3_natural,27,200,33.666666666666664,0.318106472492218,1.7817926427209636
COHFACE_s08_session3_natural,27,201,33.7,0.1529470831155777,1.368428430042122
COHFACE_s08_session3_natural,27,202,33.733333333333334,0.08430556207895279,0.9034688452260485
COHFACE_s08_session3_natural,27,203,33.766666666666666,0.07260297238826752,0.42539687533864334
COHFACE_s08_session3_natural,27,204,33.8,0.03763207048177719,-0.03146416802414086
COHFACE_s08_session3_natural,27,205,33.833333333333336,-0.07950790226459503,-0.4361934881351526
COHFACE_s08_session3_natural,27,206,33.86666666666667,-0.24808908998966217,-0.7619695338973896
COHFACE_s08_session3_natural,27,207,33.9,-0.4192480444908142,-0.9894729486856682
COHFACE_s08_session3_natural,27,208,33.93333333333333,-0.5710623860359192,-1.112427688616732
COHFACE_s08_session3_natural,27,209,33.96666666666667,-0.6965972185134888,-1.1428344444327592
COHFACE_s08_session3_natural,27,210,34.0,-0.8096081614494324,-1.112071504570399
COHFACE_s08_session3_natural,27,211,34.03333333333333,-0.9192886352539062,-1.0645536607247357
COHFACE_s08_session3_natural,27,212,34.06666666666667,-0.9959827661514282,-1.0437423415981408
COHFACE_s08_session3_natural,27,213,34.1,-1.0695289373397827,-1.0745982139470989
COHFACE_s08_session3_natural,27,214,34.13333333333333,-1.1490061283111572,-1.1496745403446562
COHFACE_s08_session3_natural,27,215,34.166666666666664,-1.2390453815460205,-1.2260795273217358
COHFACE_s08_session3_natural,27,216,34.2,-1.319252610206604,-1.236890794491852
COHFACE_s08_session3_natural,27,217,34.233333333333334,-1.2020670175552368,-1.114431720741858
COHFACE_s08_session3_natural,27,218,34.266666666666666,-0.6767963171005249,-0.8168981917890148
COHFACE_s08_session3_natural,27,219,34.3,0.10463111847639084,-0.3478676191376787
COHFACE_s08_session3_natural,27,220,34.333333333333336,0.6892588138580322,0.23830690835525997
COHFACE_s08_session3_natural,27,221,34.36666666666667,0.8664173483848572,0.8465419316311086
COHFACE_s08_session3_natural,27,222,34.4,0.7911831736564636,1.363619974982188
COHFACE_s08_session3_natural,27,223,34.43333333333333,0.6627511978149414,1.687567482548869
COHFACE_s08_session3_natural,27,224,34.46666666666667,0.5196054577827454,1.7555450148717135
COHFACE_s08_session3_natural,27,225,34.5,0.3189048767089844,1.5613371285250264
COHFACE_s08_session3_natural,27,226,34.53333333333333,0.14731250703334808,1.1563985290808112
COHFACE_s08_session3_natural,27,227,34.56666666666667,0.07440512627363205,0.6340553314195277
COHFACE_s08_session3_natural,27,228,34.6,0.06213223189115524,0.10252604328593129
COHFACE_s08_session3_natural,27,229,34.63333333333333,0.04182949289679527,-0.3437210306867282
COHFACE_s08_session3_natural,27,230,34.666666666666664,-0.016090352088212967,-0.6448617249312576
COHFACE_s08_session3_natural,27,231,34.7,-0.13380062580108643,-0.7833945458181316
COHFACE_s08_session3_natural,27,232,34.733333333333334,-0.30694422125816345,-0.7789789369993034
COHFACE_s08_session3_natural,27,233,34.766666666666666,-0.47027865052223206,-0.6753281726011799
COHFACE_s08_session3_natural,27,234,34.8,-0.5930075645446777,-0.525042688802066
COHFACE_s08_session3_natural,27,235,34.833333333333336,-0.694179117679596,-0.37642099138562046
COHFACE_s08_session3_natural,27,236,34.86666666666667,-0.7901038527488708,-0.26380013519280493
COHFACE_s08_session3_natural,27,237,34.9,-0.8617565631866455,-0.20170894363746802
COHFACE_s08_session3_natural,27,238,34.93333333333333,-0.8677789568901062,-0.1834236058540538
COHFACE_s08_session3_natural,27,239,34.96666666666667,-0.7626609206199646,-0.18479583815479458
COHFACE_s08_session3_natural,28,0,28.0,-1.1206507682800293,0.0003812216059193964
COHFACE_s08_session3_natural,28,1,28.033333333333335,-1.1688982248306274,0.1585539845426639
COHFACE_s08_session3_natural,28,2,28.066666666666666,-1.2034128904342651,0.31300098909505686
COHFACE_s08_session3_natural,28,3,28.1,-1.0614534616470337,0.46056673049991664
COHFACE_s08_session3_natural,28,4,28.133333333333333,-0.48638397455215454,0.5945656005594384
COHFACE_s08_session3_natural,28,5,28.166666666666668,0.3228969871997833,0.7046209724061069
COHFACE_s08_session3_natural,28,6,28.2,0.8962327241897583,0.776950490637832
COHFACE_s08_session3_natural,28,7,28.233333333333334,1.0537272691726685,0.7948483684457368
COHFACE_s08_session3_natural,28,8,28.266666666666666,0.9859753847122192,0.740371417290951
COHFACE_s08_session3_natural,28,9,28.3,0.9017760753631592,0.5986880712647057
COHFACE_s08_session3_natural,28,10,28.333333333333332,0.7849554419517517,0.36503495874494285
COHFACE_s08_session3_natural,28,11,28.366666666666667,0.5605987310409546,0.05178854436704334
COHFACE_s08_session3_natural,28,12,28.4,0.34436315298080444,-0.3082465337428526
COHFACE_s08_session3_natural,28,13,28.433333333333334,0.21191628277301788,-0.6654319538453842
COHFACE_s08_session3_natural,28,14,28.466666666666665,0.1362486481666565,-0.9639195449844743
COHFACE_s08_session3_natural,28,15,28.5,0.06534873694181442,-1.1556594177524873
COHFACE_s08_session3_natural,28,16,28.533333333333335,-0.03379251807928085,-1.2117021441962879
COHFACE_s08_session3_natural,28,17,28.566666666666666,-0.1585060954093933,-1.1258895177293191
COHFACE_s08_session3_natural,28,18,28.6,-0.3073548376560211,-0.9108793125004588
COHFACE_s08_session3_natural,28,19,28.633333333333333,-0.45704764127731323,-0.5911964884771547
COHFACE_s08_session3_natural,28,20,28.666666666666668,-0.5808030962944031,-0.19876167516231882
COHFACE_s08_session3_natural,28,21,28.7,-0.6773210167884827,0.22712101966962056
COHFACE_s08_session3_natural,28,22,28.733333333333334,-0.7647140026092529,0.6382672577011274
COHFACE_s08_session3_natural,28,23,28.766666666666666,-0.824321985244751,0.9799629993628293
COHFACE_s08_session3_natural,28,24,28.8,-0.8566923141479492,1.2001960733346753
COHFACE_s08_session3_natural,28,25,28.833333333333332,-0.8826068043708801,1.2636776104387812
COHFACE_s08_session3_natural,28,26,28.866666666666667,-0.916642427444458,1.164456354570097
COHFACE_s08_session3_natural,28,27,28.9,-0.9448381066322327,0.9306226059489898
COHFACE_s08_session3_natural,28,28,28.933333333333334,-0.9919450283050537,0.6183142342828066
COHFACE_s08_session3_natural,28,29,28.966666666666665,-0.9898235201835632,0.2970567687044769
COHFACE_s08_session3_natural,28,30,29.0,-0.6884760856628418,0.031344249647141074
COHFACE_s08_session3_natural,28,31,29.033333333333335,-0.031397249549627304,-0.13592933879234143
COHFACE_s08_session3_natural,28,32,29.066666666666666,0.6142983436584473,-0.19323673816800657
COHFACE_s08_session3_natural,28,33,29.1,0.9556353688240051,-0.16069057541894674
COHFACE_s08_session3_natural,28,34,29.133333333333333,1.0039740800857544,-0.08172476930498736
COHFACE_s08_session3_natural,28,35,29.166666666666668,0.905403196811676,-0.009760058039789984
COHFACE_s08_session3_natural,28,36,29.2,0.8106874823570251,0.006433010278957851
COHFACE_s08_session3_natural,28,37,29.233333333333334,0.6450718641281128,-0.06404116641855101
COHFACE_s08_session3_natural,28,38,29.266666666666666,0.4171108305454254,-0.2248451455979657
COHFACE_s08_session3_natural,28,39,29.3,0.2462940663099289,-0.4495378786315584
COHFACE_s08_session3_natural,28,40,29.333333333333332,0.18556833267211914,-0.6870841133535941
COHFACE_s08_session3_natural,28,41,29.366666666666667,0.15545640885829926,-0.8753614147367513
COHFACE_s08_session3_natural,28,42,29.4,0.10791605710983276,-0.9590722912611104
COHFACE_s08_session3_natural,28,43,29.433333333333334,-0.013946017250418663,-0.9062874125551399
COHFACE_s08_session3_natural,28,44,29.466666666666665,-0.15499304234981537,-0.7182901114756896
COHFACE_s08_session3_natural,28,45,29.5,-0.28470247983932495,-0.43004165531965416
COHFACE_s08_session3_natural,28,46,29.533333333333335,-0.39595693349838257,-0.10185405639222454
COHFACE_s08_session3_natural,28,47,29.566666666666666,-0.46621811389923096,0.19479599656522203
COHFACE_s08_session3_natural,28,48,29.6,-0.44881248474121094,0.39368543106039827
COHFACE_s08_session3_natural,28,49,29.633333333333333,-0.42595478892326355,0.4493302884836012
COHFACE_s08_session3_natural,28,50,29.666666666666668,-0.48145657777786255,0.34899250463242293
COHFACE_s08_session3_natural,28,51,29.7,-0.5786359906196594,0.1188026048111675
COHFACE_s08_session3_natural,28,52,29.733333333333334,-0.6741957664489746,-0.17846270232462372
COHFACE_s08_session3_natural,28,53,29.766666666666666,-0.7499546408653259,-0.45535606313511445
COHFACE_s08_session3_natural,28,54,29.8,-0.8219951391220093,-0.6200518867326552
COHFACE_s08_session3_natural,28,55,29.833333333333332,-0.8886520266532898,-0.6002640907397999
COHFACE_s08_session3_natural,28,56,29.866666666666667,-0.8814890384674072,-0.3643441329487227
COHFACE_s08_session3_natural,28,57,29.9,-0.557283878326416,0.06647316687354049
COHFACE_s08_session3_natural,28,58,29.933333333333334,0.0903051421046257,0.6185374747792791
COHFACE_s08_session3_natural,28,59,29.966666666666665,0.6955549716949463,1.179888703375035
COHFACE_s08_session3_natural,28,60,30.0,0.9827361106872559,1.625845031837056
COHFACE_s08_session3_natural,28,61,30.033333333333335,1.0016473531723022,1.850290099098269
COHFACE_s08_session3_natural,28,62,30.066666666666666,0.900338888168335,1.793378117656093
COHFACE_s08_session3_natural,28,63,30.1,0.767846405506134,1.4563445667540629
COHFACE_s08_session3_natural,28,64,30.133333333333333,0.5965277552604675,0.8992811532955166
COHFACE_s08_session3_natural,28,65,30.166666666666668,0.4042220115661621,0.22441943262566222
COHFACE_s08_session3_natural,28,66,30.2,0.2354811429977417,-0.44874855265152513
COHFACE_s08_session3_natural,28,67,30.233333333333334,0.11959583312273026,-1.0095455421502675
COHFACE_s08_session3_natural,28,68,30.266666666666666,0.014021579176187515,-1.3773413835328119
COHFACE_s08_session3_natural,28,69,30.3,-0.14235515892505646,-1.5139600755997769
COHFACE_s08_session3_natural,28,70,30.333333333333332,-0.32336893677711487,-1.426176986492273
COHFACE_s08_session3_natural,28,71,30.366666666666667,-0.5010977387428284,-1.1596072973211073
COHFACE_s08_session3_natural,28,72,30.4,-0.6411182284355164,-0.7862541418187815
COHFACE_s08_session3_natural,28,73,30.433333333333334,-0.7357198596000671,-0.38839613114058646
COHFACE_s08_session3_natural,28,74,30.466666666666665,-0.8192120790481567,-0.04215111259848308
COHFACE_s08_session3_natural,28,75,30.5,-0.8814662098884583,0.1960294679652903
COHFACE_s08_session3_natural,28,76,30.533333333333335,-0.91221684217453,0.298160657865494
COHFACE_s08_session3_natural,28,77,30.566666666666666,-0.946366548538208,0.26821159616163076
COHFACE_s08_session3_natural,28,78,30.6,-0.9538032412528992,0.13943082784140354
COHFACE_s08_session3_natural,28,79,30.633333333333333,-0.9270675182342529,-0.03481309382762722
COHFACE_s08_session3_natural,28,80,30.666666666666668,-0.883063018321991,-0.1943145409588802
COHFACE_s08_session3_natural,28,81,30.7,-0.8382829427719116,-0.2853836092468819
COHFACE_s08_session3_natural,28,82,30.733333333333334,-0.8136003017425537,-0.2719316609169253
COHFACE_s08_session3_natural,28,83,30.766666666666666,-0.7281462550163269,-0.14377543676333188
COHFACE_s08_session3_natural,28,84,30.8,-0.381676584482193,0.07949262641083704
COHFACE_s08_session3_natural,28,85,30.833333333333332,0.2772728502750397,0.3518461834154516
COHFACE_s08_session3_natural,28,86,30.866666666666667,0.9857472777366638,0.6118996553638628
COHFACE_s08_session3_natural,28,87,30.9,1.4872478246688843,0.7986913080096187
COHFACE_s08_session3_natural,28,88,30.933333333333334,1.7284170389175415,0.8676296084968342
COHFACE_s08_session3_natural,28,89,30.966666666666665,1.7339603900909424,0.8023290937592488
COHFACE_s08_session3_natural,28,90,31.0,1.6106382608413696,0.618856534178028
COHFACE_s08_session3_natural,28,91,31.033333333333335,1.46235990524292,0.3607705287056539
COHFACE_s08_session3_natural,28,92,31.066666666666666,1.4368788003921509,0.08658664644861949
COHFACE_s08_session3_natural,28,93,31.1,1.4387949705123901,-0.14601885692739125
COHFACE_s08_session3_natural,28,94,31.133333333333333,1.357675313949585,-0.29462699607046033
COHFACE_s08_session3_natural,28,95,31.166666666666668,1.1183538436889648,-0.34170141636406703
COHFACE_s08_session3_natural,28,96,31.2,0.7818074226379395,-0.29736278808887345
COHFACE_s08_session3_natural,28,97,31.233333333333334,0.6210963726043701,-0.19481149303411585
COHFACE_s08_session3_natural,28,98,31.266666666666666,0.4655408561229706,-0.07997504306208127
COHFACE_s08_session3_natural,28,99,31.3,0.2462940663099289,0.0012919894497704938
COHFACE_s08_session3_natural,28,100,31.333333333333332,0.098540298640728,0.01470829754257364
COHFACE_s08_session3_natural,28,101,31.366666666666667,0.015002498403191566,-0.05503069857249946
COHFACE_s08_session3_natural,28,102,31.4,-0.08623746782541275,-0.20205935736644656
COHFACE_s08_session3_natural,28,103,31.433333333333334,-0.20951388776302338,-0.40187112249041007
COHFACE_s08_session3_natural,28,104,31.466666666666665,-0.31257882714271545,-0.6171390890484901
COHFACE_s08_session3_natural,28,105,31.5,-0.4082298278808594,-0.8051358113108933
COHFACE_s08_session3_natural,28,106,31.533333333333335,-0.4923151135444641,-0.9252287981961513
COHFACE_s08_session3_natural,28,107,31.566666666666666,-0.5475887656211853,-0.9453219885971955
COHFACE_s08_session3_natural,28,108,31.6,-0.5884907841682434,-0.8466256648074482
COHFACE_s08_session3_natural,28,109,31.633333333333333,-0.5178646445274353,-0.6267190396323171
COHFACE_s08_session3_natural,28,110,31.666666666666668,-0.13049288094043732,-0.30127212348015053
COHFACE_s08_session3_natural,28,111,31.7,0.5296884179115295,0.09559777115184548
COHFACE_s08_session3_natural,28,112,31.733333333333334,1.1160954236984253,0.5135231290960578
COHFACE_s08_session3_natural,28,113,31.766666666666666,1.3376234769821167,0.8923584959338859
COHFACE_s08_session3_natural,28,114,31.8,1.2643511295318604,1.1733189400240969
COHFACE_s08_session3_natural,28,115,31.833333333333332,1.117897629737854,1.3124473320324472
COHFACE_s08_session3_natural,28,116,31.866666666666667,0.923880934715271,1.291688597858504
COHFACE_s08_session3_natural,28,117,31.9,0.7118656039237976,1.1228695600460712
COHFACE_s08_session3_natural,28,118,31.933333333333334,0.5543482303619385,0.8429305942465416
COHFACE_s08_session3_natural,28,119,31.966666666666665,0.43362677097320557,0.5027466733415185
COHFACE_s08_session3_natural,28,120,32.0,0.3387513756752014,0.15419765146458128
COHFACE_s08_session3_natural,28,121,32.03333333333333,0.26623180508613586,-0.15998989420017953
COHFACE_s08_session3_natural,28,122,32.06666666666667,0.15869572758674622,-0.4111005565565599
COHFACE_s08_session3_natural,28,123,32.1,6.059298539184965e-05,-0.5842010853298131
COHFACE_s08_session3_natural,28,124,32.13333333333333,-0.15944139659404755,-0.6752217202442681
COHFACE_s08_session3_natural,28,125,32.166666666666664,-0.3016974627971649,-0.6881845652022537
COHFACE_s08_session3_natural,28,126,32.2,-0.42752882838249207,-0.6339181217248644
COHFACE_s08_session3_natural,28,127,32.233333333333334,-0.5235448479652405,-0.5294995067543811
COHFACE_s08_session3_natural,28,128,32.266666666666666,-0.6216367483139038,-0.39664712618250036
COHFACE_s08_session3_natural,28,129,32.3,-0.7395979166030884,-0.25806638866938897
COHFACE_s08_session3_natural,28,130,32.333333333333336,-0.8247781991958618,-0.1326894127727138
COHFACE_s08_session3_natural,28,131,32.36666666666667,-0.8710410594940186,-0.03197483086365377
COHFACE_s08_session3_natural,28,132,32.4,-0.9014495611190796,0.041275343531684126
COHFACE_s08_session3_natural,28,133,32.43333333333333,-0.9379717111587524,0.09172209401512708
COHFACE_s08_session3_natural,28,134,32.46666666666667,-0.9646161794662476,0.12894980676940335
COHFACE_s08_session3_natural,28,135,32.5,-0.8451949954032898,0.1645618706767239
COHFACE_s08_session3_natural,28,136,32.53333333333333,-0.32496577501296997,0.20942279041293868
COHFACE_s08_session3_natural,28,137,32.56666666666667,0.5078572630882263,0.2710349781779107
COHFACE_s08_session3_natural,28,138,32.6,1.2104233503341675,0.3508130864832971
COHFACE_s08_session3_natural,28,139,32.63333333333333,1.495140790939331,0.44158091302329977
COHFACE_s08_session3_natural,28,140,32.666666666666664,1.4653254747390747,0.5267594345974523
COHFACE_s08_session3_natural,28,141,32.7,1.330323576927185,0.5829908893079034
COHFACE_s08_session3_natural,28,142,32.733333333333334,1.170000433921814,0.5864148885814007
COHFACE_s08_session3_natural,28,143,32.766666666666666,0.9682960510253906,0.5206288841889424
COHFACE_s08_session3_natural,28,144,32.8,0.7647667527198792,0.383228766104156
COHFACE_s08_session3_natural,28,145,32.833333333333336,0.6041697859764099,0.18822675222771432
COHFACE_s08_session3_natural,28,146,32.86666666666667,0.5081994533538818,-0.036808642843665446
COHFACE_s08_session3_natural,28,147,32.9,0.4570091664791107,-0.2580035284255844
COHFACE_s08_session3_natural,28,148,32.93333333333333,0.3887554407119751,-0.444233635844569
COHFACE_s08_session3_natural,28,149,32.96666666666667,0.24978432059288025,-0.5749453425630509
COHFACE_s08_session3_natural,28,150,33.0,0.07048144936561584,-0.6446925562020457
COHFACE_s08_session3_natural,28,151,33.03333333333333,-0.08427562564611435,-0.663694549480277
COHFACE_s08_session3_natural,28,152,33.06666666666667,-0.26116040349006653,-0.6544681696541831
COHFACE_s08_session3_natural,28,153,33.1,-0.41192537546157837,-0.6451119475940121
COHFACE_s08_session3_natural,28,154,33.13333333333333,-0.5032649040222168,-0.6607137616489773
COHFACE_s08_session3_natural,28,155,33.166666666666664,-0.5714501738548279,-0.7151893978073587
COHFACE_s08_session3_natural,28,156,33.2,-0.6203136444091797,-0.8058937893475931
COHFACE_s08_session3_natural,28,157,33.233333333333334,-0.6804006099700928,-0.9124121676941758
COHFACE_s08_session3_natural,28,158,33.266666666666666,-0.7374308109283447,-0.9994972284393343
COHFACE_s08_session3_natural,28,159,33.3,-0.7894879579544067,-1.0230966150795606
COHFACE_s08_session3_natural,28,160,33.333333333333336,-0.8578556776046753,-0.9384231520497127
COHFACE_s08_session3_natural,28,161,33.36666666666667,-0.7950769066810608,-0.7096987198354762
COHFACE_s08_session3_natural,28,162,33.4,-0.2737526595592499,-0.32139345887761495
COHFACE_s08_session3_natural,28,163,33.43333333333333,0.5907106995582581,0.21095206944042647
COHFACE_s08_session3_natural,28,164,33.46666666666667,1.2322088479995728,0.8353102307960208
COHFACE_s08_session3_natural,28,165,33.5,1.3957486152648926,1.4685362249678098
COHFACE_s08_session3_natural,28,166,33.53333333333333,1.2487475872039795,2.0131969634537326
COHFACE_s08_session3_natural,28,167,33.56666666666667,1.0065747499465942,2.380410113236727
COHFACE_s08_session3_natural,28,168,33.6,0.7823548913002014,2.5105967599495846
COHFACE_s08_session3_natural,28,169,33.63333333333333,0.5501508116722107,2.385562994101971
COHFACE_s08_session3_natural,28,170,33.666666666666664,0.318106472492218,2.029150982089314
COHFACE_s08_session3_natural,28,171,33.7,0.1529470831155777,1.498000794053223
COHFACE_s08_session3_natural,28,172,33.733333333333334,0.08430556207895279,0.8670959978127861
COHFACE_s08_session3_natural,28,173,33.766666666666666,0.07260297238826752,0.2152961510679873
COHFACE_s08_session3_natural,28,174,33.8,0.03763207048177719,-0.38604339260957987
COHFACE_s08_session3_natural,28,175,33.833333333333336,-0.07950790226459503,-0.8808924822157309
COHFACE_s08_session3_natural,28,176,33.86666666666667,-0.24808908998966217,-1.2334725189546154
COHFACE_s08_session3_natural,28,177,33.9,-0.4192480444908142,-1.4307765518445976
COHFACE_s08_session3_natural,28,178,33.93333333333333,-0.5710623860359192,-1.4827376991460528
COHFACE_s08_session3_natural,28,179,33.96666666666667,-0.6965972185134888,-1.4196879521193917
COHFACE_s08_session3_natural,28,180,34.0,-0.8096081614494324,-1.286440522310696
COHFACE_s08_session3_natural,28,181,34.03333333333333,-0.9192886352539062,-1.1326898144894524
COHFACE_s08_session3_natural,28,182,34.06666666666667,-0.9959827661514282,-1.0007931097987206
COHFACE_s08_session3_natural,28,183,34.1,-1.0695289373397827,-0.9138284991312415
COHFACE_s08_session3_natural,28,184,34.13333333333333,-1.1490061283111572,-0.8680094628196657
COHFACE_s08_session3_natural,28,185,34.166666666666664,-1.2390453815460205,-0.8330032503346326
COHFACE_s08_session3_natural,28,186,34.2,-1.319252610206604,-0.7611863836985273
COHFACE_s08_session3_natural,28,187,34.233333333333334,-1.2020670175552368,-0.6034769020814976
COHFACE_s08_session3_natural,28,188,34.266666666666666,-0.6767963171005249,-0.32680695481529265
COHFACE_s08_session3_natural,28,189,34.3,0.10463111847639084,0.07215192377321364
COHFACE_s08_session3_natural,28,190,34.333333333333336,0.6892588138580322,0.5607328192148674
COHFACE_s08_session3_natural,28,191,34.36666666666667,0.8664173483848572,1.0732202526938295
COHFACE_s08_session3_natural,28,192,34.4,0.7911831736564636,1.5234927487094503
COHFACE_s08_session3_natural,28,193,34.43333333333333,0.6627511978149414,1.8256343283903347
COHFACE_s08_session3_natural,28,194,34.46666666666667,0.5196054577827454,1.916771481499459
COHFACE_s08_session3_natural,28,195,34.5,0.3189048767089844,1.773997093010692
COHFACE_s08_session3_natural,28,196,34.53333333333333,0.14731250703334808,1.4195289985608972
COHFACE_s08_session3_natural,28,197,34.56666666666667,0.07440512627363205,0.9133176536570498
COHFACE_s08_session3_natural,28,198,34.6,0.06213223189115524,0.33667114764284706
COHFACE_s08_session3_natural,28,199,34.63333333333333,0.04182949289679527,-0.22708453726291208
COHFACE_s08_session3_natural,28,200,34.666666666666664,-0.016090352088212967,-0.7084760631816721
COHFACE_s08_session3_natural,28,201,34.7,-0.13380062580108643,-1.0601267750414047
COHFACE_s08_session3_natural,28,202,34.733333333333334,-0.30694422125816345,-1.2576705901702463
COHFACE_s08_session3_natural,28,203,34.766666666666666,-0.47027865052223206,-1.2971802326433697
COHFACE_s08_session3_natural,28,204,34.8,-0.5930075645446777,-1.1929690553191876
COHFACE_s08_session3_natural,28,205,34.833333333333336,-0.694179117679596,-0.976805246057704
COHFACE_s08_session3_natural,28,206,34.86666666666667,-0.7901038527488708,-0.6964622625695006
COHFACE_s08_session3_natural,28,207,34.9,-0.8617565631866455,-0.4103510499471891
COHFACE_s08_session3_natural,28,208,34.93333333333333,-0.8677789568901062,-0.17666645298503741
COHFACE_s08_session3_natural,28,209,34.96666666666667,-0.7626609206199646,-0.039147906696151494
COHFACE_s08_session3_natural,28,210,35.0,-0.9447696805000305,-0.014832997805818355
COHFACE_s08_session3_natural,28,211,35.03333333333333,-1.6044491529464722,-0.08912303943662493
COHFACE_s08_session3_natural,28,212,35.06666666666667,-2.19163179397583,-0.21955260533891002
COHFACE_s08_session3_natural,28,213,35.1,-2.0819742679595947,-0.3458359150678398
COHFACE_s08_session3_natural,28,214,35.13333333333333,-1.1984399557113647,-0.40343077668537847
COHFACE_s08_session3_natural,28,215,35.166666666666664,-0.3137878477573395,-0.3390064274251759
COHFACE_s08_session3_natural,28,216,35.2,0.11003758013248444,-0.125723466971843
COHFACE_s08_session3_natural,28,217,35.233333333333334,0.26208001375198364,0.22535520316547666
COHFACE_s08_session3_natural,28,218,35.266666666666666,0.3175361752510071,0.6621044976796138
COHFACE_s08_session3_natural,28,219,35.3,0.25963911414146423,1.0999512972483203
COHFACE_s08_session3_natural,28,220,35.333333333333336,0.11952739953994751,1.4429865210841382
COHFACE_s08_session3_natural,28,221,35.36666666666667,0.07002520561218262,1.6124635548239699
COHFACE_s08_session3_natural,28,222,35.4,0.15027806162834167,1.5708232746277462
COHFACE_s08_session3_natural,28,223,35.43333333333333,0.2183949053287506,1.3296113166561287
COHFACE_s08_session3_natural,28,224,35.46666666666667,0.19257164001464844,0.9400161151490962
COHFACE_s08_session3_natural,28,225,35.5,0.09340757876634598,0.47493960481255193
COHFACE_s08_session3_natural,28,226,35.53333333333333,-0.03664402663707733,0.011598194765090669
COHFACE_s08_session3_natural,28,227,35.56666666666667,-0.18006350100040436,-0.38220083108512837
COHFACE_s08_session3_natural,28,228,35.6,-0.3039330542087555,-0.6583593212737203
COHFACE_s08_session3_natural,28,229,35.63333333333333,-0.4013405740261078,-0.7953638351862639
COHFACE_s08_session3_natural,28,230,35.666666666666664,-0.4886423647403717,-0.80059715192071
COHFACE_s08_session3_natural,28,231,35.7,-0.5906122922897339,-0.7066754369638713
COHFACE_s08_session3_natural,28,232,35.733333333333334,-0.6739904284477234,-0.561570246854697
COHFACE_s08_session3_natural,28,233,35.766666666666666,-0.7097369432449341,-0.4146305236877499
COHFACE_s08_session3_natural,28,234,35.8,-0.7402822971343994,-0.30300073542261013
COHFACE_s08_session3_natural,28,235,35.833333333333336,-0.7578247785568237,-0.2435440233760312
COHFACE_s08_session3_natural,28,236,35.86666666666667,-0.5672299265861511,-0.23317859928890391
COHFACE_s08_session3_natural,28,237,35.9,-0.002197801833972335,-0.2564138054359804
COHFACE_s08_session3_natural,28,238,35.93333333333333,0.6306089758872986,-0.29514764718528297
COHFACE_s08_session3_natural,28,239,35.96666666666667,0.9471721053123474,-0.33515115286349184
COHFACE_s08_session3_natural,29,0,29.0,-0.6884760856628418,0.02596475985367379
COHFACE_s08_session3_natural,29,1,29.033333333333335,-0.031397249549627304,0.11393508469197092
COHFACE_s08_session3_natural,29,2,29.066666666666666,0.6142983436584473,0.19838475490014632
COHFACE_s08_session3_natural,29,3,29.1,0.9556353688240051,0.27328506003780556
COHFACE_s08_session3_natural,29,4,29.133333333333333,1.0039740800857544,0.3284502972018568
COHFACE_s08_session3_natural,29,5,29.166666666666668,0.905403196811676,0.34952556015863323
COHFACE_s08_session3_natural,29,6,29.2,0.8106874823570251,0.32025732516105515
COHFACE_s08_session3_natural,29,7,29.233333333333334,0.6450718641281128,0.22735396777561095
COHFACE_s08_session3_natural,29,8,29.266666666666666,0.4171108305454254,0.06741348374276754
COHFACE_s08_session3_natural,29,9,29.3,0.2462940663099289,-0.1463075574593344
COHFACE_s08_session3_natural,29,10,29.333333333333332,0.18556833267211914,-0.38134743380584346
COHFACE_s08_session3_natural,29,11,29.366666666666667,0.15545640885829926,-0.5913293797082806
COHFACE_s08_session3_natural,29,12,29.4,0.10791605710983276,-0.7288352891754163
COHFACE_s08_session3_natural,29,13,29.433333333333334,-0.013946017250418663,-0.7610259201603355
COHFACE_s08_session3_natural,29,14,29.466666666666665,-0.15499304234981537,-0.6813685252617195
COHFACE_s08_session3_natural,29,15,29.5,-0.28470247983932495,-0.5127213018955318
COHFACE_s08_session3_natural,29,16,29.533333333333335,-0.39595693349838257,-0.30114565150821393
COHFACE_s08_session3_natural,29,17,29.566666666666666,-0.46621811389923096,-0.10341505234106602
COHFACE_s08_session3_natural,29,18,29.6,-0.44881248474121094,0.02769484181272914
COHFACE_s08_session3_natural,29,19,29.633333333333333,-0.42595478892326355,0.05705016535434688
COHFACE_s08_session3_natural,29,20,29.666666666666668,-0.48145657777786255,-0.022500670652468687
COHFACE_s08_session3_natural,29,21,29.7,-0.5786359906196594,-0.18501553981349947
COHFACE_s08_session3_natural,29,22,29.733333333333334,-0.6741957664489746,-0.37373487222026974
COHFACE_s08_session3_natural,29,23,29.766666666666666,-0.7499546408653259,-0.5123920210865186
COHFACE_s08_session3_natural,29,24,29.8,-0.8219951391220093,-0.5249019017580626
COHFACE_s08_session3_natural,29,25,29.833333333333332,-0.8886520266532898,-0.35918371944669475
COHFACE_s08_session3_natural,29,26,29.866666666666667,-0.8814890384674072,-0.007687094954979832
COHFACE_s08_session3_natural,29,27,29.9,-0.557283878326416,0.4835873130294899
COHFACE_s08_session3_natural,29,28,29.933333333333334,0.0903051421046257,1.0228598910815534
COHFACE_s08_session3_natural,29,29,29.966666666666665,0.6955549716949463,1.4961660956111789
COHFACE_s08_session3_natural,29,30,30.0,0.9827361106872559,1.7987446677653904
COHFACE_s08_session3_natural,29,31,30.033333333333335,1.0016473531723022,1.8627813586693114
COHFACE_s08_session3_natural,29,32,30.066666666666666,0.900338888168335,1.6727796003495337
COHFACE_s08_session3_natural,29,33,30.1,0.767846405506134,1.2659156926707351
COHFACE_s08_session3_natural,29,34,30.133333333333333,0.5965277552604675,0.7199008097707584
COHFACE_s08_session3_natural,29,35,30.166666666666668,0.4042220115661621,0.13336362204647256
COHFACE_s08_session3_natural,29,36,30.2,0.2354811429977417,-0.39604554075071596
COHFACE_s08_session3_natural,29,37,30.233333333333334,0.11959583312273026,-0.7915190980561658
COHFACE_s08_session3_natural,29,38,30.266666666666666,0.014021579176187515,-1.0115071099664639
COHFACE_s08_session3_natural,29,39,30.3,-0.14235515892505646,-1.0560171668069864
COHFACE_s08_session3_natural,29,40,30.333333333333332,-0.32336893677711487,-0.9632448602352303
COHFACE_s08_session3_natural,29,41,30.366666666666667,-0.5010977387428284,-0.7969412324637102
COHFACE_s08_session3_natural,29,42,30.4,-0.6411182284355164,-0.6276190886970754
COHFACE_s08_session3_natural,29,43,30.433333333333334,-0.7357198596000671,-0.5130337582849994
COHFACE_s08_session3_natural,29,44,30.466666666666665,-0.8192120790481567,-0.483951892504204
COHFACE_s08_session3_natural,29,45,30.5,-0.8814662098884583,-0.5392483091275427
COHFACE_s08_session3_natural,29,46,30.533333333333335,-0.91221684217453,-0.6504802179815341
COHFACE_s08_session3_natural,29,47,30.566666666666666,-0.946366548538208,-0.7727135008428772
COHFACE_s08_session3_natural,29,48,30.6,-0.9538032412528992,-0.8574349816632693
COHFACE_s08_session3_natural,29,49,30.633333333333333,-0.9270675182342529,-0.8641893112461807
COHFACE_s08_session3_natural,29,50,30.666666666666668,-0.883063018321991,-0.768672417612468
COHFACE_s08_session3_natural,29,51,30.7,-0.8382829427719116,-0.5662156149733812
COHFACE_s08_session3_natural,29,52,30.733333333333334,-0.8136003017425537,-0.2710349549278089
COHFACE_s08_session3_natural,29,53,30.766666666666666,-0.7281462550163269,0.0874179208506946
COHFACE_s08_session3_natural,29,54,30.8,-0.381676584482193,0.4697130393256562
COHFACE_s08_session3_natural,29,55,30.833333333333332,0.2772728502750397,0.8324264291638768
COHFACE_s08_session3_natural,29,56,30.866666666666667,0.9857472777366638,1.1340499184708321
COHFACE_s08_session3_natural,29,57,30.9,1.4872478246688843,1.3401376110821746
COHFACE_s08_session3_natural,29,58,30.933333333333334,1.7284170389175415,1.4275219148650717
COHFACE_s08_session3_natural,29,59,30.966666666666665,1.7339603900909424,1.3876900317456562
COHFACE_s08_session3_natural,29,60,31.0,1.6106382608413696,1.2288653082652679
COHFACE_s08_session3_natural,29,61,31.033333333333335,1.46235990524292,0.9757113977938077
COHFACE_s08_session3_natural,29,62,31.066666666666666,1.4368788003921509,0.6657606845343802
COHFACE_s08_session3_natural,29,63,31.1,1.4387949705123901,0.3425343189323852
COHFACE_s08_session3_natural,29,64,31.133333333333333,1.357675313949585,0.0464048689735623
COHFACE_s08_session3_natural,29,65,31.166666666666668,1.1183538436889648,-0.1944624326236701
COHFACE_s08_session3_natural,29,66,31.2,0.7818074226379395,-0.36968534385179996
COHFACE_s08_session3_natural,29,67,31.233333333333334,0.6210963726043701,-0.4859706523406016
COHFACE_s08_session3_natural,29,68,31.266666666666666,0.4655408561229706,-0.5602720212039346
COHFACE_s08_session3_natural,29,69,31.3,0.2462940663099289,-0.6102055904528528
COHFACE_s08_session3_natural,29,70,31.333333333333332,0.098540298640728,-0.6463758971228908
COHFACE_s08_session3_natural,29,71,31.366666666666667,0.015002498403191566,-0.6698008815256656
COHFACE_s08_session3_natural,29,72,31.4,-0.08623746782541275,-0.6745332974549368
COHFACE_s08_session3_natural,29,73,31.433333333333334,-0.20951388776302338,-0.6530787924014771
COHFACE_s08_session3_natural,29,74,31.466666666666665,-0.31257882714271545,-0.6017640720341484
COHFACE_s08_session3_natural,29,75,31.5,-0.4082298278808594,-0.5239422258327723
COHFACE_s08_session3_natural,29,76,31.533333333333335,-0.4923151135444641,-0.42961335272450146
COHFACE_s08_session3_natural,29,77,31.566666666666666,-0.5475887656211853,-0.3311354407178088
COHFACE_s08_session3_natural,29,78,31.6,-0.5884907841682434,-0.23673207612254848
COHFACE_s08_session3_natural,29,79,31.633333333333333,-0.5178646445274353,-0.14539770509109837
COHFACE_s08_session3_natural,29,80,31.666666666666668,-0.13049288094043732,-0.04691795933413927
COHFACE_s08_session3_natural,29,81,31.7,0.5296884179115295,0.07178882933478936
COHFACE_s08_session3_natural,29,82,31.733333333333334,1.1160954236984253,0.2169711461975768
COHFACE_s08_session3_natural,29,83,31.766666666666666,1.3376234769821167,0.3806246687699067
COHFACE_s08_session3_natural,29,84,31.8,1.2643511295318604,0.5398539903300664
COHFACE_s08_session3_natural,29,85,31.833333333333332,1.117897629737854,0.6637851872562747
COHFACE_s08_session3_natural,29,86,31.866666666666667,0.923880934715271,0.7250887076378565
COHFACE_s08_session3_natural,29,87,31.9,0.7118656039237976,0.7108710678616287
COHFACE_s08_session3_natural,29,88,31.933333333333334,0.5543482303619385,0.627516277661606
COHFACE_s08_session3_natural,29,89,31.966666666666665,0.43362677097320557,0.49679324970430794
COHFACE_s08_session3_natural,29,90,32.0,0.3387513756752014,0.34548101891847005
COHFACE_s08_session3_natural,29,91,32.03333333333333,0.26623180508613586,0.19457796766006227
COHFACE_s08_session3_natural,29,92,32.06666666666667,0.15869572758674622,0.05392518796890816
COHFACE_s08_session3_natural,29,93,32.1,6.059298539184965e-05,-0.07583046426556425
COHFACE_s08_session3_natural,29,94,32.13333333333333,-0.15944139659404755,-0.19678828694475853
COHFACE_s08_session3_natural,29,95,32.166666666666664,-0.3016974627971649,-0.30794050169373394
COHFACE_s08_session3_natural,29,96,32.2,-0.42752882838249207,-0.403211379984616
COHFACE_s08_session3_natural,29,97,32.233333333333334,-0.5235448479652405,-0.47326457493544705
COHFACE_s08_session3_natural,29,98,32.266666666666666,-0.6216367483139038,-0.5090045925213024
COHFACE_s08_session3_natural,29,99,32.3,-0.7395979166030884,-0.5047858846399359
COHFACE_s08_session3_natural,29,100,32.333333333333336,-0.8247781991958618,-0.4603863674720763
COHFACE_s08_session3_natural,29,101,32.36666666666667,-0.8710410594940186,-0.3816240863905206
COHFACE_s08_session3_natural,29,102,32.4,-0.9014495611190796,-0.2795825714332027
COHFACE_s08_session3_natural,29,103,32.43333333333333,-0.9379717111587524,-0.1683374655408274
COHFACE_s08_session3_natural,29,104,32.46666666666667,-0.9646161794662476,-0.06148876219547435
COHFACE_s08_session3_natural,29,105,32.5,-0.8451949954032898,0.031626866277856915
COHFACE_s08_session3_natural,29,106,32.53333333333333,-0.32496577501296997,0.1089063353317482
COHFACE_s08_session3_natural,29,107,32.56666666666667,0.5078572630882263,0.17625450877151508
COHFACE_s08_session3_natural,29,108,32.6,1.2104233503341675,0.24465932462011028
COHFACE_s08_session3_natural,29,109,32.63333333333333,1.495140790939331,0.3234532739752464
COHFACE_s08_session3_natural,29,110,32.666666666666664,1.4653254747390747,0.41275515633901055
COHFACE_s08_session3_natural,29,111,32.7,1.330323576927185,0.49990261356510557
COHFACE_s08_session3_natural,29,112,32.733333333333334,1.170000433921814,0.5627021032073811
COHFACE_s08_session3_natural,29,113,32.766666666666666,0.9682960510253906,0.5781328416873003
COHFACE_s08_session3_natural,29,114,32.8,0.7647667527198792,0.5319993852957825
COHFACE_s08_session3_natural,29,115,32.833333333333336,0.6041697859764099,0.4247663461800095
COHFACE_s08_session3_natural,29,116,32.86666666666667,0.5081994533538818,0.2712594814486063
COHFACE_s08_session3_natural,29,117,32.9,0.4570091664791107,0.09507395779144297
COHFACE_s08_session3_natural,29,118,32.93333333333333,0.3887554407119751,-0.07958960444221115
COHFACE_s08_session3_natural,29,119,32.96666666666667,0.24978432059288025,-0.23553224198475747
COHFACE_s08_session3_natural,29,120,33.0,0.07048144936561584,-0.3669427680919127
COHFACE_s08_session3_natural,29,121,33.03333333333333,-0.08427562564611435,-0.4790976964239001
COHFACE_s08_session3_natural,29,122,33.06666666666667,-0.26116040349006653,-0.5836726384123455
COHFACE_s08_session3_natural,29,123,33.1,-0.41192537546157837,-0.6915272696791414
COHFACE_s08_session3_natural,29,124,33.13333333333333,-0.5032649040222168,-0.8055256864557557
COHFACE_s08_session3_natural,29,125,33.166666666666664,-0.5714501738548279,-0.9158782139698645
COHFACE_s08_session3_natural,29,126,33.2,-0.6203136444091797,-0.9998980479967055
COHFACE_s08_session3_natural,29,127,33.233333333333334,-0.6804006099700928,-1.0268009170653332
COHFACE_s08_session3_natural,29,128,33.266666666666666,-0.7374308109283447,-0.9662907709325802
COHFACE_s08_session3_natural,29,129,33.3,-0.7894879579544067,-0.7980202543682268
COHFACE_s08_session3_natural,29,130,33.333333333333336,-0.8578556776046753,-0.5185753535931314
COHFACE_s08_session3_natural,29,131,33.36666666666667,-0.7950769066810608,-0.14375966829577885
COHFACE_s08_session3_natural,29,132,33.4,-0.2737526595592499,0.29389868852713413
COHFACE_s08_session3_natural,29,133,33.43333333333333,0.5907106995582581,0.7507290457761254
COHFACE_s08_session3_natural,29,134,33.46666666666667,1.2322088479995728,1.1785520441331556
COHFACE_s08_session3_natural,29,135,33.5,1.3957486152648926,1.530992846463387
COHFACE_s08_session3_natural,29,136,33.53333333333333,1.2487475872039795,1.7688751766399404
COHFACE_s08_session3_natural,29,137,33.56666666666667,1.0065747499465942,1.864669971054459
COHFACE_s08_session3_natural,29,138,33.6,0.7823548913002014,1.8062015495251442
COHFACE_s08_session3_natural,29,139,33.63333333333333,0.5501508116722107,1.5992332021144073
COHFACE_s08_session3_natural,29,140,33.666666666666664,0.318106472492218,1.267422043761872
COHFACE_s08_session3_natural,29,141,33.7,0.1529470831155777,0.8481844173906481
COHFACE_s08_session3_natural,29,142,33.733333333333334,0.08430556207895279,0.3851253721984468
COHFACE_s08_session3_natural,29,143,33.766666666666666,0.07260297238826752,-0.08012833351592247
COHFACE_s08_session3_natural,29,144,33.8,0.03763207048177719,-0.5137425642760793
COHFACE_s08_session3_natural,29,145,33.833333333333336,-0.07950790226459503,-0.8916831435086653
COHFACE_s08_session3_natural,29,146,33.86666666666667,-0.24808908998966217,-1.198137405440977
COHFACE_s08_session3_natural,29,147,33.9,-0.4192480444908142,-1.4220456533742154
COHFACE_s08_session3_natural,29,148,33.93333333333333,-0.5710623860359192,-1.5544821620026552
COHFACE_s08_session3_natural,29,149,33.96666666666667,-0.6965972185134888,-1.5892117682044027
COHFACE_s08_session3_natural,29,150,34.0,-0.8096081614494324,-1.52646329176691
COHFACE_s08_session3_natural,29,151,34.03333333333333,-0.9192886352539062,-1.3772527241028298
COHFACE_s08_session3_natural,29,152,34.06666666666667,-0.9959827661514282,-1.1644522092342557
COHFACE_s08_session3_natural,29,153,34.1,-1.0695289373397827,-0.91821703600725
COHFACE_s08_session3_natural,29,154,34.13333333333333,-1.1490061283111572,-0.6667695244642731
COHFACE_s08_session3_natural,29,155,34.166666666666664,-1.2390453815460205,-0.4267473252624989
COHFACE_s08_session3_natural,29,156,34.2,-1.319252610206604,-0.19817504640388528
COHFACE_s08_session3_natural,29,157,34.233333333333334,-1.2020670175552368,0.03302221629595781
COHFACE_s08_session3_natural,29,158,34.266666666666666,-0.6767963171005249,0.28597436936689785
COHFACE_s08_session3_natural,29,159,34.3,0.10463111847639084,0.5733305642119717
COHFACE_s08_session3_natural,29,160,34.333333333333336,0.6892588138580322,0.8916017537124635
COHFACE_s08_session3_natural,29,161,34.36666666666667,0.8664173483848572,1.2164796086446046
COHFACE_s08_session3_natural,29,162,34.4,0.7911831736564636,1.5049544231000636
COHFACE_s08_session3_natural,29,163,34.43333333333333,0.6627511978149414,1.704397920862646
COHFACE_s08_session3_natural,29,164,34.46666666666667,0.5196054577827454,1.7662507575086661
COHFACE_s08_session3_natural,29,165,34.5,0.3189048767089844,1.6599308701942181
COHFACE_s08_session3_natural,29,166,34.53333333333333,0.14731250703334808,1.3825346722064427
COHFACE_s08_session3_natural,29,167,34.56666666666667,0.07440512627363205,0.9615456047470979
COHFACE_s08_session3_natural,29,168,34.6,0.06213223189115524,0.45001560441969113
COHFACE_s08_session3_natural,29,169,34.63333333333333,0.04182949289679527,-0.0841143492924854
COHFACE_s08_session3_natural,29,170,34.666666666666664,-0.016090352088212967,-0.5712755911301084
COHFACE_s08_session3_natural,29,171,34.7,-0.13380062580108643,-0.9525864467612515
COHFACE_s08_session3_natural,29,172,34.733333333333334,-0.30694422125816345,-1.1889346046231277
COHFACE_s08_session3_natural,29,173,34.766666666666666,-0.47027865052223206,-1.266060651414266
COHFACE_s08_session3_natural,29,174,34.8,-0.5930075645446777,-1.1955497821761836
COHFACE_s08_session3_natural,29,175,34.833333333333336,-0.694179117679596,-1.0117877839220701
COHFACE_s08_session3_natural,29,176,34.86666666666667,-0.7901038527488708,-0.7652914129313992
COHFACE_s08_session3_natural,29,177,34.9,-0.8617565631866455,-0.513320734808833
COHFACE_s08_session3_natural,29,178,34.93333333333333,-0.8677789568901062,-0.3090464885474959
COHFACE_s08_session3_natural,29,179,34.96666666666667,-0.7626609206199646,-0.19096819046380045
COHFACE_s08_session3_natural,29,180,35.0,-0.9447696805000305,-0.1747455001099023
COHFACE_s08_session3_natural,29,181,35.03333333333333,-1.6044491529464722,-0.24934471214743376
COHFACE_s08_session3_natural,29,182,35.06666666666667,-2.19163179397583,-0.3781631315780293
COHFACE_s08_session3_natural,29,183,35.1,-2.0819742679595947,-0.5049371755873381
COHFACE_s08_session3_natural,29,184,35.13333333333333,-1.1984399557113647,-0.5645487655691561
COHFACE_s08_session3_natural,29,185,35.166666666666664,-0.3137878477573395,-0.4986065363507634
COHFACE_s08_session3_natural,29,186,35.2,0.11003758013248444,-0.2734255503966043
COHFACE_s08_session3_natural,29,187,35.233333333333334,0.26208001375198364,0.10479735801353177
COHFACE_s08_session3_natural,29,188,35.266666666666666,0.3175361752510071,0.5838728857018989
COHFACE_s08_session3_natural,29,189,35.3,0.25963911414146423,1.0733180744002424
COHFACE_s08_session3_natural,29,190,35.333333333333336,0.11952739953994751,1.4666126207126013
COHFACE_s08_session3_natural,29,191,35.36666666666667,0.07002520561218262,1.6724453022376302
COHFACE_s08_session3_natural,29,192,35.4,0.15027806162834167,1.6431276429659805
COHFACE_s08_session3_natural,29,193,35.43333333333333,0.2183949053287506,1.3879587285212727
COHFACE_s08_session3_natural,29,194,35.46666666666667,0.19257164001464844,0.967173632514517
COHFACE_s08_session3_natural,29,195,35.5,0.09340757876634598,0.4714598410135685
COHFACE_s08_session3_natural,29,196,35.53333333333333,-0.03664402663707733,-0.00431395591575187
COHFACE_s08_session3_natural,29,197,35.56666666666667,-0.18006350100040436,-0.38547030282445854
COHFACE_s08_session3_natural,29,198,35.6,-0.3039330542087555,-0.6339649017818587
COHFACE_s08_session3_natural,29,199,35.63333333333333,-0.4013405740261078,-0.7528629795290115
COHFACE_s08_session3_natural,29,200,35.666666666666664,-0.4886423647403717,-0.7781264246120473
COHFACE_s08_session3_natural,29,201,35.7,-0.5906122922897339,-0.7609037404646756
COHFACE_s08_session3_natural,29,202,35.733333333333334,-0.6739904284477234,-0.7465448334514483
COHFACE_s08_session3_natural,29,203,35.766666666666666,-0.7097369432449341,-0.7576864978413097
COHFACE_s08_session3_natural,29,204,35.8,-0.7402822971343994,-0.787469873326354
COHFACE_s08_session3_natural,29,205,35.833333333333336,-0.7578247785568237,-0.8052741884618677
COHFACE_s08_session3_natural,29,206,35.86666666666667,-0.5672299265861511,-0.7722782755515392
COHFACE_s08_session3_natural,29,207,35.9,-0.002197801833972335,-0.6598885973482653
COHFACE_s08_session3_natural,29,208,35.93333333333333,0.6306089758872986,-0.4628296886238535
COHFACE_s08_session3_natural,29,209,35.96666666666667,0.9471721053123474,-0.20146556879909241
COHFACE_s08_session3_natural,29,210,36.0,0.9389369487762451,0.08640138739030659
COHFACE_s08_session3_natural,29,211,36.03333333333333,0.8022013902664185,0.3588237587435897
COHFACE_s08_session3_natural,29,212,36.06666666666667,0.678035318851471,0.5811344031844436
COHFACE_s08_session3_natural,29,213,36.1,0.5602109432220459,0.7311360245497528
COHFACE_s08_session3_natural,29,214,36.13333333333333,0.3941390812397003,0.7984141637585096
COHFACE_s08_session3_natural,29,215,36.166666666666664,0.24351099133491516,0.7816316919238455
COHFACE_s08_session3_natural,29,216,36.2,0.15801136195659637,0.6875740265017913
COHFACE_s08_session3_natural,29,217,36.233333333333334,0.13091062009334564,0.5326536206492485
COHFACE_s08_session3_natural,29,218,36.266666666666666,0.1018480435013771,0.3441318018427409
COHFACE_s08_session3_natural,29,219,36.3,0.012036928907036781,0.15729445329761407
COHFACE_s08_session3_natural,29,220,36.333333333333336,-0.14486448466777802,0.007262085119729749
COHFACE_s08_session3_natural,29,221,36.36666666666667,-0.3052789568901062,-0.08205663948384413
COHFACE_s08_session3_natural,29,222,36.4,-0.3955691158771515,-0.10699983760844381
COHFACE_s08_session3_natural,29,223,36.43333333333333,-0.47529730200767517,-0.08643716397029405
COHFACE_s08_session3_natural,29,224,36.46666666666667,-0.5805749893188477,-0.054951332576535235
COHFACE_s08_session3_natural,29,225,36.5,-0.6915557384490967,-0.04868852787032096
COHFACE_s08_session3_natural,29,226,36.53333333333333,-0.770439863204956,-0.08988730637121471
COHFACE_s08_session3_natural,29,227,36.56666666666667,-0.7950084805488586,-0.17728005209813405
COHFACE_s08_session3_natural,29,228,36.6,-0.8193261027336121,-0.2862384654721244
COHFACE_s08_session3_natural,29,229,36.63333333333333,-0.8761281967163086,-0.37764790961123557
COHFACE_s08_session3_natural,29,230,36.666666666666664,-0.8532932996749878,-0.41163112793169465
COHFACE_s08_session3_natural,29,231,36.7,-0.4861786663532257,-0.3617146978424125
COHFACE_s08_session3_natural,29,232,36.733333333333334,0.24957901239395142,-0.2254982605467941
COHFACE_s08_session3_natural,29,233,36.766666666666666,0.9459174275398254,-0.028578485691881927
COHFACE_s08_session3_natural,29,234,36.8,1.2489529848098755,0.1804408228720962
COHFACE_s08_session3_natural,29,235,36.833333333333336,1.2415390014648438,0.3436415502834822
COHFACE_s08_session3_natural,29,236,36.86666666666667,1.1351207494735718,0.412290099902362
COHFACE_s08_session3_natural,29,237,36.9,1.0161329507827759,0.36347246315047005
COHFACE_s08_session3_natural,29,238,36.93333333333333,0.8548744320869446,0.20853191610280863
COHFACE_s08_session3_natural,29,239,36.96666666666667,0.6410569548606873,-0.00975837647896756
COHFACE_s08_session3_natural,30,0,30.0,0.9827361106872559,0.08009775121580316
COHFACE_s08_session3_natural,30,1,30.033333333333335,1.0016473531723022,0.05918548606016795
COHFACE_s08_session3_natural,30,2,30.066666666666666,0.900338888168335,0.04637660697300412
COHFACE_s08_session3_natural,30,3,30.1,0.767846405506134,0.04854376454712045
COHFACE_s08_session3_natural,30,4,30.133333333333333,0.5965277552604675,0.06703588990489265
COHFACE_s08_session3_natural,30,5,30.166666666666668,0.4042220115661621,0.09684908775332213
COHFACE_s08_session3_natural,30,6,30.2,0.2354811429977417,0.127600941189239
COHFACE_s08_session3_natural,30,7,30.233333333333334,0.11959583312273026,0.14620263015694718
COHFACE_s08_session3_natural,30,8,30.266666666666666,0.014021579176187515,0.1406192935041103
COHFACE_s08_session3_natural,30,9,30.3,-0.14235515892505646,0.10362470155642307
COHFACE_s08_session3_natural,30,10,30.333333333333332,-0.32336893677711487,0.03514747048444872
COHFACE_s08_session3_natural,30,11,30.366666666666667,-0.5010977387428284,-0.05786522977651908
COHFACE_s08_session3_natural,30,12,30.4,-0.6411182284355164,-0.16402407435398297
COHFACE_s08_session3_natural,30,13,30.433333333333334,-0.7357198596000671,-0.27125449803999474
COHFACE_s08_session3_natural,30,14,30.466666666666665,-0.8192120790481567,-0.36997359818089937
COHFACE_s08_session3_natural,30,15,30.5,-0.8814662098884583,-0.4543230895557057
COHFACE_s08_session3_natural,30,16,30.533333333333335,-0.91221684217453,-0.5210953994474211
COHFACE_s08_session3_natural,30,17,30.566666666666666,-0.946366548538208,-0.5671400926962121
COHFACE_s08_session3_natural,30,18,30.6,-0.9538032412528992,-0.5868357369362764
COHFACE_s08_session3_natural,30,19,30.633333333333333,-0.9270675182342529,-0.571234328106099
COHFACE_s08_session3_natural,30,20,30.666666666666668,-0.883063018321991,-0.509670323331051
COHFACE_s08_session3_natural,30,21,30.7,-0.8382829427719116,-0.3934554020138102
COHFACE_s08_session3_natural,30,22,30.733333333333334,-0.8136003017425537,-0.22036422770867287
COHFACE_s08_session3_natural,30,23,30.766666666666666,-0.7281462550163269,0.001745212349227202
COHFACE_s08_session3_natural,30,24,30.8,-0.381676584482193,0.2536283502608422
COHFACE_s08_session3_natural,30,25,30.833333333333332,0.2772728502750397,0.5065092193181807
COHFACE_s08_session3_natural,30,26,30.866666666666667,0.9857472777366638,0.7270904871249391
COHFACE_s08_session3_natural,30,27,30.9,1.4872478246688843,0.8846961408965053
COHFACE_s08_session3_natural,30,28,30.933333333333334,1.7284170389175415,0.9585447970109578
COHFACE_s08_session3_natural,30,29,30.966666666666665,1.7339603900909424,0.9427727107879861
COHFACE_s08_session3_natural,30,30,31.0,1.6106382608413696,0.8474668401609513
COHFACE_s08_session3_natural,30,31,31.033333333333335,1.46235990524292,0.6954168403337516
COHFACE_s08_session3_natural,30,32,31.066666666666666,1.4368788003921509,0.5158482288471108
COHFACE_s08_session3_natural,30,33,31.1,1.4387949705123901,0.33717563921039173
COHFACE_s08_session3_natural,30,34,31.133333333333333,1.357675313949585,0.1805104857496142
COHFACE_s08_session3_natural,30,35,31.166666666666668,1.1183538436889648,0.05508040659784031
COHFACE_s08_session3_natural,30,36,31.2,0.7818074226379395,-0.04341053332827215
COHFACE_s08_session3_natural,30,37,31.233333333333334,0.6210963726043701,-0.13061615570610197
COHFACE_s08_session3_natural,30,38,31.266666666666666,0.4655408561229706,-0.22760813131648558
COHFACE_s08_session3_natural,30,39,31.3,0.2462940663099289,-0.3526118174262207
COHFACE_s08_session3_natural,30,40,31.333333333333332,0.098540298640728,-0.5130161954143425
COHFACE_s08_session3_natural,30,41,31.366666666666667,0.015002498403191566,-0.7003284866534616
COHFACE_s08_session3_natural,30,42,31.4,-0.08623746782541275,-0.8896221942242296
COHFACE_s08_session3_natural,30,43,31.433333333333334,-0.20951388776302338,-1.0437354445689402
COHFACE_s08_session3_natural,30,44,31.466666666666665,-0.31257882714271545,-1.1217540316880539
COHFACE_s08_session3_natural,30,45,31.5,-0.4082298278808594,-1.0903640788589
COHFACE_s08_session3_natural,30,46,31.533333333333335,-0.4923151135444641,-0.9349425763061109
COHFACE_s08_session3_natural,30,47,31.566666666666666,-0.5475887656211853,-0.6661627136674566
COHFACE_s08_session3_natural,30,48,31.6,-0.5884907841682434,-0.3189835227956491
COHFACE_s08_session3_natural,30,49,31.633333333333333,-0.5178646445274353,0.05604073513576381
COHFACE_s08_session3_natural,30,50,31.666666666666668,-0.13049288094043732,0.40577089103406927
COHFACE_s08_session3_natural,30,51,31.7,0.5296884179115295,0.686794241525633
COHFACE_s08_session3_natural,30,52,31.733333333333334,1.1160954236984253,0.8731587138400361
COHFACE_s08_session3_natural,30,53,31.766666666666666,1.3376234769821167,0.9583022407843252
COHFACE_s08_session3_natural,30,54,31.8,1.2643511295318604,0.9521798532625411
COHFACE_s08_session3_natural,30,55,31.833333333333332,1.117897629737854,0.8756691844193211
COHFACE_s08_session3_natural,30,56,31.866666666666667,0.923880934715271,0.7543528891572031
COHFACE_s08_session3_natural,30,57,31.9,0.7118656039237976,0.6129574721426838
COHFACE_s08_session3_natural,30,58,31.933333333333334,0.5543482303619385,0.4706845427664426
COHFACE_s08_session3_natural,30,59,31.966666666666665,0.43362677097320557,0.33755084543376473
COHFACE_s08_session3_natural,30,60,32.0,0.3387513756752014,0.2129136264065512
COHFACE_s08_session3_natural,30,61,32.03333333333333,0.26623180508613586,0.08791411595037645
COHFACE_s08_session3_natural,30,62,32.06666666666667,0.15869572758674622,-0.04790449981781546
COHFACE_s08_session3_natural,30,63,32.1,6.059298539184965e-05,-0.19835957516213976
COHFACE_s08_session3_natural,30,64,32.13333333333333,-0.15944139659404755,-0.3553134250999216
COHFACE_s08_session3_natural,30,65,32.166666666666664,-0.3016974627971649,-0.4997621216411466
COHFACE_s08_session3_natural,30,66,32.2,-0.42752882838249207,-0.608680079010739
COHFACE_s08_session3_natural,30,67,32.233333333333334,-0.5235448479652405,-0.6633633249591806
COHFACE_s08_session3_natural,30,68,32.266666666666666,-0.6216367483139038,-0.6550889978702253
COHFACE_s08_session3_natural,30,69,32.3,-0.7395979166030884,-0.5865113969519415
COHFACE_s08_session3_natural,30,70,32.333333333333336,-0.8247781991958618,-0.4695561389871539
COHFACE_s08_session3_natural,30,71,32.36666666666667,-0.8710410594940186,-0.3214966030744071
COHFACE_s08_session3_natural,30,72,32.4,-0.9014495611190796,-0.16066610025431183
COHFACE_s08_session3_natural,30,73,32.43333333333333,-0.9379717111587524,-0.0027472172151286347
COHFACE_s08_session3_natural,30,74,32.46666666666667,-0.9646161794662476,0.14160943924501052
COHFACE_s08_session3_natural,30,75,32.5,-0.8451949954032898,0.26731228526389
COHFACE_s08_session3_natural,30,76,32.53333333333333,-0.32496577501296997,0.37364691316737536
COHFACE_s08_session3_natural,30,77,32.56666666666667,0.5078572630882263,0.46213913337468654
COHFACE_s08_session3_natural,30,78,32.6,1.2104233503341675,0.5342225888922143
COHFACE_s08_session3_natural,30,79,32.63333333333333,1.495140790939331,0.5891951303228691
COHFACE_s08_session3_natural,30,80,32.666666666666664,1.4653254747390747,0.622900570059283
COHFACE_s08_session3_natural,30,81,32.7,1.330323576927185,0.6277093541816844
COHFACE_s08_session3_natural,30,82,32.733333333333334,1.170000433921814,0.5943018068542042
COHFACE_s08_session3_natural,30,83,32.766666666666666,0.9682960510253906,0.5151144341159372
COHFACE_s08_session3_natural,30,84,32.8,0.7647667527198792,0.3882184663027275
COHFACE_s08_session3_natural,30,85,32.833333333333336,0.6041697859764099,0.2197445555909973
COHFACE_s08_session3_natural,30,86,32.86666666666667,0.5081994533538818,0.023476560088333723
COHFACE_s08_session3_natural,30,87,32.9,0.4570091664791107,-0.18240032485694435
COHFACE_s08_session3_natural,30,88,32.93333333333333,0.3887554407119751,-0.3800650641560812
COHFACE_s08_session3_natural,30,89,32.96666666666667,0.24978432059288025,-0.5564207184995082
COHFACE_s08_session3_natural,30,90,33.0,0.07048144936561584,-0.7055191328977951
COHFACE_s08_session3_natural,30,91,33.03333333333333,-0.08427562564611435,-0.8283695466156514
COHFACE_s08_session3_natural,30,92,33.06666666666667,-0.26116040349006653,-0.9302002079165816
COHFACE_s08_session3_natural,30,93,33.1,-0.41192537546157837,-1.0159541942628871
COHFACE_s08_session3_natural,30,94,33.13333333333333,-0.5032649040222168,-1.0855645619219685
COHFACE_s08_session3_natural,30,95,33.166666666666664,-0.5714501738548279,-1.1308860646337036
COHFACE_s08_session3_natural,30,96,33.2,-0.6203136444091797,-1.1356412325033594
COHFACE_s08_session3_natural,30,97,33.233333333333334,-0.6804006099700928,-1.0786670478770188
COHFACE_s08_session3_natural,30,98,33.266666666666666,-0.7374308109283447,-0.9396502510699106
COHFACE_s08_session3_natural,30,99,33.3,-0.7894879579544067,-0.7056162051946616
COHFACE_s08_session3_natural,30,100,33.333333333333336,-0.8578556776046753,-0.37595686024532277
COHFACE_s08_session3_natural,30,101,33.36666666666667,-0.7950769066810608,0.03558423384873799
COHFACE_s08_session3_natural,30,102,33.4,-0.2737526595592499,0.5018509917516785
COHFACE_s08_session3_natural,30,103,33.43333333333333,0.5907106995582581,0.9848638955785262
COHFACE_s08_session3_natural,30,104,33.46666666666667,1.2322088479995728,1.4393108771837237
COHFACE_s08_session3_natural,30,105,33.5,1.3957486152648926,1.81720244141292
COHFACE_s08_session3_natural,30,106,33.53333333333333,1.2487475872039795,2.073931504161575
COHFACE_s08_session3_natural,30,107,33.56666666666667,1.0065747499465942,2.175210465886355
COHFACE_s08_session3_natural,30,108,33.6,0.7823548913002014,2.103705665273649
COHFACE_s08_session3_natural,30,109,33.63333333333333,0.5501508116722107,1.8636307257200826
COHFACE_s08_session3_natural,30,110,33.666666666666664,0.318106472492218,1.4812091261182763
COHFACE_s08_session3_natural,30,111,33.7,0.1529470831155777,0.9999518995457829
COHFACE_s08_session3_natural,30,112,33.733333333333334,0.08430556207895279,0.47231447933470994
COHFACE_s08_session3_natural,30,113,33.766666666666666,0.07260297238826752,-0.0489711700403538
COHFACE_s08_session3_natural,30,114,33.8,0.03763207048177719,-0.5176004542251128
COHFACE_s08_session3_natural,30,115,33.833333333333336,-0.07950790226459503,-0.8980803837367805
COHFACE_s08_session3_natural,30,116,33.86666666666667,-0.24808908998966217,-1.1680902616767277
COHFACE_s08_session3_natural,30,117,33.9,-0.4192480444908142,-1.319261358667565
COHFACE_s08_session3_natural,30,118,33.93333333333333,-0.5710623860359192,-1.3574744661820703
COHFACE_s08_session3_natural,30,119,33.96666666666667,-0.6965972185134888,-1.303376973543969
COHFACE_s08_session3_natural,30,120,34.0,-0.8096081614494324,-1.1914731431853776
COHFACE_s08_session3_natural,30,121,34.03333333333333,-0.9192886352539062,-1.0646168621696577
COHFACE_s08_session3_natural,30,122,34.06666666666667,-0.9959827661514282,-0.9627079953280652
COHFACE_s08_session3_natural,30,123,34.1,-1.0695289373397827,-0.9086221906648837
COHFACE_s08_session3_natural,30,124,34.13333333333333,-1.1490061283111572,-0.8976377016816125
COHFACE_s08_session3_natural,30,125,34.166666666666664,-1.2390453815460205,-0.8963280886996237
COHFACE_s08_session3_natural,30,126,34.2,-1.319252610206604,-0.8527859951114741
COHFACE_s08_session3_natural,30,127,34.233333333333334,-1.2020670175552368,-0.7148365175517039
COHFACE_s08_session3_natural,30,128,34.266666666666666,-0.6767963171005249,-0.449727803500601
COHFACE_s08_session3_natural,30,129,34.3,0.10463111847639084,-0.05856114273897181
COHFACE_s08_session3_natural,30,130,34.333333333333336,0.6892588138580322,0.419244779074322
COHFACE_s08_session3_natural,30,131,34.36666666666667,0.8664173483848572,0.9130135306003829
COHFACE_s08_session3_natural,30,132,34.4,0.7911831736564636,1.3376548752444983
COHFACE_s08_session3_natural,30,133,34.43333333333333,0.6627511978149414,1.6154907196588233
COHFACE_s08_session3_natural,30,134,34.46666666666667,0.5196054577827454,1.6961584364060347
COHFACE_s08_session3_natural,30,135,34.5,0.3189048767089844,1.568315053277423
COHFACE_s08_session3_natural,30,136,34.53333333333333,0.14731250703334808,1.2606007319109596
COHFACE_s08_session3_natural,30,137,34.56666666666667,0.07440512627363205,0.8331279713386615
COHFACE_s08_session3_natural,30,138,34.6,0.06213223189115524,0.3622107808152015
COHFACE_s08_session3_natural,30,139,34.63333333333333,0.04182949289679527,-0.07802680420805584
COHFACE_s08_session3_natural,30,140,34.666666666666664,-0.016090352088212967,-0.4315564748094617
COHFACE_s08_session3_natural,30,141,34.7,-0.13380062580108643,-0.6682905739764483
COHFACE_s08_session3_natural,30,142,34.733333333333334,-0.30694422125816345,-0.7826235118451126
COHFACE_s08_session3_natural,30,143,34.766666666666666,-0.47027865052223206,-0.7864399088845799
COHFACE_s08_session3_natural,30,144,34.8,-0.5930075645446777,-0.7016461294573854
COHFACE_s08_session3_natural,30,145,34.833333333333336,-0.694179117679596,-0.5551239602039976
COHFACE_s08_session3_natural,30,146,34.86666666666667,-0.7901038527488708,-0.37611052837510633
COHFACE_s08_session3_natural,30,147,34.9,-0.8617565631866455,-0.19433798499017504
COHFACE_s08_session3_natural,30,148,34.93333333333333,-0.8677789568901062,-0.03742055160417292
COHFACE_s08_session3_natural,30,149,34.96666666666667,-0.7626609206199646,0.07282129860785755
COHFACE_s08_session3_natural,30,150,35.0,-0.9447696805000305,0.12431950928069188
COHFACE_s08_session3_natural,30,151,35.03333333333333,-1.6044491529464722,0.11770115589841075
COHFACE_s08_session3_natural,30,152,35.06666666666667,-2.19163179397583,0.06693819527600693
COHFACE_s08_session3_natural,30,153,35.1,-2.0819742679595947,-0.003125462380332158
COHFACE_s08_session3_natural,30,154,35.13333333333333,-1.1984399557113647,-0.06243166558622083
COHFACE_s08_session3_natural,30,155,35.166666666666664,-0.3137878477573395,-0.08358103402581943
COHFACE_s08_session3_natural,30,156,35.2,0.11003758013248444,-0.04988877430458017
COHFACE_s08_session3_natural,30,157,35.233333333333334,0.26208001375198364,0.03893690582741148
COHFACE_s08_session3_natural,30,158,35.266666666666666,0.3175361752510071,0.16561641792357606
COHFACE_s08_session3_natural,30,159,35.3,0.25963911414146423,0.29951150406482263
COHFACE_s08_session3_natural,30,160,35.333333333333336,0.11952739953994751,0.40545566313456993
COHFACE_s08_session3_natural,30,161,35.36666666666667,0.07002520561218262,0.45446296404304476
COHFACE_s08_session3_natural,30,162,35.4,0.15027806162834167,0.4320794802470822
COHFACE_s08_session3_natural,30,163,35.43333333333333,0.2183949053287506,0.34108229127430967
COHFACE_s08_session3_natural,30,164,35.46666666666667,0.19257164001464844,0.19887146750279072
COHFACE_s08_session3_natural,30,165,35.5,0.09340757876634598,0.03252850041252789
COHFACE_s08_session3_natural,30,166,35.53333333333333,-0.03664402663707733,-0.12662498585622672
COHFACE_s08_session3_natural,30,167,35.56666666666667,-0.18006350100040436,-0.24931060162796564
COHFACE_s08_session3_natural,30,168,35.6,-0.3039330542087555,-0.3154943429956687
COHFACE_s08_session3_natural,30,169,35.63333333333333,-0.4013405740261078,-0.3206627622328448
COHFACE_s08_session3_natural,30,170,35.666666666666664,-0.4886423647403717,-0.2782919308314421
COHFACE_s08_session3_natural,30,171,35.7,-0.5906122922897339,-0.21645285870464903
COHFACE_s08_session3_natural,30,172,35.733333333333334,-0.6739904284477234,-0.16874664313834117
COHFACE_s08_session3_natural,30,173,35.766666666666666,-0.7097369432449341,-0.1622339650174979
COHFACE_s08_session3_natural,30,174,35.8,-0.7402822971343994,-0.20649806217102257
COHFACE_s08_session3_natural,30,175,35.833333333333336,-0.7578247785568237,-0.2879544336661686
COHFACE_s08_session3_natural,30,176,35.86666666666667,-0.5672299265861511,-0.37206045040704816
COHFACE_s08_session3_natural,30,177,35.9,-0.002197801833972335,-0.4135476054617552
COHFACE_s08_session3_natural,30,178,35.93333333333333,0.6306089758872986,-0.371885253051675
COHFACE_s08_session3_natural,30,179,35.96666666666667,0.9471721053123474,-0.2268741414397797
COHFACE_s08_session3_natural,30,180,36.0,0.9389369487762451,0.011376556525464888
COHFACE_s08_session3_natural,30,181,36.03333333333333,0.8022013902664185,0.3020164076403231
COHFACE_s08_session3_natural,30,182,36.06666666666667,0.678035318851471,0.5826673137328853
COHFACE_s08_session3_natural,30,183,36.1,0.5602109432220459,0.7848692457316288
COHFACE_s08_session3_natural,30,184,36.13333333333333,0.3941390812397003,0.8510924255235196
COHFACE_s08_session3_natural,30,185,36.166666666666664,0.24351099133491516,0.7492006547432973
COHFACE_s08_session3_natural,30,186,36.2,0.15801136195659637,0.48131654758908343
COHFACE_s08_session3_natural,30,187,36.233333333333334,0.13091062009334564,0.08533523064922531
COHFACE_s08_session3_natural,30,188,36.266666666666666,0.1018480435013771,-0.37107474587421935
COHFACE_s08_session3_natural,30,189,36.3,0.012036928907036781,-0.8027122332753703
COHFACE_s08_session3_natural,30,190,36.333333333333336,-0.14486448466777802,-1.1231983040207856
COHFACE_s08_session3_natural,30,191,36.36666666666667,-0.3052789568901062,-1.2628540296138289
COHFACE_s08_session3_natural,30,192,36.4,-0.3955691158771515,-1.1850213605501771
COHFACE_s08_session3_natural,30,193,36.43333333333333,-0.47529730200767517,-0.8970104740646816
COHFACE_s08_session3_natural,30,194,36.46666666666667,-0.5805749893188477,-0.45145590912074607
COHFACE_s08_session3_natural,30,195,36.5,-0.6915557384490967,0.0646223391098291
COHFACE_s08_session3_natural,30,196,36.53333333333333,-0.770439863204956,0.5516528580935457
COHFACE_s08_session3_natural,30,197,36.56666666666667,-0.7950084805488586,0.9240160224176363
COHFACE_s08_session3_natural,30,198,36.6,-0.8193261027336121,1.1322645751331781
COHFACE_s08_session3_natural,30,199,36.63333333333333,-0.8761281967163086,1.1732331573004104
COHFACE_s08_session3_natural,30,200,36.666666666666664,-0.8532932996749878,1.0849355890798584
COHFACE_s08_session3_natural,30,201,36.7,-0.4861786663532257,0.9289350848886793
COHFACE_s08_session3_natural,30,202,36.733333333333334,0.24957901239395142,0.7669475429348153
COHFACE_s08_session3_natural,30,203,36.766666666666666,0.9459174275398254,0.6398732830613322
COHFACE_s08_session3_natural,30,204,36.8,1.2489529848098755,0.5563419472273384
COHFACE_s08_session3_natural,30,205,36.833333333333336,1.2415390014648438,0.49425758259665215
COHFACE_s08_session3_natural,30,206,36.86666666666667,1.1351207494735718,0.41366890735315115
COHFACE_s08_session3_natural,30,207,36.9,1.0161329507827759,0.2750824759797203
COHFACE_s08_session3_natural,30,208,36.93333333333333,0.8548744320869446,0.05616319815753258
COHFACE_s08_session3_natural,30,209,36.96666666666667,0.6410569548606873,-0.23864145673848927
COHFACE_s08_session3_natural,30,210,37.0,0.4585147500038147,-0.5780460994339592
COHFACE_s08_session3_natural,30,211,37.03333333333333,0.3542407751083374,-0.9125816482253459
COHFACE_s08_session3_natural,30,212,37.06666666666667,0.3190189301967621,-1.1882049293624766
COHFACE_s08_session3_natural,30,213,37.1,0.26401904225349426,-1.3597117004461459
COHFACE_s08_session3_natural,30,214,37.13333333333333,0.15153273940086365,-1.3995985432609397
COHFACE_s08_session3_natural,30,215,37.166666666666664,0.007520139683037996,-1.3008310873376188
COHFACE_s08_session3_natural,30,216,37.2,-0.14297108352184296,-1.0753121145990978
COHFACE_s08_session3_natural,30,217,37.233333333333334,-0.27046772837638855,-0.7509359346701354
COHFACE_s08_session3_natural,30,218,37.266666666666666,-0.37337297201156616,-0.3680421809689541
COHFACE_s08_session3_natural,30,219,37.3,-0.49179044365882874,0.025854691534968454
COHFACE_s08_session3_natural,30,220,37.333333333333336,-0.5830843448638916,0.383148919995225
COHFACE_s08_session3_natural,30,221,37.36666666666667,-0.6290278434753418,0.6632080318087639
COHFACE_s08_session3_natural,30,222,37.4,-0.6716408133506775,0.8377035472337905
COHFACE_s08_session3_natural,30,223,37.43333333333333,-0.7176070809364319,0.8939687177552573
COHFACE_s08_session3_natural,30,224,37.46666666666667,-0.7472171783447266,0.8368794015208382
COHFACE_s08_session3_natural,30,225,37.5,-0.7675198912620544,0.6890120265751123
COHFACE_s08_session3_natural,30,226,37.53333333333333,-0.6052804589271545,0.4875124031322794
COHFACE_s08_session3_natural,30,227,37.56666666666667,-0.00046408461639657617,0.27630475462255993
COHFACE_s08_session3_natural,30,228,37.6,0.819926381111145,0.09491947382458885
COHFACE_s08_session3_natural,30,229,37.63333333333333,1.338969349861145,-0.03179791742099816
COHFACE_s08_session3_natural,30,230,37.666666666666664,1.4758189916610718,-0.09832939760167399
COHFACE_s08_session3_natural,30,231,37.7,1.4366049766540527,-0.11549243188966858
COHFACE_s08_session3_natural,30,232,37.733333333333334,1.362557053565979,-0.10227616131760264
COHFACE_s08_session3_natural,30,233,37.766666666666666,1.24281644821167,-0.07755101567399987
COHFACE_s08_session3_natural,30,234,37.8,1.039264440536499,-0.05527964208767918
COHFACE_s08_session3_natural,30,235,37.833333333333336,0.8082237839698792,-0.04348800076329158
COHFACE_s08_session3_natural,30,236,37.86666666666667,0.6833049058914185,-0.04513710546598559
COHFACE_s08_session3_natural,30,237,37.9,0.6387757062911987,-0.05910504039219757
COHFACE_s08_session3_natural,30,238,37.93333333333333,0.5531848073005676,-0.08083569850941331
COHFACE_s08_session3_natural,30,239,37.96666666666667,0.4190042316913605,-0.10324372328061891
COHFACE_s08_session3_natural,31,0,31.0,1.6106382608413696,0.037633659174681894
COHFACE_s08_session3_natural,31,1,31.033333333333335,1.46235990524292,0.39535589956996975
COHFACE_s08_session3_natural,31,2,31.066666666666666,1.4368788003921509,0.6896278669703487
COHFACE_s08_session3_natural,31,3,31.1,1.4387949705123901,0.8731932844320277
COHFACE_s08_session3_natural,31,4,31.133333333333333,1.357675313949585,0.9231787844665967
COHFACE_s08_session3_natural,31,5,31.166666666666668,1.1183538436889648,0.8444776652519018
COHFACE_s08_session3_natural,31,6,31.2,0.7818074226379395,0.6650300430118693
COHFACE_s08_session3_natural,31,7,31.233333333333334,0.6210963726043701,0.425432526977118
COHFACE_s08_session3_natural,31,8,31.266666666666666,0.4655408561229706,0.16720318707289558
COHFACE_s08_session3_natural,31,9,31.3,0.2462940663099289,-0.07636716002086029
COHFACE_s08_session3_natural,31,10,31.333333333333332,0.098540298640728,-0.2847293026164526
COHFACE_s08_session3_natural,31,11,31.366666666666667,0.015002498403191566,-0.44998021847175335
COHFACE_s08_session3_natural,31,12,31.4,-0.08623746782541275,-0.5734920994733723
COHFACE_s08_session3_natural,31,13,31.433333333333334,-0.20951388776302338,-0.661170767453601
COHFACE_s08_session3_natural,31,14,31.466666666666665,-0.31257882714271545,-0.7193081966430753
COHFACE_s08_session3_natural,31,15,31.5,-0.4082298278808594,-0.7521745104547785
COHFACE_s08_session3_natural,31,16,31.533333333333335,-0.4923151135444641,-0.7609248054521845
COHFACE_s08_session3_natural,31,17,31.566666666666666,-0.5475887656211853,-0.7426298734977993
COHFACE_s08_session3_natural,31,18,31.6,-0.5884907841682434,-0.6892894929091758
COHFACE_s08_session3_natural,31,19,31.633333333333333,-0.5178646445274353,-0.5882578291257544
COHFACE_s08_session3_natural,31,20,31.666666666666668,-0.13049288094043732,-0.4257370040343584
COHFACE_s08_session3_natural,31,21,31.7,0.5296884179115295,-0.19342488726223633
COHFACE_s08_session3_natural,31,22,31.733333333333334,1.1160954236984253,0.1040147887060953
COHFACE_s08_session3_natural,31,23,31.766666666666666,1.3376234769821167,0.44447190852489793
COHFACE_s08_session3_natural,31,24,31.8,1.2643511295318604,0.7899301743975167
COHFACE_s08_session3_natural,31,25,31.833333333333332,1.117897629737854,1.0943207775983312
COHFACE_s08_session3_natural,31,26,31.866666666666667,0.923880934715271,1.3147975058933314
COHFACE_s08_session3_natural,31,27,31.9,0.7118656039237976,1.421786240963668
COHFACE_s08_session3_natural,31,28,31.933333333333334,0.5543482303619385,1.403953019231944
COHFACE_s08_session3_natural,31,29,31.966666666666665,0.43362677097320557,1.2670452687675564
COHFACE_s08_session3_natural,31,30,32.0,0.3387513756752014,1.0287200920097568
COHFACE_s08_session3_natural,31,31,32.03333333333333,0.26623180508613586,0.7130466911640226
COHFACE_s08_session3_natural,31,32,32.06666666666667,0.15869572758674622,0.34739021506697054
COHFACE_s08_session3_natural,31,33,32.1,6.059298539184965e-05,-0.03825620762231556
COHFACE_s08_session3_natural,31,34,32.13333333333333,-0.15944139659404755,-0.4117476200315027
COHFACE_s08_session3_natural,31,35,32.166666666666664,-0.3016974627971649,-0.7414351881698926
COHFACE_s08_session3_natural,31,36,32.2,-0.42752882838249207,-1.001009112017448
COHFACE_s08_session3_natural,31,37,32.233333333333334,-0.5235448479652405,-1.1741472647821636
COHFACE_s08_session3_natural,31,38,32.266666666666666,-0.6216367483139038,-1.256444202829301
COHFACE_s08_session3_natural,31,39,32.3,-0.7395979166030884,-1.2539417298722455
COHFACE_s08_session3_natural,31,40,32.333333333333336,-0.8247781991958618,-1.1795882809047136
COHFACE_s08_session3_natural,31,41,32.36666666666667,-0.8710410594940186,-1.0494742066675549
COHFACE_s08_session3_natural,31,42,32.4,-0.9014495611190796,-0.8795279081866354
COHFACE_s08_session3_natural,31,43,32.43333333333333,-0.9379717111587524,-0.6824315562814489
COHFACE_s08_session3_natural,31,44,32.46666666666667,-0.9646161794662476,-0.46525720891524847
COHFACE_s08_session3_natural,31,45,32.5,-0.8451949954032898,-0.22931946951609802
COHFACE_s08_session3_natural,31,46,32.53333333333333,-0.32496577501296997,0.026826459638682302
COHFACE_s08_session3_natural,31,47,32.56666666666667,0.5078572630882263,0.302023272239492
COHFACE_s08_session3_natural,31,48,32.6,1.2104233503341675,0.5870380948580468
COHFACE_s08_session3_natural,31,49,32.63333333333333,1.495140790939331,0.8617658874277183
COHFACE_s08_session3_natural,31,50,32.666666666666664,1.4653254747390747,1.0972457738024894
COHFACE_s08_session3_natural,31,51,32.7,1.330323576927185,1.2625753150049264
COHFACE_s08_session3_natural,31,52,32.733333333333334,1.170000433921814,1.3340099077207208
COHFACE_s08_session3_natural,31,53,32.766666666666666,0.9682960510253906,1.302009230256275
COHFACE_s08_session3_natural,31,54,32.8,0.7647667527198792,1.173156287487934
COHFACE_s08_session3_natural,31,55,32.833333333333336,0.6041697859764099,0.9667448627433766
COHFACE_s08_session3_natural,31,56,32.86666666666667,0.5081994533538818,0.7083599640514023
COHFACE_s08_session3_natural,31,57,32.9,0.4570091664791107,0.4235563744326224
COHFACE_s08_session3_natural,31,58,32.93333333333333,0.3887554407119751,0.133630191388922
COHFACE_s08_session3_natural,31,59,32.96666666666667,0.24978432059288025,-0.14625736440809664
COHFACE_s08_session3_natural,31,60,33.0,0.07048144936561584,-0.40730309576967927
COHFACE_s08_session3_natural,31,61,33.03333333333333,-0.08427562564611435,-0.6462418695278939
COHFACE_s08_session3_natural,31,62,33.06666666666667,-0.26116040349006653,-0.8635440141015389
COHFACE_s08_session3_natural,31,63,33.1,-0.41192537546157837,-1.0605086112534172
COHFACE_s08_session3_natural,31,64,33.13333333333333,-0.5032649040222168,-1.2356850695525456
COHFACE_s08_session3_natural,31,65,33.166666666666664,-0.5714501738548279,-1.3817602359567636
COHFACE_s08_session3_natural,31,66,33.2,-0.6203136444091797,-1.4841682194280428
COHFACE_s08_session3_natural,31,67,33.233333333333334,-0.6804006099700928,-1.5221969875412813
COHFACE_s08_session3_natural,31,68,33.266666666666666,-0.7374308109283447,-1.472610916384796
COHFACE_s08_session3_natural,31,69,33.3,-0.7894879579544067,-1.3149770864921175
COHFACE_s08_session3_natural,31,70,33.333333333333336,-0.8578556776046753,-1.037281849456843
COHFACE_s08_session3_natural,31,71,33.36666666666667,-0.7950769066810608,-0.640666700217864
COHFACE_s08_session3_natural,31,72,33.4,-0.2737526595592499,-0.1430217506117678
COHFACE_s08_session3_natural,31,73,33.43333333333333,0.5907106995582581,0.41898986128692933
COHFACE_s08_session3_natural,31,74,33.46666666666667,1.2322088479995728,0.9915833872940444
COHFACE_s08_session3_natural,31,75,33.5,1.3957486152648926,1.5113396151953256
COHFACE_s08_session3_natural,31,76,33.53333333333333,1.2487475872039795,1.917211771316963
COHFACE_s08_session3_natural,31,77,33.56666666666667,1.0065747499465942,2.1624117607199342
COHFACE_s08_session3_natural,31,78,33.6,0.7823548913002014,2.2221295106739922
COHFACE_s08_session3_natural,31,79,33.63333333333333,0.5501508116722107,2.0958406266270733
COHFACE_s08_session3_natural,31,80,33.666666666666664,0.318106472492218,1.8048074478632932
COHFACE_s08_session3_natural,31,81,33.7,0.1529470831155777,1.3862209180775693
COHFACE_s08_session3_natural,31,82,33.733333333333334,0.08430556207895279,0.8861596289844632
COHFACE_s08_session3_natural,31,83,33.766666666666666,0.07260297238826752,0.3534512361623265
COHFACE_s08_session3_natural,31,84,33.8,0.03763207048177719,-0.1649139357309747
COHFACE_s08_session3_natural,31,85,33.833333333333336,-0.07950790226459503,-0.627506428959408
COHFACE_s08_session3_natural,31,86,33.86666666666667,-0.24808908998966217,-1.001894633593202
COHFACE_s08_session3_natural,31,87,33.9,-0.4192480444908142,-1.2675442028245003
COHFACE_s08_session3_natural,31,88,33.93333333333333,-0.5710623860359192,-1.4175979113776531
COHFACE_s08_session3_natural,31,89,33.96666666666667,-0.6965972185134888,-1.4590052268058018
COHFACE_s08_session3_natural,31,90,34.0,-0.8096081614494324,-1.4104402979641228
COHFACE_s08_session3_natural,31,91,34.03333333333333,-0.9192886352539062,-1.2976380828892138
COHFACE_s08_session3_natural,31,92,34.06666666666667,-0.9959827661514282,-1.146612681435914
COHFACE_s08_session3_natural,31,93,34.1,-1.0695289373397827,-0.976502892315088
COHFACE_s08_session3_natural,31,94,34.13333333333333,-1.1490061283111572,-0.7947543252728094
COHFACE_s08_session3_natural,31,95,34.166666666666664,-1.2390453815460205,-0.5969751162571109
COHFACE_s08_session3_natural,31,96,34.2,-1.319252610206604,-0.37182671583305754
COHFACE_s08_session3_natural,31,97,34.233333333333334,-1.2020670175552368,-0.10898064527913873
COHFACE_s08_session3_natural,31,98,34.266666666666666,-0.6767963171005249,0.19298743642431812
COHFACE_s08_session3_natural,31,99,34.3,0.10463111847639084,0.5214263603040932
COHFACE_s08_session3_natural,31,100,34.333333333333336,0.6892588138580322,0.8483703042646518
COHFACE_s08_session3_natural,31,101,34.36666666666667,0.8664173483848572,1.1333919245348671
COHFACE_s08_session3_natural,31,102,34.4,0.7911831736564636,1.3305967748742868
COHFACE_s08_session3_natural,31,103,34.43333333333333,0.6627511978149414,1.399159032102307
COHFACE_s08_session3_natural,31,104,34.46666666666667,0.5196054577827454,1.314713172734455
COHFACE_s08_session3_natural,31,105,34.5,0.3189048767089844,1.077414189199586
COHFACE_s08_session3_natural,31,106,34.53333333333333,0.14731250703334808,0.7135747962299062
COHFACE_s08_session3_natural,31,107,34.56666666666667,0.07440512627363205,0.2704964412859673
COHFACE_s08_session3_natural,31,108,34.6,0.06213223189115524,-0.19353858069733948
COHFACE_s08_session3_natural,31,109,34.63333333333333,0.04182949289679527,-0.6207536985849902
COHFACE_s08_session3_natural,31,110,34.666666666666664,-0.016090352088212967,-0.963133142816983
COHFACE_s08_session3_natural,31,111,34.7,-0.13380062580108643,-1.1870201231392423
COHFACE_s08_session3_natural,31,112,34.733333333333334,-0.30694422125816345,-1.2734056344876068
COHFACE_s08_session3_natural,31,113,34.766666666666666,-0.47027865052223206,-1.216590538611772
COHFACE_s08_session3_natural,31,114,34.8,-0.5930075645446777,-1.0239705915699622
COHFACE_s08_session3_natural,31,115,34.833333333333336,-0.694179117679596,-0.7176272626653201
COHFACE_s08_session3_natural,31,116,34.86666666666667,-0.7901038527488708,-0.3357712986693981
COHFACE_s08_session3_natural,31,117,34.9,-0.8617565631866455,0.0691847693187867
COHFACE_s08_session3_natural,31,118,34.93333333333333,-0.8677789568901062,0.4379718064275407
COHFACE_s08_session3_natural,31,119,34.96666666666667,-0.7626609206199646,0.7163354711838384
COHFACE_s08_session3_natural,31,120,35.0,-0.9447696805000305,0.8676883847147374
COHFACE_s08_session3_natural,31,121,35.03333333333333,-1.6044491529464722,0.8819937329608166
COHFACE_s08_session3_natural,31,122,35.06666666666667,-2.19163179397583,0.7780968119473631
COHFACE_s08_session3_natural,31,123,35.1,-2.0819742679595947,0.5990986878931435
COHFACE_s08_session3_natural,31,124,35.13333333333333,-1.1984399557113647,0.4016044365556683
COHFACE_s08_session3_natural,31,125,35.166666666666664,-0.3137878477573395,0.24073070164612886
COHFACE_s08_session3_natural,31,126,35.2,0.11003758013248444,0.15464611621848584
COHFACE_s08_session3_natural,31,127,35.233333333333334,0.26208001375198364,0.15358770178836612
COHFACE_s08_session3_natural,31,128,35.266666666666666,0.3175361752510071,0.2170828587102486
COHFACE_s08_session3_natural,31,129,35.3,0.25963911414146423,0.30035996985466745
COHFACE_s08_session3_natural,31,130,35.333333333333336,0.11952739953994751,0.34824735110079547
COHFACE_s08_session3_natural,31,131,35.36666666666667,0.07002520561218262,0.3125966811789367
COHFACE_s08_session3_natural,31,132,35.4,0.15027806162834167,0.16772170213093673
COHFACE_s08_session3_natural,31,133,35.43333333333333,0.2183949053287506,-0.08108285338885754
COHFACE_s08_session3_natural,31,134,35.46666666666667,0.19257164001464844,-0.3977934624928783
COHFACE_s08_session3_natural,31,135,35.5,0.09340757876634598,-0.7233849744166481
COHFACE_s08_session3_natural,31,136,35.53333333333333,-0.03664402663707733,-0.9887175463177809
COHFACE_s08_session3_natural,31,137,35.56666666666667,-0.18006350100040436,-1.1303785714568186
COHFACE_s08_session3_natural,31,138,35.6,-0.3039330542087555,-1.10676444363285
COHFACE_s08_session3_natural,31,139,35.63333333333333,-0.4013405740261078,-0.9107643490044249
COHFACE_s08_session3_natural,31,140,35.666666666666664,-0.4886423647403717,-0.5751819317593003
COHFACE_s08_session3_natural,31,141,35.7,-0.5906122922897339,-0.16799985709731702
COHFACE_s08_session3_natural,31,142,35.733333333333334,-0.6739904284477234,0.22314759570755788
COHFACE_s08_session3_natural,31,143,35.766666666666666,-0.7097369432449341,0.5144092809323609
COHFACE_s08_session3_natural,31,144,35.8,-0.7402822971343994,0.6503446286596736
COHFACE_s08_session3_natural,31,145,35.833333333333336,-0.7578247785568237,0.6211895751356388
COHFACE_s08_session3_natural,31,146,35.86666666666667,-0.5672299265861511,0.46606788224436235
COHFACE_s08_session3_natural,31,147,35.9,-0.002197801833972335,0.26026635045042196
COHFACE_s08_session3_natural,31,148,35.93333333333333,0.6306089758872986,0.09031568367916609
COHFACE_s08_session3_natural,31,149,35.96666666666667,0.9471721053123474,0.0249974359834446
COHFACE_s08_session3_natural,31,150,36.0,0.9389369487762451,0.0920201916750902
COHFACE_s08_session3_natural,31,151,36.03333333333333,0.8022013902664185,0.26832943750195015
COHFACE_s08_session3_natural,31,152,36.06666666666667,0.678035318851471,0.48730409552925724
COHFACE_s08_session3_natural,31,153,36.1,0.5602109432220459,0.6600880022326215
COHFACE_s08_session3_natural,31,154,36.13333333333333,0.3941390812397003,0.7033541454172676
COHFACE_s08_session3_natural,31,155,36.166666666666664,0.24351099133491516,0.5642694321900723
COHFACE_s08_session3_natural,31,156,36.2,0.15801136195659637,0.2359468218917154
COHFACE_s08_session3_natural,31,157,36.233333333333334,0.13091062009334564,-0.23909521180093365
COHFACE_s08_session3_natural,31,158,36.266666666666666,0.1018480435013771,-0.7767505548597573
COHFACE_s08_session3_natural,31,159,36.3,0.012036928907036781,-1.2681605099897284
COHFACE_s08_session3_natural,31,160,36.333333333333336,-0.14486448466777802,-1.602606681133215
COHFACE_s08_session3_natural,31,161,36.36666666666667,-0.3052789568901062,-1.6927267984182817
COHFACE_s08_session3_natural,31,162,36.4,-0.3955691158771515,-1.4971064652202817
COHFACE_s08_session3_natural,31,163,36.43333333333333,-0.47529730200767517,-1.0342236258574917
COHFACE_s08_session3_natural,31,164,36.46666666666667,-0.5805749893188477,-0.38208683136367805
COHFACE_s08_session3_natural,31,165,36.5,-0.6915557384490967,0.3388816115908556
COHFACE_s08_session3_natural,31,166,36.53333333333333,-0.770439863204956,0.9962073396785758
COHFACE_s08_session3_natural,31,167,36.56666666666667,-0.7950084805488586,1.4794777462164266
COHFACE_s08_session3_natural,31,168,36.6,-0.8193261027336121,1.7262813751797244
COHFACE_s08_session3_natural,31,169,36.63333333333333,-0.8761281967163086,1.7313300445024042
COHFACE_s08_session3_natural,31,170,36.666666666666664,-0.8532932996749878,1.5379840552604636
COHFACE_s08_session3_natural,31,171,36.7,-0.4861786663532257,1.218598943423888
COHFACE_s08_session3_natural,31,172,36.733333333333334,0.24957901239395142,0.852196118842063
COHFACE_s08_session3_natural,31,173,36.766666666666666,0.9459174275398254,0.5058183503299942
COHFACE_s08_session3_natural,31,174,36.8,1.2489529848098755,0.22274572721743421
COHFACE_s08_session3_natural,31,175,36.833333333333336,1.2415390014648438,0.018207504188200718
COHFACE_s08_session3_natural,31,176,36.86666666666667,1.1351207494735718,-0.1183186447121185
COHFACE_s08_session3_natural,31,177,36.9,1.0161329507827759,-0.21584632229540401
COHFACE_s08_session3_natural,31,178,36.93333333333333,0.8548744320869446,-0.3115691525893456
COHFACE_s08_session3_natural,31,179,36.96666666666667,0.6410569548606873,-0.4395409525253547
COHFACE_s08_session3_natural,31,180,37.0,0.4585147500038147,-0.6204604035669824
COHFACE_s08_session3_natural,31,181,37.03333333333333,0.3542407751083374,-0.8546233326065997
COHFACE_s08_session3_natural,31,182,37.06666666666667,0.3190189301967621,-1.1197196816101205
COHFACE_s08_session3_natural,31,183,37.1,0.26401904225349426,-1.3741589799705736
COHFACE_s08_session3_natural,31,184,37.13333333333333,0.15153273940086365,-1.5651201398019934
COHFACE_s08_session3_natural,31,185,37.166666666666664,0.007520139683037996,-1.6393431027413878
COHFACE_s08_session3_natural,31,186,37.2,-0.14297108352184296,-1.5544630825643804
COHFACE_s08_session3_natural,31,187,37.233333333333334,-0.27046772837638855,-1.2891320167319196
COHFACE_s08_session3_natural,31,188,37.266666666666666,-0.37337297201156616,-0.8505594230799838
COHFACE_s08_session3_natural,31,189,37.3,-0.49179044365882874,-0.27797920037941776
COHFACE_s08_session3_natural,31,190,37.333333333333336,-0.5830843448638916,0.3598418164930061
COHFACE_s08_session3_natural,31,191,37.36666666666667,-0.6290278434753418,0.9745250500355762
COHFACE_s08_session3_natural,31,192,37.4,-0.6716408133506775,1.4749236760284823
COHFACE_s08_session3_natural,31,193,37.43333333333333,-0.7176070809364319,1.7874338093630526
COHFACE_s08_session3_natural,31,194,37.46666666666667,-0.7472171783447266,1.873910551231911
COHFACE_s08_session3_natural,31,195,37.5,-0.7675198912620544,1.7410335495885183
COHFACE_s08_session3_natural,31,196,37.53333333333333,-0.6052804589271545,1.4374547444109707
COHFACE_s08_session3_natural,31,197,37.56666666666667,-0.00046408461639657617,1.039335718592654
COHFACE_s08_session3_natural,31,198,37.6,0.819926381111145,0.6290486081887718
COHFACE_s08_session3_natural,31,199,37.63333333333333,1.338969349861145,0.27410984570258934
COHFACE_s08_session3_natural,31,200,37.666666666666664,1.4758189916610718,0.012866954901428269
COHFACE_s08_session3_natural,31,201,37.7,1.4366049766540527,-0.1496618383483379
COHFACE_s08_session3_natural,31,202,37.733333333333334,1.362557053565979,-0.23655571255411875
COHFACE_s08_session3_natural,31,203,37.766666666666666,1.24281644821167,-0.2878938332469345
COHFACE_s08_session3_natural,31,204,37.8,1.039264440536499,-0.34742499577354025
COHFACE_s08_session3_natural,31,205,37.833333333333336,0.8082237839698792,-0.44957991652334306
COHFACE_s08_session3_natural,31,206,37.86666666666667,0.6833049058914185,-0.6090302460131393
COHFACE_s08_session3_natural,31,207,37.9,0.6387757062911987,-0.8150503925106058
COHFACE_s08_session3_natural,31,208,37.93333333333333,0.5531848073005676,-1.0323597646108509
COHFACE_s08_session3_natural,31,209,37.96666666666667,0.4190042316913605,-1.2087756082708858
COHFACE_s08_session3_natural,31,210,38.0,0.28468677401542664,-1.2882968173936997
COHFACE_s08_session3_natural,31,211,38.03333333333333,0.12320014089345932,-1.2265472141599851
COHFACE_s08_session3_natural,31,212,38.06666666666667,-0.014082890003919601,-1.0043599214602474
COHFACE_s08_session3_natural,31,213,38.1,-0.09752944111824036,-0.6354418494054487
COHFACE_s08_session3_natural,31,214,38.13333333333333,-0.1876371055841446,-0.165772620317613
COHFACE_s08_session3_natural,31,215,38.166666666666664,-0.2375955432653427,0.33521306772621273
COHFACE_s08_session3_natural,31,216,38.2,-0.25315338373184204,0.7895583678892277
COHFACE_s08_session3_natural,31,217,38.233333333333334,-0.27436861395835876,1.1282036021609583
COHFACE_s08_session3_natural,31,218,38.266666666666666,-0.31171196699142456,1.3063290840189223
COHFACE_s08_session3_natural,31,219,38.3,-0.3282279074192047,1.3123947536066276
COHFACE_s08_session3_natural,31,220,38.333333333333336,-0.3657993674278259,1.168595728928544
COHFACE_s08_session3_natural,31,221,38.36666666666667,-0.4381592571735382,0.923089436254751
COHFACE_s08_session3_natural,31,222,38.4,-0.40296024084091187,0.6365077333388399
COHFACE_s08_session3_natural,31,223,38.43333333333333,-0.005391491577029228,0.36658297130017603
COHFACE_s08_session3_natural,31,224,38.46666666666667,0.7358866930007935,0.15509817771855738
COHFACE_s08_session3_natural,31,225,38.5,1.3943798542022705,0.020418567739900414
COHFACE_s08_session3_natural,31,226,38.53333333333333,1.679827332496643,-0.04330882413357019
COHFACE_s08_session3_natural,31,227,38.56666666666667,1.6550990343093872,-0.06124458691247668
COHFACE_s08_session3_natural,31,228,38.6,1.4848525524139404,-0.06900504814361019
COHFACE_s08_session3_natural,31,229,38.63333333333333,1.279566764831543,-0.10169832954784419
COHFACE_s08_session3_natural,31,230,38.666666666666664,1.0320101976394653,-0.18294646160581945
COHFACE_s08_session3_natural,31,231,38.7,0.8011748194694519,-0.31664384583887306
COHFACE_s08_session3_natural,31,232,38.733333333333334,0.6314986944198608,-0.48450590036142444
COHFACE_s08_session3_natural,31,233,38.766666666666666,0.5462955832481384,-0.6511131506007298
COHFACE_s08_session3_natural,31,234,38.8,0.4957440495491028,-0.7749626821395097
COHFACE_s08_session3_natural,31,235,38.833333333333336,0.38106778264045715,-0.8211980614178485
COHFACE_s08_session3_natural,31,236,38.86666666666667,0.31879082322120667,-0.7713752683401115
COHFACE_s08_session3_natural,31,237,38.9,0.32273730635643005,-0.6275436077628557
COHFACE_s08_session3_natural,31,238,38.93333333333333,0.27275606989860535,-0.4105071276006188
COHFACE_s08_session3_natural,31,239,38.96666666666667,0.16328094899654388,-0.1541494806655627
COHFACE_s08_session3_natural,32,0,32.0,0.3387513756752014,-0.10306754970622149
COHFACE_s08_session3_natural,32,1,32.03333333333333,0.26623180508613586,-0.23022684909361252
COHFACE_s08_session3_natural,32,2,32.06666666666667,0.15869572758674622,-0.3823414299775272
COHFACE_s08_session3_natural,32,3,32.1,6.059298539184965e-05,-0.5674425991373545
COHFACE_s08_session3_natural,32,4,32.13333333333333,-0.15944139659404755,-0.7673982541735682
COHFACE_s08_session3_natural,32,5,32.166666666666664,-0.3016974627971649,-0.9429690999121209
COHFACE_s08_session3_natural,32,6,32.2,-0.42752882838249207,-1.04975989740768
COHFACE_s08_session3_natural,32,7,32.233333333333334,-0.5235448479652405,-1.0567209039320669
COHFACE_s08_session3_natural,32,8,32.266666666666666,-0.6216367483139038,-0.9582994054536117
COHFACE_s08_session3_natural,32,9,32.3,-0.7395979166030884,-0.7757018970814016
COHFACE_s08_session3_natural,32,10,32.333333333333336,-0.8247781991958618,-0.5487852491069877
COHFACE_s08_session3_natural,32,11,32.36666666666667,-0.8710410594940186,-0.32361704477883096
COHFACE_s08_session3_natural,32,12,32.4,-0.9014495611190796,-0.13992860323542955
COHFACE_s08_session3_natural,32,13,32.43333333333333,-0.9379717111587524,-0.020580960322106167
COHFACE_s08_session3_natural,32,14,32.46666666666667,-0.9646161794662476,0.035009844635044335
COHFACE_s08_session3_natural,32,15,32.5,-0.8451949954032898,0.051030584573964616
COHFACE_s08_session3_natural,32,16,32.53333333333333,-0.32496577501296997,0.06777494409472312
COHFACE_s08_session3_natural,32,17,32.56666666666667,0.5078572630882263,0.12795118691235371
COHFACE_s08_session3_natural,32,18,32.6,1.2104233503341675,0.26082780619777324
COHFACE_s08_session3_natural,32,19,32.63333333333333,1.495140790939331,0.46968300361845955
COHFACE_s08_session3_natural,32,20,32.666666666666664,1.4653254747390747,0.7276603214639125
COHFACE_s08_session3_natural,32,21,32.7,1.330323576927185,0.9844597921952785
COHFACE_s08_session3_natural,32,22,32.733333333333334,1.170000433921814,1.1818430048174813
COHFACE_s08_session3_natural,32,23,32.766666666666666,0.9682960510253906,1.2718984204535297
COHFACE_s08_session3_natural,32,24,32.8,0.7647667527198792,1.2307431428301736
COHFACE_s08_session3_natural,32,25,32.833333333333336,0.6041697859764099,1.0626681952294132
COHFACE_s08_session3_natural,32,26,32.86666666666667,0.5081994533538818,0.7945469594065253
COHFACE_s08_session3_natural,32,27,32.9,0.4570091664791107,0.46472043113419953
COHFACE_s08_session3_natural,32,28,32.93333333333333,0.3887554407119751,0.11200507208503174
COHFACE_s08_session3_natural,32,29,32.96666666666667,0.24978432059288025,-0.23125706716472513
COHFACE_s08_session3_natural,32,30,33.0,0.07048144936561584,-0.5414518648811578
COHFACE_s08_session3_natural,32,31,33.03333333333333,-0.08427562564611435,-0.8031096342764276
COHFACE_s08_session3_natural,32,32,33.06666666666667,-0.26116040349006653,-1.0076901167715846
COHFACE_s08_session3_natural,32,33,33.1,-0.41192537546157837,-1.1527391110495826
COHFACE_s08_session3_natural,32,34,33.13333333333333,-0.5032649040222168,-1.2411218345646644
COHFACE_s08_session3_natural,32,35,33.166666666666664,-0.5714501738548279,-1.2794576426568665
COHFACE_s08_session3_natural,32,36,33.2,-0.6203136444091797,-1.2751714165437291
COHFACE_s08_session3_natural,32,37,33.233333333333334,-0.6804006099700928,-1.23248714333713
COHFACE_s08_session3_natural,32,38,33.266666666666666,-0.7374308109283447,-1.1486841553117426
COHFACE_s08_session3_natural,32,39,33.3,-0.7894879579544067,-1.0124049070211523
COHFACE_s08_session3_natural,32,40,33.333333333333336,-0.8578556776046753,-0.8054865172132045
COHFACE_s08_session3_natural,32,41,33.36666666666667,-0.7950769066810608,-0.5090838104782128
COHFACE_s08_session3_natural,32,42,33.4,-0.2737526595592499,-0.11382089725654537
COHFACE_s08_session3_natural,32,43,33.43333333333333,0.5907106995582581,0.36868980563134435
COHFACE_s08_session3_natural,32,44,33.46666666666667,1.2322088479995728,0.8988502158834857
COHFACE_s08_session3_natural,32,45,33.5,1.3957486152648926,1.4124488496416845
COHFACE_s08_session3_natural,32,46,33.53333333333333,1.2487475872039795,1.8347660850401446
COHFACE_s08_session3_natural,32,47,33.56666666666667,1.0065747499465942,2.0994284882677166
COHFACE_s08_session3_natural,32,48,33.6,0.7823548913002014,2.164241658645547
COHFACE_s08_session3_natural,32,49,33.63333333333333,0.5501508116722107,2.0190013929929442
COHFACE_s08_session3_natural,32,50,33.666666666666664,0.318106472492218,1.6846099636058163
COHFACE_s08_session3_natural,32,51,33.7,0.1529470831155777,1.2062225457888376
COHFACE_s08_session3_natural,32,52,33.733333333333334,0.08430556207895279,0.6442768956259045
COHFACE_s08_session3_natural,32,53,33.766666666666666,0.07260297238826752,0.06603276994171155
COHFACE_s08_session3_natural,32,54,33.8,0.03763207048177719,-0.46208910985674023
COHFACE_s08_session3_natural,32,55,33.833333333333336,-0.07950790226459503,-0.8823236258281447
COHFACE_s08_session3_natural,32,56,33.86666666666667,-0.24808908998966217,-1.1535812458893977
COHFACE_s08_session3_natural,32,57,33.9,-0.4192480444908142,-1.2583433937616215
COHFACE_s08_session3_natural,32,58,33.93333333333333,-0.5710623860359192,-1.2069825312673748
COHFACE_s08_session3_natural,32,59,33.96666666666667,-0.6965972185134888,-1.0382671912578987
COHFACE_s08_session3_natural,32,60,34.0,-0.8096081614494324,-0.8143207617690738
COHFACE_s08_session3_natural,32,61,34.03333333333333,-0.9192886352539062,-0.6085013849603104
COHFACE_s08_session3_natural,32,62,34.06666666666667,-0.9959827661514282,-0.48701719236849544
COHFACE_s08_session3_natural,32,63,34.1,-1.0695289373397827,-0.4886357342903935
COHFACE_s08_session3_natural,32,64,34.13333333333333,-1.1490061283111572,-0.6093705473059214
COHFACE_s08_session3_natural,32,65,34.166666666666664,-1.2390453815460205,-0.7987427540254685
COHFACE_s08_session3_natural,32,66,34.2,-1.319252610206604,-0.9707348020476197
COHFACE_s08_session3_natural,32,67,34.233333333333334,-1.2020670175552368,-1.0274452496627164
COHFACE_s08_session3_natural,32,68,34.266666666666666,-0.6767963171005249,-0.8889983057991115
COHFACE_s08_session3_natural,32,69,34.3,0.10463111847639084,-0.5210126156372871
COHFACE_s08_session3_natural,32,70,34.333333333333336,0.6892588138580322,0.0486447040303981
COHFACE_s08_session3_natural,32,71,34.36666666666667,0.8664173483848572,0.7296696093487293
COHFACE_s08_session3_natural,32,72,34.4,0.7911831736564636,1.3877450546338634
COHFACE_s08_session3_natural,32,73,34.43333333333333,0.6627511978149414,1.878103709604559
COHFACE_s08_session3_natural,32,74,34.46666666666667,0.5196054577827454,2.0844934136180044
COHFACE_s08_session3_natural,32,75,34.5,0.3189048767089844,1.950845419699763
COHFACE_s08_session3_natural,32,76,34.53333333333333,0.14731250703334808,1.4960412294454033
COHFACE_s08_session3_natural,32,77,34.56666666666667,0.07440512627363205,0.8087524051166164
COHFACE_s08_session3_natural,32,78,34.6,0.06213223189115524,0.025314586143687777
COHFACE_s08_session3_natural,32,79,34.63333333333333,0.04182949289679527,-0.7023547753292002
COHFACE_s08_session3_natural,32,80,34.666666666666664,-0.016090352088212967,-1.2398316705634302
COHFACE_s08_session3_natural,32,81,34.7,-0.13380062580108643,-1.4963509898547687
COHFACE_s08_session3_natural,32,82,34.733333333333334,-0.30694422125816345,-1.4400373244784295
COHFACE_s08_session3_natural,32,83,34.766666666666666,-0.47027865052223206,-1.101911626870617
COHFACE_s08_session3_natural,32,84,34.8,-0.5930075645446777,-0.5694812098494202
COHFACE_s08_session3_natural,32,85,34.833333333333336,-0.694179117679596,0.029881890210158017
COHFACE_s08_session3_natural,32,86,34.86666666666667,-0.7901038527488708,0.5552792770421338
COHFACE_s08_session3_natural,32,87,34.9,-0.8617565631866455,0.8849008026624399
COHFACE_s08_session3_natural,32,88,34.93333333333333,-0.8677789568901062,0.9467976577780808
COHFACE_s08_session3_natural,32,89,34.96666666666667,-0.7626609206199646,0.7375987386308783
COHFACE_s08_session3_natural,32,90,35.0,-0.9447696805000305,0.3225580813103998
COHFACE_s08_session3_natural,32,91,35.03333333333333,-1.6044491529464722,-0.18270327261144434
COHFACE_s08_session3_natural,32,92,35.06666666666667,-2.19163179397583,-0.6424559725473863
COHFACE_s08_session3_natural,32,93,35.1,-2.0819742679595947,-0.9343032823196096
COHFACE_s08_session3_natural,32,94,35.13333333333333,-1.1984399557113647,-0.9778998584315635
COHFACE_s08_session3_natural,32,95,35.166666666666664,-0.3137878477573395,-0.7534898898308948
COHFACE_s08_session3_natural,32,96,35.2,0.11003758013248444,-0.30699602254143377
COHFACE_s08_session3_natural,32,97,35.233333333333334,0.26208001375198364,0.25961256716398157
COHFACE_s08_session3_natural,32,98,35.266666666666666,0.3175361752510071,0.8113867462235993
COHFACE_s08_session3_natural,32,99,35.3,0.25963911414146423,1.2125746612968777
COHFACE_s08_session3_natural,32,100,35.333333333333336,0.11952739953994751,1.3607596055820805
COHFACE_s08_session3_natural,32,101,35.36666666666667,0.07002520561218262,1.2139897687471546
COHFACE_s08_session3_natural,32,102,35.4,0.15027806162834167,0.8023367182041579
COHFACE_s08_session3_natural,32,103,35.43333333333333,0.2183949053287506,0.2195380078696935
COHFACE_s08_session3_natural,32,104,35.46666666666667,0.19257164001464844,-0.40223303355152334
COHFACE_s08_session3_natural,32,105,35.5,0.09340757876634598,-0.9256046811636959
COHFACE_s08_session3_natural,32,106,35.53333333333333,-0.03664402663707733,-1.2398959860189511
COHFACE_s08_session3_natural,32,107,35.56666666666667,-0.18006350100040436,-1.285226075635999
COHFACE_s08_session3_natural,32,108,35.6,-0.3039330542087555,-1.0650991786314064
COHFACE_s08_session3_natural,32,109,35.63333333333333,-0.4013405740261078,-0.6452645756822154
COHFACE_s08_session3_natural,32,110,35.666666666666664,-0.4886423647403717,-0.13809089409271444
COHFACE_s08_session3_natural,32,111,35.7,-0.5906122922897339,0.325714074358928
COHFACE_s08_session3_natural,32,112,35.733333333333334,-0.6739904284477234,0.6322131803637849
COHFACE_s08_session3_natural,32,113,35.766666666666666,-0.7097369432449341,0.7165213004061145
COHFACE_s08_session3_natural,32,114,35.8,-0.7402822971343994,0.5814049768524745
COHFACE_s08_session3_natural,32,115,35.833333333333336,-0.7578247785568237,0.29475015658242393
COHFACE_s08_session3_natural,32,116,35.86666666666667,-0.5672299265861511,-0.03390556614834052
COHFACE_s08_session3_natural,32,117,35.9,-0.002197801833972335,-0.28946023256580566
COHFACE_s08_session3_natural,32,118,35.93333333333333,0.6306089758872986,-0.3872642844804148
COHFACE_s08_session3_natural,32,119,35.96666666666667,0.9471721053123474,-0.29725733283628525
COHFACE_s08_session3_natural,32,120,36.0,0.9389369487762451,-0.04958913369609988
COHFACE_s08_session3_natural,32,121,36.03333333333333,0.8022013902664185,0.2779328093153718
COHFACE_s08_session3_natural,32,122,36.06666666666667,0.678035318851471,0.5843405507089431
COHFACE_s08_session3_natural,32,123,36.1,0.5602109432220459,0.7731160438578525
COHFACE_s08_session3_natural,32,124,36.13333333333333,0.3941390812397003,0.7753106093397074
COHFACE_s08_session3_natural,32,125,36.166666666666664,0.24351099133491516,0.5641031878455738
COHFACE_s08_session3_natural,32,126,36.2,0.15801136195659637,0.16020761125202343
COHFACE_s08_session3_natural,32,127,36.233333333333334,0.13091062009334564,-0.3708191803671116
COHFACE_s08_session3_natural,32,128,36.266666666666666,0.1018480435013771,-0.9286651831761958
COHFACE_s08_session3_natural,32,129,36.3,0.012036928907036781,-1.3955257838240454
COHFACE_s08_session3_natural,32,130,36.333333333333336,-0.14486448466777802,-1.6592210416484272
COHFACE_s08_session3_natural,32,131,36.36666666666667,-0.3052789568901062,-1.6386732845481482
COHFACE_s08_session3_natural,32,132,36.4,-0.3955691158771515,-1.3063865690687773
COHFACE_s08_session3_natural,32,133,36.43333333333333,-0.47529730200767517,-0.7015955785353489
COHFACE_s08_session3_natural,32,134,36.46666666666667,-0.5805749893188477,0.07178020469136338
COHFACE_s08_session3_natural,32,135,36.5,-0.6915557384490967,0.86513069970908
COHFACE_s08_session3_natural,32,136,36.53333333333333,-0.770439863204956,1.519981509697155
COHFACE_s08_session3_natural,32,137,36.56666666666667,-0.7950084805488586,1.90832904316207
COHFACE_s08_session3_natural,32,138,36.6,-0.8193261027336121,1.9658920888994385
COHFACE_s08_session3_natural,32,139,36.63333333333333,-0.8761281967163086,1.707359356943262
COHFACE_s08_session3_natural,32,140,36.666666666666664,-0.8532932996749878,1.218992600938969
COHFACE_s08_session3_natural,32,141,36.7,-0.4861786663532257,0.6317644547513482
COHFACE_s08_session3_natural,32,142,36.733333333333334,0.24957901239395142,0.08407486491743034
COHFACE_s08_session3_natural,32,143,36.766666666666666,0.9459174275398254,-0.31456602404285255
COHFACE_s08_session3_natural,32,144,36.8,1.2489529848098755,-0.5087325260838143
COHFACE_s08_session3_natural,32,145,36.833333333333336,1.2415390014648438,-0.5051612283876981
COHFACE_s08_session3_natural,32,146,36.86666666666667,1.1351207494735718,-0.3633975607209914
COHFACE_s08_session3_natural,32,147,36.9,1.0161329507827759,-0.17370463858657204
COHFACE_s08_session3_natural,32,148,36.93333333333333,0.8548744320869446,-0.02960096927002149
COHFACE_s08_session3_natural,32,149,36.96666666666667,0.6410569548606873,-0.002688406911190197
COHFACE_s08_session3_natural,32,150,37.0,0.4585147500038147,-0.12595437522803457
COHFACE_s08_session3_natural,32,151,37.03333333333333,0.3542407751083374,-0.38870613899864215
COHFACE_s08_session3_natural,32,152,37.06666666666667,0.3190189301967621,-0.7423742784364495
COHFACE_s08_session3_natural,32,153,37.1,0.26401904225349426,-1.1134720133885139
COHFACE_s08_session3_natural,32,154,37.13333333333333,0.15153273940086365,-1.419413103379872
COHFACE_s08_session3_natural,32,155,37.166666666666664,0.007520139683037996,-1.584071548173756
COHFACE_s08_session3_natural,32,156,37.2,-0.14297108352184296,-1.5514595127905746
COHFACE_s08_session3_natural,32,157,37.233333333333334,-0.27046772837638855,-1.2968004218719593
COHFACE_s08_session3_natural,32,158,37.266666666666666,-0.37337297201156616,-0.8342312507131703
COHFACE_s08_session3_natural,32,159,37.3,-0.49179044365882874,-0.21934847260502544
COHFACE_s08_session3_natural,32,160,37.333333333333336,-0.5830843448638916,0.45628504974515227
COHFACE_s08_session3_natural,32,161,37.36666666666667,-0.6290278434753418,1.0806844758497536
COHFACE_s08_session3_natural,32,162,37.4,-0.6716408133506775,1.545345104628418
COHFACE_s08_session3_natural,32,163,37.43333333333333,-0.7176070809364319,1.7714917182733207
COHFACE_s08_session3_natural,32,164,37.46666666666667,-0.7472171783447266,1.7306585363929865
COHFACE_s08_session3_natural,32,165,37.5,-0.7675198912620544,1.4527929739069418
COHFACE_s08_session3_natural,32,166,37.53333333333333,-0.6052804589271545,1.0187968745381357
COHFACE_s08_session3_natural,32,167,37.56666666666667,-0.00046408461639657617,0.5392212089149805
COHFACE_s08_session3_natural,32,168,37.6,0.819926381111145,0.12510571695307787
COHFACE_s08_session3_natural,32,169,37.63333333333333,1.338969349861145,-0.14057230255021058
COHFACE_s08_session3_natural,32,170,37.666666666666664,1.4758189916610718,-0.22255086322149528
COHFACE_s08_session3_natural,32,171,37.7,1.4366049766540527,-0.13889809582738846
COHFACE_s08_session3_natural,32,172,37.733333333333334,1.362557053565979,0.047478793413456635
COHFACE_s08_session3_natural,32,173,37.766666666666666,1.24281644821167,0.24741375924011347
COHFACE_s08_session3_natural,32,174,37.8,1.039264440536499,0.36901478275650695
COHFACE_s08_session3_natural,32,175,37.833333333333336,0.8082237839698792,0.34150522367481423
COHFACE_s08_session3_natural,32,176,37.86666666666667,0.6833049058914185,0.13481104780870848
COHFACE_s08_session3_natural,32,177,37.9,0.6387757062911987,-0.2298716992380518
COHFACE_s08_session3_natural,32,178,37.93333333333333,0.5531848073005676,-0.68242117294404
COHFACE_s08_session3_natural,32,179,37.96666666666667,0.4190042316913605,-1.1199579006653833
COHFACE_s08_session3_natural,32,180,38.0,0.28468677401542664,-1.4331155888064726
COHFACE_s08_session3_natural,32,181,38.03333333333333,0.12320014089345932,-1.5349427982166055
COHFACE_s08_session3_natural,32,182,38.06666666666667,-0.014082890003919601,-1.38434265368178
COHFACE_s08_session3_natural,32,183,38.1,-0.09752944111824036,-0.9980914076999878
COHFACE_s08_session3_natural,32,184,38.13333333333333,-0.1876371055841446,-0.44871500118137575
COHFACE_s08_session3_natural,32,185,38.166666666666664,-0.2375955432653427,0.15138403897283373
COHFACE_s08_session3_natural,32,186,38.2,-0.25315338373184204,0.6765192082062834
COHFACE_s08_session3_natural,32,187,38.233333333333334,-0.27436861395835876,1.0193191205325602
COHFACE_s08_session3_natural,32,188,38.266666666666666,-0.31171196699142456,1.1190454581275389
COHFACE_s08_session3_natural,32,189,38.3,-0.3282279074192047,0.9778770121928941
COHFACE_s08_session3_natural,32,190,38.333333333333336,-0.3657993674278259,0.6595816192064297
COHFACE_s08_session3_natural,32,191,38.36666666666667,-0.4381592571735382,0.27054062182255206
COHFACE_s08_session3_natural,32,192,38.4,-0.40296024084091187,-0.07142411828547693
COHFACE_s08_session3_natural,32,193,38.43333333333333,-0.005391491577029228,-0.2711353877077
COHFACE_s08_session3_natural,32,194,38.46666666666667,0.7358866930007935,-0.28261294475036536
COHFACE_s08_session3_natural,32,195,38.5,1.3943798542022705,-0.11998964378090231
COHFACE_s08_session3_natural,32,196,38.53333333333333,1.679827332496643,0.1498263757211942
COHFACE_s08_session3_natural,32,197,38.56666666666667,1.6550990343093872,0.42904368636229456
COHFACE_s08_session3_natural,32,198,38.6,1.4848525524139404,0.6174435507732118
COHFACE_s08_session3_natural,32,199,38.63333333333333,1.279566764831543,0.6389542429366416
COHFACE_s08_session3_natural,32,200,38.666666666666664,1.0320101976394653,0.4607695881967576
COHFACE_s08_session3_natural,32,201,38.7,0.8011748194694519,0.10233969392308907
COHFACE_s08_session3_natural,32,202,38.733333333333334,0.6314986944198608,-0.3675947431449477
COHFACE_s08_session3_natural,32,203,38.766666666666666,0.5462955832481384,-0.8465296363740695
COHFACE_s08_session3_natural,32,204,38.8,0.4957440495491028,-1.2230737942883103
COHFACE_s08_session3_natural,32,205,38.833333333333336,0.38106778264045715,-1.404244998675905
COHFACE_s08_session3_natural,32,206,38.86666666666667,0.31879082322120667,-1.337917666533932
COHFACE_s08_session3_natural,32,207,38.9,0.32273730635643005,-1.0253898392707694
COHFACE_s08_session3_natural,32,208,38.93333333333333,0.27275606989860535,-0.5215892449429245
COHFACE_s08_session3_natural,32,209,38.96666666666667,0.16328094899654388,0.07731601269008516
COHFACE_s08_session3_natural,32,210,39.0,0.04242260381579399,0.6566889491944434
COHFACE_s08_session3_natural,32,211,39.03333333333333,-0.11726187914609909,1.1111648965370815
COHFACE_s08_session3_natural,32,212,39.06666666666667,-0.22121648490428925,1.3689707307432963
COHFACE_s08_session3_natural,32,213,39.1,-0.28518152236938477,1.4049860453062062
COHFACE_s08_session3_natural,32,214,39.13333333333333,-0.41192537546157837,1.2401085184389362
COHFACE_s08_session3_natural,32,215,39.166666666666664,-0.5210354924201965,0.9303344273441788
COHFACE_s08_session3_natural,32,216,39.2,-0.5698077082633972,0.5507901120611708
COHFACE_s08_session3_natural,32,217,39.233333333333334,-0.6583185195922852,0.17879581719676715
COHFACE_s08_session3_natural,32,218,39.266666666666666,-0.5911369919776917,-0.12115786361246113
COHFACE_s08_session3_natural,32,219,39.3,-0.14995157718658447,-0.30836869636165587
COHFACE_s08_session3_natural,32,220,39.333333333333336,0.5215901136398315,-0.37149962953659793
COHFACE_s08_session3_natural,32,221,39.36666666666667,1.046495795249939,-0.3282161716777255
COHFACE_s08_session3_natural,32,222,39.4,1.1935880184173584,-0.21885923003698
COHFACE_s08_session3_natural,32,223,39.43333333333333,1.0605252981185913,-0.09509076179204555
COHFACE_s08_session3_natural,32,224,39.46666666666667,0.8525019884109497,-0.006106767926951095
COHFACE_s08_session3_natural,32,225,39.5,0.6713513731956482,0.013800758997404412
COHFACE_s08_session3_natural,32,226,39.53333333333333,0.5181455016136169,-0.04698829873745161
COHFACE_s08_session3_natural,32,227,39.56666666666667,0.3698670566082001,-0.17583467007420683
COHFACE_s08_session3_natural,32,228,39.6,0.2727104425430298,-0.3399540600452007
COHFACE_s08_session3_natural,32,229,39.63333333333333,0.2786872088909149,-0.4947329290154452
COHFACE_s08_session3_natural,32,230,39.666666666666664,0.28194934129714966,-0.594852676537684
COHFACE_s08_session3_natural,32,231,39.7,0.1636231243610382,-0.6067141578738168
COHFACE_s08_session3_natural,32,232,39.733333333333334,-0.0006237690686248243,-0.5193953672368005
COHFACE_s08_session3_natural,32,233,39.766666666666666,-0.16852059960365295,-0.35021248649263287
COHFACE_s08_session3_natural,32,234,39.8,-0.3293913006782532,-0.14162948130118938
COHFACE_s08_session3_natural,32,235,39.833333333333336,-0.4709630012512207,0.05093595048313456
COHFACE_s08_session3_natural,32,236,39.86666666666667,-0.5878064036369324,0.17702839313607344
COHFACE_s08_session3_natural,32,237,39.9,-0.7020264863967896,0.20846329364018035
COHFACE_s08_session3_natural,32,238,39.93333333333333,-0.8179345726966858,0.1493181269917058
COHFACE_s08_session3_natural,32,239,39.96666666666667,-0.9306718111038208,0.03448619998728909
COHFACE_s08_session3_natural,33,0,33.0,0.07048144936561584,-0.18873346077529662
COHFACE_s08_session3_natural,33,1,33.03333333333333,-0.08427562564611435,-0.7764977056552981
COHFACE_s08_session3_natural,33,2,33.06666666666667,-0.26116040349006653,-1.2808010345893914
COHFACE_s08_session3_natural,33,3,33.1,-0.41192537546157837,-1.643113664104227
COHFACE_s08_session3_natural,33,4,33.13333333333333,-0.5032649040222168,-1.839188090017266
COHFACE_s08_session3_natural,33,5,33.166666666666664,-0.5714501738548279,-1.8806348718152055
COHFACE_s08_session3_natural,33,6,33.2,-0.6203136444091797,-1.8035230830442388
COHFACE_s08_session3_natural,33,7,33.233333333333334,-0.6804006099700928,-1.650001562732023
COHFACE_s08_session3_natural,33,8,33.266666666666666,-0.7374308109283447,-1.4518299398231405
COHFACE_s08_session3_natural,33,9,33.3,-0.7894879579544067,-1.2223862031124866
COHFACE_s08_session3_natural,33,10,33.333333333333336,-0.8578556776046753,-0.9583634442649756
COHFACE_s08_session3_natural,33,11,33.36666666666667,-0.7950769066810608,-0.6479967481895768
COHFACE_s08_session3_natural,33,12,33.4,-0.2737526595592499,-0.2817209659427489
COHFACE_s08_session3_natural,33,13,33.43333333333333,0.5907106995582581,0.13812613948640978
COHFACE_s08_session3_natural,33,14,33.46666666666667,1.2322088479995728,0.5917330604170093
COHFACE_s08_session3_natural,33,15,33.5,1.3957486152648926,1.0425371990630363
COHFACE_s08_session3_natural,33,16,33.53333333333333,1.2487475872039795,1.443446976567845
COHFACE_s08_session3_natural,33,17,33.56666666666667,1.0065747499465942,1.7455902609538008
COHFACE_s08_session3_natural,33,18,33.6,0.7823548913002014,1.9074195404928669
COHFACE_s08_session3_natural,33,19,33.63333333333333,0.5501508116722107,1.9033216901051622
COHFACE_s08_session3_natural,33,20,33.666666666666664,0.318106472492218,1.7301436155013565
COHFACE_s08_session3_natural,33,21,33.7,0.1529470831155777,1.4091520162487285
COHFACE_s08_session3_natural,33,22,33.733333333333334,0.08430556207895279,0.9823221342797247
COHFACE_s08_session3_natural,33,23,33.766666666666666,0.07260297238826752,0.5042413400132305
COHFACE_s08_session3_natural,33,24,33.8,0.03763207048177719,0.03212554406259927
COHFACE_s08_session3_natural,33,25,33.833333333333336,-0.07950790226459503,-0.3835205119437328
COHFACE_s08_session3_natural,33,26,33.86666666666667,-0.24808908998966217,-0.7055129443971018
COHFACE_s08_session3_natural,33,27,33.9,-0.4192480444908142,-0.9130317280587036
COHFACE_s08_session3_natural,33,28,33.93333333333333,-0.5710623860359192,-1.0021888393649998
COHFACE_s08_session3_natural,33,29,33.96666666666667,-0.6965972185134888,-0.9859081283959187
COHFACE_s08_session3_natural,33,30,34.0,-0.8096081614494324,-0.8932238400687151
COHFACE_s08_session3_natural,33,31,34.03333333333333,-0.9192886352539062,-0.765962558234618
COHFACE_s08_session3_natural,33,32,34.06666666666667,-0.9959827661514282,-0.650680271266293
COHFACE_s08_session3_natural,33,33,34.1,-1.0695289373397827,-0.5860710898847712
COHFACE_s08_session3_natural,33,34,34.13333333333333,-1.1490061283111572,-0.5894080655126609
COHFACE_s08_session3_natural,33,35,34.166666666666664,-1.2390453815460205,-0.6476586543110321
COHFACE_s08_session3_natural,33,36,34.2,-1.319252610206604,-0.7180757928331383
COHFACE_s08_session3_natural,33,37,34.233333333333334,-1.2020670175552368,-0.7394898757023202
COHFACE_s08_session3_natural,33,38,34.266666666666666,-0.6767963171005249,-0.6510358830861912
COHFACE_s08_session3_natural,33,39,34.3,0.10463111847639084,-0.41230921301965395
COHFACE_s08_session3_natural,33,40,34.333333333333336,0.6892588138580322,-0.019267807839436844
COHFACE_s08_session3_natural,33,41,34.36666666666667,0.8664173483848572,0.4881300229489572
COHFACE_s08_session3_natural,33,42,34.4,0.7911831736564636,1.0293499919266014
COHFACE_s08_session3_natural,33,43,34.43333333333333,0.6627511978149414,1.4988889881070717
COHFACE_s08_session3_natural,33,44,34.46666666666667,0.5196054577827454,1.791750315786665
COHFACE_s08_session3_natural,33,45,34.5,0.3189048767089844,1.8322348889374878
COHFACE_s08_session3_natural,33,46,34.53333333333333,0.14731250703334808,1.5967339561802238
COHFACE_s08_session3_natural,33,47,34.56666666666667,0.07440512627363205,1.1219612347324124
COHFACE_s08_session3_natural,33,48,34.6,0.06213223189115524,0.4949459434339292
COHFACE_s08_session3_natural,33,49,34.63333333333333,0.04182949289679527,-0.17152302159972885
COHFACE_s08_session3_natural,33,50,34.666666666666664,-0.016090352088212967,-0.7679788430393203
COHFACE_s08_session3_natural,33,51,34.7,-0.13380062580108643,-1.2108535005230876
COHFACE_s08_session3_natural,33,52,34.733333333333334,-0.30694422125816345,-1.452985273958859
COHFACE_s08_session3_natural,33,53,34.766666666666666,-0.47027865052223206,-1.4836066658216958
COHFACE_s08_session3_natural,33,54,34.8,-0.5930075645446777,-1.322735487287489
COHFACE_s08_session3_natural,33,55,34.833333333333336,-0.694179117679596,-1.0140913072834208
COHFACE_s08_session3_natural,33,56,34.86666666666667,-0.7901038527488708,-0.6180904520036946
COHFACE_s08_session3_natural,33,57,34.9,-0.8617565631866455,-0.2042070129943273
COHFACE_s08_session3_natural,33,58,34.93333333333333,-0.8677789568901062,0.15872767664820922
COHFACE_s08_session3_natural,33,59,34.96666666666667,-0.7626609206199646,0.4145324184477122
COHFACE_s08_session3_natural,33,60,35.0,-0.9447696805000305,0.5318821007216423
COHFACE_s08_session3_natural,33,61,35.03333333333333,-1.6044491529464722,0.5126782335717143
COHFACE_s08_session3_natural,33,62,35.06666666666667,-2.19163179397583,0.3925285833254008
COHFACE_s08_session3_natural,33,63,35.1,-2.0819742679595947,0.23152806701244155
COHFACE_s08_session3_natural,33,64,35.13333333333333,-1.1984399557113647,0.09717742876620708
COHFACE_s08_session3_natural,33,65,35.166666666666664,-0.3137878477573395,0.04448460966518494
COHFACE_s08_session3_natural,33,66,35.2,0.11003758013248444,0.09946467585173172
COHFACE_s08_session3_natural,33,67,35.233333333333334,0.26208001375198364,0.25114228475817724
COHFACE_s08_session3_natural,33,68,35.266666666666666,0.3175361752510071,0.4544734429652637
COHFACE_s08_session3_natural,33,69,35.3,0.25963911414146423,0.6433600070651608
COHFACE_s08_session3_natural,33,70,35.333333333333336,0.11952739953994751,0.7500177106785293
COHFACE_s08_session3_natural,33,71,35.36666666666667,0.07002520561218262,0.7248263096302608
COHFACE_s08_session3_natural,33,72,35.4,0.15027806162834167,0.5502052829205697
COHFACE_s08_session3_natural,33,73,35.43333333333333,0.2183949053287506,0.24458929737016663
COHFACE_s08_session3_natural,33,74,35.46666666666667,0.19257164001464844,-0.14232742752992356
COHFACE_s08_session3_natural,33,75,35.5,0.09340757876634598,-0.5390749253574231
COHFACE_s08_session3_natural,33,76,35.53333333333333,-0.03664402663707733,-0.8648569059920553
COHFACE_s08_session3_natural,33,77,35.56666666666667,-0.18006350100040436,-1.0458627689728648
COHFACE_s08_session3_natural,33,78,35.6,-0.3039330542087555,-1.0345020219952619
COHFACE_s08_session3_natural,33,79,35.63333333333333,-0.4013405740261078,-0.8264020779189588
COHFACE_s08_session3_natural,33,80,35.666666666666664,-0.4886423647403717,-0.4679854217713316
COHFACE_s08_session3_natural,33,81,35.7,-0.5906122922897339,-0.0490089680989928
COHFACE_s08_session3_natural,33,82,35.733333333333334,-0.6739904284477234,0.3210152982998473
COHFACE_s08_session3_natural,33,83,35.766666666666666,-0.7097369432449341,0.5469125607181817
COHFACE_s08_session3_natural,33,84,35.8,-0.7402822971343994,0.5803545204767562
COHFACE_s08_session3_natural,33,85,35.833333333333336,-0.7578247785568237,0.43701773805195004
COHFACE_s08_session3_natural,33,86,35.86666666666667,-0.5672299265861511,0.19042331993008615
COHFACE_s08_session3_natural,33,87,35.9,-0.002197801833972335,-0.05530027338256098
COHFACE_s08_session3_natural,33,88,35.93333333333333,0.6306089758872986,-0.20257838065969266
COHFACE_s08_session3_natural,33,89,35.96666666666667,0.9471721053123474,-0.1930750562771898
COHFACE_s08_session3_natural,33,90,36.0,0.9389369487762451,-0.025008633889734268
COHFACE_s08_session3_natural,33,91,36.03333333333333,0.8022013902664185,0.24855348300864383
COHFACE_s08_session3_natural,33,92,36.06666666666667,0.678035318851471,0.5373304489662323
COHFACE_s08_session3_natural,33,93,36.1,0.5602109432220459,0.7404110657658213
COHFACE_s08_session3_natural,33,94,36.13333333333333,0.3941390812397003,0.7740411173129714
COHFACE_s08_session3_natural,33,95,36.166666666666664,0.24351099133491516,0.5940683772043787
COHFACE_s08_session3_natural,33,96,36.2,0.15801136195659637,0.20839240428924147
COHFACE_s08_session3_natural,33,97,36.233333333333334,0.13091062009334564,-0.32280999251150044
COHFACE_s08_session3_natural,33,98,36.266666666666666,0.1018480435013771,-0.8984187618041842
COHFACE_s08_session3_natural,33,99,36.3,0.012036928907036781,-1.3963113452311187
COHFACE_s08_session3_natural,33,100,36.333333333333336,-0.14486448466777802,-1.6981181332372832
COHFACE_s08_session3_natural,33,101,36.36666666666667,-0.3052789568901062,-1.7150273090406785
COHFACE_s08_session3_natural,33,102,36.4,-0.3955691158771515,-1.4106658943436021
COHFACE_s08_session3_natural,33,103,36.43333333333333,-0.47529730200767517,-0.8160932861030792
COHFACE_s08_session3_natural,33,104,36.46666666666667,-0.5805749893188477,-0.031020685618189152
COHFACE_s08_session3_natural,33,105,36.5,-0.6915557384490967,0.7930761265299597
COHFACE_s08_session3_natural,33,106,36.53333333333333,-0.770439863204956,1.486942625837586
COHFACE_s08_session3_natural,33,107,36.56666666666667,-0.7950084805488586,1.9066443899488459
COHFACE_s08_session3_natural,33,108,36.6,-0.8193261027336121,1.9728579125447872
COHFACE_s08_session3_natural,33,109,36.63333333333333,-0.8761281967163086,1.6931657242885427
COHFACE_s08_session3_natural,33,110,36.666666666666664,-0.8532932996749878,1.1591756899715193
COHFACE_s08_session3_natural,33,111,36.7,-0.4861786663532257,0.5187046003315462
COHFACE_s08_session3_natural,33,112,36.733333333333334,0.24957901239395142,-0.06814228659743243
COHFACE_s08_session3_natural,33,113,36.766666666666666,0.9459174275398254,-0.4745965629427766
COHFACE_s08_session3_natural,33,114,36.8,1.2489529848098755,-0.6397783693593698
COHFACE_s08_session3_natural,33,115,36.833333333333336,1.2415390014648438,-0.5785433034770286
COHFACE_s08_session3_natural,33,116,36.86666666666667,1.1351207494735718,-0.3677323336997366
COHFACE_s08_session3_natural,33,117,36.9,1.0161329507827759,-0.11616819554214229
COHFACE_s08_session3_natural,33,118,36.93333333333333,0.8548744320869446,0.07011952321499382
COHFACE_s08_session3_natural,33,119,36.96666666666667,0.6410569548606873,0.1165689018103894
COHFACE_s08_session3_natural,33,120,37.0,0.4585147500038147,-0.00425223032642757
COHFACE_s08_session3_natural,33,121,37.03333333333333,0.3542407751083374,-0.2716205722435167
COHFACE_s08_session3_natural,33,122,37.06666666666667,0.3190189301967621,-0.6272655960562015
COHFACE_s08_session3_natural,33,123,37.1,0.26401904225349426,-0.9921442248336476
COHFACE_s08_session3_natural,33,124,37.13333333333333,0.15153273940086365,-1.2840339906330547
COHFACE_s08_session3_natural,33,125,37.166666666666664,0.007520139683037996,-1.432400388208782
COHFACE_s08_session3_natural,33,126,37.2,-0.14297108352184296,-1.3891542331937592
COHFACE_s08_session3_natural,33,127,37.233333333333334,-0.27046772837638855,-1.1355996872952538
COHFACE_s08_session3_natural,33,128,37.266666666666666,-0.37337297201156616,-0.6865681268010315
COHFACE_s08_session3_natural,33,129,37.3,-0.49179044365882874,-0.09192896207275357
COHFACE_s08_session3_natural,33,130,37.333333333333336,-0.5830843448638916,0.5662345956599338
COHFACE_s08_session3_natural,33,131,37.36666666666667,-0.6290278434753418,1.1836165479131366
COHFACE_s08_session3_natural,33,132,37.4,-0.6716408133506775,1.6522827211496351
COHFACE_s08_session3_natural,33,133,37.43333333333333,-0.7176070809364319,1.885457969891072
COHFACE_s08_session3_natural,33,134,37.46666666666667,-0.7472171783447266,1.8416320351920556
COHFACE_s08_session3_natural,33,135,37.5,-0.7675198912620544,1.5389421939326675
COHFACE_s08_session3_natural,33,136,37.53333333333333,-0.6052804589271545,1.052941700762551
COHFACE_s08_session3_natural,33,137,37.56666666666667,-0.00046408461639657617,0.49670856606456326
COHFACE_s08_session3_natural,33,138,37.6,0.819926381111145,-0.010791101409006479
COHFACE_s08_session3_natural,33,139,37.63333333333333,1.338969349861145,-0.37731877293980165
COHFACE_s08_session3_natural,33,140,37.666666666666664,1.4758189916610718,-0.5598490525036264
COHFACE_s08_session3_natural,33,141,37.7,1.4366049766540527,-0.5702905811431127
COHFACE_s08_session3_natural,33,142,37.733333333333334,1.362557053565979,-0.46493314325186846
COHFACE_s08_session3_natural,33,143,37.766666666666666,1.24281644821167,-0.3236257289526384
COHFACE_s08_session3_natural,33,144,37.8,1.039264440536499,-0.22581277062090033
COHFACE_s08_session3_natural,33,145,37.833333333333336,0.8082237839698792,-0.22894748366608664
COHFACE_s08_session3_natural,33,146,37.86666666666667,0.6833049058914185,-0.353278194138264
COHFACE_s08_session3_natural,33,147,37.9,0.6387757062911987,-0.575956360619501
COHFACE_s08_session3_natural,33,148,37.93333333333333,0.5531848073005676,-0.8359833562339748
COHFACE_s08_session3_natural,33,149,37.96666666666667,0.4190042316913605,-1.0493973415513682
COHFACE_s08_session3_natural,33,150,38.0,0.28468677401542664,-1.131602609272176
COHFACE_s08_session3_natural,33,151,38.03333333333333,0.12320014089345932,-1.0215631545747967
COHFACE_s08_session3_natural,33,152,38.06666666666667,-0.014082890003919601,-0.7015435972767223
COHFACE_s08_session3_natural,33,153,38.1,-0.09752944111824036,-0.20673608434289953
COHFACE_s08_session3_natural,33,154,38.13333333333333,-0.1876371055841446,0.37856844812546886
COHFACE_s08_session3_natural,33,155,38.166666666666664,-0.2375955432653427,0.9384443134156375
COHFACE_s08_session3_natural,33,156,38.2,-0.25315338373184204,1.3533288393218577
COHFACE_s08_session3_natural,33,157,38.233333333333334,-0.27436861395835876,1.5319401770399532
COHFACE_s08_session3_natural,33,158,38.266666666666666,-0.31171196699142456,1.4374822151936613
COHFACE_s08_session3_natural,33,159,38.3,-0.3282279074192047,1.0987687529329733
COHFACE_s08_session3_natural,33,160,38.333333333333336,-0.3657993674278259,0.6020227436141155
COHFACE_s08_session3_natural,33,161,38.36666666666667,-0.4381592571735382,0.06641775822389301
COHFACE_s08_session3_natural,33,162,38.4,-0.40296024084091187,-0.3881132172284492
COHFACE_s08_session3_natural,33,163,38.43333333333333,-0.005391491577029228,-0.6707282542761613
COHFACE_s08_session3_natural,33,164,38.46666666666667,0.7358866930007935,-0.7393805867059474
COHFACE_s08_session3_natural,33,165,38.5,1.3943798542022705,-0.6069396265381697
COHFACE_s08_session3_natural,33,166,38.53333333333333,1.679827332496643,-0.33452112753956154
COHFACE_s08_session3_natural,33,167,38.56666666666667,1.6550990343093872,-0.015256082513275517
COHFACE_s08_session3_natural,33,168,38.6,1.4848525524139404,0.2478542473120688
COHFACE_s08_session3_natural,33,169,38.63333333333333,1.279566764831543,0.3664902872643356
COHFACE_s08_session3_natural,33,170,38.666666666666664,1.0320101976394653,0.2898081775033156
COHFACE_s08_session3_natural,33,171,38.7,0.8011748194694519,0.020262207234344715
COHFACE_s08_session3_natural,33,172,38.733333333333334,0.6314986944198608,-0.3827683282052748
COHFACE_s08_session3_natural,33,173,38.766666666666666,0.5462955832481384,-0.8145629003137672
COHFACE_s08_session3_natural,33,174,38.8,0.4957440495491028,-1.150499825451857
COHFACE_s08_session3_natural,33,175,38.833333333333336,0.38106778264045715,-1.279356126407367
COHFACE_s08_session3_natural,33,176,38.86666666666667,0.31879082322120667,-1.1356693883314146
COHFACE_s08_session3_natural,33,177,38.9,0.32273730635643005,-0.7220391065951558
COHFACE_s08_session3_natural,33,178,38.93333333333333,0.27275606989860535,-0.11414449571112331
COHFACE_s08_session3_natural,33,179,38.96666666666667,0.16328094899654388,0.5550019946242588
COHFACE_s08_session3_natural,33,180,39.0,0.04242260381579399,1.1296684495473681
COHFACE_s08_session3_natural,33,181,39.03333333333333,-0.11726187914609909,1.4760229949538464
COHFACE_s08_session3_natural,33,182,39.06666666666667,-0.22121648490428925,1.5215618521950338
COHFACE_s08_session3_natural,33,183,39.1,-0.28518152236938477,1.2741523286587455
COHFACE_s08_session3_natural,33,184,39.13333333333333,-0.41192537546157837,0.8144552279109492
COHFACE_s08_session3_natural,33,185,39.166666666666664,-0.5210354924201965,0.2672455981774621
COHFACE_s08_session3_natural,33,186,39.2,-0.5698077082633972,-0.23603646268800985
COHFACE_s08_session3_natural,33,187,39.233333333333334,-0.6583185195922852,-0.5909086773376756
COHFACE_s08_session3_natural,33,188,39.266666666666666,-0.5911369919776917,-0.7410423714039716
COHFACE_s08_session3_natural,33,189,39.3,-0.14995157718658447,-0.6840700806294027
COHFACE_s08_session3_natural,33,190,39.333333333333336,0.5215901136398315,-0.46405954365610536
COHFACE_s08_session3_natural,33,191,39.36666666666667,1.046495795249939,-0.15545543609830476
COHFACE_s08_session3_natural,33,192,39.4,1.1935880184173584,0.15648394142169836
COHFACE_s08_session3_natural,33,193,39.43333333333333,1.0605252981185913,0.39461151169884623
COHFACE_s08_session3_natural,33,194,39.46666666666667,0.8525019884109497,0.5047697757979183
COHFACE_s08_session3_natural,33,195,39.5,0.6713513731956482,0.4642939650390273
COHFACE_s08_session3_natural,33,196,39.53333333333333,0.5181455016136169,0.2837821430274122
COHFACE_s08_session3_natural,33,197,39.56666666666667,0.3698670566082001,0.003460369946255297
COHFACE_s08_session3_natural,33,198,39.6,0.2727104425430298,-0.31433237260665564
COHFACE_s08_session3_natural,33,199,39.63333333333333,0.2786872088909149,-0.595804937424891
COHFACE_s08_session3_natural,33,200,39.666666666666664,0.28194934129714966,-0.7692640249196167
COHFACE_s08_session3_natural,33,201,39.7,0.1636231243610382,-0.7805923285944073
COHFACE_s08_session3_natural,33,202,39.733333333333334,-0.0006237690686248243,-0.6079466970864366
COHFACE_s08_session3_natural,33,203,39.766666666666666,-0.16852059960365295,-0.2714947572781251
COHFACE_s08_session3_natural,33,204,39.8,-0.3293913006782532,0.16589594259147067
COHFACE_s08_session3_natural,33,205,39.833333333333336,-0.4709630012512207,0.6093919264736509
COHFACE_s08_session3_natural,33,206,39.86666666666667,-0.5878064036369324,0.9538435652055153
COHFACE_s08_session3_natural,33,207,39.9,-0.7020264863967896,1.111882155951414
COHFACE_s08_session3_natural,33,208,39.93333333333333,-0.8179345726966858,1.039965556669199
COHFACE_s08_session3_natural,33,209,39.96666666666667,-0.9306718111038208,0.7525796431137686
COHFACE_s08_session3_natural,33,210,40.0,-1.038527250289917,0.3183044504535245
COHFACE_s08_session3_natural,33,211,40.03333333333333,-1.173574686050415,-0.16140874472459818
COHFACE_s08_session3_natural,33,212,40.06666666666667,-1.3006151914596558,-0.5826339128886091
COHFACE_s08_session3_natural,33,213,40.1,-1.327944040298462,-0.8671592761898832
COHFACE_s08_session3_natural,33,214,40.13333333333333,-1.0970402956008911,-0.9796418850321587
COHFACE_s08_session3_natural,33,215,40.166666666666664,-0.39340198040008545,-0.9305971212733335
COHFACE_s08_session3_natural,33,216,40.2,0.4817146360874176,-0.7670048790070522
COHFACE_s08_session3_natural,33,217,40.233333333333334,1.0271055698394775,-0.554806033723917
COHFACE_s08_session3_natural,33,218,40.266666666666666,1.1565412282943726,-0.35809962580976096
COHFACE_s08_session3_natural,33,219,40.3,1.0884015560150146,-0.21995458542216392
COHFACE_s08_session3_natural,33,220,40.333333333333336,0.9980201721191406,-0.15020478438901513
COHFACE_s08_session3_natural,33,221,40.36666666666667,0.8845985531806946,-0.12511773520766817
COHFACE_s08_session3_natural,33,222,40.4,0.6807955503463745,-0.10070117715329373
COHFACE_s08_session3_natural,33,223,40.43333333333333,0.4786578118801117,-0.03548682352659352
COHFACE_s08_session3_natural,33,224,40.46666666666667,0.352780818939209,0.08758111006175145
COHFACE_s08_session3_natural,33,225,40.5,0.2932412922382355,0.25186222079085885
COHFACE_s08_session3_natural,33,226,40.53333333333333,0.21992331743240356,0.4155960916075973
COHFACE_s08_session3_natural,33,227,40.56666666666667,0.06423094123601913,0.5329276526453811
COHFACE_s08_session3_natural,33,228,40.6,-0.12168741971254349,0.574254070958681
COHFACE_s08_session3_natural,33,229,40.63333333333333,-0.29672443866729736,0.5343780638593603
COHFACE_s08_session3_natural,33,230,40.666666666666664,-0.47506919503211975,0.4275670593730416
COHFACE_s08_session3_natural,33,231,40.7,-0.6340693235397339,0.27780327309576713
COHFACE_s08_session3_natural,33,232,40.733333333333334,-0.7584179043769836,0.11171466303322618
COHFACE_s08_session3_natural,33,233,40.766666666666666,-0.8476586937904358,-0.04464448206061904
COHFACE_s08_session3_natural,33,234,40.8,-0.926497220993042,-0.1676230608436661
COHFACE_s08_session3_natural,33,235,40.833333333333336,-0.9881126284599304,-0.23845996657554433
COHFACE_s08_session3_natural,33,236,40.86666666666667,-1.0109703540802002,-0.24658805989617266
COHFACE_s08_session3_natural,33,237,40.9,-1.012521505355835,-0.19242900262578796
COHFACE_s08_session3_natural,33,238,40.93333333333333,-1.0240187644958496,-0.08808237393920176
COHFACE_s08_session3_natural,33,239,40.96666666666667,-1.024269700050354,0.04483810859564595
COHFACE_s08_session3_natural,34,0,34.0,-0.8096081614494324,0.09200021370942234
COHFACE_s08_session3_natural,34,1,34.03333333333333,-0.9192886352539062,0.33130715992857457
COHFACE_s08_session3_natural,34,2,34.06666666666667,-0.9959827661514282,0.4458879866061869
COHFACE_s08_session3_natural,34,3,34.1,-1.0695289373397827,0.35518675850954545
COHFACE_s08_session3_natural,34,4,34.13333333333333,-1.1490061283111572,0.050040349505998165
COHFACE_s08_session3_natural,34,5,34.166666666666664,-1.2390453815460205,-0.40072404919914184
COHFACE_s08_session3_natural,34,6,34.2,-1.319252610206604,-0.8698093194007288
COHFACE_s08_session3_natural,34,7,34.233333333333334,-1.2020670175552368,-1.2110686207681858
COHFACE_s08_session3_natural,34,8,34.266666666666666,-0.6767963171005249,-1.3052004667563633
COHFACE_s08_session3_natural,34,9,34.3,0.10463111847639084,-1.0958250003129966
COHFACE_s08_session3_natural,34,10,34.333333333333336,0.6892588138580322,-0.6062669500690995
COHFACE_s08_session3_natural,34,11,34.36666666666667,0.8664173483848572,0.06474442008270197
COHFACE_s08_session3_natural,34,12,34.4,0.7911831736564636,0.7660840799686702
COHFACE_s08_session3_natural,34,13,34.43333333333333,0.6627511978149414,1.33144225842285
COHFACE_s08_session3_natural,34,14,34.46666666666667,0.5196054577827454,1.6227672529537993
COHFACE_s08_session3_natural,34,15,34.5,0.3189048767089844,1.5684035178383817
COHFACE_s08_session3_natural,34,16,34.53333333333333,0.14731250703334808,1.1839499261145572
COHFACE_s08_session3_natural,34,17,34.56666666666667,0.07440512627363205,0.568093712359104
COHFACE_s08_session3_natural,34,18,34.6,0.06213223189115524,-0.12621590023160642
COHFACE_s08_session3_natural,34,19,34.63333333333333,0.04182949289679527,-0.7359793129918017
COHFACE_s08_session3_natural,34,20,34.666666666666664,-0.016090352088212967,-1.1327155942016858
COHFACE_s08_session3_natural,34,21,34.7,-0.13380062580108643,-1.2528258030875181
COHFACE_s08_session3_natural,34,22,34.733333333333334,-0.30694422125816345,-1.1059545080591278
COHFACE_s08_session3_natural,34,23,34.766666666666666,-0.47027865052223206,-0.7625219059095145
COHFACE_s08_session3_natural,34,24,34.8,-0.5930075645446777,-0.32799262887915875
COHFACE_s08_session3_natural,34,25,34.833333333333336,-0.694179117679596,0.0865855803742042
COHFACE_s08_session3_natural,34,26,34.86666666666667,-0.7901038527488708,0.3899806886424786
COHFACE_s08_session3_natural,34,27,34.9,-0.8617565631866455,0.5277046111738999
COHFACE_s08_session3_natural,34,28,34.93333333333333,-0.8677789568901062,0.4890711355691742
COHFACE_s08_session3_natural,34,29,34.96666666666667,-0.7626609206199646,0.3047936229769315
COHFACE_s08_session3_natural,34,30,35.0,-0.9447696805000305,0.03650224511943287
COHFACE_s08_session3_natural,34,31,35.03333333333333,-1.6044491529464722,-0.23930258568590687
COHFACE_s08_session3_natural,34,32,35.06666666666667,-2.19163179397583,-0.44882785415269655
COHFACE_s08_session3_natural,34,33,35.1,-2.0819742679595947,-0.5357867275345192
COHFACE_s08_session3_natural,34,34,35.13333333333333,-1.1984399557113647,-0.47106450157902957
COHFACE_s08_session3_natural,34,35,35.166666666666664,-0.3137878477573395,-0.2571843710044842
COHFACE_s08_session3_natural,34,36,35.2,0.11003758013248444,0.07189677012046815
COHFACE_s08_session3_natural,34,37,35.233333333333334,0.26208001375198364,0.45556923458426374
COHFACE_s08_session3_natural,34,38,35.266666666666666,0.3175361752510071,0.8159190338300709
COHFACE_s08_session3_natural,34,39,35.3,0.25963911414146423,1.0714694338204696
COHFACE_s08_session3_natural,34,40,35.333333333333336,0.11952739953994751,1.1547320523067517
COHFACE_s08_session3_natural,34,41,35.36666666666667,0.07002520561218262,1.0307275054429257
COHFACE_s08_session3_natural,34,42,35.4,0.15027806162834167,0.709910003938734
COHFACE_s08_session3_natural,34,43,35.43333333333333,0.2183949053287506,0.24882013577527048
COHFACE_s08_session3_natural,34,44,35.46666666666667,0.19257164001464844,-0.2621789406747288
COHFACE_s08_session3_natural,34,45,35.5,0.09340757876634598,-0.7189020638491663
COHFACE_s08_session3_natural,34,46,35.53333333333333,-0.03664402663707733,-1.0260612974692727
COHFACE_s08_session3_natural,34,47,35.56666666666667,-0.18006350100040436,-1.1198871312867644
COHFACE_s08_session3_natural,34,48,35.6,-0.3039330542087555,-0.9867246612834827
COHFACE_s08_session3_natural,34,49,35.63333333333333,-0.4013405740261078,-0.6713283415585173
COHFACE_s08_session3_natural,34,50,35.666666666666664,-0.4886423647403717,-0.2693497993026746
COHFACE_s08_session3_natural,34,51,35.7,-0.5906122922897339,0.09719392529038692
COHFACE_s08_session3_natural,34,52,35.733333333333334,-0.6739904284477234,0.31674255532855333
COHFACE_s08_session3_natural,34,53,35.766666666666666,-0.7097369432449341,0.3266315058723974
COHFACE_s08_session3_natural,34,54,35.8,-0.7402822971343994,0.13878895215774142
COHFACE_s08_session3_natural,34,55,35.833333333333336,-0.7578247785568237,-0.1597249026195015
COHFACE_s08_session3_natural,34,56,35.86666666666667,-0.5672299265861511,-0.4349145546368556
COHFACE_s08_session3_natural,34,57,35.9,-0.002197801833972335,-0.5542034552234564
COHFACE_s08_session3_natural,34,58,35.93333333333333,0.6306089758872986,-0.4368141397502418
COHFACE_s08_session3_natural,34,59,35.96666666666667,0.9471721053123474,-0.0859770485445194
COHFACE_s08_session3_natural,34,60,36.0,0.9389369487762451,0.4101647458972934
COHFACE_s08_session3_natural,34,61,36.03333333333333,0.8022013902664185,0.9088386616097897
COHFACE_s08_session3_natural,34,62,36.06666666666667,0.678035318851471,1.260708247183641
COHFACE_s08_session3_natural,34,63,36.1,0.5602109432220459,1.3559474105689489
COHFACE_s08_session3_natural,34,64,36.13333333333333,0.3941390812397003,1.1524173903017079
COHFACE_s08_session3_natural,34,65,36.166666666666664,0.24351099133491516,0.680511237183099
COHFACE_s08_session3_natural,34,66,36.2,0.15801136195659637,0.02947860047448524
COHFACE_s08_session3_natural,34,67,36.233333333333334,0.13091062009334564,-0.6752561352673404
COHFACE_s08_session3_natural,34,68,36.266666666666666,0.1018480435013771,-1.2962942451021904
COHFACE_s08_session3_natural,34,69,36.3,0.012036928907036781,-1.70723450245759
COHFACE_s08_session3_natural,34,70,36.333333333333336,-0.14486448466777802,-1.8143136861556062
COHFACE_s08_session3_natural,34,71,36.36666666666667,-0.3052789568901062,-1.5760349956299124
COHFACE_s08_session3_natural,34,72,36.4,-0.3955691158771515,-1.0176611994940614
COHFACE_s08_session3_natural,34,73,36.43333333333333,-0.47529730200767517,-0.23478717769807317
COHFACE_s08_session3_natural,34,74,36.46666666666667,-0.5805749893188477,0.6203394463362684
COHFACE_s08_session3_natural,34,75,36.5,-0.6915557384490967,1.3714425339797598
COHFACE_s08_session3_natural,34,76,36.53333333333333,-0.770439863204956,1.8621309193463653
COHFACE_s08_session3_natural,34,77,36.56666666666667,-0.7950084805488586,1.996360783755641
COHFACE_s08_session3_natural,34,78,36.6,-0.8193261027336121,1.7618602038653417
COHFACE_s08_session3_natural,34,79,36.63333333333333,-0.8761281967163086,1.230051179377977
COHFACE_s08_session3_natural,34,80,36.666666666666664,-0.8532932996749878,0.5337890520791393
COHFACE_s08_session3_natural,34,81,36.7,-0.4861786663532257,-0.16952083353728647
COHFACE_s08_session3_natural,34,82,36.733333333333334,0.24957901239395142,-0.7379369143970868
COHFACE_s08_session3_natural,34,83,36.766666666666666,0.9459174275398254,-1.0765818591102239
COHFACE_s08_session3_natural,34,84,36.8,1.2489529848098755,-1.1535523615315986
COHFACE_s08_session3_natural,34,85,36.833333333333336,1.2415390014648438,-0.9989418651466
COHFACE_s08_session3_natural,34,86,36.86666666666667,1.1351207494735718,-0.6905167728457793
COHFACE_s08_session3_natural,34,87,36.9,1.0161329507827759,-0.3315717033397549
COHFACE_s08_session3_natural,34,88,36.93333333333333,0.8548744320869446,-0.026129295177733013
COHFACE_s08_session3_natural,34,89,36.96666666666667,0.6410569548606873,0.14443302841777997
COHFACE_s08_session3_natural,34,90,37.0,0.4585147500038147,0.1396707628474703
COHFACE_s08_session3_natural,34,91,37.03333333333333,0.3542407751083374,-0.030536828559574417
COHFACE_s08_session3_natural,34,92,37.06666666666667,0.3190189301967621,-0.3088001664329492
COHFACE_s08_session3_natural,34,93,37.1,0.26401904225349426,-0.6058881411768295
COHFACE_s08_session3_natural,34,94,37.13333333333333,0.15153273940086365,-0.8252133235611937
COHFACE_s08_session3_natural,34,95,37.166666666666664,0.007520139683037996,-0.8883658134350394
COHFACE_s08_session3_natural,34,96,37.2,-0.14297108352184296,-0.7540325292942825
COHFACE_s08_session3_natural,34,97,37.233333333333334,-0.27046772837638855,-0.4262732741745584
COHFACE_s08_session3_natural,34,98,37.266666666666666,-0.37337297201156616,0.04731217320509958
COHFACE_s08_session3_natural,34,99,37.3,-0.49179044365882874,0.5847079480100669
COHFACE_s08_session3_natural,34,100,37.333333333333336,-0.5830843448638916,1.0840977615437315
COHFACE_s08_session3_natural,34,101,37.36666666666667,-0.6290278434753418,1.443467115752672
COHFACE_s08_session3_natural,34,102,37.4,-0.6716408133506775,1.5833226616482496
COHFACE_s08_session3_natural,34,103,37.43333333333333,-0.7176070809364319,1.467853245725909
COHFACE_s08_session3_natural,34,104,37.46666666666667,-0.7472171783447266,1.1182627613747593
COHFACE_s08_session3_natural,34,105,37.5,-0.7675198912620544,0.6123727897755993
COHFACE_s08_session3_natural,34,106,37.53333333333333,-0.6052804589271545,0.0671089899540182
COHFACE_s08_session3_natural,34,107,37.56666666666667,-0.00046408461639657617,-0.39382696815277063
COHFACE_s08_session3_natural,34,108,37.6,0.819926381111145,-0.6770640176283327
COHFACE_s08_session3_natural,34,109,37.63333333333333,1.338969349861145,-0.7470938808396257
COHFACE_s08_session3_natural,34,110,37.666666666666664,1.4758189916610718,-0.6332958970630108
COHFACE_s08_session3_natural,34,111,37.7,1.4366049766540527,-0.414577020176256
COHFACE_s08_session3_natural,34,112,37.733333333333334,1.362557053565979,-0.1890307133380442
COHFACE_s08_session3_natural,34,113,37.766666666666666,1.24281644821167,-0.041040843812187124
COHFACE_s08_session3_natural,34,114,37.8,1.039264440536499,-0.017259808370234518
COHFACE_s08_session3_natural,34,115,37.833333333333336,0.8082237839698792,-0.11766643230455733
COHFACE_s08_session3_natural,34,116,37.86666666666667,0.6833049058914185,-0.3017535417701572
COHFACE_s08_session3_natural,34,117,37.9,0.6387757062911987,-0.5052503999492346
COHFACE_s08_session3_natural,34,118,37.93333333333333,0.5531848073005676,-0.6607205640505839
COHFACE_s08_session3_natural,34,119,37.96666666666667,0.4190042316913605,-0.7156406377201119
COHFACE_s08_session3_natural,34,120,38.0,0.28468677401542664,-0.6434171056020833
COHFACE_s08_session3_natural,34,121,38.03333333333333,0.12320014089345932,-0.4458184358239642
COHFACE_s08_session3_natural,34,122,38.06666666666667,-0.014082890003919601,-0.14869871130978485
COHFACE_s08_session3_natural,34,123,38.1,-0.09752944111824036,0.2051360570979139
COHFACE_s08_session3_natural,34,124,38.13333333333333,-0.1876371055841446,0.562726965788656
COHFACE_s08_session3_natural,34,125,38.166666666666664,-0.2375955432653427,0.8666987613300209
COHFACE_s08_session3_natural,34,126,38.2,-0.25315338373184204,1.061517678057981
COHFACE_s08_session3_natural,34,127,38.233333333333334,-0.27436861395835876,1.1022353601531922
COHFACE_s08_session3_natural,34,128,38.266666666666666,-0.31171196699142456,0.9656331281891773
COHFACE_s08_session3_natural,34,129,38.3,-0.3282279074192047,0.6605987897696993
COHFACE_s08_session3_natural,34,130,38.333333333333336,-0.3657993674278259,0.23269395497968834
COHFACE_s08_session3_natural,34,131,38.36666666666667,-0.4381592571735382,-0.24112195247674872
COHFACE_s08_session3_natural,34,132,38.4,-0.40296024084091187,-0.6678433838886116
COHFACE_s08_session3_natural,34,133,38.43333333333333,-0.005391491577029228,-0.9599220800776112
COHFACE_s08_session3_natural,34,134,38.46666666666667,0.7358866930007935,-1.0569714460306485
COHFACE_s08_session3_natural,34,135,38.5,1.3943798542022705,-0.9420624279913512
COHFACE_s08_session3_natural,34,136,38.53333333333333,1.679827332496643,-0.6486386699578099
COHFACE_s08_session3_natural,34,137,38.56666666666667,1.6550990343093872,-0.25598324358233715
COHFACE_s08_session3_natural,34,138,38.6,1.4848525524139404,0.127134330354574
COHFACE_s08_session3_natural,34,139,38.63333333333333,1.279566764831543,0.38926753385206575
COHFACE_s08_session3_natural,34,140,38.666666666666664,1.0320101976394653,0.4495335798001809
COHFACE_s08_session3_natural,34,141,38.7,0.8011748194694519,0.2885607841605705
COHFACE_s08_session3_natural,34,142,38.733333333333334,0.6314986944198608,-0.036359249054594395
COHFACE_s08_session3_natural,34,143,38.766666666666666,0.5462955832481384,-0.4033935380667676
COHFACE_s08_session3_natural,34,144,38.8,0.4957440495491028,-0.665112285119673
COHFACE_s08_session3_natural,34,145,38.833333333333336,0.38106778264045715,-0.7000851448980203
COHFACE_s08_session3_natural,34,146,38.86666666666667,0.31879082322120667,-0.45725837842743455
COHFACE_s08_session3_natural,34,147,38.9,0.32273730635643005,0.023191681420754964
COHFACE_s08_session3_natural,34,148,38.93333333333333,0.27275606989860535,0.6198251904561485
COHFACE_s08_session3_natural,34,149,38.96666666666667,0.16328094899654388,1.1673385352395098
COHFACE_s08_session3_natural,34,150,39.0,0.04242260381579399,1.5088168112950389
COHFACE_s08_session3_natural,34,151,39.03333333333333,-0.11726187914609909,1.5450990315150692
COHFACE_s08_session3_natural,34,152,39.06666666666667,-0.22121648490428925,1.264178348748365
COHFACE_s08_session3_natural,34,153,39.1,-0.28518152236938477,0.7408607865004565
COHFACE_s08_session3_natural,34,154,39.13333333333333,-0.41192537546157837,0.10880252423859475
COHFACE_s08_session3_natural,34,155,39.166666666666664,-0.5210354924201965,-0.48250899621140525
COHFACE_s08_session3_natural,34,156,39.2,-0.5698077082633972,-0.9096305888705605
COHFACE_s08_session3_natural,34,157,39.233333333333334,-0.6583185195922852,-1.1030612823453063
COHFACE_s08_session3_natural,34,158,39.266666666666666,-0.5911369919776917,-1.0555644916690328
COHFACE_s08_session3_natural,34,159,39.3,-0.14995157718658447,-0.8127871851761341
COHFACE_s08_session3_natural,34,160,39.333333333333336,0.5215901136398315,-0.4529627808662684
COHFACE_s08_session3_natural,34,161,39.36666666666667,1.046495795249939,-0.06373928072988429
COHFACE_s08_session3_natural,34,162,39.4,1.1935880184173584,0.2775667081590647
COHFACE_s08_session3_natural,34,163,39.43333333333333,1.0605252981185913,0.5167504070079505
COHFACE_s08_session3_natural,34,164,39.46666666666667,0.8525019884109497,0.6272581101959765
COHFACE_s08_session3_natural,34,165,39.5,0.6713513731956482,0.6073077031746345
COHFACE_s08_session3_natural,34,166,39.53333333333333,0.5181455016136169,0.4727349722116672
COHFACE_s08_session3_natural,34,167,39.56666666666667,0.3698670566082001,0.24989111706462214
COHFACE_s08_session3_natural,34,168,39.6,0.2727104425430298,-0.028336883277229254
COHFACE_s08_session3_natural,34,169,39.63333333333333,0.2786872088909149,-0.32330309331992957
COHFACE_s08_session3_natural,34,170,39.666666666666664,0.28194934129714966,-0.590937273638481
COHFACE_s08_session3_natural,34,171,39.7,0.1636231243610382,-0.7852423013526948
COHFACE_s08_session3_natural,34,172,39.733333333333334,-0.0006237690686248243,-0.8667198697093528
COHFACE_s08_session3_natural,34,173,39.766666666666666,-0.16852059960365295,-0.8141530417436005
COHFACE_s08_session3_natural,34,174,39.8,-0.3293913006782532,-0.635290115568548
COHFACE_s08_session3_natural,34,175,39.833333333333336,-0.4709630012512207,-0.3709023829854867
COHFACE_s08_session3_natural,34,176,39.86666666666667,-0.5878064036369324,-0.08803672501156676
COHFACE_s08_session3_natural,34,177,39.9,-0.7020264863967896,0.13806134448385304
COHFACE_s08_session3_natural,34,178,39.93333333333333,-0.8179345726966858,0.24887755869168685
COHFACE_s08_session3_natural,34,179,39.96666666666667,-0.9306718111038208,0.22532463950048892
COHFACE_s08_session3_natural,34,180,40.0,-1.038527250289917,0.09746063384640237
COHFACE_s08_session3_natural,34,181,40.03333333333333,-1.173574686050415,-0.06527782139001893
COHFACE_s08_session3_natural,34,182,40.06666666666667,-1.3006151914596558,-0.18020799377561478
COHFACE_s08_session3_natural,34,183,40.1,-1.327944040298462,-0.18234737803730774
COHFACE_s08_session3_natural,34,184,40.13333333333333,-1.0970402956008911,-0.04739343946819363
COHFACE_s08_session3_natural,34,185,40.166666666666664,-0.39340198040008545,0.20112903554015318
COHFACE_s08_session3_natural,34,186,40.2,0.4817146360874176,0.5016607472949526
COHFACE_s08_session3_natural,34,187,40.233333333333334,1.0271055698394775,0.7765308891061043
COHFACE_s08_session3_natural,34,188,40.266666666666666,1.1565412282943726,0.9575076040546385
COHFACE_s08_session3_natural,34,189,40.3,1.0884015560150146,1.006016121979768
COHFACE_s08_session3_natural,34,190,40.333333333333336,0.9980201721191406,0.9218096745859823
COHFACE_s08_session3_natural,34,191,40.36666666666667,0.8845985531806946,0.7382548757295381
COHFACE_s08_session3_natural,34,192,40.4,0.6807955503463745,0.506711215025908
COHFACE_s08_session3_natural,34,193,40.43333333333333,0.4786578118801117,0.2762134269334134
COHFACE_s08_session3_natural,34,194,40.46666666666667,0.352780818939209,0.07701309030496717
COHFACE_s08_session3_natural,34,195,40.5,0.2932412922382355,-0.08476525099698488
COHFACE_s08_session3_natural,34,196,40.53333333333333,0.21992331743240356,-0.21986193104197727
COHFACE_s08_session3_natural,34,197,40.56666666666667,0.06423094123601913,-0.3415358715144984
COHFACE_s08_session3_natural,34,198,40.6,-0.12168741971254349,-0.4533940129455596
COHFACE_s08_session3_natural,34,199,40.63333333333333,-0.29672443866729736,-0.5465552388418368
COHFACE_s08_session3_natural,34,200,40.666666666666664,-0.47506919503211975,-0.6065114943829236
COHFACE_s08_session3_natural,34,201,40.7,-0.6340693235397339,-0.6238334059588885
COHFACE_s08_session3_natural,34,202,40.733333333333334,-0.7584179043769836,-0.6017331514084745
COHFACE_s08_session3_natural,34,203,40.766666666666666,-0.8476586937904358,-0.5566146108409115
COHFACE_s08_session3_natural,34,204,40.8,-0.926497220993042,-0.5117829973321926
COHFACE_s08_session3_natural,34,205,40.833333333333336,-0.9881126284599304,-0.487314294214132
COHFACE_s08_session3_natural,34,206,40.86666666666667,-1.0109703540802002,-0.4900812691497311
COHFACE_s08_session3_natural,34,207,40.9,-1.012521505355835,-0.507654472660522
COHFACE_s08_session3_natural,34,208,40.93333333333333,-1.0240187644958496,-0.5089277173945956
COHFACE_s08_session3_natural,34,209,40.96666666666667,-1.024269700050354,-0.4527054939672943
COHFACE_s08_session3_natural,34,210,41.0,-0.9180795550346375,-0.30285937375791905
COHFACE_s08_session3_natural,34,211,41.03333333333333,-0.48319026827812195,-0.04548220379181487
COHFACE_s08_session3_natural,34,212,41.06666666666667,0.30998536944389343,0.298869316098338
COHFACE_s08_session3_natural,34,213,41.1,0.995807409286499,0.6742127202828031
COHFACE_s08_session3_natural,34,214,41.13333333333333,1.2651039361953735,1.0016632292963743
COHFACE_s08_session3_natural,34,215,41.166666666666664,1.2308173179626465,1.2019946594984108
COHFACE_s08_session3_natural,34,216,41.2,1.095450520515442,1.2206424881074345
COHFACE_s08_session3_natural,34,217,41.233333333333334,0.9392106533050537,1.0464469445501496
COHFACE_s08_session3_natural,34,218,41.266666666666666,0.7010982632637024,0.7174597837905632
COHFACE_s08_session3_natural,34,219,41.3,0.4353148639202118,0.31137409044239805
COHFACE_s08_session3_natural,34,220,41.333333333333336,0.2622168958187103,-0.07689817496603554
COHFACE_s08_session3_natural,34,221,41.36666666666667,0.19067823886871338,-0.3638264211443523
COHFACE_s08_session3_natural,34,222,41.4,0.13282683491706848,-0.5031564697046613
COHFACE_s08_session3_natural,34,223,41.43333333333333,0.027343828231096268,-0.5002963854579184
COHFACE_s08_session3_natural,34,224,41.46666666666667,-0.1278238743543625,-0.40897541310209656
COHFACE_s08_session3_natural,34,225,41.5,-0.2997584342956543,-0.3095850900397687
COHFACE_s08_session3_natural,34,226,41.53333333333333,-0.46843087673187256,-0.27618492013730694
COHFACE_s08_session3_natural,34,227,41.56666666666667,-0.6252182126045227,-0.344533708501401
COHFACE_s08_session3_natural,34,228,41.6,-0.7433619499206543,-0.49340561804733574
COHFACE_s08_session3_natural,34,229,41.63333333333333,-0.8365492224693298,-0.6471458896919503
COHFACE_s08_session3_natural,34,230,41.666666666666664,-0.9051907658576965,-0.7012567089188403
COHFACE_s08_session3_natural,34,231,41.7,-0.9735128879547119,-0.564610215815277
COHFACE_s08_session3_natural,34,232,41.733333333333334,-1.039781928062439,-0.20298035722253066
COHFACE_s08_session3_natural,34,233,41.766666666666666,-1.0977702140808105,0.33480487295279304
COHFACE_s08_session3_natural,34,234,41.8,-1.164381504058838,0.9205588493282001
COHFACE_s08_session3_natural,34,235,41.833333333333336,-1.2244457006454468,1.3814617999803058
COHFACE_s08_session3_natural,34,236,41.86666666666667,-1.2657582759857178,1.556748771395409
COHFACE_s08_session3_natural,34,237,41.9,-1.182380199432373,1.3583191929674245
COHFACE_s08_session3_natural,34,238,41.93333333333333,-0.7124971747398376,0.8107815191569855
COHFACE_s08_session3_natural,34,239,41.96666666666667,0.04926622658967972,0.05093430480133422
COHFACE_s08_session3_natural,35,0,35.0,-0.9447696805000305,0.07413489810158858
COHFACE_s08_session3_natural,35,1,35.03333333333333,-1.6044491529464722,0.35054797426680195
COHFACE_s08_session3_natural,35,2,35.06666666666667,-2.19163179397583,0.5476079120782397
COHFACE_s08_session3_natural,35,3,35.1,-2.0819742679595947,0.615952613294036
COHFACE_s08_session3_natural,35,4,35.13333333333333,-1.1984399557113647,0.5505616923436653
COHFACE_s08_session3_natural,35,5,35.166666666666664,-0.3137878477573395,0.3904614142325509
COHFACE_s08_session3_natural,35,6,35.2,0.11003758013248444,0.20134953858093652
COHFACE_s08_session3_natural,35,7,35.233333333333334,0.26208001375198364,0.04890673183262372
COHFACE_s08_session3_natural,35,8,35.266666666666666,0.3175361752510071,-0.02570737921178141
COHFACE_s08_session3_natural,35,9,35.3,0.25963911414146423,-0.018268705400770465
COHFACE_s08_session3_natural,35,10,35.333333333333336,0.11952739953994751,0.04239487569194828
COHFACE_s08_session3_natural,35,11,35.36666666666667,0.07002520561218262,0.11115351824134873
COHFACE_s08_session3_natural,35,12,35.4,0.15027806162834167,0.14660809248121273
COHFACE_s08_session3_natural,35,13,35.43333333333333,0.2183949053287506,0.12474608912104235
COHFACE_s08_session3_natural,35,14,35.46666666666667,0.19257164001464844,0.043138803133771254
COHFACE_s08_session3_natural,35,15,35.5,0.09340757876634598,-0.08131694273719989
COHFACE_s08_session3_natural,35,16,35.53333333333333,-0.03664402663707733,-0.21831698581893497
COHFACE_s08_session3_natural,35,17,35.56666666666667,-0.18006350100040436,-0.33349958353207915
COHFACE_s08_session3_natural,35,18,35.6,-0.3039330542087555,-0.40025962654160047
COHFACE_s08_session3_natural,35,19,35.63333333333333,-0.4013405740261078,-0.4102827308358914
COHFACE_s08_session3_natural,35,20,35.666666666666664,-0.4886423647403717,-0.3780712764717132
COHFACE_s08_session3_natural,35,21,35.7,-0.5906122922897339,-0.33642022564428165
COHFACE_s08_session3_natural,35,22,35.733333333333334,-0.6739904284477234,-0.3231373871650944
COHFACE_s08_session3_natural,35,23,35.766666666666666,-0.7097369432449341,-0.3631506223410846
COHFACE_s08_session3_natural,35,24,35.8,-0.7402822971343994,-0.45311391492182007
COHFACE_s08_session3_natural,35,25,35.833333333333336,-0.7578247785568237,-0.5560309659499135
COHFACE_s08_session3_natural,35,26,35.86666666666667,-0.5672299265861511,-0.6102949682582417
COHFACE_s08_session3_natural,35,27,35.9,-0.002197801833972335,-0.55158404672131
COHFACE_s08_session3_natural,35,28,35.93333333333333,0.6306089758872986,-0.3396550858898106
COHFACE_s08_session3_natural,35,29,35.96666666666667,0.9471721053123474,0.021174620830594446
COHFACE_s08_session3_natural,35,30,36.0,0.9389369487762451,0.4768685570045355
COHFACE_s08_session3_natural,35,31,36.03333333333333,0.8022013902664185,0.9362942664637702
COHFACE_s08_session3_natural,35,32,36.06666666666667,0.678035318851471,1.2965831870377733
COHFACE_s08_session3_natural,35,33,36.1,0.5602109432220459,1.4715765087713886
COHFACE_s08_session3_natural,35,34,36.13333333333333,0.3941390812397003,1.4140370284313932
COHFACE_s08_session3_natural,35,35,36.166666666666664,0.24351099133491516,1.1261579055257087
COHFACE_s08_session3_natural,35,36,36.2,0.15801136195659637,0.6574762950614595
COHFACE_s08_session3_natural,35,37,36.233333333333334,0.13091062009334564,0.09282203812583631
COHFACE_s08_session3_natural,35,38,36.266666666666666,0.1018480435013771,-0.4653429091523931
COHFACE_s08_session3_natural,35,39,36.3,0.012036928907036781,-0.9160358415662365
COHFACE_s08_session3_natural,35,40,36.333333333333336,-0.14486448466777802,-1.1775870177018217
COHFACE_s08_session3_natural,35,41,36.36666666666667,-0.3052789568901062,-1.2026367705284955
COHFACE_s08_session3_natural,35,42,36.4,-0.3955691158771515,-0.9886562343142676
COHFACE_s08_session3_natural,35,43,36.43333333333333,-0.47529730200767517,-0.5815834148203706
COHFACE_s08_session3_natural,35,44,36.46666666666667,-0.5805749893188477,-0.07001506237682151
COHFACE_s08_session3_natural,35,45,36.5,-0.6915557384490967,0.431237031627242
COHFACE_s08_session3_natural,35,46,36.53333333333333,-0.770439863204956,0.8064469063392602
COHFACE_s08_session3_natural,35,47,36.56666666666667,-0.7950084805488586,0.9676710300439489
COHFACE_s08_session3_natural,35,48,36.6,-0.8193261027336121,0.8786510179674485
COHFACE_s08_session3_natural,35,49,36.63333333333333,-0.8761281967163086,0.5658634348725137
COHFACE_s08_session3_natural,35,50,36.666666666666664,-0.8532932996749878,0.11237608131114465
COHFACE_s08_session3_natural,35,51,36.7,-0.4861786663532257,-0.3640946759819963
COHFACE_s08_session3_natural,35,52,36.733333333333334,0.24957901239395142,-0.7423643674910647
COHFACE_s08_session3_natural,35,53,36.766666666666666,0.9459174275398254,-0.9290441615039905
COHFACE_s08_session3_natural,35,54,36.8,1.2489529848098755,-0.8814291567007895
COHFACE_s08_session3_natural,35,55,36.833333333333336,1.2415390014648438,-0.6166401144570807
COHFACE_s08_session3_natural,35,56,36.86666666666667,1.1351207494735718,-0.20560914680859554
COHFACE_s08_session3_natural,35,57,36.9,1.0161329507827759,0.245772460674846
COHFACE_s08_session3_natural,35,58,36.93333333333333,0.8548744320869446,0.6232265497405514
COHFACE_s08_session3_natural,35,59,36.96666666666667,0.6410569548606873,0.8318716390353851
COHFACE_s08_session3_natural,35,60,37.0,0.4585147500038147,0.8188413656562064
COHFACE_s08_session3_natural,35,61,37.03333333333333,0.3542407751083374,0.5856378692595319
COHFACE_s08_session3_natural,35,62,37.06666666666667,0.3190189301967621,0.18723548999815967
COHFACE_s08_session3_natural,35,63,37.1,0.26401904225349426,-0.2819488739462005
COHFACE_s08_session3_natural,35,64,37.13333333333333,0.15153273940086365,-0.711352296236933
COHFACE_s08_session3_natural,35,65,37.166666666666664,0.007520139683037996,-1.000180421116488
COHFACE_s08_session3_natural,35,66,37.2,-0.14297108352184296,-1.079076914079589
COHFACE_s08_session3_natural,35,67,37.233333333333334,-0.27046772837638855,-0.923213362002694
COHFACE_s08_session3_natural,35,68,37.266666666666666,-0.37337297201156616,-0.5562333842328417
COHFACE_s08_session3_natural,35,69,37.3,-0.49179044365882874,-0.046625320922335914
COHFACE_s08_session3_natural,35,70,37.333333333333336,-0.5830843448638916,0.5027239055090534
COHFACE_s08_session3_natural,35,71,37.36666666666667,-0.6290278434753418,0.9723843090297855
COHFACE_s08_session3_natural,35,72,37.4,-0.6716408133506775,1.2512145990556347
COHFACE_s08_session3_natural,35,73,37.43333333333333,-0.7176070809364319,1.2645181442727156
COHFACE_s08_session3_natural,35,74,37.46666666666667,-0.7472171783447266,0.9984114314679182
COHFACE_s08_session3_natural,35,75,37.5,-0.7675198912620544,0.5113259819330713
COHFACE_s08_session3_natural,35,76,37.53333333333333,-0.6052804589271545,-0.07515921016377065
COHFACE_s08_session3_natural,35,77,37.56666666666667,-0.00046408461639657617,-0.60763128350221
COHFACE_s08_session3_natural,35,78,37.6,0.819926381111145,-0.945684213422328
COHFACE_s08_session3_natural,35,79,37.63333333333333,1.338969349861145,-1.0042345178695025
COHFACE_s08_session3_natural,35,80,37.666666666666664,1.4758189916610718,-0.7780449876506499
COHFACE_s08_session3_natural,35,81,37.7,1.4366049766540527,-0.34099126313841616
COHFACE_s08_session3_natural,35,82,37.733333333333334,1.362557053565979,0.17759925313960712
COHFACE_s08_session3_natural,35,83,37.766666666666666,1.24281644821167,0.6301027658495758
COHFACE_s08_session3_natural,35,84,37.8,1.039264440536499,0.8897091882737372
COHFACE_s08_session3_natural,35,85,37.833333333333336,0.8082237839698792,0.8817053099366559
COHFACE_s08_session3_natural,35,86,37.86666666666667,0.6833049058914185,0.6004556122046515
COHFACE_s08_session3_natural,35,87,37.9,0.6387757062911987,0.10939002422172944
COHFACE_s08_session3_natural,35,88,37.93333333333333,0.5531848073005676,-0.47480997442186684
COHFACE_s08_session3_natural,35,89,37.96666666666667,0.4190042316913605,-1.0093563230960358
COHFACE_s08_session3_natural,35,90,38.0,0.28468677401542664,-1.3574208852493994
COHFACE_s08_session3_natural,35,91,38.03333333333333,0.12320014089345932,-1.418520759583645
COHFACE_s08_session3_natural,35,92,38.06666666666667,-0.014082890003919601,-1.1518977618416237
COHFACE_s08_session3_natural,35,93,38.1,-0.09752944111824036,-0.5891590775178943
COHFACE_s08_session3_natural,35,94,38.13333333333333,-0.1876371055841446,0.1665542595974177
COHFACE_s08_session3_natural,35,95,38.166666666666664,-0.2375955432653427,0.9569128222679507
COHFACE_s08_session3_natural,35,96,38.2,-0.25315338373184204,1.600573750598202
COHFACE_s08_session3_natural,35,97,38.233333333333334,-0.27436861395835876,1.9370137296393803
COHFACE_s08_session3_natural,35,98,38.266666666666666,-0.31171196699142456,1.871224299328822
COHFACE_s08_session3_natural,35,99,38.3,-0.3282279074192047,1.4044538592107232
COHFACE_s08_session3_natural,35,100,38.333333333333336,-0.3657993674278259,0.6390101823188847
COHFACE_s08_session3_natural,35,101,38.36666666666667,-0.4381592571735382,-0.2461128823656443
COHFACE_s08_session3_natural,35,102,38.4,-0.40296024084091187,-1.0416753936259744
COHFACE_s08_session3_natural,35,103,38.43333333333333,-0.005391491577029228,-1.562458857260242
COHFACE_s08_session3_natural,35,104,38.46666666666667,0.7358866930007935,-1.694012340176365
COHFACE_s08_session3_natural,35,105,38.5,1.3943798542022705,-1.4204388513643664
COHFACE_s08_session3_natural,35,106,38.53333333333333,1.679827332496643,-0.827791096506761
COHFACE_s08_session3_natural,35,107,38.56666666666667,1.6550990343093872,-0.08320416808248275
COHFACE_s08_session3_natural,35,108,38.6,1.4848525524139404,0.6059755504730252
COHFACE_s08_session3_natural,35,109,38.63333333333333,1.279566764831543,1.045136528018712
COHFACE_s08_session3_natural,35,110,38.666666666666664,1.0320101976394653,1.105585328671351
COHFACE_s08_session3_natural,35,111,38.7,0.8011748194694519,0.7635339574384579
COHFACE_s08_session3_natural,35,112,38.733333333333334,0.6314986944198608,0.11173063873513553
COHFACE_s08_session3_natural,35,113,38.766666666666666,0.5462955832481384,-0.6627215445346141
COHFACE_s08_session3_natural,35,114,38.8,0.4957440495491028,-1.3298388500267246
COHFACE_s08_session3_natural,35,115,38.833333333333336,0.38106778264045715,-1.6825715385650497
COHFACE_s08_session3_natural,35,116,38.86666666666667,0.31879082322120667,-1.5970718240947788
COHFACE_s08_session3_natural,35,117,38.9,0.32273730635643005,-1.0695305375208322
COHFACE_s08_session3_natural,35,118,38.93333333333333,0.27275606989860535,-0.21908992914124512
COHFACE_s08_session3_natural,35,119,38.96666666666667,0.16328094899654388,0.7441170583326824
COHFACE_s08_session3_natural,35,120,39.0,0.04242260381579399,1.5776787995762902
COHFACE_s08_session3_natural,35,121,39.03333333333333,-0.11726187914609909,2.075946357092019
COHFACE_s08_session3_natural,35,122,39.06666666666667,-0.22121648490428925,2.127193322262125
COHFACE_s08_session3_natural,35,123,39.1,-0.28518152236938477,1.7394540552620574
COHFACE_s08_session3_natural,35,124,39.13333333333333,-0.41192537546157837,1.0290507663768929
COHFACE_s08_session3_natural,35,125,39.166666666666664,-0.5210354924201965,0.18098905639102839
COHFACE_s08_session3_natural,35,126,39.2,-0.5698077082633972,-0.6025412178469105
COHFACE_s08_session3_natural,35,127,39.233333333333334,-0.6583185195922852,-1.1506158283864332
COHFACE_s08_session3_natural,35,128,39.266666666666666,-0.5911369919776917,-1.3589721416827811
COHFACE_s08_session3_natural,35,129,39.3,-0.14995157718658447,-1.2076169193525552
COHFACE_s08_session3_natural,35,130,39.333333333333336,0.5215901136398315,-0.7599820992839265
COHFACE_s08_session3_natural,35,131,39.36666666666667,1.046495795249939,-0.1454464703253354
COHFACE_s08_session3_natural,35,132,39.4,1.1935880184173584,0.47138817687509144
COHFACE_s08_session3_natural,35,133,39.43333333333333,1.0605252981185913,0.9293617231747837
COHFACE_s08_session3_natural,35,134,39.46666666666667,0.8525019884109497,1.109471086136237
COHFACE_s08_session3_natural,35,135,39.5,0.6713513731956482,0.9641341469635464
COHFACE_s08_session3_natural,35,136,39.53333333333333,0.5181455016136169,0.5288191428719106
COHFACE_s08_session3_natural,35,137,39.56666666666667,0.3698670566082001,-0.08758545550211877
COHFACE_s08_session3_natural,35,138,39.6,0.2727104425430298,-0.7309585483816032
COHFACE_s08_session3_natural,35,139,39.63333333333333,0.2786872088909149,-1.2407054982606092
COHFACE_s08_session3_natural,35,140,39.666666666666664,0.28194934129714966,-1.48904317314571
COHFACE_s08_session3_natural,35,141,39.7,0.1636231243610382,-1.4117212498501208
COHFACE_s08_session3_natural,35,142,39.733333333333334,-0.0006237690686248243,-1.0237004116703787
COHFACE_s08_session3_natural,35,143,39.766666666666666,-0.16852059960365295,-0.4165443254083582
COHFACE_s08_session3_natural,35,144,39.8,-0.3293913006782532,0.2623105066927418
COHFACE_s08_session3_natural,35,145,39.833333333333336,-0.4709630012512207,0.8447100396959905
COHFACE_s08_session3_natural,35,146,39.86666666666667,-0.5878064036369324,1.1841299456946952
COHFACE_s08_session3_natural,35,147,39.9,-0.7020264863967896,1.1950986775080226
COHFACE_s08_session3_natural,35,148,39.93333333333333,-0.8179345726966858,0.8785567270211315
COHFACE_s08_session3_natural,35,149,39.96666666666667,-0.9306718111038208,0.3242205344743779
COHFACE_s08_session3_natural,35,150,40.0,-1.038527250289917,-0.3129852873158867
COHFACE_s08_session3_natural,35,151,40.03333333333333,-1.173574686050415,-0.8567826399123571
COHFACE_s08_session3_natural,35,152,40.06666666666667,-1.3006151914596558,-1.1600174721844063
COHFACE_s08_session3_natural,35,153,40.1,-1.327944040298462,-1.1451698784423796
COHFACE_s08_session3_natural,35,154,40.13333333333333,-1.0970402956008911,-0.8227192324118866
COHFACE_s08_session3_natural,35,155,40.166666666666664,-0.39340198040008545,-0.2838468287626345
COHFACE_s08_session3_natural,35,156,40.2,0.4817146360874176,0.3279704739759991
COHFACE_s08_session3_natural,35,157,40.233333333333334,1.0271055698394775,0.857003424583003
COHFACE_s08_session3_natural,35,158,40.266666666666666,1.1565412282943726,1.1760323009515887
COHFACE_s08_session3_natural,35,159,40.3,1.0884015560150146,1.2178873904062897
COHFACE_s08_session3_natural,35,160,40.333333333333336,0.9980201721191406,0.9902066067997336
COHFACE_s08_session3_natural,35,161,40.36666666666667,0.8845985531806946,0.5697068870809547
COHFACE_s08_session3_natural,35,162,40.4,0.6807955503463745,0.07769582800799196
COHFACE_s08_session3_natural,35,163,40.43333333333333,0.4786578118801117,-0.3556301952411556
COHFACE_s08_session3_natural,35,164,40.46666666666667,0.352780818939209,-0.6265954876224501
COHFACE_s08_session3_natural,35,165,40.5,0.2932412922382355,-0.6821346617015132
COHFACE_s08_session3_natural,35,166,40.53333333333333,0.21992331743240356,-0.5269912333974563
COHFACE_s08_session3_natural,35,167,40.56666666666667,0.06423094123601913,-0.21558667925762554
COHFACE_s08_session3_natural,35,168,40.6,-0.12168741971254349,0.16528146974519622
COHFACE_s08_session3_natural,35,169,40.63333333333333,-0.29672443866729736,0.5166068028149156
COHFACE_s08_session3_natural,35,170,40.666666666666664,-0.47506919503211975,0.7469802150709318
COHFACE_s08_session3_natural,35,171,40.7,-0.6340693235397339,0.7910910638329656
COHFACE_s08_session3_natural,35,172,40.733333333333334,-0.7584179043769836,0.6248894988852239
COHFACE_s08_session3_natural,35,173,40.766666666666666,-0.8476586937904358,0.2733323088070313
COHFACE_s08_session3_natural,35,174,40.8,-0.926497220993042,-0.19288516917058196
COHFACE_s08_session3_natural,35,175,40.833333333333336,-0.9881126284599304,-0.6720767992626648
COHFACE_s08_session3_natural,35,176,40.86666666666667,-1.0109703540802002,-1.054456589663298
COHFACE_s08_session3_natural,35,177,40.9,-1.012521505355835,-1.2473842183190043
COHFACE_s08_session3_natural,35,178,40.93333333333333,-1.0240187644958496,-1.197057916939935
COHFACE_s08_session3_natural,35,179,40.96666666666667,-1.024269700050354,-0.9022239071863849
COHFACE_s08_session3_natural,35,180,41.0,-0.9180795550346375,-0.4172122587579877
COHFACE_s08_session3_natural,35,181,41.03333333333333,-0.48319026827812195,0.15706276003901712
COHFACE_s08_session3_natural,35,182,41.06666666666667,0.30998536944389343,0.6941428775648422
COHFACE_s08_session3_natural,35,183,41.1,0.995807409286499,1.0722684047681437
COHFACE_s08_session3_natural,35,184,41.13333333333333,1.2651039361953735,1.2065565038374495
COHFACE_s08_session3_natural,35,185,41.166666666666664,1.2308173179626465,1.0728987793275786
COHFACE_s08_session3_natural,35,186,41.2,1.095450520515442,0.7149535341754285
COHFACE_s08_session3_natural,35,187,41.233333333333334,0.9392106533050537,0.2314454709563843
COHFACE_s08_session3_natural,35,188,41.266666666666666,0.7010982632637024,-0.25179946730356906
COHFACE_s08_session3_natural,35,189,41.3,0.4353148639202118,-0.6158362450428112
COHFACE_s08_session3_natural,35,190,41.333333333333336,0.2622168958187103,-0.7790085807473627
COHFACE_s08_session3_natural,35,191,41.36666666666667,0.19067823886871338,-0.7167489646566906
COHFACE_s08_session3_natural,35,192,41.4,0.13282683491706848,-0.4667057502758666
COHFACE_s08_session3_natural,35,193,41.43333333333333,0.027343828231096268,-0.11798438009312084
COHFACE_s08_session3_natural,35,194,41.46666666666667,-0.1278238743543625,0.21346611825638492
COHFACE_s08_session3_natural,35,195,41.5,-0.2997584342956543,0.4175989078790081
COHFACE_s08_session3_natural,35,196,41.53333333333333,-0.46843087673187256,0.42226218931672727
COHFACE_s08_session3_natural,35,197,41.56666666666667,-0.6252182126045227,0.21499270138104593
COHFACE_s08_session3_natural,35,198,41.6,-0.7433619499206543,-0.1517514417687068
COHFACE_s08_session3_natural,35,199,41.63333333333333,-0.8365492224693298,-0.5734269122220489
COHFACE_s08_session3_natural,35,200,41.666666666666664,-0.9051907658576965,-0.9214207946189336
COHFACE_s08_session3_natural,35,201,41.7,-0.9735128879547119,-1.0794347118308025
COHFACE_s08_session3_natural,35,202,41.733333333333334,-1.039781928062439,-0.9780630390589026
COHFACE_s08_session3_natural,35,203,41.766666666666666,-1.0977702140808105,-0.6168919051079208
COHFACE_s08_session3_natural,35,204,41.8,-1.164381504058838,-0.06723298977667551
COHFACE_s08_session3_natural,35,205,41.833333333333336,-1.2244457006454468,0.5457725268017339
COHFACE_s08_session3_natural,35,206,41.86666666666667,-1.2657582759857178,1.077948916815948
COHFACE_s08_session3_natural,35,207,41.9,-1.182380199432373,1.40850028103208
COHFACE_s08_session3_natural,35,208,41.93333333333333,-0.7124971747398376,1.4750981123723406
COHFACE_s08_session3_natural,35,209,41.96666666666667,0.04926622658967972,1.2873921026574124
COHFACE_s08_session3_natural,35,210,42.0,0.6354223489761353,0.9151921147754176
COHFACE_s08_session3_natural,35,211,42.03333333333333,0.8389972448348999,0.4600578151752414
COHFACE_s08_session3_natural,35,212,42.06666666666667,0.7774502635002136,0.024048545250705353
COHFACE_s08_session3_natural,35,213,42.1,0.6430872082710266,-0.3139381454130594
COHFACE_s08_session3_natural,35,214,42.13333333333333,0.5077660083770752,-0.5106788927608399
COHFACE_s08_session3_natural,35,215,42.166666666666664,0.3222126364707947,-0.5613884017955394
COHFACE_s08_session3_natural,35,216,42.2,0.11222753673791885,-0.4947919823943597
COHFACE_s08_session3_natural,35,217,42.233333333333334,-0.00561961205676198,-0.36183616061010127
COHFACE_s08_session3_natural,35,218,42.266666666666666,-0.033655647188425064,-0.2205194640687421
COHFACE_s08_session3_natural,35,219,42.3,-0.05811018496751785,-0.12096214765706303
COHFACE_s08_session3_natural,35,220,42.333333333333336,-0.11863060295581818,-0.09446680914054353
COHFACE_s08_session3_natural,35,221,42.36666666666667,-0.24624131619930267,-0.14848460351306414
COHFACE_s08_session3_natural,35,222,42.4,-0.3803078532218933,-0.2676800025275335
COHFACE_s08_session3_natural,35,223,42.43333333333333,-0.5166555643081665,-0.4199657722993479
COHFACE_s08_session3_natural,35,224,42.46666666666667,-0.6406620144844055,-0.565295493592437
COHFACE_s08_session3_natural,35,225,42.5,-0.7377501726150513,-0.6645934673575198
COHFACE_s08_session3_natural,35,226,42.53333333333333,-0.8219038844108582,-0.6868321818410701
COHFACE_s08_session3_natural,35,227,42.56666666666667,-0.8962712287902832,-0.6134965246357498
COHFACE_s08_session3_natural,35,228,42.6,-0.9336830377578735,-0.4407316855381542
COHFACE_s08_session3_natural,35,229,42.63333333333333,-0.9684486389160156,-0.17982916368089746
COHFACE_s08_session3_natural,35,230,42.666666666666664,-0.9827517867088318,0.1436541823850985
COHFACE_s08_session3_natural,35,231,42.7,-0.9948650002479553,0.4923585492426332
COHFACE_s08_session3_natural,35,232,42.733333333333334,-1.0158977508544922,0.8214471827382922
COHFACE_s08_session3_natural,35,233,42.766666666666666,-1.038686990737915,1.08464297781186
COHFACE_s08_session3_natural,35,234,42.8,-0.9193798303604126,1.241210863903326
COHFACE_s08_session3_natural,35,235,42.833333333333336,-0.42362797260284424,1.2627480108125007
COHFACE_s08_session3_natural,35,236,42.86666666666667,0.3020467758178711,1.1386555523872701
COHFACE_s08_session3_natural,35,237,42.9,0.8456583619117737,0.8791924586877303
COHFACE_s08_session3_natural,35,238,42.93333333333333,1.0265580415725708,0.5149739860386674
COHFACE_s08_session3_natural,35,239,42.96666666666667,0.9699841737747192,0.09252517524743725
COHFACE_s08_session3_natural,36,0,36.0,0.9389369487762451,-0.11129987074506582
COHFACE_s08_session3_natural,36,1,36.03333333333333,0.8022013902664185,0.10456380437528814
COHFACE_s08_session3_natural,36,2,36.06666666666667,0.678035318851471,0.23417844822963368
COHFACE_s08_session3_natural,36,3,36.1,0.5602109432220459,0.20745924221161693
COHFACE_s08_session3_natural,36,4,36.13333333333333,0.3941390812397003,-0.00797004967915071
COHFACE_s08_session3_natural,36,5,36.166666666666664,0.24351099133491516,-0.401030709356074
COHFACE_s08_session3_natural,36,6,36.2,0.15801136195659637,-0.9212578415825521
COHFACE_s08_session3_natural,36,7,36.233333333333334,0.13091062009334564,-1.4885062614134725
COHFACE_s08_session3_natural,36,8,36.266666666666666,0.1018480435013771,-2.0043737652404556
COHFACE_s08_session3_natural,36,9,36.3,0.012036928907036781,-2.3644784906251806
COHFACE_s08_session3_natural,36,10,36.333333333333336,-0.14486448466777802,-2.4732766860855673
COHFACE_s08_session3_natural,36,11,36.36666666666667,-0.3052789568901062,-2.2629317383578247
COHFACE_s08_session3_natural,36,12,36.4,-0.3955691158771515,-1.714511544492658
COHFACE_s08_session3_natural,36,13,36.43333333333333,-0.47529730200767517,-0.8751326145889297
COHFACE_s08_session3_natural,36,14,36.46666666666667,-0.5805749893188477,0.13832229410256172
COHFACE_s08_session3_natural,36,15,36.5,-0.6915557384490967,1.1562077759964644
COHFACE_s08_session3_natural,36,16,36.53333333333333,-0.770439863204956,1.9933196492321124
COHFACE_s08_session3_natural,36,17,36.56666666666667,-0.7950084805488586,2.496455285282818
COHFACE_s08_session3_natural,36,18,36.6,-0.8193261027336121,2.586966762456111
COHFACE_s08_session3_natural,36,19,36.63333333333333,-0.8761281967163086,2.2833733892221844
COHFACE_s08_session3_natural,36,20,36.666666666666664,-0.8532932996749878,1.695072059788473
COHFACE_s08_session3_natural,36,21,36.7,-0.4861786663532257,0.9880054153240924
COHFACE_s08_session3_natural,36,22,36.733333333333334,0.24957901239395142,0.33361392090576464
COHFACE_s08_session3_natural,36,23,36.766666666666666,0.9459174275398254,-0.14107622533701691
COHFACE_s08_session3_natural,36,24,36.8,1.2489529848098755,-0.38508703661216953
COHFACE_s08_session3_natural,36,25,36.833333333333336,1.2415390014648438,-0.427203299461361
COHFACE_s08_session3_natural,36,26,36.86666666666667,1.1351207494735718,-0.3530661193645097
COHFACE_s08_session3_natural,36,27,36.9,1.0161329507827759,-0.26664652058425664
COHFACE_s08_session3_natural,36,28,36.93333333333333,0.8548744320869446,-0.25164141421183445
COHFACE_s08_session3_natural,36,29,36.96666666666667,0.6410569548606873,-0.34634648674319585
COHFACE_s08_session3_natural,36,30,37.0,0.4585147500038147,-0.5384623246504132
COHFACE_s08_session3_natural,36,31,37.03333333333333,0.3542407751083374,-0.7777856967433451
COHFACE_s08_session3_natural,36,32,37.06666666666667,0.3190189301967621,-0.9986342240738598
COHFACE_s08_session3_natural,36,33,37.1,0.26401904225349426,-1.142000926274927
COHFACE_s08_session3_natural,36,34,37.13333333333333,0.15153273940086365,-1.1697124973661457
COHFACE_s08_session3_natural,36,35,37.166666666666664,0.007520139683037996,-1.0677285533715815
COHFACE_s08_session3_natural,36,36,37.2,-0.14297108352184296,-0.8409269087335542
COHFACE_s08_session3_natural,36,37,37.233333333333334,-0.27046772837638855,-0.50511957159113
COHFACE_s08_session3_natural,36,38,37.266666666666666,-0.37337297201156616,-0.08227930819063602
COHFACE_s08_session3_natural,36,39,37.3,-0.49179044365882874,0.3980537427529416
COHFACE_s08_session3_natural,36,40,37.333333333333336,-0.5830843448638916,0.8930729359744851
COHFACE_s08_session3_natural,36,41,37.36666666666667,-0.6290278434753418,1.3426453456008784
COHFACE_s08_session3_natural,36,42,37.4,-0.6716408133506775,1.6735322985657868
COHFACE_s08_session3_natural,36,43,37.43333333333333,-0.7176070809364319,1.8149349895342983
COHFACE_s08_session3_natural,36,44,37.46666666666667,-0.7472171783447266,1.7217820308444884
COHFACE_s08_session3_natural,36,45,37.5,-0.7675198912620544,1.3960055416434334
COHFACE_s08_session3_natural,36,46,37.53333333333333,-0.6052804589271545,0.8942663308175783
COHFACE_s08_session3_natural,36,47,37.56666666666667,-0.00046408461639657617,0.3154730359041137
COHFACE_s08_session3_natural,36,48,37.6,0.819926381111145,-0.22854778601402514
COHFACE_s08_session3_natural,36,49,37.63333333333333,1.338969349861145,-0.6470044025017565
COHFACE_s08_session3_natural,36,50,37.666666666666664,1.4758189916610718,-0.8946223413954151
COHFACE_s08_session3_natural,36,51,37.7,1.4366049766540527,-0.9780892639919676
COHFACE_s08_session3_natural,36,52,37.733333333333334,1.362557053565979,-0.9448510131120766
COHFACE_s08_session3_natural,36,53,37.766666666666666,1.24281644821167,-0.8613109304476579
COHFACE_s08_session3_natural,36,54,37.8,1.039264440536499,-0.7886720910051762
COHFACE_s08_session3_natural,36,55,37.833333333333336,0.8082237839698792,-0.7629197375136201
COHFACE_s08_session3_natural,36,56,37.86666666666667,0.6833049058914185,-0.7841429770864972
COHFACE_s08_session3_natural,36,57,37.9,0.6387757062911987,-0.8187450186834621
COHFACE_s08_session3_natural,36,58,37.93333333333333,0.5531848073005676,-0.8142647455752178
COHFACE_s08_session3_natural,36,59,37.96666666666667,0.4190042316913605,-0.721424035885447
COHFACE_s08_session3_natural,36,60,38.0,0.28468677401542664,-0.5143556268790781
COHFACE_s08_session3_natural,36,61,38.03333333333333,0.12320014089345932,-0.20059560913475943
COHFACE_s08_session3_natural,36,62,38.06666666666667,-0.014082890003919601,0.1821722885504309
COHFACE_s08_session3_natural,36,63,38.1,-0.09752944111824036,0.579028624609184
COHFACE_s08_session3_natural,36,64,38.13333333333333,-0.1876371055841446,0.9332772415858084
COHFACE_s08_session3_natural,36,65,38.166666666666664,-0.2375955432653427,1.1983394086111423
COHFACE_s08_session3_natural,36,66,38.2,-0.25315338373184204,1.3439233984496068
COHFACE_s08_session3_natural,36,67,38.233333333333334,-0.27436861395835876,1.3576333970091954
COHFACE_s08_session3_natural,36,68,38.266666666666666,-0.31171196699142456,1.2436315207839352
COHFACE_s08_session3_natural,36,69,38.3,-0.3282279074192047,1.0193417157014233
COHFACE_s08_session3_natural,36,70,38.333333333333336,-0.3657993674278259,0.7116325434924132
COHFACE_s08_session3_natural,36,71,38.36666666666667,-0.4381592571735382,0.35417109721632034
COHFACE_s08_session3_natural,36,72,38.4,-0.40296024084091187,-0.013912971260697892
COHFACE_s08_session3_natural,36,73,38.43333333333333,-0.005391491577029228,-0.34996427102074895
COHFACE_s08_session3_natural,36,74,38.46666666666667,0.7358866930007935,-0.6126739117980478
COHFACE_s08_session3_natural,36,75,38.5,1.3943798542022705,-0.7705777315411707
COHFACE_s08_session3_natural,36,76,38.53333333333333,1.679827332496643,-0.8121283801147613
COHFACE_s08_session3_natural,36,77,38.56666666666667,1.6550990343093872,-0.753028998324459
COHFACE_s08_session3_natural,36,78,38.6,1.4848525524139404,-0.636129622626261
COHFACE_s08_session3_natural,36,79,38.63333333333333,1.279566764831543,-0.5211126494461183
COHFACE_s08_session3_natural,36,80,38.666666666666664,1.0320101976394653,-0.4650552987726997
COHFACE_s08_session3_natural,36,81,38.7,0.8011748194694519,-0.4998770921426463
COHFACE_s08_session3_natural,36,82,38.733333333333334,0.6314986944198608,-0.6164386650836345
COHFACE_s08_session3_natural,36,83,38.766666666666666,0.5462955832481384,-0.7638629269763252
COHFACE_s08_session3_natural,36,84,38.8,0.4957440495491028,-0.8654952384259281
COHFACE_s08_session3_natural,36,85,38.833333333333336,0.38106778264045715,-0.8450249710470786
COHFACE_s08_session3_natural,36,86,38.86666666666667,0.31879082322120667,-0.6531523215872147
COHFACE_s08_session3_natural,36,87,38.9,0.32273730635643005,-0.28656117731074743
COHFACE_s08_session3_natural,36,88,38.93333333333333,0.27275606989860535,0.206060523660999
COHFACE_s08_session3_natural,36,89,38.96666666666667,0.16328094899654388,0.7332418673524961
COHFACE_s08_session3_natural,36,90,39.0,0.04242260381579399,1.1843548520542835
COHFACE_s08_session3_natural,36,91,39.03333333333333,-0.11726187914609909,1.462063828578338
COHFACE_s08_session3_natural,36,92,39.06666666666667,-0.22121648490428925,1.512374656334397
COHFACE_s08_session3_natural,36,93,39.1,-0.28518152236938477,1.3399078766093717
COHFACE_s08_session3_natural,36,94,39.13333333333333,-0.41192537546157837,1.0026941990900864
COHFACE_s08_session3_natural,36,95,39.166666666666664,-0.5210354924201965,0.5904211448734037
COHFACE_s08_session3_natural,36,96,39.2,-0.5698077082633972,0.1959220881464311
COHFACE_s08_session3_natural,36,97,39.233333333333334,-0.6583185195922852,-0.1097872975587204
COHFACE_s08_session3_natural,36,98,39.266666666666666,-0.5911369919776917,-0.2917782974579851
COHFACE_s08_session3_natural,36,99,39.3,-0.14995157718658447,-0.35254910529529454
COHFACE_s08_session3_natural,36,100,39.333333333333336,0.5215901136398315,-0.3229146080696259
COHFACE_s08_session3_natural,36,101,39.36666666666667,1.046495795249939,-0.24746473984525869
COHFACE_s08_session3_natural,36,102,39.4,1.1935880184173584,-0.16940622534531927
COHFACE_s08_session3_natural,36,103,39.43333333333333,1.0605252981185913,-0.11841437777292424
COHFACE_s08_session3_natural,36,104,39.46666666666667,0.8525019884109497,-0.10447329550354298
COHFACE_s08_session3_natural,36,105,39.5,0.6713513731956482,-0.11954929723314527
COHFACE_s08_session3_natural,36,106,39.53333333333333,0.5181455016136169,-0.1461410511348976
COHFACE_s08_session3_natural,36,107,39.56666666666667,0.3698670566082001,-0.1684813295682146
COHFACE_s08_session3_natural,36,108,39.6,0.2727104425430298,-0.18066527201348165
COHFACE_s08_session3_natural,36,109,39.63333333333333,0.2786872088909149,-0.1876664301063986
COHFACE_s08_session3_natural,36,110,39.666666666666664,0.28194934129714966,-0.19951334627645612
COHFACE_s08_session3_natural,36,111,39.7,0.1636231243610382,-0.22282813181904068
COHFACE_s08_session3_natural,36,112,39.733333333333334,-0.0006237690686248243,-0.25479804246894006
COHFACE_s08_session3_natural,36,113,39.766666666666666,-0.16852059960365295,-0.28275857667922083
COHFACE_s08_session3_natural,36,114,39.8,-0.3293913006782532,-0.28966482169560415
COHFACE_s08_session3_natural,36,115,39.833333333333336,-0.4709630012512207,-0.2630425151411671
COHFACE_s08_session3_natural,36,116,39.86666666666667,-0.5878064036369324,-0.20326855331180882
COHFACE_s08_session3_natural,36,117,39.9,-0.7020264863967896,-0.12673173058814188
COHFACE_s08_session3_natural,36,118,39.93333333333333,-0.8179345726966858,-0.060989074902641244
COHFACE_s08_session3_natural,36,119,39.96666666666667,-0.9306718111038208,-0.032826263027370434
COHFACE_s08_session3_natural,36,120,40.0,-1.038527250289917,-0.05485262245637018
COHFACE_s08_session3_natural,36,121,40.03333333333333,-1.173574686050415,-0.11797927594015195
COHFACE_s08_session3_natural,36,122,40.06666666666667,-1.3006151914596558,-0.1936479209294226
COHFACE_s08_session3_natural,36,123,40.1,-1.327944040298462,-0.24432598085677842
COHFACE_s08_session3_natural,36,124,40.13333333333333,-1.0970402956008911,-0.2377031189310142
COHFACE_s08_session3_natural,36,125,40.166666666666664,-0.39340198040008545,-0.15923858112346442
COHFACE_s08_session3_natural,36,126,40.2,0.4817146360874176,-0.0179774424581069
COHFACE_s08_session3_natural,36,127,40.233333333333334,1.0271055698394775,0.15736514395677811
COHFACE_s08_session3_natural,36,128,40.266666666666666,1.1565412282943726,0.3307047859915373
COHFACE_s08_session3_natural,36,129,40.3,1.0884015560150146,0.47351520258226404
COHFACE_s08_session3_natural,36,130,40.333333333333336,0.9980201721191406,0.5749456600762975
COHFACE_s08_session3_natural,36,131,40.36666666666667,0.8845985531806946,0.6417629920262424
COHFACE_s08_session3_natural,36,132,40.4,0.6807955503463745,0.6878322430851765
COHFACE_s08_session3_natural,36,133,40.43333333333333,0.4786578118801117,0.7189799364076668
COHFACE_s08_session3_natural,36,134,40.46666666666667,0.352780818939209,0.7230774422993774
COHFACE_s08_session3_natural,36,135,40.5,0.2932412922382355,0.673154078253617
COHFACE_s08_session3_natural,36,136,40.53333333333333,0.21992331743240356,0.5428909284667093
COHFACE_s08_session3_natural,36,137,40.56666666666667,0.06423094123601913,0.32501888599737716
COHFACE_s08_session3_natural,36,138,40.6,-0.12168741971254349,0.04083008450320323
COHFACE_s08_session3_natural,36,139,40.63333333333333,-0.29672443866729736,-0.26513908985747103
COHFACE_s08_session3_natural,36,140,40.666666666666664,-0.47506919503211975,-0.5411988491193074
COHFACE_s08_session3_natural,36,141,40.7,-0.6340693235397339,-0.7451804292688137
COHFACE_s08_session3_natural,36,142,40.733333333333334,-0.7584179043769836,-0.8539927876453968
COHFACE_s08_session3_natural,36,143,40.766666666666666,-0.8476586937904358,-0.8650612242807513
COHFACE_s08_session3_natural,36,144,40.8,-0.926497220993042,-0.7927671956037656
COHFACE_s08_session3_natural,36,145,40.833333333333336,-0.9881126284599304,-0.6629604736266365
COHFACE_s08_session3_natural,36,146,40.86666666666667,-1.0109703540802002,-0.5065269914242159
COHFACE_s08_session3_natural,36,147,40.9,-1.012521505355835,-0.35169156245611044
COHFACE_s08_session3_natural,36,148,40.93333333333333,-1.0240187644958496,-0.21575115741345974
COHFACE_s08_session3_natural,36,149,40.96666666666667,-1.024269700050354,-0.09914713972078852
COHFACE_s08_session3_natural,36,150,41.0,-0.9180795550346375,0.014195665365895976
COHFACE_s08_session3_natural,36,151,41.03333333333333,-0.48319026827812195,0.14821513230675032
COHFACE_s08_session3_natural,36,152,41.06666666666667,0.30998536944389343,0.320176959774282
COHFACE_s08_session3_natural,36,153,41.1,0.995807409286499,0.5268991657331474
COHFACE_s08_session3_natural,36,154,41.13333333333333,1.2651039361953735,0.7391759378241838
COHFACE_s08_session3_natural,36,155,41.166666666666664,1.2308173179626465,0.9083454345951334
COHFACE_s08_session3_natural,36,156,41.2,1.095450520515442,0.9828666244750277
COHFACE_s08_session3_natural,36,157,41.233333333333334,0.9392106533050537,0.9278700435721201
COHFACE_s08_session3_natural,36,158,41.266666666666666,0.7010982632637024,0.7397182263941937
COHFACE_s08_session3_natural,36,159,41.3,0.4353148639202118,0.44983225613749644
COHFACE_s08_session3_natural,36,160,41.333333333333336,0.2622168958187103,0.11553469340747538
COHFACE_s08_session3_natural,36,161,41.36666666666667,0.19067823886871338,-0.19975161919829534
COHFACE_s08_session3_natural,36,162,41.4,0.13282683491706848,-0.44949226261785885
COHFACE_s08_session3_natural,36,163,41.43333333333333,0.027343828231096268,-0.6200785740899866
COHFACE_s08_session3_natural,36,164,41.46666666666667,-0.1278238743543625,-0.7321045936071592
COHFACE_s08_session3_natural,36,165,41.5,-0.2997584342956543,-0.8257453277059353
COHFACE_s08_session3_natural,36,166,41.53333333333333,-0.46843087673187256,-0.9368047612522598
COHFACE_s08_session3_natural,36,167,41.56666666666667,-0.6252182126045227,-1.0743338956666806
COHFACE_s08_session3_natural,36,168,41.6,-0.7433619499206543,-1.2093651432692036
COHFACE_s08_session3_natural,36,169,41.63333333333333,-0.8365492224693298,-1.2795302272612545
COHFACE_s08_session3_natural,36,170,41.666666666666664,-0.9051907658576965,-1.209233129481582
COHFACE_s08_session3_natural,36,171,41.7,-0.9735128879547119,-0.9398194760360067
COHFACE_s08_session3_natural,36,172,41.733333333333334,-1.039781928062439,-0.45905118384283683
COHFACE_s08_session3_natural,36,173,41.766666666666666,-1.0977702140808105,0.18259628671344846
COHFACE_s08_session3_natural,36,174,41.8,-1.164381504058838,0.8772415298292667
COHFACE_s08_session3_natural,36,175,41.833333333333336,-1.2244457006454468,1.4870219325475162
COHFACE_s08_session3_natural,36,176,41.86666666666667,-1.2657582759857178,1.8858639168607034
COHFACE_s08_session3_natural,36,177,41.9,-1.182380199432373,2.0008213794954544
COHFACE_s08_session3_natural,36,178,41.93333333333333,-0.7124971747398376,1.8350320819325203
COHFACE_s08_session3_natural,36,179,41.96666666666667,0.04926622658967972,1.4605625004358258
COHFACE_s08_session3_natural,36,180,42.0,0.6354223489761353,0.9853165019460363
COHFACE_s08_session3_natural,36,181,42.03333333333333,0.8389972448348999,0.5122546356658588
COHFACE_s08_session3_natural,36,182,42.06666666666667,0.7774502635002136,0.11031953364287081
COHFACE_s08_session3_natural,36,183,42.1,0.6430872082710266,-0.19375503530253252
COHFACE_s08_session3_natural,36,184,42.13333333333333,0.5077660083770752,-0.40627686626895815
COHFACE_s08_session3_natural,36,185,42.166666666666664,0.3222126364707947,-0.5505159370247803
COHFACE_s08_session3_natural,36,186,42.2,0.11222753673791885,-0.6523913756276927
COHFACE_s08_session3_natural,36,187,42.233333333333334,-0.00561961205676198,-0.7311138645471299
COHFACE_s08_session3_natural,36,188,42.266666666666666,-0.033655647188425064,-0.7948303039312447
COHFACE_s08_session3_natural,36,189,42.3,-0.05811018496751785,-0.8407605171134315
COHFACE_s08_session3_natural,36,190,42.333333333333336,-0.11863060295581818,-0.8589756542614284
COHFACE_s08_session3_natural,36,191,42.36666666666667,-0.24624131619930267,-0.8382117200549137
COHFACE_s08_session3_natural,36,192,42.4,-0.3803078532218933,-0.7714682428634456
COHFACE_s08_session3_natural,36,193,42.43333333333333,-0.5166555643081665,-0.6591533649441224
COHFACE_s08_session3_natural,36,194,42.46666666666667,-0.6406620144844055,-0.5085409096436431
COHFACE_s08_session3_natural,36,195,42.5,-0.7377501726150513,-0.33025084707683555
COHFACE_s08_session3_natural,36,196,42.53333333333333,-0.8219038844108582,-0.13444098239190488
COHFACE_s08_session3_natural,36,197,42.56666666666667,-0.8962712287902832,0.07048354119440778
COHFACE_s08_session3_natural,36,198,42.6,-0.9336830377578735,0.2762346515960157
COHFACE_s08_session3_natural,36,199,42.63333333333333,-0.9684486389160156,0.47225982077604095
COHFACE_s08_session3_natural,36,200,42.666666666666664,-0.9827517867088318,0.6451118172249845
COHFACE_s08_session3_natural,36,201,42.7,-0.9948650002479553,0.7804183948408682
COHFACE_s08_session3_natural,36,202,42.733333333333334,-1.0158977508544922,0.8663707526025526
COHFACE_s08_session3_natural,36,203,42.766666666666666,-1.038686990737915,0.8965956651658445
COHFACE_s08_session3_natural,36,204,42.8,-0.9193798303604126,0.8706077203967718
COHFACE_s08_session3_natural,36,205,42.833333333333336,-0.42362797260284424,0.7917445739641698
COHFACE_s08_session3_natural,36,206,42.86666666666667,0.3020467758178711,0.6645921846769657
COHFACE_s08_session3_natural,36,207,42.9,0.8456583619117737,0.4943801216030049
COHFACE_s08_session3_natural,36,208,42.93333333333333,1.0265580415725708,0.28882830855868274
COHFACE_s08_session3_natural,36,209,42.96666666666667,0.9699841737747192,0.06058877202330659
COHFACE_s08_session3_natural,36,210,43.0,0.8602352738380432,-0.1719497693479419
COHFACE_s08_session3_natural,36,211,43.03333333333333,0.738145112991333,-0.3865282355032876
COHFACE_s08_session3_natural,36,212,43.06666666666667,0.5464324355125427,-0.5612765417035612
COHFACE_s08_session3_natural,36,213,43.1,0.3377932906150818,-0.6801839416372433
COHFACE_s08_session3_natural,36,214,43.13333333333333,0.23833265900611877,-0.7380318402909828
COHFACE_s08_session3_natural,36,215,43.166666666666664,0.23039405047893524,-0.7427699803343699
COHFACE_s08_session3_natural,36,216,43.2,0.21748241782188416,-0.713556027521181
COHFACE_s08_session3_natural,36,217,43.233333333333334,0.1647409200668335,-0.6739497014845289
COHFACE_s08_session3_natural,36,218,43.266666666666666,0.05166149511933327,-0.6420954992047094
COHFACE_s08_session3_natural,36,219,43.3,-0.0844581201672554,-0.6220506073813438
COHFACE_s08_session3_natural,36,220,43.333333333333336,-0.208510160446167,-0.6010709655802186
COHFACE_s08_session3_natural,36,221,43.36666666666667,-0.342348575592041,-0.5553423322924858
COHFACE_s08_session3_natural,36,222,43.4,-0.4795403480529785,-0.4619133302922666
COHFACE_s08_session3_natural,36,223,43.43333333333333,-0.5841336846351624,-0.31081803122556284
COHFACE_s08_session3_natural,36,224,43.46666666666667,-0.6443119049072266,-0.1114699421906556
COHFACE_s08_session3_natural,36,225,43.5,-0.6795793771743774,0.10930237460550432
COHFACE_s08_session3_natural,36,226,43.53333333333333,-0.6995399594306946,0.31620534863032695
COHFACE_s08_session3_natural,36,227,43.56666666666667,-0.7390732765197754,0.47725179597593353
COHFACE_s08_session3_natural,36,228,43.6,-0.7717629671096802,0.5735506944613031
COHFACE_s08_session3_natural,36,229,43.63333333333333,-0.7890545129776001,0.6037480336570045
COHFACE_s08_session3_natural,36,230,43.666666666666664,-0.814969003200531,0.5823059750483276
COHFACE_s08_session3_natural,36,231,43.7,-0.7159874439239502,0.5330207431173034
COHFACE_s08_session3_natural,36,232,43.733333333333334,-0.22333800792694092,0.4801760788955939
COHFACE_s08_session3_natural,36,233,43.766666666666666,0.5459533929824829,0.4400284377633317
COHFACE_s08_session3_natural,36,234,43.8,1.1458879709243774,0.4155117026916804
COHFACE_s08_session3_natural,36,235,43.833333333333336,1.3739631175994873,0.39651275039795264
COHFACE_s08_session3_natural,36,236,43.86666666666667,1.3435317277908325,0.3661009326115166
COHFACE_s08_session3_natural,36,237,43.9,1.231980800628662,0.3101665694764038
COHFACE_s08_session3_natural,36,238,43.93333333333333,1.1063319444656372,0.22561707400217035
COHFACE_s08_session3_natural,36,239,43.96666666666667,0.9365872740745544,0.12273029993978213
COHFACE_s08_session3_natural,37,0,37.0,0.4585147500038147,-0.0007869090279796244
COHFACE_s08_session3_natural,37,1,37.03333333333333,0.3542407751083374,-0.10204826508973516
COHFACE_s08_session3_natural,37,2,37.06666666666667,0.3190189301967621,-0.2573602044518037
COHFACE_s08_session3_natural,37,3,37.1,0.26401904225349426,-0.5004879395459079
COHFACE_s08_session3_natural,37,4,37.13333333333333,0.15153273940086365,-0.8285707456749738
COHFACE_s08_session3_natural,37,5,37.166666666666664,0.007520139683037996,-1.1972589349715306
COHFACE_s08_session3_natural,37,6,37.2,-0.14297108352184296,-1.527731964293889
COHFACE_s08_session3_natural,37,7,37.233333333333334,-0.27046772837638855,-1.7244288063557023
COHFACE_s08_session3_natural,37,8,37.266666666666666,-0.37337297201156616,-1.700259543736344
COHFACE_s08_session3_natural,37,9,37.3,-0.49179044365882874,-1.4040740376952168
COHFACE_s08_session3_natural,37,10,37.333333333333336,-0.5830843448638916,-0.843252864275149
COHFACE_s08_session3_natural,37,11,37.36666666666667,-0.6290278434753418,-0.09350171781518334
COHFACE_s08_session3_natural,37,12,37.4,-0.6716408133506775,0.7103718337251945
COHFACE_s08_session3_natural,37,13,37.43333333333333,-0.7176070809364319,1.4041132755240315
COHFACE_s08_session3_natural,37,14,37.46666666666667,-0.7472171783447266,1.8382574701526844
COHFACE_s08_session3_natural,37,15,37.5,-0.7675198912620544,1.9235290332411
COHFACE_s08_session3_natural,37,16,37.53333333333333,-0.6052804589271545,1.6599376326210054
COHFACE_s08_session3_natural,37,17,37.56666666666667,-0.00046408461639657617,1.136321412495225
COHFACE_s08_session3_natural,37,18,37.6,0.819926381111145,0.4999600435055187
COHFACE_s08_session3_natural,37,19,37.63333333333333,1.338969349861145,-0.09056252492307229
COHFACE_s08_session3_natural,37,20,37.666666666666664,1.4758189916610718,-0.5105282284645783
COHFACE_s08_session3_natural,37,21,37.7,1.4366049766540527,-0.6976220147918618
COHFACE_s08_session3_natural,37,22,37.733333333333334,1.362557053565979,-0.6586785163388345
COHFACE_s08_session3_natural,37,23,37.766666666666666,1.24281644821167,-0.4580022747376323
COHFACE_s08_session3_natural,37,24,37.8,1.039264440536499,-0.19400047883528493
COHFACE_s08_session3_natural,37,25,37.833333333333336,0.8082237839698792,0.02932093541900544
COHFACE_s08_session3_natural,37,26,37.86666666666667,0.6833049058914185,0.12990596915834252
COHFACE_s08_session3_natural,37,27,37.9,0.6387757062911987,0.06842082723748759
COHFACE_s08_session3_natural,37,28,37.93333333333333,0.5531848073005676,-0.14241678458187043
COHFACE_s08_session3_natural,37,29,37.96666666666667,0.4190042316913605,-0.44210279420230014
COHFACE_s08_session3_natural,37,30,38.0,0.28468677401542664,-0.7388954214642446
COHFACE_s08_session3_natural,37,31,38.03333333333333,0.12320014089345932,-0.9342180523832918
COHFACE_s08_session3_natural,37,32,38.06666666666667,-0.014082890003919601,-0.948894460236446
COHFACE_s08_session3_natural,37,33,38.1,-0.09752944111824036,-0.7452289028700705
COHFACE_s08_session3_natural,37,34,38.13333333333333,-0.1876371055841446,-0.3400453302049014
COHFACE_s08_session3_natural,37,35,38.166666666666664,-0.2375955432653427,0.19468163964214877
COHFACE_s08_session3_natural,37,36,38.2,-0.25315338373184204,0.7451603117107185
COHFACE_s08_session3_natural,37,37,38.233333333333334,-0.27436861395835876,1.1818621930913
COHFACE_s08_session3_natural,37,38,38.266666666666666,-0.31171196699142456,1.3931686737892515
COHFACE_s08_session3_natural,37,39,38.3,-0.3282279074192047,1.317583612003897
COHFACE_s08_session3_natural,37,40,38.333333333333336,-0.3657993674278259,0.9640404867623966
COHFACE_s08_session3_natural,37,41,38.36666666666667,-0.4381592571735382,0.41260750870116886
COHFACE_s08_session3_natural,37,42,38.4,-0.40296024084091187,-0.20533386287962518
COHFACE_s08_session3_natural,37,43,38.43333333333333,-0.005391491577029228,-0.7411721651519675
COHFACE_s08_session3_natural,37,44,38.46666666666667,0.7358866930007935,-1.0672859549368057
COHFACE_s08_session3_natural,37,45,38.5,1.3943798542022705,-1.1094508382085162
COHFACE_s08_session3_natural,37,46,38.53333333333333,1.679827332496643,-0.8662324310249717
COHFACE_s08_session3_natural,37,47,38.56666666666667,1.6550990343093872,-0.4114094792524387
COHFACE_s08_session3_natural,37,48,38.6,1.4848525524139404,0.12192674387547604
COHFACE_s08_session3_natural,37,49,38.63333333333333,1.279566764831543,0.5742306172129449
COHFACE_s08_session3_natural,37,50,38.666666666666664,1.0320101976394653,0.8038311051562325
COHFACE_s08_session3_natural,37,51,38.7,0.8011748194694519,0.7315945205021815
COHFACE_s08_session3_natural,37,52,38.733333333333334,0.6314986944198608,0.3702429019344099
COHFACE_s08_session3_natural,37,53,38.766666666666666,0.5462955832481384,-0.17510618565890684
COHFACE_s08_session3_natural,37,54,38.8,0.4957440495491028,-0.7374813946916734
COHFACE_s08_session3_natural,37,55,38.833333333333336,0.38106778264045715,-1.13893341132055
COHFACE_s08_session3_natural,37,56,38.86666666666667,0.31879082322120667,-1.2443044538027315
COHFACE_s08_session3_natural,37,57,38.9,0.32273730635643005,-1.0014532356494128
COHFACE_s08_session3_natural,37,58,38.93333333333333,0.27275606989860535,-0.4571757763800111
COHFACE_s08_session3_natural,37,59,38.96666666666667,0.16328094899654388,0.25494557920127464
COHFACE_s08_session3_natural,37,60,39.0,0.04242260381579399,0.9519741929241426
COHFACE_s08_session3_natural,37,61,39.03333333333333,-0.11726187914609909,1.4546354395751144
COHFACE_s08_session3_natural,37,62,39.06666666666667,-0.22121648490428925,1.639524531742187
COHFACE_s08_session3_natural,37,63,39.1,-0.28518152236938477,1.4727020350276823
COHFACE_s08_session3_natural,37,64,39.13333333333333,-0.41192537546157837,1.01415773492132
COHFACE_s08_session3_natural,37,65,39.166666666666664,-0.5210354924201965,0.39442289064157754
COHFACE_s08_session3_natural,37,66,39.2,-0.5698077082633972,-0.22591670421439888
COHFACE_s08_session3_natural,37,67,39.233333333333334,-0.6583185195922852,-0.6995905327554923
COHFACE_s08_session3_natural,37,68,39.266666666666666,-0.5911369919776917,-0.9271551227368707
COHFACE_s08_session3_natural,37,69,39.3,-0.14995157718658447,-0.8762295322752549
COHFACE_s08_session3_natural,37,70,39.333333333333336,0.5215901136398315,-0.5838270494291535
COHFACE_s08_session3_natural,37,71,39.36666666666667,1.046495795249939,-0.1432807633351964
COHFACE_s08_session3_natural,37,72,39.4,1.1935880184173584,0.3206943916020309
COHFACE_s08_session3_natural,37,73,39.43333333333333,1.0605252981185913,0.6832709563092133
COHFACE_s08_session3_natural,37,74,39.46666666666667,0.8525019884109497,0.8495959284130186
COHFACE_s08_session3_natural,37,75,39.5,0.6713513731956482,0.7760134164635774
COHFACE_s08_session3_natural,37,76,39.53333333333333,0.5181455016136169,0.4776432544132364
COHFACE_s08_session3_natural,37,77,39.56666666666667,0.3698670566082001,0.021880097662000098
COHFACE_s08_session3_natural,37,78,39.6,0.2727104425430298,-0.4892161908736648
COHFACE_s08_session3_natural,37,79,39.63333333333333,0.2786872088909149,-0.9429738335570952
COHFACE_s08_session3_natural,37,80,39.666666666666664,0.28194934129714966,-1.241539211446406
COHFACE_s08_session3_natural,37,81,39.7,0.1636231243610382,-1.3237481702371054
COHFACE_s08_session3_natural,37,82,39.733333333333334,-0.0006237690686248243,-1.1788555900294722
COHFACE_s08_session3_natural,37,83,39.766666666666666,-0.16852059960365295,-0.8487149900651152
COHFACE_s08_session3_natural,37,84,39.8,-0.3293913006782532,-0.4174799208856077
COHFACE_s08_session3_natural,37,85,39.833333333333336,-0.4709630012512207,0.009029893705073764
COHFACE_s08_session3_natural,37,86,39.86666666666667,-0.5878064036369324,0.32963126063035975
COHFACE_s08_session3_natural,37,87,39.9,-0.7020264863967896,0.4737389740420501
COHFACE_s08_session3_natural,37,88,39.93333333333333,-0.8179345726966858,0.4208330677606705
COHFACE_s08_session3_natural,37,89,39.96666666666667,-0.9306718111038208,0.2078194899076441
COHFACE_s08_session3_natural,37,90,40.0,-1.038527250289917,-0.07983415950615783
COHFACE_s08_session3_natural,37,91,40.03333333333333,-1.173574686050415,-0.33299691163220485
COHFACE_s08_session3_natural,37,92,40.06666666666667,-1.3006151914596558,-0.4525884674261499
COHFACE_s08_session3_natural,37,93,40.1,-1.327944040298462,-0.38002323402621624
COHFACE_s08_session3_natural,37,94,40.13333333333333,-1.0970402956008911,-0.11386606544381214
COHFACE_s08_session3_natural,37,95,40.166666666666664,-0.39340198040008545,0.2914679767838494
COHFACE_s08_session3_natural,37,96,40.2,0.4817146360874176,0.7424230312916619
COHFACE_s08_session3_natural,37,97,40.233333333333334,1.0271055698394775,1.1319016962452864
COHFACE_s08_session3_natural,37,98,40.266666666666666,1.1565412282943726,1.3666847516599516
COHFACE_s08_session3_natural,37,99,40.3,1.0884015560150146,1.3906096004745554
COHFACE_s08_session3_natural,37,100,40.333333333333336,0.9980201721191406,1.1982508990673595
COHFACE_s08_session3_natural,37,101,40.36666666666667,0.8845985531806946,0.8351909955529927
COHFACE_s08_session3_natural,37,102,40.4,0.6807955503463745,0.3841825205805583
COHFACE_s08_session3_natural,37,103,40.43333333333333,0.4786578118801117,-0.05879586497286172
COHFACE_s08_session3_natural,37,104,40.46666666666667,0.352780818939209,-0.41046024935714226
COHFACE_s08_session3_natural,37,105,40.5,0.2932412922382355,-0.6193696934787024
COHFACE_s08_session3_natural,37,106,40.53333333333333,0.21992331743240356,-0.673514861580658
COHFACE_s08_session3_natural,37,107,40.56666666666667,0.06423094123601913,-0.5971325086474587
COHFACE_s08_session3_natural,37,108,40.6,-0.12168741971254349,-0.44084618591297586
COHFACE_s08_session3_natural,37,109,40.63333333333333,-0.29672443866729736,-0.2689520081782388
COHFACE_s08_session3_natural,37,110,40.666666666666664,-0.47506919503211975,-0.14524674662492915
COHFACE_s08_session3_natural,37,111,40.7,-0.6340693235397339,-0.11765808938182695
COHFACE_s08_session3_natural,37,112,40.733333333333334,-0.7584179043769836,-0.20395094955987053
COHFACE_s08_session3_natural,37,113,40.766666666666666,-0.8476586937904358,-0.3834376157818729
COHFACE_s08_session3_natural,37,114,40.8,-0.926497220993042,-0.5994726119503538
COHFACE_s08_session3_natural,37,115,40.833333333333336,-0.9881126284599304,-0.7740861318826586
COHFACE_s08_session3_natural,37,116,40.86666666666667,-1.0109703540802002,-0.8312148147529094
COHFACE_s08_session3_natural,37,117,40.9,-1.012521505355835,-0.7212039829979003
COHFACE_s08_session3_natural,37,118,40.93333333333333,-1.0240187644958496,-0.4384716899339954
COHFACE_s08_session3_natural,37,119,40.96666666666667,-1.024269700050354,-0.026420583574213563
COHFACE_s08_session3_natural,37,120,41.0,-0.9180795550346375,0.4323154687900223
COHFACE_s08_session3_natural,37,121,41.03333333333333,-0.48319026827812195,0.83770146541036
COHFACE_s08_session3_natural,37,122,41.06666666666667,0.30998536944389343,1.0998695413384227
COHFACE_s08_session3_natural,37,123,41.1,0.995807409286499,1.1641939308657345
COHFACE_s08_session3_natural,37,124,41.13333333333333,1.2651039361953735,1.026267046874245
COHFACE_s08_session3_natural,37,125,41.166666666666664,1.2308173179626465,0.7322484439961152
COHFACE_s08_session3_natural,37,126,41.2,1.095450520515442,0.36467434968563034
COHFACE_s08_session3_natural,37,127,41.233333333333334,0.9392106533050537,0.01825241997557043
COHFACE_s08_session3_natural,37,128,41.266666666666666,0.7010982632637024,-0.22712018940553072
COHFACE_s08_session3_natural,37,129,41.3,0.4353148639202118,-0.32835446083363296
COHFACE_s08_session3_natural,37,130,41.333333333333336,0.2622168958187103,-0.2899785892223136
COHFACE_s08_session3_natural,37,131,41.36666666666667,0.19067823886871338,-0.1610446059486443
COHFACE_s08_session3_natural,37,132,41.4,0.13282683491706848,-0.019883836557358005
COHFACE_s08_session3_natural,37,133,41.43333333333333,0.027343828231096268,0.04844798590494512
COHFACE_s08_session3_natural,37,134,41.46666666666667,-0.1278238743543625,-0.023251413524323784
COHFACE_s08_session3_natural,37,135,41.5,-0.2997584342956543,-0.26268721664734024
COHFACE_s08_session3_natural,37,136,41.53333333333333,-0.46843087673187256,-0.6447931608341803
COHFACE_s08_session3_natural,37,137,41.56666666666667,-0.6252182126045227,-1.0916935632722782
COHFACE_s08_session3_natural,37,138,41.6,-0.7433619499206543,-1.4874378605117098
COHFACE_s08_session3_natural,37,139,41.63333333333333,-0.8365492224693298,-1.7050085717968555
COHFACE_s08_session3_natural,37,140,41.666666666666664,-0.9051907658576965,-1.6405416495911103
COHFACE_s08_session3_natural,37,141,41.7,-0.9735128879547119,-1.2472640544193039
COHFACE_s08_session3_natural,37,142,41.733333333333334,-1.039781928062439,-0.5586196110091727
COHFACE_s08_session3_natural,37,143,41.766666666666666,-1.0977702140808105,0.3099180292274467
COHFACE_s08_session3_natural,37,144,41.8,-1.164381504058838,1.1847443174298378
COHFACE_s08_session3_natural,37,145,41.833333333333336,-1.2244457006454468,1.8786546659425098
COHFACE_s08_session3_natural,37,146,41.86666666666667,-1.2657582759857178,2.2429221992695645
COHFACE_s08_session3_natural,37,147,41.9,-1.182380199432373,2.2099771912851143
COHFACE_s08_session3_natural,37,148,41.93333333333333,-0.7124971747398376,1.8114509448824385
COHFACE_s08_session3_natural,37,149,41.96666666666667,0.04926622658967972,1.1648968270761555
COHFACE_s08_session3_natural,37,150,42.0,0.6354223489761353,0.4356448937738395
COHFACE_s08_session3_natural,37,151,42.03333333333333,0.8389972448348999,-0.21007309861679335
COHFACE_s08_session3_natural,37,152,42.06666666666667,0.7774502635002136,-0.6446870220515494
COHFACE_s08_session3_natural,37,153,42.1,0.6430872082710266,-0.8029217985209375
COHFACE_s08_session3_natural,37,154,42.13333333333333,0.5077660083770752,-0.6889606463469522
COHFACE_s08_session3_natural,37,155,42.166666666666664,0.3222126364707947,-0.37037429619188433
COHFACE_s08_session3_natural,37,156,42.2,0.11222753673791885,0.03899886816075583
COHFACE_s08_session3_natural,37,157,42.233333333333334,-0.00561961205676198,0.4062119967567894
COHFACE_s08_session3_natural,37,158,42.266666666666666,-0.033655647188425064,0.6127018973443557
COHFACE_s08_session3_natural,37,159,42.3,-0.05811018496751785,0.586089974876881
COHFACE_s08_session3_natural,37,160,42.333333333333336,-0.11863060295581818,0.32070359611552535
COHFACE_s08_session3_natural,37,161,42.36666666666667,-0.24624131619930267,-0.12018841328223465
COHFACE_s08_session3_natural,37,162,42.4,-0.3803078532218933,-0.6218166909253964
COHFACE_s08_session3_natural,37,163,42.43333333333333,-0.5166555643081665,-1.050061252259799
COHFACE_s08_session3_natural,37,164,42.46666666666667,-0.6406620144844055,-1.2887318461517037
COHFACE_s08_session3_natural,37,165,42.5,-0.7377501726150513,-1.2712199641395343
COHFACE_s08_session3_natural,37,166,42.53333333333333,-0.8219038844108582,-0.9981570654008024
COHFACE_s08_session3_natural,37,167,42.56666666666667,-0.8962712287902832,-0.5369594325918535
COHFACE_s08_session3_natural,37,168,42.6,-0.9336830377578735,-0.0035039128026982495
COHFACE_s08_session3_natural,37,169,42.63333333333333,-0.9684486389160156,0.46946508012183064
COHFACE_s08_session3_natural,37,170,42.666666666666664,-0.9827517867088318,0.7684916025653026
COHFACE_s08_session3_natural,37,171,42.7,-0.9948650002479553,0.8295896175689123
COHFACE_s08_session3_natural,37,172,42.733333333333334,-1.0158977508544922,0.6539128192107271
COHFACE_s08_session3_natural,37,173,42.766666666666666,-1.038686990737915,0.30502783341328266
COHFACE_s08_session3_natural,37,174,42.8,-0.9193798303604126,-0.11089817125631499
COHFACE_s08_session3_natural,37,175,42.833333333333336,-0.42362797260284424,-0.4759904382859285
COHFACE_s08_session3_natural,37,176,42.86666666666667,0.3020467758178711,-0.6933126595482041
COHFACE_s08_session3_natural,37,177,42.9,0.8456583619117737,-0.7116011277202013
COHFACE_s08_session3_natural,37,178,42.93333333333333,1.0265580415725708,-0.5356751510441013
COHFACE_s08_session3_natural,37,179,42.96666666666667,0.9699841737747192,-0.2209804703235541
COHFACE_s08_session3_natural,37,180,43.0,0.8602352738380432,0.14505625116664017
COHFACE_s08_session3_natural,37,181,43.03333333333333,0.738145112991333,0.46891536546762064
COHFACE_s08_session3_natural,37,182,43.06666666666667,0.5464324355125427,0.6759645299160758
COHFACE_s08_session3_natural,37,183,43.1,0.3377932906150818,0.726916661321277
COHFACE_s08_session3_natural,37,184,43.13333333333333,0.23833265900611877,0.6222083241394225
COHFACE_s08_session3_natural,37,185,43.166666666666664,0.23039405047893524,0.39590836268505597
COHFACE_s08_session3_natural,37,186,43.2,0.21748241782188416,0.10393776144429097
COHFACE_s08_session3_natural,37,187,43.233333333333334,0.1647409200668335,-0.18850629474021463
COHFACE_s08_session3_natural,37,188,43.266666666666666,0.05166149511933327,-0.4176808228596216
COHFACE_s08_session3_natural,37,189,43.3,-0.0844581201672554,-0.5305806427983543
COHFACE_s08_session3_natural,37,190,43.333333333333336,-0.208510160446167,-0.4948876464994804
COHFACE_s08_session3_natural,37,191,43.36666666666667,-0.342348575592041,-0.30996071450404894
COHFACE_s08_session3_natural,37,192,43.4,-0.4795403480529785,-0.014579831793365005
COHFACE_s08_session3_natural,37,193,43.43333333333333,-0.5841336846351624,0.31563073254663915
COHFACE_s08_session3_natural,37,194,43.46666666666667,-0.6443119049072266,0.5851434519733258
COHFACE_s08_session3_natural,37,195,43.5,-0.6795793771743774,0.7068068007715909
COHFACE_s08_session3_natural,37,196,43.53333333333333,-0.6995399594306946,0.6319735080873982
COHFACE_s08_session3_natural,37,197,43.56666666666667,-0.7390732765197754,0.3706790757483001
COHFACE_s08_session3_natural,37,198,43.6,-0.7717629671096802,-0.00683711111321063
COHFACE_s08_session3_natural,37,199,43.63333333333333,-0.7890545129776001,-0.38899999747670194
COHFACE_s08_session3_natural,37,200,43.666666666666664,-0.814969003200531,-0.6562244108493159
COHFACE_s08_session3_natural,37,201,43.7,-0.7159874439239502,-0.7177599608386256
COHFACE_s08_session3_natural,37,202,43.733333333333334,-0.22333800792694092,-0.5405577473760069
COHFACE_s08_session3_natural,37,203,43.766666666666666,0.5459533929824829,-0.16159333399772613
COHFACE_s08_session3_natural,37,204,43.8,1.1458879709243774,0.320313720709671
COHFACE_s08_session3_natural,37,205,43.833333333333336,1.3739631175994873,0.7716242157894497
COHFACE_s08_session3_natural,37,206,43.86666666666667,1.3435317277908325,1.0628160637183595
COHFACE_s08_session3_natural,37,207,43.9,1.231980800628662,1.1070627202209118
COHFACE_s08_session3_natural,37,208,43.93333333333333,1.1063319444656372,0.8862793637339359
COHFACE_s08_session3_natural,37,209,43.96666666666667,0.9365872740745544,0.4557560801461279
COHFACE_s08_session3_natural,37,210,44.0,0.7664777040481567,-0.07371780484294367
COHFACE_s08_session3_natural,37,211,44.03333333333333,0.6729025840759277,-0.569401780332326
COHFACE_s08_session3_natural,37,212,44.06666666666667,0.6596943736076355,-0.9145325876935343
COHFACE_s08_session3_natural,37,213,44.1,0.6460299491882324,-1.0393958772234577
COHFACE_s08_session3_natural,37,214,44.13333333333333,0.5768409371376038,-0.9377555132265902
COHFACE_s08_session3_natural,37,215,44.166666666666664,0.43228086829185486,-0.665602688758259
COHFACE_s08_session3_natural,37,216,44.2,0.276885062456131,-0.3234982669690138
COHFACE_s08_session3_natural,37,217,44.233333333333334,0.13960202038288116,-0.027276814891720763
COHFACE_s08_session3_natural,37,218,44.266666666666666,0.021344253793358803,0.1253699545808685
COHFACE_s08_session3_natural,37,219,44.3,-0.08302096277475357,0.08344038416234018
COHFACE_s08_session3_natural,37,220,44.333333333333336,-0.18410123884677887,-0.1420233413719983
COHFACE_s08_session3_natural,37,221,44.36666666666667,-0.25744205713272095,-0.48072180796164315
COHFACE_s08_session3_natural,37,222,44.4,-0.3059176802635193,-0.8234024266990901
COHFACE_s08_session3_natural,37,223,44.43333333333333,-0.3493975102901459,-1.0534521514809552
COHFACE_s08_session3_natural,37,224,44.46666666666667,-0.36922118067741394,-1.0802593412968675
COHFACE_s08_session3_natural,37,225,44.5,-0.3569026589393616,-0.8648473791006943
COHFACE_s08_session3_natural,37,226,44.53333333333333,-0.35840827226638794,-0.4312139401041525
COHFACE_s08_session3_natural,37,227,44.56666666666667,-0.4128834903240204,0.13885080889920248
COHFACE_s08_session3_natural,37,228,44.6,-0.3161146938800812,0.7256228163342997
COHFACE_s08_session3_natural,37,229,44.63333333333333,0.18346962332725525,1.2013497239758202
COHFACE_s08_session3_natural,37,230,44.666666666666664,0.9837626218795776,1.4639005659368176
COHFACE_s08_session3_natural,37,231,44.7,1.5959244966506958,1.4658923297153663
COHFACE_s08_session3_natural,37,232,44.733333333333334,1.798723816871643,1.2291983960505626
COHFACE_s08_session3_natural,37,233,44.766666666666666,1.7659884691238403,0.8373999805311638
COHFACE_s08_session3_natural,37,234,44.8,1.6709990501403809,0.40783700063953593
COHFACE_s08_session3_natural,37,235,44.833333333333336,1.5529237985610962,0.05445717793667239
COHFACE_s08_session3_natural,37,236,44.86666666666667,1.3180278539657593,-0.1443807012782507
COHFACE_s08_session3_natural,37,237,44.9,0.9930699467658997,-0.1632727382085987
COHFACE_s08_session3_natural,37,238,44.93333333333333,0.7774730920791626,-0.03009499950599174
COHFACE_s08_session3_natural,37,239,44.96666666666667,0.7011210918426514,0.18676697874503373
COHFACE_s08_session3_natural,38,0,38.0,0.28468677401542664,-0.01882425905970004
COHFACE_s08_session3_natural,38,1,38.03333333333333,0.12320014089345932,0.3179352884967466
COHFACE_s08_session3_natural,38,2,38.06666666666667,-0.014082890003919601,0.5675200400456962
COHFACE_s08_session3_natural,38,3,38.1,-0.09752944111824036,0.6631198139057145
COHFACE_s08_session3_natural,38,4,38.13333333333333,-0.1876371055841446,0.5795038734191574
COHFACE_s08_session3_natural,38,5,38.166666666666664,-0.2375955432653427,0.3348693704691067
COHFACE_s08_session3_natural,38,6,38.2,-0.25315338373184204,-0.02044368358875348
COHFACE_s08_session3_natural,38,7,38.233333333333334,-0.27436861395835876,-0.4210114246145198
COHFACE_s08_session3_natural,38,8,38.266666666666666,-0.31171196699142456,-0.8015299538344033
COHFACE_s08_session3_natural,38,9,38.3,-0.3282279074192047,-1.106350282523105
COHFACE_s08_session3_natural,38,10,38.333333333333336,-0.3657993674278259,-1.2935049014109201
COHFACE_s08_session3_natural,38,11,38.36666666666667,-0.4381592571735382,-1.335891138446414
COHFACE_s08_session3_natural,38,12,38.4,-0.40296024084091187,-1.2229501126121867
COHFACE_s08_session3_natural,38,13,38.43333333333333,-0.005391491577029228,-0.9643732747307474
COHFACE_s08_session3_natural,38,14,38.46666666666667,0.7358866930007935,-0.5938221165399782
COHFACE_s08_session3_natural,38,15,38.5,1.3943798542022705,-0.16870081058265213
COHFACE_s08_session3_natural,38,16,38.53333333333333,1.679827332496643,0.23624586996912078
COHFACE_s08_session3_natural,38,17,38.56666666666667,1.6550990343093872,0.5408777346564252
COHFACE_s08_session3_natural,38,18,38.6,1.4848525524139404,0.67553079304794
COHFACE_s08_session3_natural,38,19,38.63333333333333,1.279566764831543,0.5992430044091032
COHFACE_s08_session3_natural,38,20,38.666666666666664,1.0320101976394653,0.3175324319833878
COHFACE_s08_session3_natural,38,21,38.7,0.8011748194694519,-0.10629614306127262
COHFACE_s08_session3_natural,38,22,38.733333333333334,0.6314986944198608,-0.5552651364713989
COHFACE_s08_session3_natural,38,23,38.766666666666666,0.5462955832481384,-0.8845180776776433
COHFACE_s08_session3_natural,38,24,38.8,0.4957440495491028,-0.9648600821708164
COHFACE_s08_session3_natural,38,25,38.833333333333336,0.38106778264045715,-0.729210546626723
COHFACE_s08_session3_natural,38,26,38.86666666666667,0.31879082322120667,-0.2035192902755515
COHFACE_s08_session3_natural,38,27,38.9,0.32273730635643005,0.4915098375610634
COHFACE_s08_session3_natural,38,28,38.93333333333333,0.27275606989860535,1.1715072974649436
COHFACE_s08_session3_natural,38,29,38.96666666666667,0.16328094899654388,1.6442200546566126
COHFACE_s08_session3_natural,38,30,39.0,0.04242260381579399,1.7720694671827424
COHFACE_s08_session3_natural,38,31,39.03333333333333,-0.11726187914609909,1.519293335129517
COHFACE_s08_session3_natural,38,32,39.06666666666667,-0.22121648490428925,0.965219912211898
COHFACE_s08_session3_natural,38,33,39.1,-0.28518152236938477,0.27722724965295814
COHFACE_s08_session3_natural,38,34,39.13333333333333,-0.41192537546157837,-0.3465663176735299
COHFACE_s08_session3_natural,38,35,39.166666666666664,-0.5210354924201965,-0.7422717194774131
COHFACE_s08_session3_natural,38,36,39.2,-0.5698077082633972,-0.8285414191013634
COHFACE_s08_session3_natural,38,37,39.233333333333334,-0.6583185195922852,-0.622695344159181
COHFACE_s08_session3_natural,38,38,39.266666666666666,-0.5911369919776917,-0.22308668519526348
COHFACE_s08_session3_natural,38,39,39.3,-0.14995157718658447,0.2313000336287882
COHFACE_s08_session3_natural,38,40,39.333333333333336,0.5215901136398315,0.6068303910484393
COHFACE_s08_session3_natural,38,41,39.36666666666667,1.046495795249939,0.8110763090046743
COHFACE_s08_session3_natural,38,42,39.4,1.1935880184173584,0.8098746479592125
COHFACE_s08_session3_natural,38,43,39.43333333333333,1.0605252981185913,0.6251094442059218
COHFACE_s08_session3_natural,38,44,39.46666666666667,0.8525019884109497,0.31835733520371967
COHFACE_s08_session3_natural,38,45,39.5,0.6713513731956482,-0.0321120645165907
COHFACE_s08_session3_natural,38,46,39.53333333333333,0.5181455016136169,-0.35347054504774245
COHFACE_s08_session3_natural,38,47,39.56666666666667,0.3698670566082001,-0.5937769006163669
COHFACE_s08_session3_natural,38,48,39.6,0.2727104425430298,-0.727885912879971
COHFACE_s08_session3_natural,38,49,39.63333333333333,0.2786872088909149,-0.7546164185732973
COHFACE_s08_session3_natural,38,50,39.666666666666664,0.28194934129714966,-0.6891625592993833
COHFACE_s08_session3_natural,38,51,39.7,0.1636231243610382,-0.5557236970526458
COHFACE_s08_session3_natural,38,52,39.733333333333334,-0.0006237690686248243,-0.38339067982845726
COHFACE_s08_session3_natural,38,53,39.766666666666666,-0.16852059960365295,-0.20507220668858453
COHFACE_s08_session3_natural,38,54,39.8,-0.3293913006782532,-0.056892687987078555
COHFACE_s08_session3_natural,38,55,39.833333333333336,-0.4709630012512207,0.025046324551162773
COHFACE_s08_session3_natural,38,56,39.86666666666667,-0.5878064036369324,0.012381257038135376
COHFACE_s08_session3_natural,38,57,39.9,-0.7020264863967896,-0.10431263876810801
COHFACE_s08_session3_natural,38,58,39.93333333333333,-0.8179345726966858,-0.30521161549815773
COHFACE_s08_session3_natural,38,59,39.96666666666667,-0.9306718111038208,-0.5380834122160342
COHFACE_s08_session3_natural,38,60,40.0,-1.038527250289917,-0.7271510301531839
COHFACE_s08_session3_natural,38,61,40.03333333333333,-1.173574686050415,-0.7941089945846014
COHFACE_s08_session3_natural,38,62,40.06666666666667,-1.3006151914596558,-0.68518197154104
COHFACE_s08_session3_natural,38,63,40.1,-1.327944040298462,-0.39383672093840333
COHFACE_s08_session3_natural,38,64,40.13333333333333,-1.0970402956008911,0.030830154557467657
COHFACE_s08_session3_natural,38,65,40.166666666666664,-0.39340198040008545,0.4950556895604812
COHFACE_s08_session3_natural,38,66,40.2,0.4817146360874176,0.8884048934664183
COHFACE_s08_session3_natural,38,67,40.233333333333334,1.0271055698394775,1.1194331129606154
COHFACE_s08_session3_natural,38,68,40.266666666666666,1.1565412282943726,1.1457303136004333
COHFACE_s08_session3_natural,38,69,40.3,1.0884015560150146,0.9866323791786578
COHFACE_s08_session3_natural,38,70,40.333333333333336,0.9980201721191406,0.7138828272805792
COHFACE_s08_session3_natural,38,71,40.36666666666667,0.8845985531806946,0.4241037664760751
COHFACE_s08_session3_natural,38,72,40.4,0.6807955503463745,0.20309798330095097
COHFACE_s08_session3_natural,38,73,40.43333333333333,0.4786578118801117,0.0951570031851024
COHFACE_s08_session3_natural,38,74,40.46666666666667,0.352780818939209,0.09034120916501012
COHFACE_s08_session3_natural,38,75,40.5,0.2932412922382355,0.13610494305093807
COHFACE_s08_session3_natural,38,76,40.53333333333333,0.21992331743240356,0.16696494845203924
COHFACE_s08_session3_natural,38,77,40.56666666666667,0.06423094123601913,0.13573745277619362
COHFACE_s08_session3_natural,38,78,40.6,-0.12168741971254349,0.03035196965001252
COHFACE_s08_session3_natural,38,79,40.63333333333333,-0.29672443866729736,-0.1296533855160114
COHFACE_s08_session3_natural,38,80,40.666666666666664,-0.47506919503211975,-0.31038482597609196
COHFACE_s08_session3_natural,38,81,40.7,-0.6340693235397339,-0.4814222381303103
COHFACE_s08_session3_natural,38,82,40.733333333333334,-0.7584179043769836,-0.6241849468800436
COHFACE_s08_session3_natural,38,83,40.766666666666666,-0.8476586937904358,-0.7294962199927673
COHFACE_s08_session3_natural,38,84,40.8,-0.926497220993042,-0.7901237162266113
COHFACE_s08_session3_natural,38,85,40.833333333333336,-0.9881126284599304,-0.795453062183386
COHFACE_s08_session3_natural,38,86,40.86666666666667,-1.0109703540802002,-0.7315267848797838
COHFACE_s08_session3_natural,38,87,40.9,-1.012521505355835,-0.5852145190501556
COHFACE_s08_session3_natural,38,88,40.93333333333333,-1.0240187644958496,-0.3502535735295676
COHFACE_s08_session3_natural,38,89,40.96666666666667,-1.024269700050354,-0.033877593424732136
COHFACE_s08_session3_natural,38,90,41.0,-0.9180795550346375,0.3373502126690822
COHFACE_s08_session3_natural,38,91,41.03333333333333,-0.48319026827812195,0.7153798990839837
COHFACE_s08_session3_natural,38,92,41.06666666666667,0.30998536944389343,1.0360652137838482
COHFACE_s08_session3_natural,38,93,41.1,0.995807409286499,1.2339283777905272
COHFACE_s08_session3_natural,38,94,41.13333333333333,1.2651039361953735,1.2627015235092345
COHFACE_s08_session3_natural,38,95,41.166666666666664,1.2308173179626465,1.1130681890430578
COHFACE_s08_session3_natural,38,96,41.2,1.095450520515442,0.8187465509326234
COHFACE_s08_session3_natural,38,97,41.233333333333334,0.9392106533050537,0.44711600128806417
COHFACE_s08_session3_natural,38,98,41.266666666666666,0.7010982632637024,0.07817602298198971
COHFACE_s08_session3_natural,38,99,41.3,0.4353148639202118,-0.21914181536998
COHFACE_s08_session3_natural,38,100,41.333333333333336,0.2622168958187103,-0.40465962075707484
COHFACE_s08_session3_natural,38,101,41.36666666666667,0.19067823886871338,-0.4744775219775794
COHFACE_s08_session3_natural,38,102,41.4,0.13282683491706848,-0.4589371231996719
COHFACE_s08_session3_natural,38,103,41.43333333333333,0.027343828231096268,-0.4135979189478102
COHFACE_s08_session3_natural,38,104,41.46666666666667,-0.1278238743543625,-0.40475093228919895
COHFACE_s08_session3_natural,38,105,41.5,-0.2997584342956543,-0.4903245940203413
COHFACE_s08_session3_natural,38,106,41.53333333333333,-0.46843087673187256,-0.6993091992183275
COHFACE_s08_session3_natural,38,107,41.56666666666667,-0.6252182126045227,-1.0156897277680064
COHFACE_s08_session3_natural,38,108,41.6,-0.7433619499206543,-1.3731409377180626
COHFACE_s08_session3_natural,38,109,41.63333333333333,-0.8365492224693298,-1.6648389710441152
COHFACE_s08_session3_natural,38,110,41.666666666666664,-0.9051907658576965,-1.7697029315369126
COHFACE_s08_session3_natural,38,111,41.7,-0.9735128879547119,-1.5907096689862132
COHFACE_s08_session3_natural,38,112,41.733333333333334,-1.039781928062439,-1.0931440449660794
COHFACE_s08_session3_natural,38,113,41.766666666666666,-1.0977702140808105,-0.3270077860614015
COHFACE_s08_session3_natural,38,114,41.8,-1.164381504058838,0.5770769779415744
COHFACE_s08_session3_natural,38,115,41.833333333333336,-1.2244457006454468,1.4392934698067863
COHFACE_s08_session3_natural,38,116,41.86666666666667,-1.2657582759857178,2.0813559580310916
COHFACE_s08_session3_natural,38,117,41.9,-1.182380199432373,2.3807360579573325
COHFACE_s08_session3_natural,38,118,41.93333333333333,-0.7124971747398376,2.3070272548335713
COHFACE_s08_session3_natural,38,119,41.96666666666667,0.04926622658967972,1.9238244900322654
COHFACE_s08_session3_natural,38,120,42.0,0.6354223489761353,1.3572462470785935
COHFACE_s08_session3_natural,38,121,42.03333333333333,0.8389972448348999,0.7496422680692674
COHFACE_s08_session3_natural,38,122,42.06666666666667,0.7774502635002136,0.2201885250522172
COHFACE_s08_session3_natural,38,123,42.1,0.6430872082710266,-0.15570312108083054
COHFACE_s08_session3_natural,38,124,42.13333333333333,0.5077660083770752,-0.3490887530281064
COHFACE_s08_session3_natural,38,125,42.166666666666664,0.3222126364707947,-0.3706011239113452
COHFACE_s08_session3_natural,38,126,42.2,0.11222753673791885,-0.2611196955209774
COHFACE_s08_session3_natural,38,127,42.233333333333334,-0.00561961205676198,-0.08198917315065474
COHFACE_s08_session3_natural,38,128,42.266666666666666,-0.033655647188425064,0.09630165829366587
COHFACE_s08_session3_natural,38,129,42.3,-0.05811018496751785,0.20749998205240047
COHFACE_s08_session3_natural,38,130,42.333333333333336,-0.11863060295581818,0.20316955995586075
COHFACE_s08_session3_natural,38,131,42.36666666666667,-0.24624131619930267,0.06304112137220443
COHFACE_s08_session3_natural,38,132,42.4,-0.3803078532218933,-0.2006204367456743
COHFACE_s08_session3_natural,38,133,42.43333333333333,-0.5166555643081665,-0.5456025640562228
COHFACE_s08_session3_natural,38,134,42.46666666666667,-0.6406620144844055,-0.9088830111574218
COHFACE_s08_session3_natural,38,135,42.5,-0.7377501726150513,-1.2205484595618874
COHFACE_s08_session3_natural,38,136,42.53333333333333,-0.8219038844108582,-1.4189508388071033
COHFACE_s08_session3_natural,38,137,42.56666666666667,-0.8962712287902832,-1.4628869811101226
COHFACE_s08_session3_natural,38,138,42.6,-0.9336830377578735,-1.3381865849596788
COHFACE_s08_session3_natural,38,139,42.63333333333333,-0.9684486389160156,-1.0585955817034198
COHFACE_s08_session3_natural,38,140,42.666666666666664,-0.9827517867088318,-0.6623055547513209
COHFACE_s08_session3_natural,38,141,42.7,-0.9948650002479553,-0.20554993293520324
COHFACE_s08_session3_natural,38,142,42.733333333333334,-1.0158977508544922,0.24590963982904498
COHFACE_s08_session3_natural,38,143,42.766666666666666,-1.038686990737915,0.6269709015972519
COHFACE_s08_session3_natural,38,144,42.8,-0.9193798303604126,0.8843065765908776
COHFACE_s08_session3_natural,38,145,42.833333333333336,-0.42362797260284424,0.9869054722130722
COHFACE_s08_session3_natural,38,146,42.86666666666667,0.3020467758178711,0.9338287246197815
COHFACE_s08_session3_natural,38,147,42.9,0.8456583619117737,0.7564656140633311
COHFACE_s08_session3_natural,38,148,42.93333333333333,1.0265580415725708,0.5127746263688556
COHFACE_s08_session3_natural,38,149,42.96666666666667,0.9699841737747192,0.2732292857670655
COHFACE_s08_session3_natural,38,150,43.0,0.8602352738380432,0.10229308519613066
COHFACE_s08_session3_natural,38,151,43.03333333333333,0.738145112991333,0.04183268616199881
COHFACE_s08_session3_natural,38,152,43.06666666666667,0.5464324355125427,0.10139208837518848
COHFACE_s08_session3_natural,38,153,43.1,0.3377932906150818,0.2567819499460176
COHFACE_s08_session3_natural,38,154,43.13333333333333,0.23833265900611877,0.4561537705286177
COHFACE_s08_session3_natural,38,155,43.166666666666664,0.23039405047893524,0.6319664710870683
COHFACE_s08_session3_natural,38,156,43.2,0.21748241782188416,0.7168823436032502
COHFACE_s08_session3_natural,38,157,43.233333333333334,0.1647409200668335,0.6610282887188627
COHFACE_s08_session3_natural,38,158,43.266666666666666,0.05166149511933327,0.44711841864322444
COHFACE_s08_session3_natural,38,159,43.3,-0.0844581201672554,0.09880563117545656
COHFACE_s08_session3_natural,38,160,43.333333333333336,-0.208510160446167,-0.3225094368200159
COHFACE_s08_session3_natural,38,161,43.36666666666667,-0.342348575592041,-0.7339038302242652
COHFACE_s08_session3_natural,38,162,43.4,-0.4795403480529785,-1.0549983856758525
COHFACE_s08_session3_natural,38,163,43.43333333333333,-0.5841336846351624,-1.2298111933403728
COHFACE_s08_session3_natural,38,164,43.46666666666667,-0.6443119049072266,-1.2379361742301103
COHFACE_s08_session3_natural,38,165,43.5,-0.6795793771743774,-1.0929275155362017
COHFACE_s08_session3_natural,38,166,43.53333333333333,-0.6995399594306946,-0.8320372947549176
COHFACE_s08_session3_natural,38,167,43.56666666666667,-0.7390732765197754,-0.5040078208014245
COHFACE_s08_session3_natural,38,168,43.6,-0.7717629671096802,-0.15961148272441947
COHFACE_s08_session3_natural,38,169,43.63333333333333,-0.7890545129776001,0.1544894968550221
COHFACE_s08_session3_natural,38,170,43.666666666666664,-0.814969003200531,0.4007114132284245
COHFACE_s08_session3_natural,38,171,43.7,-0.7159874439239502,0.555805028228626
COHFACE_s08_session3_natural,38,172,43.733333333333334,-0.22333800792694092,0.6147734651394307
COHFACE_s08_session3_natural,38,173,43.766666666666666,0.5459533929824829,0.5906529142406532
COHFACE_s08_session3_natural,38,174,43.8,1.1458879709243774,0.5102686715059671
COHFACE_s08_session3_natural,38,175,43.833333333333336,1.3739631175994873,0.4086093435699208
COHFACE_s08_session3_natural,38,176,43.86666666666667,1.3435317277908325,0.3227263842251803
COHFACE_s08_session3_natural,38,177,43.9,1.231980800628662,0.28371505544395054
COHFACE_s08_session3_natural,38,178,43.93333333333333,1.1063319444656372,0.3068496740947195
COHFACE_s08_session3_natural,38,179,43.96666666666667,0.9365872740745544,0.38357209173285184
COHFACE_s08_session3_natural,38,180,44.0,0.7664777040481567,0.48058138448784293
COHFACE_s08_session3_natural,38,181,44.03333333333333,0.6729025840759277,0.5490168521488893
COHFACE_s08_session3_natural,38,182,44.06666666666667,0.6596943736076355,0.5416651112897833
COHFACE_s08_session3_natural,38,183,44.1,0.6460299491882324,0.4312211782128299
COHFACE_s08_session3_natural,38,184,44.13333333333333,0.5768409371376038,0.22108889608701457
COHFACE_s08_session3_natural,38,185,44.166666666666664,0.43228086829185486,-0.05644220325359793
COHFACE_s08_session3_natural,38,186,44.2,0.276885062456131,-0.3529477565850394
COHFACE_s08_session3_natural,38,187,44.233333333333334,0.13960202038288116,-0.6200698858177298
COHFACE_s08_session3_natural,38,188,44.266666666666666,0.021344253793358803,-0.8210361491883548
COHFACE_s08_session3_natural,38,189,44.3,-0.08302096277475357,-0.9337809732256986
COHFACE_s08_session3_natural,38,190,44.333333333333336,-0.18410123884677887,-0.9480905397783705
COHFACE_s08_session3_natural,38,191,44.36666666666667,-0.25744205713272095,-0.8623779319679906
COHFACE_s08_session3_natural,38,192,44.4,-0.3059176802635193,-0.6836470920501138
COHFACE_s08_session3_natural,38,193,44.43333333333333,-0.3493975102901459,-0.42977042188037284
COHFACE_s08_session3_natural,38,194,44.46666666666667,-0.36922118067741394,-0.13065338940599303
COHFACE_s08_session3_natural,38,195,44.5,-0.3569026589393616,0.17432756874077873
COHFACE_s08_session3_natural,38,196,44.53333333333333,-0.35840827226638794,0.44230571365484433
COHFACE_s08_session3_natural,38,197,44.56666666666667,-0.4128834903240204,0.6338399841458199
COHFACE_s08_session3_natural,38,198,44.6,-0.3161146938800812,0.7188097280477769
COHFACE_s08_session3_natural,38,199,44.63333333333333,0.18346962332725525,0.6815113336096386
COHFACE_s08_session3_natural,38,200,44.666666666666664,0.9837626218795776,0.5263793581347056
COHFACE_s08_session3_natural,38,201,44.7,1.5959244966506958,0.28383408731341336
COHFACE_s08_session3_natural,38,202,44.733333333333334,1.798723816871643,0.011535436143038681
COHFACE_s08_session3_natural,38,203,44.766666666666666,1.7659884691238403,-0.2151997594973938
COHFACE_s08_session3_natural,38,204,44.8,1.6709990501403809,-0.32529363357630975
COHFACE_s08_session3_natural,38,205,44.833333333333336,1.5529237985610962,-0.27950052610748966
COHFACE_s08_session3_natural,38,206,44.86666666666667,1.3180278539657593,-0.0914498270487208
COHFACE_s08_session3_natural,38,207,44.9,0.9930699467658997,0.16955171424597737
COHFACE_s08_session3_natural,38,208,44.93333333333333,0.7774730920791626,0.39865218022659815
COHFACE_s08_session3_natural,38,209,44.96666666666667,0.7011210918426514,0.4932845439837745
COHFACE_s08_session3_natural,38,210,45.0,0.6450034379959106,0.395152864609856
COHFACE_s08_session3_natural,38,211,45.03333333333333,0.5557854175567627,0.11883404892196253
COHFACE_s08_session3_natural,38,212,45.06666666666667,0.5195598602294922,-0.24820170387925397
COHFACE_s08_session3_natural,38,213,45.1,0.443185031414032,-0.578204572199188
COHFACE_s08_session3_natural,38,214,45.13333333333333,0.2897510528564453,-0.7552321685801416
COHFACE_s08_session3_natural,38,215,45.166666666666664,0.24773122370243073,-0.7220233370299503
COHFACE_s08_session3_natural,38,216,45.2,0.2413666546344757,-0.5004115954299131
COHFACE_s08_session3_natural,38,217,45.233333333333334,0.17705944180488586,-0.17839425164076164
COHFACE_s08_session3_natural,38,218,45.266666666666666,0.11113255470991135,0.12776765206329643
COHFACE_s08_session3_natural,38,219,45.3,0.09244947135448456,0.31862087711703213
COHFACE_s08_session3_natural,38,220,45.333333333333336,0.057364512234926224,0.345062999988681
COHFACE_s08_session3_natural,38,221,45.36666666666667,0.003984268754720688,0.21866226165848668
COHFACE_s08_session3_natural,38,222,45.4,-0.05482524633407593,-0.001637472743700171
COHFACE_s08_session3_natural,38,223,45.43333333333333,-0.08817648887634277,-0.2368428411518131
COHFACE_s08_session3_natural,38,224,45.46666666666667,-0.06915122270584106,-0.4156878316082783
COHFACE_s08_session3_natural,38,225,45.5,0.20769605040550232,-0.4923374557587085
COHFACE_s08_session3_natural,38,226,45.53333333333333,0.8719606995582581,-0.45104832294438524
COHFACE_s08_session3_natural,38,227,45.56666666666667,1.5591514110565186,-0.30176433613164444
COHFACE_s08_session3_natural,38,228,45.6,1.8628257513046265,-0.07284034140571366
COHFACE_s08_session3_natural,38,229,45.63333333333333,1.8208515644073486,0.19553315250903947
COHFACE_s08_session3_natural,38,230,45.666666666666664,1.6439439058303833,0.45786981838556384
COHFACE_s08_session3_natural,38,231,45.7,1.443174958229065,0.671828495822844
COHFACE_s08_session3_natural,38,232,45.733333333333334,1.2215784788131714,0.8073118715489164
COHFACE_s08_session3_natural,38,233,45.766666666666666,1.0414315462112427,0.8521061368379641
COHFACE_s08_session3_natural,38,234,45.8,0.9644636511802673,0.8116521479351376
COHFACE_s08_session3_natural,38,235,45.833333333333336,0.9415603280067444,0.70410825163967
COHFACE_s08_session3_natural,38,236,45.86666666666667,0.9026885628700256,0.5531684760917713
COHFACE_s08_session3_natural,38,237,45.9,0.7852292060852051,0.3807233055369813
COHFACE_s08_session3_natural,38,238,45.93333333333333,0.588771641254425,0.20143295760502855
COHFACE_s08_session3_natural,38,239,45.96666666666667,0.38932573795318604,0.021269982396331658
COHFACE_s08_session3_natural,39,0,39.0,0.04242260381579399,0.021428942062009078
COHFACE_s08_session3_natural,39,1,39.03333333333333,-0.11726187914609909,0.31042172528867307
COHFACE_s08_session3_natural,39,2,39.06666666666667,-0.22121648490428925,0.5618183324439081
COHFACE_s08_session3_natural,39,3,39.1,-0.28518152236938477,0.7382109538029892
COHFACE_s08_session3_natural,39,4,39.13333333333333,-0.41192537546157837,0.8088062502766643
COHFACE_s08_session3_natural,39,5,39.166666666666664,-0.5210354924201965,0.7541578457450694
COHFACE_s08_session3_natural,39,6,39.2,-0.5698077082633972,0.5720534435622744
COHFACE_s08_session3_natural,39,7,39.233333333333334,-0.6583185195922852,0.28390947840764424
COHFACE_s08_session3_natural,39,8,39.266666666666666,-0.5911369919776917,-0.06163060999580763
COHFACE_s08_session3_natural,39,9,39.3,-0.14995157718658447,-0.3926167813752762
COHFACE_s08_session3_natural,39,10,39.333333333333336,0.5215901136398315,-0.6275289147709265
COHFACE_s08_session3_natural,39,11,39.36666666666667,1.046495795249939,-0.6965793828071477
COHFACE_s08_session3_natural,39,12,39.4,1.1935880184173584,-0.5646977679704074
COHFACE_s08_session3_natural,39,13,39.43333333333333,1.0605252981185913,-0.24846421412188519
COHFACE_s08_session3_natural,39,14,39.46666666666667,0.8525019884109497,0.180573772051731
COHFACE_s08_session3_natural,39,15,39.5,0.6713513731956482,0.6103317085614268
COHFACE_s08_session3_natural,39,16,39.53333333333333,0.5181455016136169,0.9178916634581548
COHFACE_s08_session3_natural,39,17,39.56666666666667,0.3698670566082001,1.0056888761619538
COHFACE_s08_session3_natural,39,18,39.6,0.2727104425430298,0.8327976150807904
COHFACE_s08_session3_natural,39,19,39.63333333333333,0.2786872088909149,0.43104906732666665
COHFACE_s08_session3_natural,39,20,39.666666666666664,0.28194934129714966,-0.10060368247453018
COHFACE_s08_session3_natural,39,21,39.7,0.1636231243610382,-0.6236160534978096
COHFACE_s08_session3_natural,39,22,39.733333333333334,-0.0006237690686248243,-1.00119238382732
COHFACE_s08_session3_natural,39,23,39.766666666666666,-0.16852059960365295,-1.1396869166037684
COHFACE_s08_session3_natural,39,24,39.8,-0.3293913006782532,-1.0166764855821804
COHFACE_s08_session3_natural,39,25,39.833333333333336,-0.4709630012512207,-0.6871763030774177
COHFACE_s08_session3_natural,39,26,39.86666666666667,-0.5878064036369324,-0.26573843244755757
COHFACE_s08_session3_natural,39,27,39.9,-0.7020264863967896,0.11109119498450859
COHFACE_s08_session3_natural,39,28,39.93333333333333,-0.8179345726966858,0.3307353322328318
COHFACE_s08_session3_natural,39,29,39.96666666666667,-0.9306718111038208,0.3429520970629463
COHFACE_s08_session3_natural,39,30,40.0,-1.038527250289917,0.17486162642501474
COHFACE_s08_session3_natural,39,31,40.03333333333333,-1.173574686050415,-0.08473416905469938
COHFACE_s08_session3_natural,39,32,40.06666666666667,-1.3006151914596558,-0.3243760594120206
COHFACE_s08_session3_natural,39,33,40.1,-1.327944040298462,-0.4535136675489537
COHFACE_s08_session3_natural,39,34,40.13333333333333,-1.0970402956008911,-0.4318698504744805
COHFACE_s08_session3_natural,39,35,40.166666666666664,-0.39340198040008545,-0.2752586946444354
COHFACE_s08_session3_natural,39,36,40.2,0.4817146360874176,-0.03998342640821174
COHFACE_s08_session3_natural,39,37,40.233333333333334,1.0271055698394775,0.2039786514033738
COHFACE_s08_session3_natural,39,38,40.266666666666666,1.1565412282943726,0.3986500238949852
COHFACE_s08_session3_natural,39,39,40.3,1.0884015560150146,0.5137218514584467
COHFACE_s08_session3_natural,39,40,40.333333333333336,0.9980201721191406,0.5496294034697047
COHFACE_s08_session3_natural,39,41,40.36666666666667,0.8845985531806946,0.5300972143063925
COHFACE_s08_session3_natural,39,42,40.4,0.6807955503463745,0.487395259356632
COHFACE_s08_session3_natural,39,43,40.43333333333333,0.4786578118801117,0.44487159443918367
COHFACE_s08_session3_natural,39,44,40.46666666666667,0.352780818939209,0.40484400670213905
COHFACE_s08_session3_natural,39,45,40.5,0.2932412922382355,0.3499083217485457
COHFACE_s08_session3_natural,39,46,40.53333333333333,0.21992331743240356,0.25780601179459744
COHFACE_s08_session3_natural,39,47,40.56666666666667,0.06423094123601913,0.1200638430807146
COHFACE_s08_session3_natural,39,48,40.6,-0.12168741971254349,-0.048571826410800975
COHFACE_s08_session3_natural,39,49,40.63333333333333,-0.29672443866729736,-0.21636152001138376
COHFACE_s08_session3_natural,39,50,40.666666666666664,-0.47506919503211975,-0.3509920810068106
COHFACE_s08_session3_natural,39,51,40.7,-0.6340693235397339,-0.4336900595954662
COHFACE_s08_session3_natural,39,52,40.733333333333334,-0.7584179043769836,-0.462742878246944
COHFACE_s08_session3_natural,39,53,40.766666666666666,-0.8476586937904358,-0.4476462652642875
COHFACE_s08_session3_natural,39,54,40.8,-0.926497220993042,-0.4006250616082717
COHFACE_s08_session3_natural,39,55,40.833333333333336,-0.9881126284599304,-0.3314063841704247
COHFACE_s08_session3_natural,39,56,40.86666666666667,-1.0109703540802002,-0.24663625368962577
COHFACE_s08_session3_natural,39,57,40.9,-1.012521505355835,-0.15148216967952466
COHFACE_s08_session3_natural,39,58,40.93333333333333,-1.0240187644958496,-0.05054309134011276
COHFACE_s08_session3_natural,39,59,40.96666666666667,-1.024269700050354,0.05271936016608412
COHFACE_s08_session3_natural,39,60,41.0,-0.9180795550346375,0.1567742672895913
COHFACE_s08_session3_natural,39,61,41.03333333333333,-0.48319026827812195,0.2613581193375389
COHFACE_s08_session3_natural,39,62,41.06666666666667,0.30998536944389343,0.36494380688246986
COHFACE_s08_session3_natural,39,63,41.1,0.995807409286499,0.4616422039276725
COHFACE_s08_session3_natural,39,64,41.13333333333333,1.2651039361953735,0.5396128019620186
COHFACE_s08_session3_natural,39,65,41.166666666666664,1.2308173179626465,0.5826404125022469
COHFACE_s08_session3_natural,39,66,41.2,1.095450520515442,0.5752364786787346
COHFACE_s08_session3_natural,39,67,41.233333333333334,0.9392106533050537,0.5096275869639803
COHFACE_s08_session3_natural,39,68,41.266666666666666,0.7010982632637024,0.3910676661931673
COHFACE_s08_session3_natural,39,69,41.3,0.4353148639202118,0.2378904131345879
COHFACE_s08_session3_natural,39,70,41.333333333333336,0.2622168958187103,0.07536563529639058
COHFACE_s08_session3_natural,39,71,41.36666666666667,0.19067823886871338,-0.07436407133372766
COHFACE_s08_session3_natural,39,72,41.4,0.13282683491706848,-0.20239258724767842
COHFACE_s08_session3_natural,39,73,41.43333333333333,0.027343828231096268,-0.3188473176170357
COHFACE_s08_session3_natural,39,74,41.46666666666667,-0.1278238743543625,-0.45012088565470576
COHFACE_s08_session3_natural,39,75,41.5,-0.2997584342956543,-0.625975261596513
COHFACE_s08_session3_natural,39,76,41.53333333333333,-0.46843087673187256,-0.8607191098054215
COHFACE_s08_session3_natural,39,77,41.56666666666667,-0.6252182126045227,-1.136955622185297
COHFACE_s08_session3_natural,39,78,41.6,-0.7433619499206543,-1.3994410248499625
COHFACE_s08_session3_natural,39,79,41.63333333333333,-0.8365492224693298,-1.5628976021045033
COHFACE_s08_session3_natural,39,80,41.666666666666664,-0.9051907658576965,-1.534386323853576
COHFACE_s08_session3_natural,39,81,41.7,-0.9735128879547119,-1.2462785769357838
COHFACE_s08_session3_natural,39,82,41.733333333333334,-1.039781928062439,-0.689073498537749
COHFACE_s08_session3_natural,39,83,41.766666666666666,-1.0977702140808105,0.07019735693958298
COHFACE_s08_session3_natural,39,84,41.8,-1.164381504058838,0.8938642894795066
COHFACE_s08_session3_natural,39,85,41.833333333333336,-1.2244457006454468,1.6050328339158557
COHFACE_s08_session3_natural,39,86,41.86666666666667,-1.2657582759857178,2.0377577072427515
COHFACE_s08_session3_natural,39,87,41.9,-1.182380199432373,2.0912813790540885
COHFACE_s08_session3_natural,39,88,41.93333333333333,-0.7124971747398376,1.7667610452266203
COHFACE_s08_session3_natural,39,89,41.96666666666667,0.04926622658967972,1.168129043067674
COHFACE_s08_session3_natural,39,90,42.0,0.6354223489761353,0.4660175027340885
COHFACE_s08_session3_natural,39,91,42.03333333333333,0.8389972448348999,-0.15765255365304698
COHFACE_s08_session3_natural,39,92,42.06666666666667,0.7774502635002136,-0.56108738712336
COHFACE_s08_session3_natural,39,93,42.1,0.6430872082710266,-0.6741608447125406
COHFACE_s08_session3_natural,39,94,42.13333333333333,0.5077660083770752,-0.5064383320830855
COHFACE_s08_session3_natural,39,95,42.166666666666664,0.3222126364707947,-0.1366190467474152
COHFACE_s08_session3_natural,39,96,42.2,0.11222753673791885,0.31033368144615264
COHFACE_s08_session3_natural,39,97,42.233333333333334,-0.00561961205676198,0.693982658442479
COHFACE_s08_session3_natural,39,98,42.266666666666666,-0.033655647188425064,0.8925236519389546
COHFACE_s08_session3_natural,39,99,42.3,-0.05811018496751785,0.8333554344205898
COHFACE_s08_session3_natural,39,100,42.333333333333336,-0.11863060295581818,0.5120039657776265
COHFACE_s08_session3_natural,39,101,42.36666666666667,-0.24624131619930267,-0.0067454083245687205
COHFACE_s08_session3_natural,39,102,42.4,-0.3803078532218933,-0.6063188656318375
COHFACE_s08_session3_natural,39,103,42.43333333333333,-0.5166555643081665,-1.1489946624645562
COHFACE_s08_session3_natural,39,104,42.46666666666667,-0.6406620144844055,-1.5103320086128336
COHFACE_s08_session3_natural,39,105,42.5,-0.7377501726150513,-1.6081375790792507
COHFACE_s08_session3_natural,39,106,42.53333333333333,-0.8219038844108582,-1.42024808226916
COHFACE_s08_session3_natural,39,107,42.56666666666667,-0.8962712287902832,-0.9889917641490015
COHFACE_s08_session3_natural,39,108,42.6,-0.9336830377578735,-0.41163015171614425
COHFACE_s08_session3_natural,39,109,42.63333333333333,-0.9684486389160156,0.18252516319984813
COHFACE_s08_session3_natural,39,110,42.666666666666664,-0.9827517867088318,0.6640332715648678
COHFACE_s08_session3_natural,39,111,42.7,-0.9948650002479553,0.9360511822822548
COHFACE_s08_session3_natural,39,112,42.733333333333334,-1.0158977508544922,0.958408975240056
COHFACE_s08_session3_natural,39,113,42.766666666666666,-1.038686990737915,0.7558408241182051
COHFACE_s08_session3_natural,39,114,42.8,-0.9193798303604126,0.4080316111162106
COHFACE_s08_session3_natural,39,115,42.833333333333336,-0.42362797260284424,0.025067200478187755
COHFACE_s08_session3_natural,39,116,42.86666666666667,0.3020467758178711,-0.2832893168084191
COHFACE_s08_session3_natural,39,117,42.9,0.8456583619117737,-0.4350003080363494
COHFACE_s08_session3_natural,39,118,42.93333333333333,1.0265580415725708,-0.3936214941251892
COHFACE_s08_session3_natural,39,119,42.96666666666667,0.9699841737747192,-0.1746732875884923
COHFACE_s08_session3_natural,39,120,43.0,0.8602352738380432,0.15940981473274707
COHFACE_s08_session3_natural,39,121,43.03333333333333,0.738145112991333,0.5149103746312945
COHFACE_s08_session3_natural,39,122,43.06666666666667,0.5464324355125427,0.7904783589861648
COHFACE_s08_session3_natural,39,123,43.1,0.3377932906150818,0.9034703269554264
COHFACE_s08_session3_natural,39,124,43.13333333333333,0.23833265900611877,0.8115402593429496
COHFACE_s08_session3_natural,39,125,43.166666666666664,0.23039405047893524,0.5229340162703221
COHFACE_s08_session3_natural,39,126,43.2,0.21748241782188416,0.09333251413029146
COHFACE_s08_session3_natural,39,127,43.233333333333334,0.1647409200668335,-0.38816087259935333
COHFACE_s08_session3_natural,39,128,43.266666666666666,0.05166149511933327,-0.8193642526681673
COHFACE_s08_session3_natural,39,129,43.3,-0.0844581201672554,-1.1076813851655716
COHFACE_s08_session3_natural,39,130,43.333333333333336,-0.208510160446167,-1.1918013492979542
COHFACE_s08_session3_natural,39,131,43.36666666666667,-0.342348575592041,-1.0584232400782136
COHFACE_s08_session3_natural,39,132,43.4,-0.4795403480529785,-0.7483733930190836
COHFACE_s08_session3_natural,39,133,43.43333333333333,-0.5841336846351624,-0.34735000606143007
COHFACE_s08_session3_natural,39,134,43.46666666666667,-0.6443119049072266,0.038142561624062946
COHFACE_s08_session3_natural,39,135,43.5,-0.6795793771743774,0.31254389307080377
COHFACE_s08_session3_natural,39,136,43.53333333333333,-0.6995399594306946,0.42011560081200044
COHFACE_s08_session3_natural,39,137,43.56666666666667,-0.7390732765197754,0.3610746887932876
COHFACE_s08_session3_natural,39,138,43.6,-0.7717629671096802,0.18903581609901662
COHFACE_s08_session3_natural,39,139,43.63333333333333,-0.7890545129776001,-0.009698511491449941
COHFACE_s08_session3_natural,39,140,43.666666666666664,-0.814969003200531,-0.1472162320689855
COHFACE_s08_session3_natural,39,141,43.7,-0.7159874439239502,-0.16357715779775786
COHFACE_s08_session3_natural,39,142,43.733333333333334,-0.22333800792694092,-0.04466048116665544
COHFACE_s08_session3_natural,39,143,43.766666666666666,0.5459533929824829,0.1765799066075175
COHFACE_s08_session3_natural,39,144,43.8,1.1458879709243774,0.43452430274542014
COHFACE_s08_session3_natural,39,145,43.833333333333336,1.3739631175994873,0.6551459321188973
COHFACE_s08_session3_natural,39,146,43.86666666666667,1.3435317277908325,0.7809818649117514
COHFACE_s08_session3_natural,39,147,43.9,1.231980800628662,0.7875746027693685
COHFACE_s08_session3_natural,39,148,43.93333333333333,1.1063319444656372,0.6861004692951411
COHFACE_s08_session3_natural,39,149,43.96666666666667,0.9365872740745544,0.5131955769411569
COHFACE_s08_session3_natural,39,150,44.0,0.7664777040481567,0.3144298972181857
COHFACE_s08_session3_natural,39,151,44.03333333333333,0.6729025840759277,0.12941490680761836
COHFACE_s08_session3_natural,39,152,44.06666666666667,0.6596943736076355,-0.016543367054885603
COHFACE_s08_session3_natural,39,153,44.1,0.6460299491882324,-0.11398211609719697
COHFACE_s08_session3_natural,39,154,44.13333333333333,0.5768409371376038,-0.166510766465004
COHFACE_s08_session3_natural,39,155,44.166666666666664,0.43228086829185486,-0.18658186160440557
COHFACE_s08_session3_natural,39,156,44.2,0.276885062456131,-0.1916586654707299
COHFACE_s08_session3_natural,39,157,44.233333333333334,0.13960202038288116,-0.20104025825709437
COHFACE_s08_session3_natural,39,158,44.266666666666666,0.021344253793358803,-0.2322259309196466
COHFACE_s08_session3_natural,39,159,44.3,-0.08302096277475357,-0.2958376310108729
COHFACE_s08_session3_natural,39,160,44.333333333333336,-0.18410123884677887,-0.3900466290296499
COHFACE_s08_session3_natural,39,161,44.36666666666667,-0.25744205713272095,-0.49728749274889134
COHFACE_s08_session3_natural,39,162,44.4,-0.3059176802635193,-0.5859297929337446
COHFACE_s08_session3_natural,39,163,44.43333333333333,-0.3493975102901459,-0.6178592437456938
COHFACE_s08_session3_natural,39,164,44.46666666666667,-0.36922118067741394,-0.5607885159833138
COHFACE_s08_session3_natural,39,165,44.5,-0.3569026589393616,-0.4019906519690179
COHFACE_s08_session3_natural,39,166,44.53333333333333,-0.35840827226638794,-0.1584731703870115
COHFACE_s08_session3_natural,39,167,44.56666666666667,-0.4128834903240204,0.12134845384777947
COHFACE_s08_session3_natural,39,168,44.6,-0.3161146938800812,0.36700238462981916
COHFACE_s08_session3_natural,39,169,44.63333333333333,0.18346962332725525,0.5053081458071772
COHFACE_s08_session3_natural,39,170,44.666666666666664,0.9837626218795776,0.48533359762469375
COHFACE_s08_session3_natural,39,171,44.7,1.5959244966506958,0.3011062582109894
COHFACE_s08_session3_natural,39,172,44.733333333333334,1.798723816871643,0.0015907586355361474
COHFACE_s08_session3_natural,39,173,44.766666666666666,1.7659884691238403,-0.3199462075101758
COHFACE_s08_session3_natural,39,174,44.8,1.6709990501403809,-0.5555874815394564
COHFACE_s08_session3_natural,39,175,44.833333333333336,1.5529237985610962,-0.6200237843573925
COHFACE_s08_session3_natural,39,176,44.86666666666667,1.3180278539657593,-0.4809886809277737
COHFACE_s08_session3_natural,39,177,44.9,0.9930699467658997,-0.1721149908113729
COHFACE_s08_session3_natural,39,178,44.93333333333333,0.7774730920791626,0.21599947283120566
COHFACE_s08_session3_natural,39,179,44.96666666666667,0.7011210918426514,0.5641550290333728
COHFACE_s08_session3_natural,39,180,45.0,0.6450034379959106,0.7644705313626935
COHFACE_s08_session3_natural,39,181,45.03333333333333,0.5557854175567627,0.7590917836054035
COHFACE_s08_session3_natural,39,182,45.06666666666667,0.5195598602294922,0.5619599886679547
COHFACE_s08_session3_natural,39,183,45.1,0.443185031414032,0.2522776941474484
COHFACE_s08_session3_natural,39,184,45.13333333333333,0.2897510528564453,-0.058375977080189635
COHFACE_s08_session3_natural,39,185,45.166666666666664,0.24773122370243073,-0.269857493947488
COHFACE_s08_session3_natural,39,186,45.2,0.2413666546344757,-0.3288084893931198
COHFACE_s08_session3_natural,39,187,45.233333333333334,0.17705944180488586,-0.2422226803299031
COHFACE_s08_session3_natural,39,188,45.266666666666666,0.11113255470991135,-0.06681375796826394
COHFACE_s08_session3_natural,39,189,45.3,0.09244947135448456,0.11812314547768994
COHFACE_s08_session3_natural,39,190,45.333333333333336,0.057364512234926224,0.2414359456529011
COHFACE_s08_session3_natural,39,191,45.36666666666667,0.003984268754720688,0.2624852976286043
COHFACE_s08_session3_natural,39,192,45.4,-0.05482524633407593,0.17897582626374878
COHFACE_s08_session3_natural,39,193,45.43333333333333,-0.08817648887634277,0.021177007767528403
COHFACE_s08_session3_natural,39,194,45.46666666666667,-0.06915122270584106,-0.16161108398162205
COHFACE_s08_session3_natural,39,195,45.5,0.20769605040550232,-0.3156393284079016
COHFACE_s08_session3_natural,39,196,45.53333333333333,0.8719606995582581,-0.39438263088767306
COHFACE_s08_session3_natural,39,197,45.56666666666667,1.5591514110565186,-0.3669715704511981
COHFACE_s08_session3_natural,39,198,45.6,1.8628257513046265,-0.22467358038389593
COHFACE_s08_session3_natural,39,199,45.63333333333333,1.8208515644073486,0.014575609368649201
COHFACE_s08_session3_natural,39,200,45.666666666666664,1.6439439058303833,0.30621706368089063
COHFACE_s08_session3_natural,39,201,45.7,1.443174958229065,0.5866937629063222
COHFACE_s08_session3_natural,39,202,45.733333333333334,1.2215784788131714,0.7881799885003503
COHFACE_s08_session3_natural,39,203,45.766666666666666,1.0414315462112427,0.8561692479293991
COHFACE_s08_session3_natural,39,204,45.8,0.9644636511802673,0.7650949796898385
COHFACE_s08_session3_natural,39,205,45.833333333333336,0.9415603280067444,0.5279793755068597
COHFACE_s08_session3_natural,39,206,45.86666666666667,0.9026885628700256,0.1961544477037144
COHFACE_s08_session3_natural,39,207,45.9,0.7852292060852051,-0.15326332712754095
COHFACE_s08_session3_natural,39,208,45.93333333333333,0.588771641254425,-0.4393831078719083
COHFACE_s08_session3_natural,39,209,45.96666666666667,0.38932573795318604,-0.6013552165354908
COHFACE_s08_session3_natural,39,210,46.0,0.20222115516662598,-0.6157116647436404
COHFACE_s08_session3_natural,39,211,46.03333333333333,0.07057269662618637,-0.5021329962827931
COHFACE_s08_session3_natural,39,212,46.06666666666667,-0.035092804580926895,-0.3167002352132601
COHFACE_s08_session3_natural,39,213,46.1,-0.13920709490776062,-0.1349314842797084
COHFACE_s08_session3_natural,39,214,46.13333333333333,-0.23346656560897827,-0.02889458983411816
COHFACE_s08_session3_natural,39,215,46.166666666666664,-0.34082016348838806,-0.04456572298092179
COHFACE_s08_session3_natural,39,216,46.2,-0.48905298113822937,-0.1872245097629861
COHFACE_s08_session3_natural,39,217,46.233333333333334,-0.6653674840927124,-0.4205813572900435
COHFACE_s08_session3_natural,39,218,46.266666666666666,-0.8056389093399048,-0.6785129009588874
COHFACE_s08_session3_natural,39,219,46.3,-0.7277584671974182,-0.883063817903798
COHFACE_s08_session3_natural,39,220,46.333333333333336,-0.1684749722480774,-0.9637077898494135
COHFACE_s08_session3_natural,39,221,46.36666666666667,0.7054554224014282,-0.8761683659249725
COHFACE_s08_session3_natural,39,222,46.4,1.3934217691421509,-0.6184032842186538
COHFACE_s08_session3_natural,39,223,46.43333333333333,1.6595702171325684,-0.2379168429837842
COHFACE_s08_session3_natural,39,224,46.46666666666667,1.619055986404419,0.17657750815939155
COHFACE_s08_session3_natural,39,225,46.5,1.5199602842330933,0.5213554658170233
COHFACE_s08_session3_natural,39,226,46.53333333333333,1.3233431577682495,0.7141416697616939
COHFACE_s08_session3_natural,39,227,46.56666666666667,1.0305273532867432,0.7250390994390109
COHFACE_s08_session3_natural,39,228,46.6,0.8087712526321411,0.5864294766049519
COHFACE_s08_session3_natural,39,229,46.63333333333333,0.7093790769577026,0.3762940910118711
COHFACE_s08_session3_natural,39,230,46.666666666666664,0.7073944211006165,0.18379284601381135
COHFACE_s08_session3_natural,39,231,46.7,0.778933048248291,0.07480182671087843
COHFACE_s08_session3_natural,39,232,46.733333333333334,0.7758534550666809,0.07220640304606482
COHFACE_s08_session3_natural,39,233,46.766666666666666,0.6741572618484497,0.15567763104661897
COHFACE_s08_session3_natural,39,234,46.8,0.4334670901298523,0.2766551570100114
COHFACE_s08_session3_natural,39,235,46.833333333333336,0.030788449570536613,0.37985715460956926
COHFACE_s08_session3_natural,39,236,46.86666666666667,-0.25018781423568726,0.42266509236489536
COHFACE_s08_session3_natural,39,237,46.9,-0.3545073866844177,0.38676604284902927
COHFACE_s08_session3_natural,39,238,46.93333333333333,-0.45590704679489136,0.2805101466869003
COHFACE_s08_session3_natural,39,239,46.96666666666667,-0.5773357152938843,0.1336854239953193
COHFACE_s08_session3_natural,40,0,40.0,-1.038527250289917,0.008161483980348388
COHFACE_s08_session3_natural,40,1,40.03333333333333,-1.173574686050415,0.22309263031861196
COHFACE_s08_session3_natural,40,2,40.06666666666667,-1.3006151914596558,0.45983110919132997
COHFACE_s08_session3_natural,40,3,40.1,-1.327944040298462,0.7125434289015093
COHFACE_s08_session3_natural,40,4,40.13333333333333,-1.0970402956008911,0.9381389024474989
COHFACE_s08_session3_natural,40,5,40.166666666666664,-0.39340198040008545,1.0707363461613635
COHFACE_s08_session3_natural,40,6,40.2,0.4817146360874176,1.0535072583894283
COHFACE_s08_session3_natural,40,7,40.233333333333334,1.0271055698394775,0.8697126670811937
COHFACE_s08_session3_natural,40,8,40.266666666666666,1.1565412282943726,0.5568131341665337
COHFACE_s08_session3_natural,40,9,40.3,1.0884015560150146,0.1982071374437947
COHFACE_s08_session3_natural,40,10,40.333333333333336,0.9980201721191406,-0.10275524053624265
COHFACE_s08_session3_natural,40,11,40.36666666666667,0.8845985531806946,-0.25650613186632304
COHFACE_s08_session3_natural,40,12,40.4,0.6807955503463745,-0.21789100433097017
COHFACE_s08_session3_natural,40,13,40.43333333333333,0.4786578118801117,-0.00404603154475202
COHFACE_s08_session3_natural,40,14,40.46666666666667,0.352780818939209,0.3079941000545124
COHFACE_s08_session3_natural,40,15,40.5,0.2932412922382355,0.605889419920581
COHFACE_s08_session3_natural,40,16,40.53333333333333,0.21992331743240356,0.7809797771480601
COHFACE_s08_session3_natural,40,17,40.56666666666667,0.06423094123601913,0.7659429777354922
COHFACE_s08_session3_natural,40,18,40.6,-0.12168741971254349,0.555617201601428
COHFACE_s08_session3_natural,40,19,40.63333333333333,-0.29672443866729736,0.20361870352757303
COHFACE_s08_session3_natural,40,20,40.666666666666664,-0.47506919503211975,-0.20141374008489638
COHFACE_s08_session3_natural,40,21,40.7,-0.6340693235397339,-0.5680145922067803
COHFACE_s08_session3_natural,40,22,40.733333333333334,-0.7584179043769836,-0.8294516095378647
COHFACE_s08_session3_natural,40,23,40.766666666666666,-0.8476586937904358,-0.9582432475198372
COHFACE_s08_session3_natural,40,24,40.8,-0.926497220993042,-0.9658531688509282
COHFACE_s08_session3_natural,40,25,40.833333333333336,-0.9881126284599304,-0.8908774742477247
COHFACE_s08_session3_natural,40,26,40.86666666666667,-1.0109703540802002,-0.781095282102356
COHFACE_s08_session3_natural,40,27,40.9,-1.012521505355835,-0.6749463298310022
COHFACE_s08_session3_natural,40,28,40.93333333333333,-1.0240187644958496,-0.5878878814244203
COHFACE_s08_session3_natural,40,29,40.96666666666667,-1.024269700050354,-0.5083090849647278
COHFACE_s08_session3_natural,40,30,41.0,-0.9180795550346375,-0.4051564104037892
COHFACE_s08_session3_natural,40,31,41.03333333333333,-0.48319026827812195,-0.24500052906127387
COHFACE_s08_session3_natural,40,32,41.06666666666667,0.30998536944389343,-0.011484175792511443
COHFACE_s08_session3_natural,40,33,41.1,0.995807409286499,0.28180098770272166
COHFACE_s08_session3_natural,40,34,41.13333333333333,1.2651039361953735,0.591035283191044
COHFACE_s08_session3_natural,40,35,41.166666666666664,1.2308173179626465,0.8549082209898916
COHFACE_s08_session3_natural,40,36,41.2,1.095450520515442,1.0157356514558136
COHFACE_s08_session3_natural,40,37,41.233333333333334,0.9392106533050537,1.0409299966766175
COHFACE_s08_session3_natural,40,38,41.266666666666666,0.7010982632637024,0.9356336322133123
COHFACE_s08_session3_natural,40,39,41.3,0.4353148639202118,0.7400792310896145
COHFACE_s08_session3_natural,40,40,41.333333333333336,0.2622168958187103,0.5120511322566811
COHFACE_s08_session3_natural,40,41,41.36666666666667,0.19067823886871338,0.3019771125370307
COHFACE_s08_session3_natural,40,42,41.4,0.13282683491706848,0.13154870521508952
COHFACE_s08_session3_natural,40,43,41.43333333333333,0.027343828231096268,-0.014581068983927841
COHFACE_s08_session3_natural,40,44,41.46666666666667,-0.1278238743543625,-0.17950575930054202
COHFACE_s08_session3_natural,40,45,41.5,-0.2997584342956543,-0.4101138809559062
COHFACE_s08_session3_natural,40,46,41.53333333333333,-0.46843087673187256,-0.7286832819053051
COHFACE_s08_session3_natural,40,47,41.56666666666667,-0.6252182126045227,-1.112713155210911
COHFACE_s08_session3_natural,40,48,41.6,-0.7433619499206543,-1.4913845443526734
COHFACE_s08_session3_natural,40,49,41.63333333333333,-0.8365492224693298,-1.7603235022832395
COHFACE_s08_session3_natural,40,50,41.666666666666664,-0.9051907658576965,-1.8116095759025816
COHFACE_s08_session3_natural,40,51,41.7,-0.9735128879547119,-1.5715864344530102
COHFACE_s08_session3_natural,40,52,41.733333333333334,-1.039781928062439,-1.03359806197666
COHFACE_s08_session3_natural,40,53,41.766666666666666,-1.0977702140808105,-0.27124953653413725
COHFACE_s08_session3_natural,40,54,41.8,-1.164381504058838,0.5756073974609723
COHFACE_s08_session3_natural,40,55,41.833333333333336,-1.2244457006454468,1.3389239849033074
COHFACE_s08_session3_natural,40,56,41.86666666666667,-1.2657582759857178,1.8720538307917534
COHFACE_s08_session3_natural,40,57,41.9,-1.182380199432373,2.093529391901567
COHFACE_s08_session3_natural,40,58,41.93333333333333,-0.7124971747398376,2.008188076783698
COHFACE_s08_session3_natural,40,59,41.96666666666667,0.04926622658967972,1.696837538487904
COHFACE_s08_session3_natural,40,60,42.0,0.6354223489761353,1.2797738627636874
COHFACE_s08_session3_natural,40,61,42.03333333333333,0.8389972448348999,0.8715091863742066
COHFACE_s08_session3_natural,40,62,42.06666666666667,0.7774502635002136,0.5461905681646846
COHFACE_s08_session3_natural,40,63,42.1,0.6430872082710266,0.32514326912615754
COHFACE_s08_session3_natural,40,64,42.13333333333333,0.5077660083770752,0.1855405403677281
COHFACE_s08_session3_natural,40,65,42.166666666666664,0.3222126364707947,0.08063187961645021
COHFACE_s08_session3_natural,40,66,42.2,0.11222753673791885,-0.038354143322803194
COHFACE_s08_session3_natural,40,67,42.233333333333334,-0.00561961205676198,-0.20469321783705405
COHFACE_s08_session3_natural,40,68,42.266666666666666,-0.033655647188425064,-0.4265577948130395
COHFACE_s08_session3_natural,40,69,42.3,-0.05811018496751785,-0.686902158028761
COHFACE_s08_session3_natural,40,70,42.333333333333336,-0.11863060295581818,-0.9510674621326449
COHFACE_s08_session3_natural,40,71,42.36666666666667,-0.24624131619930267,-1.1776661326168743
COHFACE_s08_session3_natural,40,72,42.4,-0.3803078532218933,-1.328697555492109
COHFACE_s08_session3_natural,40,73,42.43333333333333,-0.5166555643081665,-1.376870619182091
COHFACE_s08_session3_natural,40,74,42.46666666666667,-0.6406620144844055,-1.309480071910371
COHFACE_s08_session3_natural,40,75,42.5,-0.7377501726150513,-1.128978959300095
COHFACE_s08_session3_natural,40,76,42.53333333333333,-0.8219038844108582,-0.8513326300403327
COHFACE_s08_session3_natural,40,77,42.56666666666667,-0.8962712287902832,-0.5037017833545674
COHFACE_s08_session3_natural,40,78,42.6,-0.9336830377578735,-0.12223878158353635
COHFACE_s08_session3_natural,40,79,42.63333333333333,-0.9684486389160156,0.25071329803831754
COHFACE_s08_session3_natural,40,80,42.666666666666664,-0.9827517867088318,0.5716540898691017
COHFACE_s08_session3_natural,40,81,42.7,-0.9948650002479553,0.8038511613690981
COHFACE_s08_session3_natural,40,82,42.733333333333334,-1.0158977508544922,0.9260395708764642
COHFACE_s08_session3_natural,40,83,42.766666666666666,-1.038686990737915,0.9376331148510749
COHFACE_s08_session3_natural,40,84,42.8,-0.9193798303604126,0.8570121953550817
COHFACE_s08_session3_natural,40,85,42.833333333333336,-0.42362797260284424,0.7130513839520813
COHFACE_s08_session3_natural,40,86,42.86666666666667,0.3020467758178711,0.5341508626053884
COHFACE_s08_session3_natural,40,87,42.9,0.8456583619117737,0.34057833162437
COHFACE_s08_session3_natural,40,88,42.93333333333333,1.0265580415725708,0.1435335397288114
COHFACE_s08_session3_natural,40,89,42.96666666666667,0.9699841737747192,-0.049809619206130334
COHFACE_s08_session3_natural,40,90,43.0,0.8602352738380432,-0.2289817642099273
COHFACE_s08_session3_natural,40,91,43.03333333333333,0.738145112991333,-0.3752872489078605
COHFACE_s08_session3_natural,40,92,43.06666666666667,0.5464324355125427,-0.4631528433314841
COHFACE_s08_session3_natural,40,93,43.1,0.3377932906150818,-0.4688527015568554
COHFACE_s08_session3_natural,40,94,43.13333333333333,0.23833265900611877,-0.3834140998495715
COHFACE_s08_session3_natural,40,95,43.166666666666664,0.23039405047893524,-0.22307033640022558
COHFACE_s08_session3_natural,40,96,43.2,0.21748241782188416,-0.030449779789972112
COHFACE_s08_session3_natural,40,97,43.233333333333334,0.1647409200668335,0.1366908289305681
COHFACE_s08_session3_natural,40,98,43.266666666666666,0.05166149511933327,0.22633369350637542
COHFACE_s08_session3_natural,40,99,43.3,-0.0844581201672554,0.2140568421037071
COHFACE_s08_session3_natural,40,100,43.333333333333336,-0.208510160446167,0.11499732585998973
COHFACE_s08_session3_natural,40,101,43.36666666666667,-0.342348575592041,-0.021257579564899994
COHFACE_s08_session3_natural,40,102,43.4,-0.4795403480529785,-0.1312101249089469
COHFACE_s08_session3_natural,40,103,43.43333333333333,-0.5841336846351624,-0.1636112679951509
COHFACE_s08_session3_natural,40,104,43.46666666666667,-0.6443119049072266,-0.09937058711920126
COHFACE_s08_session3_natural,40,105,43.5,-0.6795793771743774,0.042546527232726734
COHFACE_s08_session3_natural,40,106,43.53333333333333,-0.6995399594306946,0.21406575750133433
COHFACE_s08_session3_natural,40,107,43.56666666666667,-0.7390732765197754,0.35645410636282293
COHFACE_s08_session3_natural,40,108,43.6,-0.7717629671096802,0.4201174557980842
COHFACE_s08_session3_natural,40,109,43.63333333333333,-0.7890545129776001,0.37894720916923175
COHFACE_s08_session3_natural,40,110,43.666666666666664,-0.814969003200531,0.23650226354318502
COHFACE_s08_session3_natural,40,111,43.7,-0.7159874439239502,0.024662152141865182
COHFACE_s08_session3_natural,40,112,43.733333333333334,-0.22333800792694092,-0.2040530651695258
COHFACE_s08_session3_natural,40,113,43.766666666666666,0.5459533929824829,-0.3894425470453573
COHFACE_s08_session3_natural,40,114,43.8,1.1458879709243774,-0.4793175863815502
COHFACE_s08_session3_natural,40,115,43.833333333333336,1.3739631175994873,-0.44361755956249044
COHFACE_s08_session3_natural,40,116,43.86666666666667,1.3435317277908325,-0.282836521398667
COHFACE_s08_session3_natural,40,117,43.9,1.231980800628662,-0.028628739475616116
COHFACE_s08_session3_natural,40,118,43.93333333333333,1.1063319444656372,0.2632067501426545
COHFACE_s08_session3_natural,40,119,43.96666666666667,0.9365872740745544,0.5255480609512619
COHFACE_s08_session3_natural,40,120,44.0,0.7664777040481567,0.6959963531375197
COHFACE_s08_session3_natural,40,121,44.03333333333333,0.6729025840759277,0.7326787850237505
COHFACE_s08_session3_natural,40,122,44.06666666666667,0.6596943736076355,0.6251423091331102
COHFACE_s08_session3_natural,40,123,44.1,0.6460299491882324,0.3961724699507235
COHFACE_s08_session3_natural,40,124,44.13333333333333,0.5768409371376038,0.09380493957699337
COHFACE_s08_session3_natural,40,125,44.166666666666664,0.43228086829185486,-0.22316229358032025
COHFACE_s08_session3_natural,40,126,44.2,0.276885062456131,-0.5009842366202472
COHFACE_s08_session3_natural,40,127,44.233333333333334,0.13960202038288116,-0.7032118843636531
COHFACE_s08_session3_natural,40,128,44.266666666666666,0.021344253793358803,-0.8158332813919568
COHFACE_s08_session3_natural,40,129,44.3,-0.08302096277475357,-0.8443249629467506
COHFACE_s08_session3_natural,40,130,44.333333333333336,-0.18410123884677887,-0.8050659030147306
COHFACE_s08_session3_natural,40,131,44.36666666666667,-0.25744205713272095,-0.7158688639761778
COHFACE_s08_session3_natural,40,132,44.4,-0.3059176802635193,-0.5898517362123893
COHFACE_s08_session3_natural,40,133,44.43333333333333,-0.3493975102901459,-0.434190136431773
COHFACE_s08_session3_natural,40,134,44.46666666666667,-0.36922118067741394,-0.2524964860384317
COHFACE_s08_session3_natural,40,135,44.5,-0.3569026589393616,-0.048533204257462305
COHFACE_s08_session3_natural,40,136,44.53333333333333,-0.35840827226638794,0.17004822349590742
COHFACE_s08_session3_natural,40,137,44.56666666666667,-0.4128834903240204,0.38837277676333226
COHFACE_s08_session3_natural,40,138,44.6,-0.3161146938800812,0.5826927093212306
COHFACE_s08_session3_natural,40,139,44.63333333333333,0.18346962332725525,0.7227631983699819
COHFACE_s08_session3_natural,40,140,44.666666666666664,0.9837626218795776,0.7796411263317948
COHFACE_s08_session3_natural,40,141,44.7,1.5959244966506958,0.737266451007175
COHFACE_s08_session3_natural,40,142,44.733333333333334,1.798723816871643,0.6027733498991001
COHFACE_s08_session3_natural,40,143,44.766666666666666,1.7659884691238403,0.4092042447248244
COHFACE_s08_session3_natural,40,144,44.8,1.6709990501403809,0.206832588033157
COHFACE_s08_session3_natural,40,145,44.833333333333336,1.5529237985610962,0.0450379919438421
COHFACE_s08_session3_natural,40,146,44.86666666666667,1.3180278539657593,-0.04729814286840251
COHFACE_s08_session3_natural,40,147,44.9,0.9930699467658997,-0.07299530917435108
COHFACE_s08_session3_natural,40,148,44.93333333333333,0.7774730920791626,-0.06374041625282527
COHFACE_s08_session3_natural,40,149,44.96666666666667,0.7011210918426514,-0.06464180510867057
COHFACE_s08_session3_natural,40,150,45.0,0.6450034379959106,-0.11287393272191168
COHFACE_s08_session3_natural,40,151,45.03333333333333,0.5557854175567627,-0.21928233683606224
COHFACE_s08_session3_natural,40,152,45.06666666666667,0.5195598602294922,-0.36104146753282174
COHFACE_s08_session3_natural,40,153,45.1,0.443185031414032,-0.4892152701155309
COHFACE_s08_session3_natural,40,154,45.13333333333333,0.2897510528564453,-0.5481857271846385
COHFACE_s08_session3_natural,40,155,45.166666666666664,0.24773122370243073,-0.4982772143145791
COHFACE_s08_session3_natural,40,156,45.2,0.2413666546344757,-0.33201100250172416
COHFACE_s08_session3_natural,40,157,45.233333333333334,0.17705944180488586,-0.07798477945067649
COHFACE_s08_session3_natural,40,158,45.266666666666666,0.11113255470991135,0.20814628359942577
COHFACE_s08_session3_natural,40,159,45.3,0.09244947135448456,0.46125614293672357
COHFACE_s08_session3_natural,40,160,45.333333333333336,0.057364512234926224,0.6260960674349905
COHFACE_s08_session3_natural,40,161,45.36666666666667,0.003984268754720688,0.6720047290859327
COHFACE_s08_session3_natural,40,162,45.4,-0.05482524633407593,0.5991663779501655
COHFACE_s08_session3_natural,40,163,45.43333333333333,-0.08817648887634277,0.43581329649078104
COHFACE_s08_session3_natural,40,164,45.46666666666667,-0.06915122270584106,0.22827688440815216
COHFACE_s08_session3_natural,40,165,45.5,0.20769605040550232,0.027377507322540018
COHFACE_s08_session3_natural,40,166,45.53333333333333,0.8719606995582581,-0.1246701708986645
COHFACE_s08_session3_natural,40,167,45.56666666666667,1.5591514110565186,-0.2034927682734433
COHFACE_s08_session3_natural,40,168,45.6,1.8628257513046265,-0.20679684325617526
COHFACE_s08_session3_natural,40,169,45.63333333333333,1.8208515644073486,-0.1539544343730995
COHFACE_s08_session3_natural,40,170,45.666666666666664,1.6439439058303833,-0.08087375189612904
COHFACE_s08_session3_natural,40,171,45.7,1.443174958229065,-0.030026801063983637
COHFACE_s08_session3_natural,40,172,45.733333333333334,1.2215784788131714,-0.03759545848887722
COHFACE_s08_session3_natural,40,173,45.766666666666666,1.0414315462112427,-0.12173513317622163
COHFACE_s08_session3_natural,40,174,45.8,0.9644636511802673,-0.2754784551414974
COHFACE_s08_session3_natural,40,175,45.833333333333336,0.9415603280067444,-0.46601744615264706
COHFACE_s08_session3_natural,40,176,45.86666666666667,0.9026885628700256,-0.6409646041144659
COHFACE_s08_session3_natural,40,177,45.9,0.7852292060852051,-0.7412350673269118
COHFACE_s08_session3_natural,40,178,45.93333333333333,0.588771641254425,-0.7183383223529216
COHFACE_s08_session3_natural,40,179,45.96666666666667,0.38932573795318604,-0.5515517388113802
COHFACE_s08_session3_natural,40,180,46.0,0.20222115516662598,-0.2590401868521786
COHFACE_s08_session3_natural,40,181,46.03333333333333,0.07057269662618637,0.10223866109307907
COHFACE_s08_session3_natural,40,182,46.06666666666667,-0.035092804580926895,0.44970775199571705
COHFACE_s08_session3_natural,40,183,46.1,-0.13920709490776062,0.6986707628457828
COHFACE_s08_session3_natural,40,184,46.13333333333333,-0.23346656560897827,0.7892426935197148
COHFACE_s08_session3_natural,40,185,46.166666666666664,-0.34082016348838806,0.7074124809853435
COHFACE_s08_session3_natural,40,186,46.2,-0.48905298113822937,0.49142445319037054
COHFACE_s08_session3_natural,40,187,46.233333333333334,-0.6653674840927124,0.2193098382386246
COHFACE_s08_session3_natural,40,188,46.266666666666666,-0.8056389093399048,-0.018594094133706024
COHFACE_s08_session3_natural,40,189,46.3,-0.7277584671974182,-0.15136621276652898
COHFACE_s08_session3_natural,40,190,46.333333333333336,-0.1684749722480774,-0.1510917364937132
COHFACE_s08_session3_natural,40,191,46.36666666666667,0.7054554224014282,-0.03990728851410974
COHFACE_s08_session3_natural,40,192,46.4,1.3934217691421509,0.12099491083565728
COHFACE_s08_session3_natural,40,193,46.43333333333333,1.6595702171325684,0.25540422979097793
COHFACE_s08_session3_natural,40,194,46.46666666666667,1.619055986404419,0.30047113227526107
COHFACE_s08_session3_natural,40,195,46.5,1.5199602842330933,0.2299099597921195
COHFACE_s08_session3_natural,40,196,46.53333333333333,1.3233431577682495,0.06391475715060005
COHFACE_s08_session3_natural,40,197,46.56666666666667,1.0305273532867432,-0.13846490787975618
COHFACE_s08_session3_natural,40,198,46.6,0.8087712526321411,-0.30256342729081137
COHFACE_s08_session3_natural,40,199,46.63333333333333,0.7093790769577026,-0.36833167102085135
COHFACE_s08_session3_natural,40,200,46.666666666666664,0.7073944211006165,-0.3148175000027658
COHFACE_s08_session3_natural,40,201,46.7,0.778933048248291,-0.1679685628661992
COHFACE_s08_session3_natural,40,202,46.733333333333334,0.7758534550666809,0.011086074859803039
COHFACE_s08_session3_natural,40,203,46.766666666666666,0.6741572618484497,0.15087672188615328
COHFACE_s08_session3_natural,40,204,46.8,0.4334670901298523,0.19637784176918538
COHFACE_s08_session3_natural,40,205,46.833333333333336,0.030788449570536613,0.12733698680106312
COHFACE_s08_session3_natural,40,206,46.86666666666667,-0.25018781423568726,-0.03774836910233271
COHFACE_s08_session3_natural,40,207,46.9,-0.3545073866844177,-0.2519114217115041
COHFACE_s08_session3_natural,40,208,46.93333333333333,-0.45590704679489136,-0.45879783148338454
COHFACE_s08_session3_natural,40,209,46.96666666666667,-0.5773357152938843,-0.6120778872360306
COHFACE_s08_session3_natural,40,210,47.0,-0.6655499339103699,-0.6871282426675872
COHFACE_s08_session3_natural,40,211,47.03333333333333,-0.7351495623588562,-0.6810268559788989
COHFACE_s08_session3_natural,40,212,47.06666666666667,-0.8313252925872803,-0.603245898778383
COHFACE_s08_session3_natural,40,213,47.1,-0.9304665327072144,-0.46439704395512144
COHFACE_s08_session3_natural,40,214,47.13333333333333,-0.9202238917350769,-0.27069516855251674
COHFACE_s08_session3_natural,40,215,47.166666666666664,-0.5193246006965637,-0.026947551761793594
COHFACE_s08_session3_natural,40,216,47.2,0.3525070548057556,0.2561761221709222
COHFACE_s08_session3_natural,40,217,47.233333333333334,1.2243387699127197,0.5581807546017703
COHFACE_s08_session3_natural,40,218,47.266666666666666,1.6267207860946655,0.8519932318473658
COHFACE_s08_session3_natural,40,219,47.3,1.596266746520996,1.111413773068152
COHFACE_s08_session3_natural,40,220,47.333333333333336,1.4167357683181763,1.3159971594133573
COHFACE_s08_session3_natural,40,221,47.36666666666667,1.228878378868103,1.44933212141539
COHFACE_s08_session3_natural,40,222,47.4,0.9838311076164246,1.4939626435168611
COHFACE_s08_session3_natural,40,223,47.43333333333333,0.6849245429039001,1.4304692519376239
COHFACE_s08_session3_natural,40,224,47.46666666666667,0.46031689643859863,1.2443877532497671
COHFACE_s08_session3_natural,40,225,47.5,0.36578369140625,0.9370121902129851
COHFACE_s08_session3_natural,40,226,47.53333333333333,0.3286684453487396,0.5320726361706513
COHFACE_s08_session3_natural,40,227,47.56666666666667,0.25989004969596863,0.07259745234337121
COHFACE_s08_session3_natural,40,228,47.6,0.11140630394220352,-0.3910404523507383
COHFACE_s08_session3_natural,40,229,47.63333333333333,-0.08660245686769485,-0.8150291658913484
COHFACE_s08_session3_natural,40,230,47.666666666666664,-0.28128066658973694,-1.170438569111812
COHFACE_s08_session3_natural,40,231,47.7,-0.4492231011390686,-1.4428059183811763
COHFACE_s08_session3_natural,40,232,47.733333333333334,-0.6002618074417114,-1.6258024127414559
COHFACE_s08_session3_natural,40,233,47.766666666666666,-0.7239260673522949,-1.714895029164097
COHFACE_s08_session3_natural,40,234,47.8,-0.820626437664032,-1.7051053402650487
COHFACE_s08_session3_natural,40,235,47.833333333333336,-0.8806677460670471,-1.5930184063814543
COHFACE_s08_session3_natural,40,236,47.86666666666667,-0.9353483319282532,-1.3808038609197586
COHFACE_s08_session3_natural,40,237,47.9,-0.9809724688529968,-1.0796446248620861
COHFACE_s08_session3_natural,40,238,47.93333333333333,-1.011266827583313,-0.7106352402807133
COHFACE_s08_session3_natural,40,239,47.96666666666667,-1.0501614809036255,-0.3027861960551844
COHFACE_s08_session3_natural,41,0,41.0,-0.9180795550346375,0.13381632152987685
COHFACE_s08_session3_natural,41,1,41.03333333333333,-0.48319026827812195,0.5084780189869329
COHFACE_s08_session3_natural,41,2,41.06666666666667,0.30998536944389343,0.8045617156476554
COHFACE_s08_session3_natural,41,3,41.1,0.995807409286499,0.962928380614205
COHFACE_s08_session3_natural,41,4,41.13333333333333,1.2651039361953735,0.9552124208671747
COHFACE_s08_session3_natural,41,5,41.166666666666664,1.2308173179626465,0.7906164354455539
COHFACE_s08_session3_natural,41,6,41.2,1.095450520515442,0.5131647234058337
COHFACE_s08_session3_natural,41,7,41.233333333333334,0.9392106533050537,0.19040154537059487
COHFACE_s08_session3_natural,41,8,41.266666666666666,0.7010982632637024,-0.10282257651259209
COHFACE_s08_session3_natural,41,9,41.3,0.4353148639202118,-0.3011428371388763
COHFACE_s08_session3_natural,41,10,41.333333333333336,0.2622168958187103,-0.3629196621773362
COHFACE_s08_session3_natural,41,11,41.36666666666667,0.19067823886871338,-0.2803383190536737
COHFACE_s08_session3_natural,41,12,41.4,0.13282683491706848,-0.08412769014794413
COHFACE_s08_session3_natural,41,13,41.43333333333333,0.027343828231096268,0.15928117268338723
COHFACE_s08_session3_natural,41,14,41.46666666666667,-0.1278238743543625,0.36095918581039677
COHFACE_s08_session3_natural,41,15,41.5,-0.2997584342956543,0.43339865949981243
COHFACE_s08_session3_natural,41,16,41.53333333333333,-0.46843087673187256,0.31959444337311615
COHFACE_s08_session3_natural,41,17,41.56666666666667,-0.6252182126045227,0.016961339284030836
COHFACE_s08_session3_natural,41,18,41.6,-0.7433619499206543,-0.4135980244780389
COHFACE_s08_session3_natural,41,19,41.63333333333333,-0.8365492224693298,-0.8584139202669181
COHFACE_s08_session3_natural,41,20,41.666666666666664,-0.9051907658576965,-1.1807256056179556
COHFACE_s08_session3_natural,41,21,41.7,-0.9735128879547119,-1.2622633953806517
COHFACE_s08_session3_natural,41,22,41.733333333333334,-1.039781928062439,-1.0438681872938005
COHFACE_s08_session3_natural,41,23,41.766666666666666,-1.0977702140808105,-0.5506171588881386
COHFACE_s08_session3_natural,41,24,41.8,-1.164381504058838,0.10823752432235041
COHFACE_s08_session3_natural,41,25,41.833333333333336,-1.2244457006454468,0.7660189243795417
COHFACE_s08_session3_natural,41,26,41.86666666666667,-1.2657582759857178,1.2459380981756263
COHFACE_s08_session3_natural,41,27,41.9,-1.182380199432373,1.4157229353131127
COHFACE_s08_session3_natural,41,28,41.93333333333333,-0.7124971747398376,1.2306393629430799
COHFACE_s08_session3_natural,41,29,41.96666666666667,0.04926622658967972,0.748020562576993
COHFACE_s08_session3_natural,41,30,42.0,0.6354223489761353,0.10879499655227635
COHFACE_s08_session3_natural,41,31,42.03333333333333,0.8389972448348999,-0.504765915780246
COHFACE_s08_session3_natural,41,32,42.06666666666667,0.7774502635002136,-0.9202632279945735
COHFACE_s08_session3_natural,41,33,42.1,0.6430872082710266,-1.0218655410870492
COHFACE_s08_session3_natural,41,34,42.13333333333333,0.5077660083770752,-0.7819085265011207
COHFACE_s08_session3_natural,41,35,42.166666666666664,0.3222126364707947,-0.26975119422345584
COHFACE_s08_session3_natural,41,36,42.2,0.11222753673791885,0.3656962001351341
COHFACE_s08_session3_natural,41,37,42.233333333333334,-0.00561961205676198,0.9369778061650915
COHFACE_s08_session3_natural,41,38,42.266666666666666,-0.033655647188425064,1.2718745401697555
COHFACE_s08_session3_natural,41,39,42.3,-0.05811018496751785,1.2635382068752092
COHFACE_s08_session3_natural,41,40,42.333333333333336,-0.11863060295581818,0.9009594417441316
COHFACE_s08_session3_natural,41,41,42.36666666666667,-0.24624131619930267,0.27044146140459435
COHFACE_s08_session3_natural,41,42,42.4,-0.3803078532218933,-0.4710834715415627
COHFACE_s08_session3_natural,41,43,42.43333333333333,-0.5166555643081665,-1.1408145806088283
COHFACE_s08_session3_natural,41,44,42.46666666666667,-0.6406620144844055,-1.5782748605659414
COHFACE_s08_session3_natural,41,45,42.5,-0.7377501726150513,-1.6835337970380375
COHFACE_s08_session3_natural,41,46,42.53333333333333,-0.8219038844108582,-1.4375215839623416
COHFACE_s08_session3_natural,41,47,42.56666666666667,-0.8962712287902832,-0.90254054607314
COHFACE_s08_session3_natural,41,48,42.6,-0.9336830377578735,-0.20496227589680413
COHFACE_s08_session3_natural,41,49,42.63333333333333,-0.9684486389160156,0.49567199119133787
COHFACE_s08_session3_natural,41,50,42.666666666666664,-0.9827517867088318,1.04478130678857
COHFACE_s08_session3_natural,41,51,42.7,-0.9948650002479553,1.329604087201159
COHFACE_s08_session3_natural,41,52,42.733333333333334,-1.0158977508544922,1.305411224625238
COHFACE_s08_session3_natural,41,53,42.766666666666666,-1.038686990737915,1.003715362954112
COHFACE_s08_session3_natural,41,54,42.8,-0.9193798303604126,0.5203963887051869
COHFACE_s08_session3_natural,41,55,42.833333333333336,-0.42362797260284424,-0.012014949366366413
COHFACE_s08_session3_natural,41,56,42.86666666666667,0.3020467758178711,-0.4592386479536036
COHFACE_s08_session3_natural,41,57,42.9,0.8456583619117737,-0.7177316491648691
COHFACE_s08_session3_natural,41,58,42.93333333333333,1.0265580415725708,-0.7374145649989153
COHFACE_s08_session3_natural,41,59,42.96666666666667,0.9699841737747192,-0.5307716943437928
COHFACE_s08_session3_natural,41,60,43.0,0.8602352738380432,-0.16740358953262424
COHFACE_s08_session3_natural,41,61,43.03333333333333,0.738145112991333,0.24434207042205083
COHFACE_s08_session3_natural,41,62,43.06666666666667,0.5464324355125427,0.5843920342044703
COHFACE_s08_session3_natural,41,63,43.1,0.3377932906150818,0.7504225567045777
COHFACE_s08_session3_natural,41,64,43.13333333333333,0.23833265900611877,0.6833101880911313
COHFACE_s08_session3_natural,41,65,43.166666666666664,0.23039405047893524,0.38316929714543035
COHFACE_s08_session3_natural,41,66,43.2,0.21748241782188416,-0.08767660341089045
COHFACE_s08_session3_natural,41,67,43.233333333333334,0.1647409200668335,-0.6163806859118715
COHFACE_s08_session3_natural,41,68,43.266666666666666,0.05166149511933327,-1.0649988708060028
COHFACE_s08_session3_natural,41,69,43.3,-0.0844581201672554,-1.305469727017883
COHFACE_s08_session3_natural,41,70,43.333333333333336,-0.208510160446167,-1.2562511987282061
COHFACE_s08_session3_natural,41,71,43.36666666666667,-0.342348575592041,-0.9100871201644466
COHFACE_s08_session3_natural,41,72,43.4,-0.4795403480529785,-0.34268350887989285
COHFACE_s08_session3_natural,41,73,43.43333333333333,-0.5841336846351624,0.3036887695546027
COHFACE_s08_session3_natural,41,74,43.46666666666667,-0.6443119049072266,0.8598623950578627
COHFACE_s08_session3_natural,41,75,43.5,-0.6795793771743774,1.1815642971180098
COHFACE_s08_session3_natural,41,76,43.53333333333333,-0.6995399594306946,1.1951483147190411
COHFACE_s08_session3_natural,41,77,43.56666666666667,-0.7390732765197754,0.919558055927825
COHFACE_s08_session3_natural,41,78,43.6,-0.7717629671096802,0.4564948869517042
COHFACE_s08_session3_natural,41,79,43.63333333333333,-0.7890545129776001,-0.04588290151253238
COHFACE_s08_session3_natural,41,80,43.666666666666664,-0.814969003200531,-0.44091035994010563
COHFACE_s08_session3_natural,41,81,43.7,-0.7159874439239502,-0.6261221660774648
COHFACE_s08_session3_natural,41,82,43.733333333333334,-0.22333800792694092,-0.5684590021165502
COHFACE_s08_session3_natural,41,83,43.766666666666666,0.5459533929824829,-0.307208103928827
COHFACE_s08_session3_natural,41,84,43.8,1.1458879709243774,0.06353459955730753
COHFACE_s08_session3_natural,41,85,43.833333333333336,1.3739631175994873,0.4263692572691196
COHFACE_s08_session3_natural,41,86,43.86666666666667,1.3435317277908325,0.6763653584824765
COHFACE_s08_session3_natural,41,87,43.9,1.231980800628662,0.7504240388529742
COHFACE_s08_session3_natural,41,88,43.93333333333333,1.1063319444656372,0.6416550279229833
COHFACE_s08_session3_natural,41,89,43.96666666666667,0.9365872740745544,0.3953391670535546
COHFACE_s08_session3_natural,41,90,44.0,0.7664777040481567,0.0896924596063857
COHFACE_s08_session3_natural,41,91,44.03333333333333,0.6729025840759277,-0.1903771821709789
COHFACE_s08_session3_natural,41,92,44.06666666666667,0.6596943736076355,-0.37744460718010364
COHFACE_s08_session3_natural,41,93,44.1,0.6460299491882324,-0.4373085760681279
COHFACE_s08_session3_natural,41,94,44.13333333333333,0.5768409371376038,-0.37404700506251337
COHFACE_s08_session3_natural,41,95,44.166666666666664,0.43228086829185486,-0.22545610441466427
COHFACE_s08_session3_natural,41,96,44.2,0.276885062456131,-0.051382189660084183
COHFACE_s08_session3_natural,41,97,44.233333333333334,0.13960202038288116,0.08240151596454887
COHFACE_s08_session3_natural,41,98,44.266666666666666,0.021344253793358803,0.1220236817780182
COHFACE_s08_session3_natural,41,99,44.3,-0.08302096277475357,0.041564058399938826
COHFACE_s08_session3_natural,41,100,44.333333333333336,-0.18410123884677887,-0.14711984894036612
COHFACE_s08_session3_natural,41,101,44.36666666666667,-0.25744205713272095,-0.39488853305046073
COHFACE_s08_session3_natural,41,102,44.4,-0.3059176802635193,-0.6275449450827213
COHFACE_s08_session3_natural,41,103,44.43333333333333,-0.3493975102901459,-0.7670574664821967
COHFACE_s08_session3_natural,41,104,44.46666666666667,-0.36922118067741394,-0.75549160943155
COHFACE_s08_session3_natural,41,105,44.5,-0.3569026589393616,-0.5742285552366209
COHFACE_s08_session3_natural,41,106,44.53333333333333,-0.35840827226638794,-0.2528425443086907
COHFACE_s08_session3_natural,41,107,44.56666666666667,-0.4128834903240204,0.13487344546695915
COHFACE_s08_session3_natural,41,108,44.6,-0.3161146938800812,0.48753740974385934
COHFACE_s08_session3_natural,41,109,44.63333333333333,0.18346962332725525,0.7029620361094965
COHFACE_s08_session3_natural,41,110,44.666666666666664,0.9837626218795776,0.7098617209661644
COHFACE_s08_session3_natural,41,111,44.7,1.5959244966506958,0.495769659239063
COHFACE_s08_session3_natural,41,112,44.733333333333334,1.798723816871643,0.11983447754451523
COHFACE_s08_session3_natural,41,113,44.766666666666666,1.7659884691238403,-0.29855437789271483
COHFACE_s08_session3_natural,41,114,44.8,1.6709990501403809,-0.6154099306650722
COHFACE_s08_session3_natural,41,115,44.833333333333336,1.5529237985610962,-0.7110408005524
COHFACE_s08_session3_natural,41,116,44.86666666666667,1.3180278539657593,-0.534324382990074
COHFACE_s08_session3_natural,41,117,44.9,0.9930699467658997,-0.12508377667016624
COHFACE_s08_session3_natural,41,118,44.93333333333333,0.7774730920791626,0.3950901199995954
COHFACE_s08_session3_natural,41,119,44.96666666666667,0.7011210918426514,0.8619042022242878
COHFACE_s08_session3_natural,41,120,45.0,0.6450034379959106,1.1247618644931145
COHFACE_s08_session3_natural,41,121,45.03333333333333,0.5557854175567627,1.1003894181482445
COHFACE_s08_session3_natural,41,122,45.06666666666667,0.5195598602294922,0.8022231553035163
COHFACE_s08_session3_natural,41,123,45.1,0.443185031414032,0.3325439147576401
COHFACE_s08_session3_natural,41,124,45.13333333333333,0.2897510528564453,-0.15864016449699264
COHFACE_s08_session3_natural,41,125,45.166666666666664,0.24773122370243073,-0.5287093940140656
COHFACE_s08_session3_natural,41,126,45.2,0.2413666546344757,-0.6885404167646347
COHFACE_s08_session3_natural,41,127,45.233333333333334,0.17705944180488586,-0.6239627351175633
COHFACE_s08_session3_natural,41,128,45.266666666666666,0.11113255470991135,-0.389110521093633
COHFACE_s08_session3_natural,41,129,45.3,0.09244947135448456,-0.07913095032651796
COHFACE_s08_session3_natural,41,130,45.333333333333336,0.057364512234926224,0.20461379032990745
COHFACE_s08_session3_natural,41,131,45.36666666666667,0.003984268754720688,0.38417008780635314
COHFACE_s08_session3_natural,41,132,45.4,-0.05482524633407593,0.42167703509407417
COHFACE_s08_session3_natural,41,133,45.43333333333333,-0.08817648887634277,0.3216514728804086
COHFACE_s08_session3_natural,41,134,45.46666666666667,-0.06915122270584106,0.12225657830445644
COHFACE_s08_session3_natural,41,135,45.5,0.20769605040550232,-0.11900576592150365
COHFACE_s08_session3_natural,41,136,45.53333333333333,0.8719606995582581,-0.34029824875983017
COHFACE_s08_session3_natural,41,137,45.56666666666667,1.5591514110565186,-0.4883193214191972
COHFACE_s08_session3_natural,41,138,45.6,1.8628257513046265,-0.5282223086071832
COHFACE_s08_session3_natural,41,139,45.63333333333333,1.8208515644073486,-0.45035700372728765
COHFACE_s08_session3_natural,41,140,45.666666666666664,1.6439439058303833,-0.27275883673166207
COHFACE_s08_session3_natural,41,141,45.7,1.443174958229065,-0.03791961145994368
COHFACE_s08_session3_natural,41,142,45.733333333333334,1.2215784788131714,0.19619564141236226
COHFACE_s08_session3_natural,41,143,45.766666666666666,1.0414315462112427,0.36908585773890956
COHFACE_s08_session3_natural,41,144,45.8,0.9644636511802673,0.43218821717329653
COHFACE_s08_session3_natural,41,145,45.833333333333336,0.9415603280067444,0.36225987206047444
COHFACE_s08_session3_natural,41,146,45.86666666666667,0.9026885628700256,0.17025744455701414
COHFACE_s08_session3_natural,41,147,45.9,0.7852292060852051,-0.09786665306431554
COHFACE_s08_session3_natural,41,148,45.93333333333333,0.588771641254425,-0.37027355626924213
COHFACE_s08_session3_natural,41,149,45.96666666666667,0.38932573795318604,-0.5670824211552022
COHFACE_s08_session3_natural,41,150,46.0,0.20222115516662598,-0.6229571515678944
COHFACE_s08_session3_natural,41,151,46.03333333333333,0.07057269662618637,-0.5083578898773812
COHFACE_s08_session3_natural,41,152,46.06666666666667,-0.035092804580926895,-0.2424235868320793
COHFACE_s08_session3_natural,41,153,46.1,-0.13920709490776062,0.10850439865225121
COHFACE_s08_session3_natural,41,154,46.13333333333333,-0.23346656560897827,0.44886408738971384
COHFACE_s08_session3_natural,41,155,46.166666666666664,-0.34082016348838806,0.6838895019917182
COHFACE_s08_session3_natural,41,156,46.2,-0.48905298113822937,0.7503494143957761
COHFACE_s08_session3_natural,41,157,46.233333333333334,-0.6653674840927124,0.6353498124385119
COHFACE_s08_session3_natural,41,158,46.266666666666666,-0.8056389093399048,0.37719875511666423
COHFACE_s08_session3_natural,41,159,46.3,-0.7277584671974182,0.05097667847825843
COHFACE_s08_session3_natural,41,160,46.333333333333336,-0.1684749722480774,-0.25458119339854357
COHFACE_s08_session3_natural,41,161,46.36666666666667,0.7054554224014282,-0.462341569287827
COHFACE_s08_session3_natural,41,162,46.4,1.3934217691421509,-0.5281752605456987
COHFACE_s08_session3_natural,41,163,46.43333333333333,1.6595702171325684,-0.45270950704604196
COHFACE_s08_session3_natural,41,164,46.46666666666667,1.619055986404419,-0.27878188899081824
COHFACE_s08_session3_natural,41,165,46.5,1.5199602842330933,-0.07385526801188333
COHFACE_s08_session3_natural,41,166,46.53333333333333,1.3233431577682495,0.09675203734592168
COHFACE_s08_session3_natural,41,167,46.56666666666667,1.0305273532867432,0.19434970402146776
COHFACE_s08_session3_natural,41,168,46.6,0.8087712526321411,0.2173554565436883
COHFACE_s08_session3_natural,41,169,46.63333333333333,0.7093790769577026,0.1929248830474059
COHFACE_s08_session3_natural,41,170,46.666666666666664,0.7073944211006165,0.15590171727532975
COHFACE_s08_session3_natural,41,171,46.7,0.778933048248291,0.12838584288094781
COHFACE_s08_session3_natural,41,172,46.733333333333334,0.7758534550666809,0.11083198656346852
COHFACE_s08_session3_natural,41,173,46.766666666666666,0.6741572618484497,0.08712959125155119
COHFACE_s08_session3_natural,41,174,46.8,0.4334670901298523,0.03845053378758012
COHFACE_s08_session3_natural,41,175,46.833333333333336,0.030788449570536613,-0.042650203917639753
COHFACE_s08_session3_natural,41,176,46.86666666666667,-0.25018781423568726,-0.14508613525761788
COHFACE_s08_session3_natural,41,177,46.9,-0.3545073866844177,-0.24210981976377224
COHFACE_s08_session3_natural,41,178,46.93333333333333,-0.45590704679489136,-0.3026200718885426
COHFACE_s08_session3_natural,41,179,46.96666666666667,-0.5773357152938843,-0.30556384196438247
COHFACE_s08_session3_natural,41,180,47.0,-0.6655499339103699,-0.25026250911787035
COHFACE_s08_session3_natural,41,181,47.03333333333333,-0.7351495623588562,-0.15693163110435793
COHFACE_s08_session3_natural,41,182,47.06666666666667,-0.8313252925872803,-0.05657618278229273
COHFACE_s08_session3_natural,41,183,47.1,-0.9304665327072144,0.024289123677143466
COHFACE_s08_session3_natural,41,184,47.13333333333333,-0.9202238917350769,0.07481663366362332
COHFACE_s08_session3_natural,41,185,47.166666666666664,-0.5193246006965637,0.1003064367613852
COHFACE_s08_session3_natural,41,186,47.2,0.3525070548057556,0.11409402706413725
COHFACE_s08_session3_natural,41,187,47.233333333333334,1.2243387699127197,0.12943739698805537
COHFACE_s08_session3_natural,41,188,47.266666666666666,1.6267207860946655,0.15755557724877997
COHFACE_s08_session3_natural,41,189,47.3,1.596266746520996,0.2100300116056841
COHFACE_s08_session3_natural,41,190,47.333333333333336,1.4167357683181763,0.2983999603804233
COHFACE_s08_session3_natural,41,191,47.36666666666667,1.228878378868103,0.4262733264269477
COHFACE_s08_session3_natural,41,192,47.4,0.9838311076164246,0.5782199848349053
COHFACE_s08_session3_natural,41,193,47.43333333333333,0.6849245429039001,0.715725161747887
COHFACE_s08_session3_natural,41,194,47.46666666666667,0.46031689643859863,0.78637510917392
COHFACE_s08_session3_natural,41,195,47.5,0.36578369140625,0.7425926925183599
COHFACE_s08_session3_natural,41,196,47.53333333333333,0.3286684453487396,0.5595546780916447
COHFACE_s08_session3_natural,41,197,47.56666666666667,0.25989004969596863,0.24308631145139045
COHFACE_s08_session3_natural,41,198,47.6,0.11140630394220352,-0.17403178317039994
COHFACE_s08_session3_natural,41,199,47.63333333333333,-0.08660245686769485,-0.6416889319802402
COHFACE_s08_session3_natural,41,200,47.666666666666664,-0.28128066658973694,-1.101357961644772
COHFACE_s08_session3_natural,41,201,47.7,-0.4492231011390686,-1.4915643867303936
COHFACE_s08_session3_natural,41,202,47.733333333333334,-0.6002618074417114,-1.7514535544022838
COHFACE_s08_session3_natural,41,203,47.766666666666666,-0.7239260673522949,-1.825998616619493
COHFACE_s08_session3_natural,41,204,47.8,-0.820626437664032,-1.6754774935725172
COHFACE_s08_session3_natural,41,205,47.833333333333336,-0.8806677460670471,-1.2886510077543594
COHFACE_s08_session3_natural,41,206,47.86666666666667,-0.9353483319282532,-0.6952874538114375
COHFACE_s08_session3_natural,41,207,47.9,-0.9809724688529968,0.028487497159502672
COHFACE_s08_session3_natural,41,208,47.93333333333333,-1.011266827583313,0.7675397487559721
COHFACE_s08_session3_natural,41,209,47.96666666666667,-1.0501614809036255,1.3892889537920268
COHFACE_s08_session3_natural,41,210,48.0,-1.0525567531585693,1.7754291169995522
COHFACE_s08_session3_natural,41,211,48.03333333333333,-0.7640981078147888,1.854633970855716
COHFACE_s08_session3_natural,41,212,48.06666666666667,-0.011299817822873592,1.624716606300154
COHFACE_s08_session3_natural,41,213,48.1,0.8598930835723877,1.1552468947018202
COHFACE_s08_session3_natural,41,214,48.13333333333333,1.3260349035263062,0.5688831471193831
COHFACE_s08_session3_natural,41,215,48.166666666666664,1.3329013586044312,0.007713305362644141
COHFACE_s08_session3_natural,41,216,48.2,1.1504048109054565,-0.4044890548388537
COHFACE_s08_session3_natural,41,217,48.233333333333334,0.9747746586799622,-0.5929642083130471
COHFACE_s08_session3_natural,41,218,48.266666666666666,0.7736178636550903,-0.5475295089522957
COHFACE_s08_session3_natural,41,219,48.3,0.5116896629333496,-0.319785185660353
COHFACE_s08_session3_natural,41,220,48.333333333333336,0.2844586670398712,-0.003984996179621621
COHFACE_s08_session3_natural,41,221,48.36666666666667,0.1611594259738922,0.2922183920438317
COHFACE_s08_session3_natural,41,222,48.4,0.099772147834301,0.47870502612161525
COHFACE_s08_session3_natural,41,223,48.43333333333333,0.0416698083281517,0.5067782935195706
COHFACE_s08_session3_natural,41,224,48.46666666666667,-0.08388782292604446,0.37900527549446983
COHFACE_s08_session3_natural,41,225,48.5,-0.26896214485168457,0.14230789561253093
COHFACE_s08_session3_natural,41,226,48.53333333333333,-0.4475350081920624,-0.1320987366665504
COHFACE_s08_session3_natural,41,227,48.56666666666667,-0.5936691164970398,-0.3734010668710915
COHFACE_s08_session3_natural,41,228,48.6,-0.7181089520454407,-0.5313900327644435
COHFACE_s08_session3_natural,41,229,48.63333333333333,-0.829888105392456,-0.5862048030797818
COHFACE_s08_session3_natural,41,230,48.666666666666664,-0.9074719548225403,-0.5463435957513599
COHFACE_s08_session3_natural,41,231,48.7,-0.9546245336532593,-0.43828411431258235
COHFACE_s08_session3_natural,41,232,48.733333333333334,-0.99771648645401,-0.2941260266433853
COHFACE_s08_session3_natural,41,233,48.766666666666666,-1.0449374914169312,-0.14332113014892686
COHFACE_s08_session3_natural,41,234,48.8,-1.0859535932540894,-0.010514024061318523
COHFACE_s08_session3_natural,41,235,48.833333333333336,-1.150876760482788,0.08338134215741115
COHFACE_s08_session3_natural,41,236,48.86666666666667,-1.159522533416748,0.12184262225842368
COHFACE_s08_session3_natural,41,237,48.9,-0.8677789568901062,0.09758602938279916
COHFACE_s08_session3_natural,41,238,48.93333333333333,-0.1492900252342224,0.018573370753835538
COHFACE_s08_session3_natural,41,239,48.96666666666667,0.6455280780792236,-0.09078519715188707
COHFACE_s08_session3_natural,42,0,42.0,0.6354223489761353,-0.0695959124225263
COHFACE_s08_session3_natural,42,1,42.03333333333333,0.8389972448348999,0.4323110697265366
COHFACE_s08_session3_natural,42,2,42.06666666666667,0.7774502635002136,0.8229708903350743
COHFACE_s08_session3_natural,42,3,42.1,0.6430872082710266,1.0152002374132425
COHFACE_s08_session3_natural,42,4,42.13333333333333,0.5077660083770752,0.9670854955168225
COHFACE_s08_session3_natural,42,5,42.166666666666664,0.3222126364707947,0.6904021626283627
COHFACE_s08_session3_natural,42,6,42.2,0.11222753673791885,0.24555562279678916
COHFACE_s08_session3_natural,42,7,42.233333333333334,-0.00561961205676198,-0.2743987453817148
COHFACE_s08_session3_natural,42,8,42.266666666666666,-0.033655647188425064,-0.7650195466219014
COHFACE_s08_session3_natural,42,9,42.3,-0.05811018496751785,-1.1313155762391778
COHFACE_s08_session3_natural,42,10,42.333333333333336,-0.11863060295581818,-1.3045711734478382
COHFACE_s08_session3_natural,42,11,42.36666666666667,-0.24624131619930267,-1.25384822763342
COHFACE_s08_session3_natural,42,12,42.4,-0.3803078532218933,-0.9915787107659314
COHFACE_s08_session3_natural,42,13,42.43333333333333,-0.5166555643081665,-0.5719370329479516
COHFACE_s08_session3_natural,42,14,42.46666666666667,-0.6406620144844055,-0.08013025064132319
COHFACE_s08_session3_natural,42,15,42.5,-0.7377501726150513,0.3873954326296914
COHFACE_s08_session3_natural,42,16,42.53333333333333,-0.8219038844108582,0.7473019763544216
COHFACE_s08_session3_natural,42,17,42.56666666666667,-0.8962712287902832,0.9500477103694793
COHFACE_s08_session3_natural,42,18,42.6,-0.9336830377578735,0.9893572050388528
COHFACE_s08_session3_natural,42,19,42.63333333333333,-0.9684486389160156,0.8974550125336139
COHFACE_s08_session3_natural,42,20,42.666666666666664,-0.9827517867088318,0.7287249793563486
COHFACE_s08_session3_natural,42,21,42.7,-0.9948650002479553,0.5386413771215757
COHFACE_s08_session3_natural,42,22,42.733333333333334,-1.0158977508544922,0.3659185059203424
COHFACE_s08_session3_natural,42,23,42.766666666666666,-1.038686990737915,0.22383604587600414
COHFACE_s08_session3_natural,42,24,42.8,-0.9193798303604126,0.10275252948773907
COHFACE_s08_session3_natural,42,25,42.833333333333336,-0.42362797260284424,-0.0184976704063366
COHFACE_s08_session3_natural,42,26,42.86666666666667,0.3020467758178711,-0.15777869810670664
COHFACE_s08_session3_natural,42,27,42.9,0.8456583619117737,-0.31776388590012866
COHFACE_s08_session3_natural,42,28,42.93333333333333,1.0265580415725708,-0.48172758451425685
COHFACE_s08_session3_natural,42,29,42.96666666666667,0.9699841737747192,-0.6182646394004778
COHFACE_s08_session3_natural,42,30,43.0,0.8602352738380432,-0.6923098882817662
COHFACE_s08_session3_natural,42,31,43.03333333333333,0.738145112991333,-0.6776068846500919
COHFACE_s08_session3_natural,42,32,43.06666666666667,0.5464324355125427,-0.5662492513836352
COHFACE_s08_session3_natural,42,33,43.1,0.3377932906150818,-0.37298860288045294
COHFACE_s08_session3_natural,42,34,43.13333333333333,0.23833265900611877,-0.13386098674335145
COHFACE_s08_session3_natural,42,35,43.166666666666664,0.23039405047893524,0.10055830442633405
COHFACE_s08_session3_natural,42,36,43.2,0.21748241782188416,0.276869895545617
COHFACE_s08_session3_natural,42,37,43.233333333333334,0.1647409200668335,0.3541418633334256
COHFACE_s08_session3_natural,42,38,43.266666666666666,0.05166149511933327,0.31883472831554605
COHFACE_s08_session3_natural,42,39,43.3,-0.0844581201672554,0.19321047500794428
COHFACE_s08_session3_natural,42,40,43.333333333333336,-0.208510160446167,0.031714786077808116
COHFACE_s08_session3_natural,42,41,43.36666666666667,-0.342348575592041,-0.09592018644709481
COHFACE_s08_session3_natural,42,42,43.4,-0.4795403480529785,-0.12977440560673453
COHFACE_s08_session3_natural,42,43,43.43333333333333,-0.5841336846351624,-0.043187196688934365
COHFACE_s08_session3_natural,42,44,43.46666666666667,-0.6443119049072266,0.14539083240056042
COHFACE_s08_session3_natural,42,45,43.5,-0.6795793771743774,0.37737190647353797
COHFACE_s08_session3_natural,42,46,43.53333333333333,-0.6995399594306946,0.5738882577672225
COHFACE_s08_session3_natural,42,47,43.56666666666667,-0.7390732765197754,0.6624605510145805
COHFACE_s08_session3_natural,42,48,43.6,-0.7717629671096802,0.600238717724137
COHFACE_s08_session3_natural,42,49,43.63333333333333,-0.7890545129776001,0.386144816771117
COHFACE_s08_session3_natural,42,50,43.666666666666664,-0.814969003200531,0.05985040883821748
COHFACE_s08_session3_natural,42,51,43.7,-0.7159874439239502,-0.30957544202392534
COHFACE_s08_session3_natural,42,52,43.733333333333334,-0.22333800792694092,-0.6408877903276797
COHFACE_s08_session3_natural,42,53,43.766666666666666,0.5459533929824829,-0.8597471404953457
COHFACE_s08_session3_natural,42,54,43.8,1.1458879709243774,-0.9159783181580999
COHFACE_s08_session3_natural,42,55,43.833333333333336,1.3739631175994873,-0.7954327979792443
COHFACE_s08_session3_natural,42,56,43.86666666666667,1.3435317277908325,-0.5236254593649426
COHFACE_s08_session3_natural,42,57,43.9,1.231980800628662,-0.1598616182937398
COHFACE_s08_session3_natural,42,58,43.93333333333333,1.1063319444656372,0.21736171962023168
COHFACE_s08_session3_natural,42,59,43.96666666666667,0.9365872740745544,0.5306316910731551
COHFACE_s08_session3_natural,42,60,44.0,0.7664777040481567,0.7244541774418185
COHFACE_s08_session3_natural,42,61,44.03333333333333,0.6729025840759277,0.7801075484194304
COHFACE_s08_session3_natural,42,62,44.06666666666667,0.6596943736076355,0.7182578336861943
COHFACE_s08_session3_natural,42,63,44.1,0.6460299491882324,0.586846895362839
COHFACE_s08_session3_natural,42,64,44.13333333333333,0.5768409371376038,0.43871958470648276
COHFACE_s08_session3_natural,42,65,44.166666666666664,0.43228086829185486,0.30910730004819115
COHFACE_s08_session3_natural,42,66,44.2,0.276885062456131,0.20316346096140575
COHFACE_s08_session3_natural,42,67,44.233333333333334,0.13960202038288116,0.0986423604456596
COHFACE_s08_session3_natural,42,68,44.266666666666666,0.021344253793358803,-0.038253476167189014
COHFACE_s08_session3_natural,42,69,44.3,-0.08302096277475357,-0.23156240282238472
COHFACE_s08_session3_natural,42,70,44.333333333333336,-0.18410123884677887,-0.47854335796839365
COHFACE_s08_session3_natural,42,71,44.36666666666667,-0.25744205713272095,-0.7443507291239112
COHFACE_s08_session3_natural,42,72,44.4,-0.3059176802635193,-0.9702959142436747
COHFACE_s08_session3_natural,42,73,44.43333333333333,-0.3493975102901459,-1.0918885880395532
COHFACE_s08_session3_natural,42,74,44.46666666666667,-0.36922118067741394,-1.059701379548125
COHFACE_s08_session3_natural,42,75,44.5,-0.3569026589393616,-0.8561637983233967
COHFACE_s08_session3_natural,42,76,44.53333333333333,-0.35840827226638794,-0.5036909697166488
COHFACE_s08_session3_natural,42,77,44.56666666666667,-0.4128834903240204,-0.06241896835763743
COHFACE_s08_session3_natural,42,78,44.6,-0.3161146938800812,0.38196667545991086
COHFACE_s08_session3_natural,42,79,44.63333333333333,0.18346962332725525,0.7381956386551164
COHFACE_s08_session3_natural,42,80,44.666666666666664,0.9837626218795776,0.9333225260436357
COHFACE_s08_session3_natural,42,81,44.7,1.5959244966506958,0.9344866245302369
COHFACE_s08_session3_natural,42,82,44.733333333333334,1.798723816871643,0.7606740133711261
COHFACE_s08_session3_natural,42,83,44.766666666666666,1.7659884691238403,0.4781989938096237
COHFACE_s08_session3_natural,42,84,44.8,1.6709990501403809,0.17973516431994851
COHFACE_s08_session3_natural,42,85,44.833333333333336,1.5529237985610962,-0.04591636231190628
COHFACE_s08_session3_natural,42,86,44.86666666666667,1.3180278539657593,-0.14204968762356332
COHFACE_s08_session3_natural,42,87,44.9,0.9930699467658997,-0.10007295090423426
COHFACE_s08_session3_natural,42,88,44.93333333333333,0.7774730920791626,0.0415363075507843
COHFACE_s08_session3_natural,42,89,44.96666666666667,0.7011210918426514,0.2135719029018215
COHFACE_s08_session3_natural,42,90,45.0,0.6450034379959106,0.3410170409179732
COHFACE_s08_session3_natural,42,91,45.03333333333333,0.5557854175567627,0.3676068883480996
COHFACE_s08_session3_natural,42,92,45.06666666666667,0.5195598602294922,0.2717520542858434
COHFACE_s08_session3_natural,42,93,45.1,0.443185031414032,0.0693902829907296
COHFACE_s08_session3_natural,42,94,45.13333333333333,0.2897510528564453,-0.1946972721101025
COHFACE_s08_session3_natural,42,95,45.166666666666664,0.24773122370243073,-0.4612409573524616
COHFACE_s08_session3_natural,42,96,45.2,0.2413666546344757,-0.6707310347573886
COHFACE_s08_session3_natural,42,97,45.233333333333334,0.17705944180488586,-0.7747567397451155
COHFACE_s08_session3_natural,42,98,45.266666666666666,0.11113255470991135,-0.7443086571074241
COHFACE_s08_session3_natural,42,99,45.3,0.09244947135448456,-0.5756375854728208
COHFACE_s08_session3_natural,42,100,45.333333333333336,0.057364512234926224,-0.29322493239396086
COHFACE_s08_session3_natural,42,101,45.36666666666667,0.003984268754720688,0.051792810416588744
COHFACE_s08_session3_natural,42,102,45.4,-0.05482524633407593,0.3893115692855041
COHFACE_s08_session3_natural,42,103,45.43333333333333,-0.08817648887634277,0.6442812635491076
COHFACE_s08_session3_natural,42,104,45.46666666666667,-0.06915122270584106,0.7552797475973929
COHFACE_s08_session3_natural,42,105,45.5,0.20769605040550232,0.6931875080108943
COHFACE_s08_session3_natural,42,106,45.53333333333333,0.8719606995582581,0.47303728100900805
COHFACE_s08_session3_natural,42,107,45.56666666666667,1.5591514110565186,0.15262752479129943
COHFACE_s08_session3_natural,42,108,45.6,1.8628257513046265,-0.18354010546648467
COHFACE_s08_session3_natural,42,109,45.63333333333333,1.8208515644073486,-0.44976668863231
COHFACE_s08_session3_natural,42,110,45.666666666666664,1.6439439058303833,-0.5846425832942684
COHFACE_s08_session3_natural,42,111,45.7,1.443174958229065,-0.5674058237204244
COHFACE_s08_session3_natural,42,112,45.733333333333334,1.2215784788131714,-0.42044729378804374
COHFACE_s08_session3_natural,42,113,45.766666666666666,1.0414315462112427,-0.1986151203980909
COHFACE_s08_session3_natural,42,114,45.8,0.9644636511802673,0.030392661007991248
COHFACE_s08_session3_natural,42,115,45.833333333333336,0.9415603280067444,0.20830002974449363
COHFACE_s08_session3_natural,42,116,45.86666666666667,0.9026885628700256,0.30397428941613913
COHFACE_s08_session3_natural,42,117,45.9,0.7852292060852051,0.32039827875564914
COHFACE_s08_session3_natural,42,118,45.93333333333333,0.588771641254425,0.288503464924366
COHFACE_s08_session3_natural,42,119,45.96666666666667,0.38932573795318604,0.25068132509412167
COHFACE_s08_session3_natural,42,120,46.0,0.20222115516662598,0.24093327999604372
COHFACE_s08_session3_natural,42,121,46.03333333333333,0.07057269662618637,0.2697038196986161
COHFACE_s08_session3_natural,42,122,46.06666666666667,-0.035092804580926895,0.31903287879898196
COHFACE_s08_session3_natural,42,123,46.1,-0.13920709490776062,0.3494980464278764
COHFACE_s08_session3_natural,42,124,46.13333333333333,-0.23346656560897827,0.3164769737905354
COHFACE_s08_session3_natural,42,125,46.166666666666664,-0.34082016348838806,0.18992698375613273
COHFACE_s08_session3_natural,42,126,46.2,-0.48905298113822937,-0.03030812284561469
COHFACE_s08_session3_natural,42,127,46.233333333333334,-0.6653674840927124,-0.31039729835938884
COHFACE_s08_session3_natural,42,128,46.266666666666666,-0.8056389093399048,-0.5909963565226612
COHFACE_s08_session3_natural,42,129,46.3,-0.7277584671974182,-0.8040822431370211
COHFACE_s08_session3_natural,42,130,46.333333333333336,-0.1684749722480774,-0.8920280896679808
COHFACE_s08_session3_natural,42,131,46.36666666666667,0.7054554224014282,-0.8239626222273237
COHFACE_s08_session3_natural,42,132,46.4,1.3934217691421509,-0.6060643872121365
COHFACE_s08_session3_natural,42,133,46.43333333333333,1.6595702171325684,-0.2830734196670472
COHFACE_s08_session3_natural,42,134,46.46666666666667,1.619055986404419,0.07138578653841211
COHFACE_s08_session3_natural,42,135,46.5,1.5199602842330933,0.37550853106168874
COHFACE_s08_session3_natural,42,136,46.53333333333333,1.3233431577682495,0.5652461585030233
COHFACE_s08_session3_natural,42,137,46.56666666666667,1.0305273532867432,0.6149340726660918
COHFACE_s08_session3_natural,42,138,46.6,0.8087712526321411,0.5428443424026911
COHFACE_s08_session3_natural,42,139,46.63333333333333,0.7093790769577026,0.3989216584001989
COHFACE_s08_session3_natural,42,140,46.666666666666664,0.7073944211006165,0.2416011464253572
COHFACE_s08_session3_natural,42,141,46.7,0.778933048248291,0.1159954520758632
COHFACE_s08_session3_natural,42,142,46.733333333333334,0.7758534550666809,0.04277120091641187
COHFACE_s08_session3_natural,42,143,46.766666666666666,0.6741572618484497,0.019357209719227355
COHFACE_s08_session3_natural,42,144,46.8,0.4334670901298523,0.028897796370009717
COHFACE_s08_session3_natural,42,145,46.833333333333336,0.030788449570536613,0.05021690764901488
COHFACE_s08_session3_natural,42,146,46.86666666666667,-0.25018781423568726,0.06373296891263366
COHFACE_s08_session3_natural,42,147,46.9,-0.3545073866844177,0.052336370979175144
COHFACE_s08_session3_natural,42,148,46.93333333333333,-0.45590704679489136,0.00038563734164967067
COHFACE_s08_session3_natural,42,149,46.96666666666667,-0.5773357152938843,-0.10456295590878288
COHFACE_s08_session3_natural,42,150,47.0,-0.6655499339103699,-0.2651595903348766
COHFACE_s08_session3_natural,42,151,47.03333333333333,-0.7351495623588562,-0.4654155662534283
COHFACE_s08_session3_natural,42,152,47.06666666666667,-0.8313252925872803,-0.6659605899327742
COHFACE_s08_session3_natural,42,153,47.1,-0.9304665327072144,-0.809519902750353
COHFACE_s08_session3_natural,42,154,47.13333333333333,-0.9202238917350769,-0.8377708794344716
COHFACE_s08_session3_natural,42,155,47.166666666666664,-0.5193246006965637,-0.7136603643558854
COHFACE_s08_session3_natural,42,156,47.2,0.3525070548057556,-0.4383874737210856
COHFACE_s08_session3_natural,42,157,47.233333333333334,1.2243387699127197,-0.05330133606411984
COHFACE_s08_session3_natural,42,158,47.266666666666666,1.6267207860946655,0.37544070352284725
COHFACE_s08_session3_natural,42,159,47.3,1.596266746520996,0.7814312929414733
COHFACE_s08_session3_natural,42,160,47.333333333333336,1.4167357683181763,1.1175119296888532
COHFACE_s08_session3_natural,42,161,47.36666666666667,1.228878378868103,1.3595202272649127
COHFACE_s08_session3_natural,42,162,47.4,0.9838311076164246,1.4961313312242
COHFACE_s08_session3_natural,42,163,47.43333333333333,0.6849245429039001,1.51678039752534
COHFACE_s08_session3_natural,42,164,47.46666666666667,0.46031689643859863,1.4080036637057323
COHFACE_s08_session3_natural,42,165,47.5,0.36578369140625,1.1593020373116205
COHFACE_s08_session3_natural,42,166,47.53333333333333,0.3286684453487396,0.7723287372340261
COHFACE_s08_session3_natural,42,167,47.56666666666667,0.25989004969596863,0.2663776237220563
COHFACE_s08_session3_natural,42,168,47.6,0.11140630394220352,-0.3222227110299655
COHFACE_s08_session3_natural,42,169,47.63333333333333,-0.08660245686769485,-0.9440609476940759
COHFACE_s08_session3_natural,42,170,47.666666666666664,-0.28128066658973694,-1.5400189353415603
COHFACE_s08_session3_natural,42,171,47.7,-0.4492231011390686,-2.042909034121219
COHFACE_s08_session3_natural,42,172,47.733333333333334,-0.6002618074417114,-2.37996002377122
COHFACE_s08_session3_natural,42,173,47.766666666666666,-0.7239260673522949,-2.4803534258502236
COHFACE_s08_session3_natural,42,174,47.8,-0.820626437664032,-2.289958320231259
COHFACE_s08_session3_natural,42,175,47.833333333333336,-0.8806677460670471,-1.7909050034371201
COHFACE_s08_session3_natural,42,176,47.86666666666667,-0.9353483319282532,-1.0192667937442312
COHFACE_s08_session3_natural,42,177,47.9,-0.9809724688529968,-0.07200880743776894
COHFACE_s08_session3_natural,42,178,47.93333333333333,-1.011266827583313,0.9039746514451017
COHFACE_s08_session3_natural,42,179,47.96666666666667,-1.0501614809036255,1.7416615116545895
COHFACE_s08_session3_natural,42,180,48.0,-1.0525567531585693,2.294531940201296
COHFACE_s08_session3_natural,42,181,48.03333333333333,-0.7640981078147888,2.4740915887638217
COHFACE_s08_session3_natural,42,182,48.06666666666667,-0.011299817822873592,2.2716347170520814
COHFACE_s08_session3_natural,42,183,48.1,0.8598930835723877,1.7579144863976555
COHFACE_s08_session3_natural,42,184,48.13333333333333,1.3260349035263062,1.0614564154454202
COHFACE_s08_session3_natural,42,185,48.166666666666664,1.3329013586044312,0.33243784804404725
COHFACE_s08_session3_natural,42,186,48.2,1.1504048109054565,-0.2964019366661147
COHFACE_s08_session3_natural,42,187,48.233333333333334,0.9747746586799622,-0.7395156428346807
COHFACE_s08_session3_natural,42,188,48.266666666666666,0.7736178636550903,-0.9706658657869071
COHFACE_s08_session3_natural,42,189,48.3,0.5116896629333496,-1.0160315894307972
COHFACE_s08_session3_natural,42,190,48.333333333333336,0.2844586670398712,-0.9335134082704633
COHFACE_s08_session3_natural,42,191,48.36666666666667,0.1611594259738922,-0.7872050329127848
COHFACE_s08_session3_natural,42,192,48.4,0.099772147834301,-0.625985527887273
COHFACE_s08_session3_natural,42,193,48.43333333333333,0.0416698083281517,-0.4722784268539434
COHFACE_s08_session3_natural,42,194,48.46666666666667,-0.08388782292604446,-0.3229105676576892
COHFACE_s08_session3_natural,42,195,48.5,-0.26896214485168457,-0.1600975353085549
COHFACE_s08_session3_natural,42,196,48.53333333333333,-0.4475350081920624,0.03225352954800988
COHFACE_s08_session3_natural,42,197,48.56666666666667,-0.5936691164970398,0.25317698718352016
COHFACE_s08_session3_natural,42,198,48.6,-0.7181089520454407,0.47639011979395357
COHFACE_s08_session3_natural,42,199,48.63333333333333,-0.829888105392456,0.6534813044108515
COHFACE_s08_session3_natural,42,200,48.666666666666664,-0.9074719548225403,0.7291749124061082
COHFACE_s08_session3_natural,42,201,48.7,-0.9546245336532593,0.6640633292559165
COHFACE_s08_session3_natural,42,202,48.733333333333334,-0.99771648645401,0.4552858134591329
COHFACE_s08_session3_natural,42,203,48.766666666666666,-1.0449374914169312,0.1448374834717545
COHFACE_s08_session3_natural,42,204,48.8,-1.0859535932540894,-0.18953369907116868
COHFACE_s08_session3_natural,42,205,48.833333333333336,-1.150876760482788,-0.45766398185732116
COHFACE_s08_session3_natural,42,206,48.86666666666667,-1.159522533416748,-0.5852337928935905
COHFACE_s08_session3_natural,42,207,48.9,-0.8677789568901062,-0.536672511082362
COHFACE_s08_session3_natural,42,208,48.93333333333333,-0.1492900252342224,-0.32633363418651523
COHFACE_s08_session3_natural,42,209,48.96666666666667,0.6455280780792236,-0.016459773616991382
COHFACE_s08_session3_natural,42,210,49.0,1.073071837425232,0.29698080477559785
COHFACE_s08_session3_natural,42,211,49.03333333333333,1.088698148727417,0.5083231199281857
COHFACE_s08_session3_natural,42,212,49.06666666666667,0.9384578466415405,0.5318129313046946
COHFACE_s08_session3_natural,42,213,49.1,0.7900881767272949,0.32966762379738784
COHFACE_s08_session3_natural,42,214,49.13333333333333,0.5984211564064026,-0.07038499905485006
COHFACE_s08_session3_natural,42,215,49.166666666666664,0.36806488037109375,-0.5757136015715959
COHFACE_s08_session3_natural,42,216,49.2,0.18381181359291077,-1.049833525923193
COHFACE_s08_session3_natural,42,217,49.233333333333334,0.10563484579324722,-1.349035486644284
COHFACE_s08_session3_natural,42,218,49.266666666666666,0.08163655549287796,-1.363982264501919
COHFACE_s08_session3_natural,42,219,49.3,0.03756363317370415,-1.053516606028079
COHFACE_s08_session3_natural,42,220,49.333333333333336,-0.07197992503643036,-0.46003355384794076
COHFACE_s08_session3_natural,42,221,49.36666666666667,-0.21888965368270874,0.2988037987714354
COHFACE_s08_session3_natural,42,222,49.4,-0.3812659680843353,1.0601886556941522
COHFACE_s08_session3_natural,42,223,49.43333333333333,-0.5202142596244812,1.659293811831179
COHFACE_s08_session3_natural,42,224,49.46666666666667,-0.6213858127593994,1.9717125567434832
COHFACE_s08_session3_natural,42,225,49.5,-0.7175614833831787,1.9419242976535729
COHFACE_s08_session3_natural,42,226,49.53333333333333,-0.8083763122558594,1.590819848708083
COHFACE_s08_session3_natural,42,227,49.56666666666667,-0.8732994794845581,1.0033886086050268
COHFACE_s08_session3_natural,42,228,49.6,-0.9132205843925476,0.30288889031886723
COHFACE_s08_session3_natural,42,229,49.63333333333333,-0.952548623085022,-0.3802706286504127
COHFACE_s08_session3_natural,42,230,49.666666666666664,-0.9922187924385071,-0.9368098314823056
COHFACE_s08_session3_natural,42,231,49.7,-1.0420175790786743,-1.2978383361684078
COHFACE_s08_session3_natural,42,232,49.733333333333334,-1.1082181930541992,-1.4424587929491381
COHFACE_s08_session3_natural,42,233,49.766666666666666,-1.0712398290634155,-1.394390947346589
COHFACE_s08_session3_natural,42,234,49.8,-0.6493990421295166,-1.2099230022260528
COHFACE_s08_session3_natural,42,235,49.833333333333336,0.14108480513095856,-0.9600035793323061
COHFACE_s08_session3_natural,42,236,49.86666666666667,0.8572241067886353,-0.7099509026271295
COHFACE_s08_session3_natural,42,237,49.9,1.1435612440109253,-0.5014778343772461
COHFACE_s08_session3_natural,42,238,49.93333333333333,1.0772465467453003,-0.34263056139621667
COHFACE_s08_session3_natural,42,239,49.96666666666667,0.9263446927070618,-0.20988422273451965
COHFACE_s08_session3_natural,43,0,43.0,0.8602352738380432,-0.06380971031487681
COHFACE_s08_session3_natural,43,1,43.03333333333333,0.738145112991333,0.18814086288687512
COHFACE_s08_session3_natural,43,2,43.06666666666667,0.5464324355125427,0.3729135755926135
COHFACE_s08_session3_natural,43,3,43.1,0.3377932906150818,0.43646296078970864
COHFACE_s08_session3_natural,43,4,43.13333333333333,0.23833265900611877,0.353135093251745
COHFACE_s08_session3_natural,43,5,43.166666666666664,0.23039405047893524,0.13064022241036066
COHFACE_s08_session3_natural,43,6,43.2,0.21748241782188416,-0.19251792532764095
COHFACE_s08_session3_natural,43,7,43.233333333333334,0.1647409200668335,-0.5548695894357086
COHFACE_s08_session3_natural,43,8,43.266666666666666,0.05166149511933327,-0.882522050414241
COHFACE_s08_session3_natural,43,9,43.3,-0.0844581201672554,-1.1013201679043259
COHFACE_s08_session3_natural,43,10,43.333333333333336,-0.208510160446167,-1.1505510431826564
COHFACE_s08_session3_natural,43,11,43.36666666666667,-0.342348575592041,-0.9973231910460508
COHFACE_s08_session3_natural,43,12,43.4,-0.4795403480529785,-0.6484102122393111
COHFACE_s08_session3_natural,43,13,43.43333333333333,-0.5841336846351624,-0.15468099957256426
COHFACE_s08_session3_natural,43,14,43.46666666666667,-0.6443119049072266,0.3956923409367115
COHFACE_s08_session3_natural,43,15,43.5,-0.6795793771743774,0.8954368384188663
COHFACE_s08_session3_natural,43,16,43.53333333333333,-0.6995399594306946,1.2435417809448395
COHFACE_s08_session3_natural,43,17,43.56666666666667,-0.7390732765197754,1.3703214408156765
COHFACE_s08_session3_natural,43,18,43.6,-0.7717629671096802,1.254323150225033
COHFACE_s08_session3_natural,43,19,43.63333333333333,-0.7890545129776001,0.9261263205068695
COHFACE_s08_session3_natural,43,20,43.666666666666664,-0.814969003200531,0.4590585389505315
COHFACE_s08_session3_natural,43,21,43.7,-0.7159874439239502,-0.04903655842825033
COHFACE_s08_session3_natural,43,22,43.733333333333334,-0.22333800792694092,-0.4976604670749393
COHFACE_s08_session3_natural,43,23,43.766666666666666,0.5459533929824829,-0.80446967635457
COHFACE_s08_session3_natural,43,24,43.8,1.1458879709243774,-0.9210274293834216
COHFACE_s08_session3_natural,43,25,43.833333333333336,1.3739631175994873,-0.8403369846216007
COHFACE_s08_session3_natural,43,26,43.86666666666667,1.3435317277908325,-0.59479140499243
COHFACE_s08_session3_natural,43,27,43.9,1.231980800628662,-0.24566591176372898
COHFACE_s08_session3_natural,43,28,43.93333333333333,1.1063319444656372,0.1324675456047922
COHFACE_s08_session3_natural,43,29,43.96666666666667,0.9365872740745544,0.46799012577842375
COHFACE_s08_session3_natural,43,30,44.0,0.7664777040481567,0.7053176322235976
COHFACE_s08_session3_natural,43,31,44.03333333333333,0.6729025840759277,0.8125142623924729
COHFACE_s08_session3_natural,43,32,44.06666666666667,0.6596943736076355,0.7827654995193172
COHFACE_s08_session3_natural,43,33,44.1,0.6460299491882324,0.6305439691268555
COHFACE_s08_session3_natural,43,34,44.13333333333333,0.5768409371376038,0.38461690526420234
COHFACE_s08_session3_natural,43,35,44.166666666666664,0.43228086829185486,0.08065982508511552
COHFACE_s08_session3_natural,43,36,44.2,0.276885062456131,-0.24423090231181768
COHFACE_s08_session3_natural,43,37,44.233333333333334,0.13960202038288116,-0.5540940129730276
COHFACE_s08_session3_natural,43,38,44.266666666666666,0.021344253793358803,-0.8141825752264183
COHFACE_s08_session3_natural,43,39,44.3,-0.08302096277475357,-0.9903864323793028
COHFACE_s08_session3_natural,43,40,44.333333333333336,-0.18410123884677887,-1.0506080967170726
COHFACE_s08_session3_natural,43,41,44.36666666666667,-0.25744205713272095,-0.9701138733741741
COHFACE_s08_session3_natural,43,42,44.4,-0.3059176802635193,-0.740614803024902
COHFACE_s08_session3_natural,43,43,44.43333333333333,-0.3493975102901459,-0.37982964567575384
COHFACE_s08_session3_natural,43,44,44.46666666666667,-0.36922118067741394,0.06370705739357085
COHFACE_s08_session3_natural,43,45,44.5,-0.3569026589393616,0.5150441885691647
COHFACE_s08_session3_natural,43,46,44.53333333333333,-0.35840827226638794,0.8870391198871268
COHFACE_s08_session3_natural,43,47,44.56666666666667,-0.4128834903240204,1.10037428840252
COHFACE_s08_session3_natural,43,48,44.6,-0.3161146938800812,1.102747173958535
COHFACE_s08_session3_natural,43,49,44.63333333333333,0.18346962332725525,0.8815365621378173
COHFACE_s08_session3_natural,43,50,44.666666666666664,0.9837626218795776,0.46780867094238876
COHFACE_s08_session3_natural,43,51,44.7,1.5959244966506958,-0.06746211486137521
COHFACE_s08_session3_natural,43,52,44.733333333333334,1.798723816871643,-0.6237803591783678
COHFACE_s08_session3_natural,43,53,44.766666666666666,1.7659884691238403,-1.0876287473691602
COHFACE_s08_session3_natural,43,54,44.8,1.6709990501403809,-1.3538409434888672
COHFACE_s08_session3_natural,43,55,44.833333333333336,1.5529237985610962,-1.3488013100072602
COHFACE_s08_session3_natural,43,56,44.86666666666667,1.3180278539657593,-1.050920365346891
COHFACE_s08_session3_natural,43,57,44.9,0.9930699467658997,-0.5028227729564205
COHFACE_s08_session3_natural,43,58,44.93333333333333,0.7774730920791626,0.19058457605531645
COHFACE_s08_session3_natural,43,59,44.96666666666667,0.7011210918426514,0.8820754583531856
COHFACE_s08_session3_natural,43,60,45.0,0.6450034379959106,1.4186544043144802
COHFACE_s08_session3_natural,43,61,45.03333333333333,0.5557854175567627,1.6849703160938114
COHFACE_s08_session3_natural,43,62,45.06666666666667,0.5195598602294922,1.636694691231744
COHFACE_s08_session3_natural,43,63,45.1,0.443185031414032,1.3086377066058799
COHFACE_s08_session3_natural,43,64,45.13333333333333,0.2897510528564453,0.7953461684846181
COHFACE_s08_session3_natural,43,65,45.166666666666664,0.24773122370243073,0.21616112659649708
COHFACE_s08_session3_natural,43,66,45.2,0.2413666546344757,-0.3187433516342753
COHFACE_s08_session3_natural,43,67,45.233333333333334,0.17705944180488586,-0.7299229944000918
COHFACE_s08_session3_natural,43,68,45.266666666666666,0.11113255470991135,-0.9750310664507938
COHFACE_s08_session3_natural,43,69,45.3,0.09244947135448456,-1.0441714278888155
COHFACE_s08_session3_natural,43,70,45.333333333333336,0.057364512234926224,-0.9511189921561612
COHFACE_s08_session3_natural,43,71,45.36666666666667,0.003984268754720688,-0.7259789511051342
COHFACE_s08_session3_natural,43,72,45.4,-0.05482524633407593,-0.4114279961001456
COHFACE_s08_session3_natural,43,73,45.43333333333333,-0.08817648887634277,-0.06097619773488823
COHFACE_s08_session3_natural,43,74,45.46666666666667,-0.06915122270584106,0.2645896692570659
COHFACE_s08_session3_natural,43,75,45.5,0.20769605040550232,0.505678370496856
COHFACE_s08_session3_natural,43,76,45.53333333333333,0.8719606995582581,0.6166696881664588
COHFACE_s08_session3_natural,43,77,45.56666666666667,1.5591514110565186,0.5783928134977933
COHFACE_s08_session3_natural,43,78,45.6,1.8628257513046265,0.4044622818034573
COHFACE_s08_session3_natural,43,79,45.63333333333333,1.8208515644073486,0.13802174103817855
COHFACE_s08_session3_natural,43,80,45.666666666666664,1.6439439058303833,-0.15998115071518337
COHFACE_s08_session3_natural,43,81,45.7,1.443174958229065,-0.4263286771760565
COHFACE_s08_session3_natural,43,82,45.733333333333334,1.2215784788131714,-0.6098886298642807
COHFACE_s08_session3_natural,43,83,45.766666666666666,1.0414315462112427,-0.6814674574654359
COHFACE_s08_session3_natural,43,84,45.8,0.9644636511802673,-0.6374476046394164
COHFACE_s08_session3_natural,43,85,45.833333333333336,0.9415603280067444,-0.4969612266193964
COHFACE_s08_session3_natural,43,86,45.86666666666667,0.9026885628700256,-0.2941046485470313
COHFACE_s08_session3_natural,43,87,45.9,0.7852292060852051,-0.06799297175372444
COHFACE_s08_session3_natural,43,88,45.93333333333333,0.588771641254425,0.14645643398333896
COHFACE_s08_session3_natural,43,89,45.96666666666667,0.38932573795318604,0.3247655926407452
COHFACE_s08_session3_natural,43,90,46.0,0.20222115516662598,0.4546771659306404
COHFACE_s08_session3_natural,43,91,46.03333333333333,0.07057269662618637,0.5331780860900983
COHFACE_s08_session3_natural,43,92,46.06666666666667,-0.035092804580926895,0.5603871940318513
COHFACE_s08_session3_natural,43,93,46.1,-0.13920709490776062,0.5338909480389988
COHFACE_s08_session3_natural,43,94,46.13333333333333,-0.23346656560897827,0.4476888937349067
COHFACE_s08_session3_natural,43,95,46.166666666666664,-0.34082016348838806,0.29757623039680287
COHFACE_s08_session3_natural,43,96,46.2,-0.48905298113822937,0.0900924709367324
COHFACE_s08_session3_natural,43,97,46.233333333333334,-0.6653674840927124,-0.1508816920945516
COHFACE_s08_session3_natural,43,98,46.266666666666666,-0.8056389093399048,-0.3842610747150343
COHFACE_s08_session3_natural,43,99,46.3,-0.7277584671974182,-0.5592012004500574
COHFACE_s08_session3_natural,43,100,46.333333333333336,-0.1684749722480774,-0.6278180276430131
COHFACE_s08_session3_natural,43,101,46.36666666666667,0.7054554224014282,-0.5599143931904726
COHFACE_s08_session3_natural,43,102,46.4,1.3934217691421509,-0.35550170369490813
COHFACE_s08_session3_natural,43,103,46.43333333333333,1.6595702171325684,-0.050450086948274735
COHFACE_s08_session3_natural,43,104,46.46666666666667,1.619055986404419,0.28842664755859404
COHFACE_s08_session3_natural,43,105,46.5,1.5199602842330933,0.5794674458599904
COHFACE_s08_session3_natural,43,106,46.53333333333333,1.3233431577682495,0.7493704936176439
COHFACE_s08_session3_natural,43,107,46.56666666666667,1.0305273532867432,0.7553237982096281
COHFACE_s08_session3_natural,43,108,46.6,0.8087712526321411,0.5970491215131006
COHFACE_s08_session3_natural,43,109,46.63333333333333,0.7093790769577026,0.3139451902458188
COHFACE_s08_session3_natural,43,110,46.666666666666664,0.7073944211006165,-0.029775896604740316
COHFACE_s08_session3_natural,43,111,46.7,0.778933048248291,-0.36369749542756835
COHFACE_s08_session3_natural,43,112,46.733333333333334,0.7758534550666809,-0.6264104497429701
COHFACE_s08_session3_natural,43,113,46.766666666666666,0.6741572618484497,-0.7748386165448685
COHFACE_s08_session3_natural,43,114,46.8,0.4334670901298523,-0.7884462261210498
COHFACE_s08_session3_natural,43,115,46.833333333333336,0.030788449570536613,-0.6698344979100634
COHFACE_s08_session3_natural,43,116,46.86666666666667,-0.25018781423568726,-0.44270575024422915
COHFACE_s08_session3_natural,43,117,46.9,-0.3545073866844177,-0.1475750341295213
COHFACE_s08_session3_natural,43,118,46.93333333333333,-0.45590704679489136,0.1644681155658894
COHFACE_s08_session3_natural,43,119,46.96666666666667,-0.5773357152938843,0.439446165845092
COHFACE_s08_session3_natural,43,120,47.0,-0.6655499339103699,0.6290325331697277
COHFACE_s08_session3_natural,43,121,47.03333333333333,-0.7351495623588562,0.6991327828165264
COHFACE_s08_session3_natural,43,122,47.06666666666667,-0.8313252925872803,0.6370950662746999
COHFACE_s08_session3_natural,43,123,47.1,-0.9304665327072144,0.45542803567291307
COHFACE_s08_session3_natural,43,124,47.13333333333333,-0.9202238917350769,0.18992328164415254
COHFACE_s08_session3_natural,43,125,47.166666666666664,-0.5193246006965637,-0.10807952059291452
COHFACE_s08_session3_natural,43,126,47.2,0.3525070548057556,-0.38236907877168785
COHFACE_s08_session3_natural,43,127,47.233333333333334,1.2243387699127197,-0.581319598255131
COHFACE_s08_session3_natural,43,128,47.266666666666666,1.6267207860946655,-0.6645327005787995
COHFACE_s08_session3_natural,43,129,47.3,1.596266746520996,-0.6082816557963798
COHFACE_s08_session3_natural,43,130,47.333333333333336,1.4167357683181763,-0.411444068243026
COHFACE_s08_session3_natural,43,131,47.36666666666667,1.228878378868103,-0.10077619960231435
COHFACE_s08_session3_natural,43,132,47.4,0.9838311076164246,0.2685044578332958
COHFACE_s08_session3_natural,43,133,47.43333333333333,0.6849245429039001,0.6208571841928905
COHFACE_s08_session3_natural,43,134,47.46666666666667,0.46031689643859863,0.8774311564688583
COHFACE_s08_session3_natural,43,135,47.5,0.36578369140625,0.9766884906447987
COHFACE_s08_session3_natural,43,136,47.53333333333333,0.3286684453487396,0.89020976860806
COHFACE_s08_session3_natural,43,137,47.56666666666667,0.25989004969596863,0.627180611476698
COHFACE_s08_session3_natural,43,138,47.6,0.11140630394220352,0.22755779289856448
COHFACE_s08_session3_natural,43,139,47.63333333333333,-0.08660245686769485,-0.2500378037824776
COHFACE_s08_session3_natural,43,140,47.666666666666664,-0.28128066658973694,-0.7387546688350966
COHFACE_s08_session3_natural,43,141,47.7,-0.4492231011390686,-1.1692365443179347
COHFACE_s08_session3_natural,43,142,47.733333333333334,-0.6002618074417114,-1.4727858193918322
COHFACE_s08_session3_natural,43,143,47.766666666666666,-0.7239260673522949,-1.586800950471893
COHFACE_s08_session3_natural,43,144,47.8,-0.820626437664032,-1.4656910086583943
COHFACE_s08_session3_natural,43,145,47.833333333333336,-0.8806677460670471,-1.095964381458642
COHFACE_s08_session3_natural,43,146,47.86666666666667,-0.9353483319282532,-0.5098216472768751
COHFACE_s08_session3_natural,43,147,47.9,-0.9809724688529968,0.21032385142323137
COHFACE_s08_session3_natural,43,148,47.93333333333333,-1.011266827583313,0.9421829922727399
COHFACE_s08_session3_natural,43,149,47.96666666666667,-1.0501614809036255,1.5490295965806802
COHFACE_s08_session3_natural,43,150,48.0,-1.0525567531585693,1.9132736373007946
COHFACE_s08_session3_natural,43,151,48.03333333333333,-0.7640981078147888,1.9667580598775594
COHFACE_s08_session3_natural,43,152,48.06666666666667,-0.011299817822873592,1.7077049637902766
COHFACE_s08_session3_natural,43,153,48.1,0.8598930835723877,1.1995890391317126
COHFACE_s08_session3_natural,43,154,48.13333333333333,1.3260349035263062,0.5531137624582724
COHFACE_s08_session3_natural,43,155,48.166666666666664,1.3329013586044312,-0.10275542814925465
COHFACE_s08_session3_natural,43,156,48.2,1.1504048109054565,-0.6518111393021124
COHFACE_s08_session3_natural,43,157,48.233333333333334,0.9747746586799622,-1.014722250097834
COHFACE_s08_session3_natural,43,158,48.266666666666666,0.7736178636550903,-1.1603838694666482
COHFACE_s08_session3_natural,43,159,48.3,0.5116896629333496,-1.1034190106961568
COHFACE_s08_session3_natural,43,160,48.333333333333336,0.2844586670398712,-0.8911574697582371
COHFACE_s08_session3_natural,43,161,48.36666666666667,0.1611594259738922,-0.5859780988511242
COHFACE_s08_session3_natural,43,162,48.4,0.099772147834301,-0.24908752709122894
COHFACE_s08_session3_natural,43,163,48.43333333333333,0.0416698083281517,0.06994539311237818
COHFACE_s08_session3_natural,43,164,48.46666666666667,-0.08388782292604446,0.3363699690208975
COHFACE_s08_session3_natural,43,165,48.5,-0.26896214485168457,0.5275802421045614
COHFACE_s08_session3_natural,43,166,48.53333333333333,-0.4475350081920624,0.6282034914396173
COHFACE_s08_session3_natural,43,167,48.56666666666667,-0.5936691164970398,0.6268386168316006
COHFACE_s08_session3_natural,43,168,48.6,-0.7181089520454407,0.5165171010824348
COHFACE_s08_session3_natural,43,169,48.63333333333333,-0.829888105392456,0.29869253116132427
COHFACE_s08_session3_natural,43,170,48.666666666666664,-0.9074719548225403,-0.010758467814921683
COHFACE_s08_session3_natural,43,171,48.7,-0.9546245336532593,-0.3761357799957776
COHFACE_s08_session3_natural,43,172,48.733333333333334,-0.99771648645401,-0.7410176283599287
COHFACE_s08_session3_natural,43,173,48.766666666666666,-1.0449374914169312,-1.0351667277189187
COHFACE_s08_session3_natural,43,174,48.8,-1.0859535932540894,-1.1888641920104266
COHFACE_s08_session3_natural,43,175,48.833333333333336,-1.150876760482788,-1.1503841413899485
COHFACE_s08_session3_natural,43,176,48.86666666666667,-1.159522533416748,-0.9012929277479933
COHFACE_s08_session3_natural,43,177,48.9,-0.8677789568901062,-0.4655970950691973
COHFACE_s08_session3_natural,43,178,48.93333333333333,-0.1492900252342224,0.08952308204777384
COHFACE_s08_session3_natural,43,179,48.96666666666667,0.6455280780792236,0.6623972407254922
COHFACE_s08_session3_natural,43,180,49.0,1.073071837425232,1.1348153503404577
COHFACE_s08_session3_natural,43,181,49.03333333333333,1.088698148727417,1.397120470948079
COHFACE_s08_session3_natural,43,182,49.06666666666667,0.9384578466415405,1.3753940752564986
COHFACE_s08_session3_natural,43,183,49.1,0.7900881767272949,1.0535127521217584
COHFACE_s08_session3_natural,43,184,49.13333333333333,0.5984211564064026,0.4831992032318994
COHFACE_s08_session3_natural,43,185,49.166666666666664,0.36806488037109375,-0.22204818067849125
COHFACE_s08_session3_natural,43,186,49.2,0.18381181359291077,-0.9092079083198998
COHFACE_s08_session3_natural,43,187,49.233333333333334,0.10563484579324722,-1.419937592411323
COHFACE_s08_session3_natural,43,188,49.266666666666666,0.08163655549287796,-1.6289275465611128
COHFACE_s08_session3_natural,43,189,49.3,0.03756363317370415,-1.4766944658374919
COHFACE_s08_session3_natural,43,190,49.333333333333336,-0.07197992503643036,-0.9875161268277595
COHFACE_s08_session3_natural,43,191,49.36666666666667,-0.21888965368270874,-0.26607494041494567
COHFACE_s08_session3_natural,43,192,49.4,-0.3812659680843353,0.5284096314485585
COHFACE_s08_session3_natural,43,193,49.43333333333333,-0.5202142596244812,1.2244405978887944
COHFACE_s08_session3_natural,43,194,49.46666666666667,-0.6213858127593994,1.683480919939864
COHFACE_s08_session3_natural,43,195,49.5,-0.7175614833831787,1.832661157029319
COHFACE_s08_session3_natural,43,196,49.53333333333333,-0.8083763122558594,1.6753282361869972
COHFACE_s08_session3_natural,43,197,49.56666666666667,-0.8732994794845581,1.2793340137898295
COHFACE_s08_session3_natural,43,198,49.6,-0.9132205843925476,0.7501740095521263
COHFACE_s08_session3_natural,43,199,49.63333333333333,-0.952548623085022,0.19927355729664978
COHFACE_s08_session3_natural,43,200,49.666666666666664,-0.9922187924385071,-0.2824763037453108
COHFACE_s08_session3_natural,43,201,49.7,-1.0420175790786743,-0.6391169508710036
COHFACE_s08_session3_natural,43,202,49.733333333333334,-1.1082181930541992,-0.8506055318449179
COHFACE_s08_session3_natural,43,203,49.766666666666666,-1.0712398290634155,-0.9241417547382745
COHFACE_s08_session3_natural,43,204,49.8,-0.6493990421295166,-0.881978804461701
COHFACE_s08_session3_natural,43,205,49.833333333333336,0.14108480513095856,-0.751072783906988
COHFACE_s08_session3_natural,43,206,49.86666666666667,0.8572241067886353,-0.5571628037729752
COHFACE_s08_session3_natural,43,207,49.9,1.1435612440109253,-0.32316793874728733
COHFACE_s08_session3_natural,43,208,49.93333333333333,1.0772465467453003,-0.07051209218752223
COHFACE_s08_session3_natural,43,209,49.96666666666667,0.9263446927070618,0.1782814783462987
COHFACE_s08_session3_natural,43,210,50.0,0.7675042152404785,0.39751848269839973
COHFACE_s08_session3_natural,43,211,50.03333333333333,0.5678529739379883,0.5584119372317614
COHFACE_s08_session3_natural,43,212,50.06666666666667,0.3588716387748718,0.6320868026896591
COHFACE_s08_session3_natural,43,213,50.1,0.2170718014240265,0.5951127679572308
COHFACE_s08_session3_natural,43,214,50.13333333333333,0.17324982583522797,0.436261730032508
COHFACE_s08_session3_natural,43,215,50.166666666666664,0.14439254999160767,0.16276992886070327
COHFACE_s08_session3_natural,43,216,50.2,0.07780412584543228,-0.19560088319337982
COHFACE_s08_session3_natural,43,217,50.233333333333334,-0.0422101728618145,-0.5861132834317374
COHFACE_s08_session3_natural,43,218,50.266666666666666,-0.20844171941280365,-0.937280645274887
COHFACE_s08_session3_natural,43,219,50.3,-0.35238587856292725,-1.168741296649575
COHFACE_s08_session3_natural,43,220,50.333333333333336,-0.48293936252593994,-1.2074998555881689
COHFACE_s08_session3_natural,43,221,50.36666666666667,-0.5856848955154419,-1.0093133793037845
COHFACE_s08_session3_natural,43,222,50.4,-0.6764312982559204,-0.579905403493411
COHFACE_s08_session3_natural,43,223,50.43333333333333,-0.7465099692344666,0.013145245340145967
COHFACE_s08_session3_natural,43,224,50.46666666666667,-0.8020573854446411,0.6470212199640439
COHFACE_s08_session3_natural,43,225,50.5,-0.8421154022216797,1.1718902681245746
COHFACE_s08_session3_natural,43,226,50.53333333333333,-0.8743944764137268,1.4532866653937062
COHFACE_s08_session3_natural,43,227,50.56666666666667,-0.9074491262435913,1.4130119546873043
COHFACE_s08_session3_natural,43,228,50.6,-0.9557878971099854,1.0529990831139024
COHFACE_s08_session3_natural,43,229,50.63333333333333,-0.9926750063896179,0.4540165133555381
COHFACE_s08_session3_natural,43,230,50.666666666666664,-0.8900207281112671,-0.24898920679566788
COHFACE_s08_session3_natural,43,231,50.7,-0.38550901412963867,-0.9053523368481227
COHFACE_s08_session3_natural,43,232,50.733333333333334,0.43337583541870117,-1.3883641620775093
COHFACE_s08_session3_natural,43,233,50.766666666666666,1.093671202659607,-1.6248068742785398
COHFACE_s08_session3_natural,43,234,50.8,1.3071922063827515,-1.6066965128445114
COHFACE_s08_session3_natural,43,235,50.833333333333336,1.216445803642273,-1.382716341628855
COHFACE_s08_session3_natural,43,236,50.86666666666667,1.0480014085769653,-1.032771298778774
COHFACE_s08_session3_natural,43,237,50.9,0.8722116351127625,-0.6350700392427802
COHFACE_s08_session3_natural,43,238,50.93333333333333,0.6658536195755005,-0.23914143667574236
COHFACE_s08_session3_natural,43,239,50.96666666666667,0.4632824659347534,0.14335728592523111
COHFACE_s08_session3_natural,44,0,44.0,0.7664777040481567,-0.0636577841135164
COHFACE_s08_session3_natural,44,1,44.03333333333333,0.6729025840759277,0.3228878171344313
COHFACE_s08_session3_natural,44,2,44.06666666666667,0.6596943736076355,0.6168845793922324
COHFACE_s08_session3_natural,44,3,44.1,0.6460299491882324,0.7461290729941261
COHFACE_s08_session3_natural,44,4,44.13333333333333,0.5768409371376038,0.6786691549871335
COHFACE_s08_session3_natural,44,5,44.166666666666664,0.43228086829185486,0.42990058683776555
COHFACE_s08_session3_natural,44,6,44.2,0.276885062456131,0.05745518750350225
COHFACE_s08_session3_natural,44,7,44.233333333333334,0.13960202038288116,-0.35400759955586947
COHFACE_s08_session3_natural,44,8,44.266666666666666,0.021344253793358803,-0.7130550742827928
COHFACE_s08_session3_natural,44,9,44.3,-0.08302096277475357,-0.941234158621655
COHFACE_s08_session3_natural,44,10,44.333333333333336,-0.18410123884677887,-0.9883981443434123
COHFACE_s08_session3_natural,44,11,44.36666666666667,-0.25744205713272095,-0.8417824153888114
COHFACE_s08_session3_natural,44,12,44.4,-0.3059176802635193,-0.5281179220695204
COHFACE_s08_session3_natural,44,13,44.43333333333333,-0.3493975102901459,-0.10824782215131787
COHFACE_s08_session3_natural,44,14,44.46666666666667,-0.36922118067741394,0.33589123580548236
COHFACE_s08_session3_natural,44,15,44.5,-0.3569026589393616,0.7200837176622705
COHFACE_s08_session3_natural,44,16,44.53333333333333,-0.35840827226638794,0.977331400319115
COHFACE_s08_session3_natural,44,17,44.56666666666667,-0.4128834903240204,1.071420313865339
COHFACE_s08_session3_natural,44,18,44.6,-0.3161146938800812,1.0005270080020376
COHFACE_s08_session3_natural,44,19,44.63333333333333,0.18346962332725525,0.7916424775140659
COHFACE_s08_session3_natural,44,20,44.666666666666664,0.9837626218795776,0.49018981583830695
COHFACE_s08_session3_natural,44,21,44.7,1.5959244966506958,0.14969986788058362
COHFACE_s08_session3_natural,44,22,44.733333333333334,1.798723816871643,-0.1759742168712637
COHFACE_s08_session3_natural,44,23,44.766666666666666,1.7659884691238403,-0.43850567474678886
COHFACE_s08_session3_natural,44,24,44.8,1.6709990501403809,-0.6010201458070044
COHFACE_s08_session3_natural,44,25,44.833333333333336,1.5529237985610962,-0.6450387567613007
COHFACE_s08_session3_natural,44,26,44.86666666666667,1.3180278539657593,-0.5767386752564236
COHFACE_s08_session3_natural,44,27,44.9,0.9930699467658997,-0.42880737645679334
COHFACE_s08_session3_natural,44,28,44.93333333333333,0.7774730920791626,-0.2545830889726518
COHFACE_s08_session3_natural,44,29,44.96666666666667,0.7011210918426514,-0.11400246918785102
COHFACE_s08_session3_natural,44,30,45.0,0.6450034379959106,-0.05477550488565233
COHFACE_s08_session3_natural,44,31,45.03333333333333,0.5557854175567627,-0.09549442281103154
COHFACE_s08_session3_natural,44,32,45.06666666666667,0.5195598602294922,-0.21820871214006368
COHFACE_s08_session3_natural,44,33,45.1,0.443185031414032,-0.3746903438213139
COHFACE_s08_session3_natural,44,34,45.13333333333333,0.2897510528564453,-0.5039190353709905
COHFACE_s08_session3_natural,44,35,45.166666666666664,0.24773122370243073,-0.5528248422272155
COHFACE_s08_session3_natural,44,36,45.2,0.2413666546344757,-0.4919657487644217
COHFACE_s08_session3_natural,44,37,45.233333333333334,0.17705944180488586,-0.32158087838315774
COHFACE_s08_session3_natural,44,38,45.266666666666666,0.11113255470991135,-0.06804982314361871
COHFACE_s08_session3_natural,44,39,45.3,0.09244947135448456,0.22597295773803266
COHFACE_s08_session3_natural,44,40,45.333333333333336,0.057364512234926224,0.5133493463346184
COHFACE_s08_session3_natural,44,41,45.36666666666667,0.003984268754720688,0.7523995967314097
COHFACE_s08_session3_natural,44,42,45.4,-0.05482524633407593,0.9128001253930794
COHFACE_s08_session3_natural,44,43,45.43333333333333,-0.08817648887634277,0.9772289936282504
COHFACE_s08_session3_natural,44,44,45.46666666666667,-0.06915122270584106,0.9403388582573963
COHFACE_s08_session3_natural,44,45,45.5,0.20769605040550232,0.8072274870756212
COHFACE_s08_session3_natural,44,46,45.53333333333333,0.8719606995582581,0.5925597289032714
COHFACE_s08_session3_natural,44,47,45.56666666666667,1.5591514110565186,0.31985010398491304
COHFACE_s08_session3_natural,44,48,45.6,1.8628257513046265,0.01957457469033847
COHFACE_s08_session3_natural,44,49,45.63333333333333,1.8208515644073486,-0.27447313215823715
COHFACE_s08_session3_natural,44,50,45.666666666666664,1.6439439058303833,-0.5294704939096987
COHFACE_s08_session3_natural,44,51,45.7,1.443174958229065,-0.7169975610643403
COHFACE_s08_session3_natural,44,52,45.733333333333334,1.2215784788131714,-0.8158633761715917
COHFACE_s08_session3_natural,44,53,45.766666666666666,1.0414315462112427,-0.8155156664282343
COHFACE_s08_session3_natural,44,54,45.8,0.9644636511802673,-0.719192419690221
COHFACE_s08_session3_natural,44,55,45.833333333333336,0.9415603280067444,-0.5439423787210924
COHFACE_s08_session3_natural,44,56,45.86666666666667,0.9026885628700256,-0.31593024122737695
COHFACE_s08_session3_natural,44,57,45.9,0.7852292060852051,-0.06278873922677121
COHFACE_s08_session3_natural,44,58,45.93333333333333,0.588771641254425,0.19295229108746512
COHFACE_s08_session3_natural,44,59,45.96666666666667,0.38932573795318604,0.4356638544036257
COHFACE_s08_session3_natural,44,60,46.0,0.20222115516662598,0.6526272897318137
COHFACE_s08_session3_natural,44,61,46.03333333333333,0.07057269662618637,0.826721492777532
COHFACE_s08_session3_natural,44,62,46.06666666666667,-0.035092804580926895,0.9306851064232229
COHFACE_s08_session3_natural,44,63,46.1,-0.13920709490776062,0.9281310611507755
COHFACE_s08_session3_natural,44,64,46.13333333333333,-0.23346656560897827,0.784118608626059
COHFACE_s08_session3_natural,44,65,46.166666666666664,-0.34082016348838806,0.4829339402816828
COHFACE_s08_session3_natural,44,66,46.2,-0.48905298113822937,0.0448257149781079
COHFACE_s08_session3_natural,44,67,46.233333333333334,-0.6653674840927124,-0.4680815535130756
COHFACE_s08_session3_natural,44,68,46.266666666666666,-0.8056389093399048,-0.9611059212444415
COHFACE_s08_session3_natural,44,69,46.3,-0.7277584671974182,-1.3286469802072733
COHFACE_s08_session3_natural,44,70,46.333333333333336,-0.1684749722480774,-1.481595909761513
COHFACE_s08_session3_natural,44,71,46.36666666666667,0.7054554224014282,-1.3734490749397865
COHFACE_s08_session3_natural,44,72,46.4,1.3934217691421509,-1.0179802175138648
COHFACE_s08_session3_natural,44,73,46.43333333333333,1.6595702171325684,-0.49174206064156084
COHFACE_s08_session3_natural,44,74,46.46666666666667,1.619055986404419,0.08273911286668786
COHFACE_s08_session3_natural,44,75,46.5,1.5199602842330933,0.5711804452669847
COHFACE_s08_session3_natural,44,76,46.53333333333333,1.3233431577682495,0.8689936359370053
COHFACE_s08_session3_natural,44,77,46.56666666666667,1.0305273532867432,0.9340033477648672
COHFACE_s08_session3_natural,44,78,46.6,0.8087712526321411,0.7959852711449515
COHFACE_s08_session3_natural,44,79,46.63333333333333,0.7093790769577026,0.538466470398678
COHFACE_s08_session3_natural,44,80,46.666666666666664,0.7073944211006165,0.26219048108320203
COHFACE_s08_session3_natural,44,81,46.7,0.778933048248291,0.0483153659749515
COHFACE_s08_session3_natural,44,82,46.733333333333334,0.7758534550666809,-0.06340189186098256
COHFACE_s08_session3_natural,44,83,46.766666666666666,0.6741572618484497,-0.07634144095470445
COHFACE_s08_session3_natural,44,84,46.8,0.4334670901298523,-0.023176726758355068
COHFACE_s08_session3_natural,44,85,46.833333333333336,0.030788449570536613,0.05399786557623109
COHFACE_s08_session3_natural,44,86,46.86666666666667,-0.25018781423568726,0.12002997412044636
COHFACE_s08_session3_natural,44,87,46.9,-0.3545073866844177,0.15400978072097285
COHFACE_s08_session3_natural,44,88,46.93333333333333,-0.45590704679489136,0.14763622133107224
COHFACE_s08_session3_natural,44,89,46.96666666666667,-0.5773357152938843,0.09930695270078586
COHFACE_s08_session3_natural,44,90,47.0,-0.6655499339103699,0.009841746607984514
COHFACE_s08_session3_natural,44,91,47.03333333333333,-0.7351495623588562,-0.11665659168560759
COHFACE_s08_session3_natural,44,92,47.06666666666667,-0.8313252925872803,-0.2678697368967773
COHFACE_s08_session3_natural,44,93,47.1,-0.9304665327072144,-0.4191628241677002
COHFACE_s08_session3_natural,44,94,47.13333333333333,-0.9202238917350769,-0.5356478377396752
COHFACE_s08_session3_natural,44,95,47.166666666666664,-0.5193246006965637,-0.581906336992454
COHFACE_s08_session3_natural,44,96,47.2,0.3525070548057556,-0.5348325242095215
COHFACE_s08_session3_natural,44,97,47.233333333333334,1.2243387699127197,-0.3918599516663321
COHFACE_s08_session3_natural,44,98,47.266666666666666,1.6267207860946655,-0.16981386462100523
COHFACE_s08_session3_natural,44,99,47.3,1.596266746520996,0.10363522618556029
COHFACE_s08_session3_natural,44,100,47.333333333333336,1.4167357683181763,0.39880429599757006
COHFACE_s08_session3_natural,44,101,47.36666666666667,1.228878378868103,0.6867707414722684
COHFACE_s08_session3_natural,44,102,47.4,0.9838311076164246,0.9362686635451216
COHFACE_s08_session3_natural,44,103,47.43333333333333,0.6849245429039001,1.1109126513158596
COHFACE_s08_session3_natural,44,104,47.46666666666667,0.46031689643859863,1.1726309861815476
COHFACE_s08_session3_natural,44,105,47.5,0.36578369140625,1.091514548388521
COHFACE_s08_session3_natural,44,106,47.53333333333333,0.3286684453487396,0.8564431966446677
COHFACE_s08_session3_natural,44,107,47.56666666666667,0.25989004969596863,0.47993989536382076
COHFACE_s08_session3_natural,44,108,47.6,0.11140630394220352,-0.0042701781976115065
COHFACE_s08_session3_natural,44,109,47.63333333333333,-0.08660245686769485,-0.5470216734359266
COHFACE_s08_session3_natural,44,110,47.666666666666664,-0.28128066658973694,-1.0883311597668563
COHFACE_s08_session3_natural,44,111,47.7,-0.4492231011390686,-1.560016995499029
COHFACE_s08_session3_natural,44,112,47.733333333333334,-0.6002618074417114,-1.8891077046221412
COHFACE_s08_session3_natural,44,113,47.766666666666666,-0.7239260673522949,-2.0058964216304234
COHFACE_s08_session3_natural,44,114,47.8,-0.820626437664032,-1.8583443363532937
COHFACE_s08_session3_natural,44,115,47.833333333333336,-0.8806677460670471,-1.4303565239980536
COHFACE_s08_session3_natural,44,116,47.86666666666667,-0.9353483319282532,-0.7574718533896161
COHFACE_s08_session3_natural,44,117,47.9,-0.9809724688529968,0.06816340585557037
COHFACE_s08_session3_natural,44,118,47.93333333333333,-1.011266827583313,0.9096634327280808
COHFACE_s08_session3_natural,44,119,47.96666666666667,-1.0501614809036255,1.6144397294266082
COHFACE_s08_session3_natural,44,120,48.0,-1.0525567531585693,2.053006441817152
COHFACE_s08_session3_natural,44,121,48.03333333333333,-0.7640981078147888,2.154426191181162
COHFACE_s08_session3_natural,44,122,48.06666666666667,-0.011299817822873592,1.9250621582668939
COHFACE_s08_session3_natural,44,123,48.1,0.8598930835723877,1.4432171326263876
COHFACE_s08_session3_natural,44,124,48.13333333333333,1.3260349035263062,0.8318569838814611
COHFACE_s08_session3_natural,44,125,48.166666666666664,1.3329013586044312,0.22029969150333314
COHFACE_s08_session3_natural,44,126,48.2,1.1504048109054565,-0.29069573600215426
COHFACE_s08_session3_natural,44,127,48.233333333333334,0.9747746586799622,-0.6488158622203112
COHFACE_s08_session3_natural,44,128,48.266666666666666,0.7736178636550903,-0.8508235113204674
COHFACE_s08_session3_natural,44,129,48.3,0.5116896629333496,-0.9277092449339849
COHFACE_s08_session3_natural,44,130,48.333333333333336,0.2844586670398712,-0.9230117717136009
COHFACE_s08_session3_natural,44,131,48.36666666666667,0.1611594259738922,-0.8733588193921452
COHFACE_s08_session3_natural,44,132,48.4,0.099772147834301,-0.79719310853505
COHFACE_s08_session3_natural,44,133,48.43333333333333,0.0416698083281517,-0.6935219631174401
COHFACE_s08_session3_natural,44,134,48.46666666666667,-0.08388782292604446,-0.549385126530694
COHFACE_s08_session3_natural,44,135,48.5,-0.26896214485168457,-0.3526266739744037
COHFACE_s08_session3_natural,44,136,48.53333333333333,-0.4475350081920624,-0.10500158029725537
COHFACE_s08_session3_natural,44,137,48.56666666666667,-0.5936691164970398,0.16976591806866337
COHFACE_s08_session3_natural,44,138,48.6,-0.7181089520454407,0.4268830336863084
COHFACE_s08_session3_natural,44,139,48.63333333333333,-0.829888105392456,0.6111415998861299
COHFACE_s08_session3_natural,44,140,48.666666666666664,-0.9074719548225403,0.6743241417426298
COHFACE_s08_session3_natural,44,141,48.7,-0.9546245336532593,0.5931420193765068
COHFACE_s08_session3_natural,44,142,48.733333333333334,-0.99771648645401,0.3803149276535464
COHFACE_s08_session3_natural,44,143,48.766666666666666,-1.0449374914169312,0.08375254520573834
COHFACE_s08_session3_natural,44,144,48.8,-1.0859535932540894,-0.2257361496967398
COHFACE_s08_session3_natural,44,145,48.833333333333336,-1.150876760482788,-0.4727601427660372
COHFACE_s08_session3_natural,44,146,48.86666666666667,-1.159522533416748,-0.5950322860554914
COHFACE_s08_session3_natural,44,147,48.9,-0.8677789568901062,-0.5562420910154462
COHFACE_s08_session3_natural,44,148,48.93333333333333,-0.1492900252342224,-0.3535144355652144
COHFACE_s08_session3_natural,44,149,48.96666666666667,0.6455280780792236,-0.0204022908561306
COHFACE_s08_session3_natural,44,150,49.0,1.073071837425232,0.3751622677266686
COHFACE_s08_session3_natural,44,151,49.03333333333333,1.088698148727417,0.74033778469342
COHFACE_s08_session3_natural,44,152,49.06666666666667,0.9384578466415405,0.9756205659247953
COHFACE_s08_session3_natural,44,153,49.1,0.7900881767272949,0.999623612529246
COHFACE_s08_session3_natural,44,154,49.13333333333333,0.5984211564064026,0.7742210662042571
COHFACE_s08_session3_natural,44,155,49.166666666666664,0.36806488037109375,0.3217947320151589
COHFACE_s08_session3_natural,44,156,49.2,0.18381181359291077,-0.2726201887194841
COHFACE_s08_session3_natural,44,157,49.233333333333334,0.10563484579324722,-0.8772293996244229
COHFACE_s08_session3_natural,44,158,49.266666666666666,0.08163655549287796,-1.3443302762022307
COHFACE_s08_session3_natural,44,159,49.3,0.03756363317370415,-1.5479620323270316
COHFACE_s08_session3_natural,44,160,49.333333333333336,-0.07197992503643036,-1.4181997637575028
COHFACE_s08_session3_natural,44,161,49.36666666666667,-0.21888965368270874,-0.9629013288337108
COHFACE_s08_session3_natural,44,162,49.4,-0.3812659680843353,-0.2705256993860543
COHFACE_s08_session3_natural,44,163,49.43333333333333,-0.5202142596244812,0.5084207981584944
COHFACE_s08_session3_natural,44,164,49.46666666666667,-0.6213858127593994,1.1987264240701918
COHFACE_s08_session3_natural,44,165,49.5,-0.7175614833831787,1.6474933788563684
COHFACE_s08_session3_natural,44,166,49.53333333333333,-0.8083763122558594,1.765526486138732
COHFACE_s08_session3_natural,44,167,49.56666666666667,-0.8732994794845581,1.5476206726591997
COHFACE_s08_session3_natural,44,168,49.6,-0.9132205843925476,1.0651931681166789
COHFACE_s08_session3_natural,44,169,49.63333333333333,-0.952548623085022,0.4372577541356061
COHFACE_s08_session3_natural,44,170,49.666666666666664,-0.9922187924385071,-0.20612631456297953
COHFACE_s08_session3_natural,44,171,49.7,-1.0420175790786743,-0.7538828680193927
COHFACE_s08_session3_natural,44,172,49.733333333333334,-1.1082181930541992,-1.130289904835241
COHFACE_s08_session3_natural,44,173,49.766666666666666,-1.0712398290634155,-1.298603415483863
COHFACE_s08_session3_natural,44,174,49.8,-0.6493990421295166,-1.2568782628916404
COHFACE_s08_session3_natural,44,175,49.833333333333336,0.14108480513095856,-1.0307703870396514
COHFACE_s08_session3_natural,44,176,49.86666666666667,0.8572241067886353,-0.6661515659091639
COHFACE_s08_session3_natural,44,177,49.9,1.1435612440109253,-0.22231145724186285
COHFACE_s08_session3_natural,44,178,49.93333333333333,1.0772465467453003,0.23478865988939518
COHFACE_s08_session3_natural,44,179,49.96666666666667,0.9263446927070618,0.6399599066039415
COHFACE_s08_session3_natural,44,180,50.0,0.7675042152404785,0.9369898831610864
COHFACE_s08_session3_natural,44,181,50.03333333333333,0.5678529739379883,1.0866912935258999
COHFACE_s08_session3_natural,44,182,50.06666666666667,0.3588716387748718,1.073142459363202
COHFACE_s08_session3_natural,44,183,50.1,0.2170718014240265,0.9059972228959172
COHFACE_s08_session3_natural,44,184,50.13333333333333,0.17324982583522797,0.616890033684157
COHFACE_s08_session3_natural,44,185,50.166666666666664,0.14439254999160767,0.2500229934950438
COHFACE_s08_session3_natural,44,186,50.2,0.07780412584543228,-0.14918189132878004
COHFACE_s08_session3_natural,44,187,50.233333333333334,-0.0422101728618145,-0.5414405337586762
COHFACE_s08_session3_natural,44,188,50.266666666666666,-0.20844171941280365,-0.8935513506590488
COHFACE_s08_session3_natural,44,189,50.3,-0.35238587856292725,-1.1727895977400558
COHFACE_s08_session3_natural,44,190,50.333333333333336,-0.48293936252593994,-1.3418332259076602
COHFACE_s08_session3_natural,44,191,50.36666666666667,-0.5856848955154419,-1.3607638063065433
COHFACE_s08_session3_natural,44,192,50.4,-0.6764312982559204,-1.1988213639884882
COHFACE_s08_session3_natural,44,193,50.43333333333333,-0.7465099692344666,-0.8521971435567359
COHFACE_s08_session3_natural,44,194,50.46666666666667,-0.8020573854446411,-0.3587264287049466
COHFACE_s08_session3_natural,44,195,50.5,-0.8421154022216797,0.20018905345559382
COHFACE_s08_session3_natural,44,196,50.53333333333333,-0.8743944764137268,0.7145228199364716
COHFACE_s08_session3_natural,44,197,50.56666666666667,-0.9074491262435913,1.0735396638871257
COHFACE_s08_session3_natural,44,198,50.6,-0.9557878971099854,1.197306088151205
COHFACE_s08_session3_natural,44,199,50.63333333333333,-0.9926750063896179,1.0614187989590012
COHFACE_s08_session3_natural,44,200,50.666666666666664,-0.8900207281112671,0.707377816047618
COHFACE_s08_session3_natural,44,201,50.7,-0.38550901412963867,0.2353654510063753
COHFACE_s08_session3_natural,44,202,50.733333333333334,0.43337583541870117,-0.21976114849871387
COHFACE_s08_session3_natural,44,203,50.766666666666666,1.093671202659607,-0.5244830186372813
COHFACE_s08_session3_natural,44,204,50.8,1.3071922063827515,-0.5856519870982865
COHFACE_s08_session3_natural,44,205,50.833333333333336,1.216445803642273,-0.38070302626107194
COHFACE_s08_session3_natural,44,206,50.86666666666667,1.0480014085769653,0.032070215497465485
COHFACE_s08_session3_natural,44,207,50.9,0.8722116351127625,0.5288976763295611
COHFACE_s08_session3_natural,44,208,50.93333333333333,0.6658536195755005,0.9583074575560523
COHFACE_s08_session3_natural,44,209,50.96666666666667,0.4632824659347534,1.1891361478270996
COHFACE_s08_session3_natural,44,210,51.0,0.352780818939209,1.151971619072988
COHFACE_s08_session3_natural,44,211,51.03333333333333,0.3212088942527771,0.8590194624913351
COHFACE_s08_session3_natural,44,212,51.06666666666667,0.2855992615222931,0.3953131085537159
COHFACE_s08_session3_natural,44,213,51.1,0.20228958129882812,-0.1145306165900353
COHFACE_s08_session3_natural,44,214,51.13333333333333,0.05937197431921959,-0.549815980860118
COHFACE_s08_session3_natural,44,215,51.166666666666664,-0.10197779536247253,-0.8299167769367881
COHFACE_s08_session3_natural,44,216,51.2,-0.2526058852672577,-0.9306730223533527
COHFACE_s08_session3_natural,44,217,51.233333333333334,-0.3939494788646698,-0.87846800586937
COHFACE_s08_session3_natural,44,218,51.266666666666666,-0.5001168251037598,-0.7281841952323442
COHFACE_s08_session3_natural,44,219,51.3,-0.5889698266983032,-0.5364401720863163
COHFACE_s08_session3_natural,44,220,51.333333333333336,-0.658934473991394,-0.3422809957168555
COHFACE_s08_session3_natural,44,221,51.36666666666667,-0.7146415114402771,-0.16258384050209268
COHFACE_s08_session3_natural,44,222,51.4,-0.7660143375396729,-0.00029386049369801927
COHFACE_s08_session3_natural,44,223,51.43333333333333,-0.7866136431694031,0.1433574847187873
COHFACE_s08_session3_natural,44,224,51.46666666666667,-0.8014870882034302,0.2611716165679594
COHFACE_s08_session3_natural,44,225,51.5,-0.8280859589576721,0.33977379705789096
COHFACE_s08_session3_natural,44,226,51.53333333333333,-0.8718166947364807,0.3643431396139796
COHFACE_s08_session3_natural,44,227,51.56666666666667,-0.7757322788238525,0.3241330681136936
COHFACE_s08_session3_natural,44,228,51.6,-0.23912395536899567,0.2169285410089782
COHFACE_s08_session3_natural,44,229,51.63333333333333,0.6116293668746948,0.0526896059370771
COHFACE_s08_session3_natural,44,230,51.666666666666664,1.2698259353637695,-0.14451727879923865
COHFACE_s08_session3_natural,44,231,51.7,1.482867956161499,-0.3389519939355327
COHFACE_s08_session3_natural,44,232,51.733333333333334,1.3736892938613892,-0.49141530494464564
COHFACE_s08_session3_natural,44,233,51.766666666666666,1.173467755317688,-0.5711054616886372
COHFACE_s08_session3_natural,44,234,51.8,0.9914959073066711,-0.565980244165801
COHFACE_s08_session3_natural,44,235,51.833333333333336,0.7993270754814148,-0.48618669248409335
COHFACE_s08_session3_natural,44,236,51.86666666666667,0.6257272362709045,-0.3580891450024702
COHFACE_s08_session3_natural,44,237,51.9,0.5397485494613647,-0.2113896041235994
COHFACE_s08_session3_natural,44,238,51.93333333333333,0.5550782084465027,-0.06612038294479229
COHFACE_s08_session3_natural,44,239,51.96666666666667,0.559093177318573,0.07319859206360253
COHFACE_s08_session3_natural,45,0,45.0,0.6450034379959106,-0.049890630808496955
COHFACE_s08_session3_natural,45,1,45.03333333333333,0.5557854175567627,-0.028090886728177625
COHFACE_s08_session3_natural,45,2,45.06666666666667,0.5195598602294922,-0.028401550162443775
COHFACE_s08_session3_natural,45,3,45.1,0.443185031414032,-0.068283580530832
COHFACE_s08_session3_natural,45,4,45.13333333333333,0.2897510528564453,-0.15418507624705627
COHFACE_s08_session3_natural,45,5,45.166666666666664,0.24773122370243073,-0.2807939229506198
COHFACE_s08_session3_natural,45,6,45.2,0.2413666546344757,-0.4326380004340435
COHFACE_s08_session3_natural,45,7,45.233333333333334,0.17705944180488586,-0.5855877449231677
COHFACE_s08_session3_natural,45,8,45.266666666666666,0.11113255470991135,-0.7074578495680681
COHFACE_s08_session3_natural,45,9,45.3,0.09244947135448456,-0.7596552460068265
COHFACE_s08_session3_natural,45,10,45.333333333333336,0.057364512234926224,-0.7029748565731461
COHFACE_s08_session3_natural,45,11,45.36666666666667,0.003984268754720688,-0.5091224100080401
COHFACE_s08_session3_natural,45,12,45.4,-0.05482524633407593,-0.1758914365445963
COHFACE_s08_session3_natural,45,13,45.43333333333333,-0.08817648887634277,0.2602588807229437
COHFACE_s08_session3_natural,45,14,45.46666666666667,-0.06915122270584106,0.7226904436717732
COHFACE_s08_session3_natural,45,15,45.5,0.20769605040550232,1.1100472769284446
COHFACE_s08_session3_natural,45,16,45.53333333333333,0.8719606995582581,1.326803789123702
COHFACE_s08_session3_natural,45,17,45.56666666666667,1.5591514110565186,1.3177539071772941
COHFACE_s08_session3_natural,45,18,45.6,1.8628257513046265,1.0903936793390083
COHFACE_s08_session3_natural,45,19,45.63333333333333,1.8208515644073486,0.7133157622996885
COHFACE_s08_session3_natural,45,20,45.666666666666664,1.6439439058303833,0.2911105288284286
COHFACE_s08_session3_natural,45,21,45.7,1.443174958229065,-0.0720794750905358
COHFACE_s08_session3_natural,45,22,45.733333333333334,1.2215784788131714,-0.3052832456615214
COHFACE_s08_session3_natural,45,23,45.766666666666666,1.0414315462112427,-0.38892786885571384
COHFACE_s08_session3_natural,45,24,45.8,0.9644636511802673,-0.35409287885634916
COHFACE_s08_session3_natural,45,25,45.833333333333336,0.9415603280067444,-0.2646948876402097
COHFACE_s08_session3_natural,45,26,45.86666666666667,0.9026885628700256,-0.19026935531006195
COHFACE_s08_session3_natural,45,27,45.9,0.7852292060852051,-0.17999050673349232
COHFACE_s08_session3_natural,45,28,45.93333333333333,0.588771641254425,-0.24715244612910212
COHFACE_s08_session3_natural,45,29,45.96666666666667,0.38932573795318604,-0.3685791552594923
COHFACE_s08_session3_natural,45,30,46.0,0.20222115516662598,-0.49771442843748387
COHFACE_s08_session3_natural,45,31,46.03333333333333,0.07057269662618637,-0.5855158577491748
COHFACE_s08_session3_natural,45,32,46.06666666666667,-0.035092804580926895,-0.6009745186798663
COHFACE_s08_session3_natural,45,33,46.1,-0.13920709490776062,-0.5433476666605825
COHFACE_s08_session3_natural,45,34,46.13333333333333,-0.23346656560897827,-0.44095203296950075
COHFACE_s08_session3_natural,45,35,46.166666666666664,-0.34082016348838806,-0.33676813239409153
COHFACE_s08_session3_natural,45,36,46.2,-0.48905298113822937,-0.2676253217383114
COHFACE_s08_session3_natural,45,37,46.233333333333334,-0.6653674840927124,-0.2468683439224003
COHFACE_s08_session3_natural,45,38,46.266666666666666,-0.8056389093399048,-0.25753250052899046
COHFACE_s08_session3_natural,45,39,46.3,-0.7277584671974182,-0.2576955726236744
COHFACE_s08_session3_natural,45,40,46.333333333333336,-0.1684749722480774,-0.19608716152055622
COHFACE_s08_session3_natural,45,41,46.36666666666667,0.7054554224014282,-0.03371550862385465
COHFACE_s08_session3_natural,45,42,46.4,1.3934217691421509,0.23547816835834665
COHFACE_s08_session3_natural,45,43,46.43333333333333,1.6595702171325684,0.5739330946829734
COHFACE_s08_session3_natural,45,44,46.46666666666667,1.619055986404419,0.9072644900066613
COHFACE_s08_session3_natural,45,45,46.5,1.5199602842330933,1.1490246121015752
COHFACE_s08_session3_natural,45,46,46.53333333333333,1.3233431577682495,1.23337192981897
COHFACE_s08_session3_natural,45,47,46.56666666666667,1.0305273532867432,1.1395422462444793
COHFACE_s08_session3_natural,45,48,46.6,0.8087712526321411,0.8964021783045458
COHFACE_s08_session3_natural,45,49,46.63333333333333,0.7093790769577026,0.5666331932313861
COHFACE_s08_session3_natural,45,50,46.666666666666664,0.7073944211006165,0.22035834220154848
COHFACE_s08_session3_natural,45,51,46.7,0.778933048248291,-0.08823409888553797
COHFACE_s08_session3_natural,45,52,46.733333333333334,0.7758534550666809,-0.3316883795757433
COHFACE_s08_session3_natural,45,53,46.766666666666666,0.6741572618484497,-0.5060909315512264
COHFACE_s08_session3_natural,45,54,46.8,0.4334670901298523,-0.619656450938465
COHFACE_s08_session3_natural,45,55,46.833333333333336,0.030788449570536613,-0.6815873479663557
COHFACE_s08_session3_natural,45,56,46.86666666666667,-0.25018781423568726,-0.6973518429292725
COHFACE_s08_session3_natural,45,57,46.9,-0.3545073866844177,-0.6712920613623956
COHFACE_s08_session3_natural,45,58,46.93333333333333,-0.45590704679489136,-0.6126228003673068
COHFACE_s08_session3_natural,45,59,46.96666666666667,-0.5773357152938843,-0.5387240216720762
COHFACE_s08_session3_natural,45,60,47.0,-0.6655499339103699,-0.4711452160289703
COHFACE_s08_session3_natural,45,61,47.03333333333333,-0.7351495623588562,-0.4246135680394891
COHFACE_s08_session3_natural,45,62,47.06666666666667,-0.8313252925872803,-0.39524944224718356
COHFACE_s08_session3_natural,45,63,47.1,-0.9304665327072144,-0.3567994534341158
COHFACE_s08_session3_natural,45,64,47.13333333333333,-0.9202238917350769,-0.27014432689174905
COHFACE_s08_session3_natural,45,65,47.166666666666664,-0.5193246006965637,-0.10334868317354619
COHFACE_s08_session3_natural,45,66,47.2,0.3525070548057556,0.14805756032867234
COHFACE_s08_session3_natural,45,67,47.233333333333334,1.2243387699127197,0.4526933584238822
COHFACE_s08_session3_natural,45,68,47.266666666666666,1.6267207860946655,0.7527649330156724
COHFACE_s08_session3_natural,45,69,47.3,1.596266746520996,0.9864753104901303
COHFACE_s08_session3_natural,45,70,47.333333333333336,1.4167357683181763,1.1101935191230035
COHFACE_s08_session3_natural,45,71,47.36666666666667,1.228878378868103,1.1083093501804726
COHFACE_s08_session3_natural,45,72,47.4,0.9838311076164246,0.9895179804130807
COHFACE_s08_session3_natural,45,73,47.43333333333333,0.6849245429039001,0.7777340801778473
COHFACE_s08_session3_natural,45,74,47.46666666666667,0.46031689643859863,0.5047521113431825
COHFACE_s08_session3_natural,45,75,47.5,0.36578369140625,0.2050822367709199
COHFACE_s08_session3_natural,45,76,47.53333333333333,0.3286684453487396,-0.08980216020135509
COHFACE_s08_session3_natural,45,77,47.56666666666667,0.25989004969596863,-0.3585490178210771
COHFACE_s08_session3_natural,45,78,47.6,0.11140630394220352,-0.5952141346302117
COHFACE_s08_session3_natural,45,79,47.63333333333333,-0.08660245686769485,-0.8078898971600867
COHFACE_s08_session3_natural,45,80,47.666666666666664,-0.28128066658973694,-1.0084228273417812
COHFACE_s08_session3_natural,45,81,47.7,-0.4492231011390686,-1.1965752410949992
COHFACE_s08_session3_natural,45,82,47.733333333333334,-0.6002618074417114,-1.3469947493746117
COHFACE_s08_session3_natural,45,83,47.766666666666666,-0.7239260673522949,-1.408033787505312
COHFACE_s08_session3_natural,45,84,47.8,-0.820626437664032,-1.3164297140885401
COHFACE_s08_session3_natural,45,85,47.833333333333336,-0.8806677460670471,-1.0237997588681356
COHFACE_s08_session3_natural,45,86,47.86666666666667,-0.9353483319282532,-0.5242591451845016
COHFACE_s08_session3_natural,45,87,47.9,-0.9809724688529968,0.12949609129955664
COHFACE_s08_session3_natural,45,88,47.93333333333333,-1.011266827583313,0.8305008891666167
COHFACE_s08_session3_natural,45,89,47.96666666666667,-1.0501614809036255,1.443009797316544
COHFACE_s08_session3_natural,45,90,48.0,-1.0525567531585693,1.8409948234585676
COHFACE_s08_session3_natural,45,91,48.03333333333333,-0.7640981078147888,1.9457910701346997
COHFACE_s08_session3_natural,45,92,48.06666666666667,-0.011299817822873592,1.7492612601336428
COHFACE_s08_session3_natural,45,93,48.1,0.8598930835723877,1.314434150913509
COHFACE_s08_session3_natural,45,94,48.13333333333333,1.3260349035263062,0.7538750768664438
COHFACE_s08_session3_natural,45,95,48.166666666666664,1.3329013586044312,0.19404036754934928
COHFACE_s08_session3_natural,45,96,48.2,1.1504048109054565,-0.26128235092506813
COHFACE_s08_session3_natural,45,97,48.233333333333334,0.9747746586799622,-0.5557551840780656
COHFACE_s08_session3_natural,45,98,48.266666666666666,0.7736178636550903,-0.6864476163798775
COHFACE_s08_session3_natural,45,99,48.3,0.5116896629333496,-0.6917624621988427
COHFACE_s08_session3_natural,45,100,48.333333333333336,0.2844586670398712,-0.6284087265283445
COHFACE_s08_session3_natural,45,101,48.36666666666667,0.1611594259738922,-0.5472571885287387
COHFACE_s08_session3_natural,45,102,48.4,0.099772147834301,-0.4768531208387152
COHFACE_s08_session3_natural,45,103,48.43333333333333,0.0416698083281517,-0.4193156885918699
COHFACE_s08_session3_natural,45,104,48.46666666666667,-0.08388782292604446,-0.35803985255300563
COHFACE_s08_session3_natural,45,105,48.5,-0.26896214485168457,-0.2722674495670177
COHFACE_s08_session3_natural,45,106,48.53333333333333,-0.4475350081920624,-0.15184246181400182
COHFACE_s08_session3_natural,45,107,48.56666666666667,-0.5936691164970398,-0.0064425644979450095
COHFACE_s08_session3_natural,45,108,48.6,-0.7181089520454407,0.13372984269160962
COHFACE_s08_session3_natural,45,109,48.63333333333333,-0.829888105392456,0.22591808121186477
COHFACE_s08_session3_natural,45,110,48.666666666666664,-0.9074719548225403,0.22931912642358085
COHFACE_s08_session3_natural,45,111,48.7,-0.9546245336532593,0.12184656731991007
COHFACE_s08_session3_natural,45,112,48.733333333333334,-0.99771648645401,-0.08715808779735751
COHFACE_s08_session3_natural,45,113,48.766666666666666,-1.0449374914169312,-0.3541147483652555
COHFACE_s08_session3_natural,45,114,48.8,-1.0859535932540894,-0.609981698244225
COHFACE_s08_session3_natural,45,115,48.833333333333336,-1.150876760482788,-0.7774584929903104
COHFACE_s08_session3_natural,45,116,48.86666666666667,-1.159522533416748,-0.7913394243045834
COHFACE_s08_session3_natural,45,117,48.9,-0.8677789568901062,-0.6172164393637997
COHFACE_s08_session3_natural,45,118,48.93333333333333,-0.1492900252342224,-0.264835484835149
COHFACE_s08_session3_natural,45,119,48.96666666666667,0.6455280780792236,0.20719721467052235
COHFACE_s08_session3_natural,45,120,49.0,1.073071837425232,0.6986933854241233
COHFACE_s08_session3_natural,45,121,49.03333333333333,1.088698148727417,1.0888066837668753
COHFACE_s08_session3_natural,45,122,49.06666666666667,0.9384578466415405,1.267629783615996
COHFACE_s08_session3_natural,45,123,49.1,0.7900881767272949,1.1699497337169726
COHFACE_s08_session3_natural,45,124,49.13333333333333,0.5984211564064026,0.799622379396975
COHFACE_s08_session3_natural,45,125,49.166666666666664,0.36806488037109375,0.23473110320518145
COHFACE_s08_session3_natural,45,126,49.2,0.18381181359291077,-0.3899518803754852
COHFACE_s08_session3_natural,45,127,49.233333333333334,0.10563484579324722,-0.9184601609171733
COHFACE_s08_session3_natural,45,128,49.266666666666666,0.08163655549287796,-1.215956654647385
COHFACE_s08_session3_natural,45,129,49.3,0.03756363317370415,-1.204796185497365
COHFACE_s08_session3_natural,45,130,49.333333333333336,-0.07197992503643036,-0.8841467994611766
COHFACE_s08_session3_natural,45,131,49.36666666666667,-0.21888965368270874,-0.32869206884275926
COHFACE_s08_session3_natural,45,132,49.4,-0.3812659680843353,0.3321477639213897
COHFACE_s08_session3_natural,45,133,49.43333333333333,-0.5202142596244812,0.9480378597913438
COHFACE_s08_session3_natural,45,134,49.46666666666667,-0.6213858127593994,1.3847878589930003
COHFACE_s08_session3_natural,45,135,49.5,-0.7175614833831787,1.5545667435553152
COHFACE_s08_session3_natural,45,136,49.53333333333333,-0.8083763122558594,1.4324314310267725
COHFACE_s08_session3_natural,45,137,49.56666666666667,-0.8732994794845581,1.056857052394251
COHFACE_s08_session3_natural,45,138,49.6,-0.9132205843925476,0.5156075370174973
COHFACE_s08_session3_natural,45,139,49.63333333333333,-0.952548623085022,-0.07856266353979588
COHFACE_s08_session3_natural,45,140,49.666666666666664,-0.9922187924385071,-0.6149296085447375
COHFACE_s08_session3_natural,45,141,49.7,-1.0420175790786743,-1.006649635098606
COHFACE_s08_session3_natural,45,142,49.733333333333334,-1.1082181930541992,-1.2030477109910804
COHFACE_s08_session3_natural,45,143,49.766666666666666,-1.0712398290634155,-1.1926729330645827
COHFACE_s08_session3_natural,45,144,49.8,-0.6493990421295166,-0.9999018815632517
COHFACE_s08_session3_natural,45,145,49.833333333333336,0.14108480513095856,-0.6775109073029335
COHFACE_s08_session3_natural,45,146,49.86666666666667,0.8572241067886353,-0.2960759688345577
COHFACE_s08_session3_natural,45,147,49.9,1.1435612440109253,0.06956814877261015
COHFACE_s08_session3_natural,45,148,49.93333333333333,1.0772465467453003,0.35533869705205773
COHFACE_s08_session3_natural,45,149,49.96666666666667,0.9263446927070618,0.5212780986877074
COHFACE_s08_session3_natural,45,150,50.0,0.7675042152404785,0.5598385367020257
COHFACE_s08_session3_natural,45,151,50.03333333333333,0.5678529739379883,0.4962369335735581
COHFACE_s08_session3_natural,45,152,50.06666666666667,0.3588716387748718,0.37912481161602574
COHFACE_s08_session3_natural,45,153,50.1,0.2170718014240265,0.26262028988134806
COHFACE_s08_session3_natural,45,154,50.13333333333333,0.17324982583522797,0.18537865084313923
COHFACE_s08_session3_natural,45,155,50.166666666666664,0.14439254999160767,0.1553757517260497
COHFACE_s08_session3_natural,45,156,50.2,0.07780412584543228,0.14736320453727672
COHFACE_s08_session3_natural,45,157,50.233333333333334,-0.0422101728618145,0.11475992189773287
COHFACE_s08_session3_natural,45,158,50.266666666666666,-0.20844171941280365,0.012029978804833015
COHFACE_s08_session3_natural,45,159,50.3,-0.35238587856292725,-0.18106934071977004
COHFACE_s08_session3_natural,45,160,50.333333333333336,-0.48293936252593994,-0.4441887909031729
COHFACE_s08_session3_natural,45,161,50.36666666666667,-0.5856848955154419,-0.7181486948376659
COHFACE_s08_session3_natural,45,162,50.4,-0.6764312982559204,-0.924049900568518
COHFACE_s08_session3_natural,45,163,50.43333333333333,-0.7465099692344666,-0.9917824396951038
COHFACE_s08_session3_natural,45,164,50.46666666666667,-0.8020573854446411,-0.8863733700079682
COHFACE_s08_session3_natural,45,165,50.5,-0.8421154022216797,-0.6223705889892402
COHFACE_s08_session3_natural,45,166,50.53333333333333,-0.8743944764137268,-0.26151452324526003
COHFACE_s08_session3_natural,45,167,50.56666666666667,-0.9074491262435913,0.10514232905477532
COHFACE_s08_session3_natural,45,168,50.6,-0.9557878971099854,0.3847318829785502
COHFACE_s08_session3_natural,45,169,50.63333333333333,-0.9926750063896179,0.5111348647528923
COHFACE_s08_session3_natural,45,170,50.666666666666664,-0.8900207281112671,0.4659109434208233
COHFACE_s08_session3_natural,45,171,50.7,-0.38550901412963867,0.28510429397289816
COHFACE_s08_session3_natural,45,172,50.733333333333334,0.43337583541870117,0.0494753451501494
COHFACE_s08_session3_natural,45,173,50.766666666666666,1.093671202659607,-0.13951272465395276
COHFACE_s08_session3_natural,45,174,50.8,1.3071922063827515,-0.191334853972418
COHFACE_s08_session3_natural,45,175,50.833333333333336,1.216445803642273,-0.0562061020382725
COHFACE_s08_session3_natural,45,176,50.86666666666667,1.0480014085769653,0.25684088406129
COHFACE_s08_session3_natural,45,177,50.9,0.8722116351127625,0.6803494028667637
COHFACE_s08_session3_natural,45,178,50.93333333333333,0.6658536195755005,1.1076291087745436
COHFACE_s08_session3_natural,45,179,50.96666666666667,0.4632824659347534,1.4242707994734687
COHFACE_s08_session3_natural,45,180,51.0,0.352780818939209,1.5414717382159657
COHFACE_s08_session3_natural,45,181,51.03333333333333,0.3212088942527771,1.4202621384004481
COHFACE_s08_session3_natural,45,182,51.06666666666667,0.2855992615222931,1.0787417671227713
COHFACE_s08_session3_natural,45,183,51.1,0.20228958129882812,0.5808062145415054
COHFACE_s08_session3_natural,45,184,51.13333333333333,0.05937197431921959,0.012801658670880959
COHFACE_s08_session3_natural,45,185,51.166666666666664,-0.10197779536247253,-0.5407265382525448
COHFACE_s08_session3_natural,45,186,51.2,-0.2526058852672577,-1.0128959302742004
COHFACE_s08_session3_natural,45,187,51.233333333333334,-0.3939494788646698,-1.3589311956364696
COHFACE_s08_session3_natural,45,188,51.266666666666666,-0.5001168251037598,-1.552333461985291
COHFACE_s08_session3_natural,45,189,51.3,-0.5889698266983032,-1.5791955998103895
COHFACE_s08_session3_natural,45,190,51.333333333333336,-0.658934473991394,-1.436548079043793
COHFACE_s08_session3_natural,45,191,51.36666666666667,-0.7146415114402771,-1.1367246019013557
COHFACE_s08_session3_natural,45,192,51.4,-0.7660143375396729,-0.7144434600424902
COHFACE_s08_session3_natural,45,193,51.43333333333333,-0.7866136431694031,-0.2297804635760584
COHFACE_s08_session3_natural,45,194,51.46666666666667,-0.8014870882034302,0.2389216140410121
COHFACE_s08_session3_natural,45,195,51.5,-0.8280859589576721,0.6125110285250344
COHFACE_s08_session3_natural,45,196,51.53333333333333,-0.8718166947364807,0.831807905587276
COHFACE_s08_session3_natural,45,197,51.56666666666667,-0.7757322788238525,0.8721070579335771
COHFACE_s08_session3_natural,45,198,51.6,-0.23912395536899567,0.7469166700359575
COHFACE_s08_session3_natural,45,199,51.63333333333333,0.6116293668746948,0.502869401531966
COHFACE_s08_session3_natural,45,200,51.666666666666664,1.2698259353637695,0.20895338812275355
COHFACE_s08_session3_natural,45,201,51.7,1.482867956161499,-0.0584554214836947
COHFACE_s08_session3_natural,45,202,51.733333333333334,1.3736892938613892,-0.23307424435416904
COHFACE_s08_session3_natural,45,203,51.766666666666666,1.173467755317688,-0.27519871213154723
COHFACE_s08_session3_natural,45,204,51.8,0.9914959073066711,-0.18268431927968667
COHFACE_s08_session3_natural,45,205,51.833333333333336,0.7993270754814148,0.007430530133764116
COHFACE_s08_session3_natural,45,206,51.86666666666667,0.6257272362709045,0.22834828547718827
COHFACE_s08_session3_natural,45,207,51.9,0.5397485494613647,0.4021317620133508
COHFACE_s08_session3_natural,45,208,51.93333333333333,0.5550782084465027,0.4618311925698627
COHFACE_s08_session3_natural,45,209,51.96666666666667,0.559093177318573,0.3698967510443129
COHFACE_s08_session3_natural,45,210,52.0,0.49273285269737244,0.12785054155819178
COHFACE_s08_session3_natural,45,211,52.03333333333333,0.3904891610145569,-0.22397391438005804
COHFACE_s08_session3_natural,45,212,52.06666666666667,0.2821546494960785,-0.6151101024153072
COHFACE_s08_session3_natural,45,213,52.1,0.1631440818309784,-0.9593937109290405
COHFACE_s08_session3_natural,45,214,52.13333333333333,0.023602647706866264,-1.1722029938309164
COHFACE_s08_session3_natural,45,215,52.166666666666664,-0.09547635167837143,-1.187909672671236
COHFACE_s08_session3_natural,45,216,52.2,-0.2051795870065689,-0.9755396079361924
COHFACE_s08_session3_natural,45,217,52.233333333333334,-0.2781097888946533,-0.5501866408743419
COHFACE_s08_session3_natural,45,218,52.266666666666666,-0.32106491923332214,0.023912704542663168
COHFACE_s08_session3_natural,45,219,52.3,-0.3694264888763428,0.6430117742290633
COHFACE_s08_session3_natural,45,220,52.333333333333336,-0.43959641456604004,1.187135254204923
COHFACE_s08_session3_natural,45,221,52.36666666666667,-0.5249592065811157,1.5516008655471338
COHFACE_s08_session3_natural,45,222,52.4,-0.6040942668914795,1.6756134807750982
COHFACE_s08_session3_natural,45,223,52.43333333333333,-0.6083372831344604,1.5563152720810889
COHFACE_s08_session3_natural,45,224,52.46666666666667,-0.31871527433395386,1.2432849416679588
COHFACE_s08_session3_natural,45,225,52.5,0.3893941640853882,0.8177184305324872
COHFACE_s08_session3_natural,45,226,52.53333333333333,1.17625093460083,0.3663624197170839
COHFACE_s08_session3_natural,45,227,52.56666666666667,1.6124176979064941,-0.03979572474060711
COHFACE_s08_session3_natural,45,228,52.6,1.6259679794311523,-0.3567662691060973
COHFACE_s08_session3_natural,45,229,52.63333333333333,1.4195188283920288,-0.5687256388594641
COHFACE_s08_session3_natural,45,230,52.666666666666664,1.19580078125,-0.6819037460331959
COHFACE_s08_session3_natural,45,231,52.7,0.9619314670562744,-0.7149112267875877
COHFACE_s08_session3_natural,45,232,52.733333333333334,0.7334229946136475,-0.6897689489067897
COHFACE_s08_session3_natural,45,233,52.766666666666666,0.5913722515106201,-0.6270361958922848
COHFACE_s08_session3_natural,45,234,52.8,0.5439231395721436,-0.5453410171851875
COHFACE_s08_session3_natural,45,235,52.833333333333336,0.5692673325538635,-0.4624085847201998
COHFACE_s08_session3_natural,45,236,52.86666666666667,0.5398625731468201,-0.3940211897698153
COHFACE_s08_session3_natural,45,237,52.9,0.40602418780326843,-0.3497753288851476
COHFACE_s08_session3_natural,45,238,52.93333333333333,0.2421194612979889,-0.3282672925187443
COHFACE_s08_session3_natural,45,239,52.96666666666667,0.08702020347118378,-0.31606421712819893
COHFACE_s08_session3_natural,46,0,46.0,0.20222115516662598,0.03261374165537188
COHFACE_s08_session3_natural,46,1,46.03333333333333,0.07057269662618637,0.5232758784984257
COHFACE_s08_session3_natural,46,2,46.06666666666667,-0.035092804580926895,0.9052264622864464
COHFACE_s08_session3_natural,46,3,46.1,-0.13920709490776062,1.0917557883116271
COHFACE_s08_session3_natural,46,4,46.13333333333333,-0.23346656560897827,1.0368397839378956
COHFACE_s08_session3_natural,46,5,46.166666666666664,-0.34082016348838806,0.7485483791132744
COHFACE_s08_session3_natural,46,6,46.2,-0.48905298113822937,0.2908026097524828
COHFACE_s08_session3_natural,46,7,46.233333333333334,-0.6653674840927124,-0.22988477484145908
COHFACE_s08_session3_natural,46,8,46.266666666666666,-0.8056389093399048,-0.6899533137697222
COHFACE_s08_session3_natural,46,9,46.3,-0.7277584671974182,-0.9788231383743329
COHFACE_s08_session3_natural,46,10,46.333333333333336,-0.1684749722480774,-1.0253478808725924
COHFACE_s08_session3_natural,46,11,46.36666666666667,0.7054554224014282,-0.815226550476476
COHFACE_s08_session3_natural,46,12,46.4,1.3934217691421509,-0.3959276738219067
COHFACE_s08_session3_natural,46,13,46.43333333333333,1.6595702171325684,0.13307215469484304
COHFACE_s08_session3_natural,46,14,46.46666666666667,1.619055986404419,0.6447162403170967
COHFACE_s08_session3_natural,46,15,46.5,1.5199602842330933,1.0188523180906601
COHFACE_s08_session3_natural,46,16,46.53333333333333,1.3233431577682495,1.1762721497956514
COHFACE_s08_session3_natural,46,17,46.56666666666667,1.0305273532867432,1.0992393638828917
COHFACE_s08_session3_natural,46,18,46.6,0.8087712526321411,0.8299108670096175
COHFACE_s08_session3_natural,46,19,46.63333333333333,0.7093790769577026,0.4479821095344321
COHFACE_s08_session3_natural,46,20,46.666666666666664,0.7073944211006165,0.03887672375087452
COHFACE_s08_session3_natural,46,21,46.7,0.778933048248291,-0.33242921845855467
COHFACE_s08_session3_natural,46,22,46.733333333333334,0.7758534550666809,-0.6319141343515746
COHFACE_s08_session3_natural,46,23,46.766666666666666,0.6741572618484497,-0.8508002561360757
COHFACE_s08_session3_natural,46,24,46.8,0.4334670901298523,-0.9906481374808587
COHFACE_s08_session3_natural,46,25,46.833333333333336,0.030788449570536613,-1.0492280520631958
COHFACE_s08_session3_natural,46,26,46.86666666666667,-0.25018781423568726,-1.0154622766762198
COHFACE_s08_session3_natural,46,27,46.9,-0.3545073866844177,-0.8762709404684207
COHFACE_s08_session3_natural,46,28,46.93333333333333,-0.45590704679489136,-0.6310833799748604
COHFACE_s08_session3_natural,46,29,46.96666666666667,-0.5773357152938843,-0.30480752930515376
COHFACE_s08_session3_natural,46,30,47.0,-0.6655499339103699,0.04982012463205189
COHFACE_s08_session3_natural,46,31,47.03333333333333,-0.7351495623588562,0.3641738590220637
COHFACE_s08_session3_natural,46,32,47.06666666666667,-0.8313252925872803,0.5756472278260673
COHFACE_s08_session3_natural,46,33,47.1,-0.9304665327072144,0.6493217724866874
COHFACE_s08_session3_natural,46,34,47.13333333333333,-0.9202238917350769,0.5891068561797418
COHFACE_s08_session3_natural,46,35,47.166666666666664,-0.5193246006965637,0.43383795306833683
COHFACE_s08_session3_natural,46,36,47.2,0.3525070548057556,0.24201533153881596
COHFACE_s08_session3_natural,46,37,47.233333333333334,1.2243387699127197,0.07392350254362744
COHFACE_s08_session3_natural,46,38,47.266666666666666,1.6267207860946655,-0.021576811843265584
COHFACE_s08_session3_natural,46,39,47.3,1.596266746520996,-0.013953223653241234
COHFACE_s08_session3_natural,46,40,47.333333333333336,1.4167357683181763,0.10526538839727294
COHFACE_s08_session3_natural,46,41,47.36666666666667,1.228878378868103,0.31898317361674067
COHFACE_s08_session3_natural,46,42,47.4,0.9838311076164246,0.5831359309460511
COHFACE_s08_session3_natural,46,43,47.43333333333333,0.6849245429039001,0.8325256397953784
COHFACE_s08_session3_natural,46,44,47.46666666666667,0.46031689643859863,0.9958195692617936
COHFACE_s08_session3_natural,46,45,47.5,0.36578369140625,1.0150736642938967
COHFACE_s08_session3_natural,46,46,47.53333333333333,0.3286684453487396,0.8613422133943464
COHFACE_s08_session3_natural,46,47,47.56666666666667,0.25989004969596863,0.5398952618760157
COHFACE_s08_session3_natural,46,48,47.6,0.11140630394220352,0.08497287400332933
COHFACE_s08_session3_natural,46,49,47.63333333333333,-0.08660245686769485,-0.45024434025129967
COHFACE_s08_session3_natural,46,50,47.666666666666664,-0.28128066658973694,-1.0020747203710583
COHFACE_s08_session3_natural,46,51,47.7,-0.4492231011390686,-1.5006713134444996
COHFACE_s08_session3_natural,46,52,47.733333333333334,-0.6002618074417114,-1.872668366477221
COHFACE_s08_session3_natural,46,53,47.766666666666666,-0.7239260673522949,-2.0470786132235466
COHFACE_s08_session3_natural,46,54,47.8,-0.820626437664032,-1.9677616557337794
COHFACE_s08_session3_natural,46,55,47.833333333333336,-0.8806677460670471,-1.6110561948065083
COHFACE_s08_session3_natural,46,56,47.86666666666667,-0.9353483319282532,-1.0022028895362984
COHFACE_s08_session3_natural,46,57,47.9,-0.9809724688529968,-0.22209266312501583
COHFACE_s08_session3_natural,46,58,47.93333333333333,-1.011266827583313,0.6017682747758136
COHFACE_s08_session3_natural,46,59,47.96666666666667,-1.0501614809036255,1.3206377720283466
COHFACE_s08_session3_natural,46,60,48.0,-1.0525567531585693,1.8005816910370567
COHFACE_s08_session3_natural,46,61,48.03333333333333,-0.7640981078147888,1.9584137546627667
COHFACE_s08_session3_natural,46,62,48.06666666666667,-0.011299817822873592,1.784737607836582
COHFACE_s08_session3_natural,46,63,48.1,0.8598930835723877,1.3448494680456604
COHFACE_s08_session3_natural,46,64,48.13333333333333,1.3260349035263062,0.7572459790445757
COHFACE_s08_session3_natural,46,65,48.166666666666664,1.3329013586044312,0.158616517848036
COHFACE_s08_session3_natural,46,66,48.2,1.1504048109054565,-0.33193371201186883
COHFACE_s08_session3_natural,46,67,48.233333333333334,0.9747746586799622,-0.6385647361252623
COHFACE_s08_session3_natural,46,68,48.266666666666666,0.7736178636550903,-0.7385938040317681
COHFACE_s08_session3_natural,46,69,48.3,0.5116896629333496,-0.6568699342648175
COHFACE_s08_session3_natural,46,70,48.333333333333336,0.2844586670398712,-0.44961318973503833
COHFACE_s08_session3_natural,46,71,48.36666666666667,0.1611594259738922,-0.1846983078913714
COHFACE_s08_session3_natural,46,72,48.4,0.099772147834301,0.07555551374147876
COHFACE_s08_session3_natural,46,73,48.43333333333333,0.0416698083281517,0.2855023728482012
COHFACE_s08_session3_natural,46,74,48.46666666666667,-0.08388782292604446,0.4200884072916425
COHFACE_s08_session3_natural,46,75,48.5,-0.26896214485168457,0.47247651571254506
COHFACE_s08_session3_natural,46,76,48.53333333333333,-0.4475350081920624,0.4478250779679142
COHFACE_s08_session3_natural,46,77,48.56666666666667,-0.5936691164970398,0.3563956261498518
COHFACE_s08_session3_natural,46,78,48.6,-0.7181089520454407,0.20879506604893228
COHFACE_s08_session3_natural,46,79,48.63333333333333,-0.829888105392456,0.01495229101123748
COHFACE_s08_session3_natural,46,80,48.666666666666664,-0.9074719548225403,-0.2131742076089017
COHFACE_s08_session3_natural,46,81,48.7,-0.9546245336532593,-0.4569006128072182
COHFACE_s08_session3_natural,46,82,48.733333333333334,-0.99771648645401,-0.687273575612373
COHFACE_s08_session3_natural,46,83,48.766666666666666,-1.0449374914169312,-0.8658797330588076
COHFACE_s08_session3_natural,46,84,48.8,-1.0859535932540894,-0.9514062796934091
COHFACE_s08_session3_natural,46,85,48.833333333333336,-1.150876760482788,-0.9104813484685552
COHFACE_s08_session3_natural,46,86,48.86666666666667,-1.159522533416748,-0.7289961741029191
COHFACE_s08_session3_natural,46,87,48.9,-0.8677789568901062,-0.41988723423298613
COHFACE_s08_session3_natural,46,88,48.93333333333333,-0.1492900252342224,-0.025286168067060782
COHFACE_s08_session3_natural,46,89,48.96666666666667,0.6455280780792236,0.3873337685354536
COHFACE_s08_session3_natural,46,90,49.0,1.073071837425232,0.735404872979622
COHFACE_s08_session3_natural,46,91,49.03333333333333,1.088698148727417,0.937941292250764
COHFACE_s08_session3_natural,46,92,49.06666666666667,0.9384578466415405,0.9360231470084965
COHFACE_s08_session3_natural,46,93,49.1,0.7900881767272949,0.7115340332710524
COHFACE_s08_session3_natural,46,94,49.13333333333333,0.5984211564064026,0.29809361714114646
COHFACE_s08_session3_natural,46,95,49.166666666666664,0.36806488037109375,-0.2201848309546521
COHFACE_s08_session3_natural,46,96,49.2,0.18381181359291077,-0.7238338506540886
COHFACE_s08_session3_natural,46,97,49.233333333333334,0.10563484579324722,-1.0851884950097195
COHFACE_s08_session3_natural,46,98,49.266666666666666,0.08163655549287796,-1.2013776008439976
COHFACE_s08_session3_natural,46,99,49.3,0.03756363317370415,-1.0239030690585535
COHFACE_s08_session3_natural,46,100,49.333333333333336,-0.07197992503643036,-0.5755585379985548
COHFACE_s08_session3_natural,46,101,49.36666666666667,-0.21888965368270874,0.05170362000349796
COHFACE_s08_session3_natural,46,102,49.4,-0.3812659680843353,0.7194373035871378
COHFACE_s08_session3_natural,46,103,49.43333333333333,-0.5202142596244812,1.2804277008640474
COHFACE_s08_session3_natural,46,104,49.46666666666667,-0.6213858127593994,1.61881431686388
COHFACE_s08_session3_natural,46,105,49.5,-0.7175614833831787,1.6779710646468435
COHFACE_s08_session3_natural,46,106,49.53333333333333,-0.8083763122558594,1.4676985763726798
COHFACE_s08_session3_natural,46,107,49.56666666666667,-0.8732994794845581,1.0517209140760695
COHFACE_s08_session3_natural,46,108,49.6,-0.9132205843925476,0.5228247338707179
COHFACE_s08_session3_natural,46,109,49.63333333333333,-0.952548623085022,-0.024633063125650542
COHFACE_s08_session3_natural,46,110,49.666666666666664,-0.9922187924385071,-0.5154182301005389
COHFACE_s08_session3_natural,46,111,49.7,-1.0420175790786743,-0.9014615214767321
COHFACE_s08_session3_natural,46,112,49.733333333333334,-1.1082181930541992,-1.157967268579484
COHFACE_s08_session3_natural,46,113,49.766666666666666,-1.0712398290634155,-1.2739813393960553
COHFACE_s08_session3_natural,46,114,49.8,-0.6493990421295166,-1.2449240275427462
COHFACE_s08_session3_natural,46,115,49.833333333333336,0.14108480513095856,-1.0714476517916702
COHFACE_s08_session3_natural,46,116,49.86666666666667,0.8572241067886353,-0.7642716607695572
COHFACE_s08_session3_natural,46,117,49.9,1.1435612440109253,-0.3510839505729273
COHFACE_s08_session3_natural,46,118,49.93333333333333,1.0772465467453003,0.11936902910159675
COHFACE_s08_session3_natural,46,119,49.96666666666667,0.9263446927070618,0.5797562559348979
COHFACE_s08_session3_natural,46,120,50.0,0.7675042152404785,0.9547241963920812
COHFACE_s08_session3_natural,46,121,50.03333333333333,0.5678529739379883,1.177702472019328
COHFACE_s08_session3_natural,46,122,50.06666666666667,0.3588716387748718,1.2082669143363636
COHFACE_s08_session3_natural,46,123,50.1,0.2170718014240265,1.0428997756910148
COHFACE_s08_session3_natural,46,124,50.13333333333333,0.17324982583522797,0.7147951141230016
COHFACE_s08_session3_natural,46,125,50.166666666666664,0.14439254999160767,0.28355312014629785
COHFACE_s08_session3_natural,46,126,50.2,0.07780412584543228,-0.1801858228691527
COHFACE_s08_session3_natural,46,127,50.233333333333334,-0.0422101728618145,-0.6089100662105857
COHFACE_s08_session3_natural,46,128,50.266666666666666,-0.20844171941280365,-0.9469811085970506
COHFACE_s08_session3_natural,46,129,50.3,-0.35238587856292725,-1.1536482566525041
COHFACE_s08_session3_natural,46,130,50.333333333333336,-0.48293936252593994,-1.2035482521837602
COHFACE_s08_session3_natural,46,131,50.36666666666667,-0.5856848955154419,-1.0886915126976677
COHFACE_s08_session3_natural,46,132,50.4,-0.6764312982559204,-0.823262143402197
COHFACE_s08_session3_natural,46,133,50.43333333333333,-0.7465099692344666,-0.44837878619036603
COHFACE_s08_session3_natural,46,134,50.46666666666667,-0.8020573854446411,-0.03138865570916651
COHFACE_s08_session3_natural,46,135,50.5,-0.8421154022216797,0.3444177681266411
COHFACE_s08_session3_natural,46,136,50.53333333333333,-0.8743944764137268,0.598803658097765
COHFACE_s08_session3_natural,46,137,50.56666666666667,-0.9074491262435913,0.676291451839525
COHFACE_s08_session3_natural,46,138,50.6,-0.9557878971099854,0.5628399865172005
COHFACE_s08_session3_natural,46,139,50.63333333333333,-0.9926750063896179,0.2917680859893459
COHFACE_s08_session3_natural,46,140,50.666666666666664,-0.8900207281112671,-0.06281404584436223
COHFACE_s08_session3_natural,46,141,50.7,-0.38550901412963867,-0.40294260083281974
COHFACE_s08_session3_natural,46,142,50.733333333333334,0.43337583541870117,-0.6296754711043369
COHFACE_s08_session3_natural,46,143,50.766666666666666,1.093671202659607,-0.6668286093872174
COHFACE_s08_session3_natural,46,144,50.8,1.3071922063827515,-0.48079808492878484
COHFACE_s08_session3_natural,46,145,50.833333333333336,1.216445803642273,-0.09212558878009024
COHFACE_s08_session3_natural,46,146,50.86666666666667,1.0480014085769653,0.425022743446864
COHFACE_s08_session3_natural,46,147,50.9,0.8722116351127625,0.9575823371241385
COHFACE_s08_session3_natural,46,148,50.93333333333333,0.6658536195755005,1.3809169268976051
COHFACE_s08_session3_natural,46,149,50.96666666666667,0.4632824659347534,1.592372029478452
COHFACE_s08_session3_natural,46,150,51.0,0.352780818939209,1.540960056430603
COHFACE_s08_session3_natural,46,151,51.03333333333333,0.3212088942527771,1.2424970294465345
COHFACE_s08_session3_natural,46,152,51.06666666666667,0.2855992615222931,0.773322013728125
COHFACE_s08_session3_natural,46,153,51.1,0.20228958129882812,0.2436159716914472
COHFACE_s08_session3_natural,46,154,51.13333333333333,0.05937197431921959,-0.23954625596228024
COHFACE_s08_session3_natural,46,155,51.166666666666664,-0.10197779536247253,-0.6043492658512257
COHFACE_s08_session3_natural,46,156,51.2,-0.2526058852672577,-0.829327051470599
COHFACE_s08_session3_natural,46,157,51.233333333333334,-0.3939494788646698,-0.9373314785396388
COHFACE_s08_session3_natural,46,158,51.266666666666666,-0.5001168251037598,-0.9731653035994179
COHFACE_s08_session3_natural,46,159,51.3,-0.5889698266983032,-0.9759295140306731
COHFACE_s08_session3_natural,46,160,51.333333333333336,-0.658934473991394,-0.9589291638733032
COHFACE_s08_session3_natural,46,161,51.36666666666667,-0.7146415114402771,-0.9060821542828785
COHFACE_s08_session3_natural,46,162,51.4,-0.7660143375396729,-0.7853460197703369
COHFACE_s08_session3_natural,46,163,51.43333333333333,-0.7866136431694031,-0.5713776210478803
COHFACE_s08_session3_natural,46,164,51.46666666666667,-0.8014870882034302,-0.26604734704679855
COHFACE_s08_session3_natural,46,165,51.5,-0.8280859589576721,0.0925034976546322
COHFACE_s08_session3_natural,46,166,51.53333333333333,-0.8718166947364807,0.4358849974951124
COHFACE_s08_session3_natural,46,167,51.56666666666667,-0.7757322788238525,0.68432273083152
COHFACE_s08_session3_natural,46,168,51.6,-0.23912395536899567,0.7724432528136398
COHFACE_s08_session3_natural,46,169,51.63333333333333,0.6116293668746948,0.6739161979864898
COHFACE_s08_session3_natural,46,170,51.666666666666664,1.2698259353637695,0.4156825125919842
COHFACE_s08_session3_natural,46,171,51.7,1.482867956161499,0.0744933603219643
COHFACE_s08_session3_natural,46,172,51.733333333333334,1.3736892938613892,-0.244997194520976
COHFACE_s08_session3_natural,46,173,51.766666666666666,1.173467755317688,-0.443594572803857
COHFACE_s08_session3_natural,46,174,51.8,0.9914959073066711,-0.46074249647201054
COHFACE_s08_session3_natural,46,175,51.833333333333336,0.7993270754814148,-0.29569706724533384
COHFACE_s08_session3_natural,46,176,51.86666666666667,0.6257272362709045,-0.008649716166247618
COHFACE_s08_session3_natural,46,177,51.9,0.5397485494613647,0.2993266428206474
COHFACE_s08_session3_natural,46,178,51.93333333333333,0.5550782084465027,0.520586533989314
COHFACE_s08_session3_natural,46,179,51.96666666666667,0.559093177318573,0.577234372675518
COHFACE_s08_session3_natural,46,180,52.0,0.49273285269737244,0.4472186836124025
COHFACE_s08_session3_natural,46,181,52.03333333333333,0.3904891610145569,0.17186200426344828
COHFACE_s08_session3_natural,46,182,52.06666666666667,0.2821546494960785,-0.1580260939990627
COHFACE_s08_session3_natural,46,183,52.1,0.1631440818309784,-0.43337381201533903
COHFACE_s08_session3_natural,46,184,52.13333333333333,0.023602647706866264,-0.5640601116004913
COHFACE_s08_session3_natural,46,185,52.166666666666664,-0.09547635167837143,-0.508066942842822
COHFACE_s08_session3_natural,46,186,52.2,-0.2051795870065689,-0.2832434106690412
COHFACE_s08_session3_natural,46,187,52.233333333333334,-0.2781097888946533,0.040009878444554635
COHFACE_s08_session3_natural,46,188,52.266666666666666,-0.32106491923332214,0.3616261575078868
COHFACE_s08_session3_natural,46,189,52.3,-0.3694264888763428,0.5836224403135034
COHFACE_s08_session3_natural,46,190,52.333333333333336,-0.43959641456604004,0.6410960376433941
COHFACE_s08_session3_natural,46,191,52.36666666666667,-0.5249592065811157,0.5221365867509979
COHFACE_s08_session3_natural,46,192,52.4,-0.6040942668914795,0.2699412575877568
COHFACE_s08_session3_natural,46,193,52.43333333333333,-0.6083372831344604,-0.03310045234584988
COHFACE_s08_session3_natural,46,194,52.46666666666667,-0.31871527433395386,-0.29335401728823735
COHFACE_s08_session3_natural,46,195,52.5,0.3893941640853882,-0.4361708680018521
COHFACE_s08_session3_natural,46,196,52.53333333333333,1.17625093460083,-0.42843087813782904
COHFACE_s08_session3_natural,46,197,52.56666666666667,1.6124176979064941,-0.2866084551346137
COHFACE_s08_session3_natural,46,198,52.6,1.6259679794311523,-0.06883515312809342
COHFACE_s08_session3_natural,46,199,52.63333333333333,1.4195188283920288,0.1455840491390187
COHFACE_s08_session3_natural,46,200,52.666666666666664,1.19580078125,0.28269958676486884
COHFACE_s08_session3_natural,46,201,52.7,0.9619314670562744,0.29849479445366695
COHFACE_s08_session3_natural,46,202,52.733333333333334,0.7334229946136475,0.19326320402548675
COHFACE_s08_session3_natural,46,203,52.766666666666666,0.5913722515106201,0.010209818370113958
COHFACE_s08_session3_natural,46,204,52.8,0.5439231395721436,-0.1811213278989647
COHFACE_s08_session3_natural,46,205,52.833333333333336,0.5692673325538635,-0.3096797778464488
COHFACE_s08_session3_natural,46,206,52.86666666666667,0.5398625731468201,-0.32646385161805147
COHFACE_s08_session3_natural,46,207,52.9,0.40602418780326843,-0.2188624657164701
COHFACE_s08_session3_natural,46,208,52.93333333333333,0.2421194612979889,-0.01208609680376459
COHFACE_s08_session3_natural,46,209,52.96666666666667,0.08702020347118378,0.24105080114917574
COHFACE_s08_session3_natural,46,210,53.0,-0.08350002020597458,0.4768948989733714
COHFACE_s08_session3_natural,46,211,53.03333333333333,-0.24573945999145508,0.6379498301181019
COHFACE_s08_session3_natural,46,212,53.06666666666667,-0.37216395139694214,0.6853739642958777
COHFACE_s08_session3_natural,46,213,53.1,-0.48809486627578735,0.6049284171767613
COHFACE_s08_session3_natural,46,214,53.13333333333333,-0.5928022861480713,0.40636884479957314
COHFACE_s08_session3_natural,46,215,53.166666666666664,-0.6690858602523804,0.11771635240562904
COHFACE_s08_session3_natural,46,216,53.2,-0.6672608852386475,-0.22286788593003093
COHFACE_s08_session3_natural,46,217,53.233333333333334,-0.6294612884521484,-0.5743606030984681
COHFACE_s08_session3_natural,46,218,53.266666666666666,-0.6528436541557312,-0.897020261114053
COHFACE_s08_session3_natural,46,219,53.3,-0.8779075145721436,-1.1532184016684894
COHFACE_s08_session3_natural,46,220,53.333333333333336,-0.8635587096214294,-1.307028083932775
COHFACE_s08_session3_natural,46,221,53.36666666666667,-0.2465835064649582,-1.3259035099376426
COHFACE_s08_session3_natural,46,222,53.4,0.6085269451141357,-1.187116520849723
COHFACE_s08_session3_natural,46,223,53.43333333333333,1.1976029872894287,-0.8885382541989785
COHFACE_s08_session3_natural,46,224,53.46666666666667,1.3507404327392578,-0.45900409213145266
COHFACE_s08_session3_natural,46,225,53.5,1.2089177370071411,0.03883243038427854
COHFACE_s08_session3_natural,46,226,53.53333333333333,1.0098367929458618,0.5180322295580997
COHFACE_s08_session3_natural,46,227,53.56666666666667,0.7997148633003235,0.8883585639933402
COHFACE_s08_session3_natural,46,228,53.6,0.6168076992034912,1.081666898609706
COHFACE_s08_session3_natural,46,229,53.63333333333333,0.5461359024047852,1.07176504794061
COHFACE_s08_session3_natural,46,230,53.666666666666664,0.5469115376472473,0.8809760243203434
COHFACE_s08_session3_natural,46,231,53.7,0.5513142347335815,0.5713971432592976
COHFACE_s08_session3_natural,46,232,53.733333333333334,0.5149518251419067,0.22502474471078984
COHFACE_s08_session3_natural,46,233,53.766666666666666,0.3806571662425995,-0.07939529882816786
COHFACE_s08_session3_natural,46,234,53.8,0.17977407574653625,-0.2850252477754906
COHFACE_s08_session3_natural,46,235,53.833333333333336,-0.02555736154317856,-0.3661696373083134
COHFACE_s08_session3_natural,46,236,53.86666666666667,-0.19737786054611206,-0.32692016509520644
COHFACE_s08_session3_natural,46,237,53.9,-0.35272806882858276,-0.1918350449591804
COHFACE_s08_session3_natural,46,238,53.93333333333333,-0.4856767952442169,0.0058196110389793915
COHFACE_s08_session3_natural,46,239,53.96666666666667,-0.5873730182647705,0.2325422496787349
COHFACE_s08_session3_natural,47,0,47.0,-0.6655499339103699,0.09165429989791876
COHFACE_s08_session3_natural,47,1,47.03333333333333,-0.7351495623588562,0.034453724443632774
COHFACE_s08_session3_natural,47,2,47.06666666666667,-0.8313252925872803,-0.043162590263869094
COHFACE_s08_session3_natural,47,3,47.1,-0.9304665327072144,-0.14295356592068703
COHFACE_s08_session3_natural,47,4,47.13333333333333,-0.9202238917350769,-0.24046861766550284
COHFACE_s08_session3_natural,47,5,47.166666666666664,-0.5193246006965637,-0.294732149576425
COHFACE_s08_session3_natural,47,6,47.2,0.3525070548057556,-0.2695203781466051
COHFACE_s08_session3_natural,47,7,47.233333333333334,1.2243387699127197,-0.15312547711144758
COHFACE_s08_session3_natural,47,8,47.266666666666666,1.6267207860946655,0.03480828390060251
COHFACE_s08_session3_natural,47,9,47.3,1.596266746520996,0.25173701160054557
COHFACE_s08_session3_natural,47,10,47.333333333333336,1.4167357683181763,0.4489292615813575
COHFACE_s08_session3_natural,47,11,47.36666666666667,1.228878378868103,0.5862813562039676
COHFACE_s08_session3_natural,47,12,47.4,0.9838311076164246,0.6397828417999701
COHFACE_s08_session3_natural,47,13,47.43333333333333,0.6849245429039001,0.6026450368680786
COHFACE_s08_session3_natural,47,14,47.46666666666667,0.46031689643859863,0.4830302133402628
COHFACE_s08_session3_natural,47,15,47.5,0.36578369140625,0.2994782147976729
COHFACE_s08_session3_natural,47,16,47.53333333333333,0.3286684453487396,0.07368860054213763
COHFACE_s08_session3_natural,47,17,47.56666666666667,0.25989004969596863,-0.17824860719984614
COHFACE_s08_session3_natural,47,18,47.6,0.11140630394220352,-0.45161265090489605
COHFACE_s08_session3_natural,47,19,47.63333333333333,-0.08660245686769485,-0.7500522614429108
COHFACE_s08_session3_natural,47,20,47.666666666666664,-0.28128066658973694,-1.0722803447647116
COHFACE_s08_session3_natural,47,21,47.7,-0.4492231011390686,-1.394142054559558
COHFACE_s08_session3_natural,47,22,47.733333333333334,-0.6002618074417114,-1.656955029458662
COHFACE_s08_session3_natural,47,23,47.766666666666666,-0.7239260673522949,-1.7724764486129592
COHFACE_s08_session3_natural,47,24,47.8,-0.820626437664032,-1.6478680292209957
COHFACE_s08_session3_natural,47,25,47.833333333333336,-0.8806677460670471,-1.223839318572493
COHFACE_s08_session3_natural,47,26,47.86666666666667,-0.9353483319282532,-0.5107915816583327
COHFACE_s08_session3_natural,47,27,47.9,-0.9809724688529968,0.39460893833052313
COHFACE_s08_session3_natural,47,28,47.93333333333333,-1.011266827583313,1.3243240647166035
COHFACE_s08_session3_natural,47,29,47.96666666666667,-1.0501614809036255,2.0841091229393127
COHFACE_s08_session3_natural,47,30,48.0,-1.0525567531585693,2.5124579231082245
COHFACE_s08_session3_natural,47,31,48.03333333333333,-0.7640981078147888,2.529275522930954
COHFACE_s08_session3_natural,47,32,48.06666666666667,-0.011299817822873592,2.156221335324295
COHFACE_s08_session3_natural,47,33,48.1,0.8598930835723877,1.5043221363749442
COHFACE_s08_session3_natural,47,34,48.13333333333333,1.3260349035263062,0.7364337118835118
COHFACE_s08_session3_natural,47,35,48.166666666666664,1.3329013586044312,0.018845377193378206
COHFACE_s08_session3_natural,47,36,48.2,1.1504048109054565,-0.5221539941487626
COHFACE_s08_session3_natural,47,37,48.233333333333334,0.9747746586799622,-0.8263235410918225
COHFACE_s08_session3_natural,47,38,48.266666666666666,0.7736178636550903,-0.9028076772405853
COHFACE_s08_session3_natural,47,39,48.3,0.5116896629333496,-0.8132719832275919
COHFACE_s08_session3_natural,47,40,48.333333333333336,0.2844586670398712,-0.6429811531943361
COHFACE_s08_session3_natural,47,41,48.36666666666667,0.1611594259738922,-0.47019361653612324
COHFACE_s08_session3_natural,47,42,48.4,0.099772147834301,-0.3432643320989025
COHFACE_s08_session3_natural,47,43,48.43333333333333,0.0416698083281517,-0.27155024069291545
COHFACE_s08_session3_natural,47,44,48.46666666666667,-0.08388782292604446,-0.23167759088157533
COHFACE_s08_session3_natural,47,45,48.5,-0.26896214485168457,-0.185864068115126
COHFACE_s08_session3_natural,47,46,48.53333333333333,-0.4475350081920624,-0.1048722153689079
COHFACE_s08_session3_natural,47,47,48.56666666666667,-0.5936691164970398,0.01364755995752679
COHFACE_s08_session3_natural,47,48,48.6,-0.7181089520454407,0.1391564615484444
COHFACE_s08_session3_natural,47,49,48.63333333333333,-0.829888105392456,0.21793565479033009
COHFACE_s08_session3_natural,47,50,48.666666666666664,-0.9074719548225403,0.1959396353816711
COHFACE_s08_session3_natural,47,51,48.7,-0.9546245336532593,0.046061681336541316
COHFACE_s08_session3_natural,47,52,48.733333333333334,-0.99771648645401,-0.21287992161708094
COHFACE_s08_session3_natural,47,53,48.766666666666666,-1.0449374914169312,-0.5157950899671788
COHFACE_s08_session3_natural,47,54,48.8,-1.0859535932540894,-0.7706544099001932
COHFACE_s08_session3_natural,47,55,48.833333333333336,-1.150876760482788,-0.8888346273224803
COHFACE_s08_session3_natural,47,56,48.86666666666667,-1.159522533416748,-0.814461674499313
COHFACE_s08_session3_natural,47,57,48.9,-0.8677789568901062,-0.5434297256700042
COHFACE_s08_session3_natural,47,58,48.93333333333333,-0.1492900252342224,-0.12760154578688832
COHFACE_s08_session3_natural,47,59,48.96666666666667,0.6455280780792236,0.3361676694385748
COHFACE_s08_session3_natural,47,60,49.0,1.073071837425232,0.7298130051163444
COHFACE_s08_session3_natural,47,61,49.03333333333333,1.088698148727417,0.9456284260522446
COHFACE_s08_session3_natural,47,62,49.06666666666667,0.9384578466415405,0.9173715937754917
COHFACE_s08_session3_natural,47,63,49.1,0.7900881767272949,0.6412172850002853
COHFACE_s08_session3_natural,47,64,49.13333333333333,0.5984211564064026,0.17950180752737163
COHFACE_s08_session3_natural,47,65,49.166666666666664,0.36806488037109375,-0.3542130025791308
COHFACE_s08_session3_natural,47,66,49.2,0.18381181359291077,-0.824378673452294
COHFACE_s08_session3_natural,47,67,49.233333333333334,0.10563484579324722,-1.1084822983024853
COHFACE_s08_session3_natural,47,68,49.266666666666666,0.08163655549287796,-1.1279917687928636
COHFACE_s08_session3_natural,47,69,49.3,0.03756363317370415,-0.8671574839201561
COHFACE_s08_session3_natural,47,70,49.333333333333336,-0.07197992503643036,-0.37570866283428644
COHFACE_s08_session3_natural,47,71,49.36666666666667,-0.21888965368270874,0.24423858320335814
COHFACE_s08_session3_natural,47,72,49.4,-0.3812659680843353,0.8636961119750828
COHFACE_s08_session3_natural,47,73,49.43333333333333,-0.5202142596244812,1.3586162845655165
COHFACE_s08_session3_natural,47,74,49.46666666666667,-0.6213858127593994,1.6390882905951978
COHFACE_s08_session3_natural,47,75,49.5,-0.7175614833831787,1.6670906554817275
COHFACE_s08_session3_natural,47,76,49.53333333333333,-0.8083763122558594,1.458709198566553
COHFACE_s08_session3_natural,47,77,49.56666666666667,-0.8732994794845581,1.0726717261918126
COHFACE_s08_session3_natural,47,78,49.6,-0.9132205843925476,0.5903446525177491
COHFACE_s08_session3_natural,47,79,49.63333333333333,-0.952548623085022,0.09360368298123853
COHFACE_s08_session3_natural,47,80,49.666666666666664,-0.9922187924385071,-0.3523867357402258
COHFACE_s08_session3_natural,47,81,49.7,-1.0420175790786743,-0.7062122421080377
COHFACE_s08_session3_natural,47,82,49.733333333333334,-1.1082181930541992,-0.9470177008778458
COHFACE_s08_session3_natural,47,83,49.766666666666666,-1.0712398290634155,-1.0664301246694645
COHFACE_s08_session3_natural,47,84,49.8,-0.6493990421295166,-1.0625075648510502
COHFACE_s08_session3_natural,47,85,49.833333333333336,0.14108480513095856,-0.9397204042555158
COHFACE_s08_session3_natural,47,86,49.86666666666667,0.8572241067886353,-0.7138410937062881
COHFACE_s08_session3_natural,47,87,49.9,1.1435612440109253,-0.41693164289217766
COHFACE_s08_session3_natural,47,88,49.93333333333333,1.0772465467453003,-0.09765977312532582
COHFACE_s08_session3_natural,47,89,49.96666666666667,0.9263446927070618,0.18537621808555638
COHFACE_s08_session3_natural,47,90,50.0,0.7675042152404785,0.37692149340610365
COHFACE_s08_session3_natural,47,91,50.03333333333333,0.5678529739379883,0.44158722274087525
COHFACE_s08_session3_natural,47,92,50.06666666666667,0.3588716387748718,0.3772081150973307
COHFACE_s08_session3_natural,47,93,50.1,0.2170718014240265,0.21792226664330658
COHFACE_s08_session3_natural,47,94,50.13333333333333,0.17324982583522797,0.02347978206590092
COHFACE_s08_session3_natural,47,95,50.166666666666664,0.14439254999160767,-0.1421817751487315
COHFACE_s08_session3_natural,47,96,50.2,0.07780412584543228,-0.23415503323580122
COHFACE_s08_session3_natural,47,97,50.233333333333334,-0.0422101728618145,-0.24099834763119823
COHFACE_s08_session3_natural,47,98,50.266666666666666,-0.20844171941280365,-0.18396433645577434
COHFACE_s08_session3_natural,47,99,50.3,-0.35238587856292725,-0.10235863447512926
COHFACE_s08_session3_natural,47,100,50.333333333333336,-0.48293936252593994,-0.03340687226072176
COHFACE_s08_session3_natural,47,101,50.36666666666667,-0.5856848955154419,0.0028906573975446413
COHFACE_s08_session3_natural,47,102,50.4,-0.6764312982559204,0.007576114576902237
COHFACE_s08_session3_natural,47,103,50.43333333333333,-0.7465099692344666,-0.004157164682250025
COHFACE_s08_session3_natural,47,104,50.46666666666667,-0.8020573854446411,-0.014883066945356987
COHFACE_s08_session3_natural,47,105,50.5,-0.8421154022216797,-0.015278645136132803
COHFACE_s08_session3_natural,47,106,50.53333333333333,-0.8743944764137268,-0.008847916568087318
COHFACE_s08_session3_natural,47,107,50.56666666666667,-0.9074491262435913,-0.010299419224126251
COHFACE_s08_session3_natural,47,108,50.6,-0.9557878971099854,-0.03861704955243359
COHFACE_s08_session3_natural,47,109,50.63333333333333,-0.9926750063896179,-0.10676831596139012
COHFACE_s08_session3_natural,47,110,50.666666666666664,-0.8900207281112671,-0.21130374276676986
COHFACE_s08_session3_natural,47,111,50.7,-0.38550901412963867,-0.3262066089090782
COHFACE_s08_session3_natural,47,112,50.733333333333334,0.43337583541870117,-0.4049826970521835
COHFACE_s08_session3_natural,47,113,50.766666666666666,1.093671202659607,-0.3928114757314281
COHFACE_s08_session3_natural,47,114,50.8,1.3071922063827515,-0.24695067305567475
COHFACE_s08_session3_natural,47,115,50.833333333333336,1.216445803642273,0.04093927931456288
COHFACE_s08_session3_natural,47,116,50.86666666666667,1.0480014085769653,0.43048864474492693
COHFACE_s08_session3_natural,47,117,50.9,0.8722116351127625,0.8354387443165072
COHFACE_s08_session3_natural,47,118,50.93333333333333,0.6658536195755005,1.1459565593111398
COHFACE_s08_session3_natural,47,119,50.96666666666667,0.4632824659347534,1.2638582651201873
COHFACE_s08_session3_natural,47,120,51.0,0.352780818939209,1.1380529208069812
COHFACE_s08_session3_natural,47,121,51.03333333333333,0.3212088942527771,0.7863713084094789
COHFACE_s08_session3_natural,47,122,51.06666666666667,0.2855992615222931,0.2939023285264707
COHFACE_s08_session3_natural,47,123,51.1,0.20228958129882812,-0.21333829934600665
COHFACE_s08_session3_natural,47,124,51.13333333333333,0.05937197431921959,-0.6097842601691067
COHFACE_s08_session3_natural,47,125,51.166666666666664,-0.10197779536247253,-0.8102699564137431
COHFACE_s08_session3_natural,47,126,51.2,-0.2526058852672577,-0.7935926332365985
COHFACE_s08_session3_natural,47,127,51.233333333333334,-0.3939494788646698,-0.6027108638035987
COHFACE_s08_session3_natural,47,128,51.266666666666666,-0.5001168251037598,-0.3241482727854884
COHFACE_s08_session3_natural,47,129,51.3,-0.5889698266983032,-0.05636440847532055
COHFACE_s08_session3_natural,47,130,51.333333333333336,-0.658934473991394,0.1206254957604553
COHFACE_s08_session3_natural,47,131,51.36666666666667,-0.7146415114402771,0.16502697337428202
COHFACE_s08_session3_natural,47,132,51.4,-0.7660143375396729,0.07954068538934064
COHFACE_s08_session3_natural,47,133,51.43333333333333,-0.7866136431694031,-0.09372035695899791
COHFACE_s08_session3_natural,47,134,51.46666666666667,-0.8014870882034302,-0.286892925655471
COHFACE_s08_session3_natural,47,135,51.5,-0.8280859589576721,-0.4265873963153809
COHFACE_s08_session3_natural,47,136,51.53333333333333,-0.8718166947364807,-0.45702673910497427
COHFACE_s08_session3_natural,47,137,51.56666666666667,-0.7757322788238525,-0.35938944958019775
COHFACE_s08_session3_natural,47,138,51.6,-0.23912395536899567,-0.15949049805229218
COHFACE_s08_session3_natural,47,139,51.63333333333333,0.6116293668746948,0.08105464438223961
COHFACE_s08_session3_natural,47,140,51.666666666666664,1.2698259353637695,0.288188058864029
COHFACE_s08_session3_natural,47,141,51.7,1.482867956161499,0.4041063081444819
COHFACE_s08_session3_natural,47,142,51.733333333333334,1.3736892938613892,0.40883064392010426
COHFACE_s08_session3_natural,47,143,51.766666666666666,1.173467755317688,0.32499851632602583
COHFACE_s08_session3_natural,47,144,51.8,0.9914959073066711,0.20412455059840776
COHFACE_s08_session3_natural,47,145,51.833333333333336,0.7993270754814148,0.10122019334183663
COHFACE_s08_session3_natural,47,146,51.86666666666667,0.6257272362709045,0.049470626646589716
COHFACE_s08_session3_natural,47,147,51.9,0.5397485494613647,0.045990145014846794
COHFACE_s08_session3_natural,47,148,51.93333333333333,0.5550782084465027,0.05445745391084761
COHFACE_s08_session3_natural,47,149,51.96666666666667,0.559093177318573,0.023138740406463788
COHFACE_s08_session3_natural,47,150,52.0,0.49273285269737244,-0.08953394096393467
COHFACE_s08_session3_natural,47,151,52.03333333333333,0.3904891610145569,-0.29248294662144503
COHFACE_s08_session3_natural,47,152,52.06666666666667,0.2821546494960785,-0.5515828753533403
COHFACE_s08_session3_natural,47,153,52.1,0.1631440818309784,-0.7954371412970975
COHFACE_s08_session3_natural,47,154,52.13333333333333,0.023602647706866264,-0.9357116734706914
COHFACE_s08_session3_natural,47,155,52.166666666666664,-0.09547635167837143,-0.8958575033427156
COHFACE_s08_session3_natural,47,156,52.2,-0.2051795870065689,-0.6396518675274817
COHFACE_s08_session3_natural,47,157,52.233333333333334,-0.2781097888946533,-0.1903563490959887
COHFACE_s08_session3_natural,47,158,52.266666666666666,-0.32106491923332214,0.36762953069333165
COHFACE_s08_session3_natural,47,159,52.3,-0.3694264888763428,0.9084331865188665
COHFACE_s08_session3_natural,47,160,52.333333333333336,-0.43959641456604004,1.3015870961487641
COHFACE_s08_session3_natural,47,161,52.36666666666667,-0.5249592065811157,1.4537141501517266
COHFACE_s08_session3_natural,47,162,52.4,-0.6040942668914795,1.3386757004560657
COHFACE_s08_session3_natural,47,163,52.43333333333333,-0.6083372831344604,1.0036345843573964
COHFACE_s08_session3_natural,47,164,52.46666666666667,-0.31871527433395386,0.5492491843652321
COHFACE_s08_session3_natural,47,165,52.5,0.3893941640853882,0.09358416082175496
COHFACE_s08_session3_natural,47,166,52.53333333333333,1.17625093460083,-0.2652895662295994
COHFACE_s08_session3_natural,47,167,52.56666666666667,1.6124176979064941,-0.4750299033626965
COHFACE_s08_session3_natural,47,168,52.6,1.6259679794311523,-0.5368057610100232
COHFACE_s08_session3_natural,47,169,52.63333333333333,1.4195188283920288,-0.4958600094540553
COHFACE_s08_session3_natural,47,170,52.666666666666664,1.19580078125,-0.4199355644109122
COHFACE_s08_session3_natural,47,171,52.7,0.9619314670562744,-0.37289583719039254
COHFACE_s08_session3_natural,47,172,52.733333333333334,0.7334229946136475,-0.3921127934319768
COHFACE_s08_session3_natural,47,173,52.766666666666666,0.5913722515106201,-0.4769471973467774
COHFACE_s08_session3_natural,47,174,52.8,0.5439231395721436,-0.5910495508613532
COHFACE_s08_session3_natural,47,175,52.833333333333336,0.5692673325538635,-0.6762075732386006
COHFACE_s08_session3_natural,47,176,52.86666666666667,0.5398625731468201,-0.6729475901144205
COHFACE_s08_session3_natural,47,177,52.9,0.40602418780326843,-0.5421392471862194
COHFACE_s08_session3_natural,47,178,52.93333333333333,0.2421194612979889,-0.28099992751640485
COHFACE_s08_session3_natural,47,179,52.96666666666667,0.08702020347118378,0.07246000681932767
COHFACE_s08_session3_natural,47,180,53.0,-0.08350002020597458,0.44889091695124794
COHFACE_s08_session3_natural,47,181,53.03333333333333,-0.24573945999145508,0.7681391544209244
COHFACE_s08_session3_natural,47,182,53.06666666666667,-0.37216395139694214,0.9638759063136754
COHFACE_s08_session3_natural,47,183,53.1,-0.48809486627578735,1.0035284378188072
COHFACE_s08_session3_natural,47,184,53.13333333333333,-0.5928022861480713,0.8959082626209673
COHFACE_s08_session3_natural,47,185,53.166666666666664,-0.6690858602523804,0.6834760518376872
COHFACE_s08_session3_natural,47,186,53.2,-0.6672608852386475,0.4229363193513648
COHFACE_s08_session3_natural,47,187,53.233333333333334,-0.6294612884521484,0.16329415882511455
COHFACE_s08_session3_natural,47,188,53.266666666666666,-0.6528436541557312,-0.06860694304975892
COHFACE_s08_session3_natural,47,189,53.3,-0.8779075145721436,-0.26901240227814116
COHFACE_s08_session3_natural,47,190,53.333333333333336,-0.8635587096214294,-0.44540373032073755
COHFACE_s08_session3_natural,47,191,53.36666666666667,-0.2465835064649582,-0.5992629953849975
COHFACE_s08_session3_natural,47,192,53.4,0.6085269451141357,-0.7140785674953698
COHFACE_s08_session3_natural,47,193,53.43333333333333,1.1976029872894287,-0.7564435995349943
COHFACE_s08_session3_natural,47,194,53.46666666666667,1.3507404327392578,-0.6901140767725146
COHFACE_s08_session3_natural,47,195,53.5,1.2089177370071411,-0.49543713150667285
COHFACE_s08_session3_natural,47,196,53.53333333333333,1.0098367929458618,-0.18474802471109703
COHFACE_s08_session3_natural,47,197,53.56666666666667,0.7997148633003235,0.1926472775050791
COHFACE_s08_session3_natural,47,198,53.6,0.6168076992034912,0.5579180799887736
COHFACE_s08_session3_natural,47,199,53.63333333333333,0.5461359024047852,0.8208927027910933
COHFACE_s08_session3_natural,47,200,53.666666666666664,0.5469115376472473,0.9046418362613262
COHFACE_s08_session3_natural,47,201,53.7,0.5513142347335815,0.7699507141895028
COHFACE_s08_session3_natural,47,202,53.733333333333334,0.5149518251419067,0.4315817345995718
COHFACE_s08_session3_natural,47,203,53.766666666666666,0.3806571662425995,-0.04074040799949519
COHFACE_s08_session3_natural,47,204,53.8,0.17977407574653625,-0.538814287140698
COHFACE_s08_session3_natural,47,205,53.833333333333336,-0.02555736154317856,-0.9455841083743758
COHFACE_s08_session3_natural,47,206,53.86666666666667,-0.19737786054611206,-1.16860800806103
COHFACE_s08_session3_natural,47,207,53.9,-0.35272806882858276,-1.1661931013603493
COHFACE_s08_session3_natural,47,208,53.93333333333333,-0.4856767952442169,-0.9566473795942753
COHFACE_s08_session3_natural,47,209,53.96666666666667,-0.5873730182647705,-0.6065126643298046
COHFACE_s08_session3_natural,47,210,54.0,-0.6415972709655762,-0.20193123393604911
COHFACE_s08_session3_natural,47,211,54.03333333333333,-0.6744466423988342,0.1844360558862285
COHFACE_s08_session3_natural,47,212,54.06666666666667,-0.7383888959884644,0.5147434239919134
COHFACE_s08_session3_natural,47,213,54.1,-0.8207632899284363,0.7848117060503208
COHFACE_s08_session3_natural,47,214,54.13333333333333,-0.8231585621833801,1.0036309490911213
COHFACE_s08_session3_natural,47,215,54.166666666666664,-0.460013210773468,1.16853886398755
COHFACE_s08_session3_natural,47,216,54.2,0.362088143825531,1.2518066673504578
COHFACE_s08_session3_natural,47,217,54.233333333333334,1.1435383558273315,1.2061536535056805
COHFACE_s08_session3_natural,47,218,54.266666666666666,1.4447717666625977,0.9867276052960745
COHFACE_s08_session3_natural,47,219,54.3,1.3479801416397095,0.5791501914130115
COHFACE_s08_session3_natural,47,220,54.333333333333336,1.1234865188598633,0.019477805930634577
COHFACE_s08_session3_natural,47,221,54.36666666666667,0.9024147987365723,-0.6048543518529171
COHFACE_s08_session3_natural,47,222,54.4,0.6533526182174683,-1.1743703408065944
COHFACE_s08_session3_natural,47,223,54.43333333333333,0.4166317880153656,-1.5690973055358683
COHFACE_s08_session3_natural,47,224,54.46666666666667,0.2956365644931793,-1.7012144135045835
COHFACE_s08_session3_natural,47,225,54.5,0.3048754632472992,-1.539554634386684
COHFACE_s08_session3_natural,47,226,54.53333333333333,0.322075754404068,-1.119506355501059
COHFACE_s08_session3_natural,47,227,54.56666666666667,0.2599128782749176,-0.5349292003682943
COHFACE_s08_session3_natural,47,228,54.6,0.12215078622102737,0.08695459069899107
COHFACE_s08_session3_natural,47,229,54.63333333333333,-0.08140130341053009,0.6209034126268378
COHFACE_s08_session3_natural,47,230,54.666666666666664,-0.2884664535522461,0.9771599792297966
COHFACE_s08_session3_natural,47,231,54.7,-0.44361135363578796,1.120936857218502
COHFACE_s08_session3_natural,47,232,54.733333333333334,-0.5631237626075745,1.0726748212601367
COHFACE_s08_session3_natural,47,233,54.766666666666666,-0.6615350246429443,0.8925672847400932
COHFACE_s08_session3_natural,47,234,54.8,-0.7416509985923767,0.6572467707666851
COHFACE_s08_session3_natural,47,235,54.833333333333336,-0.7906741499900818,0.43661303223476927
COHFACE_s08_session3_natural,47,236,54.86666666666667,-0.8279262781143188,0.27703498597673115
COHFACE_s08_session3_natural,47,237,54.9,-0.8574450612068176,0.19422278967926207
COHFACE_s08_session3_natural,47,238,54.93333333333333,-0.8993736505508423,0.17531364727562157
COHFACE_s08_session3_natural,47,239,54.96666666666667,-0.8045439124107361,0.18711859513399995
COHFACE_s08_session3_natural,48,0,48.0,-1.0525567531585693,-0.09102132705413452
COHFACE_s08_session3_natural,48,1,48.03333333333333,-0.7640981078147888,0.3225930031115665
COHFACE_s08_session3_natural,48,2,48.06666666666667,-0.011299817822873592,0.6436221969277737
COHFACE_s08_session3_natural,48,3,48.1,0.8598930835723877,0.7996935129786392
COHFACE_s08_session3_natural,48,4,48.13333333333333,1.3260349035263062,0.7595461666310308
COHFACE_s08_session3_natural,48,5,48.166666666666664,1.3329013586044312,0.5367137188081015
COHFACE_s08_session3_natural,48,6,48.2,1.1504048109054565,0.18005446709346468
COHFACE_s08_session3_natural,48,7,48.233333333333334,0.9747746586799622,-0.24325786803406876
COHFACE_s08_session3_natural,48,8,48.266666666666666,0.7736178636550903,-0.664601122903974
COHFACE_s08_session3_natural,48,9,48.3,0.5116896629333496,-1.0250581366956197
COHFACE_s08_session3_natural,48,10,48.333333333333336,0.2844586670398712,-1.2795356211840712
COHFACE_s08_session3_natural,48,11,48.36666666666667,0.1611594259738922,-1.3963200577469153
COHFACE_s08_session3_natural,48,12,48.4,0.099772147834301,-1.3560490068083235
COHFACE_s08_session3_natural,48,13,48.43333333333333,0.0416698083281517,-1.1531913160220686
COHFACE_s08_session3_natural,48,14,48.46666666666667,-0.08388782292604446,-0.800728820089359
COHFACE_s08_session3_natural,48,15,48.5,-0.26896214485168457,-0.3356727353057159
COHFACE_s08_session3_natural,48,16,48.53333333333333,-0.4475350081920624,0.1793605560532689
COHFACE_s08_session3_natural,48,17,48.56666666666667,-0.5936691164970398,0.6629856819365656
COHFACE_s08_session3_natural,48,18,48.6,-0.7181089520454407,1.031011769917231
COHFACE_s08_session3_natural,48,19,48.63333333333333,-0.829888105392456,1.217296352412405
COHFACE_s08_session3_natural,48,20,48.666666666666664,-0.9074719548225403,1.1921805242988113
COHFACE_s08_session3_natural,48,21,48.7,-0.9546245336532593,0.971413848472098
COHFACE_s08_session3_natural,48,22,48.733333333333334,-0.99771648645401,0.6118419481125599
COHFACE_s08_session3_natural,48,23,48.766666666666666,-1.0449374914169312,0.1955052711184335
COHFACE_s08_session3_natural,48,24,48.8,-1.0859535932540894,-0.1911996338626472
COHFACE_s08_session3_natural,48,25,48.833333333333336,-1.150876760482788,-0.4754659278558385
COHFACE_s08_session3_natural,48,26,48.86666666666667,-1.159522533416748,-0.6091266379632048
COHFACE_s08_session3_natural,48,27,48.9,-0.8677789568901062,-0.5739954285881969
COHFACE_s08_session3_natural,48,28,48.93333333333333,-0.1492900252342224,-0.3847056264089355
COHFACE_s08_session3_natural,48,29,48.96666666666667,0.6455280780792236,-0.08994629982827937
COHFACE_s08_session3_natural,48,30,49.0,1.073071837425232,0.23123050274943735
COHFACE_s08_session3_natural,48,31,49.03333333333333,1.088698148727417,0.48273458604705116
COHFACE_s08_session3_natural,48,32,49.06666666666667,0.9384578466415405,0.5750331291537526
COHFACE_s08_session3_natural,48,33,49.1,0.7900881767272949,0.45339757170223843
COHFACE_s08_session3_natural,48,34,49.13333333333333,0.5984211564064026,0.12137981734076048
COHFACE_s08_session3_natural,48,35,49.166666666666664,0.36806488037109375,-0.35016506382382656
COHFACE_s08_session3_natural,48,36,49.2,0.18381181359291077,-0.835255012875893
COHFACE_s08_session3_natural,48,37,49.233333333333334,0.10563484579324722,-1.1860628306500043
COHFACE_s08_session3_natural,48,38,49.266666666666666,0.08163655549287796,-1.2777592618004006
COHFACE_s08_session3_natural,48,39,49.3,0.03756363317370415,-1.049003077038277
COHFACE_s08_session3_natural,48,40,49.333333333333336,-0.07197992503643036,-0.5235093113404454
COHFACE_s08_session3_natural,48,41,49.36666666666667,-0.21888965368270874,0.19451040199123537
COHFACE_s08_session3_natural,48,42,49.4,-0.3812659680843353,0.949217276891446
COHFACE_s08_session3_natural,48,43,49.43333333333333,-0.5202142596244812,1.5764448826339128
COHFACE_s08_session3_natural,48,44,49.46666666666667,-0.6213858127593994,1.9465368131927343
COHFACE_s08_session3_natural,48,45,49.5,-0.7175614833831787,1.992789007019737
COHFACE_s08_session3_natural,48,46,49.53333333333333,-0.8083763122558594,1.7189130941042186
COHFACE_s08_session3_natural,48,47,49.56666666666667,-0.8732994794845581,1.187900119246053
COHFACE_s08_session3_natural,48,48,49.6,-0.9132205843925476,0.5000029238619706
COHFACE_s08_session3_natural,48,49,49.63333333333333,-0.952548623085022,-0.2316444723345947
COHFACE_s08_session3_natural,48,50,49.666666666666664,-0.9922187924385071,-0.9013279543873276
COHFACE_s08_session3_natural,48,51,49.7,-1.0420175790786743,-1.4238524153442431
COHFACE_s08_session3_natural,48,52,49.733333333333334,-1.1082181930541992,-1.7406143605452928
COHFACE_s08_session3_natural,48,53,49.766666666666666,-1.0712398290634155,-1.8211758164945924
COHFACE_s08_session3_natural,48,54,49.8,-0.6493990421295166,-1.6635600974959683
COHFACE_s08_session3_natural,48,55,49.833333333333336,0.14108480513095856,-1.294866685313769
COHFACE_s08_session3_natural,48,56,49.86666666666667,0.8572241067886353,-0.7706346957589204
COHFACE_s08_session3_natural,48,57,49.9,1.1435612440109253,-0.16973511341050698
COHFACE_s08_session3_natural,48,58,49.93333333333333,1.0772465467453003,0.4166575041590472
COHFACE_s08_session3_natural,48,59,49.96666666666667,0.9263446927070618,0.9005334082939092
COHFACE_s08_session3_natural,48,60,50.0,0.7675042152404785,1.2140246229116884
COHFACE_s08_session3_natural,48,61,50.03333333333333,0.5678529739379883,1.3241398164823721
COHFACE_s08_session3_natural,48,62,50.06666666666667,0.3588716387748718,1.2402640290444742
COHFACE_s08_session3_natural,48,63,50.1,0.2170718014240265,1.0098053747007825
COHFACE_s08_session3_natural,48,64,50.13333333333333,0.17324982583522797,0.7013607922871619
COHFACE_s08_session3_natural,48,65,50.166666666666664,0.14439254999160767,0.381023132493942
COHFACE_s08_session3_natural,48,66,50.2,0.07780412584543228,0.0922476744356502
COHFACE_s08_session3_natural,48,67,50.233333333333334,-0.0422101728618145,-0.15102901203448105
COHFACE_s08_session3_natural,48,68,50.266666666666666,-0.20844171941280365,-0.35550760665523806
COHFACE_s08_session3_natural,48,69,50.3,-0.35238587856292725,-0.5303766908692581
COHFACE_s08_session3_natural,48,70,50.333333333333336,-0.48293936252593994,-0.6712828960453925
COHFACE_s08_session3_natural,48,71,50.36666666666667,-0.5856848955154419,-0.7561143758366993
COHFACE_s08_session3_natural,48,72,50.4,-0.6764312982559204,-0.755260744964481
COHFACE_s08_session3_natural,48,73,50.43333333333333,-0.7465099692344666,-0.6506357682153928
COHFACE_s08_session3_natural,48,74,50.46666666666667,-0.8020573854446411,-0.452633200589864
COHFACE_s08_session3_natural,48,75,50.5,-0.8421154022216797,-0.20525288773368455
COHFACE_s08_session3_natural,48,76,50.53333333333333,-0.8743944764137268,0.023758328034412635
COHFACE_s08_session3_natural,48,77,50.56666666666667,-0.9074491262435913,0.16363891302025171
COHFACE_s08_session3_natural,48,78,50.6,-0.9557878971099854,0.16461092491987292
COHFACE_s08_session3_natural,48,79,50.63333333333333,-0.9926750063896179,0.017429080495441073
COHFACE_s08_session3_natural,48,80,50.666666666666664,-0.8900207281112671,-0.23801098458782913
COHFACE_s08_session3_natural,48,81,50.7,-0.38550901412963867,-0.5190230826150898
COHFACE_s08_session3_natural,48,82,50.733333333333334,0.43337583541870117,-0.7213196480876443
COHFACE_s08_session3_natural,48,83,50.766666666666666,1.093671202659607,-0.7501115918357338
COHFACE_s08_session3_natural,48,84,50.8,1.3071922063827515,-0.5523223501266136
COHFACE_s08_session3_natural,48,85,50.833333333333336,1.216445803642273,-0.1393683817108933
COHFACE_s08_session3_natural,48,86,50.86666666666667,1.0480014085769653,0.40874972352224315
COHFACE_s08_session3_natural,48,87,50.9,0.8722116351127625,0.9622391392786928
COHFACE_s08_session3_natural,48,88,50.93333333333333,0.6658536195755005,1.3792735663931486
COHFACE_s08_session3_natural,48,89,50.96666666666667,0.4632824659347534,1.5507333888897872
COHFACE_s08_session3_natural,48,90,51.0,0.352780818939209,1.4357588353646984
COHFACE_s08_session3_natural,48,91,51.03333333333333,0.3212088942527771,1.0742205253049217
COHFACE_s08_session3_natural,48,92,51.06666666666667,0.2855992615222931,0.5708427071054328
COHFACE_s08_session3_natural,48,93,51.1,0.20228958129882812,0.05721804537187928
COHFACE_s08_session3_natural,48,94,51.13333333333333,0.05937197431921959,-0.3528422055787814
COHFACE_s08_session3_natural,48,95,51.166666666666664,-0.10197779536247253,-0.5968550156052436
COHFACE_s08_session3_natural,48,96,51.2,-0.2526058852672577,-0.6742321095090504
COHFACE_s08_session3_natural,48,97,51.233333333333334,-0.3939494788646698,-0.6324550627140402
COHFACE_s08_session3_natural,48,98,51.266666666666666,-0.5001168251037598,-0.5371884222281971
COHFACE_s08_session3_natural,48,99,51.3,-0.5889698266983032,-0.44037076812364934
COHFACE_s08_session3_natural,48,100,51.333333333333336,-0.658934473991394,-0.36039871602409496
COHFACE_s08_session3_natural,48,101,51.36666666666667,-0.7146415114402771,-0.2823072112889414
COHFACE_s08_session3_natural,48,102,51.4,-0.7660143375396729,-0.17548548432524527
COHFACE_s08_session3_natural,48,103,51.43333333333333,-0.7866136431694031,-0.01794141442762981
COHFACE_s08_session3_natural,48,104,51.46666666666667,-0.8014870882034302,0.18555033230269513
COHFACE_s08_session3_natural,48,105,51.5,-0.8280859589576721,0.399388982869043
COHFACE_s08_session3_natural,48,106,51.53333333333333,-0.8718166947364807,0.5678376058463402
COHFACE_s08_session3_natural,48,107,51.56666666666667,-0.7757322788238525,0.6349682620197241
COHFACE_s08_session3_natural,48,108,51.6,-0.23912395536899567,0.5656553216445875
COHFACE_s08_session3_natural,48,109,51.63333333333333,0.6116293668746948,0.360082056903757
COHFACE_s08_session3_natural,48,110,51.666666666666664,1.2698259353637695,0.05702411517476886
COHFACE_s08_session3_natural,48,111,51.7,1.482867956161499,-0.27497553250038553
COHFACE_s08_session3_natural,48,112,51.733333333333334,1.3736892938613892,-0.5556030447711182
COHFACE_s08_session3_natural,48,113,51.766666666666666,1.173467755317688,-0.7146179152522205
COHFACE_s08_session3_natural,48,114,51.8,0.9914959073066711,-0.7118885771454297
COHFACE_s08_session3_natural,48,115,51.833333333333336,0.7993270754814148,-0.5506514212957008
COHFACE_s08_session3_natural,48,116,51.86666666666667,0.6257272362709045,-0.27991841247099614
COHFACE_s08_session3_natural,48,117,51.9,0.5397485494613647,0.015926047792077215
COHFACE_s08_session3_natural,48,118,51.93333333333333,0.5550782084465027,0.23846887630627456
COHFACE_s08_session3_natural,48,119,51.96666666666667,0.559093177318573,0.30240000130345507
COHFACE_s08_session3_natural,48,120,52.0,0.49273285269737244,0.16229473765012883
COHFACE_s08_session3_natural,48,121,52.03333333333333,0.3904891610145569,-0.16759612419063247
COHFACE_s08_session3_natural,48,122,52.06666666666667,0.2821546494960785,-0.6082482885871583
COHFACE_s08_session3_natural,48,123,52.1,0.1631440818309784,-1.0311484610719674
COHFACE_s08_session3_natural,48,124,52.13333333333333,0.023602647706866264,-1.2922715338544335
COHFACE_s08_session3_natural,48,125,52.166666666666664,-0.09547635167837143,-1.2749332617549884
COHFACE_s08_session3_natural,48,126,52.2,-0.2051795870065689,-0.928287778214515
COHFACE_s08_session3_natural,48,127,52.233333333333334,-0.2781097888946533,-0.28936627762107825
COHFACE_s08_session3_natural,48,128,52.266666666666666,-0.32106491923332214,0.5197973586720771
COHFACE_s08_session3_natural,48,129,52.3,-0.3694264888763428,1.3218664629554684
COHFACE_s08_session3_natural,48,130,52.333333333333336,-0.43959641456604004,1.9333681485797252
COHFACE_s08_session3_natural,48,131,52.36666666666667,-0.5249592065811157,2.2176391964655697
COHFACE_s08_session3_natural,48,132,52.4,-0.6040942668914795,2.1230651429113627
COHFACE_s08_session3_natural,48,133,52.43333333333333,-0.6083372831344604,1.693142164758979
COHFACE_s08_session3_natural,48,134,52.46666666666667,-0.31871527433395386,1.0462139134981285
COHFACE_s08_session3_natural,48,135,52.5,0.3893941640853882,0.3346873881465211
COHFACE_s08_session3_natural,48,136,52.53333333333333,1.17625093460083,-0.2998696913318717
COHFACE_s08_session3_natural,48,137,52.56666666666667,1.6124176979064941,-0.7604422411373042
COHFACE_s08_session3_natural,48,138,52.6,1.6259679794311523,-1.0088970588520008
COHFACE_s08_session3_natural,48,139,52.63333333333333,1.4195188283920288,-1.0610602115117072
COHFACE_s08_session3_natural,48,140,52.666666666666664,1.19580078125,-0.9681244610996177
COHFACE_s08_session3_natural,48,141,52.7,0.9619314670562744,-0.7924562506229399
COHFACE_s08_session3_natural,48,142,52.733333333333334,0.7334229946136475,-0.5865937688575125
COHFACE_s08_session3_natural,48,143,52.766666666666666,0.5913722515106201,-0.38258416951823954
COHFACE_s08_session3_natural,48,144,52.8,0.5439231395721436,-0.19416464761139893
COHFACE_s08_session3_natural,48,145,52.833333333333336,0.5692673325538635,-0.028045610975587575
COHFACE_s08_session3_natural,48,146,52.86666666666667,0.5398625731468201,0.10429743391918107
COHFACE_s08_session3_natural,48,147,52.9,0.40602418780326843,0.18287368156767564
COHFACE_s08_session3_natural,48,148,52.93333333333333,0.2421194612979889,0.1862691574875829
COHFACE_s08_session3_natural,48,149,52.96666666666667,0.08702020347118378,0.10510679408216066
COHFACE_s08_session3_natural,48,150,53.0,-0.08350002020597458,-0.04636576132409722
COHFACE_s08_session3_natural,48,151,53.03333333333333,-0.24573945999145508,-0.22759365200702336
COHFACE_s08_session3_natural,48,152,53.06666666666667,-0.37216395139694214,-0.38033300218401134
COHFACE_s08_session3_natural,48,153,53.1,-0.48809486627578735,-0.4458373211081806
COHFACE_s08_session3_natural,48,154,53.13333333333333,-0.5928022861480713,-0.3847165054313173
COHFACE_s08_session3_natural,48,155,53.166666666666664,-0.6690858602523804,-0.19277767020518155
COHFACE_s08_session3_natural,48,156,53.2,-0.6672608852386475,0.09285265710760886
COHFACE_s08_session3_natural,48,157,53.233333333333334,-0.6294612884521484,0.4005034057898417
COHFACE_s08_session3_natural,48,158,53.266666666666666,-0.6528436541557312,0.6430266012712644
COHFACE_s08_session3_natural,48,159,53.3,-0.8779075145721436,0.7443206108276866
COHFACE_s08_session3_natural,48,160,53.333333333333336,-0.8635587096214294,0.6651256665154633
COHFACE_s08_session3_natural,48,161,53.36666666666667,-0.2465835064649582,0.41906116926905435
COHFACE_s08_session3_natural,48,162,53.4,0.6085269451141357,0.0724436662738923
COHFACE_s08_session3_natural,48,163,53.43333333333333,1.1976029872894287,-0.2732677378361008
COHFACE_s08_session3_natural,48,164,53.46666666666667,1.3507404327392578,-0.5114598393059466
COHFACE_s08_session3_natural,48,165,53.5,1.2089177370071411,-0.563520836253217
COHFACE_s08_session3_natural,48,166,53.53333333333333,1.0098367929458618,-0.4049989466250118
COHFACE_s08_session3_natural,48,167,53.56666666666667,0.7997148633003235,-0.07670566189856355
COHFACE_s08_session3_natural,48,168,53.6,0.6168076992034912,0.32340552144137474
COHFACE_s08_session3_natural,48,169,53.63333333333333,0.5461359024047852,0.6667261502751538
COHFACE_s08_session3_natural,48,170,53.666666666666664,0.5469115376472473,0.8324371878542179
COHFACE_s08_session3_natural,48,171,53.7,0.5513142347335815,0.7467161443231347
COHFACE_s08_session3_natural,48,172,53.733333333333334,0.5149518251419067,0.4094211546429011
COHFACE_s08_session3_natural,48,173,53.766666666666666,0.3806571662425995,-0.10233124894158409
COHFACE_s08_session3_natural,48,174,53.8,0.17977407574653625,-0.6564880778494341
COHFACE_s08_session3_natural,48,175,53.833333333333336,-0.02555736154317856,-1.1072859097412364
COHFACE_s08_session3_natural,48,176,53.86666666666667,-0.19737786054611206,-1.3409897313670007
COHFACE_s08_session3_natural,48,177,53.9,-0.35272806882858276,-1.3098982662349596
COHFACE_s08_session3_natural,48,178,53.93333333333333,-0.4856767952442169,-1.0428029569372952
COHFACE_s08_session3_natural,48,179,53.96666666666667,-0.5873730182647705,-0.6286349989438861
COHFACE_s08_session3_natural,48,180,54.0,-0.6415972709655762,-0.1795848100830088
COHFACE_s08_session3_natural,48,181,54.03333333333333,-0.6744466423988342,0.2115159354093539
COHFACE_s08_session3_natural,48,182,54.06666666666667,-0.7383888959884644,0.5003888629836816
COHFACE_s08_session3_natural,48,183,54.1,-0.8207632899284363,0.6932355178372216
COHFACE_s08_session3_natural,48,184,54.13333333333333,-0.8231585621833801,0.8229782007857727
COHFACE_s08_session3_natural,48,185,54.166666666666664,-0.460013210773468,0.9162684705660772
COHFACE_s08_session3_natural,48,186,54.2,0.362088143825531,0.9711285612129111
COHFACE_s08_session3_natural,48,187,54.233333333333334,1.1435383558273315,0.956939655163594
COHFACE_s08_session3_natural,48,188,54.266666666666666,1.4447717666625977,0.835323109928276
COHFACE_s08_session3_natural,48,189,54.3,1.3479801416397095,0.5890791091310239
COHFACE_s08_session3_natural,48,190,54.333333333333336,1.1234865188598633,0.24203430516688232
COHFACE_s08_session3_natural,48,191,54.36666666666667,0.9024147987365723,-0.14199263660284342
COHFACE_s08_session3_natural,48,192,54.4,0.6533526182174683,-0.48039928013136923
COHFACE_s08_session3_natural,48,193,54.43333333333333,0.4166317880153656,-0.7012936458711535
COHFACE_s08_session3_natural,48,194,54.46666666666667,0.2956365644931793,-0.7668101968367349
COHFACE_s08_session3_natural,48,195,54.5,0.3048754632472992,-0.6812862781854769
COHFACE_s08_session3_natural,48,196,54.53333333333333,0.322075754404068,-0.48378692875683565
COHFACE_s08_session3_natural,48,197,54.56666666666667,0.2599128782749176,-0.23085954996592342
COHFACE_s08_session3_natural,48,198,54.6,0.12215078622102737,0.022679333723085053
COHFACE_s08_session3_natural,48,199,54.63333333333333,-0.08140130341053009,0.23821625433028867
COHFACE_s08_session3_natural,48,200,54.666666666666664,-0.2884664535522461,0.39845187622765044
COHFACE_s08_session3_natural,48,201,54.7,-0.44361135363578796,0.5023031985755936
COHFACE_s08_session3_natural,48,202,54.733333333333334,-0.5631237626075745,0.5541967879856894
COHFACE_s08_session3_natural,48,203,54.766666666666666,-0.6615350246429443,0.5555427342087871
COHFACE_s08_session3_natural,48,204,54.8,-0.7416509985923767,0.5038610075209261
COHFACE_s08_session3_natural,48,205,54.833333333333336,-0.7906741499900818,0.39913820359866964
COHFACE_s08_session3_natural,48,206,54.86666666666667,-0.8279262781143188,0.2518464707759235
COHFACE_s08_session3_natural,48,207,54.9,-0.8574450612068176,0.08570670195645164
COHFACE_s08_session3_natural,48,208,54.93333333333333,-0.8993736505508423,-0.06853001111379153
COHFACE_s08_session3_natural,48,209,54.96666666666667,-0.8045439124107361,-0.18605768403916992
COHFACE_s08_session3_natural,48,210,55.0,-0.24295638501644135,-0.2603443438479321
COHFACE_s08_session3_natural,48,211,55.03333333333333,0.7531782388687134,-0.3068814392002714
COHFACE_s08_session3_natural,48,212,55.06666666666667,1.5834234952926636,-0.35556903230088777
COHFACE_s08_session3_natural,48,213,55.1,1.8936220407485962,-0.4357693087877569
COHFACE_s08_session3_natural,48,214,55.13333333333333,1.8493437767028809,-0.5616432545470484
COHFACE_s08_session3_natural,48,215,55.166666666666664,1.6853477954864502,-0.7243694486164796
COHFACE_s08_session3_natural,48,216,55.2,1.49942946434021,-0.8937551305069081
COHFACE_s08_session3_natural,48,217,55.233333333333334,1.2526029348373413,-1.0273285180836909
COHFACE_s08_session3_natural,48,218,55.266666666666666,0.9507992267608643,-1.0825434760212524
COHFACE_s08_session3_natural,48,219,55.3,0.7338336110115051,-1.0277064580165365
COHFACE_s08_session3_natural,48,220,55.333333333333336,0.634053647518158,-0.8489573652650765
COHFACE_s08_session3_natural,48,221,55.36666666666667,0.5681723356246948,-0.5532411169736507
COHFACE_s08_session3_natural,48,222,55.4,0.4612521827220917,-0.16922105662141035
COHFACE_s08_session3_natural,48,223,55.43333333333333,0.2975299656391144,0.2528089471437689
COHFACE_s08_session3_natural,48,224,55.46666666666667,0.07771287858486176,0.6446986055419445
COHFACE_s08_session3_natural,48,225,55.5,-0.13585372269153595,0.9324670730137593
COHFACE_s08_session3_natural,48,226,55.53333333333333,-0.3068757951259613,1.0572558729999497
COHFACE_s08_session3_natural,48,227,55.56666666666667,-0.45862168073654175,0.9983373684208484
COHFACE_s08_session3_natural,48,228,55.6,-0.5874642729759216,0.7859892362347579
COHFACE_s08_session3_natural,48,229,55.63333333333333,-0.6770015954971313,0.4947363089446503
COHFACE_s08_session3_natural,48,230,55.666666666666664,-0.747445285320282,0.21830653383035356
COHFACE_s08_session3_natural,48,231,55.7,-0.7971528172492981,0.03773402784133418
COHFACE_s08_session3_natural,48,232,55.733333333333334,-0.8571256995201111,-0.00459847530848675
COHFACE_s08_session3_natural,48,233,55.766666666666666,-0.9350061416625977,0.08301488431598891
COHFACE_s08_session3_natural,48,234,55.8,-0.9803565144538879,0.2464287054139787
COHFACE_s08_session3_natural,48,235,55.833333333333336,-0.7329596281051636,0.4058160758139985
COHFACE_s08_session3_natural,48,236,55.86666666666667,0.05245991423726082,0.4849365703139819
COHFACE_s08_session3_natural,48,237,55.9,1.0444655418395996,0.4393894621474382
COHFACE_s08_session3_natural,48,238,55.93333333333333,1.6605967283248901,0.2730656521602028
COHFACE_s08_session3_natural,48,239,55.96666666666667,1.7354660034179688,0.036258890550967135
COHFACE_s08_session3_natural,49,0,49.0,1.073071837425232,-0.02850106428245444
COHFACE_s08_session3_natural,49,1,49.03333333333333,1.088698148727417,0.17365606376966972
COHFACE_s08_session3_natural,49,2,49.06666666666667,0.9384578466415405,0.2264343855707592
COHFACE_s08_session3_natural,49,3,49.1,0.7900881767272949,0.0323464844103982
COHFACE_s08_session3_natural,49,4,49.13333333333333,0.5984211564064026,-0.41682696957774784
COHFACE_s08_session3_natural,49,5,49.166666666666664,0.36806488037109375,-1.0326982141805714
COHFACE_s08_session3_natural,49,6,49.2,0.18381181359291077,-1.655554471883009
COHFACE_s08_session3_natural,49,7,49.233333333333334,0.10563484579324722,-2.1040142717289174
COHFACE_s08_session3_natural,49,8,49.266666666666666,0.08163655549287796,-2.2308954529352705
COHFACE_s08_session3_natural,49,9,49.3,0.03756363317370415,-1.9655761605279058
COHFACE_s08_session3_natural,49,10,49.333333333333336,-0.07197992503643036,-1.3315699067283975
COHFACE_s08_session3_natural,49,11,49.36666666666667,-0.21888965368270874,-0.43886410323150343
COHFACE_s08_session3_natural,49,12,49.4,-0.3812659680843353,0.5437599154388103
COHFACE_s08_session3_natural,49,13,49.43333333333333,-0.5202142596244812,1.4292218631417868
COHFACE_s08_session3_natural,49,14,49.46666666666667,-0.6213858127593994,2.0560192767022727
COHFACE_s08_session3_natural,49,15,49.5,-0.7175614833831787,2.3246711891015335
COHFACE_s08_session3_natural,49,16,49.53333333333333,-0.8083763122558594,2.2177462248738173
COHFACE_s08_session3_natural,49,17,49.56666666666667,-0.8732994794845581,1.798620370009679
COHFACE_s08_session3_natural,49,18,49.6,-0.9132205843925476,1.188991251182525
COHFACE_s08_session3_natural,49,19,49.63333333333333,-0.952548623085022,0.53135440419837
COHFACE_s08_session3_natural,49,20,49.666666666666664,-0.9922187924385071,-0.05079126530040115
COHFACE_s08_session3_natural,49,21,49.7,-1.0420175790786743,-0.4805717609860532
COHFACE_s08_session3_natural,49,22,49.733333333333334,-1.1082181930541992,-0.7352182674366575
COHFACE_s08_session3_natural,49,23,49.766666666666666,-1.0712398290634155,-0.8353016950502259
COHFACE_s08_session3_natural,49,24,49.8,-0.6493990421295166,-0.8242383638574899
COHFACE_s08_session3_natural,49,25,49.833333333333336,0.14108480513095856,-0.7478226956846992
COHFACE_s08_session3_natural,49,26,49.86666666666667,0.8572241067886353,-0.6407125950090494
COHFACE_s08_session3_natural,49,27,49.9,1.1435612440109253,-0.5222151613875416
COHFACE_s08_session3_natural,49,28,49.93333333333333,1.0772465467453003,-0.39961249598131265
COHFACE_s08_session3_natural,49,29,49.96666666666667,0.9263446927070618,-0.2748951336936422
COHFACE_s08_session3_natural,49,30,50.0,0.7675042152404785,-0.15053034097236828
COHFACE_s08_session3_natural,49,31,50.03333333333333,0.5678529739379883,-0.03167121378520505
COHFACE_s08_session3_natural,49,32,50.06666666666667,0.3588716387748718,0.07491484037932802
COHFACE_s08_session3_natural,49,33,50.1,0.2170718014240265,0.16278954838048595
COHFACE_s08_session3_natural,49,34,50.13333333333333,0.17324982583522797,0.22628399822507256
COHFACE_s08_session3_natural,49,35,50.166666666666664,0.14439254999160767,0.2590794518618084
COHFACE_s08_session3_natural,49,36,50.2,0.07780412584543228,0.25308967260907583
COHFACE_s08_session3_natural,49,37,50.233333333333334,-0.0422101728618145,0.20079396564048788
COHFACE_s08_session3_natural,49,38,50.266666666666666,-0.20844171941280365,0.10228568353153249
COHFACE_s08_session3_natural,49,39,50.3,-0.35238587856292725,-0.026089038021803075
COHFACE_s08_session3_natural,49,40,50.333333333333336,-0.48293936252593994,-0.1487659654251979
COHFACE_s08_session3_natural,49,41,50.36666666666667,-0.5856848955154419,-0.21999899334969408
COHFACE_s08_session3_natural,49,42,50.4,-0.6764312982559204,-0.20365088028030665
COHFACE_s08_session3_natural,49,43,50.43333333333333,-0.7465099692344666,-0.09411817398831843
COHFACE_s08_session3_natural,49,44,50.46666666666667,-0.8020573854446411,0.07350057872479364
COHFACE_s08_session3_natural,49,45,50.5,-0.8421154022216797,0.23092679223154886
COHFACE_s08_session3_natural,49,46,50.53333333333333,-0.8743944764137268,0.30004768621975003
COHFACE_s08_session3_natural,49,47,50.56666666666667,-0.9074491262435913,0.22261819184931636
COHFACE_s08_session3_natural,49,48,50.6,-0.9557878971099854,-0.01563936536533687
COHFACE_s08_session3_natural,49,49,50.63333333333333,-0.9926750063896179,-0.3754090664374166
COHFACE_s08_session3_natural,49,50,50.666666666666664,-0.8900207281112671,-0.7711795291820729
COHFACE_s08_session3_natural,49,51,50.7,-0.38550901412963867,-1.0923251176149105
COHFACE_s08_session3_natural,49,52,50.733333333333334,0.43337583541870117,-1.2315852045123157
COHFACE_s08_session3_natural,49,53,50.766666666666666,1.093671202659607,-1.1141534348530204
COHFACE_s08_session3_natural,49,54,50.8,1.3071922063827515,-0.7208872500101394
COHFACE_s08_session3_natural,49,55,50.833333333333336,1.216445803642273,-0.09968764630912379
COHFACE_s08_session3_natural,49,56,50.86666666666667,1.0480014085769653,0.639547208528797
COHFACE_s08_session3_natural,49,57,50.9,0.8722116351127625,1.3477258177056506
COHFACE_s08_session3_natural,49,58,50.93333333333333,0.6658536195755005,1.8731029663300123
COHFACE_s08_session3_natural,49,59,50.96666666666667,0.4632824659347534,2.1020133765545004
COHFACE_s08_session3_natural,49,60,51.0,0.352780818939209,1.991211727258654
COHFACE_s08_session3_natural,49,61,51.03333333333333,0.3212088942527771,1.580255343766455
COHFACE_s08_session3_natural,49,62,51.06666666666667,0.2855992615222931,0.9779269802615798
COHFACE_s08_session3_natural,49,63,51.1,0.20228958129882812,0.32616311153196864
COHFACE_s08_session3_natural,49,64,51.13333333333333,0.05937197431921959,-0.24492778293529324
COHFACE_s08_session3_natural,49,65,51.166666666666664,-0.10197779536247253,-0.6530513968226681
COHFACE_s08_session3_natural,49,66,51.2,-0.2526058852672577,-0.8780299117891909
COHFACE_s08_session3_natural,49,67,51.233333333333334,-0.3939494788646698,-0.9523891417563342
COHFACE_s08_session3_natural,49,68,51.266666666666666,-0.5001168251037598,-0.9356286461384402
COHFACE_s08_session3_natural,49,69,51.3,-0.5889698266983032,-0.8845463202560901
COHFACE_s08_session3_natural,49,70,51.333333333333336,-0.658934473991394,-0.8318380218588198
COHFACE_s08_session3_natural,49,71,51.36666666666667,-0.7146415114402771,-0.7800652060556978
COHFACE_s08_session3_natural,49,72,51.4,-0.7660143375396729,-0.7100733730398178
COHFACE_s08_session3_natural,49,73,51.43333333333333,-0.7866136431694031,-0.5967616808500374
COHFACE_s08_session3_natural,49,74,51.46666666666667,-0.8014870882034302,-0.4241738953426306
COHFACE_s08_session3_natural,49,75,51.5,-0.8280859589576721,-0.1949311303547746
COHFACE_s08_session3_natural,49,76,51.53333333333333,-0.8718166947364807,0.06733874232858006
COHFACE_s08_session3_natural,49,77,51.56666666666667,-0.7757322788238525,0.3219711191449039
COHFACE_s08_session3_natural,49,78,51.6,-0.23912395536899567,0.5208581336675211
COHFACE_s08_session3_natural,49,79,51.63333333333333,0.6116293668746948,0.6223449410856999
COHFACE_s08_session3_natural,49,80,51.666666666666664,1.2698259353637695,0.6057730794442229
COHFACE_s08_session3_natural,49,81,51.7,1.482867956161499,0.480822101528101
COHFACE_s08_session3_natural,49,82,51.733333333333334,1.3736892938613892,0.2864434967475094
COHFACE_s08_session3_natural,49,83,51.766666666666666,1.173467755317688,0.0780890790399564
COHFACE_s08_session3_natural,49,84,51.8,0.9914959073066711,-0.09256210187552345
COHFACE_s08_session3_natural,49,85,51.833333333333336,0.7993270754814148,-0.19693475141166747
COHFACE_s08_session3_natural,49,86,51.86666666666667,0.6257272362709045,-0.23907696766014228
COHFACE_s08_session3_natural,49,87,51.9,0.5397485494613647,-0.2506558487769656
COHFACE_s08_session3_natural,49,88,51.93333333333333,0.5550782084465027,-0.27375726026738684
COHFACE_s08_session3_natural,49,89,51.96666666666667,0.559093177318573,-0.3396886609509636
COHFACE_s08_session3_natural,49,90,52.0,0.49273285269737244,-0.45322243486352815
COHFACE_s08_session3_natural,49,91,52.03333333333333,0.3904891610145569,-0.5882206428874907
COHFACE_s08_session3_natural,49,92,52.06666666666667,0.2821546494960785,-0.6948945888447888
COHFACE_s08_session3_natural,49,93,52.1,0.1631440818309784,-0.7146826897857116
COHFACE_s08_session3_natural,49,94,52.13333333333333,0.023602647706866264,-0.597885426904374
COHFACE_s08_session3_natural,49,95,52.166666666666664,-0.09547635167837143,-0.32022193815223177
COHFACE_s08_session3_natural,49,96,52.2,-0.2051795870065689,0.1049949561522962
COHFACE_s08_session3_natural,49,97,52.233333333333334,-0.2781097888946533,0.6225387054096466
COHFACE_s08_session3_natural,49,98,52.266666666666666,-0.32106491923332214,1.1419391150870524
COHFACE_s08_session3_natural,49,99,52.3,-0.3694264888763428,1.5562339865730346
COHFACE_s08_session3_natural,49,100,52.333333333333336,-0.43959641456604004,1.769843864687005
COHFACE_s08_session3_natural,49,101,52.36666666666667,-0.5249592065811157,1.7277479955309625
COHFACE_s08_session3_natural,49,102,52.4,-0.6040942668914795,1.4349935614945548
COHFACE_s08_session3_natural,49,103,52.43333333333333,-0.6083372831344604,0.957212913628869
COHFACE_s08_session3_natural,49,104,52.46666666666667,-0.31871527433395386,0.40009093567499404
COHFACE_s08_session3_natural,49,105,52.5,0.3893941640853882,-0.12492015938645107
COHFACE_s08_session3_natural,49,106,52.53333333333333,1.17625093460083,-0.5350189162037374
COHFACE_s08_session3_natural,49,107,52.56666666666667,1.6124176979064941,-0.7969953271737908
COHFACE_s08_session3_natural,49,108,52.6,1.6259679794311523,-0.9274935050469757
COHFACE_s08_session3_natural,49,109,52.63333333333333,1.4195188283920288,-0.9746285495892915
COHFACE_s08_session3_natural,49,110,52.666666666666664,1.19580078125,-0.9904215577252458
COHFACE_s08_session3_natural,49,111,52.7,0.9619314670562744,-1.0063024019923337
COHFACE_s08_session3_natural,49,112,52.733333333333334,0.7334229946136475,-1.0214499126107779
COHFACE_s08_session3_natural,49,113,52.766666666666666,0.5913722515106201,-1.0073880373907684
COHFACE_s08_session3_natural,49,114,52.8,0.5439231395721436,-0.9249182144006313
COHFACE_s08_session3_natural,49,115,52.833333333333336,0.5692673325538635,-0.7446469381645595
COHFACE_s08_session3_natural,49,116,52.86666666666667,0.5398625731468201,-0.46220462348400576
COHFACE_s08_session3_natural,49,117,52.9,0.40602418780326843,-0.10298790740941549
COHFACE_s08_session3_natural,49,118,52.93333333333333,0.2421194612979889,0.28364685241432563
COHFACE_s08_session3_natural,49,119,52.96666666666667,0.08702020347118378,0.6370544739776296
COHFACE_s08_session3_natural,49,120,53.0,-0.08350002020597458,0.9001186236189062
COHFACE_s08_session3_natural,49,121,53.03333333333333,-0.24573945999145508,1.0323459417140763
COHFACE_s08_session3_natural,49,122,53.06666666666667,-0.37216395139694214,1.018542234448217
COHFACE_s08_session3_natural,49,123,53.1,-0.48809486627578735,0.8712977473941422
COHFACE_s08_session3_natural,49,124,53.13333333333333,-0.5928022861480713,0.6264710337939638
COHFACE_s08_session3_natural,49,125,53.166666666666664,-0.6690858602523804,0.3324947483049272
COHFACE_s08_session3_natural,49,126,53.2,-0.6672608852386475,0.036711187438742576
COHFACE_s08_session3_natural,49,127,53.233333333333334,-0.6294612884521484,-0.22605815449854552
COHFACE_s08_session3_natural,49,128,53.266666666666666,-0.6528436541557312,-0.4375500147251567
COHFACE_s08_session3_natural,49,129,53.3,-0.8779075145721436,-0.5907685394370602
COHFACE_s08_session3_natural,49,130,53.333333333333336,-0.8635587096214294,-0.6789990242285526
COHFACE_s08_session3_natural,49,131,53.36666666666667,-0.2465835064649582,-0.6871042401767213
COHFACE_s08_session3_natural,49,132,53.4,0.6085269451141357,-0.5926883167022613
COHFACE_s08_session3_natural,49,133,53.43333333333333,1.1976029872894287,-0.37901670790859604
COHFACE_s08_session3_natural,49,134,53.46666666666667,1.3507404327392578,-0.05337467342133088
COHFACE_s08_session3_natural,49,135,53.5,1.2089177370071411,0.34080842679114465
COHFACE_s08_session3_natural,49,136,53.53333333333333,1.0098367929458618,0.7279047427618599
COHFACE_s08_session3_natural,49,137,53.56666666666667,0.7997148633003235,1.020957662279797
COHFACE_s08_session3_natural,49,138,53.6,0.6168076992034912,1.1493477145883646
COHFACE_s08_session3_natural,49,139,53.63333333333333,0.5461359024047852,1.0791696114652114
COHFACE_s08_session3_natural,49,140,53.666666666666664,0.5469115376472473,0.8192264990937319
COHFACE_s08_session3_natural,49,141,53.7,0.5513142347335815,0.41525520993495657
COHFACE_s08_session3_natural,49,142,53.733333333333334,0.5149518251419067,-0.061809519077656624
COHFACE_s08_session3_natural,49,143,53.766666666666666,0.3806571662425995,-0.5299016520787739
COHFACE_s08_session3_natural,49,144,53.8,0.17977407574653625,-0.9107632136343533
COHFACE_s08_session3_natural,49,145,53.833333333333336,-0.02555736154317856,-1.1446528566587397
COHFACE_s08_session3_natural,49,146,53.86666666666667,-0.19737786054611206,-1.2029019581830798
COHFACE_s08_session3_natural,49,147,53.9,-0.35272806882858276,-1.0952733916232016
COHFACE_s08_session3_natural,49,148,53.93333333333333,-0.4856767952442169,-0.8685752940731408
COHFACE_s08_session3_natural,49,149,53.96666666666667,-0.5873730182647705,-0.5939065711377666
COHFACE_s08_session3_natural,49,150,54.0,-0.6415972709655762,-0.3430824798335522
COHFACE_s08_session3_natural,49,151,54.03333333333333,-0.6744466423988342,-0.1610007203069664
COHFACE_s08_session3_natural,49,152,54.06666666666667,-0.7383888959884644,-0.04733066427067414
COHFACE_s08_session3_natural,49,153,54.1,-0.8207632899284363,0.04000332663844768
COHFACE_s08_session3_natural,49,154,54.13333333333333,-0.8231585621833801,0.15901080780545757
COHFACE_s08_session3_natural,49,155,54.166666666666664,-0.460013210773468,0.3487198704999635
COHFACE_s08_session3_natural,49,156,54.2,0.362088143825531,0.6031546094626085
COHFACE_s08_session3_natural,49,157,54.233333333333334,1.1435383558273315,0.86734867438955
COHFACE_s08_session3_natural,49,158,54.266666666666666,1.4447717666625977,1.0585201013099443
COHFACE_s08_session3_natural,49,159,54.3,1.3479801416397095,1.1032377945757523
COHFACE_s08_session3_natural,49,160,54.333333333333336,1.1234865188598633,0.9713517347594375
COHFACE_s08_session3_natural,49,161,54.36666666666667,0.9024147987365723,0.6883651860555051
COHFACE_s08_session3_natural,49,162,54.4,0.6533526182174683,0.32221861056382545
COHFACE_s08_session3_natural,49,163,54.43333333333333,0.4166317880153656,-0.04415294765076471
COHFACE_s08_session3_natural,49,164,54.46666666666667,0.2956365644931793,-0.33922374227602914
COHFACE_s08_session3_natural,49,165,54.5,0.3048754632472992,-0.5190267533305564
COHFACE_s08_session3_natural,49,166,54.53333333333333,0.322075754404068,-0.5716237866219238
COHFACE_s08_session3_natural,49,167,54.56666666666667,0.2599128782749176,-0.5130064682925674
COHFACE_s08_session3_natural,49,168,54.6,0.12215078622102737,-0.3780855862373078
COHFACE_s08_session3_natural,49,169,54.63333333333333,-0.08140130341053009,-0.20963273159140908
COHFACE_s08_session3_natural,49,170,54.666666666666664,-0.2884664535522461,-0.0481499031936717
COHFACE_s08_session3_natural,49,171,54.7,-0.44361135363578796,0.07490929956772391
COHFACE_s08_session3_natural,49,172,54.733333333333334,-0.5631237626075745,0.1406909350400659
COHFACE_s08_session3_natural,49,173,54.766666666666666,-0.6615350246429443,0.1450167961803498
COHFACE_s08_session3_natural,49,174,54.8,-0.7416509985923767,0.09910230406169648
COHFACE_s08_session3_natural,49,175,54.833333333333336,-0.7906741499900818,0.026968107128995
COHFACE_s08_session3_natural,49,176,54.86666666666667,-0.8279262781143188,-0.04159457993598935
COHFACE_s08_session3_natural,49,177,54.9,-0.8574450612068176,-0.08110552707088775
COHFACE_s08_session3_natural,49,178,54.93333333333333,-0.8993736505508423,-0.08038904893978907
COHFACE_s08_session3_natural,49,179,54.96666666666667,-0.8045439124107361,-0.048732740498424784
COHFACE_s08_session3_natural,49,180,55.0,-0.24295638501644135,-0.01473755619583815
COHFACE_s08_session3_natural,49,181,55.03333333333333,0.7531782388687134,-0.016567666131408795
COHFACE_s08_session3_natural,49,182,55.06666666666667,1.5834234952926636,-0.08648559349694956
COHFACE_s08_session3_natural,49,183,55.1,1.8936220407485962,-0.23595995880465429
COHFACE_s08_session3_natural,49,184,55.13333333333333,1.8493437767028809,-0.44759204864162233
COHFACE_s08_session3_natural,49,185,55.166666666666664,1.6853477954864502,-0.6770565991900753
COHFACE_s08_session3_natural,49,186,55.2,1.49942946434021,-0.8642837182347125
COHFACE_s08_session3_natural,49,187,55.233333333333334,1.2526029348373413,-0.9499924327648971
COHFACE_s08_session3_natural,49,188,55.266666666666666,0.9507992267608643,-0.8923420641713522
COHFACE_s08_session3_natural,49,189,55.3,0.7338336110115051,-0.6787974971703936
COHFACE_s08_session3_natural,49,190,55.333333333333336,0.634053647518158,-0.3298638258449863
COHFACE_s08_session3_natural,49,191,55.36666666666667,0.5681723356246948,0.10600029366472426
COHFACE_s08_session3_natural,49,192,55.4,0.4612521827220917,0.5638437398319103
COHFACE_s08_session3_natural,49,193,55.43333333333333,0.2975299656391144,0.9757401057417743
COHFACE_s08_session3_natural,49,194,55.46666666666667,0.07771287858486176,1.2826705112970735
COHFACE_s08_session3_natural,49,195,55.5,-0.13585372269153595,1.443402540864949
COHFACE_s08_session3_natural,49,196,55.53333333333333,-0.3068757951259613,1.4408941867866722
COHFACE_s08_session3_natural,49,197,55.56666666666667,-0.45862168073654175,1.2860335065264086
COHFACE_s08_session3_natural,49,198,55.6,-0.5874642729759216,1.0157630959010715
COHFACE_s08_session3_natural,49,199,55.63333333333333,-0.6770015954971313,0.6828211881375708
COHFACE_s08_session3_natural,49,200,55.666666666666664,-0.747445285320282,0.33986783565771417
COHFACE_s08_session3_natural,49,201,55.7,-0.7971528172492981,0.025543676017090455
COHFACE_s08_session3_natural,49,202,55.733333333333334,-0.8571256995201111,-0.24180496303425358
COHFACE_s08_session3_natural,49,203,55.766666666666666,-0.9350061416625977,-0.46222267958558555
COHFACE_s08_session3_natural,49,204,55.8,-0.9803565144538879,-0.6465819136307381
COHFACE_s08_session3_natural,49,205,55.833333333333336,-0.7329596281051636,-0.8062102026435245
COHFACE_s08_session3_natural,49,206,55.86666666666667,0.05245991423726082,-0.9423843415732468
COHFACE_s08_session3_natural,49,207,55.9,1.0444655418395996,-1.0390524741108969
COHFACE_s08_session3_natural,49,208,55.93333333333333,1.6605967283248901,-1.0630916706736195
COHFACE_s08_session3_natural,49,209,55.96666666666667,1.7354660034179688,-0.9748984199782558
COHFACE_s08_session3_natural,49,210,56.0,1.5617064237594604,-0.7469760980092371
COHFACE_s08_session3_natural,49,211,56.03333333333333,1.389931559562683,-0.38293700676935477
COHFACE_s08_session3_natural,49,212,56.06666666666667,1.1778477430343628,0.07196849321371833
COHFACE_s08_session3_natural,49,213,56.1,0.8985595703125,0.5348696241644477
COHFACE_s08_session3_natural,49,214,56.13333333333333,0.6280540227890015,0.9047985086734956
COHFACE_s08_session3_natural,49,215,56.166666666666664,0.45919910073280334,1.0925994615390886
COHFACE_s08_session3_natural,49,216,56.2,0.39288443326950073,1.0508099699248563
COHFACE_s08_session3_natural,49,217,56.233333333333334,0.3109206557273865,0.7915198952966942
COHFACE_s08_session3_natural,49,218,56.266666666666666,0.15771479904651642,0.3841718066591167
COHFACE_s08_session3_natural,49,219,56.3,-0.05119812488555908,-0.06667413878609149
COHFACE_s08_session3_natural,49,220,56.333333333333336,-0.26074978709220886,-0.45512849831442587
COHFACE_s08_session3_natural,49,221,56.36666666666667,-0.43578681349754333,-0.7062327419852509
COHFACE_s08_session3_natural,49,222,56.4,-0.5924600958824158,-0.7951037352169387
COHFACE_s08_session3_natural,49,223,56.43333333333333,-0.7221923470497131,-0.7472256026079712
COHFACE_s08_session3_natural,49,224,56.46666666666667,-0.8093116283416748,-0.6211762976490149
COHFACE_s08_session3_natural,49,225,56.5,-0.876333475112915,-0.481424630848419
COHFACE_s08_session3_natural,49,226,56.53333333333333,-0.9185585975646973,-0.3727441480786454
COHFACE_s08_session3_natural,49,227,56.56666666666667,-0.9532557725906372,-0.3063698817463829
COHFACE_s08_session3_natural,49,228,56.6,-0.99404376745224,-0.26106657896686114
COHFACE_s08_session3_natural,49,229,56.63333333333333,-1.0494998693466187,-0.19526201686418407
COHFACE_s08_session3_natural,49,230,56.666666666666664,-1.1131227016448975,-0.06431947620743882
COHFACE_s08_session3_natural,49,231,56.7,-1.055294156074524,0.1615055630959213
COHFACE_s08_session3_natural,49,232,56.733333333333334,-0.5736857652664185,0.4816702737020384
COHFACE_s08_session3_natural,49,233,56.766666666666666,0.3951428234577179,0.8562055269577094
COHFACE_s08_session3_natural,49,234,56.8,1.3132829666137695,1.2075333100155907
COHFACE_s08_session3_natural,49,235,56.833333333333336,1.699491262435913,1.4369931625491335
COHFACE_s08_session3_natural,49,236,56.86666666666667,1.6655925512313843,1.4550707356667767
COHFACE_s08_session3_natural,49,237,56.9,1.529883623123169,1.2164786200463706
COHFACE_s08_session3_natural,49,238,56.93333333333333,1.3868519067764282,0.7445943022943338
COHFACE_s08_session3_natural,49,239,56.96666666666667,1.1492642164230347,0.1315365832261197
COHFACE_s08_session3_natural,50,0,50.0,0.7675042152404785,0.11963214898438497
COHFACE_s08_session3_natural,50,1,50.03333333333333,0.5678529739379883,0.5768578639968635
COHFACE_s08_session3_natural,50,2,50.06666666666667,0.3588716387748718,0.9362895481214075
COHFACE_s08_session3_natural,50,3,50.1,0.2170718014240265,1.121189518240984
COHFACE_s08_session3_natural,50,4,50.13333333333333,0.17324982583522797,1.091283038325047
COHFACE_s08_session3_natural,50,5,50.166666666666664,0.14439254999160767,0.8486673058392966
COHFACE_s08_session3_natural,50,6,50.2,0.07780412584543228,0.43364391721154366
COHFACE_s08_session3_natural,50,7,50.233333333333334,-0.0422101728618145,-0.08570254385039526
COHFACE_s08_session3_natural,50,8,50.266666666666666,-0.20844171941280365,-0.6257199230947438
COHFACE_s08_session3_natural,50,9,50.3,-0.35238587856292725,-1.09910236427434
COHFACE_s08_session3_natural,50,10,50.333333333333336,-0.48293936252593994,-1.4270915072480395
COHFACE_s08_session3_natural,50,11,50.36666666666667,-0.5856848955154419,-1.5531825825226138
COHFACE_s08_session3_natural,50,12,50.4,-0.6764312982559204,-1.457365556672674
COHFACE_s08_session3_natural,50,13,50.43333333333333,-0.7465099692344666,-1.1664461173846035
COHFACE_s08_session3_natural,50,14,50.46666666666667,-0.8020573854446411,-0.7540472390937585
COHFACE_s08_session3_natural,50,15,50.5,-0.8421154022216797,-0.32611696044941546
COHFACE_s08_session3_natural,50,16,50.53333333333333,-0.8743944764137268,0.005936125316276954
COHFACE_s08_session3_natural,50,17,50.56666666666667,-0.9074491262435913,0.15634260589626844
COHFACE_s08_session3_natural,50,18,50.6,-0.9557878971099854,0.09056738910618663
COHFACE_s08_session3_natural,50,19,50.63333333333333,-0.9926750063896179,-0.1620152563790556
COHFACE_s08_session3_natural,50,20,50.666666666666664,-0.8900207281112671,-0.5120169147919179
COHFACE_s08_session3_natural,50,21,50.7,-0.38550901412963867,-0.8302072407154365
COHFACE_s08_session3_natural,50,22,50.733333333333334,0.43337583541870117,-0.9800005844332718
COHFACE_s08_session3_natural,50,23,50.766666666666666,1.093671202659607,-0.8554188023040495
COHFACE_s08_session3_natural,50,24,50.8,1.3071922063827515,-0.4158536717530463
COHFACE_s08_session3_natural,50,25,50.833333333333336,1.216445803642273,0.2921839312228797
COHFACE_s08_session3_natural,50,26,50.86666666666667,1.0480014085769653,1.1358689377292046
COHFACE_s08_session3_natural,50,27,50.9,0.8722116351127625,1.924585551249198
COHFACE_s08_session3_natural,50,28,50.93333333333333,0.6658536195755005,2.4617933100802816
COHFACE_s08_session3_natural,50,29,50.96666666666667,0.4632824659347534,2.604959002973745
COHFACE_s08_session3_natural,50,30,51.0,0.352780818939209,2.3120202857771806
COHFACE_s08_session3_natural,50,31,51.03333333333333,0.3212088942527771,1.6557201455570576
COHFACE_s08_session3_natural,50,32,51.06666666666667,0.2855992615222931,0.7993238859885867
COHFACE_s08_session3_natural,50,33,51.1,0.20228958129882812,-0.0570088394635507
COHFACE_s08_session3_natural,50,34,51.13333333333333,0.05937197431921959,-0.7383302007055333
COHFACE_s08_session3_natural,50,35,51.166666666666664,-0.10197779536247253,-1.1424753500156828
COHFACE_s08_session3_natural,50,36,51.2,-0.2526058852672577,-1.2579270135003875
COHFACE_s08_session3_natural,50,37,51.233333333333334,-0.3939494788646698,-1.1496026095460437
COHFACE_s08_session3_natural,50,38,51.266666666666666,-0.5001168251037598,-0.9217182999024449
COHFACE_s08_session3_natural,50,39,51.3,-0.5889698266983032,-0.6741101105788015
COHFACE_s08_session3_natural,50,40,51.333333333333336,-0.658934473991394,-0.469771961627398
COHFACE_s08_session3_natural,50,41,51.36666666666667,-0.7146415114402771,-0.3248035533313736
COHFACE_s08_session3_natural,50,42,51.4,-0.7660143375396729,-0.21928725499301627
COHFACE_s08_session3_natural,50,43,51.43333333333333,-0.7866136431694031,-0.1179221052999512
COHFACE_s08_session3_natural,50,44,51.46666666666667,-0.8014870882034302,0.010589755368797173
COHFACE_s08_session3_natural,50,45,51.5,-0.8280859589576721,0.18032269611954702
COHFACE_s08_session3_natural,50,46,51.53333333333333,-0.8718166947364807,0.3814234401219122
COHFACE_s08_session3_natural,50,47,51.56666666666667,-0.7757322788238525,0.5796463766780349
COHFACE_s08_session3_natural,50,48,51.6,-0.23912395536899567,0.7232566563926036
COHFACE_s08_session3_natural,50,49,51.63333333333333,0.6116293668746948,0.7582002610420405
COHFACE_s08_session3_natural,50,50,51.666666666666664,1.2698259353637695,0.6486759220955791
COHFACE_s08_session3_natural,50,51,51.7,1.482867956161499,0.3955683855957632
COHFACE_s08_session3_natural,50,52,51.733333333333334,1.3736892938613892,0.043711559743829176
COHFACE_s08_session3_natural,50,53,51.766666666666666,1.173467755317688,-0.3275448339528134
COHFACE_s08_session3_natural,50,54,51.8,0.9914959073066711,-0.6287227699846873
COHFACE_s08_session3_natural,50,55,51.833333333333336,0.7993270754814148,-0.7907629138028677
COHFACE_s08_session3_natural,50,56,51.86666666666667,0.6257272362709045,-0.7899876944716782
COHFACE_s08_session3_natural,50,57,51.9,0.5397485494613647,-0.6578627073802991
COHFACE_s08_session3_natural,50,58,51.93333333333333,0.5550782084465027,-0.47162432468891663
COHFACE_s08_session3_natural,50,59,51.96666666666667,0.559093177318573,-0.3282562485956077
COHFACE_s08_session3_natural,50,60,52.0,0.49273285269737244,-0.3092614953328293
COHFACE_s08_session3_natural,50,61,52.03333333333333,0.3904891610145569,-0.4471875849888925
COHFACE_s08_session3_natural,50,62,52.06666666666667,0.2821546494960785,-0.7065394976153659
COHFACE_s08_session3_natural,50,63,52.1,0.1631440818309784,-0.9886246585119446
COHFACE_s08_session3_natural,50,64,52.13333333333333,0.023602647706866264,-1.1609529650445312
COHFACE_s08_session3_natural,50,65,52.166666666666664,-0.09547635167837143,-1.101848293710967
COHFACE_s08_session3_natural,50,66,52.2,-0.2051795870065689,-0.7453905302264058
COHFACE_s08_session3_natural,50,67,52.233333333333334,-0.2781097888946533,-0.11144473180794258
COHFACE_s08_session3_natural,50,68,52.266666666666666,-0.32106491923332214,0.6908212115947906
COHFACE_s08_session3_natural,50,69,52.3,-0.3694264888763428,1.4897362295635488
COHFACE_s08_session3_natural,50,70,52.333333333333336,-0.43959641456604004,2.1010553217658288
COHFACE_s08_session3_natural,50,71,52.36666666666667,-0.5249592065811157,2.38397561780281
COHFACE_s08_session3_natural,50,72,52.4,-0.6040942668914795,2.2826186730424083
COHFACE_s08_session3_natural,50,73,52.43333333333333,-0.6083372831344604,1.8378255093483737
COHFACE_s08_session3_natural,50,74,52.46666666666667,-0.31871527433395386,1.1669457203187754
COHFACE_s08_session3_natural,50,75,52.5,0.3893941640853882,0.42263163236747814
COHFACE_s08_session3_natural,50,76,52.53333333333333,1.17625093460083,-0.25165946065278477
COHFACE_s08_session3_natural,50,77,52.56666666666667,1.6124176979064941,-0.7540805935787533
COHFACE_s08_session3_natural,50,78,52.6,1.6259679794311523,-1.0380812401831183
COHFACE_s08_session3_natural,50,79,52.63333333333333,1.4195188283920288,-1.1096014319722123
COHFACE_s08_session3_natural,50,80,52.666666666666664,1.19580078125,-1.0140709848493799
COHFACE_s08_session3_natural,50,81,52.7,0.9619314670562744,-0.819190017149321
COHFACE_s08_session3_natural,50,82,52.733333333333334,0.7334229946136475,-0.5976049969998561
COHFACE_s08_session3_natural,50,83,52.766666666666666,0.5913722515106201,-0.41160795467069367
COHFACE_s08_session3_natural,50,84,52.8,0.5439231395721436,-0.30058535852510815
COHFACE_s08_session3_natural,50,85,52.833333333333336,0.5692673325538635,-0.272257429351336
COHFACE_s08_session3_natural,50,86,52.86666666666667,0.5398625731468201,-0.3005573506975549
COHFACE_s08_session3_natural,50,87,52.9,0.40602418780326843,-0.3335076434034232
COHFACE_s08_session3_natural,50,88,52.93333333333333,0.2421194612979889,-0.31142618228041785
COHFACE_s08_session3_natural,50,89,52.96666666666667,0.08702020347118378,-0.19055689733346326
COHFACE_s08_session3_natural,50,90,53.0,-0.08350002020597458,0.036913332528425116
COHFACE_s08_session3_natural,50,91,53.03333333333333,-0.24573945999145508,0.33559283202549217
COHFACE_s08_session3_natural,50,92,53.06666666666667,-0.37216395139694214,0.6366810505546487
COHFACE_s08_session3_natural,50,93,53.1,-0.48809486627578735,0.8614687176253464
COHFACE_s08_session3_natural,50,94,53.13333333333333,-0.5928022861480713,0.9486032884481582
COHFACE_s08_session3_natural,50,95,53.166666666666664,-0.6690858602523804,0.8734257937948974
COHFACE_s08_session3_natural,50,96,53.2,-0.6672608852386475,0.6520841076977624
COHFACE_s08_session3_natural,50,97,53.233333333333334,-0.6294612884521484,0.3310060579812309
COHFACE_s08_session3_natural,50,98,53.266666666666666,-0.6528436541557312,-0.030882602245462524
COHFACE_s08_session3_natural,50,99,53.3,-0.8779075145721436,-0.3778052370524126
COHFACE_s08_session3_natural,50,100,53.333333333333336,-0.8635587096214294,-0.6649149638903412
COHFACE_s08_session3_natural,50,101,53.36666666666667,-0.2465835064649582,-0.8587838393457023
COHFACE_s08_session3_natural,50,102,53.4,0.6085269451141357,-0.9357209341009859
COHFACE_s08_session3_natural,50,103,53.43333333333333,1.1976029872894287,-0.8829507869921371
COHFACE_s08_session3_natural,50,104,53.46666666666667,1.3507404327392578,-0.7033867327073043
COHFACE_s08_session3_natural,50,105,53.5,1.2089177370071411,-0.4204664930639354
COHFACE_s08_session3_natural,50,106,53.53333333333333,1.0098367929458618,-0.07897800316491355
COHFACE_s08_session3_natural,50,107,53.56666666666667,0.7997148633003235,0.25991785877541257
COHFACE_s08_session3_natural,50,108,53.6,0.6168076992034912,0.5289288587993658
COHFACE_s08_session3_natural,50,109,53.63333333333333,0.5461359024047852,0.668405405777929
COHFACE_s08_session3_natural,50,110,53.666666666666664,0.5469115376472473,0.6414824660068642
COHFACE_s08_session3_natural,50,111,53.7,0.5513142347335815,0.4475152299688502
COHFACE_s08_session3_natural,50,112,53.733333333333334,0.5149518251419067,0.1290605749295396
COHFACE_s08_session3_natural,50,113,53.766666666666666,0.3806571662425995,-0.23277654404276943
COHFACE_s08_session3_natural,50,114,53.8,0.17977407574653625,-0.5369970162622499
COHFACE_s08_session3_natural,50,115,53.833333333333336,-0.02555736154317856,-0.6920940379317148
COHFACE_s08_session3_natural,50,116,53.86666666666667,-0.19737786054611206,-0.646957855176995
COHFACE_s08_session3_natural,50,117,53.9,-0.35272806882858276,-0.41123444240021423
COHFACE_s08_session3_natural,50,118,53.93333333333333,-0.4856767952442169,-0.05553719246249412
COHFACE_s08_session3_natural,50,119,53.96666666666667,-0.5873730182647705,0.3111199684968214
COHFACE_s08_session3_natural,50,120,54.0,-0.6415972709655762,0.5803566727158355
COHFACE_s08_session3_natural,50,121,54.03333333333333,-0.6744466423988342,0.6852520081778732
COHFACE_s08_session3_natural,50,122,54.06666666666667,-0.7383888959884644,0.6243022108836155
COHFACE_s08_session3_natural,50,123,54.1,-0.8207632899284363,0.4557676903960194
COHFACE_s08_session3_natural,50,124,54.13333333333333,-0.8231585621833801,0.26547555898687164
COHFACE_s08_session3_natural,50,125,54.166666666666664,-0.460013210773468,0.12586691800201738
COHFACE_s08_session3_natural,50,126,54.2,0.362088143825531,0.06690708088238881
COHFACE_s08_session3_natural,50,127,54.233333333333334,1.1435383558273315,0.07094102103854467
COHFACE_s08_session3_natural,50,128,54.266666666666666,1.4447717666625977,0.09067740838566904
COHFACE_s08_session3_natural,50,129,54.3,1.3479801416397095,0.07866771715649307
COHFACE_s08_session3_natural,50,130,54.333333333333336,1.1234865188598633,0.012417186054016795
COHFACE_s08_session3_natural,50,131,54.36666666666667,0.9024147987365723,-0.09638419060418023
COHFACE_s08_session3_natural,50,132,54.4,0.6533526182174683,-0.20967269787684067
COHFACE_s08_session3_natural,50,133,54.43333333333333,0.4166317880153656,-0.2804339551064003
COHFACE_s08_session3_natural,50,134,54.46666666666667,0.2956365644931793,-0.2711034840528416
COHFACE_s08_session3_natural,50,135,54.5,0.3048754632472992,-0.1676498545227184
COHFACE_s08_session3_natural,50,136,54.53333333333333,0.322075754404068,0.013373124443595024
COHFACE_s08_session3_natural,50,137,54.56666666666667,0.2599128782749176,0.22664687851552617
COHFACE_s08_session3_natural,50,138,54.6,0.12215078622102737,0.40959858023696455
COHFACE_s08_session3_natural,50,139,54.63333333333333,-0.08140130341053009,0.5014335974329859
COHFACE_s08_session3_natural,50,140,54.666666666666664,-0.2884664535522461,0.46312422016841076
COHFACE_s08_session3_natural,50,141,54.7,-0.44361135363578796,0.2901453202589993
COHFACE_s08_session3_natural,50,142,54.733333333333334,-0.5631237626075745,0.013537277250431013
COHFACE_s08_session3_natural,50,143,54.766666666666666,-0.6615350246429443,-0.3093390367309578
COHFACE_s08_session3_natural,50,144,54.8,-0.7416509985923767,-0.6097955609537911
COHFACE_s08_session3_natural,50,145,54.833333333333336,-0.7906741499900818,-0.8237719380076834
COHFACE_s08_session3_natural,50,146,54.86666666666667,-0.8279262781143188,-0.905105727206138
COHFACE_s08_session3_natural,50,147,54.9,-0.8574450612068176,-0.8343494883120417
COHFACE_s08_session3_natural,50,148,54.93333333333333,-0.8993736505508423,-0.6232709108042279
COHFACE_s08_session3_natural,50,149,54.96666666666667,-0.8045439124107361,-0.3152082927314707
COHFACE_s08_session3_natural,50,150,55.0,-0.24295638501644135,0.02060773030005413
COHFACE_s08_session3_natural,50,151,55.03333333333333,0.7531782388687134,0.3032188390691395
COHFACE_s08_session3_natural,50,152,55.06666666666667,1.5834234952926636,0.4614127860190752
COHFACE_s08_session3_natural,50,153,55.1,1.8936220407485962,0.4561191235322767
COHFACE_s08_session3_natural,50,154,55.13333333333333,1.8493437767028809,0.29489389279275746
COHFACE_s08_session3_natural,50,155,55.166666666666664,1.6853477954864502,0.03170997708083684
COHFACE_s08_session3_natural,50,156,55.2,1.49942946434021,-0.24904964097548157
COHFACE_s08_session3_natural,50,157,55.233333333333334,1.2526029348373413,-0.4587627878796158
COHFACE_s08_session3_natural,50,158,55.266666666666666,0.9507992267608643,-0.5307724541321639
COHFACE_s08_session3_natural,50,159,55.3,0.7338336110115051,-0.436983864867698
COHFACE_s08_session3_natural,50,160,55.333333333333336,0.634053647518158,-0.190790707929357
COHFACE_s08_session3_natural,50,161,55.36666666666667,0.5681723356246948,0.16088622297416655
COHFACE_s08_session3_natural,50,162,55.4,0.4612521827220917,0.550036647088558
COHFACE_s08_session3_natural,50,163,55.43333333333333,0.2975299656391144,0.8993646976744828
COHFACE_s08_session3_natural,50,164,55.46666666666667,0.07771287858486176,1.1329542816074982
COHFACE_s08_session3_natural,50,165,55.5,-0.13585372269153595,1.188911119113099
COHFACE_s08_session3_natural,50,166,55.53333333333333,-0.3068757951259613,1.0359826298365609
COHFACE_s08_session3_natural,50,167,55.56666666666667,-0.45862168073654175,0.6901120366707408
COHFACE_s08_session3_natural,50,168,55.6,-0.5874642729759216,0.22033399729005654
COHFACE_s08_session3_natural,50,169,55.63333333333333,-0.6770015954971313,-0.26545241986402013
COHFACE_s08_session3_natural,50,170,55.666666666666664,-0.747445285320282,-0.6528241072345101
COHFACE_s08_session3_natural,50,171,55.7,-0.7971528172492981,-0.8574932127756238
COHFACE_s08_session3_natural,50,172,55.733333333333334,-0.8571256995201111,-0.8508040304783125
COHFACE_s08_session3_natural,50,173,55.766666666666666,-0.9350061416625977,-0.6652791336299991
COHFACE_s08_session3_natural,50,174,55.8,-0.9803565144538879,-0.3796676047717961
COHFACE_s08_session3_natural,50,175,55.833333333333336,-0.7329596281051636,-0.08957975259106941
COHFACE_s08_session3_natural,50,176,55.86666666666667,0.05245991423726082,0.12586177787586167
COHFACE_s08_session3_natural,50,177,55.9,1.0444655418395996,0.22940568530370448
COHFACE_s08_session3_natural,50,178,55.93333333333333,1.6605967283248901,0.23327405153143843
COHFACE_s08_session3_natural,50,179,55.96666666666667,1.7354660034179688,0.18598551354658946
COHFACE_s08_session3_natural,50,180,56.0,1.5617064237594604,0.14525334574960116
COHFACE_s08_session3_natural,50,181,56.03333333333333,1.389931559562683,0.15034371579388187
COHFACE_s08_session3_natural,50,182,56.06666666666667,1.1778477430343628,0.20573142657614488
COHFACE_s08_session3_natural,50,183,56.1,0.8985595703125,0.280912082430664
COHFACE_s08_session3_natural,50,184,56.13333333333333,0.6280540227890015,0.3242520132395832
COHFACE_s08_session3_natural,50,185,56.166666666666664,0.45919910073280334,0.2845078613851439
COHFACE_s08_session3_natural,50,186,56.2,0.39288443326950073,0.13234748540119928
COHFACE_s08_session3_natural,50,187,56.233333333333334,0.3109206557273865,-0.12519648820167317
COHFACE_s08_session3_natural,50,188,56.266666666666666,0.15771479904651642,-0.44265492070138185
COHFACE_s08_session3_natural,50,189,56.3,-0.05119812488555908,-0.748099383546542
COHFACE_s08_session3_natural,50,190,56.333333333333336,-0.26074978709220886,-0.9653341259634991
COHFACE_s08_session3_natural,50,191,56.36666666666667,-0.43578681349754333,-1.0379995786557477
COHFACE_s08_session3_natural,50,192,56.4,-0.5924600958824158,-0.9466739217274894
COHFACE_s08_session3_natural,50,193,56.43333333333333,-0.7221923470497131,-0.7130727903781542
COHFACE_s08_session3_natural,50,194,56.46666666666667,-0.8093116283416748,-0.3903761272320605
COHFACE_s08_session3_natural,50,195,56.5,-0.876333475112915,-0.04432523974933561
COHFACE_s08_session3_natural,50,196,56.53333333333333,-0.9185585975646973,0.2660222503459564
COHFACE_s08_session3_natural,50,197,56.56666666666667,-0.9532557725906372,0.4999369717689159
COHFACE_s08_session3_natural,50,198,56.6,-0.99404376745224,0.6378151836234597
COHFACE_s08_session3_natural,50,199,56.63333333333333,-1.0494998693466187,0.6797564318902376
COHFACE_s08_session3_natural,50,200,56.666666666666664,-1.1131227016448975,0.6438653684278599
COHFACE_s08_session3_natural,50,201,56.7,-1.055294156074524,0.5636834751032509
COHFACE_s08_session3_natural,50,202,56.733333333333334,-0.5736857652664185,0.4815224282523662
COHFACE_s08_session3_natural,50,203,56.766666666666666,0.3951428234577179,0.43596572433882225
COHFACE_s08_session3_natural,50,204,56.8,1.3132829666137695,0.4462917338176822
COHFACE_s08_session3_natural,50,205,56.833333333333336,1.699491262435913,0.5010662488850165
COHFACE_s08_session3_natural,50,206,56.86666666666667,1.6655925512313843,0.559019941099419
COHFACE_s08_session3_natural,50,207,56.9,1.529883623123169,0.5648311717832458
COHFACE_s08_session3_natural,50,208,56.93333333333333,1.3868519067764282,0.4726362797759423
COHFACE_s08_session3_natural,50,209,56.96666666666667,1.1492642164230347,0.2648846012627429
COHFACE_s08_session3_natural,50,210,57.0,0.8718694448471069,-0.04094020598253691
COHFACE_s08_session3_natural,50,211,57.03333333333333,0.6690473556518555,-0.39699721930547277
COHFACE_s08_session3_natural,50,212,57.06666666666667,0.5616481304168701,-0.7372576276481279
COHFACE_s08_session3_natural,50,213,57.1,0.49417001008987427,-0.9938291825770051
COHFACE_s08_session3_natural,50,214,57.13333333333333,0.3716920018196106,-1.1139292424700749
COHFACE_s08_session3_natural,50,215,57.166666666666664,0.17769818007946014,-1.0732020309118937
COHFACE_s08_session3_natural,50,216,57.2,-0.030461955815553665,-0.8816666645871458
COHFACE_s08_session3_natural,50,217,57.233333333333334,-0.20082248747348785,-0.5808428527448176
COHFACE_s08_session3_natural,50,218,57.266666666666666,-0.3449263274669647,-0.23342061407065773
COHFACE_s08_session3_natural,50,219,57.3,-0.4677693247795105,0.09139024775602624
COHFACE_s08_session3_natural,50,220,57.333333333333336,-0.5763548016548157,0.33361087120258376
COHFACE_s08_session3_natural,50,221,57.36666666666667,-0.6475284099578857,0.45631490297746996
COHFACE_s08_session3_natural,50,222,57.4,-0.70414799451828,0.4539622126793005
COHFACE_s08_session3_natural,50,223,57.43333333333333,-0.7497264742851257,0.35205098334664364
COHFACE_s08_session3_natural,50,224,57.46666666666667,-0.7897616624832153,0.19764813617460594
COHFACE_s08_session3_natural,50,225,57.5,-0.8397201299667358,0.044098761056170936
COHFACE_s08_session3_natural,50,226,57.53333333333333,-0.9020882844924927,-0.06447581627799633
COHFACE_s08_session3_natural,50,227,57.56666666666667,-0.9561529159545898,-0.10352535097162699
COHFACE_s08_session3_natural,50,228,57.6,-0.8319183588027954,-0.07043727826240162
COHFACE_s08_session3_natural,50,229,57.63333333333333,-0.2103351205587387,0.020341073095010823
COHFACE_s08_session3_natural,50,230,57.666666666666664,0.7973880171775818,0.14578831085478342
COHFACE_s08_session3_natural,50,231,57.7,1.646156668663025,0.28192188338910396
COHFACE_s08_session3_natural,50,232,57.733333333333334,1.9591155052185059,0.4076397661655323
COHFACE_s08_session3_natural,50,233,57.766666666666666,1.8464922904968262,0.5048379948603934
COHFACE_s08_session3_natural,50,234,57.8,1.6179609298706055,0.557336001692855
COHFACE_s08_session3_natural,50,235,57.833333333333336,1.4048734903335571,0.5515099814987772
COHFACE_s08_session3_natural,50,236,57.86666666666667,1.138816237449646,0.47950800756217904
COHFACE_s08_session3_natural,50,237,57.9,0.8303971290588379,0.34330774549583154
COHFACE_s08_session3_natural,50,238,57.93333333333333,0.6285787224769592,0.15682265934478418
COHFACE_s08_session3_natural,50,239,57.96666666666667,0.5561960339546204,-0.05561979272956201
