recording_id,measurement_id,sample_index,time_seconds,gt_signal,predicted_signal
COHFACE_s16_session3_natural,0,0,0.0,-8.183836936950684,-0.13576227770275495
COHFACE_s16_session3_natural,0,1,0.03333333333333333,-6.086152076721191,-0.3339189365436621
COHFACE_s16_session3_natural,0,2,0.06666666666666667,-0.9785106182098389,-0.48897238156671297
COHFACE_s16_session3_natural,0,3,0.1,-0.35522618889808655,-0.5742175486175749
COHFACE_s16_session3_natural,0,4,0.13333333333333333,-1.2226030826568604,-0.5829848870067283
COHFACE_s16_session3_natural,0,5,0.16666666666666666,-1.1015769243240356,-0.5274094080301109
COHFACE_s16_session3_natural,0,6,0.2,-0.7869116067886353,-0.4297561047681839
COHFACE_s16_session3_natural,0,7,0.23333333333333334,-0.21209976077079773,-0.3117135988351188
COHFACE_s16_session3_natural,0,8,0.26666666666666666,0.656592845916748,-0.18716178885642687
COHFACE_s16_session3_natural,0,9,0.3,1.3633110523223877,-0.060770622662326856
COHFACE_s16_session3_natural,0,10,0.3333333333333333,1.6975338459014893,0.06856032340502835
COHFACE_s16_session3_natural,0,11,0.36666666666666664,1.7715805768966675,0.20230615965189988
COHFACE_s16_session3_natural,0,12,0.4,1.7338402271270752,0.33798492865362195
COHFACE_s16_session3_natural,0,13,0.43333333333333335,1.6122374534606934,0.46771972230191183
COHFACE_s16_session3_natural,0,14,0.4666666666666667,1.396749496459961,0.5798336087070177
COHFACE_s16_session3_natural,0,15,0.5,1.174964189529419,0.6622342101004053
COHFACE_s16_session3_natural,0,16,0.5333333333333333,1.0219628810882568,0.7058064281579374
COHFACE_s16_session3_natural,0,17,0.5666666666666667,0.9328821301460266,0.7064515205951246
COHFACE_s16_session3_natural,0,18,0.6,0.8437718152999878,0.6654274833993991
COHFACE_s16_session3_natural,0,19,0.6333333333333333,0.7107272148132324,0.588513433390762
COHFACE_s16_session3_natural,0,20,0.6666666666666666,0.5282195806503296,0.48468176266977814
COHFACE_s16_session3_natural,0,21,0.7,0.3331466019153595,0.3645341158200524
COHFACE_s16_session3_natural,0,22,0.7333333333333333,0.14571630954742432,0.23832417033535788
COHFACE_s16_session3_natural,0,23,0.7666666666666667,-0.02285120263695717,0.1136078382650164
COHFACE_s16_session3_natural,0,24,0.8,-0.16865330934524536,-0.006573136511598342
COHFACE_s16_session3_natural,0,25,0.8333333333333334,-0.293996125459671,-0.12366687869859393
COHFACE_s16_session3_natural,0,26,0.8666666666666667,-0.40021005272865295,-0.24133273767456032
COHFACE_s16_session3_natural,0,27,0.9,-0.4989587366580963,-0.36194059682035334
COHFACE_s16_session3_natural,0,28,0.9333333333333333,-0.5926960706710815,-0.48362046391282654
COHFACE_s16_session3_natural,0,29,0.9666666666666667,-0.6794854998588562,-0.5991680410268108
COHFACE_s16_session3_natural,0,30,1.0,-0.7521869540214539,-0.6968930023503455
COHFACE_s16_session3_natural,0,31,1.0333333333333334,-0.8258937001228333,-0.7627588045706221
COHFACE_s16_session3_natural,0,32,1.0666666666666667,-0.9050700068473816,-0.783519024481832
COHFACE_s16_session3_natural,0,33,1.1,-0.9714001417160034,-0.7508783717264259
COHFACE_s16_session3_natural,0,34,1.1333333333333333,-1.0447372198104858,-0.6659175107950172
COHFACE_s16_session3_natural,0,35,1.1666666666666667,-1.1175422668457031,-0.5418524954688115
COHFACE_s16_session3_natural,0,36,1.2,-1.0978811979293823,-0.4030000269903352
COHFACE_s16_session3_natural,0,37,1.2333333333333334,-0.7375668287277222,-0.27906415502401755
COHFACE_s16_session3_natural,0,38,1.2666666666666666,0.014933466911315918,-0.19603319688039902
COHFACE_s16_session3_natural,0,39,1.3,0.8174290060997009,-0.16682105131678338
COHFACE_s16_session3_natural,0,40,1.3333333333333333,1.3112610578536987,-0.18526154955679763
COHFACE_s16_session3_natural,0,41,1.3666666666666667,1.4774188995361328,-0.22622046284950487
COHFACE_s16_session3_natural,0,42,1.4,1.4610100984573364,-0.25281308912607936
COHFACE_s16_session3_natural,0,43,1.4333333333333333,1.351810097694397,-0.22893957573026724
COHFACE_s16_session3_natural,0,44,1.4666666666666666,1.1323012113571167,-0.1322900095836487
COHFACE_s16_session3_natural,0,45,1.5,0.8855921626091003,0.03795121609678118
COHFACE_s16_session3_natural,0,46,1.5333333333333334,0.7370995879173279,0.2617963078662011
COHFACE_s16_session3_natural,0,47,1.5666666666666667,0.6783825755119324,0.5062635331242006
COHFACE_s16_session3_natural,0,48,1.6,0.6271752119064331,0.7359583487756534
COHFACE_s16_session3_natural,0,49,1.6333333333333333,0.5386413931846619,0.9217395565058292
COHFACE_s16_session3_natural,0,50,1.6666666666666667,0.3845313787460327,1.0448693612278515
COHFACE_s16_session3_natural,0,51,1.7,0.20072287321090698,1.0969679604906404
COHFACE_s16_session3_natural,0,52,1.7333333333333334,0.014179547317326069,1.0780310568164941
COHFACE_s16_session3_natural,0,53,1.7666666666666666,-0.15422536432743073,0.9947467346303718
COHFACE_s16_session3_natural,0,54,1.8,-0.29047781229019165,0.8597105923323635
COHFACE_s16_session3_natural,0,55,1.8333333333333333,-0.40752750635147095,0.6905355127340971
COHFACE_s16_session3_natural,0,56,1.8666666666666667,-0.511036217212677,0.5076918278903435
COHFACE_s16_session3_natural,0,57,1.9,-0.597943902015686,0.3309359259456343
COHFACE_s16_session3_natural,0,58,1.9333333333333333,-0.6856498718261719,0.17530318165832323
COHFACE_s16_session3_natural,0,59,1.9666666666666666,-0.7675314545631409,0.04808895519528676
COHFACE_s16_session3_natural,0,60,2.0,-0.8315702676773071,-0.05213642519004043
COHFACE_s16_session3_natural,0,61,2.033333333333333,-0.9031630158424377,-0.1341430920625775
COHFACE_s16_session3_natural,0,62,2.066666666666667,-0.9773575663566589,-0.2105199044590727
COHFACE_s16_session3_natural,0,63,2.1,-1.050783395767212,-0.29283547221058237
COHFACE_s16_session3_natural,0,64,2.1333333333333333,-1.126086711883545,-0.3870615147488087
COHFACE_s16_session3_natural,0,65,2.1666666666666665,-1.1960386037826538,-0.49127216411650526
COHFACE_s16_session3_natural,0,66,2.2,-1.1529172658920288,-0.5970473087755308
COHFACE_s16_session3_natural,0,67,2.2333333333333334,-0.7497478127479553,-0.694112771506761
COHFACE_s16_session3_natural,0,68,2.2666666666666666,0.04012324661016464,-0.7753578979504192
COHFACE_s16_session3_natural,0,69,2.3,0.8243029713630676,-0.8386545082403972
COHFACE_s16_session3_natural,0,70,2.3333333333333335,1.2768172025680542,-0.8841122018958238
COHFACE_s16_session3_natural,0,71,2.3666666666666667,1.4116653203964233,-0.9088975626464277
COHFACE_s16_session3_natural,0,72,2.4,1.3818929195404053,-0.903819910793537
COHFACE_s16_session3_natural,0,73,2.433333333333333,1.2783102989196777,-0.8550571200824634
COHFACE_s16_session3_natural,0,74,2.466666666666667,1.0752546787261963,-0.7510186675815169
COHFACE_s16_session3_natural,0,75,2.5,0.8303786516189575,-0.5905924214519217
COHFACE_s16_session3_natural,0,76,2.533333333333333,0.6742138266563416,-0.38747301002201456
COHFACE_s16_session3_natural,0,77,2.566666666666667,0.6094063520431519,-0.16731432424173748
COHFACE_s16_session3_natural,0,78,2.6,0.5532910823822021,0.0409092686980253
COHFACE_s16_session3_natural,0,79,2.6333333333333333,0.44480058550834656,0.21442395332259684
COHFACE_s16_session3_natural,0,80,2.6666666666666665,0.28275227546691895,0.3425383374770982
COHFACE_s16_session3_natural,0,81,2.7,0.09357761591672897,0.42726559987675006
COHFACE_s16_session3_natural,0,82,2.7333333333333334,-0.08850132673978806,0.4796479244533293
COHFACE_s16_session3_natural,0,83,2.7666666666666666,-0.2593453824520111,0.5139855806655126
COHFACE_s16_session3_natural,0,84,2.8,-0.4013039767742157,0.5422986334363576
COHFACE_s16_session3_natural,0,85,2.8333333333333335,-0.5132240653038025,0.5707619537374911
COHFACE_s16_session3_natural,0,86,2.8666666666666667,-0.618462324142456,0.5989300726486443
COHFACE_s16_session3_natural,0,87,2.9,-0.7055326700210571,0.6215562247369457
COHFACE_s16_session3_natural,0,88,2.933333333333333,-0.7879168391227722,0.6319154654533158
COHFACE_s16_session3_natural,0,89,2.966666666666667,-0.865200936794281,0.625048525916874
COHFACE_s16_session3_natural,0,90,3.0,-0.9395580887794495,0.5994932370204531
COHFACE_s16_session3_natural,0,91,3.033333333333333,-1.009554386138916,0.5569214605562144
COHFACE_s16_session3_natural,0,92,3.066666666666667,-1.0697201490402222,0.5003155731233561
COHFACE_s16_session3_natural,0,93,3.1,-1.1263527870178223,0.43209095886477317
COHFACE_s16_session3_natural,0,94,3.1333333333333333,-1.1836801767349243,0.3533423047460277
COHFACE_s16_session3_natural,0,95,3.1666666666666665,-1.2576825618743896,0.2644948702366626
COHFACE_s16_session3_natural,0,96,3.2,-1.2642313241958618,0.16677825986234254
COHFACE_s16_session3_natural,0,97,3.2333333333333334,-0.9667879343032837,0.06353475353403042
COHFACE_s16_session3_natural,0,98,3.2666666666666666,-0.22500509023666382,-0.03948829386795366
COHFACE_s16_session3_natural,0,99,3.3,0.673341691493988,-0.13522175282026197
COHFACE_s16_session3_natural,0,100,3.3333333333333335,1.3247872591018677,-0.2174941420604084
COHFACE_s16_session3_natural,0,101,3.3666666666666667,1.6117792129516602,-0.28353078579027435
COHFACE_s16_session3_natural,0,102,3.4,1.6863433122634888,-0.33543109231500257
COHFACE_s16_session3_natural,0,103,3.433333333333333,1.6749310493469238,-0.37953558343067484
COHFACE_s16_session3_natural,0,104,3.466666666666667,1.567209243774414,-0.42364404691410346
COHFACE_s16_session3_natural,0,105,3.5,1.3530222177505493,-0.4732848017859455
COHFACE_s16_session3_natural,0,106,3.533333333333333,1.1131280660629272,-0.5287990495355962
COHFACE_s16_session3_natural,0,107,3.566666666666667,0.9333255887031555,-0.5845191245193673
COHFACE_s16_session3_natural,0,108,3.6,0.8240811824798584,-0.630102371647232
COHFACE_s16_session3_natural,0,109,3.6333333333333333,0.7197151184082031,-0.6530948683090088
COHFACE_s16_session3_natural,0,110,3.6666666666666665,0.5670981407165527,-0.6417179849829131
COHFACE_s16_session3_natural,0,111,3.7,0.3794461190700531,-0.5872864850000611
COHFACE_s16_session3_natural,0,112,3.7333333333333334,0.18715232610702515,-0.4859339549207155
COHFACE_s16_session3_natural,0,113,3.7666666666666666,-0.0029979897662997246,-0.3394769995305265
COHFACE_s16_session3_natural,0,114,3.8,-0.17095941305160522,-0.1555285369538627
COHFACE_s16_session3_natural,0,115,3.8333333333333335,-0.31240060925483704,0.05277571377199562
COHFACE_s16_session3_natural,0,116,3.8666666666666667,-0.4317711889743805,0.2671620291701944
COHFACE_s16_session3_natural,0,117,3.9,-0.5398034453392029,0.465049622877471
COHFACE_s16_session3_natural,0,118,3.933333333333333,-0.6274206638336182,0.621890013427762
COHFACE_s16_session3_natural,0,119,3.966666666666667,-0.7080161571502686,0.7157405626920844
COHFACE_s16_session3_natural,0,120,4.0,-0.81360924243927,0.7330066596920826
COHFACE_s16_session3_natural,0,121,4.033333333333333,-0.9051734805107117,0.6727015699643699
COHFACE_s16_session3_natural,0,122,4.066666666666666,-0.9937072992324829,0.546920889929861
COHFACE_s16_session3_natural,0,123,4.1,-1.0766828060150146,0.3772574126778667
COHFACE_s16_session3_natural,0,124,4.133333333333334,-1.1441216468811035,0.18908783741150362
COHFACE_s16_session3_natural,0,125,4.166666666666667,-1.2132604122161865,0.006496838649292643
COHFACE_s16_session3_natural,0,126,4.2,-1.2877358198165894,-0.15049290871509916
COHFACE_s16_session3_natural,0,127,4.233333333333333,-1.299177646636963,-0.26665548248261084
COHFACE_s16_session3_natural,0,128,4.266666666666667,-1.0519808530807495,-0.3317436006471515
COHFACE_s16_session3_natural,0,129,4.3,-0.35606881976127625,-0.3413586016460529
COHFACE_s16_session3_natural,0,130,4.333333333333333,0.5523154139518738,-0.29837777547178657
COHFACE_s16_session3_natural,0,131,4.366666666666666,1.2531057596206665,-0.21348020709800358
COHFACE_s16_session3_natural,0,132,4.4,1.5991990566253662,-0.10324354726858721
COHFACE_s16_session3_natural,0,133,4.433333333333334,1.7085174322128296,0.014104722051561224
COHFACE_s16_session3_natural,0,134,4.466666666666667,1.7204174995422363,0.1229465206074552
COHFACE_s16_session3_natural,0,135,4.5,1.6521508693695068,0.21188645184555896
COHFACE_s16_session3_natural,0,136,4.533333333333333,1.4554814100265503,0.27267803376352673
COHFACE_s16_session3_natural,0,137,4.566666666666666,1.1948174238204956,0.2989417930894257
COHFACE_s16_session3_natural,0,138,4.6,0.9911409020423889,0.28663887320663645
COHFACE_s16_session3_natural,0,139,4.633333333333334,0.8580371737480164,0.2359566727407745
COHFACE_s16_session3_natural,0,140,4.666666666666667,0.7355474233627319,0.15283727069614123
COHFACE_s16_session3_natural,0,141,4.7,0.5855322480201721,0.04861968317941262
COHFACE_s16_session3_natural,0,142,4.733333333333333,0.395662784576416,-0.06245325785273098
COHFACE_s16_session3_natural,0,143,4.766666666666667,0.19347932934761047,-0.1667854099343039
COHFACE_s16_session3_natural,0,144,4.8,-0.0007953624590300024,-0.254382162871838
COHFACE_s16_session3_natural,0,145,4.833333333333333,-0.1689341813325882,-0.3198908711886251
COHFACE_s16_session3_natural,0,146,4.866666666666666,-0.3216398358345032,-0.36136440033411754
COHFACE_s16_session3_natural,0,147,4.9,-0.4631253778934479,-0.37756341063737553
COHFACE_s16_session3_natural,0,148,4.933333333333334,-0.5744245648384094,-0.3655194897985451
COHFACE_s16_session3_natural,0,149,4.966666666666667,-0.6810524463653564,-0.32017351397171223
COHFACE_s16_session3_natural,0,150,5.0,-0.7770219445228577,-0.2369210061380839
COHFACE_s16_session3_natural,0,151,5.033333333333333,-0.877884566783905,-0.11613328967889351
COHFACE_s16_session3_natural,0,152,5.066666666666666,-0.9765740633010864,0.03293653028482494
COHFACE_s16_session3_natural,0,153,5.1,-1.0499851703643799,0.1917321044125214
COHFACE_s16_session3_natural,0,154,5.133333333333334,-1.1134917736053467,0.33656878818157493
COHFACE_s16_session3_natural,0,155,5.166666666666667,-1.1740862131118774,0.44553495151661715
COHFACE_s16_session3_natural,0,156,5.2,-1.2362475395202637,0.5040195123271618
COHFACE_s16_session3_natural,0,157,5.233333333333333,-1.299281120300293,0.5056411401276071
COHFACE_s16_session3_natural,0,158,5.266666666666667,-1.3267771005630493,0.44942136286582207
COHFACE_s16_session3_natural,0,159,5.3,-1.166532278060913,0.33733644630470594
COHFACE_s16_session3_natural,0,160,5.333333333333333,-0.5762724280357361,0.1754240498403453
COHFACE_s16_session3_natural,0,161,5.366666666666666,0.29639673233032227,-0.02221612721712217
COHFACE_s16_session3_natural,0,162,5.4,1.044846534729004,-0.2303301541480715
COHFACE_s16_session3_natural,0,163,5.433333333333334,1.4378160238265991,-0.4143095289313579
COHFACE_s16_session3_natural,0,164,5.466666666666667,1.5661301612854004,-0.5380106400447552
COHFACE_s16_session3_natural,0,165,5.5,1.5789762735366821,-0.5749875271820104
COHFACE_s16_session3_natural,0,166,5.533333333333333,1.508758306503296,-0.5183990587779035
COHFACE_s16_session3_natural,0,167,5.566666666666666,1.3241071701049805,-0.3851394503370594
COHFACE_s16_session3_natural,0,168,5.6,1.0731850862503052,-0.21198292858567477
COHFACE_s16_session3_natural,0,169,5.633333333333334,0.8615111112594604,-0.044766095141888326
COHFACE_s16_session3_natural,0,170,5.666666666666667,0.7317038774490356,0.07545300967558242
COHFACE_s16_session3_natural,0,171,5.7,0.6307230591773987,0.12415225831211216
COHFACE_s16_session3_natural,0,172,5.733333333333333,0.5056463479995728,0.09912017049551206
COHFACE_s16_session3_natural,0,173,5.766666666666667,0.33385616540908813,0.01905989077200045
COHFACE_s16_session3_natural,0,174,5.8,0.13557535409927368,-0.08349022587483755
COHFACE_s16_session3_natural,0,175,5.833333333333333,-0.06116804853081703,-0.17198251235669826
COHFACE_s16_session3_natural,0,176,5.866666666666666,-0.2315242737531662,-0.2155743322910653
COHFACE_s16_session3_natural,0,177,5.9,-0.3777107298374176,-0.1966920569309367
COHFACE_s16_session3_natural,0,178,5.933333333333334,-0.5106075406074524,-0.11507511979287943
COHFACE_s16_session3_natural,0,179,5.966666666666667,-0.625410258769989,0.012591279873450155
COHFACE_s16_session3_natural,0,180,6.0,-0.7160431742668152,0.15765402031332312
COHFACE_s16_session3_natural,0,181,6.033333333333333,-0.8056413531303406,0.2881493333306497
COHFACE_s16_session3_natural,0,182,6.066666666666666,-0.8930368423461914,0.378808727873384
COHFACE_s16_session3_natural,0,183,6.1,-0.9817332625389099,0.4190244718479888
COHFACE_s16_session3_natural,0,184,6.133333333333334,-1.0541539192199707,0.4154763255406804
COHFACE_s16_session3_natural,0,185,6.166666666666667,-1.118577003479004,0.3879691538817273
COHFACE_s16_session3_natural,0,186,6.2,-1.1762444972991943,0.36021310172773563
COHFACE_s16_session3_natural,0,187,6.233333333333333,-1.2230762243270874,0.3498580407405908
COHFACE_s16_session3_natural,0,188,6.266666666666667,-1.2758948802947998,0.36225913114715236
COHFACE_s16_session3_natural,0,189,6.3,-1.33576500415802,0.39015232357813834
COHFACE_s16_session3_natural,0,190,6.333333333333333,-1.335513710975647,0.41814569157565495
COHFACE_s16_session3_natural,0,191,6.366666666666666,-1.072972297668457,0.4289419387224508
COHFACE_s16_session3_natural,0,192,6.4,-0.37238895893096924,0.4086689811169256
COHFACE_s16_session3_natural,0,193,6.433333333333334,0.49717581272125244,0.35027466282963354
COHFACE_s16_session3_natural,0,194,6.466666666666667,1.1160993576049805,0.25483443647747944
COHFACE_s16_session3_natural,0,195,6.5,1.3807398080825806,0.13070979589853116
COHFACE_s16_session3_natural,0,196,6.533333333333333,1.4235801696777344,-0.009422967947051794
COHFACE_s16_session3_natural,0,197,6.566666666666666,1.378551959991455,-0.15304443342391105
COHFACE_s16_session3_natural,0,198,6.6,1.2419300079345703,-0.29211994021039
COHFACE_s16_session3_natural,0,199,6.633333333333334,1.0112601518630981,-0.4251014971992703
COHFACE_s16_session3_natural,0,200,6.666666666666667,0.8121219873428345,-0.555165126187936
COHFACE_s16_session3_natural,0,201,6.7,0.6976444721221924,-0.6851447002818124
COHFACE_s16_session3_natural,0,202,6.733333333333333,0.628165602684021,-0.8117137813821254
COHFACE_s16_session3_natural,0,203,6.766666666666667,0.5460623502731323,-0.9222535234841132
COHFACE_s16_session3_natural,0,204,6.8,0.4133281409740448,-0.9966925922343124
COHFACE_s16_session3_natural,0,205,6.833333333333333,0.24291279911994934,-1.0139677499696829
COHFACE_s16_session3_natural,0,206,6.866666666666666,0.05886775255203247,-0.9601003163349051
COHFACE_s16_session3_natural,0,207,6.9,-0.11375023424625397,-0.833803981181481
COHFACE_s16_session3_natural,0,208,6.933333333333334,-0.26855501532554626,-0.6468356535832723
COHFACE_s16_session3_natural,0,209,6.966666666666667,-0.3966178596019745,-0.4193204217303891
COHFACE_s16_session3_natural,0,210,7.0,-0.5005109310150146,-0.17322563210513192
COHFACE_s16_session3_natural,0,211,7.033333333333333,-0.5927551984786987,0.07219114515425058
COHFACE_s16_session3_natural,0,212,7.066666666666666,-0.6749915480613708,0.30143276023866045
COHFACE_s16_session3_natural,0,213,7.1,-0.7573757171630859,0.501708707327344
COHFACE_s16_session3_natural,0,214,7.133333333333334,-0.8352659344673157,0.6621258607537515
COHFACE_s16_session3_natural,0,215,7.166666666666667,-0.8988316655158997,0.7743413142109367
COHFACE_s16_session3_natural,0,216,7.2,-0.96634441614151,0.8341398732947108
COHFACE_s16_session3_natural,0,217,7.233333333333333,-1.0261996984481812,0.8425235507921451
COHFACE_s16_session3_natural,0,218,7.266666666666667,-1.0879768133163452,0.8054736663450133
COHFACE_s16_session3_natural,0,219,7.3,-1.1540260314941406,0.7326249705471042
COHFACE_s16_session3_natural,0,220,7.333333333333333,-1.2120778560638428,0.6355235210703442
COHFACE_s16_session3_natural,0,221,7.366666666666666,-1.2105551958084106,0.5259218926987381
COHFACE_s16_session3_natural,0,222,7.4,-0.9252780079841614,0.4142535878739876
COHFACE_s16_session3_natural,0,223,7.433333333333334,-0.23417039215564728,0.3083267870872545
COHFACE_s16_session3_natural,0,224,7.466666666666667,0.5679555535316467,0.21240360810095657
COHFACE_s16_session3_natural,0,225,7.5,1.1040070056915283,0.1270153791865644
COHFACE_s16_session3_natural,0,226,7.533333333333333,1.307447075843811,0.04984560649401888
COHFACE_s16_session3_natural,0,227,7.566666666666666,1.3103740215301514,-0.022424100521813158
COHFACE_s16_session3_natural,0,228,7.6,1.2082253694534302,-0.09211282287975425
COHFACE_s16_session3_natural,0,229,7.633333333333334,1.022568941116333,-0.15947519780669736
COHFACE_s16_session3_natural,0,230,7.666666666666667,0.7883957028388977,-0.223054432870489
COHFACE_s16_session3_natural,0,231,7.7,0.6251351833343506,-0.2808533122848242
COHFACE_s16_session3_natural,0,232,7.733333333333333,0.5606529116630554,-0.33104890575991897
COHFACE_s16_session3_natural,0,233,7.766666666666667,0.5177829265594482,-0.37142693615424793
COHFACE_s16_session3_natural,0,234,7.8,0.44224318861961365,-0.39813688900656113
COHFACE_s16_session3_natural,0,235,7.833333333333333,0.3100264072418213,-0.40539014841502563
COHFACE_s16_session3_natural,0,236,7.866666666666666,0.13536840677261353,-0.3871943734136087
COHFACE_s16_session3_natural,0,237,7.9,-0.03906786069273949,-0.3406068336617544
COHFACE_s16_session3_natural,0,238,7.933333333333334,-0.20042140781879425,-0.26861623124910605
COHFACE_s16_session3_natural,0,239,7.966666666666667,-0.34068000316619873,-0.18069541475213016
COHFACE_s16_session3_natural,1,0,1.0,-0.7521869540214539,-0.0961490038535625
COHFACE_s16_session3_natural,1,1,1.0333333333333334,-0.8258937001228333,-0.37474401177338246
COHFACE_s16_session3_natural,1,2,1.0666666666666667,-0.9050700068473816,-0.5929835345892711
COHFACE_s16_session3_natural,1,3,1.1,-0.9714001417160034,-0.7097935502445616
COHFACE_s16_session3_natural,1,4,1.1333333333333333,-1.0447372198104858,-0.7154998975880813
COHFACE_s16_session3_natural,1,5,1.1666666666666667,-1.1175422668457031,-0.6334138878800345
COHFACE_s16_session3_natural,1,6,1.2,-1.0978811979293823,-0.5097258057945504
COHFACE_s16_session3_natural,1,7,1.2333333333333334,-0.7375668287277222,-0.39633035360197444
COHFACE_s16_session3_natural,1,8,1.2666666666666666,0.014933466911315918,-0.3334976948730034
COHFACE_s16_session3_natural,1,9,1.3,0.8174290060997009,-0.3380602956058938
COHFACE_s16_session3_natural,1,10,1.3333333333333333,1.3112610578536987,-0.39976137334584827
COHFACE_s16_session3_natural,1,11,1.3666666666666667,1.4774188995361328,-0.4857006055397861
COHFACE_s16_session3_natural,1,12,1.4,1.4610100984573364,-0.5513674903605809
COHFACE_s16_session3_natural,1,13,1.4333333333333333,1.351810097694397,-0.5554797502975528
COHFACE_s16_session3_natural,1,14,1.4666666666666666,1.1323012113571167,-0.4739952635426045
COHFACE_s16_session3_natural,1,15,1.5,0.8855921626091003,-0.308017667163188
COHFACE_s16_session3_natural,1,16,1.5333333333333334,0.7370995879173279,-0.08255528685617307
COHFACE_s16_session3_natural,1,17,1.5666666666666667,0.6783825755119324,0.16289495902619197
COHFACE_s16_session3_natural,1,18,1.6,0.6271752119064331,0.38757082856680974
COHFACE_s16_session3_natural,1,19,1.6333333333333333,0.5386413931846619,0.5609813625271955
COHFACE_s16_session3_natural,1,20,1.6666666666666667,0.3845313787460327,0.6687847735275649
COHFACE_s16_session3_natural,1,21,1.7,0.20072287321090698,0.7121851428632832
COHFACE_s16_session3_natural,1,22,1.7333333333333334,0.014179547317326069,0.7030333265685782
COHFACE_s16_session3_natural,1,23,1.7666666666666666,-0.15422536432743073,0.6580222987774567
COHFACE_s16_session3_natural,1,24,1.8,-0.29047781229019165,0.5943027144362936
COHFACE_s16_session3_natural,1,25,1.8333333333333333,-0.40752750635147095,0.5268878213094139
COHFACE_s16_session3_natural,1,26,1.8666666666666667,-0.511036217212677,0.4670668274006046
COHFACE_s16_session3_natural,1,27,1.9,-0.597943902015686,0.42113397041804773
COHFACE_s16_session3_natural,1,28,1.9333333333333333,-0.6856498718261719,0.3895046693510256
COHFACE_s16_session3_natural,1,29,1.9666666666666666,-0.7675314545631409,0.36684483890612896
COHFACE_s16_session3_natural,1,30,2.0,-0.8315702676773071,0.34362848794950174
COHFACE_s16_session3_natural,1,31,2.033333333333333,-0.9031630158424377,0.3088356387378566
COHFACE_s16_session3_natural,1,32,2.066666666666667,-0.9773575663566589,0.2529252144728844
COHFACE_s16_session3_natural,1,33,2.1,-1.050783395767212,0.17011250155393723
COHFACE_s16_session3_natural,1,34,2.1333333333333333,-1.126086711883545,0.05936070732271908
COHFACE_s16_session3_natural,1,35,2.1666666666666665,-1.1960386037826538,-0.07589945845434123
COHFACE_s16_session3_natural,1,36,2.2,-1.1529172658920288,-0.22880563157026365
COHFACE_s16_session3_natural,1,37,2.2333333333333334,-0.7497478127479553,-0.39011417031316575
COHFACE_s16_session3_natural,1,38,2.2666666666666666,0.04012324661016464,-0.54866589012795
COHFACE_s16_session3_natural,1,39,2.3,0.8243029713630676,-0.6912523949151007
COHFACE_s16_session3_natural,1,40,2.3333333333333335,1.2768172025680542,-0.8026822178486621
COHFACE_s16_session3_natural,1,41,2.3666666666666667,1.4116653203964233,-0.867213295498377
COHFACE_s16_session3_natural,1,42,2.4,1.3818929195404053,-0.8719360704376835
COHFACE_s16_session3_natural,1,43,2.433333333333333,1.2783102989196777,-0.811423833431267
COHFACE_s16_session3_natural,1,44,2.466666666666667,1.0752546787261963,-0.6917449113592417
COHFACE_s16_session3_natural,1,45,2.5,0.8303786516189575,-0.5314781239380982
COHFACE_s16_session3_natural,1,46,2.533333333333333,0.6742138266563416,-0.35816488573874705
COHFACE_s16_session3_natural,1,47,2.566666666666667,0.6094063520431519,-0.20070152215150344
COHFACE_s16_session3_natural,1,48,2.6,0.5532910823822021,-0.08063416549907045
COHFACE_s16_session3_natural,1,49,2.6333333333333333,0.44480058550834656,-0.006224959685015304
COHFACE_s16_session3_natural,1,50,2.6666666666666665,0.28275227546691895,0.028500545743552163
COHFACE_s16_session3_natural,1,51,2.7,0.09357761591672897,0.04016130374047121
COHFACE_s16_session3_natural,1,52,2.7333333333333334,-0.08850132673978806,0.049891380102804854
COHFACE_s16_session3_natural,1,53,2.7666666666666666,-0.2593453824520111,0.0768775991860513
COHFACE_s16_session3_natural,1,54,2.8,-0.4013039767742157,0.13326227390685455
COHFACE_s16_session3_natural,1,55,2.8333333333333335,-0.5132240653038025,0.22138156808824266
COHFACE_s16_session3_natural,1,56,2.8666666666666667,-0.618462324142456,0.3336195316862353
COHFACE_s16_session3_natural,1,57,2.9,-0.7055326700210571,0.4546540848306124
COHFACE_s16_session3_natural,1,58,2.933333333333333,-0.7879168391227722,0.5655090424090127
COHFACE_s16_session3_natural,1,59,2.966666666666667,-0.865200936794281,0.6483653200417416
COHFACE_s16_session3_natural,1,60,3.0,-0.9395580887794495,0.6906033152800771
COHFACE_s16_session3_natural,1,61,3.033333333333333,-1.009554386138916,0.6867968773786943
COHFACE_s16_session3_natural,1,62,3.066666666666667,-1.0697201490402222,0.6386119901370918
COHFACE_s16_session3_natural,1,63,3.1,-1.1263527870178223,0.5535531647181666
COHFACE_s16_session3_natural,1,64,3.1333333333333333,-1.1836801767349243,0.4432500226164254
COHFACE_s16_session3_natural,1,65,3.1666666666666665,-1.2576825618743896,0.32133144406927155
COHFACE_s16_session3_natural,1,66,3.2,-1.2642313241958618,0.2009961792861393
COHFACE_s16_session3_natural,1,67,3.2333333333333334,-0.9667879343032837,0.09283403888703864
COHFACE_s16_session3_natural,1,68,3.2666666666666666,-0.22500509023666382,0.003495935398291872
COHFACE_s16_session3_natural,1,69,3.3,0.673341691493988,-0.0646236883820209
COHFACE_s16_session3_natural,1,70,3.3333333333333335,1.3247872591018677,-0.11302672946829252
COHFACE_s16_session3_natural,1,71,3.3666666666666667,1.6117792129516602,-0.14648385939783823
COHFACE_s16_session3_natural,1,72,3.4,1.6863433122634888,-0.17211396789984945
COHFACE_s16_session3_natural,1,73,3.433333333333333,1.6749310493469238,-0.1978086346578999
COHFACE_s16_session3_natural,1,74,3.466666666666667,1.567209243774414,-0.22996223373454172
COHFACE_s16_session3_natural,1,75,3.5,1.3530222177505493,-0.27122456949434354
COHFACE_s16_session3_natural,1,76,3.533333333333333,1.1131280660629272,-0.31946658202593703
COHFACE_s16_session3_natural,1,77,3.566666666666667,0.9333255887031555,-0.36864311135801797
COHFACE_s16_session3_natural,1,78,3.6,0.8240811824798584,-0.4108811738841687
COHFACE_s16_session3_natural,1,79,3.6333333333333333,0.7197151184082031,-0.43835491681787164
COHFACE_s16_session3_natural,1,80,3.6666666666666665,0.5670981407165527,-0.4442704858981412
COHFACE_s16_session3_natural,1,81,3.7,0.3794461190700531,-0.42341765986308805
COHFACE_s16_session3_natural,1,82,3.7333333333333334,0.18715232610702515,-0.372868076970404
COHFACE_s16_session3_natural,1,83,3.7666666666666666,-0.0029979897662997246,-0.2928573378779334
COHFACE_s16_session3_natural,1,84,3.8,-0.17095941305160522,-0.18758167534407547
COHFACE_s16_session3_natural,1,85,3.8333333333333335,-0.31240060925483704,-0.06563174490486715
COHFACE_s16_session3_natural,1,86,3.8666666666666667,-0.4317711889743805,0.060226998533111975
COHFACE_s16_session3_natural,1,87,3.9,-0.5398034453392029,0.1742704549782377
COHFACE_s16_session3_natural,1,88,3.933333333333333,-0.6274206638336182,0.2602753321830441
COHFACE_s16_session3_natural,1,89,3.966666666666667,-0.7080161571502686,0.30497329211125335
COHFACE_s16_session3_natural,1,90,4.0,-0.81360924243927,0.30146414976738845
COHFACE_s16_session3_natural,1,91,4.033333333333333,-0.9051734805107117,0.2512098090019638
COHFACE_s16_session3_natural,1,92,4.066666666666666,-0.9937072992324829,0.16384600028622753
COHFACE_s16_session3_natural,1,93,4.1,-1.0766828060150146,0.055129279133269024
COHFACE_s16_session3_natural,1,94,4.133333333333334,-1.1441216468811035,-0.055981616583243014
COHFACE_s16_session3_natural,1,95,4.166666666666667,-1.2132604122161865,-0.15028170213005568
COHFACE_s16_session3_natural,1,96,4.2,-1.2877358198165894,-0.21123937211557686
COHFACE_s16_session3_natural,1,97,4.233333333333333,-1.299177646636963,-0.22813253661550797
COHFACE_s16_session3_natural,1,98,4.266666666666667,-1.0519808530807495,-0.19895721475595882
COHFACE_s16_session3_natural,1,99,4.3,-0.35606881976127625,-0.13174960497657917
COHFACE_s16_session3_natural,1,100,4.333333333333333,0.5523154139518738,-0.04293737954813599
COHFACE_s16_session3_natural,1,101,4.366666666666666,1.2531057596206665,0.04762776399306608
COHFACE_s16_session3_natural,1,102,4.4,1.5991990566253662,0.1236727550276142
COHFACE_s16_session3_natural,1,103,4.433333333333334,1.7085174322128296,0.17861496319840323
COHFACE_s16_session3_natural,1,104,4.466666666666667,1.7204174995422363,0.21720539735771266
COHFACE_s16_session3_natural,1,105,4.5,1.6521508693695068,0.25095662938685576
COHFACE_s16_session3_natural,1,106,4.533333333333333,1.4554814100265503,0.2897076080296892
COHFACE_s16_session3_natural,1,107,4.566666666666666,1.1948174238204956,0.33455668063776733
COHFACE_s16_session3_natural,1,108,4.6,0.9911409020423889,0.3761965140878633
COHFACE_s16_session3_natural,1,109,4.633333333333334,0.8580371737480164,0.3988884171851487
COHFACE_s16_session3_natural,1,110,4.666666666666667,0.7355474233627319,0.38715475378567715
COHFACE_s16_session3_natural,1,111,4.7,0.5855322480201721,0.3315173813923565
COHFACE_s16_session3_natural,1,112,4.733333333333333,0.395662784576416,0.23116458347460253
COHFACE_s16_session3_natural,1,113,4.766666666666667,0.19347932934761047,0.09363604611775886
COHFACE_s16_session3_natural,1,114,4.8,-0.0007953624590300024,-0.06718766499848856
COHFACE_s16_session3_natural,1,115,4.833333333333333,-0.1689341813325882,-0.23352303242595396
COHFACE_s16_session3_natural,1,116,4.866666666666666,-0.3216398358345032,-0.3858866196742875
COHFACE_s16_session3_natural,1,117,4.9,-0.4631253778934479,-0.5050689534532735
COHFACE_s16_session3_natural,1,118,4.933333333333334,-0.5744245648384094,-0.5742633762277853
COHFACE_s16_session3_natural,1,119,4.966666666666667,-0.6810524463653564,-0.5816129832800109
COHFACE_s16_session3_natural,1,120,5.0,-0.7770219445228577,-0.5228974252789081
COHFACE_s16_session3_natural,1,121,5.033333333333333,-0.877884566783905,-0.40353327654973803
COHFACE_s16_session3_natural,1,122,5.066666666666666,-0.9765740633010864,-0.2389067379476087
COHFACE_s16_session3_natural,1,123,5.1,-1.0499851703643799,-0.05233950076272589
COHFACE_s16_session3_natural,1,124,5.133333333333334,-1.1134917736053467,0.12934051800894952
COHFACE_s16_session3_natural,1,125,5.166666666666667,-1.1740862131118774,0.28146924710648147
COHFACE_s16_session3_natural,1,126,5.2,-1.2362475395202637,0.3860945980267235
COHFACE_s16_session3_natural,1,127,5.233333333333333,-1.299281120300293,0.4334097114520434
COHFACE_s16_session3_natural,1,128,5.266666666666667,-1.3267771005630493,0.4205177509415378
COHFACE_s16_session3_natural,1,129,5.3,-1.166532278060913,0.3500471509157372
COHFACE_s16_session3_natural,1,130,5.333333333333333,-0.5762724280357361,0.23053777805188166
COHFACE_s16_session3_natural,1,131,5.366666666666666,0.29639673233032227,0.07810679474935316
COHFACE_s16_session3_natural,1,132,5.4,1.044846534729004,-0.08301756664105926
COHFACE_s16_session3_natural,1,133,5.433333333333334,1.4378160238265991,-0.2234713556291324
COHFACE_s16_session3_natural,1,134,5.466666666666667,1.5661301612854004,-0.3155818039696922
COHFACE_s16_session3_natural,1,135,5.5,1.5789762735366821,-0.3417676026566542
COHFACE_s16_session3_natural,1,136,5.533333333333333,1.508758306503296,-0.3008009183821482
COHFACE_s16_session3_natural,1,137,5.566666666666666,1.3241071701049805,-0.20887650929423515
COHFACE_s16_session3_natural,1,138,5.6,1.0731850862503052,-0.09483016549649749
COHFACE_s16_session3_natural,1,139,5.633333333333334,0.8615111112594604,0.008571865718940402
COHFACE_s16_session3_natural,1,140,5.666666666666667,0.7317038774490356,0.07406501168894626
COHFACE_s16_session3_natural,1,141,5.7,0.6307230591773987,0.08701238493381118
COHFACE_s16_session3_natural,1,142,5.733333333333333,0.5056463479995728,0.048306725795841436
COHFACE_s16_session3_natural,1,143,5.766666666666667,0.33385616540908813,-0.027268469131955846
COHFACE_s16_session3_natural,1,144,5.8,0.13557535409927368,-0.11597688348058677
COHFACE_s16_session3_natural,1,145,5.833333333333333,-0.06116804853081703,-0.19144154647095618
COHFACE_s16_session3_natural,1,146,5.866666666666666,-0.2315242737531662,-0.2308643037978641
COHFACE_s16_session3_natural,1,147,5.9,-0.3777107298374176,-0.2203222296618879
COHFACE_s16_session3_natural,1,148,5.933333333333334,-0.5106075406074524,-0.15826018898725486
COHFACE_s16_session3_natural,1,149,5.966666666666667,-0.625410258769989,-0.05603949676110811
COHFACE_s16_session3_natural,1,150,6.0,-0.7160431742668152,0.06519149274300169
COHFACE_s16_session3_natural,1,151,6.033333333333333,-0.8056413531303406,0.18083973049058474
COHFACE_s16_session3_natural,1,152,6.066666666666666,-0.8930368423461914,0.2704988851923206
COHFACE_s16_session3_natural,1,153,6.1,-0.9817332625389099,0.3240746304781993
COHFACE_s16_session3_natural,1,154,6.133333333333334,-1.0541539192199707,0.3439727345477341
COHFACE_s16_session3_natural,1,155,6.166666666666667,-1.118577003479004,0.3424911994338752
COHFACE_s16_session3_natural,1,156,6.2,-1.1762444972991943,0.3356727466127141
COHFACE_s16_session3_natural,1,157,6.233333333333333,-1.2230762243270874,0.33646696008713406
COHFACE_s16_session3_natural,1,158,6.266666666666667,-1.2758948802947998,0.3502213424011249
COHFACE_s16_session3_natural,1,159,6.3,-1.33576500415802,0.3740659792862491
COHFACE_s16_session3_natural,1,160,6.333333333333333,-1.335513710975647,0.3994626368056577
COHFACE_s16_session3_natural,1,161,6.366666666666666,-1.072972297668457,0.4157736156489417
COHFACE_s16_session3_natural,1,162,6.4,-0.37238895893096924,0.413158038114451
COHFACE_s16_session3_natural,1,163,6.433333333333334,0.49717581272125244,0.3843168235202797
COHFACE_s16_session3_natural,1,164,6.466666666666667,1.1160993576049805,0.32517034707963294
COHFACE_s16_session3_natural,1,165,6.5,1.3807398080825806,0.23461344267523837
COHFACE_s16_session3_natural,1,166,6.533333333333333,1.4235801696777344,0.11370035638639125
COHFACE_s16_session3_natural,1,167,6.566666666666666,1.378551959991455,-0.035156590755708046
COHFACE_s16_session3_natural,1,168,6.6,1.2419300079345703,-0.20846363705966753
COHFACE_s16_session3_natural,1,169,6.633333333333334,1.0112601518630981,-0.4011165171150707
COHFACE_s16_session3_natural,1,170,6.666666666666667,0.8121219873428345,-0.604994921552673
COHFACE_s16_session3_natural,1,171,6.7,0.6976444721221924,-0.8070341121002601
COHFACE_s16_session3_natural,1,172,6.733333333333333,0.628165602684021,-0.9878617794132887
COHFACE_s16_session3_natural,1,173,6.766666666666667,0.5460623502731323,-1.1225922321320745
COHFACE_s16_session3_natural,1,174,6.8,0.4133281409740448,-1.1849691972836345
COHFACE_s16_session3_natural,1,175,6.833333333333333,0.24291279911994934,-1.1545365599179074
COHFACE_s16_session3_natural,1,176,6.866666666666666,0.05886775255203247,-1.024450196538212
COHFACE_s16_session3_natural,1,177,6.9,-0.11375023424625397,-0.8062534399307394
COHFACE_s16_session3_natural,1,178,6.933333333333334,-0.26855501532554626,-0.5285882506519065
COHFACE_s16_session3_natural,1,179,6.966666666666667,-0.3966178596019745,-0.22946098137924664
COHFACE_s16_session3_natural,1,180,7.0,-0.5005109310150146,0.05491699593707918
COHFACE_s16_session3_natural,1,181,7.033333333333333,-0.5927551984786987,0.2998029987365704
COHFACE_s16_session3_natural,1,182,7.066666666666666,-0.6749915480613708,0.49620214872694046
COHFACE_s16_session3_natural,1,183,7.1,-0.7573757171630859,0.6486264633835017
COHFACE_s16_session3_natural,1,184,7.133333333333334,-0.8352659344673157,0.7678765391731931
COHFACE_s16_session3_natural,1,185,7.166666666666667,-0.8988316655158997,0.8621779743600293
COHFACE_s16_session3_natural,1,186,7.2,-0.96634441614151,0.9306942994974946
COHFACE_s16_session3_natural,1,187,7.233333333333333,-1.0261996984481812,0.9625659613587795
COHFACE_s16_session3_natural,1,188,7.266666666666667,-1.0879768133163452,0.9421397590827323
COHFACE_s16_session3_natural,1,189,7.3,-1.1540260314941406,0.8579282232049884
COHFACE_s16_session3_natural,1,190,7.333333333333333,-1.2120778560638428,0.7106606336529109
COHFACE_s16_session3_natural,1,191,7.366666666666666,-1.2105551958084106,0.5160903848564563
COHFACE_s16_session3_natural,1,192,7.4,-0.9252780079841614,0.30116643326770476
COHFACE_s16_session3_natural,1,193,7.433333333333334,-0.23417039215564728,0.09567460928771482
COHFACE_s16_session3_natural,1,194,7.466666666666667,0.5679555535316467,-0.07674799016245284
COHFACE_s16_session3_natural,1,195,7.5,1.1040070056915283,-0.20455133885907884
COHFACE_s16_session3_natural,1,196,7.533333333333333,1.307447075843811,-0.28904917269352626
COHFACE_s16_session3_natural,1,197,7.566666666666666,1.3103740215301514,-0.3403155326508627
COHFACE_s16_session3_natural,1,198,7.6,1.2082253694534302,-0.3708788375054374
COHFACE_s16_session3_natural,1,199,7.633333333333334,1.022568941116333,-0.3906531556972078
COHFACE_s16_session3_natural,1,200,7.666666666666667,0.7883957028388977,-0.40494023415454045
COHFACE_s16_session3_natural,1,201,7.7,0.6251351833343506,-0.4149308703909245
COHFACE_s16_session3_natural,1,202,7.733333333333333,0.5606529116630554,-0.41895438216243247
COHFACE_s16_session3_natural,1,203,7.766666666666667,0.5177829265594482,-0.4132508321996704
COHFACE_s16_session3_natural,1,204,7.8,0.44224318861961365,-0.39243434805930877
COHFACE_s16_session3_natural,1,205,7.833333333333333,0.3100264072418213,-0.35066156092293904
COHFACE_s16_session3_natural,1,206,7.866666666666666,0.13536840677261353,-0.28397503603479407
COHFACE_s16_session3_natural,1,207,7.9,-0.03906786069273949,-0.1929942858948089
COHFACE_s16_session3_natural,1,208,7.933333333333334,-0.20042140781879425,-0.0843163500739016
COHFACE_s16_session3_natural,1,209,7.966666666666667,-0.34068000316619873,0.03060899650966215
COHFACE_s16_session3_natural,1,210,8.0,-0.46148449182510376,0.13890748074461023
COHFACE_s16_session3_natural,1,211,8.033333333333333,-0.561075747013092,0.2303629604410789
COHFACE_s16_session3_natural,1,212,8.066666666666666,-0.645677387714386,0.3001653717292611
COHFACE_s16_session3_natural,1,213,8.1,-0.7201232314109802,0.3491730558495188
COHFACE_s16_session3_natural,1,214,8.133333333333333,-0.7968899607658386,0.3818923630743233
COHFACE_s16_session3_natural,1,215,8.166666666666666,-0.8709662556648254,0.4033125150140858
COHFACE_s16_session3_natural,1,216,8.2,-0.9361432790756226,0.4157746406900888
COHFACE_s16_session3_natural,1,217,8.233333333333333,-1.004631757736206,0.4167160850865136
COHFACE_s16_session3_natural,1,218,8.266666666666667,-1.0592982769012451,0.39802508343678045
COHFACE_s16_session3_natural,1,219,8.3,-1.1180152893066406,0.3476710673818497
COHFACE_s16_session3_natural,1,220,8.333333333333334,-1.1822906732559204,0.2537746654513084
COHFACE_s16_session3_natural,1,221,8.366666666666667,-1.196895956993103,0.11028750690316307
COHFACE_s16_session3_natural,1,222,8.4,-0.9374294281005859,-0.07761805146973576
COHFACE_s16_session3_natural,1,223,8.433333333333334,-0.25358012318611145,-0.29073112142144675
COHFACE_s16_session3_natural,1,224,8.466666666666667,0.5925392508506775,-0.49711740510404673
COHFACE_s16_session3_natural,1,225,8.5,1.1971383094787598,-0.6578308544805517
COHFACE_s16_session3_natural,1,226,8.533333333333333,1.448459506034851,-0.7360691702439986
COHFACE_s16_session3_natural,1,227,8.566666666666666,1.4792076349258423,-0.7076612446538543
COHFACE_s16_session3_natural,1,228,8.6,1.4195889234542847,-0.5696682947400781
COHFACE_s16_session3_natural,1,229,8.633333333333333,1.2687015533447266,-0.3435215339716232
COHFACE_s16_session3_natural,1,230,8.666666666666666,1.0425108671188354,-0.07037653894676721
COHFACE_s16_session3_natural,1,231,8.7,0.8455013632774353,0.2004296530384696
COHFACE_s16_session3_natural,1,232,8.733333333333333,0.7360647916793823,0.4250422869333584
COHFACE_s16_session3_natural,1,233,8.766666666666667,0.6713607907295227,0.574807708991872
COHFACE_s16_session3_natural,1,234,8.8,0.5813634991645813,0.6389783267335122
COHFACE_s16_session3_natural,1,235,8.833333333333334,0.44262751936912537,0.6216376391840546
COHFACE_s16_session3_natural,1,236,8.866666666666667,0.2645399272441864,0.5360521863650156
COHFACE_s16_session3_natural,1,237,8.9,0.08253490924835205,0.3992151061596738
COHFACE_s16_session3_natural,1,238,8.933333333333334,-0.08723001182079315,0.2281310658251068
COHFACE_s16_session3_natural,1,239,8.966666666666667,-0.24558265507221222,0.038297956032075045
COHFACE_s16_session3_natural,2,0,2.0,-0.8315702676773071,0.10651529170328648
COHFACE_s16_session3_natural,2,1,2.033333333333333,-0.9031630158424377,-0.27228386457192405
COHFACE_s16_session3_natural,2,2,2.066666666666667,-0.9773575663566589,-0.5939821738447104
COHFACE_s16_session3_natural,2,3,2.1,-1.050783395767212,-0.8182000435751368
COHFACE_s16_session3_natural,2,4,2.1333333333333333,-1.126086711883545,-0.9365688240358092
COHFACE_s16_session3_natural,2,5,2.1666666666666665,-1.1960386037826538,-0.9726097297239287
COHFACE_s16_session3_natural,2,6,2.2,-1.1529172658920288,-0.9693767711920468
COHFACE_s16_session3_natural,2,7,2.2333333333333334,-0.7497478127479553,-0.9714171821793782
COHFACE_s16_session3_natural,2,8,2.2666666666666666,0.04012324661016464,-1.0087707668869226
COHFACE_s16_session3_natural,2,9,2.3,0.8243029713630676,-1.087759116277433
COHFACE_s16_session3_natural,2,10,2.3333333333333335,1.2768172025680542,-1.1899545919253176
COHFACE_s16_session3_natural,2,11,2.3666666666666667,1.4116653203964233,-1.2785633768692934
COHFACE_s16_session3_natural,2,12,2.4,1.3818929195404053,-1.3102902231950202
COHFACE_s16_session3_natural,2,13,2.433333333333333,1.2783102989196777,-1.2497298928200435
COHFACE_s16_session3_natural,2,14,2.466666666666667,1.0752546787261963,-1.0821134000657826
COHFACE_s16_session3_natural,2,15,2.5,0.8303786516189575,-0.8198362402337588
COHFACE_s16_session3_natural,2,16,2.533333333333333,0.6742138266563416,-0.4997867112048698
COHFACE_s16_session3_natural,2,17,2.566666666666667,0.6094063520431519,-0.17204084642795364
COHFACE_s16_session3_natural,2,18,2.6,0.5532910823822021,0.11549969187159519
COHFACE_s16_session3_natural,2,19,2.6333333333333333,0.44480058550834656,0.33012971246391637
COHFACE_s16_session3_natural,2,20,2.6666666666666665,0.28275227546691895,0.46047050658691013
COHFACE_s16_session3_natural,2,21,2.7,0.09357761591672897,0.5150150434221098
COHFACE_s16_session3_natural,2,22,2.7333333333333334,-0.08850132673978806,0.5155675913559068
COHFACE_s16_session3_natural,2,23,2.7666666666666666,-0.2593453824520111,0.48919314132449293
COHFACE_s16_session3_natural,2,24,2.8,-0.4013039767742157,0.4614834918116102
COHFACE_s16_session3_natural,2,25,2.8333333333333335,-0.5132240653038025,0.4522678393532898
COHFACE_s16_session3_natural,2,26,2.8666666666666667,-0.618462324142456,0.4735636553154227
COHFACE_s16_session3_natural,2,27,2.9,-0.7055326700210571,0.5291271183538782
COHFACE_s16_session3_natural,2,28,2.933333333333333,-0.7879168391227722,0.6151986400016197
COHFACE_s16_session3_natural,2,29,2.966666666666667,-0.865200936794281,0.7221687169796227
COHFACE_s16_session3_natural,2,30,3.0,-0.9395580887794495,0.8365177578736668
COHFACE_s16_session3_natural,2,31,3.033333333333333,-1.009554386138916,0.9422479294302872
COHFACE_s16_session3_natural,2,32,3.066666666666667,-1.0697201490402222,1.021747035873209
COHFACE_s16_session3_natural,2,33,3.1,-1.1263527870178223,1.0568962315799366
COHFACE_s16_session3_natural,2,34,3.1333333333333333,-1.1836801767349243,1.0313034239962229
COHFACE_s16_session3_natural,2,35,3.1666666666666665,-1.2576825618743896,0.9338154726817428
COHFACE_s16_session3_natural,2,36,3.2,-1.2642313241958618,0.7624915153006369
COHFACE_s16_session3_natural,2,37,3.2333333333333334,-0.9667879343032837,0.5275085501784044
COHFACE_s16_session3_natural,2,38,3.2666666666666666,-0.22500509023666382,0.2513786987157734
COHFACE_s16_session3_natural,2,39,3.3,0.673341691493988,-0.034439078882914025
COHFACE_s16_session3_natural,2,40,3.3333333333333335,1.3247872591018677,-0.29612881725742884
COHFACE_s16_session3_natural,2,41,3.3666666666666667,1.6117792129516602,-0.5055664167516408
COHFACE_s16_session3_natural,2,42,3.4,1.6863433122634888,-0.6473407229692841
COHFACE_s16_session3_natural,2,43,3.433333333333333,1.6749310493469238,-0.7223128418461544
COHFACE_s16_session3_natural,2,44,3.466666666666667,1.567209243774414,-0.7461527213265321
COHFACE_s16_session3_natural,2,45,3.5,1.3530222177505493,-0.7430572220119683
COHFACE_s16_session3_natural,2,46,3.533333333333333,1.1131280660629272,-0.7370166234845054
COHFACE_s16_session3_natural,2,47,3.566666666666667,0.9333255887031555,-0.7440806774791207
COHFACE_s16_session3_natural,2,48,3.6,0.8240811824798584,-0.7681593633518675
COHFACE_s16_session3_natural,2,49,3.6333333333333333,0.7197151184082031,-0.8009752602400749
COHFACE_s16_session3_natural,2,50,3.6666666666666665,0.5670981407165527,-0.8253287512377308
COHFACE_s16_session3_natural,2,51,3.7,0.3794461190700531,-0.8201921455364463
COHFACE_s16_session3_natural,2,52,3.7333333333333334,0.18715232610702515,-0.7660755329685138
COHFACE_s16_session3_natural,2,53,3.7666666666666666,-0.0029979897662997246,-0.6495345099041542
COHFACE_s16_session3_natural,2,54,3.8,-0.17095941305160522,-0.4664386804113687
COHFACE_s16_session3_natural,2,55,3.8333333333333335,-0.31240060925483704,-0.22412515054994192
COHFACE_s16_session3_natural,2,56,3.8666666666666667,-0.4317711889743805,0.057617170364059445
COHFACE_s16_session3_natural,2,57,3.9,-0.5398034453392029,0.34749815408815304
COHFACE_s16_session3_natural,2,58,3.933333333333333,-0.6274206638336182,0.6068623456883254
COHFACE_s16_session3_natural,2,59,3.966666666666667,-0.7080161571502686,0.7974000132749006
COHFACE_s16_session3_natural,2,60,4.0,-0.81360924243927,0.8905361726452132
COHFACE_s16_session3_natural,2,61,4.033333333333333,-0.9051734805107117,0.8748326236937103
COHFACE_s16_session3_natural,2,62,4.066666666666666,-0.9937072992324829,0.7583202021894153
COHFACE_s16_session3_natural,2,63,4.1,-1.0766828060150146,0.5651814056909256
COHFACE_s16_session3_natural,2,64,4.133333333333334,-1.1441216468811035,0.32886920386341895
COHFACE_s16_session3_natural,2,65,4.166666666666667,-1.2132604122161865,0.08491138560432092
COHFACE_s16_session3_natural,2,66,4.2,-1.2877358198165894,-0.1342939907439858
COHFACE_s16_session3_natural,2,67,4.233333333333333,-1.299177646636963,-0.30241422845352933
COHFACE_s16_session3_natural,2,68,4.266666666666667,-1.0519808530807495,-0.40106171805301616
COHFACE_s16_session3_natural,2,69,4.3,-0.35606881976127625,-0.42179042959760976
COHFACE_s16_session3_natural,2,70,4.333333333333333,0.5523154139518738,-0.3679544887082039
COHFACE_s16_session3_natural,2,71,4.366666666666666,1.2531057596206665,-0.2547123498981849
COHFACE_s16_session3_natural,2,72,4.4,1.5991990566253662,-0.10548437505980633
COHFACE_s16_session3_natural,2,73,4.433333333333334,1.7085174322128296,0.05475731533313388
COHFACE_s16_session3_natural,2,74,4.466666666666667,1.7204174995422363,0.20608607298803372
COHFACE_s16_session3_natural,2,75,4.5,1.6521508693695068,0.3361776862741048
COHFACE_s16_session3_natural,2,76,4.533333333333333,1.4554814100265503,0.43799675233443497
COHFACE_s16_session3_natural,2,77,4.566666666666666,1.1948174238204956,0.5056459213734078
COHFACE_s16_session3_natural,2,78,4.6,0.9911409020423889,0.5323617887155779
COHFACE_s16_session3_natural,2,79,4.633333333333334,0.8580371737480164,0.512346074881137
COHFACE_s16_session3_natural,2,80,4.666666666666667,0.7355474233627319,0.4447106809919257
COHFACE_s16_session3_natural,2,81,4.7,0.5855322480201721,0.3360441054035833
COHFACE_s16_session3_natural,2,82,4.733333333333333,0.395662784576416,0.19935285763967361
COHFACE_s16_session3_natural,2,83,4.766666666666667,0.19347932934761047,0.049951376146119275
COHFACE_s16_session3_natural,2,84,4.8,-0.0007953624590300024,-0.09911695219713619
COHFACE_s16_session3_natural,2,85,4.833333333333333,-0.1689341813325882,-0.23946470932463257
COHFACE_s16_session3_natural,2,86,4.866666666666666,-0.3216398358345032,-0.3664737609065388
COHFACE_s16_session3_natural,2,87,4.9,-0.4631253778934479,-0.47607375122162715
COHFACE_s16_session3_natural,2,88,4.933333333333334,-0.5744245648384094,-0.5613337367614145
COHFACE_s16_session3_natural,2,89,4.966666666666667,-0.6810524463653564,-0.6111225624103043
COHFACE_s16_session3_natural,2,90,5.0,-0.7770219445228577,-0.6122495782886882
COHFACE_s16_session3_natural,2,91,5.033333333333333,-0.877884566783905,-0.5547100241058254
COHFACE_s16_session3_natural,2,92,5.066666666666666,-0.9765740633010864,-0.43749812736399546
COHFACE_s16_session3_natural,2,93,5.1,-1.0499851703643799,-0.27155612265328155
COHFACE_s16_session3_natural,2,94,5.133333333333334,-1.1134917736053467,-0.07793153567769898
COHFACE_s16_session3_natural,2,95,5.166666666666667,-1.1740862131118774,0.11770970570650766
COHFACE_s16_session3_natural,2,96,5.2,-1.2362475395202637,0.29060996504425596
COHFACE_s16_session3_natural,2,97,5.233333333333333,-1.299281120300293,0.41944476295521727
COHFACE_s16_session3_natural,2,98,5.266666666666667,-1.3267771005630493,0.48644026343445346
COHFACE_s16_session3_natural,2,99,5.3,-1.166532278060913,0.47845110349965997
COHFACE_s16_session3_natural,2,100,5.333333333333333,-0.5762724280357361,0.39102584585067024
COHFACE_s16_session3_natural,2,101,5.366666666666666,0.29639673233032227,0.2338697169245003
COHFACE_s16_session3_natural,2,102,5.4,1.044846534729004,0.03384391570569225
COHFACE_s16_session3_natural,2,103,5.433333333333334,1.4378160238265991,-0.16787475563506155
COHFACE_s16_session3_natural,2,104,5.466666666666667,1.5661301612854004,-0.3251924256617944
COHFACE_s16_session3_natural,2,105,5.5,1.5789762735366821,-0.40053197506788085
COHFACE_s16_session3_natural,2,106,5.533333333333333,1.508758306503296,-0.37757713233292445
COHFACE_s16_session3_natural,2,107,5.566666666666666,1.3241071701049805,-0.2681641974192606
COHFACE_s16_session3_natural,2,108,5.6,1.0731850862503052,-0.10969683985018513
COHFACE_s16_session3_natural,2,109,5.633333333333334,0.8615111112594604,0.0468790688839337
COHFACE_s16_session3_natural,2,110,5.666666666666667,0.7317038774490356,0.15387111726831948
COHFACE_s16_session3_natural,2,111,5.7,0.6307230591773987,0.1813690644094392
COHFACE_s16_session3_natural,2,112,5.733333333333333,0.5056463479995728,0.12440269180175417
COHFACE_s16_session3_natural,2,113,5.766666666666667,0.33385616540908813,0.001795637274639298
COHFACE_s16_session3_natural,2,114,5.8,0.13557535409927368,-0.15106419839197846
COHFACE_s16_session3_natural,2,115,5.833333333333333,-0.06116804853081703,-0.2923382760856037
COHFACE_s16_session3_natural,2,116,5.866666666666666,-0.2315242737531662,-0.3841108125417908
COHFACE_s16_session3_natural,2,117,5.9,-0.3777107298374176,-0.4011535993787534
COHFACE_s16_session3_natural,2,118,5.933333333333334,-0.5106075406074524,-0.3363444671600419
COHFACE_s16_session3_natural,2,119,5.966666666666667,-0.625410258769989,-0.20125394968132929
COHFACE_s16_session3_natural,2,120,6.0,-0.7160431742668152,-0.02167531627567051
COHFACE_s16_session3_natural,2,121,6.033333333333333,-0.8056413531303406,0.17034230031642644
COHFACE_s16_session3_natural,2,122,6.066666666666666,-0.8930368423461914,0.34516717416295944
COHFACE_s16_session3_natural,2,123,6.1,-0.9817332625389099,0.48213176357633086
COHFACE_s16_session3_natural,2,124,6.133333333333334,-1.0541539192199707,0.5722428703038658
COHFACE_s16_session3_natural,2,125,6.166666666666667,-1.118577003479004,0.6169496366770405
COHFACE_s16_session3_natural,2,126,6.2,-1.1762444972991943,0.624180723567739
COHFACE_s16_session3_natural,2,127,6.233333333333333,-1.2230762243270874,0.6035961887263793
COHFACE_s16_session3_natural,2,128,6.266666666666667,-1.2758948802947998,0.5630595266483489
COHFACE_s16_session3_natural,2,129,6.3,-1.33576500415802,0.5075191976589012
COHFACE_s16_session3_natural,2,130,6.333333333333333,-1.335513710975647,0.44000205636626166
COHFACE_s16_session3_natural,2,131,6.366666666666666,-1.072972297668457,0.36327726534421956
COHFACE_s16_session3_natural,2,132,6.4,-0.37238895893096924,0.28076113852474416
COHFACE_s16_session3_natural,2,133,6.433333333333334,0.49717581272125244,0.19607301376567812
COHFACE_s16_session3_natural,2,134,6.466666666666667,1.1160993576049805,0.11156226106603362
COHFACE_s16_session3_natural,2,135,6.5,1.3807398080825806,0.026767125898888355
COHFACE_s16_session3_natural,2,136,6.533333333333333,1.4235801696777344,-0.062026369175002496
COHFACE_s16_session3_natural,2,137,6.566666666666666,1.378551959991455,-0.16047595858436647
COHFACE_s16_session3_natural,2,138,6.6,1.2419300079345703,-0.2735947524280428
COHFACE_s16_session3_natural,2,139,6.633333333333334,1.0112601518630981,-0.4031210683561421
COHFACE_s16_session3_natural,2,140,6.666666666666667,0.8121219873428345,-0.5458086674911464
COHFACE_s16_session3_natural,2,141,6.7,0.6976444721221924,-0.692827838347575
COHFACE_s16_session3_natural,2,142,6.733333333333333,0.628165602684021,-0.8300922040521644
COHFACE_s16_session3_natural,2,143,6.766666666666667,0.5460623502731323,-0.9395569891868731
COHFACE_s16_session3_natural,2,144,6.8,0.4133281409740448,-1.0019116152441185
COHFACE_s16_session3_natural,2,145,6.833333333333333,0.24291279911994934,-1.000785837372014
COHFACE_s16_session3_natural,2,146,6.866666666666666,0.05886775255203247,-0.9273884708858792
COHFACE_s16_session3_natural,2,147,6.9,-0.11375023424625397,-0.7835223241490114
COHFACE_s16_session3_natural,2,148,6.933333333333334,-0.26855501532554626,-0.581346547992287
COHFACE_s16_session3_natural,2,149,6.966666666666667,-0.3966178596019745,-0.33998445161274155
COHFACE_s16_session3_natural,2,150,7.0,-0.5005109310150146,-0.08094221823270796
COHFACE_s16_session3_natural,2,151,7.033333333333333,-0.5927551984786987,0.17525704723061175
COHFACE_s16_session3_natural,2,152,7.066666666666666,-0.6749915480613708,0.4103320065703719
COHFACE_s16_session3_natural,2,153,7.1,-0.7573757171630859,0.608385908381739
COHFACE_s16_session3_natural,2,154,7.133333333333334,-0.8352659344673157,0.7564020302293628
COHFACE_s16_session3_natural,2,155,7.166666666666667,-0.8988316655158997,0.8456261166620105
COHFACE_s16_session3_natural,2,156,7.2,-0.96634441614151,0.87313491389693
COHFACE_s16_session3_natural,2,157,7.233333333333333,-1.0261996984481812,0.8424816588996715
COHFACE_s16_session3_natural,2,158,7.266666666666667,-1.0879768133163452,0.7630190751636926
COHFACE_s16_session3_natural,2,159,7.3,-1.1540260314941406,0.6482814344989679
COHFACE_s16_session3_natural,2,160,7.333333333333333,-1.2120778560638428,0.5137551411972991
COHFACE_s16_session3_natural,2,161,7.366666666666666,-1.2105551958084106,0.3741151188347973
COHFACE_s16_session3_natural,2,162,7.4,-0.9252780079841614,0.24037675842183115
COHFACE_s16_session3_natural,2,163,7.433333333333334,-0.23417039215564728,0.11800200542027753
COHFACE_s16_session3_natural,2,164,7.466666666666667,0.5679555535316467,0.006986710287375261
COHFACE_s16_session3_natural,2,165,7.5,1.1040070056915283,-0.09585866936909557
COHFACE_s16_session3_natural,2,166,7.533333333333333,1.307447075843811,-0.19341620670291138
COHFACE_s16_session3_natural,2,167,7.566666666666666,1.3103740215301514,-0.2852844818432686
COHFACE_s16_session3_natural,2,168,7.6,1.2082253694534302,-0.366774516569762
COHFACE_s16_session3_natural,2,169,7.633333333333334,1.022568941116333,-0.43027376004960105
COHFACE_s16_session3_natural,2,170,7.666666666666667,0.7883957028388977,-0.46816646834196507
COHFACE_s16_session3_natural,2,171,7.7,0.6251351833343506,-0.4756417458331607
COHFACE_s16_session3_natural,2,172,7.733333333333333,0.5606529116630554,-0.4516541927071125
COHFACE_s16_session3_natural,2,173,7.766666666666667,0.5177829265594482,-0.3974766670399849
COHFACE_s16_session3_natural,2,174,7.8,0.44224318861961365,-0.31429650376518375
COHFACE_s16_session3_natural,2,175,7.833333333333333,0.3100264072418213,-0.20235108674891397
COHFACE_s16_session3_natural,2,176,7.866666666666666,0.13536840677261353,-0.06290728632457204
COHFACE_s16_session3_natural,2,177,7.9,-0.03906786069273949,0.0980121290187866
COHFACE_s16_session3_natural,2,178,7.933333333333334,-0.20042140781879425,0.26691029319449083
COHFACE_s16_session3_natural,2,179,7.966666666666667,-0.34068000316619873,0.4236248686392433
COHFACE_s16_session3_natural,2,180,8.0,-0.46148449182510376,0.5461474863470527
COHFACE_s16_session3_natural,2,181,8.033333333333333,-0.561075747013092,0.6174436734585358
COHFACE_s16_session3_natural,2,182,8.066666666666666,-0.645677387714386,0.6309312852924206
COHFACE_s16_session3_natural,2,183,8.1,-0.7201232314109802,0.5919536832680194
COHFACE_s16_session3_natural,2,184,8.133333333333333,-0.7968899607658386,0.5148474777328349
COHFACE_s16_session3_natural,2,185,8.166666666666666,-0.8709662556648254,0.4173119444701704
COHFACE_s16_session3_natural,2,186,8.2,-0.9361432790756226,0.31435560995788747
COHFACE_s16_session3_natural,2,187,8.233333333333333,-1.004631757736206,0.21360144293924213
COHFACE_s16_session3_natural,2,188,8.266666666666667,-1.0592982769012451,0.11319990541885315
COHFACE_s16_session3_natural,2,189,8.3,-1.1180152893066406,0.0031198570374204003
COHFACE_s16_session3_natural,2,190,8.333333333333334,-1.1822906732559204,-0.13019118945938007
COHFACE_s16_session3_natural,2,191,8.366666666666667,-1.196895956993103,-0.29693322745446715
COHFACE_s16_session3_natural,2,192,8.4,-0.9374294281005859,-0.49718533196401454
COHFACE_s16_session3_natural,2,193,8.433333333333334,-0.25358012318611145,-0.7170123952695796
COHFACE_s16_session3_natural,2,194,8.466666666666667,0.5925392508506775,-0.9294215349263941
COHFACE_s16_session3_natural,2,195,8.5,1.1971383094787598,-1.1003151534072901
COHFACE_s16_session3_natural,2,196,8.533333333333333,1.448459506034851,-1.197515629485512
COHFACE_s16_session3_natural,2,197,8.566666666666666,1.4792076349258423,-1.1996203999219095
COHFACE_s16_session3_natural,2,198,8.6,1.4195889234542847,-1.1015123793184665
COHFACE_s16_session3_natural,2,199,8.633333333333333,1.2687015533447266,-0.9145768547718146
COHFACE_s16_session3_natural,2,200,8.666666666666666,1.0425108671188354,-0.6615790666667337
COHFACE_s16_session3_natural,2,201,8.7,0.8455013632774353,-0.36858401752066333
COHFACE_s16_session3_natural,2,202,8.733333333333333,0.7360647916793823,-0.058333209348981147
COHFACE_s16_session3_natural,2,203,8.766666666666667,0.6713607907295227,0.25129710067427874
COHFACE_s16_session3_natural,2,204,8.8,0.5813634991645813,0.5443068416394109
COHFACE_s16_session3_natural,2,205,8.833333333333334,0.44262751936912537,0.8031587791469856
COHFACE_s16_session3_natural,2,206,8.866666666666667,0.2645399272441864,1.0084453034409515
COHFACE_s16_session3_natural,2,207,8.9,0.08253490924835205,1.1421589038883966
COHFACE_s16_session3_natural,2,208,8.933333333333334,-0.08723001182079315,1.192986426790569
COHFACE_s16_session3_natural,2,209,8.966666666666667,-0.24558265507221222,1.1611913955781397
COHFACE_s16_session3_natural,2,210,9.0,-0.3816577196121216,1.0603917936066343
COHFACE_s16_session3_natural,2,211,9.033333333333333,-0.4862603545188904,0.9144862661822414
COHFACE_s16_session3_natural,2,212,9.066666666666666,-0.5859403610229492,0.7504179134309933
COHFACE_s16_session3_natural,2,213,9.1,-0.67448890209198,0.5898281258608163
COHFACE_s16_session3_natural,2,214,9.133333333333333,-0.761248767375946,0.44321864490420176
COHFACE_s16_session3_natural,2,215,9.166666666666666,-0.8413268327713013,0.30891026820618384
COHFACE_s16_session3_natural,2,216,9.2,-0.9192910194396973,0.17682491088344326
COHFACE_s16_session3_natural,2,217,9.233333333333333,-0.9823541045188904,0.035033930639255535
COHFACE_s16_session3_natural,2,218,9.266666666666667,-1.043850302696228,-0.1239676633251929
COHFACE_s16_session3_natural,2,219,9.3,-1.1091899871826172,-0.2997011425950799
COHFACE_s16_session3_natural,2,220,9.333333333333334,-1.1726818084716797,-0.4834773512172303
COHFACE_s16_session3_natural,2,221,9.366666666666667,-1.2230170965194702,-0.6604267547801379
COHFACE_s16_session3_natural,2,222,9.4,-1.1955358982086182,-0.8122793059539832
COHFACE_s16_session3_natural,2,223,9.433333333333334,-0.8470625281333923,-0.9200700968795832
COHFACE_s16_session3_natural,2,224,9.466666666666667,-0.0548853874206543,-0.9668361884137628
COHFACE_s16_session3_natural,2,225,9.5,0.8388048410415649,-0.9406214003196934
COHFACE_s16_session3_natural,2,226,9.533333333333333,1.4506030082702637,-0.8375099096778093
COHFACE_s16_session3_natural,2,227,9.566666666666666,1.7250592708587646,-0.6636936213682907
COHFACE_s16_session3_natural,2,228,9.6,1.7944642305374146,-0.4355546559041713
COHFACE_s16_session3_natural,2,229,9.633333333333333,1.7731328010559082,-0.1774232621905247
COHFACE_s16_session3_natural,2,230,9.666666666666666,1.6627944707870483,0.08245012907823492
COHFACE_s16_session3_natural,2,231,9.7,1.4416298866271973,0.3166254490890699
COHFACE_s16_session3_natural,2,232,9.733333333333333,1.195290446281433,0.5028113014587485
COHFACE_s16_session3_natural,2,233,9.766666666666667,1.0239289999008179,0.6268779959572445
COHFACE_s16_session3_natural,2,234,9.8,0.9202724695205688,0.6837359259211019
COHFACE_s16_session3_natural,2,235,9.833333333333334,0.8162611126899719,0.6758965083087924
COHFACE_s16_session3_natural,2,236,9.866666666666667,0.6645163893699646,0.610790152711235
COHFACE_s16_session3_natural,2,237,9.9,0.47186776995658875,0.4985149940949536
COHFACE_s16_session3_natural,2,238,9.933333333333334,0.25704509019851685,0.35076537468660435
COHFACE_s16_session3_natural,2,239,9.966666666666667,0.06615564227104187,0.18048426264544198
COHFACE_s16_session3_natural,3,0,3.0,-0.9395580887794495,0.051695723499045824
COHFACE_s16_session3_natural,3,1,3.033333333333333,-1.009554386138916,-0.23432046237385806
COHFACE_s16_session3_natural,3,2,3.066666666666667,-1.0697201490402222,-0.4606917366414484
COHFACE_s16_session3_natural,3,3,3.1,-1.1263527870178223,-0.5888951095664099
COHFACE_s16_session3_natural,3,4,3.1333333333333333,-1.1836801767349243,-0.6160880648073106
COHFACE_s16_session3_natural,3,5,3.1666666666666665,-1.2576825618743896,-0.5725256007443228
COHFACE_s16_session3_natural,3,6,3.2,-1.2642313241958618,-0.5047494269368311
COHFACE_s16_session3_natural,3,7,3.2333333333333334,-0.9667879343032837,-0.45402564857029193
COHFACE_s16_session3_natural,3,8,3.2666666666666666,-0.22500509023666382,-0.4409591798141385
COHFACE_s16_session3_natural,3,9,3.3,0.673341691493988,-0.46217482268294663
COHFACE_s16_session3_natural,3,10,3.3333333333333335,1.3247872591018677,-0.4978572144088059
COHFACE_s16_session3_natural,3,11,3.3666666666666667,1.6117792129516602,-0.5241880361732437
COHFACE_s16_session3_natural,3,12,3.4,1.6863433122634888,-0.5243643392325068
COHFACE_s16_session3_natural,3,13,3.433333333333333,1.6749310493469238,-0.4943126389526807
COHFACE_s16_session3_natural,3,14,3.466666666666667,1.567209243774414,-0.4419234486314798
COHFACE_s16_session3_natural,3,15,3.5,1.3530222177505493,-0.38115571525015135
COHFACE_s16_session3_natural,3,16,3.533333333333333,1.1131280660629272,-0.3245969996055338
COHFACE_s16_session3_natural,3,17,3.566666666666667,0.9333255887031555,-0.27841234229811457
COHFACE_s16_session3_natural,3,18,3.6,0.8240811824798584,-0.24131117469593483
COHFACE_s16_session3_natural,3,19,3.6333333333333333,0.7197151184082031,-0.20638849954191527
COHFACE_s16_session3_natural,3,20,3.6666666666666665,0.5670981407165527,-0.1638388881583257
COHFACE_s16_session3_natural,3,21,3.7,0.3794461190700531,-0.10339803333147761
COHFACE_s16_session3_natural,3,22,3.7333333333333334,0.18715232610702515,-0.016461578711198434
COHFACE_s16_session3_natural,3,23,3.7666666666666666,-0.0029979897662997246,0.10178104470105748
COHFACE_s16_session3_natural,3,24,3.8,-0.17095941305160522,0.2502788660228422
COHFACE_s16_session3_natural,3,25,3.8333333333333335,-0.31240060925483704,0.4207382686434675
COHFACE_s16_session3_natural,3,26,3.8666666666666667,-0.4317711889743805,0.5975792988085831
COHFACE_s16_session3_natural,3,27,3.9,-0.5398034453392029,0.7596284921432503
COHFACE_s16_session3_natural,3,28,3.933333333333333,-0.6274206638336182,0.8837147949167581
COHFACE_s16_session3_natural,3,29,3.966666666666667,-0.7080161571502686,0.9497058842548912
COHFACE_s16_session3_natural,3,30,4.0,-0.81360924243927,0.9453972693007424
COHFACE_s16_session3_natural,3,31,4.033333333333333,-0.9051734805107117,0.8691708869000216
COHFACE_s16_session3_natural,3,32,4.066666666666666,-0.9937072992324829,0.7293708070807754
COHFACE_s16_session3_natural,3,33,4.1,-1.0766828060150146,0.5411670169537137
COHFACE_s16_session3_natural,3,34,4.133333333333334,-1.1441216468811035,0.3229089025560398
COHFACE_s16_session3_natural,3,35,4.166666666666667,-1.2132604122161865,0.09381029464060678
COHFACE_s16_session3_natural,3,36,4.2,-1.2877358198165894,-0.12661153936912442
COHFACE_s16_session3_natural,3,37,4.233333333333333,-1.299177646636963,-0.3185395000193227
COHFACE_s16_session3_natural,3,38,4.266666666666667,-1.0519808530807495,-0.4631068347155084
COHFACE_s16_session3_natural,3,39,4.3,-0.35606881976127625,-0.5457678329938019
COHFACE_s16_session3_natural,3,40,4.333333333333333,0.5523154139518738,-0.5606643281371304
COHFACE_s16_session3_natural,3,41,4.366666666666666,1.2531057596206665,-0.5132080021704684
COHFACE_s16_session3_natural,3,42,4.4,1.5991990566253662,-0.4183043306558158
COHFACE_s16_session3_natural,3,43,4.433333333333334,1.7085174322128296,-0.2943998775008254
COHFACE_s16_session3_natural,3,44,4.466666666666667,1.7204174995422363,-0.1573435114007135
COHFACE_s16_session3_natural,3,45,4.5,1.6521508693695068,-0.01875832781473749
COHFACE_s16_session3_natural,3,46,4.533333333333333,1.4554814100265503,0.11062368512263115
COHFACE_s16_session3_natural,3,47,4.566666666666666,1.1948174238204956,0.21686800375842713
COHFACE_s16_session3_natural,3,48,4.6,0.9911409020423889,0.28234699502538585
COHFACE_s16_session3_natural,3,49,4.633333333333334,0.8580371737480164,0.2897679795186714
COHFACE_s16_session3_natural,3,50,4.666666666666667,0.7355474233627319,0.22824685805613867
COHFACE_s16_session3_natural,3,51,4.7,0.5855322480201721,0.09794643694219476
COHFACE_s16_session3_natural,3,52,4.733333333333333,0.395662784576416,-0.08863884447188887
COHFACE_s16_session3_natural,3,53,4.766666666666667,0.19347932934761047,-0.3084011737045663
COHFACE_s16_session3_natural,3,54,4.8,-0.0007953624590300024,-0.5309650981230207
COHFACE_s16_session3_natural,3,55,4.833333333333333,-0.1689341813325882,-0.7226101532906146
COHFACE_s16_session3_natural,3,56,4.866666666666666,-0.3216398358345032,-0.8504771664484034
COHFACE_s16_session3_natural,3,57,4.9,-0.4631253778934479,-0.8872321016829778
COHFACE_s16_session3_natural,3,58,4.933333333333334,-0.5744245648384094,-0.8161826153249284
COHFACE_s16_session3_natural,3,59,4.966666666666667,-0.6810524463653564,-0.6360346896807073
COHFACE_s16_session3_natural,3,60,5.0,-0.7770219445228577,-0.36355738189583886
COHFACE_s16_session3_natural,3,61,5.033333333333333,-0.877884566783905,-0.03233765443817445
COHFACE_s16_session3_natural,3,62,5.066666666666666,-0.9765740633010864,0.3129537146616701
COHFACE_s16_session3_natural,3,63,5.1,-1.0499851703643799,0.6254957215403512
COHFACE_s16_session3_natural,3,64,5.133333333333334,-1.1134917736053467,0.8657555112137935
COHFACE_s16_session3_natural,3,65,5.166666666666667,-1.1740862131118774,1.0083496865315185
COHFACE_s16_session3_natural,3,66,5.2,-1.2362475395202637,1.0440907809472944
COHFACE_s16_session3_natural,3,67,5.233333333333333,-1.299281120300293,0.9771852792395203
COHFACE_s16_session3_natural,3,68,5.266666666666667,-1.3267771005630493,0.8203050201318342
COHFACE_s16_session3_natural,3,69,5.3,-1.166532278060913,0.5913057631801941
COHFACE_s16_session3_natural,3,70,5.333333333333333,-0.5762724280357361,0.3133712313879118
COHFACE_s16_session3_natural,3,71,5.366666666666666,0.29639673233032227,0.016946316147460457
COHFACE_s16_session3_natural,3,72,5.4,1.044846534729004,-0.26025987400873973
COHFACE_s16_session3_natural,3,73,5.433333333333334,1.4378160238265991,-0.4780885129488728
COHFACE_s16_session3_natural,3,74,5.466666666666667,1.5661301612854004,-0.6031415353351339
COHFACE_s16_session3_natural,3,75,5.5,1.5789762735366821,-0.618737598891635
COHFACE_s16_session3_natural,3,76,5.533333333333333,1.508758306503296,-0.531179189693209
COHFACE_s16_session3_natural,3,77,5.566666666666666,1.3241071701049805,-0.3695094010334816
COHFACE_s16_session3_natural,3,78,5.6,1.0731850862503052,-0.1785522101163581
COHFACE_s16_session3_natural,3,79,5.633333333333334,0.8615111112594604,-0.007420264783807976
COHFACE_s16_session3_natural,3,80,5.666666666666667,0.7317038774490356,0.10294455946886774
COHFACE_s16_session3_natural,3,81,5.7,0.6307230591773987,0.1295358319045029
COHFACE_s16_session3_natural,3,82,5.733333333333333,0.5056463479995728,0.07175791588545044
COHFACE_s16_session3_natural,3,83,5.766666666666667,0.33385616540908813,-0.050095788550758476
COHFACE_s16_session3_natural,3,84,5.8,0.13557535409927368,-0.20108078621156902
COHFACE_s16_session3_natural,3,85,5.833333333333333,-0.06116804853081703,-0.3403225935515362
COHFACE_s16_session3_natural,3,86,5.866666666666666,-0.2315242737531662,-0.43041791940264235
COHFACE_s16_session3_natural,3,87,5.9,-0.3777107298374176,-0.44617064284089925
COHFACE_s16_session3_natural,3,88,5.933333333333334,-0.5106075406074524,-0.38077870711962963
COHFACE_s16_session3_natural,3,89,5.966666666666667,-0.625410258769989,-0.24720010389521488
COHFACE_s16_session3_natural,3,90,6.0,-0.7160431742668152,-0.07360730630061307
COHFACE_s16_session3_natural,3,91,6.033333333333333,-0.8056413531303406,0.10579028981186957
COHFACE_s16_session3_natural,3,92,6.066666666666666,-0.8930368423461914,0.2611526898661182
COHFACE_s16_session3_natural,3,93,6.1,-0.9817332625389099,0.37468008765053973
COHFACE_s16_session3_natural,3,94,6.133333333333334,-1.0541539192199707,0.44301765145880523
COHFACE_s16_session3_natural,3,95,6.166666666666667,-1.118577003479004,0.4743676809452671
COHFACE_s16_session3_natural,3,96,6.2,-1.1762444972991943,0.48243150112315586
COHFACE_s16_session3_natural,3,97,6.233333333333333,-1.2230762243270874,0.4801719588905199
COHFACE_s16_session3_natural,3,98,6.266666666666667,-1.2758948802947998,0.4757738711213412
COHFACE_s16_session3_natural,3,99,6.3,-1.33576500415802,0.471589290004125
COHFACE_s16_session3_natural,3,100,6.333333333333333,-1.335513710975647,0.4652425354311278
COHFACE_s16_session3_natural,3,101,6.366666666666666,-1.072972297668457,0.45145995308049364
COHFACE_s16_session3_natural,3,102,6.4,-0.37238895893096924,0.42381479695963453
COHFACE_s16_session3_natural,3,103,6.433333333333334,0.49717581272125244,0.37633701662721775
COHFACE_s16_session3_natural,3,104,6.466666666666667,1.1160993576049805,0.30486394468431577
COHFACE_s16_session3_natural,3,105,6.5,1.3807398080825806,0.20764898575202717
COHFACE_s16_session3_natural,3,106,6.533333333333333,1.4235801696777344,0.0849792201174642
COHFACE_s16_session3_natural,3,107,6.566666666666666,1.378551959991455,-0.061744838933842264
COHFACE_s16_session3_natural,3,108,6.6,1.2419300079345703,-0.23048866160544842
COHFACE_s16_session3_natural,3,109,6.633333333333334,1.0112601518630981,-0.41775442468711554
COHFACE_s16_session3_natural,3,110,6.666666666666667,0.8121219873428345,-0.6163668450251639
COHFACE_s16_session3_natural,3,111,6.7,0.6976444721221924,-0.8128220426097835
COHFACE_s16_session3_natural,3,112,6.733333333333333,0.628165602684021,-0.9858292112768925
COHFACE_s16_session3_natural,3,113,6.766666666666667,0.5460623502731323,-1.107723136122824
COHFACE_s16_session3_natural,3,114,6.8,0.4133281409740448,-1.1496840765005996
COHFACE_s16_session3_natural,3,115,6.833333333333333,0.24291279911994934,-1.0900018205247872
COHFACE_s16_session3_natural,3,116,6.866666666666666,0.05886775255203247,-0.9224647781691401
COHFACE_s16_session3_natural,3,117,6.9,-0.11375023424625397,-0.6609443107088965
COHFACE_s16_session3_natural,3,118,6.933333333333334,-0.26855501532554626,-0.3375834107802652
COHFACE_s16_session3_natural,3,119,6.966666666666667,-0.3966178596019745,0.00492430317103227
COHFACE_s16_session3_natural,3,120,7.0,-0.5005109310150146,0.32353781469429227
COHFACE_s16_session3_natural,3,121,7.033333333333333,-0.5927551984786987,0.5834233682409704
COHFACE_s16_session3_natural,3,122,7.066666666666666,-0.6749915480613708,0.7627536984255316
COHFACE_s16_session3_natural,3,123,7.1,-0.7573757171630859,0.8540364435465743
COHFACE_s16_session3_natural,3,124,7.133333333333334,-0.8352659344673157,0.8628267958973166
COHFACE_s16_session3_natural,3,125,7.166666666666667,-0.8988316655158997,0.8042913655169299
COHFACE_s16_session3_natural,3,126,7.2,-0.96634441614151,0.6983616813916208
COHFACE_s16_session3_natural,3,127,7.233333333333333,-1.0261996984481812,0.56492587346501
COHFACE_s16_session3_natural,3,128,7.266666666666667,-1.0879768133163452,0.42064051811487374
COHFACE_s16_session3_natural,3,129,7.3,-1.1540260314941406,0.2781157534301922
COHFACE_s16_session3_natural,3,130,7.333333333333333,-1.2120778560638428,0.14683641864065114
COHFACE_s16_session3_natural,3,131,7.366666666666666,-1.2105551958084106,0.03426462489072508
COHFACE_s16_session3_natural,3,132,7.4,-0.9252780079841614,-0.05413166460177466
COHFACE_s16_session3_natural,3,133,7.433333333333334,-0.23417039215564728,-0.11603227790330539
COHFACE_s16_session3_natural,3,134,7.466666666666667,0.5679555535316467,-0.15361212382718298
COHFACE_s16_session3_natural,3,135,7.5,1.1040070056915283,-0.17370514690393146
COHFACE_s16_session3_natural,3,136,7.533333333333333,1.307447075843811,-0.1859440271402055
COHFACE_s16_session3_natural,3,137,7.566666666666666,1.3103740215301514,-0.19922469172620544
COHFACE_s16_session3_natural,3,138,7.6,1.2082253694534302,-0.21804350806092576
COHFACE_s16_session3_natural,3,139,7.633333333333334,1.022568941116333,-0.2406827760225205
COHFACE_s16_session3_natural,3,140,7.666666666666667,0.7883957028388977,-0.2604268055401669
COHFACE_s16_session3_natural,3,141,7.7,0.6251351833343506,-0.26923305065599895
COHFACE_s16_session3_natural,3,142,7.733333333333333,0.5606529116630554,-0.2615700547790356
COHFACE_s16_session3_natural,3,143,7.766666666666667,0.5177829265594482,-0.23598099752891524
COHFACE_s16_session3_natural,3,144,7.8,0.44224318861961365,-0.19382001281993153
COHFACE_s16_session3_natural,3,145,7.833333333333333,0.3100264072418213,-0.13682490476571735
COHFACE_s16_session3_natural,3,146,7.866666666666666,0.13536840677261353,-0.06577263690621667
COHFACE_s16_session3_natural,3,147,7.9,-0.03906786069273949,0.018755840206587816
COHFACE_s16_session3_natural,3,148,7.933333333333334,-0.20042140781879425,0.11435193559821251
COHFACE_s16_session3_natural,3,149,7.966666666666667,-0.34068000316619873,0.21540209459654197
COHFACE_s16_session3_natural,3,150,8.0,-0.46148449182510376,0.31368815358987434
COHFACE_s16_session3_natural,3,151,8.033333333333333,-0.561075747013092,0.4007016755047476
COHFACE_s16_session3_natural,3,152,8.066666666666666,-0.645677387714386,0.47008779164802067
COHFACE_s16_session3_natural,3,153,8.1,-0.7201232314109802,0.5185927086414684
COHFACE_s16_session3_natural,3,154,8.133333333333333,-0.7968899607658386,0.5451381047259667
COHFACE_s16_session3_natural,3,155,8.166666666666666,-0.8709662556648254,0.5488862086963575
COHFACE_s16_session3_natural,3,156,8.2,-0.9361432790756226,0.5272997540799805
COHFACE_s16_session3_natural,3,157,8.233333333333333,-1.004631757736206,0.4747633527578838
COHFACE_s16_session3_natural,3,158,8.266666666666667,-1.0592982769012451,0.3822576668092232
COHFACE_s16_session3_natural,3,159,8.3,-1.1180152893066406,0.23887100000646597
COHFACE_s16_session3_natural,3,160,8.333333333333334,-1.1822906732559204,0.035924541501389476
COHFACE_s16_session3_natural,3,161,8.366666666666667,-1.196895956993103,-0.22658753329941844
COHFACE_s16_session3_natural,3,162,8.4,-0.9374294281005859,-0.5335694966387334
COHFACE_s16_session3_natural,3,163,8.433333333333334,-0.25358012318611145,-0.8520999220937002
COHFACE_s16_session3_natural,3,164,8.466666666666667,0.5925392508506775,-1.1352839845561813
COHFACE_s16_session3_natural,3,165,8.5,1.1971383094787598,-1.33272726063472
COHFACE_s16_session3_natural,3,166,8.533333333333333,1.448459506034851,-1.4043205078536696
COHFACE_s16_session3_natural,3,167,8.566666666666666,1.4792076349258423,-1.332035223431078
COHFACE_s16_session3_natural,3,168,8.6,1.4195889234542847,-1.12501525770536
COHFACE_s16_session3_natural,3,169,8.633333333333333,1.2687015533447266,-0.8160377707736011
COHFACE_s16_session3_natural,3,170,8.666666666666666,1.0425108671188354,-0.4510186032587096
COHFACE_s16_session3_natural,3,171,8.7,0.8455013632774353,-0.07610211594031424
COHFACE_s16_session3_natural,3,172,8.733333333333333,0.7360647916793823,0.27231262663422423
COHFACE_s16_session3_natural,3,173,8.766666666666667,0.6713607907295227,0.5712253034176946
COHFACE_s16_session3_natural,3,174,8.8,0.5813634991645813,0.808878747105142
COHFACE_s16_session3_natural,3,175,8.833333333333334,0.44262751936912537,0.9802333666617995
COHFACE_s16_session3_natural,3,176,8.866666666666667,0.2645399272441864,1.0833966676854707
COHFACE_s16_session3_natural,3,177,8.9,0.08253490924835205,1.1184535489856529
COHFACE_s16_session3_natural,3,178,8.933333333333334,-0.08723001182079315,1.0885897079136073
COHFACE_s16_session3_natural,3,179,8.966666666666667,-0.24558265507221222,1.0023092948449925
COHFACE_s16_session3_natural,3,180,9.0,-0.3816577196121216,0.874616665423898
COHFACE_s16_session3_natural,3,181,9.033333333333333,-0.4862603545188904,0.7252217974222558
COHFACE_s16_session3_natural,3,182,9.066666666666666,-0.5859403610229492,0.573702750966312
COHFACE_s16_session3_natural,3,183,9.1,-0.67448890209198,0.43370662708096896
COHFACE_s16_session3_natural,3,184,9.133333333333333,-0.761248767375946,0.3089827397388011
COHFACE_s16_session3_natural,3,185,9.166666666666666,-0.8413268327713013,0.19311204440222093
COHFACE_s16_session3_natural,3,186,9.2,-0.9192910194396973,0.07304244789871424
COHFACE_s16_session3_natural,3,187,9.233333333333333,-0.9823541045188904,-0.06503979599531579
COHFACE_s16_session3_natural,3,188,9.266666666666667,-1.043850302696228,-0.22968098885229343
COHFACE_s16_session3_natural,3,189,9.3,-1.1091899871826172,-0.4199404900083015
COHFACE_s16_session3_natural,3,190,9.333333333333334,-1.1726818084716797,-0.6241510636292399
COHFACE_s16_session3_natural,3,191,9.366666666666667,-1.2230170965194702,-0.8218009102581431
COHFACE_s16_session3_natural,3,192,9.4,-1.1955358982086182,-0.9877641512264179
COHFACE_s16_session3_natural,3,193,9.433333333333334,-0.8470625281333923,-1.097643810238212
COHFACE_s16_session3_natural,3,194,9.466666666666667,-0.0548853874206543,-1.1330497780618083
COHFACE_s16_session3_natural,3,195,9.5,0.8388048410415649,-1.0858407639616328
COHFACE_s16_session3_natural,3,196,9.533333333333333,1.4506030082702637,-0.9604075792660859
COHFACE_s16_session3_natural,3,197,9.566666666666666,1.7250592708587646,-0.7731774283243913
COHFACE_s16_session3_natural,3,198,9.6,1.7944642305374146,-0.5490448626502731
COHFACE_s16_session3_natural,3,199,9.633333333333333,1.7731328010559082,-0.31545673446619343
COHFACE_s16_session3_natural,3,200,9.666666666666666,1.6627944707870483,-0.09600299048293781
COHFACE_s16_session3_natural,3,201,9.7,1.4416298866271973,0.09423838811681856
COHFACE_s16_session3_natural,3,202,9.733333333333333,1.195290446281433,0.2501587919544084
COHFACE_s16_session3_natural,3,203,9.766666666666667,1.0239289999008179,0.3748663746603708
COHFACE_s16_session3_natural,3,204,9.8,0.9202724695205688,0.4758969464542323
COHFACE_s16_session3_natural,3,205,9.833333333333334,0.8162611126899719,0.5611708122756919
COHFACE_s16_session3_natural,3,206,9.866666666666667,0.6645163893699646,0.6363939856510258
COHFACE_s16_session3_natural,3,207,9.9,0.47186776995658875,0.7045511300251626
COHFACE_s16_session3_natural,3,208,9.933333333333334,0.25704509019851685,0.7664936581697873
COHFACE_s16_session3_natural,3,209,9.966666666666667,0.06615564227104187,0.8209830149315656
COHFACE_s16_session3_natural,3,210,10.0,-0.09494660049676895,0.8637564591093452
COHFACE_s16_session3_natural,3,211,10.033333333333333,-0.2511853277683258,0.886672488213163
COHFACE_s16_session3_natural,3,212,10.066666666666666,-0.3875264823436737,0.8780612466882511
COHFACE_s16_session3_natural,3,213,10.1,-0.5063205361366272,0.8245353658054067
COHFACE_s16_session3_natural,3,214,10.133333333333333,-0.6040492057800293,0.7139186402927913
COHFACE_s16_session3_natural,3,215,10.166666666666666,-0.7034039497375488,0.538815124416488
COHFACE_s16_session3_natural,3,216,10.2,-0.8001717329025269,0.3002551282567167
COHFACE_s16_session3_natural,3,217,10.233333333333333,-0.8918837904930115,0.010480696164520341
COHFACE_s16_session3_natural,3,218,10.266666666666667,-0.9701288342475891,-0.3065333636188458
COHFACE_s16_session3_natural,3,219,10.3,-1.0411598682403564,-0.6178611692712541
COHFACE_s16_session3_natural,3,220,10.333333333333334,-1.1145117282867432,-0.887228530933602
COHFACE_s16_session3_natural,3,221,10.366666666666667,-1.175682783126831,-1.08166667875077
COHFACE_s16_session3_natural,3,222,10.4,-1.237533688545227,-1.1775688526869579
COHFACE_s16_session3_natural,3,223,10.433333333333334,-1.2764122486114502,-1.1651747086640454
COHFACE_s16_session3_natural,3,224,10.466666666666667,-1.1192275285720825,-1.0506185407296529
COHFACE_s16_session3_natural,3,225,10.5,-0.5237936973571777,-0.8547131892304382
COHFACE_s16_session3_natural,3,226,10.533333333333333,0.38649749755859375,-0.6084139348106795
COHFACE_s16_session3_natural,3,227,10.566666666666666,1.1734415292739868,-0.34610782096816595
COHFACE_s16_session3_natural,3,228,10.6,1.6147652864456177,-0.0986884192082388
COHFACE_s16_session3_natural,3,229,10.633333333333333,1.775586724281311,0.11168152208255018
COHFACE_s16_session3_natural,3,230,10.666666666666666,1.8010129928588867,0.2740418242991906
COHFACE_s16_session3_natural,3,231,10.7,1.7467455863952637,0.3881117798361735
COHFACE_s16_session3_natural,3,232,10.733333333333333,1.564696192741394,0.4609908499191052
COHFACE_s16_session3_natural,3,233,10.766666666666667,1.3031305074691772,0.5020234000353411
COHFACE_s16_session3_natural,3,234,10.8,1.0836511850357056,0.5180060394511116
COHFACE_s16_session3_natural,3,235,10.833333333333334,0.9358534812927246,0.5111541976777159
COHFACE_s16_session3_natural,3,236,10.866666666666667,0.8184046149253845,0.48046423708575553
COHFACE_s16_session3_natural,3,237,10.9,0.6854487061500549,0.42489730599887016
COHFACE_s16_session3_natural,3,238,10.933333333333334,0.4986984431743622,0.34614888604015187
COHFACE_s16_session3_natural,3,239,10.966666666666667,0.2890497148036957,0.24964382289087877
COHFACE_s16_session3_natural,4,0,4.0,-0.81360924243927,-0.08151100811624441
COHFACE_s16_session3_natural,4,1,4.033333333333333,-0.9051734805107117,-0.585931161078424
COHFACE_s16_session3_natural,4,2,4.066666666666666,-0.9937072992324829,-1.031759763151266
COHFACE_s16_session3_natural,4,3,4.1,-1.0766828060150146,-1.3759905473595417
COHFACE_s16_session3_natural,4,4,4.133333333333334,-1.1441216468811035,-1.5971936022013413
COHFACE_s16_session3_natural,4,5,4.166666666666667,-1.2132604122161865,-1.69602003668725
COHFACE_s16_session3_natural,4,6,4.2,-1.2877358198165894,-1.687561122543493
COHFACE_s16_session3_natural,4,7,4.233333333333333,-1.299177646636963,-1.5909093949112076
COHFACE_s16_session3_natural,4,8,4.266666666666667,-1.0519808530807495,-1.4221408150770007
COHFACE_s16_session3_natural,4,9,4.3,-0.35606881976127625,-1.1934578984132442
COHFACE_s16_session3_natural,4,10,4.333333333333333,0.5523154139518738,-0.9168273078541233
COHFACE_s16_session3_natural,4,11,4.366666666666666,1.2531057596206665,-0.60785378218326
COHFACE_s16_session3_natural,4,12,4.4,1.5991990566253662,-0.2861449060541773
COHFACE_s16_session3_natural,4,13,4.433333333333334,1.7085174322128296,0.02831913474662373
COHFACE_s16_session3_natural,4,14,4.466666666666667,1.7204174995422363,0.31949470621551224
COHFACE_s16_session3_natural,4,15,4.5,1.6521508693695068,0.5761752953464867
COHFACE_s16_session3_natural,4,16,4.533333333333333,1.4554814100265503,0.7889263413300589
COHFACE_s16_session3_natural,4,17,4.566666666666666,1.1948174238204956,0.9465214151736614
COHFACE_s16_session3_natural,4,18,4.6,0.9911409020423889,1.0356914027174509
COHFACE_s16_session3_natural,4,19,4.633333333333334,0.8580371737480164,1.0449776183545807
COHFACE_s16_session3_natural,4,20,4.666666666666667,0.7355474233627319,0.9700602931995973
COHFACE_s16_session3_natural,4,21,4.7,0.5855322480201721,0.8168563392764393
COHFACE_s16_session3_natural,4,22,4.733333333333333,0.395662784576416,0.6006999099714273
COHFACE_s16_session3_natural,4,23,4.766666666666667,0.19347932934761047,0.34284520221601156
COHFACE_s16_session3_natural,4,24,4.8,-0.0007953624590300024,0.06679491798449347
COHFACE_s16_session3_natural,4,25,4.833333333333333,-0.1689341813325882,-0.20371856004757274
COHFACE_s16_session3_natural,4,26,4.866666666666666,-0.3216398358345032,-0.44482572591654296
COHFACE_s16_session3_natural,4,27,4.9,-0.4631253778934479,-0.6318866510780501
COHFACE_s16_session3_natural,4,28,4.933333333333334,-0.5744245648384094,-0.7400805059203454
COHFACE_s16_session3_natural,4,29,4.966666666666667,-0.6810524463653564,-0.7478990714654477
COHFACE_s16_session3_natural,4,30,5.0,-0.7770219445228577,-0.6438727212696634
COHFACE_s16_session3_natural,4,31,5.033333333333333,-0.877884566783905,-0.4344308557767308
COHFACE_s16_session3_natural,4,32,5.066666666666666,-0.9765740633010864,-0.14835450302917752
COHFACE_s16_session3_natural,4,33,5.1,-1.0499851703643799,0.16656157995954396
COHFACE_s16_session3_natural,4,34,5.133333333333334,-1.1134917736053467,0.4550238640908588
COHFACE_s16_session3_natural,4,35,5.166666666666667,-1.1740862131118774,0.6691501270835282
COHFACE_s16_session3_natural,4,36,5.2,-1.2362475395202637,0.7796025109526746
COHFACE_s16_session3_natural,4,37,5.233333333333333,-1.299281120300293,0.7782257450635938
COHFACE_s16_session3_natural,4,38,5.266666666666667,-1.3267771005630493,0.6734111565025395
COHFACE_s16_session3_natural,4,39,5.3,-1.166532278060913,0.4837830154687786
COHFACE_s16_session3_natural,4,40,5.333333333333333,-0.5762724280357361,0.23483609889477547
COHFACE_s16_session3_natural,4,41,5.366666666666666,0.29639673233032227,-0.04122767596338259
COHFACE_s16_session3_natural,4,42,5.4,1.044846534729004,-0.3057359379084244
COHFACE_s16_session3_natural,4,43,5.433333333333334,1.4378160238265991,-0.5174067419869546
COHFACE_s16_session3_natural,4,44,5.466666666666667,1.5661301612854004,-0.6405964728350558
COHFACE_s16_session3_natural,4,45,5.5,1.5789762735366821,-0.6552295194137018
COHFACE_s16_session3_natural,4,46,5.533333333333333,1.508758306503296,-0.564076401507175
COHFACE_s16_session3_natural,4,47,5.566666666666666,1.3241071701049805,-0.3938355253672507
COHFACE_s16_session3_natural,4,48,5.6,1.0731850862503052,-0.18889442657809144
COHFACE_s16_session3_natural,4,49,5.633333333333334,0.8615111112594604,0.0004122458919829583
COHFACE_s16_session3_natural,4,50,5.666666666666667,0.7317038774490356,0.13100152381159866
COHFACE_s16_session3_natural,4,51,5.7,0.6307230591773987,0.1772766619504679
COHFACE_s16_session3_natural,4,52,5.733333333333333,0.5056463479995728,0.13568884902481929
COHFACE_s16_session3_natural,4,53,5.766666666666667,0.33385616540908813,0.023489967771301426
COHFACE_s16_session3_natural,4,54,5.8,0.13557535409927368,-0.126626599378907
COHFACE_s16_session3_natural,4,55,5.833333333333333,-0.06116804853081703,-0.2739967764919055
COHFACE_s16_session3_natural,4,56,5.866666666666666,-0.2315242737531662,-0.37840432812910163
COHFACE_s16_session3_natural,4,57,5.9,-0.3777107298374176,-0.40877838599618865
COHFACE_s16_session3_natural,4,58,5.933333333333334,-0.5106075406074524,-0.3507585127955119
COHFACE_s16_session3_natural,4,59,5.966666666666667,-0.625410258769989,-0.21081705484087593
COHFACE_s16_session3_natural,4,60,6.0,-0.7160431742668152,-0.014996115163345567
COHFACE_s16_session3_natural,4,61,6.033333333333333,-0.8056413531303406,0.19809728702897197
COHFACE_s16_session3_natural,4,62,6.066666666666666,-0.8930368423461914,0.38839569009616437
COHFACE_s16_session3_natural,4,63,6.1,-0.9817332625389099,0.5261082477372545
COHFACE_s16_session3_natural,4,64,6.133333333333334,-1.0541539192199707,0.5996869627344112
COHFACE_s16_session3_natural,4,65,6.166666666666667,-1.118577003479004,0.6166681500127352
COHFACE_s16_session3_natural,4,66,6.2,-1.1762444972991943,0.5972392650430111
COHFACE_s16_session3_natural,4,67,6.233333333333333,-1.2230762243270874,0.5639349114041599
COHFACE_s16_session3_natural,4,68,6.266666666666667,-1.2758948802947998,0.5325073449117073
COHFACE_s16_session3_natural,4,69,6.3,-1.33576500415802,0.5077497075631717
COHFACE_s16_session3_natural,4,70,6.333333333333333,-1.335513710975647,0.484730148642327
COHFACE_s16_session3_natural,4,71,6.366666666666666,-1.072972297668457,0.45315784644061047
COHFACE_s16_session3_natural,4,72,6.4,-0.37238895893096924,0.4022946417822377
COHFACE_s16_session3_natural,4,73,6.433333333333334,0.49717581272125244,0.3247985240539324
COHFACE_s16_session3_natural,4,74,6.466666666666667,1.1160993576049805,0.21846331366653293
COHFACE_s16_session3_natural,4,75,6.5,1.3807398080825806,0.08541112990790393
COHFACE_s16_session3_natural,4,76,6.533333333333333,1.4235801696777344,-0.07040681453977178
COHFACE_s16_session3_natural,4,77,6.566666666666666,1.378551959991455,-0.24551939360540065
COHFACE_s16_session3_natural,4,78,6.6,1.2419300079345703,-0.43748969969094775
COHFACE_s16_session3_natural,4,79,6.633333333333334,1.0112601518630981,-0.6433081406025954
COHFACE_s16_session3_natural,4,80,6.666666666666667,0.8121219873428345,-0.8562483112443859
COHFACE_s16_session3_natural,4,81,6.7,0.6976444721221924,-1.0625229616818548
COHFACE_s16_session3_natural,4,82,6.733333333333333,0.628165602684021,-1.239549389826143
COHFACE_s16_session3_natural,4,83,6.766666666666667,0.5460623502731323,-1.3575747678960397
COHFACE_s16_session3_natural,4,84,6.8,0.4133281409740448,-1.3854622070078688
COHFACE_s16_session3_natural,4,85,6.833333333333333,0.24291279911994934,-1.299560602960254
COHFACE_s16_session3_natural,4,86,6.866666666666666,0.05886775255203247,-1.0924716870568207
COHFACE_s16_session3_natural,4,87,6.9,-0.11375023424625397,-0.7777356824075278
COHFACE_s16_session3_natural,4,88,6.933333333333334,-0.26855501532554626,-0.3879949634731116
COHFACE_s16_session3_natural,4,89,6.966666666666667,-0.3966178596019745,0.032718698157399244
COHFACE_s16_session3_natural,4,90,7.0,-0.5005109310150146,0.4391437444795365
COHFACE_s16_session3_natural,4,91,7.033333333333333,-0.5927551984786987,0.7932817750568035
COHFACE_s16_session3_natural,4,92,7.066666666666666,-0.6749915480613708,1.0689190266612238
COHFACE_s16_session3_natural,4,93,7.1,-0.7573757171630859,1.2523200120936746
COHFACE_s16_session3_natural,4,94,7.133333333333334,-0.8352659344673157,1.340409101824502
COHFACE_s16_session3_natural,4,95,7.166666666666667,-0.8988316655158997,1.337810801937725
COHFACE_s16_session3_natural,4,96,7.2,-0.96634441614151,1.2539743194395445
COHFACE_s16_session3_natural,4,97,7.233333333333333,-1.0261996984481812,1.1013389167423349
COHFACE_s16_session3_natural,4,98,7.266666666666667,-1.0879768133163452,0.8948535418689734
COHFACE_s16_session3_natural,4,99,7.3,-1.1540260314941406,0.6522770789876119
COHFACE_s16_session3_natural,4,100,7.333333333333333,-1.2120778560638428,0.39402086153696414
COHFACE_s16_session3_natural,4,101,7.366666666666666,-1.2105551958084106,0.14146176986925035
COHFACE_s16_session3_natural,4,102,7.4,-0.9252780079841614,-0.0862394952793724
COHFACE_s16_session3_natural,4,103,7.433333333333334,-0.23417039215564728,-0.27559514493859466
COHFACE_s16_session3_natural,4,104,7.466666666666667,0.5679555535316467,-0.4209623982336416
COHFACE_s16_session3_natural,4,105,7.5,1.1040070056915283,-0.5244333667693674
COHFACE_s16_session3_natural,4,106,7.533333333333333,1.307447075843811,-0.5934396254456944
COHFACE_s16_session3_natural,4,107,7.566666666666666,1.3103740215301514,-0.6370201753879419
COHFACE_s16_session3_natural,4,108,7.6,1.2082253694534302,-0.6622306792632068
COHFACE_s16_session3_natural,4,109,7.633333333333334,1.022568941116333,-0.6720483597744331
COHFACE_s16_session3_natural,4,110,7.666666666666667,0.7883957028388977,-0.6653744104094409
COHFACE_s16_session3_natural,4,111,7.7,0.6251351833343506,-0.6386752828720783
COHFACE_s16_session3_natural,4,112,7.733333333333333,0.5606529116630554,-0.5879914912759991
COHFACE_s16_session3_natural,4,113,7.766666666666667,0.5177829265594482,-0.5101156081501129
COHFACE_s16_session3_natural,4,114,7.8,0.44224318861961365,-0.40278180844271294
COHFACE_s16_session3_natural,4,115,7.833333333333333,0.3100264072418213,-0.2648028055074217
COHFACE_s16_session3_natural,4,116,7.866666666666666,0.13536840677261353,-0.09721578835669174
COHFACE_s16_session3_natural,4,117,7.9,-0.03906786069273949,0.09452867715687574
COHFACE_s16_session3_natural,4,118,7.933333333333334,-0.20042140781879425,0.2987476376494581
COHFACE_s16_session3_natural,4,119,7.966666666666667,-0.34068000316619873,0.49798073611590093
COHFACE_s16_session3_natural,4,120,8.0,-0.46148449182510376,0.6724042197584243
COHFACE_s16_session3_natural,4,121,8.033333333333333,-0.561075747013092,0.8048616780482586
COHFACE_s16_session3_natural,4,122,8.066666666666666,-0.645677387714386,0.8849163628539484
COHFACE_s16_session3_natural,4,123,8.1,-0.7201232314109802,0.9098639069744218
COHFACE_s16_session3_natural,4,124,8.133333333333333,-0.7968899607658386,0.8826932563745004
COHFACE_s16_session3_natural,4,125,8.166666666666666,-0.8709662556648254,0.808762337380754
COHFACE_s16_session3_natural,4,126,8.2,-0.9361432790756226,0.6930251802620185
COHFACE_s16_session3_natural,4,127,8.233333333333333,-1.004631757736206,0.5386219989949607
COHFACE_s16_session3_natural,4,128,8.266666666666667,-1.0592982769012451,0.3468410447421096
COHFACE_s16_session3_natural,4,129,8.3,-1.1180152893066406,0.11830500617028313
COHFACE_s16_session3_natural,4,130,8.333333333333334,-1.1822906732559204,-0.14463303803617136
COHFACE_s16_session3_natural,4,131,8.366666666666667,-1.196895956993103,-0.43455966819469866
COHFACE_s16_session3_natural,4,132,8.4,-0.9374294281005859,-0.7358841221789204
COHFACE_s16_session3_natural,4,133,8.433333333333334,-0.25358012318611145,-1.02373813950498
COHFACE_s16_session3_natural,4,134,8.466666666666667,0.5925392508506775,-1.2662760267615876
COHFACE_s16_session3_natural,4,135,8.5,1.1971383094787598,-1.4304127622123421
COHFACE_s16_session3_natural,4,136,8.533333333333333,1.448459506034851,-1.4894982640994014
COHFACE_s16_session3_natural,4,137,8.566666666666666,1.4792076349258423,-1.430359062406384
COHFACE_s16_session3_natural,4,138,8.6,1.4195889234542847,-1.2570139044742432
COHFACE_s16_session3_natural,4,139,8.633333333333333,1.2687015533447266,-0.9893735885619424
COHFACE_s16_session3_natural,4,140,8.666666666666666,1.0425108671188354,-0.657175546541022
COHFACE_s16_session3_natural,4,141,8.7,0.8455013632774353,-0.2916858032648828
COHFACE_s16_session3_natural,4,142,8.733333333333333,0.7360647916793823,0.08083336281635985
COHFACE_s16_session3_natural,4,143,8.766666666666667,0.6713607907295227,0.44086068992235855
COHFACE_s16_session3_natural,4,144,8.8,0.5813634991645813,0.7729615567543777
COHFACE_s16_session3_natural,4,145,8.833333333333334,0.44262751936912537,1.062005694739613
COHFACE_s16_session3_natural,4,146,8.866666666666667,0.2645399272441864,1.2912884094278254
COHFACE_s16_session3_natural,4,147,8.9,0.08253490924835205,1.4436257178709997
COHFACE_s16_session3_natural,4,148,8.933333333333334,-0.08723001182079315,1.5050677050687267
COHFACE_s16_session3_natural,4,149,8.966666666666667,-0.24558265507221222,1.4698765596405845
COHFACE_s16_session3_natural,4,150,9.0,-0.3816577196121216,1.344313187048544
COHFACE_s16_session3_natural,4,151,9.033333333333333,-0.4862603545188904,1.1467335786495358
COHFACE_s16_session3_natural,4,152,9.066666666666666,-0.5859403610229492,0.9033626807919082
COHFACE_s16_session3_natural,4,153,9.1,-0.67448890209198,0.6414575221520122
COHFACE_s16_session3_natural,4,154,9.133333333333333,-0.761248767375946,0.38260293162494774
COHFACE_s16_session3_natural,4,155,9.166666666666666,-0.8413268327713013,0.1385158883120963
COHFACE_s16_session3_natural,4,156,9.2,-0.9192910194396973,-0.08932500448684709
COHFACE_s16_session3_natural,4,157,9.233333333333333,-0.9823541045188904,-0.3063339327509265
COHFACE_s16_session3_natural,4,158,9.266666666666667,-1.043850302696228,-0.5193320518364304
COHFACE_s16_session3_natural,4,159,9.3,-1.1091899871826172,-0.7312588582629758
COHFACE_s16_session3_natural,4,160,9.333333333333334,-1.1726818084716797,-0.9379691591381202
COHFACE_s16_session3_natural,4,161,9.366666666666667,-1.2230170965194702,-1.1276965083226322
COHFACE_s16_session3_natural,4,162,9.4,-1.1955358982086182,-1.282515682188473
COHFACE_s16_session3_natural,4,163,9.433333333333334,-0.8470625281333923,-1.3809375280950227
COHFACE_s16_session3_natural,4,164,9.466666666666667,-0.0548853874206543,-1.4016557531575407
COHFACE_s16_session3_natural,4,165,9.5,0.8388048410415649,-1.3288890760440022
COHFACE_s16_session3_natural,4,166,9.533333333333333,1.4506030082702637,-1.1585527392992745
COHFACE_s16_session3_natural,4,167,9.566666666666666,1.7250592708587646,-0.9026651023130825
COHFACE_s16_session3_natural,4,168,9.6,1.7944642305374146,-0.588892339084327
COHFACE_s16_session3_natural,4,169,9.633333333333333,1.7731328010559082,-0.2541422957294774
COHFACE_s16_session3_natural,4,170,9.666666666666666,1.6627944707870483,0.06517335679331336
COHFACE_s16_session3_natural,4,171,9.7,1.4416298866271973,0.34143934487974176
COHFACE_s16_session3_natural,4,172,9.733333333333333,1.195290446281433,0.5595012074830781
COHFACE_s16_session3_natural,4,173,9.766666666666667,1.0239289999008179,0.7157223887475405
COHFACE_s16_session3_natural,4,174,9.8,0.9202724695205688,0.814382517592524
COHFACE_s16_session3_natural,4,175,9.833333333333334,0.8162611126899719,0.863741840294788
COHFACE_s16_session3_natural,4,176,9.866666666666667,0.6645163893699646,0.8737029757663657
COHFACE_s16_session3_natural,4,177,9.9,0.47186776995658875,0.8555374087477674
COHFACE_s16_session3_natural,4,178,9.933333333333334,0.25704509019851685,0.8219281645383879
COHFACE_s16_session3_natural,4,179,9.966666666666667,0.06615564227104187,0.7850296720960864
COHFACE_s16_session3_natural,4,180,10.0,-0.09494660049676895,0.7525911691144224
COHFACE_s16_session3_natural,4,181,10.033333333333333,-0.2511853277683258,0.7246373057588691
COHFACE_s16_session3_natural,4,182,10.066666666666666,-0.3875264823436737,0.6929010657188729
COHFACE_s16_session3_natural,4,183,10.1,-0.5063205361366272,0.6432472933488121
COHFACE_s16_session3_natural,4,184,10.133333333333333,-0.6040492057800293,0.5600270015440312
COHFACE_s16_session3_natural,4,185,10.166666666666666,-0.7034039497375488,0.431032989420537
COHFACE_s16_session3_natural,4,186,10.2,-0.8001717329025269,0.2518197101024426
COHFACE_s16_session3_natural,4,187,10.233333333333333,-0.8918837904930115,0.028251288750766376
COHFACE_s16_session3_natural,4,188,10.266666666666667,-0.9701288342475891,-0.2236246419662246
COHFACE_s16_session3_natural,4,189,10.3,-1.0411598682403564,-0.48040716636595043
COHFACE_s16_session3_natural,4,190,10.333333333333334,-1.1145117282867432,-0.7155048594835609
COHFACE_s16_session3_natural,4,191,10.366666666666667,-1.175682783126831,-0.9027959825621225
COHFACE_s16_session3_natural,4,192,10.4,-1.237533688545227,-1.0192568334554652
COHFACE_s16_session3_natural,4,193,10.433333333333334,-1.2764122486114502,-1.047542468072642
COHFACE_s16_session3_natural,4,194,10.466666666666667,-1.1192275285720825,-0.979420979343295
COHFACE_s16_session3_natural,4,195,10.5,-0.5237936973571777,-0.8194912843993516
COHFACE_s16_session3_natural,4,196,10.533333333333333,0.38649749755859375,-0.5871817185725762
COHFACE_s16_session3_natural,4,197,10.566666666666666,1.1734415292739868,-0.31498379705908486
COHFACE_s16_session3_natural,4,198,10.6,1.6147652864456177,-0.04256301319905765
COHFACE_s16_session3_natural,4,199,10.633333333333333,1.775586724281311,0.19141496340170433
COHFACE_s16_session3_natural,4,200,10.666666666666666,1.8010129928588867,0.35677688633991045
COHFACE_s16_session3_natural,4,201,10.7,1.7467455863952637,0.43622240555560976
COHFACE_s16_session3_natural,4,202,10.733333333333333,1.564696192741394,0.4259407528062668
COHFACE_s16_session3_natural,4,203,10.766666666666667,1.3031305074691772,0.33372968532016994
COHFACE_s16_session3_natural,4,204,10.8,1.0836511850357056,0.17674686114131874
COHFACE_s16_session3_natural,4,205,10.833333333333334,0.9358534812927246,-0.01981483221154489
COHFACE_s16_session3_natural,4,206,10.866666666666667,0.8184046149253845,-0.22384915481232887
COHFACE_s16_session3_natural,4,207,10.9,0.6854487061500549,-0.39926129327064225
COHFACE_s16_session3_natural,4,208,10.933333333333334,0.4986984431743622,-0.5118473477463727
COHFACE_s16_session3_natural,4,209,10.966666666666667,0.2890497148036957,-0.537051509938612
COHFACE_s16_session3_natural,4,210,11.0,0.0788983553647995,-0.46670445805687716
COHFACE_s16_session3_natural,4,211,11.033333333333333,-0.11205022037029266,-0.3116925192505994
COHFACE_s16_session3_natural,4,212,11.066666666666666,-0.2777498960494995,-0.09917187644569049
COHFACE_s16_session3_natural,4,213,11.1,-0.42343372106552124,0.13470037951451283
COHFACE_s16_session3_natural,4,214,11.133333333333333,-0.5499887466430664,0.3538859606215213
COHFACE_s16_session3_natural,4,215,11.166666666666666,-0.6592774987220764,0.5304160573736127
COHFACE_s16_session3_natural,4,216,11.2,-0.7598592042922974,0.6489196331785023
COHFACE_s16_session3_natural,4,217,11.233333333333333,-0.8636783361434937,0.7069235994856298
COHFACE_s16_session3_natural,4,218,11.266666666666667,-0.9717992544174194,0.7116388766715561
COHFACE_s16_session3_natural,4,219,11.3,-1.0595200061798096,0.6750001737206405
COHFACE_s16_session3_natural,4,220,11.333333333333334,-1.1268553733825684,0.6089946374008429
COHFACE_s16_session3_natural,4,221,11.366666666666667,-1.195328950881958,0.5227740304695356
COHFACE_s16_session3_natural,4,222,11.4,-1.2561599016189575,0.4219856063209485
COHFACE_s16_session3_natural,4,223,11.433333333333334,-1.3230518102645874,0.30971667090445687
COHFACE_s16_session3_natural,4,224,11.466666666666667,-1.3908158540725708,0.18795927261443965
COHFACE_s16_session3_natural,4,225,11.5,-1.3850358724594116,0.058839238272510454
COHFACE_s16_session3_natural,4,226,11.533333333333333,-1.105923056602478,-0.07429808583715077
COHFACE_s16_session3_natural,4,227,11.566666666666666,-0.39377957582473755,-0.20551090474153405
COHFACE_s16_session3_natural,4,228,11.6,0.5065924525260925,-0.32489776041132296
COHFACE_s16_session3_natural,4,229,11.633333333333333,1.1934278011322021,-0.41854849214918666
COHFACE_s16_session3_natural,4,230,11.666666666666666,1.5202888250350952,-0.4711521305897826
COHFACE_s16_session3_natural,4,231,11.7,1.6040774583816528,-0.4712954418183799
COHFACE_s16_session3_natural,4,232,11.733333333333333,1.601652979850769,-0.4174774535154902
COHFACE_s16_session3_natural,4,233,11.766666666666667,1.5121879577636719,-0.32168651219897715
COHFACE_s16_session3_natural,4,234,11.8,1.2978531122207642,-0.20813300956987185
COHFACE_s16_session3_natural,4,235,11.833333333333334,1.0587718486785889,-0.10688994222018564
COHFACE_s16_session3_natural,4,236,11.866666666666667,0.8825764656066895,-0.04448009240448124
COHFACE_s16_session3_natural,4,237,11.9,0.7663841843605042,-0.03489576430313681
COHFACE_s16_session3_natural,4,238,11.933333333333334,0.6654329299926758,-0.07459433652852279
COHFACE_s16_session3_natural,4,239,11.966666666666667,0.5177385807037354,-0.14352176763097393
COHFACE_s16_session3_natural,5,0,5.0,-0.7770219445228577,0.009876466422282121
COHFACE_s16_session3_natural,5,1,5.033333333333333,-0.877884566783905,-0.2980936572665801
COHFACE_s16_session3_natural,5,2,5.066666666666666,-0.9765740633010864,-0.531308598653525
COHFACE_s16_session3_natural,5,3,5.1,-1.0499851703643799,-0.6406351745929516
COHFACE_s16_session3_natural,5,4,5.133333333333334,-1.1134917736053467,-0.6174719680327344
COHFACE_s16_session3_natural,5,5,5.166666666666667,-1.1740862131118774,-0.4933166912853526
COHFACE_s16_session3_natural,5,6,5.2,-1.2362475395202637,-0.32465815504827067
COHFACE_s16_session3_natural,5,7,5.233333333333333,-1.299281120300293,-0.17195761043476793
COHFACE_s16_session3_natural,5,8,5.266666666666667,-1.3267771005630493,-0.08191685277760512
COHFACE_s16_session3_natural,5,9,5.3,-1.166532278060913,-0.07740855628194618
COHFACE_s16_session3_natural,5,10,5.333333333333333,-0.5762724280357361,-0.1547759405712954
COHFACE_s16_session3_natural,5,11,5.366666666666666,0.29639673233032227,-0.28649064103727684
COHFACE_s16_session3_natural,5,12,5.4,1.044846534729004,-0.42806390792832444
COHFACE_s16_session3_natural,5,13,5.433333333333334,1.4378160238265991,-0.529031273596217
COHFACE_s16_session3_natural,5,14,5.466666666666667,1.5661301612854004,-0.5467232061485058
COHFACE_s16_session3_natural,5,15,5.5,1.5789762735366821,-0.45943029464977836
COHFACE_s16_session3_natural,5,16,5.533333333333333,1.508758306503296,-0.2746233079410855
COHFACE_s16_session3_natural,5,17,5.566666666666666,1.3241071701049805,-0.028894843637067038
COHFACE_s16_session3_natural,5,18,5.6,1.0731850862503052,0.22111436668632672
COHFACE_s16_session3_natural,5,19,5.633333333333334,0.8615111112594604,0.41430003149182537
COHFACE_s16_session3_natural,5,20,5.666666666666667,0.7317038774490356,0.5021195936441254
COHFACE_s16_session3_natural,5,21,5.7,0.6307230591773987,0.4614605329133756
COHFACE_s16_session3_natural,5,22,5.733333333333333,0.5056463479995728,0.299710665113173
COHFACE_s16_session3_natural,5,23,5.766666666666667,0.33385616540908813,0.051651958792110673
COHFACE_s16_session3_natural,5,24,5.8,0.13557535409927368,-0.22949363130287254
COHFACE_s16_session3_natural,5,25,5.833333333333333,-0.06116804853081703,-0.48378075923351677
COHFACE_s16_session3_natural,5,26,5.866666666666666,-0.2315242737531662,-0.6569662883502386
COHFACE_s16_session3_natural,5,27,5.9,-0.3777107298374176,-0.7122207803523414
COHFACE_s16_session3_natural,5,28,5.933333333333334,-0.5106075406074524,-0.6386283128270833
COHFACE_s16_session3_natural,5,29,5.966666666666667,-0.625410258769989,-0.45325994208930126
COHFACE_s16_session3_natural,5,30,6.0,-0.7160431742668152,-0.19541211949435908
COHFACE_s16_session3_natural,5,31,6.033333333333333,-0.8056413531303406,0.08516717469178293
COHFACE_s16_session3_natural,5,32,6.066666666666666,-0.8930368423461914,0.3419054769187015
COHFACE_s16_session3_natural,5,33,6.1,-0.9817332625389099,0.5422941302237924
COHFACE_s16_session3_natural,5,34,6.133333333333334,-1.0541539192199707,0.672814512233249
COHFACE_s16_session3_natural,5,35,6.166666666666667,-1.118577003479004,0.7372100827489632
COHFACE_s16_session3_natural,5,36,6.2,-1.1762444972991943,0.7500674218396364
COHFACE_s16_session3_natural,5,37,6.233333333333333,-1.2230762243270874,0.729223145059381
COHFACE_s16_session3_natural,5,38,6.266666666666667,-1.2758948802947998,0.6902200860750415
COHFACE_s16_session3_natural,5,39,6.3,-1.33576500415802,0.6441643603972975
COHFACE_s16_session3_natural,5,40,6.333333333333333,-1.335513710975647,0.5980484668107211
COHFACE_s16_session3_natural,5,41,6.366666666666666,-1.072972297668457,0.5555466102523985
COHFACE_s16_session3_natural,5,42,6.4,-0.37238895893096924,0.5171297563794417
COHFACE_s16_session3_natural,5,43,6.433333333333334,0.49717581272125244,0.4797295959442531
COHFACE_s16_session3_natural,5,44,6.466666666666667,1.1160993576049805,0.43659487115240375
COHFACE_s16_session3_natural,5,45,6.5,1.3807398080825806,0.3776780610620298
COHFACE_s16_session3_natural,5,46,6.533333333333333,1.4235801696777344,0.2907176922218349
COHFACE_s16_session3_natural,5,47,6.566666666666666,1.378551959991455,0.163204624337955
COHFACE_s16_session3_natural,5,48,6.6,1.2419300079345703,-0.014676798338311915
COHFACE_s16_session3_natural,5,49,6.633333333333334,1.0112601518630981,-0.24636460434073618
COHFACE_s16_session3_natural,5,50,6.666666666666667,0.8121219873428345,-0.5251845524091544
COHFACE_s16_session3_natural,5,51,6.7,0.6976444721221924,-0.8316750747783397
COHFACE_s16_session3_natural,5,52,6.733333333333333,0.628165602684021,-1.1332693668926699
COHFACE_s16_session3_natural,5,53,6.766666666666667,0.5460623502731323,-1.3874951951073116
COHFACE_s16_session3_natural,5,54,6.8,0.4133281409740448,-1.549237487792485
COHFACE_s16_session3_natural,5,55,6.833333333333333,0.24291279911994934,-1.58121942193606
COHFACE_s16_session3_natural,5,56,6.866666666666666,0.05886775255203247,-1.4649049728256314
COHFACE_s16_session3_natural,5,57,6.9,-0.11375023424625397,-1.207685630986395
COHFACE_s16_session3_natural,5,58,6.933333333333334,-0.26855501532554626,-0.8427627924532175
COHFACE_s16_session3_natural,5,59,6.966666666666667,-0.3966178596019745,-0.4209564455998756
COHFACE_s16_session3_natural,5,60,7.0,-0.5005109310150146,0.0023992558697428813
COHFACE_s16_session3_natural,5,61,7.033333333333333,-0.5927551984786987,0.3800518829992322
COHFACE_s16_session3_natural,5,62,7.066666666666666,-0.6749915480613708,0.6806734318482233
COHFACE_s16_session3_natural,5,63,7.1,-0.7573757171630859,0.8907960588646189
COHFACE_s16_session3_natural,5,64,7.133333333333334,-0.8352659344673157,1.0121576800123306
COHFACE_s16_session3_natural,5,65,7.166666666666667,-0.8988316655158997,1.0566805237416317
COHFACE_s16_session3_natural,5,66,7.2,-0.96634441614151,1.040998988928563
COHFACE_s16_session3_natural,5,67,7.233333333333333,-1.0261996984481812,0.9817645807267134
COHFACE_s16_session3_natural,5,68,7.266666666666667,-1.0879768133163452,0.8924919817510812
COHFACE_s16_session3_natural,5,69,7.3,-1.1540260314941406,0.7823169324613307
COHFACE_s16_session3_natural,5,70,7.333333333333333,-1.2120778560638428,0.6564335447395097
COHFACE_s16_session3_natural,5,71,7.366666666666666,-1.2105551958084106,0.5174601782835883
COHFACE_s16_session3_natural,5,72,7.4,-0.9252780079841614,0.3669258311105738
COHFACE_s16_session3_natural,5,73,7.433333333333334,-0.23417039215564728,0.20638812567822754
COHFACE_s16_session3_natural,5,74,7.466666666666667,0.5679555535316467,0.03808919361667602
COHFACE_s16_session3_natural,5,75,7.5,1.1040070056915283,-0.13467002371465273
COHFACE_s16_session3_natural,5,76,7.533333333333333,1.307447075843811,-0.3071881911522151
COHFACE_s16_session3_natural,5,77,7.566666666666666,1.3103740215301514,-0.47295472829325846
COHFACE_s16_session3_natural,5,78,7.6,1.2082253694534302,-0.6233549222656805
COHFACE_s16_session3_natural,5,79,7.633333333333334,1.022568941116333,-0.7479077363361489
COHFACE_s16_session3_natural,5,80,7.666666666666667,0.7883957028388977,-0.8354194318180519
COHFACE_s16_session3_natural,5,81,7.7,0.6251351833343506,-0.8759162473898766
COHFACE_s16_session3_natural,5,82,7.733333333333333,0.5606529116630554,-0.8624512503696597
COHFACE_s16_session3_natural,5,83,7.766666666666667,0.5177829265594482,-0.7917905418068983
COHFACE_s16_session3_natural,5,84,7.8,0.44224318861961365,-0.66401949142383
COHFACE_s16_session3_natural,5,85,7.833333333333333,0.3100264072418213,-0.48224857368515983
COHFACE_s16_session3_natural,5,86,7.866666666666666,0.13536840677261353,-0.2535744928106259
COHFACE_s16_session3_natural,5,87,7.9,-0.03906786069273949,0.008901046996985924
COHFACE_s16_session3_natural,5,88,7.933333333333334,-0.20042140781879425,0.2848868367727364
COHFACE_s16_session3_natural,5,89,7.966666666666667,-0.34068000316619873,0.5487501294334158
COHFACE_s16_session3_natural,5,90,8.0,-0.46148449182510376,0.7747288322111898
COHFACE_s16_session3_natural,5,91,8.033333333333333,-0.561075747013092,0.9432952359731046
COHFACE_s16_session3_natural,5,92,8.066666666666666,-0.645677387714386,1.0453656032389165
COHFACE_s16_session3_natural,5,93,8.1,-0.7201232314109802,1.0822618590201318
COHFACE_s16_session3_natural,5,94,8.133333333333333,-0.7968899607658386,1.0620176126615166
COHFACE_s16_session3_natural,5,95,8.166666666666666,-0.8709662556648254,0.9944971125664459
COHFACE_s16_session3_natural,5,96,8.2,-0.9361432790756226,0.8874112203900116
COHFACE_s16_session3_natural,5,97,8.233333333333333,-1.004631757736206,0.7439801582901431
COHFACE_s16_session3_natural,5,98,8.266666666666667,-1.0592982769012451,0.5624692222938219
COHFACE_s16_session3_natural,5,99,8.3,-1.1180152893066406,0.3378777446415249
COHFACE_s16_session3_natural,5,100,8.333333333333334,-1.1822906732559204,0.06574509888429204
COHFACE_s16_session3_natural,5,101,8.366666666666667,-1.196895956993103,-0.2527133413538606
COHFACE_s16_session3_natural,5,102,8.4,-0.9374294281005859,-0.605676539013986
COHFACE_s16_session3_natural,5,103,8.433333333333334,-0.25358012318611145,-0.9679475512018737
COHFACE_s16_session3_natural,5,104,8.466666666666667,0.5925392508506775,-1.3021143762620377
COHFACE_s16_session3_natural,5,105,8.5,1.1971383094787598,-1.5643989167237178
COHFACE_s16_session3_natural,5,106,8.533333333333333,1.448459506034851,-1.714214450100956
COHFACE_s16_session3_natural,5,107,8.566666666666666,1.4792076349258423,-1.7246758018451442
COHFACE_s16_session3_natural,5,108,8.6,1.4195889234542847,-1.5903585092689916
COHFACE_s16_session3_natural,5,109,8.633333333333333,1.2687015533447266,-1.3290510959292143
COHFACE_s16_session3_natural,5,110,8.666666666666666,1.0425108671188354,-0.9762555694776484
COHFACE_s16_session3_natural,5,111,8.7,0.8455013632774353,-0.5744829481942646
COHFACE_s16_session3_natural,5,112,8.733333333333333,0.7360647916793823,-0.16248451307269163
COHFACE_s16_session3_natural,5,113,8.766666666666667,0.6713607907295227,0.23046886062354544
COHFACE_s16_session3_natural,5,114,8.8,0.5813634991645813,0.5841935716195167
COHFACE_s16_session3_natural,5,115,8.833333333333334,0.44262751936912537,0.884208063406585
COHFACE_s16_session3_natural,5,116,8.866666666666667,0.2645399272441864,1.1190283733920063
COHFACE_s16_session3_natural,5,117,8.9,0.08253490924835205,1.2798555039044557
COHFACE_s16_session3_natural,5,118,8.933333333333334,-0.08723001182079315,1.3625588273214955
COHFACE_s16_session3_natural,5,119,8.966666666666667,-0.24558265507221222,1.3705210100874854
COHFACE_s16_session3_natural,5,120,9.0,-0.3816577196121216,1.3158067616469813
COHFACE_s16_session3_natural,5,121,9.033333333333333,-0.4862603545188904,1.2165217766866294
COHFACE_s16_session3_natural,5,122,9.066666666666666,-0.5859403610229492,1.0907367964144805
COHFACE_s16_session3_natural,5,123,9.1,-0.67448890209198,0.9499001305581898
COHFACE_s16_session3_natural,5,124,9.133333333333333,-0.761248767375946,0.7950533221244284
COHFACE_s16_session3_natural,5,125,9.166666666666666,-0.8413268327713013,0.617667950256212
COHFACE_s16_session3_natural,5,126,9.2,-0.9192910194396973,0.40490884787735704
COHFACE_s16_session3_natural,5,127,9.233333333333333,-0.9823541045188904,0.14733755328910805
COHFACE_s16_session3_natural,5,128,9.266666666666667,-1.043850302696228,-0.15404099950746344
COHFACE_s16_session3_natural,5,129,9.3,-1.1091899871826172,-0.4842542112829715
COHFACE_s16_session3_natural,5,130,9.333333333333334,-1.1726818084716797,-0.8155823521034884
COHFACE_s16_session3_natural,5,131,9.366666666666667,-1.2230170965194702,-1.1128465554615843
COHFACE_s16_session3_natural,5,132,9.4,-1.1955358982086182,-1.3410321650741235
COHFACE_s16_session3_natural,5,133,9.433333333333334,-0.8470625281333923,-1.4731345814356054
COHFACE_s16_session3_natural,5,134,9.466666666666667,-0.0548853874206543,-1.4959838009857163
COHFACE_s16_session3_natural,5,135,9.5,0.8388048410415649,-1.4123203487144607
COHFACE_s16_session3_natural,5,136,9.533333333333333,1.4506030082702637,-1.238819772663352
COHFACE_s16_session3_natural,5,137,9.566666666666666,1.7250592708587646,-1.0012539326402097
COHFACE_s16_session3_natural,5,138,9.6,1.7944642305374146,-0.7286018723518414
COHFACE_s16_session3_natural,5,139,9.633333333333333,1.7731328010559082,-0.44770618853411887
COHFACE_s16_session3_natural,5,140,9.666666666666666,1.6627944707870483,-0.17950062781613402
COHFACE_s16_session3_natural,5,141,9.7,1.4416298866271973,0.06278268482131408
COHFACE_s16_session3_natural,5,142,9.733333333333333,1.195290446281433,0.27352933680404934
COHFACE_s16_session3_natural,5,143,9.766666666666667,1.0239289999008179,0.4531694482255495
COHFACE_s16_session3_natural,5,144,9.8,0.9202724695205688,0.6056008237146805
COHFACE_s16_session3_natural,5,145,9.833333333333334,0.8162611126899719,0.7352748965396386
COHFACE_s16_session3_natural,5,146,9.866666666666667,0.6645163893699646,0.8448932735759781
COHFACE_s16_session3_natural,5,147,9.9,0.47186776995658875,0.9344587863532106
COHFACE_s16_session3_natural,5,148,9.933333333333334,0.25704509019851685,1.0015134993422026
COHFACE_s16_session3_natural,5,149,9.966666666666667,0.06615564227104187,1.0417475424384153
COHFACE_s16_session3_natural,5,150,10.0,-0.09494660049676895,1.0495263725206405
COHFACE_s16_session3_natural,5,151,10.033333333333333,-0.2511853277683258,1.0184648504317781
COHFACE_s16_session3_natural,5,152,10.066666666666666,-0.3875264823436737,0.9421299254494582
COHFACE_s16_session3_natural,5,153,10.1,-0.5063205361366272,0.8148834946352733
COHFACE_s16_session3_natural,5,154,10.133333333333333,-0.6040492057800293,0.6333529060603224
COHFACE_s16_session3_natural,5,155,10.166666666666666,-0.7034039497375488,0.39911259818811323
COHFACE_s16_session3_natural,5,156,10.2,-0.8001717329025269,0.12206207761688415
COHFACE_s16_session3_natural,5,157,10.233333333333333,-0.8918837904930115,-0.17742115045566872
COHFACE_s16_session3_natural,5,158,10.266666666666667,-0.9701288342475891,-0.46974724336995066
COHFACE_s16_session3_natural,5,159,10.3,-1.0411598682403564,-0.7215401422065778
COHFACE_s16_session3_natural,5,160,10.333333333333334,-1.1145117282867432,-0.9034979557680363
COHFACE_s16_session3_natural,5,161,10.366666666666667,-1.175682783126831,-0.9974244706084743
COHFACE_s16_session3_natural,5,162,10.4,-1.237533688545227,-0.9998393553390731
COHFACE_s16_session3_natural,5,163,10.433333333333334,-1.2764122486114502,-0.9213983132147303
COHFACE_s16_session3_natural,5,164,10.466666666666667,-1.1192275285720825,-0.7827890286397932
COHFACE_s16_session3_natural,5,165,10.5,-0.5237936973571777,-0.6087551693792973
COHFACE_s16_session3_natural,5,166,10.533333333333333,0.38649749755859375,-0.4226343258645526
COHFACE_s16_session3_natural,5,167,10.566666666666666,1.1734415292739868,-0.24341203971614783
COHFACE_s16_session3_natural,5,168,10.6,1.6147652864456177,-0.08545667782141873
COHFACE_s16_session3_natural,5,169,10.633333333333333,1.775586724281311,0.04056433020886148
COHFACE_s16_session3_natural,5,170,10.666666666666666,1.8010129928588867,0.12705568786348465
COHFACE_s16_session3_natural,5,171,10.7,1.7467455863952637,0.1695080044968477
COHFACE_s16_session3_natural,5,172,10.733333333333333,1.564696192741394,0.16674537697127012
COHFACE_s16_session3_natural,5,173,10.766666666666667,1.3031305074691772,0.12120674396887744
COHFACE_s16_session3_natural,5,174,10.8,1.0836511850357056,0.03975837406263609
COHFACE_s16_session3_natural,5,175,10.833333333333334,0.9358534812927246,-0.06468245972309802
COHFACE_s16_session3_natural,5,176,10.866666666666667,0.8184046149253845,-0.17203837155502377
COHFACE_s16_session3_natural,5,177,10.9,0.6854487061500549,-0.25688891313891427
COHFACE_s16_session3_natural,5,178,10.933333333333334,0.4986984431743622,-0.2943556586405016
COHFACE_s16_session3_natural,5,179,10.966666666666667,0.2890497148036957,-0.26828483597140396
COHFACE_s16_session3_natural,5,180,11.0,0.0788983553647995,-0.1776296992953174
COHFACE_s16_session3_natural,5,181,11.033333333333333,-0.11205022037029266,-0.03727164469648665
COHFACE_s16_session3_natural,5,182,11.066666666666666,-0.2777498960494995,0.12726856418124843
COHFACE_s16_session3_natural,5,183,11.1,-0.42343372106552124,0.2883692065333769
COHFACE_s16_session3_natural,5,184,11.133333333333333,-0.5499887466430664,0.4242658297351379
COHFACE_s16_session3_natural,5,185,11.166666666666666,-0.6592774987220764,0.5237737804772309
COHFACE_s16_session3_natural,5,186,11.2,-0.7598592042922974,0.5868417007003649
COHFACE_s16_session3_natural,5,187,11.233333333333333,-0.8636783361434937,0.6214569056737007
COHFACE_s16_session3_natural,5,188,11.266666666666667,-0.9717992544174194,0.6383934721491079
COHFACE_s16_session3_natural,5,189,11.3,-1.0595200061798096,0.6456861236138041
COHFACE_s16_session3_natural,5,190,11.333333333333334,-1.1268553733825684,0.6445792058825087
COHFACE_s16_session3_natural,5,191,11.366666666666667,-1.195328950881958,0.6282481244480352
COHFACE_s16_session3_natural,5,192,11.4,-1.2561599016189575,0.5839172964570457
COHFACE_s16_session3_natural,5,193,11.433333333333334,-1.3230518102645874,0.49792230202640014
COHFACE_s16_session3_natural,5,194,11.466666666666667,-1.3908158540725708,0.3619255474478251
COHFACE_s16_session3_natural,5,195,11.5,-1.3850358724594116,0.17783259449599947
COHFACE_s16_session3_natural,5,196,11.533333333333333,-1.105923056602478,-0.04037967690826588
COHFACE_s16_session3_natural,5,197,11.566666666666666,-0.39377957582473755,-0.2683711396052589
COHFACE_s16_session3_natural,5,198,11.6,0.5065924525260925,-0.47609118257827604
COHFACE_s16_session3_natural,5,199,11.633333333333333,1.1934278011322021,-0.6342859643451741
COHFACE_s16_session3_natural,5,200,11.666666666666666,1.5202888250350952,-0.7215493849385092
COHFACE_s16_session3_natural,5,201,11.7,1.6040774583816528,-0.7303420780940352
COHFACE_s16_session3_natural,5,202,11.733333333333333,1.601652979850769,-0.6701106949041922
COHFACE_s16_session3_natural,5,203,11.766666666666667,1.5121879577636719,-0.5658939867102791
COHFACE_s16_session3_natural,5,204,11.8,1.2978531122207642,-0.4520295621767404
COHFACE_s16_session3_natural,5,205,11.833333333333334,1.0587718486785889,-0.36236545700634337
COHFACE_s16_session3_natural,5,206,11.866666666666667,0.8825764656066895,-0.31989748083873915
COHFACE_s16_session3_natural,5,207,11.9,0.7663841843605042,-0.32931210504139147
COHFACE_s16_session3_natural,5,208,11.933333333333334,0.6654329299926758,-0.37522086659861004
COHFACE_s16_session3_natural,5,209,11.966666666666667,0.5177385807037354,-0.427166530840446
COHFACE_s16_session3_natural,5,210,12.0,0.3314613699913025,-0.4502108303932067
COHFACE_s16_session3_natural,5,211,12.033333333333333,0.13233794271945953,-0.41741226247226293
COHFACE_s16_session3_natural,5,212,12.066666666666666,-0.06159674748778343,-0.3188142441897391
COHFACE_s16_session3_natural,5,213,12.1,-0.23912259936332703,-0.1629079059506881
COHFACE_s16_session3_natural,5,214,12.133333333333333,-0.39163607358932495,0.028830388788169764
COHFACE_s16_session3_natural,5,215,12.166666666666666,-0.5220198035240173,0.22993280504662564
COHFACE_s16_session3_natural,5,216,12.2,-0.6324024796485901,0.41554293680852833
COHFACE_s16_session3_natural,5,217,12.233333333333333,-0.7325998544692993,0.5663417480038604
COHFACE_s16_session3_natural,5,218,12.266666666666667,-0.8249328136444092,0.6699793352873988
COHFACE_s16_session3_natural,5,219,12.3,-0.912638783454895,0.7206419547175575
COHFACE_s16_session3_natural,5,220,12.333333333333334,-0.9884150624275208,0.7179784065554505
COHFACE_s16_session3_natural,5,221,12.366666666666667,-1.0713313817977905,0.6666582187710411
COHFACE_s16_session3_natural,5,222,12.4,-1.1398789882659912,0.5766010344521821
COHFACE_s16_session3_natural,5,223,12.433333333333334,-1.2000150680541992,0.46253289644774903
COHFACE_s16_session3_natural,5,224,12.466666666666667,-1.2624130249023438,0.34148936182581274
COHFACE_s16_session3_natural,5,225,12.5,-1.3220614194869995,0.2283868856437263
COHFACE_s16_session3_natural,5,226,12.533333333333333,-1.3790931701660156,0.13172466115001266
COHFACE_s16_session3_natural,5,227,12.566666666666666,-1.343998908996582,0.05201431160336166
COHFACE_s16_session3_natural,5,228,12.6,-0.9826202392578125,-0.016159848398821265
COHFACE_s16_session3_natural,5,229,12.633333333333333,-0.21428760886192322,-0.0798946544544735
COHFACE_s16_session3_natural,5,230,12.666666666666666,0.6374639868736267,-0.1439618637198381
COHFACE_s16_session3_natural,5,231,12.7,1.2051209211349487,-0.20874431757840411
COHFACE_s16_session3_natural,5,232,12.733333333333333,1.4355099201202393,-0.2703136187755573
COHFACE_s16_session3_natural,5,233,12.766666666666667,1.4711657762527466,-0.3218522032058178
COHFACE_s16_session3_natural,5,234,12.8,1.4093000888824463,-0.3557175854974664
COHFACE_s16_session3_natural,5,235,12.833333333333334,1.2468082904815674,-0.3657699355453035
COHFACE_s16_session3_natural,5,236,12.866666666666667,1.0051254034042358,-0.3493230952235752
COHFACE_s16_session3_natural,5,237,12.9,0.8009757995605469,-0.3079137872027506
COHFACE_s16_session3_natural,5,238,12.933333333333334,0.687518298625946,-0.24674326753422368
COHFACE_s16_session3_natural,5,239,12.966666666666667,0.6228882074356079,-0.17342514964514344
COHFACE_s16_session3_natural,6,0,6.0,-0.7160431742668152,0.1263724903355625
COHFACE_s16_session3_natural,6,1,6.033333333333333,-0.8056413531303406,-0.3385641979039079
COHFACE_s16_session3_natural,6,2,6.066666666666666,-0.8930368423461914,-0.7013329893507744
COHFACE_s16_session3_natural,6,3,6.1,-0.9817332625389099,-0.8915252661267568
COHFACE_s16_session3_natural,6,4,6.133333333333334,-1.0541539192199707,-0.8910667816038549
COHFACE_s16_session3_natural,6,5,6.166666666666667,-1.118577003479004,-0.733888754097388
COHFACE_s16_session3_natural,6,6,6.2,-1.1762444972991943,-0.4864048990207648
COHFACE_s16_session3_natural,6,7,6.233333333333333,-1.2230762243270874,-0.22020808413840381
COHFACE_s16_session3_natural,6,8,6.266666666666667,-1.2758948802947998,0.009838088567759331
COHFACE_s16_session3_natural,6,9,6.3,-1.33576500415802,0.17496691472060172
COHFACE_s16_session3_natural,6,10,6.333333333333333,-1.335513710975647,0.2701100807016807
COHFACE_s16_session3_natural,6,11,6.366666666666666,-1.072972297668457,0.3053842850186568
COHFACE_s16_session3_natural,6,12,6.4,-0.37238895893096924,0.29710693275774336
COHFACE_s16_session3_natural,6,13,6.433333333333334,0.49717581272125244,0.2611514546199104
COHFACE_s16_session3_natural,6,14,6.466666666666667,1.1160993576049805,0.20897627455989254
COHFACE_s16_session3_natural,6,15,6.5,1.3807398080825806,0.14579685349134114
COHFACE_s16_session3_natural,6,16,6.533333333333333,1.4235801696777344,0.07065959979402198
COHFACE_s16_session3_natural,6,17,6.566666666666666,1.378551959991455,-0.02159158380682668
COHFACE_s16_session3_natural,6,18,6.6,1.2419300079345703,-0.1369944687101214
COHFACE_s16_session3_natural,6,19,6.633333333333334,1.0112601518630981,-0.2788203005706227
COHFACE_s16_session3_natural,6,20,6.666666666666667,0.8121219873428345,-0.4443051562917858
COHFACE_s16_session3_natural,6,21,6.7,0.6976444721221924,-0.6221327203520769
COHFACE_s16_session3_natural,6,22,6.733333333333333,0.628165602684021,-0.7915014949633672
COHFACE_s16_session3_natural,6,23,6.766666666666667,0.5460623502731323,-0.924148306690454
COHFACE_s16_session3_natural,6,24,6.8,0.4133281409740448,-0.9901914011221411
COHFACE_s16_session3_natural,6,25,6.833333333333333,0.24291279911994934,-0.9669035119357252
COHFACE_s16_session3_natural,6,26,6.866666666666666,0.05886775255203247,-0.8473380399279685
COHFACE_s16_session3_natural,6,27,6.9,-0.11375023424625397,-0.6446029327197537
COHFACE_s16_session3_natural,6,28,6.933333333333334,-0.26855501532554626,-0.3887433467626687
COHFACE_s16_session3_natural,6,29,6.966666666666667,-0.3966178596019745,-0.11670732381736845
COHFACE_s16_session3_natural,6,30,7.0,-0.5005109310150146,0.1399495113352498
COHFACE_s16_session3_natural,6,31,7.033333333333333,-0.5927551984786987,0.36340524833649346
COHFACE_s16_session3_natural,6,32,7.066666666666666,-0.6749915480613708,0.5505215749962111
COHFACE_s16_session3_natural,6,33,7.1,-0.7573757171630859,0.7075678859969584
COHFACE_s16_session3_natural,6,34,7.133333333333334,-0.8352659344673157,0.842693947561979
COHFACE_s16_session3_natural,6,35,7.166666666666667,-0.8988316655158997,0.9599103442593149
COHFACE_s16_session3_natural,6,36,7.2,-0.96634441614151,1.0561583041464466
COHFACE_s16_session3_natural,6,37,7.233333333333333,-1.0261996984481812,1.1212777573409258
COHFACE_s16_session3_natural,6,38,7.266666666666667,-1.0879768133163452,1.140619603222004
COHFACE_s16_session3_natural,6,39,7.3,-1.1540260314941406,1.1000985877891485
COHFACE_s16_session3_natural,6,40,7.333333333333333,-1.2120778560638428,0.9921472897422828
COHFACE_s16_session3_natural,6,41,7.366666666666666,-1.2105551958084106,0.8198411093035564
COHFACE_s16_session3_natural,6,42,7.4,-0.9252780079841614,0.5972481220575924
COHFACE_s16_session3_natural,6,43,7.433333333333334,-0.23417039215564728,0.3460292293050067
COHFACE_s16_session3_natural,6,44,7.466666666666667,0.5679555535316467,0.08982820632475724
COHFACE_s16_session3_natural,6,45,7.5,1.1040070056915283,-0.15137351460939982
COHFACE_s16_session3_natural,6,46,7.533333333333333,1.307447075843811,-0.3648560430268781
COHFACE_s16_session3_natural,6,47,7.566666666666666,1.3103740215301514,-0.5455904736778705
COHFACE_s16_session3_natural,6,48,7.6,1.2082253694534302,-0.6940002249351958
COHFACE_s16_session3_natural,6,49,7.633333333333334,1.022568941116333,-0.8127812976271267
COHFACE_s16_session3_natural,6,50,7.666666666666667,0.7883957028388977,-0.9044184133680727
COHFACE_s16_session3_natural,6,51,7.7,0.6251351833343506,-0.9698520417285046
COHFACE_s16_session3_natural,6,52,7.733333333333333,0.5606529116630554,-1.007529304648559
COHFACE_s16_session3_natural,6,53,7.766666666666667,0.5177829265594482,-1.0120601879894204
COHFACE_s16_session3_natural,6,54,7.8,0.44224318861961365,-0.9731353227535823
COHFACE_s16_session3_natural,6,55,7.833333333333333,0.3100264072418213,-0.8766610456208105
COHFACE_s16_session3_natural,6,56,7.866666666666666,0.13536840677261353,-0.709564031147003
COHFACE_s16_session3_natural,6,57,7.9,-0.03906786069273949,-0.46745261914082015
COHFACE_s16_session3_natural,6,58,7.933333333333334,-0.20042140781879425,-0.16172623059827723
COHFACE_s16_session3_natural,6,59,7.966666666666667,-0.34068000316619873,0.17824891788856329
COHFACE_s16_session3_natural,6,60,8.0,-0.46148449182510376,0.5104611330346114
COHFACE_s16_session3_natural,6,61,8.033333333333333,-0.561075747013092,0.7917135379177475
COHFACE_s16_session3_natural,6,62,8.066666666666666,-0.645677387714386,0.9900705736010604
COHFACE_s16_session3_natural,6,63,8.1,-0.7201232314109802,1.0923346054018392
COHFACE_s16_session3_natural,6,64,8.133333333333333,-0.7968899607658386,1.1037553395295603
COHFACE_s16_session3_natural,6,65,8.166666666666666,-0.8709662556648254,1.041514681930509
COHFACE_s16_session3_natural,6,66,8.2,-0.9361432790756226,0.9257956825791068
COHFACE_s16_session3_natural,6,67,8.233333333333333,-1.004631757736206,0.7721009728014584
COHFACE_s16_session3_natural,6,68,8.266666666666667,-1.0592982769012451,0.5872078645194095
COHFACE_s16_session3_natural,6,69,8.3,-1.1180152893066406,0.3697202176346477
COHFACE_s16_session3_natural,6,70,8.333333333333334,-1.1822906732559204,0.11494436457620144
COHFACE_s16_session3_natural,6,71,8.366666666666667,-1.196895956993103,-0.17750930106846044
COHFACE_s16_session3_natural,6,72,8.4,-0.9374294281005859,-0.49643177234332203
COHFACE_s16_session3_natural,6,73,8.433333333333334,-0.25358012318611145,-0.8155819762736719
COHFACE_s16_session3_natural,6,74,8.466666666666667,0.5925392508506775,-1.0963994089491975
COHFACE_s16_session3_natural,6,75,8.5,1.1971383094787598,-1.2965683191581872
COHFACE_s16_session3_natural,6,76,8.533333333333333,1.448459506034851,-1.3815208440143927
COHFACE_s16_session3_natural,6,77,8.566666666666666,1.4792076349258423,-1.3345336703844914
COHFACE_s16_session3_natural,6,78,8.6,1.4195889234542847,-1.1615124441890683
COHFACE_s16_session3_natural,6,79,8.633333333333333,1.2687015533447266,-0.888680492133778
COHFACE_s16_session3_natural,6,80,8.666666666666666,1.0425108671188354,-0.5543153111391979
COHFACE_s16_session3_natural,6,81,8.7,0.8455013632774353,-0.1982022887919459
COHFACE_s16_session3_natural,6,82,8.733333333333333,0.7360647916793823,0.14663472203250472
COHFACE_s16_session3_natural,6,83,8.766666666666667,0.6713607907295227,0.45701649843197006
COHFACE_s16_session3_natural,6,84,8.8,0.5813634991645813,0.7181151768812397
COHFACE_s16_session3_natural,6,85,8.833333333333334,0.44262751936912537,0.9204433595076927
COHFACE_s16_session3_natural,6,86,8.866666666666667,0.2645399272441864,1.0577959958229524
COHFACE_s16_session3_natural,6,87,8.9,0.08253490924835205,1.1268349735959786
COHFACE_s16_session3_natural,6,88,8.933333333333334,-0.08723001182079315,1.1282603477744804
COHFACE_s16_session3_natural,6,89,8.966666666666667,-0.24558265507221222,1.0689101452937426
COHFACE_s16_session3_natural,6,90,9.0,-0.3816577196121216,0.962705324812071
COHFACE_s16_session3_natural,6,91,9.033333333333333,-0.4862603545188904,0.8281293962640249
COHFACE_s16_session3_natural,6,92,9.066666666666666,-0.5859403610229492,0.6824366069891443
COHFACE_s16_session3_natural,6,93,9.1,-0.67448890209198,0.5357122889278998
COHFACE_s16_session3_natural,6,94,9.133333333333333,-0.761248767375946,0.38833265778282344
COHFACE_s16_session3_natural,6,95,9.166666666666666,-0.8413268327713013,0.2332363346055705
COHFACE_s16_session3_natural,6,96,9.2,-0.9192910194396973,0.061525162494228736
COHFACE_s16_session3_natural,6,97,9.233333333333333,-0.9823541045188904,-0.13182001118099232
COHFACE_s16_session3_natural,6,98,9.266666666666667,-1.043850302696228,-0.34487809416265375
COHFACE_s16_session3_natural,6,99,9.3,-1.1091899871826172,-0.5691007003361419
COHFACE_s16_session3_natural,6,100,9.333333333333334,-1.1726818084716797,-0.791568970221309
COHFACE_s16_session3_natural,6,101,9.366666666666667,-1.2230170965194702,-0.9969836539177661
COHFACE_s16_session3_natural,6,102,9.4,-1.1955358982086182,-1.1682648085040082
COHFACE_s16_session3_natural,6,103,9.433333333333334,-0.8470625281333923,-1.2865481430705101
COHFACE_s16_session3_natural,6,104,9.466666666666667,-0.0548853874206543,-1.3324921075972251
COHFACE_s16_session3_natural,6,105,9.5,0.8388048410415649,-1.2901680906470638
COHFACE_s16_session3_natural,6,106,9.533333333333333,1.4506030082702637,-1.1526897731813408
COHFACE_s16_session3_natural,6,107,9.566666666666666,1.7250592708587646,-0.9268893923004483
COHFACE_s16_session3_natural,6,108,9.6,1.7944642305374146,-0.6343487805217982
COHFACE_s16_session3_natural,6,109,9.633333333333333,1.7731328010559082,-0.3078026049628782
COHFACE_s16_session3_natural,6,110,9.666666666666666,1.6627944707870483,0.015878738565126005
COHFACE_s16_session3_natural,6,111,9.7,1.4416298866271973,0.30354910903545484
COHFACE_s16_session3_natural,6,112,9.733333333333333,1.195290446281433,0.5319980588179524
COHFACE_s16_session3_natural,6,113,9.766666666666667,1.0239289999008179,0.6910614767167738
COHFACE_s16_session3_natural,6,114,9.8,0.9202724695205688,0.7833383761230674
COHFACE_s16_session3_natural,6,115,9.833333333333334,0.8162611126899719,0.8212094663617688
COHFACE_s16_session3_natural,6,116,9.866666666666667,0.6645163893699646,0.8225360065611333
COHFACE_s16_session3_natural,6,117,9.9,0.47186776995658875,0.806359992536295
COHFACE_s16_session3_natural,6,118,9.933333333333334,0.25704509019851685,0.7891363811565528
COHFACE_s16_session3_natural,6,119,9.966666666666667,0.06615564227104187,0.7815437367971565
COHFACE_s16_session3_natural,6,120,10.0,-0.09494660049676895,0.7863390688243806
COHFACE_s16_session3_natural,6,121,10.033333333333333,-0.2511853277683258,0.7979354944096326
COHFACE_s16_session3_natural,6,122,10.066666666666666,-0.3875264823436737,0.8035612774245282
COHFACE_s16_session3_natural,6,123,10.1,-0.5063205361366272,0.7853288417709658
COHFACE_s16_session3_natural,6,124,10.133333333333333,-0.6040492057800293,0.7233477633681357
COHFACE_s16_session3_natural,6,125,10.166666666666666,-0.7034039497375488,0.600613410284883
COHFACE_s16_session3_natural,6,126,10.2,-0.8001717329025269,0.4092482123663328
COHFACE_s16_session3_natural,6,127,10.233333333333333,-0.8918837904930115,0.15582806147047992
COHFACE_s16_session3_natural,6,128,10.266666666666667,-0.9701288342475891,-0.13707165111183475
COHFACE_s16_session3_natural,6,129,10.3,-1.0411598682403564,-0.4346463277184138
COHFACE_s16_session3_natural,6,130,10.333333333333334,-1.1145117282867432,-0.697939402438213
COHFACE_s16_session3_natural,6,131,10.366666666666667,-1.175682783126831,-0.893171636622432
COHFACE_s16_session3_natural,6,132,10.4,-1.237533688545227,-0.99905198773464
COHFACE_s16_session3_natural,6,133,10.433333333333334,-1.2764122486114502,-1.0101162108011934
COHFACE_s16_session3_natural,6,134,10.466666666666667,-1.1192275285720825,-0.9359023304310888
COHFACE_s16_session3_natural,6,135,10.5,-0.5237936973571777,-0.7971901686079967
COHFACE_s16_session3_natural,6,136,10.533333333333333,0.38649749755859375,-0.6211366172189422
COHFACE_s16_session3_natural,6,137,10.566666666666666,1.1734415292739868,-0.43667394590920094
COHFACE_s16_session3_natural,6,138,10.6,1.6147652864456177,-0.27042994265357845
COHFACE_s16_session3_natural,6,139,10.633333333333333,1.775586724281311,-0.14300616009513223
COHFACE_s16_session3_natural,6,140,10.666666666666666,1.8010129928588867,-0.0662890013507523
COHFACE_s16_session3_natural,6,141,10.7,1.7467455863952637,-0.0430595413390765
COHFACE_s16_session3_natural,6,142,10.733333333333333,1.564696192741394,-0.06909115383727739
COHFACE_s16_session3_natural,6,143,10.766666666666667,1.3031305074691772,-0.13600047357590853
COHFACE_s16_session3_natural,6,144,10.8,1.0836511850357056,-0.23224202398184007
COHFACE_s16_session3_natural,6,145,10.833333333333334,0.9358534812927246,-0.341130095655783
COHFACE_s16_session3_natural,6,146,10.866666666666667,0.8184046149253845,-0.43806643655124017
COHFACE_s16_session3_natural,6,147,10.9,0.6854487061500549,-0.4912278907170785
COHFACE_s16_session3_natural,6,148,10.933333333333334,0.4986984431743622,-0.4683770131271163
COHFACE_s16_session3_natural,6,149,10.966666666666667,0.2890497148036957,-0.34818614963137556
COHFACE_s16_session3_natural,6,150,11.0,0.0788983553647995,-0.13058076770125393
COHFACE_s16_session3_natural,6,151,11.033333333333333,-0.11205022037029266,0.159902273037441
COHFACE_s16_session3_natural,6,152,11.066666666666666,-0.2777498960494995,0.48007769116418586
COHFACE_s16_session3_natural,6,153,11.1,-0.42343372106552124,0.7805826263540634
COHFACE_s16_session3_natural,6,154,11.133333333333333,-0.5499887466430664,1.0190094566947203
COHFACE_s16_session3_natural,6,155,11.166666666666666,-0.6592774987220764,1.1685255993804797
COHFACE_s16_session3_natural,6,156,11.2,-0.7598592042922974,1.2202623046718626
COHFACE_s16_session3_natural,6,157,11.233333333333333,-0.8636783361434937,1.1810022160396094
COHFACE_s16_session3_natural,6,158,11.266666666666667,-0.9717992544174194,1.0684816628098674
COHFACE_s16_session3_natural,6,159,11.3,-1.0595200061798096,0.9058778648800309
COHFACE_s16_session3_natural,6,160,11.333333333333334,-1.1268553733825684,0.7165625063760369
COHFACE_s16_session3_natural,6,161,11.366666666666667,-1.195328950881958,0.5200098828458527
COHFACE_s16_session3_natural,6,162,11.4,-1.2561599016189575,0.32929981134602043
COHFACE_s16_session3_natural,6,163,11.433333333333334,-1.3230518102645874,0.15026340161397903
COHFACE_s16_session3_natural,6,164,11.466666666666667,-1.3908158540725708,-0.01766310530578444
COHFACE_s16_session3_natural,6,165,11.5,-1.3850358724594116,-0.17883251130367114
COHFACE_s16_session3_natural,6,166,11.533333333333333,-1.105923056602478,-0.33751843949781685
COHFACE_s16_session3_natural,6,167,11.566666666666666,-0.39377957582473755,-0.4940267991130133
COHFACE_s16_session3_natural,6,168,11.6,0.5065924525260925,-0.6423772187825453
COHFACE_s16_session3_natural,6,169,11.633333333333333,1.1934278011322021,-0.7707274743620308
COHFACE_s16_session3_natural,6,170,11.666666666666666,1.5202888250350952,-0.864608619998798
COHFACE_s16_session3_natural,6,171,11.7,1.6040774583816528,-0.911791668598666
COHFACE_s16_session3_natural,6,172,11.733333333333333,1.601652979850769,-0.9068338956254356
COHFACE_s16_session3_natural,6,173,11.766666666666667,1.5121879577636719,-0.8533171685518723
COHFACE_s16_session3_natural,6,174,11.8,1.2978531122207642,-0.7625576205564245
COHFACE_s16_session3_natural,6,175,11.833333333333334,1.0587718486785889,-0.649177927536501
COHFACE_s16_session3_natural,6,176,11.866666666666667,0.8825764656066895,-0.5257994215672677
COHFACE_s16_session3_natural,6,177,11.9,0.7663841843605042,-0.3996395135969911
COHFACE_s16_session3_natural,6,178,11.933333333333334,0.6654329299926758,-0.27229202155627935
COHFACE_s16_session3_natural,6,179,11.966666666666667,0.5177385807037354,-0.1421878161216703
COHFACE_s16_session3_natural,6,180,12.0,0.3314613699913025,-0.008711342371026855
COHFACE_s16_session3_natural,6,181,12.033333333333333,0.13233794271945953,0.123554936309327
COHFACE_s16_session3_natural,6,182,12.066666666666666,-0.06159674748778343,0.2432877600184638
COHFACE_s16_session3_natural,6,183,12.1,-0.23912259936332703,0.3359412063123914
COHFACE_s16_session3_natural,6,184,12.133333333333333,-0.39163607358932495,0.390947025744149
COHFACE_s16_session3_natural,6,185,12.166666666666666,-0.5220198035240173,0.4078785105944279
COHFACE_s16_session3_natural,6,186,12.2,-0.6324024796485901,0.3976416792885583
COHFACE_s16_session3_natural,6,187,12.233333333333333,-0.7325998544692993,0.37826434091673583
COHFACE_s16_session3_natural,6,188,12.266666666666667,-0.8249328136444092,0.3677450614329372
COHFACE_s16_session3_natural,6,189,12.3,-0.912638783454895,0.3773305519858165
COHFACE_s16_session3_natural,6,190,12.333333333333334,-0.9884150624275208,0.40778227101776987
COHFACE_s16_session3_natural,6,191,12.366666666666667,-1.0713313817977905,0.4495989783545032
COHFACE_s16_session3_natural,6,192,12.4,-1.1398789882659912,0.48667709263176895
COHFACE_s16_session3_natural,6,193,12.433333333333334,-1.2000150680541992,0.5017992069907489
COHFACE_s16_session3_natural,6,194,12.466666666666667,-1.2624130249023438,0.48176626222873675
COHFACE_s16_session3_natural,6,195,12.5,-1.3220614194869995,0.42038571188646323
COHFACE_s16_session3_natural,6,196,12.533333333333333,-1.3790931701660156,0.31892308578692535
COHFACE_s16_session3_natural,6,197,12.566666666666666,-1.343998908996582,0.184971790155384
COHFACE_s16_session3_natural,6,198,12.6,-0.9826202392578125,0.03097105774743264
COHFACE_s16_session3_natural,6,199,12.633333333333333,-0.21428760886192322,-0.12711421508287238
COHFACE_s16_session3_natural,6,200,12.666666666666666,0.6374639868736267,-0.2713502982023745
COHFACE_s16_session3_natural,6,201,12.7,1.2051209211349487,-0.3842887687748501
COHFACE_s16_session3_natural,6,202,12.733333333333333,1.4355099201202393,-0.4523079983966112
COHFACE_s16_session3_natural,6,203,12.766666666666667,1.4711657762527466,-0.4688943211140334
COHFACE_s16_session3_natural,6,204,12.8,1.4093000888824463,-0.4365301272699035
COHFACE_s16_session3_natural,6,205,12.833333333333334,1.2468082904815674,-0.3661483626427533
COHFACE_s16_session3_natural,6,206,12.866666666666667,1.0051254034042358,-0.27387999822554626
COHFACE_s16_session3_natural,6,207,12.9,0.8009757995605469,-0.17599817770377038
COHFACE_s16_session3_natural,6,208,12.933333333333334,0.687518298625946,-0.0841583483222502
COHFACE_s16_session3_natural,6,209,12.966666666666667,0.6228882074356079,-0.003194842524940787
COHFACE_s16_session3_natural,6,210,13.0,0.5237108469009399,0.06763566491492554
COHFACE_s16_session3_natural,6,211,13.033333333333333,0.3674721121788025,0.13087597778361887
COHFACE_s16_session3_natural,6,212,13.066666666666666,0.17914007604122162,0.18643351456364948
COHFACE_s16_session3_natural,6,213,13.1,-0.011926760897040367,0.2285225426729923
COHFACE_s16_session3_natural,6,214,13.133333333333333,-0.18188385665416718,0.24570032659665875
COHFACE_s16_session3_natural,6,215,13.166666666666666,-0.33457472920417786,0.22451506572116017
COHFACE_s16_session3_natural,6,216,13.2,-0.46924543380737305,0.15524792915795096
COHFACE_s16_session3_natural,6,217,13.233333333333333,-0.5709949731826782,0.036918242371850374
COHFACE_s16_session3_natural,6,218,13.266666666666667,-0.6730993390083313,-0.12061803845642877
COHFACE_s16_session3_natural,6,219,13.3,-0.7585731148719788,-0.2978056258248121
COHFACE_s16_session3_natural,6,220,13.333333333333334,-0.8314963579177856,-0.4686642179935114
COHFACE_s16_session3_natural,6,221,13.366666666666667,-0.9143092036247253,-0.6049373301816056
COHFACE_s16_session3_natural,6,222,13.4,-0.989982008934021,-0.680680372185477
COHFACE_s16_session3_natural,6,223,13.433333333333334,-1.0552477836608887,-0.6773516800358897
COHFACE_s16_session3_natural,6,224,13.466666666666667,-1.1211344003677368,-0.5887590592038616
COHFACE_s16_session3_natural,6,225,13.5,-1.1788166761398315,-0.4241309460703318
COHFACE_s16_session3_natural,6,226,13.533333333333333,-1.2294622659683228,-0.20744402776239176
COHFACE_s16_session3_natural,6,227,13.566666666666666,-1.2818819284439087,0.02771242906155897
COHFACE_s16_session3_natural,6,228,13.6,-1.3282700777053833,0.24655013522794111
COHFACE_s16_session3_natural,6,229,13.633333333333333,-1.3163700103759766,0.42189348773034874
COHFACE_s16_session3_natural,6,230,13.666666666666666,-1.0039368867874146,0.539998991356772
COHFACE_s16_session3_natural,6,231,13.7,-0.27885860204696655,0.601178544524034
COHFACE_s16_session3_natural,6,232,13.733333333333333,0.5323439240455627,0.615512232834976
COHFACE_s16_session3_natural,6,233,13.766666666666667,1.061861515045166,0.5962669487547397
COHFACE_s16_session3_natural,6,234,13.8,1.2411316633224487,0.554372683583675
COHFACE_s16_session3_natural,6,235,13.833333333333334,1.2150254249572754,0.49613421690106946
COHFACE_s16_session3_natural,6,236,13.866666666666667,1.1012722253799438,0.4241139500391856
COHFACE_s16_session3_natural,6,237,13.9,0.8991183638572693,0.3394438550960568
COHFACE_s16_session3_natural,6,238,13.933333333333334,0.6727503538131714,0.24379094505157692
COHFACE_s16_session3_natural,6,239,13.966666666666667,0.5258543491363525,0.14023192214565144
COHFACE_s16_session3_natural,7,0,7.0,-0.5005109310150146,0.010392235392267229
COHFACE_s16_session3_natural,7,1,7.033333333333333,-0.5927551984786987,-0.10671945635367015
COHFACE_s16_session3_natural,7,2,7.066666666666666,-0.6749915480613708,-0.16925087513562215
COHFACE_s16_session3_natural,7,3,7.1,-0.7573757171630859,-0.14173851060542075
COHFACE_s16_session3_natural,7,4,7.133333333333334,-0.8352659344673157,-0.02143103416126657
COHFACE_s16_session3_natural,7,5,7.166666666666667,-0.8988316655158997,0.16206023563728508
COHFACE_s16_session3_natural,7,6,7.2,-0.96634441614151,0.3590921653179848
COHFACE_s16_session3_natural,7,7,7.233333333333333,-1.0261996984481812,0.517822222588081
COHFACE_s16_session3_natural,7,8,7.266666666666667,-1.0879768133163452,0.5999128005181493
COHFACE_s16_session3_natural,7,9,7.3,-1.1540260314941406,0.5893092998057987
COHFACE_s16_session3_natural,7,10,7.333333333333333,-1.2120778560638428,0.493165922950481
COHFACE_s16_session3_natural,7,11,7.366666666666666,-1.2105551958084106,0.3366684692172575
COHFACE_s16_session3_natural,7,12,7.4,-0.9252780079841614,0.15429688235013192
COHFACE_s16_session3_natural,7,13,7.433333333333334,-0.23417039215564728,-0.020008297212905472
COHFACE_s16_session3_natural,7,14,7.466666666666667,0.5679555535316467,-0.16121269228498453
COHFACE_s16_session3_natural,7,15,7.5,1.1040070056915283,-0.25773495812962427
COHFACE_s16_session3_natural,7,16,7.533333333333333,1.307447075843811,-0.31109351865193086
COHFACE_s16_session3_natural,7,17,7.566666666666666,1.3103740215301514,-0.3314781743617252
COHFACE_s16_session3_natural,7,18,7.6,1.2082253694534302,-0.33159914048647265
COHFACE_s16_session3_natural,7,19,7.633333333333334,1.022568941116333,-0.32156811269061536
COHFACE_s16_session3_natural,7,20,7.666666666666667,0.7883957028388977,-0.3066441191328054
COHFACE_s16_session3_natural,7,21,7.7,0.6251351833343506,-0.2879048605604905
COHFACE_s16_session3_natural,7,22,7.733333333333333,0.5606529116630554,-0.264268236686502
COHFACE_s16_session3_natural,7,23,7.766666666666667,0.5177829265594482,-0.23395329579162202
COHFACE_s16_session3_natural,7,24,7.8,0.44224318861961365,-0.19471752431642894
COHFACE_s16_session3_natural,7,25,7.833333333333333,0.3100264072418213,-0.14370580280752943
COHFACE_s16_session3_natural,7,26,7.866666666666666,0.13536840677261353,-0.07805643425564654
COHFACE_s16_session3_natural,7,27,7.9,-0.03906786069273949,0.0034782351757384955
COHFACE_s16_session3_natural,7,28,7.933333333333334,-0.20042140781879425,0.09879789201619488
COHFACE_s16_session3_natural,7,29,7.966666666666667,-0.34068000316619873,0.20193537165747066
COHFACE_s16_session3_natural,7,30,8.0,-0.46148449182510376,0.30435219879975045
COHFACE_s16_session3_natural,7,31,8.033333333333333,-0.561075747013092,0.39734434197181523
COHFACE_s16_session3_natural,7,32,8.066666666666666,-0.645677387714386,0.4740147188753694
COHFACE_s16_session3_natural,7,33,8.1,-0.7201232314109802,0.5296619806955671
COHFACE_s16_session3_natural,7,34,8.133333333333333,-0.7968899607658386,0.5608538096401036
COHFACE_s16_session3_natural,7,35,8.166666666666666,-0.8709662556648254,0.5643955590127213
COHFACE_s16_session3_natural,7,36,8.2,-0.9361432790756226,0.5368763493939178
COHFACE_s16_session3_natural,7,37,8.233333333333333,-1.004631757736206,0.47456959729684545
COHFACE_s16_session3_natural,7,38,8.266666666666667,-1.0592982769012451,0.3735113553953076
COHFACE_s16_session3_natural,7,39,8.3,-1.1180152893066406,0.2302000458821817
COHFACE_s16_session3_natural,7,40,8.333333333333334,-1.1822906732559204,0.043507220030901385
COHFACE_s16_session3_natural,7,41,8.366666666666667,-1.196895956993103,-0.1823265855974424
COHFACE_s16_session3_natural,7,42,8.4,-0.9374294281005859,-0.43487421000157594
COHFACE_s16_session3_natural,7,43,8.433333333333334,-0.25358012318611145,-0.6926188054089223
COHFACE_s16_session3_natural,7,44,8.466666666666667,0.5925392508506775,-0.9269025341367414
COHFACE_s16_session3_natural,7,45,8.5,1.1971383094787598,-1.1064087802387361
COHFACE_s16_session3_natural,7,46,8.533333333333333,1.448459506034851,-1.2031355543700037
COHFACE_s16_session3_natural,7,47,8.566666666666666,1.4792076349258423,-1.1984920209493746
COHFACE_s16_session3_natural,7,48,8.6,1.4195889234542847,-1.087833409620806
COHFACE_s16_session3_natural,7,49,8.633333333333333,1.2687015533447266,-0.8817499270623349
COHFACE_s16_session3_natural,7,50,8.666666666666666,1.0425108671188354,-0.6032616100575015
COHFACE_s16_session3_natural,7,51,8.7,0.8455013632774353,-0.2818337236463378
COHFACE_s16_session3_natural,7,52,8.733333333333333,0.7360647916793823,0.053011266012077084
COHFACE_s16_session3_natural,7,53,8.766666666666667,0.6713607907295227,0.37559663537809695
COHFACE_s16_session3_natural,7,54,8.8,0.5813634991645813,0.664890102911594
COHFACE_s16_session3_natural,7,55,8.833333333333334,0.44262751936912537,0.9038639137991153
COHFACE_s16_session3_natural,7,56,8.866666666666667,0.2645399272441864,1.0791515767884605
COHFACE_s16_session3_natural,7,57,8.9,0.08253490924835205,1.1815536932333415
COHFACE_s16_session3_natural,7,58,8.933333333333334,-0.08723001182079315,1.2072589827178093
COHFACE_s16_session3_natural,7,59,8.966666666666667,-0.24558265507221222,1.1593042568533658
COHFACE_s16_session3_natural,7,60,9.0,-0.3816577196121216,1.048229457788516
COHFACE_s16_session3_natural,7,61,9.033333333333333,-0.4862603545188904,0.8907742972571824
COHFACE_s16_session3_natural,7,62,9.066666666666666,-0.5859403610229492,0.7064407847008249
COHFACE_s16_session3_natural,7,63,9.1,-0.67448890209198,0.5130564753821185
COHFACE_s16_session3_natural,7,64,9.133333333333333,-0.761248767375946,0.3230458799768747
COHFACE_s16_session3_natural,7,65,9.166666666666666,-0.8413268327713013,0.14176616662115263
COHFACE_s16_session3_natural,7,66,9.2,-0.9192910194396973,-0.03163670164099848
COHFACE_s16_session3_natural,7,67,9.233333333333333,-0.9823541045188904,-0.2014247841925938
COHFACE_s16_session3_natural,7,68,9.266666666666667,-1.043850302696228,-0.37181927168179163
COHFACE_s16_session3_natural,7,69,9.3,-1.1091899871826172,-0.5442130027180461
COHFACE_s16_session3_natural,7,70,9.333333333333334,-1.1726818084716797,-0.7156300978587858
COHFACE_s16_session3_natural,7,71,9.366666666666667,-1.2230170965194702,-0.8782458535549403
COHFACE_s16_session3_natural,7,72,9.4,-1.1955358982086182,-1.0196112873350611
COHFACE_s16_session3_natural,7,73,9.433333333333334,-0.8470625281333923,-1.1236133862899569
COHFACE_s16_session3_natural,7,74,9.466666666666667,-0.0548853874206543,-1.1726171202108666
COHFACE_s16_session3_natural,7,75,9.5,0.8388048410415649,-1.15109280475628
COHFACE_s16_session3_natural,7,76,9.533333333333333,1.4506030082702637,-1.0501789340519083
COHFACE_s16_session3_natural,7,77,9.566666666666666,1.7250592708587646,-0.8716658070366448
COHFACE_s16_session3_natural,7,78,9.6,1.7944642305374146,-0.6296154148637633
COHFACE_s16_session3_natural,7,79,9.633333333333333,1.7731328010559082,-0.34862290428881265
COHFACE_s16_session3_natural,7,80,9.666666666666666,1.6627944707870483,-0.0592079995221421
COHFACE_s16_session3_natural,7,81,9.7,1.4416298866271973,0.20811656839883724
COHFACE_s16_session3_natural,7,82,9.733333333333333,1.195290446281433,0.42860373649780503
COHFACE_s16_session3_natural,7,83,9.766666666666667,1.0239289999008179,0.5877755960735697
COHFACE_s16_session3_natural,7,84,9.8,0.9202724695205688,0.6836173857202259
COHFACE_s16_session3_natural,7,85,9.833333333333334,0.8162611126899719,0.7256884234059798
COHFACE_s16_session3_natural,7,86,9.866666666666667,0.6645163893699646,0.7314629121898989
COHFACE_s16_session3_natural,7,87,9.9,0.47186776995658875,0.7211152675963941
COHFACE_s16_session3_natural,7,88,9.933333333333334,0.25704509019851685,0.711862926434889
COHFACE_s16_session3_natural,7,89,9.966666666666667,0.06615564227104187,0.7128728374144935
COHFACE_s16_session3_natural,7,90,10.0,-0.09494660049676895,0.7223733287794789
COHFACE_s16_session3_natural,7,91,10.033333333333333,-0.2511853277683258,0.7285589875618862
COHFACE_s16_session3_natural,7,92,10.066666666666666,-0.3875264823436737,0.7140524209263523
COHFACE_s16_session3_natural,7,93,10.1,-0.5063205361366272,0.6617886869561757
COHFACE_s16_session3_natural,7,94,10.133333333333333,-0.6040492057800293,0.5601045724639618
COHFACE_s16_session3_natural,7,95,10.166666666666666,-0.7034039497375488,0.40594973923978406
COHFACE_s16_session3_natural,7,96,10.2,-0.8001717329025269,0.20603760379349206
COHFACE_s16_session3_natural,7,97,10.233333333333333,-0.8918837904930115,-0.023942402033359626
COHFACE_s16_session3_natural,7,98,10.266666666666667,-0.9701288342475891,-0.261845995785643
COHFACE_s16_session3_natural,7,99,10.3,-1.0411598682403564,-0.482825543459183
COHFACE_s16_session3_natural,7,100,10.333333333333334,-1.1145117282867432,-0.6632965864327772
COHFACE_s16_session3_natural,7,101,10.366666666666667,-1.175682783126831,-0.7840952976840362
COHFACE_s16_session3_natural,7,102,10.4,-1.237533688545227,-0.8326315432284546
COHFACE_s16_session3_natural,7,103,10.433333333333334,-1.2764122486114502,-0.8045038564665382
COHFACE_s16_session3_natural,7,104,10.466666666666667,-1.1192275285720825,-0.7046780480824413
COHFACE_s16_session3_natural,7,105,10.5,-0.5237936973571777,-0.5476493601503383
COHFACE_s16_session3_natural,7,106,10.533333333333333,0.38649749755859375,-0.35598845318234096
COHFACE_s16_session3_natural,7,107,10.566666666666666,1.1734415292739868,-0.1571554174212904
COHFACE_s16_session3_natural,7,108,10.6,1.6147652864456177,0.021046610073750846
COHFACE_s16_session3_natural,7,109,10.633333333333333,1.775586724281311,0.15543385553566907
COHFACE_s16_session3_natural,7,110,10.666666666666666,1.8010129928588867,0.23125471498799954
COHFACE_s16_session3_natural,7,111,10.7,1.7467455863952637,0.2434172717323987
COHFACE_s16_session3_natural,7,112,10.733333333333333,1.564696192741394,0.1950400058363982
COHFACE_s16_session3_natural,7,113,10.766666666666667,1.3031305074691772,0.09491218613456927
COHFACE_s16_session3_natural,7,114,10.8,1.0836511850357056,-0.04391491371309571
COHFACE_s16_session3_natural,7,115,10.833333333333334,0.9358534812927246,-0.2033931145643418
COHFACE_s16_session3_natural,7,116,10.866666666666667,0.8184046149253845,-0.3590706983869553
COHFACE_s16_session3_natural,7,117,10.9,0.6854487061500549,-0.4810508181708181
COHFACE_s16_session3_natural,7,118,10.933333333333334,0.4986984431743622,-0.5392796063615907
COHFACE_s16_session3_natural,7,119,10.966666666666667,0.2890497148036957,-0.5121383359520243
COHFACE_s16_session3_natural,7,120,11.0,0.0788983553647995,-0.3945572176632032
COHFACE_s16_session3_natural,7,121,11.033333333333333,-0.11205022037029266,-0.20137256946264323
COHFACE_s16_session3_natural,7,122,11.066666666666666,-0.2777498960494995,0.036040711507739444
COHFACE_s16_session3_natural,7,123,11.1,-0.42343372106552124,0.2784738403246845
COHFACE_s16_session3_natural,7,124,11.133333333333333,-0.5499887466430664,0.4893737235163907
COHFACE_s16_session3_natural,7,125,11.166666666666666,-0.6592774987220764,0.6433376381003503
COHFACE_s16_session3_natural,7,126,11.2,-0.7598592042922974,0.7301265480841836
COHFACE_s16_session3_natural,7,127,11.233333333333333,-0.8636783361434937,0.7536720848448561
COHFACE_s16_session3_natural,7,128,11.266666666666667,-0.9717992544174194,0.7273080442215389
COHFACE_s16_session3_natural,7,129,11.3,-1.0595200061798096,0.6674570881501004
COHFACE_s16_session3_natural,7,130,11.333333333333334,-1.1268553733825684,0.5880873333503883
COHFACE_s16_session3_natural,7,131,11.366666666666667,-1.195328950881958,0.4975953799955974
COHFACE_s16_session3_natural,7,132,11.4,-1.2561599016189575,0.3986987706860496
COHFACE_s16_session3_natural,7,133,11.433333333333334,-1.3230518102645874,0.290737575438632
COHFACE_s16_session3_natural,7,134,11.466666666666667,-1.3908158540725708,0.17287466744037455
COHFACE_s16_session3_natural,7,135,11.5,-1.3850358724594116,0.046579395706263536
COHFACE_s16_session3_natural,7,136,11.533333333333333,-1.105923056602478,-0.08342126651146696
COHFACE_s16_session3_natural,7,137,11.566666666666666,-0.39377957582473755,-0.2096129591409003
COHFACE_s16_session3_natural,7,138,11.6,0.5065924525260925,-0.323133457918
COHFACE_s16_session3_natural,7,139,11.633333333333333,1.1934278011322021,-0.415737648960109
COHFACE_s16_session3_natural,7,140,11.666666666666666,1.5202888250350952,-0.4817509190229673
COHFACE_s16_session3_natural,7,141,11.7,1.6040774583816528,-0.519426933272026
COHFACE_s16_session3_natural,7,142,11.733333333333333,1.601652979850769,-0.5313501918559749
COHFACE_s16_session3_natural,7,143,11.766666666666667,1.5121879577636719,-0.5237529490651717
COHFACE_s16_session3_natural,7,144,11.8,1.2978531122207642,-0.5046577031325689
COHFACE_s16_session3_natural,7,145,11.833333333333334,1.0587718486785889,-0.4810169833466207
COHFACE_s16_session3_natural,7,146,11.866666666666667,0.8825764656066895,-0.45573276365388193
COHFACE_s16_session3_natural,7,147,11.9,0.7663841843605042,-0.4259505589539007
COHFACE_s16_session3_natural,7,148,11.933333333333334,0.6654329299926758,-0.38370707938345244
COHFACE_s16_session3_natural,7,149,11.966666666666667,0.5177385807037354,-0.3191629271529319
COHFACE_s16_session3_natural,7,150,12.0,0.3314613699913025,-0.22571469158810967
COHFACE_s16_session3_natural,7,151,12.033333333333333,0.13233794271945953,-0.10503767747174103
COHFACE_s16_session3_natural,7,152,12.066666666666666,-0.06159674748778343,0.03103820077570113
COHFACE_s16_session3_natural,7,153,12.1,-0.23912259936332703,0.16397876017464533
COHFACE_s16_session3_natural,7,154,12.133333333333333,-0.39163607358932495,0.27587415051169084
COHFACE_s16_session3_natural,7,155,12.166666666666666,-0.5220198035240173,0.35623200878435135
COHFACE_s16_session3_natural,7,156,12.2,-0.6324024796485901,0.4045481293758996
COHFACE_s16_session3_natural,7,157,12.233333333333333,-0.7325998544692993,0.4280884306617834
COHFACE_s16_session3_natural,7,158,12.266666666666667,-0.8249328136444092,0.4369041362127593
COHFACE_s16_session3_natural,7,159,12.3,-0.912638783454895,0.438922025510304
COHFACE_s16_session3_natural,7,160,12.333333333333334,-0.9884150624275208,0.43720944299688574
COHFACE_s16_session3_natural,7,161,12.366666666666667,-1.0713313817977905,0.43003448242639636
COHFACE_s16_session3_natural,7,162,12.4,-1.1398789882659912,0.4130080571864432
COHFACE_s16_session3_natural,7,163,12.433333333333334,-1.2000150680541992,0.38184098858762205
COHFACE_s16_session3_natural,7,164,12.466666666666667,-1.2624130249023438,0.3342120551266605
COHFACE_s16_session3_natural,7,165,12.5,-1.3220614194869995,0.2700052804875642
COHFACE_s16_session3_natural,7,166,12.533333333333333,-1.3790931701660156,0.19040142885225408
COHFACE_s16_session3_natural,7,167,12.566666666666666,-1.343998908996582,0.09701356772269124
COHFACE_s16_session3_natural,7,168,12.6,-0.9826202392578125,-0.008171275738559018
COHFACE_s16_session3_natural,7,169,12.633333333333333,-0.21428760886192322,-0.12219558520820036
COHFACE_s16_session3_natural,7,170,12.666666666666666,0.6374639868736267,-0.240483226345349
COHFACE_s16_session3_natural,7,171,12.7,1.2051209211349487,-0.3565523431672477
COHFACE_s16_session3_natural,7,172,12.733333333333333,1.4355099201202393,-0.4620569924526732
COHFACE_s16_session3_natural,7,173,12.766666666666667,1.4711657762527466,-0.5469562175741846
COHFACE_s16_session3_natural,7,174,12.8,1.4093000888824463,-0.599918757837308
COHFACE_s16_session3_natural,7,175,12.833333333333334,1.2468082904815674,-0.6094104516328108
COHFACE_s16_session3_natural,7,176,12.866666666666667,1.0051254034042358,-0.5657858185179592
COHFACE_s16_session3_natural,7,177,12.9,0.8009757995605469,-0.46420471220365495
COHFACE_s16_session3_natural,7,178,12.933333333333334,0.687518298625946,-0.3076323974229043
COHFACE_s16_session3_natural,7,179,12.966666666666667,0.6228882074356079,-0.10865507482634573
COHFACE_s16_session3_natural,7,180,13.0,0.5237108469009399,0.11134346122471347
COHFACE_s16_session3_natural,7,181,13.033333333333333,0.3674721121788025,0.32613147933302566
COHFACE_s16_session3_natural,7,182,13.066666666666666,0.17914007604122162,0.5101503794849227
COHFACE_s16_session3_natural,7,183,13.1,-0.011926760897040367,0.6429565770899964
COHFACE_s16_session3_natural,7,184,13.133333333333333,-0.18188385665416718,0.7111833261245193
COHFACE_s16_session3_natural,7,185,13.166666666666666,-0.33457472920417786,0.7086494880818891
COHFACE_s16_session3_natural,7,186,13.2,-0.46924543380737305,0.63595437776398
COHFACE_s16_session3_natural,7,187,13.233333333333333,-0.5709949731826782,0.5003045919841421
COHFACE_s16_session3_natural,7,188,13.266666666666667,-0.6730993390083313,0.3154737232100033
COHFACE_s16_session3_natural,7,189,13.3,-0.7585731148719788,0.10132143754243209
COHFACE_s16_session3_natural,7,190,13.333333333333334,-0.8314963579177856,-0.11770467424075491
COHFACE_s16_session3_natural,7,191,13.366666666666667,-0.9143092036247253,-0.3154659950047504
COHFACE_s16_session3_natural,7,192,13.4,-0.989982008934021,-0.46853914956654397
COHFACE_s16_session3_natural,7,193,13.433333333333334,-1.0552477836608887,-0.5614444405560814
COHFACE_s16_session3_natural,7,194,13.466666666666667,-1.1211344003677368,-0.5907411165237685
COHFACE_s16_session3_natural,7,195,13.5,-1.1788166761398315,-0.5657255534746647
COHFACE_s16_session3_natural,7,196,13.533333333333333,-1.2294622659683228,-0.5050312895722257
COHFACE_s16_session3_natural,7,197,13.566666666666666,-1.2818819284439087,-0.4305329017614695
COHFACE_s16_session3_natural,7,198,13.6,-1.3282700777053833,-0.36089423817723415
COHFACE_s16_session3_natural,7,199,13.633333333333333,-1.3163700103759766,-0.30680635619459623
COHFACE_s16_session3_natural,7,200,13.666666666666666,-1.0039368867874146,-0.2691561206130812
COHFACE_s16_session3_natural,7,201,13.7,-0.27885860204696655,-0.24044691782948244
COHFACE_s16_session3_natural,7,202,13.733333333333333,0.5323439240455627,-0.20886966776604574
COHFACE_s16_session3_natural,7,203,13.766666666666667,1.061861515045166,-0.16353971063702355
COHFACE_s16_session3_natural,7,204,13.8,1.2411316633224487,-0.09882952221111496
COHFACE_s16_session3_natural,7,205,13.833333333333334,1.2150254249572754,-0.016066200270504302
COHFACE_s16_session3_natural,7,206,13.866666666666667,1.1012722253799438,0.07772028108107554
COHFACE_s16_session3_natural,7,207,13.9,0.8991183638572693,0.17283708630488803
COHFACE_s16_session3_natural,7,208,13.933333333333334,0.6727503538131714,0.2601216954535463
COHFACE_s16_session3_natural,7,209,13.966666666666667,0.5258543491363525,0.3331295256567314
COHFACE_s16_session3_natural,7,210,14.0,0.468940794467926,0.38893810053682526
COHFACE_s16_session3_natural,7,211,14.033333333333333,0.4377196729183197,0.4277568353440792
COHFACE_s16_session3_natural,7,212,14.066666666666666,0.3641016483306885,0.45173329082373603
COHFACE_s16_session3_natural,7,213,14.1,0.225956991314888,0.46346347774767765
COHFACE_s16_session3_natural,7,214,14.133333333333333,0.04912593215703964,0.4649095200442618
COHFACE_s16_session3_natural,7,215,14.166666666666666,-0.11889462918043137,0.4572750779626706
COHFACE_s16_session3_natural,7,216,14.2,-0.27850380539894104,0.44165622312984965
COHFACE_s16_session3_natural,7,217,14.233333333333333,-0.4128049612045288,0.4196614050985038
COHFACE_s16_session3_natural,7,218,14.266666666666667,-0.5181614756584167,0.3933532709400941
COHFACE_s16_session3_natural,7,219,14.3,-0.6127561926841736,0.3645299336568393
COHFACE_s16_session3_natural,7,220,14.333333333333334,-0.6968256235122681,0.3338806058003206
COHFACE_s16_session3_natural,7,221,14.366666666666667,-0.771404504776001,0.30061185927420153
COHFACE_s16_session3_natural,7,222,14.4,-0.8469147086143494,0.26277792739013967
COHFACE_s16_session3_natural,7,223,14.433333333333334,-0.9109535217285156,0.21799807877125765
COHFACE_s16_session3_natural,7,224,14.466666666666667,-0.9687983393669128,0.1638810121504879
COHFACE_s16_session3_natural,7,225,14.5,-1.0362372398376465,0.09769403693334916
COHFACE_s16_session3_natural,7,226,14.533333333333333,-1.0948951244354248,0.015608806113515769
COHFACE_s16_session3_natural,7,227,14.566666666666666,-1.1535530090332031,-0.0874463181858686
COHFACE_s16_session3_natural,7,228,14.6,-1.2081308364868164,-0.21638219731006422
COHFACE_s16_session3_natural,7,229,14.633333333333333,-1.2526564598083496,-0.3729489045270626
COHFACE_s16_session3_natural,7,230,14.666666666666666,-1.2241257429122925,-0.5522608188718487
COHFACE_s16_session3_natural,7,231,14.7,-0.9039465188980103,-0.7405554385718802
COHFACE_s16_session3_natural,7,232,14.733333333333333,-0.184766486287117,-0.9154509388537622
COHFACE_s16_session3_natural,7,233,14.766666666666667,0.5935444831848145,-1.048966739463691
COHFACE_s16_session3_natural,7,234,14.8,1.064271092414856,-1.1127211100945498
COHFACE_s16_session3_natural,7,235,14.833333333333334,1.1980252265930176,-1.0842070220547386
COHFACE_s16_session3_natural,7,236,14.866666666666667,1.1472022533416748,-0.9527487723073925
COHFACE_s16_session3_natural,7,237,14.9,1.0063966512680054,-0.7235605621897996
COHFACE_s16_session3_natural,7,238,14.933333333333334,0.7885287404060364,-0.41844256279053466
COHFACE_s16_session3_natural,7,239,14.966666666666667,0.5759382247924805,-0.07259637262658408
COHFACE_s16_session3_natural,8,0,8.0,-0.46148449182510376,0.08913375409435872
COHFACE_s16_session3_natural,8,1,8.033333333333333,-0.561075747013092,-0.23358555632910405
COHFACE_s16_session3_natural,8,2,8.066666666666666,-0.645677387714386,-0.4856125912693208
COHFACE_s16_session3_natural,8,3,8.1,-0.7201232314109802,-0.6179775386315265
COHFACE_s16_session3_natural,8,4,8.133333333333333,-0.7968899607658386,-0.619869028735677
COHFACE_s16_session3_natural,8,5,8.166666666666666,-0.8709662556648254,-0.5188735960197152
COHFACE_s16_session3_natural,8,6,8.2,-0.9361432790756226,-0.3671032330941833
COHFACE_s16_session3_natural,8,7,8.233333333333333,-1.004631757736206,-0.2211406847400118
COHFACE_s16_session3_natural,8,8,8.266666666666667,-1.0592982769012451,-0.1256165084875679
COHFACE_s16_session3_natural,8,9,8.3,-1.1180152893066406,-0.10589497834783641
COHFACE_s16_session3_natural,8,10,8.333333333333334,-1.1822906732559204,-0.16874572953641992
COHFACE_s16_session3_natural,8,11,8.366666666666667,-1.196895956993103,-0.30598681888151424
COHFACE_s16_session3_natural,8,12,8.4,-0.9374294281005859,-0.49732022990734115
COHFACE_s16_session3_natural,8,13,8.433333333333334,-0.25358012318611145,-0.7123102140409312
COHFACE_s16_session3_natural,8,14,8.466666666666667,0.5925392508506775,-0.9136562068969316
COHFACE_s16_session3_natural,8,15,8.5,1.1971383094787598,-1.0632979768681796
COHFACE_s16_session3_natural,8,16,8.533333333333333,1.448459506034851,-1.1305077919832531
COHFACE_s16_session3_natural,8,17,8.566666666666666,1.4792076349258423,-1.0990142093640223
COHFACE_s16_session3_natural,8,18,8.6,1.4195889234542847,-0.9700094300599396
COHFACE_s16_session3_natural,8,19,8.633333333333333,1.2687015533447266,-0.7596501404581513
COHFACE_s16_session3_natural,8,20,8.666666666666666,1.0425108671188354,-0.49228541868083403
COHFACE_s16_session3_natural,8,21,8.7,0.8455013632774353,-0.19280117234194266
COHFACE_s16_session3_natural,8,22,8.733333333333333,0.7360647916793823,0.11805618656558971
COHFACE_s16_session3_natural,8,23,8.766666666666667,0.6713607907295227,0.4234617857757829
COHFACE_s16_session3_natural,8,24,8.8,0.5813634991645813,0.7070362472918844
COHFACE_s16_session3_natural,8,25,8.833333333333334,0.44262751936912537,0.9500075149216036
COHFACE_s16_session3_natural,8,26,8.866666666666667,0.2645399272441864,1.1318926901288509
COHFACE_s16_session3_natural,8,27,8.9,0.08253490924835205,1.2348714772629499
COHFACE_s16_session3_natural,8,28,8.933333333333334,-0.08723001182079315,1.2500027296066294
COHFACE_s16_session3_natural,8,29,8.966666666666667,-0.24558265507221222,1.1823121660643074
COHFACE_s16_session3_natural,8,30,9.0,-0.3816577196121216,1.0513730725671473
COHFACE_s16_session3_natural,8,31,9.033333333333333,-0.4862603545188904,0.8856456642335773
COHFACE_s16_session3_natural,8,32,9.066666666666666,-0.5859403610229492,0.7127275170569858
COHFACE_s16_session3_natural,8,33,9.1,-0.67448890209198,0.5505749477172209
COHFACE_s16_session3_natural,8,34,9.133333333333333,-0.761248767375946,0.4038887352185198
COHFACE_s16_session3_natural,8,35,9.166666666666666,-0.8413268327713013,0.266577243507598
COHFACE_s16_session3_natural,8,36,9.2,-0.9192910194396973,0.12832948462954372
COHFACE_s16_session3_natural,8,37,9.233333333333333,-0.9823541045188904,-0.018085992352077893
COHFACE_s16_session3_natural,8,38,9.266666666666667,-1.043850302696228,-0.17214500881754802
COHFACE_s16_session3_natural,8,39,9.3,-1.1091899871826172,-0.3253784261218912
COHFACE_s16_session3_natural,8,40,9.333333333333334,-1.1726818084716797,-0.46510787989003355
COHFACE_s16_session3_natural,8,41,9.366666666666667,-1.2230170965194702,-0.5796028586231629
COHFACE_s16_session3_natural,8,42,9.4,-1.1955358982086182,-0.6618840724398871
COHFACE_s16_session3_natural,8,43,9.433333333333334,-0.8470625281333923,-0.7106666637574868
COHFACE_s16_session3_natural,8,44,9.466666666666667,-0.0548853874206543,-0.7287560222267647
COHFACE_s16_session3_natural,8,45,9.5,0.8388048410415649,-0.7204737851950631
COHFACE_s16_session3_natural,8,46,9.533333333333333,1.4506030082702637,-0.6897528518007046
COHFACE_s16_session3_natural,8,47,9.566666666666666,1.7250592708587646,-0.6395926290466206
COHFACE_s16_session3_natural,8,48,9.6,1.7944642305374146,-0.5724030088997669
COHFACE_s16_session3_natural,8,49,9.633333333333333,1.7731328010559082,-0.4903294767199242
COHFACE_s16_session3_natural,8,50,9.666666666666666,1.6627944707870483,-0.39522107212435686
COHFACE_s16_session3_natural,8,51,9.7,1.4416298866271973,-0.2885572935789099
COHFACE_s16_session3_natural,8,52,9.733333333333333,1.195290446281433,-0.17157169205070624
COHFACE_s16_session3_natural,8,53,9.766666666666667,1.0239289999008179,-0.04552084768222604
COHFACE_s16_session3_natural,8,54,9.8,0.9202724695205688,0.08783084783237861
COHFACE_s16_session3_natural,8,55,9.833333333333334,0.8162611126899719,0.22545695318307915
COHFACE_s16_session3_natural,8,56,9.866666666666667,0.6645163893699646,0.36256007769798526
COHFACE_s16_session3_natural,8,57,9.9,0.47186776995658875,0.49297115196608654
COHFACE_s16_session3_natural,8,58,9.933333333333334,0.25704509019851685,0.6102080518717499
COHFACE_s16_session3_natural,8,59,9.966666666666667,0.06615564227104187,0.7082543011653469
COHFACE_s16_session3_natural,8,60,10.0,-0.09494660049676895,0.7817083007596122
COHFACE_s16_session3_natural,8,61,10.033333333333333,-0.2511853277683258,0.8256123012410868
COHFACE_s16_session3_natural,8,62,10.066666666666666,-0.3875264823436737,0.8348869845832987
COHFACE_s16_session3_natural,8,63,10.1,-0.5063205361366272,0.8031692573982276
COHFACE_s16_session3_natural,8,64,10.133333333333333,-0.6040492057800293,0.7220516043733395
COHFACE_s16_session3_natural,8,65,10.166666666666666,-0.7034039497375488,0.5825617393366395
COHFACE_s16_session3_natural,8,66,10.2,-0.8001717329025269,0.379497004858762
COHFACE_s16_session3_natural,8,67,10.233333333333333,-0.8918837904930115,0.11701730043682876
COHFACE_s16_session3_natural,8,68,10.266666666666667,-0.9701288342475891,-0.1872984441100785
COHFACE_s16_session3_natural,8,69,10.3,-1.0411598682403564,-0.5022425829115528
COHFACE_s16_session3_natural,8,70,10.333333333333334,-1.1145117282867432,-0.7872721739035726
COHFACE_s16_session3_natural,8,71,10.366666666666667,-1.175682783126831,-1.0002548791811066
COHFACE_s16_session3_natural,8,72,10.4,-1.237533688545227,-1.1066808408439293
COHFACE_s16_session3_natural,8,73,10.433333333333334,-1.2764122486114502,-1.0879888638417232
COHFACE_s16_session3_natural,8,74,10.466666666666667,-1.1192275285720825,-0.9465637392441764
COHFACE_s16_session3_natural,8,75,10.5,-0.5237936973571777,-0.70565923071244
COHFACE_s16_session3_natural,8,76,10.533333333333333,0.38649749755859375,-0.4042482472618022
COHFACE_s16_session3_natural,8,77,10.566666666666666,1.1734415292739868,-0.08857622458962107
COHFACE_s16_session3_natural,8,78,10.6,1.6147652864456177,0.1970692003102411
COHFACE_s16_session3_natural,8,79,10.633333333333333,1.775586724281311,0.4180087427130489
COHFACE_s16_session3_natural,8,80,10.666666666666666,1.8010129928588867,0.5534112482732695
COHFACE_s16_session3_natural,8,81,10.7,1.7467455863952637,0.5962957597713718
COHFACE_s16_session3_natural,8,82,10.733333333333333,1.564696192741394,0.5500718161455617
COHFACE_s16_session3_natural,8,83,10.766666666666667,1.3031305074691772,0.4241279769488662
COHFACE_s16_session3_natural,8,84,10.8,1.0836511850357056,0.23175843806607108
COHFACE_s16_session3_natural,8,85,10.833333333333334,0.9358534812927246,-0.0078661436564915
COHFACE_s16_session3_natural,8,86,10.866666666666667,0.8184046149253845,-0.2657178907865916
COHFACE_s16_session3_natural,8,87,10.9,0.6854487061500549,-0.5016869377365328
COHFACE_s16_session3_natural,8,88,10.933333333333334,0.4986984431743622,-0.6698232034626056
COHFACE_s16_session3_natural,8,89,10.966666666666667,0.2890497148036957,-0.7297742401839572
COHFACE_s16_session3_natural,8,90,11.0,0.0788983553647995,-0.6600724975858756
COHFACE_s16_session3_natural,8,91,11.033333333333333,-0.11205022037029266,-0.4671555131267221
COHFACE_s16_session3_natural,8,92,11.066666666666666,-0.2777498960494995,-0.1855253011506333
COHFACE_s16_session3_natural,8,93,11.1,-0.42343372106552124,0.13165587957542588
COHFACE_s16_session3_natural,8,94,11.133333333333333,-0.5499887466430664,0.4280094359244799
COHFACE_s16_session3_natural,8,95,11.166666666666666,-0.6592774987220764,0.6593529551868789
COHFACE_s16_session3_natural,8,96,11.2,-0.7598592042922974,0.803316896737473
COHFACE_s16_session3_natural,8,97,11.233333333333333,-0.8636783361434937,0.8603250101354715
COHFACE_s16_session3_natural,8,98,11.266666666666667,-0.9717992544174194,0.8471268065010942
COHFACE_s16_session3_natural,8,99,11.3,-1.0595200061798096,0.7869281780557857
COHFACE_s16_session3_natural,8,100,11.333333333333334,-1.1268553733825684,0.7004387696821992
COHFACE_s16_session3_natural,8,101,11.366666666666667,-1.195328950881958,0.6005824461154117
COHFACE_s16_session3_natural,8,102,11.4,-1.2561599016189575,0.4916776331981699
COHFACE_s16_session3_natural,8,103,11.433333333333334,-1.3230518102645874,0.37220400541142773
COHFACE_s16_session3_natural,8,104,11.466666666666667,-1.3908158540725708,0.2390908492474243
COHFACE_s16_session3_natural,8,105,11.5,-1.3850358724594116,0.09136626414894249
COHFACE_s16_session3_natural,8,106,11.533333333333333,-1.105923056602478,-0.06790997942939932
COHFACE_s16_session3_natural,8,107,11.566666666666666,-0.39377957582473755,-0.23129241587560204
COHFACE_s16_session3_natural,8,108,11.6,0.5065924525260925,-0.38770008535133915
COHFACE_s16_session3_natural,8,109,11.633333333333333,1.1934278011322021,-0.5241614542908918
COHFACE_s16_session3_natural,8,110,11.666666666666666,1.5202888250350952,-0.6286974489885935
COHFACE_s16_session3_natural,8,111,11.7,1.6040774583816528,-0.6939827950394323
COHFACE_s16_session3_natural,8,112,11.733333333333333,1.601652979850769,-0.72030272894049
COHFACE_s16_session3_natural,8,113,11.766666666666667,1.5121879577636719,-0.7157696616861935
COHFACE_s16_session3_natural,8,114,11.8,1.2978531122207642,-0.6927796719270245
COHFACE_s16_session3_natural,8,115,11.833333333333334,1.0587718486785889,-0.6618644222821501
COHFACE_s16_session3_natural,8,116,11.866666666666667,0.8825764656066895,-0.6260477484799266
COHFACE_s16_session3_natural,8,117,11.9,0.7663841843605042,-0.5790125351683971
COHFACE_s16_session3_natural,8,118,11.933333333333334,0.6654329299926758,-0.5083822488109642
COHFACE_s16_session3_natural,8,119,11.966666666666667,0.5177385807037354,-0.40273996017165437
COHFACE_s16_session3_natural,8,120,12.0,0.3314613699913025,-0.2593369786899628
COHFACE_s16_session3_natural,8,121,12.033333333333333,0.13233794271945953,-0.08884837590498873
COHFACE_s16_session3_natural,8,122,12.066666666666666,-0.06159674748778343,0.08605018061326071
COHFACE_s16_session3_natural,8,123,12.1,-0.23912259936332703,0.23883333477552485
COHFACE_s16_session3_natural,8,124,12.133333333333333,-0.39163607358932495,0.3499582927371389
COHFACE_s16_session3_natural,8,125,12.166666666666666,-0.5220198035240173,0.4140507439659096
COHFACE_s16_session3_natural,8,126,12.2,-0.6324024796485901,0.44001735397378644
COHFACE_s16_session3_natural,8,127,12.233333333333333,-0.7325998544692993,0.44545065281774626
COHFACE_s16_session3_natural,8,128,12.266666666666667,-0.8249328136444092,0.4489483582104099
COHFACE_s16_session3_natural,8,129,12.3,-0.912638783454895,0.4635306850935735
COHFACE_s16_session3_natural,8,130,12.333333333333334,-0.9884150624275208,0.4930542166158788
COHFACE_s16_session3_natural,8,131,12.366666666666667,-1.0713313817977905,0.5322097775901022
COHFACE_s16_session3_natural,8,132,12.4,-1.1398789882659912,0.5694873174577338
COHFACE_s16_session3_natural,8,133,12.433333333333334,-1.2000150680541992,0.5915556939596935
COHFACE_s16_session3_natural,8,134,12.466666666666667,-1.2624130249023438,0.5871242818728777
COHFACE_s16_session3_natural,8,135,12.5,-1.3220614194869995,0.548930965044726
COHFACE_s16_session3_natural,8,136,12.533333333333333,-1.3790931701660156,0.4739176259746876
COHFACE_s16_session3_natural,8,137,12.566666666666666,-1.343998908996582,0.36279209619340086
COHFACE_s16_session3_natural,8,138,12.6,-0.9826202392578125,0.22006454814360002
COHFACE_s16_session3_natural,8,139,12.633333333333333,-0.21428760886192322,0.05455939826207694
COHFACE_s16_session3_natural,8,140,12.666666666666666,0.6374639868736267,-0.1206196306907303
COHFACE_s16_session3_natural,8,141,12.7,1.2051209211349487,-0.2896255218228072
COHFACE_s16_session3_natural,8,142,12.733333333333333,1.4355099201202393,-0.4366163256543931
COHFACE_s16_session3_natural,8,143,12.766666666666667,1.4711657762527466,-0.5484202865751769
COHFACE_s16_session3_natural,8,144,12.8,1.4093000888824463,-0.6161696897977365
COHFACE_s16_session3_natural,8,145,12.833333333333334,1.2468082904815674,-0.6358251575045251
COHFACE_s16_session3_natural,8,146,12.866666666666667,1.0051254034042358,-0.6077687962179326
COHFACE_s16_session3_natural,8,147,12.9,0.8009757995605469,-0.5355990329324267
COHFACE_s16_session3_natural,8,148,12.933333333333334,0.687518298625946,-0.42458382877359746
COHFACE_s16_session3_natural,8,149,12.966666666666667,0.6228882074356079,-0.2807095713113817
COHFACE_s16_session3_natural,8,150,13.0,0.5237108469009399,-0.11126504308457309
COHFACE_s16_session3_natural,8,151,13.033333333333333,0.3674721121788025,0.0729628660254292
COHFACE_s16_session3_natural,8,152,13.066666666666666,0.17914007604122162,0.25525299873769347
COHFACE_s16_session3_natural,8,153,13.1,-0.011926760897040367,0.41257506907623676
COHFACE_s16_session3_natural,8,154,13.133333333333333,-0.18188385665416718,0.5189861320198434
COHFACE_s16_session3_natural,8,155,13.166666666666666,-0.33457472920417786,0.552416580265663
COHFACE_s16_session3_natural,8,156,13.2,-0.46924543380737305,0.5020176311852153
COHFACE_s16_session3_natural,8,157,13.233333333333333,-0.5709949731826782,0.37237390558162153
COHFACE_s16_session3_natural,8,158,13.266666666666667,-0.6730993390083313,0.1825799874383365
COHFACE_s16_session3_natural,8,159,13.3,-0.7585731148719788,-0.03892965003749661
COHFACE_s16_session3_natural,8,160,13.333333333333334,-0.8314963579177856,-0.26100222327510547
COHFACE_s16_session3_natural,8,161,13.366666666666667,-0.9143092036247253,-0.4552747900042649
COHFACE_s16_session3_natural,8,162,13.4,-0.989982008934021,-0.5998765918749606
COHFACE_s16_session3_natural,8,163,13.433333333333334,-1.0552477836608887,-0.6820322523553832
COHFACE_s16_session3_natural,8,164,13.466666666666667,-1.1211344003677368,-0.6997694883490881
COHFACE_s16_session3_natural,8,165,13.5,-1.1788166761398315,-0.6617781410368576
COHFACE_s16_session3_natural,8,166,13.533333333333333,-1.2294622659683228,-0.5844934787389938
COHFACE_s16_session3_natural,8,167,13.566666666666666,-1.2818819284439087,-0.48677858682817915
COHFACE_s16_session3_natural,8,168,13.6,-1.3282700777053833,-0.3840809067394222
COHFACE_s16_session3_natural,8,169,13.633333333333333,-1.3163700103759766,-0.28444822873781217
COHFACE_s16_session3_natural,8,170,13.666666666666666,-1.0039368867874146,-0.18784774201005952
COHFACE_s16_session3_natural,8,171,13.7,-0.27885860204696655,-0.08866640669609806
COHFACE_s16_session3_natural,8,172,13.733333333333333,0.5323439240455627,0.01985183899128484
COHFACE_s16_session3_natural,8,173,13.766666666666667,1.061861515045166,0.1409594471011965
COHFACE_s16_session3_natural,8,174,13.8,1.2411316633224487,0.27128185457721604
COHFACE_s16_session3_natural,8,175,13.833333333333334,1.2150254249572754,0.4003706762856762
COHFACE_s16_session3_natural,8,176,13.866666666666667,1.1012722253799438,0.5129859109257864
COHFACE_s16_session3_natural,8,177,13.9,0.8991183638572693,0.593186792519749
COHFACE_s16_session3_natural,8,178,13.933333333333334,0.6727503538131714,0.6289786469637093
COHFACE_s16_session3_natural,8,179,13.966666666666667,0.5258543491363525,0.6162815928145281
COHFACE_s16_session3_natural,8,180,14.0,0.468940794467926,0.5609832387659083
COHFACE_s16_session3_natural,8,181,14.033333333333333,0.4377196729183197,0.4780761976812297
COHFACE_s16_session3_natural,8,182,14.066666666666666,0.3641016483306885,0.38773549603597485
COHFACE_s16_session3_natural,8,183,14.1,0.225956991314888,0.3095252090953009
COHFACE_s16_session3_natural,8,184,14.133333333333333,0.04912593215703964,0.25705180673387895
COHFACE_s16_session3_natural,8,185,14.166666666666666,-0.11889462918043137,0.2352675092680962
COHFACE_s16_session3_natural,8,186,14.2,-0.27850380539894104,0.24101041225002284
COHFACE_s16_session3_natural,8,187,14.233333333333333,-0.4128049612045288,0.265619686891906
COHFACE_s16_session3_natural,8,188,14.266666666666667,-0.5181614756584167,0.297971912503787
COHFACE_s16_session3_natural,8,189,14.3,-0.6127561926841736,0.32684913488517026
COHFACE_s16_session3_natural,8,190,14.333333333333334,-0.6968256235122681,0.3423143319216227
COHFACE_s16_session3_natural,8,191,14.366666666666667,-0.771404504776001,0.33638499496656105
COHFACE_s16_session3_natural,8,192,14.4,-0.8469147086143494,0.30360726203892985
COHFACE_s16_session3_natural,8,193,14.433333333333334,-0.9109535217285156,0.24178614945549415
COHFACE_s16_session3_natural,8,194,14.466666666666667,-0.9687983393669128,0.15226824364664238
COHFACE_s16_session3_natural,8,195,14.5,-1.0362372398376465,0.03895755604714415
COHFACE_s16_session3_natural,8,196,14.533333333333333,-1.0948951244354248,-0.09367691983707481
COHFACE_s16_session3_natural,8,197,14.566666666666666,-1.1535530090332031,-0.2421444091615869
COHFACE_s16_session3_natural,8,198,14.6,-1.2081308364868164,-0.4036286515784456
COHFACE_s16_session3_natural,8,199,14.633333333333333,-1.2526564598083496,-0.5736327590757251
COHFACE_s16_session3_natural,8,200,14.666666666666666,-1.2241257429122925,-0.7427395422154659
COHFACE_s16_session3_natural,8,201,14.7,-0.9039465188980103,-0.8944127319383379
COHFACE_s16_session3_natural,8,202,14.733333333333333,-0.184766486287117,-1.0055749655652708
COHFACE_s16_session3_natural,8,203,14.766666666666667,0.5935444831848145,-1.0508006711540563
COHFACE_s16_session3_natural,8,204,14.8,1.064271092414856,-1.0097250438122594
COHFACE_s16_session3_natural,8,205,14.833333333333334,1.1980252265930176,-0.8757580941837241
COHFACE_s16_session3_natural,8,206,14.866666666666667,1.1472022533416748,-0.6626696227182264
COHFACE_s16_session3_natural,8,207,14.9,1.0063966512680054,-0.40496644196480336
COHFACE_s16_session3_natural,8,208,14.933333333333334,0.7885287404060364,-0.14943693046162293
COHFACE_s16_session3_natural,8,209,14.966666666666667,0.5759382247924805,0.06023716862479282
COHFACE_s16_session3_natural,8,210,15.0,0.4582972228527069,0.19817198758813653
COHFACE_s16_session3_natural,8,211,15.033333333333333,0.41649165749549866,0.2618306337820683
COHFACE_s16_session3_natural,8,212,15.066666666666666,0.38386616110801697,0.2668164094597712
COHFACE_s16_session3_natural,8,213,15.1,0.3099524974822998,0.236733339757721
COHFACE_s16_session3_natural,8,214,15.133333333333333,0.17730702459812164,0.19464447205577146
COHFACE_s16_session3_natural,8,215,15.166666666666666,0.008384715765714645,0.15857235076394077
COHFACE_s16_session3_natural,8,216,15.2,-0.15716712176799774,0.14010394485466182
COHFACE_s16_session3_natural,8,217,15.233333333333333,-0.30759623646736145,0.1444679175440096
COHFACE_s16_session3_natural,8,218,15.266666666666667,-0.44177910685539246,0.1714666415073836
COHFACE_s16_session3_natural,8,219,15.3,-0.5560792088508606,0.21726913849660628
COHFACE_s16_session3_natural,8,220,15.333333333333334,-0.6413903832435608,0.27628156858547687
COHFACE_s16_session3_natural,8,221,15.366666666666667,-0.7141805291175842,0.3418284036650575
COHFACE_s16_session3_natural,8,222,15.4,-0.7742723822593689,0.4056830449145485
COHFACE_s16_session3_natural,8,223,15.433333333333334,-0.8482747077941895,0.45794015369642477
COHFACE_s16_session3_natural,8,224,15.466666666666667,-0.9174727201461792,0.48836971387572503
COHFACE_s16_session3_natural,8,225,15.5,-0.9692714214324951,0.48893073001160936
COHFACE_s16_session3_natural,8,226,15.533333333333333,-1.0242927074432373,0.4561640237534385
COHFACE_s16_session3_natural,8,227,15.566666666666666,-1.0858776569366455,0.39216052445593796
COHFACE_s16_session3_natural,8,228,15.6,-1.1360650062561035,0.30344406961971104
COHFACE_s16_session3_natural,8,229,15.633333333333333,-1.1938951015472412,0.19819470460817584
COHFACE_s16_session3_natural,8,230,15.666666666666666,-1.229077935218811,0.08335102186533083
COHFACE_s16_session3_natural,8,231,15.7,-1.1185474395751953,-0.03653811733022281
COHFACE_s16_session3_natural,8,232,15.733333333333333,-0.6046700477600098,-0.15777788251741673
COHFACE_s16_session3_natural,8,233,15.766666666666667,0.2693147659301758,-0.2741185518151795
COHFACE_s16_session3_natural,8,234,15.8,1.0514987707138062,-0.3738226083446602
COHFACE_s16_session3_natural,8,235,15.833333333333334,1.4675884246826172,-0.43990820071991527
COHFACE_s16_session3_natural,8,236,15.866666666666667,1.5844902992248535,-0.45492513698632936
COHFACE_s16_session3_natural,8,237,15.9,1.5595961809158325,-0.4088636904307073
COHFACE_s16_session3_natural,8,238,15.933333333333334,1.4543726444244385,-0.3060439488419003
COHFACE_s16_session3_natural,8,239,15.966666666666667,1.2615466117858887,-0.1665218789627032
COHFACE_s16_session3_natural,9,0,9.0,-0.3816577196121216,-0.011039175725170304
COHFACE_s16_session3_natural,9,1,9.033333333333333,-0.4862603545188904,-0.5533328923543023
COHFACE_s16_session3_natural,9,2,9.066666666666666,-0.5859403610229492,-1.020978133067331
COHFACE_s16_session3_natural,9,3,9.1,-0.67448890209198,-1.3560960498115442
COHFACE_s16_session3_natural,9,4,9.133333333333333,-0.761248767375946,-1.5340590847079663
COHFACE_s16_session3_natural,9,5,9.166666666666666,-0.8413268327713013,-1.5671845882495896
COHFACE_s16_session3_natural,9,6,9.2,-0.9192910194396973,-1.496897379660216
COHFACE_s16_session3_natural,9,7,9.233333333333333,-0.9823541045188904,-1.3787073648485169
COHFACE_s16_session3_natural,9,8,9.266666666666667,-1.043850302696228,-1.2661368110489089
COHFACE_s16_session3_natural,9,9,9.3,-1.1091899871826172,-1.1978981135366302
COHFACE_s16_session3_natural,9,10,9.333333333333334,-1.1726818084716797,-1.1901387072447904
COHFACE_s16_session3_natural,9,11,9.366666666666667,-1.2230170965194702,-1.2341615774287342
COHFACE_s16_session3_natural,9,12,9.4,-1.1955358982086182,-1.2997366929165768
COHFACE_s16_session3_natural,9,13,9.433333333333334,-0.8470625281333923,-1.3436457905123365
COHFACE_s16_session3_natural,9,14,9.466666666666667,-0.0548853874206543,-1.3215804114493208
COHFACE_s16_session3_natural,9,15,9.5,0.8388048410415649,-1.2000496002554375
COHFACE_s16_session3_natural,9,16,9.533333333333333,1.4506030082702637,-0.9649646445463274
COHFACE_s16_session3_natural,9,17,9.566666666666666,1.7250592708587646,-0.6249251233250085
COHFACE_s16_session3_natural,9,18,9.6,1.7944642305374146,-0.20898353260610658
COHFACE_s16_session3_natural,9,19,9.633333333333333,1.7731328010559082,0.23995456849294705
COHFACE_s16_session3_natural,9,20,9.666666666666666,1.6627944707870483,0.6742429220713263
COHFACE_s16_session3_natural,9,21,9.7,1.4416298866271973,1.0510391782715673
COHFACE_s16_session3_natural,9,22,9.733333333333333,1.195290446281433,1.34016468099388
COHFACE_s16_session3_natural,9,23,9.766666666666667,1.0239289999008179,1.5284292050903678
COHFACE_s16_session3_natural,9,24,9.8,0.9202724695205688,1.6194117236942875
COHFACE_s16_session3_natural,9,25,9.833333333333334,0.8162611126899719,1.6291776849935697
COHFACE_s16_session3_natural,9,26,9.866666666666667,0.6645163893699646,1.5800007753261431
COHFACE_s16_session3_natural,9,27,9.9,0.47186776995658875,1.4945007160829837
COHFACE_s16_session3_natural,9,28,9.933333333333334,0.25704509019851685,1.3912647539315195
COHFACE_s16_session3_natural,9,29,9.966666666666667,0.06615564227104187,1.281796218796755
COHFACE_s16_session3_natural,9,30,10.0,-0.09494660049676895,1.1689586128719918
COHFACE_s16_session3_natural,9,31,10.033333333333333,-0.2511853277683258,1.0475768240460779
COHFACE_s16_session3_natural,9,32,10.066666666666666,-0.3875264823436737,0.907033342459196
COHFACE_s16_session3_natural,9,33,10.1,-0.5063205361366272,0.7347154157447253
COHFACE_s16_session3_natural,9,34,10.133333333333333,-0.6040492057800293,0.5194822100007398
COHFACE_s16_session3_natural,9,35,10.166666666666666,-0.7034039497375488,0.2551876819290207
COHFACE_s16_session3_natural,9,36,10.2,-0.8001717329025269,-0.055655245723660776
COHFACE_s16_session3_natural,9,37,10.233333333333333,-0.8918837904930115,-0.3989117043064985
COHFACE_s16_session3_natural,9,38,10.266666666666667,-0.9701288342475891,-0.7483869767537793
COHFACE_s16_session3_natural,9,39,10.3,-1.0411598682403564,-1.0693605928680912
COHFACE_s16_session3_natural,9,40,10.333333333333334,-1.1145117282867432,-1.3254599734338834
COHFACE_s16_session3_natural,9,41,10.366666666666667,-1.175682783126831,-1.486319927293957
COHFACE_s16_session3_natural,9,42,10.4,-1.237533688545227,-1.5334719092510998
COHFACE_s16_session3_natural,9,43,10.433333333333334,-1.2764122486114502,-1.4632127368351175
COHFACE_s16_session3_natural,9,44,10.466666666666667,-1.1192275285720825,-1.286436959558782
COHFACE_s16_session3_natural,9,45,10.5,-0.5237936973571777,-1.0262940426657068
COHFACE_s16_session3_natural,9,46,10.533333333333333,0.38649749755859375,-0.7150390479687568
COHFACE_s16_session3_natural,9,47,10.566666666666666,1.1734415292739868,-0.39091728007283777
COHFACE_s16_session3_natural,9,48,10.6,1.6147652864456177,-0.09443875923230793
COHFACE_s16_session3_natural,9,49,10.633333333333333,1.775586724281311,0.1370997767728493
COHFACE_s16_session3_natural,9,50,10.666666666666666,1.8010129928588867,0.27632510695367385
COHFACE_s16_session3_natural,9,51,10.7,1.7467455863952637,0.31130866056604184
COHFACE_s16_session3_natural,9,52,10.733333333333333,1.564696192741394,0.24762261410801117
COHFACE_s16_session3_natural,9,53,10.766666666666667,1.3031305074691772,0.10658934551042505
COHFACE_s16_session3_natural,9,54,10.8,1.0836511850357056,-0.07868270151768651
COHFACE_s16_session3_natural,9,55,10.833333333333334,0.9358534812927246,-0.2676408620615277
COHFACE_s16_session3_natural,9,56,10.866666666666667,0.8184046149253845,-0.4168583265092866
COHFACE_s16_session3_natural,9,57,10.9,0.6854487061500549,-0.48631227830631113
COHFACE_s16_session3_natural,9,58,10.933333333333334,0.4986984431743622,-0.4482875220438166
COHFACE_s16_session3_natural,9,59,10.966666666666667,0.2890497148036957,-0.2969434735084453
COHFACE_s16_session3_natural,9,60,11.0,0.0788983553647995,-0.05348995115569346
COHFACE_s16_session3_natural,9,61,11.033333333333333,-0.11205022037029266,0.23777504659097126
COHFACE_s16_session3_natural,9,62,11.066666666666666,-0.2777498960494995,0.5223741737745663
COHFACE_s16_session3_natural,9,63,11.1,-0.42343372106552124,0.7519010911089833
COHFACE_s16_session3_natural,9,64,11.133333333333333,-0.5499887466430664,0.8967026834823192
COHFACE_s16_session3_natural,9,65,11.166666666666666,-0.6592774987220764,0.9507655616300066
COHFACE_s16_session3_natural,9,66,11.2,-0.7598592042922974,0.9285479729771171
COHFACE_s16_session3_natural,9,67,11.233333333333333,-0.8636783361434937,0.8565273903468893
COHFACE_s16_session3_natural,9,68,11.266666666666667,-0.9717992544174194,0.7632786930788217
COHFACE_s16_session3_natural,9,69,11.3,-1.0595200061798096,0.6712696859026298
COHFACE_s16_session3_natural,9,70,11.333333333333334,-1.1268553733825684,0.5922052599747598
COHFACE_s16_session3_natural,9,71,11.366666666666667,-1.195328950881958,0.5263799070359931
COHFACE_s16_session3_natural,9,72,11.4,-1.2561599016189575,0.4654362299670905
COHFACE_s16_session3_natural,9,73,11.433333333333334,-1.3230518102645874,0.39717969930474767
COHFACE_s16_session3_natural,9,74,11.466666666666667,-1.3908158540725708,0.310664121661943
COHFACE_s16_session3_natural,9,75,11.5,-1.3850358724594116,0.19990914592129622
COHFACE_s16_session3_natural,9,76,11.533333333333333,-1.105923056602478,0.06542861542459391
COHFACE_s16_session3_natural,9,77,11.566666666666666,-0.39377957582473755,-0.08628707192320315
COHFACE_s16_session3_natural,9,78,11.6,0.5065924525260925,-0.2446598140124156
COHFACE_s16_session3_natural,9,79,11.633333333333333,1.1934278011322021,-0.39757985843869853
COHFACE_s16_session3_natural,9,80,11.666666666666666,1.5202888250350952,-0.5341144167175658
COHFACE_s16_session3_natural,9,81,11.7,1.6040774583816528,-0.646914206015763
COHFACE_s16_session3_natural,9,82,11.733333333333333,1.601652979850769,-0.7336868227978627
COHFACE_s16_session3_natural,9,83,11.766666666666667,1.5121879577636719,-0.7970145334780311
COHFACE_s16_session3_natural,9,84,11.8,1.2978531122207642,-0.8421575850992479
COHFACE_s16_session3_natural,9,85,11.833333333333334,1.0587718486785889,-0.8733021335902584
COHFACE_s16_session3_natural,9,86,11.866666666666667,0.8825764656066895,-0.8896476210588738
COHFACE_s16_session3_natural,9,87,11.9,0.7663841843605042,-0.8832724386445764
COHFACE_s16_session3_natural,9,88,11.933333333333334,0.6654329299926758,-0.8404315906105733
COHFACE_s16_session3_natural,9,89,11.966666666666667,0.5177385807037354,-0.746714034135535
COHFACE_s16_session3_natural,9,90,12.0,0.3314613699913025,-0.5946080003354397
COHFACE_s16_session3_natural,9,91,12.033333333333333,0.13233794271945953,-0.3901432850250433
COHFACE_s16_session3_natural,9,92,12.066666666666666,-0.06159674748778343,-0.15454645343608303
COHFACE_s16_session3_natural,9,93,12.1,-0.23912259936332703,0.08124436921822314
COHFACE_s16_session3_natural,9,94,12.133333333333333,-0.39163607358932495,0.2870513905551614
COHFACE_s16_session3_natural,9,95,12.166666666666666,-0.5220198035240173,0.44351321056066284
COHFACE_s16_session3_natural,9,96,12.2,-0.6324024796485901,0.5469919985823561
COHFACE_s16_session3_natural,9,97,12.233333333333333,-0.7325998544692993,0.6078457235904902
COHFACE_s16_session3_natural,9,98,12.266666666666667,-0.8249328136444092,0.6435979216626455
COHFACE_s16_session3_natural,9,99,12.3,-0.912638783454895,0.6702806556846047
COHFACE_s16_session3_natural,9,100,12.333333333333334,-0.9884150624275208,0.6956537451660013
COHFACE_s16_session3_natural,9,101,12.366666666666667,-1.0713313817977905,0.7169334362997525
COHFACE_s16_session3_natural,9,102,12.4,-1.1398789882659912,0.7233651634918233
COHFACE_s16_session3_natural,9,103,12.433333333333334,-1.2000150680541992,0.7016917688404406
COHFACE_s16_session3_natural,9,104,12.466666666666667,-1.2624130249023438,0.6416042828269388
COHFACE_s16_session3_natural,9,105,12.5,-1.3220614194869995,0.5390342944826271
COHFACE_s16_session3_natural,9,106,12.533333333333333,-1.3790931701660156,0.396969972390309
COHFACE_s16_session3_natural,9,107,12.566666666666666,-1.343998908996582,0.22474091469828292
COHFACE_s16_session3_natural,9,108,12.6,-0.9826202392578125,0.036494351415247546
COHFACE_s16_session3_natural,9,109,12.633333333333333,-0.21428760886192322,-0.15106052299012665
COHFACE_s16_session3_natural,9,110,12.666666666666666,0.6374639868736267,-0.3213887327463336
COHFACE_s16_session3_natural,9,111,12.7,1.2051209211349487,-0.4605328387879384
COHFACE_s16_session3_natural,9,112,12.733333333333333,1.4355099201202393,-0.5583731214381608
COHFACE_s16_session3_natural,9,113,12.766666666666667,1.4711657762527466,-0.608581225947365
COHFACE_s16_session3_natural,9,114,12.8,1.4093000888824463,-0.6078800094462032
COHFACE_s16_session3_natural,9,115,12.833333333333334,1.2468082904815674,-0.5555448817425261
COHFACE_s16_session3_natural,9,116,12.866666666666667,1.0051254034042358,-0.45371609468376983
COHFACE_s16_session3_natural,9,117,12.9,0.8009757995605469,-0.3084313578097969
COHFACE_s16_session3_natural,9,118,12.933333333333334,0.687518298625946,-0.1308081839849697
COHFACE_s16_session3_natural,9,119,12.966666666666667,0.6228882074356079,0.062498514397003976
COHFACE_s16_session3_natural,9,120,13.0,0.5237108469009399,0.2505119220754061
COHFACE_s16_session3_natural,9,121,13.033333333333333,0.3674721121788025,0.4110174773044915
COHFACE_s16_session3_natural,9,122,13.066666666666666,0.17914007604122162,0.5242534075475834
COHFACE_s16_session3_natural,9,123,13.1,-0.011926760897040367,0.5755913891561231
COHFACE_s16_session3_natural,9,124,13.133333333333333,-0.18188385665416718,0.557173827452667
COHFACE_s16_session3_natural,9,125,13.166666666666666,-0.33457472920417786,0.4695843186700364
COHFACE_s16_session3_natural,9,126,13.2,-0.46924543380737305,0.3233364067296666
COHFACE_s16_session3_natural,9,127,13.233333333333333,-0.5709949731826782,0.1383403678044286
COHFACE_s16_session3_natural,9,128,13.266666666666667,-0.6730993390083313,-0.059858078294501564
COHFACE_s16_session3_natural,9,129,13.3,-0.7585731148719788,-0.24597642525597455
COHFACE_s16_session3_natural,9,130,13.333333333333334,-0.8314963579177856,-0.400216345820066
COHFACE_s16_session3_natural,9,131,13.366666666666667,-0.9143092036247253,-0.5104687387760788
COHFACE_s16_session3_natural,9,132,13.4,-0.989982008934021,-0.5716561437408882
COHFACE_s16_session3_natural,9,133,13.433333333333334,-1.0552477836608887,-0.5843831454887414
COHFACE_s16_session3_natural,9,134,13.466666666666667,-1.1211344003677368,-0.5545705671216639
COHFACE_s16_session3_natural,9,135,13.5,-1.1788166761398315,-0.4937179903281614
COHFACE_s16_session3_natural,9,136,13.533333333333333,-1.2294622659683228,-0.4180601661353295
COHFACE_s16_session3_natural,9,137,13.566666666666666,-1.2818819284439087,-0.34527995235866343
COHFACE_s16_session3_natural,9,138,13.6,-1.3282700777053833,-0.28929851407287416
COHFACE_s16_session3_natural,9,139,13.633333333333333,-1.3163700103759766,-0.255427617430464
COHFACE_s16_session3_natural,9,140,13.666666666666666,-1.0039368867874146,-0.23840198165904308
COHFACE_s16_session3_natural,9,141,13.7,-0.27885860204696655,-0.22450140968345028
COHFACE_s16_session3_natural,9,142,13.733333333333333,0.5323439240455627,-0.19702739314856685
COHFACE_s16_session3_natural,9,143,13.766666666666667,1.061861515045166,-0.142810911632922
COHFACE_s16_session3_natural,9,144,13.8,1.2411316633224487,-0.05697021947652734
COHFACE_s16_session3_natural,9,145,13.833333333333334,1.2150254249572754,0.05587183061226624
COHFACE_s16_session3_natural,9,146,13.866666666666667,1.1012722253799438,0.18375319827092262
COHFACE_s16_session3_natural,9,147,13.9,0.8991183638572693,0.3112475834081214
COHFACE_s16_session3_natural,9,148,13.933333333333334,0.6727503538131714,0.42330467147816353
COHFACE_s16_session3_natural,9,149,13.966666666666667,0.5258543491363525,0.5081970194335497
COHFACE_s16_session3_natural,9,150,14.0,0.468940794467926,0.5594838381632314
COHFACE_s16_session3_natural,9,151,14.033333333333333,0.4377196729183197,0.5770140962633012
COHFACE_s16_session3_natural,9,152,14.066666666666666,0.3641016483306885,0.5666448800223894
COHFACE_s16_session3_natural,9,153,14.1,0.225956991314888,0.5383625979379183
COHFACE_s16_session3_natural,9,154,14.133333333333333,0.04912593215703964,0.5032722111026126
COHFACE_s16_session3_natural,9,155,14.166666666666666,-0.11889462918043137,0.47061245707425065
COHFACE_s16_session3_natural,9,156,14.2,-0.27850380539894104,0.4457258819409668
COHFACE_s16_session3_natural,9,157,14.233333333333333,-0.4128049612045288,0.4292140086419304
COHFACE_s16_session3_natural,9,158,14.266666666666667,-0.5181614756584167,0.4171399670736871
COHFACE_s16_session3_natural,9,159,14.3,-0.6127561926841736,0.4021770079109568
COHFACE_s16_session3_natural,9,160,14.333333333333334,-0.6968256235122681,0.37567893972918226
COHFACE_s16_session3_natural,9,161,14.366666666666667,-0.771404504776001,0.3304482021505834
COHFACE_s16_session3_natural,9,162,14.4,-0.8469147086143494,0.26345775475286004
COHFACE_s16_session3_natural,9,163,14.433333333333334,-0.9109535217285156,0.17729705633711262
COHFACE_s16_session3_natural,9,164,14.466666666666667,-0.9687983393669128,0.07919200103471223
COHFACE_s16_session3_natural,9,165,14.5,-1.0362372398376465,-0.02251254533750227
COHFACE_s16_session3_natural,9,166,14.533333333333333,-1.0948951244354248,-0.12282313997874694
COHFACE_s16_session3_natural,9,167,14.566666666666666,-1.1535530090332031,-0.22287462672528358
COHFACE_s16_session3_natural,9,168,14.6,-1.2081308364868164,-0.32900342028863805
COHFACE_s16_session3_natural,9,169,14.633333333333333,-1.2526564598083496,-0.44811252110794264
COHFACE_s16_session3_natural,9,170,14.666666666666666,-1.2241257429122925,-0.5814756141320466
COHFACE_s16_session3_natural,9,171,14.7,-0.9039465188980103,-0.7201357672926483
COHFACE_s16_session3_natural,9,172,14.733333333333333,-0.184766486287117,-0.8443722106740162
COHFACE_s16_session3_natural,9,173,14.766666666666667,0.5935444831848145,-0.928080278146133
COHFACE_s16_session3_natural,9,174,14.8,1.064271092414856,-0.9472623964368111
COHFACE_s16_session3_natural,9,175,14.833333333333334,1.1980252265930176,-0.8901781150218868
COHFACE_s16_session3_natural,9,176,14.866666666666667,1.1472022533416748,-0.765111856265057
COHFACE_s16_session3_natural,9,177,14.9,1.0063966512680054,-0.6012281759339027
COHFACE_s16_session3_natural,9,178,14.933333333333334,0.7885287404060364,-0.43989118919317544
COHFACE_s16_session3_natural,9,179,14.966666666666667,0.5759382247924805,-0.3186889537640166
COHFACE_s16_session3_natural,9,180,15.0,0.4582972228527069,-0.25608321412582824
COHFACE_s16_session3_natural,9,181,15.033333333333333,0.41649165749549866,-0.24540273323883222
COHFACE_s16_session3_natural,9,182,15.066666666666666,0.38386616110801697,-0.26035755743454175
COHFACE_s16_session3_natural,9,183,15.1,0.3099524974822998,-0.26677399241568617
COHFACE_s16_session3_natural,9,184,15.133333333333333,0.17730702459812164,-0.2337613342045015
COHFACE_s16_session3_natural,9,185,15.166666666666666,0.008384715765714645,-0.14096472813155242
COHFACE_s16_session3_natural,9,186,15.2,-0.15716712176799774,0.017848293456427574
COHFACE_s16_session3_natural,9,187,15.233333333333333,-0.30759623646736145,0.23369269662044787
COHFACE_s16_session3_natural,9,188,15.266666666666667,-0.44177910685539246,0.48402040281929376
COHFACE_s16_session3_natural,9,189,15.3,-0.5560792088508606,0.7379756824694217
COHFACE_s16_session3_natural,9,190,15.333333333333334,-0.6413903832435608,0.9639342678398812
COHFACE_s16_session3_natural,9,191,15.366666666666667,-0.7141805291175842,1.1360184462896685
COHFACE_s16_session3_natural,9,192,15.4,-0.7742723822593689,1.2374717410972174
COHFACE_s16_session3_natural,9,193,15.433333333333334,-0.8482747077941895,1.2613608530058658
COHFACE_s16_session3_natural,9,194,15.466666666666667,-0.9174727201461792,1.2100697423369249
COHFACE_s16_session3_natural,9,195,15.5,-0.9692714214324951,1.0943700871455013
COHFACE_s16_session3_natural,9,196,15.533333333333333,-1.0242927074432373,0.9318747885617961
COHFACE_s16_session3_natural,9,197,15.566666666666666,-1.0858776569366455,0.7442411078652114
COHFACE_s16_session3_natural,9,198,15.6,-1.1360650062561035,0.5528287659569763
COHFACE_s16_session3_natural,9,199,15.633333333333333,-1.1938951015472412,0.373496287129095
COHFACE_s16_session3_natural,9,200,15.666666666666666,-1.229077935218811,0.21228804348870348
COHFACE_s16_session3_natural,9,201,15.7,-1.1185474395751953,0.0640914889460248
COHFACE_s16_session3_natural,9,202,15.733333333333333,-0.6046700477600098,-0.08455543418563588
COHFACE_s16_session3_natural,9,203,15.766666666666667,0.2693147659301758,-0.2490534893465709
COHFACE_s16_session3_natural,9,204,15.8,1.0514987707138062,-0.4389564792045131
COHFACE_s16_session3_natural,9,205,15.833333333333334,1.4675884246826172,-0.6519018204453267
COHFACE_s16_session3_natural,9,206,15.866666666666667,1.5844902992248535,-0.8718841011747878
COHFACE_s16_session3_natural,9,207,15.9,1.5595961809158325,-1.0725886949071894
COHFACE_s16_session3_natural,9,208,15.933333333333334,1.4543726444244385,-1.2239888316704275
COHFACE_s16_session3_natural,9,209,15.966666666666667,1.2615466117858887,-1.299315998958346
COHFACE_s16_session3_natural,9,210,16.0,1.0434718132019043,-1.280751218857072
COHFACE_s16_session3_natural,9,211,16.033333333333335,0.8948017954826355,-1.1636907772255747
COHFACE_s16_session3_natural,9,212,16.066666666666666,0.8092688918113708,-0.9591813273194321
COHFACE_s16_session3_natural,9,213,16.1,0.7417265772819519,-0.6930441255251711
COHFACE_s16_session3_natural,9,214,16.133333333333333,0.6320091485977173,-0.40040966144387835
COHFACE_s16_session3_natural,9,215,16.166666666666668,0.4746321439743042,-0.11673819389433678
COHFACE_s16_session3_natural,9,216,16.2,0.2923906147480011,0.13049562015951274
COHFACE_s16_session3_natural,9,217,16.233333333333334,0.11786564439535141,0.32519082811329375
COHFACE_s16_session3_natural,9,218,16.266666666666666,-0.050701871514320374,0.4610949466950928
COHFACE_s16_session3_natural,9,219,16.3,-0.20342230796813965,0.5391104351615033
COHFACE_s16_session3_natural,9,220,16.333333333333332,-0.32740509510040283,0.5659912522089425
COHFACE_s16_session3_natural,9,221,16.366666666666667,-0.4329981505870819,0.5536074853949867
COHFACE_s16_session3_natural,9,222,16.4,-0.533816397190094,0.5169003523947855
COHFACE_s16_session3_natural,9,223,16.433333333333334,-0.6182553768157959,0.4702162412929269
COHFACE_s16_session3_natural,9,224,16.466666666666665,-0.7055031061172485,0.4236753197587331
COHFACE_s16_session3_natural,9,225,16.5,-0.7892177104949951,0.3816168173818048
COHFACE_s16_session3_natural,9,226,16.533333333333335,-0.8643435835838318,0.3435511646714512
COHFACE_s16_session3_natural,9,227,16.566666666666666,-0.938538134098053,0.30624761803500733
COHFACE_s16_session3_natural,9,228,16.6,-1.0027986764907837,0.2654456615654238
COHFACE_s16_session3_natural,9,229,16.633333333333333,-1.054272174835205,0.21690683808972883
COHFACE_s16_session3_natural,9,230,16.666666666666668,-1.1110378503799438,0.1576280170239531
COHFACE_s16_session3_natural,9,231,16.7,-1.1765992641448975,0.08775594081539251
COHFACE_s16_session3_natural,9,232,16.733333333333334,-1.1655417680740356,0.01218486548879801
COHFACE_s16_session3_natural,9,233,16.766666666666666,-0.865260124206543,-0.05997844152182217
COHFACE_s16_session3_natural,9,234,16.8,-0.10306231677532196,-0.11850109051413785
COHFACE_s16_session3_natural,9,235,16.833333333333332,0.8515918850898743,-0.1559536105981697
COHFACE_s16_session3_natural,9,236,16.866666666666667,1.5548509359359741,-0.17010096797898072
COHFACE_s16_session3_natural,9,237,16.9,1.8801006078720093,-0.16357209509121226
COHFACE_s16_session3_natural,9,238,16.933333333333334,1.964169979095459,-0.14162994910252716
COHFACE_s16_session3_natural,9,239,16.966666666666665,1.9507029056549072,-0.10998839058280498
COHFACE_s16_session3_natural,10,0,10.0,-0.09494660049676895,0.051367704574299906
COHFACE_s16_session3_natural,10,1,10.033333333333333,-0.2511853277683258,-0.3584838218386019
COHFACE_s16_session3_natural,10,2,10.066666666666666,-0.3875264823436737,-0.6870118194497756
COHFACE_s16_session3_natural,10,3,10.1,-0.5063205361366272,-0.8800966447726151
COHFACE_s16_session3_natural,10,4,10.133333333333333,-0.6040492057800293,-0.9284613744477404
COHFACE_s16_session3_natural,10,5,10.166666666666666,-0.7034039497375488,-0.8677022031187392
COHFACE_s16_session3_natural,10,6,10.2,-0.8001717329025269,-0.7601409570952617
COHFACE_s16_session3_natural,10,7,10.233333333333333,-0.8918837904930115,-0.6671735436757815
COHFACE_s16_session3_natural,10,8,10.266666666666667,-0.9701288342475891,-0.6254297796180553
COHFACE_s16_session3_natural,10,9,10.3,-1.0411598682403564,-0.6370636241236214
COHFACE_s16_session3_natural,10,10,10.333333333333334,-1.1145117282867432,-0.6760006582183539
COHFACE_s16_session3_natural,10,11,10.366666666666667,-1.175682783126831,-0.7039752492410736
COHFACE_s16_session3_natural,10,12,10.4,-1.237533688545227,-0.6875920863065863
COHFACE_s16_session3_natural,10,13,10.433333333333334,-1.2764122486114502,-0.6098434693012358
COHFACE_s16_session3_natural,10,14,10.466666666666667,-1.1192275285720825,-0.473381964509496
COHFACE_s16_session3_natural,10,15,10.5,-0.5237936973571777,-0.29652626518163383
COHFACE_s16_session3_natural,10,16,10.533333333333333,0.38649749755859375,-0.1054775060063966
COHFACE_s16_session3_natural,10,17,10.566666666666666,1.1734415292739868,0.07341806475646089
COHFACE_s16_session3_natural,10,18,10.6,1.6147652864456177,0.21919095910716777
COHFACE_s16_session3_natural,10,19,10.633333333333333,1.775586724281311,0.3191705024611145
COHFACE_s16_session3_natural,10,20,10.666666666666666,1.8010129928588867,0.36934230085820835
COHFACE_s16_session3_natural,10,21,10.7,1.7467455863952637,0.3721412229071949
COHFACE_s16_session3_natural,10,22,10.733333333333333,1.564696192741394,0.33253994175920154
COHFACE_s16_session3_natural,10,23,10.766666666666667,1.3031305074691772,0.2546961574980421
COHFACE_s16_session3_natural,10,24,10.8,1.0836511850357056,0.14191813014647103
COHFACE_s16_session3_natural,10,25,10.833333333333334,0.9358534812927246,0.0008841151843592765
COHFACE_s16_session3_natural,10,26,10.866666666666667,0.8184046149253845,-0.15266735920842678
COHFACE_s16_session3_natural,10,27,10.9,0.6854487061500549,-0.29182655282225084
COHFACE_s16_session3_natural,10,28,10.933333333333334,0.4986984431743622,-0.3832123282843509
COHFACE_s16_session3_natural,10,29,10.966666666666667,0.2890497148036957,-0.39730346656407894
COHFACE_s16_session3_natural,10,30,11.0,0.0788983553647995,-0.3195508460108271
COHFACE_s16_session3_natural,10,31,11.033333333333333,-0.11205022037029266,-0.15667187190224477
COHFACE_s16_session3_natural,10,32,11.066666666666666,-0.2777498960494995,0.06499032964109476
COHFACE_s16_session3_natural,10,33,11.1,-0.42343372106552124,0.3080829436631484
COHFACE_s16_session3_natural,10,34,11.133333333333333,-0.5499887466430664,0.5355873951612671
COHFACE_s16_session3_natural,10,35,11.166666666666666,-0.6592774987220764,0.7198819809406063
COHFACE_s16_session3_natural,10,36,11.2,-0.7598592042922974,0.8464968329560059
COHFACE_s16_session3_natural,10,37,11.233333333333333,-0.8636783361434937,0.9126239852741257
COHFACE_s16_session3_natural,10,38,11.266666666666667,-0.9717992544174194,0.9226620978073811
COHFACE_s16_session3_natural,10,39,11.3,-1.0595200061798096,0.8836692541103804
COHFACE_s16_session3_natural,10,40,11.333333333333334,-1.1268553733825684,0.8027738926885052
COHFACE_s16_session3_natural,10,41,11.366666666666667,-1.195328950881958,0.6869133834533835
COHFACE_s16_session3_natural,10,42,11.4,-1.2561599016189575,0.5436426185387908
COHFACE_s16_session3_natural,10,43,11.433333333333334,-1.3230518102645874,0.38135071746949184
COHFACE_s16_session3_natural,10,44,11.466666666666667,-1.3908158540725708,0.2083766595350814
COHFACE_s16_session3_natural,10,45,11.5,-1.3850358724594116,0.031940613612463906
COHFACE_s16_session3_natural,10,46,11.533333333333333,-1.105923056602478,-0.14192694345167628
COHFACE_s16_session3_natural,10,47,11.566666666666666,-0.39377957582473755,-0.30723831101558474
COHFACE_s16_session3_natural,10,48,11.6,0.5065924525260925,-0.4567366705345908
COHFACE_s16_session3_natural,10,49,11.633333333333333,1.1934278011322021,-0.5819286288377873
COHFACE_s16_session3_natural,10,50,11.666666666666666,1.5202888250350952,-0.67509432033307
COHFACE_s16_session3_natural,10,51,11.7,1.6040774583816528,-0.7323785486673247
COHFACE_s16_session3_natural,10,52,11.733333333333333,1.601652979850769,-0.7560429569478377
COHFACE_s16_session3_natural,10,53,11.766666666666667,1.5121879577636719,-0.754180690383949
COHFACE_s16_session3_natural,10,54,11.8,1.2978531122207642,-0.737587992626751
COHFACE_s16_session3_natural,10,55,11.833333333333334,1.0587718486785889,-0.7150679282680459
COHFACE_s16_session3_natural,10,56,11.866666666666667,0.8825764656066895,-0.6892240346507458
COHFACE_s16_session3_natural,10,57,11.9,0.7663841843605042,-0.6546868639510592
COHFACE_s16_session3_natural,10,58,11.933333333333334,0.6654329299926758,-0.5999880239208679
COHFACE_s16_session3_natural,10,59,11.966666666666667,0.5177385807037354,-0.5130172926140442
COHFACE_s16_session3_natural,10,60,12.0,0.3314613699913025,-0.38828076137818307
COHFACE_s16_session3_natural,10,61,12.033333333333333,0.13233794271945953,-0.23248963677729823
COHFACE_s16_session3_natural,10,62,12.066666666666666,-0.06159674748778343,-0.06451432464272097
COHFACE_s16_session3_natural,10,63,12.1,-0.23912259936332703,0.09174360747289297
COHFACE_s16_session3_natural,10,64,12.133333333333333,-0.39163607358932495,0.2179073848523269
COHFACE_s16_session3_natural,10,65,12.166666666666666,-0.5220198035240173,0.3084886843908053
COHFACE_s16_session3_natural,10,66,12.2,-0.6324024796485901,0.37102310712447223
COHFACE_s16_session3_natural,10,67,12.233333333333333,-0.7325998544692993,0.4200464677730219
COHFACE_s16_session3_natural,10,68,12.266666666666667,-0.8249328136444092,0.4689562204496223
COHFACE_s16_session3_natural,10,69,12.3,-0.912638783454895,0.5237821546388226
COHFACE_s16_session3_natural,10,70,12.333333333333334,-0.9884150624275208,0.5812224264991799
COHFACE_s16_session3_natural,10,71,12.366666666666667,-1.0713313817977905,0.6311291716407321
COHFACE_s16_session3_natural,10,72,12.4,-1.1398789882659912,0.6617524109399436
COHFACE_s16_session3_natural,10,73,12.433333333333334,-1.2000150680541992,0.6650327763598401
COHFACE_s16_session3_natural,10,74,12.466666666666667,-1.2624130249023438,0.6393766775447868
COHFACE_s16_session3_natural,10,75,12.5,-1.3220614194869995,0.5887208478266545
COHFACE_s16_session3_natural,10,76,12.533333333333333,-1.3790931701660156,0.5187867208237004
COHFACE_s16_session3_natural,10,77,12.566666666666666,-1.343998908996582,0.43297407380452074
COHFACE_s16_session3_natural,10,78,12.6,-0.9826202392578125,0.3303394796990708
COHFACE_s16_session3_natural,10,79,12.633333333333333,-0.21428760886192322,0.20673152289681093
COHFACE_s16_session3_natural,10,80,12.666666666666666,0.6374639868736267,0.0583740311976279
COHFACE_s16_session3_natural,10,81,12.7,1.2051209211349487,-0.1139304882092018
COHFACE_s16_session3_natural,10,82,12.733333333333333,1.4355099201202393,-0.30177142747638597
COHFACE_s16_session3_natural,10,83,12.766666666666667,1.4711657762527466,-0.4884186076094307
COHFACE_s16_session3_natural,10,84,12.8,1.4093000888824463,-0.6509241465460133
COHFACE_s16_session3_natural,10,85,12.833333333333334,1.2468082904815674,-0.7646709713331563
COHFACE_s16_session3_natural,10,86,12.866666666666667,1.0051254034042358,-0.8088749310751717
COHFACE_s16_session3_natural,10,87,12.9,0.8009757995605469,-0.7712056531410727
COHFACE_s16_session3_natural,10,88,12.933333333333334,0.687518298625946,-0.6506837271822685
COHFACE_s16_session3_natural,10,89,12.966666666666667,0.6228882074356079,-0.45896653394608017
COHFACE_s16_session3_natural,10,90,13.0,0.5237108469009399,-0.2198585028986771
COHFACE_s16_session3_natural,10,91,13.033333333333333,0.3674721121788025,0.033636884638349705
COHFACE_s16_session3_natural,10,92,13.066666666666666,0.17914007604122162,0.2648584650416944
COHFACE_s16_session3_natural,10,93,13.1,-0.011926760897040367,0.4405263152035792
COHFACE_s16_session3_natural,10,94,13.133333333333333,-0.18188385665416718,0.5373416100851107
COHFACE_s16_session3_natural,10,95,13.166666666666666,-0.33457472920417786,0.5462284396235441
COHFACE_s16_session3_natural,10,96,13.2,-0.46924543380737305,0.47309483587895623
COHFACE_s16_session3_natural,10,97,13.233333333333333,-0.5709949731826782,0.3361858813438825
COHFACE_s16_session3_natural,10,98,13.266666666666667,-0.6730993390083313,0.1611949146680053
COHFACE_s16_session3_natural,10,99,13.3,-0.7585731148719788,-0.02414065988772853
COHFACE_s16_session3_natural,10,100,13.333333333333334,-0.8314963579177856,-0.19443034895927938
COHFACE_s16_session3_natural,10,101,13.366666666666667,-0.9143092036247253,-0.32937238750825454
COHFACE_s16_session3_natural,10,102,13.4,-0.989982008934021,-0.4153081199805616
COHFACE_s16_session3_natural,10,103,13.433333333333334,-1.0552477836608887,-0.44644672983630906
COHFACE_s16_session3_natural,10,104,13.466666666666667,-1.1211344003677368,-0.42589997396495144
COHFACE_s16_session3_natural,10,105,13.5,-1.1788166761398315,-0.3656377583461879
COHFACE_s16_session3_natural,10,106,13.533333333333333,-1.2294622659683228,-0.2842348826171608
COHFACE_s16_session3_natural,10,107,13.566666666666666,-1.2818819284439087,-0.20217648142812836
COHFACE_s16_session3_natural,10,108,13.6,-1.3282700777053833,-0.13601695608693337
COHFACE_s16_session3_natural,10,109,13.633333333333333,-1.3163700103759766,-0.09370494090634274
COHFACE_s16_session3_natural,10,110,13.666666666666666,-1.0039368867874146,-0.07305756072735974
COHFACE_s16_session3_natural,10,111,13.7,-0.27885860204696655,-0.06398872043641789
COHFACE_s16_session3_natural,10,112,13.733333333333333,0.5323439240455627,-0.0535186864700642
COHFACE_s16_session3_natural,10,113,13.766666666666667,1.061861515045166,-0.031460564941302276
COHFACE_s16_session3_natural,10,114,13.8,1.2411316633224487,0.00559569327057943
COHFACE_s16_session3_natural,10,115,13.833333333333334,1.2150254249572754,0.053577506367185355
COHFACE_s16_session3_natural,10,116,13.866666666666667,1.1012722253799438,0.10346761705681408
COHFACE_s16_session3_natural,10,117,13.9,0.8991183638572693,0.1455661578747969
COHFACE_s16_session3_natural,10,118,13.933333333333334,0.6727503538131714,0.17345948321938745
COHFACE_s16_session3_natural,10,119,13.966666666666667,0.5258543491363525,0.18625618730256185
COHFACE_s16_session3_natural,10,120,14.0,0.468940794467926,0.18874105918615572
COHFACE_s16_session3_natural,10,121,14.033333333333333,0.4377196729183197,0.1898350136267223
COHFACE_s16_session3_natural,10,122,14.066666666666666,0.3641016483306885,0.19979903114863093
COHFACE_s16_session3_natural,10,123,14.1,0.225956991314888,0.22676670243810046
COHFACE_s16_session3_natural,10,124,14.133333333333333,0.04912593215703964,0.2738960529469004
COHFACE_s16_session3_natural,10,125,14.166666666666666,-0.11889462918043137,0.3385623030666719
COHFACE_s16_session3_natural,10,126,14.2,-0.27850380539894104,0.4137321012547896
COHFACE_s16_session3_natural,10,127,14.233333333333333,-0.4128049612045288,0.4902302009624313
COHFACE_s16_session3_natural,10,128,14.266666666666667,-0.5181614756584167,0.5585109693225601
COHFACE_s16_session3_natural,10,129,14.3,-0.6127561926841736,0.6094916963800647
COHFACE_s16_session3_natural,10,130,14.333333333333334,-0.6968256235122681,0.634899713644347
COHFACE_s16_session3_natural,10,131,14.366666666666667,-0.771404504776001,0.6278084426590853
COHFACE_s16_session3_natural,10,132,14.4,-0.8469147086143494,0.5835717827960365
COHFACE_s16_session3_natural,10,133,14.433333333333334,-0.9109535217285156,0.5006853700767782
COHFACE_s16_session3_natural,10,134,14.466666666666667,-0.9687983393669128,0.38082699703637696
COHFACE_s16_session3_natural,10,135,14.5,-1.0362372398376465,0.22782374688637233
COHFACE_s16_session3_natural,10,136,14.533333333333333,-1.0948951244354248,0.0463048807531974
COHFACE_s16_session3_natural,10,137,14.566666666666666,-1.1535530090332031,-0.1586726740272612
COHFACE_s16_session3_natural,10,138,14.6,-1.2081308364868164,-0.38037974423521315
COHFACE_s16_session3_natural,10,139,14.633333333333333,-1.2526564598083496,-0.608136399251394
COHFACE_s16_session3_natural,10,140,14.666666666666666,-1.2241257429122925,-0.825424072865124
COHFACE_s16_session3_natural,10,141,14.7,-0.9039465188980103,-1.0098764209207465
COHFACE_s16_session3_natural,10,142,14.733333333333333,-0.184766486287117,-1.1360505881870597
COHFACE_s16_session3_natural,10,143,14.766666666666667,0.5935444831848145,-1.1810052699396087
COHFACE_s16_session3_natural,10,144,14.8,1.064271092414856,-1.1317719797233416
COHFACE_s16_session3_natural,10,145,14.833333333333334,1.1980252265930176,-0.992621978972372
COHFACE_s16_session3_natural,10,146,14.866666666666667,1.1472022533416748,-0.7887874469013018
COHFACE_s16_session3_natural,10,147,14.9,1.0063966512680054,-0.5631331618252691
COHFACE_s16_session3_natural,10,148,14.933333333333334,0.7885287404060364,-0.3643965012452952
COHFACE_s16_session3_natural,10,149,14.966666666666667,0.5759382247924805,-0.23022607092603517
COHFACE_s16_session3_natural,10,150,15.0,0.4582972228527069,-0.17310679656120428
COHFACE_s16_session3_natural,10,151,15.033333333333333,0.41649165749549866,-0.17724402134036507
COHFACE_s16_session3_natural,10,152,15.066666666666666,0.38386616110801697,-0.20764007073606283
COHFACE_s16_session3_natural,10,153,15.1,0.3099524974822998,-0.22505034641086852
COHFACE_s16_session3_natural,10,154,15.133333333333333,0.17730702459812164,-0.19888410822481667
COHFACE_s16_session3_natural,10,155,15.166666666666666,0.008384715765714645,-0.1138184129877595
COHFACE_s16_session3_natural,10,156,15.2,-0.15716712176799774,0.02949525561844066
COHFACE_s16_session3_natural,10,157,15.233333333333333,-0.30759623646736145,0.21711791716970344
COHFACE_s16_session3_natural,10,158,15.266666666666667,-0.44177910685539246,0.4263030136656087
COHFACE_s16_session3_natural,10,159,15.3,-0.5560792088508606,0.6313415251741947
COHFACE_s16_session3_natural,10,160,15.333333333333334,-0.6413903832435608,0.8095372446112143
COHFACE_s16_session3_natural,10,161,15.366666666666667,-0.7141805291175842,0.9451804695185482
COHFACE_s16_session3_natural,10,162,15.4,-0.7742723822593689,1.0306157831346805
COHFACE_s16_session3_natural,10,163,15.433333333333334,-0.8482747077941895,1.0654119198443504
COHFACE_s16_session3_natural,10,164,15.466666666666667,-0.9174727201461792,1.0550196701849024
COHFACE_s16_session3_natural,10,165,15.5,-0.9692714214324951,1.0093584610409378
COHFACE_s16_session3_natural,10,166,15.533333333333333,-1.0242927074432373,0.940876022220179
COHFACE_s16_session3_natural,10,167,15.566666666666666,-1.0858776569366455,0.8615695414862599
COHFACE_s16_session3_natural,10,168,15.6,-1.1360650062561035,0.7792335340056324
COHFACE_s16_session3_natural,10,169,15.633333333333333,-1.1938951015472412,0.6941215993777952
COHFACE_s16_session3_natural,10,170,15.666666666666666,-1.229077935218811,0.5975598789472599
COHFACE_s16_session3_natural,10,171,15.7,-1.1185474395751953,0.4737381230059152
COHFACE_s16_session3_natural,10,172,15.733333333333333,-0.6046700477600098,0.3050834879866825
COHFACE_s16_session3_natural,10,173,15.766666666666667,0.2693147659301758,0.08025639422448697
COHFACE_s16_session3_natural,10,174,15.8,1.0514987707138062,-0.1978498296056789
COHFACE_s16_session3_natural,10,175,15.833333333333334,1.4675884246826172,-0.5077478621147326
COHFACE_s16_session3_natural,10,176,15.866666666666667,1.5844902992248535,-0.8116525954007789
COHFACE_s16_session3_natural,10,177,15.9,1.5595961809158325,-1.0647879125715212
COHFACE_s16_session3_natural,10,178,15.933333333333334,1.4543726444244385,-1.2283470384025814
COHFACE_s16_session3_natural,10,179,15.966666666666667,1.2615466117858887,-1.2806401776690632
COHFACE_s16_session3_natural,10,180,16.0,1.0434718132019043,-1.222200073659522
COHFACE_s16_session3_natural,10,181,16.033333333333335,0.8948017954826355,-1.0737901670435939
COHFACE_s16_session3_natural,10,182,16.066666666666666,0.8092688918113708,-0.8689710009533029
COHFACE_s16_session3_natural,10,183,16.1,0.7417265772819519,-0.6442052705494862
COHFACE_s16_session3_natural,10,184,16.133333333333333,0.6320091485977173,-0.42967378664555933
COHFACE_s16_session3_natural,10,185,16.166666666666668,0.4746321439743042,-0.24368917106515292
COHFACE_s16_session3_natural,10,186,16.2,0.2923906147480011,-0.09282900949751427
COHFACE_s16_session3_natural,10,187,16.233333333333334,0.11786564439535141,0.022640961720693936
COHFACE_s16_session3_natural,10,188,16.266666666666666,-0.050701871514320374,0.10244303029790172
COHFACE_s16_session3_natural,10,189,16.3,-0.20342230796813965,0.14447028715893678
COHFACE_s16_session3_natural,10,190,16.333333333333332,-0.32740509510040283,0.1484798078165001
COHFACE_s16_session3_natural,10,191,16.366666666666667,-0.4329981505870819,0.12104366666885565
COHFACE_s16_session3_natural,10,192,16.4,-0.533816397190094,0.07677668299038476
COHFACE_s16_session3_natural,10,193,16.433333333333334,-0.6182553768157959,0.03427901565950474
COHFACE_s16_session3_natural,10,194,16.466666666666665,-0.7055031061172485,0.00925084414296673
COHFACE_s16_session3_natural,10,195,16.5,-0.7892177104949951,0.008962949362774992
COHFACE_s16_session3_natural,10,196,16.533333333333335,-0.8643435835838318,0.030839898098509524
COHFACE_s16_session3_natural,10,197,16.566666666666666,-0.938538134098053,0.06504890433136547
COHFACE_s16_session3_natural,10,198,16.6,-1.0027986764907837,0.09905240104245572
COHFACE_s16_session3_natural,10,199,16.633333333333333,-1.054272174835205,0.12197616014246987
COHFACE_s16_session3_natural,10,200,16.666666666666668,-1.1110378503799438,0.1277818259995916
COHFACE_s16_session3_natural,10,201,16.7,-1.1765992641448975,0.1171102150894922
COHFACE_s16_session3_natural,10,202,16.733333333333334,-1.1655417680740356,0.09743831383982192
COHFACE_s16_session3_natural,10,203,16.766666666666666,-0.865260124206543,0.08093790385623148
COHFACE_s16_session3_natural,10,204,16.8,-0.10306231677532196,0.08027103125249033
COHFACE_s16_session3_natural,10,205,16.833333333333332,0.8515918850898743,0.10382648056846525
COHFACE_s16_session3_natural,10,206,16.866666666666667,1.5548509359359741,0.15238648545577835
COHFACE_s16_session3_natural,10,207,16.9,1.8801006078720093,0.21870950066947328
COHFACE_s16_session3_natural,10,208,16.933333333333334,1.964169979095459,0.2903735145260638
COHFACE_s16_session3_natural,10,209,16.966666666666665,1.9507029056549072,0.3547221548988831
COHFACE_s16_session3_natural,10,210,17.0,1.8466176986694336,0.403482521245161
COHFACE_s16_session3_natural,10,211,17.033333333333335,1.6332288980484009,0.43474103874364217
COHFACE_s16_session3_natural,10,212,17.066666666666666,1.3966312408447266,0.451798089569202
COHFACE_s16_session3_natural,10,213,17.1,1.22361421585083,0.46034547915779656
COHFACE_s16_session3_natural,10,214,17.133333333333333,1.1125071048736572,0.4657684618212207
COHFACE_s16_session3_natural,10,215,17.166666666666668,1.0099149942398071,0.47141605965108024
COHFACE_s16_session3_natural,10,216,17.2,0.8680302500724792,0.4776269262097834
COHFACE_s16_session3_natural,10,217,17.233333333333334,0.6764460206031799,0.4810212656269
COHFACE_s16_session3_natural,10,218,17.266666666666666,0.4687042832374573,0.47416898179497835
COHFACE_s16_session3_natural,10,219,17.3,0.2628103494644165,0.4464262561013431
COHFACE_s16_session3_natural,10,220,17.333333333333332,0.07682877779006958,0.38662654576737887
COHFACE_s16_session3_natural,10,221,17.366666666666667,-0.07739949226379395,0.2873172500899171
COHFACE_s16_session3_natural,10,222,17.4,-0.2117597609758377,0.14894903019450348
COHFACE_s16_session3_natural,10,223,17.433333333333334,-0.33065730333328247,-0.0181981116022262
COHFACE_s16_session3_natural,10,224,17.466666666666665,-0.4355999231338501,-0.195864949850098
COHFACE_s16_session3_natural,10,225,17.5,-0.5413112640380859,-0.3631080281853379
COHFACE_s16_session3_natural,10,226,17.533333333333335,-0.6528026461601257,-0.5027399758578843
COHFACE_s16_session3_natural,10,227,17.566666666666666,-0.7379215955734253,-0.6060405787265286
COHFACE_s16_session3_natural,10,228,17.6,-0.8164474964141846,-0.6742146179099467
COHFACE_s16_session3_natural,10,229,17.633333333333333,-0.8948403596878052,-0.7167791745387309
COHFACE_s16_session3_natural,10,230,17.666666666666668,-0.9664626717567444,-0.747592272618291
COHFACE_s16_session3_natural,10,231,17.7,-1.0344189405441284,-0.7791632741060232
COHFACE_s16_session3_natural,10,232,17.733333333333334,-1.1070612668991089,-0.8163770509440008
COHFACE_s16_session3_natural,10,233,17.766666666666666,-1.1562730073928833,-0.8517998205361189
COHFACE_s16_session3_natural,10,234,17.8,-1.0523356199264526,-0.8653411118817682
COHFACE_s16_session3_natural,10,235,17.833333333333332,-0.5280807018280029,-0.8299792775948627
COHFACE_s16_session3_natural,10,236,17.866666666666667,0.3879905343055725,-0.7223091858677445
COHFACE_s16_session3_natural,10,237,17.9,1.2689380645751953,-0.5336112261958523
COHFACE_s16_session3_natural,10,238,17.933333333333334,1.797745943069458,-0.2762193822641896
COHFACE_s16_session3_natural,10,239,17.966666666666665,1.9849250316619873,0.017840510442329323
COHFACE_s16_session3_natural,11,0,11.0,0.0788983553647995,0.07566677390977415
COHFACE_s16_session3_natural,11,1,11.033333333333333,-0.11205022037029266,-0.09999414241155748
COHFACE_s16_session3_natural,11,2,11.066666666666666,-0.2777498960494995,-0.2134897135341866
COHFACE_s16_session3_natural,11,3,11.1,-0.42343372106552124,-0.22407550838800433
COHFACE_s16_session3_natural,11,4,11.133333333333333,-0.5499887466430664,-0.1272376522333549
COHFACE_s16_session3_natural,11,5,11.166666666666666,-0.6592774987220764,0.04619630214592089
COHFACE_s16_session3_natural,11,6,11.2,-0.7598592042922974,0.2446048249451679
COHFACE_s16_session3_natural,11,7,11.233333333333333,-0.8636783361434937,0.41591022139044487
COHFACE_s16_session3_natural,11,8,11.266666666666667,-0.9717992544174194,0.5240825116222633
COHFACE_s16_session3_natural,11,9,11.3,-1.0595200061798096,0.5558970593448757
COHFACE_s16_session3_natural,11,10,11.333333333333334,-1.1268553733825684,0.5179804248244447
COHFACE_s16_session3_natural,11,11,11.366666666666667,-1.195328950881958,0.4285140782037085
COHFACE_s16_session3_natural,11,12,11.4,-1.2561599016189575,0.30856144050083256
COHFACE_s16_session3_natural,11,13,11.433333333333334,-1.3230518102645874,0.1760159289415483
COHFACE_s16_session3_natural,11,14,11.466666666666667,-1.3908158540725708,0.042983727300525965
COHFACE_s16_session3_natural,11,15,11.5,-1.3850358724594116,-0.08393214705542443
COHFACE_s16_session3_natural,11,16,11.533333333333333,-1.105923056602478,-0.20151442195230326
COHFACE_s16_session3_natural,11,17,11.566666666666666,-0.39377957582473755,-0.3071650463070866
COHFACE_s16_session3_natural,11,18,11.6,0.5065924525260925,-0.3967068505131529
COHFACE_s16_session3_natural,11,19,11.633333333333333,1.1934278011322021,-0.46384477564864685
COHFACE_s16_session3_natural,11,20,11.666666666666666,1.5202888250350952,-0.5018213875761646
COHFACE_s16_session3_natural,11,21,11.7,1.6040774583816528,-0.5066860748331985
COHFACE_s16_session3_natural,11,22,11.733333333333333,1.601652979850769,-0.4803398696200771
COHFACE_s16_session3_natural,11,23,11.766666666666667,1.5121879577636719,-0.43125096647526845
COHFACE_s16_session3_natural,11,24,11.8,1.2978531122207642,-0.3720422783686904
COHFACE_s16_session3_natural,11,25,11.833333333333334,1.0587718486785889,-0.3149790094069276
COHFACE_s16_session3_natural,11,26,11.866666666666667,0.8825764656066895,-0.26738637342506155
COHFACE_s16_session3_natural,11,27,11.9,0.7663841843605042,-0.22900931501044505
COHFACE_s16_session3_natural,11,28,11.933333333333334,0.6654329299926758,-0.192635746430781
COHFACE_s16_session3_natural,11,29,11.966666666666667,0.5177385807037354,-0.14805659958606454
COHFACE_s16_session3_natural,11,30,12.0,0.3314613699913025,-0.08783606948124878
COHFACE_s16_session3_natural,11,31,12.033333333333333,0.13233794271945953,-0.012052999830582254
COHFACE_s16_session3_natural,11,32,12.066666666666666,-0.06159674748778343,0.07092827497379638
COHFACE_s16_session3_natural,11,33,12.1,-0.23912259936332703,0.14862378654269756
COHFACE_s16_session3_natural,11,34,12.133333333333333,-0.39163607358932495,0.2110746551044237
COHFACE_s16_session3_natural,11,35,12.166666666666666,-0.5220198035240173,0.25564585485247954
COHFACE_s16_session3_natural,11,36,12.2,-0.6324024796485901,0.2873420885371305
COHFACE_s16_session3_natural,11,37,12.233333333333333,-0.7325998544692993,0.31521604204727693
COHFACE_s16_session3_natural,11,38,12.266666666666667,-0.8249328136444092,0.34726201288997166
COHFACE_s16_session3_natural,11,39,12.3,-0.912638783454895,0.38624597080358664
COHFACE_s16_session3_natural,11,40,12.333333333333334,-0.9884150624275208,0.42813630607195924
COHFACE_s16_session3_natural,11,41,12.366666666666667,-1.0713313817977905,0.46360269225698936
COHFACE_s16_session3_natural,11,42,12.4,-1.1398789882659912,0.48170771378592364
COHFACE_s16_session3_natural,11,43,12.433333333333334,-1.2000150680541992,0.47397043777969333
COHFACE_s16_session3_natural,11,44,12.466666666666667,-1.2624130249023438,0.4369299386516915
COHFACE_s16_session3_natural,11,45,12.5,-1.3220614194869995,0.3722846995356699
COHFACE_s16_session3_natural,11,46,12.533333333333333,-1.3790931701660156,0.2851510510744319
COHFACE_s16_session3_natural,11,47,12.566666666666666,-1.343998908996582,0.18191180885809072
COHFACE_s16_session3_natural,11,48,12.6,-0.9826202392578125,0.06884551697888414
COHFACE_s16_session3_natural,11,49,12.633333333333333,-0.21428760886192322,-0.04822395570809498
COHFACE_s16_session3_natural,11,50,12.666666666666666,0.6374639868736267,-0.16371221525882373
COHFACE_s16_session3_natural,11,51,12.7,1.2051209211349487,-0.27202528678709614
COHFACE_s16_session3_natural,11,52,12.733333333333333,1.4355099201202393,-0.3674473483790326
COHFACE_s16_session3_natural,11,53,12.766666666666667,1.4711657762527466,-0.44401164773155066
COHFACE_s16_session3_natural,11,54,12.8,1.4093000888824463,-0.49528557590849315
COHFACE_s16_session3_natural,11,55,12.833333333333334,1.2468082904815674,-0.5144162076403878
COHFACE_s16_session3_natural,11,56,12.866666666666667,1.0051254034042358,-0.49509284986485663
COHFACE_s16_session3_natural,11,57,12.9,0.8009757995605469,-0.43374204458935306
COHFACE_s16_session3_natural,11,58,12.933333333333334,0.687518298625946,-0.33223857303455917
COHFACE_s16_session3_natural,11,59,12.966666666666667,0.6228882074356079,-0.19957883991691266
COHFACE_s16_session3_natural,11,60,13.0,0.5237108469009399,-0.05121643033401683
COHFACE_s16_session3_natural,11,61,13.033333333333333,0.3674721121788025,0.09393407422567072
COHFACE_s16_session3_natural,11,62,13.066666666666666,0.17914007604122162,0.21735897455530237
COHFACE_s16_session3_natural,11,63,13.1,-0.011926760897040367,0.3039396623527984
COHFACE_s16_session3_natural,11,64,13.133333333333333,-0.18188385665416718,0.34362812710038293
COHFACE_s16_session3_natural,11,65,13.166666666666666,-0.33457472920417786,0.3325104808707738
COHFACE_s16_session3_natural,11,66,13.2,-0.46924543380737305,0.2735826686151266
COHFACE_s16_session3_natural,11,67,13.233333333333333,-0.5709949731826782,0.17664514983362564
COHFACE_s16_session3_natural,11,68,13.266666666666667,-0.6730993390083313,0.05678003164125988
COHFACE_s16_session3_natural,11,69,13.3,-0.7585731148719788,-0.06821140422808268
COHFACE_s16_session3_natural,11,70,13.333333333333334,-0.8314963579177856,-0.18033706231379662
COHFACE_s16_session3_natural,11,71,13.366666666666667,-0.9143092036247253,-0.26331054443320895
COHFACE_s16_session3_natural,11,72,13.4,-0.989982008934021,-0.3046075569130012
COHFACE_s16_session3_natural,11,73,13.433333333333334,-1.0552477836608887,-0.29873530300663464
COHFACE_s16_session3_natural,11,74,13.466666666666667,-1.1211344003677368,-0.2507942778331559
COHFACE_s16_session3_natural,11,75,13.5,-1.1788166761398315,-0.17737257230827083
COHFACE_s16_session3_natural,11,76,13.533333333333333,-1.2294622659683228,-0.10233488011968273
COHFACE_s16_session3_natural,11,77,13.566666666666666,-1.2818819284439087,-0.048177489338386704
COHFACE_s16_session3_natural,11,78,13.6,-1.3282700777053833,-0.027142121676035854
COHFACE_s16_session3_natural,11,79,13.633333333333333,-1.3163700103759766,-0.03713167459258812
COHFACE_s16_session3_natural,11,80,13.666666666666666,-1.0039368867874146,-0.06443312136806056
COHFACE_s16_session3_natural,11,81,13.7,-0.27885860204696655,-0.09105971090460903
COHFACE_s16_session3_natural,11,82,13.733333333333333,0.5323439240455627,-0.10254551548880246
COHFACE_s16_session3_natural,11,83,13.766666666666667,1.061861515045166,-0.09274480604450246
COHFACE_s16_session3_natural,11,84,13.8,1.2411316633224487,-0.06429328252785992
COHFACE_s16_session3_natural,11,85,13.833333333333334,1.2150254249572754,-0.02550914250412685
COHFACE_s16_session3_natural,11,86,13.866666666666667,1.1012722253799438,0.01425213087863516
COHFACE_s16_session3_natural,11,87,13.9,0.8991183638572693,0.048592496957675084
COHFACE_s16_session3_natural,11,88,13.933333333333334,0.6727503538131714,0.07585663237103636
COHFACE_s16_session3_natural,11,89,13.966666666666667,0.5258543491363525,0.09840239546802537
COHFACE_s16_session3_natural,11,90,14.0,0.468940794467926,0.12043450684711833
COHFACE_s16_session3_natural,11,91,14.033333333333333,0.4377196729183197,0.14599492565415295
COHFACE_s16_session3_natural,11,92,14.066666666666666,0.3641016483306885,0.17791977203887652
COHFACE_s16_session3_natural,11,93,14.1,0.225956991314888,0.21749726210982542
COHFACE_s16_session3_natural,11,94,14.133333333333333,0.04912593215703964,0.2643026829858318
COHFACE_s16_session3_natural,11,95,14.166666666666666,-0.11889462918043137,0.31609801095169915
COHFACE_s16_session3_natural,11,96,14.2,-0.27850380539894104,0.36903912973794206
COHFACE_s16_session3_natural,11,97,14.233333333333333,-0.4128049612045288,0.4183395232940328
COHFACE_s16_session3_natural,11,98,14.266666666666667,-0.5181614756584167,0.4591065303709974
COHFACE_s16_session3_natural,11,99,14.3,-0.6127561926841736,0.4868606938928524
COHFACE_s16_session3_natural,11,100,14.333333333333334,-0.6968256235122681,0.4976214098824777
COHFACE_s16_session3_natural,11,101,14.366666666666667,-0.771404504776001,0.4879480579619339
COHFACE_s16_session3_natural,11,102,14.4,-0.8469147086143494,0.4553594715648314
COHFACE_s16_session3_natural,11,103,14.433333333333334,-0.9109535217285156,0.3990556771468954
COHFACE_s16_session3_natural,11,104,14.466666666666667,-0.9687983393669128,0.3202726510063958
COHFACE_s16_session3_natural,11,105,14.5,-1.0362372398376465,0.22159609568461416
COHFACE_s16_session3_natural,11,106,14.533333333333333,-1.0948951244354248,0.10538626927742155
COHFACE_s16_session3_natural,11,107,14.566666666666666,-1.1535530090332031,-0.027590173072186516
COHFACE_s16_session3_natural,11,108,14.6,-1.2081308364868164,-0.17804297202264954
COHFACE_s16_session3_natural,11,109,14.633333333333333,-1.2526564598083496,-0.34603694683224023
COHFACE_s16_session3_natural,11,110,14.666666666666666,-1.2241257429122925,-0.5275890793103477
COHFACE_s16_session3_natural,11,111,14.7,-0.9039465188980103,-0.7116234716763259
COHFACE_s16_session3_natural,11,112,14.733333333333333,-0.184766486287117,-0.8789828123289974
COHFACE_s16_session3_natural,11,113,14.766666666666667,0.5935444831848145,-1.0046458100865276
COHFACE_s16_session3_natural,11,114,14.8,1.064271092414856,-1.063465886712757
COHFACE_s16_session3_natural,11,115,14.833333333333334,1.1980252265930176,-1.0383464574472208
COHFACE_s16_session3_natural,11,116,14.866666666666667,1.1472022533416748,-0.9278992215847778
COHFACE_s16_session3_natural,11,117,14.9,1.0063966512680054,-0.7496089489085626
COHFACE_s16_session3_natural,11,118,14.933333333333334,0.7885287404060364,-0.5357457564959465
COHFACE_s16_session3_natural,11,119,14.966666666666667,0.5759382247924805,-0.3229154280840149
COHFACE_s16_session3_natural,11,120,15.0,0.4582972228527069,-0.14036489691186238
COHFACE_s16_session3_natural,11,121,15.033333333333333,0.41649165749549866,-0.003040247757768089
COHFACE_s16_session3_natural,11,122,15.066666666666666,0.38386616110801697,0.0886167836638639
COHFACE_s16_session3_natural,11,123,15.1,0.3099524974822998,0.1446631545646625
COHFACE_s16_session3_natural,11,124,15.133333333333333,0.17730702459812164,0.1805894781706656
COHFACE_s16_session3_natural,11,125,15.166666666666666,0.008384715765714645,0.21252645165920642
COHFACE_s16_session3_natural,11,126,15.2,-0.15716712176799774,0.2530872191336164
COHFACE_s16_session3_natural,11,127,15.233333333333333,-0.30759623646736145,0.3084986559208082
COHFACE_s16_session3_natural,11,128,15.266666666666667,-0.44177910685539246,0.3779438599166283
COHFACE_s16_session3_natural,11,129,15.3,-0.5560792088508606,0.45531304395598177
COHFACE_s16_session3_natural,11,130,15.333333333333334,-0.6413903832435608,0.532047943683658
COHFACE_s16_session3_natural,11,131,15.366666666666667,-0.7141805291175842,0.5992198382429715
COHFACE_s16_session3_natural,11,132,15.4,-0.7742723822593689,0.648386760963221
COHFACE_s16_session3_natural,11,133,15.433333333333334,-0.8482747077941895,0.6723301705239331
COHFACE_s16_session3_natural,11,134,15.466666666666667,-0.9174727201461792,0.6665501428650507
COHFACE_s16_session3_natural,11,135,15.5,-0.9692714214324951,0.6310606466150936
COHFACE_s16_session3_natural,11,136,15.533333333333333,-1.0242927074432373,0.5712052084615432
COHFACE_s16_session3_natural,11,137,15.566666666666666,-1.0858776569366455,0.4965044767031615
COHFACE_s16_session3_natural,11,138,15.6,-1.1360650062561035,0.41761676917264706
COHFACE_s16_session3_natural,11,139,15.633333333333333,-1.1938951015472412,0.34255495862408586
COHFACE_s16_session3_natural,11,140,15.666666666666666,-1.229077935218811,0.27369740343620214
COHFACE_s16_session3_natural,11,141,15.7,-1.1185474395751953,0.206833378609176
COHFACE_s16_session3_natural,11,142,15.733333333333333,-0.6046700477600098,0.13277816973598802
COHFACE_s16_session3_natural,11,143,15.766666666666667,0.2693147659301758,0.041156715847048955
COHFACE_s16_session3_natural,11,144,15.8,1.0514987707138062,-0.07497414143246693
COHFACE_s16_session3_natural,11,145,15.833333333333334,1.4675884246826172,-0.2154547454006646
COHFACE_s16_session3_natural,11,146,15.866666666666667,1.5844902992248535,-0.3717306385479075
COHFACE_s16_session3_natural,11,147,15.9,1.5595961809158325,-0.5282653452962404
COHFACE_s16_session3_natural,11,148,15.933333333333334,1.4543726444244385,-0.6657382571292875
COHFACE_s16_session3_natural,11,149,15.966666666666667,1.2615466117858887,-0.7647145582927354
COHFACE_s16_session3_natural,11,150,16.0,1.0434718132019043,-0.8092251654017492
COHFACE_s16_session3_natural,11,151,16.033333333333335,0.8948017954826355,-0.7903558846666915
COHFACE_s16_session3_natural,11,152,16.066666666666666,0.8092688918113708,-0.7094088026805222
COHFACE_s16_session3_natural,11,153,16.1,0.7417265772819519,-0.5790762443981022
COHFACE_s16_session3_natural,11,154,16.133333333333333,0.6320091485977173,-0.4208520643908834
COHFACE_s16_session3_natural,11,155,16.166666666666668,0.4746321439743042,-0.2587266000063043
COHFACE_s16_session3_natural,11,156,16.2,0.2923906147480011,-0.11228282734128257
COHFACE_s16_session3_natural,11,157,16.233333333333334,0.11786564439535141,0.006827971252458848
COHFACE_s16_session3_natural,11,158,16.266666666666666,-0.050701871514320374,0.0941596104041882
COHFACE_s16_session3_natural,11,159,16.3,-0.20342230796813965,0.1500355415954572
COHFACE_s16_session3_natural,11,160,16.333333333333332,-0.32740509510040283,0.17785158922929745
COHFACE_s16_session3_natural,11,161,16.366666666666667,-0.4329981505870819,0.18330088940148398
COHFACE_s16_session3_natural,11,162,16.4,-0.533816397190094,0.17342395090484106
COHFACE_s16_session3_natural,11,163,16.433333333333334,-0.6182553768157959,0.1549761073286305
COHFACE_s16_session3_natural,11,164,16.466666666666665,-0.7055031061172485,0.13299890619124596
COHFACE_s16_session3_natural,11,165,16.5,-0.7892177104949951,0.1108079579163646
COHFACE_s16_session3_natural,11,166,16.533333333333335,-0.8643435835838318,0.09113851511214476
COHFACE_s16_session3_natural,11,167,16.566666666666666,-0.938538134098053,0.07679677507905802
COHFACE_s16_session3_natural,11,168,16.6,-1.0027986764907837,0.06974594799373797
COHFACE_s16_session3_natural,11,169,16.633333333333333,-1.054272174835205,0.06942590555529453
COHFACE_s16_session3_natural,11,170,16.666666666666668,-1.1110378503799438,0.07231310142344886
COHFACE_s16_session3_natural,11,171,16.7,-1.1765992641448975,0.07390785335036891
COHFACE_s16_session3_natural,11,172,16.733333333333334,-1.1655417680740356,0.07189901811868335
COHFACE_s16_session3_natural,11,173,16.766666666666666,-0.865260124206543,0.06785419338104033
COHFACE_s16_session3_natural,11,174,16.8,-0.10306231677532196,0.06619009334202776
COHFACE_s16_session3_natural,11,175,16.833333333333332,0.8515918850898743,0.07151829887998501
COHFACE_s16_session3_natural,11,176,16.866666666666667,1.5548509359359741,0.08622232270253362
COHFACE_s16_session3_natural,11,177,16.9,1.8801006078720093,0.10939468544774471
COHFACE_s16_session3_natural,11,178,16.933333333333334,1.964169979095459,0.13730038903111014
COHFACE_s16_session3_natural,11,179,16.966666666666665,1.9507029056549072,0.16485153130739
COHFACE_s16_session3_natural,11,180,17.0,1.8466176986694336,0.18725057195422756
COHFACE_s16_session3_natural,11,181,17.033333333333335,1.6332288980484009,0.20112021274471859
COHFACE_s16_session3_natural,11,182,17.066666666666666,1.3966312408447266,0.20499145163203686
COHFACE_s16_session3_natural,11,183,17.1,1.22361421585083,0.19942491902783663
COHFACE_s16_session3_natural,11,184,17.133333333333333,1.1125071048736572,0.1869131290596908
COHFACE_s16_session3_natural,11,185,17.166666666666668,1.0099149942398071,0.171373583594756
COHFACE_s16_session3_natural,11,186,17.2,0.8680302500724792,0.15699733258282156
COHFACE_s16_session3_natural,11,187,17.233333333333334,0.6764460206031799,0.14655489338601702
COHFACE_s16_session3_natural,11,188,17.266666666666666,0.4687042832374573,0.13974752594626086
COHFACE_s16_session3_natural,11,189,17.3,0.2628103494644165,0.1324885309169996
COHFACE_s16_session3_natural,11,190,17.333333333333332,0.07682877779006958,0.11782299759485093
COHFACE_s16_session3_natural,11,191,17.366666666666667,-0.07739949226379395,0.08846902556426911
COHFACE_s16_session3_natural,11,192,17.4,-0.2117597609758377,0.039974235120307
COHFACE_s16_session3_natural,11,193,17.433333333333334,-0.33065730333328247,-0.02710222139438216
COHFACE_s16_session3_natural,11,194,17.466666666666665,-0.4355999231338501,-0.10721227396475329
COHFACE_s16_session3_natural,11,195,17.5,-0.5413112640380859,-0.1920601248820205
COHFACE_s16_session3_natural,11,196,17.533333333333335,-0.6528026461601257,-0.27370143262100644
COHFACE_s16_session3_natural,11,197,17.566666666666666,-0.7379215955734253,-0.3466735031178527
COHFACE_s16_session3_natural,11,198,17.6,-0.8164474964141846,-0.4082300816677435
COHFACE_s16_session3_natural,11,199,17.633333333333333,-0.8948403596878052,-0.45711948542781516
COHFACE_s16_session3_natural,11,200,17.666666666666668,-0.9664626717567444,-0.49200672095870146
COHFACE_s16_session3_natural,11,201,17.7,-1.0344189405441284,-0.5103500469926621
COHFACE_s16_session3_natural,11,202,17.733333333333334,-1.1070612668991089,-0.507850399547708
COHFACE_s16_session3_natural,11,203,17.766666666666666,-1.1562730073928833,-0.4784070011160727
COHFACE_s16_session3_natural,11,204,17.8,-1.0523356199264526,-0.41509720786032
COHFACE_s16_session3_natural,11,205,17.833333333333332,-0.5280807018280029,-0.31295633195943356
COHFACE_s16_session3_natural,11,206,17.866666666666667,0.3879905343055725,-0.1732506670416503
COHFACE_s16_session3_natural,11,207,17.9,1.2689380645751953,-0.007019773656181911
COHFACE_s16_session3_natural,11,208,17.933333333333334,1.797745943069458,0.16534968026040323
COHFACE_s16_session3_natural,11,209,17.966666666666665,1.9849250316619873,0.319751515064537
COHFACE_s16_session3_natural,11,210,18.0,2.000284194946289,0.4359231713617843
COHFACE_s16_session3_natural,11,211,18.033333333333335,1.935964584350586,0.5017917163217509
COHFACE_s16_session3_natural,11,212,18.066666666666666,1.756709098815918,0.5132104642121094
COHFACE_s16_session3_natural,11,213,18.1,1.49799644947052,0.47222544670913363
COHFACE_s16_session3_natural,11,214,18.133333333333333,1.2757381200790405,0.38684975254878906
COHFACE_s16_session3_natural,11,215,18.166666666666668,1.1333508491516113,0.27196659427710385
COHFACE_s16_session3_natural,11,216,18.2,1.03801691532135,0.1487372357096629
COHFACE_s16_session3_natural,11,217,18.233333333333334,0.9139306545257568,0.04058046928710294
COHFACE_s16_session3_natural,11,218,18.266666666666666,0.7385779023170471,-0.033406773658606066
COHFACE_s16_session3_natural,11,219,18.3,0.5300526022911072,-0.06434281895741346
COHFACE_s16_session3_natural,11,220,18.333333333333332,0.3155699372291565,-0.05562047748841564
COHFACE_s16_session3_natural,11,221,18.366666666666667,0.11340125650167465,-0.02010258083397157
COHFACE_s16_session3_natural,11,222,18.4,-0.06399155408143997,0.026079473509516
COHFACE_s16_session3_natural,11,223,18.433333333333334,-0.21316412091255188,0.06991276063225155
COHFACE_s16_session3_natural,11,224,18.466666666666665,-0.33973389863967896,0.10463626381669572
COHFACE_s16_session3_natural,11,225,18.5,-0.4566061794757843,0.12813252006779685
COHFACE_s16_session3_natural,11,226,18.533333333333335,-0.5638844966888428,0.13852344483553763
COHFACE_s16_session3_natural,11,227,18.566666666666666,-0.6633427143096924,0.13100545722907542
COHFACE_s16_session3_natural,11,228,18.6,-0.7527635097503662,0.09865605156915289
COHFACE_s16_session3_natural,11,229,18.633333333333333,-0.8436329364776611,0.03662923433308011
COHFACE_s16_session3_natural,11,230,18.666666666666668,-0.9238884449005127,-0.05335202906125034
COHFACE_s16_session3_natural,11,231,18.7,-0.9951264262199402,-0.1612811088904634
COHFACE_s16_session3_natural,11,232,18.733333333333334,-1.0640435218811035,-0.2707106890867786
COHFACE_s16_session3_natural,11,233,18.766666666666666,-1.1307728290557861,-0.36268275801582195
COHFACE_s16_session3_natural,11,234,18.8,-1.1936290264129639,-0.41996089148394183
COHFACE_s16_session3_natural,11,235,18.833333333333332,-1.2294474840164185,-0.4305893121739156
COHFACE_s16_session3_natural,11,236,18.866666666666667,-1.0797427892684937,-0.39022935883557464
COHFACE_s16_session3_natural,11,237,18.9,-0.47651854157447815,-0.3028232920513989
COHFACE_s16_session3_natural,11,238,18.933333333333334,0.46075117588043213,-0.17953388587645397
COHFACE_s16_session3_natural,11,239,18.966666666666665,1.282006025314331,-0.03653753157722877
COHFACE_s16_session3_natural,12,0,12.0,0.3314613699913025,-0.03405756646521974
COHFACE_s16_session3_natural,12,1,12.033333333333333,0.13233794271945953,-0.425697293189091
COHFACE_s16_session3_natural,12,2,12.066666666666666,-0.06159674748778343,-0.7387630811031253
COHFACE_s16_session3_natural,12,3,12.1,-0.23912259936332703,-0.9191266500294292
COHFACE_s16_session3_natural,12,4,12.133333333333333,-0.39163607358932495,-0.9508929407766513
COHFACE_s16_session3_natural,12,5,12.166666666666666,-0.5220198035240173,-0.8564027889075586
COHFACE_s16_session3_natural,12,6,12.2,-0.6324024796485901,-0.6820478355177502
COHFACE_s16_session3_natural,12,7,12.233333333333333,-0.7325998544692993,-0.47795138966629447
COHFACE_s16_session3_natural,12,8,12.266666666666667,-0.8249328136444092,-0.2814928239203333
COHFACE_s16_session3_natural,12,9,12.3,-0.912638783454895,-0.11074826483177844
COHFACE_s16_session3_natural,12,10,12.333333333333334,-0.9884150624275208,0.03222003682932575
COHFACE_s16_session3_natural,12,11,12.366666666666667,-1.0713313817977905,0.15284730690348697
COHFACE_s16_session3_natural,12,12,12.4,-1.1398789882659912,0.2558060430911854
COHFACE_s16_session3_natural,12,13,12.433333333333334,-1.2000150680541992,0.34046056008014436
COHFACE_s16_session3_natural,12,14,12.466666666666667,-1.2624130249023438,0.40072723959196554
COHFACE_s16_session3_natural,12,15,12.5,-1.3220614194869995,0.428039186794396
COHFACE_s16_session3_natural,12,16,12.533333333333333,-1.3790931701660156,0.4154458910556519
COHFACE_s16_session3_natural,12,17,12.566666666666666,-1.343998908996582,0.3612071116673065
COHFACE_s16_session3_natural,12,18,12.6,-0.9826202392578125,0.2708757233805876
COHFACE_s16_session3_natural,12,19,12.633333333333333,-0.21428760886192322,0.15734893817686574
COHFACE_s16_session3_natural,12,20,12.666666666666666,0.6374639868736267,0.03867854219842574
COHFACE_s16_session3_natural,12,21,12.7,1.2051209211349487,-0.06603581170281299
COHFACE_s16_session3_natural,12,22,12.733333333333333,1.4355099201202393,-0.14145397212465502
COHFACE_s16_session3_natural,12,23,12.766666666666667,1.4711657762527466,-0.17972191312639746
COHFACE_s16_session3_natural,12,24,12.8,1.4093000888824463,-0.18172915400224987
COHFACE_s16_session3_natural,12,25,12.833333333333334,1.2468082904815674,-0.1555471616226319
COHFACE_s16_session3_natural,12,26,12.866666666666667,1.0051254034042358,-0.1127271873403081
COHFACE_s16_session3_natural,12,27,12.9,0.8009757995605469,-0.06386254084773853
COHFACE_s16_session3_natural,12,28,12.933333333333334,0.687518298625946,-0.015120856939542897
COHFACE_s16_session3_natural,12,29,12.966666666666667,0.6228882074356079,0.03288274646448362
COHFACE_s16_session3_natural,12,30,13.0,0.5237108469009399,0.08346421018787531
COHFACE_s16_session3_natural,12,31,13.033333333333333,0.3674721121788025,0.14020382432425502
COHFACE_s16_session3_natural,12,32,13.066666666666666,0.17914007604122162,0.20271567856985734
COHFACE_s16_session3_natural,12,33,13.1,-0.011926760897040367,0.26376428062023244
COHFACE_s16_session3_natural,12,34,13.133333333333333,-0.18188385665416718,0.3095866456224633
COHFACE_s16_session3_natural,12,35,13.166666666666666,-0.33457472920417786,0.3240183627282782
COHFACE_s16_session3_natural,12,36,13.2,-0.46924543380737305,0.2946425256183703
COHFACE_s16_session3_natural,12,37,13.233333333333333,-0.5709949731826782,0.21768594050726917
COHFACE_s16_session3_natural,12,38,13.266666666666667,-0.6730993390083313,0.09936651252843128
COHFACE_s16_session3_natural,12,39,13.3,-0.7585731148719788,-0.04619125037672148
COHFACE_s16_session3_natural,12,40,13.333333333333334,-0.8314963579177856,-0.200592400417517
COHFACE_s16_session3_natural,12,41,13.366666666666667,-0.9143092036247253,-0.344511278346572
COHFACE_s16_session3_natural,12,42,13.4,-0.989982008934021,-0.46034861658609333
COHFACE_s16_session3_natural,12,43,13.433333333333334,-1.0552477836608887,-0.534868783659485
COHFACE_s16_session3_natural,12,44,13.466666666666667,-1.1211344003677368,-0.561856538682328
COHFACE_s16_session3_natural,12,45,13.5,-1.1788166761398315,-0.5436520684589689
COHFACE_s16_session3_natural,12,46,13.533333333333333,-1.2294622659683228,-0.4903270696416019
COHFACE_s16_session3_natural,12,47,13.566666666666666,-1.2818819284439087,-0.41635131504937134
COHFACE_s16_session3_natural,12,48,13.6,-1.3282700777053833,-0.3359672184712619
COHFACE_s16_session3_natural,12,49,13.633333333333333,-1.3163700103759766,-0.25918523893379014
COHFACE_s16_session3_natural,12,50,13.666666666666666,-1.0039368867874146,-0.18989074890186605
COHFACE_s16_session3_natural,12,51,13.7,-0.27885860204696655,-0.12644534175360797
COHFACE_s16_session3_natural,12,52,13.733333333333333,0.5323439240455627,-0.06412050712881075
COHFACE_s16_session3_natural,12,53,13.766666666666667,1.061861515045166,0.0018672409464194069
COHFACE_s16_session3_natural,12,54,13.8,1.2411316633224487,0.0739486649721281
COHFACE_s16_session3_natural,12,55,13.833333333333334,1.2150254249572754,0.15116909979551052
COHFACE_s16_session3_natural,12,56,13.866666666666667,1.1012722253799438,0.22957492561804255
COHFACE_s16_session3_natural,12,57,13.9,0.8991183638572693,0.303507641750769
COHFACE_s16_session3_natural,12,58,13.933333333333334,0.6727503538131714,0.36713606934121484
COHFACE_s16_session3_natural,12,59,13.966666666666667,0.5258543491363525,0.41574464714218684
COHFACE_s16_session3_natural,12,60,14.0,0.468940794467926,0.44658387990771153
COHFACE_s16_session3_natural,12,61,14.033333333333333,0.4377196729183197,0.4592148222992013
COHFACE_s16_session3_natural,12,62,14.066666666666666,0.3641016483306885,0.45522975152755796
COHFACE_s16_session3_natural,12,63,14.1,0.225956991314888,0.4373933997492772
COHFACE_s16_session3_natural,12,64,14.133333333333333,0.04912593215703964,0.4087451535726772
COHFACE_s16_session3_natural,12,65,14.166666666666666,-0.11889462918043137,0.37234059954919674
COHFACE_s16_session3_natural,12,66,14.2,-0.27850380539894104,0.3316289953548073
COHFACE_s16_session3_natural,12,67,14.233333333333333,-0.4128049612045288,0.29069142462774133
COHFACE_s16_session3_natural,12,68,14.266666666666667,-0.5181614756584167,0.25359057180675826
COHFACE_s16_session3_natural,12,69,14.3,-0.6127561926841736,0.2228458692240781
COHFACE_s16_session3_natural,12,70,14.333333333333334,-0.6968256235122681,0.1978940275349191
COHFACE_s16_session3_natural,12,71,14.366666666666667,-0.771404504776001,0.17467188794124233
COHFACE_s16_session3_natural,12,72,14.4,-0.8469147086143494,0.1468863389255843
COHFACE_s16_session3_natural,12,73,14.433333333333334,-0.9109535217285156,0.10844545348912847
COHFACE_s16_session3_natural,12,74,14.466666666666667,-0.9687983393669128,0.05564639926731531
COHFACE_s16_session3_natural,12,75,14.5,-1.0362372398376465,-0.012187755827863073
COHFACE_s16_session3_natural,12,76,14.533333333333333,-1.0948951244354248,-0.09374086464608798
COHFACE_s16_session3_natural,12,77,14.566666666666666,-1.1535530090332031,-0.18721377846452936
COHFACE_s16_session3_natural,12,78,14.6,-1.2081308364868164,-0.2907782838413056
COHFACE_s16_session3_natural,12,79,14.633333333333333,-1.2526564598083496,-0.4012628722117613
COHFACE_s16_session3_natural,12,80,14.666666666666666,-1.2241257429122925,-0.5117621207377772
COHFACE_s16_session3_natural,12,81,14.7,-0.9039465188980103,-0.6099046577545899
COHFACE_s16_session3_natural,12,82,14.733333333333333,-0.184766486287117,-0.6785173244166058
COHFACE_s16_session3_natural,12,83,14.766666666666667,0.5935444831848145,-0.6994952865896945
COHFACE_s16_session3_natural,12,84,14.8,1.064271092414856,-0.660305725674431
COHFACE_s16_session3_natural,12,85,14.833333333333334,1.1980252265930176,-0.5610439622483531
COHFACE_s16_session3_natural,12,86,14.866666666666667,1.1472022533416748,-0.4187766724083763
COHFACE_s16_session3_natural,12,87,14.9,1.0063966512680054,-0.2658383917931665
COHFACE_s16_session3_natural,12,88,14.933333333333334,0.7885287404060364,-0.14057320048976313
COHFACE_s16_session3_natural,12,89,14.966666666666667,0.5759382247924805,-0.07302290389396886
COHFACE_s16_session3_natural,12,90,15.0,0.4582972228527069,-0.07247318888185328
COHFACE_s16_session3_natural,12,91,15.033333333333333,0.41649165749549866,-0.12400903504973017
COHFACE_s16_session3_natural,12,92,15.066666666666666,0.38386616110801697,-0.19545513541304663
COHFACE_s16_session3_natural,12,93,15.1,0.3099524974822998,-0.2496990658767957
COHFACE_s16_session3_natural,12,94,15.133333333333333,0.17730702459812164,-0.256153994042037
COHFACE_s16_session3_natural,12,95,15.166666666666666,0.008384715765714645,-0.19804444225024354
COHFACE_s16_session3_natural,12,96,15.2,-0.15716712176799774,-0.07528430416274544
COHFACE_s16_session3_natural,12,97,15.233333333333333,-0.30759623646736145,0.09626519041176834
COHFACE_s16_session3_natural,12,98,15.266666666666667,-0.44177910685539246,0.289088467167736
COHFACE_s16_session3_natural,12,99,15.3,-0.5560792088508606,0.4717312522815135
COHFACE_s16_session3_natural,12,100,15.333333333333334,-0.6413903832435608,0.6176609524546386
COHFACE_s16_session3_natural,12,101,15.366666666666667,-0.7141805291175842,0.7114730960764243
COHFACE_s16_session3_natural,12,102,15.4,-0.7742723822593689,0.7502971151908325
COHFACE_s16_session3_natural,12,103,15.433333333333334,-0.8482747077941895,0.7412572387916239
COHFACE_s16_session3_natural,12,104,15.466666666666667,-0.9174727201461792,0.6972795659024128
COHFACE_s16_session3_natural,12,105,15.5,-0.9692714214324951,0.6330922779473652
COHFACE_s16_session3_natural,12,106,15.533333333333333,-1.0242927074432373,0.5621344207674176
COHFACE_s16_session3_natural,12,107,15.566666666666666,-1.0858776569366455,0.49427090287005665
COHFACE_s16_session3_natural,12,108,15.6,-1.1360650062561035,0.43411240994894623
COHFACE_s16_session3_natural,12,109,15.633333333333333,-1.1938951015472412,0.38005047956937316
COHFACE_s16_session3_natural,12,110,15.666666666666666,-1.229077935218811,0.3243610734321815
COHFACE_s16_session3_natural,12,111,15.7,-1.1185474395751953,0.25484600936930407
COHFACE_s16_session3_natural,12,112,15.733333333333333,-0.6046700477600098,0.15841245433174214
COHFACE_s16_session3_natural,12,113,15.766666666666667,0.2693147659301758,0.0262735300364498
COHFACE_s16_session3_natural,12,114,15.8,1.0514987707138062,-0.14090400372191805
COHFACE_s16_session3_natural,12,115,15.833333333333334,1.4675884246826172,-0.330403351974599
COHFACE_s16_session3_natural,12,116,15.866666666666667,1.5844902992248535,-0.5191607750732763
COHFACE_s16_session3_natural,12,117,15.9,1.5595961809158325,-0.6795705345048216
COHFACE_s16_session3_natural,12,118,15.933333333333334,1.4543726444244385,-0.7872374867849962
COHFACE_s16_session3_natural,12,119,15.966666666666667,1.2615466117858887,-0.8276362491775392
COHFACE_s16_session3_natural,12,120,16.0,1.0434718132019043,-0.7992808253252482
COHFACE_s16_session3_natural,12,121,16.033333333333335,0.8948017954826355,-0.7127222013421102
COHFACE_s16_session3_natural,12,122,16.066666666666666,0.8092688918113708,-0.586457050499306
COHFACE_s16_session3_natural,12,123,16.1,0.7417265772819519,-0.44162141851607106
COHFACE_s16_session3_natural,12,124,16.133333333333333,0.6320091485977173,-0.29696199299334586
COHFACE_s16_session3_natural,12,125,16.166666666666668,0.4746321439743042,-0.16516223638182803
COHFACE_s16_session3_natural,12,126,16.2,0.2923906147480011,-0.05178359670348534
COHFACE_s16_session3_natural,12,127,16.233333333333334,0.11786564439535141,0.04257161759518777
COHFACE_s16_session3_natural,12,128,16.266666666666666,-0.050701871514320374,0.11850215458526825
COHFACE_s16_session3_natural,12,129,16.3,-0.20342230796813965,0.17545935929091905
COHFACE_s16_session3_natural,12,130,16.333333333333332,-0.32740509510040283,0.21227265200846437
COHFACE_s16_session3_natural,12,131,16.366666666666667,-0.4329981505870819,0.22930539930884467
COHFACE_s16_session3_natural,12,132,16.4,-0.533816397190094,0.2298778120418695
COHFACE_s16_session3_natural,12,133,16.433333333333334,-0.6182553768157959,0.21960383371507797
COHFACE_s16_session3_natural,12,134,16.466666666666665,-0.7055031061172485,0.20422755718984775
COHFACE_s16_session3_natural,12,135,16.5,-0.7892177104949951,0.18762962976480108
COHFACE_s16_session3_natural,12,136,16.533333333333335,-0.8643435835838318,0.1710296208312748
COHFACE_s16_session3_natural,12,137,16.566666666666666,-0.938538134098053,0.15316339280137325
COHFACE_s16_session3_natural,12,138,16.6,-1.0027986764907837,0.1308345067687639
COHFACE_s16_session3_natural,12,139,16.633333333333333,-1.054272174835205,0.0997624864711354
COHFACE_s16_session3_natural,12,140,16.666666666666668,-1.1110378503799438,0.05619887778347907
COHFACE_s16_session3_natural,12,141,16.7,-1.1765992641448975,-0.0005353485590649729
COHFACE_s16_session3_natural,12,142,16.733333333333334,-1.1655417680740356,-0.06564223388241815
COHFACE_s16_session3_natural,12,143,16.766666666666666,-0.865260124206543,-0.12835713908111918
COHFACE_s16_session3_natural,12,144,16.8,-0.10306231677532196,-0.1743215210913203
COHFACE_s16_session3_natural,12,145,16.833333333333332,0.8515918850898743,-0.19001389118849157
COHFACE_s16_session3_natural,12,146,16.866666666666667,1.5548509359359741,-0.16719711399294995
COHFACE_s16_session3_natural,12,147,16.9,1.8801006078720093,-0.10543146904638467
COHFACE_s16_session3_natural,12,148,16.933333333333334,1.964169979095459,-0.011977534255314433
COHFACE_s16_session3_natural,12,149,16.966666666666665,1.9507029056549072,0.10023733235340312
COHFACE_s16_session3_natural,12,150,17.0,1.8466176986694336,0.21548414775046665
COHFACE_s16_session3_natural,12,151,17.033333333333335,1.6332288980484009,0.3181860067178436
COHFACE_s16_session3_natural,12,152,17.066666666666666,1.3966312408447266,0.3956728031097594
COHFACE_s16_session3_natural,12,153,17.1,1.22361421585083,0.4404912417454239
COHFACE_s16_session3_natural,12,154,17.133333333333333,1.1125071048736572,0.45166981733353734
COHFACE_s16_session3_natural,12,155,17.166666666666668,1.0099149942398071,0.43422596347824993
COHFACE_s16_session3_natural,12,156,17.2,0.8680302500724792,0.3968048888924727
COHFACE_s16_session3_natural,12,157,17.233333333333334,0.6764460206031799,0.34823630510527
COHFACE_s16_session3_natural,12,158,17.266666666666666,0.4687042832374573,0.29431065338224577
COHFACE_s16_session3_natural,12,159,17.3,0.2628103494644165,0.23602207237423883
COHFACE_s16_session3_natural,12,160,17.333333333333332,0.07682877779006958,0.17000632492121767
COHFACE_s16_session3_natural,12,161,17.366666666666667,-0.07739949226379395,0.09103280669565365
COHFACE_s16_session3_natural,12,162,17.4,-0.2117597609758377,-0.00454928085567206
COHFACE_s16_session3_natural,12,163,17.433333333333334,-0.33065730333328247,-0.1160552239953925
COHFACE_s16_session3_natural,12,164,17.466666666666665,-0.4355999231338501,-0.2377592230259051
COHFACE_s16_session3_natural,12,165,17.5,-0.5413112640380859,-0.3604913749102363
COHFACE_s16_session3_natural,12,166,17.533333333333335,-0.6528026461601257,-0.47442602039460774
COHFACE_s16_session3_natural,12,167,17.566666666666666,-0.7379215955734253,-0.5713855278993922
COHFACE_s16_session3_natural,12,168,17.6,-0.8164474964141846,-0.6457212580571636
COHFACE_s16_session3_natural,12,169,17.633333333333333,-0.8948403596878052,-0.6939894321390581
COHFACE_s16_session3_natural,12,170,17.666666666666668,-0.9664626717567444,-0.7141214029566219
COHFACE_s16_session3_natural,12,171,17.7,-1.0344189405441284,-0.7045366614541141
COHFACE_s16_session3_natural,12,172,17.733333333333334,-1.1070612668991089,-0.6632837108341103
COHFACE_s16_session3_natural,12,173,17.766666666666666,-1.1562730073928833,-0.5874832848923023
COHFACE_s16_session3_natural,12,174,17.8,-1.0523356199264526,-0.47402363167969375
COHFACE_s16_session3_natural,12,175,17.833333333333332,-0.5280807018280029,-0.32237692312575217
COHFACE_s16_session3_natural,12,176,17.866666666666667,0.3879905343055725,-0.13879176801694215
COHFACE_s16_session3_natural,12,177,17.9,1.2689380645751953,0.060868634685498406
COHFACE_s16_session3_natural,12,178,17.933333333333334,1.797745943069458,0.252756651839356
COHFACE_s16_session3_natural,12,179,17.966666666666665,1.9849250316619873,0.41177349144772313
COHFACE_s16_session3_natural,12,180,18.0,2.000284194946289,0.5198314249415084
COHFACE_s16_session3_natural,12,181,18.033333333333335,1.935964584350586,0.5703788662045849
COHFACE_s16_session3_natural,12,182,18.066666666666666,1.756709098815918,0.5671869526367813
COHFACE_s16_session3_natural,12,183,18.1,1.49799644947052,0.5200102574583082
COHFACE_s16_session3_natural,12,184,18.133333333333333,1.2757381200790405,0.4410613797500219
COHFACE_s16_session3_natural,12,185,18.166666666666668,1.1333508491516113,0.3440294564835825
COHFACE_s16_session3_natural,12,186,18.2,1.03801691532135,0.24425325263785652
COHFACE_s16_session3_natural,12,187,18.233333333333334,0.9139306545257568,0.15748252059886325
COHFACE_s16_session3_natural,12,188,18.266666666666666,0.7385779023170471,0.09643097001147144
COHFACE_s16_session3_natural,12,189,18.3,0.5300526022911072,0.06689786077999338
COHFACE_s16_session3_natural,12,190,18.333333333333332,0.3155699372291565,0.06601530896040476
COHFACE_s16_session3_natural,12,191,18.366666666666667,0.11340125650167465,0.08395946740597215
COHFACE_s16_session3_natural,12,192,18.4,-0.06399155408143997,0.10846827514906257
COHFACE_s16_session3_natural,12,193,18.433333333333334,-0.21316412091255188,0.12988349704757055
COHFACE_s16_session3_natural,12,194,18.466666666666665,-0.33973389863967896,0.1440532367633121
COHFACE_s16_session3_natural,12,195,18.5,-0.4566061794757843,0.1517970205422749
COHFACE_s16_session3_natural,12,196,18.533333333333335,-0.5638844966888428,0.15609561947561026
COHFACE_s16_session3_natural,12,197,18.566666666666666,-0.6633427143096924,0.15954376767706557
COHFACE_s16_session3_natural,12,198,18.6,-0.7527635097503662,0.1635367032495776
COHFACE_s16_session3_natural,12,199,18.633333333333333,-0.8436329364776611,0.16863747831907727
COHFACE_s16_session3_natural,12,200,18.666666666666668,-0.9238884449005127,0.17472525396585803
COHFACE_s16_session3_natural,12,201,18.7,-0.9951264262199402,0.18020091231510726
COHFACE_s16_session3_natural,12,202,18.733333333333334,-1.0640435218811035,0.18081592137333422
COHFACE_s16_session3_natural,12,203,18.766666666666666,-1.1307728290557861,0.1694649966714625
COHFACE_s16_session3_natural,12,204,18.8,-1.1936290264129639,0.1379008387848114
COHFACE_s16_session3_natural,12,205,18.833333333333332,-1.2294474840164185,0.08013819776913923
COHFACE_s16_session3_natural,12,206,18.866666666666667,-1.0797427892684937,-0.003861856819254524
COHFACE_s16_session3_natural,12,207,18.9,-0.47651854157447815,-0.10617880962939592
COHFACE_s16_session3_natural,12,208,18.933333333333334,0.46075117588043213,-0.21215584648193753
COHFACE_s16_session3_natural,12,209,18.966666666666665,1.282006025314331,-0.30516151612257275
COHFACE_s16_session3_natural,12,210,19.0,1.717342734336853,-0.37346986573033625
COHFACE_s16_session3_natural,12,211,19.033333333333335,1.8327219486236572,-0.41636299469906024
COHFACE_s16_session3_natural,12,212,19.066666666666666,1.800776481628418,-0.4461237255787133
COHFACE_s16_session3_natural,12,213,19.1,1.67312753200531,-0.48379141935042685
COHFACE_s16_session3_natural,12,214,19.133333333333333,1.439353346824646,-0.5493149478460023
COHFACE_s16_session3_natural,12,215,19.166666666666668,1.1900426149368286,-0.6499639868446148
COHFACE_s16_session3_natural,12,216,19.2,1.039125680923462,-0.7728004905372123
COHFACE_s16_session3_natural,12,217,19.233333333333334,0.9698094129562378,-0.8858984410407181
COHFACE_s16_session3_natural,12,218,19.266666666666666,0.8873808979988098,-0.9487050471886361
COHFACE_s16_session3_natural,12,219,19.3,0.7565832734107971,-0.9271035803521124
COHFACE_s16_session3_natural,12,220,19.333333333333332,0.5805504322052002,-0.8064121658774678
COHFACE_s16_session3_natural,12,221,19.366666666666667,0.370088666677475,-0.5966572037954633
COHFACE_s16_session3_natural,12,222,19.4,0.1633373349905014,-0.3281383738896923
COHFACE_s16_session3_natural,12,223,19.433333333333334,-0.015164179727435112,-0.03981891674280792
COHFACE_s16_session3_natural,12,224,19.466666666666665,-0.164588063955307,0.23366278839668653
COHFACE_s16_session3_natural,12,225,19.5,-0.2971743941307068,0.4703915915446524
COHFACE_s16_session3_natural,12,226,19.533333333333335,-0.409892737865448,0.6621515622636105
COHFACE_s16_session3_natural,12,227,19.566666666666666,-0.5087892413139343,0.8093498898638269
COHFACE_s16_session3_natural,12,228,19.6,-0.5984317660331726,0.9138807140065318
COHFACE_s16_session3_natural,12,229,19.633333333333333,-0.6888577342033386,0.9740593709571196
COHFACE_s16_session3_natural,12,230,19.666666666666668,-0.7763567566871643,0.9839816449314287
COHFACE_s16_session3_natural,12,231,19.7,-0.8507286906242371,0.9372325984953485
COHFACE_s16_session3_natural,12,232,19.733333333333334,-0.9197492599487305,0.8329280724930636
COHFACE_s16_session3_natural,12,233,19.766666666666666,-0.9844089150428772,0.6809756405905713
COHFACE_s16_session3_natural,12,234,19.8,-1.0400067567825317,0.5033551962324708
COHFACE_s16_session3_natural,12,235,19.833333333333332,-1.1006159782409668,0.3297142938187188
COHFACE_s16_session3_natural,12,236,19.866666666666667,-1.166532278060913,0.18849078671551323
COHFACE_s16_session3_natural,12,237,19.9,-1.1808123588562012,0.09729727441513028
COHFACE_s16_session3_natural,12,238,19.933333333333334,-0.9486199617385864,0.056727649784236944
COHFACE_s16_session3_natural,12,239,19.966666666666665,-0.27164462208747864,0.050253176504021065
COHFACE_s16_session3_natural,13,0,13.0,0.5237108469009399,0.10246597981348347
COHFACE_s16_session3_natural,13,1,13.033333333333333,0.3674721121788025,-0.050693397733288806
COHFACE_s16_session3_natural,13,2,13.066666666666666,0.17914007604122162,-0.1769921008723033
COHFACE_s16_session3_natural,13,3,13.1,-0.011926760897040367,-0.2590766976945001
COHFACE_s16_session3_natural,13,4,13.133333333333333,-0.18188385665416718,-0.29842233304568366
COHFACE_s16_session3_natural,13,5,13.166666666666666,-0.33457472920417786,-0.313024598055095
COHFACE_s16_session3_natural,13,6,13.2,-0.46924543380737305,-0.3274934763101416
COHFACE_s16_session3_natural,13,7,13.233333333333333,-0.5709949731826782,-0.36142221067251173
COHFACE_s16_session3_natural,13,8,13.266666666666667,-0.6730993390083313,-0.4219604205653296
COHFACE_s16_session3_natural,13,9,13.3,-0.7585731148719788,-0.5029075345088369
COHFACE_s16_session3_natural,13,10,13.333333333333334,-0.8314963579177856,-0.5887581884748947
COHFACE_s16_session3_natural,13,11,13.366666666666667,-0.9143092036247253,-0.6604888532896137
COHFACE_s16_session3_natural,13,12,13.4,-0.989982008934021,-0.7008811581473902
COHFACE_s16_session3_natural,13,13,13.433333333333334,-1.0552477836608887,-0.6987903262125073
COHFACE_s16_session3_natural,13,14,13.466666666666667,-1.1211344003677368,-0.6520291029427658
COHFACE_s16_session3_natural,13,15,13.5,-1.1788166761398315,-0.5679897259816059
COHFACE_s16_session3_natural,13,16,13.533333333333333,-1.2294622659683228,-0.4612324594867042
COHFACE_s16_session3_natural,13,17,13.566666666666666,-1.2818819284439087,-0.34843058246125125
COHFACE_s16_session3_natural,13,18,13.6,-1.3282700777053833,-0.2426167789411483
COHFACE_s16_session3_natural,13,19,13.633333333333333,-1.3163700103759766,-0.1493496747047252
COHFACE_s16_session3_natural,13,20,13.666666666666666,-1.0039368867874146,-0.06645356340957169
COHFACE_s16_session3_natural,13,21,13.7,-0.27885860204696655,0.012906161303150851
COHFACE_s16_session3_natural,13,22,13.733333333333333,0.5323439240455627,0.09558624805249641
COHFACE_s16_session3_natural,13,23,13.766666666666667,1.061861515045166,0.18448758528164647
COHFACE_s16_session3_natural,13,24,13.8,1.2411316633224487,0.27678765199558003
COHFACE_s16_session3_natural,13,25,13.833333333333334,1.2150254249572754,0.36475992690731435
COHFACE_s16_session3_natural,13,26,13.866666666666667,1.1012722253799438,0.43855175690142373
COHFACE_s16_session3_natural,13,27,13.9,0.8991183638572693,0.48966639582413474
COHFACE_s16_session3_natural,13,28,13.933333333333334,0.6727503538131714,0.5136923363411637
COHFACE_s16_session3_natural,13,29,13.966666666666667,0.5258543491363525,0.511271135921014
COHFACE_s16_session3_natural,13,30,14.0,0.468940794467926,0.4873149405902351
COHFACE_s16_session3_natural,13,31,14.033333333333333,0.4377196729183197,0.44929053816536624
COHFACE_s16_session3_natural,13,32,14.066666666666666,0.3641016483306885,0.405376066533983
COHFACE_s16_session3_natural,13,33,14.1,0.225956991314888,0.3628678828003903
COHFACE_s16_session3_natural,13,34,14.133333333333333,0.04912593215703964,0.32700159815527613
COHFACE_s16_session3_natural,13,35,14.166666666666666,-0.11889462918043137,0.3003772112343228
COHFACE_s16_session3_natural,13,36,14.2,-0.27850380539894104,0.28314977348401466
COHFACE_s16_session3_natural,13,37,14.233333333333333,-0.4128049612045288,0.27388774578784947
COHFACE_s16_session3_natural,13,38,14.266666666666667,-0.5181614756584167,0.2706051518834711
COHFACE_s16_session3_natural,13,39,14.3,-0.6127561926841736,0.27133938973767024
COHFACE_s16_session3_natural,13,40,14.333333333333334,-0.6968256235122681,0.2740172525052351
COHFACE_s16_session3_natural,13,41,14.366666666666667,-0.771404504776001,0.27590817976928306
COHFACE_s16_session3_natural,13,42,14.4,-0.8469147086143494,0.27321244978676656
COHFACE_s16_session3_natural,13,43,14.433333333333334,-0.9109535217285156,0.26106498392916644
COHFACE_s16_session3_natural,13,44,14.466666666666667,-0.9687983393669128,0.23371659316753152
COHFACE_s16_session3_natural,13,45,14.5,-1.0362372398376465,0.1846113345999866
COHFACE_s16_session3_natural,13,46,14.533333333333333,-1.0948951244354248,0.10676873702401316
COHFACE_s16_session3_natural,13,47,14.566666666666666,-1.1535530090332031,-0.005643892987137308
COHFACE_s16_session3_natural,13,48,14.6,-1.2081308364868164,-0.15429400132457902
COHFACE_s16_session3_natural,13,49,14.633333333333333,-1.2526564598083496,-0.33328846232584686
COHFACE_s16_session3_natural,13,50,14.666666666666666,-1.2241257429122925,-0.5273706885646754
COHFACE_s16_session3_natural,13,51,14.7,-0.9039465188980103,-0.7132626944966846
COHFACE_s16_session3_natural,13,52,14.733333333333333,-0.184766486287117,-0.8640551234501476
COHFACE_s16_session3_natural,13,53,14.766666666666667,0.5935444831848145,-0.955146422273677
COHFACE_s16_session3_natural,13,54,14.8,1.064271092414856,-0.9701860287262475
COHFACE_s16_session3_natural,13,55,14.833333333333334,1.1980252265930176,-0.9059301457726531
COHFACE_s16_session3_natural,13,56,14.866666666666667,1.1472022533416748,-0.7747494164701901
COHFACE_s16_session3_natural,13,57,14.9,1.0063966512680054,-0.6031229564331464
COHFACE_s16_session3_natural,13,58,14.933333333333334,0.7885287404060364,-0.42500720980344897
COHFACE_s16_session3_natural,13,59,14.966666666666667,0.5759382247924805,-0.2713691231264679
COHFACE_s16_session3_natural,13,60,15.0,0.4582972228527069,-0.16044705561625586
COHFACE_s16_session3_natural,13,61,15.033333333333333,0.41649165749549866,-0.09385007745736332
COHFACE_s16_session3_natural,13,62,15.066666666666666,0.38386616110801697,-0.0596852848965541
COHFACE_s16_session3_natural,13,63,15.1,0.3099524974822998,-0.039431500189367995
COHFACE_s16_session3_natural,13,64,15.133333333333333,0.17730702459812164,-0.014523954486515816
COHFACE_s16_session3_natural,13,65,15.166666666666666,0.008384715765714645,0.029236674553380353
COHFACE_s16_session3_natural,13,66,15.2,-0.15716712176799774,0.09929617169090976
COHFACE_s16_session3_natural,13,67,15.233333333333333,-0.30759623646736145,0.19536259211630688
COHFACE_s16_session3_natural,13,68,15.266666666666667,-0.44177910685539246,0.30995482907995464
COHFACE_s16_session3_natural,13,69,15.3,-0.5560792088508606,0.43086478278167495
COHFACE_s16_session3_natural,13,70,15.333333333333334,-0.6413903832435608,0.5447521870511021
COHFACE_s16_session3_natural,13,71,15.366666666666667,-0.7141805291175842,0.6401291105544363
COHFACE_s16_session3_natural,13,72,15.4,-0.7742723822593689,0.7087693168225891
COHFACE_s16_session3_natural,13,73,15.433333333333334,-0.8482747077941895,0.7459714589016526
COHFACE_s16_session3_natural,13,74,15.466666666666667,-0.9174727201461792,0.750468445186136
COHFACE_s16_session3_natural,13,75,15.5,-0.9692714214324951,0.7242922357834668
COHFACE_s16_session3_natural,13,76,15.533333333333333,-1.0242927074432373,0.6724751095442842
COHFACE_s16_session3_natural,13,77,15.566666666666666,-1.0858776569366455,0.602310931698041
COHFACE_s16_session3_natural,13,78,15.6,-1.1360650062561035,0.5219022026238688
COHFACE_s16_session3_natural,13,79,15.633333333333333,-1.1938951015472412,0.43794652380651766
COHFACE_s16_session3_natural,13,80,15.666666666666666,-1.229077935218811,0.3532240941088217
COHFACE_s16_session3_natural,13,81,15.7,-1.1185474395751953,0.2648729158189146
COHFACE_s16_session3_natural,13,82,15.733333333333333,-0.6046700477600098,0.16483913101940956
COHFACE_s16_session3_natural,13,83,15.766666666666667,0.2693147659301758,0.043223751281596924
COHFACE_s16_session3_natural,13,84,15.8,1.0514987707138062,-0.10639910219342974
COHFACE_s16_session3_natural,13,85,15.833333333333334,1.4675884246826172,-0.2820243781262324
COHFACE_s16_session3_natural,13,86,15.866666666666667,1.5844902992248535,-0.4709479481382481
COHFACE_s16_session3_natural,13,87,15.9,1.5595961809158325,-0.651267297502861
COHFACE_s16_session3_natural,13,88,15.933333333333334,1.4543726444244385,-0.7966568165539081
COHFACE_s16_session3_natural,13,89,15.966666666666667,1.2615466117858887,-0.8828771596331213
COHFACE_s16_session3_natural,13,90,16.0,1.0434718132019043,-0.8942422256911553
COHFACE_s16_session3_natural,13,91,16.033333333333335,0.8948017954826355,-0.8283081694962722
COHFACE_s16_session3_natural,13,92,16.066666666666666,0.8092688918113708,-0.697045663758682
COHFACE_s16_session3_natural,13,93,16.1,0.7417265772819519,-0.5234805289488706
COHFACE_s16_session3_natural,13,94,16.133333333333333,0.6320091485977173,-0.3347409186829128
COHFACE_s16_session3_natural,13,95,16.166666666666668,0.4746321439743042,-0.15456258650566124
COHFACE_s16_session3_natural,13,96,16.2,0.2923906147480011,0.0011041381546012079
COHFACE_s16_session3_natural,13,97,16.233333333333334,0.11786564439535141,0.12369389166692223
COHFACE_s16_session3_natural,13,98,16.266666666666666,-0.050701871514320374,0.20874253141177523
COHFACE_s16_session3_natural,13,99,16.3,-0.20342230796813965,0.2535506199619921
COHFACE_s16_session3_natural,13,100,16.333333333333332,-0.32740509510040283,0.25777406012464094
COHFACE_s16_session3_natural,13,101,16.366666666666667,-0.4329981505870819,0.2256563348910213
COHFACE_s16_session3_natural,13,102,16.4,-0.533816397190094,0.16726335241533966
COHFACE_s16_session3_natural,13,103,16.433333333333334,-0.6182553768157959,0.09710361379057675
COHFACE_s16_session3_natural,13,104,16.466666666666665,-0.7055031061172485,0.030501019377706422
COHFACE_s16_session3_natural,13,105,16.5,-0.7892177104949951,-0.02052640746968366
COHFACE_s16_session3_natural,13,106,16.533333333333335,-0.8643435835838318,-0.05014912255223729
COHFACE_s16_session3_natural,13,107,16.566666666666666,-0.938538134098053,-0.059551152770764504
COHFACE_s16_session3_natural,13,108,16.6,-1.0027986764907837,-0.05572322484100125
COHFACE_s16_session3_natural,13,109,16.633333333333333,-1.054272174835205,-0.04862057548081696
COHFACE_s16_session3_natural,13,110,16.666666666666668,-1.1110378503799438,-0.04718982979237269
COHFACE_s16_session3_natural,13,111,16.7,-1.1765992641448975,-0.05521531309306913
COHFACE_s16_session3_natural,13,112,16.733333333333334,-1.1655417680740356,-0.06875202480093755
COHFACE_s16_session3_natural,13,113,16.766666666666666,-0.865260124206543,-0.07687300278629212
COHFACE_s16_session3_natural,13,114,16.8,-0.10306231677532196,-0.06581379761982542
COHFACE_s16_session3_natural,13,115,16.833333333333332,0.8515918850898743,-0.02465644742500526
COHFACE_s16_session3_natural,13,116,16.866666666666667,1.5548509359359741,0.049940984352669526
COHFACE_s16_session3_natural,13,117,16.9,1.8801006078720093,0.15179999480242518
COHFACE_s16_session3_natural,13,118,16.933333333333334,1.964169979095459,0.26669157724536796
COHFACE_s16_session3_natural,13,119,16.966666666666665,1.9507029056549072,0.3765261620003993
COHFACE_s16_session3_natural,13,120,17.0,1.8466176986694336,0.4644866486341938
COHFACE_s16_session3_natural,13,121,17.033333333333335,1.6332288980484009,0.519132268649433
COHFACE_s16_session3_natural,13,122,17.066666666666666,1.3966312408447266,0.5363895398401581
COHFACE_s16_session3_natural,13,123,17.1,1.22361421585083,0.5194716735730074
COHFACE_s16_session3_natural,13,124,17.133333333333333,1.1125071048736572,0.4772485092284605
COHFACE_s16_session3_natural,13,125,17.166666666666668,1.0099149942398071,0.4215088773622692
COHFACE_s16_session3_natural,13,126,17.2,0.8680302500724792,0.3634675150182768
COHFACE_s16_session3_natural,13,127,17.233333333333334,0.6764460206031799,0.31010369102363694
COHFACE_s16_session3_natural,13,128,17.266666666666666,0.4687042832374573,0.26141407056818733
COHFACE_s16_session3_natural,13,129,17.3,0.2628103494644165,0.20995281314909064
COHFACE_s16_session3_natural,13,130,17.333333333333332,0.07682877779006958,0.14358597104042273
COHFACE_s16_session3_natural,13,131,17.366666666666667,-0.07739949226379395,0.05100343971746718
COHFACE_s16_session3_natural,13,132,17.4,-0.2117597609758377,-0.07225974790477972
COHFACE_s16_session3_natural,13,133,17.433333333333334,-0.33065730333328247,-0.220363539042521
COHFACE_s16_session3_natural,13,134,17.466666666666665,-0.4355999231338501,-0.3782167353804105
COHFACE_s16_session3_natural,13,135,17.5,-0.5413112640380859,-0.5265171621675336
COHFACE_s16_session3_natural,13,136,17.533333333333335,-0.6528026461601257,-0.6479882587782423
COHFACE_s16_session3_natural,13,137,17.566666666666666,-0.7379215955734253,-0.7316225584470654
COHFACE_s16_session3_natural,13,138,17.6,-0.8164474964141846,-0.7735735854486824
COHFACE_s16_session3_natural,13,139,17.633333333333333,-0.8948403596878052,-0.7756183117177637
COHFACE_s16_session3_natural,13,140,17.666666666666668,-0.9664626717567444,-0.7429157686574689
COHFACE_s16_session3_natural,13,141,17.7,-1.0344189405441284,-0.6820690809614417
COHFACE_s16_session3_natural,13,142,17.733333333333334,-1.1070612668991089,-0.5994411270152834
COHFACE_s16_session3_natural,13,143,17.766666666666666,-1.1562730073928833,-0.4995480594249924
COHFACE_s16_session3_natural,13,144,17.8,-1.0523356199264526,-0.384319284607948
COHFACE_s16_session3_natural,13,145,17.833333333333332,-0.5280807018280029,-0.2544113910935766
COHFACE_s16_session3_natural,13,146,17.866666666666667,0.3879905343055725,-0.11235179848432288
COHFACE_s16_session3_natural,13,147,17.9,1.2689380645751953,0.03469874381885618
COHFACE_s16_session3_natural,13,148,17.933333333333334,1.797745943069458,0.17520202517147718
COHFACE_s16_session3_natural,13,149,17.966666666666665,1.9849250316619873,0.296985184465121
COHFACE_s16_session3_natural,13,150,18.0,2.000284194946289,0.3914966786388492
COHFACE_s16_session3_natural,13,151,18.033333333333335,1.935964584350586,0.45484842535072617
COHFACE_s16_session3_natural,13,152,18.066666666666666,1.756709098815918,0.4855994070057296
COHFACE_s16_session3_natural,13,153,18.1,1.49799644947052,0.4829096896101146
COHFACE_s16_session3_natural,13,154,18.133333333333333,1.2757381200790405,0.44784420520405616
COHFACE_s16_session3_natural,13,155,18.166666666666668,1.1333508491516113,0.38680505607934096
COHFACE_s16_session3_natural,13,156,18.2,1.03801691532135,0.31346186104573
COHFACE_s16_session3_natural,13,157,18.233333333333334,0.9139306545257568,0.2462811470636085
COHFACE_s16_session3_natural,13,158,18.266666666666666,0.7385779023170471,0.2021944811438102
COHFACE_s16_session3_natural,13,159,18.3,0.5300526022911072,0.18999965566504678
COHFACE_s16_session3_natural,13,160,18.333333333333332,0.3155699372291565,0.20718074978718365
COHFACE_s16_session3_natural,13,161,18.366666666666667,0.11340125650167465,0.24163547819868503
COHFACE_s16_session3_natural,13,162,18.4,-0.06399155408143997,0.27731357146482877
COHFACE_s16_session3_natural,13,163,18.433333333333334,-0.21316412091255188,0.3009508900193491
COHFACE_s16_session3_natural,13,164,18.466666666666665,-0.33973389863967896,0.3064357295696142
COHFACE_s16_session3_natural,13,165,18.5,-0.4566061794757843,0.29468895305579
COHFACE_s16_session3_natural,13,166,18.533333333333335,-0.5638844966888428,0.26997590238128427
COHFACE_s16_session3_natural,13,167,18.566666666666666,-0.6633427143096924,0.23580054963902136
COHFACE_s16_session3_natural,13,168,18.6,-0.7527635097503662,0.1929868008724185
COHFACE_s16_session3_natural,13,169,18.633333333333333,-0.8436329364776611,0.14029875150332163
COHFACE_s16_session3_natural,13,170,18.666666666666668,-0.9238884449005127,0.07621901605931082
COHFACE_s16_session3_natural,13,171,18.7,-0.9951264262199402,0.0003644504371892467
COHFACE_s16_session3_natural,13,172,18.733333333333334,-1.0640435218811035,-0.0858724112858928
COHFACE_s16_session3_natural,13,173,18.766666666666666,-1.1307728290557861,-0.17895082378947375
COHFACE_s16_session3_natural,13,174,18.8,-1.1936290264129639,-0.27283300461091053
COHFACE_s16_session3_natural,13,175,18.833333333333332,-1.2294474840164185,-0.35905265502194617
COHFACE_s16_session3_natural,13,176,18.866666666666667,-1.0797427892684937,-0.42757617971782114
COHFACE_s16_session3_natural,13,177,18.9,-0.47651854157447815,-0.46851588174042635
COHFACE_s16_session3_natural,13,178,18.933333333333334,0.46075117588043213,-0.47472127260538893
COHFACE_s16_session3_natural,13,179,18.966666666666665,1.282006025314331,-0.4450675153475202
COHFACE_s16_session3_natural,13,180,19.0,1.717342734336853,-0.3874240594449435
COHFACE_s16_session3_natural,13,181,19.033333333333335,1.8327219486236572,-0.31942509278003745
COHFACE_s16_session3_natural,13,182,19.066666666666666,1.800776481628418,-0.2652656173394315
COHFACE_s16_session3_natural,13,183,19.1,1.67312753200531,-0.24830829891916717
COHFACE_s16_session3_natural,13,184,19.133333333333333,1.439353346824646,-0.28178779533745285
COHFACE_s16_session3_natural,13,185,19.166666666666668,1.1900426149368286,-0.3616667650603987
COHFACE_s16_session3_natural,13,186,19.2,1.039125680923462,-0.46529946525476434
COHFACE_s16_session3_natural,13,187,19.233333333333334,0.9698094129562378,-0.5571621052050435
COHFACE_s16_session3_natural,13,188,19.266666666666666,0.8873808979988098,-0.5998009291988966
COHFACE_s16_session3_natural,13,189,19.3,0.7565832734107971,-0.5658860334382115
COHFACE_s16_session3_natural,13,190,19.333333333333332,0.5805504322052002,-0.4468715054690449
COHFACE_s16_session3_natural,13,191,19.366666666666667,0.370088666677475,-0.2551411256827992
COHFACE_s16_session3_natural,13,192,19.4,0.1633373349905014,-0.018952276057195044
COHFACE_s16_session3_natural,13,193,19.433333333333334,-0.015164179727435112,0.22768133678542615
COHFACE_s16_session3_natural,13,194,19.466666666666665,-0.164588063955307,0.45575711202192687
COHFACE_s16_session3_natural,13,195,19.5,-0.2971743941307068,0.6480537356437234
COHFACE_s16_session3_natural,13,196,19.533333333333335,-0.409892737865448,0.7995996600357956
COHFACE_s16_session3_natural,13,197,19.566666666666666,-0.5087892413139343,0.9128791707234194
COHFACE_s16_session3_natural,13,198,19.6,-0.5984317660331726,0.9910525431122069
COHFACE_s16_session3_natural,13,199,19.633333333333333,-0.6888577342033386,1.032722081557983
COHFACE_s16_session3_natural,13,200,19.666666666666668,-0.7763567566871643,1.0303817913985014
COHFACE_s16_session3_natural,13,201,19.7,-0.8507286906242371,0.9727401616272833
COHFACE_s16_session3_natural,13,202,19.733333333333334,-0.9197492599487305,0.8496273112185893
COHFACE_s16_session3_natural,13,203,19.766666666666666,-0.9844089150428772,0.6574143926139591
COHFACE_s16_session3_natural,13,204,19.8,-1.0400067567825317,0.402754196813552
COHFACE_s16_session3_natural,13,205,19.833333333333332,-1.1006159782409668,0.1033134484919624
COHFACE_s16_session3_natural,13,206,19.866666666666667,-1.166532278060913,-0.21418462517312126
COHFACE_s16_session3_natural,13,207,19.9,-1.1808123588562012,-0.5172559524598406
COHFACE_s16_session3_natural,13,208,19.933333333333334,-0.9486199617385864,-0.7714508461882136
COHFACE_s16_session3_natural,13,209,19.966666666666665,-0.27164462208747864,-0.9448343361399962
COHFACE_s16_session3_natural,13,210,20.0,0.6410118341445923,-1.0134489634798816
COHFACE_s16_session3_natural,13,211,20.033333333333335,1.3230576515197754,-0.9671685336535166
COHFACE_s16_session3_natural,13,212,20.066666666666666,1.6003669500350952,-0.8141904462899254
COHFACE_s16_session3_natural,13,213,20.1,1.6096652746200562,-0.5816784366953688
COHFACE_s16_session3_natural,13,214,20.133333333333333,1.488698124885559,-0.31052225905822156
COHFACE_s16_session3_natural,13,215,20.166666666666668,1.2680953741073608,-0.044670518477255595
COHFACE_s16_session3_natural,13,216,20.2,0.9928704500198364,0.18077267368840821
COHFACE_s16_session3_natural,13,217,20.233333333333334,0.8074949979782104,0.3470076902049351
COHFACE_s16_session3_natural,13,218,20.266666666666666,0.7459544539451599,0.4517614065218176
COHFACE_s16_session3_natural,13,219,20.3,0.7180002927780151,0.5039088609418066
COHFACE_s16_session3_natural,13,220,20.333333333333332,0.6475162506103516,0.51629369660874
COHFACE_s16_session3_natural,13,221,20.366666666666667,0.5105689764022827,0.4999430899880787
COHFACE_s16_session3_natural,13,222,20.4,0.32684916257858276,0.4610437535849419
COHFACE_s16_session3_natural,13,223,20.433333333333334,0.1303274929523468,0.40049750159764785
COHFACE_s16_session3_natural,13,224,20.466666666666665,-0.05470799282193184,0.31535759687889464
COHFACE_s16_session3_natural,13,225,20.5,-0.205373615026474,0.2016087492740944
COHFACE_s16_session3_natural,13,226,20.533333333333335,-0.3287798762321472,0.05785472112629159
COHFACE_s16_session3_natural,13,227,20.566666666666666,-0.4369451403617859,-0.11076225404833968
COHFACE_s16_session3_natural,13,228,20.6,-0.5264989733695984,-0.2895809264453556
COHFACE_s16_session3_natural,13,229,20.633333333333333,-0.6112040281295776,-0.4541028370986768
COHFACE_s16_session3_natural,13,230,20.666666666666668,-0.684999406337738,-0.5741137681465017
COHFACE_s16_session3_natural,13,231,20.7,-0.7664670944213867,-0.6226026053336299
COHFACE_s16_session3_natural,13,232,20.733333333333334,-0.8433964252471924,-0.5868697968812359
COHFACE_s16_session3_natural,13,233,20.766666666666666,-0.912077009677887,-0.4765352377513223
COHFACE_s16_session3_natural,13,234,20.8,-0.9778749942779541,-0.3231181613001621
COHFACE_s16_session3_natural,13,235,20.833333333333332,-1.0454025268554688,-0.1696697952600706
COHFACE_s16_session3_natural,13,236,20.866666666666667,-1.1134474277496338,-0.054989543140344904
COHFACE_s16_session3_natural,13,237,20.9,-1.1742488145828247,-0.0002634463179274774
COHFACE_s16_session3_natural,13,238,20.933333333333334,-1.154794692993164,-0.003470000499680276
COHFACE_s16_session3_natural,13,239,20.966666666666665,-0.8333293795585632,-0.042056367157738646
COHFACE_s16_session3_natural,14,0,14.0,0.468940794467926,0.04265889785964039
COHFACE_s16_session3_natural,14,1,14.033333333333333,0.4377196729183197,-0.05856592811700728
COHFACE_s16_session3_natural,14,2,14.066666666666666,0.3641016483306885,-0.11624839184314259
COHFACE_s16_session3_natural,14,3,14.1,0.225956991314888,-0.1017441965666901
COHFACE_s16_session3_natural,14,4,14.133333333333333,0.04912593215703964,-0.009311780781230477
COHFACE_s16_session3_natural,14,5,14.166666666666666,-0.11889462918043137,0.1437303809744159
COHFACE_s16_session3_natural,14,6,14.2,-0.27850380539894104,0.3251286127687047
COHFACE_s16_session3_natural,14,7,14.233333333333333,-0.4128049612045288,0.49950369975875525
COHFACE_s16_session3_natural,14,8,14.266666666666667,-0.5181614756584167,0.6383185358006268
COHFACE_s16_session3_natural,14,9,14.3,-0.6127561926841736,0.7247517105543746
COHFACE_s16_session3_natural,14,10,14.333333333333334,-0.6968256235122681,0.7534975861763825
COHFACE_s16_session3_natural,14,11,14.366666666666667,-0.771404504776001,0.7276867126743733
COHFACE_s16_session3_natural,14,12,14.4,-0.8469147086143494,0.6552575522231521
COHFACE_s16_session3_natural,14,13,14.433333333333334,-0.9109535217285156,0.5459822786180862
COHFACE_s16_session3_natural,14,14,14.466666666666667,-0.9687983393669128,0.409311119711592
COHFACE_s16_session3_natural,14,15,14.5,-1.0362372398376465,0.2528983826852635
COHFACE_s16_session3_natural,14,16,14.533333333333333,-1.0948951244354248,0.08197024582054238
COHFACE_s16_session3_natural,14,17,14.566666666666666,-1.1535530090332031,-0.10007058466410021
COHFACE_s16_session3_natural,14,18,14.6,-1.2081308364868164,-0.28974165496985393
COHFACE_s16_session3_natural,14,19,14.633333333333333,-1.2526564598083496,-0.4808705958521728
COHFACE_s16_session3_natural,14,20,14.666666666666666,-1.2241257429122925,-0.6623329698788174
COHFACE_s16_session3_natural,14,21,14.7,-0.9039465188980103,-0.817294180142041
COHFACE_s16_session3_natural,14,22,14.733333333333333,-0.184766486287117,-0.9248628780932567
COHFACE_s16_session3_natural,14,23,14.766666666666667,0.5935444831848145,-0.9644539800207549
COHFACE_s16_session3_natural,14,24,14.8,1.064271092414856,-0.9221990822066948
COHFACE_s16_session3_natural,14,25,14.833333333333334,1.1980252265930176,-0.7975354755627767
COHFACE_s16_session3_natural,14,26,14.866666666666667,1.1472022533416748,-0.6070834013171708
COHFACE_s16_session3_natural,14,27,14.9,1.0063966512680054,-0.38292249586356314
COHFACE_s16_session3_natural,14,28,14.933333333333334,0.7885287404060364,-0.16416495528863834
COHFACE_s16_session3_natural,14,29,14.966666666666667,0.5759382247924805,0.015579362161744274
COHFACE_s16_session3_natural,14,30,15.0,0.4582972228527069,0.13847722287876257
COHFACE_s16_session3_natural,14,31,15.033333333333333,0.41649165749549866,0.2045502262890075
COHFACE_s16_session3_natural,14,32,15.066666666666666,0.38386616110801697,0.22562301813001812
COHFACE_s16_session3_natural,14,33,15.1,0.3099524974822998,0.216935252848798
COHFACE_s16_session3_natural,14,34,15.133333333333333,0.17730702459812164,0.19198275086473385
COHFACE_s16_session3_natural,14,35,15.166666666666666,0.008384715765714645,0.16175408224883295
COHFACE_s16_session3_natural,14,36,15.2,-0.15716712176799774,0.13587614088975603
COHFACE_s16_session3_natural,14,37,15.233333333333333,-0.30759623646736145,0.1227860119054067
COHFACE_s16_session3_natural,14,38,15.266666666666667,-0.44177910685539246,0.12836430469827564
COHFACE_s16_session3_natural,14,39,15.3,-0.5560792088508606,0.15453058114182758
COHFACE_s16_session3_natural,14,40,15.333333333333334,-0.6413903832435608,0.1989478185773207
COHFACE_s16_session3_natural,14,41,15.366666666666667,-0.7141805291175842,0.2556670873997484
COHFACE_s16_session3_natural,14,42,15.4,-0.7742723822593689,0.316340150809885
COHFACE_s16_session3_natural,14,43,15.433333333333334,-0.8482747077941895,0.3719989644204775
COHFACE_s16_session3_natural,14,44,15.466666666666667,-0.9174727201461792,0.4151483723002526
COHFACE_s16_session3_natural,14,45,15.5,-0.9692714214324951,0.4414218981249428
COHFACE_s16_session3_natural,14,46,15.533333333333333,-1.0242927074432373,0.4501125665948101
COHFACE_s16_session3_natural,14,47,15.566666666666666,-1.0858776569366455,0.4433779874152101
COHFACE_s16_session3_natural,14,48,15.6,-1.1360650062561035,0.4243699854895908
COHFACE_s16_session3_natural,14,49,15.633333333333333,-1.1938951015472412,0.39489798586618297
COHFACE_s16_session3_natural,14,50,15.666666666666666,-1.229077935218811,0.3535603196211661
COHFACE_s16_session3_natural,14,51,15.7,-1.1185474395751953,0.2953994175646912
COHFACE_s16_session3_natural,14,52,15.733333333333333,-0.6046700477600098,0.21378931528474776
COHFACE_s16_session3_natural,14,53,15.766666666666667,0.2693147659301758,0.10429091845355984
COHFACE_s16_session3_natural,14,54,15.8,1.0514987707138062,-0.031094417493475936
COHFACE_s16_session3_natural,14,55,15.833333333333334,1.4675884246826172,-0.18156753509482232
COHFACE_s16_session3_natural,14,56,15.866666666666667,1.5844902992248535,-0.3287808201695458
COHFACE_s16_session3_natural,14,57,15.9,1.5595961809158325,-0.4517355394614473
COHFACE_s16_session3_natural,14,58,15.933333333333334,1.4543726444244385,-0.5334921699177888
COHFACE_s16_session3_natural,14,59,15.966666666666667,1.2615466117858887,-0.56678050010093
COHFACE_s16_session3_natural,14,60,16.0,1.0434718132019043,-0.5559568442112764
COHFACE_s16_session3_natural,14,61,16.033333333333335,0.8948017954826355,-0.5144415336285789
COHFACE_s16_session3_natural,14,62,16.066666666666666,0.8092688918113708,-0.45894439234271434
COHFACE_s16_session3_natural,14,63,16.1,0.7417265772819519,-0.4031553969427526
COHFACE_s16_session3_natural,14,64,16.133333333333333,0.6320091485977173,-0.3534160433071057
COHFACE_s16_session3_natural,14,65,16.166666666666668,0.4746321439743042,-0.307848569166727
COHFACE_s16_session3_natural,14,66,16.2,0.2923906147480011,-0.2592829907462529
COHFACE_s16_session3_natural,14,67,16.233333333333334,0.11786564439535141,-0.20076703853598482
COHFACE_s16_session3_natural,14,68,16.266666666666666,-0.050701871514320374,-0.13062420741345493
COHFACE_s16_session3_natural,14,69,16.3,-0.20342230796813965,-0.053927608787013345
COHFACE_s16_session3_natural,14,70,16.333333333333332,-0.32740509510040283,0.020107528600493633
COHFACE_s16_session3_natural,14,71,16.366666666666667,-0.4329981505870819,0.08239390578771237
COHFACE_s16_session3_natural,14,72,16.4,-0.533816397190094,0.12702758502912304
COHFACE_s16_session3_natural,14,73,16.433333333333334,-0.6182553768157959,0.15197952560147782
COHFACE_s16_session3_natural,14,74,16.466666666666665,-0.7055031061172485,0.15826055678347614
COHFACE_s16_session3_natural,14,75,16.5,-0.7892177104949951,0.14905196915234284
COHFACE_s16_session3_natural,14,76,16.533333333333335,-0.8643435835838318,0.1293253627915032
COHFACE_s16_session3_natural,14,77,16.566666666666666,-0.938538134098053,0.10530462085339949
COHFACE_s16_session3_natural,14,78,16.6,-1.0027986764907837,0.08316588298031463
COHFACE_s16_session3_natural,14,79,16.633333333333333,-1.054272174835205,0.06734700833653132
COHFACE_s16_session3_natural,14,80,16.666666666666668,-1.1110378503799438,0.05958565138675562
COHFACE_s16_session3_natural,14,81,16.7,-1.1765992641448975,0.059470073680356395
COHFACE_s16_session3_natural,14,82,16.733333333333334,-1.1655417680740356,0.06599105193037653
COHFACE_s16_session3_natural,14,83,16.766666666666666,-0.865260124206543,0.0786948246828548
COHFACE_s16_session3_natural,14,84,16.8,-0.10306231677532196,0.09758594258623113
COHFACE_s16_session3_natural,14,85,16.833333333333332,0.8515918850898743,0.12215775345414456
COHFACE_s16_session3_natural,14,86,16.866666666666667,1.5548509359359741,0.15057157427356724
COHFACE_s16_session3_natural,14,87,16.9,1.8801006078720093,0.17976445334452743
COHFACE_s16_session3_natural,14,88,16.933333333333334,1.964169979095459,0.206519206833598
COHFACE_s16_session3_natural,14,89,16.966666666666665,1.9507029056549072,0.2287846656643186
COHFACE_s16_session3_natural,14,90,17.0,1.8466176986694336,0.24626076998763122
COHFACE_s16_session3_natural,14,91,17.033333333333335,1.6332288980484009,0.25975883581194187
COHFACE_s16_session3_natural,14,92,17.066666666666666,1.3966312408447266,0.269867310766545
COHFACE_s16_session3_natural,14,93,17.1,1.22361421585083,0.27604910436224556
COHFACE_s16_session3_natural,14,94,17.133333333333333,1.1125071048736572,0.2768207674096488
COHFACE_s16_session3_natural,14,95,17.166666666666668,1.0099149942398071,0.270661745042612
COHFACE_s16_session3_natural,14,96,17.2,0.8680302500724792,0.25671850975204263
COHFACE_s16_session3_natural,14,97,17.233333333333334,0.6764460206031799,0.23460028740213942
COHFACE_s16_session3_natural,14,98,17.266666666666666,0.4687042832374573,0.2033931680430685
COHFACE_s16_session3_natural,14,99,17.3,0.2628103494644165,0.1607882209432107
COHFACE_s16_session3_natural,14,100,17.333333333333332,0.07682877779006958,0.10331029857078139
COHFACE_s16_session3_natural,14,101,17.366666666666667,-0.07739949226379395,0.027943208684875893
COHFACE_s16_session3_natural,14,102,17.4,-0.2117597609758377,-0.06559938364289102
COHFACE_s16_session3_natural,14,103,17.433333333333334,-0.33065730333328247,-0.17332950599470873
COHFACE_s16_session3_natural,14,104,17.466666666666665,-0.4355999231338501,-0.28720865101266374
COHFACE_s16_session3_natural,14,105,17.5,-0.5413112640380859,-0.3971444371560587
COHFACE_s16_session3_natural,14,106,17.533333333333335,-0.6528026461601257,-0.4937268160764654
COHFACE_s16_session3_natural,14,107,17.566666666666666,-0.7379215955734253,-0.5703194211342316
COHFACE_s16_session3_natural,14,108,17.6,-0.8164474964141846,-0.6236839038907092
COHFACE_s16_session3_natural,14,109,17.633333333333333,-0.8948403596878052,-0.6532809842716872
COHFACE_s16_session3_natural,14,110,17.666666666666668,-0.9664626717567444,-0.6600118927078673
COHFACE_s16_session3_natural,14,111,17.7,-1.0344189405441284,-0.6450263270491265
COHFACE_s16_session3_natural,14,112,17.733333333333334,-1.1070612668991089,-0.6086067748540074
COHFACE_s16_session3_natural,14,113,17.766666666666666,-1.1562730073928833,-0.5490810870314066
COHFACE_s16_session3_natural,14,114,17.8,-1.0523356199264526,-0.46259467872896864
COHFACE_s16_session3_natural,14,115,17.833333333333332,-0.5280807018280029,-0.3449872142794879
COHFACE_s16_session3_natural,14,116,17.866666666666667,0.3879905343055725,-0.19574112421700407
COHFACE_s16_session3_natural,14,117,17.9,1.2689380645751953,-0.021872548033647767
COHFACE_s16_session3_natural,14,118,17.933333333333334,1.797745943069458,0.16130917385792665
COHFACE_s16_session3_natural,14,119,17.966666666666665,1.9849250316619873,0.33386441178758397
COHFACE_s16_session3_natural,14,120,18.0,2.000284194946289,0.47688514598059867
COHFACE_s16_session3_natural,14,121,18.033333333333335,1.935964584350586,0.5762661754835352
COHFACE_s16_session3_natural,14,122,18.066666666666666,1.756709098815918,0.6237013073821919
COHFACE_s16_session3_natural,14,123,18.1,1.49799644947052,0.6172189060823462
COHFACE_s16_session3_natural,14,124,18.133333333333333,1.2757381200790405,0.5626599678172003
COHFACE_s16_session3_natural,14,125,18.166666666666668,1.1333508491516113,0.4746176409164172
COHFACE_s16_session3_natural,14,126,18.2,1.03801691532135,0.3745121033027967
COHFACE_s16_session3_natural,14,127,18.233333333333334,0.9139306545257568,0.2852066965636515
COHFACE_s16_session3_natural,14,128,18.266666666666666,0.7385779023170471,0.22408503142920033
COHFACE_s16_session3_natural,14,129,18.3,0.5300526022911072,0.1977792269810756
COHFACE_s16_session3_natural,14,130,18.333333333333332,0.3155699372291565,0.20085318925118215
COHFACE_s16_session3_natural,14,131,18.366666666666667,0.11340125650167465,0.2187905013828215
COHFACE_s16_session3_natural,14,132,18.4,-0.06399155408143997,0.2340528816091102
COHFACE_s16_session3_natural,14,133,18.433333333333334,-0.21316412091255188,0.23283512714480217
COHFACE_s16_session3_natural,14,134,18.466666666666665,-0.33973389863967896,0.20945169241124406
COHFACE_s16_session3_natural,14,135,18.5,-0.4566061794757843,0.16626975843392622
COHFACE_s16_session3_natural,14,136,18.533333333333335,-0.5638844966888428,0.11002753596835775
COHFACE_s16_session3_natural,14,137,18.566666666666666,-0.6633427143096924,0.04772317607869511
COHFACE_s16_session3_natural,14,138,18.6,-0.7527635097503662,-0.015257569414665842
COHFACE_s16_session3_natural,14,139,18.633333333333333,-0.8436329364776611,-0.0745713345191554
COHFACE_s16_session3_natural,14,140,18.666666666666668,-0.9238884449005127,-0.12574845155009268
COHFACE_s16_session3_natural,14,141,18.7,-0.9951264262199402,-0.16439665650712257
COHFACE_s16_session3_natural,14,142,18.733333333333334,-1.0640435218811035,-0.18804104856261675
COHFACE_s16_session3_natural,14,143,18.766666666666666,-1.1307728290557861,-0.19808542461452103
COHFACE_s16_session3_natural,14,144,18.8,-1.1936290264129639,-0.20016900497331627
COHFACE_s16_session3_natural,14,145,18.833333333333332,-1.2294474840164185,-0.20233670076599172
COHFACE_s16_session3_natural,14,146,18.866666666666667,-1.0797427892684937,-0.211793517436802
COHFACE_s16_session3_natural,14,147,18.9,-0.47651854157447815,-0.23175799692236976
COHFACE_s16_session3_natural,14,148,18.933333333333334,0.46075117588043213,-0.25984894324738683
COHFACE_s16_session3_natural,14,149,18.966666666666665,1.282006025314331,-0.28893445618115576
COHFACE_s16_session3_natural,14,150,19.0,1.717342734336853,-0.31070752201825
COHFACE_s16_session3_natural,14,151,19.033333333333335,1.8327219486236572,-0.3209273607356462
COHFACE_s16_session3_natural,14,152,19.066666666666666,1.800776481628418,-0.3234243079760912
COHFACE_s16_session3_natural,14,153,19.1,1.67312753200531,-0.32953444005460775
COHFACE_s16_session3_natural,14,154,19.133333333333333,1.439353346824646,-0.3519903393083012
COHFACE_s16_session3_natural,14,155,19.166666666666668,1.1900426149368286,-0.39608727782231956
COHFACE_s16_session3_natural,14,156,19.2,1.039125680923462,-0.4534551182978919
COHFACE_s16_session3_natural,14,157,19.233333333333334,0.9698094129562378,-0.502877808666046
COHFACE_s16_session3_natural,14,158,19.266666666666666,0.8873808979988098,-0.5183724136667145
COHFACE_s16_session3_natural,14,159,19.3,0.7565832734107971,-0.4802016469171853
COHFACE_s16_session3_natural,14,160,19.333333333333332,0.5805504322052002,-0.3828899628835584
COHFACE_s16_session3_natural,14,161,19.366666666666667,0.370088666677475,-0.23624914115790746
COHFACE_s16_session3_natural,14,162,19.4,0.1633373349905014,-0.059406210355255055
COHFACE_s16_session3_natural,14,163,19.433333333333334,-0.015164179727435112,0.12845880343843977
COHFACE_s16_session3_natural,14,164,19.466666666666665,-0.164588063955307,0.3154905326634832
COHFACE_s16_session3_natural,14,165,19.5,-0.2971743941307068,0.4988575765154269
COHFACE_s16_session3_natural,14,166,19.533333333333335,-0.409892737865448,0.6803364792450854
COHFACE_s16_session3_natural,14,167,19.566666666666666,-0.5087892413139343,0.8586943094041269
COHFACE_s16_session3_natural,14,168,19.6,-0.5984317660331726,1.0232914309231953
COHFACE_s16_session3_natural,14,169,19.633333333333333,-0.6888577342033386,1.1524725585510072
COHFACE_s16_session3_natural,14,170,19.666666666666668,-0.7763567566871643,1.2178095763690544
COHFACE_s16_session3_natural,14,171,19.7,-0.8507286906242371,1.192562767070551
COHFACE_s16_session3_natural,14,172,19.733333333333334,-0.9197492599487305,1.0611101333548212
COHFACE_s16_session3_natural,14,173,19.766666666666666,-0.9844089150428772,0.825830237200141
COHFACE_s16_session3_natural,14,174,19.8,-1.0400067567825317,0.5087987758406353
COHFACE_s16_session3_natural,14,175,19.833333333333332,-1.1006159782409668,0.1475880653214375
COHFACE_s16_session3_natural,14,176,19.866666666666667,-1.166532278060913,-0.21310108700577385
COHFACE_s16_session3_natural,14,177,19.9,-1.1808123588562012,-0.5307599937467469
COHFACE_s16_session3_natural,14,178,19.933333333333334,-0.9486199617385864,-0.7725376487396055
COHFACE_s16_session3_natural,14,179,19.966666666666665,-0.27164462208747864,-0.9194777539475997
COHFACE_s16_session3_natural,14,180,20.0,0.6410118341445923,-0.9673515262153048
COHFACE_s16_session3_natural,14,181,20.033333333333335,1.3230576515197754,-0.924712580449038
COHFACE_s16_session3_natural,14,182,20.066666666666666,1.6003669500350952,-0.8093814765186603
COHFACE_s16_session3_natural,14,183,20.1,1.6096652746200562,-0.6445306423680396
COHFACE_s16_session3_natural,14,184,20.133333333333333,1.488698124885559,-0.4548113328238827
COHFACE_s16_session3_natural,14,185,20.166666666666668,1.2680953741073608,-0.26258615683457315
COHFACE_s16_session3_natural,14,186,20.2,0.9928704500198364,-0.08492058967632779
COHFACE_s16_session3_natural,14,187,20.233333333333334,0.8074949979782104,0.06761458052491821
COHFACE_s16_session3_natural,14,188,20.266666666666666,0.7459544539451599,0.190102002520239
COHFACE_s16_session3_natural,14,189,20.3,0.7180002927780151,0.2812592373454705
COHFACE_s16_session3_natural,14,190,20.333333333333332,0.6475162506103516,0.34124681144520513
COHFACE_s16_session3_natural,14,191,20.366666666666667,0.5105689764022827,0.36987429260171956
COHFACE_s16_session3_natural,14,192,20.4,0.32684916257858276,0.365576054110138
COHFACE_s16_session3_natural,14,193,20.433333333333334,0.1303274929523468,0.3254871958044779
COHFACE_s16_session3_natural,14,194,20.466666666666665,-0.05470799282193184,0.24670952995871726
COHFACE_s16_session3_natural,14,195,20.5,-0.205373615026474,0.12850947411464891
COHFACE_s16_session3_natural,14,196,20.533333333333335,-0.3287798762321472,-0.025038134037164463
COHFACE_s16_session3_natural,14,197,20.566666666666666,-0.4369451403617859,-0.20256490748830921
COHFACE_s16_session3_natural,14,198,20.6,-0.5264989733695984,-0.38386575447742827
COHFACE_s16_session3_natural,14,199,20.633333333333333,-0.6112040281295776,-0.5404965914633117
COHFACE_s16_session3_natural,14,200,20.666666666666668,-0.684999406337738,-0.6399985239263724
COHFACE_s16_session3_natural,14,201,20.7,-0.7664670944213867,-0.6541999514504707
COHFACE_s16_session3_natural,14,202,20.733333333333334,-0.8433964252471924,-0.5693512648538965
COHFACE_s16_session3_natural,14,203,20.766666666666666,-0.912077009677887,-0.39336324026246766
COHFACE_s16_session3_natural,14,204,20.8,-0.9778749942779541,-0.15554599734786229
COHFACE_s16_session3_natural,14,205,20.833333333333332,-1.0454025268554688,0.10211015776517197
COHFACE_s16_session3_natural,14,206,20.866666666666667,-1.1134474277496338,0.33774330127804475
COHFACE_s16_session3_natural,14,207,20.9,-1.1742488145828247,0.5199066022349489
COHFACE_s16_session3_natural,14,208,20.933333333333334,-1.154794692993164,0.6319736448976722
COHFACE_s16_session3_natural,14,209,20.966666666666665,-0.8333293795585632,0.67172139648563
COHFACE_s16_session3_natural,14,210,21.0,-0.05170710012316704,0.6481129812483523
COHFACE_s16_session3_natural,14,211,21.033333333333335,0.8571501970291138,0.5763542792059368
COHFACE_s16_session3_natural,14,212,21.066666666666666,1.4643657207489014,0.47248014985401293
COHFACE_s16_session3_natural,14,213,21.1,1.6714422702789307,0.34931831120505336
COHFACE_s16_session3_natural,14,214,21.133333333333333,1.6405020952224731,0.215000131971051
COHFACE_s16_session3_natural,14,215,21.166666666666668,1.5096453428268433,0.07386711232207686
COHFACE_s16_session3_natural,14,216,21.2,1.272574543952942,-0.07109711954003568
COHFACE_s16_session3_natural,14,217,21.233333333333334,0.998990535736084,-0.21538980839937497
COHFACE_s16_session3_natural,14,218,21.266666666666666,0.8220707774162292,-0.3509140206837651
COHFACE_s16_session3_natural,14,219,21.3,0.7540997266769409,-0.46580591303081004
COHFACE_s16_session3_natural,14,220,21.333333333333332,0.7169950604438782,-0.5464846263439991
COHFACE_s16_session3_natural,14,221,21.366666666666667,0.6332804560661316,-0.5812074363285918
COHFACE_s16_session3_natural,14,222,21.4,0.4826887547969818,-0.5637175733662737
COHFACE_s16_session3_natural,14,223,21.433333333333334,0.2856349050998688,-0.49548049726930327
COHFACE_s16_session3_natural,14,224,21.466666666666665,0.08089403063058853,-0.3855323241069368
COHFACE_s16_session3_natural,14,225,21.5,-0.10470320284366608,-0.2480370482564535
COHFACE_s16_session3_natural,14,226,21.533333333333335,-0.25869494676589966,-0.09884136929889938
COHFACE_s16_session3_natural,14,227,21.566666666666666,-0.3867873251438141,0.047285278378461845
COHFACE_s16_session3_natural,14,228,21.6,-0.49288302659988403,0.17788314304017028
COHFACE_s16_session3_natural,14,229,21.633333333333333,-0.5811359286308289,0.28295099392915213
COHFACE_s16_session3_natural,14,230,21.666666666666668,-0.6610513925552368,0.3550809774583567
COHFACE_s16_session3_natural,14,231,21.7,-0.7435833811759949,0.3902767720854401
COHFACE_s16_session3_natural,14,232,21.733333333333334,-0.8289684653282166,0.3891866558648652
COHFACE_s16_session3_natural,14,233,21.766666666666666,-0.9069917798042297,0.3577616090551582
COHFACE_s16_session3_natural,14,234,21.8,-0.9745045304298401,0.3064656883334346
COHFACE_s16_session3_natural,14,235,21.833333333333332,-1.0342415571212769,0.24789924602990127
COHFACE_s16_session3_natural,14,236,21.866666666666667,-1.1005568504333496,0.19347022953334772
COHFACE_s16_session3_natural,14,237,21.9,-1.1697252988815308,0.15022136209379927
COHFACE_s16_session3_natural,14,238,21.933333333333334,-1.2226622104644775,0.11897114914867689
COHFACE_s16_session3_natural,14,239,21.966666666666665,-1.1816844940185547,0.09456508253833512
COHFACE_s16_session3_natural,15,0,15.0,0.4582972228527069,-0.0355404563637287
COHFACE_s16_session3_natural,15,1,15.033333333333333,0.41649165749549866,-0.5144879964990955
COHFACE_s16_session3_natural,15,2,15.066666666666666,0.38386616110801697,-0.9184962675942496
COHFACE_s16_session3_natural,15,3,15.1,0.3099524974822998,-1.1921886972175646
COHFACE_s16_session3_natural,15,4,15.133333333333333,0.17730702459812164,-1.3120538345064252
COHFACE_s16_session3_natural,15,5,15.166666666666666,0.008384715765714645,-1.2881347668712804
COHFACE_s16_session3_natural,15,6,15.2,-0.15716712176799774,-1.1543832108592829
COHFACE_s16_session3_natural,15,7,15.233333333333333,-0.30759623646736145,-0.9535409342452081
COHFACE_s16_session3_natural,15,8,15.266666666666667,-0.44177910685539246,-0.7238921635899053
COHFACE_s16_session3_natural,15,9,15.3,-0.5560792088508606,-0.49240597080188375
COHFACE_s16_session3_natural,15,10,15.333333333333334,-0.6413903832435608,-0.27481939936422695
COHFACE_s16_session3_natural,15,11,15.366666666666667,-0.7141805291175842,-0.08004273940785907
COHFACE_s16_session3_natural,15,12,15.4,-0.7742723822593689,0.08516508591777533
COHFACE_s16_session3_natural,15,13,15.433333333333334,-0.8482747077941895,0.2143994079675326
COHFACE_s16_session3_natural,15,14,15.466666666666667,-0.9174727201461792,0.3031200189483658
COHFACE_s16_session3_natural,15,15,15.5,-0.9692714214324951,0.35145664718478636
COHFACE_s16_session3_natural,15,16,15.533333333333333,-1.0242927074432373,0.3658580951724874
COHFACE_s16_session3_natural,15,17,15.566666666666666,-1.0858776569366455,0.3582746466901173
COHFACE_s16_session3_natural,15,18,15.6,-1.1360650062561035,0.3429700083313737
COHFACE_s16_session3_natural,15,19,15.633333333333333,-1.1938951015472412,0.3320715596568984
COHFACE_s16_session3_natural,15,20,15.666666666666666,-1.229077935218811,0.33146010189952096
COHFACE_s16_session3_natural,15,21,15.7,-1.1185474395751953,0.33861706949095965
COHFACE_s16_session3_natural,15,22,15.733333333333333,-0.6046700477600098,0.34357894315847626
COHFACE_s16_session3_natural,15,23,15.766666666666667,0.2693147659301758,0.33299351755282497
COHFACE_s16_session3_natural,15,24,15.8,1.0514987707138062,0.29567072726999444
COHFACE_s16_session3_natural,15,25,15.833333333333334,1.4675884246826172,0.2271299289544854
COHFACE_s16_session3_natural,15,26,15.866666666666667,1.5844902992248535,0.13131906852125874
COHFACE_s16_session3_natural,15,27,15.9,1.5595961809158325,0.019324988052263015
COHFACE_s16_session3_natural,15,28,15.933333333333334,1.4543726444244385,-0.09372915084782202
COHFACE_s16_session3_natural,15,29,15.966666666666667,1.2615466117858887,-0.19213841702095638
COHFACE_s16_session3_natural,15,30,16.0,1.0434718132019043,-0.26270696777456437
COHFACE_s16_session3_natural,15,31,16.033333333333335,0.8948017954826355,-0.2972952883091697
COHFACE_s16_session3_natural,15,32,16.066666666666666,0.8092688918113708,-0.29423025241142287
COHFACE_s16_session3_natural,15,33,16.1,0.7417265772819519,-0.25772263103251974
COHFACE_s16_session3_natural,15,34,16.133333333333333,0.6320091485977173,-0.19543034916805002
COHFACE_s16_session3_natural,15,35,16.166666666666668,0.4746321439743042,-0.11580213991257075
COHFACE_s16_session3_natural,15,36,16.2,0.2923906147480011,-0.02726693679803245
COHFACE_s16_session3_natural,15,37,16.233333333333334,0.11786564439535141,0.06026244556363909
COHFACE_s16_session3_natural,15,38,16.266666666666666,-0.050701871514320374,0.13386828490984382
COHFACE_s16_session3_natural,15,39,16.3,-0.20342230796813965,0.17917397297568868
COHFACE_s16_session3_natural,15,40,16.333333333333332,-0.32740509510040283,0.18520745809736575
COHFACE_s16_session3_natural,15,41,16.366666666666667,-0.4329981505870819,0.14944478984037562
COHFACE_s16_session3_natural,15,42,16.4,-0.533816397190094,0.07955024384983178
COHFACE_s16_session3_natural,15,43,16.433333333333334,-0.6182553768157959,-0.009258603974827634
COHFACE_s16_session3_natural,15,44,16.466666666666665,-0.7055031061172485,-0.09952392752416055
COHFACE_s16_session3_natural,15,45,16.5,-0.7892177104949951,-0.17665295499303252
COHFACE_s16_session3_natural,15,46,16.533333333333335,-0.8643435835838318,-0.23184450691846512
COHFACE_s16_session3_natural,15,47,16.566666666666666,-0.938538134098053,-0.262627354641182
COHFACE_s16_session3_natural,15,48,16.6,-1.0027986764907837,-0.27182355110886985
COHFACE_s16_session3_natural,15,49,16.633333333333333,-1.054272174835205,-0.2656486204531594
COHFACE_s16_session3_natural,15,50,16.666666666666668,-1.1110378503799438,-0.25109246901572063
COHFACE_s16_session3_natural,15,51,16.7,-1.1765992641448975,-0.2327966670303538
COHFACE_s16_session3_natural,15,52,16.733333333333334,-1.1655417680740356,-0.21062103607482624
COHFACE_s16_session3_natural,15,53,16.766666666666666,-0.865260124206543,-0.17949054853791077
COHFACE_s16_session3_natural,15,54,16.8,-0.10306231677532196,-0.13183735761115628
COHFACE_s16_session3_natural,15,55,16.833333333333332,0.8515918850898743,-0.06129592043148055
COHFACE_s16_session3_natural,15,56,16.866666666666667,1.5548509359359741,0.034091762607275554
COHFACE_s16_session3_natural,15,57,16.9,1.8801006078720093,0.15025602680678668
COHFACE_s16_session3_natural,15,58,16.933333333333334,1.964169979095459,0.2773906296337442
COHFACE_s16_session3_natural,15,59,16.966666666666665,1.9507029056549072,0.40184877556119386
COHFACE_s16_session3_natural,15,60,17.0,1.8466176986694336,0.5088475961087889
COHFACE_s16_session3_natural,15,61,17.033333333333335,1.6332288980484009,0.5851270581278029
COHFACE_s16_session3_natural,15,62,17.066666666666666,1.3966312408447266,0.621159102818652
COHFACE_s16_session3_natural,15,63,17.1,1.22361421585083,0.612883809690056
COHFACE_s16_session3_natural,15,64,17.133333333333333,1.1125071048736572,0.5627847797905788
COHFACE_s16_session3_natural,15,65,17.166666666666668,1.0099149942398071,0.4797307484451947
COHFACE_s16_session3_natural,15,66,17.2,0.8680302500724792,0.3770180978166454
COHFACE_s16_session3_natural,15,67,17.233333333333334,0.6764460206031799,0.2687065183876734
COHFACE_s16_session3_natural,15,68,17.266666666666666,0.4687042832374573,0.1653840067565958
COHFACE_s16_session3_natural,15,69,17.3,0.2628103494644165,0.07118592209535894
COHFACE_s16_session3_natural,15,70,17.333333333333332,0.07682877779006958,-0.01640628180972626
COHFACE_s16_session3_natural,15,71,17.366666666666667,-0.07739949226379395,-0.10369846791707099
COHFACE_s16_session3_natural,15,72,17.4,-0.2117597609758377,-0.19612605406918263
COHFACE_s16_session3_natural,15,73,17.433333333333334,-0.33065730333328247,-0.29411528304414875
COHFACE_s16_session3_natural,15,74,17.466666666666665,-0.4355999231338501,-0.39160641963104215
COHFACE_s16_session3_natural,15,75,17.5,-0.5413112640380859,-0.477931043591117
COHFACE_s16_session3_natural,15,76,17.533333333333335,-0.6528026461601257,-0.5417563361071266
COHFACE_s16_session3_natural,15,77,17.566666666666666,-0.7379215955734253,-0.5748426362520549
COHFACE_s16_session3_natural,15,78,17.6,-0.8164474964141846,-0.5741917494100505
COHFACE_s16_session3_natural,15,79,17.633333333333333,-0.8948403596878052,-0.5425698452603378
COHFACE_s16_session3_natural,15,80,17.666666666666668,-0.9664626717567444,-0.4878675871759998
COHFACE_s16_session3_natural,15,81,17.7,-1.0344189405441284,-0.4213388610888595
COHFACE_s16_session3_natural,15,82,17.733333333333334,-1.1070612668991089,-0.354434767116276
COHFACE_s16_session3_natural,15,83,17.766666666666666,-1.1562730073928833,-0.29470703542459686
COHFACE_s16_session3_natural,15,84,17.8,-1.0523356199264526,-0.24285301345784752
COHFACE_s16_session3_natural,15,85,17.833333333333332,-0.5280807018280029,-0.19326573817273934
COHFACE_s16_session3_natural,15,86,17.866666666666667,0.3879905343055725,-0.13814005213202882
COHFACE_s16_session3_natural,15,87,17.9,1.2689380645751953,-0.07227095187362363
COHFACE_s16_session3_natural,15,88,17.933333333333334,1.797745943069458,0.004940561605973839
COHFACE_s16_session3_natural,15,89,17.966666666666665,1.9849250316619873,0.09111219699225749
COHFACE_s16_session3_natural,15,90,18.0,2.000284194946289,0.1830220787098207
COHFACE_s16_session3_natural,15,91,18.033333333333335,1.935964584350586,0.2756062911742287
COHFACE_s16_session3_natural,15,92,18.066666666666666,1.756709098815918,0.358767180079355
COHFACE_s16_session3_natural,15,93,18.1,1.49799644947052,0.4170405192575184
COHFACE_s16_session3_natural,15,94,18.133333333333333,1.2757381200790405,0.43525073035136397
COHFACE_s16_session3_natural,15,95,18.166666666666668,1.1333508491516113,0.4076572084284732
COHFACE_s16_session3_natural,15,96,18.2,1.03801691532135,0.3443357847813017
COHFACE_s16_session3_natural,15,97,18.233333333333334,0.9139306545257568,0.2696285826575406
COHFACE_s16_session3_natural,15,98,18.266666666666666,0.7385779023170471,0.2126759395037332
COHFACE_s16_session3_natural,15,99,18.3,0.5300526022911072,0.19512902882150665
COHFACE_s16_session3_natural,15,100,18.333333333333332,0.3155699372291565,0.22234173624002088
COHFACE_s16_session3_natural,15,101,18.366666666666667,0.11340125650167465,0.28188921858249016
COHFACE_s16_session3_natural,15,102,18.4,-0.06399155408143997,0.3494597575292279
COHFACE_s16_session3_natural,15,103,18.433333333333334,-0.21316412091255188,0.3987386185762781
COHFACE_s16_session3_natural,15,104,18.466666666666665,-0.33973389863967896,0.4101727120477198
COHFACE_s16_session3_natural,15,105,18.5,-0.4566061794757843,0.374754516238975
COHFACE_s16_session3_natural,15,106,18.533333333333335,-0.5638844966888428,0.29279446877794446
COHFACE_s16_session3_natural,15,107,18.566666666666666,-0.6633427143096924,0.17090712058929422
COHFACE_s16_session3_natural,15,108,18.6,-0.7527635097503662,0.02036648680769356
COHFACE_s16_session3_natural,15,109,18.633333333333333,-0.8436329364776611,-0.14275133700383102
COHFACE_s16_session3_natural,15,110,18.666666666666668,-0.9238884449005127,-0.29792593171853365
COHFACE_s16_session3_natural,15,111,18.7,-0.9951264262199402,-0.4234346468212165
COHFACE_s16_session3_natural,15,112,18.733333333333334,-1.0640435218811035,-0.502004564517641
COHFACE_s16_session3_natural,15,113,18.766666666666666,-1.1307728290557861,-0.5256797173275968
COHFACE_s16_session3_natural,15,114,18.8,-1.1936290264129639,-0.49703879377891325
COHFACE_s16_session3_natural,15,115,18.833333333333332,-1.2294474840164185,-0.4264679377885428
COHFACE_s16_session3_natural,15,116,18.866666666666667,-1.0797427892684937,-0.3275379784539938
COHFACE_s16_session3_natural,15,117,18.9,-0.47651854157447815,-0.21323844924853586
COHFACE_s16_session3_natural,15,118,18.933333333333334,0.46075117588043213,-0.09478930152724846
COHFACE_s16_session3_natural,15,119,18.966666666666665,1.282006025314331,0.017029708033952907
COHFACE_s16_session3_natural,15,120,19.0,1.717342734336853,0.10947418773318282
COHFACE_s16_session3_natural,15,121,19.033333333333335,1.8327219486236572,0.16638479792421804
COHFACE_s16_session3_natural,15,122,19.066666666666666,1.800776481628418,0.16953085277975086
COHFACE_s16_session3_natural,15,123,19.1,1.67312753200531,0.1035754938387615
COHFACE_s16_session3_natural,15,124,19.133333333333333,1.439353346824646,-0.0362621296116958
COHFACE_s16_session3_natural,15,125,19.166666666666668,1.1900426149368286,-0.23685140344374608
COHFACE_s16_session3_natural,15,126,19.2,1.039125680923462,-0.4644653713366949
COHFACE_s16_session3_natural,15,127,19.233333333333334,0.9698094129562378,-0.670100171365569
COHFACE_s16_session3_natural,15,128,19.266666666666666,0.8873808979988098,-0.8023289996117201
COHFACE_s16_session3_natural,15,129,19.3,0.7565832734107971,-0.8230452942035131
COHFACE_s16_session3_natural,15,130,19.333333333333332,0.5805504322052002,-0.7197018979389579
COHFACE_s16_session3_natural,15,131,19.366666666666667,0.370088666677475,-0.5089675066337518
COHFACE_s16_session3_natural,15,132,19.4,0.1633373349905014,-0.23020043561326525
COHFACE_s16_session3_natural,15,133,19.433333333333334,-0.015164179727435112,0.0685512426383539
COHFACE_s16_session3_natural,15,134,19.466666666666665,-0.164588063955307,0.3459287433954486
COHFACE_s16_session3_natural,15,135,19.5,-0.2971743941307068,0.5774936221339568
COHFACE_s16_session3_natural,15,136,19.533333333333335,-0.409892737865448,0.7573750883739383
COHFACE_s16_session3_natural,15,137,19.566666666666666,-0.5087892413139343,0.8923339687183924
COHFACE_s16_session3_natural,15,138,19.6,-0.5984317660331726,0.9922494474820996
COHFACE_s16_session3_natural,15,139,19.633333333333333,-0.6888577342033386,1.0615546947457355
COHFACE_s16_session3_natural,15,140,19.666666666666668,-0.7763567566871643,1.094709048900866
COHFACE_s16_session3_natural,15,141,19.7,-0.8507286906242371,1.0768056025516117
COHFACE_s16_session3_natural,15,142,19.733333333333334,-0.9197492599487305,0.9889040840056037
COHFACE_s16_session3_natural,15,143,19.766666666666666,-0.9844089150428772,0.8163155287273179
COHFACE_s16_session3_natural,15,144,19.8,-1.0400067567825317,0.5566560673861443
COHFACE_s16_session3_natural,15,145,19.833333333333332,-1.1006159782409668,0.22439857858556245
COHFACE_s16_session3_natural,15,146,19.866666666666667,-1.166532278060913,-0.14938027579685068
COHFACE_s16_session3_natural,15,147,19.9,-1.1808123588562012,-0.5212318316524878
COHFACE_s16_session3_natural,15,148,19.933333333333334,-0.9486199617385864,-0.842280078908442
COHFACE_s16_session3_natural,15,149,19.966666666666665,-0.27164462208747864,-1.0670234398255907
COHFACE_s16_session3_natural,15,150,20.0,0.6410118341445923,-1.1628591680714402
COHFACE_s16_session3_natural,15,151,20.033333333333335,1.3230576515197754,-1.118248985243141
COHFACE_s16_session3_natural,15,152,20.066666666666666,1.6003669500350952,-0.9467786774899025
COHFACE_s16_session3_natural,15,153,20.1,1.6096652746200562,-0.6847945596132223
COHFACE_s16_session3_natural,15,154,20.133333333333333,1.488698124885559,-0.38218077553098584
COHFACE_s16_session3_natural,15,155,20.166666666666668,1.2680953741073608,-0.08885881234186241
COHFACE_s16_session3_natural,15,156,20.2,0.9928704500198364,0.15769188646113558
COHFACE_s16_session3_natural,15,157,20.233333333333334,0.8074949979782104,0.33870970625248165
COHFACE_s16_session3_natural,15,158,20.266666666666666,0.7459544539451599,0.45276980313806564
COHFACE_s16_session3_natural,15,159,20.3,0.7180002927780151,0.5094186058744318
COHFACE_s16_session3_natural,15,160,20.333333333333332,0.6475162506103516,0.5217184342584966
COHFACE_s16_session3_natural,15,161,20.366666666666667,0.5105689764022827,0.5004395316368326
COHFACE_s16_session3_natural,15,162,20.4,0.32684916257858276,0.4511294967655536
COHFACE_s16_session3_natural,15,163,20.433333333333334,0.1303274929523468,0.3741136703728685
COHFACE_s16_session3_natural,15,164,20.466666666666665,-0.05470799282193184,0.2666126621274439
COHFACE_s16_session3_natural,15,165,20.5,-0.205373615026474,0.12587107988332705
COHFACE_s16_session3_natural,15,166,20.533333333333335,-0.3287798762321472,-0.04745939916369657
COHFACE_s16_session3_natural,15,167,20.566666666666666,-0.4369451403617859,-0.24602821076689863
COHFACE_s16_session3_natural,15,168,20.6,-0.5264989733695984,-0.45309276165500273
COHFACE_s16_session3_natural,15,169,20.633333333333333,-0.6112040281295776,-0.641749485042479
COHFACE_s16_session3_natural,15,170,20.666666666666668,-0.684999406337738,-0.778115399224501
COHFACE_s16_session3_natural,15,171,20.7,-0.7664670944213867,-0.8295242095875253
COHFACE_s16_session3_natural,15,172,20.733333333333334,-0.8433964252471924,-0.7757219342474172
COHFACE_s16_session3_natural,15,173,20.766666666666666,-0.912077009677887,-0.6179546381065734
COHFACE_s16_session3_natural,15,174,20.8,-0.9778749942779541,-0.38054399320301596
COHFACE_s16_session3_natural,15,175,20.833333333333332,-1.0454025268554688,-0.10332416052237732
COHFACE_s16_session3_natural,15,176,20.866666666666667,-1.1134474277496338,0.17073963675954146
COHFACE_s16_session3_natural,15,177,20.9,-1.1742488145828247,0.4058163152090112
COHFACE_s16_session3_natural,15,178,20.933333333333334,-1.154794692993164,0.5780119810629373
COHFACE_s16_session3_natural,15,179,20.966666666666665,-0.8333293795585632,0.6761980539292936
COHFACE_s16_session3_natural,15,180,21.0,-0.05170710012316704,0.7010369806924971
COHFACE_s16_session3_natural,15,181,21.033333333333335,0.8571501970291138,0.6625679548147225
COHFACE_s16_session3_natural,15,182,21.066666666666666,1.4643657207489014,0.576215876505825
COHFACE_s16_session3_natural,15,183,21.1,1.6714422702789307,0.45809161457705494
COHFACE_s16_session3_natural,15,184,21.133333333333333,1.6405020952224731,0.32129595284214874
COHFACE_s16_session3_natural,15,185,21.166666666666668,1.5096453428268433,0.17468652026929318
COHFACE_s16_session3_natural,15,186,21.2,1.272574543952942,0.02428024766884942
COHFACE_s16_session3_natural,15,187,21.233333333333334,0.998990535736084,-0.12392810475023991
COHFACE_s16_session3_natural,15,188,21.266666666666666,0.8220707774162292,-0.26149945039173467
COHFACE_s16_session3_natural,15,189,21.3,0.7540997266769409,-0.3767834778890781
COHFACE_s16_session3_natural,15,190,21.333333333333332,0.7169950604438782,-0.4562673266958555
COHFACE_s16_session3_natural,15,191,21.366666666666667,0.6332804560661316,-0.4876145815978147
COHFACE_s16_session3_natural,15,192,21.4,0.4826887547969818,-0.46350226697724545
COHFACE_s16_session3_natural,15,193,21.433333333333334,0.2856349050998688,-0.3849367822535347
COHFACE_s16_session3_natural,15,194,21.466666666666665,0.08089403063058853,-0.26229950096335064
COHFACE_s16_session3_natural,15,195,21.5,-0.10470320284366608,-0.11293061475838177
COHFACE_s16_session3_natural,15,196,21.533333333333335,-0.25869494676589966,0.04396548454467106
COHFACE_s16_session3_natural,15,197,21.566666666666666,-0.3867873251438141,0.19246217284987593
COHFACE_s16_session3_natural,15,198,21.6,-0.49288302659988403,0.3224467962745643
COHFACE_s16_session3_natural,15,199,21.633333333333333,-0.5811359286308289,0.42863933740234283
COHFACE_s16_session3_natural,15,200,21.666666666666668,-0.6610513925552368,0.5074016417812343
COHFACE_s16_session3_natural,15,201,21.7,-0.7435833811759949,0.5538293517299439
COHFACE_s16_session3_natural,15,202,21.733333333333334,-0.8289684653282166,0.5610365103860819
COHFACE_s16_session3_natural,15,203,21.766666666666666,-0.9069917798042297,0.5219580359175516
COHFACE_s16_session3_natural,15,204,21.8,-0.9745045304298401,0.432650637568657
COHFACE_s16_session3_natural,15,205,21.833333333333332,-1.0342415571212769,0.29553287719270427
COHFACE_s16_session3_natural,15,206,21.866666666666667,-1.1005568504333496,0.12121960417336962
COHFACE_s16_session3_natural,15,207,21.9,-1.1697252988815308,-0.07178913626014839
COHFACE_s16_session3_natural,15,208,21.933333333333334,-1.2226622104644775,-0.25968182941840934
COHFACE_s16_session3_natural,15,209,21.966666666666665,-1.1816844940185547,-0.41776581571969745
COHFACE_s16_session3_natural,15,210,22.0,-0.7770219445228577,-0.5258609522788744
COHFACE_s16_session3_natural,15,211,22.033333333333335,0.11777695268392563,-0.5732265611839598
COHFACE_s16_session3_natural,15,212,22.066666666666666,1.1263437271118164,-0.5612209098835544
COHFACE_s16_session3_natural,15,213,22.1,1.802225112915039,-0.5023679606957112
COHFACE_s16_session3_natural,15,214,22.133333333333333,2.0736212730407715,-0.416048107703386
COHFACE_s16_session3_natural,15,215,22.166666666666668,2.1079025268554688,-0.3226219448269376
COHFACE_s16_session3_natural,15,216,22.2,2.0533690452575684,-0.23829683443947344
COHFACE_s16_session3_natural,15,217,22.233333333333334,1.8925625085830688,-0.17236071592379687
COHFACE_s16_session3_natural,15,218,22.266666666666666,1.6257636547088623,-0.12712564485930167
COHFACE_s16_session3_natural,15,219,22.3,1.3704954385757446,-0.09972578272711738
COHFACE_s16_session3_natural,15,220,22.333333333333332,1.203347086906433,-0.0843261611713743
COHFACE_s16_session3_natural,15,221,22.366666666666667,1.0861495733261108,-0.07351847292155278
COHFACE_s16_session3_natural,15,222,22.4,0.9672815799713135,-0.058607637246631844
COHFACE_s16_session3_natural,15,223,22.433333333333334,0.7975462079048157,-0.029823125400383732
COHFACE_s16_session3_natural,15,224,22.466666666666665,0.5829156637191772,0.021645195439134443
COHFACE_s16_session3_natural,15,225,22.5,0.35186153650283813,0.09901874086215644
COHFACE_s16_session3_natural,15,226,22.533333333333335,0.12874573469161987,0.19505430526263554
COHFACE_s16_session3_natural,15,227,22.566666666666666,-0.06394720077514648,0.29118560008115324
COHFACE_s16_session3_natural,15,228,22.6,-0.2251085788011551,0.36303231225195204
COHFACE_s16_session3_natural,15,229,22.633333333333333,-0.3581088185310364,0.3903067106996631
COHFACE_s16_session3_natural,15,230,22.666666666666668,-0.4751585125923157,0.36582552807518415
COHFACE_s16_session3_natural,15,231,22.7,-0.5782976746559143,0.29849853455142766
COHFACE_s16_session3_natural,15,232,22.733333333333334,-0.6831811666488647,0.20889832532561672
COHFACE_s16_session3_natural,15,233,22.766666666666666,-0.7884637713432312,0.1203975223264319
COHFACE_s16_session3_natural,15,234,22.8,-0.8773375749588013,0.05074391852205625
COHFACE_s16_session3_natural,15,235,22.833333333333332,-0.9593669772148132,0.007785033594915074
COHFACE_s16_session3_natural,15,236,22.866666666666667,-1.0392380952835083,-0.009795572831940222
COHFACE_s16_session3_natural,15,237,22.9,-1.1075490713119507,-0.00852542079558995
COHFACE_s16_session3_natural,15,238,22.933333333333334,-1.1699026823043823,0.004165351405055676
COHFACE_s16_session3_natural,15,239,22.966666666666665,-1.2372084856033325,0.022422144277648503
COHFACE_s16_session3_natural,16,0,16.0,1.0434718132019043,0.04468915590789732
COHFACE_s16_session3_natural,16,1,16.033333333333335,0.8948017954826355,-0.17658338532055431
COHFACE_s16_session3_natural,16,2,16.066666666666666,0.8092688918113708,-0.36274572732858523
COHFACE_s16_session3_natural,16,3,16.1,0.7417265772819519,-0.48867308956294353
COHFACE_s16_session3_natural,16,4,16.133333333333333,0.6320091485977173,-0.5468577402084542
COHFACE_s16_session3_natural,16,5,16.166666666666668,0.4746321439743042,-0.5469609319867916
COHFACE_s16_session3_natural,16,6,16.2,0.2923906147480011,-0.509288823107415
COHFACE_s16_session3_natural,16,7,16.233333333333334,0.11786564439535141,-0.45668991176183693
COHFACE_s16_session3_natural,16,8,16.266666666666666,-0.050701871514320374,-0.4086117548208662
COHFACE_s16_session3_natural,16,9,16.3,-0.20342230796813965,-0.37799765299106175
COHFACE_s16_session3_natural,16,10,16.333333333333332,-0.32740509510040283,-0.3700158051789537
COHFACE_s16_session3_natural,16,11,16.366666666666667,-0.4329981505870819,-0.38191509860750383
COHFACE_s16_session3_natural,16,12,16.4,-0.533816397190094,-0.40423807243120485
COHFACE_s16_session3_natural,16,13,16.433333333333334,-0.6182553768157959,-0.4237700688978399
COHFACE_s16_session3_natural,16,14,16.466666666666665,-0.7055031061172485,-0.4275833266735221
COHFACE_s16_session3_natural,16,15,16.5,-0.7892177104949951,-0.4066460644758978
COHFACE_s16_session3_natural,16,16,16.533333333333335,-0.8643435835838318,-0.35789448249383926
COHFACE_s16_session3_natural,16,17,16.566666666666666,-0.938538134098053,-0.2847275327451707
COHFACE_s16_session3_natural,16,18,16.6,-1.0027986764907837,-0.19634480485859263
COHFACE_s16_session3_natural,16,19,16.633333333333333,-1.054272174835205,-0.10595520613573199
COHFACE_s16_session3_natural,16,20,16.666666666666668,-1.1110378503799438,-0.02737498604189466
COHFACE_s16_session3_natural,16,21,16.7,-1.1765992641448975,0.029796613910899918
COHFACE_s16_session3_natural,16,22,16.733333333333334,-1.1655417680740356,0.06431897986072736
COHFACE_s16_session3_natural,16,23,16.766666666666666,-0.865260124206543,0.08391704850843947
COHFACE_s16_session3_natural,16,24,16.8,-0.10306231677532196,0.1015975041392909
COHFACE_s16_session3_natural,16,25,16.833333333333332,0.8515918850898743,0.1298199006166808
COHFACE_s16_session3_natural,16,26,16.866666666666667,1.5548509359359741,0.17564356835079387
COHFACE_s16_session3_natural,16,27,16.9,1.8801006078720093,0.23888932128402482
COHFACE_s16_session3_natural,16,28,16.933333333333334,1.964169979095459,0.31351833462879725
COHFACE_s16_session3_natural,16,29,16.966666666666665,1.9507029056549072,0.3908724411548969
COHFACE_s16_session3_natural,16,30,17.0,1.8466176986694336,0.4627825558987538
COHFACE_s16_session3_natural,16,31,17.033333333333335,1.6332288980484009,0.5231435963467245
COHFACE_s16_session3_natural,16,32,17.066666666666666,1.3966312408447266,0.5679802049173569
COHFACE_s16_session3_natural,16,33,17.1,1.22361421585083,0.59505640428925
COHFACE_s16_session3_natural,16,34,17.133333333333333,1.1125071048736572,0.6038502445040574
COHFACE_s16_session3_natural,16,35,17.166666666666668,1.0099149942398071,0.5957752480625468
COHFACE_s16_session3_natural,16,36,17.2,0.8680302500724792,0.5739319405906292
COHFACE_s16_session3_natural,16,37,17.233333333333334,0.6764460206031799,0.5418481733951055
COHFACE_s16_session3_natural,16,38,17.266666666666666,0.4687042832374573,0.5014319913815783
COHFACE_s16_session3_natural,16,39,17.3,0.2628103494644165,0.4511553569517176
COHFACE_s16_session3_natural,16,40,17.333333333333332,0.07682877779006958,0.38572676287823493
COHFACE_s16_session3_natural,16,41,17.366666666666667,-0.07739949226379395,0.2979497108209954
COHFACE_s16_session3_natural,16,42,17.4,-0.2117597609758377,0.1822878672574292
COHFACE_s16_session3_natural,16,43,17.433333333333334,-0.33065730333328247,0.038436445992361026
COHFACE_s16_session3_natural,16,44,17.466666666666665,-0.4355999231338501,-0.1272588337625327
COHFACE_s16_session3_natural,16,45,17.5,-0.5413112640380859,-0.30361299798146324
COHFACE_s16_session3_natural,16,46,17.533333333333335,-0.6528026461601257,-0.4784242477328822
COHFACE_s16_session3_natural,16,47,17.566666666666666,-0.7379215955734253,-0.6416509583840859
COHFACE_s16_session3_natural,16,48,17.6,-0.8164474964141846,-0.7862112993678115
COHFACE_s16_session3_natural,16,49,17.633333333333333,-0.8948403596878052,-0.9067762621432661
COHFACE_s16_session3_natural,16,50,17.666666666666668,-0.9664626717567444,-0.9981576645914231
COHFACE_s16_session3_natural,16,51,17.7,-1.0344189405441284,-1.0544865912506474
COHFACE_s16_session3_natural,16,52,17.733333333333334,-1.1070612668991089,-1.069054430375651
COHFACE_s16_session3_natural,16,53,17.766666666666666,-1.1562730073928833,-1.034240681873193
COHFACE_s16_session3_natural,16,54,17.8,-1.0523356199264526,-0.9421207797189124
COHFACE_s16_session3_natural,16,55,17.833333333333332,-0.5280807018280029,-0.7871669038318694
COHFACE_s16_session3_natural,16,56,17.866666666666667,0.3879905343055725,-0.5710721877937348
COHFACE_s16_session3_natural,16,57,17.9,1.2689380645751953,-0.3072040994373382
COHFACE_s16_session3_natural,16,58,17.933333333333334,1.797745943069458,-0.021022238222274694
COHFACE_s16_session3_natural,16,59,17.966666666666665,1.9849250316619873,0.25520996284778574
COHFACE_s16_session3_natural,16,60,18.0,2.000284194946289,0.49078736479119583
COHFACE_s16_session3_natural,16,61,18.033333333333335,1.935964584350586,0.6631888176604281
COHFACE_s16_session3_natural,16,62,18.066666666666666,1.756709098815918,0.7607819708325583
COHFACE_s16_session3_natural,16,63,18.1,1.49799644947052,0.7831440166342413
COHFACE_s16_session3_natural,16,64,18.133333333333333,1.2757381200790405,0.740928665413595
COHFACE_s16_session3_natural,16,65,18.166666666666668,1.1333508491516113,0.6550646060123201
COHFACE_s16_session3_natural,16,66,18.2,1.03801691532135,0.5535323776499389
COHFACE_s16_session3_natural,16,67,18.233333333333334,0.9139306545257568,0.4647003788894379
COHFACE_s16_session3_natural,16,68,18.266666666666666,0.7385779023170471,0.40878055570633254
COHFACE_s16_session3_natural,16,69,18.3,0.5300526022911072,0.3911285059209354
COHFACE_s16_session3_natural,16,70,18.333333333333332,0.3155699372291565,0.4008604636924595
COHFACE_s16_session3_natural,16,71,18.366666666666667,0.11340125650167465,0.41586010479643637
COHFACE_s16_session3_natural,16,72,18.4,-0.06399155408143997,0.41224185634474364
COHFACE_s16_session3_natural,16,73,18.433333333333334,-0.21316412091255188,0.37410132720861333
COHFACE_s16_session3_natural,16,74,18.466666666666665,-0.33973389863967896,0.29900580135324273
COHFACE_s16_session3_natural,16,75,18.5,-0.4566061794757843,0.19689705014901976
COHFACE_s16_session3_natural,16,76,18.533333333333335,-0.5638844966888428,0.08405442489848587
COHFACE_s16_session3_natural,16,77,18.566666666666666,-0.6633427143096924,-0.023603323545569495
COHFACE_s16_session3_natural,16,78,18.6,-0.7527635097503662,-0.11450489291763656
COHFACE_s16_session3_natural,16,79,18.633333333333333,-0.8436329364776611,-0.18221759383035427
COHFACE_s16_session3_natural,16,80,18.666666666666668,-0.9238884449005127,-0.22462825526442637
COHFACE_s16_session3_natural,16,81,18.7,-0.9951264262199402,-0.2432417329081007
COHFACE_s16_session3_natural,16,82,18.733333333333334,-1.0640435218811035,-0.24305859723995402
COHFACE_s16_session3_natural,16,83,18.766666666666666,-1.1307728290557861,-0.23224230185708047
COHFACE_s16_session3_natural,16,84,18.8,-1.1936290264129639,-0.2206599339611577
COHFACE_s16_session3_natural,16,85,18.833333333333332,-1.2294474840164185,-0.21712390992535416
COHFACE_s16_session3_natural,16,86,18.866666666666667,-1.0797427892684937,-0.2260226440373459
COHFACE_s16_session3_natural,16,87,18.9,-0.47651854157447815,-0.24479681778241325
COHFACE_s16_session3_natural,16,88,18.933333333333334,0.46075117588043213,-0.2641568825921287
COHFACE_s16_session3_natural,16,89,18.966666666666665,1.282006025314331,-0.27223851774528673
COHFACE_s16_session3_natural,16,90,19.0,1.717342734336853,-0.261748415281781
COHFACE_s16_session3_natural,16,91,19.033333333333335,1.8327219486236572,-0.23668817715489354
COHFACE_s16_session3_natural,16,92,19.066666666666666,1.800776481628418,-0.21422824422615094
COHFACE_s16_session3_natural,16,93,19.1,1.67312753200531,-0.21904726666289984
COHFACE_s16_session3_natural,16,94,19.133333333333333,1.439353346824646,-0.27162295024240557
COHFACE_s16_session3_natural,16,95,19.166666666666668,1.1900426149368286,-0.3759651352601853
COHFACE_s16_session3_natural,16,96,19.2,1.039125680923462,-0.5133511865574415
COHFACE_s16_session3_natural,16,97,19.233333333333334,0.9698094129562378,-0.646014420336365
COHFACE_s16_session3_natural,16,98,19.266666666666666,0.8873808979988098,-0.7297651101520628
COHFACE_s16_session3_natural,16,99,19.3,0.7565832734107971,-0.7299188986187837
COHFACE_s16_session3_natural,16,100,19.333333333333332,0.5805504322052002,-0.6332150654314048
COHFACE_s16_session3_natural,16,101,19.366666666666667,0.370088666677475,-0.4504502721023739
COHFACE_s16_session3_natural,16,102,19.4,0.1633373349905014,-0.20927547378556838
COHFACE_s16_session3_natural,16,103,19.433333333333334,-0.015164179727435112,0.058512220751175396
COHFACE_s16_session3_natural,16,104,19.466666666666665,-0.164588063955307,0.32839543327209697
COHFACE_s16_session3_natural,16,105,19.5,-0.2971743941307068,0.5877244895085536
COHFACE_s16_session3_natural,16,106,19.533333333333335,-0.409892737865448,0.8321447918228271
COHFACE_s16_session3_natural,16,107,19.566666666666666,-0.5087892413139343,1.0571518132370261
COHFACE_s16_session3_natural,16,108,19.6,-0.5984317660331726,1.2503522052710039
COHFACE_s16_session3_natural,16,109,19.633333333333333,-0.6888577342033386,1.3890618039836589
COHFACE_s16_session3_natural,16,110,19.666666666666668,-0.7763567566871643,1.4445945705782746
COHFACE_s16_session3_natural,16,111,19.7,-0.8507286906242371,1.3911614480061523
COHFACE_s16_session3_natural,16,112,19.733333333333334,-0.9197492599487305,1.2155508840499136
COHFACE_s16_session3_natural,16,113,19.766666666666666,-0.9844089150428772,0.9238326097562491
COHFACE_s16_session3_natural,16,114,19.8,-1.0400067567825317,0.5425726281661757
COHFACE_s16_session3_natural,16,115,19.833333333333332,-1.1006159782409668,0.11420935211756796
COHFACE_s16_session3_natural,16,116,19.866666666666667,-1.166532278060913,-0.3113197871166792
COHFACE_s16_session3_natural,16,117,19.9,-1.1808123588562012,-0.6855739963737936
COHFACE_s16_session3_natural,16,118,19.933333333333334,-0.9486199617385864,-0.9692053903417008
COHFACE_s16_session3_natural,16,119,19.966666666666665,-0.27164462208747864,-1.1375533749962552
COHFACE_s16_session3_natural,16,120,20.0,0.6410118341445923,-1.1836898699253082
COHFACE_s16_session3_natural,16,121,20.033333333333335,1.3230576515197754,-1.1181347837184659
COHFACE_s16_session3_natural,16,122,20.066666666666666,1.6003669500350952,-0.9653129661418415
COHFACE_s16_session3_natural,16,123,20.1,1.6096652746200562,-0.7578456124940092
COHFACE_s16_session3_natural,16,124,20.133333333333333,1.488698124885559,-0.5298316795165804
COHFACE_s16_session3_natural,16,125,20.166666666666668,1.2680953741073608,-0.310206293116514
COHFACE_s16_session3_natural,16,126,20.2,0.9928704500198364,-0.11785096685721314
COHFACE_s16_session3_natural,16,127,20.233333333333334,0.8074949979782104,0.039834133793889816
COHFACE_s16_session3_natural,16,128,20.266666666666666,0.7459544539451599,0.16470704830511157
COHFACE_s16_session3_natural,16,129,20.3,0.7180002927780151,0.2635407241284458
COHFACE_s16_session3_natural,16,130,20.333333333333332,0.6475162506103516,0.3434220346267749
COHFACE_s16_session3_natural,16,131,20.366666666666667,0.5105689764022827,0.4081206849526071
COHFACE_s16_session3_natural,16,132,20.4,0.32684916257858276,0.4561039245080412
COHFACE_s16_session3_natural,16,133,20.433333333333334,0.1303274929523468,0.4804800322417507
COHFACE_s16_session3_natural,16,134,20.466666666666665,-0.05470799282193184,0.47069190952740825
COHFACE_s16_session3_natural,16,135,20.5,-0.205373615026474,0.41554126571349603
COHFACE_s16_session3_natural,16,136,20.533333333333335,-0.3287798762321472,0.30726826654902467
COHFACE_s16_session3_natural,16,137,20.566666666666666,-0.4369451403617859,0.1463813715548542
COHFACE_s16_session3_natural,16,138,20.6,-0.5264989733695984,-0.053810016861505924
COHFACE_s16_session3_natural,16,139,20.633333333333333,-0.6112040281295776,-0.2652259081511087
COHFACE_s16_session3_natural,16,140,20.666666666666668,-0.684999406337738,-0.448459608668009
COHFACE_s16_session3_natural,16,141,20.7,-0.7664670944213867,-0.5627707067999235
COHFACE_s16_session3_natural,16,142,20.733333333333334,-0.8433964252471924,-0.5796808630143051
COHFACE_s16_session3_natural,16,143,20.766666666666666,-0.912077009677887,-0.4938651040906312
COHFACE_s16_session3_natural,16,144,20.8,-0.9778749942779541,-0.3255725417171751
COHFACE_s16_session3_natural,16,145,20.833333333333332,-1.0454025268554688,-0.11332830626614505
COHFACE_s16_session3_natural,16,146,20.866666666666667,-1.1134474277496338,0.09873212133758978
COHFACE_s16_session3_natural,16,147,20.9,-1.1742488145828247,0.2724539527062129
COHFACE_s16_session3_natural,16,148,20.933333333333334,-1.154794692993164,0.38285792770578986
COHFACE_s16_session3_natural,16,149,20.966666666666665,-0.8333293795585632,0.4213336445215492
COHFACE_s16_session3_natural,16,150,21.0,-0.05170710012316704,0.39528349414674774
COHFACE_s16_session3_natural,16,151,21.033333333333335,0.8571501970291138,0.3235856367858455
COHFACE_s16_session3_natural,16,152,21.066666666666666,1.4643657207489014,0.22863899300609555
COHFACE_s16_session3_natural,16,153,21.1,1.6714422702789307,0.12821041105883668
COHFACE_s16_session3_natural,16,154,21.133333333333333,1.6405020952224731,0.03080706315518602
COHFACE_s16_session3_natural,16,155,21.166666666666668,1.5096453428268433,-0.06359570824407615
COHFACE_s16_session3_natural,16,156,21.2,1.272574543952942,-0.15853410715996458
COHFACE_s16_session3_natural,16,157,21.233333333333334,0.998990535736084,-0.25491562180308214
COHFACE_s16_session3_natural,16,158,21.266666666666666,0.8220707774162292,-0.34709187828248733
COHFACE_s16_session3_natural,16,159,21.3,0.7540997266769409,-0.42290848124126446
COHFACE_s16_session3_natural,16,160,21.333333333333332,0.7169950604438782,-0.4673073500984969
COHFACE_s16_session3_natural,16,161,21.366666666666667,0.6332804560661316,-0.46748069770387807
COHFACE_s16_session3_natural,16,162,21.4,0.4826887547969818,-0.4172895464422968
COHFACE_s16_session3_natural,16,163,21.433333333333334,0.2856349050998688,-0.31934341919740716
COHFACE_s16_session3_natural,16,164,21.466666666666665,0.08089403063058853,-0.18415950097145048
COHFACE_s16_session3_natural,16,165,21.5,-0.10470320284366608,-0.026975974243548674
COHFACE_s16_session3_natural,16,166,21.533333333333335,-0.25869494676589966,0.13616270396876312
COHFACE_s16_session3_natural,16,167,21.566666666666666,-0.3867873251438141,0.2912609321314777
COHFACE_s16_session3_natural,16,168,21.6,-0.49288302659988403,0.4274050662040722
COHFACE_s16_session3_natural,16,169,21.633333333333333,-0.5811359286308289,0.5365013090796829
COHFACE_s16_session3_natural,16,170,21.666666666666668,-0.6610513925552368,0.6127313991639608
COHFACE_s16_session3_natural,16,171,21.7,-0.7435833811759949,0.6523770194652686
COHFACE_s16_session3_natural,16,172,21.733333333333334,-0.8289684653282166,0.6540279841799397
COHFACE_s16_session3_natural,16,173,21.766666666666666,-0.9069917798042297,0.6188347506694793
COHFACE_s16_session3_natural,16,174,21.8,-0.9745045304298401,0.5505802807951401
COHFACE_s16_session3_natural,16,175,21.833333333333332,-1.0342415571212769,0.45556753127288346
COHFACE_s16_session3_natural,16,176,21.866666666666667,-1.1005568504333496,0.34227322223465795
COHFACE_s16_session3_natural,16,177,21.9,-1.1697252988815308,0.22055338264972554
COHFACE_s16_session3_natural,16,178,21.933333333333334,-1.2226622104644775,0.10021590541204113
COHFACE_s16_session3_natural,16,179,21.966666666666665,-1.1816844940185547,-0.010948747972981161
COHFACE_s16_session3_natural,16,180,22.0,-0.7770219445228577,-0.10916943619847638
COHFACE_s16_session3_natural,16,181,22.033333333333335,0.11777695268392563,-0.19575413294454652
COHFACE_s16_session3_natural,16,182,22.066666666666666,1.1263437271118164,-0.27606621248927005
COHFACE_s16_session3_natural,16,183,22.1,1.802225112915039,-0.35613425347492633
COHFACE_s16_session3_natural,16,184,22.133333333333333,2.0736212730407715,-0.43842321438813986
COHFACE_s16_session3_natural,16,185,22.166666666666668,2.1079025268554688,-0.5193193420781435
COHFACE_s16_session3_natural,16,186,22.2,2.0533690452575684,-0.5898169344295939
COHFACE_s16_session3_natural,16,187,22.233333333333334,1.8925625085830688,-0.6388351794462567
COHFACE_s16_session3_natural,16,188,22.266666666666666,1.6257636547088623,-0.6573157645696738
COHFACE_s16_session3_natural,16,189,22.3,1.3704954385757446,-0.641255564565182
COHFACE_s16_session3_natural,16,190,22.333333333333332,1.203347086906433,-0.5926460248391959
COHFACE_s16_session3_natural,16,191,22.366666666666667,1.0861495733261108,-0.5181729066081419
COHFACE_s16_session3_natural,16,192,22.4,0.9672815799713135,-0.426144608529547
COHFACE_s16_session3_natural,16,193,22.433333333333334,0.7975462079048157,-0.3230142354656832
COHFACE_s16_session3_natural,16,194,22.466666666666665,0.5829156637191772,-0.21191868519969978
COHFACE_s16_session3_natural,16,195,22.5,0.35186153650283813,-0.0948603727426332
COHFACE_s16_session3_natural,16,196,22.533333333333335,0.12874573469161987,0.023161779340228623
COHFACE_s16_session3_natural,16,197,22.566666666666666,-0.06394720077514648,0.13218716291720956
COHFACE_s16_session3_natural,16,198,22.6,-0.2251085788011551,0.22004714990421603
COHFACE_s16_session3_natural,16,199,22.633333333333333,-0.3581088185310364,0.27843074629559417
COHFACE_s16_session3_natural,16,200,22.666666666666668,-0.4751585125923157,0.30804666994806534
COHFACE_s16_session3_natural,16,201,22.7,-0.5782976746559143,0.3190291369240857
COHFACE_s16_session3_natural,16,202,22.733333333333334,-0.6831811666488647,0.32596997331897426
COHFACE_s16_session3_natural,16,203,22.766666666666666,-0.7884637713432312,0.34054171878995027
COHFACE_s16_session3_natural,16,204,22.8,-0.8773375749588013,0.3659934873750274
COHFACE_s16_session3_natural,16,205,22.833333333333332,-0.9593669772148132,0.3963039355502849
COHFACE_s16_session3_natural,16,206,22.866666666666667,-1.0392380952835083,0.41975197553235194
COHFACE_s16_session3_natural,16,207,22.9,-1.1075490713119507,0.4243532561373129
COHFACE_s16_session3_natural,16,208,22.933333333333334,-1.1699026823043823,0.40247546992727756
COHFACE_s16_session3_natural,16,209,22.966666666666665,-1.2372084856033325,0.3532983506902377
COHFACE_s16_session3_natural,16,210,23.0,-1.2746087312698364,0.283095577455368
COHFACE_s16_session3_natural,16,211,23.033333333333335,-1.1086430549621582,0.20381318709860238
COHFACE_s16_session3_natural,16,212,23.066666666666666,-0.4646923542022705,0.13025640998028568
COHFACE_s16_session3_natural,16,213,23.1,0.561939001083374,0.07621621264901898
COHFACE_s16_session3_natural,16,214,23.133333333333333,1.4837459325790405,0.05052587970426754
COHFACE_s16_session3_natural,16,215,23.166666666666668,2.003610372543335,0.05452380385132653
COHFACE_s16_session3_natural,16,216,23.2,2.1842849254608154,0.08186639179615324
COHFACE_s16_session3_natural,16,217,23.233333333333334,2.1959781646728516,0.12048628053501678
COHFACE_s16_session3_natural,16,218,23.266666666666666,2.119654893875122,0.15565328768278702
COHFACE_s16_session3_natural,16,219,23.3,1.923340082168579,0.17309058306599798
COHFACE_s16_session3_natural,16,220,23.333333333333332,1.6394376754760742,0.16174271694018258
COHFACE_s16_session3_natural,16,221,23.366666666666667,1.385854721069336,0.11617917732773175
COHFACE_s16_session3_natural,16,222,23.4,1.2174497842788696,0.0382011184887536
COHFACE_s16_session3_natural,16,223,23.433333333333334,1.0962904691696167,-0.06327032937557454
COHFACE_s16_session3_natural,16,224,23.466666666666665,0.944974422454834,-0.1745787872985154
COHFACE_s16_session3_natural,16,225,23.5,0.7368039488792419,-0.2813699759202668
COHFACE_s16_session3_natural,16,226,23.533333333333335,0.5116185545921326,-0.3724700985379711
COHFACE_s16_session3_natural,16,227,23.566666666666666,0.2842748761177063,-0.44157975089551504
COHFACE_s16_session3_natural,16,228,23.6,0.07122611999511719,-0.485992254551684
COHFACE_s16_session3_natural,16,229,23.633333333333333,-0.1106015145778656,-0.5036204692273502
COHFACE_s16_session3_natural,16,230,23.666666666666668,-0.2679045796394348,-0.49113188518224177
COHFACE_s16_session3_natural,16,231,23.7,-0.4029892086982727,-0.4453708699219083
COHFACE_s16_session3_natural,16,232,23.733333333333334,-0.5281546115875244,-0.36739941265776976
COHFACE_s16_session3_natural,16,233,23.766666666666666,-0.6418042778968811,-0.2659194468105333
COHFACE_s16_session3_natural,16,234,23.8,-0.74651038646698,-0.15698781998247913
COHFACE_s16_session3_natural,16,235,23.833333333333332,-0.842731237411499,-0.059507211205152635
COHFACE_s16_session3_natural,16,236,23.866666666666667,-0.9348424077033997,0.011116153433206419
COHFACE_s16_session3_natural,16,237,23.9,-1.0194292068481445,0.04777882594920391
COHFACE_s16_session3_natural,16,238,23.933333333333334,-1.0942593812942505,0.0531835351999074
COHFACE_s16_session3_natural,16,239,23.966666666666665,-1.1567164659500122,0.03834944514497346
COHFACE_s16_session3_natural,17,0,17.0,1.8466176986694336,0.08368006165362256
COHFACE_s16_session3_natural,17,1,17.033333333333335,1.6332288980484009,0.06875593744041737
COHFACE_s16_session3_natural,17,2,17.066666666666666,1.3966312408447266,0.0660583051408373
COHFACE_s16_session3_natural,17,3,17.1,1.22361421585083,0.08470322694849673
COHFACE_s16_session3_natural,17,4,17.133333333333333,1.1125071048736572,0.12499191588722802
COHFACE_s16_session3_natural,17,5,17.166666666666668,1.0099149942398071,0.17875617954324502
COHFACE_s16_session3_natural,17,6,17.2,0.8680302500724792,0.23314334763613279
COHFACE_s16_session3_natural,17,7,17.233333333333334,0.6764460206031799,0.2753380773395115
COHFACE_s16_session3_natural,17,8,17.266666666666666,0.4687042832374573,0.2955307149973163
COHFACE_s16_session3_natural,17,9,17.3,0.2628103494644165,0.28723839915818433
COHFACE_s16_session3_natural,17,10,17.333333333333332,0.07682877779006958,0.24624259123386058
COHFACE_s16_session3_natural,17,11,17.366666666666667,-0.07739949226379395,0.1702121049325361
COHFACE_s16_session3_natural,17,12,17.4,-0.2117597609758377,0.05992544368714078
COHFACE_s16_session3_natural,17,13,17.433333333333334,-0.33065730333328247,-0.07886036796395016
COHFACE_s16_session3_natural,17,14,17.466666666666665,-0.4355999231338501,-0.2347161281081714
COHFACE_s16_session3_natural,17,15,17.5,-0.5413112640380859,-0.39211046065986555
COHFACE_s16_session3_natural,17,16,17.533333333333335,-0.6528026461601257,-0.5346379203512934
COHFACE_s16_session3_natural,17,17,17.566666666666666,-0.7379215955734253,-0.6481850131245813
COHFACE_s16_session3_natural,17,18,17.6,-0.8164474964141846,-0.7227538777936159
COHFACE_s16_session3_natural,17,19,17.633333333333333,-0.8948403596878052,-0.7528404468732907
COHFACE_s16_session3_natural,17,20,17.666666666666668,-0.9664626717567444,-0.7368977335668274
COHFACE_s16_session3_natural,17,21,17.7,-1.0344189405441284,-0.6762549452427119
COHFACE_s16_session3_natural,17,22,17.733333333333334,-1.1070612668991089,-0.5735288262225631
COHFACE_s16_session3_natural,17,23,17.766666666666666,-1.1562730073928833,-0.431007078217301
COHFACE_s16_session3_natural,17,24,17.8,-1.0523356199264526,-0.2506213791582323
COHFACE_s16_session3_natural,17,25,17.833333333333332,-0.5280807018280029,-0.03694100623197222
COHFACE_s16_session3_natural,17,26,17.866666666666667,0.3879905343055725,0.19800770928009778
COHFACE_s16_session3_natural,17,27,17.9,1.2689380645751953,0.4320645595416048
COHFACE_s16_session3_natural,17,28,17.933333333333334,1.797745943069458,0.6361816590501389
COHFACE_s16_session3_natural,17,29,17.966666666666665,1.9849250316619873,0.7833075522636576
COHFACE_s16_session3_natural,17,30,18.0,2.000284194946289,0.8572433090073222
COHFACE_s16_session3_natural,17,31,18.033333333333335,1.935964584350586,0.8550045531191192
COHFACE_s16_session3_natural,17,32,18.066666666666666,1.756709098815918,0.7823531145408057
COHFACE_s16_session3_natural,17,33,18.1,1.49799644947052,0.6485251314820606
COHFACE_s16_session3_natural,17,34,18.133333333333333,1.2757381200790405,0.46572988343796123
COHFACE_s16_session3_natural,17,35,18.166666666666668,1.1333508491516113,0.2531774343058244
COHFACE_s16_session3_natural,17,36,18.2,1.03801691532135,0.0401403445445192
COHFACE_s16_session3_natural,17,37,18.233333333333334,0.9139306545257568,-0.13755343977849982
COHFACE_s16_session3_natural,17,38,18.266666666666666,0.7385779023170471,-0.24782118569540112
COHFACE_s16_session3_natural,17,39,18.3,0.5300526022911072,-0.2738776284570536
COHFACE_s16_session3_natural,17,40,18.333333333333332,0.3155699372291565,-0.2204520216828552
COHFACE_s16_session3_natural,17,41,18.366666666666667,0.11340125650167465,-0.11148630705264659
COHFACE_s16_session3_natural,17,42,18.4,-0.06399155408143997,0.019194501517005184
COHFACE_s16_session3_natural,17,43,18.433333333333334,-0.21316412091255188,0.13935292089742277
COHFACE_s16_session3_natural,17,44,18.466666666666665,-0.33973389863967896,0.22644245882095826
COHFACE_s16_session3_natural,17,45,18.5,-0.4566061794757843,0.269420080960561
COHFACE_s16_session3_natural,17,46,18.533333333333335,-0.5638844966888428,0.26570638086755743
COHFACE_s16_session3_natural,17,47,18.566666666666666,-0.6633427143096924,0.21742103162797757
COHFACE_s16_session3_natural,17,48,18.6,-0.7527635097503662,0.129846134870086
COHFACE_s16_session3_natural,17,49,18.633333333333333,-0.8436329364776611,0.011898093464663053
COHFACE_s16_session3_natural,17,50,18.666666666666668,-0.9238884449005127,-0.12358236464556581
COHFACE_s16_session3_natural,17,51,18.7,-0.9951264262199402,-0.2613658988754194
COHFACE_s16_session3_natural,17,52,18.733333333333334,-1.0640435218811035,-0.3866404953973862
COHFACE_s16_session3_natural,17,53,18.766666666666666,-1.1307728290557861,-0.48713755935569175
COHFACE_s16_session3_natural,17,54,18.8,-1.1936290264129639,-0.5535728702130842
COHFACE_s16_session3_natural,17,55,18.833333333333332,-1.2294474840164185,-0.5791795452849873
COHFACE_s16_session3_natural,17,56,18.866666666666667,-1.0797427892684937,-0.5596512680670062
COHFACE_s16_session3_natural,17,57,18.9,-0.47651854157447815,-0.49413100628180906
COHFACE_s16_session3_natural,17,58,18.933333333333334,0.46075117588043213,-0.3869679341733909
COHFACE_s16_session3_natural,17,59,18.966666666666665,1.282006025314331,-0.24929019375485775
COHFACE_s16_session3_natural,17,60,19.0,1.717342734336853,-0.09919687558170531
COHFACE_s16_session3_natural,17,61,19.033333333333335,1.8327219486236572,0.040147684763603864
COHFACE_s16_session3_natural,17,62,19.066666666666666,1.800776481628418,0.1442163849855341
COHFACE_s16_session3_natural,17,63,19.1,1.67312753200531,0.19183124539048285
COHFACE_s16_session3_natural,17,64,19.133333333333333,1.439353346824646,0.17052616771833592
COHFACE_s16_session3_natural,17,65,19.166666666666668,1.1900426149368286,0.08198174199452421
COHFACE_s16_session3_natural,17,66,19.2,1.039125680923462,-0.05472234111031458
COHFACE_s16_session3_natural,17,67,19.233333333333334,0.9698094129562378,-0.20510232309316395
COHFACE_s16_session3_natural,17,68,19.266666666666666,0.8873808979988098,-0.3274640109680824
COHFACE_s16_session3_natural,17,69,19.3,0.7565832734107971,-0.3847581746298823
COHFACE_s16_session3_natural,17,70,19.333333333333332,0.5805504322052002,-0.3554592794712437
COHFACE_s16_session3_natural,17,71,19.366666666666667,0.370088666677475,-0.23918799779286345
COHFACE_s16_session3_natural,17,72,19.4,0.1633373349905014,-0.05517575547830013
COHFACE_s16_session3_natural,17,73,19.433333333333334,-0.015164179727435112,0.16519287904133778
COHFACE_s16_session3_natural,17,74,19.466666666666665,-0.164588063955307,0.3881671600912582
COHFACE_s16_session3_natural,17,75,19.5,-0.2971743941307068,0.5858009576068873
COHFACE_s16_session3_natural,17,76,19.533333333333335,-0.409892737865448,0.7402632209853919
COHFACE_s16_session3_natural,17,77,19.566666666666666,-0.5087892413139343,0.844216795678226
COHFACE_s16_session3_natural,17,78,19.6,-0.5984317660331726,0.8983051114391492
COHFACE_s16_session3_natural,17,79,19.633333333333333,-0.6888577342033386,0.9069461707683658
COHFACE_s16_session3_natural,17,80,19.666666666666668,-0.7763567566871643,0.8736921032602041
COHFACE_s16_session3_natural,17,81,19.7,-0.8507286906242371,0.7977634567917913
COHFACE_s16_session3_natural,17,82,19.733333333333334,-0.9197492599487305,0.6736306810141025
COHFACE_s16_session3_natural,17,83,19.766666666666666,-0.9844089150428772,0.49460784414807873
COHFACE_s16_session3_natural,17,84,19.8,-1.0400067567825317,0.2591118498975774
COHFACE_s16_session3_natural,17,85,19.833333333333332,-1.1006159782409668,-0.023628212840659975
COHFACE_s16_session3_natural,17,86,19.866666666666667,-1.166532278060913,-0.3313417490479823
COHFACE_s16_session3_natural,17,87,19.9,-1.1808123588562012,-0.6310821154447153
COHFACE_s16_session3_natural,17,88,19.933333333333334,-0.9486199617385864,-0.8854582045039441
COHFACE_s16_session3_natural,17,89,19.966666666666665,-0.27164462208747864,-1.060762618775827
COHFACE_s16_session3_natural,17,90,20.0,0.6410118341445923,-1.1344855278042383
COHFACE_s16_session3_natural,17,91,20.033333333333335,1.3230576515197754,-1.099979931042243
COHFACE_s16_session3_natural,17,92,20.066666666666666,1.6003669500350952,-0.967068152571269
COHFACE_s16_session3_natural,17,93,20.1,1.6096652746200562,-0.7586839983553089
COHFACE_s16_session3_natural,17,94,20.133333333333333,1.488698124885559,-0.5047519753540145
COHFACE_s16_session3_natural,17,95,20.166666666666668,1.2680953741073608,-0.23528088411767384
COHFACE_s16_session3_natural,17,96,20.2,0.9928704500198364,0.025050057768848222
COHFACE_s16_session3_natural,17,97,20.233333333333334,0.8074949979782104,0.2591729816178048
COHFACE_s16_session3_natural,17,98,20.266666666666666,0.7459544539451599,0.4567240822848098
COHFACE_s16_session3_natural,17,99,20.3,0.7180002927780151,0.6113173538813682
COHFACE_s16_session3_natural,17,100,20.333333333333332,0.6475162506103516,0.7176675975968924
COHFACE_s16_session3_natural,17,101,20.366666666666667,0.5105689764022827,0.7697322630490682
COHFACE_s16_session3_natural,17,102,20.4,0.32684916257858276,0.760483907849177
COHFACE_s16_session3_natural,17,103,20.433333333333334,0.1303274929523468,0.68342683627199
COHFACE_s16_session3_natural,17,104,20.466666666666665,-0.05470799282193184,0.5354279693269461
COHFACE_s16_session3_natural,17,105,20.5,-0.205373615026474,0.32002572082487446
COHFACE_s16_session3_natural,17,106,20.533333333333335,-0.3287798762321472,0.05029924131946731
COHFACE_s16_session3_natural,17,107,20.566666666666666,-0.4369451403617859,-0.249484879188119
COHFACE_s16_session3_natural,17,108,20.6,-0.5264989733695984,-0.5441539152572492
COHFACE_s16_session3_natural,17,109,20.633333333333333,-0.6112040281295776,-0.7907696179711767
COHFACE_s16_session3_natural,17,110,20.666666666666668,-0.684999406337738,-0.9457093127964676
COHFACE_s16_session3_natural,17,111,20.7,-0.7664670944213867,-0.9755433897725965
COHFACE_s16_session3_natural,17,112,20.733333333333334,-0.8433964252471924,-0.8686239816005216
COHFACE_s16_session3_natural,17,113,20.766666666666666,-0.912077009677887,-0.6417759242149774
COHFACE_s16_session3_natural,17,114,20.8,-0.9778749942779541,-0.33710120048110986
COHFACE_s16_session3_natural,17,115,20.833333333333332,-1.0454025268554688,-0.008737288096779674
COHFACE_s16_session3_natural,17,116,20.866666666666667,-1.1134474277496338,0.293915106760191
COHFACE_s16_session3_natural,17,117,20.9,-1.1742488145828247,0.5376566896349142
COHFACE_s16_session3_natural,17,118,20.933333333333334,-1.154794692993164,0.7078470503983043
COHFACE_s16_session3_natural,17,119,20.966666666666665,-0.8333293795585632,0.8042630602758304
COHFACE_s16_session3_natural,17,120,21.0,-0.05170710012316704,0.834482473386425
COHFACE_s16_session3_natural,17,121,21.033333333333335,0.8571501970291138,0.8071820912278063
COHFACE_s16_session3_natural,17,122,21.066666666666666,1.4643657207489014,0.7272292642581283
COHFACE_s16_session3_natural,17,123,21.1,1.6714422702789307,0.5945512562203082
COHFACE_s16_session3_natural,17,124,21.133333333333333,1.6405020952224731,0.40747958645373145
COHFACE_s16_session3_natural,17,125,21.166666666666668,1.5096453428268433,0.16899851021608217
COHFACE_s16_session3_natural,17,126,21.2,1.272574543952942,-0.10733538212753203
COHFACE_s16_session3_natural,17,127,21.233333333333334,0.998990535736084,-0.39509818761263293
COHFACE_s16_session3_natural,17,128,21.266666666666666,0.8220707774162292,-0.6580061112155217
COHFACE_s16_session3_natural,17,129,21.3,0.7540997266769409,-0.8574511936150193
COHFACE_s16_session3_natural,17,130,21.333333333333332,0.7169950604438782,-0.9617715045920354
COHFACE_s16_session3_natural,17,131,21.366666666666667,0.6332804560661316,-0.9539217682466997
COHFACE_s16_session3_natural,17,132,21.4,0.4826887547969818,-0.8352964283141634
COHFACE_s16_session3_natural,17,133,21.433333333333334,0.2856349050998688,-0.6250443364543574
COHFACE_s16_session3_natural,17,134,21.466666666666665,0.08089403063058853,-0.3552749012770992
COHFACE_s16_session3_natural,17,135,21.5,-0.10470320284366608,-0.06341394001335292
COHFACE_s16_session3_natural,17,136,21.533333333333335,-0.25869494676589966,0.215976379117857
COHFACE_s16_session3_natural,17,137,21.566666666666666,-0.3867873251438141,0.4571631796156991
COHFACE_s16_session3_natural,17,138,21.6,-0.49288302659988403,0.6452426882443384
COHFACE_s16_session3_natural,17,139,21.633333333333333,-0.5811359286308289,0.7743726484816243
COHFACE_s16_session3_natural,17,140,21.666666666666668,-0.6610513925552368,0.8441469948345435
COHFACE_s16_session3_natural,17,141,21.7,-0.7435833811759949,0.8564595515468277
COHFACE_s16_session3_natural,17,142,21.733333333333334,-0.8289684653282166,0.8141707635655325
COHFACE_s16_session3_natural,17,143,21.766666666666666,-0.9069917798042297,0.7214127683800533
COHFACE_s16_session3_natural,17,144,21.8,-0.9745045304298401,0.5845923421408008
COHFACE_s16_session3_natural,17,145,21.833333333333332,-1.0342415571212769,0.41324341577393403
COHFACE_s16_session3_natural,17,146,21.866666666666667,-1.1005568504333496,0.22033262932180833
COHFACE_s16_session3_natural,17,147,21.9,-1.1697252988815308,0.02182530179047099
COHFACE_s16_session3_natural,17,148,21.933333333333334,-1.2226622104644775,-0.16487099096769325
COHFACE_s16_session3_natural,17,149,21.966666666666665,-1.1816844940185547,-0.32389734413156995
COHFACE_s16_session3_natural,17,150,22.0,-0.7770219445228577,-0.44482219263711004
COHFACE_s16_session3_natural,17,151,22.033333333333335,0.11777695268392563,-0.5257036178049627
COHFACE_s16_session3_natural,17,152,22.066666666666666,1.1263437271118164,-0.5732138073594172
COHFACE_s16_session3_natural,17,153,22.1,1.802225112915039,-0.5988824267516097
COHFACE_s16_session3_natural,17,154,22.133333333333333,2.0736212730407715,-0.6130043976584298
COHFACE_s16_session3_natural,17,155,22.166666666666668,2.1079025268554688,-0.6196035325872348
COHFACE_s16_session3_natural,17,156,22.2,2.0533690452575684,-0.6153381443301608
COHFACE_s16_session3_natural,17,157,22.233333333333334,1.8925625085830688,-0.5927712813250002
COHFACE_s16_session3_natural,17,158,22.266666666666666,1.6257636547088623,-0.545741539297696
COHFACE_s16_session3_natural,17,159,22.3,1.3704954385757446,-0.4734812105220419
COHFACE_s16_session3_natural,17,160,22.333333333333332,1.203347086906433,-0.3813166866040416
COHFACE_s16_session3_natural,17,161,22.366666666666667,1.0861495733261108,-0.277993740287382
COHFACE_s16_session3_natural,17,162,22.4,0.9672815799713135,-0.17131914594107414
COHFACE_s16_session3_natural,17,163,22.433333333333334,0.7975462079048157,-0.06467269345062861
COHFACE_s16_session3_natural,17,164,22.466666666666665,0.5829156637191772,0.04304014774625299
COHFACE_s16_session3_natural,17,165,22.5,0.35186153650283813,0.15333161069832613
COHFACE_s16_session3_natural,17,166,22.533333333333335,0.12874573469161987,0.26287515157102953
COHFACE_s16_session3_natural,17,167,22.566666666666666,-0.06394720077514648,0.3617230166373268
COHFACE_s16_session3_natural,17,168,22.6,-0.2251085788011551,0.4371313435776646
COHFACE_s16_session3_natural,17,169,22.633333333333333,-0.3581088185310364,0.4805462784500743
COHFACE_s16_session3_natural,17,170,22.666666666666668,-0.4751585125923157,0.4926871080962438
COHFACE_s16_session3_natural,17,171,22.7,-0.5782976746559143,0.48299079709906845
COHFACE_s16_session3_natural,17,172,22.733333333333334,-0.6831811666488647,0.4639935331615598
COHFACE_s16_session3_natural,17,173,22.766666666666666,-0.7884637713432312,0.4448141619322126
COHFACE_s16_session3_natural,17,174,22.8,-0.8773375749588013,0.42779639487628557
COHFACE_s16_session3_natural,17,175,22.833333333333332,-0.9593669772148132,0.4094769823514677
COHFACE_s16_session3_natural,17,176,22.866666666666667,-1.0392380952835083,0.38414612296808137
COHFACE_s16_session3_natural,17,177,22.9,-1.1075490713119507,0.34726562095288127
COHFACE_s16_session3_natural,17,178,22.933333333333334,-1.1699026823043823,0.29717752159361954
COHFACE_s16_session3_natural,17,179,22.966666666666665,-1.2372084856033325,0.23537867947747534
COHFACE_s16_session3_natural,17,180,23.0,-1.2746087312698364,0.16642513689350533
COHFACE_s16_session3_natural,17,181,23.033333333333335,-1.1086430549621582,0.09786891510863652
COHFACE_s16_session3_natural,17,182,23.066666666666666,-0.4646923542022705,0.03941899801900362
COHFACE_s16_session3_natural,17,183,23.1,0.561939001083374,0.0003818792331779569
COHFACE_s16_session3_natural,17,184,23.133333333333333,1.4837459325790405,-0.014017825953061044
COHFACE_s16_session3_natural,17,185,23.166666666666668,2.003610372543335,-0.00533499436027543
COHFACE_s16_session3_natural,17,186,23.2,2.1842849254608154,0.018133665185239314
COHFACE_s16_session3_natural,17,187,23.233333333333334,2.1959781646728516,0.044095601838304806
COHFACE_s16_session3_natural,17,188,23.266666666666666,2.119654893875122,0.06003844484744803
COHFACE_s16_session3_natural,17,189,23.3,1.923340082168579,0.05601167005906771
COHFACE_s16_session3_natural,17,190,23.333333333333332,1.6394376754760742,0.02552233622348557
COHFACE_s16_session3_natural,17,191,23.366666666666667,1.385854721069336,-0.03479208941185975
COHFACE_s16_session3_natural,17,192,23.4,1.2174497842788696,-0.12538202173810967
COHFACE_s16_session3_natural,17,193,23.433333333333334,1.0962904691696167,-0.24327345816021667
COHFACE_s16_session3_natural,17,194,23.466666666666665,0.944974422454834,-0.38163462068562665
COHFACE_s16_session3_natural,17,195,23.5,0.7368039488792419,-0.5307011468791668
COHFACE_s16_session3_natural,17,196,23.533333333333335,0.5116185545921326,-0.6799809543680014
COHFACE_s16_session3_natural,17,197,23.566666666666666,0.2842748761177063,-0.8199307632758326
COHFACE_s16_session3_natural,17,198,23.6,0.07122611999511719,-0.9412309671460177
COHFACE_s16_session3_natural,17,199,23.633333333333333,-0.1106015145778656,-1.0319784686322961
COHFACE_s16_session3_natural,17,200,23.666666666666668,-0.2679045796394348,-1.0760370470468636
COHFACE_s16_session3_natural,17,201,23.7,-0.4029892086982727,-1.0559751168463427
COHFACE_s16_session3_natural,17,202,23.733333333333334,-0.5281546115875244,-0.9600957146312614
COHFACE_s16_session3_natural,17,203,23.766666666666666,-0.6418042778968811,-0.7889026526408097
COHFACE_s16_session3_natural,17,204,23.8,-0.74651038646698,-0.5563113449118859
COHFACE_s16_session3_natural,17,205,23.833333333333332,-0.842731237411499,-0.2848287680699868
COHFACE_s16_session3_natural,17,206,23.866666666666667,-0.9348424077033997,0.001604241583687517
COHFACE_s16_session3_natural,17,207,23.9,-1.0194292068481445,0.28242499718848263
COHFACE_s16_session3_natural,17,208,23.933333333333334,-1.0942593812942505,0.5416739972375929
COHFACE_s16_session3_natural,17,209,23.966666666666665,-1.1567164659500122,0.767687778374781
COHFACE_s16_session3_natural,17,210,24.0,-1.2300388813018799,0.9526513929627789
COHFACE_s16_session3_natural,17,211,24.033333333333335,-1.2997838258743286,1.0916322833515646
COHFACE_s16_session3_natural,17,212,24.066666666666666,-1.3122899532318115,1.1813724849483564
COHFACE_s16_session3_natural,17,213,24.1,-1.0426677465438843,1.2201834188557852
COHFACE_s16_session3_natural,17,214,24.133333333333333,-0.2611784338951111,1.209063050947734
COHFACE_s16_session3_natural,17,215,24.166666666666668,0.7846999764442444,1.1524233580717624
COHFACE_s16_session3_natural,17,216,24.2,1.5924137830734253,1.0571595492867683
COHFACE_s16_session3_natural,17,217,24.233333333333334,1.9917398691177368,0.9305317165928543
COHFACE_s16_session3_natural,17,218,24.266666666666666,2.1021077632904053,0.7784641108576995
COHFACE_s16_session3_natural,17,219,24.3,2.0827720165252686,0.6055683753691423
COHFACE_s16_session3_natural,17,220,24.333333333333332,1.9656926393508911,0.4168476437585632
COHFACE_s16_session3_natural,17,221,24.366666666666667,1.7156574726104736,0.21978521539844528
COHFACE_s16_session3_natural,17,222,24.4,1.4343568086624146,0.025316890519855577
COHFACE_s16_session3_natural,17,223,24.433333333333334,1.2243976593017578,-0.15307754429454742
COHFACE_s16_session3_natural,17,224,24.466666666666665,1.091027855873108,-0.3019401678849049
COHFACE_s16_session3_natural,17,225,24.5,0.9773929715156555,-0.41118355400492435
COHFACE_s16_session3_natural,17,226,24.533333333333335,0.8221299052238464,-0.47725306368459686
COHFACE_s16_session3_natural,17,227,24.566666666666666,0.6132498383522034,-0.5053372939161173
COHFACE_s16_session3_natural,17,228,24.6,0.3790026605129242,-0.5099671542764308
COHFACE_s16_session3_natural,17,229,24.633333333333333,0.16284950077533722,-0.5131967331193337
COHFACE_s16_session3_natural,17,230,24.666666666666668,-0.029606912285089493,-0.5394936362960231
COHFACE_s16_session3_natural,17,231,24.7,-0.19269002974033356,-0.6073224650770431
COHFACE_s16_session3_natural,17,232,24.733333333333334,-0.33367297053337097,-0.7194678700219337
COHFACE_s16_session3_natural,17,233,24.766666666666666,-0.45044177770614624,-0.8562814972276444
COHFACE_s16_session3_natural,17,234,24.8,-0.5556800961494446,-0.9765145068489605
COHFACE_s16_session3_natural,17,235,24.833333333333332,-0.6636384129524231,-1.0280107172638713
COHFACE_s16_session3_natural,17,236,24.866666666666667,-0.7663931846618652,-0.9657519029424271
COHFACE_s16_session3_natural,17,237,24.9,-0.8566269874572754,-0.7702727763874931
COHFACE_s16_session3_natural,17,238,24.933333333333334,-0.9398094415664673,-0.45828112767598655
COHFACE_s16_session3_natural,17,239,24.966666666666665,-1.0176700353622437,-0.08053155238116107
COHFACE_s16_session3_natural,18,0,18.0,2.000284194946289,-0.019455349080400867
COHFACE_s16_session3_natural,18,1,18.033333333333335,1.935964584350586,-0.4250701373289982
COHFACE_s16_session3_natural,18,2,18.066666666666666,1.756709098815918,-0.7652864404285056
COHFACE_s16_session3_natural,18,3,18.1,1.49799644947052,-0.994319176251101
COHFACE_s16_session3_natural,18,4,18.133333333333333,1.2757381200790405,-1.095807445949693
COHFACE_s16_session3_natural,18,5,18.166666666666668,1.1333508491516113,-1.082949189974597
COHFACE_s16_session3_natural,18,6,18.2,1.03801691532135,-0.9878328133774231
COHFACE_s16_session3_natural,18,7,18.233333333333334,0.9139306545257568,-0.8468561471790327
COHFACE_s16_session3_natural,18,8,18.266666666666666,0.7385779023170471,-0.6897610221499598
COHFACE_s16_session3_natural,18,9,18.3,0.5300526022911072,-0.535588816512362
COHFACE_s16_session3_natural,18,10,18.333333333333332,0.3155699372291565,-0.3942575580639291
COHFACE_s16_session3_natural,18,11,18.366666666666667,0.11340125650167465,-0.2701430178165814
COHFACE_s16_session3_natural,18,12,18.4,-0.06399155408143997,-0.16455943520943198
COHFACE_s16_session3_natural,18,13,18.433333333333334,-0.21316412091255188,-0.07637393771669851
COHFACE_s16_session3_natural,18,14,18.466666666666665,-0.33973389863967896,-0.002224716598889549
COHFACE_s16_session3_natural,18,15,18.5,-0.4566061794757843,0.061986298837440126
COHFACE_s16_session3_natural,18,16,18.533333333333335,-0.5638844966888428,0.11870083557488874
COHFACE_s16_session3_natural,18,17,18.566666666666666,-0.6633427143096924,0.16753549532559664
COHFACE_s16_session3_natural,18,18,18.6,-0.7527635097503662,0.2066763632300706
COHFACE_s16_session3_natural,18,19,18.633333333333333,-0.8436329364776611,0.23585541571011015
COHFACE_s16_session3_natural,18,20,18.666666666666668,-0.9238884449005127,0.25841408471068716
COHFACE_s16_session3_natural,18,21,18.7,-0.9951264262199402,0.2805128512736377
COHFACE_s16_session3_natural,18,22,18.733333333333334,-1.0640435218811035,0.30776550892264604
COHFACE_s16_session3_natural,18,23,18.766666666666666,-1.1307728290557861,0.3414868181170585
COHFACE_s16_session3_natural,18,24,18.8,-1.1936290264129639,0.3767613484391782
COHFACE_s16_session3_natural,18,25,18.833333333333332,-1.2294474840164185,0.4032769765117411
COHFACE_s16_session3_natural,18,26,18.866666666666667,-1.0797427892684937,0.408630693920744
COHFACE_s16_session3_natural,18,27,18.9,-0.47651854157447815,0.3829077253534337
COHFACE_s16_session3_natural,18,28,18.933333333333334,0.46075117588043213,0.3226608738997136
COHFACE_s16_session3_natural,18,29,18.966666666666665,1.282006025314331,0.23227091240448217
COHFACE_s16_session3_natural,18,30,19.0,1.717342734336853,0.12149172307544837
COHFACE_s16_session3_natural,18,31,19.033333333333335,1.8327219486236572,-2.4655964357288198e-05
COHFACE_s16_session3_natural,18,32,19.066666666666666,1.800776481628418,-0.12804111205057866
COHFACE_s16_session3_natural,18,33,19.1,1.67312753200531,-0.26501023433221144
COHFACE_s16_session3_natural,18,34,19.133333333333333,1.439353346824646,-0.41569607368907374
COHFACE_s16_session3_natural,18,35,19.166666666666668,1.1900426149368286,-0.5792957154090349
COHFACE_s16_session3_natural,18,36,19.2,1.039125680923462,-0.7428763523388742
COHFACE_s16_session3_natural,18,37,19.233333333333334,0.9698094129562378,-0.8807379152797297
COHFACE_s16_session3_natural,18,38,19.266666666666666,0.8873808979988098,-0.9611672192016796
COHFACE_s16_session3_natural,18,39,19.3,0.7565832734107971,-0.9578575732714915
COHFACE_s16_session3_natural,18,40,19.333333333333332,0.5805504322052002,-0.8604818255462106
COHFACE_s16_session3_natural,18,41,19.366666666666667,0.370088666677475,-0.6789625640079748
COHFACE_s16_session3_natural,18,42,19.4,0.1633373349905014,-0.4389537339987543
COHFACE_s16_session3_natural,18,43,19.433333333333334,-0.015164179727435112,-0.17070278616412551
COHFACE_s16_session3_natural,18,44,19.466666666666665,-0.164588063955307,0.10255089066354471
COHFACE_s16_session3_natural,18,45,19.5,-0.2971743941307068,0.3700505147384493
COHFACE_s16_session3_natural,18,46,19.533333333333335,-0.409892737865448,0.6302767138917095
COHFACE_s16_session3_natural,18,47,19.566666666666666,-0.5087892413139343,0.8818340385214247
COHFACE_s16_session3_natural,18,48,19.6,-0.5984317660331726,1.1143900740803465
COHFACE_s16_session3_natural,18,49,19.633333333333333,-0.6888577342033386,1.3049428739887048
COHFACE_s16_session3_natural,18,50,19.666666666666668,-0.7763567566871643,1.4213566016841839
COHFACE_s16_session3_natural,18,51,19.7,-0.8507286906242371,1.431505706519647
COHFACE_s16_session3_natural,18,52,19.733333333333334,-0.9197492599487305,1.314450346288402
COHFACE_s16_session3_natural,18,53,19.766666666666666,-0.9844089150428772,1.0697010974238257
COHFACE_s16_session3_natural,18,54,19.8,-1.0400067567825317,0.7211061478195877
COHFACE_s16_session3_natural,18,55,19.833333333333332,-1.1006159782409668,0.3135345502597308
COHFACE_s16_session3_natural,18,56,19.866666666666667,-1.166532278060913,-0.0966632285257981
COHFACE_s16_session3_natural,18,57,19.9,-1.1808123588562012,-0.4541097933273279
COHFACE_s16_session3_natural,18,58,19.933333333333334,-0.9486199617385864,-0.7160471669577975
COHFACE_s16_session3_natural,18,59,19.966666666666665,-0.27164462208747864,-0.8603499457371021
COHFACE_s16_session3_natural,18,60,20.0,0.6410118341445923,-0.8881692881766606
COHFACE_s16_session3_natural,18,61,20.033333333333335,1.3230576515197754,-0.820729433584418
COHFACE_s16_session3_natural,18,62,20.066666666666666,1.6003669500350952,-0.6914269946078048
COHFACE_s16_session3_natural,18,63,20.1,1.6096652746200562,-0.5357878419958032
COHFACE_s16_session3_natural,18,64,20.133333333333333,1.488698124885559,-0.3823388468053809
COHFACE_s16_session3_natural,18,65,20.166666666666668,1.2680953741073608,-0.2470771583571739
COHFACE_s16_session3_natural,18,66,20.2,0.9928704500198364,-0.1331613749550009
COHFACE_s16_session3_natural,18,67,20.233333333333334,0.8074949979782104,-0.03555013747513489
COHFACE_s16_session3_natural,18,68,20.266666666666666,0.7459544539451599,0.05199981559326759
COHFACE_s16_session3_natural,18,69,20.3,0.7180002927780151,0.1311647282497812
COHFACE_s16_session3_natural,18,70,20.333333333333332,0.6475162506103516,0.19676156922062793
COHFACE_s16_session3_natural,18,71,20.366666666666667,0.5105689764022827,0.2379440379137464
COHFACE_s16_session3_natural,18,72,20.4,0.32684916257858276,0.2416226416252897
COHFACE_s16_session3_natural,18,73,20.433333333333334,0.1303274929523468,0.1966113061969128
COHFACE_s16_session3_natural,18,74,20.466666666666665,-0.05470799282193184,0.09718950685729116
COHFACE_s16_session3_natural,18,75,20.5,-0.205373615026474,-0.0546237154774356
COHFACE_s16_session3_natural,18,76,20.533333333333335,-0.3287798762321472,-0.24785002799550512
COHFACE_s16_session3_natural,18,77,20.566666666666666,-0.4369451403617859,-0.461784322974089
COHFACE_s16_session3_natural,18,78,20.6,-0.5264989733695984,-0.665904727653177
COHFACE_s16_session3_natural,18,79,20.633333333333333,-0.6112040281295776,-0.8220655064016844
COHFACE_s16_session3_natural,18,80,20.666666666666668,-0.684999406337738,-0.89105374401689
COHFACE_s16_session3_natural,18,81,20.7,-0.7664670944213867,-0.8437190629526062
COHFACE_s16_session3_natural,18,82,20.733333333333334,-0.8433964252471924,-0.6729849063827462
COHFACE_s16_session3_natural,18,83,20.766666666666666,-0.912077009677887,-0.40026055415075773
COHFACE_s16_session3_natural,18,84,20.8,-0.9778749942779541,-0.07118288773179082
COHFACE_s16_session3_natural,18,85,20.833333333333332,-1.0454025268554688,0.25871899632101675
COHFACE_s16_session3_natural,18,86,20.866666666666667,-1.1134474277496338,0.5412698949530933
COHFACE_s16_session3_natural,18,87,20.9,-1.1742488145828247,0.7469273291260045
COHFACE_s16_session3_natural,18,88,20.933333333333334,-1.154794692993164,0.8665850184434648
COHFACE_s16_session3_natural,18,89,20.966666666666665,-0.8333293795585632,0.9068830632955076
COHFACE_s16_session3_natural,18,90,21.0,-0.05170710012316704,0.8834270570412579
COHFACE_s16_session3_natural,18,91,21.033333333333335,0.8571501970291138,0.8141895095337269
COHFACE_s16_session3_natural,18,92,21.066666666666666,1.4643657207489014,0.7139221111197693
COHFACE_s16_session3_natural,18,93,21.1,1.6714422702789307,0.590539760579161
COHFACE_s16_session3_natural,18,94,21.133333333333333,1.6405020952224731,0.4448455287857878
COHFACE_s16_session3_natural,18,95,21.166666666666668,1.5096453428268433,0.2743046535964242
COHFACE_s16_session3_natural,18,96,21.2,1.272574543952942,0.07955249738315738
COHFACE_s16_session3_natural,18,97,21.233333333333334,0.998990535736084,-0.1296489448858743
COHFACE_s16_session3_natural,18,98,21.266666666666666,0.8220707774162292,-0.33253164709256583
COHFACE_s16_session3_natural,18,99,21.3,0.7540997266769409,-0.501211188816552
COHFACE_s16_session3_natural,18,100,21.333333333333332,0.7169950604438782,-0.6090506960701465
COHFACE_s16_session3_natural,18,101,21.366666666666667,0.6332804560661316,-0.6397415987355299
COHFACE_s16_session3_natural,18,102,21.4,0.4826887547969818,-0.5928488229323046
COHFACE_s16_session3_natural,18,103,21.433333333333334,0.2856349050998688,-0.4833265059796001
COHFACE_s16_session3_natural,18,104,21.466666666666665,0.08089403063058853,-0.33558563293664967
COHFACE_s16_session3_natural,18,105,21.5,-0.10470320284366608,-0.17526052991865843
COHFACE_s16_session3_natural,18,106,21.533333333333335,-0.25869494676589966,-0.022427486063140916
COHFACE_s16_session3_natural,18,107,21.566666666666666,-0.3867873251438141,0.11127389490469976
COHFACE_s16_session3_natural,18,108,21.6,-0.49288302659988403,0.22135759078337058
COHFACE_s16_session3_natural,18,109,21.633333333333333,-0.5811359286308289,0.3067070944431818
COHFACE_s16_session3_natural,18,110,21.666666666666668,-0.6610513925552368,0.36577064657772645
COHFACE_s16_session3_natural,18,111,21.7,-0.7435833811759949,0.3947613323913427
COHFACE_s16_session3_natural,18,112,21.733333333333334,-0.8289684653282166,0.388566646314428
COHFACE_s16_session3_natural,18,113,21.766666666666666,-0.9069917798042297,0.34363547702064096
COHFACE_s16_session3_natural,18,114,21.8,-0.9745045304298401,0.2612391432453385
COHFACE_s16_session3_natural,18,115,21.833333333333332,-1.0342415571212769,0.149448394294072
COHFACE_s16_session3_natural,18,116,21.866666666666667,-1.1005568504333496,0.022798656545381296
COHFACE_s16_session3_natural,18,117,21.9,-1.1697252988815308,-0.10042461261778783
COHFACE_s16_session3_natural,18,118,21.933333333333334,-1.2226622104644775,-0.20246667442093483
COHFACE_s16_session3_natural,18,119,21.966666666666665,-1.1816844940185547,-0.27062817313927373
COHFACE_s16_session3_natural,18,120,22.0,-0.7770219445228577,-0.30065338832668054
COHFACE_s16_session3_natural,18,121,22.033333333333335,0.11777695268392563,-0.297816744824738
COHFACE_s16_session3_natural,18,122,22.066666666666666,1.1263437271118164,-0.27496915825434215
COHFACE_s16_session3_natural,18,123,22.1,1.802225112915039,-0.24777256052006247
COHFACE_s16_session3_natural,18,124,22.133333333333333,2.0736212730407715,-0.22880734635879868
COHFACE_s16_session3_natural,18,125,22.166666666666668,2.1079025268554688,-0.22312926192052412
COHFACE_s16_session3_natural,18,126,22.2,2.0533690452575684,-0.22725749978359414
COHFACE_s16_session3_natural,18,127,22.233333333333334,1.8925625085830688,-0.23183756945538533
COHFACE_s16_session3_natural,18,128,22.266666666666666,1.6257636547088623,-0.2264161825934042
COHFACE_s16_session3_natural,18,129,22.3,1.3704954385757446,-0.2039048465611038
COHFACE_s16_session3_natural,18,130,22.333333333333332,1.203347086906433,-0.16279253676683902
COHFACE_s16_session3_natural,18,131,22.366666666666667,1.0861495733261108,-0.10644635010906126
COHFACE_s16_session3_natural,18,132,22.4,0.9672815799713135,-0.04018508565291073
COHFACE_s16_session3_natural,18,133,22.433333333333334,0.7975462079048157,0.03190821202427184
COHFACE_s16_session3_natural,18,134,22.466666666666665,0.5829156637191772,0.1077564889504626
COHFACE_s16_session3_natural,18,135,22.5,0.35186153650283813,0.18445531876032775
COHFACE_s16_session3_natural,18,136,22.533333333333335,0.12874573469161987,0.2543210945598098
COHFACE_s16_session3_natural,18,137,22.566666666666666,-0.06394720077514648,0.30432262921954367
COHFACE_s16_session3_natural,18,138,22.6,-0.2251085788011551,0.32086304383640785
COHFACE_s16_session3_natural,18,139,22.633333333333333,-0.3581088185310364,0.2972651264383328
COHFACE_s16_session3_natural,18,140,22.666666666666668,-0.4751585125923157,0.23885444229800873
COHFACE_s16_session3_natural,18,141,22.7,-0.5782976746559143,0.1619044163477929
COHFACE_s16_session3_natural,18,142,22.733333333333334,-0.6831811666488647,0.0868044511113871
COHFACE_s16_session3_natural,18,143,22.766666666666666,-0.7884637713432312,0.02959513325698948
COHFACE_s16_session3_natural,18,144,22.8,-0.8773375749588013,-0.003209503563391068
COHFACE_s16_session3_natural,18,145,22.833333333333332,-0.9593669772148132,-0.014033282446522737
COHFACE_s16_session3_natural,18,146,22.866666666666667,-1.0392380952835083,-0.00923781537272901
COHFACE_s16_session3_natural,18,147,22.9,-1.1075490713119507,0.0063857782070839576
COHFACE_s16_session3_natural,18,148,22.933333333333334,-1.1699026823043823,0.03215530902358788
COHFACE_s16_session3_natural,18,149,22.966666666666665,-1.2372084856033325,0.07021720819611137
COHFACE_s16_session3_natural,18,150,23.0,-1.2746087312698364,0.12228269105416434
COHFACE_s16_session3_natural,18,151,23.033333333333335,-1.1086430549621582,0.1869903451783765
COHFACE_s16_session3_natural,18,152,23.066666666666666,-0.4646923542022705,0.2590277060716576
COHFACE_s16_session3_natural,18,153,23.1,0.561939001083374,0.3294759759551
COHFACE_s16_session3_natural,18,154,23.133333333333333,1.4837459325790405,0.38682585963732646
COHFACE_s16_session3_natural,18,155,23.166666666666668,2.003610372543335,0.41889263330604953
COHFACE_s16_session3_natural,18,156,23.2,2.1842849254608154,0.41580582562992136
COHFACE_s16_session3_natural,18,157,23.233333333333334,2.1959781646728516,0.3732119420019832
COHFACE_s16_session3_natural,18,158,23.266666666666666,2.119654893875122,0.29382707685336634
COHFACE_s16_session3_natural,18,159,23.3,1.923340082168579,0.18587459718719015
COHFACE_s16_session3_natural,18,160,23.333333333333332,1.6394376754760742,0.0590413246968478
COHFACE_s16_session3_natural,18,161,23.366666666666667,1.385854721069336,-0.07937896079460785
COHFACE_s16_session3_natural,18,162,23.4,1.2174497842788696,-0.22547221748905527
COHFACE_s16_session3_natural,18,163,23.433333333333334,1.0962904691696167,-0.37632166058270106
COHFACE_s16_session3_natural,18,164,23.466666666666665,0.944974422454834,-0.5265870931762722
COHFACE_s16_session3_natural,18,165,23.5,0.7368039488792419,-0.6673154992302054
COHFACE_s16_session3_natural,18,166,23.533333333333335,0.5116185545921326,-0.7881228812815176
COHFACE_s16_session3_natural,18,167,23.566666666666666,0.2842748761177063,-0.8807126113036557
COHFACE_s16_session3_natural,18,168,23.6,0.07122611999511719,-0.9404281558623222
COHFACE_s16_session3_natural,18,169,23.633333333333333,-0.1106015145778656,-0.9644113332275573
COHFACE_s16_session3_natural,18,170,23.666666666666668,-0.2679045796394348,-0.9485691094161717
COHFACE_s16_session3_natural,18,171,23.7,-0.4029892086982727,-0.8870962832086455
COHFACE_s16_session3_natural,18,172,23.733333333333334,-0.5281546115875244,-0.7756279741258096
COHFACE_s16_session3_natural,18,173,23.766666666666666,-0.6418042778968811,-0.615285151987845
COHFACE_s16_session3_natural,18,174,23.8,-0.74651038646698,-0.4140246422965956
COHFACE_s16_session3_natural,18,175,23.833333333333332,-0.842731237411499,-0.18431189777983512
COHFACE_s16_session3_natural,18,176,23.866666666666667,-0.9348424077033997,0.0603215283559561
COHFACE_s16_session3_natural,18,177,23.9,-1.0194292068481445,0.30653309334106466
COHFACE_s16_session3_natural,18,178,23.933333333333334,-1.0942593812942505,0.5401161695087512
COHFACE_s16_session3_natural,18,179,23.966666666666665,-1.1567164659500122,0.745373635818879
COHFACE_s16_session3_natural,18,180,24.0,-1.2300388813018799,0.9065515977000754
COHFACE_s16_session3_natural,18,181,24.033333333333335,-1.2997838258743286,1.0105869385715134
COHFACE_s16_session3_natural,18,182,24.066666666666666,-1.3122899532318115,1.050236885270156
COHFACE_s16_session3_natural,18,183,24.1,-1.0426677465438843,1.0271353757283057
COHFACE_s16_session3_natural,18,184,24.133333333333333,-0.2611784338951111,0.9532990870690167
COHFACE_s16_session3_natural,18,185,24.166666666666668,0.7846999764442444,0.8489326010824898
COHFACE_s16_session3_natural,18,186,24.2,1.5924137830734253,0.7362300290355741
COHFACE_s16_session3_natural,18,187,24.233333333333334,1.9917398691177368,0.6318401287681151
COHFACE_s16_session3_natural,18,188,24.266666666666666,2.1021077632904053,0.5420230152958896
COHFACE_s16_session3_natural,18,189,24.3,2.0827720165252686,0.4630478066674155
COHFACE_s16_session3_natural,18,190,24.333333333333332,1.9656926393508911,0.38594958129640655
COHFACE_s16_session3_natural,18,191,24.366666666666667,1.7156574726104736,0.3021951041574124
COHFACE_s16_session3_natural,18,192,24.4,1.4343568086624146,0.20716377322931706
COHFACE_s16_session3_natural,18,193,24.433333333333334,1.2243976593017578,0.10057490882162015
COHFACE_s16_session3_natural,18,194,24.466666666666665,1.091027855873108,-0.01511256872284338
COHFACE_s16_session3_natural,18,195,24.5,0.9773929715156555,-0.13669354248305127
COHFACE_s16_session3_natural,18,196,24.533333333333335,0.8221299052238464,-0.26147269763407804
COHFACE_s16_session3_natural,18,197,24.566666666666666,0.6132498383522034,-0.3875374944934168
COHFACE_s16_session3_natural,18,198,24.6,0.3790026605129242,-0.513352538630241
COHFACE_s16_session3_natural,18,199,24.633333333333333,0.16284950077533722,-0.6370165122636029
COHFACE_s16_session3_natural,18,200,24.666666666666668,-0.029606912285089493,-0.7552671005391673
COHFACE_s16_session3_natural,18,201,24.7,-0.19269002974033356,-0.8620961925590674
COHFACE_s16_session3_natural,18,202,24.733333333333334,-0.33367297053337097,-0.9470231019755229
COHFACE_s16_session3_natural,18,203,24.766666666666666,-0.45044177770614624,-0.9940115181158735
COHFACE_s16_session3_natural,18,204,24.8,-0.5556800961494446,-0.9831770533870247
COHFACE_s16_session3_natural,18,205,24.833333333333332,-0.6636384129524231,-0.8969585092993259
COHFACE_s16_session3_natural,18,206,24.866666666666667,-0.7663931846618652,-0.7294072679120829
COHFACE_s16_session3_natural,18,207,24.9,-0.8566269874572754,-0.4936752927804565
COHFACE_s16_session3_natural,18,208,24.933333333333334,-0.9398094415664673,-0.22186054034265298
COHFACE_s16_session3_natural,18,209,24.966666666666665,-1.0176700353622437,0.04475348706780085
COHFACE_s16_session3_natural,18,210,25.0,-1.0805853605270386,0.2699889991729181
COHFACE_s16_session3_natural,18,211,25.033333333333335,-1.1461615562438965,0.4329881842108056
COHFACE_s16_session3_natural,18,212,25.066666666666666,-1.217710018157959,0.5298040786286211
COHFACE_s16_session3_natural,18,213,25.1,-1.2736331224441528,0.5683655022333887
COHFACE_s16_session3_natural,18,214,25.133333333333333,-1.2126100063323975,0.5613243748851603
COHFACE_s16_session3_natural,18,215,25.166666666666668,-0.7700740694999695,0.5201152626087187
COHFACE_s16_session3_natural,18,216,25.2,0.12315786629915237,0.451893849491159
COHFACE_s16_session3_natural,18,217,25.233333333333334,1.069740653038025,0.35982406135507267
COHFACE_s16_session3_natural,18,218,25.266666666666666,1.677902340888977,0.24611413426194823
COHFACE_s16_session3_natural,18,219,25.3,1.8997468948364258,0.11623996209596277
COHFACE_s16_session3_natural,18,220,25.333333333333332,1.9044921398162842,-0.017800192698634358
COHFACE_s16_session3_natural,18,221,25.366666666666667,1.8100895881652832,-0.13724197426631163
COHFACE_s16_session3_natural,18,222,25.4,1.5908616781234741,-0.22032654878939179
COHFACE_s16_session3_natural,18,223,25.433333333333334,1.3085557222366333,-0.2492567190755428
COHFACE_s16_session3_natural,18,224,25.466666666666665,1.0868147611618042,-0.21753380748243703
COHFACE_s16_session3_natural,18,225,25.5,0.9618710875511169,-0.1339453256028788
COHFACE_s16_session3_natural,18,226,25.533333333333335,0.8759242296218872,-0.020528050053524087
COHFACE_s16_session3_natural,18,227,25.566666666666666,0.7604858875274658,0.09521295501271357
COHFACE_s16_session3_natural,18,228,25.6,0.581895649433136,0.19009684102916616
COHFACE_s16_session3_natural,18,229,25.633333333333333,0.3571833372116089,0.25193869327923435
COHFACE_s16_session3_natural,18,230,25.666666666666668,0.1376597285270691,0.280066207070191
COHFACE_s16_session3_natural,18,231,25.7,-0.05627496540546417,0.2806955648366031
COHFACE_s16_session3_natural,18,232,25.733333333333334,-0.22092506289482117,0.2612323358311463
COHFACE_s16_session3_natural,18,233,25.766666666666666,-0.35939493775367737,0.22739013111822673
COHFACE_s16_session3_natural,18,234,25.8,-0.47261589765548706,0.18376646797346366
COHFACE_s16_session3_natural,18,235,25.833333333333332,-0.5705071687698364,0.13544398605816885
COHFACE_s16_session3_natural,18,236,25.866666666666667,-0.6693001985549927,0.08814318241031667
COHFACE_s16_session3_natural,18,237,25.9,-0.7609679102897644,0.04654486092564589
COHFACE_s16_session3_natural,18,238,25.933333333333334,-0.8521625995635986,0.01220396125322093
COHFACE_s16_session3_natural,18,239,25.966666666666665,-0.935818076133728,-0.01716392545131706
COHFACE_s16_session3_natural,19,0,19.0,1.717342734336853,-0.1072241946382599
COHFACE_s16_session3_natural,19,1,19.033333333333335,1.8327219486236572,-0.557700365422369
COHFACE_s16_session3_natural,19,2,19.066666666666666,1.800776481628418,-0.9627364133956907
COHFACE_s16_session3_natural,19,3,19.1,1.67312753200531,-1.2936757168990816
COHFACE_s16_session3_natural,19,4,19.133333333333333,1.439353346824646,-1.5460933129933703
COHFACE_s16_session3_natural,19,5,19.166666666666668,1.1900426149368286,-1.7334914856420691
COHFACE_s16_session3_natural,19,6,19.2,1.039125680923462,-1.8704246144413204
COHFACE_s16_session3_natural,19,7,19.233333333333334,0.9698094129562378,-1.9567322285843352
COHFACE_s16_session3_natural,19,8,19.266666666666666,0.8873808979988098,-1.9733869999999436
COHFACE_s16_session3_natural,19,9,19.3,0.7565832734107971,-1.8919965498654225
COHFACE_s16_session3_natural,19,10,19.333333333333332,0.5805504322052002,-1.6914609533662663
COHFACE_s16_session3_natural,19,11,19.366666666666667,0.370088666677475,-1.3718034571368831
COHFACE_s16_session3_natural,19,12,19.4,0.1633373349905014,-0.9580333052480617
COHFACE_s16_session3_natural,19,13,19.433333333333334,-0.015164179727435112,-0.49323724727529217
COHFACE_s16_session3_natural,19,14,19.466666666666665,-0.164588063955307,-0.025616688671565486
COHFACE_s16_session3_natural,19,15,19.5,-0.2971743941307068,0.4038954759132755
COHFACE_s16_session3_natural,19,16,19.533333333333335,-0.409892737865448,0.7687755756117393
COHFACE_s16_session3_natural,19,17,19.566666666666666,-0.5087892413139343,1.0577476028494672
COHFACE_s16_session3_natural,19,18,19.6,-0.5984317660331726,1.270880497821364
COHFACE_s16_session3_natural,19,19,19.633333333333333,-0.6888577342033386,1.4133569882076666
COHFACE_s16_session3_natural,19,20,19.666666666666668,-0.7763567566871643,1.4890824853560678
COHFACE_s16_session3_natural,19,21,19.7,-0.8507286906242371,1.4961456346726696
COHFACE_s16_session3_natural,19,22,19.733333333333334,-0.9197492599487305,1.4263241674372373
COHFACE_s16_session3_natural,19,23,19.766666666666666,-0.9844089150428772,1.2697249089730915
COHFACE_s16_session3_natural,19,24,19.8,-1.0400067567825317,1.0225982092213564
COHFACE_s16_session3_natural,19,25,19.833333333333332,-1.1006159782409668,0.6941619520073848
COHFACE_s16_session3_natural,19,26,19.866666666666667,-1.166532278060913,0.3093156393795223
COHFACE_s16_session3_natural,19,27,19.9,-1.1808123588562012,-0.09327168273010285
COHFACE_s16_session3_natural,19,28,19.933333333333334,-0.9486199617385864,-0.46669024862188263
COHFACE_s16_session3_natural,19,29,19.966666666666665,-0.27164462208747864,-0.7635751609958373
COHFACE_s16_session3_natural,19,30,20.0,0.6410118341445923,-0.9446320212479397
COHFACE_s16_session3_natural,19,31,20.033333333333335,1.3230576515197754,-0.9862682432253692
COHFACE_s16_session3_natural,19,32,20.066666666666666,1.6003669500350952,-0.88579631769872
COHFACE_s16_session3_natural,19,33,20.1,1.6096652746200562,-0.6628249030899279
COHFACE_s16_session3_natural,19,34,20.133333333333333,1.488698124885559,-0.35576895140495457
COHFACE_s16_session3_natural,19,35,20.166666666666668,1.2680953741073608,-0.01376297974911365
COHFACE_s16_session3_natural,19,36,20.2,0.9928704500198364,0.3134255707245918
COHFACE_s16_session3_natural,19,37,20.233333333333334,0.8074949979782104,0.5839533491763521
COHFACE_s16_session3_natural,19,38,20.266666666666666,0.7459544539451599,0.7691863353095543
COHFACE_s16_session3_natural,19,39,20.3,0.7180002927780151,0.8559297682137561
COHFACE_s16_session3_natural,19,40,20.333333333333332,0.6475162506103516,0.8456467831660255
COHFACE_s16_session3_natural,19,41,20.366666666666667,0.5105689764022827,0.7503272257152876
COHFACE_s16_session3_natural,19,42,20.4,0.32684916257858276,0.5862072664603866
COHFACE_s16_session3_natural,19,43,20.433333333333334,0.1303274929523468,0.36824070449045054
COHFACE_s16_session3_natural,19,44,20.466666666666665,-0.05470799282193184,0.10775414799228819
COHFACE_s16_session3_natural,19,45,20.5,-0.205373615026474,-0.18620485498641975
COHFACE_s16_session3_natural,19,46,20.533333333333335,-0.3287798762321472,-0.5028787653253902
COHFACE_s16_session3_natural,19,47,20.566666666666666,-0.4369451403617859,-0.8248684278835267
COHFACE_s16_session3_natural,19,48,20.6,-0.5264989733695984,-1.1241193458799594
COHFACE_s16_session3_natural,19,49,20.633333333333333,-0.6112040281295776,-1.3610753401947548
COHFACE_s16_session3_natural,19,50,20.666666666666668,-0.684999406337738,-1.4896241857950392
COHFACE_s16_session3_natural,19,51,20.7,-0.7664670944213867,-1.4688856386587033
COHFACE_s16_session3_natural,19,52,20.733333333333334,-0.8433964252471924,-1.2786303623894577
COHFACE_s16_session3_natural,19,53,20.766666666666666,-0.912077009677887,-0.931095766306547
COHFACE_s16_session3_natural,19,54,20.8,-0.9778749942779541,-0.4719737532622353
COHFACE_s16_session3_natural,19,55,20.833333333333332,-1.0454025268554688,0.03125773249670142
COHFACE_s16_session3_natural,19,56,20.866666666666667,-1.1134474277496338,0.5075488905784534
COHFACE_s16_session3_natural,19,57,20.9,-1.1742488145828247,0.8976236342055184
COHFACE_s16_session3_natural,19,58,20.933333333333334,-1.154794692993164,1.1619098766041072
COHFACE_s16_session3_natural,19,59,20.966666666666665,-0.8333293795585632,1.2828975211545648
COHFACE_s16_session3_natural,19,60,21.0,-0.05170710012316704,1.2645796850349682
COHFACE_s16_session3_natural,19,61,21.033333333333335,0.8571501970291138,1.1291143995476365
COHFACE_s16_session3_natural,19,62,21.066666666666666,1.4643657207489014,0.9101684531900096
COHFACE_s16_session3_natural,19,63,21.1,1.6714422702789307,0.6440564214825166
COHFACE_s16_session3_natural,19,64,21.133333333333333,1.6405020952224731,0.36158435958027224
COHFACE_s16_session3_natural,19,65,21.166666666666668,1.5096453428268433,0.0837960933708391
COHFACE_s16_session3_natural,19,66,21.2,1.272574543952942,-0.1768806381835747
COHFACE_s16_session3_natural,19,67,21.233333333333334,0.998990535736084,-0.41139831506347807
COHFACE_s16_session3_natural,19,68,21.266666666666666,0.8220707774162292,-0.608343229425927
COHFACE_s16_session3_natural,19,69,21.3,0.7540997266769409,-0.751464048902102
COHFACE_s16_session3_natural,19,70,21.333333333333332,0.7169950604438782,-0.8221105444370732
COHFACE_s16_session3_natural,19,71,21.366666666666667,0.6332804560661316,-0.8053333970435281
COHFACE_s16_session3_natural,19,72,21.4,0.4826887547969818,-0.6966534106393535
COHFACE_s16_session3_natural,19,73,21.433333333333334,0.2856349050998688,-0.5063214529560974
COHFACE_s16_session3_natural,19,74,21.466666666666665,0.08089403063058853,-0.2588922856176025
COHFACE_s16_session3_natural,19,75,21.5,-0.10470320284366608,0.012100539547371825
COHFACE_s16_session3_natural,19,76,21.533333333333335,-0.25869494676589966,0.272246578277505
COHFACE_s16_session3_natural,19,77,21.566666666666666,-0.3867873251438141,0.49368541841649444
COHFACE_s16_session3_natural,19,78,21.6,-0.49288302659988403,0.6590512352875181
COHFACE_s16_session3_natural,19,79,21.633333333333333,-0.5811359286308289,0.7612163723498963
COHFACE_s16_session3_natural,19,80,21.666666666666668,-0.6610513925552368,0.8002699849319582
COHFACE_s16_session3_natural,19,81,21.7,-0.7435833811759949,0.7800974004751484
COHFACE_s16_session3_natural,19,82,21.733333333333334,-0.8289684653282166,0.7062446451443132
COHFACE_s16_session3_natural,19,83,21.766666666666666,-0.9069917798042297,0.5854495120352682
COHFACE_s16_session3_natural,19,84,21.8,-0.9745045304298401,0.42641231600969026
COHFACE_s16_session3_natural,19,85,21.833333333333332,-1.0342415571212769,0.24106767745609234
COHFACE_s16_session3_natural,19,86,21.866666666666667,-1.1005568504333496,0.045396125022915124
COHFACE_s16_session3_natural,19,87,21.9,-1.1697252988815308,-0.14126453964827576
COHFACE_s16_session3_natural,19,88,21.933333333333334,-1.2226622104644775,-0.29908767125069796
COHFACE_s16_session3_natural,19,89,21.966666666666665,-1.1816844940185547,-0.412515850309268
COHFACE_s16_session3_natural,19,90,22.0,-0.7770219445228577,-0.4752916531199123
COHFACE_s16_session3_natural,19,91,22.033333333333335,0.11777695268392563,-0.49327210502991276
COHFACE_s16_session3_natural,19,92,22.066666666666666,1.1263437271118164,-0.4829327626794517
COHFACE_s16_session3_natural,19,93,22.1,1.802225112915039,-0.46532808244763313
COHFACE_s16_session3_natural,19,94,22.133333333333333,2.0736212730407715,-0.45784834766185684
COHFACE_s16_session3_natural,19,95,22.166666666666668,2.1079025268554688,-0.4677016279329456
COHFACE_s16_session3_natural,19,96,22.2,2.0533690452575684,-0.4903378613241168
COHFACE_s16_session3_natural,19,97,22.233333333333334,1.8925625085830688,-0.5133301672233302
COHFACE_s16_session3_natural,19,98,22.266666666666666,1.6257636547088623,-0.5231317548161808
COHFACE_s16_session3_natural,19,99,22.3,1.3704954385757446,-0.5107199597214154
COHFACE_s16_session3_natural,19,100,22.333333333333332,1.203347086906433,-0.47340141065416824
COHFACE_s16_session3_natural,19,101,22.366666666666667,1.0861495733261108,-0.4126642913318521
COHFACE_s16_session3_natural,19,102,22.4,0.9672815799713135,-0.330061868995144
COHFACE_s16_session3_natural,19,103,22.433333333333334,0.7975462079048157,-0.22418097812660678
COHFACE_s16_session3_natural,19,104,22.466666666666665,0.5829156637191772,-0.09158941162127192
COHFACE_s16_session3_natural,19,105,22.5,0.35186153650283813,0.0677051052758177
COHFACE_s16_session3_natural,19,106,22.533333333333335,0.12874573469161987,0.24380331885009848
COHFACE_s16_session3_natural,19,107,22.566666666666666,-0.06394720077514648,0.41502814039931024
COHFACE_s16_session3_natural,19,108,22.6,-0.2251085788011551,0.5534817168025129
COHFACE_s16_session3_natural,19,109,22.633333333333333,-0.3581088185310364,0.635699942975497
COHFACE_s16_session3_natural,19,110,22.666666666666668,-0.4751585125923157,0.6524410822583073
COHFACE_s16_session3_natural,19,111,22.7,-0.5782976746559143,0.6120838011299196
COHFACE_s16_session3_natural,19,112,22.733333333333334,-0.6831811666488647,0.5362224641820337
COHFACE_s16_session3_natural,19,113,22.766666666666666,-0.7884637713432312,0.4505453778236408
COHFACE_s16_session3_natural,19,114,22.8,-0.8773375749588013,0.37578936482238295
COHFACE_s16_session3_natural,19,115,22.833333333333332,-0.9593669772148132,0.32233250606148844
COHFACE_s16_session3_natural,19,116,22.866666666666667,-1.0392380952835083,0.28949473495081207
COHFACE_s16_session3_natural,19,117,22.9,-1.1075490713119507,0.26852746469299055
COHFACE_s16_session3_natural,19,118,22.933333333333334,-1.1699026823043823,0.24747747547566315
COHFACE_s16_session3_natural,19,119,22.966666666666665,-1.2372084856033325,0.21633467908688858
COHFACE_s16_session3_natural,19,120,23.0,-1.2746087312698364,0.17129288877404952
COHFACE_s16_session3_natural,19,121,23.033333333333335,-1.1086430549621582,0.11697698261686963
COHFACE_s16_session3_natural,19,122,23.066666666666666,-0.4646923542022705,0.06534247787190743
COHFACE_s16_session3_natural,19,123,23.1,0.561939001083374,0.030854475614894804
COHFACE_s16_session3_natural,19,124,23.133333333333333,1.4837459325790405,0.023843370228597248
COHFACE_s16_session3_natural,19,125,23.166666666666668,2.003610372543335,0.04555370459259088
COHFACE_s16_session3_natural,19,126,23.2,2.1842849254608154,0.0874492744560131
COHFACE_s16_session3_natural,19,127,23.233333333333334,2.1959781646728516,0.13462701832726853
COHFACE_s16_session3_natural,19,128,23.266666666666666,2.119654893875122,0.17084292357187614
COHFACE_s16_session3_natural,19,129,23.3,1.923340082168579,0.18217726443848606
COHFACE_s16_session3_natural,19,130,23.333333333333332,1.6394376754760742,0.15799459869604754
COHFACE_s16_session3_natural,19,131,23.366666666666667,1.385854721069336,0.09033508678291342
COHFACE_s16_session3_natural,19,132,23.4,1.2174497842788696,-0.025729517513644076
COHFACE_s16_session3_natural,19,133,23.433333333333334,1.0962904691696167,-0.18948865397607026
COHFACE_s16_session3_natural,19,134,23.466666666666665,0.944974422454834,-0.39170456779701934
COHFACE_s16_session3_natural,19,135,23.5,0.7368039488792419,-0.61491701641887
COHFACE_s16_session3_natural,19,136,23.533333333333335,0.5116185545921326,-0.8377522580580777
COHFACE_s16_session3_natural,19,137,23.566666666666666,0.2842748761177063,-1.0401007778731557
COHFACE_s16_session3_natural,19,138,23.6,0.07122611999511719,-1.2050589241703464
COHFACE_s16_session3_natural,19,139,23.633333333333333,-0.1106015145778656,-1.3166605601011858
COHFACE_s16_session3_natural,19,140,23.666666666666668,-0.2679045796394348,-1.3571655839861305
COHFACE_s16_session3_natural,19,141,23.7,-0.4029892086982727,-1.3089182603176392
COHFACE_s16_session3_natural,19,142,23.733333333333334,-0.5281546115875244,-1.1612617611067346
COHFACE_s16_session3_natural,19,143,23.766666666666666,-0.6418042778968811,-0.917563091292561
COHFACE_s16_session3_natural,19,144,23.8,-0.74651038646698,-0.5968314129379937
COHFACE_s16_session3_natural,19,145,23.833333333333332,-0.842731237411499,-0.22874173904577208
COHFACE_s16_session3_natural,19,146,23.866666666666667,-0.9348424077033997,0.15395454612213905
COHFACE_s16_session3_natural,19,147,23.9,-1.0194292068481445,0.5205272433096128
COHFACE_s16_session3_natural,19,148,23.933333333333334,-1.0942593812942505,0.8438763670907774
COHFACE_s16_session3_natural,19,149,23.966666666666665,-1.1567164659500122,1.1014823739497002
COHFACE_s16_session3_natural,19,150,24.0,-1.2300388813018799,1.2774254483156016
COHFACE_s16_session3_natural,19,151,24.033333333333335,-1.2997838258743286,1.364525469464726
COHFACE_s16_session3_natural,19,152,24.066666666666666,-1.3122899532318115,1.365764768160219
COHFACE_s16_session3_natural,19,153,24.1,-1.0426677465438843,1.2950637131820384
COHFACE_s16_session3_natural,19,154,24.133333333333333,-0.2611784338951111,1.1763587693952613
COHFACE_s16_session3_natural,19,155,24.166666666666668,0.7846999764442444,1.0389926843012245
COHFACE_s16_session3_natural,19,156,24.2,1.5924137830734253,0.9094006874478668
COHFACE_s16_session3_natural,19,157,24.233333333333334,1.9917398691177368,0.8024130723427724
COHFACE_s16_session3_natural,19,158,24.266666666666666,2.1021077632904053,0.7169414879045736
COHFACE_s16_session3_natural,19,159,24.3,2.0827720165252686,0.6387703095852114
COHFACE_s16_session3_natural,19,160,24.333333333333332,1.9656926393508911,0.5487166158273907
COHFACE_s16_session3_natural,19,161,24.366666666666667,1.7156574726104736,0.4313132435544933
COHFACE_s16_session3_natural,19,162,24.4,1.4343568086624146,0.28004974690955514
COHFACE_s16_session3_natural,19,163,24.433333333333334,1.2243976593017578,0.098243465181558
COHFACE_s16_session3_natural,19,164,24.466666666666665,1.091027855873108,-0.1032707120730093
COHFACE_s16_session3_natural,19,165,24.5,0.9773929715156555,-0.3099252222689667
COHFACE_s16_session3_natural,19,166,24.533333333333335,0.8221299052238464,-0.507329732003339
COHFACE_s16_session3_natural,19,167,24.566666666666666,0.6132498383522034,-0.6846380921081385
COHFACE_s16_session3_natural,19,168,24.6,0.3790026605129242,-0.837185887149588
COHFACE_s16_session3_natural,19,169,24.633333333333333,0.16284950077533722,-0.9677941010188525
COHFACE_s16_session3_natural,19,170,24.666666666666668,-0.029606912285089493,-1.0850935621716025
COHFACE_s16_session3_natural,19,171,24.7,-0.19269002974033356,-1.1975387000981854
COHFACE_s16_session3_natural,19,172,24.733333333333334,-0.33367297053337097,-1.3045439548631679
COHFACE_s16_session3_natural,19,173,24.766666666666666,-0.45044177770614624,-1.3893449889384317
COHFACE_s16_session3_natural,19,174,24.8,-0.5556800961494446,-1.418876496721887
COHFACE_s16_session3_natural,19,175,24.833333333333332,-0.6636384129524231,-1.3531652858104635
COHFACE_s16_session3_natural,19,176,24.866666666666667,-0.7663931846618652,-1.1616201207002963
COHFACE_s16_session3_natural,19,177,24.9,-0.8566269874572754,-0.838998622708224
COHFACE_s16_session3_natural,19,178,24.933333333333334,-0.9398094415664673,-0.4127693179381751
COHFACE_s16_session3_natural,19,179,24.966666666666665,-1.0176700353622437,0.06239254924044322
COHFACE_s16_session3_natural,19,180,25.0,-1.0805853605270386,0.5199140081466371
COHFACE_s16_session3_natural,19,181,25.033333333333335,-1.1461615562438965,0.8985015692345807
COHFACE_s16_session3_natural,19,182,25.066666666666666,-1.217710018157959,1.1546539984214619
COHFACE_s16_session3_natural,19,183,25.1,-1.2736331224441528,1.2684363215809837
COHFACE_s16_session3_natural,19,184,25.133333333333333,-1.2126100063323975,1.2432033037434078
COHFACE_s16_session3_natural,19,185,25.166666666666668,-0.7700740694999695,1.1007445725448537
COHFACE_s16_session3_natural,19,186,25.2,0.12315786629915237,0.8737877411225208
COHFACE_s16_session3_natural,19,187,25.233333333333334,1.069740653038025,0.598191212618339
COHFACE_s16_session3_natural,19,188,25.266666666666666,1.677902340888977,0.30699882216248464
COHFACE_s16_session3_natural,19,189,25.3,1.8997468948364258,0.027669026509333023
COHFACE_s16_session3_natural,19,190,25.333333333333332,1.9044921398162842,-0.2175767005158613
COHFACE_s16_session3_natural,19,191,25.366666666666667,1.8100895881652832,-0.4097901262272214
COHFACE_s16_session3_natural,19,192,25.4,1.5908616781234741,-0.5320805298713787
COHFACE_s16_session3_natural,19,193,25.433333333333334,1.3085557222366333,-0.5709838259366182
COHFACE_s16_session3_natural,19,194,25.466666666666665,1.0868147611618042,-0.5202738837839245
COHFACE_s16_session3_natural,19,195,25.5,0.9618710875511169,-0.3849272236071378
COHFACE_s16_session3_natural,19,196,25.533333333333335,0.8759242296218872,-0.18224762999362865
COHFACE_s16_session3_natural,19,197,25.566666666666666,0.7604858875274658,0.06136171758975895
COHFACE_s16_session3_natural,19,198,25.6,0.581895649433136,0.3165702683798716
COHFACE_s16_session3_natural,19,199,25.633333333333333,0.3571833372116089,0.5567786657568883
COHFACE_s16_session3_natural,19,200,25.666666666666668,0.1376597285270691,0.7604699329800654
COHFACE_s16_session3_natural,19,201,25.7,-0.05627496540546417,0.9103253345984476
COHFACE_s16_session3_natural,19,202,25.733333333333334,-0.22092506289482117,0.9919994842954831
COHFACE_s16_session3_natural,19,203,25.766666666666666,-0.35939493775367737,0.9955439492820681
COHFACE_s16_session3_natural,19,204,25.8,-0.47261589765548706,0.9192805161286414
COHFACE_s16_session3_natural,19,205,25.833333333333332,-0.5705071687698364,0.7727614144389526
COHFACE_s16_session3_natural,19,206,25.866666666666667,-0.6693001985549927,0.5755810121646913
COHFACE_s16_session3_natural,19,207,25.9,-0.7609679102897644,0.3515641529824504
COHFACE_s16_session3_natural,19,208,25.933333333333334,-0.8521625995635986,0.12074506790908869
COHFACE_s16_session3_natural,19,209,25.966666666666665,-0.935818076133728,-0.10701455855210315
COHFACE_s16_session3_natural,19,210,26.0,-1.0087412595748901,-0.33347164629245446
COHFACE_s16_session3_natural,19,211,26.033333333333335,-1.0732975006103516,-0.5675043194677946
COHFACE_s16_session3_natural,19,212,26.066666666666666,-1.1367154121398926,-0.8165860748152528
COHFACE_s16_session3_natural,19,213,26.1,-1.193318486213684,-1.0779300106390934
COHFACE_s16_session3_natural,19,214,26.133333333333333,-1.2575199604034424,-1.3326872857409366
COHFACE_s16_session3_natural,19,215,26.166666666666668,-1.313635230064392,-1.5452053480084382
COHFACE_s16_session3_natural,19,216,26.2,-1.2409929037094116,-1.6682092776297202
COHFACE_s16_session3_natural,19,217,26.233333333333334,-0.7708132266998291,-1.6536911136895178
COHFACE_s16_session3_natural,19,218,26.266666666666666,0.10556641221046448,-1.46764460573739
COHFACE_s16_session3_natural,19,219,26.3,0.9518040418624878,-1.1047277029684095
COHFACE_s16_session3_natural,19,220,26.333333333333332,1.4514752626419067,-0.5974296713509164
COHFACE_s16_session3_natural,19,221,26.366666666666667,1.589738130569458,-0.014728793996365046
COHFACE_s16_session3_natural,19,222,26.4,1.537289023399353,0.5516475966738043
COHFACE_s16_session3_natural,19,223,26.433333333333334,1.381479024887085,1.0100622218669244
COHFACE_s16_session3_natural,19,224,26.466666666666665,1.120652437210083,1.2927179112608094
COHFACE_s16_session3_natural,19,225,26.5,0.8634180426597595,1.3711599006945818
COHFACE_s16_session3_natural,19,226,26.533333333333335,0.7248594760894775,1.2587828699370907
COHFACE_s16_session3_natural,19,227,26.566666666666666,0.6775399446487427,1.0019680118553405
COHFACE_s16_session3_natural,19,228,26.6,0.6238934397697449,0.6653324203947917
COHFACE_s16_session3_natural,19,229,26.633333333333333,0.5116776823997498,0.31653903445801335
COHFACE_s16_session3_natural,19,230,26.666666666666668,0.33929622173309326,0.013601193773268126
COHFACE_s16_session3_natural,19,231,26.7,0.14267107844352722,-0.20454806777483014
COHFACE_s16_session3_natural,19,232,26.733333333333334,-0.05538799986243248,-0.3234860170753744
COHFACE_s16_session3_natural,19,233,26.766666666666666,-0.22496074438095093,-0.3531019281951127
COHFACE_s16_session3_natural,19,234,26.8,-0.36720022559165955,-0.32060414190049596
COHFACE_s16_session3_natural,19,235,26.833333333333332,-0.48691079020500183,-0.258343720063886
COHFACE_s16_session3_natural,19,236,26.866666666666667,-0.5775141716003418,-0.19169004362414363
COHFACE_s16_session3_natural,19,237,26.9,-0.6563504934310913,-0.13268851015715827
COHFACE_s16_session3_natural,19,238,26.933333333333334,-0.7303380966186523,-0.08091009046339863
COHFACE_s16_session3_natural,19,239,26.966666666666665,-0.8021230101585388,-0.02830058658906373
COHFACE_s16_session3_natural,20,0,20.0,0.6410118341445923,0.16828419389592167
COHFACE_s16_session3_natural,20,1,20.033333333333335,1.3230576515197754,-0.047375851267623253
COHFACE_s16_session3_natural,20,2,20.066666666666666,1.6003669500350952,-0.19839745990647403
COHFACE_s16_session3_natural,20,3,20.1,1.6096652746200562,-0.2418390637343298
COHFACE_s16_session3_natural,20,4,20.133333333333333,1.488698124885559,-0.17302661865420813
COHFACE_s16_session3_natural,20,5,20.166666666666668,1.2680953741073608,-0.02316207665584486
COHFACE_s16_session3_natural,20,6,20.2,0.9928704500198364,0.1572778140879515
COHFACE_s16_session3_natural,20,7,20.233333333333334,0.8074949979782104,0.3193792339235766
COHFACE_s16_session3_natural,20,8,20.266666666666666,0.7459544539451599,0.4305593209741338
COHFACE_s16_session3_natural,20,9,20.3,0.7180002927780151,0.4787204597658449
COHFACE_s16_session3_natural,20,10,20.333333333333332,0.6475162506103516,0.4675774730089513
COHFACE_s16_session3_natural,20,11,20.366666666666667,0.5105689764022827,0.40827362168190734
COHFACE_s16_session3_natural,20,12,20.4,0.32684916257858276,0.3119771293618506
COHFACE_s16_session3_natural,20,13,20.433333333333334,0.1303274929523468,0.1857208310327741
COHFACE_s16_session3_natural,20,14,20.466666666666665,-0.05470799282193184,0.031659877192842266
COHFACE_s16_session3_natural,20,15,20.5,-0.205373615026474,-0.1508714880562208
COHFACE_s16_session3_natural,20,16,20.533333333333335,-0.3287798762321472,-0.36105798029718694
COHFACE_s16_session3_natural,20,17,20.566666666666666,-0.4369451403617859,-0.5908976721859386
COHFACE_s16_session3_natural,20,18,20.6,-0.5264989733695984,-0.8201952816862218
COHFACE_s16_session3_natural,20,19,20.633333333333333,-0.6112040281295776,-1.0155327053759928
COHFACE_s16_session3_natural,20,20,20.666666666666668,-0.684999406337738,-1.135984192075547
COHFACE_s16_session3_natural,20,21,20.7,-0.7664670944213867,-1.1454439996479568
COHFACE_s16_session3_natural,20,22,20.733333333333334,-0.8433964252471924,-1.0271389087151859
COHFACE_s16_session3_natural,20,23,20.766666666666666,-0.912077009677887,-0.793048058150783
COHFACE_s16_session3_natural,20,24,20.8,-0.9778749942779541,-0.4822205921179282
COHFACE_s16_session3_natural,20,25,20.833333333333332,-1.0454025268554688,-0.14777177244552492
COHFACE_s16_session3_natural,20,26,20.866666666666667,-1.1134474277496338,0.1604120687779832
COHFACE_s16_session3_natural,20,27,20.9,-1.1742488145828247,0.4079038080389329
COHFACE_s16_session3_natural,20,28,20.933333333333334,-1.154794692993164,0.5789316787558764
COHFACE_s16_session3_natural,20,29,20.966666666666665,-0.8333293795585632,0.6733116041188454
COHFACE_s16_session3_natural,20,30,21.0,-0.05170710012316704,0.7012662465381315
COHFACE_s16_session3_natural,20,31,21.033333333333335,0.8571501970291138,0.6780572886703284
COHFACE_s16_session3_natural,20,32,21.066666666666666,1.4643657207489014,0.61907728780583
COHFACE_s16_session3_natural,20,33,21.1,1.6714422702789307,0.5362858294830797
COHFACE_s16_session3_natural,20,34,21.133333333333333,1.6405020952224731,0.4370764512314966
COHFACE_s16_session3_natural,20,35,21.166666666666668,1.5096453428268433,0.3259606850586076
COHFACE_s16_session3_natural,20,36,21.2,1.272574543952942,0.20800531540221306
COHFACE_s16_session3_natural,20,37,21.233333333333334,0.998990535736084,0.09181372354305592
COHFACE_s16_session3_natural,20,38,21.266666666666666,0.8220707774162292,-0.00999609976905071
COHFACE_s16_session3_natural,20,39,21.3,0.7540997266769409,-0.0834111440546956
COHFACE_s16_session3_natural,20,40,21.333333333333332,0.7169950604438782,-0.11745560971412956
COHFACE_s16_session3_natural,20,41,21.366666666666667,0.6332804560661316,-0.10808487316362467
COHFACE_s16_session3_natural,20,42,21.4,0.4826887547969818,-0.05965167615216464
COHFACE_s16_session3_natural,20,43,21.433333333333334,0.2856349050998688,0.016478223294070442
COHFACE_s16_session3_natural,20,44,21.466666666666665,0.08089403063058853,0.10518879512512923
COHFACE_s16_session3_natural,20,45,21.5,-0.10470320284366608,0.19122932277387736
COHFACE_s16_session3_natural,20,46,21.533333333333335,-0.25869494676589966,0.2620563561290607
COHFACE_s16_session3_natural,20,47,21.566666666666666,-0.3867873251438141,0.3094862534225367
COHFACE_s16_session3_natural,20,48,21.6,-0.49288302659988403,0.3301234342253459
COHFACE_s16_session3_natural,20,49,21.633333333333333,-0.5811359286308289,0.324652435488535
COHFACE_s16_session3_natural,20,50,21.666666666666668,-0.6610513925552368,0.2962836355938405
COHFACE_s16_session3_natural,20,51,21.7,-0.7435833811759949,0.24896178099890237
COHFACE_s16_session3_natural,20,52,21.733333333333334,-0.8289684653282166,0.18615442684658542
COHFACE_s16_session3_natural,20,53,21.766666666666666,-0.9069917798042297,0.110799299903663
COHFACE_s16_session3_natural,20,54,21.8,-0.9745045304298401,0.026256185955829226
COHFACE_s16_session3_natural,20,55,21.833333333333332,-1.0342415571212769,-0.06259340050226674
COHFACE_s16_session3_natural,20,56,21.866666666666667,-1.1005568504333496,-0.14908136147966436
COHFACE_s16_session3_natural,20,57,21.9,-1.1697252988815308,-0.22586069607667186
COHFACE_s16_session3_natural,20,58,21.933333333333334,-1.2226622104644775,-0.28719572647434044
COHFACE_s16_session3_natural,20,59,21.966666666666665,-1.1816844940185547,-0.3314487949064048
COHFACE_s16_session3_natural,20,60,22.0,-0.7770219445228577,-0.36226230328071846
COHFACE_s16_session3_natural,20,61,22.033333333333335,0.11777695268392563,-0.38732807688554804
COHFACE_s16_session3_natural,20,62,22.066666666666666,1.1263437271118164,-0.4150386437082952
COHFACE_s16_session3_natural,20,63,22.1,1.802225112915039,-0.45067744397569737
COHFACE_s16_session3_natural,20,64,22.133333333333333,2.0736212730407715,-0.4940447758027512
COHFACE_s16_session3_natural,20,65,22.166666666666668,2.1079025268554688,-0.5395596381916293
COHFACE_s16_session3_natural,20,66,22.2,2.0533690452575684,-0.5785862665886403
COHFACE_s16_session3_natural,20,67,22.233333333333334,1.8925625085830688,-0.6026172809968813
COHFACE_s16_session3_natural,20,68,22.266666666666666,1.6257636547088623,-0.6055311085592567
COHFACE_s16_session3_natural,20,69,22.3,1.3704954385757446,-0.5838721416777701
COHFACE_s16_session3_natural,20,70,22.333333333333332,1.203347086906433,-0.5356629139008152
COHFACE_s16_session3_natural,20,71,22.366666666666667,1.0861495733261108,-0.45917945207047606
COHFACE_s16_session3_natural,20,72,22.4,0.9672815799713135,-0.3525781463248974
COHFACE_s16_session3_natural,20,73,22.433333333333334,0.7975462079048157,-0.21459629124179871
COHFACE_s16_session3_natural,20,74,22.466666666666665,0.5829156637191772,-0.04674689572755499
COHFACE_s16_session3_natural,20,75,22.5,0.35186153650283813,0.14319044180531665
COHFACE_s16_session3_natural,20,76,22.533333333333335,0.12874573469161987,0.3388768278657986
COHFACE_s16_session3_natural,20,77,22.566666666666666,-0.06394720077514648,0.5176831855215674
COHFACE_s16_session3_natural,20,78,22.6,-0.2251085788011551,0.6579075598007554
COHFACE_s16_session3_natural,20,79,22.633333333333333,-0.3581088185310364,0.7472100493085725
COHFACE_s16_session3_natural,20,80,22.666666666666668,-0.4751585125923157,0.7872218611780242
COHFACE_s16_session3_natural,20,81,22.7,-0.5782976746559143,0.7915287895218803
COHFACE_s16_session3_natural,20,82,22.733333333333334,-0.6831811666488647,0.7782306803838754
COHFACE_s16_session3_natural,20,83,22.766666666666666,-0.7884637713432312,0.7612879056855605
COHFACE_s16_session3_natural,20,84,22.8,-0.8773375749588013,0.7450069015982688
COHFACE_s16_session3_natural,20,85,22.833333333333332,-0.9593669772148132,0.7237532459715269
COHFACE_s16_session3_natural,20,86,22.866666666666667,-1.0392380952835083,0.686108178726752
COHFACE_s16_session3_natural,20,87,22.9,-1.1075490713119507,0.6208839582509332
COHFACE_s16_session3_natural,20,88,22.933333333333334,-1.1699026823043823,0.5223932273359909
COHFACE_s16_session3_natural,20,89,22.966666666666665,-1.2372084856033325,0.3934067227398859
COHFACE_s16_session3_natural,20,90,23.0,-1.2746087312698364,0.24526097141974623
COHFACE_s16_session3_natural,20,91,23.033333333333335,-1.1086430549621582,0.09531451597563032
COHFACE_s16_session3_natural,20,92,23.066666666666666,-0.4646923542022705,-0.037460214184782736
COHFACE_s16_session3_natural,20,93,23.1,0.561939001083374,-0.13752726170848956
COHFACE_s16_session3_natural,20,94,23.133333333333333,1.4837459325790405,-0.19704848047625675
COHFACE_s16_session3_natural,20,95,23.166666666666668,2.003610372543335,-0.21794524079870842
COHFACE_s16_session3_natural,20,96,23.2,2.1842849254608154,-0.21077094583930636
COHFACE_s16_session3_natural,20,97,23.233333333333334,2.1959781646728516,-0.19067951428633725
COHFACE_s16_session3_natural,20,98,23.266666666666666,2.119654893875122,-0.17260706446275645
COHFACE_s16_session3_natural,20,99,23.3,1.923340082168579,-0.16840005375496703
COHFACE_s16_session3_natural,20,100,23.333333333333332,1.6394376754760742,-0.18690394669803098
COHFACE_s16_session3_natural,20,101,23.366666666666667,1.385854721069336,-0.23542710463124839
COHFACE_s16_session3_natural,20,102,23.4,1.2174497842788696,-0.3198518189600854
COHFACE_s16_session3_natural,20,103,23.433333333333334,1.0962904691696167,-0.4421329791183326
COHFACE_s16_session3_natural,20,104,23.466666666666665,0.944974422454834,-0.5970092590685943
COHFACE_s16_session3_natural,20,105,23.5,0.7368039488792419,-0.7711972200174398
COHFACE_s16_session3_natural,20,106,23.533333333333335,0.5116185545921326,-0.9462041739330622
COHFACE_s16_session3_natural,20,107,23.566666666666666,0.2842748761177063,-1.1026071977886096
COHFACE_s16_session3_natural,20,108,23.6,0.07122611999511719,-1.2226770232130573
COHFACE_s16_session3_natural,20,109,23.633333333333333,-0.1106015145778656,-1.290346524363658
COHFACE_s16_session3_natural,20,110,23.666666666666668,-0.2679045796394348,-1.2907871125922181
COHFACE_s16_session3_natural,20,111,23.7,-0.4029892086982727,-1.2126926822744728
COHFACE_s16_session3_natural,20,112,23.733333333333334,-0.5281546115875244,-1.0532383459737436
COHFACE_s16_session3_natural,20,113,23.766666666666666,-0.6418042778968811,-0.8219022382449055
COHFACE_s16_session3_natural,20,114,23.8,-0.74651038646698,-0.5390434477415711
COHFACE_s16_session3_natural,20,115,23.833333333333332,-0.842731237411499,-0.22883792574165643
COHFACE_s16_session3_natural,20,116,23.866666666666667,-0.9348424077033997,0.0889941531540557
COHFACE_s16_session3_natural,20,117,23.9,-1.0194292068481445,0.4029833550974089
COHFACE_s16_session3_natural,20,118,23.933333333333334,-1.0942593812942505,0.707636878182653
COHFACE_s16_session3_natural,20,119,23.966666666666665,-1.1567164659500122,0.9981940932264269
COHFACE_s16_session3_natural,20,120,24.0,-1.2300388813018799,1.2660600778321591
COHFACE_s16_session3_natural,20,121,24.033333333333335,-1.2997838258743286,1.49671485810878
COHFACE_s16_session3_natural,20,122,24.066666666666666,-1.3122899532318115,1.6709315190643732
COHFACE_s16_session3_natural,20,123,24.1,-1.0426677465438843,1.7694045510931184
COHFACE_s16_session3_natural,20,124,24.133333333333333,-0.2611784338951111,1.7790462823984734
COHFACE_s16_session3_natural,20,125,24.166666666666668,0.7846999764442444,1.697813049631784
COHFACE_s16_session3_natural,20,126,24.2,1.5924137830734253,1.5357503193231434
COHFACE_s16_session3_natural,20,127,24.233333333333334,1.9917398691177368,1.3121350849724642
COHFACE_s16_session3_natural,20,128,24.266666666666666,2.1021077632904053,1.0503408622857138
COHFACE_s16_session3_natural,20,129,24.3,2.0827720165252686,0.7726555558011882
COHFACE_s16_session3_natural,20,130,24.333333333333332,1.9656926393508911,0.49686351810414775
COHFACE_s16_session3_natural,20,131,24.366666666666667,1.7156574726104736,0.23530237033274093
COHFACE_s16_session3_natural,20,132,24.4,1.4343568086624146,-0.004159426041897667
COHFACE_s16_session3_natural,20,133,24.433333333333334,1.2243976593017578,-0.21657480781791638
COHFACE_s16_session3_natural,20,134,24.466666666666665,1.091027855873108,-0.39907637084064845
COHFACE_s16_session3_natural,20,135,24.5,0.9773929715156555,-0.551169278822076
COHFACE_s16_session3_natural,20,136,24.533333333333335,0.8221299052238464,-0.6755363508316629
COHFACE_s16_session3_natural,20,137,24.566666666666666,0.6132498383522034,-0.7783264810459616
COHFACE_s16_session3_natural,20,138,24.6,0.3790026605129242,-0.8684230198965613
COHFACE_s16_session3_natural,20,139,24.633333333333333,0.16284950077533722,-0.9557609442939775
COHFACE_s16_session3_natural,20,140,24.666666666666668,-0.029606912285089493,-1.0486407099588337
COHFACE_s16_session3_natural,20,141,24.7,-0.19269002974033356,-1.1498121243825654
COHFACE_s16_session3_natural,20,142,24.733333333333334,-0.33367297053337097,-1.2518502645537335
COHFACE_s16_session3_natural,20,143,24.766666666666666,-0.45044177770614624,-1.334116746577563
COHFACE_s16_session3_natural,20,144,24.8,-0.5556800961494446,-1.3650640209814737
COHFACE_s16_session3_natural,20,145,24.833333333333332,-0.6636384129524231,-1.3121430173675994
COHFACE_s16_session3_natural,20,146,24.866666666666667,-0.7663931846618652,-1.1564478772347495
COHFACE_s16_session3_natural,20,147,24.9,-0.8566269874572754,-0.9043760165160178
COHFACE_s16_session3_natural,20,148,24.933333333333334,-0.9398094415664673,-0.5885970030560609
COHFACE_s16_session3_natural,20,149,24.966666666666665,-1.0176700353622437,-0.2565267957076704
COHFACE_s16_session3_natural,20,150,25.0,-1.0805853605270386,0.047148323878062226
COHFACE_s16_session3_natural,20,151,25.033333333333335,-1.1461615562438965,0.293619854758838
COHFACE_s16_session3_natural,20,152,25.066666666666666,-1.217710018157959,0.47307482737662565
COHFACE_s16_session3_natural,20,153,25.1,-1.2736331224441528,0.589598532077748
COHFACE_s16_session3_natural,20,154,25.133333333333333,-1.2126100063323975,0.6532331920438721
COHFACE_s16_session3_natural,20,155,25.166666666666668,-0.7700740694999695,0.6737288332155271
COHFACE_s16_session3_natural,20,156,25.2,0.12315786629915237,0.6581144786035008
COHFACE_s16_session3_natural,20,157,25.233333333333334,1.069740653038025,0.6118235654129479
COHFACE_s16_session3_natural,20,158,25.266666666666666,1.677902340888977,0.5414220850752022
COHFACE_s16_session3_natural,20,159,25.3,1.8997468948364258,0.456633068192293
COHFACE_s16_session3_natural,20,160,25.333333333333332,1.9044921398162842,0.37033941192858105
COHFACE_s16_session3_natural,20,161,25.366666666666667,1.8100895881652832,0.296624108888608
COHFACE_s16_session3_natural,20,162,25.4,1.5908616781234741,0.24770487002777367
COHFACE_s16_session3_natural,20,163,25.433333333333334,1.3085557222366333,0.23077348972853143
COHFACE_s16_session3_natural,20,164,25.466666666666665,1.0868147611618042,0.24569507355921752
COHFACE_s16_session3_natural,20,165,25.5,0.9618710875511169,0.2845997346552075
COHFACE_s16_session3_natural,20,166,25.533333333333335,0.8759242296218872,0.3343607912400699
COHFACE_s16_session3_natural,20,167,25.566666666666666,0.7604858875274658,0.3817684273285354
COHFACE_s16_session3_natural,20,168,25.6,0.581895649433136,0.41887572608466905
COHFACE_s16_session3_natural,20,169,25.633333333333333,0.3571833372116089,0.44493246460308356
COHFACE_s16_session3_natural,20,170,25.666666666666668,0.1376597285270691,0.463386146946448
COHFACE_s16_session3_natural,20,171,25.7,-0.05627496540546417,0.4760869590479424
COHFACE_s16_session3_natural,20,172,25.733333333333334,-0.22092506289482117,0.4790891422561005
COHFACE_s16_session3_natural,20,173,25.766666666666666,-0.35939493775367737,0.46336855656467163
COHFACE_s16_session3_natural,20,174,25.8,-0.47261589765548706,0.4198779271157457
COHFACE_s16_session3_natural,20,175,25.833333333333332,-0.5705071687698364,0.3450078684974503
COHFACE_s16_session3_natural,20,176,25.866666666666667,-0.6693001985549927,0.24260983457543941
COHFACE_s16_session3_natural,20,177,25.9,-0.7609679102897644,0.12154056626581534
COHFACE_s16_session3_natural,20,178,25.933333333333334,-0.8521625995635986,-0.009332255783510313
COHFACE_s16_session3_natural,20,179,25.966666666666665,-0.935818076133728,-0.14544410744227168
COHFACE_s16_session3_natural,20,180,26.0,-1.0087412595748901,-0.2878427629899142
COHFACE_s16_session3_natural,20,181,26.033333333333335,-1.0732975006103516,-0.44112113400823844
COHFACE_s16_session3_natural,20,182,26.066666666666666,-1.1367154121398926,-0.6091340108712572
COHFACE_s16_session3_natural,20,183,26.1,-1.193318486213684,-0.7902175153633513
COHFACE_s16_session3_natural,20,184,26.133333333333333,-1.2575199604034424,-0.9734652860112263
COHFACE_s16_session3_natural,20,185,26.166666666666668,-1.313635230064392,-1.1373300427445527
COHFACE_s16_session3_natural,20,186,26.2,-1.2409929037094116,-1.2516854307405476
COHFACE_s16_session3_natural,20,187,26.233333333333334,-0.7708132266998291,-1.283953902097194
COHFACE_s16_session3_natural,20,188,26.266666666666666,0.10556641221046448,-1.2085045558080771
COHFACE_s16_session3_natural,20,189,26.3,0.9518040418624878,-1.0167400639530177
COHFACE_s16_session3_natural,20,190,26.333333333333332,1.4514752626419067,-0.7240716406508665
COHFACE_s16_session3_natural,20,191,26.366666666666667,1.589738130569458,-0.3700133463711866
COHFACE_s16_session3_natural,20,192,26.4,1.537289023399353,-0.009427087332169286
COHFACE_s16_session3_natural,20,193,26.433333333333334,1.381479024887085,0.3031089939716274
COHFACE_s16_session3_natural,20,194,26.466666666666665,1.120652437210083,0.5292169278851018
COHFACE_s16_session3_natural,20,195,26.5,0.8634180426597595,0.6552822292358077
COHFACE_s16_session3_natural,20,196,26.533333333333335,0.7248594760894775,0.6907015912476425
COHFACE_s16_session3_natural,20,197,26.566666666666666,0.6775399446487427,0.659119946782296
COHFACE_s16_session3_natural,20,198,26.6,0.6238934397697449,0.5885844582073121
COHFACE_s16_session3_natural,20,199,26.633333333333333,0.5116776823997498,0.5047541473540695
COHFACE_s16_session3_natural,20,200,26.666666666666668,0.33929622173309326,0.4275962228307047
COHFACE_s16_session3_natural,20,201,26.7,0.14267107844352722,0.36966793275647986
COHFACE_s16_session3_natural,20,202,26.733333333333334,-0.05538799986243248,0.33480362606911696
COHFACE_s16_session3_natural,20,203,26.766666666666666,-0.22496074438095093,0.31816242330492744
COHFACE_s16_session3_natural,20,204,26.8,-0.36720022559165955,0.3093755754735206
COHFACE_s16_session3_natural,20,205,26.833333333333332,-0.48691079020500183,0.2987042234391766
COHFACE_s16_session3_natural,20,206,26.866666666666667,-0.5775141716003418,0.28290952367526573
COHFACE_s16_session3_natural,20,207,26.9,-0.6563504934310913,0.266612099973328
COHFACE_s16_session3_natural,20,208,26.933333333333334,-0.7303380966186523,0.2581690749101599
COHFACE_s16_session3_natural,20,209,26.966666666666665,-0.8021230101585388,0.2631299410142422
COHFACE_s16_session3_natural,20,210,27.0,-0.8814619779586792,0.2792394764128812
COHFACE_s16_session3_natural,20,211,27.033333333333335,-0.9580069780349731,0.2952766201355007
COHFACE_s16_session3_natural,20,212,27.066666666666666,-1.0209814310073853,0.2940512004742081
COHFACE_s16_session3_natural,20,213,27.1,-1.086350679397583,0.25834620370785727
COHFACE_s16_session3_natural,20,214,27.133333333333333,-1.1539077758789062,0.17749212441409504
COHFACE_s16_session3_natural,20,215,27.166666666666668,-1.216660499572754,0.05206807958513417
COHFACE_s16_session3_natural,20,216,27.2,-1.2580225467681885,-0.10486738458891756
COHFACE_s16_session3_natural,20,217,27.233333333333334,-1.1576330661773682,-0.2704141445101709
COHFACE_s16_session3_natural,20,218,27.266666666666666,-0.6528765559196472,-0.41787278024618213
COHFACE_s16_session3_natural,20,219,27.3,0.2067098766565323,-0.5245954262417578
COHFACE_s16_session3_natural,20,220,27.333333333333332,0.9789451360702515,-0.5785117560361145
COHFACE_s16_session3_natural,20,221,27.366666666666667,1.3735110759735107,-0.5800615224443695
COHFACE_s16_session3_natural,20,222,27.4,1.4535596370697021,-0.5387487177464241
COHFACE_s16_session3_natural,20,223,27.433333333333334,1.376186728477478,-0.46687591580364063
COHFACE_s16_session3_natural,20,224,27.466666666666665,1.188889503479004,-0.37456804325137094
COHFACE_s16_session3_natural,20,225,27.5,0.9135315418243408,-0.26886895185289383
COHFACE_s16_session3_natural,20,226,27.533333333333335,0.678811252117157,-0.1564058227019782
COHFACE_s16_session3_natural,20,227,27.566666666666666,0.574607789516449,-0.04646253204254058
COHFACE_s16_session3_natural,20,228,27.6,0.5498762726783752,0.04863020978944543
COHFACE_s16_session3_natural,20,229,27.633333333333333,0.49321404099464417,0.11650740371016892
COHFACE_s16_session3_natural,20,230,27.666666666666668,0.369083434343338,0.14922763036054748
COHFACE_s16_session3_natural,20,231,27.7,0.19473586976528168,0.14632364368434783
COHFACE_s16_session3_natural,20,232,27.733333333333334,-0.008349339477717876,0.11506977481270339
COHFACE_s16_session3_natural,20,233,27.766666666666666,-0.19650398194789886,0.06855466367563794
COHFACE_s16_session3_natural,20,234,27.8,-0.34915050864219666,0.022671738917097867
COHFACE_s16_session3_natural,20,235,27.833333333333332,-0.47560200095176697,-0.007352055362628157
COHFACE_s16_session3_natural,20,236,27.866666666666667,-0.5845359563827515,-0.010509819775085161
COHFACE_s16_session3_natural,20,237,27.9,-0.6759523749351501,0.017000311288659753
COHFACE_s16_session3_natural,20,238,27.933333333333334,-0.7522756457328796,0.07033470727675563
COHFACE_s16_session3_natural,20,239,27.966666666666665,-0.8312450051307678,0.13690068505678343
COHFACE_s16_session3_natural,21,0,21.0,-0.05170710012316704,-0.12355516602312722
COHFACE_s16_session3_natural,21,1,21.033333333333335,0.8571501970291138,-0.42126199723816016
COHFACE_s16_session3_natural,21,2,21.066666666666666,1.4643657207489014,-0.6763331401226479
COHFACE_s16_session3_natural,21,3,21.1,1.6714422702789307,-0.862855058744129
COHFACE_s16_session3_natural,21,4,21.133333333333333,1.6405020952224731,-0.9779336455927938
COHFACE_s16_session3_natural,21,5,21.166666666666668,1.5096453428268433,-1.039600521315984
COHFACE_s16_session3_natural,21,6,21.2,1.272574543952942,-1.075183950319135
COHFACE_s16_session3_natural,21,7,21.233333333333334,0.998990535736084,-1.1067905571903274
COHFACE_s16_session3_natural,21,8,21.266666666666666,0.8220707774162292,-1.1411333261327539
COHFACE_s16_session3_natural,21,9,21.3,0.7540997266769409,-1.1671679800996895
COHFACE_s16_session3_natural,21,10,21.333333333333332,0.7169950604438782,-1.1607228814968138
COHFACE_s16_session3_natural,21,11,21.366666666666667,0.6332804560661316,-1.0932857912038016
COHFACE_s16_session3_natural,21,12,21.4,0.4826887547969818,-0.9425329440862663
COHFACE_s16_session3_natural,21,13,21.433333333333334,0.2856349050998688,-0.702328343121681
COHFACE_s16_session3_natural,21,14,21.466666666666665,0.08089403063058853,-0.3883297628723191
COHFACE_s16_session3_natural,21,15,21.5,-0.10470320284366608,-0.035353341402655426
COHFACE_s16_session3_natural,21,16,21.533333333333335,-0.25869494676589966,0.31314296651451357
COHFACE_s16_session3_natural,21,17,21.566666666666666,-0.3867873251438141,0.6181972283920666
COHFACE_s16_session3_natural,21,18,21.6,-0.49288302659988403,0.8548227614809527
COHFACE_s16_session3_natural,21,19,21.633333333333333,-0.5811359286308289,1.0145312663485095
COHFACE_s16_session3_natural,21,20,21.666666666666668,-0.6610513925552368,1.101839670776244
COHFACE_s16_session3_natural,21,21,21.7,-0.7435833811759949,1.1282312056087955
COHFACE_s16_session3_natural,21,22,21.733333333333334,-0.8289684653282166,1.1065929246053237
COHFACE_s16_session3_natural,21,23,21.766666666666666,-0.9069917798042297,1.0473274227944434
COHFACE_s16_session3_natural,21,24,21.8,-0.9745045304298401,0.956277893736188
COHFACE_s16_session3_natural,21,25,21.833333333333332,-1.0342415571212769,0.8345278464981831
COHFACE_s16_session3_natural,21,26,21.866666666666667,-1.1005568504333496,0.6801999051324753
COHFACE_s16_session3_natural,21,27,21.9,-1.1697252988815308,0.4920192077797634
COHFACE_s16_session3_natural,21,28,21.933333333333334,-1.2226622104644775,0.2735795274152332
COHFACE_s16_session3_natural,21,29,21.966666666666665,-1.1816844940185547,0.03643433340201717
COHFACE_s16_session3_natural,21,30,22.0,-0.7770219445228577,-0.1999378180526809
COHFACE_s16_session3_natural,21,31,22.033333333333335,0.11777695268392563,-0.4120053176241337
COHFACE_s16_session3_natural,21,32,22.066666666666666,1.1263437271118164,-0.5784092704539238
COHFACE_s16_session3_natural,21,33,22.1,1.802225112915039,-0.6856013259572735
COHFACE_s16_session3_natural,21,34,22.133333333333333,2.0736212730407715,-0.7305192209908307
COHFACE_s16_session3_natural,21,35,22.166666666666668,2.1079025268554688,-0.7197869076727718
COHFACE_s16_session3_natural,21,36,22.2,2.0533690452575684,-0.6665472441972939
COHFACE_s16_session3_natural,21,37,22.233333333333334,1.8925625085830688,-0.5865769517170195
COHFACE_s16_session3_natural,21,38,22.266666666666666,1.6257636547088623,-0.4948535837106332
COHFACE_s16_session3_natural,21,39,22.3,1.3704954385757446,-0.4030400923290338
COHFACE_s16_session3_natural,21,40,22.333333333333332,1.203347086906433,-0.31805279444622303
COHFACE_s16_session3_natural,21,41,22.366666666666667,1.0861495733261108,-0.2416528883808803
COHFACE_s16_session3_natural,21,42,22.4,0.9672815799713135,-0.1706449251071612
COHFACE_s16_session3_natural,21,43,22.433333333333334,0.7975462079048157,-0.09770888206944744
COHFACE_s16_session3_natural,21,44,22.466666666666665,0.5829156637191772,-0.014169959619482503
COHFACE_s16_session3_natural,21,45,22.5,0.35186153650283813,0.08438256159966254
COHFACE_s16_session3_natural,21,46,22.533333333333335,0.12874573469161987,0.19193448564701704
COHFACE_s16_session3_natural,21,47,22.566666666666666,-0.06394720077514648,0.29015127285703746
COHFACE_s16_session3_natural,21,48,22.6,-0.2251085788011551,0.3537835503048334
COHFACE_s16_session3_natural,21,49,22.633333333333333,-0.3581088185310364,0.36158017276128934
COHFACE_s16_session3_natural,21,50,22.666666666666668,-0.4751585125923157,0.30682674062074566
COHFACE_s16_session3_natural,21,51,22.7,-0.5782976746559143,0.20143088093443282
COHFACE_s16_session3_natural,21,52,22.733333333333334,-0.6831811666488647,0.0716218777018061
COHFACE_s16_session3_natural,21,53,22.766666666666666,-0.7884637713432312,-0.05148142460355475
COHFACE_s16_session3_natural,21,54,22.8,-0.8773375749588013,-0.14086874360932886
COHFACE_s16_session3_natural,21,55,22.833333333333332,-0.9593669772148132,-0.178376222945351
COHFACE_s16_session3_natural,21,56,22.866666666666667,-1.0392380952835083,-0.15541378652113827
COHFACE_s16_session3_natural,21,57,22.9,-1.1075490713119507,-0.0726744926999745
COHFACE_s16_session3_natural,21,58,22.933333333333334,-1.1699026823043823,0.059169094965027993
COHFACE_s16_session3_natural,21,59,22.966666666666665,-1.2372084856033325,0.21892777167074123
COHFACE_s16_session3_natural,21,60,23.0,-1.2746087312698364,0.37758158320391383
COHFACE_s16_session3_natural,21,61,23.033333333333335,-1.1086430549621582,0.5055796250466793
COHFACE_s16_session3_natural,21,62,23.066666666666666,-0.4646923542022705,0.581726810773088
COHFACE_s16_session3_natural,21,63,23.1,0.561939001083374,0.5983626908317846
COHFACE_s16_session3_natural,21,64,23.133333333333333,1.4837459325790405,0.5605724219993182
COHFACE_s16_session3_natural,21,65,23.166666666666668,2.003610372543335,0.48181549295923637
COHFACE_s16_session3_natural,21,66,23.2,2.1842849254608154,0.3796525132307439
COHFACE_s16_session3_natural,21,67,23.233333333333334,2.1959781646728516,0.2730366390395821
COHFACE_s16_session3_natural,21,68,23.266666666666666,2.119654893875122,0.17979987137609968
COHFACE_s16_session3_natural,21,69,23.3,1.923340082168579,0.11243956536502361
COHFACE_s16_session3_natural,21,70,23.333333333333332,1.6394376754760742,0.07283657405871727
COHFACE_s16_session3_natural,21,71,23.366666666666667,1.385854721069336,0.049336167500668576
COHFACE_s16_session3_natural,21,72,23.4,1.2174497842788696,0.019499367017545788
COHFACE_s16_session3_natural,21,73,23.433333333333334,1.0962904691696167,-0.04153525618448236
COHFACE_s16_session3_natural,21,74,23.466666666666665,0.944974422454834,-0.15134841127207513
COHFACE_s16_session3_natural,21,75,23.5,0.7368039488792419,-0.3146366092133401
COHFACE_s16_session3_natural,21,76,23.533333333333335,0.5116185545921326,-0.523629426475935
COHFACE_s16_session3_natural,21,77,23.566666666666666,0.2842748761177063,-0.7616604047510012
COHFACE_s16_session3_natural,21,78,23.6,0.07122611999511719,-1.0055154732034457
COHFACE_s16_session3_natural,21,79,23.633333333333333,-0.1106015145778656,-1.225213481743368
COHFACE_s16_session3_natural,21,80,23.666666666666668,-0.2679045796394348,-1.3847627532658227
COHFACE_s16_session3_natural,21,81,23.7,-0.4029892086982727,-1.4485101614580274
COHFACE_s16_session3_natural,21,82,23.733333333333334,-0.5281546115875244,-1.39245844968913
COHFACE_s16_session3_natural,21,83,23.766666666666666,-0.6418042778968811,-1.2139512316183299
COHFACE_s16_session3_natural,21,84,23.8,-0.74651038646698,-0.9329924865598832
COHFACE_s16_session3_natural,21,85,23.833333333333332,-0.842731237411499,-0.5842256949795436
COHFACE_s16_session3_natural,21,86,23.866666666666667,-0.9348424077033997,-0.20537364414894885
COHFACE_s16_session3_natural,21,87,23.9,-1.0194292068481445,0.17047923294582054
COHFACE_s16_session3_natural,21,88,23.933333333333334,-1.0942593812942505,0.5167221649126383
COHFACE_s16_session3_natural,21,89,23.966666666666665,-1.1567164659500122,0.8126308305029206
COHFACE_s16_session3_natural,21,90,24.0,-1.2300388813018799,1.0433774326158438
COHFACE_s16_session3_natural,21,91,24.033333333333335,-1.2997838258743286,1.2006284485746654
COHFACE_s16_session3_natural,21,92,24.066666666666666,-1.3122899532318115,1.283211240819688
COHFACE_s16_session3_natural,21,93,24.1,-1.0426677465438843,1.2978689442740017
COHFACE_s16_session3_natural,21,94,24.133333333333333,-0.2611784338951111,1.2590015191300679
COHFACE_s16_session3_natural,21,95,24.166666666666668,0.7846999764442444,1.1854598223603074
COHFACE_s16_session3_natural,21,96,24.2,1.5924137830734253,1.0943371355196247
COHFACE_s16_session3_natural,21,97,24.233333333333334,1.9917398691177368,0.9947025187973199
COHFACE_s16_session3_natural,21,98,24.266666666666666,2.1021077632904053,0.8853005976572873
COHFACE_s16_session3_natural,21,99,24.3,2.0827720165252686,0.758110813234139
COHFACE_s16_session3_natural,21,100,24.333333333333332,1.9656926393508911,0.6055477791662495
COHFACE_s16_session3_natural,21,101,24.366666666666667,1.7156574726104736,0.42653496737840346
COHFACE_s16_session3_natural,21,102,24.4,1.4343568086624146,0.22808286889447005
COHFACE_s16_session3_natural,21,103,24.433333333333334,1.2243976593017578,0.022557192349295187
COHFACE_s16_session3_natural,21,104,24.466666666666665,1.091027855873108,-0.17668010458593633
COHFACE_s16_session3_natural,21,105,24.5,0.9773929715156555,-0.3584924301480828
COHFACE_s16_session3_natural,21,106,24.533333333333335,0.8221299052238464,-0.5150935381366377
COHFACE_s16_session3_natural,21,107,24.566666666666666,0.6132498383522034,-0.6421001779060049
COHFACE_s16_session3_natural,21,108,24.6,0.3790026605129242,-0.7390378399793189
COHFACE_s16_session3_natural,21,109,24.633333333333333,0.16284950077533722,-0.8104100750653855
COHFACE_s16_session3_natural,21,110,24.666666666666668,-0.029606912285089493,-0.8653048838731106
COHFACE_s16_session3_natural,21,111,24.7,-0.19269002974033356,-0.9132160977268379
COHFACE_s16_session3_natural,21,112,24.733333333333334,-0.33367297053337097,-0.9565742361580101
COHFACE_s16_session3_natural,21,113,24.766666666666666,-0.45044177770614624,-0.984212726265667
COHFACE_s16_session3_natural,21,114,24.8,-0.5556800961494446,-0.9712930061540727
COHFACE_s16_session3_natural,21,115,24.833333333333332,-0.6636384129524231,-0.888411649931584
COHFACE_s16_session3_natural,21,116,24.866666666666667,-0.7663931846618652,-0.7168046859272772
COHFACE_s16_session3_natural,21,117,24.9,-0.8566269874572754,-0.46165089797531456
COHFACE_s16_session3_natural,21,118,24.933333333333334,-0.9398094415664673,-0.1553127393950657
COHFACE_s16_session3_natural,21,119,24.966666666666665,-1.0176700353622437,0.15219152294913213
COHFACE_s16_session3_natural,21,120,25.0,-1.0805853605270386,0.41017737696383616
COHFACE_s16_session3_natural,21,121,25.033333333333335,-1.1461615562438965,0.5823280415399849
COHFACE_s16_session3_natural,21,122,25.066666666666666,-1.217710018157959,0.6536607041584493
COHFACE_s16_session3_natural,21,123,25.1,-1.2736331224441528,0.6293812919239397
COHFACE_s16_session3_natural,21,124,25.133333333333333,-1.2126100063323975,0.5285784561988403
COHFACE_s16_session3_natural,21,125,25.166666666666668,-0.7700740694999695,0.37589854951607626
COHFACE_s16_session3_natural,21,126,25.2,0.12315786629915237,0.1942428360297614
COHFACE_s16_session3_natural,21,127,25.233333333333334,1.069740653038025,0.0011348755134782899
COHFACE_s16_session3_natural,21,128,25.266666666666666,1.677902340888977,-0.19017245667552102
COHFACE_s16_session3_natural,21,129,25.3,1.8997468948364258,-0.3661895578239942
COHFACE_s16_session3_natural,21,130,25.333333333333332,1.9044921398162842,-0.5086686158017781
COHFACE_s16_session3_natural,21,131,25.366666666666667,1.8100895881652832,-0.5938739648924807
COHFACE_s16_session3_natural,21,132,25.4,1.5908616781234741,-0.5976342155501162
COHFACE_s16_session3_natural,21,133,25.433333333333334,1.3085557222366333,-0.504729580881783
COHFACE_s16_session3_natural,21,134,25.466666666666665,1.0868147611618042,-0.3178712743306449
COHFACE_s16_session3_natural,21,135,25.5,0.9618710875511169,-0.060769620543189455
COHFACE_s16_session3_natural,21,136,25.533333333333335,0.8759242296218872,0.22734020829478127
COHFACE_s16_session3_natural,21,137,25.566666666666666,0.7604858875274658,0.5035754211754381
COHFACE_s16_session3_natural,21,138,25.6,0.581895649433136,0.7339039479307891
COHFACE_s16_session3_natural,21,139,25.633333333333333,0.3571833372116089,0.9002697509636071
COHFACE_s16_session3_natural,21,140,25.666666666666668,0.1376597285270691,0.9998308320914976
COHFACE_s16_session3_natural,21,141,25.7,-0.05627496540546417,1.0385740298398252
COHFACE_s16_session3_natural,21,142,25.733333333333334,-0.22092506289482117,1.024471671548586
COHFACE_s16_session3_natural,21,143,25.766666666666666,-0.35939493775367737,0.9645520717387451
COHFACE_s16_session3_natural,21,144,25.8,-0.47261589765548706,0.866400042805639
COHFACE_s16_session3_natural,21,145,25.833333333333332,-0.5705071687698364,0.7409589637342108
COHFACE_s16_session3_natural,21,146,25.866666666666667,-0.6693001985549927,0.6029609278299874
COHFACE_s16_session3_natural,21,147,25.9,-0.7609679102897644,0.46752634550905775
COHFACE_s16_session3_natural,21,148,25.933333333333334,-0.8521625995635986,0.3443263313142834
COHFACE_s16_session3_natural,21,149,25.966666666666665,-0.935818076133728,0.23237472439540915
COHFACE_s16_session3_natural,21,150,26.0,-1.0087412595748901,0.11828204002067826
COHFACE_s16_session3_natural,21,151,26.033333333333335,-1.0732975006103516,-0.02065121427776391
COHFACE_s16_session3_natural,21,152,26.066666666666666,-1.1367154121398926,-0.20874545927884233
COHFACE_s16_session3_natural,21,153,26.1,-1.193318486213684,-0.461374224632645
COHFACE_s16_session3_natural,21,154,26.133333333333333,-1.2575199604034424,-0.7745636711062159
COHFACE_s16_session3_natural,21,155,26.166666666666668,-1.313635230064392,-1.1187368456287965
COHFACE_s16_session3_natural,21,156,26.2,-1.2409929037094116,-1.4404446855842594
COHFACE_s16_session3_natural,21,157,26.233333333333334,-0.7708132266998291,-1.673757105154572
COHFACE_s16_session3_natural,21,158,26.266666666666666,0.10556641221046448,-1.7588943161483894
COHFACE_s16_session3_natural,21,159,26.3,0.9518040418624878,-1.6618747897652395
COHFACE_s16_session3_natural,21,160,26.333333333333332,1.4514752626419067,-1.3877733166493909
COHFACE_s16_session3_natural,21,161,26.366666666666667,1.589738130569458,-0.9819760260947689
COHFACE_s16_session3_natural,21,162,26.4,1.537289023399353,-0.517865547737967
COHFACE_s16_session3_natural,21,163,26.433333333333334,1.381479024887085,-0.07499202269976085
COHFACE_s16_session3_natural,21,164,26.466666666666665,1.120652437210083,0.28310018929507363
COHFACE_s16_session3_natural,21,165,26.5,0.8634180426597595,0.5219845023939359
COHFACE_s16_session3_natural,21,166,26.533333333333335,0.7248594760894775,0.63718807185472
COHFACE_s16_session3_natural,21,167,26.566666666666666,0.6775399446487427,0.6467224914243805
COHFACE_s16_session3_natural,21,168,26.6,0.6238934397697449,0.5815125924563196
COHFACE_s16_session3_natural,21,169,26.633333333333333,0.5116776823997498,0.4773617979600977
COHFACE_s16_session3_natural,21,170,26.666666666666668,0.33929622173309326,0.36846461253468005
COHFACE_s16_session3_natural,21,171,26.7,0.14267107844352722,0.2812008096493933
COHFACE_s16_session3_natural,21,172,26.733333333333334,-0.05538799986243248,0.22885995035133033
COHFACE_s16_session3_natural,21,173,26.766666666666666,-0.22496074438095093,0.21017950667812219
COHFACE_s16_session3_natural,21,174,26.8,-0.36720022559165955,0.21388098712114148
COHFACE_s16_session3_natural,21,175,26.833333333333332,-0.48691079020500183,0.2276163998063946
COHFACE_s16_session3_natural,21,176,26.866666666666667,-0.5775141716003418,0.24572227510092157
COHFACE_s16_session3_natural,21,177,26.9,-0.6563504934310913,0.27032825434453267
COHFACE_s16_session3_natural,21,178,26.933333333333334,-0.7303380966186523,0.30588526253996906
COHFACE_s16_session3_natural,21,179,26.966666666666665,-0.8021230101585388,0.352524636925968
COHFACE_s16_session3_natural,21,180,27.0,-0.8814619779586792,0.4034268597328082
COHFACE_s16_session3_natural,21,181,27.033333333333335,-0.9580069780349731,0.44711461423241844
COHFACE_s16_session3_natural,21,182,27.066666666666666,-1.0209814310073853,0.4718802770598389
COHFACE_s16_session3_natural,21,183,27.1,-1.086350679397583,0.46895884930497356
COHFACE_s16_session3_natural,21,184,27.133333333333333,-1.1539077758789062,0.4333545803505261
COHFACE_s16_session3_natural,21,185,27.166666666666668,-1.216660499572754,0.36387570715094514
COHFACE_s16_session3_natural,21,186,27.2,-1.2580225467681885,0.2643523259514666
COHFACE_s16_session3_natural,21,187,27.233333333333334,-1.1576330661773682,0.14589008138497256
COHFACE_s16_session3_natural,21,188,27.266666666666666,-0.6528765559196472,0.0272926501683438
COHFACE_s16_session3_natural,21,189,27.3,0.2067098766565323,-0.06924586209836908
COHFACE_s16_session3_natural,21,190,27.333333333333332,0.9789451360702515,-0.12628764450216493
COHFACE_s16_session3_natural,21,191,27.366666666666667,1.3735110759735107,-0.13829219554952554
COHFACE_s16_session3_natural,21,192,27.4,1.4535596370697021,-0.11295029963451919
COHFACE_s16_session3_natural,21,193,27.433333333333334,1.376186728477478,-0.06607253033696761
COHFACE_s16_session3_natural,21,194,27.466666666666665,1.188889503479004,-0.014388608487200154
COHFACE_s16_session3_natural,21,195,27.5,0.9135315418243408,0.028266029380509653
COHFACE_s16_session3_natural,21,196,27.533333333333335,0.678811252117157,0.050216426608827094
COHFACE_s16_session3_natural,21,197,27.566666666666666,0.574607789516449,0.04036054803069893
COHFACE_s16_session3_natural,21,198,27.6,0.5498762726783752,-0.010427408156511848
COHFACE_s16_session3_natural,21,199,27.633333333333333,0.49321404099464417,-0.10494983406274447
COHFACE_s16_session3_natural,21,200,27.666666666666668,0.369083434343338,-0.23623426541009246
COHFACE_s16_session3_natural,21,201,27.7,0.19473586976528168,-0.38871673582103305
COHFACE_s16_session3_natural,21,202,27.733333333333334,-0.008349339477717876,-0.5434755492598362
COHFACE_s16_session3_natural,21,203,27.766666666666666,-0.19650398194789886,-0.6832179047201714
COHFACE_s16_session3_natural,21,204,27.8,-0.34915050864219666,-0.7938003865260532
COHFACE_s16_session3_natural,21,205,27.833333333333332,-0.47560200095176697,-0.8629295649202967
COHFACE_s16_session3_natural,21,206,27.866666666666667,-0.5845359563827515,-0.8790946633471425
COHFACE_s16_session3_natural,21,207,27.9,-0.6759523749351501,-0.8330744322240169
COHFACE_s16_session3_natural,21,208,27.933333333333334,-0.7522756457328796,-0.7215618690415061
COHFACE_s16_session3_natural,21,209,27.966666666666665,-0.8312450051307678,-0.5502773259236342
COHFACE_s16_session3_natural,21,210,28.0,-0.910066545009613,-0.3343563337246714
COHFACE_s16_session3_natural,21,211,28.033333333333335,-0.9774166941642761,-0.09590910058224095
COHFACE_s16_session3_natural,21,212,28.066666666666666,-1.0489946603775024,0.1396755052755084
COHFACE_s16_session3_natural,21,213,28.1,-1.1171727180480957,0.3471406367868248
COHFACE_s16_session3_natural,21,214,28.133333333333333,-1.1760966777801514,0.5043850149504818
COHFACE_s16_session3_natural,21,215,28.166666666666668,-1.2299649715423584,0.5959027027171476
COHFACE_s16_session3_natural,21,216,28.2,-1.2799749374389648,0.6164926874154146
COHFACE_s16_session3_natural,21,217,28.233333333333334,-1.2187448740005493,0.5735709395021966
COHFACE_s16_session3_natural,21,218,28.266666666666666,-0.7448399662971497,0.4862324433060266
COHFACE_s16_session3_natural,21,219,28.3,0.16564343869686127,0.38063631577906243
COHFACE_s16_session3_natural,21,220,28.333333333333332,1.060693621635437,0.2832594990197399
COHFACE_s16_session3_natural,21,221,28.366666666666667,1.5923842191696167,0.21450882097285268
COHFACE_s16_session3_natural,21,222,28.4,1.7761927843093872,0.18442474184009114
COHFACE_s16_session3_natural,21,223,28.433333333333334,1.7878711223602295,0.1910307486830778
COHFACE_s16_session3_natural,21,224,28.466666666666665,1.7130557298660278,0.22155563973717887
COHFACE_s16_session3_natural,21,225,28.5,1.5239845514297485,0.2566559534366552
COHFACE_s16_session3_natural,21,226,28.533333333333335,1.2485378980636597,0.2768743922499113
COHFACE_s16_session3_natural,21,227,28.566666666666666,1.0311429500579834,0.269172075656052
COHFACE_s16_session3_natural,21,228,28.6,0.9053714871406555,0.23063919083453702
COHFACE_s16_session3_natural,21,229,28.633333333333333,0.8122106790542603,0.16763947431063322
COHFACE_s16_session3_natural,21,230,28.666666666666668,0.6961514353752136,0.09148270016241822
COHFACE_s16_session3_natural,21,231,28.7,0.5247752070426941,0.013712698429772314
COHFACE_s16_session3_natural,21,232,28.733333333333334,0.31237685680389404,-0.056674066938770785
COHFACE_s16_session3_natural,21,233,28.766666666666666,0.09066541492938995,-0.11389363209436659
COHFACE_s16_session3_natural,21,234,28.8,-0.11042411625385284,-0.15494455445912544
COHFACE_s16_session3_natural,21,235,28.833333333333332,-0.27108287811279297,-0.17900903163176504
COHFACE_s16_session3_natural,21,236,28.866666666666667,-0.4064779281616211,-0.1869938953692358
COHFACE_s16_session3_natural,21,237,28.9,-0.5247693657875061,-0.1811015402257098
COHFACE_s16_session3_natural,21,238,28.933333333333334,-0.6248189210891724,-0.16436895897888595
COHFACE_s16_session3_natural,21,239,28.966666666666665,-0.7219858169555664,-0.14026915599762713
COHFACE_s16_session3_natural,22,0,22.0,-0.7770219445228577,-0.12813204982193274
COHFACE_s16_session3_natural,22,1,22.033333333333335,0.11777695268392563,-0.40398784818533273
COHFACE_s16_session3_natural,22,2,22.066666666666666,1.1263437271118164,-0.6284215586059436
COHFACE_s16_session3_natural,22,3,22.1,1.802225112915039,-0.7685970755672873
COHFACE_s16_session3_natural,22,4,22.133333333333333,2.0736212730407715,-0.8187238760712227
COHFACE_s16_session3_natural,22,5,22.166666666666668,2.1079025268554688,-0.7990036760226015
COHFACE_s16_session3_natural,22,6,22.2,2.0533690452575684,-0.7439703469849556
COHFACE_s16_session3_natural,22,7,22.233333333333334,1.8925625085830688,-0.6869083882254003
COHFACE_s16_session3_natural,22,8,22.266666666666666,1.6257636547088623,-0.6481793296378513
COHFACE_s16_session3_natural,22,9,22.3,1.3704954385757446,-0.6315004445746161
COHFACE_s16_session3_natural,22,10,22.333333333333332,1.203347086906433,-0.626976282509866
COHFACE_s16_session3_natural,22,11,22.366666666666667,1.0861495733261108,-0.6167314072877214
COHFACE_s16_session3_natural,22,12,22.4,0.9672815799713135,-0.5799810015481757
COHFACE_s16_session3_natural,22,13,22.433333333333334,0.7975462079048157,-0.49734316441258486
COHFACE_s16_session3_natural,22,14,22.466666666666665,0.5829156637191772,-0.3559165330713235
COHFACE_s16_session3_natural,22,15,22.5,0.35186153650283813,-0.15542558394392672
COHFACE_s16_session3_natural,22,16,22.533333333333335,0.12874573469161987,0.08742181364204599
COHFACE_s16_session3_natural,22,17,22.566666666666666,-0.06394720077514648,0.34056768767017076
COHFACE_s16_session3_natural,22,18,22.6,-0.2251085788011551,0.5655009849823461
COHFACE_s16_session3_natural,22,19,22.633333333333333,-0.3581088185310364,0.7298375113941004
COHFACE_s16_session3_natural,22,20,22.666666666666668,-0.4751585125923157,0.8172871920269762
COHFACE_s16_session3_natural,22,21,22.7,-0.5782976746559143,0.8300913117868906
COHFACE_s16_session3_natural,22,22,22.733333333333334,-0.6831811666488647,0.783616191028127
COHFACE_s16_session3_natural,22,23,22.766666666666666,-0.7884637713432312,0.6972606873920622
COHFACE_s16_session3_natural,22,24,22.8,-0.8773375749588013,0.5870827949250486
COHFACE_s16_session3_natural,22,25,22.833333333333332,-0.9593669772148132,0.4633817702639165
COHFACE_s16_session3_natural,22,26,22.866666666666667,-1.0392380952835083,0.3328197766571095
COHFACE_s16_session3_natural,22,27,22.9,-1.1075490713119507,0.20207071569572735
COHFACE_s16_session3_natural,22,28,22.933333333333334,-1.1699026823043823,0.07997219236386384
COHFACE_s16_session3_natural,22,29,22.966666666666665,-1.2372084856033325,-0.022944997868059407
COHFACE_s16_session3_natural,22,30,23.0,-1.2746087312698364,-0.09664906906599702
COHFACE_s16_session3_natural,22,31,23.033333333333335,-1.1086430549621582,-0.13388368271969597
COHFACE_s16_session3_natural,22,32,23.066666666666666,-0.4646923542022705,-0.1316662954626347
COHFACE_s16_session3_natural,22,33,23.1,0.561939001083374,-0.09212488776193528
COHFACE_s16_session3_natural,22,34,23.133333333333333,1.4837459325790405,-0.022800927419790312
COHFACE_s16_session3_natural,22,35,23.166666666666668,2.003610372543335,0.06387436986346215
COHFACE_s16_session3_natural,22,36,23.2,2.1842849254608154,0.1521408693595646
COHFACE_s16_session3_natural,22,37,23.233333333333334,2.1959781646728516,0.22526939160832846
COHFACE_s16_session3_natural,22,38,23.266666666666666,2.119654893875122,0.2681939774169599
COHFACE_s16_session3_natural,22,39,23.3,1.923340082168579,0.2698228719217101
COHFACE_s16_session3_natural,22,40,23.333333333333332,1.6394376754760742,0.22447962004427044
COHFACE_s16_session3_natural,22,41,23.366666666666667,1.385854721069336,0.13215969364353375
COHFACE_s16_session3_natural,22,42,23.4,1.2174497842788696,-0.0022816873582633965
COHFACE_s16_session3_natural,22,43,23.433333333333334,1.0962904691696167,-0.1705724381163937
COHFACE_s16_session3_natural,22,44,23.466666666666665,0.944974422454834,-0.3626307546988032
COHFACE_s16_session3_natural,22,45,23.5,0.7368039488792419,-0.5678264563287677
COHFACE_s16_session3_natural,22,46,23.533333333333335,0.5116185545921326,-0.7751630260751391
COHFACE_s16_session3_natural,22,47,23.566666666666666,0.2842748761177063,-0.9717872083156026
COHFACE_s16_session3_natural,22,48,23.6,0.07122611999511719,-1.1402691359473272
COHFACE_s16_session3_natural,22,49,23.633333333333333,-0.1106015145778656,-1.2567935920608275
COHFACE_s16_session3_natural,22,50,23.666666666666668,-0.2679045796394348,-1.293470883392912
COHFACE_s16_session3_natural,22,51,23.7,-0.4029892086982727,-1.2262687996799349
COHFACE_s16_session3_natural,22,52,23.733333333333334,-0.5281546115875244,-1.0455041973845465
COHFACE_s16_session3_natural,22,53,23.766666666666666,-0.6418042778968811,-0.7625201962544194
COHFACE_s16_session3_natural,22,54,23.8,-0.74651038646698,-0.4078566113539802
COHFACE_s16_session3_natural,22,55,23.833333333333332,-0.842731237411499,-0.02177665931012511
COHFACE_s16_session3_natural,22,56,23.866666666666667,-0.9348424077033997,0.35682579072716625
COHFACE_s16_session3_natural,22,57,23.9,-1.0194292068481445,0.6967980133531018
COHFACE_s16_session3_natural,22,58,23.933333333333334,-1.0942593812942505,0.9751977281924791
COHFACE_s16_session3_natural,22,59,23.966666666666665,-1.1567164659500122,1.1756155970145739
COHFACE_s16_session3_natural,22,60,24.0,-1.2300388813018799,1.2878476969583175
COHFACE_s16_session3_natural,22,61,24.033333333333335,-1.2997838258743286,1.309388898705188
COHFACE_s16_session3_natural,22,62,24.066666666666666,-1.3122899532318115,1.2476319761811283
COHFACE_s16_session3_natural,22,63,24.1,-1.0426677465438843,1.121226467488173
COHFACE_s16_session3_natural,22,64,24.133333333333333,-0.2611784338951111,0.958423892430734
COHFACE_s16_session3_natural,22,65,24.166666666666668,0.7846999764442444,0.79085796589688
COHFACE_s16_session3_natural,22,66,24.2,1.5924137830734253,0.644191336160617
COHFACE_s16_session3_natural,22,67,24.233333333333334,1.9917398691177368,0.5300877348326357
COHFACE_s16_session3_natural,22,68,24.266666666666666,2.1021077632904053,0.4440966066337675
COHFACE_s16_session3_natural,22,69,24.3,2.0827720165252686,0.3708319498368676
COHFACE_s16_session3_natural,22,70,24.333333333333332,1.9656926393508911,0.29330449313314966
COHFACE_s16_session3_natural,22,71,24.366666666666667,1.7156574726104736,0.20090044049312303
COHFACE_s16_session3_natural,22,72,24.4,1.4343568086624146,0.09222310802786125
COHFACE_s16_session3_natural,22,73,24.433333333333334,1.2243976593017578,-0.02720241753301403
COHFACE_s16_session3_natural,22,74,24.466666666666665,1.091027855873108,-0.14968222425094874
COHFACE_s16_session3_natural,22,75,24.5,0.9773929715156555,-0.2694164565690827
COHFACE_s16_session3_natural,22,76,24.533333333333335,0.8221299052238464,-0.383990421501928
COHFACE_s16_session3_natural,22,77,24.566666666666666,0.6132498383522034,-0.49342809281407596
COHFACE_s16_session3_natural,22,78,24.6,0.3790026605129242,-0.5984898707649232
COHFACE_s16_session3_natural,22,79,24.633333333333333,0.16284950077533722,-0.6998357431958713
COHFACE_s16_session3_natural,22,80,24.666666666666668,-0.029606912285089493,-0.7980007514966682
COHFACE_s16_session3_natural,22,81,24.7,-0.19269002974033356,-0.8926005323695995
COHFACE_s16_session3_natural,22,82,24.733333333333334,-0.33367297053337097,-0.9795531083286156
COHFACE_s16_session3_natural,22,83,24.766666666666666,-0.45044177770614624,-1.0473335313879124
COHFACE_s16_session3_natural,22,84,24.8,-0.5556800961494446,-1.0756483744262941
COHFACE_s16_session3_natural,22,85,24.833333333333332,-0.6636384129524231,-1.0398171742076505
COHFACE_s16_session3_natural,22,86,24.866666666666667,-0.7663931846618652,-0.92059232165859
COHFACE_s16_session3_natural,22,87,24.9,-0.8566269874572754,-0.7146981318320332
COHFACE_s16_session3_natural,22,88,24.933333333333334,-0.9398094415664673,-0.43970264394241565
COHFACE_s16_session3_natural,22,89,24.966666666666665,-1.0176700353622437,-0.12981819975775563
COHFACE_s16_session3_natural,22,90,25.0,-1.0805853605270386,0.17472306239198623
COHFACE_s16_session3_natural,22,91,25.033333333333335,-1.1461615562438965,0.43830159631211485
COHFACE_s16_session3_natural,22,92,25.066666666666666,-1.217710018157959,0.6360761317709521
COHFACE_s16_session3_natural,22,93,25.1,-1.2736331224441528,0.7554769948824287
COHFACE_s16_session3_natural,22,94,25.133333333333333,-1.2126100063323975,0.7947993173148741
COHFACE_s16_session3_natural,22,95,25.166666666666668,-0.7700740694999695,0.7604905544839855
COHFACE_s16_session3_natural,22,96,25.2,0.12315786629915237,0.6643848828747193
COHFACE_s16_session3_natural,22,97,25.233333333333334,1.069740653038025,0.5218279188290389
COHFACE_s16_session3_natural,22,98,25.266666666666666,1.677902340888977,0.35089640616245915
COHFACE_s16_session3_natural,22,99,25.3,1.8997468948364258,0.17211504560897944
COHFACE_s16_session3_natural,22,100,25.333333333333332,1.9044921398162842,0.007750780132974524
COHFACE_s16_session3_natural,22,101,25.366666666666667,1.8100895881652832,-0.12009041291144135
COHFACE_s16_session3_natural,22,102,25.4,1.5908616781234741,-0.19291548311246048
COHFACE_s16_session3_natural,22,103,25.433333333333334,1.3085557222366333,-0.20042934897772557
COHFACE_s16_session3_natural,22,104,25.466666666666665,1.0868147611618042,-0.1447658383460541
COHFACE_s16_session3_natural,22,105,25.5,0.9618710875511169,-0.04197924757458749
COHFACE_s16_session3_natural,22,106,25.533333333333335,0.8759242296218872,0.08145365378576677
COHFACE_s16_session3_natural,22,107,25.566666666666666,0.7604858875274658,0.19724653836575465
COHFACE_s16_session3_natural,22,108,25.6,0.581895649433136,0.28554566229283773
COHFACE_s16_session3_natural,22,109,25.633333333333333,0.3571833372116089,0.34117908107429074
COHFACE_s16_session3_natural,22,110,25.666666666666668,0.1376597285270691,0.3720963513779376
COHFACE_s16_session3_natural,22,111,25.7,-0.05627496540546417,0.39104547579150273
COHFACE_s16_session3_natural,22,112,25.733333333333334,-0.22092506289482117,0.4061637791422409
COHFACE_s16_session3_natural,22,113,25.766666666666666,-0.35939493775367737,0.4167454881294339
COHFACE_s16_session3_natural,22,114,25.8,-0.47261589765548706,0.4160059784296457
COHFACE_s16_session3_natural,22,115,25.833333333333332,-0.5705071687698364,0.39732070709025413
COHFACE_s16_session3_natural,22,116,25.866666666666667,-0.6693001985549927,0.35876469580821874
COHFACE_s16_session3_natural,22,117,25.9,-0.7609679102897644,0.30306666174842084
COHFACE_s16_session3_natural,22,118,25.933333333333334,-0.8521625995635986,0.23381492231654508
COHFACE_s16_session3_natural,22,119,25.966666666666665,-0.935818076133728,0.1512623804422732
COHFACE_s16_session3_natural,22,120,26.0,-1.0087412595748901,0.050939200410551874
COHFACE_s16_session3_natural,22,121,26.033333333333335,-1.0732975006103516,-0.07389018422749068
COHFACE_s16_session3_natural,22,122,26.066666666666666,-1.1367154121398926,-0.22733997084178809
COHFACE_s16_session3_natural,22,123,26.1,-1.193318486213684,-0.40612949557263167
COHFACE_s16_session3_natural,22,124,26.133333333333333,-1.2575199604034424,-0.5968265204563545
COHFACE_s16_session3_natural,22,125,26.166666666666668,-1.313635230064392,-0.7758334936344615
COHFACE_s16_session3_natural,22,126,26.2,-1.2409929037094116,-0.9123596964548996
COHFACE_s16_session3_natural,22,127,26.233333333333334,-0.7708132266998291,-0.974439978904357
COHFACE_s16_session3_natural,22,128,26.266666666666666,0.10556641221046448,-0.9373334808709759
COHFACE_s16_session3_natural,22,129,26.3,0.9518040418624878,-0.792442705176116
COHFACE_s16_session3_natural,22,130,26.333333333333332,1.4514752626419067,-0.5538559881884891
COHFACE_s16_session3_natural,22,131,26.366666666666667,1.589738130569458,-0.2592708596597259
COHFACE_s16_session3_natural,22,132,26.4,1.537289023399353,0.036962573543146304
COHFACE_s16_session3_natural,22,133,26.433333333333334,1.381479024887085,0.2778490913554743
COHFACE_s16_session3_natural,22,134,26.466666666666665,1.120652437210083,0.4197025374766376
COHFACE_s16_session3_natural,22,135,26.5,0.8634180426597595,0.4432836854672374
COHFACE_s16_session3_natural,22,136,26.533333333333335,0.7248594760894775,0.35653082263371494
COHFACE_s16_session3_natural,22,137,26.566666666666666,0.6775399446487427,0.1900052610254329
COHFACE_s16_session3_natural,22,138,26.6,0.6238934397697449,-0.01172642324015589
COHFACE_s16_session3_natural,22,139,26.633333333333333,0.5116776823997498,-0.20016405928413766
COHFACE_s16_session3_natural,22,140,26.666666666666668,0.33929622173309326,-0.333014172849334
COHFACE_s16_session3_natural,22,141,26.7,0.14267107844352722,-0.3832789187315151
COHFACE_s16_session3_natural,22,142,26.733333333333334,-0.05538799986243248,-0.3452794093127342
COHFACE_s16_session3_natural,22,143,26.766666666666666,-0.22496074438095093,-0.23491790605880236
COHFACE_s16_session3_natural,22,144,26.8,-0.36720022559165955,-0.0826800958201224
COHFACE_s16_session3_natural,22,145,26.833333333333332,-0.48691079020500183,0.07855807215351442
COHFACE_s16_session3_natural,22,146,26.866666666666667,-0.5775141716003418,0.22481227151043348
COHFACE_s16_session3_natural,22,147,26.9,-0.6563504934310913,0.34518641262425726
COHFACE_s16_session3_natural,22,148,26.933333333333334,-0.7303380966186523,0.4383289672876216
COHFACE_s16_session3_natural,22,149,26.966666666666665,-0.8021230101585388,0.5060271893345788
COHFACE_s16_session3_natural,22,150,27.0,-0.8814619779586792,0.5488943976635027
COHFACE_s16_session3_natural,22,151,27.033333333333335,-0.9580069780349731,0.5655826638721704
COHFACE_s16_session3_natural,22,152,27.066666666666666,-1.0209814310073853,0.554247010687679
COHFACE_s16_session3_natural,22,153,27.1,-1.086350679397583,0.5143430085458384
COHFACE_s16_session3_natural,22,154,27.133333333333333,-1.1539077758789062,0.4475010819163099
COHFACE_s16_session3_natural,22,155,27.166666666666668,-1.216660499572754,0.3574422708633026
COHFACE_s16_session3_natural,22,156,27.2,-1.2580225467681885,0.24987646704711844
COHFACE_s16_session3_natural,22,157,27.233333333333334,-1.1576330661773682,0.13308849774201212
COHFACE_s16_session3_natural,22,158,27.266666666666666,-0.6528765559196472,0.01849826403545748
COHFACE_s16_session3_natural,22,159,27.3,0.2067098766565323,-0.08033960536526052
COHFACE_s16_session3_natural,22,160,27.333333333333332,0.9789451360702515,-0.15072538398068225
COHFACE_s16_session3_natural,22,161,27.366666666666667,1.3735110759735107,-0.18434721540472573
COHFACE_s16_session3_natural,22,162,27.4,1.4535596370697021,-0.17922456752717442
COHFACE_s16_session3_natural,22,163,27.433333333333334,1.376186728477478,-0.13915719609584914
COHFACE_s16_session3_natural,22,164,27.466666666666665,1.188889503479004,-0.07197825102001855
COHFACE_s16_session3_natural,22,165,27.5,0.9135315418243408,0.011275846233360315
COHFACE_s16_session3_natural,22,166,27.533333333333335,0.678811252117157,0.09592375345729919
COHFACE_s16_session3_natural,22,167,27.566666666666666,0.574607789516449,0.16376760407523272
COHFACE_s16_session3_natural,22,168,27.6,0.5498762726783752,0.19569659245592946
COHFACE_s16_session3_natural,22,169,27.633333333333333,0.49321404099464417,0.17664823940817945
COHFACE_s16_session3_natural,22,170,27.666666666666668,0.369083434343338,0.10054652183097715
COHFACE_s16_session3_natural,22,171,27.7,0.19473586976528168,-0.027577553015528587
COHFACE_s16_session3_natural,22,172,27.733333333333334,-0.008349339477717876,-0.19305873491811393
COHFACE_s16_session3_natural,22,173,27.766666666666666,-0.19650398194789886,-0.3750697401454228
COHFACE_s16_session3_natural,22,174,27.8,-0.34915050864219666,-0.5500191398760784
COHFACE_s16_session3_natural,22,175,27.833333333333332,-0.47560200095176697,-0.6940640750887926
COHFACE_s16_session3_natural,22,176,27.866666666666667,-0.5845359563827515,-0.785392716314062
COHFACE_s16_session3_natural,22,177,27.9,-0.6759523749351501,-0.8072122214257548
COHFACE_s16_session3_natural,22,178,27.933333333333334,-0.7522756457328796,-0.7512348075847372
COHFACE_s16_session3_natural,22,179,27.966666666666665,-0.8312450051307678,-0.6203087905327777
COHFACE_s16_session3_natural,22,180,28.0,-0.910066545009613,-0.42900281639421545
COHFACE_s16_session3_natural,22,181,28.033333333333335,-0.9774166941642761,-0.20190360572292645
COHFACE_s16_session3_natural,22,182,28.066666666666666,-1.0489946603775024,0.02997399764857573
COHFACE_s16_session3_natural,22,183,28.1,-1.1171727180480957,0.23417065113540741
COHFACE_s16_session3_natural,22,184,28.133333333333333,-1.1760966777801514,0.38269785560040864
COHFACE_s16_session3_natural,22,185,28.166666666666668,-1.2299649715423584,0.45803380924705817
COHFACE_s16_session3_natural,22,186,28.2,-1.2799749374389648,0.457520086930137
COHFACE_s16_session3_natural,22,187,28.233333333333334,-1.2187448740005493,0.3941463165369327
COHFACE_s16_session3_natural,22,188,28.266666666666666,-0.7448399662971497,0.2927124093665594
COHFACE_s16_session3_natural,22,189,28.3,0.16564343869686127,0.18238492796035266
COHFACE_s16_session3_natural,22,190,28.333333333333332,1.060693621635437,0.08853106623792606
COHFACE_s16_session3_natural,22,191,28.366666666666667,1.5923842191696167,0.02699224982668834
COHFACE_s16_session3_natural,22,192,28.4,1.7761927843093872,0.0022701110451602566
COHFACE_s16_session3_natural,22,193,28.433333333333334,1.7878711223602295,0.009024127755782653
COHFACE_s16_session3_natural,22,194,28.466666666666665,1.7130557298660278,0.03545973771306877
COHFACE_s16_session3_natural,22,195,28.5,1.5239845514297485,0.06741880955165928
COHFACE_s16_session3_natural,22,196,28.533333333333335,1.2485378980636597,0.09233036441116724
COHFACE_s16_session3_natural,22,197,28.566666666666666,1.0311429500579834,0.10233022252382523
COHFACE_s16_session3_natural,22,198,28.6,0.9053714871406555,0.09596023017097739
COHFACE_s16_session3_natural,22,199,28.633333333333333,0.8122106790542603,0.07810857523729861
COHFACE_s16_session3_natural,22,200,28.666666666666668,0.6961514353752136,0.05829097143332516
COHFACE_s16_session3_natural,22,201,28.7,0.5247752070426941,0.047732806437816536
COHFACE_s16_session3_natural,22,202,28.733333333333334,0.31237685680389404,0.05581920376197238
COHFACE_s16_session3_natural,22,203,28.766666666666666,0.09066541492938995,0.08660223385391748
COHFACE_s16_session3_natural,22,204,28.8,-0.11042411625385284,0.13637579361416727
COHFACE_s16_session3_natural,22,205,28.833333333333332,-0.27108287811279297,0.19346432340018332
COHFACE_s16_session3_natural,22,206,28.866666666666667,-0.4064779281616211,0.2408728614224685
COHFACE_s16_session3_natural,22,207,28.9,-0.5247693657875061,0.26136261021943646
COHFACE_s16_session3_natural,22,208,28.933333333333334,-0.6248189210891724,0.24332319141583086
COHFACE_s16_session3_natural,22,209,28.966666666666665,-0.7219858169555664,0.1851748684047337
COHFACE_s16_session3_natural,22,210,29.0,-0.8169353604316711,0.09640382042438553
COHFACE_s16_session3_natural,22,211,29.033333333333335,-0.9057499766349792,-0.005403371516810427
COHFACE_s16_session3_natural,22,212,29.066666666666666,-0.9887107014656067,-0.10050279113135559
COHFACE_s16_session3_natural,22,213,29.1,-1.057080864906311,-0.17343865980049467
COHFACE_s16_session3_natural,22,214,29.133333333333333,-1.1253327131271362,-0.21696033732706677
COHFACE_s16_session3_natural,22,215,29.166666666666668,-1.1938211917877197,-0.2314205210116322
COHFACE_s16_session3_natural,22,216,29.2,-1.2696417570114136,-0.22021422428131185
COHFACE_s16_session3_natural,22,217,29.233333333333334,-1.3011142015457153,-0.18444557689463587
COHFACE_s16_session3_natural,22,218,29.266666666666666,-1.0996403694152832,-0.120900449527784
COHFACE_s16_session3_natural,22,219,29.3,-0.42369982600212097,-0.025520437947982255
COHFACE_s16_session3_natural,22,220,29.333333333333332,0.5402674674987793,0.09936571022332262
COHFACE_s16_session3_natural,22,221,29.366666666666667,1.3365247249603271,0.23897302756237593
COHFACE_s16_session3_natural,22,222,29.4,1.7580100297927856,0.36591109007395645
COHFACE_s16_session3_natural,22,223,29.433333333333334,1.8990963697433472,0.4471892852940165
COHFACE_s16_session3_natural,22,224,29.466666666666665,1.9217140674591064,0.455026010203321
COHFACE_s16_session3_natural,22,225,29.5,1.8676831722259521,0.3759870543747786
COHFACE_s16_session3_natural,22,226,29.533333333333335,1.665839672088623,0.21497744511298056
COHFACE_s16_session3_natural,22,227,29.566666666666666,1.3786110877990723,-0.005836211737743025
COHFACE_s16_session3_natural,22,228,29.6,1.1427674293518066,-0.2513548299517353
COHFACE_s16_session3_natural,22,229,29.633333333333333,0.9906086921691895,-0.4798609998506695
COHFACE_s16_session3_natural,22,230,29.666666666666668,0.8761312365531921,-0.6512403382555044
COHFACE_s16_session3_natural,22,231,29.7,0.7285995483398438,-0.7367006152543475
COHFACE_s16_session3_natural,22,232,29.733333333333334,0.5284560918807983,-0.7272751675137682
COHFACE_s16_session3_natural,22,233,29.766666666666666,0.3060794174671173,-0.6368288266077348
COHFACE_s16_session3_natural,22,234,29.8,0.08803408592939377,-0.4970153948255901
COHFACE_s16_session3_natural,22,235,29.833333333333332,-0.10455537587404251,-0.34576501989796943
COHFACE_s16_session3_natural,22,236,29.866666666666667,-0.2742611765861511,-0.21448022586504287
COHFACE_s16_session3_natural,22,237,29.9,-0.4172249734401703,-0.11948931930914783
COHFACE_s16_session3_natural,22,238,29.933333333333334,-0.5333581566810608,-0.06009245364450832
COHFACE_s16_session3_natural,22,239,29.966666666666665,-0.6388033628463745,-0.02196983948542926
COHFACE_s16_session3_natural,23,0,23.0,-1.2746087312698364,0.2604520490952414
COHFACE_s16_session3_natural,23,1,23.033333333333335,-1.1086430549621582,-0.3167455006010338
COHFACE_s16_session3_natural,23,2,23.066666666666666,-0.4646923542022705,-0.7890185952495055
COHFACE_s16_session3_natural,23,3,23.1,0.561939001083374,-1.077142992048902
COHFACE_s16_session3_natural,23,4,23.133333333333333,1.4837459325790405,-1.1535261303093463
COHFACE_s16_session3_natural,23,5,23.166666666666668,2.003610372543335,-1.0455340189024949
COHFACE_s16_session3_natural,23,6,23.2,2.1842849254608154,-0.8200966984728785
COHFACE_s16_session3_natural,23,7,23.233333333333334,2.1959781646728516,-0.557644635513439
COHFACE_s16_session3_natural,23,8,23.266666666666666,2.119654893875122,-0.3275137706796759
COHFACE_s16_session3_natural,23,9,23.3,1.923340082168579,-0.17389924537655627
COHFACE_s16_session3_natural,23,10,23.333333333333332,1.6394376754760742,-0.11420766796603457
COHFACE_s16_session3_natural,23,11,23.366666666666667,1.385854721069336,-0.14529388862808462
COHFACE_s16_session3_natural,23,12,23.4,1.2174497842788696,-0.25130066814876634
COHFACE_s16_session3_natural,23,13,23.433333333333334,1.0962904691696167,-0.40930975368982925
COHFACE_s16_session3_natural,23,14,23.466666666666665,0.944974422454834,-0.5928263009096495
COHFACE_s16_session3_natural,23,15,23.5,0.7368039488792419,-0.7751081745211662
COHFACE_s16_session3_natural,23,16,23.533333333333335,0.5116185545921326,-0.9332110770794664
COHFACE_s16_session3_natural,23,17,23.566666666666666,0.2842748761177063,-1.0511489130598473
COHFACE_s16_session3_natural,23,18,23.6,0.07122611999511719,-1.1196405779912744
COHFACE_s16_session3_natural,23,19,23.633333333333333,-0.1106015145778656,-1.1320178007258077
COHFACE_s16_session3_natural,23,20,23.666666666666668,-0.2679045796394348,-1.0797388015442835
COHFACE_s16_session3_natural,23,21,23.7,-0.4029892086982727,-0.9523385513869178
COHFACE_s16_session3_natural,23,22,23.733333333333334,-0.5281546115875244,-0.7430597715421119
COHFACE_s16_session3_natural,23,23,23.766666666666666,-0.6418042778968811,-0.45620830438567017
COHFACE_s16_session3_natural,23,24,23.8,-0.74651038646698,-0.11041844244207202
COHFACE_s16_session3_natural,23,25,23.833333333333332,-0.842731237411499,0.2648731354973888
COHFACE_s16_session3_natural,23,26,23.866666666666667,-0.9348424077033997,0.6368113133912269
COHFACE_s16_session3_natural,23,27,23.9,-1.0194292068481445,0.9749283591660391
COHFACE_s16_session3_natural,23,28,23.933333333333334,-1.0942593812942505,1.2533339210747168
COHFACE_s16_session3_natural,23,29,23.966666666666665,-1.1567164659500122,1.4515363932172913
COHFACE_s16_session3_natural,23,30,24.0,-1.2300388813018799,1.5560611768345498
COHFACE_s16_session3_natural,23,31,24.033333333333335,-1.2997838258743286,1.5626597057938214
COHFACE_s16_session3_natural,23,32,24.066666666666666,-1.3122899532318115,1.4781071826593961
COHFACE_s16_session3_natural,23,33,24.1,-1.0426677465438843,1.3207772817777643
COHFACE_s16_session3_natural,23,34,24.133333333333333,-0.2611784338951111,1.1187411804444323
COHFACE_s16_session3_natural,23,35,24.166666666666668,0.7846999764442444,0.9042865907826603
COHFACE_s16_session3_natural,23,36,24.2,1.5924137830734253,0.7057544516497404
COHFACE_s16_session3_natural,23,37,24.233333333333334,1.9917398691177368,0.5398720572297325
COHFACE_s16_session3_natural,23,38,24.266666666666666,2.1021077632904053,0.4081334906596353
COHFACE_s16_session3_natural,23,39,24.3,2.0827720165252686,0.29896706595617595
COHFACE_s16_session3_natural,23,40,24.333333333333332,1.9656926393508911,0.19463841182820618
COHFACE_s16_session3_natural,23,41,24.366666666666667,1.7156574726104736,0.0797700530537997
COHFACE_s16_session3_natural,23,42,24.4,1.4343568086624146,-0.05192715235181002
COHFACE_s16_session3_natural,23,43,24.433333333333334,1.2243976593017578,-0.1950857966001407
COHFACE_s16_session3_natural,23,44,24.466666666666665,1.091027855873108,-0.3351853704002921
COHFACE_s16_session3_natural,23,45,24.5,0.9773929715156555,-0.45523966218968936
COHFACE_s16_session3_natural,23,46,24.533333333333335,0.8221299052238464,-0.5438769770689151
COHFACE_s16_session3_natural,23,47,24.566666666666666,0.6132498383522034,-0.6012111245589374
COHFACE_s16_session3_natural,23,48,24.6,0.3790026605129242,-0.6399837735298953
COHFACE_s16_session3_natural,23,49,24.633333333333333,0.16284950077533722,-0.6815467639365447
COHFACE_s16_session3_natural,23,50,24.666666666666668,-0.029606912285089493,-0.7479892119371161
COHFACE_s16_session3_natural,23,51,24.7,-0.19269002974033356,-0.8526265973449794
COHFACE_s16_session3_natural,23,52,24.733333333333334,-0.33367297053337097,-0.9914473894554625
COHFACE_s16_session3_natural,23,53,24.766666666666666,-0.45044177770614624,-1.138573839463765
COHFACE_s16_session3_natural,23,54,24.8,-0.5556800961494446,-1.2491124314860116
COHFACE_s16_session3_natural,23,55,24.833333333333332,-0.6636384129524231,-1.2711618032436367
COHFACE_s16_session3_natural,23,56,24.866666666666667,-0.7663931846618652,-1.1643727367174002
COHFACE_s16_session3_natural,23,57,24.9,-0.8566269874572754,-0.9176395385816645
COHFACE_s16_session3_natural,23,58,24.933333333333334,-0.9398094415664673,-0.5569041531055999
COHFACE_s16_session3_natural,23,59,24.966666666666665,-1.0176700353622437,-0.138165542876933
COHFACE_s16_session3_natural,23,60,25.0,-1.0805853605270386,0.2708136004077199
COHFACE_s16_session3_natural,23,61,25.033333333333335,-1.1461615562438965,0.6105582031372274
COHFACE_s16_session3_natural,23,62,25.066666666666666,-1.217710018157959,0.8433635029976053
COHFACE_s16_session3_natural,23,63,25.1,-1.2736331224441528,0.9573052044392232
COHFACE_s16_session3_natural,23,64,25.133333333333333,-1.2126100063323975,0.9621683808466049
COHFACE_s16_session3_natural,23,65,25.166666666666668,-0.7700740694999695,0.8807043277263864
COHFACE_s16_session3_natural,23,66,25.2,0.12315786629915237,0.7393156835495963
COHFACE_s16_session3_natural,23,67,25.233333333333334,1.069740653038025,0.5617275861793489
COHFACE_s16_session3_natural,23,68,25.266666666666666,1.677902340888977,0.36735827177998603
COHFACE_s16_session3_natural,23,69,25.3,1.8997468948364258,0.1736544119094396
COHFACE_s16_session3_natural,23,70,25.333333333333332,1.9044921398162842,-0.0003603625278053779
COHFACE_s16_session3_natural,23,71,25.366666666666667,1.8100895881652832,-0.13282557690358773
COHFACE_s16_session3_natural,23,72,25.4,1.5908616781234741,-0.20253102773201323
COHFACE_s16_session3_natural,23,73,25.433333333333334,1.3085557222366333,-0.1966397890711163
COHFACE_s16_session3_natural,23,74,25.466666666666665,1.0868147611618042,-0.1184497856826207
COHFACE_s16_session3_natural,23,75,25.5,0.9618710875511169,0.010411493054950566
COHFACE_s16_session3_natural,23,76,25.533333333333335,0.8759242296218872,0.1562105958791077
COHFACE_s16_session3_natural,23,77,25.566666666666666,0.7604858875274658,0.28547415833814016
COHFACE_s16_session3_natural,23,78,25.6,0.581895649433136,0.3772153071691406
COHFACE_s16_session3_natural,23,79,25.633333333333333,0.3571833372116089,0.4284391292520325
COHFACE_s16_session3_natural,23,80,25.666666666666668,0.1376597285270691,0.45017593616630425
COHFACE_s16_session3_natural,23,81,25.7,-0.05627496540546417,0.45698892827401744
COHFACE_s16_session3_natural,23,82,25.733333333333334,-0.22092506289482117,0.45689379003393915
COHFACE_s16_session3_natural,23,83,25.766666666666666,-0.35939493775367737,0.447884335655391
COHFACE_s16_session3_natural,23,84,25.8,-0.47261589765548706,0.42188979377340674
COHFACE_s16_session3_natural,23,85,25.833333333333332,-0.5705071687698364,0.3716875425449834
COHFACE_s16_session3_natural,23,86,25.866666666666667,-0.6693001985549927,0.29547088112006353
COHFACE_s16_session3_natural,23,87,25.9,-0.7609679102897644,0.1968372224279405
COHFACE_s16_session3_natural,23,88,25.933333333333334,-0.8521625995635986,0.08163953094638043
COHFACE_s16_session3_natural,23,89,25.966666666666665,-0.935818076133728,-0.04522700897000524
COHFACE_s16_session3_natural,23,90,26.0,-1.0087412595748901,-0.1811253719824215
COHFACE_s16_session3_natural,23,91,26.033333333333335,-1.0732975006103516,-0.32506299025135404
COHFACE_s16_session3_natural,23,92,26.066666666666666,-1.1367154121398926,-0.4759738345664001
COHFACE_s16_session3_natural,23,93,26.1,-1.193318486213684,-0.6304160470619348
COHFACE_s16_session3_natural,23,94,26.133333333333333,-1.2575199604034424,-0.7799456156706288
COHFACE_s16_session3_natural,23,95,26.166666666666668,-1.313635230064392,-0.908903910465485
COHFACE_s16_session3_natural,23,96,26.2,-1.2409929037094116,-0.9943118806109713
COHFACE_s16_session3_natural,23,97,26.233333333333334,-0.7708132266998291,-1.009670962488184
COHFACE_s16_session3_natural,23,98,26.266666666666666,0.10556641221046448,-0.9328436467924627
COHFACE_s16_session3_natural,23,99,26.3,0.9518040418624878,-0.7557443374438234
COHFACE_s16_session3_natural,23,100,26.333333333333332,1.4514752626419067,-0.49188259515495153
COHFACE_s16_session3_natural,23,101,26.366666666666667,1.589738130569458,-0.17766807006599714
COHFACE_s16_session3_natural,23,102,26.4,1.537289023399353,0.13485930483339528
COHFACE_s16_session3_natural,23,103,26.433333333333334,1.381479024887085,0.3923418896276896
COHFACE_s16_session3_natural,23,104,26.466666666666665,1.120652437210083,0.5554079198546432
COHFACE_s16_session3_natural,23,105,26.5,0.8634180426597595,0.6078132129005779
COHFACE_s16_session3_natural,23,106,26.533333333333335,0.7248594760894775,0.5565634788978234
COHFACE_s16_session3_natural,23,107,26.566666666666666,0.6775399446487427,0.4257648169707222
COHFACE_s16_session3_natural,23,108,26.6,0.6238934397697449,0.24893260603428327
COHFACE_s16_session3_natural,23,109,26.633333333333333,0.5116776823997498,0.0625891716118162
COHFACE_s16_session3_natural,23,110,26.666666666666668,0.33929622173309326,-0.09902559431340166
COHFACE_s16_session3_natural,23,111,26.7,0.14267107844352722,-0.2094310584408205
COHFACE_s16_session3_natural,23,112,26.733333333333334,-0.05538799986243248,-0.25512079546984734
COHFACE_s16_session3_natural,23,113,26.766666666666666,-0.22496074438095093,-0.23778738526607407
COHFACE_s16_session3_natural,23,114,26.8,-0.36720022559165955,-0.17101923941242614
COHFACE_s16_session3_natural,23,115,26.833333333333332,-0.48691079020500183,-0.0722638857988488
COHFACE_s16_session3_natural,23,116,26.866666666666667,-0.5775141716003418,0.04493956712614414
COHFACE_s16_session3_natural,23,117,26.9,-0.6563504934310913,0.17296545270272196
COHFACE_s16_session3_natural,23,118,26.933333333333334,-0.7303380966186523,0.30584600897696457
COHFACE_s16_session3_natural,23,119,26.966666666666665,-0.8021230101585388,0.4336193265457273
COHFACE_s16_session3_natural,23,120,27.0,-0.8814619779586792,0.5404489324243539
COHFACE_s16_session3_natural,23,121,27.033333333333335,-0.9580069780349731,0.607901697342998
COHFACE_s16_session3_natural,23,122,27.066666666666666,-1.0209814310073853,0.6209516742900318
COHFACE_s16_session3_natural,23,123,27.1,-1.086350679397583,0.5730359440618383
COHFACE_s16_session3_natural,23,124,27.133333333333333,-1.1539077758789062,0.46809092289907545
COHFACE_s16_session3_natural,23,125,27.166666666666668,-1.216660499572754,0.3199134981142236
COHFACE_s16_session3_natural,23,126,27.2,-1.2580225467681885,0.15016807881073885
COHFACE_s16_session3_natural,23,127,27.233333333333334,-1.1576330661773682,-0.01447840097169681
COHFACE_s16_session3_natural,23,128,27.266666666666666,-0.6528765559196472,-0.14691429039165008
COHFACE_s16_session3_natural,23,129,27.3,0.2067098766565323,-0.22621122714234232
COHFACE_s16_session3_natural,23,130,27.333333333333332,0.9789451360702515,-0.2440549342074277
COHFACE_s16_session3_natural,23,131,27.366666666666667,1.3735110759735107,-0.20702960120578498
COHFACE_s16_session3_natural,23,132,27.4,1.4535596370697021,-0.13282543051943055
COHFACE_s16_session3_natural,23,133,27.433333333333334,1.376186728477478,-0.042538213252199863
COHFACE_s16_session3_natural,23,134,27.466666666666665,1.188889503479004,0.046127906932928044
COHFACE_s16_session3_natural,23,135,27.5,0.9135315418243408,0.1209795206041734
COHFACE_s16_session3_natural,23,136,27.533333333333335,0.678811252117157,0.1731468166902374
COHFACE_s16_session3_natural,23,137,27.566666666666666,0.574607789516449,0.19446659508421993
COHFACE_s16_session3_natural,23,138,27.6,0.5498762726783752,0.17792415724657776
COHFACE_s16_session3_natural,23,139,27.633333333333333,0.49321404099464417,0.12110579044920966
COHFACE_s16_session3_natural,23,140,27.666666666666668,0.369083434343338,0.029182560506113606
COHFACE_s16_session3_natural,23,141,27.7,0.19473586976528168,-0.08608286658389398
COHFACE_s16_session3_natural,23,142,27.733333333333334,-0.008349339477717876,-0.21100014564128158
COHFACE_s16_session3_natural,23,143,27.766666666666666,-0.19650398194789886,-0.3344828222310603
COHFACE_s16_session3_natural,23,144,27.8,-0.34915050864219666,-0.449255311594272
COHFACE_s16_session3_natural,23,145,27.833333333333332,-0.47560200095176697,-0.5498692427500603
COHFACE_s16_session3_natural,23,146,27.866666666666667,-0.5845359563827515,-0.6301443281427039
COHFACE_s16_session3_natural,23,147,27.9,-0.6759523749351501,-0.6824260686667224
COHFACE_s16_session3_natural,23,148,27.933333333333334,-0.7522756457328796,-0.6987208590375097
COHFACE_s16_session3_natural,23,149,27.966666666666665,-0.8312450051307678,-0.6721197901783671
COHFACE_s16_session3_natural,23,150,28.0,-0.910066545009613,-0.5978152854209355
COHFACE_s16_session3_natural,23,151,28.033333333333335,-0.9774166941642761,-0.4746733522604163
COHFACE_s16_session3_natural,23,152,28.066666666666666,-1.0489946603775024,-0.3082290984909892
COHFACE_s16_session3_natural,23,153,28.1,-1.1171727180480957,-0.11406558605727796
COHFACE_s16_session3_natural,23,154,28.133333333333333,-1.1760966777801514,0.08140338733676533
COHFACE_s16_session3_natural,23,155,28.166666666666668,-1.2299649715423584,0.24548410643645
COHFACE_s16_session3_natural,23,156,28.2,-1.2799749374389648,0.3487672028167098
COHFACE_s16_session3_natural,23,157,28.233333333333334,-1.2187448740005493,0.37586846241101546
COHFACE_s16_session3_natural,23,158,28.266666666666666,-0.7448399662971497,0.33230709609829245
COHFACE_s16_session3_natural,23,159,28.3,0.16564343869686127,0.2440346624951782
COHFACE_s16_session3_natural,23,160,28.333333333333332,1.060693621635437,0.1492679901623372
COHFACE_s16_session3_natural,23,161,28.366666666666667,1.5923842191696167,0.08550575775059188
COHFACE_s16_session3_natural,23,162,28.4,1.7761927843093872,0.07662860871338352
COHFACE_s16_session3_natural,23,163,28.433333333333334,1.7878711223602295,0.1251376200292836
COHFACE_s16_session3_natural,23,164,28.466666666666665,1.7130557298660278,0.21277032336025947
COHFACE_s16_session3_natural,23,165,28.5,1.5239845514297485,0.30923932196447673
COHFACE_s16_session3_natural,23,166,28.533333333333335,1.2485378980636597,0.38492744921622174
COHFACE_s16_session3_natural,23,167,28.566666666666666,1.0311429500579834,0.4215234214785081
COHFACE_s16_session3_natural,23,168,28.6,0.9053714871406555,0.4162825285906586
COHFACE_s16_session3_natural,23,169,28.633333333333333,0.8122106790542603,0.3794360124225265
COHFACE_s16_session3_natural,23,170,28.666666666666668,0.6961514353752136,0.32759935371328675
COHFACE_s16_session3_natural,23,171,28.7,0.5247752070426941,0.27703179812018247
COHFACE_s16_session3_natural,23,172,28.733333333333334,0.31237685680389404,0.23915240432106033
COHFACE_s16_session3_natural,23,173,28.766666666666666,0.09066541492938995,0.21858982436611682
COHFACE_s16_session3_natural,23,174,28.8,-0.11042411625385284,0.21302689471644853
COHFACE_s16_session3_natural,23,175,28.833333333333332,-0.27108287811279297,0.21421545774700584
COHFACE_s16_session3_natural,23,176,28.866666666666667,-0.4064779281616211,0.20993858442225605
COHFACE_s16_session3_natural,23,177,28.9,-0.5247693657875061,0.1869324239432998
COHFACE_s16_session3_natural,23,178,28.933333333333334,-0.6248189210891724,0.1346772369596774
COHFACE_s16_session3_natural,23,179,28.966666666666665,-0.7219858169555664,0.04939898220176175
COHFACE_s16_session3_natural,23,180,29.0,-0.8169353604316711,-0.06317153884080892
COHFACE_s16_session3_natural,23,181,29.033333333333335,-0.9057499766349792,-0.1879729425191947
COHFACE_s16_session3_natural,23,182,29.066666666666666,-0.9887107014656067,-0.30448321631077857
COHFACE_s16_session3_natural,23,183,29.1,-1.057080864906311,-0.3932032225393417
COHFACE_s16_session3_natural,23,184,29.133333333333333,-1.1253327131271362,-0.4418995448769814
COHFACE_s16_session3_natural,23,185,29.166666666666668,-1.1938211917877197,-0.4483610566483103
COHFACE_s16_session3_natural,23,186,29.2,-1.2696417570114136,-0.4181242253718199
COHFACE_s16_session3_natural,23,187,29.233333333333334,-1.3011142015457153,-0.35877268157877085
COHFACE_s16_session3_natural,23,188,29.266666666666666,-1.0996403694152832,-0.27511634744681107
COHFACE_s16_session3_natural,23,189,29.3,-0.42369982600212097,-0.1692506230899769
COHFACE_s16_session3_natural,23,190,29.333333333333332,0.5402674674987793,-0.04558463613923882
COHFACE_s16_session3_natural,23,191,29.366666666666667,1.3365247249603271,0.08334189184166907
COHFACE_s16_session3_natural,23,192,29.4,1.7580100297927856,0.19536007062184585
COHFACE_s16_session3_natural,23,193,29.433333333333334,1.8990963697433472,0.26362984829224045
COHFACE_s16_session3_natural,23,194,29.466666666666665,1.9217140674591064,0.2656094295473536
COHFACE_s16_session3_natural,23,195,29.5,1.8676831722259521,0.19111108432622365
COHFACE_s16_session3_natural,23,196,29.533333333333335,1.665839672088623,0.04607072530643529
COHFACE_s16_session3_natural,23,197,29.566666666666666,1.3786110877990723,-0.1481259422589503
COHFACE_s16_session3_natural,23,198,29.6,1.1427674293518066,-0.35831496149052017
COHFACE_s16_session3_natural,23,199,29.633333333333333,0.9906086921691895,-0.5452845747618917
COHFACE_s16_session3_natural,23,200,29.666666666666668,0.8761312365531921,-0.6716458436357351
COHFACE_s16_session3_natural,23,201,29.7,0.7285995483398438,-0.7113368398458653
COHFACE_s16_session3_natural,23,202,29.733333333333334,0.5284560918807983,-0.6576887139642492
COHFACE_s16_session3_natural,23,203,29.766666666666666,0.3060794174671173,-0.525333631332582
COHFACE_s16_session3_natural,23,204,29.8,0.08803408592939377,-0.3433296752590347
COHFACE_s16_session3_natural,23,205,29.833333333333332,-0.10455537587404251,-0.14207066822624365
COHFACE_s16_session3_natural,23,206,29.866666666666667,-0.2742611765861511,0.05861805403965602
COHFACE_s16_session3_natural,23,207,29.9,-0.4172249734401703,0.25277293319739225
COHFACE_s16_session3_natural,23,208,29.933333333333334,-0.5333581566810608,0.4415691229785751
COHFACE_s16_session3_natural,23,209,29.966666666666665,-0.6388033628463745,0.6222256893582621
COHFACE_s16_session3_natural,23,210,30.0,-0.7424303293228149,0.7805219462593105
COHFACE_s16_session3_natural,23,211,30.033333333333335,-0.8389172554016113,0.8918541465862522
COHFACE_s16_session3_natural,23,212,30.066666666666666,-0.9300528168678284,0.9301602476036278
COHFACE_s16_session3_natural,23,213,30.1,-1.0106925964355469,0.8794445732303212
COHFACE_s16_session3_natural,23,214,30.133333333333333,-1.079905390739441,0.7415444848676777
COHFACE_s16_session3_natural,23,215,30.166666666666668,-1.1508034467697144,0.5363342204002983
COHFACE_s16_session3_natural,23,216,30.2,-1.2194396257400513,0.2949197146473035
COHFACE_s16_session3_natural,23,217,30.233333333333334,-1.2877358198165894,0.049763309631980106
COHFACE_s16_session3_natural,23,218,30.266666666666666,-1.3015576601028442,-0.1737272151326202
COHFACE_s16_session3_natural,23,219,30.3,-1.0402284860610962,-0.3611603682820657
COHFACE_s16_session3_natural,23,220,30.333333333333332,-0.3155789077281952,-0.5078696863271344
COHFACE_s16_session3_natural,23,221,30.366666666666667,0.6206855773925781,-0.6138062274406836
COHFACE_s16_session3_natural,23,222,30.4,1.330227255821228,-0.6778876802486914
COHFACE_s16_session3_natural,23,223,30.433333333333334,1.6816867589950562,-0.6952532964266986
COHFACE_s16_session3_natural,23,224,30.466666666666665,1.8033782243728638,-0.6588552453965285
COHFACE_s16_session3_natural,23,225,30.5,1.8197870254516602,-0.5641043189259717
COHFACE_s16_session3_natural,23,226,30.533333333333335,1.732361912727356,-0.41380931573626356
COHFACE_s16_session3_natural,23,227,30.566666666666666,1.5080339908599854,-0.22100281886605463
COHFACE_s16_session3_natural,23,228,30.6,1.2305768728256226,-0.008715358464202483
COHFACE_s16_session3_natural,23,229,30.633333333333333,1.0297682285308838,0.1931734611077999
COHFACE_s16_session3_natural,23,230,30.666666666666668,0.9021488428115845,0.35384710563533917
COHFACE_s16_session3_natural,23,231,30.7,0.7936583161354065,0.44956274495212023
COHFACE_s16_session3_natural,23,232,30.733333333333334,0.6395335793495178,0.47119358897984315
COHFACE_s16_session3_natural,23,233,30.766666666666666,0.4395379424095154,0.42756446633251544
COHFACE_s16_session3_natural,23,234,30.8,0.23012572526931763,0.34245095909111706
COHFACE_s16_session3_natural,23,235,30.833333333333332,0.030410990118980408,0.24629971748480167
COHFACE_s16_session3_natural,23,236,30.866666666666667,-0.15101750195026398,0.1660851321153422
COHFACE_s16_session3_natural,23,237,30.9,-0.3118093013763428,0.11714351927388375
COHFACE_s16_session3_natural,23,238,30.933333333333334,-0.45205309987068176,0.09954320230544833
COHFACE_s16_session3_natural,23,239,30.966666666666665,-0.5655253529548645,0.09963640362835363
COHFACE_s16_session3_natural,24,0,24.0,-1.2300388813018799,0.10734774636238323
COHFACE_s16_session3_natural,24,1,24.033333333333335,-1.2997838258743286,-0.22759071868476033
COHFACE_s16_session3_natural,24,2,24.066666666666666,-1.3122899532318115,-0.49863106415481545
COHFACE_s16_session3_natural,24,3,24.1,-1.0426677465438843,-0.6585380073575962
COHFACE_s16_session3_natural,24,4,24.133333333333333,-0.2611784338951111,-0.689401423383614
COHFACE_s16_session3_natural,24,5,24.166666666666668,0.7846999764442444,-0.6045685211202455
COHFACE_s16_session3_natural,24,6,24.2,1.5924137830734253,-0.44021157931750154
COHFACE_s16_session3_natural,24,7,24.233333333333334,1.9917398691177368,-0.24162016932151476
COHFACE_s16_session3_natural,24,8,24.266666666666666,2.1021077632904053,-0.0505156197348979
COHFACE_s16_session3_natural,24,9,24.3,2.0827720165252686,0.10294118331404786
COHFACE_s16_session3_natural,24,10,24.333333333333332,1.9656926393508911,0.20300731548262735
COHFACE_s16_session3_natural,24,11,24.366666666666667,1.7156574726104736,0.24738174781840527
COHFACE_s16_session3_natural,24,12,24.4,1.4343568086624146,0.243686069286596
COHFACE_s16_session3_natural,24,13,24.433333333333334,1.2243976593017578,0.20435132929471483
COHFACE_s16_session3_natural,24,14,24.466666666666665,1.091027855873108,0.1413627539249779
COHFACE_s16_session3_natural,24,15,24.5,0.9773929715156555,0.06281816718470495
COHFACE_s16_session3_natural,24,16,24.533333333333335,0.8221299052238464,-0.027474601064906023
COHFACE_s16_session3_natural,24,17,24.566666666666666,0.6132498383522034,-0.1278946971057241
COHFACE_s16_session3_natural,24,18,24.6,0.3790026605129242,-0.23645955041866187
COHFACE_s16_session3_natural,24,19,24.633333333333333,0.16284950077533722,-0.34970642800893337
COHFACE_s16_session3_natural,24,20,24.666666666666668,-0.029606912285089493,-0.46285297791928054
COHFACE_s16_session3_natural,24,21,24.7,-0.19269002974033356,-0.5694643896608057
COHFACE_s16_session3_natural,24,22,24.733333333333334,-0.33367297053337097,-0.6596381295103672
COHFACE_s16_session3_natural,24,23,24.766666666666666,-0.45044177770614624,-0.7181105355643951
COHFACE_s16_session3_natural,24,24,24.8,-0.5556800961494446,-0.7253442783435121
COHFACE_s16_session3_natural,24,25,24.833333333333332,-0.6636384129524231,-0.6635614024057894
COHFACE_s16_session3_natural,24,26,24.866666666666667,-0.7663931846618652,-0.5258778982012297
COHFACE_s16_session3_natural,24,27,24.9,-0.8566269874572754,-0.3231712585724566
COHFACE_s16_session3_natural,24,28,24.933333333333334,-0.9398094415664673,-0.08338485849007397
COHFACE_s16_session3_natural,24,29,24.966666666666665,-1.0176700353622437,0.15758665040036574
COHFACE_s16_session3_natural,24,30,25.0,-1.0805853605270386,0.3681389672196245
COHFACE_s16_session3_natural,24,31,25.033333333333335,-1.1461615562438965,0.5288168940766999
COHFACE_s16_session3_natural,24,32,25.066666666666666,-1.217710018157959,0.6326654214494468
COHFACE_s16_session3_natural,24,33,25.1,-1.2736331224441528,0.6808465452239532
COHFACE_s16_session3_natural,24,34,25.133333333333333,-1.2126100063323975,0.6778887257451081
COHFACE_s16_session3_natural,24,35,25.166666666666668,-0.7700740694999695,0.6289290897705888
COHFACE_s16_session3_natural,24,36,25.2,0.12315786629915237,0.5391534573304665
COHFACE_s16_session3_natural,24,37,25.233333333333334,1.069740653038025,0.414695104687235
COHFACE_s16_session3_natural,24,38,25.266666666666666,1.677902340888977,0.2642244616111944
COHFACE_s16_session3_natural,24,39,25.3,1.8997468948364258,0.10059101057959749
COHFACE_s16_session3_natural,24,40,25.333333333333332,1.9044921398162842,-0.05835149732227407
COHFACE_s16_session3_natural,24,41,25.366666666666667,1.8100895881652832,-0.19091528924605777
COHFACE_s16_session3_natural,24,42,25.4,1.5908616781234741,-0.2756225140922805
COHFACE_s16_session3_natural,24,43,25.433333333333334,1.3085557222366333,-0.2975880003457359
COHFACE_s16_session3_natural,24,44,25.466666666666665,1.0868147611618042,-0.25461811213310515
COHFACE_s16_session3_natural,24,45,25.5,0.9618710875511169,-0.1593898128947261
COHFACE_s16_session3_natural,24,46,25.533333333333335,0.8759242296218872,-0.035547505052118365
COHFACE_s16_session3_natural,24,47,25.566666666666666,0.7604858875274658,0.09100351948961152
COHFACE_s16_session3_natural,24,48,25.6,0.581895649433136,0.2010317141507223
COHFACE_s16_session3_natural,24,49,25.633333333333333,0.3571833372116089,0.28615190800084217
COHFACE_s16_session3_natural,24,50,25.666666666666668,0.1376597285270691,0.34662179851211267
COHFACE_s16_session3_natural,24,51,25.7,-0.05627496540546417,0.3855944085830132
COHFACE_s16_session3_natural,24,52,25.733333333333334,-0.22092506289482117,0.404636346477854
COHFACE_s16_session3_natural,24,53,25.766666666666666,-0.35939493775367737,0.403600468009457
COHFACE_s16_session3_natural,24,54,25.8,-0.47261589765548706,0.38392808503945974
COHFACE_s16_session3_natural,24,55,25.833333333333332,-0.5705071687698364,0.35152781068255107
COHFACE_s16_session3_natural,24,56,25.866666666666667,-0.6693001985549927,0.31596331297011654
COHFACE_s16_session3_natural,24,57,25.9,-0.7609679102897644,0.285726042899829
COHFACE_s16_session3_natural,24,58,25.933333333333334,-0.8521625995635986,0.26224679558272734
COHFACE_s16_session3_natural,24,59,25.966666666666665,-0.935818076133728,0.23629441687065209
COHFACE_s16_session3_natural,24,60,26.0,-1.0087412595748901,0.18917463611194182
COHFACE_s16_session3_natural,24,61,26.033333333333335,-1.0732975006103516,0.09864481973099376
COHFACE_s16_session3_natural,24,62,26.066666666666666,-1.1367154121398926,-0.052755245168822316
COHFACE_s16_session3_natural,24,63,26.1,-1.193318486213684,-0.2699751722856631
COHFACE_s16_session3_natural,24,64,26.133333333333333,-1.2575199604034424,-0.5404746581397452
COHFACE_s16_session3_natural,24,65,26.166666666666668,-1.313635230064392,-0.8330677641350058
COHFACE_s16_session3_natural,24,66,26.2,-1.2409929037094116,-1.1014393346349587
COHFACE_s16_session3_natural,24,67,26.233333333333334,-0.7708132266998291,-1.292880076714359
COHFACE_s16_session3_natural,24,68,26.266666666666666,0.10556641221046448,-1.3612464119909782
COHFACE_s16_session3_natural,24,69,26.3,0.9518040418624878,-1.2808315949728974
COHFACE_s16_session3_natural,24,70,26.333333333333332,1.4514752626419067,-1.0561838445234606
COHFACE_s16_session3_natural,24,71,26.366666666666667,1.589738130569458,-0.7232786470773971
COHFACE_s16_session3_natural,24,72,26.4,1.537289023399353,-0.3403595683404061
COHFACE_s16_session3_natural,24,73,26.433333333333334,1.381479024887085,0.028654053454957577
COHFACE_s16_session3_natural,24,74,26.466666666666665,1.120652437210083,0.3313167705016994
COHFACE_s16_session3_natural,24,75,26.5,0.8634180426597595,0.537302692794085
COHFACE_s16_session3_natural,24,76,26.533333333333335,0.7248594760894775,0.639933944883718
COHFACE_s16_session3_natural,24,77,26.566666666666666,0.6775399446487427,0.6511322957178498
COHFACE_s16_session3_natural,24,78,26.6,0.6238934397697449,0.5940681361850316
COHFACE_s16_session3_natural,24,79,26.633333333333333,0.5116776823997498,0.4963633891557374
COHFACE_s16_session3_natural,24,80,26.666666666666668,0.33929622173309326,0.38462854691331666
COHFACE_s16_session3_natural,24,81,26.7,0.14267107844352722,0.28009062993860717
COHFACE_s16_session3_natural,24,82,26.733333333333334,-0.05538799986243248,0.19546907784598894
COHFACE_s16_session3_natural,24,83,26.766666666666666,-0.22496074438095093,0.13415696382146353
COHFACE_s16_session3_natural,24,84,26.8,-0.36720022559165955,0.09277787663148424
COHFACE_s16_session3_natural,24,85,26.833333333333332,-0.48691079020500183,0.06648931732222327
COHFACE_s16_session3_natural,24,86,26.866666666666667,-0.5775141716003418,0.053875399742267814
COHFACE_s16_session3_natural,24,87,26.9,-0.6563504934310913,0.05792997996694832
COHFACE_s16_session3_natural,24,88,26.933333333333334,-0.7303380966186523,0.08284872447720242
COHFACE_s16_session3_natural,24,89,26.966666666666665,-0.8021230101585388,0.1297128475768475
COHFACE_s16_session3_natural,24,90,27.0,-0.8814619779586792,0.19413884312160842
COHFACE_s16_session3_natural,24,91,27.033333333333335,-0.9580069780349731,0.2666785366584925
COHFACE_s16_session3_natural,24,92,27.066666666666666,-1.0209814310073853,0.3349737944503666
COHFACE_s16_session3_natural,24,93,27.1,-1.086350679397583,0.38632991303012654
COHFACE_s16_session3_natural,24,94,27.133333333333333,-1.1539077758789062,0.40997534196893975
COHFACE_s16_session3_natural,24,95,27.166666666666668,-1.216660499572754,0.3989411524012466
COHFACE_s16_session3_natural,24,96,27.2,-1.2580225467681885,0.3515889043061922
COHFACE_s16_session3_natural,24,97,27.233333333333334,-1.1576330661773682,0.27244969152171267
COHFACE_s16_session3_natural,24,98,27.266666666666666,-0.6528765559196472,0.17177355424423357
COHFACE_s16_session3_natural,24,99,27.3,0.2067098766565323,0.0635629434719256
COHFACE_s16_session3_natural,24,100,27.333333333333332,0.9789451360702515,-0.037212307720071676
COHFACE_s16_session3_natural,24,101,27.366666666666667,1.3735110759735107,-0.11709585770845254
COHFACE_s16_session3_natural,24,102,27.4,1.4535596370697021,-0.1659322992884621
COHFACE_s16_session3_natural,24,103,27.433333333333334,1.376186728477478,-0.17853959705498723
COHFACE_s16_session3_natural,24,104,27.466666666666665,1.188889503479004,-0.15680547656786656
COHFACE_s16_session3_natural,24,105,27.5,0.9135315418243408,-0.11154976966537981
COHFACE_s16_session3_natural,24,106,27.533333333333335,0.678811252117157,-0.062138777835383685
COHFACE_s16_session3_natural,24,107,27.566666666666666,0.574607789516449,-0.03203983758313481
COHFACE_s16_session3_natural,24,108,27.6,0.5498762726783752,-0.04093911399046439
COHFACE_s16_session3_natural,24,109,27.633333333333333,0.49321404099464417,-0.09696772263015611
COHFACE_s16_session3_natural,24,110,27.666666666666668,0.369083434343338,-0.19346843294225727
COHFACE_s16_session3_natural,24,111,27.7,0.19473586976528168,-0.3122976140172464
COHFACE_s16_session3_natural,24,112,27.733333333333334,-0.008349339477717876,-0.4311400364495126
COHFACE_s16_session3_natural,24,113,27.766666666666666,-0.19650398194789886,-0.5298204060688219
COHFACE_s16_session3_natural,24,114,27.8,-0.34915050864219666,-0.5927279127234588
COHFACE_s16_session3_natural,24,115,27.833333333333332,-0.47560200095176697,-0.6085492810972941
COHFACE_s16_session3_natural,24,116,27.866666666666667,-0.5845359563827515,-0.5704154738540486
COHFACE_s16_session3_natural,24,117,27.9,-0.6759523749351501,-0.4781463376592914
COHFACE_s16_session3_natural,24,118,27.933333333333334,-0.7522756457328796,-0.3411265006013564
COHFACE_s16_session3_natural,24,119,27.966666666666665,-0.8312450051307678,-0.17852477567266775
COHFACE_s16_session3_natural,24,120,28.0,-0.910066545009613,-0.015032354249772964
COHFACE_s16_session3_natural,24,121,28.033333333333335,-0.9774166941642761,0.12623287707811523
COHFACE_s16_session3_natural,24,122,28.066666666666666,-1.0489946603775024,0.2294993915050207
COHFACE_s16_session3_natural,24,123,28.1,-1.1171727180480957,0.2875411785372843
COHFACE_s16_session3_natural,24,124,28.133333333333333,-1.1760966777801514,0.2991041689397312
COHFACE_s16_session3_natural,24,125,28.166666666666668,-1.2299649715423584,0.26644606609769717
COHFACE_s16_session3_natural,24,126,28.2,-1.2799749374389648,0.19569473480835392
COHFACE_s16_session3_natural,24,127,28.233333333333334,-1.2187448740005493,0.09913441661032671
COHFACE_s16_session3_natural,24,128,28.266666666666666,-0.7448399662971497,-0.003756750338644731
COHFACE_s16_session3_natural,24,129,28.3,0.16564343869686127,-0.08907939886674869
COHFACE_s16_session3_natural,24,130,28.333333333333332,1.060693621635437,-0.13486849209689902
COHFACE_s16_session3_natural,24,131,28.366666666666667,1.5923842191696167,-0.1281542361669627
COHFACE_s16_session3_natural,24,132,28.4,1.7761927843093872,-0.06931258804889676
COHFACE_s16_session3_natural,24,133,28.433333333333334,1.7878711223602295,0.028262645062702138
COHFACE_s16_session3_natural,24,134,28.466666666666665,1.7130557298660278,0.14294346326361468
COHFACE_s16_session3_natural,24,135,28.5,1.5239845514297485,0.2519573783547783
COHFACE_s16_session3_natural,24,136,28.533333333333335,1.2485378980636597,0.33771801377335436
COHFACE_s16_session3_natural,24,137,28.566666666666666,1.0311429500579834,0.3910040047972008
COHFACE_s16_session3_natural,24,138,28.6,0.9053714871406555,0.41059608591485486
COHFACE_s16_session3_natural,24,139,28.633333333333333,0.8122106790542603,0.40082317084343716
COHFACE_s16_session3_natural,24,140,28.666666666666668,0.6961514353752136,0.36884066842662866
COHFACE_s16_session3_natural,24,141,28.7,0.5247752070426941,0.3225800964152888
COHFACE_s16_session3_natural,24,142,28.733333333333334,0.31237685680389404,0.26924775023150804
COHFACE_s16_session3_natural,24,143,28.766666666666666,0.09066541492938995,0.2139853872168319
COHFACE_s16_session3_natural,24,144,28.8,-0.11042411625385284,0.15895728782705534
COHFACE_s16_session3_natural,24,145,28.833333333333332,-0.27108287811279297,0.1035839312950984
COHFACE_s16_session3_natural,24,146,28.866666666666667,-0.4064779281616211,0.04603777360537993
COHFACE_s16_session3_natural,24,147,28.9,-0.5247693657875061,-0.014798193706589469
COHFACE_s16_session3_natural,24,148,28.933333333333334,-0.6248189210891724,-0.07789424077860224
COHFACE_s16_session3_natural,24,149,28.966666666666665,-0.7219858169555664,-0.1397220330524427
COHFACE_s16_session3_natural,24,150,29.0,-0.8169353604316711,-0.1950772583536891
COHFACE_s16_session3_natural,24,151,29.033333333333335,-0.9057499766349792,-0.23876216774634268
COHFACE_s16_session3_natural,24,152,29.066666666666666,-0.9887107014656067,-0.2674309077101141
COHFACE_s16_session3_natural,24,153,29.1,-1.057080864906311,-0.2806973437690537
COHFACE_s16_session3_natural,24,154,29.133333333333333,-1.1253327131271362,-0.28076979051783585
COHFACE_s16_session3_natural,24,155,29.166666666666668,-1.1938211917877197,-0.27042056592138686
COHFACE_s16_session3_natural,24,156,29.2,-1.2696417570114136,-0.24992713641653935
COHFACE_s16_session3_natural,24,157,29.233333333333334,-1.3011142015457153,-0.21462425741277966
COHFACE_s16_session3_natural,24,158,29.266666666666666,-1.0996403694152832,-0.15533417125674331
COHFACE_s16_session3_natural,24,159,29.3,-0.42369982600212097,-0.06300626477443926
COHFACE_s16_session3_natural,24,160,29.333333333333332,0.5402674674987793,0.06384633454816524
COHFACE_s16_session3_natural,24,161,29.366666666666667,1.3365247249603271,0.21292565608591427
COHFACE_s16_session3_natural,24,162,29.4,1.7580100297927856,0.357365987585049
COHFACE_s16_session3_natural,24,163,29.433333333333334,1.8990963697433472,0.46197489997387725
COHFACE_s16_session3_natural,24,164,29.466666666666665,1.9217140674591064,0.4940955786996089
COHFACE_s16_session3_natural,24,165,29.5,1.8676831722259521,0.4342400003083562
COHFACE_s16_session3_natural,24,166,29.533333333333335,1.665839672088623,0.28249864553876775
COHFACE_s16_session3_natural,24,167,29.566666666666666,1.3786110877990723,0.059430785502960624
COHFACE_s16_session3_natural,24,168,29.6,1.1427674293518066,-0.1978031569057418
COHFACE_s16_session3_natural,24,169,29.633333333333333,0.9906086921691895,-0.44285739157244136
COHFACE_s16_session3_natural,24,170,29.666666666666668,0.8761312365531921,-0.6303866349830084
COHFACE_s16_session3_natural,24,171,29.7,0.7285995483398438,-0.7276571186853672
COHFACE_s16_session3_natural,24,172,29.733333333333334,0.5284560918807983,-0.7240525777237219
COHFACE_s16_session3_natural,24,173,29.766666666666666,0.3060794174671173,-0.6336194531421687
COHFACE_s16_session3_natural,24,174,29.8,0.08803408592939377,-0.4879381725134001
COHFACE_s16_session3_natural,24,175,29.833333333333332,-0.10455537587404251,-0.32181494933329724
COHFACE_s16_session3_natural,24,176,29.866666666666667,-0.2742611765861511,-0.15938149599135423
COHFACE_s16_session3_natural,24,177,29.9,-0.4172249734401703,-0.008591651516027723
COHFACE_s16_session3_natural,24,178,29.933333333333334,-0.5333581566810608,0.13370995123763985
COHFACE_s16_session3_natural,24,179,29.966666666666665,-0.6388033628463745,0.2711226041479147
COHFACE_s16_session3_natural,24,180,30.0,-0.7424303293228149,0.3991038778473005
COHFACE_s16_session3_natural,24,181,30.033333333333335,-0.8389172554016113,0.5035248086260866
COHFACE_s16_session3_natural,24,182,30.066666666666666,-0.9300528168678284,0.5661962020587299
COHFACE_s16_session3_natural,24,183,30.1,-1.0106925964355469,0.5729535487719962
COHFACE_s16_session3_natural,24,184,30.133333333333333,-1.079905390739441,0.5191408659716041
COHFACE_s16_session3_natural,24,185,30.166666666666668,-1.1508034467697144,0.40997157914531174
COHFACE_s16_session3_natural,24,186,30.2,-1.2194396257400513,0.25711080953998755
COHFACE_s16_session3_natural,24,187,30.233333333333334,-1.2877358198165894,0.07499990923174622
COHFACE_s16_session3_natural,24,188,30.266666666666666,-1.3015576601028442,-0.12056817765230084
COHFACE_s16_session3_natural,24,189,30.3,-1.0402284860610962,-0.3117864548320888
COHFACE_s16_session3_natural,24,190,30.333333333333332,-0.3155789077281952,-0.47812507574804036
COHFACE_s16_session3_natural,24,191,30.366666666666667,0.6206855773925781,-0.5977264870901178
COHFACE_s16_session3_natural,24,192,30.4,1.330227255821228,-0.6516597558461047
COHFACE_s16_session3_natural,24,193,30.433333333333334,1.6816867589950562,-0.6296759502040032
COHFACE_s16_session3_natural,24,194,30.466666666666665,1.8033782243728638,-0.5344648888717374
COHFACE_s16_session3_natural,24,195,30.5,1.8197870254516602,-0.38158100862475336
COHFACE_s16_session3_natural,24,196,30.533333333333335,1.732361912727356,-0.19450075237447734
COHFACE_s16_session3_natural,24,197,30.566666666666666,1.5080339908599854,0.0028314321414608778
COHFACE_s16_session3_natural,24,198,30.6,1.2305768728256226,0.19218517361208262
COHFACE_s16_session3_natural,24,199,30.633333333333333,1.0297682285308838,0.363295934424172
COHFACE_s16_session3_natural,24,200,30.666666666666668,0.9021488428115845,0.5124620148856022
COHFACE_s16_session3_natural,24,201,30.7,0.7936583161354065,0.6397862560447435
COHFACE_s16_session3_natural,24,202,30.733333333333334,0.6395335793495178,0.746718685305934
COHFACE_s16_session3_natural,24,203,30.766666666666666,0.4395379424095154,0.8339747384745506
COHFACE_s16_session3_natural,24,204,30.8,0.23012572526931763,0.8996394958569881
COHFACE_s16_session3_natural,24,205,30.833333333333332,0.030410990118980408,0.9379708644593612
COHFACE_s16_session3_natural,24,206,30.866666666666667,-0.15101750195026398,0.939712203069745
COHFACE_s16_session3_natural,24,207,30.9,-0.3118093013763428,0.8942519310955046
COHFACE_s16_session3_natural,24,208,30.933333333333334,-0.45205309987068176,0.7931070646934513
COHFACE_s16_session3_natural,24,209,30.966666666666665,-0.5655253529548645,0.6335195424874921
COHFACE_s16_session3_natural,24,210,31.0,-0.6743558645248413,0.4208057232418357
COHFACE_s16_session3_natural,24,211,31.033333333333335,-0.7892916202545166,0.16837618780531444
COHFACE_s16_session3_natural,24,212,31.066666666666666,-0.877174973487854,-0.10510560107298905
COHFACE_s16_session3_natural,24,213,31.1,-0.9534834623336792,-0.3809038094779751
COHFACE_s16_session3_natural,24,214,31.133333333333333,-1.037951946258545,-0.6457218471541355
COHFACE_s16_session3_natural,24,215,31.166666666666668,-1.1125900745391846,-0.8945555818858268
COHFACE_s16_session3_natural,24,216,31.2,-1.1779297590255737,-1.1284602884099688
COHFACE_s16_session3_natural,24,217,31.233333333333334,-1.252227783203125,-1.3471658338065933
COHFACE_s16_session3_natural,24,218,31.266666666666666,-1.3189865350723267,-1.539773417618862
COHFACE_s16_session3_natural,24,219,31.3,-1.3011289834976196,-1.6790734592153536
COHFACE_s16_session3_natural,24,220,31.333333333333332,-0.9913716316223145,-1.7245269775294891
COHFACE_s16_session3_natural,24,221,31.366666666666667,-0.26380977034568787,-1.6351963985922047
COHFACE_s16_session3_natural,24,222,31.4,0.5826939344406128,-1.3883218797132864
COHFACE_s16_session3_natural,24,223,31.433333333333334,1.1731458902359009,-0.9950095712425931
COHFACE_s16_session3_natural,24,224,31.466666666666665,1.438702940940857,-0.5045269572684828
COHFACE_s16_session3_natural,24,225,31.5,1.521101951599121,0.0064779979386488514
COHFACE_s16_session3_natural,24,226,31.533333333333335,1.4983069896697998,0.45611295545297037
COHFACE_s16_session3_natural,24,227,31.566666666666666,1.3627344369888306,0.781438854301767
COHFACE_s16_session3_natural,24,228,31.6,1.1228550672531128,0.9550525397255425
COHFACE_s16_session3_natural,24,229,31.633333333333333,0.8958070278167725,0.9885801664482221
COHFACE_s16_session3_natural,24,230,31.666666666666668,0.7486301064491272,0.9234410233856177
COHFACE_s16_session3_natural,24,231,31.7,0.6524980068206787,0.8137437354145244
COHFACE_s16_session3_natural,24,232,31.733333333333334,0.5476292967796326,0.7078117332590119
COHFACE_s16_session3_natural,24,233,31.766666666666666,0.39031144976615906,0.6343113224279441
COHFACE_s16_session3_natural,24,234,31.8,0.19863849878311157,0.5973195804899243
COHFACE_s16_session3_natural,24,235,31.833333333333332,0.002102053491398692,0.5814713152741109
COHFACE_s16_session3_natural,24,236,31.866666666666667,-0.18042036890983582,0.5638104204171346
COHFACE_s16_session3_natural,24,237,31.9,-0.3456469774246216,0.5260874851644523
COHFACE_s16_session3_natural,24,238,31.933333333333334,-0.4776124656200409,0.4622781893551016
COHFACE_s16_session3_natural,24,239,31.966666666666665,-0.5920012593269348,0.37947742602528894
COHFACE_s16_session3_natural,25,0,25.0,-1.0805853605270386,-0.11767723198620793
COHFACE_s16_session3_natural,25,1,25.033333333333335,-1.1461615562438965,-0.4279639674391621
COHFACE_s16_session3_natural,25,2,25.066666666666666,-1.217710018157959,-0.6823862211928581
COHFACE_s16_session3_natural,25,3,25.1,-1.2736331224441528,-0.8438686119498988
COHFACE_s16_session3_natural,25,4,25.133333333333333,-1.2126100063323975,-0.9062765647714498
COHFACE_s16_session3_natural,25,5,25.166666666666668,-0.7700740694999695,-0.8945585349692554
COHFACE_s16_session3_natural,25,6,25.2,0.12315786629915237,-0.8522883496336702
COHFACE_s16_session3_natural,25,7,25.233333333333334,1.069740653038025,-0.8223989116384833
COHFACE_s16_session3_natural,25,8,25.266666666666666,1.677902340888977,-0.829998309882612
COHFACE_s16_session3_natural,25,9,25.3,1.8997468948364258,-0.8742649568929655
COHFACE_s16_session3_natural,25,10,25.333333333333332,1.9044921398162842,-0.9311109093843996
COHFACE_s16_session3_natural,25,11,25.366666666666667,1.8100895881652832,-0.963490221049138
COHFACE_s16_session3_natural,25,12,25.4,1.5908616781234741,-0.9347179039922621
COHFACE_s16_session3_natural,25,13,25.433333333333334,1.3085557222366333,-0.8207716358654605
COHFACE_s16_session3_natural,25,14,25.466666666666665,1.0868147611618042,-0.6181593267955221
COHFACE_s16_session3_natural,25,15,25.5,0.9618710875511169,-0.34481931339199096
COHFACE_s16_session3_natural,25,16,25.533333333333335,0.8759242296218872,-0.0336637010244326
COHFACE_s16_session3_natural,25,17,25.566666666666666,0.7604858875274658,0.2786034678620304
COHFACE_s16_session3_natural,25,18,25.6,0.581895649433136,0.562365736316545
COHFACE_s16_session3_natural,25,19,25.633333333333333,0.3571833372116089,0.8007452057588821
COHFACE_s16_session3_natural,25,20,25.666666666666668,0.1376597285270691,0.9882559357858962
COHFACE_s16_session3_natural,25,21,25.7,-0.05627496540546417,1.124883270494445
COHFACE_s16_session3_natural,25,22,25.733333333333334,-0.22092506289482117,1.2104084505254133
COHFACE_s16_session3_natural,25,23,25.766666666666666,-0.35939493775367737,1.2428362325559346
COHFACE_s16_session3_natural,25,24,25.8,-0.47261589765548706,1.2211157921358993
COHFACE_s16_session3_natural,25,25,25.833333333333332,-0.5705071687698364,1.148971950684819
COHFACE_s16_session3_natural,25,26,25.866666666666667,-0.6693001985549927,1.0362093728005652
COHFACE_s16_session3_natural,25,27,25.9,-0.7609679102897644,0.8960122437785247
COHFACE_s16_session3_natural,25,28,25.933333333333334,-0.8521625995635986,0.7395768568856023
COHFACE_s16_session3_natural,25,29,25.966666666666665,-0.935818076133728,0.5711371490131719
COHFACE_s16_session3_natural,25,30,26.0,-1.0087412595748901,0.38624106151553184
COHFACE_s16_session3_natural,25,31,26.033333333333335,-1.0732975006103516,0.17442829456718612
COHFACE_s16_session3_natural,25,32,26.066666666666666,-1.1367154121398926,-0.07460334976172625
COHFACE_s16_session3_natural,25,33,26.1,-1.193318486213684,-0.3635380555093572
COHFACE_s16_session3_natural,25,34,26.133333333333333,-1.2575199604034424,-0.6810057954691475
COHFACE_s16_session3_natural,25,35,26.166666666666668,-1.313635230064392,-0.998259117425265
COHFACE_s16_session3_natural,25,36,26.2,-1.2409929037094116,-1.271029768514824
COHFACE_s16_session3_natural,25,37,26.233333333333334,-0.7708132266998291,-1.4478571828400164
COHFACE_s16_session3_natural,25,38,26.266666666666666,0.10556641221046448,-1.4838646423892985
COHFACE_s16_session3_natural,25,39,26.3,0.9518040418624878,-1.3561611124392392
COHFACE_s16_session3_natural,25,40,26.333333333333332,1.4514752626419067,-1.0754048032874648
COHFACE_s16_session3_natural,25,41,26.366666666666667,1.589738130569458,-0.6882589991474036
COHFACE_s16_session3_natural,25,42,26.4,1.537289023399353,-0.2677678516178639
COHFACE_s16_session3_natural,25,43,26.433333333333334,1.381479024887085,0.10652248404474088
COHFACE_s16_session3_natural,25,44,26.466666666666665,1.120652437210083,0.3710928797100882
COHFACE_s16_session3_natural,25,45,26.5,0.8634180426597595,0.4940043507229171
COHFACE_s16_session3_natural,25,46,26.533333333333335,0.7248594760894775,0.47826950092333875
COHFACE_s16_session3_natural,25,47,26.566666666666666,0.6775399446487427,0.3547185569592367
COHFACE_s16_session3_natural,25,48,26.6,0.6238934397697449,0.1699029529842224
COHFACE_s16_session3_natural,25,49,26.633333333333333,0.5116776823997498,-0.025861706415498502
COHFACE_s16_session3_natural,25,50,26.666666666666668,0.33929622173309326,-0.18803814767132143
COHFACE_s16_session3_natural,25,51,26.7,0.14267107844352722,-0.28500039434098745
COHFACE_s16_session3_natural,25,52,26.733333333333334,-0.05538799986243248,-0.3027477904549786
COHFACE_s16_session3_natural,25,53,26.766666666666666,-0.22496074438095093,-0.24592723745140282
COHFACE_s16_session3_natural,25,54,26.8,-0.36720022559165955,-0.13365457028959185
COHFACE_s16_session3_natural,25,55,26.833333333333332,-0.48691079020500183,0.009165265495048737
COHFACE_s16_session3_natural,25,56,26.866666666666667,-0.5775141716003418,0.16074686068246566
COHFACE_s16_session3_natural,25,57,26.9,-0.6563504934310913,0.30650739710931446
COHFACE_s16_session3_natural,25,58,26.933333333333334,-0.7303380966186523,0.4373698419450043
COHFACE_s16_session3_natural,25,59,26.966666666666665,-0.8021230101585388,0.5459918237310386
COHFACE_s16_session3_natural,25,60,27.0,-0.8814619779586792,0.6250373242413975
COHFACE_s16_session3_natural,25,61,27.033333333333335,-0.9580069780349731,0.6686011306010785
COHFACE_s16_session3_natural,25,62,27.066666666666666,-1.0209814310073853,0.674941013716257
COHFACE_s16_session3_natural,25,63,27.1,-1.086350679397583,0.6478563857132508
COHFACE_s16_session3_natural,25,64,27.133333333333333,-1.1539077758789062,0.5954815830153485
COHFACE_s16_session3_natural,25,65,27.166666666666668,-1.216660499572754,0.5272896526520728
COHFACE_s16_session3_natural,25,66,27.2,-1.2580225467681885,0.45098619761248304
COHFACE_s16_session3_natural,25,67,27.233333333333334,-1.1576330661773682,0.37051739832260194
COHFACE_s16_session3_natural,25,68,27.266666666666666,-0.6528765559196472,0.2854789403916416
COHFACE_s16_session3_natural,25,69,27.3,0.2067098766565323,0.19179582165184425
COHFACE_s16_session3_natural,25,70,27.333333333333332,0.9789451360702515,0.08388250835268236
COHFACE_s16_session3_natural,25,71,27.366666666666667,1.3735110759735107,-0.041500575998126954
COHFACE_s16_session3_natural,25,72,27.4,1.4535596370697021,-0.18066094949290598
COHFACE_s16_session3_natural,25,73,27.433333333333334,1.376186728477478,-0.3201509252849206
COHFACE_s16_session3_natural,25,74,27.466666666666665,1.188889503479004,-0.4384768723363696
COHFACE_s16_session3_natural,25,75,27.5,0.9135315418243408,-0.5131213632201685
COHFACE_s16_session3_natural,25,76,27.533333333333335,0.678811252117157,-0.5300725556670385
COHFACE_s16_session3_natural,25,77,27.566666666666666,0.574607789516449,-0.49068872364656285
COHFACE_s16_session3_natural,25,78,27.6,0.5498762726783752,-0.4118756090651303
COHFACE_s16_session3_natural,25,79,27.633333333333333,0.49321404099464417,-0.3194643457894463
COHFACE_s16_session3_natural,25,80,27.666666666666668,0.369083434343338,-0.23863296251050056
COHFACE_s16_session3_natural,25,81,27.7,0.19473586976528168,-0.1863691237874897
COHFACE_s16_session3_natural,25,82,27.733333333333334,-0.008349339477717876,-0.16855554381559937
COHFACE_s16_session3_natural,25,83,27.766666666666666,-0.19650398194789886,-0.18099002915534035
COHFACE_s16_session3_natural,25,84,27.8,-0.34915050864219666,-0.2124245587576612
COHFACE_s16_session3_natural,25,85,27.833333333333332,-0.47560200095176697,-0.24829122924915253
COHFACE_s16_session3_natural,25,86,27.866666666666667,-0.5845359563827515,-0.2745130151604627
COHFACE_s16_session3_natural,25,87,27.9,-0.6759523749351501,-0.2808344124020292
COHFACE_s16_session3_natural,25,88,27.933333333333334,-0.7522756457328796,-0.26270160630557493
COHFACE_s16_session3_natural,25,89,27.966666666666665,-0.8312450051307678,-0.2209701420050697
COHFACE_s16_session3_natural,25,90,28.0,-0.910066545009613,-0.16009113728013455
COHFACE_s16_session3_natural,25,91,28.033333333333335,-0.9774166941642761,-0.08655820610181497
COHFACE_s16_session3_natural,25,92,28.066666666666666,-1.0489946603775024,-0.008875764388285568
COHFACE_s16_session3_natural,25,93,28.1,-1.1171727180480957,0.06147513025631536
COHFACE_s16_session3_natural,25,94,28.133333333333333,-1.1760966777801514,0.11014294726066685
COHFACE_s16_session3_natural,25,95,28.166666666666668,-1.2299649715423584,0.12298783976229306
COHFACE_s16_session3_natural,25,96,28.2,-1.2799749374389648,0.0918899178629073
COHFACE_s16_session3_natural,25,97,28.233333333333334,-1.2187448740005493,0.02052717105486113
COHFACE_s16_session3_natural,25,98,28.266666666666666,-0.7448399662971497,-0.07347149059144
COHFACE_s16_session3_natural,25,99,28.3,0.16564343869686127,-0.1620521481950811
COHFACE_s16_session3_natural,25,100,28.333333333333332,1.060693621635437,-0.21494281857664468
COHFACE_s16_session3_natural,25,101,28.366666666666667,1.5923842191696167,-0.20911521708274958
COHFACE_s16_session3_natural,25,102,28.4,1.7761927843093872,-0.1358636988052851
COHFACE_s16_session3_natural,25,103,28.433333333333334,1.7878711223602295,-0.003327657994805327
COHFACE_s16_session3_natural,25,104,28.466666666666665,1.7130557298660278,0.16594046331778226
COHFACE_s16_session3_natural,25,105,28.5,1.5239845514297485,0.3412988706865983
COHFACE_s16_session3_natural,25,106,28.533333333333335,1.2485378980636597,0.4921621301451033
COHFACE_s16_session3_natural,25,107,28.566666666666666,1.0311429500579834,0.595470978500836
COHFACE_s16_session3_natural,25,108,28.6,0.9053714871406555,0.6402759314963619
COHFACE_s16_session3_natural,25,109,28.633333333333333,0.8122106790542603,0.6283252963812587
COHFACE_s16_session3_natural,25,110,28.666666666666668,0.6961514353752136,0.5711633786662711
COHFACE_s16_session3_natural,25,111,28.7,0.5247752070426941,0.48543684790143965
COHFACE_s16_session3_natural,25,112,28.733333333333334,0.31237685680389404,0.38818876310440675
COHFACE_s16_session3_natural,25,113,28.766666666666666,0.09066541492938995,0.29325356561490634
COHFACE_s16_session3_natural,25,114,28.8,-0.11042411625385284,0.20918243652598525
COHFACE_s16_session3_natural,25,115,28.833333333333332,-0.27108287811279297,0.13873154572418106
COHFACE_s16_session3_natural,25,116,28.866666666666667,-0.4064779281616211,0.07976655278829635
COHFACE_s16_session3_natural,25,117,28.9,-0.5247693657875061,0.027254666764010553
COHFACE_s16_session3_natural,25,118,28.933333333333334,-0.6248189210891724,-0.024261285316403734
COHFACE_s16_session3_natural,25,119,28.966666666666665,-0.7219858169555664,-0.07843549202631084
COHFACE_s16_session3_natural,25,120,29.0,-0.8169353604316711,-0.1356840435614273
COHFACE_s16_session3_natural,25,121,29.033333333333335,-0.9057499766349792,-0.1929456019833413
COHFACE_s16_session3_natural,25,122,29.066666666666666,-0.9887107014656067,-0.24504275475849766
COHFACE_s16_session3_natural,25,123,29.1,-1.057080864906311,-0.28743414199367645
COHFACE_s16_session3_natural,25,124,29.133333333333333,-1.1253327131271362,-0.31873669813013533
COHFACE_s16_session3_natural,25,125,29.166666666666668,-1.1938211917877197,-0.3407904906811499
COHFACE_s16_session3_natural,25,126,29.2,-1.2696417570114136,-0.3555508166672612
COHFACE_s16_session3_natural,25,127,29.233333333333334,-1.3011142015457153,-0.36075027682263366
COHFACE_s16_session3_natural,25,128,29.266666666666666,-1.0996403694152832,-0.34795426837316157
COHFACE_s16_session3_natural,25,129,29.3,-0.42369982600212097,-0.30568998050494256
COHFACE_s16_session3_natural,25,130,29.333333333333332,0.5402674674987793,-0.22687661982278096
COHFACE_s16_session3_natural,25,131,29.366666666666667,1.3365247249603271,-0.11633793017394037
COHFACE_s16_session3_natural,25,132,29.4,1.7580100297927856,0.006555856863431287
COHFACE_s16_session3_natural,25,133,29.433333333333334,1.8990963697433472,0.11250519911492221
COHFACE_s16_session3_natural,25,134,29.466666666666665,1.9217140674591064,0.17227270465426692
COHFACE_s16_session3_natural,25,135,29.5,1.8676831722259521,0.1672079254573075
COHFACE_s16_session3_natural,25,136,29.533333333333335,1.665839672088623,0.09583749823669979
COHFACE_s16_session3_natural,25,137,29.566666666666666,1.3786110877990723,-0.025307394684023467
COHFACE_s16_session3_natural,25,138,29.6,1.1427674293518066,-0.16591723061362715
COHFACE_s16_session3_natural,25,139,29.633333333333333,0.9906086921691895,-0.28951430606561446
COHFACE_s16_session3_natural,25,140,29.666666666666668,0.8761312365531921,-0.36314593642670046
COHFACE_s16_session3_natural,25,141,29.7,0.7285995483398438,-0.3675136337132325
COHFACE_s16_session3_natural,25,142,29.733333333333334,0.5284560918807983,-0.30395981333684674
COHFACE_s16_session3_natural,25,143,29.766666666666666,0.3060794174671173,-0.19393643173502828
COHFACE_s16_session3_natural,25,144,29.8,0.08803408592939377,-0.06951406254916677
COHFACE_s16_session3_natural,25,145,29.833333333333332,-0.10455537587404251,0.04115202337772968
COHFACE_s16_session3_natural,25,146,29.866666666666667,-0.2742611765861511,0.12547456225017944
COHFACE_s16_session3_natural,25,147,29.9,-0.4172249734401703,0.18837667576392741
COHFACE_s16_session3_natural,25,148,29.933333333333334,-0.5333581566810608,0.2441817302009537
COHFACE_s16_session3_natural,25,149,29.966666666666665,-0.6388033628463745,0.3046450060578694
COHFACE_s16_session3_natural,25,150,30.0,-0.7424303293228149,0.3706060156206132
COHFACE_s16_session3_natural,25,151,30.033333333333335,-0.8389172554016113,0.43115479460393696
COHFACE_s16_session3_natural,25,152,30.066666666666666,-0.9300528168678284,0.46928370325304614
COHFACE_s16_session3_natural,25,153,30.1,-1.0106925964355469,0.4697570688296272
COHFACE_s16_session3_natural,25,154,30.133333333333333,-1.079905390739441,0.42477200440249
COHFACE_s16_session3_natural,25,155,30.166666666666668,-1.1508034467697144,0.3352568102718007
COHFACE_s16_session3_natural,25,156,30.2,-1.2194396257400513,0.20854817943803022
COHFACE_s16_session3_natural,25,157,30.233333333333334,-1.2877358198165894,0.054961018139981443
COHFACE_s16_session3_natural,25,158,30.266666666666666,-1.3015576601028442,-0.11440393829935935
COHFACE_s16_session3_natural,25,159,30.3,-1.0402284860610962,-0.2877866546204248
COHFACE_s16_session3_natural,25,160,30.333333333333332,-0.3155789077281952,-0.4516341957850978
COHFACE_s16_session3_natural,25,161,30.366666666666667,0.6206855773925781,-0.5898542390536731
COHFACE_s16_session3_natural,25,162,30.4,1.330227255821228,-0.6848307263635672
COHFACE_s16_session3_natural,25,163,30.433333333333334,1.6816867589950562,-0.7204949103354047
COHFACE_s16_session3_natural,25,164,30.466666666666665,1.8033782243728638,-0.6864882135408868
COHFACE_s16_session3_natural,25,165,30.5,1.8197870254516602,-0.581604957334602
COHFACE_s16_session3_natural,25,166,30.533333333333335,1.732361912727356,-0.41474288431687273
COHFACE_s16_session3_natural,25,167,30.566666666666666,1.5080339908599854,-0.20284845042132071
COHFACE_s16_session3_natural,25,168,30.6,1.2305768728256226,0.03275576870436236
COHFACE_s16_session3_natural,25,169,30.633333333333333,1.0297682285308838,0.26963141326582546
COHFACE_s16_session3_natural,25,170,30.666666666666668,0.9021488428115845,0.48651063922238086
COHFACE_s16_session3_natural,25,171,30.7,0.7936583161354065,0.6654861623709457
COHFACE_s16_session3_natural,25,172,30.733333333333334,0.6395335793495178,0.7944231632990406
COHFACE_s16_session3_natural,25,173,30.766666666666666,0.4395379424095154,0.8686242464544012
COHFACE_s16_session3_natural,25,174,30.8,0.23012572526931763,0.8907057988531137
COHFACE_s16_session3_natural,25,175,30.833333333333332,0.030410990118980408,0.8685437468747663
COHFACE_s16_session3_natural,25,176,30.866666666666667,-0.15101750195026398,0.8119312690470879
COHFACE_s16_session3_natural,25,177,30.9,-0.3118093013763428,0.7290072104825963
COHFACE_s16_session3_natural,25,178,30.933333333333334,-0.45205309987068176,0.6237101879824102
COHFACE_s16_session3_natural,25,179,30.966666666666665,-0.5655253529548645,0.495435396683018
COHFACE_s16_session3_natural,25,180,31.0,-0.6743558645248413,0.34145617467421874
COHFACE_s16_session3_natural,25,181,31.033333333333335,-0.7892916202545166,0.1611885870018488
COHFACE_s16_session3_natural,25,182,31.066666666666666,-0.877174973487854,-0.040420445905333995
COHFACE_s16_session3_natural,25,183,31.1,-0.9534834623336792,-0.25319298045479477
COHFACE_s16_session3_natural,25,184,31.133333333333333,-1.037951946258545,-0.4658599144981442
COHFACE_s16_session3_natural,25,185,31.166666666666668,-1.1125900745391846,-0.6708208831748502
COHFACE_s16_session3_natural,25,186,31.2,-1.1779297590255737,-0.8651636505130358
COHFACE_s16_session3_natural,25,187,31.233333333333334,-1.252227783203125,-1.0459382176277463
COHFACE_s16_session3_natural,25,188,31.266666666666666,-1.3189865350723267,-1.2023125569988198
COHFACE_s16_session3_natural,25,189,31.3,-1.3011289834976196,-1.3105711240930633
COHFACE_s16_session3_natural,25,190,31.333333333333332,-0.9913716316223145,-1.3370660118595699
COHFACE_s16_session3_natural,25,191,31.366666666666667,-0.26380977034568787,-1.2498115500178455
COHFACE_s16_session3_natural,25,192,31.4,0.5826939344406128,-1.0342391647948819
COHFACE_s16_session3_natural,25,193,31.433333333333334,1.1731458902359009,-0.7056237258202587
COHFACE_s16_session3_natural,25,194,31.466666666666665,1.438702940940857,-0.31153224370892935
COHFACE_s16_session3_natural,25,195,31.5,1.521101951599121,0.07818059811365886
COHFACE_s16_session3_natural,25,196,31.533333333333335,1.4983069896697998,0.39089475588282213
COHFACE_s16_session3_natural,25,197,31.566666666666666,1.3627344369888306,0.5732948756282854
COHFACE_s16_session3_natural,25,198,31.6,1.1228550672531128,0.6080816041716174
COHFACE_s16_session3_natural,25,199,31.633333333333333,0.8958070278167725,0.5193187604199353
COHFACE_s16_session3_natural,25,200,31.666666666666668,0.7486301064491272,0.3640606597012481
COHFACE_s16_session3_natural,25,201,31.7,0.6524980068206787,0.2126485750396321
COHFACE_s16_session3_natural,25,202,31.733333333333334,0.5476292967796326,0.12477054582011576
COHFACE_s16_session3_natural,25,203,31.766666666666666,0.39031144976615906,0.13064402422195723
COHFACE_s16_session3_natural,25,204,31.8,0.19863849878311157,0.22465999995043792
COHFACE_s16_session3_natural,25,205,31.833333333333332,0.002102053491398692,0.3730412203404898
COHFACE_s16_session3_natural,25,206,31.866666666666667,-0.18042036890983582,0.5303312079313651
COHFACE_s16_session3_natural,25,207,31.9,-0.3456469774246216,0.6560894864110607
COHFACE_s16_session3_natural,25,208,31.933333333333334,-0.4776124656200409,0.7252411664106954
COHFACE_s16_session3_natural,25,209,31.966666666666665,-0.5920012593269348,0.7305664876096245
COHFACE_s16_session3_natural,25,210,32.0,-0.693203866481781,0.6797399425374255
COHFACE_s16_session3_natural,25,211,32.03333333333333,-0.789513349533081,0.5902453954739583
COHFACE_s16_session3_natural,25,212,32.06666666666667,-0.8932733535766602,0.48397496401876555
COHFACE_s16_session3_natural,25,213,32.1,-0.9735732078552246,0.3816960215037541
COHFACE_s16_session3_natural,25,214,32.13333333333333,-1.0503103733062744,0.29764297701118414
COHFACE_s16_session3_natural,25,215,32.166666666666664,-1.1290727853775024,0.23554006235010358
COHFACE_s16_session3_natural,25,216,32.2,-1.1884845495224,0.1877482403236501
COHFACE_s16_session3_natural,25,217,32.233333333333334,-1.230497121810913,0.13837974944141684
COHFACE_s16_session3_natural,25,218,32.266666666666666,-1.2970932722091675,0.06957623593799654
COHFACE_s16_session3_natural,25,219,32.3,-1.3645912408828735,-0.03130289922033641
COHFACE_s16_session3_natural,25,220,32.333333333333336,-1.3976750373840332,-0.16622461070837521
COHFACE_s16_session3_natural,25,221,32.36666666666667,-1.255391240119934,-0.3246487554949905
COHFACE_s16_session3_natural,25,222,32.4,-0.7153335809707642,-0.4857993358834291
COHFACE_s16_session3_natural,25,223,32.43333333333333,0.08243142813444138,-0.6241341426105835
COHFACE_s16_session3_natural,25,224,32.46666666666667,0.7318221926689148,-0.7162442917782899
COHFACE_s16_session3_natural,25,225,32.5,1.048128366470337,-0.747154305298026
COHFACE_s16_session3_natural,25,226,32.53333333333333,1.1341490745544434,-0.714175555537853
COHFACE_s16_session3_natural,25,227,32.56666666666667,1.1179176568984985,-0.6269511286988798
COHFACE_s16_session3_natural,25,228,32.6,1.00431227684021,-0.5032665660544446
COHFACE_s16_session3_natural,25,229,32.63333333333333,0.788100004196167,-0.36210087413895137
COHFACE_s16_session3_natural,25,230,32.666666666666664,0.5792199969291687,-0.21765987690958494
COHFACE_s16_session3_natural,25,231,32.7,0.4657033681869507,-0.07807917184430267
COHFACE_s16_session3_natural,25,232,32.733333333333334,0.40629157423973083,0.051130808449334854
COHFACE_s16_session3_natural,25,233,32.766666666666666,0.3434353768825531,0.16275056577005192
COHFACE_s16_session3_natural,25,234,32.8,0.2267552614212036,0.24690107062393032
COHFACE_s16_session3_natural,25,235,32.833333333333336,0.05325031280517578,0.29446911428109535
COHFACE_s16_session3_natural,25,236,32.86666666666667,-0.130750373005867,0.3017364709488959
COHFACE_s16_session3_natural,25,237,32.9,-0.29265087842941284,0.2720196983519136
COHFACE_s16_session3_natural,25,238,32.93333333333333,-0.4320816397666931,0.21354892870759862
COHFACE_s16_session3_natural,25,239,32.96666666666667,-0.5492052435874939,0.1364240937341699
COHFACE_s16_session3_natural,26,0,26.0,-1.0087412595748901,0.03736157405317899
COHFACE_s16_session3_natural,26,1,26.033333333333335,-1.0732975006103516,-0.4434087068003099
COHFACE_s16_session3_natural,26,2,26.066666666666666,-1.1367154121398926,-0.8598488826468133
COHFACE_s16_session3_natural,26,3,26.1,-1.193318486213684,-1.166318742085595
COHFACE_s16_session3_natural,26,4,26.133333333333333,-1.2575199604034424,-1.3492719154980122
COHFACE_s16_session3_natural,26,5,26.166666666666668,-1.313635230064392,-1.4253156560244271
COHFACE_s16_session3_natural,26,6,26.2,-1.2409929037094116,-1.4265300757431696
COHFACE_s16_session3_natural,26,7,26.233333333333334,-0.7708132266998291,-1.382066403053399
COHFACE_s16_session3_natural,26,8,26.266666666666666,0.10556641221046448,-1.3064067213901538
COHFACE_s16_session3_natural,26,9,26.3,0.9518040418624878,-1.1992876851310852
COHFACE_s16_session3_natural,26,10,26.333333333333332,1.4514752626419067,-1.054691323527638
COHFACE_s16_session3_natural,26,11,26.366666666666667,1.589738130569458,-0.8714422348628242
COHFACE_s16_session3_natural,26,12,26.4,1.537289023399353,-0.6585537595893397
COHFACE_s16_session3_natural,26,13,26.433333333333334,1.381479024887085,-0.4332753551754421
COHFACE_s16_session3_natural,26,14,26.466666666666665,1.120652437210083,-0.21505117959152217
COHFACE_s16_session3_natural,26,15,26.5,0.8634180426597595,-0.020404436337608405
COHFACE_s16_session3_natural,26,16,26.533333333333335,0.7248594760894775,0.1389761983280054
COHFACE_s16_session3_natural,26,17,26.566666666666666,0.6775399446487427,0.2563957753659427
COHFACE_s16_session3_natural,26,18,26.6,0.6238934397697449,0.33080025119659595
COHFACE_s16_session3_natural,26,19,26.633333333333333,0.5116776823997498,0.36811184221960147
COHFACE_s16_session3_natural,26,20,26.666666666666668,0.33929622173309326,0.3811552486879226
COHFACE_s16_session3_natural,26,21,26.7,0.14267107844352722,0.3860585850390404
COHFACE_s16_session3_natural,26,22,26.733333333333334,-0.05538799986243248,0.3958084868511715
COHFACE_s16_session3_natural,26,23,26.766666666666666,-0.22496074438095093,0.414651131390552
COHFACE_s16_session3_natural,26,24,26.8,-0.36720022559165955,0.43725335696651846
COHFACE_s16_session3_natural,26,25,26.833333333333332,-0.48691079020500183,0.45347876613495874
COHFACE_s16_session3_natural,26,26,26.866666666666667,-0.5775141716003418,0.4554070765798838
COHFACE_s16_session3_natural,26,27,26.9,-0.6563504934310913,0.44161822528521943
COHFACE_s16_session3_natural,26,28,26.933333333333334,-0.7303380966186523,0.41654412127570706
COHFACE_s16_session3_natural,26,29,26.966666666666665,-0.8021230101585388,0.38670316876310445
COHFACE_s16_session3_natural,26,30,27.0,-0.8814619779586792,0.3570414381382886
COHFACE_s16_session3_natural,26,31,27.033333333333335,-0.9580069780349731,0.3293686181970722
COHFACE_s16_session3_natural,26,32,27.066666666666666,-1.0209814310073853,0.3029508656691601
COHFACE_s16_session3_natural,26,33,27.1,-1.086350679397583,0.2760870623910168
COHFACE_s16_session3_natural,26,34,27.133333333333333,-1.1539077758789062,0.24743316164630041
COHFACE_s16_session3_natural,26,35,27.166666666666668,-1.216660499572754,0.2166185402232665
COHFACE_s16_session3_natural,26,36,27.2,-1.2580225467681885,0.1844816359860371
COHFACE_s16_session3_natural,26,37,27.233333333333334,-1.1576330661773682,0.15318541421662799
COHFACE_s16_session3_natural,26,38,27.266666666666666,-0.6528765559196472,0.12565467538354266
COHFACE_s16_session3_natural,26,39,27.3,0.2067098766565323,0.10381158437442316
COHFACE_s16_session3_natural,26,40,27.333333333333332,0.9789451360702515,0.08670438573820054
COHFACE_s16_session3_natural,26,41,27.366666666666667,1.3735110759735107,0.07067784945805801
COHFACE_s16_session3_natural,26,42,27.4,1.4535596370697021,0.05226353124299568
COHFACE_s16_session3_natural,26,43,27.433333333333334,1.376186728477478,0.031737756127873634
COHFACE_s16_session3_natural,26,44,27.466666666666665,1.188889503479004,0.013946161003108573
COHFACE_s16_session3_natural,26,45,27.5,0.9135315418243408,0.004599211326407872
COHFACE_s16_session3_natural,26,46,27.533333333333335,0.678811252117157,0.0040633136473908794
COHFACE_s16_session3_natural,26,47,27.566666666666666,0.574607789516449,0.003313964875496981
COHFACE_s16_session3_natural,26,48,27.6,0.5498762726783752,-0.014497905809918877
COHFACE_s16_session3_natural,26,49,27.633333333333333,0.49321404099464417,-0.06733262592175321
COHFACE_s16_session3_natural,26,50,27.666666666666668,0.369083434343338,-0.16630481685039653
COHFACE_s16_session3_natural,26,51,27.7,0.19473586976528168,-0.3107205403949678
COHFACE_s16_session3_natural,26,52,27.733333333333334,-0.008349339477717876,-0.48742704048650476
COHFACE_s16_session3_natural,26,53,27.766666666666666,-0.19650398194789886,-0.6728801815008794
COHFACE_s16_session3_natural,26,54,27.8,-0.34915050864219666,-0.8362960949722197
COHFACE_s16_session3_natural,26,55,27.833333333333332,-0.47560200095176697,-0.9439798422679201
COHFACE_s16_session3_natural,26,56,27.866666666666667,-0.5845359563827515,-0.9657651572492497
COHFACE_s16_session3_natural,26,57,27.9,-0.6759523749351501,-0.8833311295408606
COHFACE_s16_session3_natural,26,58,27.933333333333334,-0.7522756457328796,-0.6977667339648552
COHFACE_s16_session3_natural,26,59,27.966666666666665,-0.8312450051307678,-0.432402447394629
COHFACE_s16_session3_natural,26,60,28.0,-0.910066545009613,-0.12839582097891378
COHFACE_s16_session3_natural,26,61,28.033333333333335,-0.9774166941642761,0.16571374598950653
COHFACE_s16_session3_natural,26,62,28.066666666666666,-1.0489946603775024,0.40572544248764403
COHFACE_s16_session3_natural,26,63,28.1,-1.1171727180480957,0.5598017618462582
COHFACE_s16_session3_natural,26,64,28.133333333333333,-1.1760966777801514,0.6115671431410424
COHFACE_s16_session3_natural,26,65,28.166666666666668,-1.2299649715423584,0.5606399794734126
COHFACE_s16_session3_natural,26,66,28.2,-1.2799749374389648,0.42266721820073344
COHFACE_s16_session3_natural,26,67,28.233333333333334,-1.2187448740005493,0.22833144667246405
COHFACE_s16_session3_natural,26,68,28.266666666666666,-0.7448399662971497,0.019362805234778926
COHFACE_s16_session3_natural,26,69,28.3,0.16564343869686127,-0.15947785657144192
COHFACE_s16_session3_natural,26,70,28.333333333333332,1.060693621635437,-0.2710195490386504
COHFACE_s16_session3_natural,26,71,28.366666666666667,1.5923842191696167,-0.2953588273372053
COHFACE_s16_session3_natural,26,72,28.4,1.7761927843093872,-0.234770965053907
COHFACE_s16_session3_natural,26,73,28.433333333333334,1.7878711223602295,-0.11152795901582789
COHFACE_s16_session3_natural,26,74,28.466666666666665,1.7130557298660278,0.041192852975184185
COHFACE_s16_session3_natural,26,75,28.5,1.5239845514297485,0.19200024564220947
COHFACE_s16_session3_natural,26,76,28.533333333333335,1.2485378980636597,0.3216725669981178
COHFACE_s16_session3_natural,26,77,28.566666666666666,1.0311429500579834,0.42591227340009274
COHFACE_s16_session3_natural,26,78,28.6,0.9053714871406555,0.5098214112291386
COHFACE_s16_session3_natural,26,79,28.633333333333333,0.8122106790542603,0.5786375934816826
COHFACE_s16_session3_natural,26,80,28.666666666666668,0.6961514353752136,0.6308690403384433
COHFACE_s16_session3_natural,26,81,28.7,0.5247752070426941,0.6574707740470855
COHFACE_s16_session3_natural,26,82,28.733333333333334,0.31237685680389404,0.6463776394371589
COHFACE_s16_session3_natural,26,83,28.766666666666666,0.09066541492938995,0.5887362530946398
COHFACE_s16_session3_natural,26,84,28.8,-0.11042411625385284,0.48335620590442613
COHFACE_s16_session3_natural,26,85,28.833333333333332,-0.27108287811279297,0.3379362669806499
COHFACE_s16_session3_natural,26,86,28.866666666666667,-0.4064779281616211,0.16734612644837407
COHFACE_s16_session3_natural,26,87,28.9,-0.5247693657875061,-0.009906921570798203
COHFACE_s16_session3_natural,26,88,28.933333333333334,-0.6248189210891724,-0.17560970598319042
COHFACE_s16_session3_natural,26,89,28.966666666666665,-0.7219858169555664,-0.31493498258121894
COHFACE_s16_session3_natural,26,90,29.0,-0.8169353604316711,-0.4180626715780788
COHFACE_s16_session3_natural,26,91,29.033333333333335,-0.9057499766349792,-0.48051557742871437
COHFACE_s16_session3_natural,26,92,29.066666666666666,-0.9887107014656067,-0.5029770372379718
COHFACE_s16_session3_natural,26,93,29.1,-1.057080864906311,-0.4911027617409469
COHFACE_s16_session3_natural,26,94,29.133333333333333,-1.1253327131271362,-0.454784989002803
COHFACE_s16_session3_natural,26,95,29.166666666666668,-1.1938211917877197,-0.4057100180535768
COHFACE_s16_session3_natural,26,96,29.2,-1.2696417570114136,-0.35296159532461585
COHFACE_s16_session3_natural,26,97,29.233333333333334,-1.3011142015457153,-0.29849646764542576
COHFACE_s16_session3_natural,26,98,29.266666666666666,-1.0996403694152832,-0.2359351160963716
COHFACE_s16_session3_natural,26,99,29.3,-0.42369982600212097,-0.15514514352739756
COHFACE_s16_session3_natural,26,100,29.333333333333332,0.5402674674987793,-0.05118873503250909
COHFACE_s16_session3_natural,26,101,29.366666666666667,1.3365247249603271,0.06761497884534698
COHFACE_s16_session3_natural,26,102,29.4,1.7580100297927856,0.1781278964939532
COHFACE_s16_session3_natural,26,103,29.433333333333334,1.8990963697433472,0.2493847629555749
COHFACE_s16_session3_natural,26,104,29.466666666666665,1.9217140674591064,0.25492809531626986
COHFACE_s16_session3_natural,26,105,29.5,1.8676831722259521,0.18403501948795034
COHFACE_s16_session3_natural,26,106,29.533333333333335,1.665839672088623,0.046506353556071696
COHFACE_s16_session3_natural,26,107,29.566666666666666,1.3786110877990723,-0.13025533986024207
COHFACE_s16_session3_natural,26,108,29.6,1.1427674293518066,-0.30933032337684047
COHFACE_s16_session3_natural,26,109,29.633333333333333,0.9906086921691895,-0.45368645247549055
COHFACE_s16_session3_natural,26,110,29.666666666666668,0.8761312365531921,-0.5344237317058103
COHFACE_s16_session3_natural,26,111,29.7,0.7285995483398438,-0.5369473441015572
COHFACE_s16_session3_natural,26,112,29.733333333333334,0.5284560918807983,-0.4639824271938769
COHFACE_s16_session3_natural,26,113,29.766666666666666,0.3060794174671173,-0.33374660079699203
COHFACE_s16_session3_natural,26,114,29.8,0.08803408592939377,-0.17272155483243165
COHFACE_s16_session3_natural,26,115,29.833333333333332,-0.10455537587404251,-0.005428163248288491
COHFACE_s16_session3_natural,26,116,29.866666666666667,-0.2742611765861511,0.15355362799850145
COHFACE_s16_session3_natural,26,117,29.9,-0.4172249734401703,0.3005518685196689
COHFACE_s16_session3_natural,26,118,29.933333333333334,-0.5333581566810608,0.436704375062139
COHFACE_s16_session3_natural,26,119,29.966666666666665,-0.6388033628463745,0.5597430933214189
COHFACE_s16_session3_natural,26,120,30.0,-0.7424303293228149,0.659546655706537
COHFACE_s16_session3_natural,26,121,30.033333333333335,-0.8389172554016113,0.7201677940816106
COHFACE_s16_session3_natural,26,122,30.066666666666666,-0.9300528168678284,0.7265304508258192
COHFACE_s16_session3_natural,26,123,30.1,-1.0106925964355469,0.6712605446843948
COHFACE_s16_session3_natural,26,124,30.133333333333333,-1.079905390739441,0.5577653810898173
COHFACE_s16_session3_natural,26,125,30.166666666666668,-1.1508034467697144,0.3985652827416969
COHFACE_s16_session3_natural,26,126,30.2,-1.2194396257400513,0.21066998906542572
COHFACE_s16_session3_natural,26,127,30.233333333333334,-1.2877358198165894,0.010888130885510959
COHFACE_s16_session3_natural,26,128,30.266666666666666,-1.3015576601028442,-0.18687612804396886
COHFACE_s16_session3_natural,26,129,30.3,-1.0402284860610962,-0.3718527805440862
COHFACE_s16_session3_natural,26,130,30.333333333333332,-0.3155789077281952,-0.5347459065846064
COHFACE_s16_session3_natural,26,131,30.366666666666667,0.6206855773925781,-0.6654086002559296
COHFACE_s16_session3_natural,26,132,30.4,1.330227255821228,-0.7515844695953513
COHFACE_s16_session3_natural,26,133,30.433333333333334,1.6816867589950562,-0.7801990437480869
COHFACE_s16_session3_natural,26,134,30.466666666666665,1.8033782243728638,-0.7412363680978842
COHFACE_s16_session3_natural,26,135,30.5,1.8197870254516602,-0.6324045148642062
COHFACE_s16_session3_natural,26,136,30.533333333333335,1.732361912727356,-0.4619058789872875
COHFACE_s16_session3_natural,26,137,30.566666666666666,1.5080339908599854,-0.24754018514883086
COHFACE_s16_session3_natural,26,138,30.6,1.2305768728256226,-0.012675265204956425
COHFACE_s16_session3_natural,26,139,30.633333333333333,1.0297682285308838,0.21866244022534864
COHFACE_s16_session3_natural,26,140,30.666666666666668,0.9021488428115845,0.42563959645155136
COHFACE_s16_session3_natural,26,141,30.7,0.7936583161354065,0.5928124255119867
COHFACE_s16_session3_natural,26,142,30.733333333333334,0.6395335793495178,0.7108740475893861
COHFACE_s16_session3_natural,26,143,30.766666666666666,0.4395379424095154,0.7763687643926617
COHFACE_s16_session3_natural,26,144,30.8,0.23012572526931763,0.7908892630944621
COHFACE_s16_session3_natural,26,145,30.833333333333332,0.030410990118980408,0.7600955290864145
COHFACE_s16_session3_natural,26,146,30.866666666666667,-0.15101750195026398,0.692377728863525
COHFACE_s16_session3_natural,26,147,30.9,-0.3118093013763428,0.5969030883572671
COHFACE_s16_session3_natural,26,148,30.933333333333334,-0.45205309987068176,0.481557040436861
COHFACE_s16_session3_natural,26,149,30.966666666666665,-0.5655253529548645,0.35192627186168524
COHFACE_s16_session3_natural,26,150,31.0,-0.6743558645248413,0.21194260636592088
COHFACE_s16_session3_natural,26,151,31.033333333333335,-0.7892916202545166,0.06542871689427307
COHFACE_s16_session3_natural,26,152,31.066666666666666,-0.877174973487854,-0.08324893828395075
COHFACE_s16_session3_natural,26,153,31.1,-0.9534834623336792,-0.23068964287843416
COHFACE_s16_session3_natural,26,154,31.133333333333333,-1.037951946258545,-0.3772530128776835
COHFACE_s16_session3_natural,26,155,31.166666666666668,-1.1125900745391846,-0.5283256479745339
COHFACE_s16_session3_natural,26,156,31.2,-1.1779297590255737,-0.6914125150193224
COHFACE_s16_session3_natural,26,157,31.233333333333334,-1.252227783203125,-0.8687243765487122
COHFACE_s16_session3_natural,26,158,31.266666666666666,-1.3189865350723267,-1.0481236915162142
COHFACE_s16_session3_natural,26,159,31.3,-1.3011289834976196,-1.1977214458095478
COHFACE_s16_session3_natural,26,160,31.333333333333332,-0.9913716316223145,-1.269499660173282
COHFACE_s16_session3_natural,26,161,31.366666666666667,-0.26380977034568787,-1.2139960215703924
COHFACE_s16_session3_natural,26,162,31.4,0.5826939344406128,-1.0020392518232748
COHFACE_s16_session3_natural,26,163,31.433333333333334,1.1731458902359009,-0.6439615870255336
COHFACE_s16_session3_natural,26,164,31.466666666666665,1.438702940940857,-0.19546456054508174
COHFACE_s16_session3_natural,26,165,31.5,1.521101951599121,0.2554242825126568
COHFACE_s16_session3_natural,26,166,31.533333333333335,1.4983069896697998,0.6159331959111227
COHFACE_s16_session3_natural,26,167,31.566666666666666,1.3627344369888306,0.8185635449433587
COHFACE_s16_session3_natural,26,168,31.6,1.1228550672531128,0.8413608127752861
COHFACE_s16_session3_natural,26,169,31.633333333333333,0.8958070278167725,0.7119196015317982
COHFACE_s16_session3_natural,26,170,31.666666666666668,0.7486301064491272,0.4951996245026079
COHFACE_s16_session3_natural,26,171,31.7,0.6524980068206787,0.270417047240472
COHFACE_s16_session3_natural,26,172,31.733333333333334,0.5476292967796326,0.10541210715172684
COHFACE_s16_session3_natural,26,173,31.766666666666666,0.39031144976615906,0.037522691557365165
COHFACE_s16_session3_natural,26,174,31.8,0.19863849878311157,0.06764691416935155
COHFACE_s16_session3_natural,26,175,31.833333333333332,0.002102053491398692,0.1684878954774911
COHFACE_s16_session3_natural,26,176,31.866666666666667,-0.18042036890983582,0.3008090537819188
COHFACE_s16_session3_natural,26,177,31.9,-0.3456469774246216,0.42832106896540295
COHFACE_s16_session3_natural,26,178,31.933333333333334,-0.4776124656200409,0.5256064435279659
COHFACE_s16_session3_natural,26,179,31.966666666666665,-0.5920012593269348,0.5797727441463577
COHFACE_s16_session3_natural,26,180,32.0,-0.693203866481781,0.5893859108004739
COHFACE_s16_session3_natural,26,181,32.03333333333333,-0.789513349533081,0.5628786133203951
COHFACE_s16_session3_natural,26,182,32.06666666666667,-0.8932733535766602,0.5158343413420846
COHFACE_s16_session3_natural,26,183,32.1,-0.9735732078552246,0.4656581809926762
COHFACE_s16_session3_natural,26,184,32.13333333333333,-1.0503103733062744,0.42435483326496454
COHFACE_s16_session3_natural,26,185,32.166666666666664,-1.1290727853775024,0.3927188607793509
COHFACE_s16_session3_natural,26,186,32.2,-1.1884845495224,0.359144800271863
COHFACE_s16_session3_natural,26,187,32.233333333333334,-1.230497121810913,0.3038258578367758
COHFACE_s16_session3_natural,26,188,32.266666666666666,-1.2970932722091675,0.2064492685134814
COHFACE_s16_session3_natural,26,189,32.3,-1.3645912408828735,0.05420945224913052
COHFACE_s16_session3_natural,26,190,32.333333333333336,-1.3976750373840332,-0.15253153557832774
COHFACE_s16_session3_natural,26,191,32.36666666666667,-1.255391240119934,-0.3982329694744844
COHFACE_s16_session3_natural,26,192,32.4,-0.7153335809707642,-0.6540274054182734
COHFACE_s16_session3_natural,26,193,32.43333333333333,0.08243142813444138,-0.8830962927360738
COHFACE_s16_session3_natural,26,194,32.46666666666667,0.7318221926689148,-1.0487804575374302
COHFACE_s16_session3_natural,26,195,32.5,1.048128366470337,-1.1237474340764706
COHFACE_s16_session3_natural,26,196,32.53333333333333,1.1341490745544434,-1.0973236107083106
COHFACE_s16_session3_natural,26,197,32.56666666666667,1.1179176568984985,-0.9777998409688478
COHFACE_s16_session3_natural,26,198,32.6,1.00431227684021,-0.7882387452595873
COHFACE_s16_session3_natural,26,199,32.63333333333333,0.788100004196167,-0.5577222122738537
COHFACE_s16_session3_natural,26,200,32.666666666666664,0.5792199969291687,-0.3131004729913643
COHFACE_s16_session3_natural,26,201,32.7,0.4657033681869507,-0.07598715509735793
COHFACE_s16_session3_natural,26,202,32.733333333333334,0.40629157423973083,0.1348282985314524
COHFACE_s16_session3_natural,26,203,32.766666666666666,0.3434353768825531,0.3000385763566451
COHFACE_s16_session3_natural,26,204,32.8,0.2267552614212036,0.4003885244977384
COHFACE_s16_session3_natural,26,205,32.833333333333336,0.05325031280517578,0.42230670484853355
COHFACE_s16_session3_natural,26,206,32.86666666666667,-0.130750373005867,0.3652973644396873
COHFACE_s16_session3_natural,26,207,32.9,-0.29265087842941284,0.24611047859824317
COHFACE_s16_session3_natural,26,208,32.93333333333333,-0.4320816397666931,0.09691852847631954
COHFACE_s16_session3_natural,26,209,32.96666666666667,-0.5492052435874939,-0.042120443466800155
COHFACE_s16_session3_natural,26,210,33.0,-0.6541774272918701,-0.13415468537889444
COHFACE_s16_session3_natural,26,211,33.03333333333333,-0.7399616241455078,-0.15781048379222873
COHFACE_s16_session3_natural,26,212,33.06666666666667,-0.8097213506698608,-0.1149283064661117
COHFACE_s16_session3_natural,26,213,33.1,-0.8828811049461365,-0.028561404995493467
COHFACE_s16_session3_natural,26,214,33.13333333333333,-0.9537051916122437,0.06902217662963368
COHFACE_s16_session3_natural,26,215,33.166666666666664,-1.0174630880355835,0.15206003207253282
COHFACE_s16_session3_natural,26,216,33.2,-1.0847097635269165,0.21183507506468913
COHFACE_s16_session3_natural,26,217,33.233333333333334,-1.1520894765853882,0.25646831215011423
COHFACE_s16_session3_natural,26,218,33.266666666666666,-1.2139848470687866,0.30156659706933064
COHFACE_s16_session3_natural,26,219,33.3,-1.2840993404388428,0.3586989476194735
COHFACE_s16_session3_natural,26,220,33.333333333333336,-1.3341832160949707,0.4282481509145408
COHFACE_s16_session3_natural,26,221,33.36666666666667,-1.3000351190567017,0.4990296884884398
COHFACE_s16_session3_natural,26,222,33.4,-0.9799149632453918,0.5533018294795261
COHFACE_s16_session3_natural,26,223,33.43333333333333,-0.30465447902679443,0.5738687900419759
COHFACE_s16_session3_natural,26,224,33.46666666666667,0.3923957943916321,0.5497550788444336
COHFACE_s16_session3_natural,26,225,33.5,0.8082045316696167,0.4783507615243369
COHFACE_s16_session3_natural,26,226,33.53333333333333,0.9538736343383789,0.36434617032473254
COHFACE_s16_session3_natural,26,227,33.56666666666667,0.9507840275764465,0.21738584075749626
COHFACE_s16_session3_natural,26,228,33.6,0.8522866368293762,0.050011705068563075
COHFACE_s16_session3_natural,26,229,33.63333333333333,0.6457422971725464,-0.12384546107822517
COHFACE_s16_session3_natural,26,230,33.666666666666664,0.4304317831993103,-0.2902553303569487
COHFACE_s16_session3_natural,26,231,33.7,0.31194815039634705,-0.43674067648397025
COHFACE_s16_session3_natural,26,232,33.733333333333334,0.26644691824913025,-0.5533879229965182
COHFACE_s16_session3_natural,26,233,33.766666666666666,0.22629700601100922,-0.6330364293276588
COHFACE_s16_session3_natural,26,234,33.8,0.13885712623596191,-0.6705532930172555
COHFACE_s16_session3_natural,26,235,33.833333333333336,-0.004624090623110533,-0.662078810509044
COHFACE_s16_session3_natural,26,236,33.86666666666667,-0.17258551716804504,-0.6054610603467422
COHFACE_s16_session3_natural,26,237,33.9,-0.3300807774066925,-0.5022866212478126
COHFACE_s16_session3_natural,26,238,33.93333333333333,-0.46404191851615906,-0.3602869776529072
COHFACE_s16_session3_natural,26,239,33.96666666666667,-0.5783863663673401,-0.19403571147773782
COHFACE_s16_session3_natural,27,0,27.0,-0.8814619779586792,-0.05389051888266442
COHFACE_s16_session3_natural,27,1,27.033333333333335,-0.9580069780349731,-0.31129051879481595
COHFACE_s16_session3_natural,27,2,27.066666666666666,-1.0209814310073853,-0.5201892941486187
COHFACE_s16_session3_natural,27,3,27.1,-1.086350679397583,-0.6499717119153955
COHFACE_s16_session3_natural,27,4,27.133333333333333,-1.1539077758789062,-0.695510981972496
COHFACE_s16_session3_natural,27,5,27.166666666666668,-1.216660499572754,-0.6769433004687958
COHFACE_s16_session3_natural,27,6,27.2,-1.2580225467681885,-0.629249070832443
COHFACE_s16_session3_natural,27,7,27.233333333333334,-1.1576330661773682,-0.5871100911259902
COHFACE_s16_session3_natural,27,8,27.266666666666666,-0.6528765559196472,-0.572157135708168
COHFACE_s16_session3_natural,27,9,27.3,0.2067098766565323,-0.5871358045937648
COHFACE_s16_session3_natural,27,10,27.333333333333332,0.9789451360702515,-0.6173736756170864
COHFACE_s16_session3_natural,27,11,27.366666666666667,1.3735110759735107,-0.6370483067675767
COHFACE_s16_session3_natural,27,12,27.4,1.4535596370697021,-0.6174339702203422
COHFACE_s16_session3_natural,27,13,27.433333333333334,1.376186728477478,-0.5353395276657618
COHFACE_s16_session3_natural,27,14,27.466666666666665,1.188889503479004,-0.38051083182710044
COHFACE_s16_session3_natural,27,15,27.5,0.9135315418243408,-0.16046421620954435
COHFACE_s16_session3_natural,27,16,27.533333333333335,0.678811252117157,0.09917583458178071
COHFACE_s16_session3_natural,27,17,27.566666666666666,0.574607789516449,0.36008637466254306
COHFACE_s16_session3_natural,27,18,27.6,0.5498762726783752,0.5814610912917016
COHFACE_s16_session3_natural,27,19,27.633333333333333,0.49321404099464417,0.731460000096646
COHFACE_s16_session3_natural,27,20,27.666666666666668,0.369083434343338,0.7950662921988655
COHFACE_s16_session3_natural,27,21,27.7,0.19473586976528168,0.7750189022861111
COHFACE_s16_session3_natural,27,22,27.733333333333334,-0.008349339477717876,0.6863581208737728
COHFACE_s16_session3_natural,27,23,27.766666666666666,-0.19650398194789886,0.5485155128111027
COHFACE_s16_session3_natural,27,24,27.8,-0.34915050864219666,0.3792614344841983
COHFACE_s16_session3_natural,27,25,27.833333333333332,-0.47560200095176697,0.1926309807058744
COHFACE_s16_session3_natural,27,26,27.866666666666667,-0.5845359563827515,0.00023241711309925133
COHFACE_s16_session3_natural,27,27,27.9,-0.6759523749351501,-0.18616751645097598
COHFACE_s16_session3_natural,27,28,27.933333333333334,-0.7522756457328796,-0.3526795781068667
COHFACE_s16_session3_natural,27,29,27.966666666666665,-0.8312450051307678,-0.48301548560403795
COHFACE_s16_session3_natural,27,30,28.0,-0.910066545009613,-0.5605521863382138
COHFACE_s16_session3_natural,27,31,28.033333333333335,-0.9774166941642761,-0.5728372936372517
COHFACE_s16_session3_natural,27,32,28.066666666666666,-1.0489946603775024,-0.5172536224144284
COHFACE_s16_session3_natural,27,33,28.1,-1.1171727180480957,-0.4050873925684784
COHFACE_s16_session3_natural,27,34,28.133333333333333,-1.1760966777801514,-0.2610140428836605
COHFACE_s16_session3_natural,27,35,28.166666666666668,-1.2299649715423584,-0.11681128788258306
COHFACE_s16_session3_natural,27,36,28.2,-1.2799749374389648,-0.0013518766153150412
COHFACE_s16_session3_natural,27,37,28.233333333333334,-1.2187448740005493,0.06863571838768369
COHFACE_s16_session3_natural,27,38,28.266666666666666,-0.7448399662971497,0.09283840485975532
COHFACE_s16_session3_natural,27,39,28.3,0.16564343869686127,0.08512468024381696
COHFACE_s16_session3_natural,27,40,28.333333333333332,1.060693621635437,0.06650380810620507
COHFACE_s16_session3_natural,27,41,28.366666666666667,1.5923842191696167,0.056835493163884
COHFACE_s16_session3_natural,27,42,28.4,1.7761927843093872,0.06847380105977569
COHFACE_s16_session3_natural,27,43,28.433333333333334,1.7878711223602295,0.10345191826124828
COHFACE_s16_session3_natural,27,44,28.466666666666665,1.7130557298660278,0.15442243723171853
COHFACE_s16_session3_natural,27,45,28.5,1.5239845514297485,0.20852762623997434
COHFACE_s16_session3_natural,27,46,28.533333333333335,1.2485378980636597,0.25247976434855024
COHFACE_s16_session3_natural,27,47,28.566666666666666,1.0311429500579834,0.2768177291395895
COHFACE_s16_session3_natural,27,48,28.6,0.9053714871406555,0.2779579510019788
COHFACE_s16_session3_natural,27,49,28.633333333333333,0.8122106790542603,0.2578801333632904
COHFACE_s16_session3_natural,27,50,28.666666666666668,0.6961514353752136,0.2223301297297402
COHFACE_s16_session3_natural,27,51,28.7,0.5247752070426941,0.17872642774837674
COHFACE_s16_session3_natural,27,52,28.733333333333334,0.31237685680389404,0.13448086860632072
COHFACE_s16_session3_natural,27,53,28.766666666666666,0.09066541492938995,0.09579118676449888
COHFACE_s16_session3_natural,27,54,28.8,-0.11042411625385284,0.06672608764680775
COHFACE_s16_session3_natural,27,55,28.833333333333332,-0.27108287811279297,0.04855978767501176
COHFACE_s16_session3_natural,27,56,28.866666666666667,-0.4064779281616211,0.039508829121387534
COHFACE_s16_session3_natural,27,57,28.9,-0.5247693657875061,0.035166530237832595
COHFACE_s16_session3_natural,27,58,28.933333333333334,-0.6248189210891724,0.029925116073646844
COHFACE_s16_session3_natural,27,59,28.966666666666665,-0.7219858169555664,0.01926107916502544
COHFACE_s16_session3_natural,27,60,29.0,-0.8169353604316711,0.001984560446296642
COHFACE_s16_session3_natural,27,61,29.033333333333335,-0.9057499766349792,-0.01886644684710035
COHFACE_s16_session3_natural,27,62,29.066666666666666,-0.9887107014656067,-0.03726916503919972
COHFACE_s16_session3_natural,27,63,29.1,-1.057080864906311,-0.0471546895755228
COHFACE_s16_session3_natural,27,64,29.133333333333333,-1.1253327131271362,-0.045465273985995584
COHFACE_s16_session3_natural,27,65,29.166666666666668,-1.1938211917877197,-0.0334252688319702
COHFACE_s16_session3_natural,27,66,29.2,-1.2696417570114136,-0.014997893060722342
COHFACE_s16_session3_natural,27,67,29.233333333333334,-1.3011142015457153,0.006525621611440611
COHFACE_s16_session3_natural,27,68,29.266666666666666,-1.0996403694152832,0.03089859620683364
COHFACE_s16_session3_natural,27,69,29.3,-0.42369982600212097,0.05960325086604982
COHFACE_s16_session3_natural,27,70,29.333333333333332,0.5402674674987793,0.0913426248594958
COHFACE_s16_session3_natural,27,71,29.366666666666667,1.3365247249603271,0.11797319784888446
COHFACE_s16_session3_natural,27,72,29.4,1.7580100297927856,0.12455082448713857
COHFACE_s16_session3_natural,27,73,29.433333333333334,1.8990963697433472,0.09430922159711735
COHFACE_s16_session3_natural,27,74,29.466666666666665,1.9217140674591064,0.015986963672761867
COHFACE_s16_session3_natural,27,75,29.5,1.8676831722259521,-0.11052891037948041
COHFACE_s16_session3_natural,27,76,29.533333333333335,1.665839672088623,-0.272782736763349
COHFACE_s16_session3_natural,27,77,29.566666666666666,1.3786110877990723,-0.44828992627288855
COHFACE_s16_session3_natural,27,78,29.6,1.1427674293518066,-0.6090407975594431
COHFACE_s16_session3_natural,27,79,29.633333333333333,0.9906086921691895,-0.7263409617771491
COHFACE_s16_session3_natural,27,80,29.666666666666668,0.8761312365531921,-0.7759997472873997
COHFACE_s16_session3_natural,27,81,29.7,0.7285995483398438,-0.7443562311577032
COHFACE_s16_session3_natural,27,82,29.733333333333334,0.5284560918807983,-0.6337063583576721
COHFACE_s16_session3_natural,27,83,29.766666666666666,0.3060794174671173,-0.4635894841264712
COHFACE_s16_session3_natural,27,84,29.8,0.08803408592939377,-0.2650539180697421
COHFACE_s16_session3_natural,27,85,29.833333333333332,-0.10455537587404251,-0.0689955116965136
COHFACE_s16_session3_natural,27,86,29.866666666666667,-0.2742611765861511,0.10543176575529337
COHFACE_s16_session3_natural,27,87,29.9,-0.4172249734401703,0.2551433795928682
COHFACE_s16_session3_natural,27,88,29.933333333333334,-0.5333581566810608,0.3877362876601457
COHFACE_s16_session3_natural,27,89,29.966666666666665,-0.6388033628463745,0.5105625601021726
COHFACE_s16_session3_natural,27,90,30.0,-0.7424303293228149,0.6215410943450377
COHFACE_s16_session3_natural,27,91,30.033333333333335,-0.8389172554016113,0.70711841668399
COHFACE_s16_session3_natural,27,92,30.066666666666666,-0.9300528168678284,0.747888717358974
COHFACE_s16_session3_natural,27,93,30.1,-1.0106925964355469,0.7278737397185496
COHFACE_s16_session3_natural,27,94,30.133333333333333,-1.079905390739441,0.6420674507471414
COHFACE_s16_session3_natural,27,95,30.166666666666668,-1.1508034467697144,0.49872140999172115
COHFACE_s16_session3_natural,27,96,30.2,-1.2194396257400513,0.31627078125111047
COHFACE_s16_session3_natural,27,97,30.233333333333334,-1.2877358198165894,0.11752888122691726
COHFACE_s16_session3_natural,27,98,30.266666666666666,-1.3015576601028442,-0.07564559352590844
COHFACE_s16_session3_natural,27,99,30.3,-1.0402284860610962,-0.24526290825695604
COHFACE_s16_session3_natural,27,100,30.333333333333332,-0.3155789077281952,-0.3776181889799882
COHFACE_s16_session3_natural,27,101,30.366666666666667,0.6206855773925781,-0.4626054421303134
COHFACE_s16_session3_natural,27,102,30.4,1.330227255821228,-0.49375829209049005
COHFACE_s16_session3_natural,27,103,30.433333333333334,1.6816867589950562,-0.4698877283214304
COHFACE_s16_session3_natural,27,104,30.466666666666665,1.8033782243728638,-0.39731589832014086
COHFACE_s16_session3_natural,27,105,30.5,1.8197870254516602,-0.29044946222121976
COHFACE_s16_session3_natural,27,106,30.533333333333335,1.732361912727356,-0.16902624119979626
COHFACE_s16_session3_natural,27,107,30.566666666666666,1.5080339908599854,-0.05247638844974874
COHFACE_s16_session3_natural,27,108,30.6,1.2305768728256226,0.046005643618769375
COHFACE_s16_session3_natural,27,109,30.633333333333333,1.0297682285308838,0.12263152316472697
COHFACE_s16_session3_natural,27,110,30.666666666666668,0.9021488428115845,0.18216435624347302
COHFACE_s16_session3_natural,27,111,30.7,0.7936583161354065,0.2340324031478804
COHFACE_s16_session3_natural,27,112,30.733333333333334,0.6395335793495178,0.28732675839097777
COHFACE_s16_session3_natural,27,113,30.766666666666666,0.4395379424095154,0.34647247667103825
COHFACE_s16_session3_natural,27,114,30.8,0.23012572526931763,0.4090642388913398
COHFACE_s16_session3_natural,27,115,30.833333333333332,0.030410990118980408,0.466628502043358
COHFACE_s16_session3_natural,27,116,30.866666666666667,-0.15101750195026398,0.5076834493984473
COHFACE_s16_session3_natural,27,117,30.9,-0.3118093013763428,0.5214121206803233
COHFACE_s16_session3_natural,27,118,30.933333333333334,-0.45205309987068176,0.5004628777886028
COHFACE_s16_session3_natural,27,119,30.966666666666665,-0.5655253529548645,0.442388769663992
COHFACE_s16_session3_natural,27,120,31.0,-0.6743558645248413,0.3499903020588391
COHFACE_s16_session3_natural,27,121,31.033333333333335,-0.7892916202545166,0.2307154380127666
COHFACE_s16_session3_natural,27,122,31.066666666666666,-0.877174973487854,0.09461170615086027
COHFACE_s16_session3_natural,27,123,31.1,-0.9534834623336792,-0.04952705821134293
COHFACE_s16_session3_natural,27,124,31.133333333333333,-1.037951946258545,-0.19854522530430338
COHFACE_s16_session3_natural,27,125,31.166666666666668,-1.1125900745391846,-0.3568948197227466
COHFACE_s16_session3_natural,27,126,31.2,-1.1779297590255737,-0.5334619588159561
COHFACE_s16_session3_natural,27,127,31.233333333333334,-1.252227783203125,-0.7331571811471569
COHFACE_s16_session3_natural,27,128,31.266666666666666,-1.3189865350723267,-0.9469864376870033
COHFACE_s16_session3_natural,27,129,31.3,-1.3011289834976196,-1.1466095888935381
COHFACE_s16_session3_natural,27,130,31.333333333333332,-0.9913716316223145,-1.288103279622872
COHFACE_s16_session3_natural,27,131,31.366666666666667,-0.26380977034568787,-1.3252748855616368
COHFACE_s16_session3_natural,27,132,31.4,0.5826939344406128,-1.2276974290670988
COHFACE_s16_session3_natural,27,133,31.433333333333334,1.1731458902359009,-0.9953108595087115
COHFACE_s16_session3_natural,27,134,31.466666666666665,1.438702940940857,-0.6620081219770595
COHFACE_s16_session3_natural,27,135,31.5,1.521101951599121,-0.28563813916459785
COHFACE_s16_session3_natural,27,136,31.533333333333335,1.4983069896697998,0.07085730164501357
COHFACE_s16_session3_natural,27,137,31.566666666666666,1.3627344369888306,0.35804741713719984
COHFACE_s16_session3_natural,27,138,31.6,1.1228550672531128,0.5510004017045382
COHFACE_s16_session3_natural,27,139,31.633333333333333,0.8958070278167725,0.6505327655518365
COHFACE_s16_session3_natural,27,140,31.666666666666668,0.7486301064491272,0.6768150349099928
COHFACE_s16_session3_natural,27,141,31.7,0.6524980068206787,0.6591673634580432
COHFACE_s16_session3_natural,27,142,31.733333333333334,0.5476292967796326,0.6258064277879044
COHFACE_s16_session3_natural,27,143,31.766666666666666,0.39031144976615906,0.596468774524341
COHFACE_s16_session3_natural,27,144,31.8,0.19863849878311157,0.5797759827666559
COHFACE_s16_session3_natural,27,145,31.833333333333332,0.002102053491398692,0.5754385535459975
COHFACE_s16_session3_natural,27,146,31.866666666666667,-0.18042036890983582,0.5789794839062887
COHFACE_s16_session3_natural,27,147,31.9,-0.3456469774246216,0.5855675134727112
COHFACE_s16_session3_natural,27,148,31.933333333333334,-0.4776124656200409,0.5911262581380853
COHFACE_s16_session3_natural,27,149,31.966666666666665,-0.5920012593269348,0.5914870972864144
COHFACE_s16_session3_natural,27,150,32.0,-0.693203866481781,0.5816154011606863
COHFACE_s16_session3_natural,27,151,32.03333333333333,-0.789513349533081,0.5563023551627168
COHFACE_s16_session3_natural,27,152,32.06666666666667,-0.8932733535766602,0.5120769781717703
COHFACE_s16_session3_natural,27,153,32.1,-0.9735732078552246,0.4488944452728348
COHFACE_s16_session3_natural,27,154,32.13333333333333,-1.0503103733062744,0.37030248358840545
COHFACE_s16_session3_natural,27,155,32.166666666666664,-1.1290727853775024,0.2818092232132894
COHFACE_s16_session3_natural,27,156,32.2,-1.1884845495224,0.1881368340323668
COHFACE_s16_session3_natural,27,157,32.233333333333334,-1.230497121810913,0.09059738800973541
COHFACE_s16_session3_natural,27,158,32.266666666666666,-1.2970932722091675,-0.014032347358764434
COHFACE_s16_session3_natural,27,159,32.3,-1.3645912408828735,-0.1320707645432917
COHFACE_s16_session3_natural,27,160,32.333333333333336,-1.3976750373840332,-0.2687150894085768
COHFACE_s16_session3_natural,27,161,32.36666666666667,-1.255391240119934,-0.422327673660279
COHFACE_s16_session3_natural,27,162,32.4,-0.7153335809707642,-0.5801364859312124
COHFACE_s16_session3_natural,27,163,32.43333333333333,0.08243142813444138,-0.7186345237313366
COHFACE_s16_session3_natural,27,164,32.46666666666667,0.7318221926689148,-0.8101083431905122
COHFACE_s16_session3_natural,27,165,32.5,1.048128366470337,-0.8333697376901358
COHFACE_s16_session3_natural,27,166,32.53333333333333,1.1341490745544434,-0.7837611053287209
COHFACE_s16_session3_natural,27,167,32.56666666666667,1.1179176568984985,-0.6768335068587575
COHFACE_s16_session3_natural,27,168,32.6,1.00431227684021,-0.5427581720093015
COHFACE_s16_session3_natural,27,169,32.63333333333333,0.788100004196167,-0.4137024507934518
COHFACE_s16_session3_natural,27,170,32.666666666666664,0.5792199969291687,-0.3112574654611493
COHFACE_s16_session3_natural,27,171,32.7,0.4657033681869507,-0.24134252813142107
COHFACE_s16_session3_natural,27,172,32.733333333333334,0.40629157423973083,-0.1984817778633969
COHFACE_s16_session3_natural,27,173,32.766666666666666,0.3434353768825531,-0.17468041106154342
COHFACE_s16_session3_natural,27,174,32.8,0.2267552614212036,-0.16590029357362415
COHFACE_s16_session3_natural,27,175,32.833333333333336,0.05325031280517578,-0.17222487823101723
COHFACE_s16_session3_natural,27,176,32.86666666666667,-0.130750373005867,-0.19319628227972743
COHFACE_s16_session3_natural,27,177,32.9,-0.29265087842941284,-0.22288971748866387
COHFACE_s16_session3_natural,27,178,32.93333333333333,-0.4320816397666931,-0.24792721074725632
COHFACE_s16_session3_natural,27,179,32.96666666666667,-0.5492052435874939,-0.2491743025681095
COHFACE_s16_session3_natural,27,180,33.0,-0.6541774272918701,-0.20742871453274198
COHFACE_s16_session3_natural,27,181,33.03333333333333,-0.7399616241455078,-0.11241777865446559
COHFACE_s16_session3_natural,27,182,33.06666666666667,-0.8097213506698608,0.029231042921949054
COHFACE_s16_session3_natural,27,183,33.1,-0.8828811049461365,0.1933370299711293
COHFACE_s16_session3_natural,27,184,33.13333333333333,-0.9537051916122437,0.3472432923473597
COHFACE_s16_session3_natural,27,185,33.166666666666664,-1.0174630880355835,0.46417588334933774
COHFACE_s16_session3_natural,27,186,33.2,-1.0847097635269165,0.5343390495450319
COHFACE_s16_session3_natural,27,187,33.233333333333334,-1.1520894765853882,0.5662056774673785
COHFACE_s16_session3_natural,27,188,33.266666666666666,-1.2139848470687866,0.5784239832082847
COHFACE_s16_session3_natural,27,189,33.3,-1.2840993404388428,0.588681566101018
COHFACE_s16_session3_natural,27,190,33.333333333333336,-1.3341832160949707,0.6059262833676538
COHFACE_s16_session3_natural,27,191,33.36666666666667,-1.3000351190567017,0.6284154060211743
COHFACE_s16_session3_natural,27,192,33.4,-0.9799149632453918,0.6464886553981953
COHFACE_s16_session3_natural,27,193,33.43333333333333,-0.30465447902679443,0.6474410951953128
COHFACE_s16_session3_natural,27,194,33.46666666666667,0.3923957943916321,0.6201189176423803
COHFACE_s16_session3_natural,27,195,33.5,0.8082045316696167,0.5580731206272244
COHFACE_s16_session3_natural,27,196,33.53333333333333,0.9538736343383789,0.4612843313817932
COHFACE_s16_session3_natural,27,197,33.56666666666667,0.9507840275764465,0.3367304380210409
COHFACE_s16_session3_natural,27,198,33.6,0.8522866368293762,0.1974171803029985
COHFACE_s16_session3_natural,27,199,33.63333333333333,0.6457422971725464,0.05923935406472138
COHFACE_s16_session3_natural,27,200,33.666666666666664,0.4304317831993103,-0.06383586304724284
COHFACE_s16_session3_natural,27,201,33.7,0.31194815039634705,-0.16412389700518842
COHFACE_s16_session3_natural,27,202,33.733333333333334,0.26644691824913025,-0.24144715797780833
COHFACE_s16_session3_natural,27,203,33.766666666666666,0.22629700601100922,-0.3001763377865672
COHFACE_s16_session3_natural,27,204,33.8,0.13885712623596191,-0.3441434460599736
COHFACE_s16_session3_natural,27,205,33.833333333333336,-0.004624090623110533,-0.37333449761969073
COHFACE_s16_session3_natural,27,206,33.86666666666667,-0.17258551716804504,-0.3848563031506587
COHFACE_s16_session3_natural,27,207,33.9,-0.3300807774066925,-0.377285022880933
COHFACE_s16_session3_natural,27,208,33.93333333333333,-0.46404191851615906,-0.3548712129641365
COHFACE_s16_session3_natural,27,209,33.96666666666667,-0.5783863663673401,-0.3279412264882737
COHFACE_s16_session3_natural,27,210,34.0,-0.6743558645248413,-0.30836794895486624
COHFACE_s16_session3_natural,27,211,34.03333333333333,-0.7641462087631226,-0.3027506094183176
COHFACE_s16_session3_natural,27,212,34.06666666666667,-0.8378824591636658,-0.30844410899266156
COHFACE_s16_session3_natural,27,213,34.1,-0.9101552367210388,-0.3162195503979315
COHFACE_s16_session3_natural,27,214,34.13333333333333,-0.9830045700073242,-0.31817365989735286
COHFACE_s16_session3_natural,27,215,34.166666666666664,-1.0481373071670532,-0.31499625206333964
COHFACE_s16_session3_natural,27,216,34.2,-1.111939549446106,-0.3170146056177953
COHFACE_s16_session3_natural,27,217,34.233333333333334,-1.1670200824737549,-0.3378062223324845
COHFACE_s16_session3_natural,27,218,34.266666666666666,-1.2204447984695435,-0.3840894760943193
COHFACE_s16_session3_natural,27,219,34.3,-1.2803740501403809,-0.447962173569789
COHFACE_s16_session3_natural,27,220,34.333333333333336,-1.3392832279205322,-0.5061209028037713
COHFACE_s16_session3_natural,27,221,34.36666666666667,-1.3143595457077026,-0.5268234216383736
COHFACE_s16_session3_natural,27,222,34.4,-0.9913567900657654,-0.48155242377519236
COHFACE_s16_session3_natural,27,223,34.43333333333333,-0.28882214426994324,-0.3564392536374829
COHFACE_s16_session3_natural,27,224,34.46666666666667,0.47745564579963684,-0.15903350653610995
COHFACE_s16_session3_natural,27,225,34.5,0.9718494415283203,0.08199849442285703
COHFACE_s16_session3_natural,27,226,34.53333333333333,1.1712241172790527,0.32437990919327425
COHFACE_s16_session3_natural,27,227,34.56666666666667,1.2066435813903809,0.5247055770329291
COHFACE_s16_session3_natural,27,228,34.6,1.1717711687088013,0.6514962239873109
COHFACE_s16_session3_natural,27,229,34.63333333333333,1.04345703125,0.6937680030369018
COHFACE_s16_session3_natural,27,230,34.666666666666664,0.8327438831329346,0.6618906796991485
COHFACE_s16_session3_natural,27,231,34.7,0.6505023241043091,0.5809803469798052
COHFACE_s16_session3_natural,27,232,34.733333333333334,0.548309326171875,0.4803425152247941
COHFACE_s16_session3_natural,27,233,34.766666666666666,0.4751643240451813,0.3838412860855227
COHFACE_s16_session3_natural,27,234,34.8,0.38224005699157715,0.30484903381366346
COHFACE_s16_session3_natural,27,235,34.833333333333336,0.24298670887947083,0.2465563426789165
COHFACE_s16_session3_natural,27,236,34.86666666666667,0.07280787080526352,0.20567436744007547
COHFACE_s16_session3_natural,27,237,34.9,-0.10323970764875412,0.17656463576044443
COHFACE_s16_session3_natural,27,238,34.93333333333333,-0.26385411620140076,0.15393795383949757
COHFACE_s16_session3_natural,27,239,34.96666666666667,-0.39901265501976013,0.13392993904043324
COHFACE_s16_session3_natural,28,0,28.0,-0.910066545009613,-0.023617818677816777
COHFACE_s16_session3_natural,28,1,28.033333333333335,-0.9774166941642761,-0.2775953335055316
COHFACE_s16_session3_natural,28,2,28.066666666666666,-1.0489946603775024,-0.4889763992194155
COHFACE_s16_session3_natural,28,3,28.1,-1.1171727180480957,-0.6295414757834825
COHFACE_s16_session3_natural,28,4,28.133333333333333,-1.1760966777801514,-0.6939435383570959
COHFACE_s16_session3_natural,28,5,28.166666666666668,-1.2299649715423584,-0.6988583471870301
COHFACE_s16_session3_natural,28,6,28.2,-1.2799749374389648,-0.6731111715262524
COHFACE_s16_session3_natural,28,7,28.233333333333334,-1.2187448740005493,-0.6442343736493139
COHFACE_s16_session3_natural,28,8,28.266666666666666,-0.7448399662971497,-0.6280223046823422
COHFACE_s16_session3_natural,28,9,28.3,0.16564343869686127,-0.6249076690710988
COHFACE_s16_session3_natural,28,10,28.333333333333332,1.060693621635437,-0.6230361439917739
COHFACE_s16_session3_natural,28,11,28.366666666666667,1.5923842191696167,-0.6052243488943315
COHFACE_s16_session3_natural,28,12,28.4,1.7761927843093872,-0.5565597024547345
COHFACE_s16_session3_natural,28,13,28.433333333333334,1.7878711223602295,-0.4701752092683114
COHFACE_s16_session3_natural,28,14,28.466666666666665,1.7130557298660278,-0.3494676995404182
COHFACE_s16_session3_natural,28,15,28.5,1.5239845514297485,-0.2061603014113627
COHFACE_s16_session3_natural,28,16,28.533333333333335,1.2485378980636597,-0.05553902602904962
COHFACE_s16_session3_natural,28,17,28.566666666666666,1.0311429500579834,0.08845859630043951
COHFACE_s16_session3_natural,28,18,28.6,0.9053714871406555,0.2161430077516177
COHFACE_s16_session3_natural,28,19,28.633333333333333,0.8122106790542603,0.32248985167690664
COHFACE_s16_session3_natural,28,20,28.666666666666668,0.6961514353752136,0.40597901669401026
COHFACE_s16_session3_natural,28,21,28.7,0.5247752070426941,0.4670187126546533
COHFACE_s16_session3_natural,28,22,28.733333333333334,0.31237685680389404,0.5064622297287306
COHFACE_s16_session3_natural,28,23,28.766666666666666,0.09066541492938995,0.5242593357748775
COHFACE_s16_session3_natural,28,24,28.8,-0.11042411625385284,0.5186714407451247
COHFACE_s16_session3_natural,28,25,28.833333333333332,-0.27108287811279297,0.4868124586539617
COHFACE_s16_session3_natural,28,26,28.866666666666667,-0.4064779281616211,0.42662583647188246
COHFACE_s16_session3_natural,28,27,28.9,-0.5247693657875061,0.33938715806762937
COHFACE_s16_session3_natural,28,28,28.933333333333334,-0.6248189210891724,0.23145013272926446
COHFACE_s16_session3_natural,28,29,28.966666666666665,-0.7219858169555664,0.11433901835204187
COHFACE_s16_session3_natural,28,30,29.0,-0.8169353604316711,0.0030005606821473744
COHFACE_s16_session3_natural,28,31,29.033333333333335,-0.9057499766349792,-0.08733378967232767
COHFACE_s16_session3_natural,28,32,29.066666666666666,-0.9887107014656067,-0.14483774951247202
COHFACE_s16_session3_natural,28,33,29.1,-1.057080864906311,-0.1642436570131186
COHFACE_s16_session3_natural,28,34,29.133333333333333,-1.1253327131271362,-0.14821684220644
COHFACE_s16_session3_natural,28,35,29.166666666666668,-1.1938211917877197,-0.10599750651601789
COHFACE_s16_session3_natural,28,36,29.2,-1.2696417570114136,-0.049391150717000544
COHFACE_s16_session3_natural,28,37,29.233333333333334,-1.3011142015457153,0.012233750868087246
COHFACE_s16_session3_natural,28,38,29.266666666666666,-1.0996403694152832,0.07505653887955571
COHFACE_s16_session3_natural,28,39,29.3,-0.42369982600212097,0.13973185777943453
COHFACE_s16_session3_natural,28,40,29.333333333333332,0.5402674674987793,0.20659186903382423
COHFACE_s16_session3_natural,28,41,29.366666666666667,1.3365247249603271,0.27039948371809563
COHFACE_s16_session3_natural,28,42,29.4,1.7580100297927856,0.3184468965769744
COHFACE_s16_session3_natural,28,43,29.433333333333334,1.8990963697433472,0.3336539772757799
COHFACE_s16_session3_natural,28,44,29.466666666666665,1.9217140674591064,0.3010141485820765
COHFACE_s16_session3_natural,28,45,29.5,1.8676831722259521,0.2137475800873051
COHFACE_s16_session3_natural,28,46,29.533333333333335,1.665839672088623,0.07629658625850366
COHFACE_s16_session3_natural,28,47,29.566666666666666,1.3786110877990723,-0.09639239180729187
COHFACE_s16_session3_natural,28,48,29.6,1.1427674293518066,-0.2821217808549051
COHFACE_s16_session3_natural,28,49,29.633333333333333,0.9906086921691895,-0.45579873352659345
COHFACE_s16_session3_natural,28,50,29.666666666666668,0.8761312365531921,-0.5941978636683772
COHFACE_s16_session3_natural,28,51,29.7,0.7285995483398438,-0.6806659846938429
COHFACE_s16_session3_natural,28,52,29.733333333333334,0.5284560918807983,-0.7083584480555456
COHFACE_s16_session3_natural,28,53,29.766666666666666,0.3060794174671173,-0.6800651357036036
COHFACE_s16_session3_natural,28,54,29.8,0.08803408592939377,-0.60414490714881
COHFACE_s16_session3_natural,28,55,29.833333333333332,-0.10455537587404251,-0.48878832497042407
COHFACE_s16_session3_natural,28,56,29.866666666666667,-0.2742611765861511,-0.3386185707159732
COHFACE_s16_session3_natural,28,57,29.9,-0.4172249734401703,-0.15651185210835056
COHFACE_s16_session3_natural,28,58,29.933333333333334,-0.5333581566810608,0.05046472190410936
COHFACE_s16_session3_natural,28,59,29.966666666666665,-0.6388033628463745,0.2656531612105435
COHFACE_s16_session3_natural,28,60,30.0,-0.7424303293228149,0.46254495136288154
COHFACE_s16_session3_natural,28,61,30.033333333333335,-0.8389172554016113,0.6108579551723663
COHFACE_s16_session3_natural,28,62,30.066666666666666,-0.9300528168678284,0.6859627240467124
COHFACE_s16_session3_natural,28,63,30.1,-1.0106925964355469,0.6766384292022231
COHFACE_s16_session3_natural,28,64,30.133333333333333,-1.079905390739441,0.587580231975848
COHFACE_s16_session3_natural,28,65,30.166666666666668,-1.1508034467697144,0.43637376657021193
COHFACE_s16_session3_natural,28,66,30.2,-1.2194396257400513,0.24725608619369518
COHFACE_s16_session3_natural,28,67,30.233333333333334,-1.2877358198165894,0.044738290793310015
COHFACE_s16_session3_natural,28,68,30.266666666666666,-1.3015576601028442,-0.1507104978998792
COHFACE_s16_session3_natural,28,69,30.3,-1.0402284860610962,-0.3241729145936122
COHFACE_s16_session3_natural,28,70,30.333333333333332,-0.3155789077281952,-0.4653422880749776
COHFACE_s16_session3_natural,28,71,30.366666666666667,0.6206855773925781,-0.5662378029838058
COHFACE_s16_session3_natural,28,72,30.4,1.330227255821228,-0.6192495175581294
COHFACE_s16_session3_natural,28,73,30.433333333333334,1.6816867589950562,-0.6170610455822784
COHFACE_s16_session3_natural,28,74,30.466666666666665,1.8033782243728638,-0.5548214012291494
COHFACE_s16_session3_natural,28,75,30.5,1.8197870254516602,-0.4333213781492359
COHFACE_s16_session3_natural,28,76,30.533333333333335,1.732361912727356,-0.26100017549190635
COHFACE_s16_session3_natural,28,77,30.566666666666666,1.5080339908599854,-0.05332694110216259
COHFACE_s16_session3_natural,28,78,30.6,1.2305768728256226,0.16984306285878945
COHFACE_s16_session3_natural,28,79,30.633333333333333,1.0297682285308838,0.3871485670237595
COHFACE_s16_session3_natural,28,80,30.666666666666668,0.9021488428115845,0.5780713782049651
COHFACE_s16_session3_natural,28,81,30.7,0.7936583161354065,0.7253260212527256
COHFACE_s16_session3_natural,28,82,30.733333333333334,0.6395335793495178,0.8174789989596146
COHFACE_s16_session3_natural,28,83,30.766666666666666,0.4395379424095154,0.8508350642253024
COHFACE_s16_session3_natural,28,84,30.8,0.23012572526931763,0.8294831682376698
COHFACE_s16_session3_natural,28,85,30.833333333333332,0.030410990118980408,0.7633325177661345
COHFACE_s16_session3_natural,28,86,30.866666666666667,-0.15101750195026398,0.6650381882925652
COHFACE_s16_session3_natural,28,87,30.9,-0.3118093013763428,0.5470392481864419
COHFACE_s16_session3_natural,28,88,30.933333333333334,-0.45205309987068176,0.4193686775928194
COHFACE_s16_session3_natural,28,89,30.966666666666665,-0.5655253529548645,0.28838892631701474
COHFACE_s16_session3_natural,28,90,31.0,-0.6743558645248413,0.15677073035669134
COHFACE_s16_session3_natural,28,91,31.033333333333335,-0.7892916202545166,0.024895889416104267
COHFACE_s16_session3_natural,28,92,31.066666666666666,-0.877174973487854,-0.10725275537797185
COHFACE_s16_session3_natural,28,93,31.1,-0.9534834623336792,-0.23938860607340415
COHFACE_s16_session3_natural,28,94,31.133333333333333,-1.037951946258545,-0.37206245011467837
COHFACE_s16_session3_natural,28,95,31.166666666666668,-1.1125900745391846,-0.5082156251146321
COHFACE_s16_session3_natural,28,96,31.2,-1.1779297590255737,-0.6524234352283748
COHFACE_s16_session3_natural,28,97,31.233333333333334,-1.252227783203125,-0.8062778838629984
COHFACE_s16_session3_natural,28,98,31.266666666666666,-1.3189865350723267,-0.9617960075131045
COHFACE_s16_session3_natural,28,99,31.3,-1.3011289834976196,-1.0974619223995874
COHFACE_s16_session3_natural,28,100,31.333333333333332,-0.9913716316223145,-1.1808347155025218
COHFACE_s16_session3_natural,28,101,31.366666666666667,-0.26380977034568787,-1.17820812208358
COHFACE_s16_session3_natural,28,102,31.4,0.5826939344406128,-1.067948346890945
COHFACE_s16_session3_natural,28,103,31.433333333333334,1.1731458902359009,-0.8517545153522181
COHFACE_s16_session3_natural,28,104,31.466666666666665,1.438702940940857,-0.5583016548183206
COHFACE_s16_session3_natural,28,105,31.5,1.521101951599121,-0.23682083497855905
COHFACE_s16_session3_natural,28,106,31.533333333333335,1.4983069896697998,0.05707976927475498
COHFACE_s16_session3_natural,28,107,31.566666666666666,1.3627344369888306,0.2775706462035395
COHFACE_s16_session3_natural,28,108,31.6,1.1228550672531128,0.40085667111060796
COHFACE_s16_session3_natural,28,109,31.633333333333333,0.8958070278167725,0.43002220161885185
COHFACE_s16_session3_natural,28,110,31.666666666666668,0.7486301064491272,0.39173884190529
COHFACE_s16_session3_natural,28,111,31.7,0.6524980068206787,0.3263740600176335
COHFACE_s16_session3_natural,28,112,31.733333333333334,0.5476292967796326,0.27470510355669775
COHFACE_s16_session3_natural,28,113,31.766666666666666,0.39031144976615906,0.2656325305825041
COHFACE_s16_session3_natural,28,114,31.8,0.19863849878311157,0.3095104165095725
COHFACE_s16_session3_natural,28,115,31.833333333333332,0.002102053491398692,0.39943737388307016
COHFACE_s16_session3_natural,28,116,31.866666666666667,-0.18042036890983582,0.518238841080339
COHFACE_s16_session3_natural,28,117,31.9,-0.3456469774246216,0.6458639118166376
COHFACE_s16_session3_natural,28,118,31.933333333333334,-0.4776124656200409,0.7635339870422133
COHFACE_s16_session3_natural,28,119,31.966666666666665,-0.5920012593269348,0.8548924051126459
COHFACE_s16_session3_natural,28,120,32.0,-0.693203866481781,0.9066364401566893
COHFACE_s16_session3_natural,28,121,32.03333333333333,-0.789513349533081,0.910340782024533
COHFACE_s16_session3_natural,28,122,32.06666666666667,-0.8932733535766602,0.8646776319481081
COHFACE_s16_session3_natural,28,123,32.1,-0.9735732078552246,0.775760740488134
COHFACE_s16_session3_natural,28,124,32.13333333333333,-1.0503103733062744,0.6545349015092953
COHFACE_s16_session3_natural,28,125,32.166666666666664,-1.1290727853775024,0.5124148780256331
COHFACE_s16_session3_natural,28,126,32.2,-1.1884845495224,0.3574118084653506
COHFACE_s16_session3_natural,28,127,32.233333333333334,-1.230497121810913,0.19244005881586707
COHFACE_s16_session3_natural,28,128,32.266666666666666,-1.2970932722091675,0.016276775461771767
COHFACE_s16_session3_natural,28,129,32.3,-1.3645912408828735,-0.17336473749562314
COHFACE_s16_session3_natural,28,130,32.333333333333336,-1.3976750373840332,-0.37565215169603583
COHFACE_s16_session3_natural,28,131,32.36666666666667,-1.255391240119934,-0.5827377776743973
COHFACE_s16_session3_natural,28,132,32.4,-0.7153335809707642,-0.7780844413641428
COHFACE_s16_session3_natural,28,133,32.43333333333333,0.08243142813444138,-0.9386955224460997
COHFACE_s16_session3_natural,28,134,32.46666666666667,0.7318221926689148,-1.0412170782851404
COHFACE_s16_session3_natural,28,135,32.5,1.048128366470337,-1.0696960050856796
COHFACE_s16_session3_natural,28,136,32.53333333333333,1.1341490745544434,-1.0215943668434484
COHFACE_s16_session3_natural,28,137,32.56666666666667,1.1179176568984985,-0.9090421433911814
COHFACE_s16_session3_natural,28,138,32.6,1.00431227684021,-0.7541958449605556
COHFACE_s16_session3_natural,28,139,32.63333333333333,0.788100004196167,-0.5806984255738737
COHFACE_s16_session3_natural,28,140,32.666666666666664,0.5792199969291687,-0.4061940970706105
COHFACE_s16_session3_natural,28,141,32.7,0.4657033681869507,-0.2405977041413743
COHFACE_s16_session3_natural,28,142,32.733333333333334,0.40629157423973083,-0.09034077752803411
COHFACE_s16_session3_natural,28,143,32.766666666666666,0.3434353768825531,0.035927528250835956
COHFACE_s16_session3_natural,28,144,32.8,0.2267552614212036,0.1253878711185999
COHFACE_s16_session3_natural,28,145,32.833333333333336,0.05325031280517578,0.16473345421784025
COHFACE_s16_session3_natural,28,146,32.86666666666667,-0.130750373005867,0.14706164480105535
COHFACE_s16_session3_natural,28,147,32.9,-0.29265087842941284,0.07759560620720066
COHFACE_s16_session3_natural,28,148,32.93333333333333,-0.4320816397666931,-0.02460471172976359
COHFACE_s16_session3_natural,28,149,32.96666666666667,-0.5492052435874939,-0.1295106816897252
COHFACE_s16_session3_natural,28,150,33.0,-0.6541774272918701,-0.2034819900232271
COHFACE_s16_session3_natural,28,151,33.03333333333333,-0.7399616241455078,-0.21992535219737477
COHFACE_s16_session3_natural,28,152,33.06666666666667,-0.8097213506698608,-0.16897084461592113
COHFACE_s16_session3_natural,28,153,33.1,-0.8828811049461365,-0.06038640395849277
COHFACE_s16_session3_natural,28,154,33.13333333333333,-0.9537051916122437,0.0826112387546491
COHFACE_s16_session3_natural,28,155,33.166666666666664,-1.0174630880355835,0.23503504459783311
COHFACE_s16_session3_natural,28,156,33.2,-1.0847097635269165,0.38003733138665957
COHFACE_s16_session3_natural,28,157,33.233333333333334,-1.1520894765853882,0.5113636526291507
COHFACE_s16_session3_natural,28,158,33.266666666666666,-1.2139848470687866,0.6285324470783139
COHFACE_s16_session3_natural,28,159,33.3,-1.2840993404388428,0.7299077538798671
COHFACE_s16_session3_natural,28,160,33.333333333333336,-1.3341832160949707,0.8087748492074662
COHFACE_s16_session3_natural,28,161,33.36666666666667,-1.3000351190567017,0.8541191274590171
COHFACE_s16_session3_natural,28,162,33.4,-0.9799149632453918,0.8548049208447588
COHFACE_s16_session3_natural,28,163,33.43333333333333,-0.30465447902679443,0.8045661576290738
COHFACE_s16_session3_natural,28,164,33.46666666666667,0.3923957943916321,0.7053372045086154
COHFACE_s16_session3_natural,28,165,33.5,0.8082045316696167,0.5675176473229729
COHFACE_s16_session3_natural,28,166,33.53333333333333,0.9538736343383789,0.4072222271510357
COHFACE_s16_session3_natural,28,167,33.56666666666667,0.9507840275764465,0.2417313866185344
COHFACE_s16_session3_natural,28,168,33.6,0.8522866368293762,0.08481717933476471
COHFACE_s16_session3_natural,28,169,33.63333333333333,0.6457422971725464,-0.05647690081459894
COHFACE_s16_session3_natural,28,170,33.666666666666664,0.4304317831993103,-0.1824005826182268
COHFACE_s16_session3_natural,28,171,33.7,0.31194815039634705,-0.2978991514478442
COHFACE_s16_session3_natural,28,172,33.733333333333334,0.26644691824913025,-0.407459733850206
COHFACE_s16_session3_natural,28,173,33.766666666666666,0.22629700601100922,-0.5093829313380818
COHFACE_s16_session3_natural,28,174,33.8,0.13885712623596191,-0.5924714701861294
COHFACE_s16_session3_natural,28,175,33.833333333333336,-0.004624090623110533,-0.6376873166414688
COHFACE_s16_session3_natural,28,176,33.86666666666667,-0.17258551716804504,-0.6250581828019711
COHFACE_s16_session3_natural,28,177,33.9,-0.3300807774066925,-0.5432930415405558
COHFACE_s16_session3_natural,28,178,33.93333333333333,-0.46404191851615906,-0.3978720123468166
COHFACE_s16_session3_natural,28,179,33.96666666666667,-0.5783863663673401,-0.213470185566684
COHFACE_s16_session3_natural,28,180,34.0,-0.6743558645248413,-0.028498303437189555
COHFACE_s16_session3_natural,28,181,34.03333333333333,-0.7641462087631226,0.11676402012043754
COHFACE_s16_session3_natural,28,182,34.06666666666667,-0.8378824591636658,0.19289735023952914
COHFACE_s16_session3_natural,28,183,34.1,-0.9101552367210388,0.18838602712536995
COHFACE_s16_session3_natural,28,184,34.13333333333333,-0.9830045700073242,0.10825291092023401
COHFACE_s16_session3_natural,28,185,34.166666666666664,-1.0481373071670532,-0.03289567647915488
COHFACE_s16_session3_natural,28,186,34.2,-1.111939549446106,-0.21771905624210883
COHFACE_s16_session3_natural,28,187,34.233333333333334,-1.1670200824737549,-0.4285587517116153
COHFACE_s16_session3_natural,28,188,34.266666666666666,-1.2204447984695435,-0.6453208373295606
COHFACE_s16_session3_natural,28,189,34.3,-1.2803740501403809,-0.8423879586541297
COHFACE_s16_session3_natural,28,190,34.333333333333336,-1.3392832279205322,-0.9885400523762966
COHFACE_s16_session3_natural,28,191,34.36666666666667,-1.3143595457077026,-1.0514824624759975
COHFACE_s16_session3_natural,28,192,34.4,-0.9913567900657654,-1.005597832788819
COHFACE_s16_session3_natural,28,193,34.43333333333333,-0.28882214426994324,-0.8398617979666567
COHFACE_s16_session3_natural,28,194,34.46666666666667,0.47745564579963684,-0.5631248501549122
COHFACE_s16_session3_natural,28,195,34.5,0.9718494415283203,-0.20506547185076532
COHFACE_s16_session3_natural,28,196,34.53333333333333,1.1712241172790527,0.18804234870623235
COHFACE_s16_session3_natural,28,197,34.56666666666667,1.2066435813903809,0.5625149457819641
COHFACE_s16_session3_natural,28,198,34.6,1.1717711687088013,0.8692577216046595
COHFACE_s16_session3_natural,28,199,34.63333333333333,1.04345703125,1.0747150452006566
COHFACE_s16_session3_natural,28,200,34.666666666666664,0.8327438831329346,1.1668374065344298
COHFACE_s16_session3_natural,28,201,34.7,0.6505023241043091,1.1542377639609251
COHFACE_s16_session3_natural,28,202,34.733333333333334,0.548309326171875,1.0600469152056742
COHFACE_s16_session3_natural,28,203,34.766666666666666,0.4751643240451813,0.9141235488156423
COHFACE_s16_session3_natural,28,204,34.8,0.38224005699157715,0.7466292637658279
COHFACE_s16_session3_natural,28,205,34.833333333333336,0.24298670887947083,0.5837631766941339
COHFACE_s16_session3_natural,28,206,34.86666666666667,0.07280787080526352,0.44486510986553296
COHFACE_s16_session3_natural,28,207,34.9,-0.10323970764875412,0.3401374371998971
COHFACE_s16_session3_natural,28,208,34.93333333333333,-0.26385411620140076,0.2694435461024638
COHFACE_s16_session3_natural,28,209,34.96666666666667,-0.39901265501976013,0.2234488913655584
COHFACE_s16_session3_natural,28,210,35.0,-0.5249024033546448,0.18760469307344269
COHFACE_s16_session3_natural,28,211,35.03333333333333,-0.6371625065803528,0.1476883342180859
COHFACE_s16_session3_natural,28,212,35.06666666666667,-0.7224293351173401,0.09433457976204852
COHFACE_s16_session3_natural,28,213,35.1,-0.8050943613052368,0.02455214799755748
COHFACE_s16_session3_natural,28,214,35.13333333333333,-0.8951064348220825,-0.05950359532944578
COHFACE_s16_session3_natural,28,215,35.166666666666664,-0.9825758934020996,-0.15251806501966403
COHFACE_s16_session3_natural,28,216,35.2,-1.056016445159912,-0.2473686099483376
COHFACE_s16_session3_natural,28,217,35.233333333333334,-1.1224796772003174,-0.3360580241933198
COHFACE_s16_session3_natural,28,218,35.266666666666666,-1.1839758157730103,-0.41104025724639265
COHFACE_s16_session3_natural,28,219,35.3,-1.2440972328186035,-0.4670168976912642
COHFACE_s16_session3_natural,28,220,35.333333333333336,-1.305726408958435,-0.5022295885604894
COHFACE_s16_session3_natural,28,221,35.36666666666667,-1.3552042245864868,-0.5181942088989656
COHFACE_s16_session3_natural,28,222,35.4,-1.3252544403076172,-0.5180669447985886
COHFACE_s16_session3_natural,28,223,35.43333333333333,-0.9944759607315063,-0.5049572191152185
COHFACE_s16_session3_natural,28,224,35.46666666666667,-0.2528853416442871,-0.4811725327780617
COHFACE_s16_session3_natural,28,225,35.5,0.5804765224456787,-0.448224288841594
COHFACE_s16_session3_natural,28,226,35.53333333333333,1.1446892023086548,-0.4067809543983449
COHFACE_s16_session3_natural,28,227,35.56666666666667,1.4033721685409546,-0.35613510044615554
COHFACE_s16_session3_natural,28,228,35.6,1.4932955503463745,-0.2937297893792674
COHFACE_s16_session3_natural,28,229,35.63333333333333,1.516149640083313,-0.21579160296421582
COHFACE_s16_session3_natural,28,230,35.666666666666664,1.43905770778656,-0.11947121298959747
COHFACE_s16_session3_natural,28,231,35.7,1.2399786710739136,-0.005724786447590998
COHFACE_s16_session3_natural,28,232,35.733333333333334,1.0115114450454712,0.11850271500125882
COHFACE_s16_session3_natural,28,233,35.766666666666666,0.8376517295837402,0.24006180521071252
COHFACE_s16_session3_natural,28,234,35.8,0.7198185920715332,0.34181557542136015
COHFACE_s16_session3_natural,28,235,35.833333333333336,0.6072332859039307,0.4067594811602655
COHFACE_s16_session3_natural,28,236,35.86666666666667,0.4685712456703186,0.42277418821895857
COHFACE_s16_session3_natural,28,237,35.9,0.2842748761177063,0.38649574810543463
COHFACE_s16_session3_natural,28,238,35.93333333333333,0.07959314435720444,0.3050440829127898
COHFACE_s16_session3_natural,28,239,35.96666666666667,-0.10294405370950699,0.19493687358266618
COHFACE_s16_session3_natural,29,0,29.0,-0.8169353604316711,0.07561342759986442
COHFACE_s16_session3_natural,29,1,29.033333333333335,-0.9057499766349792,-0.3620685720668927
COHFACE_s16_session3_natural,29,2,29.066666666666666,-0.9887107014656067,-0.7036710286550045
COHFACE_s16_session3_natural,29,3,29.1,-1.057080864906311,-0.8825127662089693
COHFACE_s16_session3_natural,29,4,29.133333333333333,-1.1253327131271362,-0.8826331652111729
COHFACE_s16_session3_natural,29,5,29.166666666666668,-1.1938211917877197,-0.7381417366888475
COHFACE_s16_session3_natural,29,6,29.2,-1.2696417570114136,-0.5133387897688083
COHFACE_s16_session3_natural,29,7,29.233333333333334,-1.3011142015457153,-0.27466815852537385
COHFACE_s16_session3_natural,29,8,29.266666666666666,-1.0996403694152832,-0.06863397210980014
COHFACE_s16_session3_natural,29,9,29.3,-0.42369982600212097,0.08550897547814676
COHFACE_s16_session3_natural,29,10,29.333333333333332,0.5402674674987793,0.18889982663370714
COHFACE_s16_session3_natural,29,11,29.366666666666667,1.3365247249603271,0.2499647192851059
COHFACE_s16_session3_natural,29,12,29.4,1.7580100297927856,0.27401619840822994
COHFACE_s16_session3_natural,29,13,29.433333333333334,1.8990963697433472,0.2603126625891765
COHFACE_s16_session3_natural,29,14,29.466666666666665,1.9217140674591064,0.20574047351284827
COHFACE_s16_session3_natural,29,15,29.5,1.8676831722259521,0.11077592530255735
COHFACE_s16_session3_natural,29,16,29.533333333333335,1.665839672088623,-0.016504932915071786
COHFACE_s16_session3_natural,29,17,29.566666666666666,1.3786110877990723,-0.16002620926006333
COHFACE_s16_session3_natural,29,18,29.6,1.1427674293518066,-0.2980173618348715
COHFACE_s16_session3_natural,29,19,29.633333333333333,0.9906086921691895,-0.4065800583704867
COHFACE_s16_session3_natural,29,20,29.666666666666668,0.8761312365531921,-0.46445317147421106
COHFACE_s16_session3_natural,29,21,29.7,0.7285995483398438,-0.459253039830604
COHFACE_s16_session3_natural,29,22,29.733333333333334,0.5284560918807983,-0.39305084073279656
COHFACE_s16_session3_natural,29,23,29.766666666666666,0.3060794174671173,-0.28304799619429216
COHFACE_s16_session3_natural,29,24,29.8,0.08803408592939377,-0.1548384841774095
COHFACE_s16_session3_natural,29,25,29.833333333333332,-0.10455537587404251,-0.0306416077247334
COHFACE_s16_session3_natural,29,26,29.866666666666667,-0.2742611765861511,0.08064859860444774
COHFACE_s16_session3_natural,29,27,29.9,-0.4172249734401703,0.18479647214306408
COHFACE_s16_session3_natural,29,28,29.933333333333334,-0.5333581566810608,0.29374002151415257
COHFACE_s16_session3_natural,29,29,29.966666666666665,-0.6388033628463745,0.41286614251682663
COHFACE_s16_session3_natural,29,30,30.0,-0.7424303293228149,0.5322959392518041
COHFACE_s16_session3_natural,29,31,30.033333333333335,-0.8389172554016113,0.627681427661024
COHFACE_s16_session3_natural,29,32,30.066666666666666,-0.9300528168678284,0.6700210896372767
COHFACE_s16_session3_natural,29,33,30.1,-1.0106925964355469,0.638701806124875
COHFACE_s16_session3_natural,29,34,30.133333333333333,-1.079905390739441,0.5305888236973528
COHFACE_s16_session3_natural,29,35,30.166666666666668,-1.1508034467697144,0.3608413574775694
COHFACE_s16_session3_natural,29,36,30.2,-1.2194396257400513,0.15611079146760617
COHFACE_s16_session3_natural,29,37,30.233333333333334,-1.2877358198165894,-0.05541081035020476
COHFACE_s16_session3_natural,29,38,30.266666666666666,-1.3015576601028442,-0.2521144251513405
COHFACE_s16_session3_natural,29,39,30.3,-1.0402284860610962,-0.4222150985481941
COHFACE_s16_session3_natural,29,40,30.333333333333332,-0.3155789077281952,-0.5615511455542739
COHFACE_s16_session3_natural,29,41,30.366666666666667,0.6206855773925781,-0.6678640680324752
COHFACE_s16_session3_natural,29,42,30.4,1.330227255821228,-0.7354697625607072
COHFACE_s16_session3_natural,29,43,30.433333333333334,1.6816867589950562,-0.7541315478775922
COHFACE_s16_session3_natural,29,44,30.466666666666665,1.8033782243728638,-0.7130736144163193
COHFACE_s16_session3_natural,29,45,30.5,1.8197870254516602,-0.6074319833957894
COHFACE_s16_session3_natural,29,46,30.533333333333335,1.732361912727356,-0.442775893437655
COHFACE_s16_session3_natural,29,47,30.566666666666666,1.5080339908599854,-0.23488431140054689
COHFACE_s16_session3_natural,29,48,30.6,1.2305768728256226,-0.005608810978732971
COHFACE_s16_session3_natural,29,49,30.633333333333333,1.0297682285308838,0.22203727244416654
COHFACE_s16_session3_natural,29,50,30.666666666666668,0.9021488428115845,0.4275266800078714
COHFACE_s16_session3_natural,29,51,30.7,0.7936583161354065,0.5953050520254065
COHFACE_s16_session3_natural,29,52,30.733333333333334,0.6395335793495178,0.7165187314891733
COHFACE_s16_session3_natural,29,53,30.766666666666666,0.4395379424095154,0.7895742181710573
COHFACE_s16_session3_natural,29,54,30.8,0.23012572526931763,0.8190390872925025
COHFACE_s16_session3_natural,29,55,30.833333333333332,0.030410990118980408,0.8130376078114212
COHFACE_s16_session3_natural,29,56,30.866666666666667,-0.15101750195026398,0.7798628089241937
COHFACE_s16_session3_natural,29,57,30.9,-0.3118093013763428,0.7248267153383183
COHFACE_s16_session3_natural,29,58,30.933333333333334,-0.45205309987068176,0.648489058253165
COHFACE_s16_session3_natural,29,59,30.966666666666665,-0.5655253529548645,0.5472675469986978
COHFACE_s16_session3_natural,29,60,31.0,-0.6743558645248413,0.41675582301821334
COHFACE_s16_session3_natural,29,61,31.033333333333335,-0.7892916202545166,0.25646036469738653
COHFACE_s16_session3_natural,29,62,31.066666666666666,-0.877174973487854,0.07277597749232653
COHFACE_s16_session3_natural,29,63,31.1,-0.9534834623336792,-0.12271848122185806
COHFACE_s16_session3_natural,29,64,31.133333333333333,-1.037951946258545,-0.319075966803809
COHFACE_s16_session3_natural,29,65,31.166666666666668,-1.1125900745391846,-0.5115628815012416
COHFACE_s16_session3_natural,29,66,31.2,-1.1779297590255737,-0.7021377917662834
COHFACE_s16_session3_natural,29,67,31.233333333333334,-1.252227783203125,-0.8931600419124006
COHFACE_s16_session3_natural,29,68,31.266666666666666,-1.3189865350723267,-1.077510844585914
COHFACE_s16_session3_natural,29,69,31.3,-1.3011289834976196,-1.2316603926817404
COHFACE_s16_session3_natural,29,70,31.333333333333332,-0.9913716316223145,-1.3176777131081017
COHFACE_s16_session3_natural,29,71,31.366666666666667,-0.26380977034568787,-1.2957206179544978
COHFACE_s16_session3_natural,29,72,31.4,0.5826939344406128,-1.1423400024092951
COHFACE_s16_session3_natural,29,73,31.433333333333334,1.1731458902359009,-0.8654947957251089
COHFACE_s16_session3_natural,29,74,31.466666666666665,1.438702940940857,-0.5075091692805541
COHFACE_s16_session3_natural,29,75,31.5,1.521101951599121,-0.1330490736028725
COHFACE_s16_session3_natural,29,76,31.533333333333335,1.4983069896697998,0.19223662579720177
COHFACE_s16_session3_natural,29,77,31.566666666666666,1.3627344369888306,0.4217790472995885
COHFACE_s16_session3_natural,29,78,31.6,1.1228550672531128,0.5387108296560096
COHFACE_s16_session3_natural,29,79,31.633333333333333,0.8958070278167725,0.5552856432716384
COHFACE_s16_session3_natural,29,80,31.666666666666668,0.7486301064491272,0.504050122229698
COHFACE_s16_session3_natural,29,81,31.7,0.6524980068206787,0.4252892512423626
COHFACE_s16_session3_natural,29,82,31.733333333333334,0.5476292967796326,0.3548794357494008
COHFACE_s16_session3_natural,29,83,31.766666666666666,0.39031144976615906,0.31571619415003566
COHFACE_s16_session3_natural,29,84,31.8,0.19863849878311157,0.3148556646562542
COHFACE_s16_session3_natural,29,85,31.833333333333332,0.002102053491398692,0.3465898246950666
COHFACE_s16_session3_natural,29,86,31.866666666666667,-0.18042036890983582,0.3987946896599675
COHFACE_s16_session3_natural,29,87,31.9,-0.3456469774246216,0.4585525031196168
COHFACE_s16_session3_natural,29,88,31.933333333333334,-0.4776124656200409,0.5149375985171886
COHFACE_s16_session3_natural,29,89,31.966666666666665,-0.5920012593269348,0.559707873509963
COHFACE_s16_session3_natural,29,90,32.0,-0.693203866481781,0.5875600868863475
COHFACE_s16_session3_natural,29,91,32.03333333333333,-0.789513349533081,0.5965910661426604
COHFACE_s16_session3_natural,29,92,32.06666666666667,-0.8932733535766602,0.5883010051235835
COHFACE_s16_session3_natural,29,93,32.1,-0.9735732078552246,0.5662335048786851
COHFACE_s16_session3_natural,29,94,32.13333333333333,-1.0503103733062744,0.5334157687056184
COHFACE_s16_session3_natural,29,95,32.166666666666664,-1.1290727853775024,0.48993386110520604
COHFACE_s16_session3_natural,29,96,32.2,-1.1884845495224,0.43201111496333955
COHFACE_s16_session3_natural,29,97,32.233333333333334,-1.230497121810913,0.3530061135745181
COHFACE_s16_session3_natural,29,98,32.266666666666666,-1.2970932722091675,0.24573284908062992
COHFACE_s16_session3_natural,29,99,32.3,-1.3645912408828735,0.10519625687050305
COHFACE_s16_session3_natural,29,100,32.333333333333336,-1.3976750373840332,-0.06871447877642861
COHFACE_s16_session3_natural,29,101,32.36666666666667,-1.255391240119934,-0.26873710095606435
COHFACE_s16_session3_natural,29,102,32.4,-0.7153335809707642,-0.47867245266296826
COHFACE_s16_session3_natural,29,103,32.43333333333333,0.08243142813444138,-0.6742853407223985
COHFACE_s16_session3_natural,29,104,32.46666666666667,0.7318221926689148,-0.8281022873170765
COHFACE_s16_session3_natural,29,105,32.5,1.048128366470337,-0.9177111426171444
COHFACE_s16_session3_natural,29,106,32.53333333333333,1.1341490745544434,-0.9342359772229102
COHFACE_s16_session3_natural,29,107,32.56666666666667,1.1179176568984985,-0.8860988192093976
COHFACE_s16_session3_natural,29,108,32.6,1.00431227684021,-0.7950158250477303
COHFACE_s16_session3_natural,29,109,32.63333333333333,0.788100004196167,-0.6857662575885362
COHFACE_s16_session3_natural,29,110,32.666666666666664,0.5792199969291687,-0.5757235417985685
COHFACE_s16_session3_natural,29,111,32.7,0.4657033681869507,-0.47061801500570577
COHFACE_s16_session3_natural,29,112,32.733333333333334,0.40629157423973083,-0.3683233291978218
COHFACE_s16_session3_natural,29,113,32.766666666666666,0.3434353768825531,-0.2666934582008328
COHFACE_s16_session3_natural,29,114,32.8,0.2267552614212036,-0.16942364344207309
COHFACE_s16_session3_natural,29,115,32.833333333333336,0.05325031280517578,-0.0862979848830882
COHFACE_s16_session3_natural,29,116,32.86666666666667,-0.130750373005867,-0.028532650189646867
COHFACE_s16_session3_natural,29,117,32.9,-0.29265087842941284,-0.0025935554564499776
COHFACE_s16_session3_natural,29,118,32.93333333333333,-0.4320816397666931,-0.005276440140149946
COHFACE_s16_session3_natural,29,119,32.96666666666667,-0.5492052435874939,-0.021735613051424615
COHFACE_s16_session3_natural,29,120,33.0,-0.6541774272918701,-0.028601004846924447
COHFACE_s16_session3_natural,29,121,33.03333333333333,-0.7399616241455078,-0.003122390446878286
COHFACE_s16_session3_natural,29,122,33.06666666666667,-0.8097213506698608,0.06560504620757739
COHFACE_s16_session3_natural,29,123,33.1,-0.8828811049461365,0.1706900194998079
COHFACE_s16_session3_natural,29,124,33.13333333333333,-0.9537051916122437,0.2910999626387895
COHFACE_s16_session3_natural,29,125,33.166666666666664,-1.0174630880355835,0.4024765804492148
COHFACE_s16_session3_natural,29,126,33.2,-1.0847097635269165,0.4879921505987638
COHFACE_s16_session3_natural,29,127,33.233333333333334,-1.1520894765853882,0.5428106100204193
COHFACE_s16_session3_natural,29,128,33.266666666666666,-1.2139848470687866,0.5710026098050874
COHFACE_s16_session3_natural,29,129,33.3,-1.2840993404388428,0.5789934480066021
COHFACE_s16_session3_natural,29,130,33.333333333333336,-1.3341832160949707,0.5706698985440884
COHFACE_s16_session3_natural,29,131,33.36666666666667,-1.3000351190567017,0.5466853295551618
COHFACE_s16_session3_natural,29,132,33.4,-0.9799149632453918,0.5071692281536214
COHFACE_s16_session3_natural,29,133,33.43333333333333,-0.30465447902679443,0.45501271295126866
COHFACE_s16_session3_natural,29,134,33.46666666666667,0.3923957943916321,0.3969759013087398
COHFACE_s16_session3_natural,29,135,33.5,0.8082045316696167,0.34174494832703983
COHFACE_s16_session3_natural,29,136,33.53333333333333,0.9538736343383789,0.2964444254110445
COHFACE_s16_session3_natural,29,137,33.56666666666667,0.9507840275764465,0.26409995423692373
COHFACE_s16_session3_natural,29,138,33.6,0.8522866368293762,0.24331747125770797
COHFACE_s16_session3_natural,29,139,33.63333333333333,0.6457422971725464,0.2294442189563434
COHFACE_s16_session3_natural,29,140,33.666666666666664,0.4304317831993103,0.21566644000069346
COHFACE_s16_session3_natural,29,141,33.7,0.31194815039634705,0.19341765185239537
COHFACE_s16_session3_natural,29,142,33.733333333333334,0.26644691824913025,0.15315055568324817
COHFACE_s16_session3_natural,29,143,33.766666666666666,0.22629700601100922,0.08702259030298616
COHFACE_s16_session3_natural,29,144,33.8,0.13885712623596191,-0.006647415254070144
COHFACE_s16_session3_natural,29,145,33.833333333333336,-0.004624090623110533,-0.1197089472885893
COHFACE_s16_session3_natural,29,146,33.86666666666667,-0.17258551716804504,-0.23468447454350488
COHFACE_s16_session3_natural,29,147,33.9,-0.3300807774066925,-0.3309469056175366
COHFACE_s16_session3_natural,29,148,33.93333333333333,-0.46404191851615906,-0.3942292301822343
COHFACE_s16_session3_natural,29,149,33.96666666666667,-0.5783863663673401,-0.42405266781507445
COHFACE_s16_session3_natural,29,150,34.0,-0.6743558645248413,-0.434004830194997
COHFACE_s16_session3_natural,29,151,34.03333333333333,-0.7641462087631226,-0.44409822540667404
COHFACE_s16_session3_natural,29,152,34.06666666666667,-0.8378824591636658,-0.4702505223477791
COHFACE_s16_session3_natural,29,153,34.1,-0.9101552367210388,-0.5181212185354638
COHFACE_s16_session3_natural,29,154,34.13333333333333,-0.9830045700073242,-0.5844709769478711
COHFACE_s16_session3_natural,29,155,34.166666666666664,-1.0481373071670532,-0.662975640282681
COHFACE_s16_session3_natural,29,156,34.2,-1.111939549446106,-0.7486534034639579
COHFACE_s16_session3_natural,29,157,34.233333333333334,-1.1670200824737549,-0.8371265466475145
COHFACE_s16_session3_natural,29,158,34.266666666666666,-1.2204447984695435,-0.9196375558833286
COHFACE_s16_session3_natural,29,159,34.3,-1.2803740501403809,-0.9783419523716136
COHFACE_s16_session3_natural,29,160,34.333333333333336,-1.3392832279205322,-0.9863483264741143
COHFACE_s16_session3_natural,29,161,34.36666666666667,-1.3143595457077026,-0.9140831591455377
COHFACE_s16_session3_natural,29,162,34.4,-0.9913567900657654,-0.74015395714357
COHFACE_s16_session3_natural,29,163,34.43333333333333,-0.28882214426994324,-0.46246892120151883
COHFACE_s16_session3_natural,29,164,34.46666666666667,0.47745564579963684,-0.10463966300913405
COHFACE_s16_session3_natural,29,165,34.5,0.9718494415283203,0.2861246417259896
COHFACE_s16_session3_natural,29,166,34.53333333333333,1.1712241172790527,0.6504770525041724
COHFACE_s16_session3_natural,29,167,34.56666666666667,1.2066435813903809,0.9343438864190369
COHFACE_s16_session3_natural,29,168,34.6,1.1717711687088013,1.1050263167073011
COHFACE_s16_session3_natural,29,169,34.63333333333333,1.04345703125,1.1585872066333156
COHFACE_s16_session3_natural,29,170,34.666666666666664,0.8327438831329346,1.115993098640662
COHFACE_s16_session3_natural,29,171,34.7,0.6505023241043091,1.011670683483169
COHFACE_s16_session3_natural,29,172,34.733333333333334,0.548309326171875,0.8810612555458178
COHFACE_s16_session3_natural,29,173,34.766666666666666,0.4751643240451813,0.7524165371599716
COHFACE_s16_session3_natural,29,174,34.8,0.38224005699157715,0.6442732261767007
COHFACE_s16_session3_natural,29,175,34.833333333333336,0.24298670887947083,0.5665717107649707
COHFACE_s16_session3_natural,29,176,34.86666666666667,0.07280787080526352,0.522320754588069
COHFACE_s16_session3_natural,29,177,34.9,-0.10323970764875412,0.5080342532157727
COHFACE_s16_session3_natural,29,178,34.93333333333333,-0.26385411620140076,0.5134223323464266
COHFACE_s16_session3_natural,29,179,34.96666666666667,-0.39901265501976013,0.5222762601236841
COHFACE_s16_session3_natural,29,180,35.0,-0.5249024033546448,0.5160652506008712
COHFACE_s16_session3_natural,29,181,35.03333333333333,-0.6371625065803528,0.47970013107067117
COHFACE_s16_session3_natural,29,182,35.06666666666667,-0.7224293351173401,0.4066803649840148
COHFACE_s16_session3_natural,29,183,35.1,-0.8050943613052368,0.3005590749106614
COHFACE_s16_session3_natural,29,184,35.13333333333333,-0.8951064348220825,0.17204848056005628
COHFACE_s16_session3_natural,29,185,35.166666666666664,-0.9825758934020996,0.033891865037207855
COHFACE_s16_session3_natural,29,186,35.2,-1.056016445159912,-0.10364872488342396
COHFACE_s16_session3_natural,29,187,35.233333333333334,-1.1224796772003174,-0.23513028647495038
COHFACE_s16_session3_natural,29,188,35.266666666666666,-1.1839758157730103,-0.3602750920007068
COHFACE_s16_session3_natural,29,189,35.3,-1.2440972328186035,-0.48328369586612296
COHFACE_s16_session3_natural,29,190,35.333333333333336,-1.305726408958435,-0.6114886750264296
COHFACE_s16_session3_natural,29,191,35.36666666666667,-1.3552042245864868,-0.7528451080212022
COHFACE_s16_session3_natural,29,192,35.4,-1.3252544403076172,-0.9118496767650908
COHFACE_s16_session3_natural,29,193,35.43333333333333,-0.9944759607315063,-1.0846852442845472
COHFACE_s16_session3_natural,29,194,35.46666666666667,-0.2528853416442871,-1.2558171859199165
COHFACE_s16_session3_natural,29,195,35.5,0.5804765224456787,-1.3985546608591766
COHFACE_s16_session3_natural,29,196,35.53333333333333,1.1446892023086548,-1.4805378701629295
COHFACE_s16_session3_natural,29,197,35.56666666666667,1.4033721685409546,-1.4726207013972215
COHFACE_s16_session3_natural,29,198,35.6,1.4932955503463745,-1.3577540412400162
COHFACE_s16_session3_natural,29,199,35.63333333333333,1.516149640083313,-1.1362910900463843
COHFACE_s16_session3_natural,29,200,35.666666666666664,1.43905770778656,-0.8257513986709936
COHFACE_s16_session3_natural,29,201,35.7,1.2399786710739136,-0.45556661996762426
COHFACE_s16_session3_natural,29,202,35.733333333333334,1.0115114450454712,-0.05938431294252376
COHFACE_s16_session3_natural,29,203,35.766666666666666,0.8376517295837402,0.33178095412639363
COHFACE_s16_session3_natural,29,204,35.8,0.7198185920715332,0.6931300038997996
COHFACE_s16_session3_natural,29,205,35.833333333333336,0.6072332859039307,1.0059399374722893
COHFACE_s16_session3_natural,29,206,35.86666666666667,0.4685712456703186,1.2553298171694407
COHFACE_s16_session3_natural,29,207,35.9,0.2842748761177063,1.4286677788367192
COHFACE_s16_session3_natural,29,208,35.93333333333333,0.07959314435720444,1.5167374509847387
COHFACE_s16_session3_natural,29,209,35.96666666666667,-0.10294405370950699,1.517378426019757
COHFACE_s16_session3_natural,29,210,36.0,-0.2594784200191498,1.4384529763907503
COHFACE_s16_session3_natural,29,211,36.03333333333333,-0.41005536913871765,1.2965132009922287
COHFACE_s16_session3_natural,29,212,36.06666666666667,-0.5413851737976074,1.1107257518595954
COHFACE_s16_session3_natural,29,213,36.1,-0.6622931361198425,0.8956487485358183
COHFACE_s16_session3_natural,29,214,36.13333333333333,-0.7733558416366577,0.6577058568052393
COHFACE_s16_session3_natural,29,215,36.166666666666664,-0.8739227652549744,0.3977901723003771
COHFACE_s16_session3_natural,29,216,36.2,-0.9666992425918579,0.11810929666673459
COHFACE_s16_session3_natural,29,217,36.233333333333334,-1.0548043251037598,-0.17159469428896656
COHFACE_s16_session3_natural,29,218,36.266666666666666,-1.1355476379394531,-0.45266117659093486
COHFACE_s16_session3_natural,29,219,36.3,-1.2064012289047241,-0.7016562155700719
COHFACE_s16_session3_natural,29,220,36.333333333333336,-1.2750523090362549,-0.8969936893530364
COHFACE_s16_session3_natural,29,221,36.36666666666667,-1.3335919380187988,-1.0236237236021901
COHFACE_s16_session3_natural,29,222,36.4,-1.3895593881607056,-1.0734340710372052
COHFACE_s16_session3_natural,29,223,36.43333333333333,-1.4439154863357544,-1.0428849577321457
COHFACE_s16_session3_natural,29,224,36.46666666666667,-1.4213570356369019,-0.9320291329780814
COHFACE_s16_session3_natural,29,225,36.5,-1.08368980884552,-0.7476304373073724
COHFACE_s16_session3_natural,29,226,36.53333333333333,-0.3193041682243347,-0.5080381126851765
COHFACE_s16_session3_natural,29,227,36.56666666666667,0.5401492118835449,-0.2442694013580903
COHFACE_s16_session3_natural,29,228,36.6,1.1305272579193115,0.005575853266692722
COHFACE_s16_session3_natural,29,229,36.63333333333333,1.41853928565979,0.20621541005598068
COHFACE_s16_session3_natural,29,230,36.666666666666664,1.51903235912323,0.3344905163163965
COHFACE_s16_session3_natural,29,231,36.7,1.5366681814193726,0.384265359148792
COHFACE_s16_session3_natural,29,232,36.733333333333334,1.459221363067627,0.3659659773466437
COHFACE_s16_session3_natural,29,233,36.766666666666666,1.2709189653396606,0.30216363519339146
COHFACE_s16_session3_natural,29,234,36.8,1.0392587184906006,0.22121082640650666
COHFACE_s16_session3_natural,29,235,36.833333333333336,0.860683262348175,0.15041648019045173
COHFACE_s16_session3_natural,29,236,36.86666666666667,0.7397900819778442,0.1098245580692744
COHFACE_s16_session3_natural,29,237,36.9,0.633250892162323,0.1076699745517842
COHFACE_s16_session3_natural,29,238,36.93333333333333,0.4970279932022095,0.1386631980830284
COHFACE_s16_session3_natural,29,239,36.96666666666667,0.30766117572784424,0.1858634933588727
COHFACE_s16_session3_natural,30,0,30.0,-0.7424303293228149,-0.15865690296734936
COHFACE_s16_session3_natural,30,1,30.033333333333335,-0.8389172554016113,-0.3783451475458898
COHFACE_s16_session3_natural,30,2,30.066666666666666,-0.9300528168678284,-0.5639805573722579
COHFACE_s16_session3_natural,30,3,30.1,-1.0106925964355469,-0.694463277910702
COHFACE_s16_session3_natural,30,4,30.133333333333333,-1.079905390739441,-0.7666166498261551
COHFACE_s16_session3_natural,30,5,30.166666666666668,-1.1508034467697144,-0.7942956509998073
COHFACE_s16_session3_natural,30,6,30.2,-1.2194396257400513,-0.8001759501690918
COHFACE_s16_session3_natural,30,7,30.233333333333334,-1.2877358198165894,-0.8048115906631604
COHFACE_s16_session3_natural,30,8,30.266666666666666,-1.3015576601028442,-0.8185483389827041
COHFACE_s16_session3_natural,30,9,30.3,-1.0402284860610962,-0.8392997648415256
COHFACE_s16_session3_natural,30,10,30.333333333333332,-0.3155789077281952,-0.8553188146914437
COHFACE_s16_session3_natural,30,11,30.366666666666667,0.6206855773925781,-0.8499109466967028
COHFACE_s16_session3_natural,30,12,30.4,1.330227255821228,-0.805877771340867
COHFACE_s16_session3_natural,30,13,30.433333333333334,1.6816867589950562,-0.7094097766398243
COHFACE_s16_session3_natural,30,14,30.466666666666665,1.8033782243728638,-0.5536988846951412
COHFACE_s16_session3_natural,30,15,30.5,1.8197870254516602,-0.34164804216497324
COHFACE_s16_session3_natural,30,16,30.533333333333335,1.732361912727356,-0.08620185124413986
COHFACE_s16_session3_natural,30,17,30.566666666666666,1.5080339908599854,0.19246686761039486
COHFACE_s16_session3_natural,30,18,30.6,1.2305768728256226,0.47148069061334735
COHFACE_s16_session3_natural,30,19,30.633333333333333,1.0297682285308838,0.7290036981042267
COHFACE_s16_session3_natural,30,20,30.666666666666668,0.9021488428115845,0.946419488714478
COHFACE_s16_session3_natural,30,21,30.7,0.7936583161354065,1.1100116714300499
COHFACE_s16_session3_natural,30,22,30.733333333333334,0.6395335793495178,1.2126230720797389
COHFACE_s16_session3_natural,30,23,30.766666666666666,0.4395379424095154,1.254223576105659
COHFACE_s16_session3_natural,30,24,30.8,0.23012572526931763,1.2402936162449738
COHFACE_s16_session3_natural,30,25,30.833333333333332,0.030410990118980408,1.1783111835114195
COHFACE_s16_session3_natural,30,26,30.866666666666667,-0.15101750195026398,1.0739993024896155
COHFACE_s16_session3_natural,30,27,30.9,-0.3118093013763428,0.9294730945199527
COHFACE_s16_session3_natural,30,28,30.933333333333334,-0.45205309987068176,0.7447172207226808
COHFACE_s16_session3_natural,30,29,30.966666666666665,-0.5655253529548645,0.5220205291746388
COHFACE_s16_session3_natural,30,30,31.0,-0.6743558645248413,0.27086541165198735
COHFACE_s16_session3_natural,30,31,31.033333333333335,-0.7892916202545166,0.009798846224087566
COHFACE_s16_session3_natural,30,32,31.066666666666666,-0.877174973487854,-0.23696985132267195
COHFACE_s16_session3_natural,30,33,31.1,-0.9534834623336792,-0.4475755469021712
COHFACE_s16_session3_natural,30,34,31.133333333333333,-1.037951946258545,-0.6113826025541904
COHFACE_s16_session3_natural,30,35,31.166666666666668,-1.1125900745391846,-0.7336847560578083
COHFACE_s16_session3_natural,30,36,31.2,-1.1779297590255737,-0.8326288178426514
COHFACE_s16_session3_natural,30,37,31.233333333333334,-1.252227783203125,-0.9285700349276065
COHFACE_s16_session3_natural,30,38,31.266666666666666,-1.3189865350723267,-1.0304134436003785
COHFACE_s16_session3_natural,30,39,31.3,-1.3011289834976196,-1.1260423563330104
COHFACE_s16_session3_natural,30,40,31.333333333333332,-0.9913716316223145,-1.1829423129087155
COHFACE_s16_session3_natural,30,41,31.366666666666667,-0.26380977034568787,-1.1605266270210035
COHFACE_s16_session3_natural,30,42,31.4,0.5826939344406128,-1.0293857900317078
COHFACE_s16_session3_natural,30,43,31.433333333333334,1.1731458902359009,-0.7883105020338925
COHFACE_s16_session3_natural,30,44,31.466666666666665,1.438702940940857,-0.47036365860838625
COHFACE_s16_session3_natural,30,45,31.5,1.521101951599121,-0.1344630609778257
COHFACE_s16_session3_natural,30,46,31.533333333333335,1.4983069896697998,0.1538447179801401
COHFACE_s16_session3_natural,30,47,31.566666666666666,1.3627344369888306,0.34378014677043567
COHFACE_s16_session3_natural,30,48,31.6,1.1228550672531128,0.4143339628493745
COHFACE_s16_session3_natural,30,49,31.633333333333333,0.8958070278167725,0.37816049435096105
COHFACE_s16_session3_natural,30,50,31.666666666666668,0.7486301064491272,0.2743287087147914
COHFACE_s16_session3_natural,30,51,31.7,0.6524980068206787,0.15366844527118212
COHFACE_s16_session3_natural,30,52,31.733333333333334,0.5476292967796326,0.06253850690125826
COHFACE_s16_session3_natural,30,53,31.766666666666666,0.39031144976615906,0.030861192061530148
COHFACE_s16_session3_natural,30,54,31.8,0.19863849878311157,0.068170913931854
COHFACE_s16_session3_natural,30,55,31.833333333333332,0.002102053491398692,0.16754637753200832
COHFACE_s16_session3_natural,30,56,31.866666666666667,-0.18042036890983582,0.31317264919375215
COHFACE_s16_session3_natural,30,57,31.9,-0.3456469774246216,0.4860411474284988
COHFACE_s16_session3_natural,30,58,31.933333333333334,-0.4776124656200409,0.6653848963182941
COHFACE_s16_session3_natural,30,59,31.966666666666665,-0.5920012593269348,0.8279173876829674
COHFACE_s16_session3_natural,30,60,32.0,-0.693203866481781,0.9488359392282779
COHFACE_s16_session3_natural,30,61,32.03333333333333,-0.789513349533081,1.0066483928699679
COHFACE_s16_session3_natural,30,62,32.06666666666667,-0.8932733535766602,0.9898956148144868
COHFACE_s16_session3_natural,30,63,32.1,-0.9735732078552246,0.9014464431622514
COHFACE_s16_session3_natural,30,64,32.13333333333333,-1.0503103733062744,0.7574961816380644
COHFACE_s16_session3_natural,30,65,32.166666666666664,-1.1290727853775024,0.5817456045950238
COHFACE_s16_session3_natural,30,66,32.2,-1.1884845495224,0.39742580006184275
COHFACE_s16_session3_natural,30,67,32.233333333333334,-1.230497121810913,0.2202243508303564
COHFACE_s16_session3_natural,30,68,32.266666666666666,-1.2970932722091675,0.05452139856608254
COHFACE_s16_session3_natural,30,69,32.3,-1.3645912408828735,-0.1057285672154378
COHFACE_s16_session3_natural,30,70,32.333333333333336,-1.3976750373840332,-0.27144602077235586
COHFACE_s16_session3_natural,30,71,32.36666666666667,-1.255391240119934,-0.4499706101407921
COHFACE_s16_session3_natural,30,72,32.4,-0.7153335809707642,-0.6373980994744176
COHFACE_s16_session3_natural,30,73,32.43333333333333,0.08243142813444138,-0.8158673593648423
COHFACE_s16_session3_natural,30,74,32.46666666666667,0.7318221926689148,-0.9578406305714997
COHFACE_s16_session3_natural,30,75,32.5,1.048128366470337,-1.0358654688652016
COHFACE_s16_session3_natural,30,76,32.53333333333333,1.1341490745544434,-1.033400701999345
COHFACE_s16_session3_natural,30,77,32.56666666666667,1.1179176568984985,-0.9514528774343171
COHFACE_s16_session3_natural,30,78,32.6,1.00431227684021,-0.8075542139968658
COHFACE_s16_session3_natural,30,79,32.63333333333333,0.788100004196167,-0.6277210786238621
COHFACE_s16_session3_natural,30,80,32.666666666666664,0.5792199969291687,-0.4365241617850165
COHFACE_s16_session3_natural,30,81,32.7,0.4657033681869507,-0.2515155604721696
COHFACE_s16_session3_natural,30,82,32.733333333333334,0.40629157423973083,-0.08433478187336366
COHFACE_s16_session3_natural,30,83,32.766666666666666,0.3434353768825531,0.0545179637063729
COHFACE_s16_session3_natural,30,84,32.8,0.2267552614212036,0.15239741501124338
COHFACE_s16_session3_natural,30,85,32.833333333333336,0.05325031280517578,0.19592964648476946
COHFACE_s16_session3_natural,30,86,32.86666666666667,-0.130750373005867,0.1764367014838724
COHFACE_s16_session3_natural,30,87,32.9,-0.29265087842941284,0.09613875650113922
COHFACE_s16_session3_natural,30,88,32.93333333333333,-0.4320816397666931,-0.027725563611857185
COHFACE_s16_session3_natural,30,89,32.96666666666667,-0.5492052435874939,-0.1628564770008649
COHFACE_s16_session3_natural,30,90,33.0,-0.6541774272918701,-0.2682169174977536
COHFACE_s16_session3_natural,30,91,33.03333333333333,-0.7399616241455078,-0.3070852947128659
COHFACE_s16_session3_natural,30,92,33.06666666666667,-0.8097213506698608,-0.26140457295884717
COHFACE_s16_session3_natural,30,93,33.1,-0.8828811049461365,-0.1384880971203936
COHFACE_s16_session3_natural,30,94,33.13333333333333,-0.9537051916122437,0.034589877295088396
COHFACE_s16_session3_natural,30,95,33.166666666666664,-1.0174630880355835,0.22511276901916782
COHFACE_s16_session3_natural,30,96,33.2,-1.0847097635269165,0.4080702293966456
COHFACE_s16_session3_natural,30,97,33.233333333333334,-1.1520894765853882,0.5709788230683476
COHFACE_s16_session3_natural,30,98,33.266666666666666,-1.2139848470687866,0.7096500874851017
COHFACE_s16_session3_natural,30,99,33.3,-1.2840993404388428,0.8207591394439774
COHFACE_s16_session3_natural,30,100,33.333333333333336,-1.3341832160949707,0.8973161258323827
COHFACE_s16_session3_natural,30,101,33.36666666666667,-1.3000351190567017,0.929259705768734
COHFACE_s16_session3_natural,30,102,33.4,-0.9799149632453918,0.9078876805946003
COHFACE_s16_session3_natural,30,103,33.43333333333333,-0.30465447902679443,0.8311053460617182
COHFACE_s16_session3_natural,30,104,33.46666666666667,0.3923957943916321,0.7062322715582827
COHFACE_s16_session3_natural,30,105,33.5,0.8082045316696167,0.5485728443047115
COHFACE_s16_session3_natural,30,106,33.53333333333333,0.9538736343383789,0.3766613190685677
COHFACE_s16_session3_natural,30,107,33.56666666666667,0.9507840275764465,0.2069093715458809
COHFACE_s16_session3_natural,30,108,33.6,0.8522866368293762,0.04985827955442619
COHFACE_s16_session3_natural,30,109,33.63333333333333,0.6457422971725464,-0.09133417696662073
COHFACE_s16_session3_natural,30,110,33.666666666666664,0.4304317831993103,-0.2202930987227623
COHFACE_s16_session3_natural,30,111,33.7,0.31194815039634705,-0.3446918495327978
COHFACE_s16_session3_natural,30,112,33.733333333333334,0.26644691824913025,-0.4713303603867987
COHFACE_s16_session3_natural,30,113,33.766666666666666,0.22629700601100922,-0.5999226910289793
COHFACE_s16_session3_natural,30,114,33.8,0.13885712623596191,-0.7182482478328912
COHFACE_s16_session3_natural,30,115,33.833333333333336,-0.004624090623110533,-0.8022011375774207
COHFACE_s16_session3_natural,30,116,33.86666666666667,-0.17258551716804504,-0.8227608910550848
COHFACE_s16_session3_natural,30,117,33.9,-0.3300807774066925,-0.7583624290943639
COHFACE_s16_session3_natural,30,118,33.93333333333333,-0.46404191851615906,-0.6073911377524117
COHFACE_s16_session3_natural,30,119,33.96666666666667,-0.5783863663673401,-0.3939063977622274
COHFACE_s16_session3_natural,30,120,34.0,-0.6743558645248413,-0.1619314170175266
COHFACE_s16_session3_natural,30,121,34.03333333333333,-0.7641462087631226,0.04018167681318581
COHFACE_s16_session3_natural,30,122,34.06666666666667,-0.8378824591636658,0.17675235387558166
COHFACE_s16_session3_natural,30,123,34.1,-0.9101552367210388,0.2330969795683027
COHFACE_s16_session3_natural,30,124,34.13333333333333,-0.9830045700073242,0.21203475828012255
COHFACE_s16_session3_natural,30,125,34.166666666666664,-1.0481373071670532,0.12416444589086295
COHFACE_s16_session3_natural,30,126,34.2,-1.111939549446106,-0.019691547360505858
COHFACE_s16_session3_natural,30,127,34.233333333333334,-1.1670200824737549,-0.20901988998229087
COHFACE_s16_session3_natural,30,128,34.266666666666666,-1.2204447984695435,-0.42812596205309783
COHFACE_s16_session3_natural,30,129,34.3,-1.2803740501403809,-0.649869549394883
COHFACE_s16_session3_natural,30,130,34.333333333333336,-1.3392832279205322,-0.8343121833552487
COHFACE_s16_session3_natural,30,131,34.36666666666667,-1.3143595457077026,-0.934960532077794
COHFACE_s16_session3_natural,30,132,34.4,-0.9913567900657654,-0.910984372885325
COHFACE_s16_session3_natural,30,133,34.43333333333333,-0.28882214426994324,-0.7406916859050591
COHFACE_s16_session3_natural,30,134,34.46666666666667,0.47745564579963684,-0.4311018285660748
COHFACE_s16_session3_natural,30,135,34.5,0.9718494415283203,-0.02002645957920537
COHFACE_s16_session3_natural,30,136,34.53333333333333,1.1712241172790527,0.4306389097464525
COHFACE_s16_session3_natural,30,137,34.56666666666667,1.2066435813903809,0.8490647784390798
COHFACE_s16_session3_natural,30,138,34.6,1.1717711687088013,1.1710090452688466
COHFACE_s16_session3_natural,30,139,34.63333333333333,1.04345703125,1.3549277663565975
COHFACE_s16_session3_natural,30,140,34.666666666666664,0.8327438831329346,1.3893970652164938
COHFACE_s16_session3_natural,30,141,34.7,0.6505023241043091,1.2907343927133643
COHFACE_s16_session3_natural,30,142,34.733333333333334,0.548309326171875,1.093360931139552
COHFACE_s16_session3_natural,30,143,34.766666666666666,0.4751643240451813,0.838488214093685
COHFACE_s16_session3_natural,30,144,34.8,0.38224005699157715,0.5659174669566258
COHFACE_s16_session3_natural,30,145,34.833333333333336,0.24298670887947083,0.3102750247847473
COHFACE_s16_session3_natural,30,146,34.86666666666667,0.07280787080526352,0.09970267915591094
COHFACE_s16_session3_natural,30,147,34.9,-0.10323970764875412,-0.04593233452061985
COHFACE_s16_session3_natural,30,148,34.93333333333333,-0.26385411620140076,-0.11841180146998972
COHFACE_s16_session3_natural,30,149,34.96666666666667,-0.39901265501976013,-0.12436458568729156
COHFACE_s16_session3_natural,30,150,35.0,-0.5249024033546448,-0.0850611731792063
COHFACE_s16_session3_natural,30,151,35.03333333333333,-0.6371625065803528,-0.030866823236599075
COHFACE_s16_session3_natural,30,152,35.06666666666667,-0.7224293351173401,0.008176033816471528
COHFACE_s16_session3_natural,30,153,35.1,-0.8050943613052368,0.011426049887238384
COHFACE_s16_session3_natural,30,154,35.13333333333333,-0.8951064348220825,-0.02758991920185544
COHFACE_s16_session3_natural,30,155,35.166666666666664,-0.9825758934020996,-0.10210188275105725
COHFACE_s16_session3_natural,30,156,35.2,-1.056016445159912,-0.19728704707467068
COHFACE_s16_session3_natural,30,157,35.233333333333334,-1.1224796772003174,-0.29695515912040815
COHFACE_s16_session3_natural,30,158,35.266666666666666,-1.1839758157730103,-0.3893965474578471
COHFACE_s16_session3_natural,30,159,35.3,-1.2440972328186035,-0.4708856821333507
COHFACE_s16_session3_natural,30,160,35.333333333333336,-1.305726408958435,-0.5455320257194928
COHFACE_s16_session3_natural,30,161,35.36666666666667,-1.3552042245864868,-0.6209482807292481
COHFACE_s16_session3_natural,30,162,35.4,-1.3252544403076172,-0.7014889965977238
COHFACE_s16_session3_natural,30,163,35.43333333333333,-0.9944759607315063,-0.7828277173111123
COHFACE_s16_session3_natural,30,164,35.46666666666667,-0.2528853416442871,-0.851243922491403
COHFACE_s16_session3_natural,30,165,35.5,0.5804765224456787,-0.888223203079051
COHFACE_s16_session3_natural,30,166,35.53333333333333,1.1446892023086548,-0.8776429506072073
COHFACE_s16_session3_natural,30,167,35.56666666666667,1.4033721685409546,-0.8113989989651257
COHFACE_s16_session3_natural,30,168,35.6,1.4932955503463745,-0.6909310230365284
COHFACE_s16_session3_natural,30,169,35.63333333333333,1.516149640083313,-0.5249331878087196
COHFACE_s16_session3_natural,30,170,35.666666666666664,1.43905770778656,-0.32525065885908805
COHFACE_s16_session3_natural,30,171,35.7,1.2399786710739136,-0.10317502609641788
COHFACE_s16_session3_natural,30,172,35.733333333333334,1.0115114450454712,0.13229417072447117
COHFACE_s16_session3_natural,30,173,35.766666666666666,0.8376517295837402,0.37379090916722035
COHFACE_s16_session3_natural,30,174,35.8,0.7198185920715332,0.6133525410401608
COHFACE_s16_session3_natural,30,175,35.833333333333336,0.6072332859039307,0.8401123357905469
COHFACE_s16_session3_natural,30,176,35.86666666666667,0.4685712456703186,1.0391819521261432
COHFACE_s16_session3_natural,30,177,35.9,0.2842748761177063,1.192546868193187
COHFACE_s16_session3_natural,30,178,35.93333333333333,0.07959314435720444,1.282521316949555
COHFACE_s16_session3_natural,30,179,35.96666666666667,-0.10294405370950699,1.2971940112826967
COHFACE_s16_session3_natural,30,180,36.0,-0.2594784200191498,1.2351391590925533
COHFACE_s16_session3_natural,30,181,36.03333333333333,-0.41005536913871765,1.1059275244013889
COHFACE_s16_session3_natural,30,182,36.06666666666667,-0.5413851737976074,0.925469571186365
COHFACE_s16_session3_natural,30,183,36.1,-0.6622931361198425,0.709018231007056
COHFACE_s16_session3_natural,30,184,36.13333333333333,-0.7733558416366577,0.46652784039769213
COHFACE_s16_session3_natural,30,185,36.166666666666664,-0.8739227652549744,0.2035141028400983
COHFACE_s16_session3_natural,30,186,36.2,-0.9666992425918579,-0.0734914271111876
COHFACE_s16_session3_natural,30,187,36.233333333333334,-1.0548043251037598,-0.3512353396653533
COHFACE_s16_session3_natural,30,188,36.266666666666666,-1.1355476379394531,-0.6082599538110227
COHFACE_s16_session3_natural,30,189,36.3,-1.2064012289047241,-0.8191431853998522
COHFACE_s16_session3_natural,30,190,36.333333333333336,-1.2750523090362549,-0.962093090763004
COHFACE_s16_session3_natural,30,191,36.36666666666667,-1.3335919380187988,-1.0254201123043902
COHFACE_s16_session3_natural,30,192,36.4,-1.3895593881607056,-1.0095060037455847
COHFACE_s16_session3_natural,30,193,36.43333333333333,-1.4439154863357544,-0.9242558606108748
COHFACE_s16_session3_natural,30,194,36.46666666666667,-1.4213570356369019,-0.7850836008050786
COHFACE_s16_session3_natural,30,195,36.5,-1.08368980884552,-0.610386547804848
COHFACE_s16_session3_natural,30,196,36.53333333333333,-0.3193041682243347,-0.42012781337222666
COHFACE_s16_session3_natural,30,197,36.56666666666667,0.5401492118835449,-0.23317509912296208
COHFACE_s16_session3_natural,30,198,36.6,1.1305272579193115,-0.0635120619928474
COHFACE_s16_session3_natural,30,199,36.63333333333333,1.41853928565979,0.08168167224649678
COHFACE_s16_session3_natural,30,200,36.666666666666664,1.51903235912323,0.20028536066170008
COHFACE_s16_session3_natural,30,201,36.7,1.5366681814193726,0.29143281380644115
COHFACE_s16_session3_natural,30,202,36.733333333333334,1.459221363067627,0.35283176462913535
COHFACE_s16_session3_natural,30,203,36.766666666666666,1.2709189653396606,0.3810835429883306
COHFACE_s16_session3_natural,30,204,36.8,1.0392587184906006,0.3741599666029615
COHFACE_s16_session3_natural,30,205,36.833333333333336,0.860683262348175,0.33358674481440254
COHFACE_s16_session3_natural,30,206,36.86666666666667,0.7397900819778442,0.26477385894682515
COHFACE_s16_session3_natural,30,207,36.9,0.633250892162323,0.1758622884560122
COHFACE_s16_session3_natural,30,208,36.93333333333333,0.4970279932022095,0.07635390639104174
COHFACE_s16_session3_natural,30,209,36.96666666666667,0.30766117572784424,-0.023572062102309936
COHFACE_s16_session3_natural,30,210,37.0,0.10085071623325348,-0.11299270297430701
COHFACE_s16_session3_natural,30,211,37.03333333333333,-0.08153865486383438,-0.18010850279151838
COHFACE_s16_session3_natural,30,212,37.06666666666667,-0.2516583502292633,-0.21305076746204382
COHFACE_s16_session3_natural,30,213,37.1,-0.4017918109893799,-0.20235569790570723
COHFACE_s16_session3_natural,30,214,37.13333333333333,-0.5312885642051697,-0.14494887794769856
COHFACE_s16_session3_natural,30,215,37.166666666666664,-0.6491513252258301,-0.04818888515059487
COHFACE_s16_session3_natural,30,216,37.2,-0.7542713284492493,0.06854847367811306
COHFACE_s16_session3_natural,30,217,37.233333333333334,-0.8541582822799683,0.17694645789929553
COHFACE_s16_session3_natural,30,218,37.266666666666666,-0.9560999870300293,0.24753150625603748
COHFACE_s16_session3_natural,30,219,37.3,-1.0401841402053833,0.2594763866012607
COHFACE_s16_session3_natural,30,220,37.333333333333336,-1.1183552742004395,0.20821733238185453
COHFACE_s16_session3_natural,30,221,37.36666666666667,-1.191056728363037,0.10734347008502063
COHFACE_s16_session3_natural,30,222,37.4,-1.2545634508132935,-0.016169338276716065
COHFACE_s16_session3_natural,30,223,37.43333333333333,-1.3083281517028809,-0.13112341817745732
COHFACE_s16_session3_natural,30,224,37.46666666666667,-1.3654043674468994,-0.21142736569849713
COHFACE_s16_session3_natural,30,225,37.5,-1.4207360744476318,-0.24185217208286616
COHFACE_s16_session3_natural,30,226,37.53333333333333,-1.4350754022598267,-0.21919065215876082
COHFACE_s16_session3_natural,30,227,37.56666666666667,-1.2222630977630615,-0.15040627305373663
COHFACE_s16_session3_natural,30,228,37.6,-0.5598044395446777,-0.04984104584571159
COHFACE_s16_session3_natural,30,229,37.63333333333333,0.3188517093658447,0.06366085942081137
COHFACE_s16_session3_natural,30,230,37.666666666666664,1.0071802139282227,0.1700699980746473
COHFACE_s16_session3_natural,30,231,37.7,1.3596301078796387,0.25221511964317156
COHFACE_s16_session3_natural,30,232,37.733333333333334,1.4746545553207397,0.2995425290178983
COHFACE_s16_session3_natural,30,233,37.766666666666666,1.488195538520813,0.3098013701397215
COHFACE_s16_session3_natural,30,234,37.8,1.422560214996338,0.28788566188327375
COHFACE_s16_session3_natural,30,235,37.833333333333336,1.229882001876831,0.24274229127585575
COHFACE_s16_session3_natural,30,236,37.86666666666667,1.0026862621307373,0.18393164606107518
COHFACE_s16_session3_natural,30,237,37.9,0.8286490440368652,0.11904063776955873
COHFACE_s16_session3_natural,30,238,37.93333333333333,0.7166550755500793,0.052463227534231854
COHFACE_s16_session3_natural,30,239,37.96666666666667,0.6328369975090027,-0.014409642625340393
COHFACE_s16_session3_natural,31,0,31.0,-0.6743558645248413,0.006589203722302135
COHFACE_s16_session3_natural,31,1,31.033333333333335,-0.7892916202545166,-0.5966592305756603
COHFACE_s16_session3_natural,31,2,31.066666666666666,-0.877174973487854,-1.1291042800536573
COHFACE_s16_session3_natural,31,3,31.1,-0.9534834623336792,-1.538756896724764
COHFACE_s16_session3_natural,31,4,31.133333333333333,-1.037951946258545,-1.8082925128827407
COHFACE_s16_session3_natural,31,5,31.166666666666668,-1.1125900745391846,-1.9562597360151992
COHFACE_s16_session3_natural,31,6,31.2,-1.1779297590255737,-2.024272469241106
COHFACE_s16_session3_natural,31,7,31.233333333333334,-1.252227783203125,-2.0560563180311924
COHFACE_s16_session3_natural,31,8,31.266666666666666,-1.3189865350723267,-2.0775591167126315
COHFACE_s16_session3_natural,31,9,31.3,-1.3011289834976196,-2.0860294673088893
COHFACE_s16_session3_natural,31,10,31.333333333333332,-0.9913716316223145,-2.052108170591261
COHFACE_s16_session3_natural,31,11,31.366666666666667,-0.26380977034568787,-1.9339989615584354
COHFACE_s16_session3_natural,31,12,31.4,0.5826939344406128,-1.6979674237246876
COHFACE_s16_session3_natural,31,13,31.433333333333334,1.1731458902359009,-1.3366088653824955
COHFACE_s16_session3_natural,31,14,31.466666666666665,1.438702940940857,-0.8769874719446852
COHFACE_s16_session3_natural,31,15,31.5,1.521101951599121,-0.3749668734779449
COHFACE_s16_session3_natural,31,16,31.533333333333335,1.4983069896697998,0.1017963133027595
COHFACE_s16_session3_natural,31,17,31.566666666666666,1.3627344369888306,0.4948050477800686
COHFACE_s16_session3_natural,31,18,31.6,1.1228550672531128,0.7711263929470568
COHFACE_s16_session3_natural,31,19,31.633333333333333,0.8958070278167725,0.9295143379470077
COHFACE_s16_session3_natural,31,20,31.666666666666668,0.7486301064491272,0.9953259126311028
COHFACE_s16_session3_natural,31,21,31.7,0.6524980068206787,1.007706038906367
COHFACE_s16_session3_natural,31,22,31.733333333333334,0.5476292967796326,1.0047027324462963
COHFACE_s16_session3_natural,31,23,31.766666666666666,0.39031144976615906,1.0117733840262366
COHFACE_s16_session3_natural,31,24,31.8,0.19863849878311157,1.0372061144191567
COHFACE_s16_session3_natural,31,25,31.833333333333332,0.002102053491398692,1.0748094774353891
COHFACE_s16_session3_natural,31,26,31.866666666666667,-0.18042036890983582,1.1108750955867306
COHFACE_s16_session3_natural,31,27,31.9,-0.3456469774246216,1.1310561030532695
COHFACE_s16_session3_natural,31,28,31.933333333333334,-0.4776124656200409,1.1244832169920493
COHFACE_s16_session3_natural,31,29,31.966666666666665,-0.5920012593269348,1.085253578013016
COHFACE_s16_session3_natural,31,30,32.0,-0.693203866481781,1.012834824197743
COHFACE_s16_session3_natural,31,31,32.03333333333333,-0.789513349533081,0.9122860791105675
COHFACE_s16_session3_natural,31,32,32.06666666666667,-0.8932733535766602,0.7936004655615251
COHFACE_s16_session3_natural,31,33,32.1,-0.9735732078552246,0.6688796432585015
COHFACE_s16_session3_natural,31,34,32.13333333333333,-1.0503103733062744,0.5474616999131763
COHFACE_s16_session3_natural,31,35,32.166666666666664,-1.1290727853775024,0.4311604535613699
COHFACE_s16_session3_natural,31,36,32.2,-1.1884845495224,0.312439531328614
COHFACE_s16_session3_natural,31,37,32.233333333333334,-1.230497121810913,0.17705003380624335
COHFACE_s16_session3_natural,31,38,32.266666666666666,-1.2970932722091675,0.010240934136453453
COHFACE_s16_session3_natural,31,39,32.3,-1.3645912408828735,-0.19616059150156945
COHFACE_s16_session3_natural,31,40,32.333333333333336,-1.3976750373840332,-0.4385334445461881
COHFACE_s16_session3_natural,31,41,32.36666666666667,-1.255391240119934,-0.6997138935290163
COHFACE_s16_session3_natural,31,42,32.4,-0.7153335809707642,-0.9511876464370312
COHFACE_s16_session3_natural,31,43,32.43333333333333,0.08243142813444138,-1.15889319624566
COHFACE_s16_session3_natural,31,44,32.46666666666667,0.7318221926689148,-1.291548558304899
COHFACE_s16_session3_natural,31,45,32.5,1.048128366470337,-1.3293487150847245
COHFACE_s16_session3_natural,31,46,32.53333333333333,1.1341490745544434,-1.2698286345058816
COHFACE_s16_session3_natural,31,47,32.56666666666667,1.1179176568984985,-1.1280467486819807
COHFACE_s16_session3_natural,31,48,32.6,1.00431227684021,-0.9307737209591895
COHFACE_s16_session3_natural,31,49,32.63333333333333,0.788100004196167,-0.7076411851743002
COHFACE_s16_session3_natural,31,50,32.666666666666664,0.5792199969291687,-0.48390681338237074
COHFACE_s16_session3_natural,31,51,32.7,0.4657033681869507,-0.2781363164245841
COHFACE_s16_session3_natural,31,52,32.733333333333334,0.40629157423973083,-0.10427564771756176
COHFACE_s16_session3_natural,31,53,32.766666666666666,0.3434353768825531,0.025558145644143694
COHFACE_s16_session3_natural,31,54,32.8,0.2267552614212036,0.10102367660853463
COHFACE_s16_session3_natural,31,55,32.833333333333336,0.05325031280517578,0.11678288375054684
COHFACE_s16_session3_natural,31,56,32.86666666666667,-0.130750373005867,0.07657653201012045
COHFACE_s16_session3_natural,31,57,32.9,-0.29265087842941284,-0.004840487570219798
COHFACE_s16_session3_natural,31,58,32.93333333333333,-0.4320816397666931,-0.10280361833116727
COHFACE_s16_session3_natural,31,59,32.96666666666667,-0.5492052435874939,-0.18626585313884028
COHFACE_s16_session3_natural,31,60,33.0,-0.6541774272918701,-0.22407885263725402
COHFACE_s16_session3_natural,31,61,33.03333333333333,-0.7399616241455078,-0.1942283410149034
COHFACE_s16_session3_natural,31,62,33.06666666666667,-0.8097213506698608,-0.09255159839307643
COHFACE_s16_session3_natural,31,63,33.1,-0.8828811049461365,0.06507589569547415
COHFACE_s16_session3_natural,31,64,33.13333333333333,-0.9537051916122437,0.24983145555338457
COHFACE_s16_session3_natural,31,65,33.166666666666664,-1.0174630880355835,0.43258025727157473
COHFACE_s16_session3_natural,31,66,33.2,-1.0847097635269165,0.5943123125776939
COHFACE_s16_session3_natural,31,67,33.233333333333334,-1.1520894765853882,0.7284104012080342
COHFACE_s16_session3_natural,31,68,33.266666666666666,-1.2139848470687866,0.8352315808269235
COHFACE_s16_session3_natural,31,69,33.3,-1.2840993404388428,0.9147941740336776
COHFACE_s16_session3_natural,31,70,33.333333333333336,-1.3341832160949707,0.9629570996658354
COHFACE_s16_session3_natural,31,71,33.36666666666667,-1.3000351190567017,0.9724842454321989
COHFACE_s16_session3_natural,31,72,33.4,-0.9799149632453918,0.9371637122913974
COHFACE_s16_session3_natural,31,73,33.43333333333333,-0.30465447902679443,0.8560450808434451
COHFACE_s16_session3_natural,31,74,33.46666666666667,0.3923957943916321,0.7353145381941995
COHFACE_s16_session3_natural,31,75,33.5,0.8082045316696167,0.5867949607879527
COHFACE_s16_session3_natural,31,76,33.53333333333333,0.9538736343383789,0.4238938881119795
COHFACE_s16_session3_natural,31,77,33.56666666666667,0.9507840275764465,0.25713824465895885
COHFACE_s16_session3_natural,31,78,33.6,0.8522866368293762,0.09154989575535204
COHFACE_s16_session3_natural,31,79,33.63333333333333,0.6457422971725464,-0.0730405503849912
COHFACE_s16_session3_natural,31,80,33.666666666666664,0.4304317831993103,-0.23935977834106253
COHFACE_s16_session3_natural,31,81,33.7,0.31194815039634705,-0.40923227815443713
COHFACE_s16_session3_natural,31,82,33.733333333333334,0.26644691824913025,-0.5802381007941432
COHFACE_s16_session3_natural,31,83,33.766666666666666,0.22629700601100922,-0.7428229924842094
COHFACE_s16_session3_natural,31,84,33.8,0.13885712623596191,-0.8787672891322071
COHFACE_s16_session3_natural,31,85,33.833333333333336,-0.004624090623110533,-0.9627501425636283
COHFACE_s16_session3_natural,31,86,33.86666666666667,-0.17258551716804504,-0.9683173875890838
COHFACE_s16_session3_natural,31,87,33.9,-0.3300807774066925,-0.8776109928239418
COHFACE_s16_session3_natural,31,88,33.93333333333333,-0.46404191851615906,-0.6916063714433652
COHFACE_s16_session3_natural,31,89,33.96666666666667,-0.5783863663673401,-0.4357524749193382
COHFACE_s16_session3_natural,31,90,34.0,-0.6743558645248413,-0.1564216453326837
COHFACE_s16_session3_natural,31,91,34.03333333333333,-0.7641462087631226,0.09233378355076334
COHFACE_s16_session3_natural,31,92,34.06666666666667,-0.8378824591636658,0.2659718467211972
COHFACE_s16_session3_natural,31,93,34.1,-0.9101552367210388,0.3417334435848793
COHFACE_s16_session3_natural,31,94,34.13333333333333,-0.9830045700073242,0.3206298920377544
COHFACE_s16_session3_natural,31,95,34.166666666666664,-1.0481373071670532,0.22050383472195406
COHFACE_s16_session3_natural,31,96,34.2,-1.111939549446106,0.0659684226925646
COHFACE_s16_session3_natural,31,97,34.233333333333334,-1.1670200824737549,-0.11890603201728123
COHFACE_s16_session3_natural,31,98,34.266666666666666,-1.2204447984695435,-0.3125649845139997
COHFACE_s16_session3_natural,31,99,34.3,-1.2803740501403809,-0.49388606246505873
COHFACE_s16_session3_natural,31,100,34.333333333333336,-1.3392832279205322,-0.6393874419017163
COHFACE_s16_session3_natural,31,101,34.36666666666667,-1.3143595457077026,-0.7230202071177043
COHFACE_s16_session3_natural,31,102,34.4,-0.9913567900657654,-0.7203821357024485
COHFACE_s16_session3_natural,31,103,34.43333333333333,-0.28882214426994324,-0.6167057211932792
COHFACE_s16_session3_natural,31,104,34.46666666666667,0.47745564579963684,-0.41520517839918064
COHFACE_s16_session3_natural,31,105,34.5,0.9718494415283203,-0.14108678556465754
COHFACE_s16_session3_natural,31,106,34.53333333333333,1.1712241172790527,0.16200511594742928
COHFACE_s16_session3_natural,31,107,34.56666666666667,1.2066435813903809,0.4428016312695613
COHFACE_s16_session3_natural,31,108,34.6,1.1717711687088013,0.6565168833947392
COHFACE_s16_session3_natural,31,109,34.63333333333333,1.04345703125,0.7765554734630843
COHFACE_s16_session3_natural,31,110,34.666666666666664,0.8327438831329346,0.7993733090042072
COHFACE_s16_session3_natural,31,111,34.7,0.6505023241043091,0.7414785992537941
COHFACE_s16_session3_natural,31,112,34.733333333333334,0.548309326171875,0.6312312251600327
COHFACE_s16_session3_natural,31,113,34.766666666666666,0.4751643240451813,0.49994801918782056
COHFACE_s16_session3_natural,31,114,34.8,0.38224005699157715,0.3758660426305116
COHFACE_s16_session3_natural,31,115,34.833333333333336,0.24298670887947083,0.28166894936204423
COHFACE_s16_session3_natural,31,116,34.86666666666667,0.07280787080526352,0.23359507308870422
COHFACE_s16_session3_natural,31,117,34.9,-0.10323970764875412,0.2396625835764609
COHFACE_s16_session3_natural,31,118,34.93333333333333,-0.26385411620140076,0.2967112819655305
COHFACE_s16_session3_natural,31,119,34.96666666666667,-0.39901265501976013,0.3886427281905207
COHFACE_s16_session3_natural,31,120,35.0,-0.5249024033546448,0.48882071496461355
COHFACE_s16_session3_natural,31,121,35.03333333333333,-0.6371625065803528,0.5672528241389567
COHFACE_s16_session3_natural,31,122,35.06666666666667,-0.7224293351173401,0.5994566761521027
COHFACE_s16_session3_natural,31,123,35.1,-0.8050943613052368,0.5723583637546426
COHFACE_s16_session3_natural,31,124,35.13333333333333,-0.8951064348220825,0.4850204777165652
COHFACE_s16_session3_natural,31,125,35.166666666666664,-0.9825758934020996,0.3455823015794674
COHFACE_s16_session3_natural,31,126,35.2,-1.056016445159912,0.1670315399717294
COHFACE_s16_session3_natural,31,127,35.233333333333334,-1.1224796772003174,-0.03648135957123343
COHFACE_s16_session3_natural,31,128,35.266666666666666,-1.1839758157730103,-0.2522269055600308
COHFACE_s16_session3_natural,31,129,35.3,-1.2440972328186035,-0.4702699523419384
COHFACE_s16_session3_natural,31,130,35.333333333333336,-1.305726408958435,-0.6833978222915549
COHFACE_s16_session3_natural,31,131,35.36666666666667,-1.3552042245864868,-0.8854663084585508
COHFACE_s16_session3_natural,31,132,35.4,-1.3252544403076172,-1.068824832203466
COHFACE_s16_session3_natural,31,133,35.43333333333333,-0.9944759607315063,-1.2222705589470655
COHFACE_s16_session3_natural,31,134,35.46666666666667,-0.2528853416442871,-1.3308761357678989
COHFACE_s16_session3_natural,31,135,35.5,0.5804765224456787,-1.378085240457982
COHFACE_s16_session3_natural,31,136,35.53333333333333,1.1446892023086548,-1.3493381835024683
COHFACE_s16_session3_natural,31,137,35.56666666666667,1.4033721685409546,-1.2359057039370414
COHFACE_s16_session3_natural,31,138,35.6,1.4932955503463745,-1.037823802525085
COHFACE_s16_session3_natural,31,139,35.63333333333333,1.516149640083313,-0.7652581360158576
COHFACE_s16_session3_natural,31,140,35.666666666666664,1.43905770778656,-0.4377927290075445
COHFACE_s16_session3_natural,31,141,35.7,1.2399786710739136,-0.0814729090827327
COHFACE_s16_session3_natural,31,142,35.733333333333334,1.0115114450454712,0.27566616158141616
COHFACE_s16_session3_natural,31,143,35.766666666666666,0.8376517295837402,0.6079977024194381
COHFACE_s16_session3_natural,31,144,35.8,0.7198185920715332,0.8950367712332937
COHFACE_s16_session3_natural,31,145,35.833333333333336,0.6072332859039307,1.1218436053541996
COHFACE_s16_session3_natural,31,146,35.86666666666667,0.4685712456703186,1.2777840591804717
COHFACE_s16_session3_natural,31,147,35.9,0.2842748761177063,1.3553812585616074
COHFACE_s16_session3_natural,31,148,35.93333333333333,0.07959314435720444,1.3509796129884584
COHFACE_s16_session3_natural,31,149,35.96666666666667,-0.10294405370950699,1.2673451318063746
COHFACE_s16_session3_natural,31,150,36.0,-0.2594784200191498,1.1158912708354145
COHFACE_s16_session3_natural,31,151,36.03333333333333,-0.41005536913871765,0.9155030691582657
COHFACE_s16_session3_natural,31,152,36.06666666666667,-0.5413851737976074,0.6873765075287989
COHFACE_s16_session3_natural,31,153,36.1,-0.6622931361198425,0.44870421722491405
COHFACE_s16_session3_natural,31,154,36.13333333333333,-0.7733558416366577,0.20928933823616594
COHFACE_s16_session3_natural,31,155,36.166666666666664,-0.8739227652549744,-0.026732093434505784
COHFACE_s16_session3_natural,31,156,36.2,-0.9666992425918579,-0.2555949566711927
COHFACE_s16_session3_natural,31,157,36.233333333333334,-1.0548043251037598,-0.46914109772218576
COHFACE_s16_session3_natural,31,158,36.266666666666666,-1.1355476379394531,-0.6540032005911158
COHFACE_s16_session3_natural,31,159,36.3,-1.2064012289047241,-0.7950595178308766
COHFACE_s16_session3_natural,31,160,36.333333333333336,-1.2750523090362549,-0.8804467563707302
COHFACE_s16_session3_natural,31,161,36.36666666666667,-1.3335919380187988,-0.9045343149518811
COHFACE_s16_session3_natural,31,162,36.4,-1.3895593881607056,-0.867168155429965
COHFACE_s16_session3_natural,31,163,36.43333333333333,-1.4439154863357544,-0.7708120877009877
COHFACE_s16_session3_natural,31,164,36.46666666666667,-1.4213570356369019,-0.6193538952586423
COHFACE_s16_session3_natural,31,165,36.5,-1.08368980884552,-0.42077540917523415
COHFACE_s16_session3_natural,31,166,36.53333333333333,-0.3193041682243347,-0.19115784253349938
COHFACE_s16_session3_natural,31,167,36.56666666666667,0.5401492118835449,0.04499032775836739
COHFACE_s16_session3_natural,31,168,36.6,1.1305272579193115,0.25977115501096015
COHFACE_s16_session3_natural,31,169,36.63333333333333,1.41853928565979,0.4290908427641877
COHFACE_s16_session3_natural,31,170,36.666666666666664,1.51903235912323,0.5377836372464736
COHFACE_s16_session3_natural,31,171,36.7,1.5366681814193726,0.5809272636967168
COHFACE_s16_session3_natural,31,172,36.733333333333334,1.459221363067627,0.5623609312941893
COHFACE_s16_session3_natural,31,173,36.766666666666666,1.2709189653396606,0.49244146672096645
COHFACE_s16_session3_natural,31,174,36.8,1.0392587184906006,0.3861960798179951
COHFACE_s16_session3_natural,31,175,36.833333333333336,0.860683262348175,0.2616684149121147
COHFACE_s16_session3_natural,31,176,36.86666666666667,0.7397900819778442,0.13780849193376316
COHFACE_s16_session3_natural,31,177,36.9,0.633250892162323,0.03156614537653086
COHFACE_s16_session3_natural,31,178,36.93333333333333,0.4970279932022095,-0.04566027914199722
COHFACE_s16_session3_natural,31,179,36.96666666666667,0.30766117572784424,-0.09108787098715583
COHFACE_s16_session3_natural,31,180,37.0,0.10085071623325348,-0.11082337080286561
COHFACE_s16_session3_natural,31,181,37.03333333333333,-0.08153865486383438,-0.11579576300464427
COHFACE_s16_session3_natural,31,182,37.06666666666667,-0.2516583502292633,-0.1151966750760254
COHFACE_s16_session3_natural,31,183,37.1,-0.4017918109893799,-0.11200988520551146
COHFACE_s16_session3_natural,31,184,37.13333333333333,-0.5312885642051697,-0.10401176655852389
COHFACE_s16_session3_natural,31,185,37.166666666666664,-0.6491513252258301,-0.08944580092116446
COHFACE_s16_session3_natural,31,186,37.2,-0.7542713284492493,-0.072803194793919
COHFACE_s16_session3_natural,31,187,37.233333333333334,-0.8541582822799683,-0.06585218192238936
COHFACE_s16_session3_natural,31,188,37.266666666666666,-0.9560999870300293,-0.08275712420518938
COHFACE_s16_session3_natural,31,189,37.3,-1.0401841402053833,-0.13248078231764682
COHFACE_s16_session3_natural,31,190,37.333333333333336,-1.1183552742004395,-0.21309387202397223
COHFACE_s16_session3_natural,31,191,37.36666666666667,-1.191056728363037,-0.31096402156319375
COHFACE_s16_session3_natural,31,192,37.4,-1.2545634508132935,-0.4048960919576199
COHFACE_s16_session3_natural,31,193,37.43333333333333,-1.3083281517028809,-0.47284080209370966
COHFACE_s16_session3_natural,31,194,37.46666666666667,-1.3654043674468994,-0.4978977856448737
COHFACE_s16_session3_natural,31,195,37.5,-1.4207360744476318,-0.471383356008031
COHFACE_s16_session3_natural,31,196,37.53333333333333,-1.4350754022598267,-0.39299212703674424
COHFACE_s16_session3_natural,31,197,37.56666666666667,-1.2222630977630615,-0.269764500391799
COHFACE_s16_session3_natural,31,198,37.6,-0.5598044395446777,-0.11536994867680009
COHFACE_s16_session3_natural,31,199,37.63333333333333,0.3188517093658447,0.05034271237767031
COHFACE_s16_session3_natural,31,200,37.666666666666664,1.0071802139282227,0.2029510147051764
COHFACE_s16_session3_natural,31,201,37.7,1.3596301078796387,0.31749372166232764
COHFACE_s16_session3_natural,31,202,37.733333333333334,1.4746545553207397,0.37444544915258254
COHFACE_s16_session3_natural,31,203,37.766666666666666,1.488195538520813,0.36547508171776166
COHFACE_s16_session3_natural,31,204,37.8,1.422560214996338,0.2967926162894247
COHFACE_s16_session3_natural,31,205,37.833333333333336,1.229882001876831,0.18893375540720034
COHFACE_s16_session3_natural,31,206,37.86666666666667,1.0026862621307373,0.07281851834980205
COHFACE_s16_session3_natural,31,207,37.9,0.8286490440368652,-0.017221651208957047
COHFACE_s16_session3_natural,31,208,37.93333333333333,0.7166550755500793,-0.05180598166629679
COHFACE_s16_session3_natural,31,209,37.96666666666667,0.6328369975090027,-0.013990248141788415
COHFACE_s16_session3_natural,31,210,38.0,0.5143976807594299,0.09619507410028724
COHFACE_s16_session3_natural,31,211,38.03333333333333,0.3443519175052643,0.2612831152872762
COHFACE_s16_session3_natural,31,212,38.06666666666667,0.14203540980815887,0.4499349771315154
COHFACE_s16_session3_natural,31,213,38.1,-0.052106231451034546,0.6237570898231358
COHFACE_s16_session3_natural,31,214,38.13333333333333,-0.21492326259613037,0.7464265790611262
COHFACE_s16_session3_natural,31,215,38.166666666666664,-0.36495324969291687,0.7935453684069166
COHFACE_s16_session3_natural,31,216,38.2,-0.501885712146759,0.760166375959135
COHFACE_s16_session3_natural,31,217,38.233333333333334,-0.6152249574661255,0.662312807890096
COHFACE_s16_session3_natural,31,218,38.266666666666666,-0.7115640044212341,0.530676344307064
COHFACE_s16_session3_natural,31,219,38.3,-0.8064247965812683,0.39838476854331495
COHFACE_s16_session3_natural,31,220,38.333333333333336,-0.9014186859130859,0.2880585129188366
COHFACE_s16_session3_natural,31,221,38.36666666666667,-0.9868776798248291,0.2038889443422649
COHFACE_s16_session3_natural,31,222,38.4,-1.0664383172988892,0.13154327990491774
COHFACE_s16_session3_natural,31,223,38.43333333333333,-1.1443285942077637,0.04491164753910404
COHFACE_s16_session3_natural,31,224,38.46666666666667,-1.2100821733474731,-0.0832142026094368
COHFACE_s16_session3_natural,31,225,38.5,-1.2657392024993896,-0.2696688977519742
COHFACE_s16_session3_natural,31,226,38.53333333333333,-1.3224900960922241,-0.5116326699269454
COHFACE_s16_session3_natural,31,227,38.56666666666667,-1.3731800317764282,-0.7822984816108796
COHFACE_s16_session3_natural,31,228,38.6,-1.4025533199310303,-1.0335546695858224
COHFACE_s16_session3_natural,31,229,38.63333333333333,-1.2907072305679321,-1.2062235576636973
COHFACE_s16_session3_natural,31,230,38.666666666666664,-0.7880350947380066,-1.246108713349528
COHFACE_s16_session3_natural,31,231,38.7,0.056103382259607315,-1.1218858785145251
COHFACE_s16_session3_natural,31,232,38.733333333333334,0.8349612951278687,-0.8395837354747476
COHFACE_s16_session3_natural,31,233,38.766666666666666,1.2664693593978882,-0.44816934556406607
COHFACE_s16_session3_natural,31,234,38.8,1.398168683052063,-0.03191453718267743
COHFACE_s16_session3_natural,31,235,38.833333333333336,1.3871703147888184,0.31099330996203295
COHFACE_s16_session3_natural,31,236,38.86666666666667,1.298296570777893,0.4979799765495324
COHFACE_s16_session3_natural,31,237,38.9,1.1128766536712646,0.489260683831465
COHFACE_s16_session3_natural,31,238,38.93333333333333,0.8878539204597473,0.30215490295605685
COHFACE_s16_session3_natural,31,239,38.96666666666667,0.7362126111984253,0.006821821677422301
COHFACE_s16_session3_natural,32,0,32.0,-0.693203866481781,0.10051262616894285
COHFACE_s16_session3_natural,32,1,32.03333333333333,-0.789513349533081,-0.34190468426936854
COHFACE_s16_session3_natural,32,2,32.06666666666667,-0.8932733535766602,-0.702879511959854
COHFACE_s16_session3_natural,32,3,32.1,-0.9735732078552246,-0.9234351617466369
COHFACE_s16_session3_natural,32,4,32.13333333333333,-1.0503103733062744,-0.9847407274491101
COHFACE_s16_session3_natural,32,5,32.166666666666664,-1.1290727853775024,-0.9108089465503195
COHFACE_s16_session3_natural,32,6,32.2,-1.1884845495224,-0.7564449603500086
COHFACE_s16_session3_natural,32,7,32.233333333333334,-1.230497121810913,-0.5865897331730527
COHFACE_s16_session3_natural,32,8,32.266666666666666,-1.2970932722091675,-0.4563780636366719
COHFACE_s16_session3_natural,32,9,32.3,-1.3645912408828735,-0.3987643000384052
COHFACE_s16_session3_natural,32,10,32.333333333333336,-1.3976750373840332,-0.4210426261386457
COHFACE_s16_session3_natural,32,11,32.36666666666667,-1.255391240119934,-0.507423025890597
COHFACE_s16_session3_natural,32,12,32.4,-0.7153335809707642,-0.6247114080267292
COHFACE_s16_session3_natural,32,13,32.43333333333333,0.08243142813444138,-0.7302694975522961
COHFACE_s16_session3_natural,32,14,32.46666666666667,0.7318221926689148,-0.782466422369726
COHFACE_s16_session3_natural,32,15,32.5,1.048128366470337,-0.7524813042717536
COHFACE_s16_session3_natural,32,16,32.53333333333333,1.1341490745544434,-0.6336918853514684
COHFACE_s16_session3_natural,32,17,32.56666666666667,1.1179176568984985,-0.4438686167261678
COHFACE_s16_session3_natural,32,18,32.6,1.00431227684021,-0.21801622314560581
COHFACE_s16_session3_natural,32,19,32.63333333333333,0.788100004196167,0.005203818084643003
COHFACE_s16_session3_natural,32,20,32.666666666666664,0.5792199969291687,0.19633315320600483
COHFACE_s16_session3_natural,32,21,32.7,0.4657033681869507,0.3404452493449465
COHFACE_s16_session3_natural,32,22,32.733333333333334,0.40629157423973083,0.4336299314501017
COHFACE_s16_session3_natural,32,23,32.766666666666666,0.3434353768825531,0.4754769214539234
COHFACE_s16_session3_natural,32,24,32.8,0.2267552614212036,0.4642016229360521
COHFACE_s16_session3_natural,32,25,32.833333333333336,0.05325031280517578,0.3978663001947206
COHFACE_s16_session3_natural,32,26,32.86666666666667,-0.130750373005867,0.27992838373473294
COHFACE_s16_session3_natural,32,27,32.9,-0.29265087842941284,0.12450069623380246
COHFACE_s16_session3_natural,32,28,32.93333333333333,-0.4320816397666931,-0.041880640975769705
COHFACE_s16_session3_natural,32,29,32.96666666666667,-0.5492052435874939,-0.18303951277158523
COHFACE_s16_session3_natural,32,30,33.0,-0.6541774272918701,-0.2614724127248591
COHFACE_s16_session3_natural,32,31,33.03333333333333,-0.7399616241455078,-0.2515689715250768
COHFACE_s16_session3_natural,32,32,33.06666666666667,-0.8097213506698608,-0.15179292427445473
COHFACE_s16_session3_natural,32,33,33.1,-0.8828811049461365,0.012821833223080345
COHFACE_s16_session3_natural,32,34,33.13333333333333,-0.9537051916122437,0.2010796142759553
COHFACE_s16_session3_natural,32,35,33.166666666666664,-1.0174630880355835,0.3732357109840303
COHFACE_s16_session3_natural,32,36,33.2,-1.0847097635269165,0.5055758092242968
COHFACE_s16_session3_natural,32,37,33.233333333333334,-1.1520894765853882,0.5944630361514149
COHFACE_s16_session3_natural,32,38,33.266666666666666,-1.2139848470687866,0.6499027441671658
COHFACE_s16_session3_natural,32,39,33.3,-1.2840993404388428,0.6848724319908462
COHFACE_s16_session3_natural,32,40,33.333333333333336,-1.3341832160949707,0.7070477260609109
COHFACE_s16_session3_natural,32,41,33.36666666666667,-1.3000351190567017,0.7159965764432888
COHFACE_s16_session3_natural,32,42,33.4,-0.9799149632453918,0.7054652039701671
COHFACE_s16_session3_natural,32,43,33.43333333333333,-0.30465447902679443,0.6684022090513889
COHFACE_s16_session3_natural,32,44,33.46666666666667,0.3923957943916321,0.6016676570293247
COHFACE_s16_session3_natural,32,45,33.5,0.8082045316696167,0.508010298132652
COHFACE_s16_session3_natural,32,46,33.53333333333333,0.9538736343383789,0.3946278065415122
COHFACE_s16_session3_natural,32,47,33.56666666666667,0.9507840275764465,0.26936835711656903
COHFACE_s16_session3_natural,32,48,33.6,0.8522866368293762,0.13644437304246415
COHFACE_s16_session3_natural,32,49,33.63333333333333,0.6457422971725464,-0.00648543439592884
COHFACE_s16_session3_natural,32,50,33.666666666666664,0.4304317831993103,-0.16834637041693057
COHFACE_s16_session3_natural,32,51,33.7,0.31194815039634705,-0.360787220555137
COHFACE_s16_session3_natural,32,52,33.733333333333334,0.26644691824913025,-0.5904156237133987
COHFACE_s16_session3_natural,32,53,33.766666666666666,0.22629700601100922,-0.8491289378637946
COHFACE_s16_session3_natural,32,54,33.8,0.13885712623596191,-1.1071298993409728
COHFACE_s16_session3_natural,32,55,33.833333333333336,-0.004624090623110533,-1.3141149341692573
COHFACE_s16_session3_natural,32,56,33.86666666666667,-0.17258551716804504,-1.4114826264836189
COHFACE_s16_session3_natural,32,57,33.9,-0.3300807774066925,-1.353017885998101
COHFACE_s16_session3_natural,32,58,33.93333333333333,-0.46404191851615906,-1.1260414345258447
COHFACE_s16_session3_natural,32,59,33.96666666666667,-0.5783863663673401,-0.7625903155606568
COHFACE_s16_session3_natural,32,60,34.0,-0.6743558645248413,-0.33308249344138524
COHFACE_s16_session3_natural,32,61,34.03333333333333,-0.7641462087631226,0.07664883941607101
COHFACE_s16_session3_natural,32,62,34.06666666666667,-0.8378824591636658,0.3938846590111246
COHFACE_s16_session3_natural,32,63,34.1,-0.9101552367210388,0.5784091762241853
COHFACE_s16_session3_natural,32,64,34.13333333333333,-0.9830045700073242,0.6252429547469944
COHFACE_s16_session3_natural,32,65,34.166666666666664,-1.0481373071670532,0.5543852626832505
COHFACE_s16_session3_natural,32,66,34.2,-1.111939549446106,0.39713503675777967
COHFACE_s16_session3_natural,32,67,34.233333333333334,-1.1670200824737549,0.18700577096727425
COHFACE_s16_session3_natural,32,68,34.266666666666666,-1.2204447984695435,-0.04260774670743071
COHFACE_s16_session3_natural,32,69,34.3,-1.2803740501403809,-0.25729109988596605
COHFACE_s16_session3_natural,32,70,34.333333333333336,-1.3392832279205322,-0.42187900147091395
COHFACE_s16_session3_natural,32,71,34.36666666666667,-1.3143595457077026,-0.5048611592024401
COHFACE_s16_session3_natural,32,72,34.4,-0.9913567900657654,-0.4860259732938305
COHFACE_s16_session3_natural,32,73,34.43333333333333,-0.28882214426994324,-0.3636876311148245
COHFACE_s16_session3_natural,32,74,34.46666666666667,0.47745564579963684,-0.1574096253254763
COHFACE_s16_session3_natural,32,75,34.5,0.9718494415283203,0.09603999027171199
COHFACE_s16_session3_natural,32,76,34.53333333333333,1.1712241172790527,0.3527502556840932
COHFACE_s16_session3_natural,32,77,34.56666666666667,1.2066435813903809,0.5740409286215711
COHFACE_s16_session3_natural,32,78,34.6,1.1717711687088013,0.7359202973225357
COHFACE_s16_session3_natural,32,79,34.63333333333333,1.04345703125,0.8316341993629583
COHFACE_s16_session3_natural,32,80,34.666666666666664,0.8327438831329346,0.867153536193993
COHFACE_s16_session3_natural,32,81,34.7,0.6505023241043091,0.8532988691390712
COHFACE_s16_session3_natural,32,82,34.733333333333334,0.548309326171875,0.7993920418030908
COHFACE_s16_session3_natural,32,83,34.766666666666666,0.4751643240451813,0.7115122256234717
COHFACE_s16_session3_natural,32,84,34.8,0.38224005699157715,0.5950717867227273
COHFACE_s16_session3_natural,32,85,34.833333333333336,0.24298670887947083,0.4586187610927019
COHFACE_s16_session3_natural,32,86,34.86666666666667,0.07280787080526352,0.3152030789864384
COHFACE_s16_session3_natural,32,87,34.9,-0.10323970764875412,0.1796792876531213
COHFACE_s16_session3_natural,32,88,34.93333333333333,-0.26385411620140076,0.0636558537375253
COHFACE_s16_session3_natural,32,89,34.96666666666667,-0.39901265501976013,-0.028282914664790243
COHFACE_s16_session3_natural,32,90,35.0,-0.5249024033546448,-0.09865081484372527
COHFACE_s16_session3_natural,32,91,35.03333333333333,-0.6371625065803528,-0.15389811742397094
COHFACE_s16_session3_natural,32,92,35.06666666666667,-0.7224293351173401,-0.200535892758985
COHFACE_s16_session3_natural,32,93,35.1,-0.8050943613052368,-0.24294138649452773
COHFACE_s16_session3_natural,32,94,35.13333333333333,-0.8951064348220825,-0.28333954727343713
COHFACE_s16_session3_natural,32,95,35.166666666666664,-0.9825758934020996,-0.32275903909323017
COHFACE_s16_session3_natural,32,96,35.2,-1.056016445159912,-0.3617893978050123
COHFACE_s16_session3_natural,32,97,35.233333333333334,-1.1224796772003174,-0.4009834975266037
COHFACE_s16_session3_natural,32,98,35.266666666666666,-1.1839758157730103,-0.4412887693702031
COHFACE_s16_session3_natural,32,99,35.3,-1.2440972328186035,-0.484559781764283
COHFACE_s16_session3_natural,32,100,35.333333333333336,-1.305726408958435,-0.5335256590997463
COHFACE_s16_session3_natural,32,101,35.36666666666667,-1.3552042245864868,-0.5904391040147604
COHFACE_s16_session3_natural,32,102,35.4,-1.3252544403076172,-0.6544741238021943
COHFACE_s16_session3_natural,32,103,35.43333333333333,-0.9944759607315063,-0.7191788245756929
COHFACE_s16_session3_natural,32,104,35.46666666666667,-0.2528853416442871,-0.7718820512060335
COHFACE_s16_session3_natural,32,105,35.5,0.5804765224456787,-0.7961819009988217
COHFACE_s16_session3_natural,32,106,35.53333333333333,1.1446892023086548,-0.7767436371729037
COHFACE_s16_session3_natural,32,107,35.56666666666667,1.4033721685409546,-0.7040532478662473
COHFACE_s16_session3_natural,32,108,35.6,1.4932955503463745,-0.57682380751808
COHFACE_s16_session3_natural,32,109,35.63333333333333,1.516149640083313,-0.40129551208378583
COHFACE_s16_session3_natural,32,110,35.666666666666664,1.43905770778656,-0.1885455558717167
COHFACE_s16_session3_natural,32,111,35.7,1.2399786710739136,0.04824479091136892
COHFACE_s16_session3_natural,32,112,35.733333333333334,1.0115114450454712,0.2953632269803719
COHFACE_s16_session3_natural,32,113,35.766666666666666,0.8376517295837402,0.539061950235588
COHFACE_s16_session3_natural,32,114,35.8,0.7198185920715332,0.7656465115368988
COHFACE_s16_session3_natural,32,115,35.833333333333336,0.6072332859039307,0.9616936593496906
COHFACE_s16_session3_natural,32,116,35.86666666666667,0.4685712456703186,1.1146592423725912
COHFACE_s16_session3_natural,32,117,35.9,0.2842748761177063,1.2140731643695915
COHFACE_s16_session3_natural,32,118,35.93333333333333,0.07959314435720444,1.253470060282045
COHFACE_s16_session3_natural,32,119,35.96666666666667,-0.10294405370950699,1.2323897854306296
COHFACE_s16_session3_natural,32,120,36.0,-0.2594784200191498,1.1564132932390023
COHFACE_s16_session3_natural,32,121,36.03333333333333,-0.41005536913871765,1.0336174011621486
COHFACE_s16_session3_natural,32,122,36.06666666666667,-0.5413851737976074,0.8690596466424121
COHFACE_s16_session3_natural,32,123,36.1,-0.6622931361198425,0.6617080891413133
COHFACE_s16_session3_natural,32,124,36.13333333333333,-0.7733558416366577,0.4072227314873625
COHFACE_s16_session3_natural,32,125,36.166666666666664,-0.8739227652549744,0.10586942898571518
COHFACE_s16_session3_natural,32,126,36.2,-0.9666992425918579,-0.22924640862344514
COHFACE_s16_session3_natural,32,127,36.233333333333334,-1.0548043251037598,-0.5694866248491327
COHFACE_s16_session3_natural,32,128,36.266666666666666,-1.1355476379394531,-0.8763183198960461
COHFACE_s16_session3_natural,32,129,36.3,-1.2064012289047241,-1.1128706230194303
COHFACE_s16_session3_natural,32,130,36.333333333333336,-1.2750523090362549,-1.2550963539743807
COHFACE_s16_session3_natural,32,131,36.36666666666667,-1.3335919380187988,-1.2963707286581487
COHFACE_s16_session3_natural,32,132,36.4,-1.3895593881607056,-1.24382521885307
COHFACE_s16_session3_natural,32,133,36.43333333333333,-1.4439154863357544,-1.1103798364214206
COHFACE_s16_session3_natural,32,134,36.46666666666667,-1.4213570356369019,-0.9091209978903061
COHFACE_s16_session3_natural,32,135,36.5,-1.08368980884552,-0.6538976412351427
COHFACE_s16_session3_natural,32,136,36.53333333333333,-0.3193041682243347,-0.36346891758095623
COHFACE_s16_session3_natural,32,137,36.56666666666667,0.5401492118835449,-0.0629453077645955
COHFACE_s16_session3_natural,32,138,36.6,1.1305272579193115,0.22020638809925255
COHFACE_s16_session3_natural,32,139,36.63333333333333,1.41853928565979,0.4625715299805415
COHFACE_s16_session3_natural,32,140,36.666666666666664,1.51903235912323,0.6490605197537083
COHFACE_s16_session3_natural,32,141,36.7,1.5366681814193726,0.77310048056676
COHFACE_s16_session3_natural,32,142,36.733333333333334,1.459221363067627,0.8340214209714903
COHFACE_s16_session3_natural,32,143,36.766666666666666,1.2709189653396606,0.8343170249921223
COHFACE_s16_session3_natural,32,144,36.8,1.0392587184906006,0.7785265840012139
COHFACE_s16_session3_natural,32,145,36.833333333333336,0.860683262348175,0.6736192276818145
COHFACE_s16_session3_natural,32,146,36.86666666666667,0.7397900819778442,0.5296884429037375
COHFACE_s16_session3_natural,32,147,36.9,0.633250892162323,0.35985123117076
COHFACE_s16_session3_natural,32,148,36.93333333333333,0.4970279932022095,0.17899642025638363
COHFACE_s16_session3_natural,32,149,36.96666666666667,0.30766117572784424,0.0019082216740899552
COHFACE_s16_session3_natural,32,150,37.0,0.10085071623325348,-0.15820893018366883
COHFACE_s16_session3_natural,32,151,37.03333333333333,-0.08153865486383438,-0.29012267209638587
COHFACE_s16_session3_natural,32,152,37.06666666666667,-0.2516583502292633,-0.3843097987072487
COHFACE_s16_session3_natural,32,153,37.1,-0.4017918109893799,-0.4334211406879248
COHFACE_s16_session3_natural,32,154,37.13333333333333,-0.5312885642051697,-0.4346482232777407
COHFACE_s16_session3_natural,32,155,37.166666666666664,-0.6491513252258301,-0.39350347133274316
COHFACE_s16_session3_natural,32,156,37.2,-0.7542713284492493,-0.3263254074620574
COHFACE_s16_session3_natural,32,157,37.233333333333334,-0.8541582822799683,-0.25819980813428245
COHFACE_s16_session3_natural,32,158,37.266666666666666,-0.9560999870300293,-0.2152470623625142
COHFACE_s16_session3_natural,32,159,37.3,-1.0401841402053833,-0.21408498221632186
COHFACE_s16_session3_natural,32,160,37.333333333333336,-1.1183552742004395,-0.25405757517549477
COHFACE_s16_session3_natural,32,161,37.36666666666667,-1.191056728363037,-0.3172036456336686
COHFACE_s16_session3_natural,32,162,37.4,-1.2545634508132935,-0.3766425584002836
COHFACE_s16_session3_natural,32,163,37.43333333333333,-1.3083281517028809,-0.40881110079957816
COHFACE_s16_session3_natural,32,164,37.46666666666667,-1.3654043674468994,-0.4024372388943584
COHFACE_s16_session3_natural,32,165,37.5,-1.4207360744476318,-0.3593475376939568
COHFACE_s16_session3_natural,32,166,37.53333333333333,-1.4350754022598267,-0.2880837087172027
COHFACE_s16_session3_natural,32,167,37.56666666666667,-1.2222630977630615,-0.1961755915500799
COHFACE_s16_session3_natural,32,168,37.6,-0.5598044395446777,-0.0868294914615656
COHFACE_s16_session3_natural,32,169,37.63333333333333,0.3188517093658447,0.038460557145001954
COHFACE_s16_session3_natural,32,170,37.666666666666664,1.0071802139282227,0.1746300311610339
COHFACE_s16_session3_natural,32,171,37.7,1.3596301078796387,0.3100471428261063
COHFACE_s16_session3_natural,32,172,37.733333333333334,1.4746545553207397,0.428338571903097
COHFACE_s16_session3_natural,32,173,37.766666666666666,1.488195538520813,0.5138412445173953
COHFACE_s16_session3_natural,32,174,37.8,1.422560214996338,0.5576775523989442
COHFACE_s16_session3_natural,32,175,37.833333333333336,1.229882001876831,0.5616912470668124
COHFACE_s16_session3_natural,32,176,37.86666666666667,1.0026862621307373,0.5385179142856511
COHFACE_s16_session3_natural,32,177,37.9,0.8286490440368652,0.5075316948992735
COHFACE_s16_session3_natural,32,178,37.93333333333333,0.7166550755500793,0.4881489331462565
COHFACE_s16_session3_natural,32,179,37.96666666666667,0.6328369975090027,0.4931866347275116
COHFACE_s16_session3_natural,32,180,38.0,0.5143976807594299,0.5248998848774626
COHFACE_s16_session3_natural,32,181,38.03333333333333,0.3443519175052643,0.5749183319572828
COHFACE_s16_session3_natural,32,182,38.06666666666667,0.14203540980815887,0.6273438165846609
COHFACE_s16_session3_natural,32,183,38.1,-0.052106231451034546,0.6631546691052927
COHFACE_s16_session3_natural,32,184,38.13333333333333,-0.21492326259613037,0.6644953581493086
COHFACE_s16_session3_natural,32,185,38.166666666666664,-0.36495324969291687,0.6184022924772785
COHFACE_s16_session3_natural,32,186,38.2,-0.501885712146759,0.5197553383779494
COHFACE_s16_session3_natural,32,187,38.233333333333334,-0.6152249574661255,0.3727495859556172
COHFACE_s16_session3_natural,32,188,38.266666666666666,-0.7115640044212341,0.1897958989012843
COHFACE_s16_session3_natural,32,189,38.3,-0.8064247965812683,-0.012634034181058275
COHFACE_s16_session3_natural,32,190,38.333333333333336,-0.9014186859130859,-0.22003060619816067
COHFACE_s16_session3_natural,32,191,38.36666666666667,-0.9868776798248291,-0.42508496850267086
COHFACE_s16_session3_natural,32,192,38.4,-1.0664383172988892,-0.6295271874446247
COHFACE_s16_session3_natural,32,193,38.43333333333333,-1.1443285942077637,-0.8414385204679021
COHFACE_s16_session3_natural,32,194,38.46666666666667,-1.2100821733474731,-1.0689269260228025
COHFACE_s16_session3_natural,32,195,38.5,-1.2657392024993896,-1.3125359792849338
COHFACE_s16_session3_natural,32,196,38.53333333333333,-1.3224900960922241,-1.5591018202078282
COHFACE_s16_session3_natural,32,197,38.56666666666667,-1.3731800317764282,-1.7792295601950652
COHFACE_s16_session3_natural,32,198,38.6,-1.4025533199310303,-1.9297137920608176
COHFACE_s16_session3_natural,32,199,38.63333333333333,-1.2907072305679321,-1.9614066483472996
COHFACE_s16_session3_natural,32,200,38.666666666666664,-0.7880350947380066,-1.832039817462652
COHFACE_s16_session3_natural,32,201,38.7,0.056103382259607315,-1.5216105031031497
COHFACE_s16_session3_natural,32,202,38.733333333333334,0.8349612951278687,-1.0452691491377741
COHFACE_s16_session3_natural,32,203,38.766666666666666,1.2664693593978882,-0.45717810991588353
COHFACE_s16_session3_natural,32,204,38.8,1.398168683052063,0.15929662426328053
COHFACE_s16_session3_natural,32,205,38.833333333333336,1.3871703147888184,0.7140278551458061
COHFACE_s16_session3_natural,32,206,38.86666666666667,1.298296570777893,1.1370476989016185
COHFACE_s16_session3_natural,32,207,38.9,1.1128766536712646,1.3982364211912113
COHFACE_s16_session3_natural,32,208,38.93333333333333,0.8878539204597473,1.5113453133280934
COHFACE_s16_session3_natural,32,209,38.96666666666667,0.7362126111984253,1.5215881493345236
COHFACE_s16_session3_natural,32,210,39.0,0.6558684706687927,1.483289622098768
COHFACE_s16_session3_natural,32,211,39.03333333333333,0.5918296575546265,1.4378248897200385
COHFACE_s16_session3_natural,32,212,39.06666666666667,0.49117404222488403,1.4011601939482097
COHFACE_s16_session3_natural,32,213,39.1,0.32955440878868103,1.3650641399685177
COHFACE_s16_session3_natural,32,214,39.13333333333333,0.1474902480840683,1.3088685527641788
COHFACE_s16_session3_natural,32,215,39.166666666666664,-0.028572119772434235,1.2138145813290333
COHFACE_s16_session3_natural,32,216,39.2,-0.19823355972766876,1.0724163192424785
COHFACE_s16_session3_natural,32,217,39.233333333333334,-0.34524786472320557,0.8895509097195105
COHFACE_s16_session3_natural,32,218,39.266666666666666,-0.4711376130580902,0.6768720192129196
COHFACE_s16_session3_natural,32,219,39.3,-0.5819342136383057,0.4453849859999368
COHFACE_s16_session3_natural,32,220,39.333333333333336,-0.6717689037322998,0.2014575951040764
COHFACE_s16_session3_natural,32,221,39.36666666666667,-0.7578635215759277,-0.05120981644347179
COHFACE_s16_session3_natural,32,222,39.4,-0.8481121063232422,-0.30574199137614655
COHFACE_s16_session3_natural,32,223,39.43333333333333,-0.9215231537818909,-0.5475276650050993
COHFACE_s16_session3_natural,32,224,39.46666666666667,-0.9924802780151367,-0.7551031710694716
COHFACE_s16_session3_natural,32,225,39.5,-1.0666157007217407,-0.9066449655913555
COHFACE_s16_session3_natural,32,226,39.53333333333333,-1.1243571043014526,-0.9882735758070865
COHFACE_s16_session3_natural,32,227,39.56666666666667,-1.1772348880767822,-0.9992004716695736
COHFACE_s16_session3_natural,32,228,39.6,-1.229994535446167,-0.951117045366223
COHFACE_s16_session3_natural,32,229,39.63333333333333,-1.2847497463226318,-0.8629196144322058
COHFACE_s16_session3_natural,32,230,39.666666666666664,-1.3290832042694092,-0.7540685594557353
COHFACE_s16_session3_natural,32,231,39.7,-1.3015280961990356,-0.639695880315464
COHFACE_s16_session3_natural,32,232,39.733333333333334,-0.959603488445282,-0.5287893241261477
COHFACE_s16_session3_natural,32,233,39.766666666666666,-0.2156180590391159,-0.4249939160205776
COHFACE_s16_session3_natural,32,234,39.8,0.5975505709648132,-0.3288827743073227
COHFACE_s16_session3_natural,32,235,39.833333333333336,1.1150940656661987,-0.2405124465073103
COHFACE_s16_session3_natural,32,236,39.86666666666667,1.2796554565429688,-0.1610266589933225
COHFACE_s16_session3_natural,32,237,39.9,1.2589153051376343,-0.09248811668460803
COHFACE_s16_session3_natural,32,238,39.93333333333333,1.1328481435775757,-0.0363678692898007
COHFACE_s16_session3_natural,32,239,39.96666666666667,0.9199916124343872,0.00779845715381796
COHFACE_s16_session3_natural,33,0,33.0,-0.6541774272918701,-0.12183932141577075
COHFACE_s16_session3_natural,33,1,33.03333333333333,-0.7399616241455078,-0.2843804893246431
COHFACE_s16_session3_natural,33,2,33.06666666666667,-0.8097213506698608,-0.3861620745412835
COHFACE_s16_session3_natural,33,3,33.1,-0.8828811049461365,-0.3906425040138397
COHFACE_s16_session3_natural,33,4,33.13333333333333,-0.9537051916122437,-0.29572909667515995
COHFACE_s16_session3_natural,33,5,33.166666666666664,-1.0174630880355835,-0.13036790545142476
COHFACE_s16_session3_natural,33,6,33.2,-1.0847097635269165,0.061519782133752116
COHFACE_s16_session3_natural,33,7,33.233333333333334,-1.1520894765853882,0.23944294906033062
COHFACE_s16_session3_natural,33,8,33.266666666666666,-1.2139848470687866,0.3777938481696879
COHFACE_s16_session3_natural,33,9,33.3,-1.2840993404388428,0.46762188795196824
COHFACE_s16_session3_natural,33,10,33.333333333333336,-1.3341832160949707,0.5117239885269996
COHFACE_s16_session3_natural,33,11,33.36666666666667,-1.3000351190567017,0.5180443229276385
COHFACE_s16_session3_natural,33,12,33.4,-0.9799149632453918,0.49502677354501223
COHFACE_s16_session3_natural,33,13,33.43333333333333,-0.30465447902679443,0.4499103249578686
COHFACE_s16_session3_natural,33,14,33.46666666666667,0.3923957943916321,0.3890687546829297
COHFACE_s16_session3_natural,33,15,33.5,0.8082045316696167,0.31896030130067343
COHFACE_s16_session3_natural,33,16,33.53333333333333,0.9538736343383789,0.24661613535981763
COHFACE_s16_session3_natural,33,17,33.56666666666667,0.9507840275764465,0.17920651464117404
COHFACE_s16_session3_natural,33,18,33.6,0.8522866368293762,0.12268016434730868
COHFACE_s16_session3_natural,33,19,33.63333333333333,0.6457422971725464,0.07991315522166877
COHFACE_s16_session3_natural,33,20,33.666666666666664,0.4304317831993103,0.049333660063579365
COHFACE_s16_session3_natural,33,21,33.7,0.31194815039634705,0.025130714040470584
COHFACE_s16_session3_natural,33,22,33.733333333333334,0.26644691824913025,-0.000491075526633558
COHFACE_s16_session3_natural,33,23,33.766666666666666,0.22629700601100922,-0.03364028739927048
COHFACE_s16_session3_natural,33,24,33.8,0.13885712623596191,-0.07518317682240366
COHFACE_s16_session3_natural,33,25,33.833333333333336,-0.004624090623110533,-0.1191837674742077
COHFACE_s16_session3_natural,33,26,33.86666666666667,-0.17258551716804504,-0.154762527635038
COHFACE_s16_session3_natural,33,27,33.9,-0.3300807774066925,-0.17125617137143057
COHFACE_s16_session3_natural,33,28,33.93333333333333,-0.46404191851615906,-0.16435259668157554
COHFACE_s16_session3_natural,33,29,33.96666666666667,-0.5783863663673401,-0.13958258369456078
COHFACE_s16_session3_natural,33,30,34.0,-0.6743558645248413,-0.11056689433784946
COHFACE_s16_session3_natural,33,31,34.03333333333333,-0.7641462087631226,-0.09258219384399215
COHFACE_s16_session3_natural,33,32,34.06666666666667,-0.8378824591636658,-0.09547295331704876
COHFACE_s16_session3_natural,33,33,34.1,-0.9101552367210388,-0.1206921599602671
COHFACE_s16_session3_natural,33,34,34.13333333333333,-0.9830045700073242,-0.1640493799976191
COHFACE_s16_session3_natural,33,35,34.166666666666664,-1.0481373071670532,-0.22136428462714308
COHFACE_s16_session3_natural,33,36,34.2,-1.111939549446106,-0.2923181059898566
COHFACE_s16_session3_natural,33,37,34.233333333333334,-1.1670200824737549,-0.3793833040220522
COHFACE_s16_session3_natural,33,38,34.266666666666666,-1.2204447984695435,-0.48240756886330033
COHFACE_s16_session3_natural,33,39,34.3,-1.2803740501403809,-0.5925643707130384
COHFACE_s16_session3_natural,33,40,34.333333333333336,-1.3392832279205322,-0.6898681220906389
COHFACE_s16_session3_natural,33,41,34.36666666666667,-1.3143595457077026,-0.7463885422261742
COHFACE_s16_session3_natural,33,42,34.4,-0.9913567900657654,-0.7342392111774149
COHFACE_s16_session3_natural,33,43,34.43333333333333,-0.28882214426994324,-0.635137597267925
COHFACE_s16_session3_natural,33,44,34.46666666666667,0.47745564579963684,-0.4478693337318666
COHFACE_s16_session3_natural,33,45,34.5,0.9718494415283203,-0.19096130955938728
COHFACE_s16_session3_natural,33,46,34.53333333333333,1.1712241172790527,0.10055673052335487
COHFACE_s16_session3_natural,33,47,34.56666666666667,1.2066435813903809,0.38350495272722546
COHFACE_s16_session3_natural,33,48,34.6,1.1717711687088013,0.6172775488779746
COHFACE_s16_session3_natural,33,49,34.63333333333333,1.04345703125,0.7732246287707922
COHFACE_s16_session3_natural,33,50,34.666666666666664,0.8327438831329346,0.8397480644066249
COHFACE_s16_session3_natural,33,51,34.7,0.6505023241043091,0.8222869142444643
COHFACE_s16_session3_natural,33,52,34.733333333333334,0.548309326171875,0.739617401367518
COHFACE_s16_session3_natural,33,53,34.766666666666666,0.4751643240451813,0.6188342533298027
COHFACE_s16_session3_natural,33,54,34.8,0.38224005699157715,0.49050217787413525
COHFACE_s16_session3_natural,33,55,34.833333333333336,0.24298670887947083,0.383973802612468
COHFACE_s16_session3_natural,33,56,34.86666666666667,0.07280787080526352,0.32230169775133866
COHFACE_s16_session3_natural,33,57,34.9,-0.10323970764875412,0.3169076370813626
COHFACE_s16_session3_natural,33,58,34.93333333333333,-0.26385411620140076,0.3635316239458796
COHFACE_s16_session3_natural,33,59,34.96666666666667,-0.39901265501976013,0.44174913090445855
COHFACE_s16_session3_natural,33,60,35.0,-0.5249024033546448,0.5195711546800109
COHFACE_s16_session3_natural,33,61,35.03333333333333,-0.6371625065803528,0.5623862052921317
COHFACE_s16_session3_natural,33,62,35.06666666666667,-0.7224293351173401,0.5429808927704066
COHFACE_s16_session3_natural,33,63,35.1,-0.8050943613052368,0.44865555799955187
COHFACE_s16_session3_natural,33,64,35.13333333333333,-0.8951064348220825,0.28339085073617054
COHFACE_s16_session3_natural,33,65,35.166666666666664,-0.9825758934020996,0.06563981915263502
COHFACE_s16_session3_natural,33,66,35.2,-1.056016445159912,-0.1766104614608232
COHFACE_s16_session3_natural,33,67,35.233333333333334,-1.1224796772003174,-0.41217904923232723
COHFACE_s16_session3_natural,33,68,35.266666666666666,-1.1839758157730103,-0.6134984554564835
COHFACE_s16_session3_natural,33,69,35.3,-1.2440972328186035,-0.762685476856411
COHFACE_s16_session3_natural,33,70,35.333333333333336,-1.305726408958435,-0.854996757789623
COHFACE_s16_session3_natural,33,71,35.36666666666667,-1.3552042245864868,-0.8979322111114181
COHFACE_s16_session3_natural,33,72,35.4,-1.3252544403076172,-0.9059557870612197
COHFACE_s16_session3_natural,33,73,35.43333333333333,-0.9944759607315063,-0.8930618909675629
COHFACE_s16_session3_natural,33,74,35.46666666666667,-0.2528853416442871,-0.8666139926999958
COHFACE_s16_session3_natural,33,75,35.5,0.5804765224456787,-0.8252254938133486
COHFACE_s16_session3_natural,33,76,35.53333333333333,1.1446892023086548,-0.7612634576201224
COHFACE_s16_session3_natural,33,77,35.56666666666667,1.4033721685409546,-0.6661838540270613
COHFACE_s16_session3_natural,33,78,35.6,1.4932955503463745,-0.5357497908931609
COHFACE_s16_session3_natural,33,79,35.63333333333333,1.516149640083313,-0.3727010269241565
COHFACE_s16_session3_natural,33,80,35.666666666666664,1.43905770778656,-0.18614611388157676
COHFACE_s16_session3_natural,33,81,35.7,1.2399786710739136,0.011290027302443393
COHFACE_s16_session3_natural,33,82,35.733333333333334,1.0115114450454712,0.20671824482091386
COHFACE_s16_session3_natural,33,83,35.766666666666666,0.8376517295837402,0.3891306326908711
COHFACE_s16_session3_natural,33,84,35.8,0.7198185920715332,0.5499587463681632
COHFACE_s16_session3_natural,33,85,35.833333333333336,0.6072332859039307,0.6825171452261183
COHFACE_s16_session3_natural,33,86,35.86666666666667,0.4685712456703186,0.7811862522692683
COHFACE_s16_session3_natural,33,87,35.9,0.2842748761177063,0.8411837005347922
COHFACE_s16_session3_natural,33,88,35.93333333333333,0.07959314435720444,0.8595626632036939
COHFACE_s16_session3_natural,33,89,35.96666666666667,-0.10294405370950699,0.8371905168858405
COHFACE_s16_session3_natural,33,90,36.0,-0.2594784200191498,0.7800286847594902
COHFACE_s16_session3_natural,33,91,36.03333333333333,-0.41005536913871765,0.6977786457441432
COHFACE_s16_session3_natural,33,92,36.06666666666667,-0.5413851737976074,0.599900959756475
COHFACE_s16_session3_natural,33,93,36.1,-0.6622931361198425,0.49141600262948687
COHFACE_s16_session3_natural,33,94,36.13333333333333,-0.7733558416366577,0.37144745981677835
COHFACE_s16_session3_natural,33,95,36.166666666666664,-0.8739227652549744,0.23573450559707812
COHFACE_s16_session3_natural,33,96,36.2,-0.9666992425918579,0.0815805050263341
COHFACE_s16_session3_natural,33,97,36.233333333333334,-1.0548043251037598,-0.08793028011646192
COHFACE_s16_session3_natural,33,98,36.266666666666666,-1.1355476379394531,-0.2628394666684579
COHFACE_s16_session3_natural,33,99,36.3,-1.2064012289047241,-0.4285109873832618
COHFACE_s16_session3_natural,33,100,36.333333333333336,-1.2750523090362549,-0.5694244682428988
COHFACE_s16_session3_natural,33,101,36.36666666666667,-1.3335919380187988,-0.6723474293026872
COHFACE_s16_session3_natural,33,102,36.4,-1.3895593881607056,-0.7275636625604474
COHFACE_s16_session3_natural,33,103,36.43333333333333,-1.4439154863357544,-0.7286480318449581
COHFACE_s16_session3_natural,33,104,36.46666666666667,-1.4213570356369019,-0.6727554810223402
COHFACE_s16_session3_natural,33,105,36.5,-1.08368980884552,-0.5626698632194016
COHFACE_s16_session3_natural,33,106,36.53333333333333,-0.3193041682243347,-0.4089797457032949
COHFACE_s16_session3_natural,33,107,36.56666666666667,0.5401492118835449,-0.2294077281691973
COHFACE_s16_session3_natural,33,108,36.6,1.1305272579193115,-0.04488530466485622
COHFACE_s16_session3_natural,33,109,36.63333333333333,1.41853928565979,0.12496037108305544
COHFACE_s16_session3_natural,33,110,36.666666666666664,1.51903235912323,0.26449531264526244
COHFACE_s16_session3_natural,33,111,36.7,1.5366681814193726,0.36288435630914895
COHFACE_s16_session3_natural,33,112,36.733333333333334,1.459221363067627,0.4143584484019529
COHFACE_s16_session3_natural,33,113,36.766666666666666,1.2709189653396606,0.41885130468334775
COHFACE_s16_session3_natural,33,114,36.8,1.0392587184906006,0.38253322531534123
COHFACE_s16_session3_natural,33,115,36.833333333333336,0.860683262348175,0.31700849798738023
COHFACE_s16_session3_natural,33,116,36.86666666666667,0.7397900819778442,0.23667724425421846
COHFACE_s16_session3_natural,33,117,36.9,0.633250892162323,0.1551344241581821
COHFACE_s16_session3_natural,33,118,36.93333333333333,0.4970279932022095,0.08216088233681419
COHFACE_s16_session3_natural,33,119,36.96666666666667,0.30766117572784424,0.022505556773396423
COHFACE_s16_session3_natural,33,120,37.0,0.10085071623325348,-0.023324467216449395
COHFACE_s16_session3_natural,33,121,37.03333333333333,-0.08153865486383438,-0.056995158303024075
COHFACE_s16_session3_natural,33,122,37.06666666666667,-0.2516583502292633,-0.08016158829826561
COHFACE_s16_session3_natural,33,123,37.1,-0.4017918109893799,-0.09331275105542942
COHFACE_s16_session3_natural,33,124,37.13333333333333,-0.5312885642051697,-0.09642768660066853
COHFACE_s16_session3_natural,33,125,37.166666666666664,-0.6491513252258301,-0.0912364407649315
COHFACE_s16_session3_natural,33,126,37.2,-0.7542713284492493,-0.08344205033829834
COHFACE_s16_session3_natural,33,127,37.233333333333334,-0.8541582822799683,-0.08270382529052445
COHFACE_s16_session3_natural,33,128,37.266666666666666,-0.9560999870300293,-0.09945465298455988
COHFACE_s16_session3_natural,33,129,37.3,-1.0401841402053833,-0.13986161758325108
COHFACE_s16_session3_natural,33,130,37.333333333333336,-1.1183552742004395,-0.2017844230523875
COHFACE_s16_session3_natural,33,131,37.36666666666667,-1.191056728363037,-0.2743295361585745
COHFACE_s16_session3_natural,33,132,37.4,-1.2545634508132935,-0.3415432222421475
COHFACE_s16_session3_natural,33,133,37.43333333333333,-1.3083281517028809,-0.38822865377587357
COHFACE_s16_session3_natural,33,134,37.46666666666667,-1.3654043674468994,-0.40454219416211207
COHFACE_s16_session3_natural,33,135,37.5,-1.4207360744476318,-0.38705704966997767
COHFACE_s16_session3_natural,33,136,37.53333333333333,-1.4350754022598267,-0.33686395603422925
COHFACE_s16_session3_natural,33,137,37.56666666666667,-1.2222630977630615,-0.25740495221804627
COHFACE_s16_session3_natural,33,138,37.6,-0.5598044395446777,-0.15410818105911125
COHFACE_s16_session3_natural,33,139,37.63333333333333,0.3188517093658447,-0.03556601051933606
COHFACE_s16_session3_natural,33,140,37.666666666666664,1.0071802139282227,0.08572207671839231
COHFACE_s16_session3_natural,33,141,37.7,1.3596301078796387,0.1948758006533108
COHFACE_s16_session3_natural,33,142,37.733333333333334,1.4746545553207397,0.27849564856958536
COHFACE_s16_session3_natural,33,143,37.766666666666666,1.488195538520813,0.32914423465671094
COHFACE_s16_session3_natural,33,144,37.8,1.422560214996338,0.34835878090774774
COHFACE_s16_session3_natural,33,145,37.833333333333336,1.229882001876831,0.34691988489624953
COHFACE_s16_session3_natural,33,146,37.86666666666667,1.0026862621307373,0.3421704261240074
COHFACE_s16_session3_natural,33,147,37.9,0.8286490440368652,0.3530354124822296
COHFACE_s16_session3_natural,33,148,37.93333333333333,0.7166550755500793,0.39398035820038935
COHFACE_s16_session3_natural,33,149,37.96666666666667,0.6328369975090027,0.4695594752234758
COHFACE_s16_session3_natural,33,150,38.0,0.5143976807594299,0.5713853917122479
COHFACE_s16_session3_natural,33,151,38.03333333333333,0.3443519175052643,0.6788771338055721
COHFACE_s16_session3_natural,33,152,38.06666666666667,0.14203540980815887,0.7638799531677266
COHFACE_s16_session3_natural,33,153,38.1,-0.052106231451034546,0.7979304357168463
COHFACE_s16_session3_natural,33,154,38.13333333333333,-0.21492326259613037,0.7602654836700996
COHFACE_s16_session3_natural,33,155,38.166666666666664,-0.36495324969291687,0.6444459935493838
COHFACE_s16_session3_natural,33,156,38.2,-0.501885712146759,0.4613905853574074
COHFACE_s16_session3_natural,33,157,38.233333333333334,-0.6152249574661255,0.23709940857557246
COHFACE_s16_session3_natural,33,158,38.266666666666666,-0.7115640044212341,0.004902143988387366
COHFACE_s16_session3_natural,33,159,38.3,-0.8064247965812683,-0.2054251058424437
COHFACE_s16_session3_natural,33,160,38.333333333333336,-0.9014186859130859,-0.37705955848295136
COHFACE_s16_session3_natural,33,161,38.36666666666667,-0.9868776798248291,-0.509672134508571
COHFACE_s16_session3_natural,33,162,38.4,-1.0664383172988892,-0.6161671828899199
COHFACE_s16_session3_natural,33,163,38.43333333333333,-1.1443285942077637,-0.715326374016253
COHFACE_s16_session3_natural,33,164,38.46666666666667,-1.2100821733474731,-0.8239084964574495
COHFACE_s16_session3_natural,33,165,38.5,-1.2657392024993896,-0.9504019789630879
COHFACE_s16_session3_natural,33,166,38.53333333333333,-1.3224900960922241,-1.0911676874274412
COHFACE_s16_session3_natural,33,167,38.56666666666667,-1.3731800317764282,-1.2290841920084772
COHFACE_s16_session3_natural,33,168,38.6,-1.4025533199310303,-1.3349313132996574
COHFACE_s16_session3_natural,33,169,38.63333333333333,-1.2907072305679321,-1.372109414908649
COHFACE_s16_session3_natural,33,170,38.666666666666664,-0.7880350947380066,-1.3051643542855835
COHFACE_s16_session3_natural,33,171,38.7,0.056103382259607315,-1.1113284281858613
COHFACE_s16_session3_natural,33,172,38.733333333333334,0.8349612951278687,-0.7920004524473682
COHFACE_s16_session3_natural,33,173,38.766666666666666,1.2664693593978882,-0.37900873455258444
COHFACE_s16_session3_natural,33,174,38.8,1.398168683052063,0.06945753782481746
COHFACE_s16_session3_natural,33,175,38.833333333333336,1.3871703147888184,0.48445871499581733
COHFACE_s16_session3_natural,33,176,38.86666666666667,1.298296570777893,0.8078860088535771
COHFACE_s16_session3_natural,33,177,38.9,1.1128766536712646,1.0100277257851038
COHFACE_s16_session3_natural,33,178,38.93333333333333,0.8878539204597473,1.0952002179551716
COHFACE_s16_session3_natural,33,179,38.96666666666667,0.7362126111984253,1.093998210342771
COHFACE_s16_session3_natural,33,180,39.0,0.6558684706687927,1.0469357137263546
COHFACE_s16_session3_natural,33,181,39.03333333333333,0.5918296575546265,0.987418983457454
COHFACE_s16_session3_natural,33,182,39.06666666666667,0.49117404222488403,0.9313233848403041
COHFACE_s16_session3_natural,33,183,39.1,0.32955440878868103,0.8765309934633377
COHFACE_s16_session3_natural,33,184,39.13333333333333,0.1474902480840683,0.8105647552320254
COHFACE_s16_session3_natural,33,185,39.166666666666664,-0.028572119772434235,0.7208259601648028
COHFACE_s16_session3_natural,33,186,39.2,-0.19823355972766876,0.6018616041524538
COHFACE_s16_session3_natural,33,187,39.233333333333334,-0.34524786472320557,0.457000939487785
COHFACE_s16_session3_natural,33,188,39.266666666666666,-0.4711376130580902,0.29543683386621133
COHFACE_s16_session3_natural,33,189,39.3,-0.5819342136383057,0.12802571036855823
COHFACE_s16_session3_natural,33,190,39.333333333333336,-0.6717689037322998,-0.03539109978624533
COHFACE_s16_session3_natural,33,191,39.36666666666667,-0.7578635215759277,-0.18644853822204246
COHFACE_s16_session3_natural,33,192,39.4,-0.8481121063232422,-0.3176495784133809
COHFACE_s16_session3_natural,33,193,39.43333333333333,-0.9215231537818909,-0.42222982877357706
COHFACE_s16_session3_natural,33,194,39.46666666666667,-0.9924802780151367,-0.49500266077334504
COHFACE_s16_session3_natural,33,195,39.5,-1.0666157007217407,-0.5334691923398106
COHFACE_s16_session3_natural,33,196,39.53333333333333,-1.1243571043014526,-0.5382510720668835
COHFACE_s16_session3_natural,33,197,39.56666666666667,-1.1772348880767822,-0.5125829223308788
COHFACE_s16_session3_natural,33,198,39.6,-1.229994535446167,-0.46136759813844447
COHFACE_s16_session3_natural,33,199,39.63333333333333,-1.2847497463226318,-0.39044540393611554
COHFACE_s16_session3_natural,33,200,39.666666666666664,-1.3290832042694092,-0.3061603780088067
COHFACE_s16_session3_natural,33,201,39.7,-1.3015280961990356,-0.2147725301345288
COHFACE_s16_session3_natural,33,202,39.733333333333334,-0.959603488445282,-0.12145903843622666
COHFACE_s16_session3_natural,33,203,39.766666666666666,-0.2156180590391159,-0.029332739201776634
COHFACE_s16_session3_natural,33,204,39.8,0.5975505709648132,0.060649213264312926
COHFACE_s16_session3_natural,33,205,39.833333333333336,1.1150940656661987,0.1483891517717345
COHFACE_s16_session3_natural,33,206,39.86666666666667,1.2796554565429688,0.23254482115670153
COHFACE_s16_session3_natural,33,207,39.9,1.2589153051376343,0.3088957083259583
COHFACE_s16_session3_natural,33,208,39.93333333333333,1.1328481435775757,0.37003269310999043
COHFACE_s16_session3_natural,33,209,39.96666666666667,0.9199916124343872,0.4064234262212551
COHFACE_s16_session3_natural,33,210,40.0,0.6984427571296692,0.40857164893252756
COHFACE_s16_session3_natural,33,211,40.03333333333333,0.5572972297668457,0.36964661900515
COHFACE_s16_session3_natural,33,212,40.06666666666667,0.5167629718780518,0.28725019097207605
COHFACE_s16_session3_natural,33,213,40.1,0.4972793161869049,0.16303999298132607
COHFACE_s16_session3_natural,33,214,40.13333333333333,0.4211038649082184,0.0005291788669163321
COHFACE_s16_session3_natural,33,215,40.166666666666664,0.28703925013542175,-0.1967330685706046
COHFACE_s16_session3_natural,33,216,40.2,0.11841260641813278,-0.4240804054894151
COHFACE_s16_session3_natural,33,217,40.233333333333334,-0.05890629068017006,-0.6711493039807132
COHFACE_s16_session3_natural,33,218,40.266666666666666,-0.21968330442905426,-0.9163623131632361
COHFACE_s16_session3_natural,33,219,40.3,-0.35655665397644043,-1.1249250048621113
COHFACE_s16_session3_natural,33,220,40.333333333333336,-0.4682106375694275,-1.2535962296861647
COHFACE_s16_session3_natural,33,221,40.36666666666667,-0.5562270283699036,-1.262105017427082
COHFACE_s16_session3_natural,33,222,40.4,-0.6344425082206726,-1.1275566656835097
COHFACE_s16_session3_natural,33,223,40.43333333333333,-0.705325722694397,-0.8558120711634204
COHFACE_s16_session3_natural,33,224,40.46666666666667,-0.7720845341682434,-0.48374193944650923
COHFACE_s16_session3_natural,33,225,40.5,-0.8437659740447998,-0.06983662685927462
COHFACE_s16_session3_natural,33,226,40.53333333333333,-0.9076421856880188,0.32296743287262164
COHFACE_s16_session3_natural,33,227,40.56666666666667,-0.9657383561134338,0.6440516357679595
COHFACE_s16_session3_natural,33,228,40.6,-1.0263031721115112,0.8647196700873778
COHFACE_s16_session3_natural,33,229,40.63333333333333,-1.0818567276000977,0.9789712497914679
COHFACE_s16_session3_natural,33,230,40.666666666666664,-1.138755440711975,0.9981353334010327
COHFACE_s16_session3_natural,33,231,40.7,-1.1928306818008423,0.9435540253631928
COHFACE_s16_session3_natural,33,232,40.733333333333334,-1.1479650735855103,0.8403392579887946
COHFACE_s16_session3_natural,33,233,40.766666666666666,-0.7771697640419006,0.7131030018398912
COHFACE_s16_session3_natural,33,234,40.8,-0.019998135045170784,0.5832181530477311
COHFACE_s16_session3_natural,33,235,40.833333333333336,0.7725781798362732,0.4669344500925807
COHFACE_s16_session3_natural,33,236,40.86666666666667,1.2554562091827393,0.37402509480972446
COHFACE_s16_session3_natural,33,237,40.9,1.404510498046875,0.3070668787837414
COHFACE_s16_session3_natural,33,238,40.93333333333333,1.3584474325180054,0.261663700448306
COHFACE_s16_session3_natural,33,239,40.96666666666667,1.208668828010559,0.22790046633059022
COHFACE_s16_session3_natural,34,0,34.0,-0.6743558645248413,-0.11424841523022122
COHFACE_s16_session3_natural,34,1,34.03333333333333,-0.7641462087631226,-0.6322342900511759
COHFACE_s16_session3_natural,34,2,34.06666666666667,-0.8378824591636658,-1.0650986933665374
COHFACE_s16_session3_natural,34,3,34.1,-0.9101552367210388,-1.3549154874119151
COHFACE_s16_session3_natural,34,4,34.13333333333333,-0.9830045700073242,-1.4872695097586617
COHFACE_s16_session3_natural,34,5,34.166666666666664,-1.0481373071670532,-1.4929706077213323
COHFACE_s16_session3_natural,34,6,34.2,-1.111939549446106,-1.4326717630236883
COHFACE_s16_session3_natural,34,7,34.233333333333334,-1.1670200824737549,-1.3712879346805558
COHFACE_s16_session3_natural,34,8,34.266666666666666,-1.2204447984695435,-1.3529796977727997
COHFACE_s16_session3_natural,34,9,34.3,-1.2803740501403809,-1.3858980517653734
COHFACE_s16_session3_natural,34,10,34.333333333333336,-1.3392832279205322,-1.4412172959367455
COHFACE_s16_session3_natural,34,11,34.36666666666667,-1.3143595457077026,-1.4655655514654675
COHFACE_s16_session3_natural,34,12,34.4,-0.9913567900657654,-1.4016094085263144
COHFACE_s16_session3_natural,34,13,34.43333333333333,-0.28882214426994324,-1.2093554290456066
COHFACE_s16_session3_natural,34,14,34.46666666666667,0.47745564579963684,-0.8810406253951634
COHFACE_s16_session3_natural,34,15,34.5,0.9718494415283203,-0.44500529581723924
COHFACE_s16_session3_natural,34,16,34.53333333333333,1.1712241172790527,0.04216589954657496
COHFACE_s16_session3_natural,34,17,34.56666666666667,1.2066435813903809,0.5119612833241034
COHFACE_s16_session3_natural,34,18,34.6,1.1717711687088013,0.9027167930277369
COHFACE_s16_session3_natural,34,19,34.63333333333333,1.04345703125,1.174426793997114
COHFACE_s16_session3_natural,34,20,34.666666666666664,0.8327438831329346,1.3152514617045294
COHFACE_s16_session3_natural,34,21,34.7,0.6505023241043091,1.33894109395179
COHFACE_s16_session3_natural,34,22,34.733333333333334,0.548309326171875,1.2758196706006921
COHFACE_s16_session3_natural,34,23,34.766666666666666,0.4751643240451813,1.1618068617298567
COHFACE_s16_session3_natural,34,24,34.8,0.38224005699157715,1.0295496828143096
COHFACE_s16_session3_natural,34,25,34.833333333333336,0.24298670887947083,0.9035845840292366
COHFACE_s16_session3_natural,34,26,34.86666666666667,0.07280787080526352,0.7989222780979857
COHFACE_s16_session3_natural,34,27,34.9,-0.10323970764875412,0.7212094368777344
COHFACE_s16_session3_natural,34,28,34.93333333333333,-0.26385411620140076,0.6673330300814625
COHFACE_s16_session3_natural,34,29,34.96666666666667,-0.39901265501976013,0.626733387946679
COHFACE_s16_session3_natural,34,30,35.0,-0.5249024033546448,0.5841538130957378
COHFACE_s16_session3_natural,34,31,35.03333333333333,-0.6371625065803528,0.5237579097078789
COHFACE_s16_session3_natural,34,32,35.06666666666667,-0.7224293351173401,0.433324009822624
COHFACE_s16_session3_natural,34,33,35.1,-0.8050943613052368,0.3069323544039117
COHFACE_s16_session3_natural,34,34,35.13333333333333,-0.8951064348220825,0.1456841164209632
COHFACE_s16_session3_natural,34,35,35.166666666666664,-0.9825758934020996,-0.04287160488582694
COHFACE_s16_session3_natural,34,36,35.2,-1.056016445159912,-0.24606658923009572
COHFACE_s16_session3_natural,34,37,35.233333333333334,-1.1224796772003174,-0.4483149475325968
COHFACE_s16_session3_natural,34,38,35.266666666666666,-1.1839758157730103,-0.6342384478267599
COHFACE_s16_session3_natural,34,39,35.3,-1.2440972328186035,-0.7920617400980671
COHFACE_s16_session3_natural,34,40,35.333333333333336,-1.305726408958435,-0.9160477957144466
COHFACE_s16_session3_natural,34,41,35.36666666666667,-1.3552042245864868,-1.0068353554368372
COHFACE_s16_session3_natural,34,42,35.4,-1.3252544403076172,-1.0693427730555167
COHFACE_s16_session3_natural,34,43,35.43333333333333,-0.9944759607315063,-1.108891083533189
COHFACE_s16_session3_natural,34,44,35.46666666666667,-0.2528853416442871,-1.1268589631672987
COHFACE_s16_session3_natural,34,45,35.5,0.5804765224456787,-1.1175634368475256
COHFACE_s16_session3_natural,34,46,35.53333333333333,1.1446892023086548,-1.0681625946302582
COHFACE_s16_session3_natural,34,47,35.56666666666667,1.4033721685409546,-0.9625971532703637
COHFACE_s16_session3_natural,34,48,35.6,1.4932955503463745,-0.7886722716178173
COHFACE_s16_session3_natural,34,49,35.63333333333333,1.516149640083313,-0.5452902776879646
COHFACE_s16_session3_natural,34,50,35.666666666666664,1.43905770778656,-0.24605167585767582
COHFACE_s16_session3_natural,34,51,35.7,1.2399786710739136,0.08303008959973601
COHFACE_s16_session3_natural,34,52,35.733333333333334,1.0115114450454712,0.4105879276956326
COHFACE_s16_session3_natural,34,53,35.766666666666666,0.8376517295837402,0.7079225715562465
COHFACE_s16_session3_natural,34,54,35.8,0.7198185920715332,0.9542386927651774
COHFACE_s16_session3_natural,34,55,35.833333333333336,0.6072332859039307,1.1375761758631744
COHFACE_s16_session3_natural,34,56,35.86666666666667,0.4685712456703186,1.2524479448049075
COHFACE_s16_session3_natural,34,57,35.9,0.2842748761177063,1.2967721311738376
COHFACE_s16_session3_natural,34,58,35.93333333333333,0.07959314435720444,1.2706788340593387
COHFACE_s16_session3_natural,34,59,35.96666666666667,-0.10294405370950699,1.177972167892395
COHFACE_s16_session3_natural,34,60,36.0,-0.2594784200191498,1.0283766661538511
COHFACE_s16_session3_natural,34,61,36.03333333333333,-0.41005536913871765,0.8375955324127938
COHFACE_s16_session3_natural,34,62,36.06666666666667,-0.5413851737976074,0.6240095583552887
COHFACE_s16_session3_natural,34,63,36.1,-0.6622931361198425,0.40373018895489315
COHFACE_s16_session3_natural,34,64,36.13333333333333,-0.7733558416366577,0.18705529459310768
COHFACE_s16_session3_natural,34,65,36.166666666666664,-0.8739227652549744,-0.021610634058981323
COHFACE_s16_session3_natural,34,66,36.2,-0.9666992425918579,-0.2207102893340825
COHFACE_s16_session3_natural,34,67,36.233333333333334,-1.0548043251037598,-0.407740770417402
COHFACE_s16_session3_natural,34,68,36.266666666666666,-1.1355476379394531,-0.5773219456975968
COHFACE_s16_session3_natural,34,69,36.3,-1.2064012289047241,-0.7220665941732805
COHFACE_s16_session3_natural,34,70,36.333333333333336,-1.2750523090362549,-0.8348464319497512
COHFACE_s16_session3_natural,34,71,36.36666666666667,-1.3335919380187988,-0.9099833539893182
COHFACE_s16_session3_natural,34,72,36.4,-1.3895593881607056,-0.9422192192654737
COHFACE_s16_session3_natural,34,73,36.43333333333333,-1.4439154863357544,-0.9249980933454299
COHFACE_s16_session3_natural,34,74,36.46666666666667,-1.4213570356369019,-0.8512621286687148
COHFACE_s16_session3_natural,34,75,36.5,-1.08368980884552,-0.7182742433793148
COHFACE_s16_session3_natural,34,76,36.53333333333333,-0.3193041682243347,-0.5334499097657749
COHFACE_s16_session3_natural,34,77,36.56666666666667,0.5401492118835449,-0.315846500254601
COHFACE_s16_session3_natural,34,78,36.6,1.1305272579193115,-0.09123507063078955
COHFACE_s16_session3_natural,34,79,36.63333333333333,1.41853928565979,0.11617894946103322
COHFACE_s16_session3_natural,34,80,36.666666666666664,1.51903235912323,0.29049537890711274
COHFACE_s16_session3_natural,34,81,36.7,1.5366681814193726,0.42625934344789923
COHFACE_s16_session3_natural,34,82,36.733333333333334,1.459221363067627,0.5259946405335185
COHFACE_s16_session3_natural,34,83,36.766666666666666,1.2709189653396606,0.5953361527364821
COHFACE_s16_session3_natural,34,84,36.8,1.0392587184906006,0.6384144928416614
COHFACE_s16_session3_natural,34,85,36.833333333333336,0.860683262348175,0.6552868286489258
COHFACE_s16_session3_natural,34,86,36.86666666666667,0.7397900819778442,0.6420233562735319
COHFACE_s16_session3_natural,34,87,36.9,0.633250892162323,0.5930615564007236
COHFACE_s16_session3_natural,34,88,36.93333333333333,0.4970279932022095,0.5047616823856776
COHFACE_s16_session3_natural,34,89,36.96666666666667,0.30766117572784424,0.37876133614430174
COHFACE_s16_session3_natural,34,90,37.0,0.10085071623325348,0.22377340447918329
COHFACE_s16_session3_natural,34,91,37.03333333333333,-0.08153865486383438,0.05502695285755443
COHFACE_s16_session3_natural,34,92,37.06666666666667,-0.2516583502292633,-0.10850982544852654
COHFACE_s16_session3_natural,34,93,37.1,-0.4017918109893799,-0.24830313775564386
COHFACE_s16_session3_natural,34,94,37.13333333333333,-0.5312885642051697,-0.3509125694730781
COHFACE_s16_session3_natural,34,95,37.166666666666664,-0.6491513252258301,-0.4120702217653725
COHFACE_s16_session3_natural,34,96,37.2,-0.7542713284492493,-0.43850345695759574
COHFACE_s16_session3_natural,34,97,37.233333333333334,-0.8541582822799683,-0.44574902114976983
COHFACE_s16_session3_natural,34,98,37.266666666666666,-0.9560999870300293,-0.45166914560387883
COHFACE_s16_session3_natural,34,99,37.3,-1.0401841402053833,-0.4679516348637764
COHFACE_s16_session3_natural,34,100,37.333333333333336,-1.1183552742004395,-0.49393960323348046
COHFACE_s16_session3_natural,34,101,37.36666666666667,-1.191056728363037,-0.5166501725824514
COHFACE_s16_session3_natural,34,102,37.4,-1.2545634508132935,-0.5173003601845084
COHFACE_s16_session3_natural,34,103,37.43333333333333,-1.3083281517028809,-0.48052695963928016
COHFACE_s16_session3_natural,34,104,37.46666666666667,-1.3654043674468994,-0.40089384194605426
COHFACE_s16_session3_natural,34,105,37.5,-1.4207360744476318,-0.28342227696097144
COHFACE_s16_session3_natural,34,106,37.53333333333333,-1.4350754022598267,-0.13934890738460284
COHFACE_s16_session3_natural,34,107,37.56666666666667,-1.2222630977630615,0.018606798821681453
COHFACE_s16_session3_natural,34,108,37.6,-0.5598044395446777,0.17809397640530425
COHFACE_s16_session3_natural,34,109,37.63333333333333,0.3188517093658447,0.3261130168966844
COHFACE_s16_session3_natural,34,110,37.666666666666664,1.0071802139282227,0.44779576699073437
COHFACE_s16_session3_natural,34,111,37.7,1.3596301078796387,0.52772412774373
COHFACE_s16_session3_natural,34,112,37.733333333333334,1.4746545553207397,0.5542341540678742
COHFACE_s16_session3_natural,34,113,37.766666666666666,1.488195538520813,0.5246532438152345
COHFACE_s16_session3_natural,34,114,37.8,1.422560214996338,0.44870638750167446
COHFACE_s16_session3_natural,34,115,37.833333333333336,1.229882001876831,0.34822008824262496
COHFACE_s16_session3_natural,34,116,37.86666666666667,1.0026862621307373,0.2526568377743344
COHFACE_s16_session3_natural,34,117,37.9,0.8286490440368652,0.19149919580778654
COHFACE_s16_session3_natural,34,118,37.93333333333333,0.7166550755500793,0.18582844116910113
COHFACE_s16_session3_natural,34,119,37.96666666666667,0.6328369975090027,0.24196932976389698
COHFACE_s16_session3_natural,34,120,38.0,0.5143976807594299,0.3493567216943304
COHFACE_s16_session3_natural,34,121,38.03333333333333,0.3443519175052643,0.483158591362069
COHFACE_s16_session3_natural,34,122,38.06666666666667,0.14203540980815887,0.6104967702230706
COHFACE_s16_session3_natural,34,123,38.1,-0.052106231451034546,0.6982295329626925
COHFACE_s16_session3_natural,34,124,38.13333333333333,-0.21492326259613037,0.7204552149179192
COHFACE_s16_session3_natural,34,125,38.166666666666664,-0.36495324969291687,0.6643476364163098
COHFACE_s16_session3_natural,34,126,38.2,-0.501885712146759,0.5329576859478884
COHFACE_s16_session3_natural,34,127,38.233333333333334,-0.6152249574661255,0.3437552714371222
COHFACE_s16_session3_natural,34,128,38.266666666666666,-0.7115640044212341,0.12272968820250475
COHFACE_s16_session3_natural,34,129,38.3,-0.8064247965812683,-0.10428844954645551
COHFACE_s16_session3_natural,34,130,38.333333333333336,-0.9014186859130859,-0.3197366113766876
COHFACE_s16_session3_natural,34,131,38.36666666666667,-0.9868776798248291,-0.5184098151293115
COHFACE_s16_session3_natural,34,132,38.4,-1.0664383172988892,-0.7060473548078348
COHFACE_s16_session3_natural,34,133,38.43333333333333,-1.1443285942077637,-0.8934718870959267
COHFACE_s16_session3_natural,34,134,38.46666666666667,-1.2100821733474731,-1.0887216541232354
COHFACE_s16_session3_natural,34,135,38.5,-1.2657392024993896,-1.2897376401743068
COHFACE_s16_session3_natural,34,136,38.53333333333333,-1.3224900960922241,-1.4797372009322307
COHFACE_s16_session3_natural,34,137,38.56666666666667,-1.3731800317764282,-1.626884392785489
COHFACE_s16_session3_natural,34,138,38.6,-1.4025533199310303,-1.689253959734427
COHFACE_s16_session3_natural,34,139,38.63333333333333,-1.2907072305679321,-1.6249750859876873
COHFACE_s16_session3_natural,34,140,38.666666666666664,-0.7880350947380066,-1.405649924803043
COHFACE_s16_session3_natural,34,141,38.7,0.056103382259607315,-1.029275291348607
COHFACE_s16_session3_natural,34,142,38.733333333333334,0.8349612951278687,-0.5278865599302835
COHFACE_s16_session3_natural,34,143,38.766666666666666,1.2664693593978882,0.0343846371011607
COHFACE_s16_session3_natural,34,144,38.8,1.398168683052063,0.574759317533879
COHFACE_s16_session3_natural,34,145,38.833333333333336,1.3871703147888184,1.0140987158125858
COHFACE_s16_session3_natural,34,146,38.86666666666667,1.298296570777893,1.3000436039805896
COHFACE_s16_session3_natural,34,147,38.9,1.1128766536712646,1.421103158207171
COHFACE_s16_session3_natural,34,148,38.93333333333333,0.8878539204597473,1.405802276863922
COHFACE_s16_session3_natural,34,149,38.96666666666667,0.7362126111984253,1.3080331420303726
COHFACE_s16_session3_natural,34,150,39.0,0.6558684706687927,1.185293910156629
COHFACE_s16_session3_natural,34,151,39.03333333333333,0.5918296575546265,1.078703754967677
COHFACE_s16_session3_natural,34,152,39.06666666666667,0.49117404222488403,1.0024772791667498
COHFACE_s16_session3_natural,34,153,39.1,0.32955440878868103,0.9460921331560437
COHFACE_s16_session3_natural,34,154,39.13333333333333,0.1474902480840683,0.8861871566919576
COHFACE_s16_session3_natural,34,155,39.166666666666664,-0.028572119772434235,0.8008497403560791
COHFACE_s16_session3_natural,34,156,39.2,-0.19823355972766876,0.6791149432381571
COHFACE_s16_session3_natural,34,157,39.233333333333334,-0.34524786472320557,0.5224247270737248
COHFACE_s16_session3_natural,34,158,39.266666666666666,-0.4711376130580902,0.3396624668360223
COHFACE_s16_session3_natural,34,159,39.3,-0.5819342136383057,0.1404493130476711
COHFACE_s16_session3_natural,34,160,39.333333333333336,-0.6717689037322998,-0.0687482357923809
COHFACE_s16_session3_natural,34,161,39.36666666666667,-0.7578635215759277,-0.28385809973659853
COHFACE_s16_session3_natural,34,162,39.4,-0.8481121063232422,-0.49928779890829755
COHFACE_s16_session3_natural,34,163,39.43333333333333,-0.9215231537818909,-0.7042388326881002
COHFACE_s16_session3_natural,34,164,39.46666666666667,-0.9924802780151367,-0.8820705126497832
COHFACE_s16_session3_natural,34,165,39.5,-1.0666157007217407,-1.0134303585544935
COHFACE_s16_session3_natural,34,166,39.53333333333333,-1.1243571043014526,-1.0818166592725333
COHFACE_s16_session3_natural,34,167,39.56666666666667,-1.1772348880767822,-1.0790981105348805
COHFACE_s16_session3_natural,34,168,39.6,-1.229994535446167,-1.0085248810356864
COHFACE_s16_session3_natural,34,169,39.63333333333333,-1.2847497463226318,-0.8838847032743654
COHFACE_s16_session3_natural,34,170,39.666666666666664,-1.3290832042694092,-0.7251957920319895
COHFACE_s16_session3_natural,34,171,39.7,-1.3015280961990356,-0.5526861503749013
COHFACE_s16_session3_natural,34,172,39.733333333333334,-0.959603488445282,-0.38111903264912417
COHFACE_s16_session3_natural,34,173,39.766666666666666,-0.2156180590391159,-0.21615820307406433
COHFACE_s16_session3_natural,34,174,39.8,0.5975505709648132,-0.05396119050943643
COHFACE_s16_session3_natural,34,175,39.833333333333336,1.1150940656661987,0.11563365494185854
COHFACE_s16_session3_natural,34,176,39.86666666666667,1.2796554565429688,0.3031951510343253
COHFACE_s16_session3_natural,34,177,39.9,1.2589153051376343,0.5127993615176387
COHFACE_s16_session3_natural,34,178,39.93333333333333,1.1328481435775757,0.7359579104489902
COHFACE_s16_session3_natural,34,179,39.96666666666667,0.9199916124343872,0.9484977689326196
COHFACE_s16_session3_natural,34,180,40.0,0.6984427571296692,1.1131928269357694
COHFACE_s16_session3_natural,34,181,40.03333333333333,0.5572972297668457,1.1893965132014377
COHFACE_s16_session3_natural,34,182,40.06666666666667,0.5167629718780518,1.1462285198374695
COHFACE_s16_session3_natural,34,183,40.1,0.4972793161869049,0.9725635088450929
COHFACE_s16_session3_natural,34,184,40.13333333333333,0.4211038649082184,0.6792180271425757
COHFACE_s16_session3_natural,34,185,40.166666666666664,0.28703925013542175,0.2940861701382879
COHFACE_s16_session3_natural,34,186,40.2,0.11841260641813278,-0.14517448622908022
COHFACE_s16_session3_natural,34,187,40.233333333333334,-0.05890629068017006,-0.5963279817205731
COHFACE_s16_session3_natural,34,188,40.266666666666666,-0.21968330442905426,-1.0143607019949352
COHFACE_s16_session3_natural,34,189,40.3,-0.35655665397644043,-1.3522852278261943
COHFACE_s16_session3_natural,34,190,40.333333333333336,-0.4682106375694275,-1.5644866056918716
COHFACE_s16_session3_natural,34,191,40.36666666666667,-0.5562270283699036,-1.6146181950425356
COHFACE_s16_session3_natural,34,192,40.4,-0.6344425082206726,-1.4870329517424612
COHFACE_s16_session3_natural,34,193,40.43333333333333,-0.705325722694397,-1.197132842407824
COHFACE_s16_session3_natural,34,194,40.46666666666667,-0.7720845341682434,-0.7936346868798894
COHFACE_s16_session3_natural,34,195,40.5,-0.8437659740447998,-0.34803956861007196
COHFACE_s16_session3_natural,34,196,40.53333333333333,-0.9076421856880188,0.06594229735836259
COHFACE_s16_session3_natural,34,197,40.56666666666667,-0.9657383561134338,0.3936220121340421
COHFACE_s16_session3_natural,34,198,40.6,-1.0263031721115112,0.6118100159227536
COHFACE_s16_session3_natural,34,199,40.63333333333333,-1.0818567276000977,0.7286080076185584
COHFACE_s16_session3_natural,34,200,40.666666666666664,-1.138755440711975,0.7729122291711276
COHFACE_s16_session3_natural,34,201,40.7,-1.1928306818008423,0.7797264413339409
COHFACE_s16_session3_natural,34,202,40.733333333333334,-1.1479650735855103,0.7773150024347489
COHFACE_s16_session3_natural,34,203,40.766666666666666,-0.7771697640419006,0.7798366766470426
COHFACE_s16_session3_natural,34,204,40.8,-0.019998135045170784,0.7864746820193488
COHFACE_s16_session3_natural,34,205,40.833333333333336,0.7725781798362732,0.7859277276304438
COHFACE_s16_session3_natural,34,206,40.86666666666667,1.2554562091827393,0.7635607452434444
COHFACE_s16_session3_natural,34,207,40.9,1.404510498046875,0.7080964791941098
COHFACE_s16_session3_natural,34,208,40.93333333333333,1.3584474325180054,0.6157053916833036
COHFACE_s16_session3_natural,34,209,40.96666666666667,1.208668828010559,0.4909149969081222
COHFACE_s16_session3_natural,34,210,41.0,0.9791668653488159,0.3449342033920586
COHFACE_s16_session3_natural,34,211,41.03333333333333,0.7580467462539673,0.1925276939038999
COHFACE_s16_session3_natural,34,212,41.06666666666667,0.6309447884559631,0.048647814170533606
COHFACE_s16_session3_natural,34,213,41.1,0.5936036109924316,-0.07425017724430565
COHFACE_s16_session3_natural,34,214,41.13333333333333,0.5678964257240295,-0.16781963657704616
COHFACE_s16_session3_natural,34,215,41.166666666666664,0.48675400018692017,-0.22858386366585784
COHFACE_s16_session3_natural,34,216,41.2,0.3516398072242737,-0.25844803972397923
COHFACE_s16_session3_natural,34,217,41.233333333333334,0.17996791005134583,-0.2652628950866083
COHFACE_s16_session3_natural,34,218,41.266666666666666,0.005398603156208992,-0.2628124211325102
COHFACE_s16_session3_natural,34,219,41.3,-0.15459492802619934,-0.2690120012690469
COHFACE_s16_session3_natural,34,220,41.333333333333336,-0.2967309057712555,-0.3016830948193707
COHFACE_s16_session3_natural,34,221,41.36666666666667,-0.41481539607048035,-0.372658094549922
COHFACE_s16_session3_natural,34,222,41.4,-0.5072518587112427,-0.48221310353424623
COHFACE_s16_session3_natural,34,223,41.43333333333333,-0.5837377309799194,-0.6161999916032325
COHFACE_s16_session3_natural,34,224,41.46666666666667,-0.6620714068412781,-0.747495182908
COHFACE_s16_session3_natural,34,225,41.5,-0.7377737760543823,-0.8418111023752696
COHFACE_s16_session3_natural,34,226,41.53333333333333,-0.8116726875305176,-0.8662289972127165
COHFACE_s16_session3_natural,34,227,41.56666666666667,-0.8804123997688293,-0.7978118006740442
COHFACE_s16_session3_natural,34,228,41.6,-0.9408442378044128,-0.6297687357080105
COHFACE_s16_session3_natural,34,229,41.63333333333333,-0.9986299276351929,-0.37356083887208774
COHFACE_s16_session3_natural,34,230,41.666666666666664,-1.059446096420288,-0.05657553101386575
COHFACE_s16_session3_natural,34,231,41.7,-1.1214745044708252,0.28354216604245736
COHFACE_s16_session3_natural,34,232,41.733333333333334,-1.154794692993164,0.6055321569579655
COHFACE_s16_session3_natural,34,233,41.766666666666666,-0.9697887897491455,0.8699031599868146
COHFACE_s16_session3_natural,34,234,41.8,-0.3193928599357605,1.0427217972009888
COHFACE_s16_session3_natural,34,235,41.833333333333336,0.6120376586914062,1.099138212880663
COHFACE_s16_session3_natural,34,236,41.86666666666667,1.379069447517395,1.0275671423925465
COHFACE_s16_session3_natural,34,237,41.9,1.7779223918914795,0.8336483595494916
COHFACE_s16_session3_natural,34,238,41.93333333333333,1.8815197944641113,0.541805212454405
COHFACE_s16_session3_natural,34,239,41.96666666666667,1.8424932956695557,0.19260040024983063
COHFACE_s16_session3_natural,35,0,35.0,-0.5249024033546448,0.11077231698341483
COHFACE_s16_session3_natural,35,1,35.03333333333333,-0.6371625065803528,-0.29373534475821217
COHFACE_s16_session3_natural,35,2,35.06666666666667,-0.7224293351173401,-0.6289770666062319
COHFACE_s16_session3_natural,35,3,35.1,-0.8050943613052368,-0.8455531674631016
COHFACE_s16_session3_natural,35,4,35.13333333333333,-0.8951064348220825,-0.9317867056389916
COHFACE_s16_session3_natural,35,5,35.166666666666664,-0.9825758934020996,-0.9131383035685465
COHFACE_s16_session3_natural,35,6,35.2,-1.056016445159912,-0.8371733976344502
COHFACE_s16_session3_natural,35,7,35.233333333333334,-1.1224796772003174,-0.7526159722588054
COHFACE_s16_session3_natural,35,8,35.266666666666666,-1.1839758157730103,-0.6929951249254583
COHFACE_s16_session3_natural,35,9,35.3,-1.2440972328186035,-0.6709180285600617
COHFACE_s16_session3_natural,35,10,35.333333333333336,-1.305726408958435,-0.6821262819183298
COHFACE_s16_session3_natural,35,11,35.36666666666667,-1.3552042245864868,-0.713837893632613
COHFACE_s16_session3_natural,35,12,35.4,-1.3252544403076172,-0.751882431775517
COHFACE_s16_session3_natural,35,13,35.43333333333333,-0.9944759607315063,-0.7842103175526942
COHFACE_s16_session3_natural,35,14,35.46666666666667,-0.2528853416442871,-0.8013667636256673
COHFACE_s16_session3_natural,35,15,35.5,0.5804765224456787,-0.7957597578762423
COHFACE_s16_session3_natural,35,16,35.53333333333333,1.1446892023086548,-0.7610243517649583
COHFACE_s16_session3_natural,35,17,35.56666666666667,1.4033721685409546,-0.691771161187686
COHFACE_s16_session3_natural,35,18,35.6,1.4932955503463745,-0.5836832258018543
COHFACE_s16_session3_natural,35,19,35.63333333333333,1.516149640083313,-0.4341025604381102
COHFACE_s16_session3_natural,35,20,35.666666666666664,1.43905770778656,-0.2432257071192244
COHFACE_s16_session3_natural,35,21,35.7,1.2399786710739136,-0.015670946251170575
COHFACE_s16_session3_natural,35,22,35.733333333333334,1.0115114450454712,0.2382490119303485
COHFACE_s16_session3_natural,35,23,35.766666666666666,0.8376517295837402,0.5023988010484188
COHFACE_s16_session3_natural,35,24,35.8,0.7198185920715332,0.7563997405508254
COHFACE_s16_session3_natural,35,25,35.833333333333336,0.6072332859039307,0.9787148395515598
COHFACE_s16_session3_natural,35,26,35.86666666666667,0.4685712456703186,1.1502075448028715
COHFACE_s16_session3_natural,35,27,35.9,0.2842748761177063,1.2571123261501442
COHFACE_s16_session3_natural,35,28,35.93333333333333,0.07959314435720444,1.2932323284044327
COHFACE_s16_session3_natural,35,29,35.96666666666667,-0.10294405370950699,1.2614170160771299
COHFACE_s16_session3_natural,35,30,36.0,-0.2594784200191498,1.173227984192019
COHFACE_s16_session3_natural,35,31,36.03333333333333,-0.41005536913871765,1.045330028179525
COHFACE_s16_session3_natural,35,32,36.06666666666667,-0.5413851737976074,0.8932265784262344
COHFACE_s16_session3_natural,35,33,36.1,-0.6622931361198425,0.7254886383647385
COHFACE_s16_session3_natural,35,34,36.13333333333333,-0.7733558416366577,0.5418861953004773
COHFACE_s16_session3_natural,35,35,36.166666666666664,-0.8739227652549744,0.336696021961164
COHFACE_s16_session3_natural,35,36,36.2,-0.9666992425918579,0.10550881349571507
COHFACE_s16_session3_natural,35,37,36.233333333333334,-1.0548043251037598,-0.14815615548802782
COHFACE_s16_session3_natural,35,38,36.266666666666666,-1.1355476379394531,-0.4100340771258861
COHFACE_s16_session3_natural,35,39,36.3,-1.2064012289047241,-0.6574878038047437
COHFACE_s16_session3_natural,35,40,36.333333333333336,-1.2750523090362549,-0.865357419105842
COHFACE_s16_session3_natural,35,41,36.36666666666667,-1.3335919380187988,-1.0117497424413566
COHFACE_s16_session3_natural,35,42,36.4,-1.3895593881607056,-1.0811118887247186
COHFACE_s16_session3_natural,35,43,36.43333333333333,-1.4439154863357544,-1.0647389013796749
COHFACE_s16_session3_natural,35,44,36.46666666666667,-1.4213570356369019,-0.9612578111375618
COHFACE_s16_session3_natural,35,45,36.5,-1.08368980884552,-0.7789623057814448
COHFACE_s16_session3_natural,35,46,36.53333333333333,-0.3193041682243347,-0.5381881192043332
COHFACE_s16_session3_natural,35,47,36.56666666666667,0.5401492118835449,-0.26985388674593225
COHFACE_s16_session3_natural,35,48,36.6,1.1305272579193115,-0.009096249806899978
COHFACE_s16_session3_natural,35,49,36.63333333333333,1.41853928565979,0.2129472195165562
COHFACE_s16_session3_natural,35,50,36.666666666666664,1.51903235912323,0.3753400975539573
COHFACE_s16_session3_natural,35,51,36.7,1.5366681814193726,0.46972950954851955
COHFACE_s16_session3_natural,35,52,36.733333333333334,1.459221363067627,0.4993135182938057
COHFACE_s16_session3_natural,35,53,36.766666666666666,1.2709189653396606,0.47580489922986463
COHFACE_s16_session3_natural,35,54,36.8,1.0392587184906006,0.41563475256819254
COHFACE_s16_session3_natural,35,55,36.833333333333336,0.860683262348175,0.3360943855849068
COHFACE_s16_session3_natural,35,56,36.86666666666667,0.7397900819778442,0.2519170397548488
COHFACE_s16_session3_natural,35,57,36.9,0.633250892162323,0.17284649951907904
COHFACE_s16_session3_natural,35,58,36.93333333333333,0.4970279932022095,0.10265670266179304
COHFACE_s16_session3_natural,35,59,36.96666666666667,0.30766117572784424,0.039924420414260975
COHFACE_s16_session3_natural,35,60,37.0,0.10085071623325348,-0.01937213928651079
COHFACE_s16_session3_natural,35,61,37.03333333333333,-0.08153865486383438,-0.0781040920814993
COHFACE_s16_session3_natural,35,62,37.06666666666667,-0.2516583502292633,-0.13497801601713852
COHFACE_s16_session3_natural,35,63,37.1,-0.4017918109893799,-0.18449597777734303
COHFACE_s16_session3_natural,35,64,37.13333333333333,-0.5312885642051697,-0.2205959966443711
COHFACE_s16_session3_natural,35,65,37.166666666666664,-0.6491513252258301,-0.24203167762817956
COHFACE_s16_session3_natural,35,66,37.2,-0.7542713284492493,-0.25564207256816984
COHFACE_s16_session3_natural,35,67,37.233333333333334,-0.8541582822799683,-0.27427317102451665
COHFACE_s16_session3_natural,35,68,37.266666666666666,-0.9560999870300293,-0.3094761273811836
COHFACE_s16_session3_natural,35,69,37.3,-1.0401841402053833,-0.3629938320757376
COHFACE_s16_session3_natural,35,70,37.333333333333336,-1.1183552742004395,-0.42260898176908857
COHFACE_s16_session3_natural,35,71,37.36666666666667,-1.191056728363037,-0.4658214724336135
COHFACE_s16_session3_natural,35,72,37.4,-1.2545634508132935,-0.47000206879726003
COHFACE_s16_session3_natural,35,73,37.43333333333333,-1.3083281517028809,-0.42335254142923584
COHFACE_s16_session3_natural,35,74,37.46666666666667,-1.3654043674468994,-0.33026674891162566
COHFACE_s16_session3_natural,35,75,37.5,-1.4207360744476318,-0.20807274520986196
COHFACE_s16_session3_natural,35,76,37.53333333333333,-1.4350754022598267,-0.07758450155678355
COHFACE_s16_session3_natural,35,77,37.56666666666667,-1.2222630977630615,0.046392649022724525
COHFACE_s16_session3_natural,35,78,37.6,-0.5598044395446777,0.15912587083553914
COHFACE_s16_session3_natural,35,79,37.63333333333333,0.3188517093658447,0.2631985944360997
COHFACE_s16_session3_natural,35,80,37.666666666666664,1.0071802139282227,0.361980511731111
COHFACE_s16_session3_natural,35,81,37.7,1.3596301078796387,0.4542141174211456
COHFACE_s16_session3_natural,35,82,37.733333333333334,1.4746545553207397,0.5328831982437217
COHFACE_s16_session3_natural,35,83,37.766666666666666,1.488195538520813,0.5882903915383444
COHFACE_s16_session3_natural,35,84,37.8,1.422560214996338,0.6131287750467388
COHFACE_s16_session3_natural,35,85,37.833333333333336,1.229882001876831,0.6068475955396564
COHFACE_s16_session3_natural,35,86,37.86666666666667,1.0026862621307373,0.5772079372291269
COHFACE_s16_session3_natural,35,87,37.9,0.8286490440368652,0.5382183316144684
COHFACE_s16_session3_natural,35,88,37.93333333333333,0.7166550755500793,0.5052461321313106
COHFACE_s16_session3_natural,35,89,37.96666666666667,0.6328369975090027,0.4893475798055917
COHFACE_s16_session3_natural,35,90,38.0,0.5143976807594299,0.4931504498115185
COHFACE_s16_session3_natural,35,91,38.03333333333333,0.3443519175052643,0.5097923141375311
COHFACE_s16_session3_natural,35,92,38.06666666666667,0.14203540980815887,0.5249295681697366
COHFACE_s16_session3_natural,35,93,38.1,-0.052106231451034546,0.520773970137138
COHFACE_s16_session3_natural,35,94,38.13333333333333,-0.21492326259613037,0.48106341653484397
COHFACE_s16_session3_natural,35,95,38.166666666666664,-0.36495324969291687,0.39599897329705097
COHFACE_s16_session3_natural,35,96,38.2,-0.501885712146759,0.26573129501091614
COHFACE_s16_session3_natural,35,97,38.233333333333334,-0.6152249574661255,0.10071804280177166
COHFACE_s16_session3_natural,35,98,38.266666666666666,-0.7115640044212341,-0.081815897728909
COHFACE_s16_session3_natural,35,99,38.3,-0.8064247965812683,-0.26422741658019727
COHFACE_s16_session3_natural,35,100,38.333333333333336,-0.9014186859130859,-0.4348430948749741
COHFACE_s16_session3_natural,35,101,38.36666666666667,-0.9868776798248291,-0.5914321156018015
COHFACE_s16_session3_natural,35,102,38.4,-1.0664383172988892,-0.7404725052812767
COHFACE_s16_session3_natural,35,103,38.43333333333333,-1.1443285942077637,-0.8929646748307765
COHFACE_s16_session3_natural,35,104,38.46666666666667,-1.2100821733474731,-1.0584592730801239
COHFACE_s16_session3_natural,35,105,38.5,-1.2657392024993896,-1.2389163139997645
COHFACE_s16_session3_natural,35,106,38.53333333333333,-1.3224900960922241,-1.423837966064964
COHFACE_s16_session3_natural,35,107,38.56666666666667,-1.3731800317764282,-1.5880625045526315
COHFACE_s16_session3_natural,35,108,38.6,-1.4025533199310303,-1.6934848749278941
COHFACE_s16_session3_natural,35,109,38.63333333333333,-1.2907072305679321,-1.6955492313347384
COHFACE_s16_session3_natural,35,110,38.666666666666664,-0.7880350947380066,-1.5543932355882542
COHFACE_s16_session3_natural,35,111,38.7,0.056103382259607315,-1.2488209188595532
COHFACE_s16_session3_natural,35,112,38.733333333333334,0.8349612951278687,-0.7890796074831739
COHFACE_s16_session3_natural,35,113,38.766666666666666,1.2664693593978882,-0.22260727249586973
COHFACE_s16_session3_natural,35,114,38.8,1.398168683052063,0.37278477732595167
COHFACE_s16_session3_natural,35,115,38.833333333333336,1.3871703147888184,0.909206623916895
COHFACE_s16_session3_natural,35,116,38.86666666666667,1.298296570777893,1.315309485354395
COHFACE_s16_session3_natural,35,117,38.9,1.1128766536712646,1.556973567121942
COHFACE_s16_session3_natural,35,118,38.93333333333333,0.8878539204597473,1.6427362507003762
COHFACE_s16_session3_natural,35,119,38.96666666666667,0.7362126111984253,1.612849706815622
COHFACE_s16_session3_natural,35,120,39.0,0.6558684706687927,1.5184202788455115
COHFACE_s16_session3_natural,35,121,39.03333333333333,0.5918296575546265,1.4005827796754593
COHFACE_s16_session3_natural,35,122,39.06666666666667,0.49117404222488403,1.27837673065358
COHFACE_s16_session3_natural,35,123,39.1,0.32955440878868103,1.149055563277994
COHFACE_s16_session3_natural,35,124,39.13333333333333,0.1474902480840683,0.9984429834078323
COHFACE_s16_session3_natural,35,125,39.166666666666664,-0.028572119772434235,0.8146364622460277
COHFACE_s16_session3_natural,35,126,39.2,-0.19823355972766876,0.5978100571899282
COHFACE_s16_session3_natural,35,127,39.233333333333334,-0.34524786472320557,0.3618431738758321
COHFACE_s16_session3_natural,35,128,39.266666666666666,-0.4711376130580902,0.12815299778574782
COHFACE_s16_session3_natural,35,129,39.3,-0.5819342136383057,-0.0839507964457643
COHFACE_s16_session3_natural,35,130,39.333333333333336,-0.6717689037322998,-0.2647268687277184
COHFACE_s16_session3_natural,35,131,39.36666666666667,-0.7578635215759277,-0.41540660959743825
COHFACE_s16_session3_natural,35,132,39.4,-0.8481121063232422,-0.5435021171602324
COHFACE_s16_session3_natural,35,133,39.43333333333333,-0.9215231537818909,-0.6553675812809577
COHFACE_s16_session3_natural,35,134,39.46666666666667,-0.9924802780151367,-0.7502977377855916
COHFACE_s16_session3_natural,35,135,39.5,-1.0666157007217407,-0.8190391419648808
COHFACE_s16_session3_natural,35,136,39.53333333333333,-1.1243571043014526,-0.8471640396511598
COHFACE_s16_session3_natural,35,137,39.56666666666667,-1.1772348880767822,-0.8215468542230012
COHFACE_s16_session3_natural,35,138,39.6,-1.229994535446167,-0.7370005941363976
COHFACE_s16_session3_natural,35,139,39.63333333333333,-1.2847497463226318,-0.6002323660564844
COHFACE_s16_session3_natural,35,140,39.666666666666664,-1.3290832042694092,-0.4294417423989117
COHFACE_s16_session3_natural,35,141,39.7,-1.3015280961990356,-0.24959335693571497
COHFACE_s16_session3_natural,35,142,39.733333333333334,-0.959603488445282,-0.08504891802969466
COHFACE_s16_session3_natural,35,143,39.766666666666666,-0.2156180590391159,0.047632660465463016
COHFACE_s16_session3_natural,35,144,39.8,0.5975505709648132,0.1437549278663325
COHFACE_s16_session3_natural,35,145,39.833333333333336,1.1150940656661987,0.20964673103365186
COHFACE_s16_session3_natural,35,146,39.86666666666667,1.2796554565429688,0.257495326837425
COHFACE_s16_session3_natural,35,147,39.9,1.2589153051376343,0.2984201470435537
COHFACE_s16_session3_natural,35,148,39.93333333333333,1.1328481435775757,0.33679665695129485
COHFACE_s16_session3_natural,35,149,39.96666666666667,0.9199916124343872,0.3679367815170514
COHFACE_s16_session3_natural,35,150,40.0,0.6984427571296692,0.37978283912999655
COHFACE_s16_session3_natural,35,151,40.03333333333333,0.5572972297668457,0.357600809521418
COHFACE_s16_session3_natural,35,152,40.06666666666667,0.5167629718780518,0.289212263209139
COHFACE_s16_session3_natural,35,153,40.1,0.4972793161869049,0.1682035537544957
COHFACE_s16_session3_natural,35,154,40.13333333333333,0.4211038649082184,-0.005692500249226297
COHFACE_s16_session3_natural,35,155,40.166666666666664,0.28703925013542175,-0.22744300091621467
COHFACE_s16_session3_natural,35,156,40.2,0.11841260641813278,-0.48605489820629677
COHFACE_s16_session3_natural,35,157,40.233333333333334,-0.05890629068017006,-0.7611139404124397
COHFACE_s16_session3_natural,35,158,40.266666666666666,-0.21968330442905426,-1.0186932426848834
COHFACE_s16_session3_natural,35,159,40.3,-0.35655665397644043,-1.2113482453136468
COHFACE_s16_session3_natural,35,160,40.333333333333336,-0.4682106375694275,-1.2859746063189543
COHFACE_s16_session3_natural,35,161,40.36666666666667,-0.5562270283699036,-1.1993630986529986
COHFACE_s16_session3_natural,35,162,40.4,-0.6344425082206726,-0.9365733981539754
COHFACE_s16_session3_natural,35,163,40.43333333333333,-0.705325722694397,-0.5238420900075166
COHFACE_s16_session3_natural,35,164,40.46666666666667,-0.7720845341682434,-0.027685937996042458
COHFACE_s16_session3_natural,35,165,40.5,-0.8437659740447998,0.4628380516141861
COHFACE_s16_session3_natural,35,166,40.53333333333333,-0.9076421856880188,0.8643828273047512
COHFACE_s16_session3_natural,35,167,40.56666666666667,-0.9657383561134338,1.1249565356092783
COHFACE_s16_session3_natural,35,168,40.6,-1.0263031721115112,1.2353184846042466
COHFACE_s16_session3_natural,35,169,40.63333333333333,-1.0818567276000977,1.222730857118118
COHFACE_s16_session3_natural,35,170,40.666666666666664,-1.138755440711975,1.1329293072343107
COHFACE_s16_session3_natural,35,171,40.7,-1.1928306818008423,1.010743909019294
COHFACE_s16_session3_natural,35,172,40.733333333333334,-1.1479650735855103,0.8874819989605146
COHFACE_s16_session3_natural,35,173,40.766666666666666,-0.7771697640419006,0.7773603520158998
COHFACE_s16_session3_natural,35,174,40.8,-0.019998135045170784,0.6807267122771884
COHFACE_s16_session3_natural,35,175,40.833333333333336,0.7725781798362732,0.5901914181925666
COHFACE_s16_session3_natural,35,176,40.86666666666667,1.2554562091827393,0.49643363528524065
COHFACE_s16_session3_natural,35,177,40.9,1.404510498046875,0.39210292867190816
COHFACE_s16_session3_natural,35,178,40.93333333333333,1.3584474325180054,0.2737245276116339
COHFACE_s16_session3_natural,35,179,40.96666666666667,1.208668828010559,0.14222358701325175
COHFACE_s16_session3_natural,35,180,41.0,0.9791668653488159,0.0026433170491228786
COHFACE_s16_session3_natural,35,181,41.03333333333333,0.7580467462539673,-0.1366639533565393
COHFACE_s16_session3_natural,35,182,41.06666666666667,0.6309447884559631,-0.2652153018712193
COHFACE_s16_session3_natural,35,183,41.1,0.5936036109924316,-0.3718280640444379
COHFACE_s16_session3_natural,35,184,41.13333333333333,0.5678964257240295,-0.44634525442023465
COHFACE_s16_session3_natural,35,185,41.166666666666664,0.48675400018692017,-0.48182098790962813
COHFACE_s16_session3_natural,35,186,41.2,0.3516398072242737,-0.47715207167369816
COHFACE_s16_session3_natural,35,187,41.233333333333334,0.17996791005134583,-0.43959116020895295
COHFACE_s16_session3_natural,35,188,41.266666666666666,0.005398603156208992,-0.38591445571397076
COHFACE_s16_session3_natural,35,189,41.3,-0.15459492802619934,-0.34082667209863005
COHFACE_s16_session3_natural,35,190,41.333333333333336,-0.2967309057712555,-0.33189170639378734
COHFACE_s16_session3_natural,35,191,41.36666666666667,-0.41481539607048035,-0.38168981147118103
COHFACE_s16_session3_natural,35,192,41.4,-0.5072518587112427,-0.49940657100466157
COHFACE_s16_session3_natural,35,193,41.43333333333333,-0.5837377309799194,-0.6749545755917022
COHFACE_s16_session3_natural,35,194,41.46666666666667,-0.6620714068412781,-0.8784289586645464
COHFACE_s16_session3_natural,35,195,41.5,-0.7377737760543823,-1.0659458602307168
COHFACE_s16_session3_natural,35,196,41.53333333333333,-0.8116726875305176,-1.1902437223297353
COHFACE_s16_session3_natural,35,197,41.56666666666667,-0.8804123997688293,-1.2123744010602366
COHFACE_s16_session3_natural,35,198,41.6,-0.9408442378044128,-1.1106504658959588
COHFACE_s16_session3_natural,35,199,41.63333333333333,-0.9986299276351929,-0.8845744438835369
COHFACE_s16_session3_natural,35,200,41.666666666666664,-1.059446096420288,-0.5536899805524748
COHFACE_s16_session3_natural,35,201,41.7,-1.1214745044708252,-0.15303775569675726
COHFACE_s16_session3_natural,35,202,41.733333333333334,-1.154794692993164,0.2726157234860998
COHFACE_s16_session3_natural,35,203,41.766666666666666,-0.9697887897491455,0.6745592629681151
COHFACE_s16_session3_natural,35,204,41.8,-0.3193928599357605,1.0063025606937053
COHFACE_s16_session3_natural,35,205,41.833333333333336,0.6120376586914062,1.2309550286487208
COHFACE_s16_session3_natural,35,206,41.86666666666667,1.379069447517395,1.3290951824859114
COHFACE_s16_session3_natural,35,207,41.9,1.7779223918914795,1.3044187927842334
COHFACE_s16_session3_natural,35,208,41.93333333333333,1.8815197944641113,1.1840348629107944
COHFACE_s16_session3_natural,35,209,41.96666666666667,1.8424932956695557,1.01168622606641
COHFACE_s16_session3_natural,35,210,42.0,1.715125322341919,0.8347153746884112
COHFACE_s16_session3_natural,35,211,42.03333333333333,1.4857416152954102,0.688740335559348
COHFACE_s16_session3_natural,35,212,42.06666666666667,1.2501639127731323,0.5864608627929604
COHFACE_s16_session3_natural,35,213,42.1,1.096157431602478,0.5161739728480315
COHFACE_s16_session3_natural,35,214,42.13333333333333,1.0147193670272827,0.45064344924013666
COHFACE_s16_session3_natural,35,215,42.166666666666664,0.9331925511360168,0.36149642559821926
COHFACE_s16_session3_natural,35,216,42.2,0.8015079498291016,0.23228243571406823
COHFACE_s16_session3_natural,35,217,42.233333333333334,0.6353204846382141,0.06501330033061072
COHFACE_s16_session3_natural,35,218,42.266666666666666,0.44054317474365234,-0.1214913167950362
COHFACE_s16_session3_natural,35,219,42.3,0.2327422797679901,-0.2996373072120352
COHFACE_s16_session3_natural,35,220,42.333333333333336,0.04511981084942818,-0.44345448705832285
COHFACE_s16_session3_natural,35,221,42.36666666666667,-0.111488476395607,-0.5369522537421788
COHFACE_s16_session3_natural,35,222,42.4,-0.24812528491020203,-0.5773536725998253
COHFACE_s16_session3_natural,35,223,42.43333333333333,-0.36286887526512146,-0.5727813942008271
COHFACE_s16_session3_natural,35,224,42.46666666666667,-0.4631105959415436,-0.5368388975538261
COHFACE_s16_session3_natural,35,225,42.5,-0.5550591945648193,-0.4836397561669187
COHFACE_s16_session3_natural,35,226,42.53333333333333,-0.6438738703727722,-0.42525339409270674
COHFACE_s16_session3_natural,35,227,42.56666666666667,-0.7260067462921143,-0.3709286666129113
COHFACE_s16_session3_natural,35,228,42.6,-0.8066465258598328,-0.3262336276695863
COHFACE_s16_session3_natural,35,229,42.63333333333333,-0.8758149743080139,-0.2914124087001298
COHFACE_s16_session3_natural,35,230,42.666666666666664,-0.9450277090072632,-0.26068444660233364
COHFACE_s16_session3_natural,35,231,42.7,-1.018453598022461,-0.22480215089489972
COHFACE_s16_session3_natural,35,232,42.733333333333334,-1.0815167427062988,-0.17644390166360147
COHFACE_s16_session3_natural,35,233,42.766666666666666,-1.1035726070404053,-0.11497145804324876
COHFACE_s16_session3_natural,35,234,42.8,-0.8539217114448547,-0.04720352261544314
COHFACE_s16_session3_natural,35,235,42.833333333333336,-0.1106162965297699,0.01618648996036283
COHFACE_s16_session3_natural,35,236,42.86666666666667,0.8817486763000488,0.06591348048919171
COHFACE_s16_session3_natural,35,237,42.9,1.658448338508606,0.09750549857582114
COHFACE_s16_session3_natural,35,238,42.93333333333333,2.054049015045166,0.1116581430372393
COHFACE_s16_session3_natural,35,239,42.96666666666667,2.1739814281463623,0.11275386126484883
COHFACE_s16_session3_natural,36,0,36.0,-0.2594784200191498,-0.08407746224183132
COHFACE_s16_session3_natural,36,1,36.03333333333333,-0.41005536913871765,-0.552051651004809
COHFACE_s16_session3_natural,36,2,36.06666666666667,-0.5413851737976074,-0.9387920865656623
COHFACE_s16_session3_natural,36,3,36.1,-0.6622931361198425,-1.1896899657057696
COHFACE_s16_session3_natural,36,4,36.13333333333333,-0.7733558416366577,-1.2916236763835465
COHFACE_s16_session3_natural,36,5,36.166666666666664,-0.8739227652549744,-1.272294078407148
COHFACE_s16_session3_natural,36,6,36.2,-0.9666992425918579,-1.1838656232174647
COHFACE_s16_session3_natural,36,7,36.233333333333334,-1.0548043251037598,-1.0803950790146346
COHFACE_s16_session3_natural,36,8,36.266666666666666,-1.1355476379394531,-1.0000100140580108
COHFACE_s16_session3_natural,36,9,36.3,-1.2064012289047241,-0.9575226481607584
COHFACE_s16_session3_natural,36,10,36.333333333333336,-1.2750523090362549,-0.9463169033671378
COHFACE_s16_session3_natural,36,11,36.36666666666667,-1.3335919380187988,-0.9446455344460732
COHFACE_s16_session3_natural,36,12,36.4,-1.3895593881607056,-0.9225863477219723
COHFACE_s16_session3_natural,36,13,36.43333333333333,-1.4439154863357544,-0.8491529021286772
COHFACE_s16_session3_natural,36,14,36.46666666666667,-1.4213570356369019,-0.7005628043293447
COHFACE_s16_session3_natural,36,15,36.5,-1.08368980884552,-0.4689157816027904
COHFACE_s16_session3_natural,36,16,36.53333333333333,-0.3193041682243347,-0.16728619213887952
COHFACE_s16_session3_natural,36,17,36.56666666666667,0.5401492118835449,0.17293799861131187
COHFACE_s16_session3_natural,36,18,36.6,1.1305272579193115,0.5117823528814228
COHFACE_s16_session3_natural,36,19,36.63333333333333,1.41853928565979,0.8119497855050283
COHFACE_s16_session3_natural,36,20,36.666666666666664,1.51903235912323,1.0463902659316278
COHFACE_s16_session3_natural,36,21,36.7,1.5366681814193726,1.200638965032603
COHFACE_s16_session3_natural,36,22,36.733333333333334,1.459221363067627,1.2712827132746596
COHFACE_s16_session3_natural,36,23,36.766666666666666,1.2709189653396606,1.2627292390112894
COHFACE_s16_session3_natural,36,24,36.8,1.0392587184906006,1.1839402090365594
COHFACE_s16_session3_natural,36,25,36.833333333333336,0.860683262348175,1.0460176748441319
COHFACE_s16_session3_natural,36,26,36.86666666666667,0.7397900819778442,0.8611075558058674
COHFACE_s16_session3_natural,36,27,36.9,0.633250892162323,0.6426393883960909
COHFACE_s16_session3_natural,36,28,36.93333333333333,0.4970279932022095,0.40612137319297
COHFACE_s16_session3_natural,36,29,36.96666666666667,0.30766117572784424,0.16922703575995646
COHFACE_s16_session3_natural,36,30,37.0,0.10085071623325348,-0.04960478218404299
COHFACE_s16_session3_natural,36,31,37.03333333333333,-0.08153865486383438,-0.23381029887251703
COHFACE_s16_session3_natural,36,32,37.06666666666667,-0.2516583502292633,-0.37161675388853693
COHFACE_s16_session3_natural,36,33,37.1,-0.4017918109893799,-0.45829292587762316
COHFACE_s16_session3_natural,36,34,37.13333333333333,-0.5312885642051697,-0.4973344355554717
COHFACE_s16_session3_natural,36,35,37.166666666666664,-0.6491513252258301,-0.5003745439949471
COHFACE_s16_session3_natural,36,36,37.2,-0.7542713284492493,-0.485135086504313
COHFACE_s16_session3_natural,36,37,37.233333333333334,-0.8541582822799683,-0.4707635569445216
COHFACE_s16_session3_natural,36,38,37.266666666666666,-0.9560999870300293,-0.4713475274337365
COHFACE_s16_session3_natural,36,39,37.3,-1.0401841402053833,-0.49022484859133164
COHFACE_s16_session3_natural,36,40,37.333333333333336,-1.1183552742004395,-0.5182323142846721
COHFACE_s16_session3_natural,36,41,37.36666666666667,-1.191056728363037,-0.5375144179435852
COHFACE_s16_session3_natural,36,42,37.4,-1.2545634508132935,-0.5295419633045725
COHFACE_s16_session3_natural,36,43,37.43333333333333,-1.3083281517028809,-0.4834096292015733
COHFACE_s16_session3_natural,36,44,37.46666666666667,-1.3654043674468994,-0.40009586132422276
COHFACE_s16_session3_natural,36,45,37.5,-1.4207360744476318,-0.29063073684357765
COHFACE_s16_session3_natural,36,46,37.53333333333333,-1.4350754022598267,-0.16983524420883078
COHFACE_s16_session3_natural,36,47,37.56666666666667,-1.2222630977630615,-0.049914895424089695
COHFACE_s16_session3_natural,36,48,37.6,-0.5598044395446777,0.06221925443472098
COHFACE_s16_session3_natural,36,49,37.63333333333333,0.3188517093658447,0.1630019676114573
COHFACE_s16_session3_natural,36,50,37.666666666666664,1.0071802139282227,0.248138966734581
COHFACE_s16_session3_natural,36,51,37.7,1.3596301078796387,0.3102669897832586
COHFACE_s16_session3_natural,36,52,37.733333333333334,1.4746545553207397,0.34054310915897307
COHFACE_s16_session3_natural,36,53,37.766666666666666,1.488195538520813,0.33342154036617955
COHFACE_s16_session3_natural,36,54,37.8,1.422560214996338,0.29199364103343667
COHFACE_s16_session3_natural,36,55,37.833333333333336,1.229882001876831,0.23099092343001196
COHFACE_s16_session3_natural,36,56,37.86666666666667,1.0026862621307373,0.17540347062984335
COHFACE_s16_session3_natural,36,57,37.9,0.8286490440368652,0.15424532689798479
COHFACE_s16_session3_natural,36,58,37.93333333333333,0.7166550755500793,0.19095716023337356
COHFACE_s16_session3_natural,36,59,37.96666666666667,0.6328369975090027,0.29384803221250605
COHFACE_s16_session3_natural,36,60,38.0,0.5143976807594299,0.4509557626234653
COHFACE_s16_session3_natural,36,61,38.03333333333333,0.3443519175052643,0.6322791105722401
COHFACE_s16_session3_natural,36,62,38.06666666666667,0.14203540980815887,0.7984971246006268
COHFACE_s16_session3_natural,36,63,38.1,-0.052106231451034546,0.9120351929152906
COHFACE_s16_session3_natural,36,64,38.13333333333333,-0.21492326259613037,0.9462607814467396
COHFACE_s16_session3_natural,36,65,38.166666666666664,-0.36495324969291687,0.8906433125722
COHFACE_s16_session3_natural,36,66,38.2,-0.501885712146759,0.7515544269554734
COHFACE_s16_session3_natural,36,67,38.233333333333334,-0.6152249574661255,0.5491969267171372
COHFACE_s16_session3_natural,36,68,38.266666666666666,-0.7115640044212341,0.31138756926091415
COHFACE_s16_session3_natural,36,69,38.3,-0.8064247965812683,0.06549429224875075
COHFACE_s16_session3_natural,36,70,38.333333333333336,-0.9014186859130859,-0.16905757298907764
COHFACE_s16_session3_natural,36,71,38.36666666666667,-0.9868776798248291,-0.38498227082061376
COHFACE_s16_session3_natural,36,72,38.4,-1.0664383172988892,-0.5867414014278218
COHFACE_s16_session3_natural,36,73,38.43333333333333,-1.1443285942077637,-0.7861932169344606
COHFACE_s16_session3_natural,36,74,38.46666666666667,-1.2100821733474731,-0.9958004351951406
COHFACE_s16_session3_natural,36,75,38.5,-1.2657392024993896,-1.2210040618292224
COHFACE_s16_session3_natural,36,76,38.53333333333333,-1.3224900960922241,-1.4535102726361577
COHFACE_s16_session3_natural,36,77,38.56666666666667,-1.3731800317764282,-1.6674829565391645
COHFACE_s16_session3_natural,36,78,38.6,-1.4025533199310303,-1.8205947898893604
COHFACE_s16_session3_natural,36,79,38.63333333333333,-1.2907072305679321,-1.8613009827830795
COHFACE_s16_session3_natural,36,80,38.666666666666664,-0.7880350947380066,-1.7423155033223903
COHFACE_s16_session3_natural,36,81,38.7,0.056103382259607315,-1.4378057715209207
COHFACE_s16_session3_natural,36,82,38.733333333333334,0.8349612951278687,-0.9587802849461167
COHFACE_s16_session3_natural,36,83,38.766666666666666,1.2664693593978882,-0.3593270973301525
COHFACE_s16_session3_natural,36,84,38.8,1.398168683052063,0.2721146371634862
COHFACE_s16_session3_natural,36,85,38.833333333333336,1.3871703147888184,0.8362813367093608
COHFACE_s16_session3_natural,36,86,38.86666666666667,1.298296570777893,1.2528559332183138
COHFACE_s16_session3_natural,36,87,38.9,1.1128766536712646,1.4833810296633034
COHFACE_s16_session3_natural,36,88,38.93333333333333,0.8878539204597473,1.5377685675613058
COHFACE_s16_session3_natural,36,89,38.96666666666667,0.7362126111984253,1.4632848679970019
COHFACE_s16_session3_natural,36,90,39.0,0.6558684706687927,1.3223057975359376
COHFACE_s16_session3_natural,36,91,39.03333333333333,0.5918296575546265,1.1687412475136962
COHFACE_s16_session3_natural,36,92,39.06666666666667,0.49117404222488403,1.0324230153117286
COHFACE_s16_session3_natural,36,93,39.1,0.32955440878868103,0.9164196055255276
COHFACE_s16_session3_natural,36,94,39.13333333333333,0.1474902480840683,0.8059555035699804
COHFACE_s16_session3_natural,36,95,39.166666666666664,-0.028572119772434235,0.6825783373208674
COHFACE_s16_session3_natural,36,96,39.2,-0.19823355972766876,0.5360117799597371
COHFACE_s16_session3_natural,36,97,39.233333333333334,-0.34524786472320557,0.3688346319945625
COHFACE_s16_session3_natural,36,98,39.266666666666666,-0.4711376130580902,0.19376829108586985
COHFACE_s16_session3_natural,36,99,39.3,-0.5819342136383057,0.027015522435588496
COHFACE_s16_session3_natural,36,100,39.333333333333336,-0.6717689037322998,-0.11816911808002772
COHFACE_s16_session3_natural,36,101,39.36666666666667,-0.7578635215759277,-0.2351369510932565
COHFACE_s16_session3_natural,36,102,39.4,-0.8481121063232422,-0.32439380715362015
COHFACE_s16_session3_natural,36,103,39.43333333333333,-0.9215231537818909,-0.39201345512467206
COHFACE_s16_session3_natural,36,104,39.46666666666667,-0.9924802780151367,-0.44690453939393615
COHFACE_s16_session3_natural,36,105,39.5,-1.0666157007217407,-0.49751070887191273
COHFACE_s16_session3_natural,36,106,39.53333333333333,-1.1243571043014526,-0.5486144042752291
COHFACE_s16_session3_natural,36,107,39.56666666666667,-1.1772348880767822,-0.5992770159468059
COHFACE_s16_session3_natural,36,108,39.6,-1.229994535446167,-0.6428515655738732
COHFACE_s16_session3_natural,36,109,39.63333333333333,-1.2847497463226318,-0.6691083435632361
COHFACE_s16_session3_natural,36,110,39.666666666666664,-1.3290832042694092,-0.6672426453407383
COHFACE_s16_session3_natural,36,111,39.7,-1.3015280961990356,-0.6281304407363871
COHFACE_s16_session3_natural,36,112,39.733333333333334,-0.959603488445282,-0.5452700276565552
COHFACE_s16_session3_natural,36,113,39.766666666666666,-0.2156180590391159,-0.41515311117408515
COHFACE_s16_session3_natural,36,114,39.8,0.5975505709648132,-0.2379888003406351
COHFACE_s16_session3_natural,36,115,39.833333333333336,1.1150940656661987,-0.019052129782441408
COHFACE_s16_session3_natural,36,116,39.86666666666667,1.2796554565429688,0.22965536625845948
COHFACE_s16_session3_natural,36,117,39.9,1.2589153051376343,0.48803365052922376
COHFACE_s16_session3_natural,36,118,39.93333333333333,1.1328481435775757,0.7276334221526239
COHFACE_s16_session3_natural,36,119,39.96666666666667,0.9199916124343872,0.913823439796213
COHFACE_s16_session3_natural,36,120,40.0,0.6984427571296692,1.011838111826484
COHFACE_s16_session3_natural,36,121,40.03333333333333,0.5572972297668457,0.9962303630276058
COHFACE_s16_session3_natural,36,122,40.06666666666667,0.5167629718780518,0.859362228253911
COHFACE_s16_session3_natural,36,123,40.1,0.4972793161869049,0.6132270225581188
COHFACE_s16_session3_natural,36,124,40.13333333333333,0.4211038649082184,0.28317128320310836
COHFACE_s16_session3_natural,36,125,40.166666666666664,0.28703925013542175,-0.10174748097600113
COHFACE_s16_session3_natural,36,126,40.2,0.11841260641813278,-0.5145967476086454
COHFACE_s16_session3_natural,36,127,40.233333333333334,-0.05890629068017006,-0.92858142024744
COHFACE_s16_session3_natural,36,128,40.266666666666666,-0.21968330442905426,-1.3097511618322493
COHFACE_s16_session3_natural,36,129,40.3,-0.35655665397644043,-1.6118307842315611
COHFACE_s16_session3_natural,36,130,40.333333333333336,-0.4682106375694275,-1.780008430079066
COHFACE_s16_session3_natural,36,131,40.36666666666667,-0.5562270283699036,-1.7651854807240002
COHFACE_s16_session3_natural,36,132,40.4,-0.6344425082206726,-1.5436176155834136
COHFACE_s16_session3_natural,36,133,40.43333333333333,-0.705325722694397,-1.1324357605459427
COHFACE_s16_session3_natural,36,134,40.46666666666667,-0.7720845341682434,-0.5917180468266101
COHFACE_s16_session3_natural,36,135,40.5,-0.8437659740447998,-0.009643868577975497
COHFACE_s16_session3_natural,36,136,40.53333333333333,-0.9076421856880188,0.5234882237553367
COHFACE_s16_session3_natural,36,137,40.56666666666667,-0.9657383561134338,0.9403471958136189
COHFACE_s16_session3_natural,36,138,40.6,-1.0263031721115112,1.2102235199602647
COHFACE_s16_session3_natural,36,139,40.63333333333333,-1.0818567276000977,1.3378302778467315
COHFACE_s16_session3_natural,36,140,40.666666666666664,-1.138755440711975,1.351205571787016
COHFACE_s16_session3_natural,36,141,40.7,-1.1928306818008423,1.2864032801418708
COHFACE_s16_session3_natural,36,142,40.733333333333334,-1.1479650735855103,1.1756625721871115
COHFACE_s16_session3_natural,36,143,40.766666666666666,-0.7771697640419006,1.0419898109118269
COHFACE_s16_session3_natural,36,144,40.8,-0.019998135045170784,0.8994523938613429
COHFACE_s16_session3_natural,36,145,40.833333333333336,0.7725781798362732,0.7564575103678012
COHFACE_s16_session3_natural,36,146,40.86666666666667,1.2554562091827393,0.6190662437100376
COHFACE_s16_session3_natural,36,147,40.9,1.404510498046875,0.4925091392465717
COHFACE_s16_session3_natural,36,148,40.93333333333333,1.3584474325180054,0.380671338328601
COHFACE_s16_session3_natural,36,149,40.96666666666667,1.208668828010559,0.2844961935360854
COHFACE_s16_session3_natural,36,150,41.0,0.9791668653488159,0.20058593820323253
COHFACE_s16_session3_natural,36,151,41.03333333333333,0.7580467462539673,0.12112613833826115
COHFACE_s16_session3_natural,36,152,41.06666666666667,0.6309447884559631,0.03597680429996665
COHFACE_s16_session3_natural,36,153,41.1,0.5936036109924316,-0.0630677116721936
COHFACE_s16_session3_natural,36,154,41.13333333333333,0.5678964257240295,-0.1774053102614471
COHFACE_s16_session3_natural,36,155,41.166666666666664,0.48675400018692017,-0.29890364293375304
COHFACE_s16_session3_natural,36,156,41.2,0.3516398072242737,-0.41173229084431007
COHFACE_s16_session3_natural,36,157,41.233333333333334,0.17996791005134583,-0.49903942744823604
COHFACE_s16_session3_natural,36,158,41.266666666666666,0.005398603156208992,-0.5518377240804604
COHFACE_s16_session3_natural,36,159,41.3,-0.15459492802619934,-0.5754786839951817
COHFACE_s16_session3_natural,36,160,41.333333333333336,-0.2967309057712555,-0.5895400244009745
COHFACE_s16_session3_natural,36,161,41.36666666666667,-0.41481539607048035,-0.6200203277843572
COHFACE_s16_session3_natural,36,162,41.4,-0.5072518587112427,-0.6870307382172786
COHFACE_s16_session3_natural,36,163,41.43333333333333,-0.5837377309799194,-0.7939666627393384
COHFACE_s16_session3_natural,36,164,41.46666666666667,-0.6620714068412781,-0.9234547489091514
COHFACE_s16_session3_natural,36,165,41.5,-0.7377737760543823,-1.0418259081623022
COHFACE_s16_session3_natural,36,166,41.53333333333333,-0.8116726875305176,-1.1096907483423273
COHFACE_s16_session3_natural,36,167,41.56666666666667,-0.8804123997688293,-1.09368913114219
COHFACE_s16_session3_natural,36,168,41.6,-0.9408442378044128,-0.9748492662221049
COHFACE_s16_session3_natural,36,169,41.63333333333333,-0.9986299276351929,-0.7515475791942586
COHFACE_s16_session3_natural,36,170,41.666666666666664,-1.059446096420288,-0.43803593027959115
COHFACE_s16_session3_natural,36,171,41.7,-1.1214745044708252,-0.06113975867632681
COHFACE_s16_session3_natural,36,172,41.733333333333334,-1.154794692993164,0.3427793288551599
COHFACE_s16_session3_natural,36,173,41.766666666666666,-0.9697887897491455,0.7304476422651294
COHFACE_s16_session3_natural,36,174,41.8,-0.3193928599357605,1.0555113373981948
COHFACE_s16_session3_natural,36,175,41.833333333333336,0.6120376586914062,1.2752293862346027
COHFACE_s16_session3_natural,36,176,41.86666666666667,1.379069447517395,1.359646550925697
COHFACE_s16_session3_natural,36,177,41.9,1.7779223918914795,1.3003911264016121
COHFACE_s16_session3_natural,36,178,41.93333333333333,1.8815197944641113,1.1152427804055582
COHFACE_s16_session3_natural,36,179,41.96666666666667,1.8424932956695557,0.8455166938261637
COHFACE_s16_session3_natural,36,180,42.0,1.715125322341919,0.5456774943314399
COHFACE_s16_session3_natural,36,181,42.03333333333333,1.4857416152954102,0.2680077606228346
COHFACE_s16_session3_natural,36,182,42.06666666666667,1.2501639127731323,0.04831943846523367
COHFACE_s16_session3_natural,36,183,42.1,1.096157431602478,-0.10107766709393651
COHFACE_s16_session3_natural,36,184,42.13333333333333,1.0147193670272827,-0.18876869157309073
COHFACE_s16_session3_natural,36,185,42.166666666666664,0.9331925511360168,-0.23458038098253364
COHFACE_s16_session3_natural,36,186,42.2,0.8015079498291016,-0.25806376729346947
COHFACE_s16_session3_natural,36,187,42.233333333333334,0.6353204846382141,-0.26998499185003627
COHFACE_s16_session3_natural,36,188,42.266666666666666,0.44054317474365234,-0.26971372942984956
COHFACE_s16_session3_natural,36,189,42.3,0.2327422797679901,-0.2488415109422831
COHFACE_s16_session3_natural,36,190,42.333333333333336,0.04511981084942818,-0.19897650507000958
COHFACE_s16_session3_natural,36,191,42.36666666666667,-0.111488476395607,-0.1198771006052613
COHFACE_s16_session3_natural,36,192,42.4,-0.24812528491020203,-0.023521850019671997
COHFACE_s16_session3_natural,36,193,42.43333333333333,-0.36286887526512146,0.06849337109282236
COHFACE_s16_session3_natural,36,194,42.46666666666667,-0.4631105959415436,0.13290025452995846
COHFACE_s16_session3_natural,36,195,42.5,-0.5550591945648193,0.15360758270744412
COHFACE_s16_session3_natural,36,196,42.53333333333333,-0.6438738703727722,0.1272539354951642
COHFACE_s16_session3_natural,36,197,42.56666666666667,-0.7260067462921143,0.06379837119842453
COHFACE_s16_session3_natural,36,198,42.6,-0.8066465258598328,-0.017112846517603773
COHFACE_s16_session3_natural,36,199,42.63333333333333,-0.8758149743080139,-0.09217756368582866
COHFACE_s16_session3_natural,36,200,42.666666666666664,-0.9450277090072632,-0.1411035551329041
COHFACE_s16_session3_natural,36,201,42.7,-1.018453598022461,-0.152323794160471
COHFACE_s16_session3_natural,36,202,42.733333333333334,-1.0815167427062988,-0.12593527141955763
COHFACE_s16_session3_natural,36,203,42.766666666666666,-1.1035726070404053,-0.07242078110004908
COHFACE_s16_session3_natural,36,204,42.8,-0.8539217114448547,-0.007550085512067912
COHFACE_s16_session3_natural,36,205,42.833333333333336,-0.1106162965297699,0.05400699537514808
COHFACE_s16_session3_natural,36,206,42.86666666666667,0.8817486763000488,0.10313562757691587
COHFACE_s16_session3_natural,36,207,42.9,1.658448338508606,0.13701449677148092
COHFACE_s16_session3_natural,36,208,42.93333333333333,2.054049015045166,0.15701428826021266
COHFACE_s16_session3_natural,36,209,42.96666666666667,2.1739814281463623,0.16615368140270442
COHFACE_s16_session3_natural,36,210,43.0,2.1665899753570557,0.16751323908393567
COHFACE_s16_session3_natural,36,211,43.03333333333333,2.0738728046417236,0.16315504013781815
COHFACE_s16_session3_natural,36,212,43.06666666666667,1.8552803993225098,0.1526039175783706
COHFACE_s16_session3_natural,36,213,43.1,1.5693970918655396,0.1308967952455543
COHFACE_s16_session3_natural,36,214,43.13333333333333,1.3457343578338623,0.08743295615581038
COHFACE_s16_session3_natural,36,215,43.166666666666664,1.211773157119751,0.007338760950694639
COHFACE_s16_session3_natural,36,216,43.2,1.107022762298584,-0.12370399801104731
COHFACE_s16_session3_natural,36,217,43.233333333333334,0.9617084860801697,-0.31202162890477647
COHFACE_s16_session3_natural,36,218,43.266666666666666,0.7652015686035156,-0.5486810239715698
COHFACE_s16_session3_natural,36,219,43.3,0.5351083278656006,-0.8058198329667402
COHFACE_s16_session3_natural,36,220,43.333333333333336,0.3169742822647095,-1.038787146263372
COHFACE_s16_session3_natural,36,221,43.36666666666667,0.11523431539535522,-1.1943935708697344
COHFACE_s16_session3_natural,36,222,43.4,-0.06753940880298615,-1.2240974438773864
COHFACE_s16_session3_natural,36,223,43.43333333333333,-0.21841199696063995,-1.0993338971021736
COHFACE_s16_session3_natural,36,224,43.46666666666667,-0.354472279548645,-0.8240172859650253
COHFACE_s16_session3_natural,36,225,43.5,-0.4672497510910034,-0.43811082639625504
COHFACE_s16_session3_natural,36,226,43.53333333333333,-0.572088897228241,-0.0081897192846045
COHFACE_s16_session3_natural,36,227,43.56666666666667,-0.669107973575592,0.39309615802042475
COHFACE_s16_session3_natural,36,228,43.6,-0.7621209621429443,0.7094440238748356
COHFACE_s16_session3_natural,36,229,43.63333333333333,-0.8491912484169006,0.9140301550180429
COHFACE_s16_session3_natural,36,230,43.666666666666664,-0.9224840402603149,1.0088348846633122
COHFACE_s16_session3_natural,36,231,43.7,-0.9992507696151733,1.01449589660667
COHFACE_s16_session3_natural,36,232,43.733333333333334,-1.0766088962554932,0.9583552994942964
COHFACE_s16_session3_natural,36,233,43.766666666666666,-1.1487782001495361,0.8659844440166587
COHFACE_s16_session3_natural,36,234,43.8,-1.1570860147476196,0.7573355066350196
COHFACE_s16_session3_natural,36,235,43.833333333333336,-0.8668270707130432,0.6459307947128744
COHFACE_s16_session3_natural,36,236,43.86666666666667,-0.09122134745121002,0.5392660726882799
COHFACE_s16_session3_natural,36,237,43.9,0.9011583924293518,0.43964664495743405
COHFACE_s16_session3_natural,36,238,43.93333333333333,1.6617891788482666,0.34532759288213505
COHFACE_s16_session3_natural,36,239,43.96666666666667,2.0284600257873535,0.25197232846169193
COHFACE_s16_session3_natural,37,0,37.0,0.10085071623325348,-0.06201589682859944
COHFACE_s16_session3_natural,37,1,37.03333333333333,-0.08153865486383438,-0.4017889042861421
COHFACE_s16_session3_natural,37,2,37.06666666666667,-0.2516583502292633,-0.6891391717851295
COHFACE_s16_session3_natural,37,3,37.1,-0.4017918109893799,-0.8859237888862054
COHFACE_s16_session3_natural,37,4,37.13333333333333,-0.5312885642051697,-0.9797250074559255
COHFACE_s16_session3_natural,37,5,37.166666666666664,-0.6491513252258301,-0.9857496213665564
COHFACE_s16_session3_natural,37,6,37.2,-0.7542713284492493,-0.9387963688135749
COHFACE_s16_session3_natural,37,7,37.233333333333334,-0.8541582822799683,-0.878722068362813
COHFACE_s16_session3_natural,37,8,37.266666666666666,-0.9560999870300293,-0.8355078468001977
COHFACE_s16_session3_natural,37,9,37.3,-1.0401841402053833,-0.8196730285623375
COHFACE_s16_session3_natural,37,10,37.333333333333336,-1.1183552742004395,-0.8211997821251964
COHFACE_s16_session3_natural,37,11,37.36666666666667,-1.191056728363037,-0.8165830034994898
COHFACE_s16_session3_natural,37,12,37.4,-1.2545634508132935,-0.7804444725759071
COHFACE_s16_session3_natural,37,13,37.43333333333333,-1.3083281517028809,-0.6964320074610026
COHFACE_s16_session3_natural,37,14,37.46666666666667,-1.3654043674468994,-0.5625975015133627
COHFACE_s16_session3_natural,37,15,37.5,-1.4207360744476318,-0.38941955884168017
COHFACE_s16_session3_natural,37,16,37.53333333333333,-1.4350754022598267,-0.19296885173642522
COHFACE_s16_session3_natural,37,17,37.56666666666667,-1.2222630977630615,0.011708514165069867
COHFACE_s16_session3_natural,37,18,37.6,-0.5598044395446777,0.2132072790008024
COHFACE_s16_session3_natural,37,19,37.63333333333333,0.3188517093658447,0.40223399204113763
COHFACE_s16_session3_natural,37,20,37.666666666666664,1.0071802139282227,0.5687369895127752
COHFACE_s16_session3_natural,37,21,37.7,1.3596301078796387,0.7008950261037448
COHFACE_s16_session3_natural,37,22,37.733333333333334,1.4746545553207397,0.787111257681048
COHFACE_s16_session3_natural,37,23,37.766666666666666,1.488195538520813,0.8197702870426679
COHFACE_s16_session3_natural,37,24,37.8,1.422560214996338,0.798729737904651
COHFACE_s16_session3_natural,37,25,37.833333333333336,1.229882001876831,0.7330509389631441
COHFACE_s16_session3_natural,37,26,37.86666666666667,1.0026862621307373,0.6402251067338823
COHFACE_s16_session3_natural,37,27,37.9,0.8286490440368652,0.5428964282301262
COHFACE_s16_session3_natural,37,28,37.93333333333333,0.7166550755500793,0.46389101819932294
COHFACE_s16_session3_natural,37,29,37.96666666666667,0.6328369975090027,0.4208558715428539
COHFACE_s16_session3_natural,37,30,38.0,0.5143976807594299,0.4217455064788811
COHFACE_s16_session3_natural,37,31,38.03333333333333,0.3443519175052643,0.4621829854450377
COHFACE_s16_session3_natural,37,32,38.06666666666667,0.14203540980815887,0.5256695584073977
COHFACE_s16_session3_natural,37,33,38.1,-0.052106231451034546,0.5872145886991759
COHFACE_s16_session3_natural,37,34,38.13333333333333,-0.21492326259613037,0.6198014631548591
COHFACE_s16_session3_natural,37,35,38.166666666666664,-0.36495324969291687,0.6018003392242078
COHFACE_s16_session3_natural,37,36,38.2,-0.501885712146759,0.5228542366336555
COHFACE_s16_session3_natural,37,37,38.233333333333334,-0.6152249574661255,0.3861640363748993
COHFACE_s16_session3_natural,37,38,38.266666666666666,-0.7115640044212341,0.20630894768537403
COHFACE_s16_session3_natural,37,39,38.3,-0.8064247965812683,0.003444752636545703
COHFACE_s16_session3_natural,37,40,38.333333333333336,-0.9014186859130859,-0.2037117365482933
COHFACE_s16_session3_natural,37,41,38.36666666666667,-0.9868776798248291,-0.40328721392171785
COHFACE_s16_session3_natural,37,42,38.4,-1.0664383172988892,-0.5923173609907234
COHFACE_s16_session3_natural,37,43,38.43333333333333,-1.1443285942077637,-0.7752618864915879
COHFACE_s16_session3_natural,37,44,38.46666666666667,-1.2100821733474731,-0.9596026130160562
COHFACE_s16_session3_natural,37,45,38.5,-1.2657392024993896,-1.1496463831141919
COHFACE_s16_session3_natural,37,46,38.53333333333333,-1.3224900960922241,-1.3403399010322004
COHFACE_s16_session3_natural,37,47,38.56666666666667,-1.3731800317764282,-1.5133231999969763
COHFACE_s16_session3_natural,37,48,38.6,-1.4025533199310303,-1.6370263016686473
COHFACE_s16_session3_natural,37,49,38.63333333333333,-1.2907072305679321,-1.671660581656123
COHFACE_s16_session3_natural,37,50,38.666666666666664,-0.7880350947380066,-1.5789006348405539
COHFACE_s16_session3_natural,37,51,38.7,0.056103382259607315,-1.3346710625061546
COHFACE_s16_session3_natural,37,52,38.733333333333334,0.8349612951278687,-0.9415890114468218
COHFACE_s16_session3_natural,37,53,38.766666666666666,1.2664693593978882,-0.4358908505848922
COHFACE_s16_session3_natural,37,54,38.8,1.398168683052063,0.11637842594216984
COHFACE_s16_session3_natural,37,55,38.833333333333336,1.3871703147888184,0.6354575118091796
COHFACE_s16_session3_natural,37,56,38.86666666666667,1.298296570777893,1.0509103285567465
COHFACE_s16_session3_natural,37,57,38.9,1.1128766536712646,1.3214579248794087
COHFACE_s16_session3_natural,37,58,38.93333333333333,0.8878539204597473,1.4430644721089358
COHFACE_s16_session3_natural,37,59,38.96666666666667,0.7362126111984253,1.4429968761434253
COHFACE_s16_session3_natural,37,60,39.0,0.6558684706687927,1.3639541322617545
COHFACE_s16_session3_natural,37,61,39.03333333333333,0.5918296575546265,1.2460795377656513
COHFACE_s16_session3_natural,37,62,39.06666666666667,0.49117404222488403,1.1146844278815258
COHFACE_s16_session3_natural,37,63,39.1,0.32955440878868103,0.9779004727111167
COHFACE_s16_session3_natural,37,64,39.13333333333333,0.1474902480840683,0.8329321767720979
COHFACE_s16_session3_natural,37,65,39.166666666666664,-0.028572119772434235,0.6754705859880225
COHFACE_s16_session3_natural,37,66,39.2,-0.19823355972766876,0.5065663151866805
COHFACE_s16_session3_natural,37,67,39.233333333333334,-0.34524786472320557,0.3340258645358861
COHFACE_s16_session3_natural,37,68,39.266666666666666,-0.4711376130580902,0.16884893809459775
COHFACE_s16_session3_natural,37,69,39.3,-0.5819342136383057,0.019682521927936007
COHFACE_s16_session3_natural,37,70,39.333333333333336,-0.6717689037322998,-0.11109753119800705
COHFACE_s16_session3_natural,37,71,39.36666666666667,-0.7578635215759277,-0.22737633395885748
COHFACE_s16_session3_natural,37,72,39.4,-0.8481121063232422,-0.3355776787137127
COHFACE_s16_session3_natural,37,73,39.43333333333333,-0.9215231537818909,-0.43966222724447157
COHFACE_s16_session3_natural,37,74,39.46666666666667,-0.9924802780151367,-0.5378737939583657
COHFACE_s16_session3_natural,37,75,39.5,-1.0666157007217407,-0.6229990394774093
COHFACE_s16_session3_natural,37,76,39.53333333333333,-1.1243571043014526,-0.685628323359838
COHFACE_s16_session3_natural,37,77,39.56666666666667,-1.1772348880767822,-0.7181614836308214
COHFACE_s16_session3_natural,37,78,39.6,-1.229994535446167,-0.7172231302825169
COHFACE_s16_session3_natural,37,79,39.63333333333333,-1.2847497463226318,-0.683490933872401
COHFACE_s16_session3_natural,37,80,39.666666666666664,-1.3290832042694092,-0.6196295357072922
COHFACE_s16_session3_natural,37,81,39.7,-1.3015280961990356,-0.5280083990330374
COHFACE_s16_session3_natural,37,82,39.733333333333334,-0.959603488445282,-0.4096792178536914
COHFACE_s16_session3_natural,37,83,39.766666666666666,-0.2156180590391159,-0.26510974829529915
COHFACE_s16_session3_natural,37,84,39.8,0.5975505709648132,-0.09616827772284636
COHFACE_s16_session3_natural,37,85,39.833333333333336,1.1150940656661987,0.0917327177209803
COHFACE_s16_session3_natural,37,86,39.86666666666667,1.2796554565429688,0.2884297491048706
COHFACE_s16_session3_natural,37,87,39.9,1.2589153051376343,0.47923478173966505
COHFACE_s16_session3_natural,37,88,39.93333333333333,1.1328481435775757,0.646260428629232
COHFACE_s16_session3_natural,37,89,39.96666666666667,0.9199916124343872,0.770327448319502
COHFACE_s16_session3_natural,37,90,40.0,0.6984427571296692,0.8335854446749588
COHFACE_s16_session3_natural,37,91,40.03333333333333,0.5572972297668457,0.8230279360513393
COHFACE_s16_session3_natural,37,92,40.06666666666667,0.5167629718780518,0.7337324186689065
COHFACE_s16_session3_natural,37,93,40.1,0.4972793161869049,0.5696837146528094
COHFACE_s16_session3_natural,37,94,40.13333333333333,0.4211038649082184,0.3412685944217698
COHFACE_s16_session3_natural,37,95,40.166666666666664,0.28703925013542175,0.06122326212814779
COHFACE_s16_session3_natural,37,96,40.2,0.11841260641813278,-0.2572945598308548
COHFACE_s16_session3_natural,37,97,40.233333333333334,-0.05890629068017006,-0.5978591044563846
COHFACE_s16_session3_natural,37,98,40.266666666666666,-0.21968330442905426,-0.9344920871299477
COHFACE_s16_session3_natural,37,99,40.3,-0.35655665397644043,-1.2271000686693143
COHFACE_s16_session3_natural,37,100,40.333333333333336,-0.4682106375694275,-1.424172522188727
COHFACE_s16_session3_natural,37,101,40.36666666666667,-0.5562270283699036,-1.4749096938766983
COHFACE_s16_session3_natural,37,102,40.4,-0.6344425082206726,-1.3476495979617116
COHFACE_s16_session3_natural,37,103,40.43333333333333,-0.705325722694397,-1.046607530115617
COHFACE_s16_session3_natural,37,104,40.46666666666667,-0.7720845341682434,-0.6173141820076975
COHFACE_s16_session3_natural,37,105,40.5,-0.8437659740447998,-0.13551172004690396
COHFACE_s16_session3_natural,37,106,40.53333333333333,-0.9076421856880188,0.31633228481462405
COHFACE_s16_session3_natural,37,107,40.56666666666667,-0.9657383561134338,0.6734337213141991
COHFACE_s16_session3_natural,37,108,40.6,-1.0263031721115112,0.9033395360769708
COHFACE_s16_session3_natural,37,109,40.63333333333333,-1.0818567276000977,1.0068643980596914
COHFACE_s16_session3_natural,37,110,40.666666666666664,-1.138755440711975,1.0083293026140447
COHFACE_s16_session3_natural,37,111,40.7,-1.1928306818008423,0.9416845019887089
COHFACE_s16_session3_natural,37,112,40.733333333333334,-1.1479650735855103,0.8385766485118912
COHFACE_s16_session3_natural,37,113,40.766666666666666,-0.7771697640419006,0.7216536268056599
COHFACE_s16_session3_natural,37,114,40.8,-0.019998135045170784,0.6036618162256622
COHFACE_s16_session3_natural,37,115,40.833333333333336,0.7725781798362732,0.49078638824409804
COHFACE_s16_session3_natural,37,116,40.86666666666667,1.2554562091827393,0.3872303460792326
COHFACE_s16_session3_natural,37,117,40.9,1.404510498046875,0.297970038662386
COHFACE_s16_session3_natural,37,118,40.93333333333333,1.3584474325180054,0.22831982521771035
COHFACE_s16_session3_natural,37,119,40.96666666666667,1.208668828010559,0.18127708763628317
COHFACE_s16_session3_natural,37,120,41.0,0.9791668653488159,0.1550432435515946
COHFACE_s16_session3_natural,37,121,41.03333333333333,0.7580467462539673,0.14280315556194628
COHFACE_s16_session3_natural,37,122,41.06666666666667,0.6309447884559631,0.135097948919514
COHFACE_s16_session3_natural,37,123,41.1,0.5936036109924316,0.1233607421550855
COHFACE_s16_session3_natural,37,124,41.13333333333333,0.5678964257240295,0.10266135631089589
COHFACE_s16_session3_natural,37,125,41.166666666666664,0.48675400018692017,0.0723465107668531
COHFACE_s16_session3_natural,37,126,41.2,0.3516398072242737,0.034346632510150285
COHFACE_s16_session3_natural,37,127,41.233333333333334,0.17996791005134583,-0.010004122683407104
COHFACE_s16_session3_natural,37,128,41.266666666666666,0.005398603156208992,-0.06302854500410125
COHFACE_s16_session3_natural,37,129,41.3,-0.15459492802619934,-0.13195612395077333
COHFACE_s16_session3_natural,37,130,41.333333333333336,-0.2967309057712555,-0.22737633571856755
COHFACE_s16_session3_natural,37,131,41.36666666666667,-0.41481539607048035,-0.35904395118610727
COHFACE_s16_session3_natural,37,132,41.4,-0.5072518587112427,-0.5302594231149769
COHFACE_s16_session3_natural,37,133,41.43333333333333,-0.5837377309799194,-0.7328262161242853
COHFACE_s16_session3_natural,37,134,41.46666666666667,-0.6620714068412781,-0.9448382960197478
COHFACE_s16_session3_natural,37,135,41.5,-0.7377737760543823,-1.132835714392981
COHFACE_s16_session3_natural,37,136,41.53333333333333,-0.8116726875305176,-1.2581884307605347
COHFACE_s16_session3_natural,37,137,41.56666666666667,-0.8804123997688293,-1.285901599722296
COHFACE_s16_session3_natural,37,138,41.6,-0.9408442378044128,-1.1933129169000904
COHFACE_s16_session3_natural,37,139,41.63333333333333,-0.9986299276351929,-0.9762770043062907
COHFACE_s16_session3_natural,37,140,41.666666666666664,-1.059446096420288,-0.6510503999736991
COHFACE_s16_session3_natural,37,141,41.7,-1.1214745044708252,-0.25140508560387803
COHFACE_s16_session3_natural,37,142,41.733333333333334,-1.154794692993164,0.17767781324656506
COHFACE_s16_session3_natural,37,143,41.766666666666666,-0.9697887897491455,0.5874417953785104
COHFACE_s16_session3_natural,37,144,41.8,-0.3193928599357605,0.9323846578383876
COHFACE_s16_session3_natural,37,145,41.833333333333336,0.6120376586914062,1.176486640347429
COHFACE_s16_session3_natural,37,146,41.86666666666667,1.379069447517395,1.2983011182039355
COHFACE_s16_session3_natural,37,147,41.9,1.7779223918914795,1.2940411810248207
COHFACE_s16_session3_natural,37,148,41.93333333333333,1.8815197944641113,1.1777217419212245
COHFACE_s16_session3_natural,37,149,41.96666666666667,1.8424932956695557,0.9778169255692106
COHFACE_s16_session3_natural,37,150,42.0,1.715125322341919,0.7305272492042102
COHFACE_s16_session3_natural,37,151,42.03333333333333,1.4857416152954102,0.47098404534624094
COHFACE_s16_session3_natural,37,152,42.06666666666667,1.2501639127731323,0.22535238099718502
COHFACE_s16_session3_natural,37,153,42.1,1.096157431602478,0.007143877764224325
COHFACE_s16_session3_natural,37,154,42.13333333333333,1.0147193670272827,-0.1809271088462111
COHFACE_s16_session3_natural,37,155,42.166666666666664,0.9331925511360168,-0.3409856611832041
COHFACE_s16_session3_natural,37,156,42.2,0.8015079498291016,-0.472968088119297
COHFACE_s16_session3_natural,37,157,42.233333333333334,0.6353204846382141,-0.5697976640043957
COHFACE_s16_session3_natural,37,158,42.266666666666666,0.44054317474365234,-0.6173938163880088
COHFACE_s16_session3_natural,37,159,42.3,0.2327422797679901,-0.6003112514491794
COHFACE_s16_session3_natural,37,160,42.333333333333336,0.04511981084942818,-0.5108457861269259
COHFACE_s16_session3_natural,37,161,42.36666666666667,-0.111488476395607,-0.356843910322059
COHFACE_s16_session3_natural,37,162,42.4,-0.24812528491020203,-0.16317350671010722
COHFACE_s16_session3_natural,37,163,42.43333333333333,-0.36286887526512146,0.03496281334381378
COHFACE_s16_session3_natural,37,164,42.46666666666667,-0.4631105959415436,0.20329173034660503
COHFACE_s16_session3_natural,37,165,42.5,-0.5550591945648193,0.31778695976839966
COHFACE_s16_session3_natural,37,166,42.53333333333333,-0.6438738703727722,0.36801015022721656
COHFACE_s16_session3_natural,37,167,42.56666666666667,-0.7260067462921143,0.3553633731858497
COHFACE_s16_session3_natural,37,168,42.6,-0.8066465258598328,0.28979244249096187
COHFACE_s16_session3_natural,37,169,42.63333333333333,-0.8758149743080139,0.18741741107537524
COHFACE_s16_session3_natural,37,170,42.666666666666664,-0.9450277090072632,0.06855539169063467
COHFACE_s16_session3_natural,37,171,42.7,-1.018453598022461,-0.04572442335910111
COHFACE_s16_session3_natural,37,172,42.733333333333334,-1.0815167427062988,-0.13825011595322595
COHFACE_s16_session3_natural,37,173,42.766666666666666,-1.1035726070404053,-0.19879710391304947
COHFACE_s16_session3_natural,37,174,42.8,-0.8539217114448547,-0.22328724497078006
COHFACE_s16_session3_natural,37,175,42.833333333333336,-0.1106162965297699,-0.2099850349616753
COHFACE_s16_session3_natural,37,176,42.86666666666667,0.8817486763000488,-0.15627913814328587
COHFACE_s16_session3_natural,37,177,42.9,1.658448338508606,-0.05941804038839679
COHFACE_s16_session3_natural,37,178,42.93333333333333,2.054049015045166,0.07886189109428607
COHFACE_s16_session3_natural,37,179,42.96666666666667,2.1739814281463623,0.24730486704100457
COHFACE_s16_session3_natural,37,180,43.0,2.1665899753570557,0.4234823351142108
COHFACE_s16_session3_natural,37,181,43.03333333333333,2.0738728046417236,0.5769155251059651
COHFACE_s16_session3_natural,37,182,43.06666666666667,1.8552803993225098,0.6756016913712647
COHFACE_s16_session3_natural,37,183,43.1,1.5693970918655396,0.6931054809342234
COHFACE_s16_session3_natural,37,184,43.13333333333333,1.3457343578338623,0.6137540547019649
COHFACE_s16_session3_natural,37,185,43.166666666666664,1.211773157119751,0.43500630325809697
COHFACE_s16_session3_natural,37,186,43.2,1.107022762298584,0.16753904333009556
COHFACE_s16_session3_natural,37,187,43.233333333333334,0.9617084860801697,-0.16588079142428058
COHFACE_s16_session3_natural,37,188,43.266666666666666,0.7652015686035156,-0.5321674853943429
COHFACE_s16_session3_natural,37,189,43.3,0.5351083278656006,-0.8904008225804924
COHFACE_s16_session3_natural,37,190,43.333333333333336,0.3169742822647095,-1.1952168592746022
COHFACE_s16_session3_natural,37,191,43.36666666666667,0.11523431539535522,-1.4015265523703
COHFACE_s16_session3_natural,37,192,43.4,-0.06753940880298615,-1.4715387403328277
COHFACE_s16_session3_natural,37,193,43.43333333333333,-0.21841199696063995,-1.3843002810168175
COHFACE_s16_session3_natural,37,194,43.46666666666667,-0.354472279548645,-1.145051125944872
COHFACE_s16_session3_natural,37,195,43.5,-0.4672497510910034,-0.7889970951409231
COHFACE_s16_session3_natural,37,196,43.53333333333333,-0.572088897228241,-0.37479218453330726
COHFACE_s16_session3_natural,37,197,43.56666666666667,-0.669107973575592,0.03181591326750114
COHFACE_s16_session3_natural,37,198,43.6,-0.7621209621429443,0.376747044257743
COHFACE_s16_session3_natural,37,199,43.63333333333333,-0.8491912484169006,0.6291076132166773
COHFACE_s16_session3_natural,37,200,43.666666666666664,-0.9224840402603149,0.7815834431087507
COHFACE_s16_session3_natural,37,201,43.7,-0.9992507696151733,0.8434410328588853
COHFACE_s16_session3_natural,37,202,43.733333333333334,-1.0766088962554932,0.8322089890828984
COHFACE_s16_session3_natural,37,203,43.766666666666666,-1.1487782001495361,0.7677026048280403
COHFACE_s16_session3_natural,37,204,43.8,-1.1570860147476196,0.6689748246263422
COHFACE_s16_session3_natural,37,205,43.833333333333336,-0.8668270707130432,0.5531503301421837
COHFACE_s16_session3_natural,37,206,43.86666666666667,-0.09122134745121002,0.4350545661590764
COHFACE_s16_session3_natural,37,207,43.9,0.9011583924293518,0.3270861816616044
COHFACE_s16_session3_natural,37,208,43.93333333333333,1.6617891788482666,0.23896716394697454
COHFACE_s16_session3_natural,37,209,43.96666666666667,2.0284600257873535,0.17707149919128845
COHFACE_s16_session3_natural,37,210,44.0,2.117363452911377,0.14347400744805394
COHFACE_s16_session3_natural,37,211,44.03333333333333,2.081943988800049,0.1354019639633022
COHFACE_s16_session3_natural,37,212,44.06666666666667,1.9606074094772339,0.1458542364026733
COHFACE_s16_session3_natural,37,213,44.1,1.7076747417449951,0.16555631863269502
COHFACE_s16_session3_natural,37,214,44.13333333333333,1.42587149143219,0.18547396045612688
COHFACE_s16_session3_natural,37,215,44.166666666666664,1.219829797744751,0.19868249043055983
COHFACE_s16_session3_natural,37,216,44.2,1.0913678407669067,0.20095779141835168
COHFACE_s16_session3_natural,37,217,44.233333333333334,0.9702824354171753,0.19031417214326457
COHFACE_s16_session3_natural,37,218,44.266666666666666,0.813452422618866,0.1660431045778248
COHFACE_s16_session3_natural,37,219,44.3,0.6132941842079163,0.12775733803224565
COHFACE_s16_session3_natural,37,220,44.333333333333336,0.3840879201889038,0.0749431693481634
COHFACE_s16_session3_natural,37,221,44.36666666666667,0.1607355773448944,0.007465529738681318
COHFACE_s16_session3_natural,37,222,44.4,-0.03512087091803551,-0.07294088837448078
COHFACE_s16_session3_natural,37,223,44.43333333333333,-0.19839617609977722,-0.16096820416880966
COHFACE_s16_session3_natural,37,224,44.46666666666667,-0.3477461338043213,-0.24732806950864472
COHFACE_s16_session3_natural,37,225,44.5,-0.47390198707580566,-0.3208078784401377
COHFACE_s16_session3_natural,37,226,44.53333333333333,-0.584609866142273,-0.372238902954001
COHFACE_s16_session3_natural,37,227,44.56666666666667,-0.6822054982185364,-0.39811065687639197
COHFACE_s16_session3_natural,37,228,44.6,-0.7795054316520691,-0.40146182879772185
COHFACE_s16_session3_natural,37,229,44.63333333333333,-0.8769532442092896,-0.3894293610634045
COHFACE_s16_session3_natural,37,230,44.666666666666664,-0.9582582712173462,-0.3692548062023428
COHFACE_s16_session3_natural,37,231,44.7,-1.0236866474151611,-0.3454927439979575
COHFACE_s16_session3_natural,37,232,44.733333333333334,-1.096299409866333,-0.3196415672036027
COHFACE_s16_session3_natural,37,233,44.766666666666666,-1.1694296598434448,-0.29120905173827205
COHFACE_s16_session3_natural,37,234,44.8,-1.242456316947937,-0.25857669535478156
COHFACE_s16_session3_natural,37,235,44.833333333333336,-1.2571651935577393,-0.21914254025239757
COHFACE_s16_session3_natural,37,236,44.86666666666667,-1.0120083093643188,-0.1697331268680902
COHFACE_s16_session3_natural,37,237,44.9,-0.28577691316604614,-0.10834851358697382
COHFACE_s16_session3_natural,37,238,44.93333333333333,0.6895583271980286,-0.03653191080404828
COHFACE_s16_session3_natural,37,239,44.96666666666667,1.4525986909866333,0.03966012816241881
COHFACE_s16_session3_natural,38,0,38.0,0.5143976807594299,0.25418974969134583
COHFACE_s16_session3_natural,38,1,38.03333333333333,0.3443519175052643,0.10649264565910246
COHFACE_s16_session3_natural,38,2,38.06666666666667,0.14203540980815887,0.0013069039335142944
COHFACE_s16_session3_natural,38,3,38.1,-0.052106231451034546,-0.03211723643672676
COHFACE_s16_session3_natural,38,4,38.13333333333333,-0.21492326259613037,0.004910809427650354
COHFACE_s16_session3_natural,38,5,38.166666666666664,-0.36495324969291687,0.08297859056925343
COHFACE_s16_session3_natural,38,6,38.2,-0.501885712146759,0.15893581410070814
COHFACE_s16_session3_natural,38,7,38.233333333333334,-0.6152249574661255,0.19395679338911895
COHFACE_s16_session3_natural,38,8,38.266666666666666,-0.7115640044212341,0.16610907849653841
COHFACE_s16_session3_natural,38,9,38.3,-0.8064247965812683,0.07287743325321837
COHFACE_s16_session3_natural,38,10,38.333333333333336,-0.9014186859130859,-0.07464114448924407
COHFACE_s16_session3_natural,38,11,38.36666666666667,-0.9868776798248291,-0.26040337636144073
COHFACE_s16_session3_natural,38,12,38.4,-1.0664383172988892,-0.4700425333405328
COHFACE_s16_session3_natural,38,13,38.43333333333333,-1.1443285942077637,-0.6933764792403164
COHFACE_s16_session3_natural,38,14,38.46666666666667,-1.2100821733474731,-0.9229463464655285
COHFACE_s16_session3_natural,38,15,38.5,-1.2657392024993896,-1.1498135632255508
COHFACE_s16_session3_natural,38,16,38.53333333333333,-1.3224900960922241,-1.3584880434306532
COHFACE_s16_session3_natural,38,17,38.56666666666667,-1.3731800317764282,-1.5233075360201385
COHFACE_s16_session3_natural,38,18,38.6,-1.4025533199310303,-1.6086477521560705
COHFACE_s16_session3_natural,38,19,38.63333333333333,-1.2907072305679321,-1.574681736491661
COHFACE_s16_session3_natural,38,20,38.666666666666664,-0.7880350947380066,-1.388752400806528
COHFACE_s16_session3_natural,38,21,38.7,0.056103382259607315,-1.0398182392316044
COHFACE_s16_session3_natural,38,22,38.733333333333334,0.8349612951278687,-0.5506296527353227
COHFACE_s16_session3_natural,38,23,38.766666666666666,1.2664693593978882,0.019138993267647324
COHFACE_s16_session3_natural,38,24,38.8,1.398168683052063,0.5838427528749836
COHFACE_s16_session3_natural,38,25,38.833333333333336,1.3871703147888184,1.055902645058095
COHFACE_s16_session3_natural,38,26,38.86666666666667,1.298296570777893,1.373616675864105
COHFACE_s16_session3_natural,38,27,38.9,1.1128766536712646,1.519417443627413
COHFACE_s16_session3_natural,38,28,38.93333333333333,0.8878539204597473,1.5199470398865498
COHFACE_s16_session3_natural,38,29,38.96666666666667,0.7362126111984253,1.4290609524948636
COHFACE_s16_session3_natural,38,30,39.0,0.6558684706687927,1.3029204152647778
COHFACE_s16_session3_natural,38,31,39.03333333333333,0.5918296575546265,1.1789985986754463
COHFACE_s16_session3_natural,38,32,39.06666666666667,0.49117404222488403,1.0676878605028657
COHFACE_s16_session3_natural,38,33,39.1,0.32955440878868103,0.9581815526530671
COHFACE_s16_session3_natural,38,34,39.13333333333333,0.1474902480840683,0.832988019938512
COHFACE_s16_session3_natural,38,35,39.166666666666664,-0.028572119772434235,0.6818979772293936
COHFACE_s16_session3_natural,38,36,39.2,-0.19823355972766876,0.5083524604412533
COHFACE_s16_session3_natural,38,37,39.233333333333334,-0.34524786472320557,0.32667635793490096
COHFACE_s16_session3_natural,38,38,39.266666666666666,-0.4711376130580902,0.15369126747682174
COHFACE_s16_session3_natural,38,39,39.3,-0.5819342136383057,0.0003744359769618181
COHFACE_s16_session3_natural,38,40,39.333333333333336,-0.6717689037322998,-0.13198085153226724
COHFACE_s16_session3_natural,38,41,39.36666666666667,-0.7578635215759277,-0.2499350788614308
COHFACE_s16_session3_natural,38,42,39.4,-0.8481121063232422,-0.3624783457199547
COHFACE_s16_session3_natural,38,43,39.43333333333333,-0.9215231537818909,-0.4754749414290825
COHFACE_s16_session3_natural,38,44,39.46666666666667,-0.9924802780151367,-0.5884858660853884
COHFACE_s16_session3_natural,38,45,39.5,-1.0666157007217407,-0.6945560334133011
COHFACE_s16_session3_natural,38,46,39.53333333333333,-1.1243571043014526,-0.7822959220664467
COHFACE_s16_session3_natural,38,47,39.56666666666667,-1.1772348880767822,-0.8392747627017314
COHFACE_s16_session3_natural,38,48,39.6,-1.229994535446167,-0.8558079170777688
COHFACE_s16_session3_natural,38,49,39.63333333333333,-1.2847497463226318,-0.828112683777119
COHFACE_s16_session3_natural,38,50,39.666666666666664,-1.3290832042694092,-0.7595180145653722
COHFACE_s16_session3_natural,38,51,39.7,-1.3015280961990356,-0.6587402185591793
COHFACE_s16_session3_natural,38,52,39.733333333333334,-0.959603488445282,-0.5356609972280866
COHFACE_s16_session3_natural,38,53,39.766666666666666,-0.2156180590391159,-0.39671614768123686
COHFACE_s16_session3_natural,38,54,39.8,0.5975505709648132,-0.24262992892702942
COHFACE_s16_session3_natural,38,55,39.833333333333336,1.1150940656661987,-0.0701757555636664
COHFACE_s16_session3_natural,38,56,39.86666666666667,1.2796554565429688,0.12264946460449969
COHFACE_s16_session3_natural,38,57,39.9,1.2589153051376343,0.3306283031107521
COHFACE_s16_session3_natural,38,58,39.93333333333333,1.1328481435775757,0.5375091139979277
COHFACE_s16_session3_natural,38,59,39.96666666666667,0.9199916124343872,0.7165827241661942
COHFACE_s16_session3_natural,38,60,40.0,0.6984427571296692,0.8364723677681951
COHFACE_s16_session3_natural,38,61,40.03333333333333,0.5572972297668457,0.8705718989761168
COHFACE_s16_session3_natural,38,62,40.06666666666667,0.5167629718780518,0.8056765274690346
COHFACE_s16_session3_natural,38,63,40.1,0.4972793161869049,0.6449618988038595
COHFACE_s16_session3_natural,38,64,40.13333333333333,0.4211038649082184,0.4042356768834052
COHFACE_s16_session3_natural,38,65,40.166666666666664,0.28703925013542175,0.10519558543006753
COHFACE_s16_session3_natural,38,66,40.2,0.11841260641813278,-0.2288877397077101
COHFACE_s16_session3_natural,38,67,40.233333333333334,-0.05890629068017006,-0.5721417085218743
COHFACE_s16_session3_natural,38,68,40.266666666666666,-0.21968330442905426,-0.8915982431238382
COHFACE_s16_session3_natural,38,69,40.3,-0.35655665397644043,-1.1446985052510148
COHFACE_s16_session3_natural,38,70,40.333333333333336,-0.4682106375694275,-1.2839097729297886
COHFACE_s16_session3_natural,38,71,40.36666666666667,-0.5562270283699036,-1.2695734910947225
COHFACE_s16_session3_natural,38,72,40.4,-0.6344425082206726,-1.086742853241221
COHFACE_s16_session3_natural,38,73,40.43333333333333,-0.705325722694397,-0.7576615410226829
COHFACE_s16_session3_natural,38,74,40.46666666666667,-0.7720845341682434,-0.34124208602954936
COHFACE_s16_session3_natural,38,75,40.5,-0.8437659740447998,0.08359606033719365
COHFACE_s16_session3_natural,38,76,40.53333333333333,-0.9076421856880188,0.4442506235903025
COHFACE_s16_session3_natural,38,77,40.56666666666667,-0.9657383561134338,0.6973255775360573
COHFACE_s16_session3_natural,38,78,40.6,-1.0263031721115112,0.837113714041295
COHFACE_s16_session3_natural,38,79,40.63333333333333,-1.0818567276000977,0.8875263965484039
COHFACE_s16_session3_natural,38,80,40.666666666666664,-1.138755440711975,0.8844317186042698
COHFACE_s16_session3_natural,38,81,40.7,-1.1928306818008423,0.8589577487012198
COHFACE_s16_session3_natural,38,82,40.733333333333334,-1.1479650735855103,0.8287223213161125
COHFACE_s16_session3_natural,38,83,40.766666666666666,-0.7771697640419006,0.7975125566213523
COHFACE_s16_session3_natural,38,84,40.8,-0.019998135045170784,0.759980596174945
COHFACE_s16_session3_natural,38,85,40.833333333333336,0.7725781798362732,0.7075078217553785
COHFACE_s16_session3_natural,38,86,40.86666666666667,1.2554562091827393,0.6328788868231999
COHFACE_s16_session3_natural,38,87,40.9,1.404510498046875,0.5330758958114722
COHFACE_s16_session3_natural,38,88,40.93333333333333,1.3584474325180054,0.41033474033324524
COHFACE_s16_session3_natural,38,89,40.96666666666667,1.208668828010559,0.27167534576240926
COHFACE_s16_session3_natural,38,90,41.0,0.9791668653488159,0.12706947138404104
COHFACE_s16_session3_natural,38,91,41.03333333333333,0.7580467462539673,-0.013290456151544124
COHFACE_s16_session3_natural,38,92,41.06666666666667,0.6309447884559631,-0.1415622824676577
COHFACE_s16_session3_natural,38,93,41.1,0.5936036109924316,-0.25338459891155135
COHFACE_s16_session3_natural,38,94,41.13333333333333,0.5678964257240295,-0.34699458784047765
COHFACE_s16_session3_natural,38,95,41.166666666666664,0.48675400018692017,-0.42112002404566823
COHFACE_s16_session3_natural,38,96,41.2,0.3516398072242737,-0.47354057087365703
COHFACE_s16_session3_natural,38,97,41.233333333333334,0.17996791005134583,-0.5020164308687254
COHFACE_s16_session3_natural,38,98,41.266666666666666,0.005398603156208992,-0.5075217876264128
COHFACE_s16_session3_natural,38,99,41.3,-0.15459492802619934,-0.4976054937296469
COHFACE_s16_session3_natural,38,100,41.333333333333336,-0.2967309057712555,-0.4868733453699921
COHFACE_s16_session3_natural,38,101,41.36666666666667,-0.41481539607048035,-0.4928901777947768
COHFACE_s16_session3_natural,38,102,41.4,-0.5072518587112427,-0.5287091571704691
COHFACE_s16_session3_natural,38,103,41.43333333333333,-0.5837377309799194,-0.595769913413168
COHFACE_s16_session3_natural,38,104,41.46666666666667,-0.6620714068412781,-0.6811620745455581
COHFACE_s16_session3_natural,38,105,41.5,-0.7377737760543823,-0.7609313507828274
COHFACE_s16_session3_natural,38,106,41.53333333333333,-0.8116726875305176,-0.8075982379211516
COHFACE_s16_session3_natural,38,107,41.56666666666667,-0.8804123997688293,-0.7978975583885266
COHFACE_s16_session3_natural,38,108,41.6,-0.9408442378044128,-0.7175214986040864
COHFACE_s16_session3_natural,38,109,41.63333333333333,-0.9986299276351929,-0.5622726210627831
COHFACE_s16_session3_natural,38,110,41.666666666666664,-1.059446096420288,-0.337293714657014
COHFACE_s16_session3_natural,38,111,41.7,-1.1214745044708252,-0.05654201464166938
COHFACE_s16_session3_natural,38,112,41.733333333333334,-1.154794692993164,0.2567104415290286
COHFACE_s16_session3_natural,38,113,41.766666666666666,-0.9697887897491455,0.5697301538999024
COHFACE_s16_session3_natural,38,114,41.8,-0.3193928599357605,0.8431468801480333
COHFACE_s16_session3_natural,38,115,41.833333333333336,0.6120376586914062,1.038270142123887
COHFACE_s16_session3_natural,38,116,41.86666666666667,1.379069447517395,1.1272355557017357
COHFACE_s16_session3_natural,38,117,41.9,1.7779223918914795,1.1017067150643707
COHFACE_s16_session3_natural,38,118,41.93333333333333,1.8815197944641113,0.9761032244511498
COHFACE_s16_session3_natural,38,119,41.96666666666667,1.8424932956695557,0.783700447943765
COHFACE_s16_session3_natural,38,120,42.0,1.715125322341919,0.5666373326597075
COHFACE_s16_session3_natural,38,121,42.03333333333333,1.4857416152954102,0.3632381955310567
COHFACE_s16_session3_natural,38,122,42.06666666666667,1.2501639127731323,0.19758731869172047
COHFACE_s16_session3_natural,38,123,42.1,1.096157431602478,0.07551659660634727
COHFACE_s16_session3_natural,38,124,42.13333333333333,1.0147193670272827,-0.012229989442913317
COHFACE_s16_session3_natural,38,125,42.166666666666664,0.9331925511360168,-0.08227211236801946
COHFACE_s16_session3_natural,38,126,42.2,0.8015079498291016,-0.14986714805015036
COHFACE_s16_session3_natural,38,127,42.233333333333334,0.6353204846382141,-0.22206259843773934
COHFACE_s16_session3_natural,38,128,42.266666666666666,0.44054317474365234,-0.2948914979562885
COHFACE_s16_session3_natural,38,129,42.3,0.2327422797679901,-0.35566135615972533
COHFACE_s16_session3_natural,38,130,42.333333333333336,0.04511981084942818,-0.3892691855439359
COHFACE_s16_session3_natural,38,131,42.36666666666667,-0.111488476395607,-0.38538373889776045
COHFACE_s16_session3_natural,38,132,42.4,-0.24812528491020203,-0.34283667235300874
COHFACE_s16_session3_natural,38,133,42.43333333333333,-0.36286887526512146,-0.26936517094804663
COHFACE_s16_session3_natural,38,134,42.46666666666667,-0.4631105959415436,-0.17800483114834306
COHFACE_s16_session3_natural,38,135,42.5,-0.5550591945648193,-0.08317194530944386
COHFACE_s16_session3_natural,38,136,42.53333333333333,-0.6438738703727722,0.0018295142087442512
COHFACE_s16_session3_natural,38,137,42.56666666666667,-0.7260067462921143,0.06645911223853945
COHFACE_s16_session3_natural,38,138,42.6,-0.8066465258598328,0.1049174529692005
COHFACE_s16_session3_natural,38,139,42.63333333333333,-0.8758149743080139,0.11821360561027379
COHFACE_s16_session3_natural,38,140,42.666666666666664,-0.9450277090072632,0.11438021041321064
COHFACE_s16_session3_natural,38,141,42.7,-1.018453598022461,0.10515233537836728
COHFACE_s16_session3_natural,38,142,42.733333333333334,-1.0815167427062988,0.10020094732899598
COHFACE_s16_session3_natural,38,143,42.766666666666666,-1.1035726070404053,0.1025483170644968
COHFACE_s16_session3_natural,38,144,42.8,-0.8539217114448547,0.10830016532761974
COHFACE_s16_session3_natural,38,145,42.833333333333336,-0.1106162965297699,0.11080157304116381
COHFACE_s16_session3_natural,38,146,42.86666666666667,0.8817486763000488,0.1062067429175243
COHFACE_s16_session3_natural,38,147,42.9,1.658448338508606,0.09655398802639772
COHFACE_s16_session3_natural,38,148,42.93333333333333,2.054049015045166,0.08843668851461603
COHFACE_s16_session3_natural,38,149,42.96666666666667,2.1739814281463623,0.0884426460558435
COHFACE_s16_session3_natural,38,150,43.0,2.1665899753570557,0.09833661436208317
COHFACE_s16_session3_natural,38,151,43.03333333333333,2.0738728046417236,0.11269509898762102
COHFACE_s16_session3_natural,38,152,43.06666666666667,1.8552803993225098,0.1199653454820308
COHFACE_s16_session3_natural,38,153,43.1,1.5693970918655396,0.10599828589058305
COHFACE_s16_session3_natural,38,154,43.13333333333333,1.3457343578338623,0.05816878594245241
COHFACE_s16_session3_natural,38,155,43.166666666666664,1.211773157119751,-0.03142016019090959
COHFACE_s16_session3_natural,38,156,43.2,1.107022762298584,-0.16396891993555615
COHFACE_s16_session3_natural,38,157,43.233333333333334,0.9617084860801697,-0.3326659732969562
COHFACE_s16_session3_natural,38,158,43.266666666666666,0.7652015686035156,-0.5215895179457197
COHFACE_s16_session3_natural,38,159,43.3,0.5351083278656006,-0.7052966439926714
COHFACE_s16_session3_natural,38,160,43.333333333333336,0.3169742822647095,-0.8504283556420298
COHFACE_s16_session3_natural,38,161,43.36666666666667,0.11523431539535522,-0.9208595691709405
COHFACE_s16_session3_natural,38,162,43.4,-0.06753940880298615,-0.8870016025196693
COHFACE_s16_session3_natural,38,163,43.43333333333333,-0.21841199696063995,-0.7374319648334489
COHFACE_s16_session3_natural,38,164,43.46666666666667,-0.354472279548645,-0.4878846804177425
COHFACE_s16_session3_natural,38,165,43.5,-0.4672497510910034,-0.18141619312918095
COHFACE_s16_session3_natural,38,166,43.53333333333333,-0.572088897228241,0.12346176709097866
COHFACE_s16_session3_natural,38,167,43.56666666666667,-0.669107973575592,0.373031937485969
COHFACE_s16_session3_natural,38,168,43.6,-0.7621209621429443,0.5364818594438732
COHFACE_s16_session3_natural,38,169,43.63333333333333,-0.8491912484169006,0.6113994801106546
COHFACE_s16_session3_natural,38,170,43.666666666666664,-0.9224840402603149,0.6153289330166338
COHFACE_s16_session3_natural,38,171,43.7,-0.9992507696151733,0.5717012457366052
COHFACE_s16_session3_natural,38,172,43.733333333333334,-1.0766088962554932,0.499713320884931
COHFACE_s16_session3_natural,38,173,43.766666666666666,-1.1487782001495361,0.41209865628487974
COHFACE_s16_session3_natural,38,174,43.8,-1.1570860147476196,0.3185798314381442
COHFACE_s16_session3_natural,38,175,43.833333333333336,-0.8668270707130432,0.2300320101652565
COHFACE_s16_session3_natural,38,176,43.86666666666667,-0.09122134745121002,0.1596306911728546
COHFACE_s16_session3_natural,38,177,43.9,0.9011583924293518,0.12035171038696217
COHFACE_s16_session3_natural,38,178,43.93333333333333,1.6617891788482666,0.12052495223186842
COHFACE_s16_session3_natural,38,179,43.96666666666667,2.0284600257873535,0.15998900731402213
COHFACE_s16_session3_natural,38,180,44.0,2.117363452911377,0.22905750791384127
COHFACE_s16_session3_natural,38,181,44.03333333333333,2.081943988800049,0.3110868703422558
COHFACE_s16_session3_natural,38,182,44.06666666666667,1.9606074094772339,0.38742271108144044
COHFACE_s16_session3_natural,38,183,44.1,1.7076747417449951,0.4423016789042746
COHFACE_s16_session3_natural,38,184,44.13333333333333,1.42587149143219,0.46581419530230433
COHFACE_s16_session3_natural,38,185,44.166666666666664,1.219829797744751,0.45449435962188306
COHFACE_s16_session3_natural,38,186,44.2,1.0913678407669067,0.41020825063457456
COHFACE_s16_session3_natural,38,187,44.233333333333334,0.9702824354171753,0.3383614202030246
COHFACE_s16_session3_natural,38,188,44.266666666666666,0.813452422618866,0.24624041092197976
COHFACE_s16_session3_natural,38,189,44.3,0.6132941842079163,0.14181493926276056
COHFACE_s16_session3_natural,38,190,44.333333333333336,0.3840879201889038,0.032878862598302874
COHFACE_s16_session3_natural,38,191,44.36666666666667,0.1607355773448944,-0.07364804443388061
COHFACE_s16_session3_natural,38,192,44.4,-0.03512087091803551,-0.1721326727024855
COHFACE_s16_session3_natural,38,193,44.43333333333333,-0.19839617609977722,-0.2582417093296245
COHFACE_s16_session3_natural,38,194,44.46666666666667,-0.3477461338043213,-0.3290608214501261
COHFACE_s16_session3_natural,38,195,44.5,-0.47390198707580566,-0.3841188703537804
COHFACE_s16_session3_natural,38,196,44.53333333333333,-0.584609866142273,-0.4272700404037049
COHFACE_s16_session3_natural,38,197,44.56666666666667,-0.6822054982185364,-0.46802853151444707
COHFACE_s16_session3_natural,38,198,44.6,-0.7795054316520691,-0.5203720727402575
COHFACE_s16_session3_natural,38,199,44.63333333333333,-0.8769532442092896,-0.5981121349815283
COHFACE_s16_session3_natural,38,200,44.666666666666664,-0.9582582712173462,-0.7082856404089538
COHFACE_s16_session3_natural,38,201,44.7,-1.0236866474151611,-0.845643752616557
COHFACE_s16_session3_natural,38,202,44.733333333333334,-1.096299409866333,-0.9907249859652802
COHFACE_s16_session3_natural,38,203,44.766666666666666,-1.1694296598434448,-1.1122309912894455
COHFACE_s16_session3_natural,38,204,44.8,-1.242456316947937,-1.173156026050642
COHFACE_s16_session3_natural,38,205,44.833333333333336,-1.2571651935577393,-1.1396295790141784
COHFACE_s16_session3_natural,38,206,44.86666666666667,-1.0120083093643188,-0.9910030485480134
COHFACE_s16_session3_natural,38,207,44.9,-0.28577691316604614,-0.7285064970507942
COHFACE_s16_session3_natural,38,208,44.93333333333333,0.6895583271980286,-0.3783338157152696
COHFACE_s16_session3_natural,38,209,44.96666666666667,1.4525986909866333,0.014016217626246344
COHFACE_s16_session3_natural,38,210,45.0,1.8177913427352905,0.3967619719294738
COHFACE_s16_session3_natural,38,211,45.03333333333333,1.891054630279541,0.7262959538521513
COHFACE_s16_session3_natural,38,212,45.06666666666667,1.835574984550476,0.9766267519714135
COHFACE_s16_session3_natural,38,213,45.1,1.6788928508758545,1.1407609822372686
COHFACE_s16_session3_natural,38,214,45.13333333333333,1.4203280210494995,1.2255668120518728
COHFACE_s16_session3_natural,38,215,45.166666666666664,1.1600335836410522,1.2444736122898796
COHFACE_s16_session3_natural,38,216,45.2,0.9737563729286194,1.21192266081201
COHFACE_s16_session3_natural,38,217,45.233333333333334,0.8712233304977417,1.1408801923821594
COHFACE_s16_session3_natural,38,218,45.266666666666666,0.7802504301071167,1.0422535651846232
COHFACE_s16_session3_natural,38,219,45.3,0.6305013298988342,0.9244608937345216
COHFACE_s16_session3_natural,38,220,45.333333333333336,0.43235352635383606,0.7927852171289649
COHFACE_s16_session3_natural,38,221,45.36666666666667,0.21550559997558594,0.6495053441528709
COHFACE_s16_session3_natural,38,222,45.4,0.018540453165769577,0.49542335049781144
COHFACE_s16_session3_natural,38,223,45.43333333333333,-0.16257759928703308,0.3320799863001289
COHFACE_s16_session3_natural,38,224,45.46666666666667,-0.3184467554092407,0.16327930929937054
COHFACE_s16_session3_natural,38,225,45.5,-0.4528366029262543,-0.005008156069256305
COHFACE_s16_session3_natural,38,226,45.53333333333333,-0.557306170463562,-0.16618901029935268
COHFACE_s16_session3_natural,38,227,45.56666666666667,-0.6527139544487,-0.31487752851551576
COHFACE_s16_session3_natural,38,228,45.6,-0.7462443113327026,-0.4476630566584536
COHFACE_s16_session3_natural,38,229,45.63333333333333,-0.8322354555130005,-0.5622607512035782
COHFACE_s16_session3_natural,38,230,45.666666666666664,-0.9153883457183838,-0.6558034964089364
COHFACE_s16_session3_natural,38,231,45.7,-0.9939290285110474,-0.723784571087041
COHFACE_s16_session3_natural,38,232,45.733333333333334,-1.0603034496307373,-0.7606653099167769
COHFACE_s16_session3_natural,38,233,45.766666666666666,-1.1145856380462646,-0.7619639361617205
COHFACE_s16_session3_natural,38,234,45.8,-1.1847150325775146,-0.7266959070220516
COHFACE_s16_session3_natural,38,235,45.833333333333336,-1.2511042356491089,-0.6587461943689328
COHFACE_s16_session3_natural,38,236,45.86666666666667,-1.2939741611480713,-0.5661665531099193
COHFACE_s16_session3_natural,38,237,45.9,-1.1814332008361816,-0.4585062095605215
COHFACE_s16_session3_natural,38,238,45.93333333333333,-0.6529061198234558,-0.3436572161605874
COHFACE_s16_session3_natural,38,239,45.96666666666667,0.24768762290477753,-0.22619520410443025
COHFACE_s16_session3_natural,39,0,39.0,0.6558684706687927,-0.03661068520746504
COHFACE_s16_session3_natural,39,1,39.03333333333333,0.5918296575546265,-0.07350048164043824
COHFACE_s16_session3_natural,39,2,39.06666666666667,0.49117404222488403,-0.0915488271452425
COHFACE_s16_session3_natural,39,3,39.1,0.32955440878868103,-0.07948431708352346
COHFACE_s16_session3_natural,39,4,39.13333333333333,0.1474902480840683,-0.037041447381055415
COHFACE_s16_session3_natural,39,5,39.166666666666664,-0.028572119772434235,0.025024269291647493
COHFACE_s16_session3_natural,39,6,39.2,-0.19823355972766876,0.0893643736349314
COHFACE_s16_session3_natural,39,7,39.233333333333334,-0.34524786472320557,0.13848909856040217
COHFACE_s16_session3_natural,39,8,39.266666666666666,-0.4711376130580902,0.15990992272671178
COHFACE_s16_session3_natural,39,9,39.3,-0.5819342136383057,0.14804200352539912
COHFACE_s16_session3_natural,39,10,39.333333333333336,-0.6717689037322998,0.10350371246289485
COHFACE_s16_session3_natural,39,11,39.36666666666667,-0.7578635215759277,0.03187416307589852
COHFACE_s16_session3_natural,39,12,39.4,-0.8481121063232422,-0.057000583277789466
COHFACE_s16_session3_natural,39,13,39.43333333333333,-0.9215231537818909,-0.14983120135941203
COHFACE_s16_session3_natural,39,14,39.46666666666667,-0.9924802780151367,-0.23193658743031198
COHFACE_s16_session3_natural,39,15,39.5,-1.0666157007217407,-0.29048403962690517
COHFACE_s16_session3_natural,39,16,39.53333333333333,-1.1243571043014526,-0.317429779526318
COHFACE_s16_session3_natural,39,17,39.56666666666667,-1.1772348880767822,-0.3105085550515322
COHFACE_s16_session3_natural,39,18,39.6,-1.229994535446167,-0.27216033720717586
COHFACE_s16_session3_natural,39,19,39.63333333333333,-1.2847497463226318,-0.20770666137165214
COHFACE_s16_session3_natural,39,20,39.666666666666664,-1.3290832042694092,-0.12380047184536531
COHFACE_s16_session3_natural,39,21,39.7,-1.3015280961990356,-0.027137666457307197
COHFACE_s16_session3_natural,39,22,39.733333333333334,-0.959603488445282,0.07678147163633217
COHFACE_s16_session3_natural,39,23,39.766666666666666,-0.2156180590391159,0.18441158541596092
COHFACE_s16_session3_natural,39,24,39.8,0.5975505709648132,0.2935185787318907
COHFACE_s16_session3_natural,39,25,39.833333333333336,1.1150940656661987,0.4008203745518023
COHFACE_s16_session3_natural,39,26,39.86666666666667,1.2796554565429688,0.4992096546838238
COHFACE_s16_session3_natural,39,27,39.9,1.2589153051376343,0.5767047629721886
COHFACE_s16_session3_natural,39,28,39.93333333333333,1.1328481435775757,0.6181540673211205
COHFACE_s16_session3_natural,39,29,39.96666666666667,0.9199916124343872,0.6089714318111831
COHFACE_s16_session3_natural,39,30,40.0,0.6984427571296692,0.5394599908538905
COHFACE_s16_session3_natural,39,31,40.03333333333333,0.5572972297668457,0.40821788190774205
COHFACE_s16_session3_natural,39,32,40.06666666666667,0.5167629718780518,0.22302765532514637
COHFACE_s16_session3_natural,39,33,40.1,0.4972793161869049,-0.0016881761787530432
COHFACE_s16_session3_natural,39,34,40.13333333333333,0.4211038649082184,-0.2497563680996144
COHFACE_s16_session3_natural,39,35,40.166666666666664,0.28703925013542175,-0.5074503636670217
COHFACE_s16_session3_natural,39,36,40.2,0.11841260641813278,-0.7638787181629866
COHFACE_s16_session3_natural,39,37,40.233333333333334,-0.05890629068017006,-1.0067138596017862
COHFACE_s16_session3_natural,39,38,40.266666666666666,-0.21968330442905426,-1.21590351825648
COHFACE_s16_session3_natural,39,39,40.3,-0.35655665397644043,-1.3603246891946408
COHFACE_s16_session3_natural,39,40,40.333333333333336,-0.4682106375694275,-1.4015931442035907
COHFACE_s16_session3_natural,39,41,40.36666666666667,-0.5562270283699036,-1.3057094537340672
COHFACE_s16_session3_natural,39,42,40.4,-0.6344425082206726,-1.0586666322379066
COHFACE_s16_session3_natural,39,43,40.43333333333333,-0.705325722694397,-0.6786419171902489
COHFACE_s16_session3_natural,39,44,40.46666666666667,-0.7720845341682434,-0.21708519457134132
COHFACE_s16_session3_natural,39,45,40.5,-0.8437659740447998,0.25431334906341757
COHFACE_s16_session3_natural,39,46,40.53333333333333,-0.9076421856880188,0.6655461046162209
COHFACE_s16_session3_natural,39,47,40.56666666666667,-0.9657383561134338,0.9683336002120749
COHFACE_s16_session3_natural,39,48,40.6,-1.0263031721115112,1.145498178773719
COHFACE_s16_session3_natural,39,49,40.63333333333333,-1.0818567276000977,1.2077806320894058
COHFACE_s16_session3_natural,39,50,40.666666666666664,-1.138755440711975,1.1824765641429364
COHFACE_s16_session3_natural,39,51,40.7,-1.1928306818008423,1.1007021124269234
COHFACE_s16_session3_natural,39,52,40.733333333333334,-1.1479650735855103,0.988489599979205
COHFACE_s16_session3_natural,39,53,40.766666666666666,-0.7771697640419006,0.8634250965343313
COHFACE_s16_session3_natural,39,54,40.8,-0.019998135045170784,0.7356950605351052
COHFACE_s16_session3_natural,39,55,40.833333333333336,0.7725781798362732,0.6111055853959578
COHFACE_s16_session3_natural,39,56,40.86666666666667,1.2554562091827393,0.4936781526323281
COHFACE_s16_session3_natural,39,57,40.9,1.404510498046875,0.38646792499365773
COHFACE_s16_session3_natural,39,58,40.93333333333333,1.3584474325180054,0.2907519931388982
COHFACE_s16_session3_natural,39,59,40.96666666666667,1.208668828010559,0.2048905932313515
COHFACE_s16_session3_natural,39,60,41.0,0.9791668653488159,0.12434508148439051
COHFACE_s16_session3_natural,39,61,41.03333333333333,0.7580467462539673,0.04347069452971987
COHFACE_s16_session3_natural,39,62,41.06666666666667,0.6309447884559631,-0.04166256036689585
COHFACE_s16_session3_natural,39,63,41.1,0.5936036109924316,-0.1310166445987342
COHFACE_s16_session3_natural,39,64,41.13333333333333,0.5678964257240295,-0.22020624417810372
COHFACE_s16_session3_natural,39,65,41.166666666666664,0.48675400018692017,-0.30234862085326325
COHFACE_s16_session3_natural,39,66,41.2,0.3516398072242737,-0.3716092857369572
COHFACE_s16_session3_natural,39,67,41.233333333333334,0.17996791005134583,-0.4271495165113596
COHFACE_s16_session3_natural,39,68,41.266666666666666,0.005398603156208992,-0.4755673285274919
COHFACE_s16_session3_natural,39,69,41.3,-0.15459492802619934,-0.5300507147844311
COHFACE_s16_session3_natural,39,70,41.333333333333336,-0.2967309057712555,-0.6057229841321423
COHFACE_s16_session3_natural,39,71,41.36666666666667,-0.41481539607048035,-0.7124866418952953
COHFACE_s16_session3_natural,39,72,41.4,-0.5072518587112427,-0.8481025494432658
COHFACE_s16_session3_natural,39,73,41.43333333333333,-0.5837377309799194,-0.9946348285149974
COHFACE_s16_session3_natural,39,74,41.46666666666667,-0.6620714068412781,-1.120478416661021
COHFACE_s16_session3_natural,39,75,41.5,-0.7377737760543823,-1.188036157931009
COHFACE_s16_session3_natural,39,76,41.53333333333333,-0.8116726875305176,-1.1644831310872594
COHFACE_s16_session3_natural,39,77,41.56666666666667,-0.8804123997688293,-1.0315097683909773
COHFACE_s16_session3_natural,39,78,41.6,-0.9408442378044128,-0.7905294783645447
COHFACE_s16_session3_natural,39,79,41.63333333333333,-0.9986299276351929,-0.46195659392136984
COHFACE_s16_session3_natural,39,80,41.666666666666664,-1.059446096420288,-0.07951260427549293
COHFACE_s16_session3_natural,39,81,41.7,-1.1214745044708252,0.31769318884855074
COHFACE_s16_session3_natural,39,82,41.733333333333334,-1.154794692993164,0.6919266687264751
COHFACE_s16_session3_natural,39,83,41.766666666666666,-0.9697887897491455,1.010289497962296
COHFACE_s16_session3_natural,39,84,41.8,-0.3193928599357605,1.2454856411920723
COHFACE_s16_session3_natural,39,85,41.833333333333336,0.6120376586914062,1.3765055628596208
COHFACE_s16_session3_natural,39,86,41.86666666666667,1.379069447517395,1.3912574114087817
COHFACE_s16_session3_natural,39,87,41.9,1.7779223918914795,1.290804923922109
COHFACE_s16_session3_natural,39,88,41.93333333333333,1.8815197944641113,1.0927141099599094
COHFACE_s16_session3_natural,39,89,41.96666666666667,1.8424932956695557,0.8303868012074149
COHFACE_s16_session3_natural,39,90,42.0,1.715125322341919,0.5466138085904909
COHFACE_s16_session3_natural,39,91,42.03333333333333,1.4857416152954102,0.2825774041988457
COHFACE_s16_session3_natural,39,92,42.06666666666667,1.2501639127731323,0.06671873518320795
COHFACE_s16_session3_natural,39,93,42.1,1.096157431602478,-0.09122970000570174
COHFACE_s16_session3_natural,39,94,42.13333333333333,1.0147193670272827,-0.19838644122695556
COHFACE_s16_session3_natural,39,95,42.166666666666664,0.9331925511360168,-0.27060792578289516
COHFACE_s16_session3_natural,39,96,42.2,0.8015079498291016,-0.3226133296633792
COHFACE_s16_session3_natural,39,97,42.233333333333334,0.6353204846382141,-0.36113344600685493
COHFACE_s16_session3_natural,39,98,42.266666666666666,0.44054317474365234,-0.38380337975430645
COHFACE_s16_session3_natural,39,99,42.3,0.2327422797679901,-0.3834375263974617
COHFACE_s16_session3_natural,39,100,42.333333333333336,0.04511981084942818,-0.35480769666552125
COHFACE_s16_session3_natural,39,101,42.36666666666667,-0.111488476395607,-0.30006206467450836
COHFACE_s16_session3_natural,39,102,42.4,-0.24812528491020203,-0.22978576768799164
COHFACE_s16_session3_natural,39,103,42.43333333333333,-0.36286887526512146,-0.15919405632826814
COHFACE_s16_session3_natural,39,104,42.46666666666667,-0.4631105959415436,-0.10194813398364416
COHFACE_s16_session3_natural,39,105,42.5,-0.5550591945648193,-0.06550397743799131
COHFACE_s16_session3_natural,39,106,42.53333333333333,-0.6438738703727722,-0.05048647113070582
COHFACE_s16_session3_natural,39,107,42.56666666666667,-0.7260067462921143,-0.053429676176149916
COHFACE_s16_session3_natural,39,108,42.6,-0.8066465258598328,-0.06977324141280285
COHFACE_s16_session3_natural,39,109,42.63333333333333,-0.8758149743080139,-0.09447015718634967
COHFACE_s16_session3_natural,39,110,42.666666666666664,-0.9450277090072632,-0.12078179732453306
COHFACE_s16_session3_natural,39,111,42.7,-1.018453598022461,-0.14006461613142546
COHFACE_s16_session3_natural,39,112,42.733333333333334,-1.0815167427062988,-0.1438312565597147
COHFACE_s16_session3_natural,39,113,42.766666666666666,-1.1035726070404053,-0.12648693195444397
COHFACE_s16_session3_natural,39,114,42.8,-0.8539217114448547,-0.08644780774867786
COHFACE_s16_session3_natural,39,115,42.833333333333336,-0.1106162965297699,-0.02509035156836164
COHFACE_s16_session3_natural,39,116,42.86666666666667,0.8817486763000488,0.05482387802186729
COHFACE_s16_session3_natural,39,117,42.9,1.658448338508606,0.14918054837004444
COHFACE_s16_session3_natural,39,118,42.93333333333333,2.054049015045166,0.25088690107737754
COHFACE_s16_session3_natural,39,119,42.96666666666667,2.1739814281463623,0.34858576263098245
COHFACE_s16_session3_natural,39,120,43.0,2.1665899753570557,0.4276529441705985
COHFACE_s16_session3_natural,39,121,43.03333333333333,2.0738728046417236,0.47351064295530393
COHFACE_s16_session3_natural,39,122,43.06666666666667,1.8552803993225098,0.47535340091250144
COHFACE_s16_session3_natural,39,123,43.1,1.5693970918655396,0.42805639240341753
COHFACE_s16_session3_natural,39,124,43.13333333333333,1.3457343578338623,0.3316416246507154
COHFACE_s16_session3_natural,39,125,43.166666666666664,1.211773157119751,0.18963565959009349
COHFACE_s16_session3_natural,39,126,43.2,1.107022762298584,0.008216347895867709
COHFACE_s16_session3_natural,39,127,43.233333333333334,0.9617084860801697,-0.20291054038165798
COHFACE_s16_session3_natural,39,128,43.266666666666666,0.7652015686035156,-0.42849557174811365
COHFACE_s16_session3_natural,39,129,43.3,0.5351083278656006,-0.6462226532122264
COHFACE_s16_session3_natural,39,130,43.333333333333336,0.3169742822647095,-0.8273212981111542
COHFACE_s16_session3_natural,39,131,43.36666666666667,0.11523431539535522,-0.9403432679618361
COHFACE_s16_session3_natural,39,132,43.4,-0.06753940880298615,-0.9583114474171717
COHFACE_s16_session3_natural,39,133,43.43333333333333,-0.21841199696063995,-0.8679751185680223
COHFACE_s16_session3_natural,39,134,43.46666666666667,-0.354472279548645,-0.677755466311928
COHFACE_s16_session3_natural,39,135,43.5,-0.4672497510910034,-0.4196594552906774
COHFACE_s16_session3_natural,39,136,43.53333333333333,-0.572088897228241,-0.14183829238897303
COHFACE_s16_session3_natural,39,137,43.56666666666667,-0.669107973575592,0.10672503970661623
COHFACE_s16_session3_natural,39,138,43.6,-0.7621209621429443,0.2919629965671044
COHFACE_s16_session3_natural,39,139,43.63333333333333,-0.8491912484169006,0.40222412365609933
COHFACE_s16_session3_natural,39,140,43.666666666666664,-0.9224840402603149,0.4449739334106653
COHFACE_s16_session3_natural,39,141,43.7,-0.9992507696151733,0.43752800447712004
COHFACE_s16_session3_natural,39,142,43.733333333333334,-1.0766088962554932,0.3984399859199287
COHFACE_s16_session3_natural,39,143,43.766666666666666,-1.1487782001495361,0.3430708372517303
COHFACE_s16_session3_natural,39,144,43.8,-1.1570860147476196,0.28313648934828994
COHFACE_s16_session3_natural,39,145,43.833333333333336,-0.8668270707130432,0.22811113063093272
COHFACE_s16_session3_natural,39,146,43.86666666666667,-0.09122134745121002,0.18653161432613502
COHFACE_s16_session3_natural,39,147,43.9,0.9011583924293518,0.16623129775482454
COHFACE_s16_session3_natural,39,148,43.93333333333333,1.6617891788482666,0.1731470574498823
COHFACE_s16_session3_natural,39,149,43.96666666666667,2.0284600257873535,0.2090051519178671
COHFACE_s16_session3_natural,39,150,44.0,2.117363452911377,0.26932030261731815
COHFACE_s16_session3_natural,39,151,44.03333333333333,2.081943988800049,0.3435658385161591
COHFACE_s16_session3_natural,39,152,44.06666666666667,1.9606074094772339,0.41810714156165496
COHFACE_s16_session3_natural,39,153,44.1,1.7076747417449951,0.48050009282596945
COHFACE_s16_session3_natural,39,154,44.13333333333333,1.42587149143219,0.5227068760739378
COHFACE_s16_session3_natural,39,155,44.166666666666664,1.219829797744751,0.5415002133318729
COHFACE_s16_session3_natural,39,156,44.2,1.0913678407669067,0.5363684427343234
COHFACE_s16_session3_natural,39,157,44.233333333333334,0.9702824354171753,0.5069277836116846
COHFACE_s16_session3_natural,39,158,44.266666666666666,0.813452422618866,0.4518326087485433
COHFACE_s16_session3_natural,39,159,44.3,0.6132941842079163,0.3698015946945069
COHFACE_s16_session3_natural,39,160,44.333333333333336,0.3840879201889038,0.2618763822401117
COHFACE_s16_session3_natural,39,161,44.36666666666667,0.1607355773448944,0.1333528874895314
COHFACE_s16_session3_natural,39,162,44.4,-0.03512087091803551,-0.005807319805283171
COHFACE_s16_session3_natural,39,163,44.43333333333333,-0.19839617609977722,-0.1425397914657578
COHFACE_s16_session3_natural,39,164,44.46666666666667,-0.3477461338043213,-0.26416314290039505
COHFACE_s16_session3_natural,39,165,44.5,-0.47390198707580566,-0.3631204443831487
COHFACE_s16_session3_natural,39,166,44.53333333333333,-0.584609866142273,-0.44126547448790554
COHFACE_s16_session3_natural,39,167,44.56666666666667,-0.6822054982185364,-0.5112034443056502
COHFACE_s16_session3_natural,39,168,44.6,-0.7795054316520691,-0.5927001397332176
COHFACE_s16_session3_natural,39,169,44.63333333333333,-0.8769532442092896,-0.7044316735189939
COHFACE_s16_session3_natural,39,170,44.666666666666664,-0.9582582712173462,-0.8544275728976564
COHFACE_s16_session3_natural,39,171,44.7,-1.0236866474151611,-1.0338335542071329
COHFACE_s16_session3_natural,39,172,44.733333333333334,-1.096299409866333,-1.2166129187436125
COHFACE_s16_session3_natural,39,173,44.766666666666666,-1.1694296598434448,-1.3646409290490709
COHFACE_s16_session3_natural,39,174,44.8,-1.242456316947937,-1.4360789835676928
COHFACE_s16_session3_natural,39,175,44.833333333333336,-1.2571651935577393,-1.3951591407557449
COHFACE_s16_session3_natural,39,176,44.86666666666667,-1.0120083093643188,-1.222094823291641
COHFACE_s16_session3_natural,39,177,44.9,-0.28577691316604614,-0.9211581378387922
COHFACE_s16_session3_natural,39,178,44.93333333333333,0.6895583271980286,-0.523245687409804
COHFACE_s16_session3_natural,39,179,44.96666666666667,1.4525986909866333,-0.07963962314192945
COHFACE_s16_session3_natural,39,180,45.0,1.8177913427352905,0.35203621131223767
COHFACE_s16_session3_natural,39,181,45.03333333333333,1.891054630279541,0.7237947189228685
COHFACE_s16_session3_natural,39,182,45.06666666666667,1.835574984550476,1.0081469927236362
COHFACE_s16_session3_natural,39,183,45.1,1.6788928508758545,1.199863094360869
COHFACE_s16_session3_natural,39,184,45.13333333333333,1.4203280210494995,1.3096715387119924
COHFACE_s16_session3_natural,39,185,45.166666666666664,1.1600335836410522,1.3546606653611484
COHFACE_s16_session3_natural,39,186,45.2,0.9737563729286194,1.350450957587079
COHFACE_s16_session3_natural,39,187,45.233333333333334,0.8712233304977417,1.3077435822799703
COHFACE_s16_session3_natural,39,188,45.266666666666666,0.7802504301071167,1.2327730263317762
COHFACE_s16_session3_natural,39,189,45.3,0.6305013298988342,1.1294150831320116
COHFACE_s16_session3_natural,39,190,45.333333333333336,0.43235352635383606,1.000930566150905
COHFACE_s16_session3_natural,39,191,45.36666666666667,0.21550559997558594,0.8505940050955185
COHFACE_s16_session3_natural,39,192,45.4,0.018540453165769577,0.6814552788786419
COHFACE_s16_session3_natural,39,193,45.43333333333333,-0.16257759928703308,0.4959504100719286
COHFACE_s16_session3_natural,39,194,45.46666666666667,-0.3184467554092407,0.2961865921841882
COHFACE_s16_session3_natural,39,195,45.5,-0.4528366029262543,0.08528687001174452
COHFACE_s16_session3_natural,39,196,45.53333333333333,-0.557306170463562,-0.13077496968141036
COHFACE_s16_session3_natural,39,197,45.56666666666667,-0.6527139544487,-0.3421087429908127
COHFACE_s16_session3_natural,39,198,45.6,-0.7462443113327026,-0.5356062187949646
COHFACE_s16_session3_natural,39,199,45.63333333333333,-0.8322354555130005,-0.6973987376419255
COHFACE_s16_session3_natural,39,200,45.666666666666664,-0.9153883457183838,-0.8160662174545523
COHFACE_s16_session3_natural,39,201,45.7,-0.9939290285110474,-0.8852361210677613
COHFACE_s16_session3_natural,39,202,45.733333333333334,-1.0603034496307373,-0.9046893561042628
COHFACE_s16_session3_natural,39,203,45.766666666666666,-1.1145856380462646,-0.8798965960865759
COHFACE_s16_session3_natural,39,204,45.8,-1.1847150325775146,-0.8204279941145056
COHFACE_s16_session3_natural,39,205,45.833333333333336,-1.2511042356491089,-0.7377808059256754
COHFACE_s16_session3_natural,39,206,45.86666666666667,-1.2939741611480713,-0.6430669734802341
COHFACE_s16_session3_natural,39,207,45.9,-1.1814332008361816,-0.5449778317775288
COHFACE_s16_session3_natural,39,208,45.93333333333333,-0.6529061198234558,-0.44854028273258606
COHFACE_s16_session3_natural,39,209,45.96666666666667,0.24768762290477753,-0.3550208603191392
COHFACE_s16_session3_natural,39,210,46.0,1.0842721462249756,-0.2627732054588658
COHFACE_s16_session3_natural,39,211,46.03333333333333,1.517021894454956,-0.16850042317990285
COHFACE_s16_session3_natural,39,212,46.06666666666667,1.6152235269546509,-0.06873375238915927
COHFACE_s16_session3_natural,39,213,46.1,1.5439856052398682,0.038410201124370415
COHFACE_s16_session3_natural,39,214,46.13333333333333,1.3781380653381348,0.15156639554353202
COHFACE_s16_session3_natural,39,215,46.166666666666664,1.1099201440811157,0.2653946115134801
COHFACE_s16_session3_natural,39,216,46.2,0.8549919128417969,0.37132520868233493
COHFACE_s16_session3_natural,39,217,46.233333333333334,0.7299447655677795,0.45949047732134723
COHFACE_s16_session3_natural,39,218,46.266666666666666,0.6913322806358337,0.5209723329498636
COHFACE_s16_session3_natural,39,219,46.3,0.6353796124458313,0.5496348834282074
COHFACE_s16_session3_natural,39,220,46.333333333333336,0.5178716778755188,0.5434969376212528
COHFACE_s16_session3_natural,39,221,46.36666666666667,0.3335457444190979,0.5059067960814472
COHFACE_s16_session3_natural,39,222,46.4,0.1285683512687683,0.4461332563286216
COHFACE_s16_session3_natural,39,223,46.43333333333333,-0.055668871849775314,0.37811822578525844
COHFACE_s16_session3_natural,39,224,46.46666666666667,-0.21963895857334137,0.31625186988172826
COHFACE_s16_session3_natural,39,225,46.5,-0.35394009947776794,0.26873293784821267
COHFACE_s16_session3_natural,39,226,46.53333333333333,-0.4629775583744049,0.23167757953091733
COHFACE_s16_session3_natural,39,227,46.56666666666667,-0.5503730773925781,0.18849121631929924
COHFACE_s16_session3_natural,39,228,46.6,-0.6376355290412903,0.11721239260755648
COHFACE_s16_session3_natural,39,229,46.63333333333333,-0.7234050035476685,0.0036263326533139545
COHFACE_s16_session3_natural,39,230,46.666666666666664,-0.7894394397735596,-0.14733810358704102
COHFACE_s16_session3_natural,39,231,46.7,-0.8588443994522095,-0.31002430988168583
COHFACE_s16_session3_natural,39,232,46.733333333333334,-0.9328763484954834,-0.4482070630081754
COHFACE_s16_session3_natural,39,233,46.766666666666666,-1.0013351440429688,-0.5310415975020165
COHFACE_s16_session3_natural,39,234,46.8,-1.0739331245422363,-0.5456320236094665
COHFACE_s16_session3_natural,39,235,46.833333333333336,-1.1464425325393677,-0.49985712983481256
COHFACE_s16_session3_natural,39,236,46.86666666666667,-1.1926532983779907,-0.41526716568357147
COHFACE_s16_session3_natural,39,237,46.9,-1.1213856935501099,-0.31520294886511585
COHFACE_s16_session3_natural,39,238,46.93333333333333,-0.6727297902107239,-0.214754174181294
COHFACE_s16_session3_natural,39,239,46.96666666666667,0.17689310014247894,-0.11708332316573777
COHFACE_s16_session3_natural,40,0,40.0,0.6984427571296692,-0.11723893049360701
COHFACE_s16_session3_natural,40,1,40.03333333333333,0.5572972297668457,-0.6021710600892911
COHFACE_s16_session3_natural,40,2,40.06666666666667,0.5167629718780518,-1.0183877418843572
COHFACE_s16_session3_natural,40,3,40.1,0.4972793161869049,-1.3198081368936434
COHFACE_s16_session3_natural,40,4,40.13333333333333,0.4211038649082184,-1.496236806306823
COHFACE_s16_session3_natural,40,5,40.166666666666664,0.28703925013542175,-1.5730003552151788
COHFACE_s16_session3_natural,40,6,40.2,0.11841260641813278,-1.5957902734874303
COHFACE_s16_session3_natural,40,7,40.233333333333334,-0.05890629068017006,-1.6078232742496557
COHFACE_s16_session3_natural,40,8,40.266666666666666,-0.21968330442905426,-1.629780420763067
COHFACE_s16_session3_natural,40,9,40.3,-0.35655665397644043,-1.6508435631460308
COHFACE_s16_session3_natural,40,10,40.333333333333336,-0.4682106375694275,-1.6337464371221828
COHFACE_s16_session3_natural,40,11,40.36666666666667,-0.5562270283699036,-1.5311570643175798
COHFACE_s16_session3_natural,40,12,40.4,-0.6344425082206726,-1.3070513017221466
COHFACE_s16_session3_natural,40,13,40.43333333333333,-0.705325722694397,-0.9550330034160115
COHFACE_s16_session3_natural,40,14,40.46666666666667,-0.7720845341682434,-0.5057197872796796
COHFACE_s16_session3_natural,40,15,40.5,-0.8437659740447998,-0.0190269702417492
COHFACE_s16_session3_natural,40,16,40.53333333333333,-0.9076421856880188,0.4355547496894041
COHFACE_s16_session3_natural,40,17,40.56666666666667,-0.9657383561134338,0.8014237019485908
COHFACE_s16_session3_natural,40,18,40.6,-1.0263031721115112,1.0502556102762783
COHFACE_s16_session3_natural,40,19,40.63333333333333,-1.0818567276000977,1.1851258826030662
COHFACE_s16_session3_natural,40,20,40.666666666666664,-1.138755440711975,1.2324810878541825
COHFACE_s16_session3_natural,40,21,40.7,-1.1928306818008423,1.2284085098254316
COHFACE_s16_session3_natural,40,22,40.733333333333334,-1.1479650735855103,1.2052116677627471
COHFACE_s16_session3_natural,40,23,40.766666666666666,-0.7771697640419006,1.1823452416145372
COHFACE_s16_session3_natural,40,24,40.8,-0.019998135045170784,1.1634300542459728
COHFACE_s16_session3_natural,40,25,40.833333333333336,0.7725781798362732,1.1390007483738278
COHFACE_s16_session3_natural,40,26,40.86666666666667,1.2554562091827393,1.0928819292440959
COHFACE_s16_session3_natural,40,27,40.9,1.404510498046875,1.0092864643367545
COHFACE_s16_session3_natural,40,28,40.93333333333333,1.3584474325180054,0.8782967058724869
COHFACE_s16_session3_natural,40,29,40.96666666666667,1.208668828010559,0.6986982588035296
COHFACE_s16_session3_natural,40,30,41.0,0.9791668653488159,0.4782690146982342
COHFACE_s16_session3_natural,40,31,41.03333333333333,0.7580467462539673,0.23219323852294754
COHFACE_s16_session3_natural,40,32,41.06666666666667,0.6309447884559631,-0.019658026134749033
COHFACE_s16_session3_natural,40,33,41.1,0.5936036109924316,-0.25598503421279345
COHFACE_s16_session3_natural,40,34,41.13333333333333,0.5678964257240295,-0.4573800138570618
COHFACE_s16_session3_natural,40,35,41.166666666666664,0.48675400018692017,-0.6093143042770128
COHFACE_s16_session3_natural,40,36,41.2,0.3516398072242737,-0.704485992322588
COHFACE_s16_session3_natural,40,37,41.233333333333334,0.17996791005134583,-0.7442345386047002
COHFACE_s16_session3_natural,40,38,41.266666666666666,0.005398603156208992,-0.7386294402106894
COHFACE_s16_session3_natural,40,39,41.3,-0.15459492802619934,-0.7048175043453678
COHFACE_s16_session3_natural,40,40,41.333333333333336,-0.2967309057712555,-0.6634722498417385
COHFACE_s16_session3_natural,40,41,41.36666666666667,-0.41481539607048035,-0.6337236489622846
COHFACE_s16_session3_natural,40,42,41.4,-0.5072518587112427,-0.6276379470170427
COHFACE_s16_session3_natural,40,43,41.43333333333333,-0.5837377309799194,-0.6460619071248582
COHFACE_s16_session3_natural,40,44,41.46666666666667,-0.6620714068412781,-0.6779579546619162
COHFACE_s16_session3_natural,40,45,41.5,-0.7377737760543823,-0.7041749577141128
COHFACE_s16_session3_natural,40,46,41.53333333333333,-0.8116726875305176,-0.7039585381211229
COHFACE_s16_session3_natural,40,47,41.56666666666667,-0.8804123997688293,-0.6607907552933349
COHFACE_s16_session3_natural,40,48,41.6,-0.9408442378044128,-0.5652245250308183
COHFACE_s16_session3_natural,40,49,41.63333333333333,-0.9986299276351929,-0.4148823017542454
COHFACE_s16_session3_natural,40,50,41.666666666666664,-1.059446096420288,-0.21338427325210366
COHFACE_s16_session3_natural,40,51,41.7,-1.1214745044708252,0.0300485616109092
COHFACE_s16_session3_natural,40,52,41.733333333333334,-1.154794692993164,0.2997396883002408
COHFACE_s16_session3_natural,40,53,41.766666666666666,-0.9697887897491455,0.5724553406141666
COHFACE_s16_session3_natural,40,54,41.8,-0.3193928599357605,0.8181190203812234
COHFACE_s16_session3_natural,40,55,41.833333333333336,0.6120376586914062,1.0039374619336277
COHFACE_s16_session3_natural,40,56,41.86666666666667,1.379069447517395,1.1014958095240392
COHFACE_s16_session3_natural,40,57,41.9,1.7779223918914795,1.094378632314291
COHFACE_s16_session3_natural,40,58,41.93333333333333,1.8815197944641113,0.9834332105975256
COHFACE_s16_session3_natural,40,59,41.96666666666667,1.8424932956695557,0.7876627022937903
COHFACE_s16_session3_natural,40,60,42.0,1.715125322341919,0.5400596955833479
COHFACE_s16_session3_natural,40,61,42.03333333333333,1.4857416152954102,0.279333796137784
COHFACE_s16_session3_natural,40,62,42.06666666666667,1.2501639127731323,0.04023050973417911
COHFACE_s16_session3_natural,40,63,42.1,1.096157431602478,-0.15413093195611344
COHFACE_s16_session3_natural,40,64,42.13333333333333,1.0147193670272827,-0.2954805275793194
COHFACE_s16_session3_natural,40,65,42.166666666666664,0.9331925511360168,-0.38864664695071377
COHFACE_s16_session3_natural,40,66,42.2,0.8015079498291016,-0.44590064419178854
COHFACE_s16_session3_natural,40,67,42.233333333333334,0.6353204846382141,-0.4796674819613887
COHFACE_s16_session3_natural,40,68,42.266666666666666,0.44054317474365234,-0.4966733983252713
COHFACE_s16_session3_natural,40,69,42.3,0.2327422797679901,-0.496190508500151
COHFACE_s16_session3_natural,40,70,42.333333333333336,0.04511981084942818,-0.4729657061735668
COHFACE_s16_session3_natural,40,71,42.36666666666667,-0.111488476395607,-0.4227207042699315
COHFACE_s16_session3_natural,40,72,42.4,-0.24812528491020203,-0.346530540209
COHFACE_s16_session3_natural,40,73,42.43333333333333,-0.36286887526512146,-0.25131495952511235
COHFACE_s16_session3_natural,40,74,42.46666666666667,-0.4631105959415436,-0.14678820098984896
COHFACE_s16_session3_natural,40,75,42.5,-0.5550591945648193,-0.0417628894971456
COHFACE_s16_session3_natural,40,76,42.53333333333333,-0.6438738703727722,0.05761084182844553
COHFACE_s16_session3_natural,40,77,42.56666666666667,-0.7260067462921143,0.14744307428940795
COHFACE_s16_session3_natural,40,78,42.6,-0.8066465258598328,0.2252898819556662
COHFACE_s16_session3_natural,40,79,42.63333333333333,-0.8758149743080139,0.2904470569144255
COHFACE_s16_session3_natural,40,80,42.666666666666664,-0.9450277090072632,0.34465053090322895
COHFACE_s16_session3_natural,40,81,42.7,-1.018453598022461,0.3911746593913859
COHFACE_s16_session3_natural,40,82,42.733333333333334,-1.0815167427062988,0.43193953393777473
COHFACE_s16_session3_natural,40,83,42.766666666666666,-1.1035726070404053,0.46471292419400584
COHFACE_s16_session3_natural,40,84,42.8,-0.8539217114448547,0.4828827129099315
COHFACE_s16_session3_natural,40,85,42.833333333333336,-0.1106162965297699,0.4783686823209134
COHFACE_s16_session3_natural,40,86,42.86666666666667,0.8817486763000488,0.4457790893320044
COHFACE_s16_session3_natural,40,87,42.9,1.658448338508606,0.38503291444675514
COHFACE_s16_session3_natural,40,88,42.93333333333333,2.054049015045166,0.3011557702989789
COHFACE_s16_session3_natural,40,89,42.96666666666667,2.1739814281463623,0.20206989161191666
COHFACE_s16_session3_natural,40,90,43.0,2.1665899753570557,0.0959526299679925
COHFACE_s16_session3_natural,40,91,43.03333333333333,2.0738728046417236,-0.010730819685548372
COHFACE_s16_session3_natural,40,92,43.06666666666667,1.8552803993225098,-0.11409287598282718
COHFACE_s16_session3_natural,40,93,43.1,1.5693970918655396,-0.21273036137976492
COHFACE_s16_session3_natural,40,94,43.13333333333333,1.3457343578338623,-0.30723249038738104
COHFACE_s16_session3_natural,40,95,43.166666666666664,1.211773157119751,-0.39977557797610935
COHFACE_s16_session3_natural,40,96,43.2,1.107022762298584,-0.493652487521331
COHFACE_s16_session3_natural,40,97,43.233333333333334,0.9617084860801697,-0.5920450024075499
COHFACE_s16_session3_natural,40,98,43.266666666666666,0.7652015686035156,-0.6955564992428105
COHFACE_s16_session3_natural,40,99,43.3,0.5351083278656006,-0.7988746641933554
COHFACE_s16_session3_natural,40,100,43.333333333333336,0.3169742822647095,-0.8879344065310756
COHFACE_s16_session3_natural,40,101,43.36666666666667,0.11523431539535522,-0.9397215965265678
COHFACE_s16_session3_natural,40,102,43.4,-0.06753940880298615,-0.9268074614974638
COHFACE_s16_session3_natural,40,103,43.43333333333333,-0.21841199696063995,-0.826839362661571
COHFACE_s16_session3_natural,40,104,43.46666666666667,-0.354472279548645,-0.6337138072157827
COHFACE_s16_session3_natural,40,105,43.5,-0.4672497510910034,-0.36451487502640867
COHFACE_s16_session3_natural,40,106,43.53333333333333,-0.572088897228241,-0.057186684704030585
COHFACE_s16_session3_natural,40,107,43.56666666666667,-0.669107973575592,0.2411654591361345
COHFACE_s16_session3_natural,40,108,43.6,-0.7621209621429443,0.48916235303383176
COHFACE_s16_session3_natural,40,109,43.63333333333333,-0.8491912484169006,0.6610424397320537
COHFACE_s16_session3_natural,40,110,43.666666666666664,-0.9224840402603149,0.7482298686712024
COHFACE_s16_session3_natural,40,111,43.7,-0.9992507696151733,0.7555695564572964
COHFACE_s16_session3_natural,40,112,43.733333333333334,-1.0766088962554932,0.6968640841846597
COHFACE_s16_session3_natural,40,113,43.766666666666666,-1.1487782001495361,0.5918939680810652
COHFACE_s16_session3_natural,40,114,43.8,-1.1570860147476196,0.4643296637175217
COHFACE_s16_session3_natural,40,115,43.833333333333336,-0.8668270707130432,0.33906480442036424
COHFACE_s16_session3_natural,40,116,43.86666666666667,-0.09122134745121002,0.23858999319896135
COHFACE_s16_session3_natural,40,117,43.9,0.9011583924293518,0.17938070860997843
COHFACE_s16_session3_natural,40,118,43.93333333333333,1.6617891788482666,0.16936749894389425
COHFACE_s16_session3_natural,40,119,43.96666666666667,2.0284600257873535,0.20688334261730726
COHFACE_s16_session3_natural,40,120,44.0,2.117363452911377,0.2811381097636644
COHFACE_s16_session3_natural,40,121,44.03333333333333,2.081943988800049,0.37430770523270224
COHFACE_s16_session3_natural,40,122,44.06666666666667,1.9606074094772339,0.465227505827272
COHFACE_s16_session3_natural,40,123,44.1,1.7076747417449951,0.5340896412409687
COHFACE_s16_session3_natural,40,124,44.13333333333333,1.42587149143219,0.5666799615227202
COHFACE_s16_session3_natural,40,125,44.166666666666664,1.219829797744751,0.5565049093343147
COHFACE_s16_session3_natural,40,126,44.2,1.0913678407669067,0.5042113867898858
COHFACE_s16_session3_natural,40,127,44.233333333333334,0.9702824354171753,0.41516854422546434
COHFACE_s16_session3_natural,40,128,44.266666666666666,0.813452422618866,0.29680356014979276
COHFACE_s16_session3_natural,40,129,44.3,0.6132941842079163,0.15696306611541055
COHFACE_s16_session3_natural,40,130,44.333333333333336,0.3840879201889038,0.0036315035568679575
COHFACE_s16_session3_natural,40,131,44.36666666666667,0.1607355773448944,-0.15447426221108354
COHFACE_s16_session3_natural,40,132,44.4,-0.03512087091803551,-0.3071642443771324
COHFACE_s16_session3_natural,40,133,44.43333333333333,-0.19839617609977722,-0.44266971801731503
COHFACE_s16_session3_natural,40,134,44.46666666666667,-0.3477461338043213,-0.5490863689523323
COHFACE_s16_session3_natural,40,135,44.5,-0.47390198707580566,-0.617875837006331
COHFACE_s16_session3_natural,40,136,44.53333333333333,-0.584609866142273,-0.6485397698343253
COHFACE_s16_session3_natural,40,137,44.56666666666667,-0.6822054982185364,-0.651935571107261
COHFACE_s16_session3_natural,40,138,44.6,-0.7795054316520691,-0.6491922395241023
COHFACE_s16_session3_natural,40,139,44.63333333333333,-0.8769532442092896,-0.6649588806740706
COHFACE_s16_session3_natural,40,140,44.666666666666664,-0.9582582712173462,-0.7172893185499236
COHFACE_s16_session3_natural,40,141,44.7,-1.0236866474151611,-0.8089201726768233
COHFACE_s16_session3_natural,40,142,44.733333333333334,-1.096299409866333,-0.9238175619114946
COHFACE_s16_session3_natural,40,143,44.766666666666666,-1.1694296598434448,-1.0300026688777506
COHFACE_s16_session3_natural,40,144,44.8,-1.242456316947937,-1.0873493091216386
COHFACE_s16_session3_natural,40,145,44.833333333333336,-1.2571651935577393,-1.058188193514982
COHFACE_s16_session3_natural,40,146,44.86666666666667,-1.0120083093643188,-0.9185468368902154
COHFACE_s16_session3_natural,40,147,44.9,-0.28577691316604614,-0.6673286409464441
COHFACE_s16_session3_natural,40,148,44.93333333333333,0.6895583271980286,-0.32958162934707663
COHFACE_s16_session3_natural,40,149,44.96666666666667,1.4525986909866333,0.04921463202012781
COHFACE_s16_session3_natural,40,150,45.0,1.8177913427352905,0.4167307474180235
COHFACE_s16_session3_natural,40,151,45.03333333333333,1.891054630279541,0.7295343628241397
COHFACE_s16_session3_natural,40,152,45.06666666666667,1.835574984550476,0.9641018883790268
COHFACE_s16_session3_natural,40,153,45.1,1.6788928508758545,1.1189229328537365
COHFACE_s16_session3_natural,40,154,45.13333333333333,1.4203280210494995,1.2082075683562676
COHFACE_s16_session3_natural,40,155,45.166666666666664,1.1600335836410522,1.251523528034722
COHFACE_s16_session3_natural,40,156,45.2,0.9737563729286194,1.2646129800433574
COHFACE_s16_session3_natural,40,157,45.233333333333334,0.8712233304977417,1.2547378217504148
COHFACE_s16_session3_natural,40,158,45.266666666666666,0.7802504301071167,1.2208096842236735
COHFACE_s16_session3_natural,40,159,45.3,0.6305013298988342,1.1564152921043942
COHFACE_s16_session3_natural,40,160,45.333333333333336,0.43235352635383606,1.0537460638975142
COHFACE_s16_session3_natural,40,161,45.36666666666667,0.21550559997558594,0.907343442322852
COHFACE_s16_session3_natural,40,162,45.4,0.018540453165769577,0.7170164238583611
COHFACE_s16_session3_natural,40,163,45.43333333333333,-0.16257759928703308,0.4892157221502919
COHFACE_s16_session3_natural,40,164,45.46666666666667,-0.3184467554092407,0.2362502459374257
COHFACE_s16_session3_natural,40,165,45.5,-0.4528366029262543,-0.026554439887648076
COHFACE_s16_session3_natural,40,166,45.53333333333333,-0.557306170463562,-0.28451630482483076
COHFACE_s16_session3_natural,40,167,45.56666666666667,-0.6527139544487,-0.5261943008910832
COHFACE_s16_session3_natural,40,168,45.6,-0.7462443113327026,-0.7436370387696319
COHFACE_s16_session3_natural,40,169,45.63333333333333,-0.8322354555130005,-0.9305059024654426
COHFACE_s16_session3_natural,40,170,45.666666666666664,-0.9153883457183838,-1.0797107915768618
COHFACE_s16_session3_natural,40,171,45.7,-0.9939290285110474,-1.182465926631203
COHFACE_s16_session3_natural,40,172,45.733333333333334,-1.0603034496307373,-1.2295315489487504
COHFACE_s16_session3_natural,40,173,45.766666666666666,-1.1145856380462646,-1.2139141902159776
COHFACE_s16_session3_natural,40,174,45.8,-1.1847150325775146,-1.1336291425669036
COHFACE_s16_session3_natural,40,175,45.833333333333336,-1.2511042356491089,-0.9933456302161058
COHFACE_s16_session3_natural,40,176,45.86666666666667,-1.2939741611480713,-0.8043400040339768
COHFACE_s16_session3_natural,40,177,45.9,-1.1814332008361816,-0.5828702340869926
COHFACE_s16_session3_natural,40,178,45.93333333333333,-0.6529061198234558,-0.3476187079983678
COHFACE_s16_session3_natural,40,179,45.96666666666667,0.24768762290477753,-0.11688725405093825
COHFACE_s16_session3_natural,40,180,46.0,1.0842721462249756,0.09417327079580637
COHFACE_s16_session3_natural,40,181,46.03333333333333,1.517021894454956,0.2760491904063694
COHFACE_s16_session3_natural,40,182,46.06666666666667,1.6152235269546509,0.4261389986312617
COHFACE_s16_session3_natural,40,183,46.1,1.5439856052398682,0.5476317835586173
COHFACE_s16_session3_natural,40,184,46.13333333333333,1.3781380653381348,0.6459170068530024
COHFACE_s16_session3_natural,40,185,46.166666666666664,1.1099201440811157,0.7241133065790145
COHFACE_s16_session3_natural,40,186,46.2,0.8549919128417969,0.7800825667693722
COHFACE_s16_session3_natural,40,187,46.233333333333334,0.7299447655677795,0.8066008428485771
COHFACE_s16_session3_natural,40,188,46.266666666666666,0.6913322806358337,0.794613847397151
COHFACE_s16_session3_natural,40,189,46.3,0.6353796124458313,0.737956267093812
COHFACE_s16_session3_natural,40,190,46.333333333333336,0.5178716778755188,0.6375230456764194
COHFACE_s16_session3_natural,40,191,46.36666666666667,0.3335457444190979,0.5033518407833075
COHFACE_s16_session3_natural,40,192,46.4,0.1285683512687683,0.3536986871294475
COHFACE_s16_session3_natural,40,193,46.43333333333333,-0.055668871849775314,0.21080111994896547
COHFACE_s16_session3_natural,40,194,46.46666666666667,-0.21963895857334137,0.09387065220467967
COHFACE_s16_session3_natural,40,195,46.5,-0.35394009947776794,0.011234780406503296
COHFACE_s16_session3_natural,40,196,46.53333333333333,-0.4629775583744049,-0.04488766923170135
COHFACE_s16_session3_natural,40,197,46.56666666666667,-0.5503730773925781,-0.09713251925021646
COHFACE_s16_session3_natural,40,198,46.6,-0.6376355290412903,-0.1735376086863248
COHFACE_s16_session3_natural,40,199,46.63333333333333,-0.7234050035476685,-0.2927354998797784
COHFACE_s16_session3_natural,40,200,46.666666666666664,-0.7894394397735596,-0.4513736184732991
COHFACE_s16_session3_natural,40,201,46.7,-0.8588443994522095,-0.6218102289281844
COHFACE_s16_session3_natural,40,202,46.733333333333334,-0.9328763484954834,-0.762369874091141
COHFACE_s16_session3_natural,40,203,46.766666666666666,-1.0013351440429688,-0.834799686449118
COHFACE_s16_session3_natural,40,204,46.8,-1.0739331245422363,-0.8198017434782005
COHFACE_s16_session3_natural,40,205,46.833333333333336,-1.1464425325393677,-0.7233280448411542
COHFACE_s16_session3_natural,40,206,46.86666666666667,-1.1926532983779907,-0.5718324768861743
COHFACE_s16_session3_natural,40,207,46.9,-1.1213856935501099,-0.4001649374424795
COHFACE_s16_session3_natural,40,208,46.93333333333333,-0.6727297902107239,-0.2382599571985994
COHFACE_s16_session3_natural,40,209,46.96666666666667,0.17689310014247894,-0.10207244752142089
COHFACE_s16_session3_natural,40,210,47.0,0.9849321246147156,0.008287461207514618
COHFACE_s16_session3_natural,40,211,47.03333333333333,1.4166914224624634,0.1034943547133011
COHFACE_s16_session3_natural,40,212,47.06666666666667,1.5075757503509521,0.1962210083517054
COHFACE_s16_session3_natural,40,213,47.1,1.4253541231155396,0.29311572595749935
COHFACE_s16_session3_natural,40,214,47.13333333333333,1.2416934967041016,0.39103138734353027
COHFACE_s16_session3_natural,40,215,47.166666666666664,0.9729581475257874,0.478513179324675
COHFACE_s16_session3_natural,40,216,47.2,0.7318369746208191,0.541061800362543
COHFACE_s16_session3_natural,40,217,47.233333333333334,0.6153342127799988,0.567311264248333
COHFACE_s16_session3_natural,40,218,47.266666666666666,0.5942983627319336,0.5534015549533925
COHFACE_s16_session3_natural,40,219,47.3,0.5515614748001099,0.5040668912792936
COHFACE_s16_session3_natural,40,220,47.333333333333336,0.43361005187034607,0.4304985761981457
COHFACE_s16_session3_natural,40,221,47.36666666666667,0.26013466715812683,0.3462134759754926
COHFACE_s16_session3_natural,40,222,47.4,0.06226778030395508,0.2626492333900635
COHFACE_s16_session3_natural,40,223,47.43333333333333,-0.12442336976528168,0.1861109287553132
COHFACE_s16_session3_natural,40,224,47.46666666666667,-0.28395864367485046,0.1171927110479605
COHFACE_s16_session3_natural,40,225,47.5,-0.4120362401008606,0.052857198756225396
COHFACE_s16_session3_natural,40,226,47.53333333333333,-0.5174371600151062,-0.00991429912113737
COHFACE_s16_session3_natural,40,227,47.56666666666667,-0.6178710460662842,-0.07099528394503586
COHFACE_s16_session3_natural,40,228,47.6,-0.6995899677276611,-0.12658798026524107
COHFACE_s16_session3_natural,40,229,47.63333333333333,-0.7663044929504395,-0.17182739591644375
COHFACE_s16_session3_natural,40,230,47.666666666666664,-0.8369659185409546,-0.2045820116231998
COHFACE_s16_session3_natural,40,231,47.7,-0.9087804555892944,-0.22729936936462358
COHFACE_s16_session3_natural,40,232,47.733333333333334,-0.9685027003288269,-0.24521612885054506
COHFACE_s16_session3_natural,40,233,47.766666666666666,-1.026495337486267,-0.26211827792642234
COHFACE_s16_session3_natural,40,234,47.8,-1.0982803106307983,-0.27674035956548126
COHFACE_s16_session3_natural,40,235,47.833333333333336,-1.1726078987121582,-0.28250046848545374
COHFACE_s16_session3_natural,40,236,47.86666666666667,-1.2009612321853638,-0.270885729057038
COHFACE_s16_session3_natural,40,237,47.9,-0.9951707720756531,-0.2363686512603232
COHFACE_s16_session3_natural,40,238,47.93333333333333,-0.32125547528266907,-0.18004226830236378
COHFACE_s16_session3_natural,40,239,47.96666666666667,0.6274265050888062,-0.11016874004707915
COHFACE_s16_session3_natural,41,0,41.0,0.9791668653488159,0.10938598221403503
COHFACE_s16_session3_natural,41,1,41.03333333333333,0.7580467462539673,-0.2561292861661626
COHFACE_s16_session3_natural,41,2,41.06666666666667,0.6309447884559631,-0.5609249537274867
COHFACE_s16_session3_natural,41,3,41.1,0.5936036109924316,-0.7600961906579714
COHFACE_s16_session3_natural,41,4,41.13333333333333,0.5678964257240295,-0.8393856329174318
COHFACE_s16_session3_natural,41,5,41.166666666666664,0.48675400018692017,-0.8151440121892753
COHFACE_s16_session3_natural,41,6,41.2,0.3516398072242737,-0.7232332145994762
COHFACE_s16_session3_natural,41,7,41.233333333333334,0.17996791005134583,-0.6040600134134102
COHFACE_s16_session3_natural,41,8,41.266666666666666,0.005398603156208992,-0.4915479638699556
COHFACE_s16_session3_natural,41,9,41.3,-0.15459492802619934,-0.40923220472044264
COHFACE_s16_session3_natural,41,10,41.333333333333336,-0.2967309057712555,-0.37136720294384745
COHFACE_s16_session3_natural,41,11,41.36666666666667,-0.41481539607048035,-0.38471034756763867
COHFACE_s16_session3_natural,41,12,41.4,-0.5072518587112427,-0.44845069366590024
COHFACE_s16_session3_natural,41,13,41.43333333333333,-0.5837377309799194,-0.5529884025607089
COHFACE_s16_session3_natural,41,14,41.46666666666667,-0.6620714068412781,-0.6797558541927768
COHFACE_s16_session3_natural,41,15,41.5,-0.7377737760543823,-0.8033891820360582
COHFACE_s16_session3_natural,41,16,41.53333333333333,-0.8116726875305176,-0.8956591047505006
COHFACE_s16_session3_natural,41,17,41.56666666666667,-0.8804123997688293,-0.9295833950316497
COHFACE_s16_session3_natural,41,18,41.6,-0.9408442378044128,-0.8829308380618288
COHFACE_s16_session3_natural,41,19,41.63333333333333,-0.9986299276351929,-0.7414968431367278
COHFACE_s16_session3_natural,41,20,41.666666666666664,-1.059446096420288,-0.5025115574595467
COHFACE_s16_session3_natural,41,21,41.7,-1.1214745044708252,-0.1777009032805964
COHFACE_s16_session3_natural,41,22,41.733333333333334,-1.154794692993164,0.2051073827528496
COHFACE_s16_session3_natural,41,23,41.766666666666666,-0.9697887897491455,0.6032027438574042
COHFACE_s16_session3_natural,41,24,41.8,-0.3193928599357605,0.9643027440601669
COHFACE_s16_session3_natural,41,25,41.833333333333336,0.6120376586914062,1.2361474998112794
COHFACE_s16_session3_natural,41,26,41.86666666666667,1.379069447517395,1.3784282401400825
COHFACE_s16_session3_natural,41,27,41.9,1.7779223918914795,1.373268581748196
COHFACE_s16_session3_natural,41,28,41.93333333333333,1.8815197944641113,1.2303787357632885
COHFACE_s16_session3_natural,41,29,41.96666666666667,1.8424932956695557,0.9846263677324483
COHFACE_s16_session3_natural,41,30,42.0,1.715125322341919,0.6863354935792492
COHFACE_s16_session3_natural,41,31,42.03333333333333,1.4857416152954102,0.3874730288339603
COHFACE_s16_session3_natural,41,32,42.06666666666667,1.2501639127731323,0.12895448385103842
COHFACE_s16_session3_natural,41,33,42.1,1.096157431602478,-0.06618033466529102
COHFACE_s16_session3_natural,41,34,42.13333333333333,1.0147193670272827,-0.1923860421039242
COHFACE_s16_session3_natural,41,35,42.166666666666664,0.9331925511360168,-0.25636418758578255
COHFACE_s16_session3_natural,41,36,42.2,0.8015079498291016,-0.270525628907462
COHFACE_s16_session3_natural,41,37,42.233333333333334,0.6353204846382141,-0.2478282032869215
COHFACE_s16_session3_natural,41,38,42.266666666666666,0.44054317474365234,-0.199193099999429
COHFACE_s16_session3_natural,41,39,42.3,0.2327422797679901,-0.13345246727312723
COHFACE_s16_session3_natural,41,40,42.333333333333336,0.04511981084942818,-0.05886865388151017
COHFACE_s16_session3_natural,41,41,42.36666666666667,-0.111488476395607,0.015295525530053897
COHFACE_s16_session3_natural,41,42,42.4,-0.24812528491020203,0.0787115173894344
COHFACE_s16_session3_natural,41,43,42.43333333333333,-0.36286887526512146,0.12200232862477324
COHFACE_s16_session3_natural,41,44,42.46666666666667,-0.4631105959415436,0.13962425202150883
COHFACE_s16_session3_natural,41,45,42.5,-0.5550591945648193,0.1314096926331889
COHFACE_s16_session3_natural,41,46,42.53333333333333,-0.6438738703727722,0.10157078168053202
COHFACE_s16_session3_natural,41,47,42.56666666666667,-0.7260067462921143,0.05595007020275921
COHFACE_s16_session3_natural,41,48,42.6,-0.8066465258598328,-0.0005221241168092503
COHFACE_s16_session3_natural,41,49,42.63333333333333,-0.8758149743080139,-0.06473009582558933
COHFACE_s16_session3_natural,41,50,42.666666666666664,-0.9450277090072632,-0.13487707520496925
COHFACE_s16_session3_natural,41,51,42.7,-1.018453598022461,-0.20972736870124012
COHFACE_s16_session3_natural,41,52,42.733333333333334,-1.0815167427062988,-0.2877726557940045
COHFACE_s16_session3_natural,41,53,42.766666666666666,-1.1035726070404053,-0.3653997700964027
COHFACE_s16_session3_natural,41,54,42.8,-0.8539217114448547,-0.43383732574377226
COHFACE_s16_session3_natural,41,55,42.833333333333336,-0.1106162965297699,-0.4768274480798347
COHFACE_s16_session3_natural,41,56,42.86666666666667,0.8817486763000488,-0.47252192542356136
COHFACE_s16_session3_natural,41,57,42.9,1.658448338508606,-0.40154680163369516
COHFACE_s16_session3_natural,41,58,42.93333333333333,2.054049015045166,-0.25838178780862264
COHFACE_s16_session3_natural,41,59,42.96666666666667,2.1739814281463623,-0.05923683900460359
COHFACE_s16_session3_natural,41,60,43.0,2.1665899753570557,0.15948307949690466
COHFACE_s16_session3_natural,41,61,43.03333333333333,2.0738728046417236,0.35257754189661694
COHFACE_s16_session3_natural,41,62,43.06666666666667,1.8552803993225098,0.48144218984623227
COHFACE_s16_session3_natural,41,63,43.1,1.5693970918655396,0.5251282164229997
COHFACE_s16_session3_natural,41,64,43.13333333333333,1.3457343578338623,0.48225826298048713
COHFACE_s16_session3_natural,41,65,43.166666666666664,1.211773157119751,0.36516985805709046
COHFACE_s16_session3_natural,41,66,43.2,1.107022762298584,0.19168296944601856
COHFACE_s16_session3_natural,41,67,43.233333333333334,0.9617084860801697,-0.02023854754422464
COHFACE_s16_session3_natural,41,68,43.266666666666666,0.7652015686035156,-0.2529886701767279
COHFACE_s16_session3_natural,41,69,43.3,0.5351083278656006,-0.4866647031368414
COHFACE_s16_session3_natural,41,70,43.333333333333336,0.3169742822647095,-0.6964241898488648
COHFACE_s16_session3_natural,41,71,43.36666666666667,0.11523431539535522,-0.8525405178034886
COHFACE_s16_session3_natural,41,72,43.4,-0.06753940880298615,-0.9245860559024034
COHFACE_s16_session3_natural,41,73,43.43333333333333,-0.21841199696063995,-0.8894378327296893
COHFACE_s16_session3_natural,41,74,43.46666666666667,-0.354472279548645,-0.7406480472768285
COHFACE_s16_session3_natural,41,75,43.5,-0.4672497510910034,-0.49478564226679
COHFACE_s16_session3_natural,41,76,43.53333333333333,-0.572088897228241,-0.19007162573319816
COHFACE_s16_session3_natural,41,77,43.56666666666667,-0.669107973575592,0.12400194427396083
COHFACE_s16_session3_natural,41,78,43.6,-0.7621209621429443,0.40120920836460144
COHFACE_s16_session3_natural,41,79,43.63333333333333,-0.8491912484169006,0.6094414796063676
COHFACE_s16_session3_natural,41,80,43.666666666666664,-0.9224840402603149,0.7340031456990224
COHFACE_s16_session3_natural,41,81,43.7,-0.9992507696151733,0.7754202756688877
COHFACE_s16_session3_natural,41,82,43.733333333333334,-1.0766088962554932,0.7455521406916464
COHFACE_s16_session3_natural,41,83,43.766666666666666,-1.1487782001495361,0.6639270640906989
COHFACE_s16_session3_natural,41,84,43.8,-1.1570860147476196,0.5543063911905016
COHFACE_s16_session3_natural,41,85,43.833333333333336,-0.8668270707130432,0.4409339764970666
COHFACE_s16_session3_natural,41,86,43.86666666666667,-0.09122134745121002,0.34446188177290693
COHFACE_s16_session3_natural,41,87,43.9,0.9011583924293518,0.27833063939889535
COHFACE_s16_session3_natural,41,88,43.93333333333333,1.6617891788482666,0.2466641799088432
COHFACE_s16_session3_natural,41,89,43.96666666666667,2.0284600257873535,0.24435954222708592
COHFACE_s16_session3_natural,41,90,44.0,2.117363452911377,0.2593226163524401
COHFACE_s16_session3_natural,41,91,44.03333333333333,2.081943988800049,0.2761947167269356
COHFACE_s16_session3_natural,41,92,44.06666666666667,1.9606074094772339,0.2806749677111372
COHFACE_s16_session3_natural,41,93,44.1,1.7076747417449951,0.26340943654062365
COHFACE_s16_session3_natural,41,94,44.13333333333333,1.42587149143219,0.22225125779858898
COHFACE_s16_session3_natural,41,95,44.166666666666664,1.219829797744751,0.1620274656661459
COHFACE_s16_session3_natural,41,96,44.2,1.0913678407669067,0.09204567810738869
COHFACE_s16_session3_natural,41,97,44.233333333333334,0.9702824354171753,0.022591568934695248
COHFACE_s16_session3_natural,41,98,44.266666666666666,0.813452422618866,-0.03822813535586808
COHFACE_s16_session3_natural,41,99,44.3,0.6132941842079163,-0.08644791958089337
COHFACE_s16_session3_natural,41,100,44.333333333333336,0.3840879201889038,-0.12262816516831523
COHFACE_s16_session3_natural,41,101,44.36666666666667,0.1607355773448944,-0.1506225169100395
COHFACE_s16_session3_natural,41,102,44.4,-0.03512087091803551,-0.1751513237607349
COHFACE_s16_session3_natural,41,103,44.43333333333333,-0.19839617609977722,-0.1993583299708294
COHFACE_s16_session3_natural,41,104,44.46666666666667,-0.3477461338043213,-0.2241610982190119
COHFACE_s16_session3_natural,41,105,44.5,-0.47390198707580566,-0.2504967488855766
COHFACE_s16_session3_natural,41,106,44.53333333333333,-0.584609866142273,-0.28320143407096415
COHFACE_s16_session3_natural,41,107,44.56666666666667,-0.6822054982185364,-0.3332266754007126
COHFACE_s16_session3_natural,41,108,44.6,-0.7795054316520691,-0.4153034663990912
COHFACE_s16_session3_natural,41,109,44.63333333333333,-0.8769532442092896,-0.540993089281518
COHFACE_s16_session3_natural,41,110,44.666666666666664,-0.9582582712173462,-0.7104412880966094
COHFACE_s16_session3_natural,41,111,44.7,-1.0236866474151611,-0.9073693587868705
COHFACE_s16_session3_natural,41,112,44.733333333333334,-1.096299409866333,-1.0997489930633721
COHFACE_s16_session3_natural,41,113,44.766666666666666,-1.1694296598434448,-1.2454569801155486
COHFACE_s16_session3_natural,41,114,44.8,-1.242456316947937,-1.3007542900634872
COHFACE_s16_session3_natural,41,115,44.833333333333336,-1.2571651935577393,-1.2299525652939414
COHFACE_s16_session3_natural,41,116,44.86666666666667,-1.0120083093643188,-1.0154927969668621
COHFACE_s16_session3_natural,41,117,44.9,-0.28577691316604614,-0.6667277297079428
COHFACE_s16_session3_natural,41,118,44.93333333333333,0.6895583271980286,-0.2230768361262983
COHFACE_s16_session3_natural,41,119,44.96666666666667,1.4525986909866333,0.2529954455043645
COHFACE_s16_session3_natural,41,120,45.0,1.8177913427352905,0.6928277304841562
COHFACE_s16_session3_natural,41,121,45.03333333333333,1.891054630279541,1.04144045148416
COHFACE_s16_session3_natural,41,122,45.06666666666667,1.835574984550476,1.2711172055590363
COHFACE_s16_session3_natural,41,123,45.1,1.6788928508758545,1.3828382339022172
COHFACE_s16_session3_natural,41,124,45.13333333333333,1.4203280210494995,1.397068594462771
COHFACE_s16_session3_natural,41,125,45.166666666666664,1.1600335836410522,1.3409703449817283
COHFACE_s16_session3_natural,41,126,45.2,0.9737563729286194,1.2387918555895159
COHFACE_s16_session3_natural,41,127,45.233333333333334,0.8712233304977417,1.1079077312267853
COHFACE_s16_session3_natural,41,128,45.266666666666666,0.7802504301071167,0.9590638766475583
COHFACE_s16_session3_natural,41,129,45.3,0.6305013298988342,0.7981063781497189
COHFACE_s16_session3_natural,41,130,45.333333333333336,0.43235352635383606,0.6276603370494618
COHFACE_s16_session3_natural,41,131,45.36666666666667,0.21550559997558594,0.4488412214422434
COHFACE_s16_session3_natural,41,132,45.4,0.018540453165769577,0.26332748860070176
COHFACE_s16_session3_natural,41,133,45.43333333333333,-0.16257759928703308,0.0753495602239857
COHFACE_s16_session3_natural,41,134,45.46666666666667,-0.3184467554092407,-0.10737484684412632
COHFACE_s16_session3_natural,41,135,45.5,-0.4528366029262543,-0.27443090294199896
COHFACE_s16_session3_natural,41,136,45.53333333333333,-0.557306170463562,-0.4149650938698901
COHFACE_s16_session3_natural,41,137,45.56666666666667,-0.6527139544487,-0.5203096453667263
COHFACE_s16_session3_natural,41,138,45.6,-0.7462443113327026,-0.5857684892346018
COHFACE_s16_session3_natural,41,139,45.63333333333333,-0.8322354555130005,-0.6110436748992291
COHFACE_s16_session3_natural,41,140,45.666666666666664,-0.9153883457183838,-0.5997212019977485
COHFACE_s16_session3_natural,41,141,45.7,-0.9939290285110474,-0.5585920471863195
COHFACE_s16_session3_natural,41,142,45.733333333333334,-1.0603034496307373,-0.49706123781278866
COHFACE_s16_session3_natural,41,143,45.766666666666666,-1.1145856380462646,-0.4263704584940723
COHFACE_s16_session3_natural,41,144,45.8,-1.1847150325775146,-0.3585520959073013
COHFACE_s16_session3_natural,41,145,45.833333333333336,-1.2511042356491089,-0.3052770278233591
COHFACE_s16_session3_natural,41,146,45.86666666666667,-1.2939741611480713,-0.27638056928062277
COHFACE_s16_session3_natural,41,147,45.9,-1.1814332008361816,-0.2775538057349164
COHFACE_s16_session3_natural,41,148,45.93333333333333,-0.6529061198234558,-0.3073119499964257
COHFACE_s16_session3_natural,41,149,45.96666666666667,0.24768762290477753,-0.3545549892315414
COHFACE_s16_session3_natural,41,150,46.0,1.0842721462249756,-0.3987730802982241
COHFACE_s16_session3_natural,41,151,46.03333333333333,1.517021894454956,-0.41426513604957566
COHFACE_s16_session3_natural,41,152,46.06666666666667,1.6152235269546509,-0.377637855892236
COHFACE_s16_session3_natural,41,153,46.1,1.5439856052398682,-0.27581195257305585
COHFACE_s16_session3_natural,41,154,46.13333333333333,1.3781380653381348,-0.11129834869277715
COHFACE_s16_session3_natural,41,155,46.166666666666664,1.1099201440811157,0.09729327526074169
COHFACE_s16_session3_natural,41,156,46.2,0.8549919128417969,0.31955131044939694
COHFACE_s16_session3_natural,41,157,46.233333333333334,0.7299447655677795,0.5206207468540267
COHFACE_s16_session3_natural,41,158,46.266666666666666,0.6913322806358337,0.6690944415252775
COHFACE_s16_session3_natural,41,159,46.3,0.6353796124458313,0.7433644483186016
COHFACE_s16_session3_natural,41,160,46.333333333333336,0.5178716778755188,0.7355780215444641
COHFACE_s16_session3_natural,41,161,46.36666666666667,0.3335457444190979,0.6531650091699407
COHFACE_s16_session3_natural,41,162,46.4,0.1285683512687683,0.517668829326404
COHFACE_s16_session3_natural,41,163,46.43333333333333,-0.055668871849775314,0.3600989189213674
COHFACE_s16_session3_natural,41,164,46.46666666666667,-0.21963895857334137,0.21245944116726762
COHFACE_s16_session3_natural,41,165,46.5,-0.35394009947776794,0.0969848293165028
COHFACE_s16_session3_natural,41,166,46.53333333333333,-0.4629775583744049,0.01717009969422478
COHFACE_s16_session3_natural,41,167,46.56666666666667,-0.5503730773925781,-0.044069909089531345
COHFACE_s16_session3_natural,41,168,46.6,-0.6376355290412903,-0.1157657377664971
COHFACE_s16_session3_natural,41,169,46.63333333333333,-0.7234050035476685,-0.22208681509180225
COHFACE_s16_session3_natural,41,170,46.666666666666664,-0.7894394397735596,-0.36626128491840293
COHFACE_s16_session3_natural,41,171,46.7,-0.8588443994522095,-0.5254118749650765
COHFACE_s16_session3_natural,41,172,46.733333333333334,-0.9328763484954834,-0.6595542570839489
COHFACE_s16_session3_natural,41,173,46.766666666666666,-1.0013351440429688,-0.728878683762858
COHFACE_s16_session3_natural,41,174,46.8,-1.0739331245422363,-0.7096713884022743
COHFACE_s16_session3_natural,41,175,46.833333333333336,-1.1464425325393677,-0.6018195230323167
COHFACE_s16_session3_natural,41,176,46.86666666666667,-1.1926532983779907,-0.42641144917507157
COHFACE_s16_session3_natural,41,177,46.9,-1.1213856935501099,-0.21656621199254356
COHFACE_s16_session3_natural,41,178,46.93333333333333,-0.6727297902107239,-0.0061235266465386965
COHFACE_s16_session3_natural,41,179,46.96666666666667,0.17689310014247894,0.17976480497682884
COHFACE_s16_session3_natural,41,180,47.0,0.9849321246147156,0.3291144765348293
COHFACE_s16_session3_natural,41,181,47.03333333333333,1.4166914224624634,0.44145768320630546
COHFACE_s16_session3_natural,41,182,47.06666666666667,1.5075757503509521,0.5218192027905245
COHFACE_s16_session3_natural,41,183,47.1,1.4253541231155396,0.5742352706973484
COHFACE_s16_session3_natural,41,184,47.13333333333333,1.2416934967041016,0.5982818996633698
COHFACE_s16_session3_natural,41,185,47.166666666666664,0.9729581475257874,0.5897508016988376
COHFACE_s16_session3_natural,41,186,47.2,0.7318369746208191,0.5442515648783454
COHFACE_s16_session3_natural,41,187,47.233333333333334,0.6153342127799988,0.4612997349982535
COHFACE_s16_session3_natural,41,188,47.266666666666666,0.5942983627319336,0.3466770075179466
COHFACE_s16_session3_natural,41,189,47.3,0.5515614748001099,0.212107476068352
COHFACE_s16_session3_natural,41,190,47.333333333333336,0.43361005187034607,0.07276251711698188
COHFACE_s16_session3_natural,41,191,47.36666666666667,0.26013466715812683,-0.05602744666601132
COHFACE_s16_session3_natural,41,192,47.4,0.06226778030395508,-0.16158172490977551
COHFACE_s16_session3_natural,41,193,47.43333333333333,-0.12442336976528168,-0.23565843222971605
COHFACE_s16_session3_natural,41,194,47.46666666666667,-0.28395864367485046,-0.27535819039843734
COHFACE_s16_session3_natural,41,195,47.5,-0.4120362401008606,-0.28335204989622836
COHFACE_s16_session3_natural,41,196,47.53333333333333,-0.5174371600151062,-0.2672026935930939
COHFACE_s16_session3_natural,41,197,47.56666666666667,-0.6178710460662842,-0.23751305345191903
COHFACE_s16_session3_natural,41,198,47.6,-0.6995899677276611,-0.20544948342277383
COHFACE_s16_session3_natural,41,199,47.63333333333333,-0.7663044929504395,-0.1807051266663002
COHFACE_s16_session3_natural,41,200,47.666666666666664,-0.8369659185409546,-0.17025525149305645
COHFACE_s16_session3_natural,41,201,47.7,-0.9087804555892944,-0.17729116125895122
COHFACE_s16_session3_natural,41,202,47.733333333333334,-0.9685027003288269,-0.19981827969528085
COHFACE_s16_session3_natural,41,203,47.766666666666666,-1.026495337486267,-0.229483441961189
COHFACE_s16_session3_natural,41,204,47.8,-1.0982803106307983,-0.2521829752858859
COHFACE_s16_session3_natural,41,205,47.833333333333336,-1.1726078987121582,-0.2516652694892956
COHFACE_s16_session3_natural,41,206,47.86666666666667,-1.2009612321853638,-0.21544160874432616
COHFACE_s16_session3_natural,41,207,47.9,-0.9951707720756531,-0.14038182274580208
COHFACE_s16_session3_natural,41,208,47.93333333333333,-0.32125547528266907,-0.03510834003100094
COHFACE_s16_session3_natural,41,209,47.96666666666667,0.6274265050888062,0.08206301298160126
COHFACE_s16_session3_natural,41,210,48.0,1.3867268562316895,0.18849971063605142
COHFACE_s16_session3_natural,41,211,48.03333333333333,1.7391915321350098,0.2635487315911713
COHFACE_s16_session3_natural,41,212,48.06666666666667,1.7964894771575928,0.29399580780153356
COHFACE_s16_session3_natural,41,213,48.1,1.7365010976791382,0.2777853028238804
COHFACE_s16_session3_natural,41,214,48.13333333333333,1.6040329933166504,0.2247844149399647
COHFACE_s16_session3_natural,41,215,48.166666666666664,1.3508048057556152,0.1534088984049931
COHFACE_s16_session3_natural,41,216,48.2,1.0742050409317017,0.08384105272809912
COHFACE_s16_session3_natural,41,217,48.233333333333334,0.9138567447662354,0.030984775950063444
COHFACE_s16_session3_natural,41,218,48.266666666666666,0.8284125328063965,0.0008730831721546801
COHFACE_s16_session3_natural,41,219,48.3,0.7416378855705261,-0.007926227011425367
COHFACE_s16_session3_natural,41,220,48.333333333333336,0.5974027514457703,-1.220390727752407e-05
COHFACE_s16_session3_natural,41,221,48.36666666666667,0.39980193972587585,0.020082932008830722
COHFACE_s16_session3_natural,41,222,48.4,0.1830722838640213,0.04797897607213643
COHFACE_s16_session3_natural,41,223,48.43333333333333,-0.022481633350253105,0.07761959634410255
COHFACE_s16_session3_natural,41,224,48.46666666666667,-0.19917964935302734,0.10026749849161964
COHFACE_s16_session3_natural,41,225,48.5,-0.3519444465637207,0.10608434195694089
COHFACE_s16_session3_natural,41,226,48.53333333333333,-0.4776568114757538,0.08785458895864072
COHFACE_s16_session3_natural,41,227,48.56666666666667,-0.5813576579093933,0.044701799871794734
COHFACE_s16_session3_natural,41,228,48.6,-0.6813628673553467,-0.016450468281317323
COHFACE_s16_session3_natural,41,229,48.63333333333333,-0.7733410596847534,-0.08267845744395295
COHFACE_s16_session3_natural,41,230,48.666666666666664,-0.8630574941635132,-0.13948890400076078
COHFACE_s16_session3_natural,41,231,48.7,-0.9547695517539978,-0.17590610163142004
COHFACE_s16_session3_natural,41,232,48.733333333333334,-1.037257194519043,-0.18775327599724276
COHFACE_s16_session3_natural,41,233,48.766666666666666,-1.104607343673706,-0.17766246015410694
COHFACE_s16_session3_natural,41,234,48.8,-1.1761558055877686,-0.15250238336840385
COHFACE_s16_session3_natural,41,235,48.833333333333336,-1.2525825500488281,-0.12028109470006687
COHFACE_s16_session3_natural,41,236,48.86666666666667,-1.2861393690109253,-0.0878854934541044
COHFACE_s16_session3_natural,41,237,48.9,-1.0794323682785034,-0.05968663646921728
COHFACE_s16_session3_natural,41,238,48.93333333333333,-0.40925708413124084,-0.03680379101533531
COHFACE_s16_session3_natural,41,239,48.96666666666667,0.5373848676681519,-0.01725378072797932
COHFACE_s16_session3_natural,42,0,42.0,1.715125322341919,-0.04011279102356376
COHFACE_s16_session3_natural,42,1,42.03333333333333,1.4857416152954102,-0.5849550355132558
COHFACE_s16_session3_natural,42,2,42.06666666666667,1.2501639127731323,-1.033667454396471
COHFACE_s16_session3_natural,42,3,42.1,1.096157431602478,-1.3160143519142424
COHFACE_s16_session3_natural,42,4,42.13333333333333,1.0147193670272827,-1.4054857418124826
COHFACE_s16_session3_natural,42,5,42.166666666666664,0.9331925511360168,-1.3236401429445062
COHFACE_s16_session3_natural,42,6,42.2,0.8015079498291016,-1.1284103357324098
COHFACE_s16_session3_natural,42,7,42.233333333333334,0.6353204846382141,-0.8916806500479607
COHFACE_s16_session3_natural,42,8,42.266666666666666,0.44054317474365234,-0.6756761221377543
COHFACE_s16_session3_natural,42,9,42.3,0.2327422797679901,-0.5169010795773515
COHFACE_s16_session3_natural,42,10,42.333333333333336,0.04511981084942818,-0.4219932880661523
COHFACE_s16_session3_natural,42,11,42.36666666666667,-0.111488476395607,-0.3743569434305638
COHFACE_s16_session3_natural,42,12,42.4,-0.24812528491020203,-0.3463668623946998
COHFACE_s16_session3_natural,42,13,42.43333333333333,-0.36286887526512146,-0.3112143642210579
COHFACE_s16_session3_natural,42,14,42.46666666666667,-0.4631105959415436,-0.25096824446764954
COHFACE_s16_session3_natural,42,15,42.5,-0.5550591945648193,-0.16030508150926281
COHFACE_s16_session3_natural,42,16,42.53333333333333,-0.6438738703727722,-0.046242513396555975
COHFACE_s16_session3_natural,42,17,42.56666666666667,-0.7260067462921143,0.07593865511147069
COHFACE_s16_session3_natural,42,18,42.6,-0.8066465258598328,0.1896606659628442
COHFACE_s16_session3_natural,42,19,42.63333333333333,-0.8758149743080139,0.2843163716534094
COHFACE_s16_session3_natural,42,20,42.666666666666664,-0.9450277090072632,0.35912974562702304
COHFACE_s16_session3_natural,42,21,42.7,-1.018453598022461,0.42123641078987606
COHFACE_s16_session3_natural,42,22,42.733333333333334,-1.0815167427062988,0.4794674202725585
COHFACE_s16_session3_natural,42,23,42.766666666666666,-1.1035726070404053,0.5383252722689036
COHFACE_s16_session3_natural,42,24,42.8,-0.8539217114448547,0.5958356537378394
COHFACE_s16_session3_natural,42,25,42.833333333333336,-0.1106162965297699,0.6455129162262091
COHFACE_s16_session3_natural,42,26,42.86666666666667,0.8817486763000488,0.6797626772231962
COHFACE_s16_session3_natural,42,27,42.9,1.658448338508606,0.691928179493689
COHFACE_s16_session3_natural,42,28,42.93333333333333,2.054049015045166,0.6766879099028422
COHFACE_s16_session3_natural,42,29,42.96666666666667,2.1739814281463623,0.6304570490994204
COHFACE_s16_session3_natural,42,30,43.0,2.1665899753570557,0.5525005347605011
COHFACE_s16_session3_natural,42,31,43.03333333333333,2.0738728046417236,0.4455794603882489
COHFACE_s16_session3_natural,42,32,43.06666666666667,1.8552803993225098,0.314884470019217
COHFACE_s16_session3_natural,42,33,43.1,1.5693970918655396,0.1655279483605472
COHFACE_s16_session3_natural,42,34,43.13333333333333,1.3457343578338623,0.0002511724781497351
COHFACE_s16_session3_natural,42,35,43.166666666666664,1.211773157119751,-0.18083223129468512
COHFACE_s16_session3_natural,42,36,43.2,1.107022762298584,-0.37780356541132293
COHFACE_s16_session3_natural,42,37,43.233333333333334,0.9617084860801697,-0.586854678605052
COHFACE_s16_session3_natural,42,38,43.266666666666666,0.7652015686035156,-0.7966784432109874
COHFACE_s16_session3_natural,42,39,43.3,0.5351083278656006,-0.9872340799603089
COHFACE_s16_session3_natural,42,40,43.333333333333336,0.3169742822647095,-1.1314931412348914
COHFACE_s16_session3_natural,42,41,43.36666666666667,0.11523431539535522,-1.1998068001212314
COHFACE_s16_session3_natural,42,42,43.4,-0.06753940880298615,-1.1666378182448571
COHFACE_s16_session3_natural,42,43,43.43333333333333,-0.21841199696063995,-1.0191627404451489
COHFACE_s16_session3_natural,42,44,43.46666666666667,-0.354472279548645,-0.7654711864066173
COHFACE_s16_session3_natural,42,45,43.5,-0.4672497510910034,-0.43805516998762783
COHFACE_s16_session3_natural,42,46,43.53333333333333,-0.572088897228241,-0.08845387404655129
COHFACE_s16_session3_natural,42,47,43.56666666666667,-0.669107973575592,0.22698269618360575
COHFACE_s16_session3_natural,42,48,43.6,-0.7621209621429443,0.46385859326757417
COHFACE_s16_session3_natural,42,49,43.63333333333333,-0.8491912484169006,0.6002357539127018
COHFACE_s16_session3_natural,42,50,43.666666666666664,-0.9224840402603149,0.6371170487128038
COHFACE_s16_session3_natural,42,51,43.7,-0.9992507696151733,0.5921025269866625
COHFACE_s16_session3_natural,42,52,43.733333333333334,-1.0766088962554932,0.4915895483741157
COHFACE_s16_session3_natural,42,53,43.766666666666666,-1.1487782001495361,0.36472519688772537
COHFACE_s16_session3_natural,42,54,43.8,-1.1570860147476196,0.2395665277156862
COHFACE_s16_session3_natural,42,55,43.833333333333336,-0.8668270707130432,0.1405076408792768
COHFACE_s16_session3_natural,42,56,43.86666666666667,-0.09122134745121002,0.08610310860696278
COHFACE_s16_session3_natural,42,57,43.9,0.9011583924293518,0.08703256230004232
COHFACE_s16_session3_natural,42,58,43.93333333333333,1.6617891788482666,0.14430289490658413
COHFACE_s16_session3_natural,42,59,43.96666666666667,2.0284600257873535,0.24820625270849633
COHFACE_s16_session3_natural,42,60,44.0,2.117363452911377,0.37925354475413114
COHFACE_s16_session3_natural,42,61,44.03333333333333,2.081943988800049,0.5121643607185756
COHFACE_s16_session3_natural,42,62,44.06666666666667,1.9606074094772339,0.6223216680931566
COHFACE_s16_session3_natural,42,63,44.1,1.7076747417449951,0.6922495661664274
COHFACE_s16_session3_natural,42,64,44.13333333333333,1.42587149143219,0.7153261419547707
COHFACE_s16_session3_natural,42,65,44.166666666666664,1.219829797744751,0.6952258000515058
COHFACE_s16_session3_natural,42,66,44.2,1.0913678407669067,0.6415897379091215
COHFACE_s16_session3_natural,42,67,44.233333333333334,0.9702824354171753,0.5641024169761887
COHFACE_s16_session3_natural,42,68,44.266666666666666,0.813452422618866,0.46774302080922986
COHFACE_s16_session3_natural,42,69,44.3,0.6132941842079163,0.3513148517917566
COHFACE_s16_session3_natural,42,70,44.333333333333336,0.3840879201889038,0.2098084570369454
COHFACE_s16_session3_natural,42,71,44.36666666666667,0.1607355773448944,0.03945218251050579
COHFACE_s16_session3_natural,42,72,44.4,-0.03512087091803551,-0.15687252189198894
COHFACE_s16_session3_natural,42,73,44.43333333333333,-0.19839617609977722,-0.3665420916970967
COHFACE_s16_session3_natural,42,74,44.46666666666667,-0.3477461338043213,-0.5685291414447238
COHFACE_s16_session3_natural,42,75,44.5,-0.47390198707580566,-0.7394597090285804
COHFACE_s16_session3_natural,42,76,44.53333333333333,-0.584609866142273,-0.8620662323810095
COHFACE_s16_session3_natural,42,77,44.56666666666667,-0.6822054982185364,-0.9319438412812101
COHFACE_s16_session3_natural,42,78,44.6,-0.7795054316520691,-0.9590422839951802
COHFACE_s16_session3_natural,42,79,44.63333333333333,-0.8769532442092896,-0.9629587760386753
COHFACE_s16_session3_natural,42,80,44.666666666666664,-0.9582582712173462,-0.9642973526530058
COHFACE_s16_session3_natural,42,81,44.7,-1.0236866474151611,-0.9759953744763795
COHFACE_s16_session3_natural,42,82,44.733333333333334,-1.096299409866333,-0.9976532150171145
COHFACE_s16_session3_natural,42,83,44.766666666666666,-1.1694296598434448,-1.0141293074907842
COHFACE_s16_session3_natural,42,84,44.8,-1.242456316947937,-0.9987545864482938
COHFACE_s16_session3_natural,42,85,44.833333333333336,-1.2571651935577393,-0.9211075509738793
COHFACE_s16_session3_natural,42,86,44.86666666666667,-1.0120083093643188,-0.7581699495133337
COHFACE_s16_session3_natural,42,87,44.9,-0.28577691316604614,-0.5055205954400646
COHFACE_s16_session3_natural,42,88,44.93333333333333,0.6895583271980286,-0.18324499041754372
COHFACE_s16_session3_natural,42,89,44.96666666666667,1.4525986909866333,0.16781705862092566
COHFACE_s16_session3_natural,42,90,45.0,1.8177913427352905,0.4989892783648247
COHFACE_s16_session3_natural,42,91,45.03333333333333,1.891054630279541,0.7699321485342264
COHFACE_s16_session3_natural,42,92,45.06666666666667,1.835574984550476,0.9603462829148072
COHFACE_s16_session3_natural,42,93,45.1,1.6788928508758545,1.072155721104759
COHFACE_s16_session3_natural,42,94,45.13333333333333,1.4203280210494995,1.1224049275573702
COHFACE_s16_session3_natural,42,95,45.166666666666664,1.1600335836410522,1.1317862071831122
COHFACE_s16_session3_natural,42,96,45.2,0.9737563729286194,1.1151366458949743
COHFACE_s16_session3_natural,42,97,45.233333333333334,0.8712233304977417,1.0779471682356168
COHFACE_s16_session3_natural,42,98,45.266666666666666,0.7802504301071167,1.0186539205628296
COHFACE_s16_session3_natural,42,99,45.3,0.6305013298988342,0.9334244482119336
COHFACE_s16_session3_natural,42,100,45.333333333333336,0.43235352635383606,0.820278087095811
COHFACE_s16_session3_natural,42,101,45.36666666666667,0.21550559997558594,0.6812950322703334
COHFACE_s16_session3_natural,42,102,45.4,0.018540453165769577,0.5230292606361368
COHFACE_s16_session3_natural,42,103,45.43333333333333,-0.16257759928703308,0.3554825191307247
COHFACE_s16_session3_natural,42,104,45.46666666666667,-0.3184467554092407,0.18981071152070617
COHFACE_s16_session3_natural,42,105,45.5,-0.4528366029262543,0.03519328394115734
COHFACE_s16_session3_natural,42,106,45.53333333333333,-0.557306170463562,-0.10386008590840376
COHFACE_s16_session3_natural,42,107,45.56666666666667,-0.6527139544487,-0.22822960528152458
COHFACE_s16_session3_natural,42,108,45.6,-0.7462443113327026,-0.342525750375349
COHFACE_s16_session3_natural,42,109,45.63333333333333,-0.8322354555130005,-0.4520749082836881
COHFACE_s16_session3_natural,42,110,45.666666666666664,-0.9153883457183838,-0.559963938647827
COHFACE_s16_session3_natural,42,111,45.7,-0.9939290285110474,-0.6650460270274748
COHFACE_s16_session3_natural,42,112,45.733333333333334,-1.0603034496307373,-0.7612108896020232
COHFACE_s16_session3_natural,42,113,45.766666666666666,-1.1145856380462646,-0.8379419533979754
COHFACE_s16_session3_natural,42,114,45.8,-1.1847150325775146,-0.8821726181446741
COHFACE_s16_session3_natural,42,115,45.833333333333336,-1.2511042356491089,-0.8813680051367829
COHFACE_s16_session3_natural,42,116,45.86666666666667,-1.2939741611480713,-0.8273326582921505
COHFACE_s16_session3_natural,42,117,45.9,-1.1814332008361816,-0.7196347555232641
COHFACE_s16_session3_natural,42,118,45.93333333333333,-0.6529061198234558,-0.5671708665004153
COHFACE_s16_session3_natural,42,119,45.96666666666667,0.24768762290477753,-0.3866927101410749
COHFACE_s16_session3_natural,42,120,46.0,1.0842721462249756,-0.19824227559088176
COHFACE_s16_session3_natural,42,121,46.03333333333333,1.517021894454956,-0.019111118581438775
COHFACE_s16_session3_natural,42,122,46.06666666666667,1.6152235269546509,0.14072978605294206
COHFACE_s16_session3_natural,42,123,46.1,1.5439856052398682,0.27916713286894485
COHFACE_s16_session3_natural,42,124,46.13333333333333,1.3781380653381348,0.39832533800874476
COHFACE_s16_session3_natural,42,125,46.166666666666664,1.1099201440811157,0.49929435334004824
COHFACE_s16_session3_natural,42,126,46.2,0.8549919128417969,0.578458252939099
COHFACE_s16_session3_natural,42,127,46.233333333333334,0.7299447655677795,0.6273552627605625
COHFACE_s16_session3_natural,42,128,46.266666666666666,0.6913322806358337,0.6357948506576369
COHFACE_s16_session3_natural,42,129,46.3,0.6353796124458313,0.5964301072625124
COHFACE_s16_session3_natural,42,130,46.333333333333336,0.5178716778755188,0.5089410149398025
COHFACE_s16_session3_natural,42,131,46.36666666666667,0.3335457444190979,0.38268243045631306
COHFACE_s16_session3_natural,42,132,46.4,0.1285683512687683,0.23700192456558283
COHFACE_s16_session3_natural,42,133,46.43333333333333,-0.055668871849775314,0.09830973487421127
COHFACE_s16_session3_natural,42,134,46.46666666666667,-0.21963895857334137,-0.006842292780588483
COHFACE_s16_session3_natural,42,135,46.5,-0.35394009947776794,-0.061765736324250683
COHFACE_s16_session3_natural,42,136,46.53333333333333,-0.4629775583744049,-0.06877727588190272
COHFACE_s16_session3_natural,42,137,46.56666666666667,-0.5503730773925781,-0.051602644248397236
COHFACE_s16_session3_natural,42,138,46.6,-0.6376355290412903,-0.04701815981181382
COHFACE_s16_session3_natural,42,139,46.63333333333333,-0.7234050035476685,-0.08767889248080162
COHFACE_s16_session3_natural,42,140,46.666666666666664,-0.7894394397735596,-0.18504843960735104
COHFACE_s16_session3_natural,42,141,46.7,-0.8588443994522095,-0.322931268081287
COHFACE_s16_session3_natural,42,142,46.733333333333334,-0.9328763484954834,-0.4653448609851599
COHFACE_s16_session3_natural,42,143,46.766666666666666,-1.0013351440429688,-0.5732232805850958
COHFACE_s16_session3_natural,42,144,46.8,-1.0739331245422363,-0.6202419016946925
COHFACE_s16_session3_natural,42,145,46.833333333333336,-1.1464425325393677,-0.600293192590901
COHFACE_s16_session3_natural,42,146,46.86666666666667,-1.1926532983779907,-0.524878086131914
COHFACE_s16_session3_natural,42,147,46.9,-1.1213856935501099,-0.4139903753726502
COHFACE_s16_session3_natural,42,148,46.93333333333333,-0.6727297902107239,-0.28621825934913614
COHFACE_s16_session3_natural,42,149,46.96666666666667,0.17689310014247894,-0.15274881528901635
COHFACE_s16_session3_natural,42,150,47.0,0.9849321246147156,-0.017199050340930725
COHFACE_s16_session3_natural,42,151,47.03333333333333,1.4166914224624634,0.12002312955791662
COHFACE_s16_session3_natural,42,152,47.06666666666667,1.5075757503509521,0.25650271418048787
COHFACE_s16_session3_natural,42,153,47.1,1.4253541231155396,0.3853525233547566
COHFACE_s16_session3_natural,42,154,47.13333333333333,1.2416934967041016,0.49644161012065957
COHFACE_s16_session3_natural,42,155,47.166666666666664,0.9729581475257874,0.5795601927988864
COHFACE_s16_session3_natural,42,156,47.2,0.7318369746208191,0.6273372967349362
COHFACE_s16_session3_natural,42,157,47.233333333333334,0.6153342127799988,0.6368065744118968
COHFACE_s16_session3_natural,42,158,47.266666666666666,0.5942983627319336,0.6094003254931449
COHFACE_s16_session3_natural,42,159,47.3,0.5515614748001099,0.549675470747231
COHFACE_s16_session3_natural,42,160,47.333333333333336,0.43361005187034607,0.46360790459917567
COHFACE_s16_session3_natural,42,161,47.36666666666667,0.26013466715812683,0.3574917922313395
COHFACE_s16_session3_natural,42,162,47.4,0.06226778030395508,0.23796763319959985
COHFACE_s16_session3_natural,42,163,47.43333333333333,-0.12442336976528168,0.11278908935471783
COHFACE_s16_session3_natural,42,164,47.46666666666667,-0.28395864367485046,-0.008715231014255208
COHFACE_s16_session3_natural,42,165,47.5,-0.4120362401008606,-0.11639649885028117
COHFACE_s16_session3_natural,42,166,47.53333333333333,-0.5174371600151062,-0.20129171228985682
COHFACE_s16_session3_natural,42,167,47.56666666666667,-0.6178710460662842,-0.25812196604340976
COHFACE_s16_session3_natural,42,168,47.6,-0.6995899677276611,-0.28740961848874025
COHFACE_s16_session3_natural,42,169,47.63333333333333,-0.7663044929504395,-0.2963713071361282
COHFACE_s16_session3_natural,42,170,47.666666666666664,-0.8369659185409546,-0.2975167764364281
COHFACE_s16_session3_natural,42,171,47.7,-0.9087804555892944,-0.3043067210020004
COHFACE_s16_session3_natural,42,172,47.733333333333334,-0.9685027003288269,-0.3249249569395178
COHFACE_s16_session3_natural,42,173,47.766666666666666,-1.026495337486267,-0.3570392434361137
COHFACE_s16_session3_natural,42,174,47.8,-1.0982803106307983,-0.3867521285032868
COHFACE_s16_session3_natural,42,175,47.833333333333336,-1.1726078987121582,-0.3932966041507172
COHFACE_s16_session3_natural,42,176,47.86666666666667,-1.2009612321853638,-0.35809848641164665
COHFACE_s16_session3_natural,42,177,47.9,-0.9951707720756531,-0.27410485544991375
COHFACE_s16_session3_natural,42,178,47.93333333333333,-0.32125547528266907,-0.15047671884274383
COHFACE_s16_session3_natural,42,179,47.96666666666667,0.6274265050888062,-0.010052779507098349
COHFACE_s16_session3_natural,42,180,48.0,1.3867268562316895,0.11854537296013029
COHFACE_s16_session3_natural,42,181,48.03333333333333,1.7391915321350098,0.2096049919352046
COHFACE_s16_session3_natural,42,182,48.06666666666667,1.7964894771575928,0.2467289053475554
COHFACE_s16_session3_natural,42,183,48.1,1.7365010976791382,0.22651643665983262
COHFACE_s16_session3_natural,42,184,48.13333333333333,1.6040329933166504,0.15943436077219517
COHFACE_s16_session3_natural,42,185,48.166666666666664,1.3508048057556152,0.06705292166776516
COHFACE_s16_session3_natural,42,186,48.2,1.0742050409317017,-0.024476081945594315
COHFACE_s16_session3_natural,42,187,48.233333333333334,0.9138567447662354,-0.09266898907909753
COHFACE_s16_session3_natural,42,188,48.266666666666666,0.8284125328063965,-0.12489711636702262
COHFACE_s16_session3_natural,42,189,48.3,0.7416378855705261,-0.11953618049134213
COHFACE_s16_session3_natural,42,190,48.333333333333336,0.5974027514457703,-0.08267772822535652
COHFACE_s16_session3_natural,42,191,48.36666666666667,0.39980193972587585,-0.023948124561638653
COHFACE_s16_session3_natural,42,192,48.4,0.1830722838640213,0.04566226123172621
COHFACE_s16_session3_natural,42,193,48.43333333333333,-0.022481633350253105,0.11399225305855251
COHFACE_s16_session3_natural,42,194,48.46666666666667,-0.19917964935302734,0.1681117734408698
COHFACE_s16_session3_natural,42,195,48.5,-0.3519444465637207,0.19681358497462806
COHFACE_s16_session3_natural,42,196,48.53333333333333,-0.4776568114757538,0.19470683475070374
COHFACE_s16_session3_natural,42,197,48.56666666666667,-0.5813576579093933,0.16529844633096671
COHFACE_s16_session3_natural,42,198,48.6,-0.6813628673553467,0.12058622975151949
COHFACE_s16_session3_natural,42,199,48.63333333333333,-0.7733410596847534,0.07674809543063137
COHFACE_s16_session3_natural,42,200,48.666666666666664,-0.8630574941635132,0.04783972932435445
COHFACE_s16_session3_natural,42,201,48.7,-0.9547695517539978,0.04057374361600011
COHFACE_s16_session3_natural,42,202,48.733333333333334,-1.037257194519043,0.052626757289489026
COHFACE_s16_session3_natural,42,203,48.766666666666666,-1.104607343673706,0.07499401959158439
COHFACE_s16_session3_natural,42,204,48.8,-1.1761558055877686,0.09684888217516284
COHFACE_s16_session3_natural,42,205,48.833333333333336,-1.2525825500488281,0.11036670453194161
COHFACE_s16_session3_natural,42,206,48.86666666666667,-1.2861393690109253,0.11350430229189785
COHFACE_s16_session3_natural,42,207,48.9,-1.0794323682785034,0.11001856894378427
COHFACE_s16_session3_natural,42,208,48.93333333333333,-0.40925708413124084,0.10706318256088672
COHFACE_s16_session3_natural,42,209,48.96666666666667,0.5373848676681519,0.11132905497636056
COHFACE_s16_session3_natural,42,210,49.0,1.3097827434539795,0.12508371889623573
COHFACE_s16_session3_natural,42,211,49.03333333333333,1.6832094192504883,0.14360960322746427
COHFACE_s16_session3_natural,42,212,49.06666666666667,1.7820320129394531,0.15526112921845292
COHFACE_s16_session3_natural,42,213,49.1,1.7796962261199951,0.14445304257013006
COHFACE_s16_session3_natural,42,214,49.13333333333333,1.705058217048645,0.09658398240275151
COHFACE_s16_session3_natural,42,215,49.166666666666664,1.4937539100646973,0.003140600648555305
COHFACE_s16_session3_natural,42,216,49.2,1.2201993465423584,-0.13443115061338232
COHFACE_s16_session3_natural,42,217,49.233333333333334,1.0085992813110352,-0.3028836522393599
COHFACE_s16_session3_natural,42,218,49.266666666666666,0.8784077763557434,-0.4780656419072366
COHFACE_s16_session3_natural,42,219,49.3,0.7734799385070801,-0.6291677034790142
COHFACE_s16_session3_natural,42,220,49.333333333333336,0.6344335079193115,-0.7259993210635162
COHFACE_s16_session3_natural,42,221,49.36666666666667,0.43531009554862976,-0.7474455920077362
COHFACE_s16_session3_natural,42,222,49.4,0.21278558671474457,-0.6880351090737263
COHFACE_s16_session3_natural,42,223,49.43333333333333,0.0014811785658821464,-0.5597104829586305
COHFACE_s16_session3_natural,42,224,49.46666666666667,-0.1701611429452896,-0.38776319849684415
COHFACE_s16_session3_natural,42,225,49.5,-0.3275529146194458,-0.2024637004457347
COHFACE_s16_session3_natural,42,226,49.53333333333333,-0.4716254472732544,-0.029750105627629118
COHFACE_s16_session3_natural,42,227,49.56666666666667,-0.5826733708381653,0.11535670272348927
COHFACE_s16_session3_natural,42,228,49.6,-0.6868177056312561,0.2302348643911002
COHFACE_s16_session3_natural,42,229,49.63333333333333,-0.7982795238494873,0.3210231059998848
COHFACE_s16_session3_natural,42,230,49.666666666666664,-0.8999403715133667,0.39622016993554354
COHFACE_s16_session3_natural,42,231,49.7,-0.9838619828224182,0.460916494521444
COHFACE_s16_session3_natural,42,232,49.733333333333334,-1.0630383491516113,0.5141236389607826
COHFACE_s16_session3_natural,42,233,49.766666666666666,-1.1267223358154297,0.5496669745003447
COHFACE_s16_session3_natural,42,234,49.8,-1.198462963104248,0.5594193115614011
COHFACE_s16_session3_natural,42,235,49.833333333333336,-1.2774914503097534,0.5369812015659406
COHFACE_s16_session3_natural,42,236,49.86666666666667,-1.333651065826416,0.48025486753380003
COHFACE_s16_session3_natural,42,237,49.9,-1.2445406913757324,0.39224120134729024
COHFACE_s16_session3_natural,42,238,49.93333333333333,-0.752246081829071,0.2802604742477207
COHFACE_s16_session3_natural,42,239,49.96666666666667,0.13625536859035492,0.15439219767975668
COHFACE_s16_session3_natural,43,0,43.0,2.1665899753570557,-0.0038635686371377006
COHFACE_s16_session3_natural,43,1,43.03333333333333,2.0738728046417236,-0.54952430389965
COHFACE_s16_session3_natural,43,2,43.06666666666667,1.8552803993225098,-0.9987541441008171
COHFACE_s16_session3_natural,43,3,43.1,1.5693970918655396,-1.2850527287782183
COHFACE_s16_session3_natural,43,4,43.13333333333333,1.3457343578338623,-1.3956163340842052
COHFACE_s16_session3_natural,43,5,43.166666666666664,1.211773157119751,-1.3716164573403198
COHFACE_s16_session3_natural,43,6,43.2,1.107022762298584,-1.2874927221682293
COHFACE_s16_session3_natural,43,7,43.233333333333334,0.9617084860801697,-1.2194249238371433
COHFACE_s16_session3_natural,43,8,43.266666666666666,0.7652015686035156,-1.2170355780669693
COHFACE_s16_session3_natural,43,9,43.3,0.5351083278656006,-1.288553900844219
COHFACE_s16_session3_natural,43,10,43.333333333333336,0.3169742822647095,-1.4020741899238283
COHFACE_s16_session3_natural,43,11,43.36666666666667,0.11523431539535522,-1.499284901128802
COHFACE_s16_session3_natural,43,12,43.4,-0.06753940880298615,-1.5159537677539403
COHFACE_s16_session3_natural,43,13,43.43333333333333,-0.21841199696063995,-1.4036685301785052
COHFACE_s16_session3_natural,43,14,43.46666666666667,-0.354472279548645,-1.1470993429680947
COHFACE_s16_session3_natural,43,15,43.5,-0.4672497510910034,-0.7707236953576319
COHFACE_s16_session3_natural,43,16,43.53333333333333,-0.572088897228241,-0.3308248489943572
COHFACE_s16_session3_natural,43,17,43.56666666666667,-0.669107973575592,0.10536289990749934
COHFACE_s16_session3_natural,43,18,43.6,-0.7621209621429443,0.48321739972842276
COHFACE_s16_session3_natural,43,19,43.63333333333333,-0.8491912484169006,0.7743692770653904
COHFACE_s16_session3_natural,43,20,43.666666666666664,-0.9224840402603149,0.9754787345173785
COHFACE_s16_session3_natural,43,21,43.7,-0.9992507696151733,1.097511916296135
COHFACE_s16_session3_natural,43,22,43.733333333333334,-1.0766088962554932,1.1545085276503846
COHFACE_s16_session3_natural,43,23,43.766666666666666,-1.1487782001495361,1.157606841827171
COHFACE_s16_session3_natural,43,24,43.8,-1.1570860147476196,1.1148545023812317
COHFACE_s16_session3_natural,43,25,43.833333333333336,-0.8668270707130432,1.033934799239237
COHFACE_s16_session3_natural,43,26,43.86666666666667,-0.09122134745121002,0.9247525135376964
COHFACE_s16_session3_natural,43,27,43.9,0.9011583924293518,0.8003886850937367
COHFACE_s16_session3_natural,43,28,43.93333333333333,1.6617891788482666,0.6761684067908189
COHFACE_s16_session3_natural,43,29,43.96666666666667,2.0284600257873535,0.567141609131864
COHFACE_s16_session3_natural,43,30,44.0,2.117363452911377,0.4846949076650758
COHFACE_s16_session3_natural,43,31,44.03333333333333,2.081943988800049,0.4334779977588741
COHFACE_s16_session3_natural,43,32,44.06666666666667,1.9606074094772339,0.41007431438597103
COHFACE_s16_session3_natural,43,33,44.1,1.7076747417449951,0.40429751014548826
COHFACE_s16_session3_natural,43,34,44.13333333333333,1.42587149143219,0.40260200286629444
COHFACE_s16_session3_natural,43,35,44.166666666666664,1.219829797744751,0.3919747677064846
COHFACE_s16_session3_natural,43,36,44.2,1.0913678407669067,0.36279962104693725
COHFACE_s16_session3_natural,43,37,44.233333333333334,0.9702824354171753,0.3101163392990873
COHFACE_s16_session3_natural,43,38,44.266666666666666,0.813452422618866,0.23350492921305682
COHFACE_s16_session3_natural,43,39,44.3,0.6132941842079163,0.13617727676532293
COHFACE_s16_session3_natural,43,40,44.333333333333336,0.3840879201889038,0.02383772100428205
COHFACE_s16_session3_natural,43,41,44.36666666666667,0.1607355773448944,-0.09637334318350645
COHFACE_s16_session3_natural,43,42,44.4,-0.03512087091803551,-0.21686195584342813
COHFACE_s16_session3_natural,43,43,44.43333333333333,-0.19839617609977722,-0.3307751314789671
COHFACE_s16_session3_natural,43,44,44.46666666666667,-0.3477461338043213,-0.433731439617808
COHFACE_s16_session3_natural,43,45,44.5,-0.47390198707580566,-0.5258908099758207
COHFACE_s16_session3_natural,43,46,44.53333333333333,-0.584609866142273,-0.6132192236059796
COHFACE_s16_session3_natural,43,47,44.56666666666667,-0.6822054982185364,-0.7064126734392977
COHFACE_s16_session3_natural,43,48,44.6,-0.7795054316520691,-0.8168848974425348
COHFACE_s16_session3_natural,43,49,44.63333333333333,-0.8769532442092896,-0.9510511827695591
COHFACE_s16_session3_natural,43,50,44.666666666666664,-0.9582582712173462,-1.1055659201214703
COHFACE_s16_session3_natural,43,51,44.7,-1.0236866474151611,-1.2657859005885097
COHFACE_s16_session3_natural,43,52,44.733333333333334,-1.096299409866333,-1.4074930486366146
COHFACE_s16_session3_natural,43,53,44.766666666666666,-1.1694296598434448,-1.5001055006683528
COHFACE_s16_session3_natural,43,54,44.8,-1.242456316947937,-1.510180442008753
COHFACE_s16_session3_natural,43,55,44.833333333333336,-1.2571651935577393,-1.4060393681999737
COHFACE_s16_session3_natural,43,56,44.86666666666667,-1.0120083093643188,-1.1653543054759896
COHFACE_s16_session3_natural,43,57,44.9,-0.28577691316604614,-0.7854941822937025
COHFACE_s16_session3_natural,43,58,44.93333333333333,0.6895583271980286,-0.2920767829049419
COHFACE_s16_session3_natural,43,59,44.96666666666667,1.4525986909866333,0.2608300655591596
COHFACE_s16_session3_natural,43,60,45.0,1.8177913427352905,0.8017382712558082
COHFACE_s16_session3_natural,43,61,45.03333333333333,1.891054630279541,1.2603684616674422
COHFACE_s16_session3_natural,43,62,45.06666666666667,1.835574984550476,1.5859610267238737
COHFACE_s16_session3_natural,43,63,45.1,1.6788928508758545,1.7577551539051974
COHFACE_s16_session3_natural,43,64,45.13333333333333,1.4203280210494995,1.7845660437737152
COHFACE_s16_session3_natural,43,65,45.166666666666664,1.1600335836410522,1.695737285853444
COHFACE_s16_session3_natural,43,66,45.2,0.9737563729286194,1.5287920280589644
COHFACE_s16_session3_natural,43,67,45.233333333333334,0.8712233304977417,1.3189386042828177
COHFACE_s16_session3_natural,43,68,45.266666666666666,0.7802504301071167,1.0931875459277693
COHFACE_s16_session3_natural,43,69,45.3,0.6305013298988342,0.8690492001470836
COHFACE_s16_session3_natural,43,70,45.333333333333336,0.43235352635383606,0.6561325463873391
COHFACE_s16_session3_natural,43,71,45.36666666666667,0.21550559997558594,0.45871966101014033
COHFACE_s16_session3_natural,43,72,45.4,0.018540453165769577,0.27799884420567833
COHFACE_s16_session3_natural,43,73,45.43333333333333,-0.16257759928703308,0.11347653965404336
COHFACE_s16_session3_natural,43,74,45.46666666666667,-0.3184467554092407,-0.036304976218626356
COHFACE_s16_session3_natural,43,75,45.5,-0.4528366029262543,-0.17340428014267675
COHFACE_s16_session3_natural,43,76,45.53333333333333,-0.557306170463562,-0.30018996929582153
COHFACE_s16_session3_natural,43,77,45.56666666666667,-0.6527139544487,-0.4188789861934673
COHFACE_s16_session3_natural,43,78,45.6,-0.7462443113327026,-0.5306151777710726
COHFACE_s16_session3_natural,43,79,45.63333333333333,-0.8322354555130005,-0.6341044775635447
COHFACE_s16_session3_natural,43,80,45.666666666666664,-0.9153883457183838,-0.7245925240637601
COHFACE_s16_session3_natural,43,81,45.7,-0.9939290285110474,-0.7943072546322473
COHFACE_s16_session3_natural,43,82,45.733333333333334,-1.0603034496307373,-0.8347228281420488
COHFACE_s16_session3_natural,43,83,45.766666666666666,-1.1145856380462646,-0.8398531354504525
COHFACE_s16_session3_natural,43,84,45.8,-1.1847150325775146,-0.8092177239700831
COHFACE_s16_session3_natural,43,85,45.833333333333336,-1.2511042356491089,-0.7491122039883064
COHFACE_s16_session3_natural,43,86,45.86666666666667,-1.2939741611480713,-0.6711533252866186
COHFACE_s16_session3_natural,43,87,45.9,-1.1814332008361816,-0.5882175806801422
COHFACE_s16_session3_natural,43,88,45.93333333333333,-0.6529061198234558,-0.5096720840342859
COHFACE_s16_session3_natural,43,89,45.96666666666667,0.24768762290477753,-0.43833056847401614
COHFACE_s16_session3_natural,43,90,46.0,1.0842721462249756,-0.36991520855880405
COHFACE_s16_session3_natural,43,91,46.03333333333333,1.517021894454956,-0.2942379284168004
COHFACE_s16_session3_natural,43,92,46.06666666666667,1.6152235269546509,-0.1977902334489201
COHFACE_s16_session3_natural,43,93,46.1,1.5439856052398682,-0.0682274703931944
COHFACE_s16_session3_natural,43,94,46.13333333333333,1.3781380653381348,0.09975578425612998
COHFACE_s16_session3_natural,43,95,46.166666666666664,1.1099201440811157,0.2994703213904594
COHFACE_s16_session3_natural,43,96,46.2,0.8549919128417969,0.5110453506384557
COHFACE_s16_session3_natural,43,97,46.233333333333334,0.7299447655677795,0.7053817032070954
COHFACE_s16_session3_natural,43,98,46.266666666666666,0.6913322806358337,0.8519578940214575
COHFACE_s16_session3_natural,43,99,46.3,0.6353796124458313,0.9273835886440257
COHFACE_s16_session3_natural,43,100,46.333333333333336,0.5178716778755188,0.921899859246174
COHFACE_s16_session3_natural,43,101,46.36666666666667,0.3335457444190979,0.8423622143588316
COHFACE_s16_session3_natural,43,102,46.4,0.1285683512687683,0.7110519683296981
COHFACE_s16_session3_natural,43,103,46.43333333333333,-0.055668871849775314,0.5599511993626015
COHFACE_s16_session3_natural,43,104,46.46666666666667,-0.21963895857334137,0.4208076537400073
COHFACE_s16_session3_natural,43,105,46.5,-0.35394009947776794,0.3131580426984038
COHFACE_s16_session3_natural,43,106,46.53333333333333,-0.4629775583744049,0.23501559816529277
COHFACE_s16_session3_natural,43,107,46.56666666666667,-0.5503730773925781,0.16198918700143822
COHFACE_s16_session3_natural,43,108,46.6,-0.6376355290412903,0.05807671484881498
COHFACE_s16_session3_natural,43,109,46.63333333333333,-0.7234050035476685,-0.10486461275172615
COHFACE_s16_session3_natural,43,110,46.666666666666664,-0.7894394397735596,-0.3288355554095512
COHFACE_s16_session3_natural,43,111,46.7,-0.8588443994522095,-0.5837219160375399
COHFACE_s16_session3_natural,43,112,46.733333333333334,-0.9328763484954834,-0.8175164530403052
COHFACE_s16_session3_natural,43,113,46.766666666666666,-1.0013351440429688,-0.976697037996691
COHFACE_s16_session3_natural,43,114,46.8,-1.0739331245422363,-1.025833148798262
COHFACE_s16_session3_natural,43,115,46.833333333333336,-1.1464425325393677,-0.9577680464316891
COHFACE_s16_session3_natural,43,116,46.86666666666667,-1.1926532983779907,-0.7923250808375565
COHFACE_s16_session3_natural,43,117,46.9,-1.1213856935501099,-0.5670718761346211
COHFACE_s16_session3_natural,43,118,46.93333333333333,-0.6727297902107239,-0.32487820135963047
COHFACE_s16_session3_natural,43,119,46.96666666666667,0.17689310014247894,-0.10195284976350621
COHFACE_s16_session3_natural,43,120,47.0,0.9849321246147156,0.08029888992057424
COHFACE_s16_session3_natural,43,121,47.03333333333333,1.4166914224624634,0.2169593639386393
COHFACE_s16_session3_natural,43,122,47.06666666666667,1.5075757503509521,0.3148850594024004
COHFACE_s16_session3_natural,43,123,47.1,1.4253541231155396,0.3847391838629862
COHFACE_s16_session3_natural,43,124,47.13333333333333,1.2416934967041016,0.4339953248931188
COHFACE_s16_session3_natural,43,125,47.166666666666664,0.9729581475257874,0.46389601723343865
COHFACE_s16_session3_natural,43,126,47.2,0.7318369746208191,0.4709017179912772
COHFACE_s16_session3_natural,43,127,47.233333333333334,0.6153342127799988,0.4509301174123689
COHFACE_s16_session3_natural,43,128,47.266666666666666,0.5942983627319336,0.403700546215132
COHFACE_s16_session3_natural,43,129,47.3,0.5515614748001099,0.3349159552951299
COHFACE_s16_session3_natural,43,130,47.333333333333336,0.43361005187034607,0.25536228452266224
COHFACE_s16_session3_natural,43,131,47.36666666666667,0.26013466715812683,0.1776175975702794
COHFACE_s16_session3_natural,43,132,47.4,0.06226778030395508,0.11222703364737342
COHFACE_s16_session3_natural,43,133,47.43333333333333,-0.12442336976528168,0.06528687697577785
COHFACE_s16_session3_natural,43,134,47.46666666666667,-0.28395864367485046,0.03831312625934237
COHFACE_s16_session3_natural,43,135,47.5,-0.4120362401008606,0.02980772932779065
COHFACE_s16_session3_natural,43,136,47.53333333333333,-0.5174371600151062,0.0370172596945132
COHFACE_s16_session3_natural,43,137,47.56666666666667,-0.6178710460662842,0.05640831422355121
COHFACE_s16_session3_natural,43,138,47.6,-0.6995899677276611,0.0823343631857283
COHFACE_s16_session3_natural,43,139,47.63333333333333,-0.7663044929504395,0.10500945982618219
COHFACE_s16_session3_natural,43,140,47.666666666666664,-0.8369659185409546,0.11035516404967613
COHFACE_s16_session3_natural,43,141,47.7,-0.9087804555892944,0.08384414420953769
COHFACE_s16_session3_natural,43,142,47.733333333333334,-0.9685027003288269,0.01760357146739195
COHFACE_s16_session3_natural,43,143,47.766666666666666,-1.026495337486267,-0.08299454044594969
COHFACE_s16_session3_natural,43,144,47.8,-1.0982803106307983,-0.19764485396309694
COHFACE_s16_session3_natural,43,145,47.833333333333336,-1.1726078987121582,-0.29654266267224444
COHFACE_s16_session3_natural,43,146,47.86666666666667,-1.2009612321853638,-0.35149509286476455
COHFACE_s16_session3_natural,43,147,47.9,-0.9951707720756531,-0.3478895618378026
COHFACE_s16_session3_natural,43,148,47.93333333333333,-0.32125547528266907,-0.29148419445570894
COHFACE_s16_session3_natural,43,149,47.96666666666667,0.6274265050888062,-0.20637564680640452
COHFACE_s16_session3_natural,43,150,48.0,1.3867268562316895,-0.12561974161183287
COHFACE_s16_session3_natural,43,151,48.03333333333333,1.7391915321350098,-0.0795595606753857
COHFACE_s16_session3_natural,43,152,48.06666666666667,1.7964894771575928,-0.08610243836687445
COHFACE_s16_session3_natural,43,153,48.1,1.7365010976791382,-0.14477334810497577
COHFACE_s16_session3_natural,43,154,48.13333333333333,1.6040329933166504,-0.2357637103282754
COHFACE_s16_session3_natural,43,155,48.166666666666664,1.3508048057556152,-0.32524349839792144
COHFACE_s16_session3_natural,43,156,48.2,1.0742050409317017,-0.3765019970721727
COHFACE_s16_session3_natural,43,157,48.233333333333334,0.9138567447662354,-0.3632605061614983
COHFACE_s16_session3_natural,43,158,48.266666666666666,0.8284125328063965,-0.27908923753177317
COHFACE_s16_session3_natural,43,159,48.3,0.7416378855705261,-0.13818894930649125
COHFACE_s16_session3_natural,43,160,48.333333333333336,0.5974027514457703,0.031881199458628766
COHFACE_s16_session3_natural,43,161,48.36666666666667,0.39980193972587585,0.20032523091184065
COHFACE_s16_session3_natural,43,162,48.4,0.1830722838640213,0.3410774355218245
COHFACE_s16_session3_natural,43,163,48.43333333333333,-0.022481633350253105,0.43691067553716045
COHFACE_s16_session3_natural,43,164,48.46666666666667,-0.19917964935302734,0.4805715520474467
COHFACE_s16_session3_natural,43,165,48.5,-0.3519444465637207,0.4743410355128122
COHFACE_s16_session3_natural,43,166,48.53333333333333,-0.4776568114757538,0.4285402631057953
COHFACE_s16_session3_natural,43,167,48.56666666666667,-0.5813576579093933,0.35870720444362425
COHFACE_s16_session3_natural,43,168,48.6,-0.6813628673553467,0.28147417242995554
COHFACE_s16_session3_natural,43,169,48.63333333333333,-0.7733410596847534,0.2101127076515589
COHFACE_s16_session3_natural,43,170,48.666666666666664,-0.8630574941635132,0.15127558531750335
COHFACE_s16_session3_natural,43,171,48.7,-0.9547695517539978,0.10427174348538527
COHFACE_s16_session3_natural,43,172,48.733333333333334,-1.037257194519043,0.06334415466661808
COHFACE_s16_session3_natural,43,173,48.766666666666666,-1.104607343673706,0.022122076861596375
COHFACE_s16_session3_natural,43,174,48.8,-1.1761558055877686,-0.021768941391263716
COHFACE_s16_session3_natural,43,175,48.833333333333336,-1.2525825500488281,-0.06414958490142882
COHFACE_s16_session3_natural,43,176,48.86666666666667,-1.2861393690109253,-0.09488194028920222
COHFACE_s16_session3_natural,43,177,48.9,-1.0794323682785034,-0.10129089388828093
COHFACE_s16_session3_natural,43,178,48.93333333333333,-0.40925708413124084,-0.07332378783919952
COHFACE_s16_session3_natural,43,179,48.96666666666667,0.5373848676681519,-0.008976923794760519
COHFACE_s16_session3_natural,43,180,49.0,1.3097827434539795,0.0819543632233597
COHFACE_s16_session3_natural,43,181,49.03333333333333,1.6832094192504883,0.17781251044167637
COHFACE_s16_session3_natural,43,182,49.06666666666667,1.7820320129394531,0.24968595500263943
COHFACE_s16_session3_natural,43,183,49.1,1.7796962261199951,0.2695897520012475
COHFACE_s16_session3_natural,43,184,49.13333333333333,1.705058217048645,0.21899553687122478
COHFACE_s16_session3_natural,43,185,49.166666666666664,1.4937539100646973,0.09417281640130051
COHFACE_s16_session3_natural,43,186,49.2,1.2201993465423584,-0.09304936970803096
COHFACE_s16_session3_natural,43,187,49.233333333333334,1.0085992813110352,-0.31802259580283837
COHFACE_s16_session3_natural,43,188,49.266666666666666,0.8784077763557434,-0.5478646652507868
COHFACE_s16_session3_natural,43,189,49.3,0.7734799385070801,-0.7471106022625582
COHFACE_s16_session3_natural,43,190,49.333333333333336,0.6344335079193115,-0.8842949475478827
COHFACE_s16_session3_natural,43,191,49.36666666666667,0.43531009554862976,-0.9387152453257965
COHFACE_s16_session3_natural,43,192,49.4,0.21278558671474457,-0.9051569201516703
COHFACE_s16_session3_natural,43,193,49.43333333333333,0.0014811785658821464,-0.7940364200727112
COHFACE_s16_session3_natural,43,194,49.46666666666667,-0.1701611429452896,-0.6264687522394604
COHFACE_s16_session3_natural,43,195,49.5,-0.3275529146194458,-0.4265550775725132
COHFACE_s16_session3_natural,43,196,49.53333333333333,-0.4716254472732544,-0.21441901475940997
COHFACE_s16_session3_natural,43,197,49.56666666666667,-0.5826733708381653,-0.002702904563911853
COHFACE_s16_session3_natural,43,198,49.6,-0.6868177056312561,0.20277103859836823
COHFACE_s16_session3_natural,43,199,49.63333333333333,-0.7982795238494873,0.3993863714095859
COHFACE_s16_session3_natural,43,200,49.666666666666664,-0.8999403715133667,0.5832910694479849
COHFACE_s16_session3_natural,43,201,49.7,-0.9838619828224182,0.7462161598746587
COHFACE_s16_session3_natural,43,202,49.733333333333334,-1.0630383491516113,0.8750554920850259
COHFACE_s16_session3_natural,43,203,49.766666666666666,-1.1267223358154297,0.9546570057800936
COHFACE_s16_session3_natural,43,204,49.8,-1.198462963104248,0.9728853338303054
COHFACE_s16_session3_natural,43,205,49.833333333333336,-1.2774914503097534,0.9258549000635503
COHFACE_s16_session3_natural,43,206,49.86666666666667,-1.333651065826416,0.8209304008128153
COHFACE_s16_session3_natural,43,207,49.9,-1.2445406913757324,0.6758903414308461
COHFACE_s16_session3_natural,43,208,49.93333333333333,-0.752246081829071,0.5142630749393577
COHFACE_s16_session3_natural,43,209,49.96666666666667,0.13625536859035492,0.35847167150555703
COHFACE_s16_session3_natural,43,210,50.0,0.9891452193260193,0.22328324836270086
COHFACE_s16_session3_natural,43,211,50.03333333333333,1.4781581163406372,0.11191551578844289
COHFACE_s16_session3_natural,43,212,50.06666666666667,1.6457794904708862,0.01619449486467021
COHFACE_s16_session3_natural,43,213,50.1,1.674191951751709,-0.0792431099029696
COHFACE_s16_session3_natural,43,214,50.13333333333333,1.6340420246124268,-0.19007621541444902
COHFACE_s16_session3_natural,43,215,50.166666666666664,1.4808189868927002,-0.32497275995363784
COHFACE_s16_session3_natural,43,216,50.2,1.2230819463729858,-0.48011956318236015
COHFACE_s16_session3_natural,43,217,50.233333333333334,0.9916730523109436,-0.6374716978372832
COHFACE_s16_session3_natural,43,218,50.266666666666666,0.853232741355896,-0.767812548202877
COHFACE_s16_session3_natural,43,219,50.3,0.7544545531272888,-0.8384399473481524
COHFACE_s16_session3_natural,43,220,50.333333333333336,0.6329552531242371,-0.8235609745038805
COHFACE_s16_session3_natural,43,221,50.36666666666667,0.4592876732349396,-0.714112808500727
COHFACE_s16_session3_natural,43,222,50.4,0.26347556710243225,-0.5235207791495031
COHFACE_s16_session3_natural,43,223,50.43333333333333,0.06710173934698105,-0.28677394223470226
COHFACE_s16_session3_natural,43,224,50.46666666666667,-0.11379458010196686,-0.05191106591877447
COHFACE_s16_session3_natural,43,225,50.5,-0.2730046212673187,0.1341377174443459
COHFACE_s16_session3_natural,43,226,50.53333333333333,-0.41100144386291504,0.24007825530174554
COHFACE_s16_session3_natural,43,227,50.56666666666667,-0.5332842469215393,0.2587859816858447
COHFACE_s16_session3_natural,43,228,50.6,-0.6283667683601379,0.20636435811800743
COHFACE_s16_session3_natural,43,229,50.63333333333333,-0.7236562967300415,0.11304575184387282
COHFACE_s16_session3_natural,43,230,50.666666666666664,-0.8235136270523071,0.010749660032653508
COHFACE_s16_session3_natural,43,231,50.7,-0.9090021848678589,-0.07706595592876535
COHFACE_s16_session3_natural,43,232,50.733333333333334,-0.9896715879440308,-0.139337411958281
COHFACE_s16_session3_natural,43,233,50.766666666666666,-1.0704740285873413,-0.1746097213582066
COHFACE_s16_session3_natural,43,234,50.8,-1.13770592212677,-0.1846253183749503
COHFACE_s16_session3_natural,43,235,50.833333333333336,-1.1965559720993042,-0.16906642847507197
COHFACE_s16_session3_natural,43,236,50.86666666666667,-1.2562042474746704,-0.12485385531852859
COHFACE_s16_session3_natural,43,237,50.9,-1.2746975421905518,-0.049933923575152056
COHFACE_s16_session3_natural,43,238,50.93333333333333,-1.0547451972961426,0.051778521873982096
COHFACE_s16_session3_natural,43,239,50.96666666666667,-0.39425262808799744,0.16832184863647973
COHFACE_s16_session3_natural,44,0,44.0,2.117363452911377,0.24229473009903152
COHFACE_s16_session3_natural,44,1,44.03333333333333,2.081943988800049,0.14812255259228815
COHFACE_s16_session3_natural,44,2,44.06666666666667,1.9606074094772339,0.08611268897463417
COHFACE_s16_session3_natural,44,3,44.1,1.7076747417449951,0.07772565213589766
COHFACE_s16_session3_natural,44,4,44.13333333333333,1.42587149143219,0.1227677066745663
COHFACE_s16_session3_natural,44,5,44.166666666666664,1.219829797744751,0.20030228329750763
COHFACE_s16_session3_natural,44,6,44.2,1.0913678407669067,0.27825125439740217
COHFACE_s16_session3_natural,44,7,44.233333333333334,0.9702824354171753,0.32637216106155165
COHFACE_s16_session3_natural,44,8,44.266666666666666,0.813452422618866,0.32612883731322007
COHFACE_s16_session3_natural,44,9,44.3,0.6132941842079163,0.2737539496403296
COHFACE_s16_session3_natural,44,10,44.333333333333336,0.3840879201889038,0.17703504066679537
COHFACE_s16_session3_natural,44,11,44.36666666666667,0.1607355773448944,0.04936748075064512
COHFACE_s16_session3_natural,44,12,44.4,-0.03512087091803551,-0.0951303922326721
COHFACE_s16_session3_natural,44,13,44.43333333333333,-0.19839617609977722,-0.24372115972414457
COHFACE_s16_session3_natural,44,14,44.46666666666667,-0.3477461338043213,-0.38529608844509666
COHFACE_s16_session3_natural,44,15,44.5,-0.47390198707580566,-0.510899726432352
COHFACE_s16_session3_natural,44,16,44.53333333333333,-0.584609866142273,-0.6155891304352813
COHFACE_s16_session3_natural,44,17,44.56666666666667,-0.6822054982185364,-0.7005698167405584
COHFACE_s16_session3_natural,44,18,44.6,-0.7795054316520691,-0.7733641313579458
COHFACE_s16_session3_natural,44,19,44.63333333333333,-0.8769532442092896,-0.8445703177554794
COHFACE_s16_session3_natural,44,20,44.666666666666664,-0.9582582712173462,-0.922095175158491
COHFACE_s16_session3_natural,44,21,44.7,-1.0236866474151611,-1.0055742688860003
COHFACE_s16_session3_natural,44,22,44.733333333333334,-1.096299409866333,-1.0834954210735175
COHFACE_s16_session3_natural,44,23,44.766666666666666,-1.1694296598434448,-1.1340875036246862
COHFACE_s16_session3_natural,44,24,44.8,-1.242456316947937,-1.1298185662986455
COHFACE_s16_session3_natural,44,25,44.833333333333336,-1.2571651935577393,-1.0447423756080718
COHFACE_s16_session3_natural,44,26,44.86666666666667,-1.0120083093643188,-0.8634036005809924
COHFACE_s16_session3_natural,44,27,44.9,-0.28577691316604614,-0.5887280176842157
COHFACE_s16_session3_natural,44,28,44.93333333333333,0.6895583271980286,-0.24476686273160264
COHFACE_s16_session3_natural,44,29,44.96666666666667,1.4525986909866333,0.12889020439789997
COHFACE_s16_session3_natural,44,30,45.0,1.8177913427352905,0.48957533356960903
COHFACE_s16_session3_natural,44,31,45.03333333333333,1.891054630279541,0.8047740149500086
COHFACE_s16_session3_natural,44,32,45.06666666666667,1.835574984550476,1.0595379043026096
COHFACE_s16_session3_natural,44,33,45.1,1.6788928508758545,1.2550824514051981
COHFACE_s16_session3_natural,44,34,45.13333333333333,1.4203280210494995,1.4005108688045815
COHFACE_s16_session3_natural,44,35,45.166666666666664,1.1600335836410522,1.5030148532573826
COHFACE_s16_session3_natural,44,36,45.2,0.9737563729286194,1.562033589036967
COHFACE_s16_session3_natural,44,37,45.233333333333334,0.8712233304977417,1.5699133923790798
COHFACE_s16_session3_natural,44,38,45.266666666666666,0.7802504301071167,1.5174939756078385
COHFACE_s16_session3_natural,44,39,45.3,0.6305013298988342,1.4005100336673115
COHFACE_s16_session3_natural,44,40,45.333333333333336,0.43235352635383606,1.2232689739970048
COHFACE_s16_session3_natural,44,41,45.36666666666667,0.21550559997558594,0.9984425617006539
COHFACE_s16_session3_natural,44,42,45.4,0.018540453165769577,0.7438315819752763
COHFACE_s16_session3_natural,44,43,45.43333333333333,-0.16257759928703308,0.4778425579689946
COHFACE_s16_session3_natural,44,44,45.46666666666667,-0.3184467554092407,0.21538767904435963
COHFACE_s16_session3_natural,44,45,45.5,-0.4528366029262543,-0.03453791830808759
COHFACE_s16_session3_natural,44,46,45.53333333333333,-0.557306170463562,-0.2689113550694886
COHFACE_s16_session3_natural,44,47,45.56666666666667,-0.6527139544487,-0.48845109122564273
COHFACE_s16_session3_natural,44,48,45.6,-0.7462443113327026,-0.6941710573339027
COHFACE_s16_session3_natural,44,49,45.63333333333333,-0.8322354555130005,-0.8844298699577835
COHFACE_s16_session3_natural,44,50,45.666666666666664,-0.9153883457183838,-1.053895637970518
COHFACE_s16_session3_natural,44,51,45.7,-0.9939290285110474,-1.1946602356499179
COHFACE_s16_session3_natural,44,52,45.733333333333334,-1.0603034496307373,-1.2983391680385177
COHFACE_s16_session3_natural,44,53,45.766666666666666,-1.1145856380462646,-1.357523086176533
COHFACE_s16_session3_natural,44,54,45.8,-1.1847150325775146,-1.3659150736881518
COHFACE_s16_session3_natural,44,55,45.833333333333336,-1.2511042356491089,-1.31792737699423
COHFACE_s16_session3_natural,44,56,45.86666666666667,-1.2939741611480713,-1.2091259355093251
COHFACE_s16_session3_natural,44,57,45.9,-1.1814332008361816,-1.0383451098731071
COHFACE_s16_session3_natural,44,58,45.93333333333333,-0.6529061198234558,-0.8109621186933151
COHFACE_s16_session3_natural,44,59,45.96666666666667,0.24768762290477753,-0.5414525153597893
COHFACE_s16_session3_natural,44,60,46.0,1.0842721462249756,-0.25286714206323785
COHFACE_s16_session3_natural,44,61,46.03333333333333,1.517021894454956,0.027836398975759895
COHFACE_s16_session3_natural,44,62,46.06666666666667,1.6152235269546509,0.2769263915950583
COHFACE_s16_session3_natural,44,63,46.1,1.5439856052398682,0.47985273857481814
COHFACE_s16_session3_natural,44,64,46.13333333333333,1.3781380653381348,0.6330552236108845
COHFACE_s16_session3_natural,44,65,46.166666666666664,1.1099201440811157,0.7411873650371941
COHFACE_s16_session3_natural,44,66,46.2,0.8549919128417969,0.8117538471070964
COHFACE_s16_session3_natural,44,67,46.233333333333334,0.7299447655677795,0.850179998786909
COHFACE_s16_session3_natural,44,68,46.266666666666666,0.6913322806358337,0.8576499350533888
COHFACE_s16_session3_natural,44,69,46.3,0.6353796124458313,0.8323972729483124
COHFACE_s16_session3_natural,44,70,46.333333333333336,0.5178716778755188,0.7735136419849772
COHFACE_s16_session3_natural,44,71,46.36666666666667,0.3335457444190979,0.6852537823754087
COHFACE_s16_session3_natural,44,72,46.4,0.1285683512687683,0.5794179341460137
COHFACE_s16_session3_natural,44,73,46.43333333333333,-0.055668871849775314,0.47378334925218346
COHFACE_s16_session3_natural,44,74,46.46666666666667,-0.21963895857334137,0.3858967715002739
COHFACE_s16_session3_natural,44,75,46.5,-0.35394009947776794,0.3240378251591926
COHFACE_s16_session3_natural,44,76,46.53333333333333,-0.4629775583744049,0.28003705332406403
COHFACE_s16_session3_natural,44,77,46.56666666666667,-0.5503730773925781,0.22947048912517307
COHFACE_s16_session3_natural,44,78,46.6,-0.6376355290412903,0.14172059260351136
COHFACE_s16_session3_natural,44,79,46.63333333333333,-0.7234050035476685,-0.0036352115293876042
COHFACE_s16_session3_natural,44,80,46.666666666666664,-0.7894394397735596,-0.20313881613650206
COHFACE_s16_session3_natural,44,81,46.7,-0.8588443994522095,-0.4273996732381577
COHFACE_s16_session3_natural,44,82,46.733333333333334,-0.9328763484954834,-0.6324068508731954
COHFACE_s16_session3_natural,44,83,46.766666666666666,-1.0013351440429688,-0.777466742387406
COHFACE_s16_session3_natural,44,84,46.8,-1.0739331245422363,-0.8400079475808652
COHFACE_s16_session3_natural,44,85,46.833333333333336,-1.1464425325393677,-0.8207208212142036
COHFACE_s16_session3_natural,44,86,46.86666666666667,-1.1926532983779907,-0.7386237796781534
COHFACE_s16_session3_natural,44,87,46.9,-1.1213856935501099,-0.6204561594754201
COHFACE_s16_session3_natural,44,88,46.93333333333333,-0.6727297902107239,-0.4898692446319019
COHFACE_s16_session3_natural,44,89,46.96666666666667,0.17689310014247894,-0.3604451495524585
COHFACE_s16_session3_natural,44,90,47.0,0.9849321246147156,-0.2346845348167193
COHFACE_s16_session3_natural,44,91,47.03333333333333,1.4166914224624634,-0.10872080203955208
COHFACE_s16_session3_natural,44,92,47.06666666666667,1.5075757503509521,0.020404065007960298
COHFACE_s16_session3_natural,44,93,47.1,1.4253541231155396,0.14939173795738422
COHFACE_s16_session3_natural,44,94,47.13333333333333,1.2416934967041016,0.267982539776609
COHFACE_s16_session3_natural,44,95,47.166666666666664,0.9729581475257874,0.3625229537930578
COHFACE_s16_session3_natural,44,96,47.2,0.7318369746208191,0.4215257082904583
COHFACE_s16_session3_natural,44,97,47.233333333333334,0.6153342127799988,0.440569731413714
COHFACE_s16_session3_natural,44,98,47.266666666666666,0.5942983627319336,0.424398352250244
COHFACE_s16_session3_natural,44,99,47.3,0.5515614748001099,0.3852790962374272
COHFACE_s16_session3_natural,44,100,47.333333333333336,0.43361005187034607,0.33838078333446014
COHFACE_s16_session3_natural,44,101,47.36666666666667,0.26013466715812683,0.29632794107559596
COHFACE_s16_session3_natural,44,102,47.4,0.06226778030395508,0.2654205114640667
COHFACE_s16_session3_natural,44,103,47.43333333333333,-0.12442336976528168,0.24505361064674225
COHFACE_s16_session3_natural,44,104,47.46666666666667,-0.28395864367485046,0.230115539018403
COHFACE_s16_session3_natural,44,105,47.5,-0.4120362401008606,0.21462403969442484
COHFACE_s16_session3_natural,44,106,47.53333333333333,-0.5174371600151062,0.19446063059422963
COHFACE_s16_session3_natural,44,107,47.56666666666667,-0.6178710460662842,0.16783314506823785
COHFACE_s16_session3_natural,44,108,47.6,-0.6995899677276611,0.13353776914048995
COHFACE_s16_session3_natural,44,109,47.63333333333333,-0.7663044929504395,0.08858946708177474
COHFACE_s16_session3_natural,44,110,47.666666666666664,-0.8369659185409546,0.027582618309792726
COHFACE_s16_session3_natural,44,111,47.7,-0.9087804555892944,-0.05463599530231214
COHFACE_s16_session3_natural,44,112,47.733333333333334,-0.9685027003288269,-0.1577503318185867
COHFACE_s16_session3_natural,44,113,47.766666666666666,-1.026495337486267,-0.2713453712120724
COHFACE_s16_session3_natural,44,114,47.8,-1.0982803106307983,-0.3745469778789281
COHFACE_s16_session3_natural,44,115,47.833333333333336,-1.1726078987121582,-0.4417030242846657
COHFACE_s16_session3_natural,44,116,47.86666666666667,-1.2009612321853638,-0.45234236944319817
COHFACE_s16_session3_natural,44,117,47.9,-0.9951707720756531,-0.4006135196830637
COHFACE_s16_session3_natural,44,118,47.93333333333333,-0.32125547528266907,-0.298996624286372
COHFACE_s16_session3_natural,44,119,47.96666666666667,0.6274265050888062,-0.17408208116927124
COHFACE_s16_session3_natural,44,120,48.0,1.3867268562316895,-0.05703393394828997
COHFACE_s16_session3_natural,44,121,48.03333333333333,1.7391915321350098,0.02608073569687835
COHFACE_s16_session3_natural,44,122,48.06666666666667,1.7964894771575928,0.060787723326454934
COHFACE_s16_session3_natural,44,123,48.1,1.7365010976791382,0.047137244202093975
COHFACE_s16_session3_natural,44,124,48.13333333333333,1.6040329933166504,-0.000930766967791893
COHFACE_s16_session3_natural,44,125,48.166666666666664,1.3508048057556152,-0.06034948788891061
COHFACE_s16_session3_natural,44,126,48.2,1.0742050409317017,-0.10714761981003058
COHFACE_s16_session3_natural,44,127,48.233333333333334,0.9138567447662354,-0.12507032341878427
COHFACE_s16_session3_natural,44,128,48.266666666666666,0.8284125328063965,-0.11037292649793003
COHFACE_s16_session3_natural,44,129,48.3,0.7416378855705261,-0.07035289352100486
COHFACE_s16_session3_natural,44,130,48.333333333333336,0.5974027514457703,-0.01733728158656432
COHFACE_s16_session3_natural,44,131,48.36666666666667,0.39980193972587585,0.03731866314797911
COHFACE_s16_session3_natural,44,132,48.4,0.1830722838640213,0.08588285099609005
COHFACE_s16_session3_natural,44,133,48.43333333333333,-0.022481633350253105,0.12363170703429263
COHFACE_s16_session3_natural,44,134,48.46666666666667,-0.19917964935302734,0.1473154945652684
COHFACE_s16_session3_natural,44,135,48.5,-0.3519444465637207,0.15489889464622913
COHFACE_s16_session3_natural,44,136,48.53333333333333,-0.4776568114757538,0.14692835678181868
COHFACE_s16_session3_natural,44,137,48.56666666666667,-0.5813576579093933,0.1280997103720193
COHFACE_s16_session3_natural,44,138,48.6,-0.6813628673553467,0.10729321395954744
COHFACE_s16_session3_natural,44,139,48.63333333333333,-0.7733410596847534,0.09535103682379117
COHFACE_s16_session3_natural,44,140,48.666666666666664,-0.8630574941635132,0.101239831843629
COHFACE_s16_session3_natural,44,141,48.7,-0.9547695517539978,0.1282636750981032
COHFACE_s16_session3_natural,44,142,48.733333333333334,-1.037257194519043,0.1722219340986052
COHFACE_s16_session3_natural,44,143,48.766666666666666,-1.104607343673706,0.2225611518886393
COHFACE_s16_session3_natural,44,144,48.8,-1.1761558055877686,0.2659740844962985
COHFACE_s16_session3_natural,44,145,48.833333333333336,-1.2525825500488281,0.29072009000555243
COHFACE_s16_session3_natural,44,146,48.86666666666667,-1.2861393690109253,0.2900095334938301
COHFACE_s16_session3_natural,44,147,48.9,-1.0794323682785034,0.26355680769449513
COHFACE_s16_session3_natural,44,148,48.93333333333333,-0.40925708413124084,0.2170036269095386
COHFACE_s16_session3_natural,44,149,48.96666666666667,0.5373848676681519,0.1593454743211409
COHFACE_s16_session3_natural,44,150,49.0,1.3097827434539795,0.09908424017889186
COHFACE_s16_session3_natural,44,151,49.03333333333333,1.6832094192504883,0.04054076511163785
COHFACE_s16_session3_natural,44,152,49.06666666666667,1.7820320129394531,-0.01788008360044858
COHFACE_s16_session3_natural,44,153,49.1,1.7796962261199951,-0.08242762231448444
COHFACE_s16_session3_natural,44,154,49.13333333333333,1.705058217048645,-0.16049679343192721
COHFACE_s16_session3_natural,44,155,49.166666666666664,1.4937539100646973,-0.25679382238987153
COHFACE_s16_session3_natural,44,156,49.2,1.2201993465423584,-0.3705032123197365
COHFACE_s16_session3_natural,44,157,49.233333333333334,1.0085992813110352,-0.49373203211023986
COHFACE_s16_session3_natural,44,158,49.266666666666666,0.8784077763557434,-0.6115084904983767
COHFACE_s16_session3_natural,44,159,49.3,0.7734799385070801,-0.704075537865491
COHFACE_s16_session3_natural,44,160,49.333333333333336,0.6344335079193115,-0.7518437001522242
COHFACE_s16_session3_natural,44,161,49.36666666666667,0.43531009554862976,-0.7418515318769454
COHFACE_s16_session3_natural,44,162,49.4,0.21278558671474457,-0.6728352356180076
COHFACE_s16_session3_natural,44,163,49.43333333333333,0.0014811785658821464,-0.5558282534205307
COHFACE_s16_session3_natural,44,164,49.46666666666667,-0.1701611429452896,-0.4094909691732859
COHFACE_s16_session3_natural,44,165,49.5,-0.3275529146194458,-0.25261243311362247
COHFACE_s16_session3_natural,44,166,49.53333333333333,-0.4716254472732544,-0.09803327278283275
COHFACE_s16_session3_natural,44,167,49.56666666666667,-0.5826733708381653,0.048818367161189966
COHFACE_s16_session3_natural,44,168,49.6,-0.6868177056312561,0.1869576095446128
COHFACE_s16_session3_natural,44,169,49.63333333333333,-0.7982795238494873,0.3154967275580531
COHFACE_s16_session3_natural,44,170,49.666666666666664,-0.8999403715133667,0.4310470472284367
COHFACE_s16_session3_natural,44,171,49.7,-0.9838619828224182,0.5279806382468454
COHFACE_s16_session3_natural,44,172,49.733333333333334,-1.0630383491516113,0.6006345598938606
COHFACE_s16_session3_natural,44,173,49.766666666666666,-1.1267223358154297,0.6457193674349501
COHFACE_s16_session3_natural,44,174,49.8,-1.198462963104248,0.6636737743307751
COHFACE_s16_session3_natural,44,175,49.833333333333336,-1.2774914503097534,0.6586340107130916
COHFACE_s16_session3_natural,44,176,49.86666666666667,-1.333651065826416,0.6372226086251085
COHFACE_s16_session3_natural,44,177,49.9,-1.2445406913757324,0.6065927944272775
COHFACE_s16_session3_natural,44,178,49.93333333333333,-0.752246081829071,0.5724095774394544
COHFACE_s16_session3_natural,44,179,49.96666666666667,0.13625536859035492,0.5374767761184805
COHFACE_s16_session3_natural,44,180,50.0,0.9891452193260193,0.5013026851696413
COHFACE_s16_session3_natural,44,181,50.03333333333333,1.4781581163406372,0.46038546316505746
COHFACE_s16_session3_natural,44,182,50.06666666666667,1.6457794904708862,0.40884892707731013
COHFACE_s16_session3_natural,44,183,50.1,1.674191951751709,0.33931730993957565
COHFACE_s16_session3_natural,44,184,50.13333333333333,1.6340420246124268,0.24430466156910088
COHFACE_s16_session3_natural,44,185,50.166666666666664,1.4808189868927002,0.11851815882796363
COHFACE_s16_session3_natural,44,186,50.2,1.2230819463729858,-0.03794223310788069
COHFACE_s16_session3_natural,44,187,50.233333333333334,0.9916730523109436,-0.21642741441289332
COHFACE_s16_session3_natural,44,188,50.266666666666666,0.853232741355896,-0.3984758124986267
COHFACE_s16_session3_natural,44,189,50.3,0.7544545531272888,-0.5582251755092735
COHFACE_s16_session3_natural,44,190,50.333333333333336,0.6329552531242371,-0.6687748111774111
COHFACE_s16_session3_natural,44,191,50.36666666666667,0.4592876732349396,-0.7106637809986681
COHFACE_s16_session3_natural,44,192,50.4,0.26347556710243225,-0.6792090290317973
COHFACE_s16_session3_natural,44,193,50.43333333333333,0.06710173934698105,-0.5874387970006781
COHFACE_s16_session3_natural,44,194,50.46666666666667,-0.11379458010196686,-0.46285562266475616
COHFACE_s16_session3_natural,44,195,50.5,-0.2730046212673187,-0.3388435430507364
COHFACE_s16_session3_natural,44,196,50.53333333333333,-0.41100144386291504,-0.24414776642643707
COHFACE_s16_session3_natural,44,197,50.56666666666667,-0.5332842469215393,-0.19494116047672752
COHFACE_s16_session3_natural,44,198,50.6,-0.6283667683601379,-0.19267223093944882
COHFACE_s16_session3_natural,44,199,50.63333333333333,-0.7236562967300415,-0.22797591995300637
COHFACE_s16_session3_natural,44,200,50.666666666666664,-0.8235136270523071,-0.28804481372150015
COHFACE_s16_session3_natural,44,201,50.7,-0.9090021848678589,-0.3633094653634773
COHFACE_s16_session3_natural,44,202,50.733333333333334,-0.9896715879440308,-0.4497507389104693
COHFACE_s16_session3_natural,44,203,50.766666666666666,-1.0704740285873413,-0.5456146906283121
COHFACE_s16_session3_natural,44,204,50.8,-1.13770592212677,-0.6446854454261871
COHFACE_s16_session3_natural,44,205,50.833333333333336,-1.1965559720993042,-0.7306254642972589
COHFACE_s16_session3_natural,44,206,50.86666666666667,-1.2562042474746704,-0.7766253063967633
COHFACE_s16_session3_natural,44,207,50.9,-1.2746975421905518,-0.7517301026579754
COHFACE_s16_session3_natural,44,208,50.93333333333333,-1.0547451972961426,-0.6313300857974788
COHFACE_s16_session3_natural,44,209,50.96666666666667,-0.39425262808799744,-0.4070392931856132
COHFACE_s16_session3_natural,44,210,51.0,0.46849730610847473,-0.0919337418766838
COHFACE_s16_session3_natural,44,211,51.03333333333333,1.1100088357925415,0.2807310864413695
COHFACE_s16_session3_natural,44,212,51.06666666666667,1.3921372890472412,0.6654062723912663
COHFACE_s16_session3_natural,44,213,51.1,1.4553778171539307,1.0165001415364947
COHFACE_s16_session3_natural,44,214,51.13333333333333,1.4471882581710815,1.299711163165296
COHFACE_s16_session3_natural,44,215,51.166666666666664,1.3458526134490967,1.4968761242007187
COHFACE_s16_session3_natural,44,216,51.2,1.1288421154022217,1.6032523664220624
COHFACE_s16_session3_natural,44,217,51.233333333333334,0.9011583924293518,1.6212711176168821
COHFACE_s16_session3_natural,44,218,51.266666666666666,0.765068531036377,1.555799389276364
COHFACE_s16_session3_natural,44,219,51.3,0.6901052594184875,1.4132573113380598
COHFACE_s16_session3_natural,44,220,51.333333333333336,0.6061984896659851,1.2036268240559835
COHFACE_s16_session3_natural,44,221,51.36666666666667,0.4691034257411957,0.9426389183259144
COHFACE_s16_session3_natural,44,222,51.4,0.281747043132782,0.6518426544707597
COHFACE_s16_session3_natural,44,223,51.43333333333333,0.09252803772687912,0.3558435290938539
COHFACE_s16_session3_natural,44,224,51.46666666666667,-0.08110995590686798,0.0774396305585274
COHFACE_s16_session3_natural,44,225,51.5,-0.23375646770000458,-0.16762492794121012
COHFACE_s16_session3_natural,44,226,51.53333333333333,-0.3648201823234558,-0.37403811410914173
COHFACE_s16_session3_natural,44,227,51.56666666666667,-0.46708714962005615,-0.5466341890084446
COHFACE_s16_session3_natural,44,228,51.6,-0.5578975081443787,-0.6962654939831527
COHFACE_s16_session3_natural,44,229,51.63333333333333,-0.6475843191146851,-0.8334531255591893
COHFACE_s16_session3_natural,44,230,51.666666666666664,-0.7331911325454712,-0.9623203881739858
COHFACE_s16_session3_natural,44,231,51.7,-0.8176892399787903,-1.0771312793390773
COHFACE_s16_session3_natural,44,232,51.733333333333334,-0.8901985883712769,-1.1628797258771595
COHFACE_s16_session3_natural,44,233,51.766666666666666,-0.9608304500579834,-1.2001004559869355
COHFACE_s16_session3_natural,44,234,51.8,-1.0363259315490723,-1.1725438048101708
COHFACE_s16_session3_natural,44,235,51.833333333333336,-1.1093378067016602,-1.0746162378919328
COHFACE_s16_session3_natural,44,236,51.86666666666667,-1.1784766912460327,-0.9144133440132066
COHFACE_s16_session3_natural,44,237,51.9,-1.2268457412719727,-0.7099858053636349
COHFACE_s16_session3_natural,44,238,51.93333333333333,-1.133226752281189,-0.48135784194311176
COHFACE_s16_session3_natural,44,239,51.96666666666667,-0.6564983129501343,-0.24426644517642923
COHFACE_s16_session3_natural,45,0,45.0,1.8177913427352905,0.035641548128771815
COHFACE_s16_session3_natural,45,1,45.03333333333333,1.891054630279541,-0.2606059617057656
COHFACE_s16_session3_natural,45,2,45.06666666666667,1.835574984550476,-0.48048255469822104
COHFACE_s16_session3_natural,45,3,45.1,1.6788928508758545,-0.570935892973954
COHFACE_s16_session3_natural,45,4,45.13333333333333,1.4203280210494995,-0.5185996958154183
COHFACE_s16_session3_natural,45,5,45.166666666666664,1.1600335836410522,-0.3511072743322887
COHFACE_s16_session3_natural,45,6,45.2,0.9737563729286194,-0.12378528757643333
COHFACE_s16_session3_natural,45,7,45.233333333333334,0.8712233304977417,0.10137389369827723
COHFACE_s16_session3_natural,45,8,45.266666666666666,0.7802504301071167,0.274958952417295
COHFACE_s16_session3_natural,45,9,45.3,0.6305013298988342,0.3707707169886719
COHFACE_s16_session3_natural,45,10,45.333333333333336,0.43235352635383606,0.3862634511062379
COHFACE_s16_session3_natural,45,11,45.36666666666667,0.21550559997558594,0.3358055126485765
COHFACE_s16_session3_natural,45,12,45.4,0.018540453165769577,0.24152408626846475
COHFACE_s16_session3_natural,45,13,45.43333333333333,-0.16257759928703308,0.12557495114505943
COHFACE_s16_session3_natural,45,14,45.46666666666667,-0.3184467554092407,0.005565463603693579
COHFACE_s16_session3_natural,45,15,45.5,-0.4528366029262543,-0.10698212499571702
COHFACE_s16_session3_natural,45,16,45.53333333333333,-0.557306170463562,-0.20603437219431361
COHFACE_s16_session3_natural,45,17,45.56666666666667,-0.6527139544487,-0.28919549544579093
COHFACE_s16_session3_natural,45,18,45.6,-0.7462443113327026,-0.3552976759664871
COHFACE_s16_session3_natural,45,19,45.63333333333333,-0.8322354555130005,-0.4022147710291705
COHFACE_s16_session3_natural,45,20,45.666666666666664,-0.9153883457183838,-0.4259058350285439
COHFACE_s16_session3_natural,45,21,45.7,-0.9939290285110474,-0.4213491909631058
COHFACE_s16_session3_natural,45,22,45.733333333333334,-1.0603034496307373,-0.38488140892839273
COHFACE_s16_session3_natural,45,23,45.766666666666666,-1.1145856380462646,-0.3166244149051748
COHFACE_s16_session3_natural,45,24,45.8,-1.1847150325775146,-0.2220453598145479
COHFACE_s16_session3_natural,45,25,45.833333333333336,-1.2511042356491089,-0.11239299497178334
COHFACE_s16_session3_natural,45,26,45.86666666666667,-1.2939741611480713,-0.0037653963899520818
COHFACE_s16_session3_natural,45,27,45.9,-1.1814332008361816,0.08569703569250806
COHFACE_s16_session3_natural,45,28,45.93333333333333,-0.6529061198234558,0.14063223505674066
COHFACE_s16_session3_natural,45,29,45.96666666666667,0.24768762290477753,0.15423747895414827
COHFACE_s16_session3_natural,45,30,46.0,1.0842721462249756,0.1325814777947182
COHFACE_s16_session3_natural,45,31,46.03333333333333,1.517021894454956,0.09471407365636858
COHFACE_s16_session3_natural,45,32,46.06666666666667,1.6152235269546509,0.06736521870885719
COHFACE_s16_session3_natural,45,33,46.1,1.5439856052398682,0.07566901745455087
COHFACE_s16_session3_natural,45,34,46.13333333333333,1.3781380653381348,0.13358843316287866
COHFACE_s16_session3_natural,45,35,46.166666666666664,1.1099201440811157,0.2381813927435223
COHFACE_s16_session3_natural,45,36,46.2,0.8549919128417969,0.3701088679861817
COHFACE_s16_session3_natural,45,37,46.233333333333334,0.7299447655677795,0.49983883364689624
COHFACE_s16_session3_natural,45,38,46.266666666666666,0.6913322806358337,0.5965553770506219
COHFACE_s16_session3_natural,45,39,46.3,0.6353796124458313,0.6362980344072104
COHFACE_s16_session3_natural,45,40,46.333333333333336,0.5178716778755188,0.6074373288523164
COHFACE_s16_session3_natural,45,41,46.36666666666667,0.3335457444190979,0.5133871278102357
COHFACE_s16_session3_natural,45,42,46.4,0.1285683512687683,0.3727035288155658
COHFACE_s16_session3_natural,45,43,46.43333333333333,-0.055668871849775314,0.21572351140543938
COHFACE_s16_session3_natural,45,44,46.46666666666667,-0.21963895857334137,0.07637199527207933
COHFACE_s16_session3_natural,45,45,46.5,-0.35394009947776794,-0.020416594246642807
COHFACE_s16_session3_natural,45,46,46.53333333333333,-0.4629775583744049,-0.07113632307154492
COHFACE_s16_session3_natural,45,47,46.56666666666667,-0.5503730773925781,-0.09848413950897116
COHFACE_s16_session3_natural,45,48,46.6,-0.6376355290412903,-0.14271340039987057
COHFACE_s16_session3_natural,45,49,46.63333333333333,-0.7234050035476685,-0.24111332957366277
COHFACE_s16_session3_natural,45,50,46.666666666666664,-0.7894394397735596,-0.4062505107732314
COHFACE_s16_session3_natural,45,51,46.7,-0.8588443994522095,-0.6163840747992767
COHFACE_s16_session3_natural,45,52,46.733333333333334,-0.9328763484954834,-0.8237567363292191
COHFACE_s16_session3_natural,45,53,46.766666666666666,-1.0013351440429688,-0.9749177192367096
COHFACE_s16_session3_natural,45,54,46.8,-1.0739331245422363,-1.0311538257130943
COHFACE_s16_session3_natural,45,55,46.833333333333336,-1.1464425325393677,-0.9792981247495811
COHFACE_s16_session3_natural,45,56,46.86666666666667,-1.1926532983779907,-0.8306192056994478
COHFACE_s16_session3_natural,45,57,46.9,-1.1213856935501099,-0.6121401377346408
COHFACE_s16_session3_natural,45,58,46.93333333333333,-0.6727297902107239,-0.3563512192131411
COHFACE_s16_session3_natural,45,59,46.96666666666667,0.17689310014247894,-0.09330527075870791
COHFACE_s16_session3_natural,45,60,47.0,0.9849321246147156,0.15323605700248608
COHFACE_s16_session3_natural,45,61,47.03333333333333,1.4166914224624634,0.36599212874662757
COHFACE_s16_session3_natural,45,62,47.06666666666667,1.5075757503509521,0.532944561949663
COHFACE_s16_session3_natural,45,63,47.1,1.4253541231155396,0.6471146894489667
COHFACE_s16_session3_natural,45,64,47.13333333333333,1.2416934967041016,0.707548800756696
COHFACE_s16_session3_natural,45,65,47.166666666666664,0.9729581475257874,0.7196886578907967
COHFACE_s16_session3_natural,45,66,47.2,0.7318369746208191,0.6937527355141918
COHFACE_s16_session3_natural,45,67,47.233333333333334,0.6153342127799988,0.6416003709373584
COHFACE_s16_session3_natural,45,68,47.266666666666666,0.5942983627319336,0.5736086601534044
COHFACE_s16_session3_natural,45,69,47.3,0.5515614748001099,0.4968051114182089
COHFACE_s16_session3_natural,45,70,47.333333333333336,0.43361005187034607,0.414533654145904
COHFACE_s16_session3_natural,45,71,47.36666666666667,0.26013466715812683,0.32726219095369996
COHFACE_s16_session3_natural,45,72,47.4,0.06226778030395508,0.23420442484117304
COHFACE_s16_session3_natural,45,73,47.43333333333333,-0.12442336976528168,0.13553891509489022
COHFACE_s16_session3_natural,45,74,47.46666666666667,-0.28395864367485046,0.034545841754861945
COHFACE_s16_session3_natural,45,75,47.5,-0.4120362401008606,-0.06144892654338425
COHFACE_s16_session3_natural,45,76,47.53333333333333,-0.5174371600151062,-0.14211103950282672
COHFACE_s16_session3_natural,45,77,47.56666666666667,-0.6178710460662842,-0.19716646528297133
COHFACE_s16_session3_natural,45,78,47.6,-0.6995899677276611,-0.22087236487515644
COHFACE_s16_session3_natural,45,79,47.63333333333333,-0.7663044929504395,-0.21630665223130185
COHFACE_s16_session3_natural,45,80,47.666666666666664,-0.8369659185409546,-0.1967925575618255
COHFACE_s16_session3_natural,45,81,47.7,-0.9087804555892944,-0.18216399397785976
COHFACE_s16_session3_natural,45,82,47.733333333333334,-0.9685027003288269,-0.19036237097324712
COHFACE_s16_session3_natural,45,83,47.766666666666666,-1.026495337486267,-0.22819311294031352
COHFACE_s16_session3_natural,45,84,47.8,-1.0982803106307983,-0.2863559400479961
COHFACE_s16_session3_natural,45,85,47.833333333333336,-1.1726078987121582,-0.3420665205642444
COHFACE_s16_session3_natural,45,86,47.86666666666667,-1.2009612321853638,-0.3685585530843213
COHFACE_s16_session3_natural,45,87,47.9,-0.9951707720756531,-0.34687620529215635
COHFACE_s16_session3_natural,45,88,47.93333333333333,-0.32125547528266907,-0.2740725519733427
COHFACE_s16_session3_natural,45,89,47.96666666666667,0.6274265050888062,-0.16418427078614736
COHFACE_s16_session3_natural,45,90,48.0,1.3867268562316895,-0.042780477641153204
COHFACE_s16_session3_natural,45,91,48.03333333333333,1.7391915321350098,0.06125311025919337
COHFACE_s16_session3_natural,45,92,48.06666666666667,1.7964894771575928,0.12384232629832549
COHFACE_s16_session3_natural,45,93,48.1,1.7365010976791382,0.1325803854358452
COHFACE_s16_session3_natural,45,94,48.13333333333333,1.6040329933166504,0.09074981765821925
COHFACE_s16_session3_natural,45,95,48.166666666666664,1.3508048057556152,0.016309553427834123
COHFACE_s16_session3_natural,45,96,48.2,1.0742050409317017,-0.06464788123426865
COHFACE_s16_session3_natural,45,97,48.233333333333334,0.9138567447662354,-0.12725897754331428
COHFACE_s16_session3_natural,45,98,48.266666666666666,0.8284125328063965,-0.15536220290074496
COHFACE_s16_session3_natural,45,99,48.3,0.7416378855705261,-0.14371815150478975
COHFACE_s16_session3_natural,45,100,48.333333333333336,0.5974027514457703,-0.09581074350876308
COHFACE_s16_session3_natural,45,101,48.36666666666667,0.39980193972587585,-0.020941005477579912
COHFACE_s16_session3_natural,45,102,48.4,0.1830722838640213,0.06713650098819024
COHFACE_s16_session3_natural,45,103,48.43333333333333,-0.022481633350253105,0.15110057428201593
COHFACE_s16_session3_natural,45,104,48.46666666666667,-0.19917964935302734,0.21277476997253242
COHFACE_s16_session3_natural,45,105,48.5,-0.3519444465637207,0.23835395226711292
COHFACE_s16_session3_natural,45,106,48.53333333333333,-0.4776568114757538,0.22408254648678871
COHFACE_s16_session3_natural,45,107,48.56666666666667,-0.5813576579093933,0.1788838353685859
COHFACE_s16_session3_natural,45,108,48.6,-0.6813628673553467,0.12171925320655458
COHFACE_s16_session3_natural,45,109,48.63333333333333,-0.7733410596847534,0.07438989201328111
COHFACE_s16_session3_natural,45,110,48.666666666666664,-0.8630574941635132,0.052999159088879685
COHFACE_s16_session3_natural,45,111,48.7,-0.9547695517539978,0.06208316079199121
COHFACE_s16_session3_natural,45,112,48.733333333333334,-1.037257194519043,0.09416619913734975
COHFACE_s16_session3_natural,45,113,48.766666666666666,-1.104607343673706,0.13473287070324608
COHFACE_s16_session3_natural,45,114,48.8,-1.1761558055877686,0.16969368096723753
COHFACE_s16_session3_natural,45,115,48.833333333333336,-1.2525825500488281,0.19130379842214706
COHFACE_s16_session3_natural,45,116,48.86666666666667,-1.2861393690109253,0.20001193212658036
COHFACE_s16_session3_natural,45,117,48.9,-1.0794323682785034,0.20229959907463368
COHFACE_s16_session3_natural,45,118,48.93333333333333,-0.40925708413124084,0.20621702094710484
COHFACE_s16_session3_natural,45,119,48.96666666666667,0.5373848676681519,0.2166729630307369
COHFACE_s16_session3_natural,45,120,49.0,1.3097827434539795,0.23215547570822145
COHFACE_s16_session3_natural,45,121,49.03333333333333,1.6832094192504883,0.24386155418166247
COHFACE_s16_session3_natural,45,122,49.06666666666667,1.7820320129394531,0.23742794106619972
COHFACE_s16_session3_natural,45,123,49.1,1.7796962261199951,0.1967397678309815
COHFACE_s16_session3_natural,45,124,49.13333333333333,1.705058217048645,0.10877784985134271
COHFACE_s16_session3_natural,45,125,49.166666666666664,1.4937539100646973,-0.03169396528102545
COHFACE_s16_session3_natural,45,126,49.2,1.2201993465423584,-0.21863318209612115
COHFACE_s16_session3_natural,45,127,49.233333333333334,1.0085992813110352,-0.4333283435449331
COHFACE_s16_session3_natural,45,128,49.266666666666666,0.8784077763557434,-0.6460870809384783
COHFACE_s16_session3_natural,45,129,49.3,0.7734799385070801,-0.8216366376405483
COHFACE_s16_session3_natural,45,130,49.333333333333336,0.6344335079193115,-0.9276366061186183
COHFACE_s16_session3_natural,45,131,49.36666666666667,0.43531009554862976,-0.9439438133891732
COHFACE_s16_session3_natural,45,132,49.4,0.21278558671474457,-0.8690218616663968
COHFACE_s16_session3_natural,45,133,49.43333333333333,0.0014811785658821464,-0.7203552972812467
COHFACE_s16_session3_natural,45,134,49.46666666666667,-0.1701611429452896,-0.52822778370857
COHFACE_s16_session3_natural,45,135,49.5,-0.3275529146194458,-0.32541139906175226
COHFACE_s16_session3_natural,45,136,49.53333333333333,-0.4716254472732544,-0.13728278535564162
COHFACE_s16_session3_natural,45,137,49.56666666666667,-0.5826733708381653,0.02351815478992123
COHFACE_s16_session3_natural,45,138,49.6,-0.6868177056312561,0.15634365171758124
COHFACE_s16_session3_natural,45,139,49.63333333333333,-0.7982795238494873,0.2672265149227687
COHFACE_s16_session3_natural,45,140,49.666666666666664,-0.8999403715133667,0.36228320420851057
COHFACE_s16_session3_natural,45,141,49.7,-0.9838619828224182,0.44305582443239877
COHFACE_s16_session3_natural,45,142,49.733333333333334,-1.0630383491516113,0.5056089126456593
COHFACE_s16_session3_natural,45,143,49.766666666666666,-1.1267223358154297,0.543292349735087
COHFACE_s16_session3_natural,45,144,49.8,-1.198462963104248,0.5515010057287171
COHFACE_s16_session3_natural,45,145,49.833333333333336,-1.2774914503097534,0.5319465595479973
COHFACE_s16_session3_natural,45,146,49.86666666666667,-1.333651065826416,0.4940897538748442
COHFACE_s16_session3_natural,45,147,49.9,-1.2445406913757324,0.452555332194785
COHFACE_s16_session3_natural,45,148,49.93333333333333,-0.752246081829071,0.4213060467417512
COHFACE_s16_session3_natural,45,149,49.96666666666667,0.13625536859035492,0.4072761464283325
COHFACE_s16_session3_natural,45,150,50.0,0.9891452193260193,0.4069537444698038
COHFACE_s16_session3_natural,45,151,50.03333333333333,1.4781581163406372,0.4080737642275272
COHFACE_s16_session3_natural,45,152,50.06666666666667,1.6457794904708862,0.39548452003042683
COHFACE_s16_session3_natural,45,153,50.1,1.674191951751709,0.3577892893061808
COHFACE_s16_session3_natural,45,154,50.13333333333333,1.6340420246124268,0.2915410232927779
COHFACE_s16_session3_natural,45,155,50.166666666666664,1.4808189868927002,0.20185563594827177
COHFACE_s16_session3_natural,45,156,50.2,1.2230819463729858,0.10034677614259932
COHFACE_s16_session3_natural,45,157,50.233333333333334,0.9916730523109436,0.002018307725461212
COHFACE_s16_session3_natural,45,158,50.266666666666666,0.853232741355896,-0.07790049419212842
COHFACE_s16_session3_natural,45,159,50.3,0.7544545531272888,-0.12715051968949936
COHFACE_s16_session3_natural,45,160,50.333333333333336,0.6329552531242371,-0.1397995182362302
COHFACE_s16_session3_natural,45,161,50.36666666666667,0.4592876732349396,-0.11921089120626378
COHFACE_s16_session3_natural,45,162,50.4,0.26347556710243225,-0.07924088499180679
COHFACE_s16_session3_natural,45,163,50.43333333333333,0.06710173934698105,-0.042034669720143886
COHFACE_s16_session3_natural,45,164,50.46666666666667,-0.11379458010196686,-0.031706674430746734
COHFACE_s16_session3_natural,45,165,50.5,-0.2730046212673187,-0.06545415587399182
COHFACE_s16_session3_natural,45,166,50.53333333333333,-0.41100144386291504,-0.14625098059546918
COHFACE_s16_session3_natural,45,167,50.56666666666667,-0.5332842469215393,-0.26166172294616774
COHFACE_s16_session3_natural,45,168,50.6,-0.6283667683601379,-0.3901707771590031
COHFACE_s16_session3_natural,45,169,50.63333333333333,-0.7236562967300415,-0.5119475329262813
COHFACE_s16_session3_natural,45,170,50.666666666666664,-0.8235136270523071,-0.6183648561882253
COHFACE_s16_session3_natural,45,171,50.7,-0.9090021848678589,-0.7151034802729139
COHFACE_s16_session3_natural,45,172,50.733333333333334,-0.9896715879440308,-0.8167742583537777
COHFACE_s16_session3_natural,45,173,50.766666666666666,-1.0704740285873413,-0.9351165587935863
COHFACE_s16_session3_natural,45,174,50.8,-1.13770592212677,-1.0661415011122928
COHFACE_s16_session3_natural,45,175,50.833333333333336,-1.1965559720993042,-1.1827268202951875
COHFACE_s16_session3_natural,45,176,50.86666666666667,-1.2562042474746704,-1.2375319250485524
COHFACE_s16_session3_natural,45,177,50.9,-1.2746975421905518,-1.1769516016755754
COHFACE_s16_session3_natural,45,178,50.93333333333333,-1.0547451972961426,-0.9616156022770127
COHFACE_s16_session3_natural,45,179,50.96666666666667,-0.39425262808799744,-0.585275571129837
COHFACE_s16_session3_natural,45,180,51.0,0.46849730610847473,-0.08384571246898913
COHFACE_s16_session3_natural,45,181,51.03333333333333,1.1100088357925415,0.4702378856198164
COHFACE_s16_session3_natural,45,182,51.06666666666667,1.3921372890472412,0.9876514577748243
COHFACE_s16_session3_natural,45,183,51.1,1.4553778171539307,1.3888708959752172
COHFACE_s16_session3_natural,45,184,51.13333333333333,1.4471882581710815,1.6265191211439594
COHFACE_s16_session3_natural,45,185,51.166666666666664,1.3458526134490967,1.6935504241770343
COHFACE_s16_session3_natural,45,186,51.2,1.1288421154022217,1.6158221991808013
COHFACE_s16_session3_natural,45,187,51.233333333333334,0.9011583924293518,1.4361339272703681
COHFACE_s16_session3_natural,45,188,51.266666666666666,0.765068531036377,1.1988554533902394
COHFACE_s16_session3_natural,45,189,51.3,0.6901052594184875,0.9405882385425199
COHFACE_s16_session3_natural,45,190,51.333333333333336,0.6061984896659851,0.687349046194432
COHFACE_s16_session3_natural,45,191,51.36666666666667,0.4691034257411957,0.4556079936555882
COHFACE_s16_session3_natural,45,192,51.4,0.281747043132782,0.2541286988201552
COHFACE_s16_session3_natural,45,193,51.43333333333333,0.09252803772687912,0.08503509590957754
COHFACE_s16_session3_natural,45,194,51.46666666666667,-0.08110995590686798,-0.05573950226069568
COHFACE_s16_session3_natural,45,195,51.5,-0.23375646770000458,-0.1774234269921164
COHFACE_s16_session3_natural,45,196,51.53333333333333,-0.3648201823234558,-0.2916134444312618
COHFACE_s16_session3_natural,45,197,51.56666666666667,-0.46708714962005615,-0.4077128728977901
COHFACE_s16_session3_natural,45,198,51.6,-0.5578975081443787,-0.5282953653343789
COHFACE_s16_session3_natural,45,199,51.63333333333333,-0.6475843191146851,-0.6466745881301862
COHFACE_s16_session3_natural,45,200,51.666666666666664,-0.7331911325454712,-0.7476524030763803
COHFACE_s16_session3_natural,45,201,51.7,-0.8176892399787903,-0.8107951699051293
COHFACE_s16_session3_natural,45,202,51.733333333333334,-0.8901985883712769,-0.8153115232803023
COHFACE_s16_session3_natural,45,203,51.766666666666666,-0.9608304500579834,-0.7461391475964211
COHFACE_s16_session3_natural,45,204,51.8,-1.0363259315490723,-0.6006729538003176
COHFACE_s16_session3_natural,45,205,51.833333333333336,-1.1093378067016602,-0.39382739957705165
COHFACE_s16_session3_natural,45,206,51.86666666666667,-1.1784766912460327,-0.1571135683411869
COHFACE_s16_session3_natural,45,207,51.9,-1.2268457412719727,0.07093174325556155
COHFACE_s16_session3_natural,45,208,51.93333333333333,-1.133226752281189,0.259205166860259
COHFACE_s16_session3_natural,45,209,51.96666666666667,-0.6564983129501343,0.3945661352887598
COHFACE_s16_session3_natural,45,210,52.0,0.10927687585353851,0.4817579643021455
COHFACE_s16_session3_natural,45,211,52.03333333333333,0.7686015963554382,0.5333906527039505
COHFACE_s16_session3_natural,45,212,52.06666666666667,1.0945608615875244,0.5572213120835671
COHFACE_s16_session3_natural,45,213,52.1,1.1660058498382568,0.5491301818885302
COHFACE_s16_session3_natural,45,214,52.13333333333333,1.1438021659851074,0.49530965553922335
COHFACE_s16_session3_natural,45,215,52.166666666666664,1.023589015007019,0.38069484817372223
COHFACE_s16_session3_natural,45,216,52.2,0.8048340678215027,0.19765493795154074
COHFACE_s16_session3_natural,45,217,52.233333333333334,0.5918887853622437,-0.04940718115953589
COHFACE_s16_session3_natural,45,218,52.266666666666666,0.4895775020122528,-0.34380861305876104
COHFACE_s16_session3_natural,45,219,52.3,0.4545276463031769,-0.6580519939765888
COHFACE_s16_session3_natural,45,220,52.333333333333336,0.3918488323688507,-0.9549765813167115
COHFACE_s16_session3_natural,45,221,52.36666666666667,0.2768835127353668,-1.18949923638396
COHFACE_s16_session3_natural,45,222,52.4,0.11779173463582993,-1.314044686355581
COHFACE_s16_session3_natural,45,223,52.43333333333333,-0.050184477120637894,-1.2897431764419978
COHFACE_s16_session3_natural,45,224,52.46666666666667,-0.21758416295051575,-1.101093651155494
COHFACE_s16_session3_natural,45,225,52.5,-0.3683532774448395,-0.7671202653324906
COHFACE_s16_session3_natural,45,226,52.53333333333333,-0.4770507216453552,-0.341114277537452
COHFACE_s16_session3_natural,45,227,52.56666666666667,-0.5719854235649109,0.10391027753907373
COHFACE_s16_session3_natural,45,228,52.6,-0.6612731218338013,0.49800017811883357
COHFACE_s16_session3_natural,45,229,52.63333333333333,-0.7424451112747192,0.793752756615301
COHFACE_s16_session3_natural,45,230,52.666666666666664,-0.8125744462013245,0.9740552766947767
COHFACE_s16_session3_natural,45,231,52.7,-0.8837680816650391,1.0475684198759714
COHFACE_s16_session3_natural,45,232,52.733333333333334,-0.9512956142425537,1.0375275131429023
COHFACE_s16_session3_natural,45,233,52.766666666666666,-1.0208631753921509,0.9706768478883194
COHFACE_s16_session3_natural,45,234,52.8,-1.0921602249145508,0.8703409738823419
COHFACE_s16_session3_natural,45,235,52.833333333333336,-1.1567164659500122,0.7538103963587255
COHFACE_s16_session3_natural,45,236,52.86666666666667,-1.2192622423171997,0.6321911300517322
COHFACE_s16_session3_natural,45,237,52.9,-1.22711181640625,0.5109914912145107
COHFACE_s16_session3_natural,45,238,52.93333333333333,-1.0085195302963257,0.3908390539633119
COHFACE_s16_session3_natural,45,239,52.96666666666667,-0.38270729780197144,0.26869201789272834
COHFACE_s16_session3_natural,46,0,46.0,1.0842721462249756,0.07424829864426108
COHFACE_s16_session3_natural,46,1,46.03333333333333,1.517021894454956,-0.28001260132285416
COHFACE_s16_session3_natural,46,2,46.06666666666667,1.6152235269546509,-0.5447675068536905
COHFACE_s16_session3_natural,46,3,46.1,1.5439856052398682,-0.661041820975395
COHFACE_s16_session3_natural,46,4,46.13333333333333,1.3781380653381348,-0.6174946679782499
COHFACE_s16_session3_natural,46,5,46.166666666666664,1.1099201440811157,-0.449912156628734
COHFACE_s16_session3_natural,46,6,46.2,0.8549919128417969,-0.22319779502185746
COHFACE_s16_session3_natural,46,7,46.233333333333334,0.7299447655677795,-0.005965786136606295
COHFACE_s16_session3_natural,46,8,46.266666666666666,0.6913322806358337,0.15063230064374006
COHFACE_s16_session3_natural,46,9,46.3,0.6353796124458313,0.2233113858591786
COHFACE_s16_session3_natural,46,10,46.333333333333336,0.5178716778755188,0.21620029635709273
COHFACE_s16_session3_natural,46,11,46.36666666666667,0.3335457444190979,0.15347324806436252
COHFACE_s16_session3_natural,46,12,46.4,0.1285683512687683,0.06940675880637966
COHFACE_s16_session3_natural,46,13,46.43333333333333,-0.055668871849775314,-0.0016896383855462844
COHFACE_s16_session3_natural,46,14,46.46666666666667,-0.21963895857334137,-0.0349987234557083
COHFACE_s16_session3_natural,46,15,46.5,-0.35394009947776794,-0.023461705137524255
COHFACE_s16_session3_natural,46,16,46.53333333333333,-0.4629775583744049,0.017711641378864093
COHFACE_s16_session3_natural,46,17,46.56666666666667,-0.5503730773925781,0.0540947900296775
COHFACE_s16_session3_natural,46,18,46.6,-0.6376355290412903,0.04480166599945762
COHFACE_s16_session3_natural,46,19,46.63333333333333,-0.7234050035476685,-0.03828505600277514
COHFACE_s16_session3_natural,46,20,46.666666666666664,-0.7894394397735596,-0.19438259296314947
COHFACE_s16_session3_natural,46,21,46.7,-0.8588443994522095,-0.3910884558293595
COHFACE_s16_session3_natural,46,22,46.733333333333334,-0.9328763484954834,-0.5774831110931158
COHFACE_s16_session3_natural,46,23,46.766666666666666,-1.0013351440429688,-0.7053639384405188
COHFACE_s16_session3_natural,46,24,46.8,-1.0739331245422363,-0.7469024776960289
COHFACE_s16_session3_natural,46,25,46.833333333333336,-1.1464425325393677,-0.7007714554409341
COHFACE_s16_session3_natural,46,26,46.86666666666667,-1.1926532983779907,-0.586580888680784
COHFACE_s16_session3_natural,46,27,46.9,-1.1213856935501099,-0.4333323114313139
COHFACE_s16_session3_natural,46,28,46.93333333333333,-0.6727297902107239,-0.2680265690667585
COHFACE_s16_session3_natural,46,29,46.96666666666667,0.17689310014247894,-0.10803539970766374
COHFACE_s16_session3_natural,46,30,47.0,0.9849321246147156,0.04101511732618401
COHFACE_s16_session3_natural,46,31,47.03333333333333,1.4166914224624634,0.18171429132260064
COHFACE_s16_session3_natural,46,32,47.06666666666667,1.5075757503509521,0.3180675735677191
COHFACE_s16_session3_natural,46,33,47.1,1.4253541231155396,0.4494349630047588
COHFACE_s16_session3_natural,46,34,47.13333333333333,1.2416934967041016,0.5681651172411877
COHFACE_s16_session3_natural,46,35,47.166666666666664,0.9729581475257874,0.6613836766563395
COHFACE_s16_session3_natural,46,36,47.2,0.7318369746208191,0.7155286468275169
COHFACE_s16_session3_natural,46,37,47.233333333333334,0.6153342127799988,0.7214838707900921
COHFACE_s16_session3_natural,46,38,47.266666666666666,0.5942983627319336,0.678189802607023
COHFACE_s16_session3_natural,46,39,47.3,0.5515614748001099,0.5932876394150871
COHFACE_s16_session3_natural,46,40,47.333333333333336,0.43361005187034607,0.4805840268679623
COHFACE_s16_session3_natural,46,41,47.36666666666667,0.26013466715812683,0.355544921996242
COHFACE_s16_session3_natural,46,42,47.4,0.06226778030395508,0.23101767996895414
COHFACE_s16_session3_natural,46,43,47.43333333333333,-0.12442336976528168,0.11519030114555717
COHFACE_s16_session3_natural,46,44,47.46666666666667,-0.28395864367485046,0.012316853047910737
COHFACE_s16_session3_natural,46,45,47.5,-0.4120362401008606,-0.07493872265823208
COHFACE_s16_session3_natural,46,46,47.53333333333333,-0.5174371600151062,-0.14341002721192528
COHFACE_s16_session3_natural,46,47,47.56666666666667,-0.6178710460662842,-0.18916361410620455
COHFACE_s16_session3_natural,46,48,47.6,-0.6995899677276611,-0.20968329986945944
COHFACE_s16_session3_natural,46,49,47.63333333333333,-0.7663044929504395,-0.20748221336849368
COHFACE_s16_session3_natural,46,50,47.666666666666664,-0.8369659185409546,-0.19234596058392564
COHFACE_s16_session3_natural,46,51,47.7,-0.9087804555892944,-0.17934926883458988
COHFACE_s16_session3_natural,46,52,47.733333333333334,-0.9685027003288269,-0.18238962891532795
COHFACE_s16_session3_natural,46,53,47.766666666666666,-1.026495337486267,-0.20638538102921253
COHFACE_s16_session3_natural,46,54,47.8,-1.0982803106307983,-0.24282480552932342
COHFACE_s16_session3_natural,46,55,47.833333333333336,-1.1726078987121582,-0.27189548309306916
COHFACE_s16_session3_natural,46,56,47.86666666666667,-1.2009612321853638,-0.27073874497520733
COHFACE_s16_session3_natural,46,57,47.9,-0.9951707720756531,-0.22382005767966978
COHFACE_s16_session3_natural,46,58,47.93333333333333,-0.32125547528266907,-0.13031788269002595
COHFACE_s16_session3_natural,46,59,47.96666666666667,0.6274265050888062,-0.005508574583941704
COHFACE_s16_session3_natural,46,60,48.0,1.3867268562316895,0.12315886158542894
COHFACE_s16_session3_natural,46,61,48.03333333333333,1.7391915321350098,0.22274412221328063
COHFACE_s16_session3_natural,46,62,48.06666666666667,1.7964894771575928,0.26311427121135145
COHFACE_s16_session3_natural,46,63,48.1,1.7365010976791382,0.22660743041672468
COHFACE_s16_session3_natural,46,64,48.13333333333333,1.6040329933166504,0.1162644929793491
COHFACE_s16_session3_natural,46,65,48.166666666666664,1.3508048057556152,-0.04244967701859603
COHFACE_s16_session3_natural,46,66,48.2,1.0742050409317017,-0.20920490369338116
COHFACE_s16_session3_natural,46,67,48.233333333333334,0.9138567447662354,-0.3428936787857392
COHFACE_s16_session3_natural,46,68,48.266666666666666,0.8284125328063965,-0.41521558123630903
COHFACE_s16_session3_natural,46,69,48.3,0.7416378855705261,-0.41727387382908576
COHFACE_s16_session3_natural,46,70,48.333333333333336,0.5974027514457703,-0.35799808511249204
COHFACE_s16_session3_natural,46,71,48.36666666666667,0.39980193972587585,-0.25809442774236613
COHFACE_s16_session3_natural,46,72,48.4,0.1830722838640213,-0.14339078395281915
COHFACE_s16_session3_natural,46,73,48.43333333333333,-0.022481633350253105,-0.03892887645210585
COHFACE_s16_session3_natural,46,74,48.46666666666667,-0.19917964935302734,0.036163390735870105
COHFACE_s16_session3_natural,46,75,48.5,-0.3519444465637207,0.07261274602482048
COHFACE_s16_session3_natural,46,76,48.53333333333333,-0.4776568114757538,0.07271531558112623
COHFACE_s16_session3_natural,46,77,48.56666666666667,-0.5813576579093933,0.048969111119986315
COHFACE_s16_session3_natural,46,78,48.6,-0.6813628673553467,0.019901759624130908
COHFACE_s16_session3_natural,46,79,48.63333333333333,-0.7733410596847534,0.004480949290178317
COHFACE_s16_session3_natural,46,80,48.666666666666664,-0.8630574941635132,0.016712084772327957
COHFACE_s16_session3_natural,46,81,48.7,-0.9547695517539978,0.061751138294586526
COHFACE_s16_session3_natural,46,82,48.733333333333334,-1.037257194519043,0.13465749061033236
COHFACE_s16_session3_natural,46,83,48.766666666666666,-1.104607343673706,0.22238528699014906
COHFACE_s16_session3_natural,46,84,48.8,-1.1761558055877686,0.30841545121744873
COHFACE_s16_session3_natural,46,85,48.833333333333336,-1.2525825500488281,0.37829191514158367
COHFACE_s16_session3_natural,46,86,48.86666666666667,-1.2861393690109253,0.4240648356327581
COHFACE_s16_session3_natural,46,87,48.9,-1.0794323682785034,0.4461321302009558
COHFACE_s16_session3_natural,46,88,48.93333333333333,-0.40925708413124084,0.4517677494475932
COHFACE_s16_session3_natural,46,89,48.96666666666667,0.5373848676681519,0.45069230087957607
COHFACE_s16_session3_natural,46,90,49.0,1.3097827434539795,0.449305003193447
COHFACE_s16_session3_natural,46,91,49.03333333333333,1.6832094192504883,0.4460955722860825
COHFACE_s16_session3_natural,46,92,49.06666666666667,1.7820320129394531,0.43060540453905766
COHFACE_s16_session3_natural,46,93,49.1,1.7796962261199951,0.3867714572442331
COHFACE_s16_session3_natural,46,94,49.13333333333333,1.705058217048645,0.29915366983330866
COHFACE_s16_session3_natural,46,95,49.166666666666664,1.4937539100646973,0.15917843337767193
COHFACE_s16_session3_natural,46,96,49.2,1.2201993465423584,-0.030800658844378645
COHFACE_s16_session3_natural,46,97,49.233333333333334,1.0085992813110352,-0.2563334618523886
COHFACE_s16_session3_natural,46,98,49.266666666666666,0.8784077763557434,-0.4925515777294104
COHFACE_s16_session3_natural,46,99,49.3,0.7734799385070801,-0.7085063222768274
COHFACE_s16_session3_natural,46,100,49.333333333333336,0.6344335079193115,-0.8736209578031542
COHFACE_s16_session3_natural,46,101,49.36666666666667,0.43531009554862976,-0.9649284339450501
COHFACE_s16_session3_natural,46,102,49.4,0.21278558671474457,-0.9729667470716988
COHFACE_s16_session3_natural,46,103,49.43333333333333,0.0014811785658821464,-0.9041465203021803
COHFACE_s16_session3_natural,46,104,49.46666666666667,-0.1701611429452896,-0.7784809966235537
COHFACE_s16_session3_natural,46,105,49.5,-0.3275529146194458,-0.6231964364693288
COHFACE_s16_session3_natural,46,106,49.53333333333333,-0.4716254472732544,-0.4641603314421378
COHFACE_s16_session3_natural,46,107,49.56666666666667,-0.5826733708381653,-0.318161220322072
COHFACE_s16_session3_natural,46,108,49.6,-0.6868177056312561,-0.18949932875916034
COHFACE_s16_session3_natural,46,109,49.63333333333333,-0.7982795238494873,-0.07280814641773198
COHFACE_s16_session3_natural,46,110,49.666666666666664,-0.8999403715133667,0.039589630411080726
COHFACE_s16_session3_natural,46,111,49.7,-0.9838619828224182,0.1503955372273284
COHFACE_s16_session3_natural,46,112,49.733333333333334,-1.0630383491516113,0.2543443290066087
COHFACE_s16_session3_natural,46,113,49.766666666666666,-1.1267223358154297,0.34078923697624786
COHFACE_s16_session3_natural,46,114,49.8,-1.198462963104248,0.39995263645068585
COHFACE_s16_session3_natural,46,115,49.833333333333336,-1.2774914503097534,0.42916611627556406
COHFACE_s16_session3_natural,46,116,49.86666666666667,-1.333651065826416,0.4357048570391007
COHFACE_s16_session3_natural,46,117,49.9,-1.2445406913757324,0.4347138753284292
COHFACE_s16_session3_natural,46,118,49.93333333333333,-0.752246081829071,0.44316308728523085
COHFACE_s16_session3_natural,46,119,49.96666666666667,0.13625536859035492,0.4726346918083165
COHFACE_s16_session3_natural,46,120,50.0,0.9891452193260193,0.524224487803533
COHFACE_s16_session3_natural,46,121,50.03333333333333,1.4781581163406372,0.5876780461636336
COHFACE_s16_session3_natural,46,122,50.06666666666667,1.6457794904708862,0.6446812221699241
COHFACE_s16_session3_natural,46,123,50.1,1.674191951751709,0.6744466951557183
COHFACE_s16_session3_natural,46,124,50.13333333333333,1.6340420246124268,0.6594665654569581
COHFACE_s16_session3_natural,46,125,50.166666666666664,1.4808189868927002,0.5901463871282034
COHFACE_s16_session3_natural,46,126,50.2,1.2230819463729858,0.46791771838395585
COHFACE_s16_session3_natural,46,127,50.233333333333334,0.9916730523109436,0.30659318349088355
COHFACE_s16_session3_natural,46,128,50.266666666666666,0.853232741355896,0.13121694054464392
COHFACE_s16_session3_natural,46,129,50.3,0.7544545531272888,-0.026589436998477746
COHFACE_s16_session3_natural,46,130,50.333333333333336,0.6329552531242371,-0.13689299355321943
COHFACE_s16_session3_natural,46,131,50.36666666666667,0.4592876732349396,-0.18151026546472784
COHFACE_s16_session3_natural,46,132,50.4,0.26347556710243225,-0.16210707102279276
COHFACE_s16_session3_natural,46,133,50.43333333333333,0.06710173934698105,-0.10207756393414733
COHFACE_s16_session3_natural,46,134,50.46666666666667,-0.11379458010196686,-0.039837402151334494
COHFACE_s16_session3_natural,46,135,50.5,-0.2730046212673187,-0.015108139163215344
COHFACE_s16_session3_natural,46,136,50.53333333333333,-0.41100144386291504,-0.05392502639721535
COHFACE_s16_session3_natural,46,137,50.56666666666667,-0.5332842469215393,-0.15954358637104957
COHFACE_s16_session3_natural,46,138,50.6,-0.6283667683601379,-0.31359157908512686
COHFACE_s16_session3_natural,46,139,50.63333333333333,-0.7236562967300415,-0.4865551176487814
COHFACE_s16_session3_natural,46,140,50.666666666666664,-0.8235136270523071,-0.6521663647843843
COHFACE_s16_session3_natural,46,141,50.7,-0.9090021848678589,-0.7984539458025118
COHFACE_s16_session3_natural,46,142,50.733333333333334,-0.9896715879440308,-0.9297463416532126
COHFACE_s16_session3_natural,46,143,50.766666666666666,-1.0704740285873413,-1.0582897845787422
COHFACE_s16_session3_natural,46,144,50.8,-1.13770592212677,-1.1896154869651048
COHFACE_s16_session3_natural,46,145,50.833333333333336,-1.1965559720993042,-1.3095880629287984
COHFACE_s16_session3_natural,46,146,50.86666666666667,-1.2562042474746704,-1.3809173427338377
COHFACE_s16_session3_natural,46,147,50.9,-1.2746975421905518,-1.35252564273897
COHFACE_s16_session3_natural,46,148,50.93333333333333,-1.0547451972961426,-1.178570279292522
COHFACE_s16_session3_natural,46,149,50.96666666666667,-0.39425262808799744,-0.8390882377382975
COHFACE_s16_session3_natural,46,150,51.0,0.46849730610847473,-0.3538171008296778
COHFACE_s16_session3_natural,46,151,51.03333333333333,1.1100088357925415,0.21661849696553717
COHFACE_s16_session3_natural,46,152,51.06666666666667,1.3921372890472412,0.7843013975414539
COHFACE_s16_session3_natural,46,153,51.1,1.4553778171539307,1.2591419633288872
COHFACE_s16_session3_natural,46,154,51.13333333333333,1.4471882581710815,1.5757504071059056
COHFACE_s16_session3_natural,46,155,51.166666666666664,1.3458526134490967,1.710147963170742
COHFACE_s16_session3_natural,46,156,51.2,1.1288421154022217,1.6801445554794057
COHFACE_s16_session3_natural,46,157,51.233333333333334,0.9011583924293518,1.5320421338311134
COHFACE_s16_session3_natural,46,158,51.266666666666666,0.765068531036377,1.3215650863730264
COHFACE_s16_session3_natural,46,159,51.3,0.6901052594184875,1.0970617957186437
COHFACE_s16_session3_natural,46,160,51.333333333333336,0.6061984896659851,0.8899202855870271
COHFACE_s16_session3_natural,46,161,51.36666666666667,0.4691034257411957,0.7129919781299625
COHFACE_s16_session3_natural,46,162,51.4,0.281747043132782,0.5645128397512195
COHFACE_s16_session3_natural,46,163,51.43333333333333,0.09252803772687912,0.4337890423524141
COHFACE_s16_session3_natural,46,164,51.46666666666667,-0.08110995590686798,0.30589658894764077
COHFACE_s16_session3_natural,46,165,51.5,-0.23375646770000458,0.16474142626772156
COHFACE_s16_session3_natural,46,166,51.53333333333333,-0.3648201823234558,-0.004448130735924833
COHFACE_s16_session3_natural,46,167,51.56666666666667,-0.46708714962005615,-0.21175695454581778
COHFACE_s16_session3_natural,46,168,51.6,-0.5578975081443787,-0.45797614410497833
COHFACE_s16_session3_natural,46,169,51.63333333333333,-0.6475843191146851,-0.7299952897074431
COHFACE_s16_session3_natural,46,170,51.666666666666664,-0.7331911325454712,-0.9984929765078023
COHFACE_s16_session3_natural,46,171,51.7,-0.8176892399787903,-1.2202469343268663
COHFACE_s16_session3_natural,46,172,51.733333333333334,-0.8901985883712769,-1.3463443527176302
COHFACE_s16_session3_natural,46,173,51.766666666666666,-0.9608304500579834,-1.3356030678208224
COHFACE_s16_session3_natural,46,174,51.8,-1.0363259315490723,-1.1698988004062514
COHFACE_s16_session3_natural,46,175,51.833333333333336,-1.1093378067016602,-0.8652716294386887
COHFACE_s16_session3_natural,46,176,51.86666666666667,-1.1784766912460327,-0.47151303306740167
COHFACE_s16_session3_natural,46,177,51.9,-1.2268457412719727,-0.05720067217985959
COHFACE_s16_session3_natural,46,178,51.93333333333333,-1.133226752281189,0.3133342195095424
COHFACE_s16_session3_natural,46,179,51.96666666666667,-0.6564983129501343,0.5984036281447479
COHFACE_s16_session3_natural,46,180,52.0,0.10927687585353851,0.7839578329320745
COHFACE_s16_session3_natural,46,181,52.03333333333333,0.7686015963554382,0.876134299775108
COHFACE_s16_session3_natural,46,182,52.06666666666667,1.0945608615875244,0.8892771079455127
COHFACE_s16_session3_natural,46,183,52.1,1.1660058498382568,0.837456392582109
COHFACE_s16_session3_natural,46,184,52.13333333333333,1.1438021659851074,0.7320855950920747
COHFACE_s16_session3_natural,46,185,52.166666666666664,1.023589015007019,0.5827720688922663
COHFACE_s16_session3_natural,46,186,52.2,0.8048340678215027,0.39769109134201247
COHFACE_s16_session3_natural,46,187,52.233333333333334,0.5918887853622437,0.18272411726673457
COHFACE_s16_session3_natural,46,188,52.266666666666666,0.4895775020122528,-0.05835707512621327
COHFACE_s16_session3_natural,46,189,52.3,0.4545276463031769,-0.32013526203879444
COHFACE_s16_session3_natural,46,190,52.333333333333336,0.3918488323688507,-0.588739557884549
COHFACE_s16_session3_natural,46,191,52.36666666666667,0.2768835127353668,-0.8363153117574345
COHFACE_s16_session3_natural,46,192,52.4,0.11779173463582993,-1.022356754237139
COHFACE_s16_session3_natural,46,193,52.43333333333333,-0.050184477120637894,-1.104581738656651
COHFACE_s16_session3_natural,46,194,52.46666666666667,-0.21758416295051575,-1.056039617817563
COHFACE_s16_session3_natural,46,195,52.5,-0.3683532774448395,-0.8798008699702923
COHFACE_s16_session3_natural,46,196,52.53333333333333,-0.4770507216453552,-0.6119346318772092
COHFACE_s16_session3_natural,46,197,52.56666666666667,-0.5719854235649109,-0.3093334891782477
COHFACE_s16_session3_natural,46,198,52.6,-0.6612731218338013,-0.028600481768559692
COHFACE_s16_session3_natural,46,199,52.63333333333333,-0.7424451112747192,0.19207375804741764
COHFACE_s16_session3_natural,46,200,52.666666666666664,-0.8125744462013245,0.3395162716935863
COHFACE_s16_session3_natural,46,201,52.7,-0.8837680816650391,0.4205451548741521
COHFACE_s16_session3_natural,46,202,52.733333333333334,-0.9512956142425537,0.4513844269939484
COHFACE_s16_session3_natural,46,203,52.766666666666666,-1.0208631753921509,0.44842015474061253
COHFACE_s16_session3_natural,46,204,52.8,-1.0921602249145508,0.4237270558900344
COHFACE_s16_session3_natural,46,205,52.833333333333336,-1.1567164659500122,0.384741846946733
COHFACE_s16_session3_natural,46,206,52.86666666666667,-1.2192622423171997,0.3359301194006984
COHFACE_s16_session3_natural,46,207,52.9,-1.22711181640625,0.2809251679304139
COHFACE_s16_session3_natural,46,208,52.93333333333333,-1.0085195302963257,0.22451034591427318
COHFACE_s16_session3_natural,46,209,52.96666666666667,-0.38270729780197144,0.17404872732312326
COHFACE_s16_session3_natural,46,210,53.0,0.40197500586509705,0.13966615387107983
COHFACE_s16_session3_natural,46,211,53.03333333333333,0.9556770920753479,0.13243419350914348
COHFACE_s16_session3_natural,46,212,53.06666666666667,1.1738998889923096,0.1605655934894122
COHFACE_s16_session3_natural,46,213,53.1,1.2179375886917114,0.22488406100659653
COHFACE_s16_session3_natural,46,214,53.13333333333333,1.191358208656311,0.3157443300865665
COHFACE_s16_session3_natural,46,215,53.166666666666664,1.0676414966583252,0.4135200636268578
COHFACE_s16_session3_natural,46,216,53.2,0.8564997315406799,0.49349971708996826
COHFACE_s16_session3_natural,46,217,53.233333333333334,0.6579380631446838,0.5337916017128687
COHFACE_s16_session3_natural,46,218,53.266666666666666,0.5620129108428955,0.5227107573888691
COHFACE_s16_session3_natural,46,219,53.3,0.5030445456504822,0.46196864258137077
COHFACE_s16_session3_natural,46,220,53.333333333333336,0.4277708828449249,0.36449969492835477
COHFACE_s16_session3_natural,46,221,53.36666666666667,0.3032263517379761,0.24887517523737834
COHFACE_s16_session3_natural,46,222,53.4,0.13353534042835236,0.13345674491464216
COHFACE_s16_session3_natural,46,223,53.43333333333333,-0.04042787477374077,0.03222279604672601
COHFACE_s16_session3_natural,46,224,53.46666666666667,-0.19946052134037018,-0.04801059504428445
COHFACE_s16_session3_natural,46,225,53.5,-0.3366442918777466,-0.10992442793623379
COHFACE_s16_session3_natural,46,226,53.53333333333333,-0.44914090633392334,-0.16670428060348746
COHFACE_s16_session3_natural,46,227,53.56666666666667,-0.5475643277168274,-0.23909089057455474
COHFACE_s16_session3_natural,46,228,53.6,-0.6322694420814514,-0.34702941694491457
COHFACE_s16_session3_natural,46,229,53.63333333333333,-0.7211875915527344,-0.4982359858574383
COHFACE_s16_session3_natural,46,230,53.666666666666664,-0.8220353722572327,-0.6795917550732259
COHFACE_s16_session3_natural,46,231,53.7,-0.904035210609436,-0.857354283377749
COHFACE_s16_session3_natural,46,232,53.733333333333334,-0.9710305333137512,-0.9876768702518041
COHFACE_s16_session3_natural,46,233,53.766666666666666,-1.0313589572906494,-1.0331058953783832
COHFACE_s16_session3_natural,46,234,53.8,-1.0893219709396362,-0.9775717412504275
COHFACE_s16_session3_natural,46,235,53.833333333333336,-1.154646873474121,-0.8327809159042923
COHFACE_s16_session3_natural,46,236,53.86666666666667,-1.213437795639038,-0.6321955367683425
COHFACE_s16_session3_natural,46,237,53.9,-1.251858115196228,-0.41473380856904196
COHFACE_s16_session3_natural,46,238,53.93333333333333,-1.1752983331680298,-0.20694236992061352
COHFACE_s16_session3_natural,46,239,53.96666666666667,-0.7138996720314026,-0.014325207784849449
COHFACE_s16_session3_natural,47,0,47.0,0.9849321246147156,0.035559595846183366
COHFACE_s16_session3_natural,47,1,47.03333333333333,1.4166914224624634,-0.24719423848607636
COHFACE_s16_session3_natural,47,2,47.06666666666667,1.5075757503509521,-0.4664647957081768
COHFACE_s16_session3_natural,47,3,47.1,1.4253541231155396,-0.5789590452665573
COHFACE_s16_session3_natural,47,4,47.13333333333333,1.2416934967041016,-0.5758633651855262
COHFACE_s16_session3_natural,47,5,47.166666666666664,0.9729581475257874,-0.482032131143225
COHFACE_s16_session3_natural,47,6,47.2,0.7318369746208191,-0.3423219771849008
COHFACE_s16_session3_natural,47,7,47.233333333333334,0.6153342127799988,-0.20302702177089568
COHFACE_s16_session3_natural,47,8,47.266666666666666,0.5942983627319336,-0.09728222334508775
COHFACE_s16_session3_natural,47,9,47.3,0.5515614748001099,-0.03909950444430007
COHFACE_s16_session3_natural,47,10,47.333333333333336,0.43361005187034607,-0.025582756156252346
COHFACE_s16_session3_natural,47,11,47.36666666666667,0.26013466715812683,-0.04367060169815796
COHFACE_s16_session3_natural,47,12,47.4,0.06226778030395508,-0.077345385283632
COHFACE_s16_session3_natural,47,13,47.43333333333333,-0.12442336976528168,-0.11275369674810772
COHFACE_s16_session3_natural,47,14,47.46666666666667,-0.28395864367485046,-0.1405704321769439
COHFACE_s16_session3_natural,47,15,47.5,-0.4120362401008606,-0.15620509273705813
COHFACE_s16_session3_natural,47,16,47.53333333333333,-0.5174371600151062,-0.15884979761205273
COHFACE_s16_session3_natural,47,17,47.56666666666667,-0.6178710460662842,-0.15028780187953614
COHFACE_s16_session3_natural,47,18,47.6,-0.6995899677276611,-0.13417610192120413
COHFACE_s16_session3_natural,47,19,47.63333333333333,-0.7663044929504395,-0.11592531319918584
COHFACE_s16_session3_natural,47,20,47.666666666666664,-0.8369659185409546,-0.10231088051663012
COHFACE_s16_session3_natural,47,21,47.7,-0.9087804555892944,-0.0995719652076309
COHFACE_s16_session3_natural,47,22,47.733333333333334,-0.9685027003288269,-0.10978337904842037
COHFACE_s16_session3_natural,47,23,47.766666666666666,-1.026495337486267,-0.12711122562215182
COHFACE_s16_session3_natural,47,24,47.8,-1.0982803106307983,-0.13677465086819426
COHFACE_s16_session3_natural,47,25,47.833333333333336,-1.1726078987121582,-0.11887291994697559
COHFACE_s16_session3_natural,47,26,47.86666666666667,-1.2009612321853638,-0.05657201502473456
COHFACE_s16_session3_natural,47,27,47.9,-0.9951707720756531,0.054923874968030924
COHFACE_s16_session3_natural,47,28,47.93333333333333,-0.32125547528266907,0.2034772770485309
COHFACE_s16_session3_natural,47,29,47.96666666666667,0.6274265050888062,0.36220113642517965
COHFACE_s16_session3_natural,47,30,48.0,1.3867268562316895,0.497547982777807
COHFACE_s16_session3_natural,47,31,48.03333333333333,1.7391915321350098,0.57921442435216
COHFACE_s16_session3_natural,47,32,48.06666666666667,1.7964894771575928,0.5884545496930521
COHFACE_s16_session3_natural,47,33,48.1,1.7365010976791382,0.5233257873950361
COHFACE_s16_session3_natural,47,34,48.13333333333333,1.6040329933166504,0.39976420921740774
COHFACE_s16_session3_natural,47,35,48.166666666666664,1.3508048057556152,0.24729175588985589
COHFACE_s16_session3_natural,47,36,48.2,1.0742050409317017,0.09968817853160156
COHFACE_s16_session3_natural,47,37,48.233333333333334,0.9138567447662354,-0.016164825280024154
COHFACE_s16_session3_natural,47,38,48.266666666666666,0.8284125328063965,-0.08799509312953216
COHFACE_s16_session3_natural,47,39,48.3,0.7416378855705261,-0.11855177515233495
COHFACE_s16_session3_natural,47,40,48.333333333333336,0.5974027514457703,-0.11982837795137137
COHFACE_s16_session3_natural,47,41,48.36666666666667,0.39980193972587585,-0.10606327567227036
COHFACE_s16_session3_natural,47,42,48.4,0.1830722838640213,-0.08944431272537649
COHFACE_s16_session3_natural,47,43,48.43333333333333,-0.022481633350253105,-0.07886177398461137
COHFACE_s16_session3_natural,47,44,48.46666666666667,-0.19917964935302734,-0.08001032892164464
COHFACE_s16_session3_natural,47,45,48.5,-0.3519444465637207,-0.09540351069497614
COHFACE_s16_session3_natural,47,46,48.53333333333333,-0.4776568114757538,-0.12409191369144203
COHFACE_s16_session3_natural,47,47,48.56666666666667,-0.5813576579093933,-0.1616945303295067
COHFACE_s16_session3_natural,47,48,48.6,-0.6813628673553467,-0.20117840236174986
COHFACE_s16_session3_natural,47,49,48.63333333333333,-0.7733410596847534,-0.2343082029953086
COHFACE_s16_session3_natural,47,50,48.666666666666664,-0.8630574941635132,-0.2535411670413697
COHFACE_s16_session3_natural,47,51,48.7,-0.9547695517539978,-0.2539499853451291
COHFACE_s16_session3_natural,47,52,48.733333333333334,-1.037257194519043,-0.2342155481410414
COHFACE_s16_session3_natural,47,53,48.766666666666666,-1.104607343673706,-0.19583094761148315
COHFACE_s16_session3_natural,47,54,48.8,-1.1761558055877686,-0.1409943118467981
COHFACE_s16_session3_natural,47,55,48.833333333333336,-1.2525825500488281,-0.07090111222282078
COHFACE_s16_session3_natural,47,56,48.86666666666667,-1.2861393690109253,0.014141351705393953
COHFACE_s16_session3_natural,47,57,48.9,-1.0794323682785034,0.11274759935671853
COHFACE_s16_session3_natural,47,58,48.93333333333333,-0.40925708413124084,0.2198774512841479
COHFACE_s16_session3_natural,47,59,48.96666666666667,0.5373848676681519,0.32533606179568975
COHFACE_s16_session3_natural,47,60,49.0,1.3097827434539795,0.4145236492948616
COHFACE_s16_session3_natural,47,61,49.03333333333333,1.6832094192504883,0.4714142098248226
COHFACE_s16_session3_natural,47,62,49.06666666666667,1.7820320129394531,0.4825054990725281
COHFACE_s16_session3_natural,47,63,49.1,1.7796962261199951,0.44003187149405665
COHFACE_s16_session3_natural,47,64,49.13333333333333,1.705058217048645,0.3434120620082825
COHFACE_s16_session3_natural,47,65,49.166666666666664,1.4937539100646973,0.19906874320127455
COHFACE_s16_session3_natural,47,66,49.2,1.2201993465423584,0.019472601624814876
COHFACE_s16_session3_natural,47,67,49.233333333333334,1.0085992813110352,-0.1778863205406842
COHFACE_s16_session3_natural,47,68,49.266666666666666,0.8784077763557434,-0.371697877139736
COHFACE_s16_session3_natural,47,69,49.3,0.7734799385070801,-0.53902903759452
COHFACE_s16_session3_natural,47,70,49.333333333333336,0.6344335079193115,-0.6592341243383592
COHFACE_s16_session3_natural,47,71,49.36666666666667,0.43531009554862976,-0.7190097983326229
COHFACE_s16_session3_natural,47,72,49.4,0.21278558671474457,-0.7162699396265302
COHFACE_s16_session3_natural,47,73,49.43333333333333,0.0014811785658821464,-0.6601741921899068
COHFACE_s16_session3_natural,47,74,49.46666666666667,-0.1701611429452896,-0.5667155998803072
COHFACE_s16_session3_natural,47,75,49.5,-0.3275529146194458,-0.4520983731859113
COHFACE_s16_session3_natural,47,76,49.53333333333333,-0.4716254472732544,-0.3274137929176153
COHFACE_s16_session3_natural,47,77,49.56666666666667,-0.5826733708381653,-0.19717871607633222
COHFACE_s16_session3_natural,47,78,49.6,-0.6868177056312561,-0.06192418054318673
COHFACE_s16_session3_natural,47,79,49.63333333333333,-0.7982795238494873,0.0772426966570904
COHFACE_s16_session3_natural,47,80,49.666666666666664,-0.8999403715133667,0.21501588639019945
COHFACE_s16_session3_natural,47,81,49.7,-0.9838619828224182,0.34131712116365076
COHFACE_s16_session3_natural,47,82,49.733333333333334,-1.0630383491516113,0.44409944992362416
COHFACE_s16_session3_natural,47,83,49.766666666666666,-1.1267223358154297,0.5140931583460939
COHFACE_s16_session3_natural,47,84,49.8,-1.198462963104248,0.5491468897033017
COHFACE_s16_session3_natural,47,85,49.833333333333336,-1.2774914503097534,0.5559785088227266
COHFACE_s16_session3_natural,47,86,49.86666666666667,-1.333651065826416,0.548194142424147
COHFACE_s16_session3_natural,47,87,49.9,-1.2445406913757324,0.5410357612356702
COHFACE_s16_session3_natural,47,88,49.93333333333333,-0.752246081829071,0.5449160018660076
COHFACE_s16_session3_natural,47,89,49.96666666666667,0.13625536859035492,0.5605524347076205
COHFACE_s16_session3_natural,47,90,50.0,0.9891452193260193,0.5778940247945661
COHFACE_s16_session3_natural,47,91,50.03333333333333,1.4781581163406372,0.5793488315317835
COHFACE_s16_session3_natural,47,92,50.06666666666667,1.6457794904708862,0.545953950877062
COHFACE_s16_session3_natural,47,93,50.1,1.674191951751709,0.46407886621697764
COHFACE_s16_session3_natural,47,94,50.13333333333333,1.6340420246124268,0.33047657341366693
COHFACE_s16_session3_natural,47,95,50.166666666666664,1.4808189868927002,0.15442916624474892
COHFACE_s16_session3_natural,47,96,50.2,1.2230819463729858,-0.04338182520392539
COHFACE_s16_session3_natural,47,97,50.233333333333334,0.9916730523109436,-0.23492338042172498
COHFACE_s16_session3_natural,47,98,50.266666666666666,0.853232741355896,-0.3907609408151701
COHFACE_s16_session3_natural,47,99,50.3,0.7544545531272888,-0.4865572811041123
COHFACE_s16_session3_natural,47,100,50.333333333333336,0.6329552531242371,-0.508886695657913
COHFACE_s16_session3_natural,47,101,50.36666666666667,0.4592876732349396,-0.4592785384463162
COHFACE_s16_session3_natural,47,102,50.4,0.26347556710243225,-0.35528732998409296
COHFACE_s16_session3_natural,47,103,50.43333333333333,0.06710173934698105,-0.22746385205509873
COHFACE_s16_session3_natural,47,104,50.46666666666667,-0.11379458010196686,-0.11201238439562738
COHFACE_s16_session3_natural,47,105,50.5,-0.2730046212673187,-0.04079172216725295
COHFACE_s16_session3_natural,47,106,50.53333333333333,-0.41100144386291504,-0.032322782900168684
COHFACE_s16_session3_natural,47,107,50.56666666666667,-0.5332842469215393,-0.08777941364415388
COHFACE_s16_session3_natural,47,108,50.6,-0.6283667683601379,-0.19362478414095574
COHFACE_s16_session3_natural,47,109,50.63333333333333,-0.7236562967300415,-0.3291686235867997
COHFACE_s16_session3_natural,47,110,50.666666666666664,-0.8235136270523071,-0.4751211838557669
COHFACE_s16_session3_natural,47,111,50.7,-0.9090021848678589,-0.6191330239401909
COHFACE_s16_session3_natural,47,112,50.733333333333334,-0.9896715879440308,-0.7560336173998222
COHFACE_s16_session3_natural,47,113,50.766666666666666,-1.0704740285873413,-0.8830114996543917
COHFACE_s16_session3_natural,47,114,50.8,-1.13770592212677,-0.9922496172459395
COHFACE_s16_session3_natural,47,115,50.833333333333336,-1.1965559720993042,-1.0649983988895706
COHFACE_s16_session3_natural,47,116,50.86666666666667,-1.2562042474746704,-1.0712275555298678
COHFACE_s16_session3_natural,47,117,50.9,-1.2746975421905518,-0.9769615870969126
COHFACE_s16_session3_natural,47,118,50.93333333333333,-1.0547451972961426,-0.7573957467663982
COHFACE_s16_session3_natural,47,119,50.96666666666667,-0.39425262808799744,-0.41037754290713446
COHFACE_s16_session3_natural,47,120,51.0,0.46849730610847473,0.03585802585378503
COHFACE_s16_session3_natural,47,121,51.03333333333333,1.1100088357925415,0.524904061115635
COHFACE_s16_session3_natural,47,122,51.06666666666667,1.3921372890472412,0.9851738363901648
COHFACE_s16_session3_natural,47,123,51.1,1.4553778171539307,1.3499001391287717
COHFACE_s16_session3_natural,47,124,51.13333333333333,1.4471882581710815,1.5759104822947125
COHFACE_s16_session3_natural,47,125,51.166666666666664,1.3458526134490967,1.6525770500722274
COHFACE_s16_session3_natural,47,126,51.2,1.1288421154022217,1.597920377241143
COHFACE_s16_session3_natural,47,127,51.233333333333334,0.9011583924293518,1.4460700653788985
COHFACE_s16_session3_natural,47,128,51.266666666666666,0.765068531036377,1.233679518632999
COHFACE_s16_session3_natural,47,129,51.3,0.6901052594184875,0.9912398960417796
COHFACE_s16_session3_natural,47,130,51.333333333333336,0.6061984896659851,0.7407237848880807
COHFACE_s16_session3_natural,47,131,51.36666666666667,0.4691034257411957,0.4970827333385474
COHFACE_s16_session3_natural,47,132,51.4,0.281747043132782,0.27021056816198225
COHFACE_s16_session3_natural,47,133,51.43333333333333,0.09252803772687912,0.06551401011246649
COHFACE_s16_session3_natural,47,134,51.46666666666667,-0.08110995590686798,-0.11671351518550219
COHFACE_s16_session3_natural,47,135,51.5,-0.23375646770000458,-0.28159011841975146
COHFACE_s16_session3_natural,47,136,51.53333333333333,-0.3648201823234558,-0.43799012500190404
COHFACE_s16_session3_natural,47,137,51.56666666666667,-0.46708714962005615,-0.5944308170621359
COHFACE_s16_session3_natural,47,138,51.6,-0.5578975081443787,-0.7536917500372887
COHFACE_s16_session3_natural,47,139,51.63333333333333,-0.6475843191146851,-0.9084087175603077
COHFACE_s16_session3_natural,47,140,51.666666666666664,-0.7331911325454712,-1.0395867470238487
COHFACE_s16_session3_natural,47,141,51.7,-0.8176892399787903,-1.1190161285153633
COHFACE_s16_session3_natural,47,142,51.733333333333334,-0.8901985883712769,-1.11578327193912
COHFACE_s16_session3_natural,47,143,51.766666666666666,-0.9608304500579834,-1.006171861766383
COHFACE_s16_session3_natural,47,144,51.8,-1.0363259315490723,-0.7846819122505319
COHFACE_s16_session3_natural,47,145,51.833333333333336,-1.1093378067016602,-0.4717674223640244
COHFACE_s16_session3_natural,47,146,51.86666666666667,-1.1784766912460327,-0.11278006365741149
COHFACE_s16_session3_natural,47,147,51.9,-1.2268457412719727,0.2344087751509003
COHFACE_s16_session3_natural,47,148,51.93333333333333,-1.133226752281189,0.5184121522968677
COHFACE_s16_session3_natural,47,149,51.96666666666667,-0.6564983129501343,0.709948389304144
COHFACE_s16_session3_natural,47,150,52.0,0.10927687585353851,0.8061256405272416
COHFACE_s16_session3_natural,47,151,52.03333333333333,0.7686015963554382,0.8228121312258465
COHFACE_s16_session3_natural,47,152,52.06666666666667,1.0945608615875244,0.7813773478951077
COHFACE_s16_session3_natural,47,153,52.1,1.1660058498382568,0.6979888711455049
COHFACE_s16_session3_natural,47,154,52.13333333333333,1.1438021659851074,0.5798896172874788
COHFACE_s16_session3_natural,47,155,52.166666666666664,1.023589015007019,0.4276507396598836
COHFACE_s16_session3_natural,47,156,52.2,0.8048340678215027,0.23975675212159833
COHFACE_s16_session3_natural,47,157,52.233333333333334,0.5918887853622437,0.01669189102655474
COHFACE_s16_session3_natural,47,158,52.266666666666666,0.4895775020122528,-0.23599804832115048
COHFACE_s16_session3_natural,47,159,52.3,0.4545276463031769,-0.5047753469875064
COHFACE_s16_session3_natural,47,160,52.333333333333336,0.3918488323688507,-0.7651792693186867
COHFACE_s16_session3_natural,47,161,52.36666666666667,0.2768835127353668,-0.9808904761227829
COHFACE_s16_session3_natural,47,162,52.4,0.11779173463582993,-1.1081530954994951
COHFACE_s16_session3_natural,47,163,52.43333333333333,-0.050184477120637894,-1.1074165774430051
COHFACE_s16_session3_natural,47,164,52.46666666666667,-0.21758416295051575,-0.9594838441590127
COHFACE_s16_session3_natural,47,165,52.5,-0.3683532774448395,-0.6786578396720092
COHFACE_s16_session3_natural,47,166,52.53333333333333,-0.4770507216453552,-0.31429369257597956
COHFACE_s16_session3_natural,47,167,52.56666666666667,-0.5719854235649109,0.06276669923905144
COHFACE_s16_session3_natural,47,168,52.6,-0.6612731218338013,0.38310487797133563
COHFACE_s16_session3_natural,47,169,52.63333333333333,-0.7424451112747192,0.5992318991198584
COHFACE_s16_session3_natural,47,170,52.666666666666664,-0.8125744462013245,0.6947255826702774
COHFACE_s16_session3_natural,47,171,52.7,-0.8837680816650391,0.6809361018750328
COHFACE_s16_session3_natural,47,172,52.733333333333334,-0.9512956142425537,0.5863818006788359
COHFACE_s16_session3_natural,47,173,52.766666666666666,-1.0208631753921509,0.4454109290138788
COHFACE_s16_session3_natural,47,174,52.8,-1.0921602249145508,0.29018625954038973
COHFACE_s16_session3_natural,47,175,52.833333333333336,-1.1567164659500122,0.14655006944249718
COHFACE_s16_session3_natural,47,176,52.86666666666667,-1.2192622423171997,0.03253556268618769
COHFACE_s16_session3_natural,47,177,52.9,-1.22711181640625,-0.041661436496073845
COHFACE_s16_session3_natural,47,178,52.93333333333333,-1.0085195302963257,-0.07278928354025585
COHFACE_s16_session3_natural,47,179,52.96666666666667,-0.38270729780197144,-0.0629072170327856
COHFACE_s16_session3_natural,47,180,53.0,0.40197500586509705,-0.017386573352671256
COHFACE_s16_session3_natural,47,181,53.03333333333333,0.9556770920753479,0.05667814074889484
COHFACE_s16_session3_natural,47,182,53.06666666666667,1.1738998889923096,0.15086607098845298
COHFACE_s16_session3_natural,47,183,53.1,1.2179375886917114,0.25463676221426895
COHFACE_s16_session3_natural,47,184,53.13333333333333,1.191358208656311,0.35461713646110293
COHFACE_s16_session3_natural,47,185,53.166666666666664,1.0676414966583252,0.4357669704699802
COHFACE_s16_session3_natural,47,186,53.2,0.8564997315406799,0.48510826939424023
COHFACE_s16_session3_natural,47,187,53.233333333333334,0.6579380631446838,0.4965242599846048
COHFACE_s16_session3_natural,47,188,53.266666666666666,0.5620129108428955,0.47348365722934754
COHFACE_s16_session3_natural,47,189,53.3,0.5030445456504822,0.427162431419581
COHFACE_s16_session3_natural,47,190,53.333333333333336,0.4277708828449249,0.3704855336335484
COHFACE_s16_session3_natural,47,191,53.36666666666667,0.3032263517379761,0.311565600545866
COHFACE_s16_session3_natural,47,192,53.4,0.13353534042835236,0.25027757125687605
COHFACE_s16_session3_natural,47,193,53.43333333333333,-0.04042787477374077,0.17929006105990727
COHFACE_s16_session3_natural,47,194,53.46666666666667,-0.19946052134037018,0.08777938047678921
COHFACE_s16_session3_natural,47,195,53.5,-0.3366442918777466,-0.03510676050771355
COHFACE_s16_session3_natural,47,196,53.53333333333333,-0.44914090633392334,-0.19818577724748276
COHFACE_s16_session3_natural,47,197,53.56666666666667,-0.5475643277168274,-0.40617587163830454
COHFACE_s16_session3_natural,47,198,53.6,-0.6322694420814514,-0.6557182347886557
COHFACE_s16_session3_natural,47,199,53.63333333333333,-0.7211875915527344,-0.9297454440271025
COHFACE_s16_session3_natural,47,200,53.666666666666664,-0.8220353722572327,-1.1936657019106622
COHFACE_s16_session3_natural,47,201,53.7,-0.904035210609436,-1.3979471638386265
COHFACE_s16_session3_natural,47,202,53.733333333333334,-0.9710305333137512,-1.488959264771311
COHFACE_s16_session3_natural,47,203,53.766666666666666,-1.0313589572906494,-1.4253689288421771
COHFACE_s16_session3_natural,47,204,53.8,-1.0893219709396362,-1.1940857742403512
COHFACE_s16_session3_natural,47,205,53.833333333333336,-1.154646873474121,-0.8188101588370383
COHFACE_s16_session3_natural,47,206,53.86666666666667,-1.213437795639038,-0.35599650966730007
COHFACE_s16_session3_natural,47,207,53.9,-1.251858115196228,0.12159354286831024
COHFACE_s16_session3_natural,47,208,53.93333333333333,-1.1752983331680298,0.5462444320188485
COHFACE_s16_session3_natural,47,209,53.96666666666667,-0.7138996720314026,0.8710817225007376
COHFACE_s16_session3_natural,47,210,54.0,0.10861165076494217,1.0748920432830287
COHFACE_s16_session3_natural,47,211,54.03333333333333,0.8679415583610535,1.1580992000697883
COHFACE_s16_session3_natural,47,212,54.06666666666667,1.3147644996643066,1.135187917235937
COHFACE_s16_session3_natural,47,213,54.1,1.4847807884216309,1.0275833024934211
COHFACE_s16_session3_natural,47,214,54.13333333333333,1.540644645690918,0.8585932655401997
COHFACE_s16_session3_natural,47,215,54.166666666666664,1.5379542112350464,0.650446162898456
COHFACE_s16_session3_natural,47,216,54.2,1.4099652767181396,0.42303682558503475
COHFACE_s16_session3_natural,47,217,54.233333333333334,1.1767677068710327,0.19399500519573457
COHFACE_s16_session3_natural,47,218,54.266666666666666,0.9687598347663879,-0.020601363515049424
COHFACE_s16_session3_natural,47,219,54.3,0.8420865535736084,-0.20578607290185297
COHFACE_s16_session3_natural,47,220,54.333333333333336,0.7463387846946716,-0.34812639912225823
COHFACE_s16_session3_natural,47,221,54.36666666666667,0.6365622282028198,-0.4369847890015844
COHFACE_s16_session3_natural,47,222,54.4,0.48428526520729065,-0.466214986080221
COHFACE_s16_session3_natural,47,223,54.43333333333333,0.29817065596580505,-0.43578634804318134
COHFACE_s16_session3_natural,47,224,54.46666666666667,0.10380726307630539,-0.35283964585882527
COHFACE_s16_session3_natural,47,225,54.5,-0.06811593472957611,-0.23171064401572397
COHFACE_s16_session3_natural,47,226,54.53333333333333,-0.21368151903152466,-0.09254135832516074
COHFACE_s16_session3_natural,47,227,54.56666666666667,-0.34623828530311584,0.04166278487771057
COHFACE_s16_session3_natural,47,228,54.6,-0.4617505967617035,0.14920941876883048
COHFACE_s16_session3_natural,47,229,54.63333333333333,-0.5665749311447144,0.21419918819451464
COHFACE_s16_session3_natural,47,230,54.666666666666664,-0.6602383255958557,0.2299254263643644
COHFACE_s16_session3_natural,47,231,54.7,-0.7527635097503662,0.20001654706158145
COHFACE_s16_session3_natural,47,232,54.733333333333334,-0.8396711945533752,0.13708650183679524
COHFACE_s16_session3_natural,47,233,54.766666666666666,-0.9141466021537781,0.05950526278818921
COHFACE_s16_session3_natural,47,234,54.8,-0.9898933172225952,-0.012960591722771269
COHFACE_s16_session3_natural,47,235,54.833333333333336,-1.0592243671417236,-0.06383370771456578
COHFACE_s16_session3_natural,47,236,54.86666666666667,-1.123455286026001,-0.08365989710095607
COHFACE_s16_session3_natural,47,237,54.9,-1.1907463073730469,-0.07150603013655513
COHFACE_s16_session3_natural,47,238,54.93333333333333,-1.2336901426315308,-0.03406186382820477
COHFACE_s16_session3_natural,47,239,54.96666666666667,-1.1489999294281006,0.01668788007025913
COHFACE_s16_session3_natural,48,0,48.0,1.3867268562316895,0.00671318997515975
COHFACE_s16_session3_natural,48,1,48.03333333333333,1.7391915321350098,-0.5486752389465097
COHFACE_s16_session3_natural,48,2,48.06666666666667,1.7964894771575928,-1.0128411229916539
COHFACE_s16_session3_natural,48,3,48.1,1.7365010976791382,-1.322077337295744
COHFACE_s16_session3_natural,48,4,48.13333333333333,1.6040329933166504,-1.4582541550171104
COHFACE_s16_session3_natural,48,5,48.166666666666664,1.3508048057556152,-1.4472971923248295
COHFACE_s16_session3_natural,48,6,48.2,1.0742050409317017,-1.3404786560955138
COHFACE_s16_session3_natural,48,7,48.233333333333334,0.9138567447662354,-1.1897522928396815
COHFACE_s16_session3_natural,48,8,48.266666666666666,0.8284125328063965,-1.0293967305266325
COHFACE_s16_session3_natural,48,9,48.3,0.7416378855705261,-0.8702393722551761
COHFACE_s16_session3_natural,48,10,48.333333333333336,0.5974027514457703,-0.7058840564354991
COHFACE_s16_session3_natural,48,11,48.36666666666667,0.39980193972587585,-0.5256976549192677
COHFACE_s16_session3_natural,48,12,48.4,0.1830722838640213,-0.32747069153155456
COHFACE_s16_session3_natural,48,13,48.43333333333333,-0.022481633350253105,-0.12369657214383555
COHFACE_s16_session3_natural,48,14,48.46666666666667,-0.19917964935302734,0.06124808521356432
COHFACE_s16_session3_natural,48,15,48.5,-0.3519444465637207,0.20126306602642596
COHFACE_s16_session3_natural,48,16,48.53333333333333,-0.4776568114757538,0.28046234834774214
COHFACE_s16_session3_natural,48,17,48.56666666666667,-0.5813576579093933,0.3004768174012725
COHFACE_s16_session3_natural,48,18,48.6,-0.6813628673553467,0.2796255466314437
COHFACE_s16_session3_natural,48,19,48.63333333333333,-0.7733410596847534,0.24501948817645194
COHFACE_s16_session3_natural,48,20,48.666666666666664,-0.8630574941635132,0.22194477669075846
COHFACE_s16_session3_natural,48,21,48.7,-0.9547695517539978,0.22554711521919724
COHFACE_s16_session3_natural,48,22,48.733333333333334,-1.037257194519043,0.2580759284205663
COHFACE_s16_session3_natural,48,23,48.766666666666666,-1.104607343673706,0.311831566897685
COHFACE_s16_session3_natural,48,24,48.8,-1.1761558055877686,0.3751237493225911
COHFACE_s16_session3_natural,48,25,48.833333333333336,-1.2525825500488281,0.43767648600619985
COHFACE_s16_session3_natural,48,26,48.86666666666667,-1.2861393690109253,0.49339448251008483
COHFACE_s16_session3_natural,48,27,48.9,-1.0794323682785034,0.5404679289470751
COHFACE_s16_session3_natural,48,28,48.93333333333333,-0.40925708413124084,0.5796509857614827
COHFACE_s16_session3_natural,48,29,48.96666666666667,0.5373848676681519,0.6114875944337017
COHFACE_s16_session3_natural,48,30,49.0,1.3097827434539795,0.6332907951044022
COHFACE_s16_session3_natural,48,31,49.03333333333333,1.6832094192504883,0.6369264466015875
COHFACE_s16_session3_natural,48,32,49.06666666666667,1.7820320129394531,0.6085194672136138
COHFACE_s16_session3_natural,48,33,49.1,1.7796962261199951,0.530833058578544
COHFACE_s16_session3_natural,48,34,49.13333333333333,1.705058217048645,0.38826214909517154
COHFACE_s16_session3_natural,48,35,49.166666666666664,1.4937539100646973,0.1734106631809166
COHFACE_s16_session3_natural,48,36,49.2,1.2201993465423584,-0.10658910762088615
COHFACE_s16_session3_natural,48,37,49.233333333333334,1.0085992813110352,-0.4263913553569413
COHFACE_s16_session3_natural,48,38,49.266666666666666,0.8784077763557434,-0.7437921098359631
COHFACE_s16_session3_natural,48,39,49.3,0.7734799385070801,-1.0074964603755914
COHFACE_s16_session3_natural,48,40,49.333333333333336,0.6344335079193115,-1.1703118139201105
COHFACE_s16_session3_natural,48,41,49.36666666666667,0.43531009554862976,-1.2037423195323074
COHFACE_s16_session3_natural,48,42,49.4,0.21278558671474457,-1.1078519292473312
COHFACE_s16_session3_natural,48,43,49.43333333333333,0.0014811785658821464,-0.9112963536754626
COHFACE_s16_session3_natural,48,44,49.46666666666667,-0.1701611429452896,-0.6610640280054156
COHFACE_s16_session3_natural,48,45,49.5,-0.3275529146194458,-0.40666944886071626
COHFACE_s16_session3_natural,48,46,49.53333333333333,-0.4716254472732544,-0.18576699097264773
COHFACE_s16_session3_natural,48,47,49.56666666666667,-0.5826733708381653,-0.01657567879254187
COHFACE_s16_session3_natural,48,48,49.6,-0.6868177056312561,0.10142106645999861
COHFACE_s16_session3_natural,48,49,49.63333333333333,-0.7982795238494873,0.18080354169278798
COHFACE_s16_session3_natural,48,50,49.666666666666664,-0.8999403715133667,0.2375577603261695
COHFACE_s16_session3_natural,48,51,49.7,-0.9838619828224182,0.2840145735670186
COHFACE_s16_session3_natural,48,52,49.733333333333334,-1.0630383491516113,0.32550957006835296
COHFACE_s16_session3_natural,48,53,49.766666666666666,-1.1267223358154297,0.3612274451852011
COHFACE_s16_session3_natural,48,54,49.8,-1.198462963104248,0.3882602707234765
COHFACE_s16_session3_natural,48,55,49.833333333333336,-1.2774914503097534,0.40669804165717943
COHFACE_s16_session3_natural,48,56,49.86666666666667,-1.333651065826416,0.42278757210499074
COHFACE_s16_session3_natural,48,57,49.9,-1.2445406913757324,0.44775543888142
COHFACE_s16_session3_natural,48,58,49.93333333333333,-0.752246081829071,0.4921768755995213
COHFACE_s16_session3_natural,48,59,49.96666666666667,0.13625536859035492,0.5585340529127637
COHFACE_s16_session3_natural,48,60,50.0,0.9891452193260193,0.6360403746660774
COHFACE_s16_session3_natural,48,61,50.03333333333333,1.4781581163406372,0.7008834969990331
COHFACE_s16_session3_natural,48,62,50.06666666666667,1.6457794904708862,0.7221867709836745
COHFACE_s16_session3_natural,48,63,50.1,1.674191951751709,0.6712627700548311
COHFACE_s16_session3_natural,48,64,50.13333333333333,1.6340420246124268,0.5308885643374242
COHFACE_s16_session3_natural,48,65,50.166666666666664,1.4808189868927002,0.30204264662356795
COHFACE_s16_session3_natural,48,66,50.2,1.2230819463729858,0.006616036270476064
COHFACE_s16_session3_natural,48,67,50.233333333333334,0.9916730523109436,-0.31451068593090126
COHFACE_s16_session3_natural,48,68,50.266666666666666,0.853232741355896,-0.6079520881212653
COHFACE_s16_session3_natural,48,69,50.3,0.7544545531272888,-0.8181302581776427
COHFACE_s16_session3_natural,48,70,50.333333333333336,0.6329552531242371,-0.8998616125019226
COHFACE_s16_session3_natural,48,71,50.36666666666667,0.4592876732349396,-0.8306993837982785
COHFACE_s16_session3_natural,48,72,50.4,0.26347556710243225,-0.6196771840622676
COHFACE_s16_session3_natural,48,73,50.43333333333333,0.06710173934698105,-0.30887682824262724
COHFACE_s16_session3_natural,48,74,50.46666666666667,-0.11379458010196686,0.03466370383895832
COHFACE_s16_session3_natural,48,75,50.5,-0.2730046212673187,0.33604656068603866
COHFACE_s16_session3_natural,48,76,50.53333333333333,-0.41100144386291504,0.5334255067044623
COHFACE_s16_session3_natural,48,77,50.56666666666667,-0.5332842469215393,0.5945586585233589
COHFACE_s16_session3_natural,48,78,50.6,-0.6283667683601379,0.522011882388744
COHFACE_s16_session3_natural,48,79,50.63333333333333,-0.7236562967300415,0.34504436530428345
COHFACE_s16_session3_natural,48,80,50.666666666666664,-0.8235136270523071,0.10255910921191647
COHFACE_s16_session3_natural,48,81,50.7,-0.9090021848678589,-0.17401323657985202
COHFACE_s16_session3_natural,48,82,50.733333333333334,-0.9896715879440308,-0.4688859799044173
COHFACE_s16_session3_natural,48,83,50.766666666666666,-1.0704740285873413,-0.7768581557794388
COHFACE_s16_session3_natural,48,84,50.8,-1.13770592212677,-1.088357650862997
COHFACE_s16_session3_natural,48,85,50.833333333333336,-1.1965559720993042,-1.3741725848305
COHFACE_s16_session3_natural,48,86,50.86666666666667,-1.2562042474746704,-1.5804815021897263
COHFACE_s16_session3_natural,48,87,50.9,-1.2746975421905518,-1.6396993335508006
COHFACE_s16_session3_natural,48,88,50.93333333333333,-1.0547451972961426,-1.4939695439731964
COHFACE_s16_session3_natural,48,89,50.96666666666667,-0.39425262808799744,-1.1210803211397993
COHFACE_s16_session3_natural,48,90,51.0,0.46849730610847473,-0.5511884942960038
COHFACE_s16_session3_natural,48,91,51.03333333333333,1.1100088357925415,0.13363169980037223
COHFACE_s16_session3_natural,48,92,51.06666666666667,1.3921372890472412,0.8187883558488971
COHFACE_s16_session3_natural,48,93,51.1,1.4553778171539307,1.3895532966344217
COHFACE_s16_session3_natural,48,94,51.13333333333333,1.4471882581710815,1.7634352664451116
COHFACE_s16_session3_natural,48,95,51.166666666666664,1.3458526134490967,1.9088348017401726
COHFACE_s16_session3_natural,48,96,51.2,1.1288421154022217,1.844238260726201
COHFACE_s16_session3_natural,48,97,51.233333333333334,0.9011583924293518,1.6224941559656876
COHFACE_s16_session3_natural,48,98,51.266666666666666,0.765068531036377,1.3097232268753458
COHFACE_s16_session3_natural,48,99,51.3,0.6901052594184875,0.9672343210869401
COHFACE_s16_session3_natural,48,100,51.333333333333336,0.6061984896659851,0.6406215993483354
COHFACE_s16_session3_natural,48,101,51.36666666666667,0.4691034257411957,0.35616978442321645
COHFACE_s16_session3_natural,48,102,51.4,0.281747043132782,0.12258441088605472
COHFACE_s16_session3_natural,48,103,51.43333333333333,0.09252803772687912,-0.064321712213451
COHFACE_s16_session3_natural,48,104,51.46666666666667,-0.08110995590686798,-0.21604546440593025
COHFACE_s16_session3_natural,48,105,51.5,-0.23375646770000458,-0.3463729750875981
COHFACE_s16_session3_natural,48,106,51.53333333333333,-0.3648201823234558,-0.46758707673148714
COHFACE_s16_session3_natural,48,107,51.56666666666667,-0.46708714962005615,-0.5878938986079719
COHFACE_s16_session3_natural,48,108,51.6,-0.5578975081443787,-0.7097337799006636
COHFACE_s16_session3_natural,48,109,51.63333333333333,-0.6475843191146851,-0.8285435414896442
COHFACE_s16_session3_natural,48,110,51.666666666666664,-0.7331911325454712,-0.9316635404723644
COHFACE_s16_session3_natural,48,111,51.7,-0.8176892399787903,-0.9979266970126601
COHFACE_s16_session3_natural,48,112,51.733333333333334,-0.8901985883712769,-0.9998484532077315
COHFACE_s16_session3_natural,48,113,51.766666666666666,-0.9608304500579834,-0.9105177406392388
COHFACE_s16_session3_natural,48,114,51.8,-1.0363259315490723,-0.7148839572116528
COHFACE_s16_session3_natural,48,115,51.833333333333336,-1.1093378067016602,-0.4209680278407112
COHFACE_s16_session3_natural,48,116,51.86666666666667,-1.1784766912460327,-0.06359979594837246
COHFACE_s16_session3_natural,48,117,51.9,-1.2268457412719727,0.3042271196879016
COHFACE_s16_session3_natural,48,118,51.93333333333333,-1.133226752281189,0.6290788831967011
COHFACE_s16_session3_natural,48,119,51.96666666666667,-0.6564983129501343,0.8737755276847343
COHFACE_s16_session3_natural,48,120,52.0,0.10927687585353851,1.0241244630755169
COHFACE_s16_session3_natural,48,121,52.03333333333333,0.7686015963554382,1.0840608759500054
COHFACE_s16_session3_natural,48,122,52.06666666666667,1.0945608615875244,1.0647763955181295
COHFACE_s16_session3_natural,48,123,52.1,1.1660058498382568,0.9757067918013561
COHFACE_s16_session3_natural,48,124,52.13333333333333,1.1438021659851074,0.8217031219319123
COHFACE_s16_session3_natural,48,125,52.166666666666664,1.023589015007019,0.6053572546643827
COHFACE_s16_session3_natural,48,126,52.2,0.8048340678215027,0.33091503338463235
COHFACE_s16_session3_natural,48,127,52.233333333333334,0.5918887853622437,0.007251514016667912
COHFACE_s16_session3_natural,48,128,52.266666666666666,0.4895775020122528,-0.3500874007727438
COHFACE_s16_session3_natural,48,129,52.3,0.4545276463031769,-0.7165628095446837
COHFACE_s16_session3_natural,48,130,52.333333333333336,0.3918488323688507,-1.0563003466579919
COHFACE_s16_session3_natural,48,131,52.36666666666667,0.2768835127353668,-1.3225321058833603
COHFACE_s16_session3_natural,48,132,52.4,0.11779173463582993,-1.4644530829575972
COHFACE_s16_session3_natural,48,133,52.43333333333333,-0.050184477120637894,-1.4415803387686263
COHFACE_s16_session3_natural,48,134,52.46666666666667,-0.21758416295051575,-1.241452130529753
COHFACE_s16_session3_natural,48,135,52.5,-0.3683532774448395,-0.89181392488267
COHFACE_s16_session3_natural,48,136,52.53333333333333,-0.4770507216453552,-0.45828733565120394
COHFACE_s16_session3_natural,48,137,52.56666666666667,-0.5719854235649109,-0.025237569086642483
COHFACE_s16_session3_natural,48,138,52.6,-0.6612731218338013,0.3315869851854905
COHFACE_s16_session3_natural,48,139,52.63333333333333,-0.7424451112747192,0.56634730174453
COHFACE_s16_session3_natural,48,140,52.666666666666664,-0.8125744462013245,0.6693912364972515
COHFACE_s16_session3_natural,48,141,52.7,-0.8837680816650391,0.6599002143104855
COHFACE_s16_session3_natural,48,142,52.733333333333334,-0.9512956142425537,0.5724532022822312
COHFACE_s16_session3_natural,48,143,52.766666666666666,-1.0208631753921509,0.4448661852602591
COHFACE_s16_session3_natural,48,144,52.8,-1.0921602249145508,0.31079459324527764
COHFACE_s16_session3_natural,48,145,52.833333333333336,-1.1567164659500122,0.19657410286618998
COHFACE_s16_session3_natural,48,146,52.86666666666667,-1.2192622423171997,0.12007107740774574
COHFACE_s16_session3_natural,48,147,52.9,-1.22711181640625,0.08992961719398782
COHFACE_s16_session3_natural,48,148,52.93333333333333,-1.0085195302963257,0.10512591345968299
COHFACE_s16_session3_natural,48,149,52.96666666666667,-0.38270729780197144,0.1558576013528665
COHFACE_s16_session3_natural,48,150,53.0,0.40197500586509705,0.22670599668692493
COHFACE_s16_session3_natural,48,151,53.03333333333333,0.9556770920753479,0.30161429476324714
COHFACE_s16_session3_natural,48,152,53.06666666666667,1.1738998889923096,0.36845800418112057
COHFACE_s16_session3_natural,48,153,53.1,1.2179375886917114,0.42073019096141295
COHFACE_s16_session3_natural,48,154,53.13333333333333,1.191358208656311,0.4559302595624196
COHFACE_s16_session3_natural,48,155,53.166666666666664,1.0676414966583252,0.47273353273173196
COHFACE_s16_session3_natural,48,156,53.2,0.8564997315406799,0.46957834440425317
COHFACE_s16_session3_natural,48,157,53.233333333333334,0.6579380631446838,0.44557712581512704
COHFACE_s16_session3_natural,48,158,53.266666666666666,0.5620129108428955,0.4021454935368347
COHFACE_s16_session3_natural,48,159,53.3,0.5030445456504822,0.3429586936975191
COHFACE_s16_session3_natural,48,160,53.333333333333336,0.4277708828449249,0.2718316857319029
COHFACE_s16_session3_natural,48,161,53.36666666666667,0.3032263517379761,0.1905784777971277
COHFACE_s16_session3_natural,48,162,53.4,0.13353534042835236,0.09907528302843559
COHFACE_s16_session3_natural,48,163,53.43333333333333,-0.04042787477374077,-0.0025207389907609436
COHFACE_s16_session3_natural,48,164,53.46666666666667,-0.19946052134037018,-0.11210315330923368
COHFACE_s16_session3_natural,48,165,53.5,-0.3366442918777466,-0.22729396167976432
COHFACE_s16_session3_natural,48,166,53.53333333333333,-0.44914090633392334,-0.34983625700383847
COHFACE_s16_session3_natural,48,167,53.56666666666667,-0.5475643277168274,-0.48829936883981473
COHFACE_s16_session3_natural,48,168,53.6,-0.6322694420814514,-0.654466567558438
COHFACE_s16_session3_natural,48,169,53.63333333333333,-0.7211875915527344,-0.8529468555763953
COHFACE_s16_session3_natural,48,170,53.666666666666664,-0.8220353722572327,-1.069554621140461
COHFACE_s16_session3_natural,48,171,53.7,-0.904035210609436,-1.2667942526427936
COHFACE_s16_session3_natural,48,172,53.733333333333334,-0.9710305333137512,-1.391354729678725
COHFACE_s16_session3_natural,48,173,53.766666666666666,-1.0313589572906494,-1.3916469524191641
COHFACE_s16_session3_natural,48,174,53.8,-1.0893219709396362,-1.2379092888359218
COHFACE_s16_session3_natural,48,175,53.833333333333336,-1.154646873474121,-0.9356128737118469
COHFACE_s16_session3_natural,48,176,53.86666666666667,-1.213437795639038,-0.5253307122870917
COHFACE_s16_session3_natural,48,177,53.9,-1.251858115196228,-0.06874707232107358
COHFACE_s16_session3_natural,48,178,53.93333333333333,-1.1752983331680298,0.3715915725386395
COHFACE_s16_session3_natural,48,179,53.96666666666667,-0.7138996720314026,0.7480117838779649
COHFACE_s16_session3_natural,48,180,54.0,0.10861165076494217,1.0329638354292412
COHFACE_s16_session3_natural,48,181,54.03333333333333,0.8679415583610535,1.2154535518284828
COHFACE_s16_session3_natural,48,182,54.06666666666667,1.3147644996643066,1.2941785237297145
COHFACE_s16_session3_natural,48,183,54.1,1.4847807884216309,1.2722211630104951
COHFACE_s16_session3_natural,48,184,54.13333333333333,1.540644645690918,1.1554893942719837
COHFACE_s16_session3_natural,48,185,54.166666666666664,1.5379542112350464,0.9544366835464295
COHFACE_s16_session3_natural,48,186,54.2,1.4099652767181396,0.6869837749110581
COHFACE_s16_session3_natural,48,187,54.233333333333334,1.1767677068710327,0.38021473110452825
COHFACE_s16_session3_natural,48,188,54.266666666666666,0.9687598347663879,0.06907067654849458
COHFACE_s16_session3_natural,48,189,54.3,0.8420865535736084,-0.20833341061976052
COHFACE_s16_session3_natural,48,190,54.333333333333336,0.7463387846946716,-0.41748353030775104
COHFACE_s16_session3_natural,48,191,54.36666666666667,0.6365622282028198,-0.5340750835602637
COHFACE_s16_session3_natural,48,192,54.4,0.48428526520729065,-0.548506599138759
COHFACE_s16_session3_natural,48,193,54.43333333333333,0.29817065596580505,-0.4674529428197012
COHFACE_s16_session3_natural,48,194,54.46666666666667,0.10380726307630539,-0.31274598630407724
COHFACE_s16_session3_natural,48,195,54.5,-0.06811593472957611,-0.11800078985223923
COHFACE_s16_session3_natural,48,196,54.53333333333333,-0.21368151903152466,0.07704892979776151
COHFACE_s16_session3_natural,48,197,54.56666666666667,-0.34623828530311584,0.2344463997259733
COHFACE_s16_session3_natural,48,198,54.6,-0.4617505967617035,0.3266866284493242
COHFACE_s16_session3_natural,48,199,54.63333333333333,-0.5665749311447144,0.3432534566838116
COHFACE_s16_session3_natural,48,200,54.666666666666664,-0.6602383255958557,0.2922068335714421
COHFACE_s16_session3_natural,48,201,54.7,-0.7527635097503662,0.1959935816017619
COHFACE_s16_session3_natural,48,202,54.733333333333334,-0.8396711945533752,0.08343582125544761
COHFACE_s16_session3_natural,48,203,54.766666666666666,-0.9141466021537781,-0.018580858391680874
COHFACE_s16_session3_natural,48,204,54.8,-0.9898933172225952,-0.09093913909335155
COHFACE_s16_session3_natural,48,205,54.833333333333336,-1.0592243671417236,-0.1246105077734806
COHFACE_s16_session3_natural,48,206,54.86666666666667,-1.123455286026001,-0.11962898470816975
COHFACE_s16_session3_natural,48,207,54.9,-1.1907463073730469,-0.08186310732559028
COHFACE_s16_session3_natural,48,208,54.93333333333333,-1.2336901426315308,-0.019874444954928502
COHFACE_s16_session3_natural,48,209,54.96666666666667,-1.1489999294281006,0.05598764700438357
COHFACE_s16_session3_natural,48,210,55.0,-0.7002995610237122,0.13234112934375042
COHFACE_s16_session3_natural,48,211,55.03333333333333,0.11848652362823486,0.19172253624948793
COHFACE_s16_session3_natural,48,212,55.06666666666667,0.9032723307609558,0.21408058437416105
COHFACE_s16_session3_natural,48,213,55.1,1.358698844909668,0.1811875829911088
COHFACE_s16_session3_natural,48,214,55.13333333333333,1.539506435394287,0.08216108497649403
COHFACE_s16_session3_natural,48,215,55.166666666666664,1.5804545879364014,-0.08255149934878749
COHFACE_s16_session3_natural,48,216,55.2,1.5650066137313843,-0.3003849549452284
COHFACE_s16_session3_natural,48,217,55.233333333333334,1.4513717889785767,-0.5489451980301925
COHFACE_s16_session3_natural,48,218,55.266666666666666,1.2287585735321045,-0.8000064253966436
COHFACE_s16_session3_natural,48,219,55.3,1.004267930984497,-1.0234433598833985
COHFACE_s16_session3_natural,48,220,55.333333333333336,0.8558788895606995,-1.1896814256855004
COHFACE_s16_session3_natural,48,221,55.36666666666667,0.7650241851806641,-1.2706100177675366
COHFACE_s16_session3_natural,48,222,55.4,0.651965856552124,-1.240838211807866
COHFACE_s16_session3_natural,48,223,55.43333333333333,0.49117404222488403,-1.081802250225216
COHFACE_s16_session3_natural,48,224,55.46666666666667,0.30581334233283997,-0.7893196177708043
COHFACE_s16_session3_natural,48,225,55.5,0.11637259274721146,-0.38200228010963044
COHFACE_s16_session3_natural,48,226,55.53333333333333,-0.051204487681388855,0.09425714728026896
COHFACE_s16_session3_natural,48,227,55.56666666666667,-0.20252054929733276,0.5704298622641881
COHFACE_s16_session3_natural,48,228,55.6,-0.33855128288269043,0.9690533817744578
COHFACE_s16_session3_natural,48,229,55.63333333333333,-0.45113658905029297,1.2261439675234067
COHFACE_s16_session3_natural,48,230,55.666666666666664,-0.558015763759613,1.311396596873378
COHFACE_s16_session3_natural,48,231,55.7,-0.6542661190032959,1.2366849724138738
COHFACE_s16_session3_natural,48,232,55.733333333333334,-0.7444703578948975,1.0487333370702874
COHFACE_s16_session3_natural,48,233,55.766666666666666,-0.8385181427001953,0.8103985832753346
COHFACE_s16_session3_natural,48,234,55.8,-0.9241249561309814,0.5801224392675153
COHFACE_s16_session3_natural,48,235,55.833333333333336,-0.9901150465011597,0.3981245808737172
COHFACE_s16_session3_natural,48,236,55.86666666666667,-1.0584557056427002,0.2822668463254655
COHFACE_s16_session3_natural,48,237,55.9,-1.1211639642715454,0.23093238096265245
COHFACE_s16_session3_natural,48,238,55.93333333333333,-1.178343653678894,0.22858842232279486
COHFACE_s16_session3_natural,48,239,55.96666666666667,-1.2364989519119263,0.2513096121689047
COHFACE_s16_session3_natural,49,0,49.0,1.3097827434539795,-0.06754052869979507
COHFACE_s16_session3_natural,49,1,49.03333333333333,1.6832094192504883,-0.28739055942665775
COHFACE_s16_session3_natural,49,2,49.06666666666667,1.7820320129394531,-0.47297686097410485
COHFACE_s16_session3_natural,49,3,49.1,1.7796962261199951,-0.6033123247548158
COHFACE_s16_session3_natural,49,4,49.13333333333333,1.705058217048645,-0.6804017890007273
COHFACE_s16_session3_natural,49,5,49.166666666666664,1.4937539100646973,-0.7277459584552485
COHFACE_s16_session3_natural,49,6,49.2,1.2201993465423584,-0.7786525371042702
COHFACE_s16_session3_natural,49,7,49.233333333333334,1.0085992813110352,-0.8598165598333722
COHFACE_s16_session3_natural,49,8,49.266666666666666,0.8784077763557434,-0.9779488762373703
COHFACE_s16_session3_natural,49,9,49.3,0.7734799385070801,-1.1153838186670146
COHFACE_s16_session3_natural,49,10,49.333333333333336,0.6344335079193115,-1.2361058410083852
COHFACE_s16_session3_natural,49,11,49.36666666666667,0.43531009554862976,-1.2989253935110054
COHFACE_s16_session3_natural,49,12,49.4,0.21278558671474457,-1.271803287862709
COHFACE_s16_session3_natural,49,13,49.43333333333333,0.0014811785658821464,-1.1415577344099428
COHFACE_s16_session3_natural,49,14,49.46666666666667,-0.1701611429452896,-0.9159567428483502
COHFACE_s16_session3_natural,49,15,49.5,-0.3275529146194458,-0.618856592378
COHFACE_s16_session3_natural,49,16,49.53333333333333,-0.4716254472732544,-0.2817464134707132
COHFACE_s16_session3_natural,49,17,49.56666666666667,-0.5826733708381653,0.06424373822059502
COHFACE_s16_session3_natural,49,18,49.6,-0.6868177056312561,0.39308498900180977
COHFACE_s16_session3_natural,49,19,49.63333333333333,-0.7982795238494873,0.6847621062637982
COHFACE_s16_session3_natural,49,20,49.666666666666664,-0.8999403715133667,0.9236684561292988
COHFACE_s16_session3_natural,49,21,49.7,-0.9838619828224182,1.0966933794448854
COHFACE_s16_session3_natural,49,22,49.733333333333334,-1.0630383491516113,1.1929782870854413
COHFACE_s16_session3_natural,49,23,49.766666666666666,-1.1267223358154297,1.2061498199805631
COHFACE_s16_session3_natural,49,24,49.8,-1.198462963104248,1.1382196956391606
COHFACE_s16_session3_natural,49,25,49.833333333333336,-1.2774914503097534,1.002946275193436
COHFACE_s16_session3_natural,49,26,49.86666666666667,-1.333651065826416,0.8260018001420592
COHFACE_s16_session3_natural,49,27,49.9,-1.2445406913757324,0.6403480122921299
COHFACE_s16_session3_natural,49,28,49.93333333333333,-0.752246081829071,0.4775997125390565
COHFACE_s16_session3_natural,49,29,49.96666666666667,0.13625536859035492,0.35853056136918154
COHFACE_s16_session3_natural,49,30,50.0,0.9891452193260193,0.286746346742274
COHFACE_s16_session3_natural,49,31,50.03333333333333,1.4781581163406372,0.24828299201151088
COHFACE_s16_session3_natural,49,32,50.06666666666667,1.6457794904708862,0.21712326512019453
COHFACE_s16_session3_natural,49,33,50.1,1.674191951751709,0.16426343465070095
COHFACE_s16_session3_natural,49,34,50.13333333333333,1.6340420246124268,0.067397525501314
COHFACE_s16_session3_natural,49,35,50.166666666666664,1.4808189868927002,-0.08110428030030406
COHFACE_s16_session3_natural,49,36,50.2,1.2230819463729858,-0.2696682188327591
COHFACE_s16_session3_natural,49,37,50.233333333333334,0.9916730523109436,-0.4677988188681261
COHFACE_s16_session3_natural,49,38,50.266666666666666,0.853232741355896,-0.6318869353429686
COHFACE_s16_session3_natural,49,39,50.3,0.7544545531272888,-0.7160576866118374
COHFACE_s16_session3_natural,49,40,50.333333333333336,0.6329552531242371,-0.6858787639327864
COHFACE_s16_session3_natural,49,41,50.36666666666667,0.4592876732349396,-0.5311151548294006
COHFACE_s16_session3_natural,49,42,50.4,0.26347556710243225,-0.27296540456846513
COHFACE_s16_session3_natural,49,43,50.43333333333333,0.06710173934698105,0.03791887618053872
COHFACE_s16_session3_natural,49,44,50.46666666666667,-0.11379458010196686,0.33358455874710385
COHFACE_s16_session3_natural,49,45,50.5,-0.2730046212673187,0.5479680023470375
COHFACE_s16_session3_natural,49,46,50.53333333333333,-0.41100144386291504,0.6361802065123009
COHFACE_s16_session3_natural,49,47,50.56666666666667,-0.5332842469215393,0.5859450867873487
COHFACE_s16_session3_natural,49,48,50.6,-0.6283667683601379,0.4164755954402137
COHFACE_s16_session3_natural,49,49,50.63333333333333,-0.7236562967300415,0.16598753538800384
COHFACE_s16_session3_natural,49,50,50.666666666666664,-0.8235136270523071,-0.12549456380512614
COHFACE_s16_session3_natural,49,51,50.7,-0.9090021848678589,-0.4292842702815383
COHFACE_s16_session3_natural,49,52,50.733333333333334,-0.9896715879440308,-0.7308705902589535
COHFACE_s16_session3_natural,49,53,50.766666666666666,-1.0704740285873413,-1.0219624915659002
COHFACE_s16_session3_natural,49,54,50.8,-1.13770592212677,-1.2873343130371786
COHFACE_s16_session3_natural,49,55,50.833333333333336,-1.1965559720993042,-1.495164949258635
COHFACE_s16_session3_natural,49,56,50.86666666666667,-1.2562042474746704,-1.5978910252841572
COHFACE_s16_session3_natural,49,57,50.9,-1.2746975421905518,-1.545153915425607
COHFACE_s16_session3_natural,49,58,50.93333333333333,-1.0547451972961426,-1.30405045413657
COHFACE_s16_session3_natural,49,59,50.96666666666667,-0.39425262808799744,-0.8777518385770461
COHFACE_s16_session3_natural,49,60,51.0,0.46849730610847473,-0.31361885689753644
COHFACE_s16_session3_natural,49,61,51.03333333333333,1.1100088357925415,0.30409037055539834
COHFACE_s16_session3_natural,49,62,51.06666666666667,1.3921372890472412,0.8757005426189332
COHFACE_s16_session3_natural,49,63,51.1,1.4553778171539307,1.3143159896127505
COHFACE_s16_session3_natural,49,64,51.13333333333333,1.4471882581710815,1.5694370404079572
COHFACE_s16_session3_natural,49,65,51.166666666666664,1.3458526134490967,1.636354642363731
COHFACE_s16_session3_natural,49,66,51.2,1.1288421154022217,1.5490516796079714
COHFACE_s16_session3_natural,49,67,51.233333333333334,0.9011583924293518,1.3623830944253152
COHFACE_s16_session3_natural,49,68,51.266666666666666,0.765068531036377,1.132665887725153
COHFACE_s16_session3_natural,49,69,51.3,0.6901052594184875,0.9038480803544252
COHFACE_s16_session3_natural,49,70,51.333333333333336,0.6061984896659851,0.7017643303237018
COHFACE_s16_session3_natural,49,71,51.36666666666667,0.4691034257411957,0.5349041275557391
COHFACE_s16_session3_natural,49,72,51.4,0.281747043132782,0.3986298168711029
COHFACE_s16_session3_natural,49,73,51.43333333333333,0.09252803772687912,0.28033690592989396
COHFACE_s16_session3_natural,49,74,51.46666666666667,-0.08110995590686798,0.16411762407227615
COHFACE_s16_session3_natural,49,75,51.5,-0.23375646770000458,0.03443735661348101
COHFACE_s16_session3_natural,49,76,51.53333333333333,-0.3648201823234558,-0.12093909660179501
COHFACE_s16_session3_natural,49,77,51.56666666666667,-0.46708714962005615,-0.30824062274048186
COHFACE_s16_session3_natural,49,78,51.6,-0.5578975081443787,-0.524930054704961
COHFACE_s16_session3_natural,49,79,51.63333333333333,-0.6475843191146851,-0.7572580503120138
COHFACE_s16_session3_natural,49,80,51.666666666666664,-0.7331911325454712,-0.9791850400894891
COHFACE_s16_session3_natural,49,81,51.7,-0.8176892399787903,-1.1541521826816532
COHFACE_s16_session3_natural,49,82,51.733333333333334,-0.8901985883712769,-1.241018272985021
COHFACE_s16_session3_natural,49,83,51.766666666666666,-0.9608304500579834,-1.204381163822142
COHFACE_s16_session3_natural,49,84,51.8,-1.0363259315490723,-1.0273560092559837
COHFACE_s16_session3_natural,49,85,51.833333333333336,-1.1093378067016602,-0.7220294808990084
COHFACE_s16_session3_natural,49,86,51.86666666666667,-1.1784766912460327,-0.3310375940571999
COHFACE_s16_session3_natural,49,87,51.9,-1.2268457412719727,0.08345143776514238
COHFACE_s16_session3_natural,49,88,51.93333333333333,-1.133226752281189,0.4592842987048023
COHFACE_s16_session3_natural,49,89,51.96666666666667,-0.6564983129501343,0.752169588315134
COHFACE_s16_session3_natural,49,90,52.0,0.10927687585353851,0.9430706772184541
COHFACE_s16_session3_natural,49,91,52.03333333333333,0.7686015963554382,1.033627175744805
COHFACE_s16_session3_natural,49,92,52.06666666666667,1.0945608615875244,1.0351570693328587
COHFACE_s16_session3_natural,49,93,52.1,1.1660058498382568,0.959081100641401
COHFACE_s16_session3_natural,49,94,52.13333333333333,1.1438021659851074,0.8132475536353821
COHFACE_s16_session3_natural,49,95,52.166666666666664,1.023589015007019,0.6034421573701005
COHFACE_s16_session3_natural,49,96,52.2,0.8048340678215027,0.3367586781875067
COHFACE_s16_session3_natural,49,97,52.233333333333334,0.5918887853622437,0.024277760870618184
COHFACE_s16_session3_natural,49,98,52.266666666666666,0.4895775020122528,-0.3172154415250649
COHFACE_s16_session3_natural,49,99,52.3,0.4545276463031769,-0.6634862344704185
COHFACE_s16_session3_natural,49,100,52.333333333333336,0.3918488323688507,-0.9811527050088268
COHFACE_s16_session3_natural,49,101,52.36666666666667,0.2768835127353668,-1.2281998027549599
COHFACE_s16_session3_natural,49,102,52.4,0.11779173463582993,-1.3596260243143412
COHFACE_s16_session3_natural,49,103,52.43333333333333,-0.050184477120637894,-1.3391289140934617
COHFACE_s16_session3_natural,49,104,52.46666666666667,-0.21758416295051575,-1.1535161939929337
COHFACE_s16_session3_natural,49,105,52.5,-0.3683532774448395,-0.8229931433942189
COHFACE_s16_session3_natural,49,106,52.53333333333333,-0.4770507216453552,-0.40067247228367175
COHFACE_s16_session3_natural,49,107,52.56666666666667,-0.5719854235649109,0.04054404709964121
COHFACE_s16_session3_natural,49,108,52.6,-0.6612731218338013,0.4284611238763447
COHFACE_s16_session3_natural,49,109,52.63333333333333,-0.7424451112747192,0.7101322233995087
COHFACE_s16_session3_natural,49,110,52.666666666666664,-0.8125744462013245,0.8614096698772952
COHFACE_s16_session3_natural,49,111,52.7,-0.8837680816650391,0.8862250484522184
COHFACE_s16_session3_natural,49,112,52.733333333333334,-0.9512956142425537,0.8087680916364043
COHFACE_s16_session3_natural,49,113,52.766666666666666,-1.0208631753921509,0.6631641106425322
COHFACE_s16_session3_natural,49,114,52.8,-1.0921602249145508,0.4843398316985697
COHFACE_s16_session3_natural,49,115,52.833333333333336,-1.1567164659500122,0.30190686231079455
COHFACE_s16_session3_natural,49,116,52.86666666666667,-1.2192622423171997,0.13732668990519786
COHFACE_s16_session3_natural,49,117,52.9,-1.22711181640625,0.003778491705729539
COHFACE_s16_session3_natural,49,118,52.93333333333333,-1.0085195302963257,-0.09213379372855793
COHFACE_s16_session3_natural,49,119,52.96666666666667,-0.38270729780197144,-0.14771433326786065
COHFACE_s16_session3_natural,49,120,53.0,0.40197500586509705,-0.1614645988702341
COHFACE_s16_session3_natural,49,121,53.03333333333333,0.9556770920753479,-0.13150463231856568
COHFACE_s16_session3_natural,49,122,53.06666666666667,1.1738998889923096,-0.05644094718763958
COHFACE_s16_session3_natural,49,123,53.1,1.2179375886917114,0.061055854945116776
COHFACE_s16_session3_natural,49,124,53.13333333333333,1.191358208656311,0.21003448945647177
COHFACE_s16_session3_natural,49,125,53.166666666666664,1.0676414966583252,0.3698929672038567
COHFACE_s16_session3_natural,49,126,53.2,0.8564997315406799,0.5139429586281855
COHFACE_s16_session3_natural,49,127,53.233333333333334,0.6579380631446838,0.6167421012731025
COHFACE_s16_session3_natural,49,128,53.266666666666666,0.5620129108428955,0.661383064250471
COHFACE_s16_session3_natural,49,129,53.3,0.5030445456504822,0.6429290079280601
COHFACE_s16_session3_natural,49,130,53.333333333333336,0.4277708828449249,0.5669677336576192
COHFACE_s16_session3_natural,49,131,53.36666666666667,0.3032263517379761,0.44530440843267
COHFACE_s16_session3_natural,49,132,53.4,0.13353534042835236,0.29160471494265067
COHFACE_s16_session3_natural,49,133,53.43333333333333,-0.04042787477374077,0.11843140636711916
COHFACE_s16_session3_natural,49,134,53.46666666666667,-0.19946052134037018,-0.06466956529083025
COHFACE_s16_session3_natural,49,135,53.5,-0.3366442918777466,-0.2527961484218353
COHFACE_s16_session3_natural,49,136,53.53333333333333,-0.44914090633392334,-0.44644854247236676
COHFACE_s16_session3_natural,49,137,53.56666666666667,-0.5475643277168274,-0.6495600669687827
COHFACE_s16_session3_natural,49,138,53.6,-0.6322694420814514,-0.8637159869357589
COHFACE_s16_session3_natural,49,139,53.63333333333333,-0.7211875915527344,-1.0802685241903365
COHFACE_s16_session3_natural,49,140,53.666666666666664,-0.8220353722572327,-1.2749532718563257
COHFACE_s16_session3_natural,49,141,53.7,-0.904035210609436,-1.4097355092085868
COHFACE_s16_session3_natural,49,142,53.733333333333334,-0.9710305333137512,-1.4428874465862986
COHFACE_s16_session3_natural,49,143,53.766666666666666,-1.0313589572906494,-1.3435595132314055
COHFACE_s16_session3_natural,49,144,53.8,-1.0893219709396362,-1.1047697267737144
COHFACE_s16_session3_natural,49,145,53.833333333333336,-1.154646873474121,-0.749230881469826
COHFACE_s16_session3_natural,49,146,53.86666666666667,-1.213437795639038,-0.3248741137720207
COHFACE_s16_session3_natural,49,147,53.9,-1.251858115196228,0.1088817701496803
COHFACE_s16_session3_natural,49,148,53.93333333333333,-1.1752983331680298,0.49825760079705955
COHFACE_s16_session3_natural,49,149,53.96666666666667,-0.7138996720314026,0.807771742473842
COHFACE_s16_session3_natural,49,150,54.0,0.10861165076494217,1.0235092487679927
COHFACE_s16_session3_natural,49,151,54.03333333333333,0.8679415583610535,1.1476861721956721
COHFACE_s16_session3_natural,49,152,54.06666666666667,1.3147644996643066,1.189489953213158
COHFACE_s16_session3_natural,49,153,54.1,1.4847807884216309,1.1579149942202256
COHFACE_s16_session3_natural,49,154,54.13333333333333,1.540644645690918,1.0596454170901952
COHFACE_s16_session3_natural,49,155,54.166666666666664,1.5379542112350464,0.9013334369334354
COHFACE_s16_session3_natural,49,156,54.2,1.4099652767181396,0.6934159764270186
COHFACE_s16_session3_natural,49,157,54.233333333333334,1.1767677068710327,0.45258731315544487
COHFACE_s16_session3_natural,49,158,54.266666666666666,0.9687598347663879,0.20147341108768024
COHFACE_s16_session3_natural,49,159,54.3,0.8420865535736084,-0.03425497915193773
COHFACE_s16_session3_natural,49,160,54.333333333333336,0.7463387846946716,-0.23008206836550332
COHFACE_s16_session3_natural,49,161,54.36666666666667,0.6365622282028198,-0.3667355713243288
COHFACE_s16_session3_natural,49,162,54.4,0.48428526520729065,-0.43311489872430287
COHFACE_s16_session3_natural,49,163,54.43333333333333,0.29817065596580505,-0.4276984967660802
COHFACE_s16_session3_natural,49,164,54.46666666666667,0.10380726307630539,-0.3587191627799697
COHFACE_s16_session3_natural,49,165,54.5,-0.06811593472957611,-0.24339629237624966
COHFACE_s16_session3_natural,49,166,54.53333333333333,-0.21368151903152466,-0.10583250136872918
COHFACE_s16_session3_natural,49,167,54.56666666666667,-0.34623828530311584,0.02704008602560066
COHFACE_s16_session3_natural,49,168,54.6,-0.4617505967617035,0.13103842188331777
COHFACE_s16_session3_natural,49,169,54.63333333333333,-0.5665749311447144,0.19002004275932377
COHFACE_s16_session3_natural,49,170,54.666666666666664,-0.6602383255958557,0.19873575361808635
COHFACE_s16_session3_natural,49,171,54.7,-0.7527635097503662,0.16220636564716717
COHFACE_s16_session3_natural,49,172,54.733333333333334,-0.8396711945533752,0.09246589457666643
COHFACE_s16_session3_natural,49,173,54.766666666666666,-0.9141466021537781,0.004680386350154366
COHFACE_s16_session3_natural,49,174,54.8,-0.9898933172225952,-0.08577964096867613
COHFACE_s16_session3_natural,49,175,54.833333333333336,-1.0592243671417236,-0.164913413299618
COHFACE_s16_session3_natural,49,176,54.86666666666667,-1.123455286026001,-0.22070005320637232
COHFACE_s16_session3_natural,49,177,54.9,-1.1907463073730469,-0.24362884804672463
COHFACE_s16_session3_natural,49,178,54.93333333333333,-1.2336901426315308,-0.2283594063622861
COHFACE_s16_session3_natural,49,179,54.96666666666667,-1.1489999294281006,-0.17684573532103373
COHFACE_s16_session3_natural,49,180,55.0,-0.7002995610237122,-0.10102155466533284
COHFACE_s16_session3_natural,49,181,55.03333333333333,0.11848652362823486,-0.021954446707126596
COHFACE_s16_session3_natural,49,182,55.06666666666667,0.9032723307609558,0.0358018515177137
COHFACE_s16_session3_natural,49,183,55.1,1.358698844909668,0.052466455139830476
COHFACE_s16_session3_natural,49,184,55.13333333333333,1.539506435394287,0.019484814304516287
COHFACE_s16_session3_natural,49,185,55.166666666666664,1.5804545879364014,-0.059310628266502616
COHFACE_s16_session3_natural,49,186,55.2,1.5650066137313843,-0.171617791139385
COHFACE_s16_session3_natural,49,187,55.233333333333334,1.4513717889785767,-0.30213303643996153
COHFACE_s16_session3_natural,49,188,55.266666666666666,1.2287585735321045,-0.4358780196667757
COHFACE_s16_session3_natural,49,189,55.3,1.004267930984497,-0.5580212249866148
COHFACE_s16_session3_natural,49,190,55.333333333333336,0.8558788895606995,-0.6514567454769862
COHFACE_s16_session3_natural,49,191,55.36666666666667,0.7650241851806641,-0.6950126502308921
COHFACE_s16_session3_natural,49,192,55.4,0.651965856552124,-0.6651833200534588
COHFACE_s16_session3_natural,49,193,55.43333333333333,0.49117404222488403,-0.5424697666551265
COHFACE_s16_session3_natural,49,194,55.46666666666667,0.30581334233283997,-0.3204215781212498
COHFACE_s16_session3_natural,49,195,55.5,0.11637259274721146,-0.013149277362668936
COHFACE_s16_session3_natural,49,196,55.53333333333333,-0.051204487681388855,0.342968956472793
COHFACE_s16_session3_natural,49,197,55.56666666666667,-0.20252054929733276,0.6954237626622427
COHFACE_s16_session3_natural,49,198,55.6,-0.33855128288269043,0.9882074756138646
COHFACE_s16_session3_natural,49,199,55.63333333333333,-0.45113658905029297,1.1765243361347149
COHFACE_s16_session3_natural,49,200,55.666666666666664,-0.558015763759613,1.2378311058740408
COHFACE_s16_session3_natural,49,201,55.7,-0.6542661190032959,1.1749120989353352
COHFACE_s16_session3_natural,49,202,55.733333333333334,-0.7444703578948975,1.0105693539713039
COHFACE_s16_session3_natural,49,203,55.766666666666666,-0.8385181427001953,0.7775020047129861
COHFACE_s16_session3_natural,49,204,55.8,-0.9241249561309814,0.5085910572433981
COHFACE_s16_session3_natural,49,205,55.833333333333336,-0.9901150465011597,0.23133697300770592
COHFACE_s16_session3_natural,49,206,55.86666666666667,-1.0584557056427002,-0.03317201218714453
COHFACE_s16_session3_natural,49,207,55.9,-1.1211639642715454,-0.26891004026890664
COHFACE_s16_session3_natural,49,208,55.93333333333333,-1.178343653678894,-0.46325605458191166
COHFACE_s16_session3_natural,49,209,55.96666666666667,-1.2364989519119263,-0.605724964668118
COHFACE_s16_session3_natural,49,210,56.0,-1.2300388813018799,-0.6871589653454682
COHFACE_s16_session3_natural,49,211,56.03333333333333,-0.9179309606552124,-0.6998212770080173
COHFACE_s16_session3_natural,49,212,56.06666666666667,-0.1826377809047699,-0.6392506791974301
COHFACE_s16_session3_natural,49,213,56.1,0.6432735919952393,-0.508198341658789
COHFACE_s16_session3_natural,49,214,56.13333333333333,1.182976484298706,-0.32129281286962286
COHFACE_s16_session3_natural,49,215,56.166666666666664,1.3920485973358154,-0.10742226551048174
COHFACE_s16_session3_natural,49,216,56.2,1.4266846179962158,0.09324585600857863
COHFACE_s16_session3_natural,49,217,56.233333333333334,1.3947834968566895,0.23834703779637195
COHFACE_s16_session3_natural,49,218,56.266666666666666,1.2610588073730469,0.29541959955982267
COHFACE_s16_session3_natural,49,219,56.3,1.0358881950378418,0.2516430087195287
COHFACE_s16_session3_natural,49,220,56.333333333333336,0.8353308439254761,0.11720882823513475
COHFACE_s16_session3_natural,49,221,56.36666666666667,0.7177046537399292,-0.07803627981584522
COHFACE_s16_session3_natural,49,222,56.4,0.6533849835395813,-0.2920246167340684
COHFACE_s16_session3_natural,49,223,56.43333333333333,0.5685025453567505,-0.4787889472133037
COHFACE_s16_session3_natural,49,224,56.46666666666667,0.42036473751068115,-0.596243803520959
COHFACE_s16_session3_natural,49,225,56.5,0.24875196814537048,-0.6137332197308504
COHFACE_s16_session3_natural,49,226,56.53333333333333,0.06920088082551956,-0.5193178581079156
COHFACE_s16_session3_natural,49,227,56.56666666666667,-0.104171022772789,-0.32490712093342317
COHFACE_s16_session3_natural,49,228,56.6,-0.2486131191253662,-0.06603277563892455
COHFACE_s16_session3_natural,49,229,56.63333333333333,-0.3750942051410675,0.20572728278701105
COHFACE_s16_session3_natural,49,230,56.666666666666664,-0.4832151234149933,0.43599176610128065
COHFACE_s16_session3_natural,49,231,56.7,-0.5742176175117493,0.5818395697914789
COHFACE_s16_session3_natural,49,232,56.733333333333334,-0.6588931083679199,0.6227036403280547
COHFACE_s16_session3_natural,49,233,56.766666666666666,-0.7480477690696716,0.5652974454985015
COHFACE_s16_session3_natural,49,234,56.8,-0.8351181149482727,0.44105490093308336
COHFACE_s16_session3_natural,49,235,56.833333333333336,-0.9020838737487793,0.29583885668525467
COHFACE_s16_session3_natural,49,236,56.86666666666667,-0.9715627431869507,0.17442009046903909
COHFACE_s16_session3_natural,49,237,56.9,-1.033531904220581,0.10507432090189367
COHFACE_s16_session3_natural,49,238,56.93333333333333,-1.0953681468963623,0.09035628801492696
COHFACE_s16_session3_natural,49,239,56.96666666666667,-1.1686608791351318,0.1078460939457495
COHFACE_s16_session3_natural,50,0,50.0,0.9891452193260193,0.09345952820503103
COHFACE_s16_session3_natural,50,1,50.03333333333333,1.4781581163406372,-0.37900787073965225
COHFACE_s16_session3_natural,50,2,50.06666666666667,1.6457794904708862,-0.7643563567375428
COHFACE_s16_session3_natural,50,3,50.1,1.674191951751709,-1.0046184592698895
COHFACE_s16_session3_natural,50,4,50.13333333333333,1.6340420246124268,-1.0894949064871566
COHFACE_s16_session3_natural,50,5,50.166666666666664,1.4808189868927002,-1.0541203048724785
COHFACE_s16_session3_natural,50,6,50.2,1.2230819463729858,-0.9575770462695494
COHFACE_s16_session3_natural,50,7,50.233333333333334,0.9916730523109436,-0.8540983635731272
COHFACE_s16_session3_natural,50,8,50.266666666666666,0.853232741355896,-0.771525954565336
COHFACE_s16_session3_natural,50,9,50.3,0.7544545531272888,-0.7056081299816854
COHFACE_s16_session3_natural,50,10,50.333333333333336,0.6329552531242371,-0.6295618818510417
COHFACE_s16_session3_natural,50,11,50.36666666666667,0.4592876732349396,-0.5116990332466447
COHFACE_s16_session3_natural,50,12,50.4,0.26347556710243225,-0.3326993613767198
COHFACE_s16_session3_natural,50,13,50.43333333333333,0.06710173934698105,-0.09640730327581158
COHFACE_s16_session3_natural,50,14,50.46666666666667,-0.11379458010196686,0.1691080595487444
COHFACE_s16_session3_natural,50,15,50.5,-0.2730046212673187,0.42017711898915855
COHFACE_s16_session3_natural,50,16,50.53333333333333,-0.41100144386291504,0.6117837098378952
COHFACE_s16_session3_natural,50,17,50.56666666666667,-0.5332842469215393,0.7108232889757485
COHFACE_s16_session3_natural,50,18,50.6,-0.6283667683601379,0.7026920100580336
COHFACE_s16_session3_natural,50,19,50.63333333333333,-0.7236562967300415,0.5895415080478202
COHFACE_s16_session3_natural,50,20,50.666666666666664,-0.8235136270523071,0.3832685390308023
COHFACE_s16_session3_natural,50,21,50.7,-0.9090021848678589,0.09892241758974175
COHFACE_s16_session3_natural,50,22,50.733333333333334,-0.9896715879440308,-0.24687629562596977
COHFACE_s16_session3_natural,50,23,50.766666666666666,-1.0704740285873413,-0.6316819718433455
COHFACE_s16_session3_natural,50,24,50.8,-1.13770592212677,-1.0203892065960378
COHFACE_s16_session3_natural,50,25,50.833333333333336,-1.1965559720993042,-1.361414207037838
COHFACE_s16_session3_natural,50,26,50.86666666666667,-1.2562042474746704,-1.5908902762305408
COHFACE_s16_session3_natural,50,27,50.9,-1.2746975421905518,-1.6462251594351642
COHFACE_s16_session3_natural,50,28,50.93333333333333,-1.0547451972961426,-1.4851693480456336
COHFACE_s16_session3_natural,50,29,50.96666666666667,-0.39425262808799744,-1.1029084604301562
COHFACE_s16_session3_natural,50,30,51.0,0.46849730610847473,-0.5398769968467394
COHFACE_s16_session3_natural,50,31,51.03333333333333,1.1100088357925415,0.12379188002201023
COHFACE_s16_session3_natural,50,32,51.06666666666667,1.3921372890472412,0.7867958901037184
COHFACE_s16_session3_natural,50,33,51.1,1.4553778171539307,1.3526091921179106
COHFACE_s16_session3_natural,50,34,51.13333333333333,1.4471882581710815,1.7528585297172175
COHFACE_s16_session3_natural,50,35,51.166666666666664,1.3458526134490967,1.9586043948250722
COHFACE_s16_session3_natural,50,36,51.2,1.1288421154022217,1.9769145248637443
COHFACE_s16_session3_natural,50,37,51.233333333333334,0.9011583924293518,1.8380870158227742
COHFACE_s16_session3_natural,50,38,51.266666666666666,0.765068531036377,1.5817984390211968
COHFACE_s16_session3_natural,50,39,51.3,0.6901052594184875,1.2480051197819397
COHFACE_s16_session3_natural,50,40,51.333333333333336,0.6061984896659851,0.8737952616900119
COHFACE_s16_session3_natural,50,41,51.36666666666667,0.4691034257411957,0.4936909668562273
COHFACE_s16_session3_natural,50,42,51.4,0.281747043132782,0.13984993213494823
COHFACE_s16_session3_natural,50,43,51.43333333333333,0.09252803772687912,-0.1601411617649937
COHFACE_s16_session3_natural,50,44,51.46666666666667,-0.08110995590686798,-0.3879909116070726
COHFACE_s16_session3_natural,50,45,51.5,-0.23375646770000458,-0.5398455827761941
COHFACE_s16_session3_natural,50,46,51.53333333333333,-0.3648201823234558,-0.6284077116189146
COHFACE_s16_session3_natural,50,47,51.56666666666667,-0.46708714962005615,-0.6792767628255731
COHFACE_s16_session3_natural,50,48,51.6,-0.5578975081443787,-0.7216104517826728
COHFACE_s16_session3_natural,50,49,51.63333333333333,-0.6475843191146851,-0.776334139334063
COHFACE_s16_session3_natural,50,50,51.666666666666664,-0.7331911325454712,-0.8465099342605293
COHFACE_s16_session3_natural,50,51,51.7,-0.8176892399787903,-0.9139001297391661
COHFACE_s16_session3_natural,50,52,51.733333333333334,-0.8901985883712769,-0.9438903080788633
COHFACE_s16_session3_natural,50,53,51.766666666666666,-0.9608304500579834,-0.8981670963636387
COHFACE_s16_session3_natural,50,54,51.8,-1.0363259315490723,-0.7512971762997613
COHFACE_s16_session3_natural,50,55,51.833333333333336,-1.1093378067016602,-0.5044779784660135
COHFACE_s16_session3_natural,50,56,51.86666666666667,-1.1784766912460327,-0.1890097449501577
COHFACE_s16_session3_natural,50,57,51.9,-1.2268457412719727,0.14385709154482912
COHFACE_s16_session3_natural,50,58,51.93333333333333,-1.133226752281189,0.44173007186257524
COHFACE_s16_session3_natural,50,59,51.96666666666667,-0.6564983129501343,0.6679023041933297
COHFACE_s16_session3_natural,50,60,52.0,0.10927687585353851,0.8080045647474369
COHFACE_s16_session3_natural,50,61,52.03333333333333,0.7686015963554382,0.8656984152797622
COHFACE_s16_session3_natural,50,62,52.06666666666667,1.0945608615875244,0.8526314530006311
COHFACE_s16_session3_natural,50,63,52.1,1.1660058498382568,0.7793823235528302
COHFACE_s16_session3_natural,50,64,52.13333333333333,1.1438021659851074,0.6515022049676714
COHFACE_s16_session3_natural,50,65,52.166666666666664,1.023589015007019,0.47067079683828283
COHFACE_s16_session3_natural,50,66,52.2,0.8048340678215027,0.2383701062136158
COHFACE_s16_session3_natural,50,67,52.233333333333334,0.5918887853622437,-0.04042404157455065
COHFACE_s16_session3_natural,50,68,52.266666666666666,0.4895775020122528,-0.3540801940067173
COHFACE_s16_session3_natural,50,69,52.3,0.4545276463031769,-0.6809363533814747
COHFACE_s16_session3_natural,50,70,52.333333333333336,0.3918488323688507,-0.9861048195240858
COHFACE_s16_session3_natural,50,71,52.36666666666667,0.2768835127353668,-1.2213366807650388
COHFACE_s16_session3_natural,50,72,52.4,0.11779173463582993,-1.3320254959165767
COHFACE_s16_session3_natural,50,73,52.43333333333333,-0.050184477120637894,-1.273104571706504
COHFACE_s16_session3_natural,50,74,52.46666666666667,-0.21758416295051575,-1.0297484607633802
COHFACE_s16_session3_natural,50,75,52.5,-0.3683532774448395,-0.6327096021592132
COHFACE_s16_session3_natural,50,76,52.53333333333333,-0.4770507216453552,-0.156776122172089
COHFACE_s16_session3_natural,50,77,52.56666666666667,-0.5719854235649109,0.30159491100822167
COHFACE_s16_session3_natural,50,78,52.6,-0.6612731218338013,0.6573980291246818
COHFACE_s16_session3_natural,50,79,52.63333333333333,-0.7424451112747192,0.8628264722020833
COHFACE_s16_session3_natural,50,80,52.666666666666664,-0.8125744462013245,0.9140000177628688
COHFACE_s16_session3_natural,50,81,52.7,-0.8837680816650391,0.8403889512514167
COHFACE_s16_session3_natural,50,82,52.733333333333334,-0.9512956142425537,0.6868046381349642
COHFACE_s16_session3_natural,50,83,52.766666666666666,-1.0208631753921509,0.4976519767932579
COHFACE_s16_session3_natural,50,84,52.8,-1.0921602249145508,0.3080134678304224
COHFACE_s16_session3_natural,50,85,52.833333333333336,-1.1567164659500122,0.1409385954001596
COHFACE_s16_session3_natural,50,86,52.86666666666667,-1.2192622423171997,0.008320224288111843
COHFACE_s16_session3_natural,50,87,52.9,-1.22711181640625,-0.08660287433578279
COHFACE_s16_session3_natural,50,88,52.93333333333333,-1.0085195302963257,-0.1459737170613712
COHFACE_s16_session3_natural,50,89,52.96666666666667,-0.38270729780197144,-0.17365756084388415
COHFACE_s16_session3_natural,50,90,53.0,0.40197500586509705,-0.17181247298929173
COHFACE_s16_session3_natural,50,91,53.03333333333333,0.9556770920753479,-0.13892158180451952
COHFACE_s16_session3_natural,50,92,53.06666666666667,1.1738998889923096,-0.07076646173304003
COHFACE_s16_session3_natural,50,93,53.1,1.2179375886917114,0.03528384220660923
COHFACE_s16_session3_natural,50,94,53.13333333333333,1.191358208656311,0.17469164661906905
COHFACE_s16_session3_natural,50,95,53.166666666666664,1.0676414966583252,0.33260671970901307
COHFACE_s16_session3_natural,50,96,53.2,0.8564997315406799,0.48599331871065793
COHFACE_s16_session3_natural,50,97,53.233333333333334,0.6579380631446838,0.6105721542362889
COHFACE_s16_session3_natural,50,98,53.266666666666666,0.5620129108428955,0.688569121324648
COHFACE_s16_session3_natural,50,99,53.3,0.5030445456504822,0.7125497934828142
COHFACE_s16_session3_natural,50,100,53.333333333333336,0.4277708828449249,0.6838444420322795
COHFACE_s16_session3_natural,50,101,53.36666666666667,0.3032263517379761,0.6081073081859698
COHFACE_s16_session3_natural,50,102,53.4,0.13353534042835236,0.4917182265891019
COHFACE_s16_session3_natural,50,103,53.43333333333333,-0.04042787477374077,0.34064382503970486
COHFACE_s16_session3_natural,50,104,53.46666666666667,-0.19946052134037018,0.16030838722334592
COHFACE_s16_session3_natural,50,105,53.5,-0.3366442918777466,-0.045785456125202025
COHFACE_s16_session3_natural,50,106,53.53333333333333,-0.44914090633392334,-0.27830676648998515
COHFACE_s16_session3_natural,50,107,53.56666666666667,-0.5475643277168274,-0.5417512146233829
COHFACE_s16_session3_natural,50,108,53.6,-0.6322694420814514,-0.8382656781876836
COHFACE_s16_session3_natural,50,109,53.63333333333333,-0.7211875915527344,-1.1566900176827746
COHFACE_s16_session3_natural,50,110,53.666666666666664,-0.8220353722572327,-1.463425627409749
COHFACE_s16_session3_natural,50,111,53.7,-0.904035210609436,-1.7032515216256885
COHFACE_s16_session3_natural,50,112,53.733333333333334,-0.9710305333137512,-1.8129627143122666
COHFACE_s16_session3_natural,50,113,53.766666666666666,-1.0313589572906494,-1.742858553069027
COHFACE_s16_session3_natural,50,114,53.8,-1.0893219709396362,-1.4765425967453698
COHFACE_s16_session3_natural,50,115,53.833333333333336,-1.154646873474121,-1.0400469564921921
COHFACE_s16_session3_natural,50,116,53.86666666666667,-1.213437795639038,-0.4959190215359538
COHFACE_s16_session3_natural,50,117,53.9,-1.251858115196228,0.07519747855968698
COHFACE_s16_session3_natural,50,118,53.93333333333333,-1.1752983331680298,0.5968051168043768
COHFACE_s16_session3_natural,50,119,53.96666666666667,-0.7138996720314026,1.0128139679842065
COHFACE_s16_session3_natural,50,120,54.0,0.10861165076494217,1.2932216107763757
COHFACE_s16_session3_natural,50,121,54.03333333333333,0.8679415583610535,1.4312369495590351
COHFACE_s16_session3_natural,50,122,54.06666666666667,1.3147644996643066,1.4366156017216616
COHFACE_s16_session3_natural,50,123,54.1,1.4847807884216309,1.3289981377859563
COHFACE_s16_session3_natural,50,124,54.13333333333333,1.540644645690918,1.133070764639941
COHFACE_s16_session3_natural,50,125,54.166666666666664,1.5379542112350464,0.8758285144447104
COHFACE_s16_session3_natural,50,126,54.2,1.4099652767181396,0.5853627466156804
COHFACE_s16_session3_natural,50,127,54.233333333333334,1.1767677068710327,0.29019593612497796
COHFACE_s16_session3_natural,50,128,54.266666666666666,0.9687598347663879,0.01806932659741338
COHFACE_s16_session3_natural,50,129,54.3,0.8420865535736084,-0.20643806768469167
COHFACE_s16_session3_natural,50,130,54.333333333333336,0.7463387846946716,-0.3649763771420343
COHFACE_s16_session3_natural,50,131,54.36666666666667,0.6365622282028198,-0.44786321260481377
COHFACE_s16_session3_natural,50,132,54.4,0.48428526520729065,-0.4548293818198374
COHFACE_s16_session3_natural,50,133,54.43333333333333,0.29817065596580505,-0.3940360103116284
COHFACE_s16_session3_natural,50,134,54.46666666666667,0.10380726307630539,-0.2802307330951783
COHFACE_s16_session3_natural,50,135,54.5,-0.06811593472957611,-0.1329387862367429
COHFACE_s16_session3_natural,50,136,54.53333333333333,-0.21368151903152466,0.02527883783797137
COHFACE_s16_session3_natural,50,137,54.56666666666667,-0.34623828530311584,0.17121652912106566
COHFACE_s16_session3_natural,50,138,54.6,-0.4617505967617035,0.28447393540862276
COHFACE_s16_session3_natural,50,139,54.63333333333333,-0.5665749311447144,0.3512036739620629
COHFACE_s16_session3_natural,50,140,54.666666666666664,-0.6602383255958557,0.36639662832621
COHFACE_s16_session3_natural,50,141,54.7,-0.7527635097503662,0.33334635218747166
COHFACE_s16_session3_natural,50,142,54.733333333333334,-0.8396711945533752,0.2608348092391331
COHFACE_s16_session3_natural,50,143,54.766666666666666,-0.9141466021537781,0.16006604838411398
COHFACE_s16_session3_natural,50,144,54.8,-0.9898933172225952,0.04288238922556689
COHFACE_s16_session3_natural,50,145,54.833333333333336,-1.0592243671417236,-0.0786503883226566
COHFACE_s16_session3_natural,50,146,54.86666666666667,-1.123455286026001,-0.1920280842750738
COHFACE_s16_session3_natural,50,147,54.9,-1.1907463073730469,-0.2844816586422841
COHFACE_s16_session3_natural,50,148,54.93333333333333,-1.2336901426315308,-0.3446615170316041
COHFACE_s16_session3_natural,50,149,54.96666666666667,-1.1489999294281006,-0.3660942871929912
COHFACE_s16_session3_natural,50,150,55.0,-0.7002995610237122,-0.35070123671159353
COHFACE_s16_session3_natural,50,151,55.03333333333333,0.11848652362823486,-0.3096409801087599
COHFACE_s16_session3_natural,50,152,55.06666666666667,0.9032723307609558,-0.2602430613047052
COHFACE_s16_session3_natural,50,153,55.1,1.358698844909668,-0.22040878082189425
COHFACE_s16_session3_natural,50,154,55.13333333333333,1.539506435394287,-0.2032566107418994
COHFACE_s16_session3_natural,50,155,55.166666666666664,1.5804545879364014,-0.2142485110234323
COHFACE_s16_session3_natural,50,156,55.2,1.5650066137313843,-0.25125792739208724
COHFACE_s16_session3_natural,50,157,55.233333333333334,1.4513717889785767,-0.30648734044031245
COHFACE_s16_session3_natural,50,158,55.266666666666666,1.2287585735321045,-0.36881884574557255
COHFACE_s16_session3_natural,50,159,55.3,1.004267930984497,-0.4256584057076175
COHFACE_s16_session3_natural,50,160,55.333333333333336,0.8558788895606995,-0.46385350089324373
COHFACE_s16_session3_natural,50,161,55.36666666666667,0.7650241851806641,-0.46992027129044023
COHFACE_s16_session3_natural,50,162,55.4,0.651965856552124,-0.43065172609630437
COHFACE_s16_session3_natural,50,163,55.43333333333333,0.49117404222488403,-0.335284928508893
COHFACE_s16_session3_natural,50,164,55.46666666666667,0.30581334233283997,-0.17925773895110694
COHFACE_s16_session3_natural,50,165,55.5,0.11637259274721146,0.031746450750078016
COHFACE_s16_session3_natural,50,166,55.53333333333333,-0.051204487681388855,0.2792026672739064
COHFACE_s16_session3_natural,50,167,55.56666666666667,-0.20252054929733276,0.5323456201149827
COHFACE_s16_session3_natural,50,168,55.6,-0.33855128288269043,0.7535739451764737
COHFACE_s16_session3_natural,50,169,55.63333333333333,-0.45113658905029297,0.9084271623803896
COHFACE_s16_session3_natural,50,170,55.666666666666664,-0.558015763759613,0.9761674747671308
COHFACE_s16_session3_natural,50,171,55.7,-0.6542661190032959,0.9550916087468067
COHFACE_s16_session3_natural,50,172,55.733333333333334,-0.7444703578948975,0.859593634335585
COHFACE_s16_session3_natural,50,173,55.766666666666666,-0.8385181427001953,0.7114031960550066
COHFACE_s16_session3_natural,50,174,55.8,-0.9241249561309814,0.5309189666334192
COHFACE_s16_session3_natural,50,175,55.833333333333336,-0.9901150465011597,0.333605373873447
COHFACE_s16_session3_natural,50,176,55.86666666666667,-1.0584557056427002,0.13180035508434412
COHFACE_s16_session3_natural,50,177,55.9,-1.1211639642715454,-0.06174337942825679
COHFACE_s16_session3_natural,50,178,55.93333333333333,-1.178343653678894,-0.23223159708084445
COHFACE_s16_session3_natural,50,179,55.96666666666667,-1.2364989519119263,-0.36394563582800327
COHFACE_s16_session3_natural,50,180,56.0,-1.2300388813018799,-0.4426028457650012
COHFACE_s16_session3_natural,50,181,56.03333333333333,-0.9179309606552124,-0.4574330758311476
COHFACE_s16_session3_natural,50,182,56.06666666666667,-0.1826377809047699,-0.4032376416074797
COHFACE_s16_session3_natural,50,183,56.1,0.6432735919952393,-0.2836726485333553
COHFACE_s16_session3_natural,50,184,56.13333333333333,1.182976484298706,-0.11536096622616233
COHFACE_s16_session3_natural,50,185,56.166666666666664,1.3920485973358154,0.07012622402630016
COHFACE_s16_session3_natural,50,186,56.2,1.4266846179962158,0.23000025412525038
COHFACE_s16_session3_natural,50,187,56.233333333333334,1.3947834968566895,0.3207516523504852
COHFACE_s16_session3_natural,50,188,56.266666666666666,1.2610588073730469,0.31200526623520913
COHFACE_s16_session3_natural,50,189,56.3,1.0358881950378418,0.19740765333743485
COHFACE_s16_session3_natural,50,190,56.333333333333336,0.8353308439254761,-0.002575429037603631
COHFACE_s16_session3_natural,50,191,56.36666666666667,0.7177046537399292,-0.24691230857487936
COHFACE_s16_session3_natural,50,192,56.4,0.6533849835395813,-0.48612211947256284
COHFACE_s16_session3_natural,50,193,56.43333333333333,0.5685025453567505,-0.675139014105236
COHFACE_s16_session3_natural,50,194,56.46666666666667,0.42036473751068115,-0.7827560251521877
COHFACE_s16_session3_natural,50,195,56.5,0.24875196814537048,-0.796204969298093
COHFACE_s16_session3_natural,50,196,56.53333333333333,0.06920088082551956,-0.7218582762532341
COHFACE_s16_session3_natural,50,197,56.56666666666667,-0.104171022772789,-0.583229840631734
COHFACE_s16_session3_natural,50,198,56.6,-0.2486131191253662,-0.4156243908268447
COHFACE_s16_session3_natural,50,199,56.63333333333333,-0.3750942051410675,-0.256443362660343
COHFACE_s16_session3_natural,50,200,56.666666666666664,-0.4832151234149933,-0.13331524655533047
COHFACE_s16_session3_natural,50,201,56.7,-0.5742176175117493,-0.05526496926275079
COHFACE_s16_session3_natural,50,202,56.733333333333334,-0.6588931083679199,-0.011162384023144442
COHFACE_s16_session3_natural,50,203,56.766666666666666,-0.7480477690696716,0.02399004217331801
COHFACE_s16_session3_natural,50,204,56.8,-0.8351181149482727,0.07755276139568669
COHFACE_s16_session3_natural,50,205,56.833333333333336,-0.9020838737487793,0.16678239153938593
COHFACE_s16_session3_natural,50,206,56.86666666666667,-0.9715627431869507,0.2900211600271448
COHFACE_s16_session3_natural,50,207,56.9,-1.033531904220581,0.42552399633367155
COHFACE_s16_session3_natural,50,208,56.93333333333333,-1.0953681468963623,0.539933906607692
COHFACE_s16_session3_natural,50,209,56.96666666666667,-1.1686608791351318,0.6040381132629543
COHFACE_s16_session3_natural,50,210,57.0,-1.227378010749817,0.6078306507870691
COHFACE_s16_session3_natural,50,211,57.03333333333333,-1.1808714866638184,0.5655586624087076
COHFACE_s16_session3_natural,50,212,57.06666666666667,-0.8244006037712097,0.5074993909906682
COHFACE_s16_session3_natural,50,213,57.1,-0.07046639174222946,0.46365788440884564
COHFACE_s16_session3_natural,50,214,57.13333333333333,0.7073715329170227,0.44860002343760697
COHFACE_s16_session3_natural,50,215,57.166666666666664,1.1634336709976196,0.45482767163988097
COHFACE_s16_session3_natural,50,216,57.2,1.300159215927124,0.45688595001240473
COHFACE_s16_session3_natural,50,217,57.233333333333334,1.279670238494873,0.42309652847054857
COHFACE_s16_session3_natural,50,218,57.266666666666666,1.1994444131851196,0.3290419532436449
COHFACE_s16_session3_natural,50,219,57.3,1.019257664680481,0.1673405160447146
COHFACE_s16_session3_natural,50,220,57.333333333333336,0.7821869254112244,-0.049149334851212714
COHFACE_s16_session3_natural,50,221,57.36666666666667,0.6185272932052612,-0.29060713129678073
COHFACE_s16_session3_natural,50,222,57.4,0.5560406446456909,-0.5180415875938796
COHFACE_s16_session3_natural,50,223,57.43333333333333,0.5170142650604248,-0.6928253989189309
COHFACE_s16_session3_natural,50,224,57.46666666666667,0.43159961700439453,-0.7851006110600292
COHFACE_s16_session3_natural,50,225,57.5,0.28489574790000916,-0.7790841037577079
COHFACE_s16_session3_natural,50,226,57.53333333333333,0.10948383808135986,-0.6751362089688113
COHFACE_s16_session3_natural,50,227,57.56666666666667,-0.06212892755866051,-0.48976557148832717
COHFACE_s16_session3_natural,50,228,57.6,-0.22874511778354645,-0.2543258213095455
COHFACE_s16_session3_natural,50,229,57.63333333333333,-0.3666384816169739,-0.011608537995983458
COHFACE_s16_session3_natural,50,230,57.666666666666664,-0.47641506791114807,0.19142144182144483
COHFACE_s16_session3_natural,50,231,57.7,-0.5789185166358948,0.3151560093751207
COHFACE_s16_session3_natural,50,232,57.733333333333334,-0.67207932472229,0.34001725495536905
COHFACE_s16_session3_natural,50,233,57.766666666666666,-0.7560600638389587,0.27448632169408654
COHFACE_s16_session3_natural,50,234,57.8,-0.8382668495178223,0.15369972107178964
COHFACE_s16_session3_natural,50,235,57.833333333333336,-0.9230014681816101,0.027908121990774915
COHFACE_s16_session3_natural,50,236,57.86666666666667,-0.9976690411567688,-0.05525873190079718
COHFACE_s16_session3_natural,50,237,57.9,-1.0633339881896973,-0.06787439885271285
COHFACE_s16_session3_natural,50,238,57.93333333333333,-1.126441478729248,-0.011442865689224783
COHFACE_s16_session3_natural,50,239,57.96666666666667,-1.1864445209503174,0.08441885296577781
