run_name,dataset,protocol,recording_id,measurement_id,aggregation_unit,start_frame,end_frame,start_second,end_second,duration_seconds,predicted_hr_bpm,gt_hr_bpm,signed_error_bpm,absolute_error_bpm,absolute_percentage_error,waveform_pearson,snr_db,signal_samples,gt_signal_mean,gt_signal_std,prediction_signal_mean,prediction_signal_std,fft_bin_spacing_bpm,failure_type
UBFC_A4_L3_C050_SEED101/Eval_On_PURE,PURE,old,1001,0,window,0,240,0.0,8.0,8.0,89.0,87.0,2.0,2.0,2.2988505747126435,0.716634684088305,nan,240,0.012109502253091532,0.9291444445939007,-0.001366608087248298,0.9224911208790311,1.0,correct
UBFC_A4_L3_C050_SEED101/Eval_On_PURE,PURE,old,1001,1,window,30,270,1.0,9.0,8.0,90.0,89.0,1.0,1.0,1.1235955056179776,0.66307873214944,nan,240,0.005612242486159352,0.8925954385757227,0.02835213439465706,0.9693104574763329,1.0,correct
UBFC_A4_L3_C050_SEED101/Eval_On_PURE,PURE,old,1001,2,window,60,300,2.0,10.0,8.0,90.0,90.0,0.0,0.0,0.0,0.7437252579591696,nan,240,-0.029831142524477508,0.8972007942527259,-0.03385811442019115,0.9615424156315888,1.0,correct
UBFC_A4_L3_C050_SEED101/Eval_On_PURE,PURE,old,1001,3,window,90,330,3.0,11.0,8.0,89.0,89.0,0.0,0.0,0.0,0.7273208075161763,nan,240,-0.002230533595124366,0.8995907723683623,0.03465356002339508,0.9513771707959423,1.0,correct
UBFC_A4_L3_C050_SEED101/Eval_On_PURE,PURE,old,1001,4,window,120,360,4.0,12.0,8.0,87.0,87.0,0.0,0.0,0.0,0.7264384371212348,nan,240,-0.031631954066646574,0.8800825720710609,0.0007142185534290986,0.9341408056281393,1.0,correct
UBFC_A4_L3_C050_SEED101/Eval_On_PURE,PURE,old,1001,5,window,150,390,5.0,13.0,8.0,84.0,85.0,-1.0,1.0,1.1764705882352942,0.7490011830765011,nan,240,0.003268854676497767,0.9266425769195026,0.022275059270449312,0.942787148824896,1.0,correct
UBFC_A4_L3_C050_SEED101/Eval_On_PURE,PURE,old,1001,6,window,180,420,6.0,14.0,8.0,83.0,84.0,-1.0,1.0,1.1904761904761905,0.7373034143405407,nan,240,0.007440478709634557,0.9062344527495125,0.013940114442427624,0.9606677263206207,1.0,correct
UBFC_A4_L3_C050_SEED101/Eval_On_PURE,PURE,old,1001,7,window,210,450,7.0,15.0,8.0,83.0,83.0,0.0,0.0,0.0,0.7351115331738932,nan,240,-0.006390778092449516,0.9235563428289189,-0.0023516386679062564,0.9674035627168324,1.0,correct
UBFC_A4_L3_C050_SEED101/Eval_On_PURE,PURE,old,1001,8,window,240,480,8.0,16.0,8.0,83.0,83.0,0.0,0.0,0.0,0.8188433255843259,nan,240,0.006241758407251408,0.9286894819670819,-0.002297439065919249,0.9186989031783807,1.0,correct
UBFC_A4_L3_C050_SEED101/Eval_On_PURE,PURE,old,1001,9,window,270,510,9.0,17.0,8.0,82.0,83.0,-1.0,1.0,1.2048192771084338,0.7348053971145058,nan,240,0.004455285080204599,0.9462779174970816,0.029770279280262872,0.960716782220354,1.0,correct
UBFC_A4_L3_C050_SEED101/Eval_On_PURE,PURE,old,1001,10,window,300,540,10.0,18.0,8.0,83.0,83.0,0.0,0.0,0.0,0.76136593256254,nan,240,0.03140976396618026,0.9678633738154094,-0.020826242228009058,0.9654912072882839,1.0,correct
UBFC_A4_L3_C050_SEED101/Eval_On_PURE,PURE,old,1001,11,window,330,570,11.0,19.0,8.0,83.0,83.0,0.0,0.0,0.0,0.816345102728248,nan,240,0.03300801977090496,0.9669219035435225,-0.0036022510733764537,0.9448144112147685,1.0,correct
UBFC_A4_L3_C050_SEED101/Eval_On_PURE,PURE,old,1001,12,window,360,600,12.0,20.0,8.0,82.0,82.0,0.0,0.0,0.0,0.7912926673485193,nan,240,0.013106804771611073,0.98033752889073,0.019089136088945517,0.9560684099687529,1.0,correct
UBFC_A4_L3_C050_SEED101/Eval_On_PURE,PURE,old,1001,13,window,390,630,13.0,21.0,8.0,82.0,82.0,0.0,0.0,0.0,0.85932234907607,nan,240,0.0050617005435983934,0.9897536856623395,0.004224819798273208,0.9120755307941115,1.0,correct
UBFC_A4_L3_C050_SEED101/Eval_On_PURE,PURE,old,1001,14,window,420,660,14.0,22.0,8.0,82.0,82.0,0.0,0.0,0.0,0.8186353968141639,nan,240,0.0036963838369353428,0.9998664310641274,0.02886393418394023,0.9581326548491443,1.0,correct
UBFC_A4_L3_C050_SEED101/Eval_On_PURE,PURE,old,1001,15,window,450,690,15.0,23.0,8.0,82.0,82.0,0.0,0.0,0.0,0.7718909349687223,nan,240,-0.009531643771781069,1.0094673187412821,-0.008668415217069892,0.9717071204755641,1.0,correct
UBFC_A4_L3_C050_SEED101/Eval_On_PURE,PURE,old,1001,16,window,480,720,16.0,24.0,8.0,82.0,82.0,0.0,0.0,0.0,0.8401576278897815,nan,240,-0.0038493863596680573,1.016033787434423,-0.010486340483457519,0.9325746975853335,1.0,correct
UBFC_A4_L3_C050_SEED101/Eval_On_PURE,PURE,old,1001,17,window,510,750,17.0,25.0,8.0,82.0,82.0,0.0,0.0,0.0,0.8064025807693659,nan,240,0.01202563507416075,1.0098031361373345,0.037017959452566265,0.9495919470205404,1.0,correct
UBFC_A4_L3_C050_SEED101/Eval_On_PURE,PURE,old,1001,18,window,540,780,18.0,26.0,8.0,82.0,82.0,0.0,0.0,0.0,0.821596862317665,nan,240,0.01014107014841966,0.999440279685109,-0.020942053115924786,0.9585199276775807,1.0,correct
UBFC_A4_L3_C050_SEED101/Eval_On_PURE,PURE,old,1001,19,window,570,810,19.0,27.0,8.0,82.0,82.0,0.0,0.0,0.0,0.8108934630052816,nan,240,0.03444093092028997,0.990498402280793,0.0031986052835097367,0.9460570183377193,1.0,correct
UBFC_A4_L3_C050_SEED101/Eval_On_PURE,PURE,old,1001,20,window,600,840,20.0,28.0,8.0,82.0,82.0,0.0,0.0,0.0,0.8093801980596061,nan,240,0.01955206005988522,0.973733882175484,0.014218160963491478,0.9575126602256296,1.0,correct
UBFC_A4_L3_C050_SEED101/Eval_On_PURE,PURE,old,1001,21,window,630,870,21.0,29.0,8.0,83.0,84.0,-1.0,1.0,1.1904761904761905,0.7964841398754047,nan,240,0.015937350509364255,0.9642752734052344,-0.0047292616749981305,0.9340091924861829,1.0,correct
UBFC_A4_L3_C050_SEED101/Eval_On_PURE,PURE,old,1001,22,window,660,900,22.0,30.0,8.0,82.0,84.0,-2.0,2.0,2.380952380952381,0.699638144267555,nan,240,-0.012455615498543316,0.9781401071293867,0.029777912386445546,0.9729343439341712,1.0,correct
UBFC_A4_L3_C050_SEED101/Eval_On_PURE,PURE,old,1001,23,window,690,930,23.0,31.0,8.0,83.0,85.0,-2.0,2.0,2.3529411764705883,0.6822204545157056,nan,240,0.041148256918302865,0.9850919875297418,-0.0009836473740475952,0.9674234979932022,1.0,correct
UBFC_A4_L3_C050_SEED101/Eval_On_PURE,PURE,old,1001,24,window,720,960,24.0,32.0,8.0,84.0,86.0,-2.0,2.0,2.3255813953488373,0.7541864972797084,nan,240,0.007469155139880209,0.9708777384016583,0.011871536667342331,0.9446912604940416,1.0,correct
UBFC_A4_L3_C050_SEED101/Eval_On_PURE,PURE,old,1001,25,window,750,990,25.0,33.0,8.0,84.0,86.0,-2.0,2.0,2.3255813953488373,0.7191599941728981,nan,240,0.021798152838358377,0.9982792020479613,0.01032653153065326,0.9441896440657671,1.0,correct
UBFC_A4_L3_C050_SEED101/Eval_On_PURE,PURE,old,1001,26,window,780,1020,26.0,34.0,8.0,86.0,87.0,-1.0,1.0,1.1494252873563218,0.7906008874506613,nan,240,0.021585355518683753,0.9730543245215463,-0.004114101692970566,0.8982320906927651,1.0,correct
UBFC_A4_L3_C050_SEED101/Eval_On_PURE,PURE,old,1001,27,window,810,1050,27.0,35.0,8.0,85.0,86.0,-1.0,1.0,1.1627906976744187,0.7021795000277039,nan,240,-0.042212077487385494,0.985867144690667,-0.007419870511229154,0.9156901193290147,1.0,correct
UBFC_A4_L3_C050_SEED101/Eval_On_PURE,PURE,old,1001,28,window,840,1080,28.0,36.0,8.0,86.0,86.0,0.0,0.0,0.0,0.7346282720077126,nan,240,0.03550138986256433,0.9871835293177237,-0.0052879471802989905,0.9132502063422784,1.0,correct
UBFC_A4_L3_C050_SEED101/Eval_On_PURE,PURE,old,1001,29,window,870,1110,29.0,37.0,8.0,85.0,86.0,-1.0,1.0,1.1627906976744187,0.6877894289404106,nan,240,-0.025155746440962853,0.9750800842124339,0.004699541556980178,0.8967804985167331,1.0,correct
UBFC_A4_L3_C050_SEED101/Eval_On_PURE,PURE,old,1001,30,window,900,1140,30.0,38.0,8.0,85.0,86.0,-1.0,1.0,1.1627906976744187,0.6785935580812817,nan,240,0.01501264942932048,0.9899880953221311,0.026777343239222783,0.9314040038202899,1.0,correct
UBFC_A4_L3_C050_SEED101/Eval_On_PURE,PURE,old,1001,31,window,930,1170,31.0,39.0,8.0,85.0,86.0,-1.0,1.0,1.1627906976744187,0.6907915087849115,nan,240,-0.01909466428168734,0.9776354035183354,0.01753073021677105,0.9181355872360659,1.0,correct
UBFC_A4_L3_C050_SEED101/Eval_On_PURE,PURE,old,1001,32,window,960,1200,32.0,40.0,8.0,84.0,85.0,-1.0,1.0,1.1764705882352942,0.6560827312012975,nan,240,-0.013239324129879746,1.0135310095931989,0.007651481417378314,0.9194726474994077,1.0,correct
UBFC_A4_L3_C050_SEED101/Eval_On_PURE,PURE,old,1001,33,window,990,1230,33.0,41.0,8.0,86.0,86.0,0.0,0.0,0.0,0.7406502861231151,nan,240,-0.005637339026368263,0.9854237190111833,-0.007307350930141924,0.9021084854159936,1.0,correct
UBFC_A4_L3_C050_SEED101/Eval_On_PURE,PURE,old,1001,34,window,1020,1260,34.0,42.0,8.0,85.0,86.0,-1.0,1.0,1.1627906976744187,0.6929944897061979,nan,240,-0.020235348951432974,0.9941237058084816,-0.02368675252915544,0.9008676586862068,1.0,correct
UBFC_A4_L3_C050_SEED101/Eval_On_PURE,PURE,old,1001,35,window,1050,1290,35.0,43.0,8.0,85.0,85.0,0.0,0.0,0.0,0.6285818456311932,nan,240,0.0377932283749975,0.9926119805448986,-0.005114770485332974,0.9282221835584573,1.0,correct
UBFC_A4_L3_C050_SEED101/Eval_On_PURE,PURE,old,1001,36,window,1080,1320,36.0,44.0,8.0,84.0,85.0,-1.0,1.0,1.1764705882352942,0.6248362896292464,nan,240,0.006694436341831389,0.9773406417485315,0.010452899088617802,0.9676718209261281,1.0,correct
UBFC_A4_L3_C050_SEED101/Eval_On_PURE,PURE,old,1001,37,window,1110,1350,37.0,45.0,8.0,83.0,83.0,0.0,0.0,0.0,0.5287718046056272,nan,240,0.0007110764121458132,0.976580570941077,0.00985666056359098,0.96549268347476,1.0,correct
UBFC_A4_L3_C050_SEED101/Eval_On_PURE,PURE,old,1001,38,window,1140,1380,38.0,46.0,8.0,82.0,82.0,0.0,0.0,0.0,0.6696539992427397,nan,240,0.007606392341767998,0.9869544154123702,-0.008588849246387482,0.9424492943826529,1.0,correct
UBFC_A4_L3_C050_SEED101/Eval_On_PURE,PURE,old,1001,39,window,1170,1410,39.0,47.0,8.0,81.0,81.0,0.0,0.0,0.0,0.5704016737530021,nan,240,0.01553075969482054,0.9953476825903288,0.03422896779287288,0.9901306964880188,1.0,correct
UBFC_A4_L3_C050_SEED101/Eval_On_PURE,PURE,old,1001,40,window,1200,1440,40.0,48.0,8.0,80.0,79.0,1.0,1.0,1.2658227848101267,0.6211156026280469,nan,240,-0.024412890343189934,1.0006835969210541,0.009119492611780274,0.9648461320786982,1.0,correct
UBFC_A4_L3_C050_SEED101/Eval_On_PURE,PURE,old,1001,41,window,1230,1470,41.0,49.0,8.0,76.0,78.0,-2.0,2.0,2.564102564102564,0.638192993253041,nan,240,-0.044580272685115566,1.0513351202625119,0.004766170603962792,0.9734141924765478,1.0,correct
UBFC_A4_L3_C050_SEED101/Eval_On_PURE,PURE,old,1001,42,window,1260,1500,42.0,50.0,8.0,77.0,78.0,-1.0,1.0,1.282051282051282,0.6835731322438954,nan,240,0.006097124507092,1.0718066057345175,0.006076353017528239,0.9542453971824967,1.0,correct
UBFC_A4_L3_C050_SEED101/Eval_On_PURE,PURE,old,1001,43,window,1290,1530,43.0,51.0,8.0,77.0,78.0,-1.0,1.0,1.282051282051282,0.6921320362170033,nan,240,-0.022338400964748737,1.0689656420372913,0.005418747536663345,0.9676108075952699,1.0,correct
UBFC_A4_L3_C050_SEED101/Eval_On_PURE,PURE,old,1001,44,window,1320,1560,44.0,52.0,8.0,76.0,78.0,-2.0,2.0,2.564102564102564,0.6292431131126385,nan,240,-0.022081337250767465,1.0870266377735556,0.0092837820794137,0.9636999149030857,1.0,correct
UBFC_A4_L3_C050_SEED101/Eval_On_PURE,PURE,old,1001,45,window,1350,1590,45.0,53.0,8.0,77.0,78.0,-1.0,1.0,1.282051282051282,0.6036830635109169,nan,240,0.027738156736608687,1.0804386295866049,0.02663454476989616,0.9666436623338848,1.0,correct
UBFC_A4_L3_C050_SEED101/Eval_On_PURE,PURE,old,1001,46,window,1380,1620,46.0,54.0,8.0,78.0,79.0,-1.0,1.0,1.2658227848101267,0.7032062800418254,nan,240,-0.00597485605853173,1.0578822287157856,0.001046380023185554,0.9595893041738086,1.0,correct
UBFC_A4_L3_C050_SEED101/Eval_On_PURE,PURE,old,1001,47,window,1410,1650,47.0,55.0,8.0,77.0,78.0,-1.0,1.0,1.282051282051282,0.5776156066867251,nan,240,-0.03125051202623807,1.0763463325268146,-0.003424059120599765,0.9458329988933418,1.0,correct
UBFC_A4_L3_C050_SEED101/Eval_On_PURE,PURE,old,1001,48,window,1440,1680,48.0,56.0,8.0,76.0,78.0,-2.0,2.0,2.564102564102564,0.46928164797998745,nan,240,0.026527487921624106,1.0806343289577391,0.007087035949908486,0.983868475757057,1.0,correct
UBFC_A4_L3_C050_SEED101/Eval_On_PURE,PURE,old,1001,49,window,1470,1710,49.0,57.0,8.0,77.0,78.0,-1.0,1.0,1.282051282051282,0.5483513244055974,nan,240,0.03662477763788465,1.0308417417626698,0.0011084456835974523,0.9471212028372357,1.0,correct
UBFC_A4_L3_C050_SEED101/Eval_On_PURE,PURE,old,1001,50,window,1500,1740,50.0,58.0,8.0,78.0,78.0,0.0,0.0,0.0,0.5144585394401668,nan,240,-0.017474332177480793,1.0192451555687492,0.0015628077922190749,0.9479732965514558,1.0,correct
UBFC_A4_L3_C050_SEED101/Eval_On_PURE,PURE,old,1001,51,window,1530,1770,51.0,59.0,8.0,78.0,79.0,-1.0,1.0,1.2658227848101267,0.5766403197977475,nan,240,0.04053785861737886,1.0301352940821134,0.017269973675983152,0.957432801546089,1.0,correct
UBFC_A4_L3_C050_SEED101/Eval_On_PURE,PURE,old,1001,52,window,1560,1800,52.0,60.0,8.0,81.0,80.0,1.0,1.0,1.25,0.4615821527789182,nan,240,0.04619781213929963,1.011995209080701,0.021325875471339847,0.9787781131837318,1.0,correct
UBFC_A4_L3_C050_SEED101/Eval_On_PURE,PURE,old,1001,53,window,1590,1830,53.0,61.0,8.0,82.0,80.0,2.0,2.0,2.5,0.3793053686196452,nan,240,-0.010563198693091884,1.0097986596654622,0.0026369552801983093,0.9591282688644155,1.0,correct
UBFC_A4_L3_C050_SEED101/Eval_On_PURE,PURE,old,1001,54,window,1620,1860,54.0,62.0,8.0,81.0,80.0,1.0,1.0,1.25,0.5723675082294486,nan,240,0.011851072994809527,1.0303481484467376,-0.02136819928817518,0.9494823472053788,1.0,correct
UBFC_A4_L3_C050_SEED101/Eval_On_PURE,PURE,old,1001,55,window,1650,1890,55.0,63.0,8.0,81.0,80.0,1.0,1.0,1.25,0.4974592886807921,nan,240,0.037403365478092386,1.0127270195034488,0.03215819520249099,0.9837148951827734,1.0,correct
UBFC_A4_L3_C050_SEED101/Eval_On_PURE,PURE,old,1001,56,window,1680,1920,56.0,64.0,8.0,81.0,80.0,1.0,1.0,1.25,0.48102746934658475,nan,240,-0.041701022534096945,1.0236830915848825,0.01512391536866811,0.9616387413493565,1.0,correct
UBFC_A4_L3_C050_SEED101/Eval_On_PURE,PURE,old,1002,0,window,0,240,0.0,8.0,8.0,97.0,96.0,1.0,1.0,1.0416666666666665,0.7869990593724582,nan,240,-0.041668950658957704,1.2878716222361495,0.03172758311696644,0.8962900472857043,1.0,correct
UBFC_A4_L3_C050_SEED101/Eval_On_PURE,PURE,old,1002,1,window,30,270,1.0,9.0,8.0,98.0,98.0,0.0,0.0,0.0,0.7987370400329297,nan,240,-0.04939989630068993,1.2595906595127921,-0.010979899672316789,0.8361086796157134,1.0,correct
UBFC_A4_L3_C050_SEED101/Eval_On_PURE,PURE,old,1002,2,window,60,300,2.0,10.0,8.0,98.0,99.0,-1.0,1.0,1.0101010101010102,0.7707677475870934,nan,240,-0.09608090598079314,1.2610867951111349,0.015667196515956848,0.8409903824752721,1.0,correct
UBFC_A4_L3_C050_SEED101/Eval_On_PURE,PURE,old,1002,3,window,90,330,3.0,11.0,8.0,100.0,100.0,0.0,0.0,0.0,0.758351605624581,nan,240,-0.060562693234312466,1.2132059180263635,0.0059955340091701155,0.7169431987926318,1.0,correct
UBFC_A4_L3_C050_SEED101/Eval_On_PURE,PURE,old,1002,4,window,120,360,4.0,12.0,8.0,101.0,101.0,0.0,0.0,0.0,0.72584630662435,nan,240,0.07443800681288495,1.2131672857695874,0.005878331685629986,0.7036733360232216,1.0,correct
UBFC_A4_L3_C050_SEED101/Eval_On_PURE,PURE,old,1002,5,window,150,390,5.0,13.0,8.0,103.0,103.0,0.0,0.0,0.0,0.673945026463783,nan,240,0.09263257036597702,1.2068773354983011,0.01380562760363699,0.7527594807071124,1.0,correct
UBFC_A4_L3_C050_SEED101/Eval_On_PURE,PURE,old,1002,6,window,180,420,6.0,14.0,8.0,104.0,104.0,0.0,0.0,0.0,0.717668589446187,nan,240,0.037465958573204054,1.1950011667548472,-0.01914668404892132,0.7569394053218786,1.0,correct
UBFC_A4_L3_C050_SEED101/Eval_On_PURE,PURE,old,1002,7,window,210,450,7.0,15.0,8.0,104.0,105.0,-1.0,1.0,0.9523809523809524,0.647726129023612,nan,240,-0.019077799298426092,1.2012851634641553,0.029341631542946243,0.800194849682237,1.0,correct
UBFC_A4_L3_C050_SEED101/Eval_On_PURE,PURE,old,1002,8,window,240,480,8.0,16.0,8.0,104.0,106.0,-2.0,2.0,1.8867924528301887,0.644819734221457,nan,240,0.003343656336749327,1.2449577553297702,0.006029079366025173,0.5882924773625168,1.0,correct
UBFC_A4_L3_C050_SEED101/Eval_On_PURE,PURE,old,1002,9,window,270,510,9.0,17.0,8.0,105.0,106.0,-1.0,1.0,0.9433962264150944,0.5652282073809558,nan,240,0.10404827919796703,1.2762622942233433,-0.007100155826961824,0.5754230095634643,1.0,correct
UBFC_A4_L3_C050_SEED101/Eval_On_PURE,PURE,old,1002,10,window,300,540,10.0,18.0,8.0,105.0,106.0,-1.0,1.0,0.9433962264150944,0.47127470081716255,nan,240,0.16787997896676815,1.2668114353859359,-0.004408856078038354,0.5825552781858945,1.0,correct
UBFC_A4_L3_C050_SEED101/Eval_On_PURE,PURE,old,1002,11,window,330,570,11.0,19.0,8.0,104.0,105.0,-1.0,1.0,0.9523809523809524,0.4006497300818124,nan,240,0.16251620710927828,1.2868234138273655,0.04040387289755732,0.6931057530900213,1.0,correct
UBFC_A4_L3_C050_SEED101/Eval_On_PURE,PURE,old,1002,12,window,360,600,12.0,20.0,8.0,103.0,104.0,-1.0,1.0,0.9615384615384616,0.2170998946843729,nan,240,0.07224827927991526,1.2766829064848908,-0.01502459194163439,0.6673595798545725,1.0,correct
UBFC_A4_L3_C050_SEED101/Eval_On_PURE,PURE,old,1002,13,window,390,630,13.0,21.0,8.0,104.0,103.0,1.0,1.0,0.9708737864077669,0.15874487165257098,nan,240,0.04593483586678811,1.2888023036020557,0.004903430581162353,0.7929249987275214,1.0,correct
UBFC_A4_L3_C050_SEED101/Eval_On_PURE,PURE,old,1002,14,window,420,660,14.0,22.0,8.0,103.0,102.0,1.0,1.0,0.9803921568627451,0.22905701524076527,nan,240,0.1430444384694277,1.289907245619455,-0.00018623433027202448,0.7322711564300364,1.0,correct
UBFC_A4_L3_C050_SEED101/Eval_On_PURE,PURE,old,1002,15,window,450,690,15.0,23.0,8.0,99.0,101.0,-2.0,2.0,1.9801980198019802,0.1984578295009915,nan,240,0.16278829136123382,1.3409524329205538,-0.003575111364108744,0.7632115850582432,1.0,correct
UBFC_A4_L3_C050_SEED101/Eval_On_PURE,PURE,old,1002,16,window,480,720,16.0,24.0,8.0,98.0,100.0,-2.0,2.0,2.0,0.18604532635840784,nan,240,0.015371656716240405,1.337347641129972,0.012038489894834798,0.8064656805419229,1.0,correct
UBFC_A4_L3_C050_SEED101/Eval_On_PURE,PURE,old,1002,17,window,510,750,17.0,25.0,8.0,100.0,100.0,0.0,0.0,0.0,0.27936090217770926,nan,240,-0.0604178807763763,1.3532291688983447,-0.006601533201133057,0.769392429771185,1.0,correct
UBFC_A4_L3_C050_SEED101/Eval_On_PURE,PURE,old,1002,18,window,540,780,18.0,26.0,8.0,99.0,100.0,-1.0,1.0,1.0,0.1866310037621627,nan,240,-0.030584882751762237,1.3949601427770955,0.019219387865281993,0.7140999139802143,1.0,correct
UBFC_A4_L3_C050_SEED101/Eval_On_PURE,PURE,old,1002,19,window,570,810,19.0,27.0,8.0,99.0,101.0,-2.0,2.0,1.9801980198019802,0.2499490235459208,nan,240,-0.08152827376420262,1.3579120485060945,-0.00353762849103357,0.6175554511099133,1.0,correct
UBFC_A4_L3_C050_SEED101/Eval_On_PURE,PURE,old,1002,20,window,600,840,20.0,28.0,8.0,103.0,101.0,2.0,2.0,1.9801980198019802,0.2977212260284943,nan,240,-0.10544231752216643,1.2891196758737533,-0.006707719642035811,0.5007231142134533,1.0,correct
UBFC_A4_L3_C050_SEED101/Eval_On_PURE,PURE,old,1002,21,window,630,870,21.0,29.0,8.0,102.0,101.0,1.0,1.0,0.9900990099009901,0.37248092255244936,nan,240,-0.07341020974900066,1.2411347220010736,0.029284288780711924,0.5882751400612183,1.0,correct
UBFC_A4_L3_C050_SEED101/Eval_On_PURE,PURE,old,1002,22,window,660,900,22.0,30.0,8.0,101.0,101.0,0.0,0.0,0.0,0.4474102402575409,nan,240,-0.0638399419302645,1.1796648429521814,-0.02880266969648828,0.5101189106315384,1.0,correct
UBFC_A4_L3_C050_SEED101/Eval_On_PURE,PURE,old,1002,23,window,690,930,23.0,31.0,8.0,103.0,101.0,2.0,2.0,1.9801980198019802,0.25579599678458537,nan,240,-0.0116638093744872,1.067451789758441,0.02298645221427282,0.44556872128152,1.0,correct
UBFC_A4_L3_C050_SEED101/Eval_On_PURE,PURE,old,1002,24,window,720,960,24.0,32.0,8.0,104.0,102.0,2.0,2.0,1.9607843137254901,0.2415303547684566,nan,240,0.09615824381371288,0.963415456865366,0.005069864380357155,0.6079771438836438,1.0,correct
UBFC_A4_L3_C050_SEED101/Eval_On_PURE,PURE,old,1002,25,window,750,990,25.0,33.0,8.0,101.0,103.0,-2.0,2.0,1.9417475728155338,0.2932296132062739,nan,240,0.09691534781915111,0.8302155364193824,0.004048081034914748,0.5729387641374933,1.0,correct
UBFC_A4_L3_C050_SEED101/Eval_On_PURE,PURE,old,1002,26,window,780,1020,26.0,34.0,8.0,104.0,104.0,0.0,0.0,0.0,0.2432741452327122,nan,240,0.03123208820084422,0.7197875221817567,-0.024486644316132077,0.813503320532101,1.0,correct
UBFC_A4_L3_C050_SEED101/Eval_On_PURE,PURE,old,1002,27,window,810,1050,27.0,35.0,8.0,104.0,103.0,1.0,1.0,0.9708737864077669,0.2811335243007652,nan,240,0.02882208256284539,0.7080259130462258,0.012308678751716613,0.8580972361857335,1.0,correct
UBFC_A4_L3_C050_SEED101/Eval_On_PURE,PURE,old,1002,28,window,840,1080,28.0,36.0,8.0,103.0,102.0,1.0,1.0,0.9803921568627451,0.2696901281957933,nan,240,0.0261632442506449,0.7240426375592784,0.016104360118904575,0.8046734102817001,1.0,correct
UBFC_A4_L3_C050_SEED101/Eval_On_PURE,PURE,old,1002,29,window,870,1110,29.0,37.0,8.0,99.0,100.0,-1.0,1.0,1.0,0.13239672054195517,nan,240,0.003369763371417589,0.7096595471973297,0.0035276590105942085,0.7755196477926102,1.0,correct
UBFC_A4_L3_C050_SEED101/Eval_On_PURE,PURE,old,1002,30,window,900,1140,30.0,38.0,8.0,98.0,98.0,0.0,0.0,0.0,0.10805735123882841,nan,240,-0.00794682031331028,0.7048015643031915,-0.02366356109451729,0.8835216667274112,1.0,correct
UBFC_A4_L3_C050_SEED101/Eval_On_PURE,PURE,old,1002,31,window,930,1170,31.0,39.0,8.0,97.0,97.0,0.0,0.0,0.0,0.16998715658846855,nan,240,-0.00711343481594476,0.7224864492126725,0.005954394022873407,0.8910033370448853,1.0,correct
UBFC_A4_L3_C050_SEED101/Eval_On_PURE,PURE,old,1002,32,window,960,1200,32.0,40.0,8.0,97.0,97.0,0.0,0.0,0.0,0.11586342647874914,nan,240,-0.04201568471317277,0.7058555890877727,0.034588779342455814,0.9363090516128857,1.0,correct
UBFC_A4_L3_C050_SEED101/Eval_On_PURE,PURE,old,1002,33,window,990,1230,33.0,41.0,8.0,98.0,99.0,-1.0,1.0,1.0101010101010102,0.21690285676302326,nan,240,-0.030866757141719367,0.7009810525793648,-0.011291260948349433,0.801808828647269,1.0,correct
UBFC_A4_L3_C050_SEED101/Eval_On_PURE,PURE,old,1002,34,window,1020,1260,34.0,42.0,8.0,101.0,100.0,1.0,1.0,1.0,0.09414645925670147,nan,240,-0.02036234698868807,0.707718545207549,-0.02754055919830165,0.904500084467748,1.0,correct
UBFC_A4_L3_C050_SEED101/Eval_On_PURE,PURE,old,1002,35,window,1050,1290,35.0,43.0,8.0,100.0,100.0,0.0,0.0,0.0,0.12286650466364586,nan,240,0.007132847665685419,0.7199270659017466,0.01816624774408523,0.8842501659485479,1.0,correct
UBFC_A4_L3_C050_SEED101/Eval_On_PURE,PURE,old,1002,36,window,1080,1320,36.0,44.0,8.0,100.0,104.0,-4.0,4.0,3.8461538461538463,0.1872865367415142,nan,240,0.028442714715291282,0.7242607669220485,0.0010737723510810598,0.9202616921896426,1.0,large_error
UBFC_A4_L3_C050_SEED101/Eval_On_PURE,PURE,old,1002,37,window,1110,1350,37.0,45.0,8.0,83.0,83.0,0.0,0.0,0.0,0.26744651757686483,nan,240,0.028092717281743326,0.7702416820731207,0.017577851789147978,0.9432870712378617,1.0,correct
UBFC_A4_L3_C050_SEED101/Eval_On_PURE,PURE,old,1002,38,window,1140,1380,38.0,46.0,8.0,82.0,81.0,1.0,1.0,1.2345679012345678,0.42823950995297305,nan,240,0.02956042213711385,0.7994210376020671,-0.007486403566559933,0.9003291548193131,1.0,correct
UBFC_A4_L3_C050_SEED101/Eval_On_PURE,PURE,old,1002,39,window,1170,1410,39.0,47.0,8.0,82.0,82.0,0.0,0.0,0.0,0.4309734793460889,nan,240,-0.024784225985964112,0.8124267147397084,0.01952365756720739,0.911697732733351,1.0,correct
UBFC_A4_L3_C050_SEED101/Eval_On_PURE,PURE,old,1002,40,window,1200,1440,40.0,48.0,8.0,82.0,83.0,-1.0,1.0,1.2048192771084338,0.5696724794576163,nan,240,-0.014106448805827572,0.8311246324075707,-0.005453259348076471,0.9147198714864603,1.0,correct
UBFC_A4_L3_C050_SEED101/Eval_On_PURE,PURE,old,1002,41,window,1230,1470,41.0,49.0,8.0,83.0,84.0,-1.0,1.0,1.1904761904761905,0.6041894110265511,nan,240,-0.04972705007890639,0.8502220524992209,-0.0001776881362365294,0.9184904702147603,1.0,correct
UBFC_A4_L3_C050_SEED101/Eval_On_PURE,PURE,old,1002,42,window,1260,1500,42.0,50.0,8.0,86.0,80.0,6.0,6.0,7.5,0.5139058600615287,nan,240,-0.02697150598443671,0.8401376962628313,0.014725929520104267,0.8893865592375478,1.0,large_error
UBFC_A4_L3_C050_SEED101/Eval_On_PURE,PURE,old,1002,43,window,1290,1530,43.0,51.0,8.0,89.0,91.0,-2.0,2.0,2.197802197802198,0.4620669029053258,nan,240,0.0030764671537887238,0.834109904139915,-0.010445228567349241,0.8541892460638449,1.0,correct
UBFC_A4_L3_C050_SEED101/Eval_On_PURE,PURE,old,1002,44,window,1320,1560,44.0,52.0,8.0,97.0,95.0,2.0,2.0,2.1052631578947367,0.44206533554351574,nan,240,0.028302389403932246,0.8335824029247544,0.004563825324694426,0.6026526282459813,1.0,correct
UBFC_A4_L3_C050_SEED101/Eval_On_PURE,PURE,old,1002,45,window,1350,1590,45.0,53.0,8.0,97.0,97.0,0.0,0.0,0.0,0.3898614187102677,nan,240,0.051521333363799986,0.7997490995420411,0.03230182123660982,0.737561407093828,1.0,correct
UBFC_A4_L3_C050_SEED101/Eval_On_PURE,PURE,old,1002,46,window,1380,1620,46.0,54.0,8.0,97.0,97.0,0.0,0.0,0.0,0.47557163813980396,nan,240,0.013947191637034746,0.7803817418506828,-0.035249956180492335,0.8851986559159333,1.0,correct
UBFC_A4_L3_C050_SEED101/Eval_On_PURE,PURE,old,1002,47,window,1410,1650,47.0,55.0,8.0,97.0,97.0,0.0,0.0,0.0,0.4037853995786407,nan,240,0.0208149734449829,0.7512878616490897,0.027131852454991588,0.8740672613731469,1.0,correct
UBFC_A4_L3_C050_SEED101/Eval_On_PURE,PURE,old,1002,48,window,1440,1680,48.0,56.0,8.0,95.0,94.0,1.0,1.0,1.0638297872340425,0.4898342496120187,nan,240,-0.03981820665429343,0.7472468618189106,0.009362549523546761,0.6904601811818682,1.0,correct
UBFC_A4_L3_C050_SEED101/Eval_On_PURE,PURE,old,1002,49,window,1470,1710,49.0,57.0,8.0,90.0,91.0,-1.0,1.0,1.098901098901099,0.4892555565579702,nan,240,-0.010343364511561726,0.7228027476770743,0.017649057752629378,0.8299037634813408,1.0,correct
UBFC_A4_L3_C050_SEED101/Eval_On_PURE,PURE,old,1002,50,window,1500,1740,50.0,58.0,8.0,90.0,89.0,1.0,1.0,1.1235955056179776,0.4459183002899439,nan,240,-0.039354398866475335,0.7340919380950791,0.003288070556939224,0.9333338985474213,1.0,correct
UBFC_A4_L3_C050_SEED101/Eval_On_PURE,PURE,old,1002,51,window,1530,1770,51.0,59.0,8.0,89.0,89.0,0.0,0.0,0.0,0.5087885020794366,nan,240,-0.0487439570546011,0.7392057539116432,0.0120888070877282,0.9176877036017188,1.0,correct
UBFC_A4_L3_C050_SEED101/Eval_On_PURE,PURE,old,1002,52,window,1560,1800,52.0,60.0,8.0,90.0,89.0,1.0,1.0,1.1235955056179776,0.3788860089407166,nan,240,-0.06549977824391161,0.7221613769259863,-0.00857358955449854,0.9534427810367371,1.0,correct
UBFC_A4_L3_C050_SEED101/Eval_On_PURE,PURE,old,1002,53,window,1590,1830,53.0,61.0,8.0,90.0,90.0,0.0,0.0,0.0,0.5305390600808605,nan,240,-0.08031919172103781,0.7034553666718387,0.014957769175321016,0.9331565267179243,1.0,correct
UBFC_A4_L3_C050_SEED101/Eval_On_PURE,PURE,old,1002,54,window,1620,1860,54.0,62.0,8.0,90.0,91.0,-1.0,1.0,1.098901098901099,0.4002111358783371,nan,240,-0.04346380929253868,0.701519061958198,-0.008144335513185684,0.9579044586110664,1.0,correct
UBFC_A4_L3_C050_SEED101/Eval_On_PURE,PURE,old,1002,55,window,1650,1890,55.0,63.0,8.0,90.0,91.0,-1.0,1.0,1.098901098901099,0.5170584166718238,nan,240,-0.006375503164090807,0.6936663567612128,0.010980028854664476,0.9399125335385589,1.0,correct
UBFC_A4_L3_C050_SEED101/Eval_On_PURE,PURE,old,1002,56,window,1680,1920,56.0,64.0,8.0,90.0,91.0,-1.0,1.0,1.098901098901099,0.4914523570258742,nan,240,0.021852320150718287,0.6994180661976045,-0.015877575043262048,0.9658849025189389,1.0,correct
UBFC_A4_L3_C050_SEED101/Eval_On_PURE,PURE,old,1003,0,window,0,240,0.0,8.0,8.0,82.0,83.0,-1.0,1.0,1.2048192771084338,0.5956432193859013,nan,240,-0.042209619068655495,1.072869816695373,0.013461021938325919,0.9276865622096891,1.0,correct
UBFC_A4_L3_C050_SEED101/Eval_On_PURE,PURE,old,1003,1,window,30,270,1.0,9.0,8.0,81.0,81.0,0.0,0.0,0.0,0.5140173322139052,nan,240,-0.06666088247303058,0.9941782415484883,0.014391005255131834,0.969370438581647,1.0,correct
UBFC_A4_L3_C050_SEED101/Eval_On_PURE,PURE,old,1003,2,window,60,300,2.0,10.0,8.0,77.0,78.0,-1.0,1.0,1.282051282051282,0.445620230835944,nan,240,-0.1488366060820324,0.8734931271946543,0.0026583092971792397,0.9530251826588888,1.0,correct
UBFC_A4_L3_C050_SEED101/Eval_On_PURE,PURE,old,1003,3,window,90,330,3.0,11.0,8.0,75.0,75.0,0.0,0.0,0.0,0.4762769121653915,nan,240,-0.18669252045943655,0.91461332261543,0.01814606406465948,0.9712855169241875,1.0,correct
UBFC_A4_L3_C050_SEED101/Eval_On_PURE,PURE,old,1003,4,window,120,360,4.0,12.0,8.0,73.0,72.0,1.0,1.0,1.3888888888888888,0.4756544407825959,nan,240,-0.23937760780805856,0.938065616623244,-0.0045091105676667576,0.929076839332635,1.0,correct
UBFC_A4_L3_C050_SEED101/Eval_On_PURE,PURE,old,1003,5,window,150,390,5.0,13.0,8.0,70.0,71.0,-1.0,1.0,1.4084507042253522,0.4698178235964973,nan,240,-0.23325923531087275,1.0131808033917042,-0.01501418225582225,0.9319679011243228,1.0,correct
UBFC_A4_L3_C050_SEED101/Eval_On_PURE,PURE,old,1003,6,window,180,420,6.0,14.0,8.0,70.0,70.0,0.0,0.0,0.0,0.4472029727596523,nan,240,-0.1700084379927046,1.082781292850857,0.041472786800807036,0.9743360405389807,1.0,correct
UBFC_A4_L3_C050_SEED101/Eval_On_PURE,PURE,old,1003,7,window,210,450,7.0,15.0,8.0,71.0,70.0,1.0,1.0,1.4285714285714286,0.6369540971592313,nan,240,-0.15446397312452376,1.1555461099549087,0.011975243372400274,0.9366041875888148,1.0,correct
UBFC_A4_L3_C050_SEED101/Eval_On_PURE,PURE,old,1003,8,window,240,480,8.0,16.0,8.0,72.0,70.0,2.0,2.0,2.857142857142857,0.6347914978110512,nan,240,-0.121954562587131,1.244581793818334,-0.009417712851274723,0.9479823617763643,1.0,correct
UBFC_A4_L3_C050_SEED101/Eval_On_PURE,PURE,old,1003,9,window,270,510,9.0,17.0,8.0,71.0,70.0,1.0,1.0,1.4285714285714286,0.7500138236789382,nan,240,-0.06346227492248753,1.294761070878524,-0.0026083118434036155,0.8984947813708153,1.0,correct
UBFC_A4_L3_C050_SEED101/Eval_On_PURE,PURE,old,1003,10,window,300,540,10.0,18.0,8.0,71.0,71.0,0.0,0.0,0.0,0.7385939729863404,nan,240,0.04369410891858579,1.3042941904972147,-0.006830412504309372,0.902363856002381,1.0,correct
UBFC_A4_L3_C050_SEED101/Eval_On_PURE,PURE,old,1003,11,window,330,570,11.0,19.0,8.0,69.0,71.0,-2.0,2.0,2.8169014084507045,0.6659472168501391,nan,240,0.10193584235943415,1.261876230220039,0.0171592949888556,0.9651691257777179,1.0,correct
UBFC_A4_L3_C050_SEED101/Eval_On_PURE,PURE,old,1003,12,window,360,600,12.0,20.0,8.0,69.0,70.0,-1.0,1.0,1.4285714285714286,0.7702799397376503,nan,240,0.14725584788763274,1.2123803699533535,0.01766317398890959,0.884134643947664,1.0,correct
UBFC_A4_L3_C050_SEED101/Eval_On_PURE,PURE,old,1003,13,window,390,630,13.0,21.0,8.0,69.0,70.0,-1.0,1.0,1.4285714285714286,0.7575726270385803,nan,240,0.1326469201615249,1.1530837562182679,-0.0015384599389509535,0.9216017347321317,1.0,correct
UBFC_A4_L3_C050_SEED101/Eval_On_PURE,PURE,old,1003,14,window,420,660,14.0,22.0,8.0,70.0,70.0,0.0,0.0,0.0,0.6519355078426884,nan,240,0.1024187654198133,1.1025363415150269,-0.007371346123787174,0.915271845530236,1.0,correct
UBFC_A4_L3_C050_SEED101/Eval_On_PURE,PURE,old,1003,15,window,450,690,15.0,23.0,8.0,69.0,70.0,-1.0,1.0,1.4285714285714286,0.6316087418342371,nan,240,0.07580142033875936,1.0349974890537947,0.0025992120536375406,0.9266380706673298,1.0,correct
UBFC_A4_L3_C050_SEED101/Eval_On_PURE,PURE,old,1003,16,window,480,720,16.0,24.0,8.0,69.0,71.0,-2.0,2.0,2.8169014084507045,0.6019989771104276,nan,240,0.06389605351134205,0.9387558424045438,-0.001040324382015978,0.9529442921271254,1.0,correct
UBFC_A4_L3_C050_SEED101/Eval_On_PURE,PURE,old,1003,17,window,510,750,17.0,25.0,8.0,68.0,70.0,-2.0,2.0,2.857142857142857,0.5783775414995099,nan,240,0.05736345830546252,0.8749555253706348,0.024092818879882974,0.9629219944659229,1.0,correct
UBFC_A4_L3_C050_SEED101/Eval_On_PURE,PURE,old,1003,18,window,540,780,18.0,26.0,8.0,71.0,71.0,0.0,0.0,0.0,0.7209581455605991,nan,240,0.021568554478628925,0.8754566952160137,0.03898219116925672,0.9556239860904114,1.0,correct
UBFC_A4_L3_C050_SEED101/Eval_On_PURE,PURE,old,1003,19,window,570,810,19.0,27.0,8.0,72.0,71.0,1.0,1.0,1.4084507042253522,0.789892787712553,nan,240,-0.013901032976986298,0.9692750386152266,-0.002013210269644124,0.9380648190822433,1.0,correct
UBFC_A4_L3_C050_SEED101/Eval_On_PURE,PURE,old,1003,20,window,600,840,20.0,28.0,8.0,72.0,71.0,1.0,1.0,1.4084507042253522,0.7477761023482944,nan,240,-0.06314504094558608,1.0812028901805848,0.00366265914118337,0.9360399489566021,1.0,correct
UBFC_A4_L3_C050_SEED101/Eval_On_PURE,PURE,old,1003,21,window,630,870,21.0,29.0,8.0,69.0,70.0,-1.0,1.0,1.4285714285714286,0.6959552176032059,nan,240,-0.10515126480423845,1.1974311415340269,-0.0005452397989139287,0.9209805277256815,1.0,correct
UBFC_A4_L3_C050_SEED101/Eval_On_PURE,PURE,old,1003,22,window,660,900,22.0,30.0,8.0,68.0,70.0,-2.0,2.0,2.857142857142857,0.6902514336845167,nan,240,-0.08203359646199691,1.3167655782950856,0.0063330273914136296,0.9813537206799371,1.0,correct
UBFC_A4_L3_C050_SEED101/Eval_On_PURE,PURE,old,1003,23,window,690,930,23.0,31.0,8.0,69.0,70.0,-1.0,1.0,1.4285714285714286,0.75389151015782,nan,240,-0.05872195065617311,1.3241956263034862,0.01633856964693283,0.9441315418297743,1.0,correct
UBFC_A4_L3_C050_SEED101/Eval_On_PURE,PURE,old,1003,24,window,720,960,24.0,32.0,8.0,70.0,70.0,0.0,0.0,0.0,0.7907255415468472,nan,240,-0.03454548865854116,1.3365563292234872,0.001837635213174867,0.9503835786392723,1.0,correct
UBFC_A4_L3_C050_SEED101/Eval_On_PURE,PURE,old,1003,25,window,750,990,25.0,33.0,8.0,71.0,70.0,1.0,1.0,1.4285714285714286,0.7432954010049491,nan,240,-0.014167751989412721,1.3174300523506566,-0.0030361849904191663,0.9520460499739757,1.0,correct
UBFC_A4_L3_C050_SEED101/Eval_On_PURE,PURE,old,1003,26,window,780,1020,26.0,34.0,8.0,72.0,71.0,1.0,1.0,1.4084507042253522,0.6702275799390747,nan,240,-0.03514762703508009,1.2686594883850553,-0.0035129285883708523,0.9575719877437597,1.0,correct
UBFC_A4_L3_C050_SEED101/Eval_On_PURE,PURE,old,1003,27,window,810,1050,27.0,35.0,8.0,74.0,72.0,2.0,2.0,2.7777777777777777,0.6475880795522244,nan,240,0.025142993364865886,1.2105672312833256,-0.007879357475596576,0.8969994586826656,1.0,correct
UBFC_A4_L3_C050_SEED101/Eval_On_PURE,PURE,old,1003,28,window,840,1080,28.0,36.0,8.0,72.0,73.0,-1.0,1.0,1.36986301369863,0.7136772075819278,nan,240,0.082263294594374,1.1055844854488992,0.022936841930678766,0.928404462423966,1.0,correct
UBFC_A4_L3_C050_SEED101/Eval_On_PURE,PURE,old,1003,29,window,870,1110,29.0,37.0,8.0,74.0,72.0,2.0,2.0,2.7777777777777777,0.7268831523546436,nan,240,0.11479695231471455,0.9717464776009066,0.019911000396283518,0.9567785925971453,1.0,correct
UBFC_A4_L3_C050_SEED101/Eval_On_PURE,PURE,old,1003,30,window,900,1140,30.0,38.0,8.0,74.0,73.0,1.0,1.0,1.36986301369863,0.7923094087608828,nan,240,0.06498919734257573,0.805462922814029,0.01046605471554357,0.9721120345633446,1.0,correct
UBFC_A4_L3_C050_SEED101/Eval_On_PURE,PURE,old,1003,31,window,930,1170,31.0,39.0,8.0,74.0,73.0,1.0,1.0,1.36986301369863,0.8247171719480333,nan,240,0.031247221671998678,0.8054704320414241,-0.010803164930691703,0.9143115049864007,1.0,correct
UBFC_A4_L3_C050_SEED101/Eval_On_PURE,PURE,old,1003,32,window,960,1200,32.0,40.0,8.0,71.0,72.0,-1.0,1.0,1.3888888888888888,0.783801966312158,nan,240,0.036213852979159696,0.8205327882191671,-0.013366156054217678,0.8871565314466903,1.0,correct
UBFC_A4_L3_C050_SEED101/Eval_On_PURE,PURE,old,1003,33,window,990,1230,33.0,41.0,8.0,69.0,71.0,-2.0,2.0,2.8169014084507045,0.7729554968138965,nan,240,0.0663248130032892,0.8203774328352594,0.029288398266342473,0.9552805848397198,1.0,correct
UBFC_A4_L3_C050_SEED101/Eval_On_PURE,PURE,old,1003,34,window,1020,1260,34.0,42.0,8.0,70.0,71.0,-1.0,1.0,1.4084507042253522,0.7990247305934869,nan,240,0.08979406549827366,0.8068706989900037,0.023103125115726462,0.9623695442517874,1.0,correct
UBFC_A4_L3_C050_SEED101/Eval_On_PURE,PURE,old,1003,35,window,1050,1290,35.0,43.0,8.0,72.0,71.0,1.0,1.0,1.4084507042253522,0.7805519181369451,nan,240,0.0277778539118692,0.7773284471365635,0.012676428442762988,0.9528819543204236,1.0,correct
UBFC_A4_L3_C050_SEED101/Eval_On_PURE,PURE,old,1003,36,window,1080,1320,36.0,44.0,8.0,71.0,71.0,0.0,0.0,0.0,0.8656830166423662,nan,240,-0.007536147453163717,0.7763773838561704,-0.011724592508096487,0.952326418834191,1.0,correct
UBFC_A4_L3_C050_SEED101/Eval_On_PURE,PURE,old,1003,37,window,1110,1350,37.0,45.0,8.0,73.0,72.0,1.0,1.0,1.3888888888888888,0.7642422888435363,nan,240,0.02570674036840326,0.7891628559830539,-0.009772540529874089,0.955400969164867,1.0,correct
UBFC_A4_L3_C050_SEED101/Eval_On_PURE,PURE,old,1003,38,window,1140,1380,38.0,46.0,8.0,72.0,72.0,0.0,0.0,0.0,0.7641755180919382,nan,240,0.056450147747757695,0.7961200761783144,0.018189459459450434,0.933716249409967,1.0,correct
UBFC_A4_L3_C050_SEED101/Eval_On_PURE,PURE,old,1003,39,window,1170,1410,39.0,47.0,8.0,74.0,73.0,1.0,1.0,1.36986301369863,0.763413896180114,nan,240,0.05024893070883259,0.7842730809231141,0.02277677949798954,0.9198843792254431,1.0,correct
UBFC_A4_L3_C050_SEED101/Eval_On_PURE,PURE,old,1003,40,window,1200,1440,40.0,48.0,8.0,74.0,73.0,1.0,1.0,1.36986301369863,0.8081259997483611,nan,240,-0.008841454135192195,0.762563399671878,0.0071895156669722375,0.9650338093330374,1.0,correct
UBFC_A4_L3_C050_SEED101/Eval_On_PURE,PURE,old,1003,41,window,1230,1470,41.0,49.0,8.0,73.0,72.0,1.0,1.0,1.3888888888888888,0.7879436305814728,nan,240,-0.03030425224123772,0.7456260441904615,-0.030732786725137982,0.977825371329593,1.0,correct
UBFC_A4_L3_C050_SEED101/Eval_On_PURE,PURE,old,1003,42,window,1260,1500,42.0,50.0,8.0,74.0,73.0,1.0,1.0,1.36986301369863,0.812254273145047,nan,240,-0.009251635646725391,0.7568693522245679,0.0031933891220523127,0.8997581621131661,1.0,correct
UBFC_A4_L3_C050_SEED101/Eval_On_PURE,PURE,old,1003,43,window,1290,1530,43.0,51.0,8.0,73.0,74.0,-1.0,1.0,1.3513513513513513,0.8220089936262119,nan,240,0.015128906807384757,0.7594081873671061,0.026984102317289687,0.976474110541593,1.0,correct
UBFC_A4_L3_C050_SEED101/Eval_On_PURE,PURE,old,1003,44,window,1320,1560,44.0,52.0,8.0,74.0,74.0,0.0,0.0,0.0,0.8157662054233085,nan,240,0.0169009717611605,0.7636042763733228,0.030952920535529463,0.9741355379271621,1.0,correct
UBFC_A4_L3_C050_SEED101/Eval_On_PURE,PURE,old,1003,45,window,1350,1590,45.0,53.0,8.0,75.0,74.0,1.0,1.0,1.3513513513513513,0.7299676746964598,nan,240,-0.009876000607633325,0.7642059158911405,-0.0001265248150079908,0.9803436487960717,1.0,correct
UBFC_A4_L3_C050_SEED101/Eval_On_PURE,PURE,old,1003,46,window,1380,1620,46.0,54.0,8.0,75.0,75.0,0.0,0.0,0.0,0.8652159088959944,nan,240,0.021831232293900094,0.788478449568412,0.007545877643230015,0.9321578820204607,1.0,correct
UBFC_A4_L3_C050_SEED101/Eval_On_PURE,PURE,old,1003,47,window,1410,1650,47.0,55.0,8.0,75.0,75.0,0.0,0.0,0.0,0.8511671691763903,nan,240,0.03601987551557793,0.7785417228012809,0.006150503868218087,0.9703475177841402,1.0,correct
UBFC_A4_L3_C050_SEED101/Eval_On_PURE,PURE,old,1003,48,window,1440,1680,48.0,56.0,8.0,74.0,75.0,-1.0,1.0,1.3333333333333335,0.8428185751082028,nan,240,0.048743584767486796,0.7757205981533573,0.023825805401495443,0.9595465064233999,1.0,correct
UBFC_A4_L3_C050_SEED101/Eval_On_PURE,PURE,old,1003,49,window,1470,1710,49.0,57.0,8.0,75.0,75.0,0.0,0.0,0.0,0.7474830436747537,nan,240,0.0639788980530824,0.7942153639435741,-0.008663775712688846,0.9699931066434829,1.0,correct
UBFC_A4_L3_C050_SEED101/Eval_On_PURE,PURE,old,1003,50,window,1500,1740,50.0,58.0,8.0,75.0,75.0,0.0,0.0,0.0,0.8635071080182416,nan,240,0.04647041136612152,0.7948579373072083,-0.0004867253184706294,0.9447482919453033,1.0,correct
UBFC_A4_L3_C050_SEED101/Eval_On_PURE,PURE,old,1003,51,window,1530,1770,51.0,59.0,8.0,76.0,76.0,0.0,0.0,0.0,0.8543559373366734,nan,240,0.02805669651577312,0.7883847521939766,-0.0003305579563726346,0.948280433503493,1.0,correct
UBFC_A4_L3_C050_SEED101/Eval_On_PURE,PURE,old,1003,52,window,1560,1800,52.0,60.0,8.0,75.0,75.0,0.0,0.0,0.0,0.8515127852628452,nan,240,0.026605906736057148,0.7783361182265032,0.022161887557656523,0.9696219976343831,1.0,correct
UBFC_A4_L3_C050_SEED101/Eval_On_PURE,PURE,old,1003,53,window,1590,1830,53.0,61.0,8.0,74.0,74.0,0.0,0.0,0.0,0.7595702138806341,nan,240,0.01390644466709586,0.7777838486882805,0.004759567100737788,0.9701395598715624,1.0,correct
UBFC_A4_L3_C050_SEED101/Eval_On_PURE,PURE,old,1003,54,window,1620,1860,54.0,62.0,8.0,73.0,72.0,1.0,1.0,1.3888888888888888,0.8729828195597615,nan,240,-0.04743488699392544,0.768498651379529,-0.024240934023108788,0.9503055028926237,1.0,correct
UBFC_A4_L3_C050_SEED101/Eval_On_PURE,PURE,old,1003,55,window,1650,1890,55.0,63.0,8.0,69.0,71.0,-2.0,2.0,2.8169014084507045,0.7586275761735168,nan,240,-0.024852677275117516,0.82632621937169,0.0004531534811218374,0.9341999445125353,1.0,correct
UBFC_A4_L3_C050_SEED101/Eval_On_PURE,PURE,old,1003,56,window,1680,1920,56.0,64.0,8.0,69.0,71.0,-2.0,2.0,2.8169014084507045,0.8444647906063403,nan,240,0.01658777898141686,0.8383909529401307,0.016469760675492932,0.9460747567909589,1.0,correct
UBFC_A4_L3_C050_SEED101/Eval_On_PURE,PURE,old,1003,57,window,1710,1950,57.0,65.0,8.0,69.0,71.0,-2.0,2.0,2.8169014084507045,0.8150163352131689,nan,240,0.0027183903352178645,0.8366955603122619,-0.0013243824615407518,0.9330759421448945,1.0,correct
UBFC_A4_L3_C050_SEED101/Eval_On_PURE,PURE,old,1003,58,window,1740,1980,58.0,66.0,8.0,73.0,72.0,1.0,1.0,1.3888888888888888,0.7164710626775763,nan,240,-0.02035482483828545,0.8577909984976985,0.006634623167040525,0.9598314177818777,1.0,correct
UBFC_A4_L3_C050_SEED101/Eval_On_PURE,PURE,old,1003,59,window,1770,2010,59.0,67.0,8.0,74.0,73.0,1.0,1.0,1.36986301369863,0.7877966276013846,nan,240,0.02531070304691972,0.90139063946506,-0.011402056755095218,0.94239622483468,1.0,correct
UBFC_A4_L3_C050_SEED101/Eval_On_PURE,PURE,old,1003,60,window,1800,2040,60.0,68.0,8.0,74.0,74.0,0.0,0.0,0.0,0.7801737897845598,nan,240,0.053170716254052716,0.910740412328546,0.011780112692902574,0.952934263865291,1.0,correct
UBFC_A4_L3_C050_SEED101/Eval_On_PURE,PURE,old,1003,61,window,1830,2070,61.0,69.0,8.0,75.0,75.0,0.0,0.0,0.0,0.7256550371213261,nan,240,0.053829431390802936,0.9239972040880535,0.01650183661327117,0.9625470241269966,1.0,correct
UBFC_A4_L3_C050_SEED101/Eval_On_PURE,PURE,old,1003,62,window,1860,2100,62.0,70.0,8.0,75.0,75.0,0.0,0.0,0.0,0.7622009208598927,nan,240,0.046543152914959154,0.9472455465390686,0.013427260687006119,0.9728050166355172,1.0,correct
UBFC_A4_L3_C050_SEED101/Eval_On_PURE,PURE,old,1003,63,window,1890,2130,63.0,71.0,8.0,75.0,74.0,1.0,1.0,1.3513513513513513,0.6969799210221294,nan,240,0.00916814099935522,0.9527521510348393,-0.014683593970858255,0.9633762515344285,1.0,correct
UBFC_A4_L3_C050_SEED101/Eval_On_PURE,PURE,old,1003,64,window,1920,2160,64.0,72.0,8.0,74.0,73.0,1.0,1.0,1.36986301369863,0.7082156935566583,nan,240,0.022675842499911614,0.9897417717669429,-0.010818959805601271,0.9513117350422023,1.0,correct
UBFC_A4_L3_C050_SEED101/Eval_On_PURE,PURE,old,1003,65,window,1950,2190,65.0,73.0,8.0,73.0,73.0,0.0,0.0,0.0,0.720077954503214,nan,240,0.03067741287271777,1.0027682499144852,0.03044941835355203,0.9725498609322747,1.0,correct
UBFC_A4_L3_C050_SEED101/Eval_On_PURE,PURE,old,1003,66,window,1980,2220,66.0,74.0,8.0,74.0,73.0,1.0,1.0,1.36986301369863,0.73984214803515,nan,240,0.022413164684642606,1.027598046722712,0.02431373750266084,0.9802395329318802,1.0,correct
UBFC_A4_L3_C050_SEED101/Eval_On_PURE,PURE,old,1004,0,window,0,240,0.0,8.0,8.0,82.0,81.0,1.0,1.0,1.2345679012345678,0.6486634913350522,nan,240,0.09194236589841018,1.1370830418430744,0.033972452609630964,0.9938526356472945,1.0,correct
UBFC_A4_L3_C050_SEED101/Eval_On_PURE,PURE,old,1004,1,window,30,270,1.0,9.0,8.0,81.0,79.0,2.0,2.0,2.5316455696202533,0.71853089972756,nan,240,-0.005951342663191158,1.0308256944136263,0.0066207460812326485,0.9402145688517559,1.0,correct
UBFC_A4_L3_C050_SEED101/Eval_On_PURE,PURE,old,1004,2,window,60,300,2.0,10.0,8.0,77.0,77.0,0.0,0.0,0.0,0.6591841235152486,nan,240,-0.05509107294641662,1.025017524896938,0.021590990396148795,0.9208343042795559,1.0,correct
UBFC_A4_L3_C050_SEED101/Eval_On_PURE,PURE,old,1004,3,window,90,330,3.0,11.0,8.0,81.0,75.0,6.0,6.0,8.0,0.5470670283911199,nan,240,-0.0063111968615432446,0.9963299806175935,-0.0014915112977760714,0.9149174342322314,1.0,large_error
UBFC_A4_L3_C050_SEED101/Eval_On_PURE,PURE,old,1004,4,window,120,360,4.0,12.0,8.0,72.0,73.0,-1.0,1.0,1.36986301369863,0.6170811769811294,nan,240,-0.03253471004668649,0.9534890961336883,-0.003937549565542788,0.8381246347947017,1.0,correct
UBFC_A4_L3_C050_SEED101/Eval_On_PURE,PURE,old,1004,5,window,150,390,5.0,13.0,8.0,69.0,72.0,-3.0,3.0,4.166666666666666,0.4614085828362916,nan,240,-0.019970618962895443,0.917483789128239,0.035419400902830016,0.8835657526541512,1.0,correct
UBFC_A4_L3_C050_SEED101/Eval_On_PURE,PURE,old,1004,6,window,180,420,6.0,14.0,8.0,73.0,72.0,1.0,1.0,1.3888888888888888,0.6898943369478902,nan,240,-0.07006846365989995,0.8731520283711013,0.0028825067851828918,0.8084001998658028,1.0,correct
UBFC_A4_L3_C050_SEED101/Eval_On_PURE,PURE,old,1004,7,window,210,450,7.0,15.0,8.0,73.0,72.0,1.0,1.0,1.3888888888888888,0.4089949492844422,nan,240,-0.09435444498310863,0.9038856828262437,-0.009449924370230432,0.5305231633340832,1.0,correct
UBFC_A4_L3_C050_SEED101/Eval_On_PURE,PURE,old,1004,8,window,240,480,8.0,16.0,8.0,49.0,72.0,-23.0,23.0,31.944444444444443,0.4450036010619364,nan,240,-0.06536560996785365,0.9428977846931664,0.005014741199271281,0.43490472267696584,1.0,large_error
UBFC_A4_L3_C050_SEED101/Eval_On_PURE,PURE,old,1004,9,window,270,510,9.0,17.0,8.0,83.0,72.0,11.0,11.0,15.277777777777779,0.35849258980807225,nan,240,0.014589690528472114,0.9518122338662378,0.015547613219993905,0.5637507620812758,1.0,large_error
UBFC_A4_L3_C050_SEED101/Eval_On_PURE,PURE,old,1004,10,window,300,540,10.0,18.0,8.0,72.0,72.0,0.0,0.0,0.0,0.6000359141006812,nan,240,0.043430030862921076,0.9611048413505925,0.023010697198901735,0.6910153122763268,1.0,correct
UBFC_A4_L3_C050_SEED101/Eval_On_PURE,PURE,old,1004,11,window,330,570,11.0,19.0,8.0,72.0,72.0,0.0,0.0,0.0,0.6460660101712777,nan,240,0.021849117199060842,0.937166983104523,0.0003681934798172061,0.6652909665560622,1.0,correct
UBFC_A4_L3_C050_SEED101/Eval_On_PURE,PURE,old,1004,12,window,360,600,12.0,20.0,8.0,70.0,72.0,-2.0,2.0,2.7777777777777777,0.46539852082876254,nan,240,-0.00802723982193883,0.9206405522058551,0.023910010799464247,0.6613116414641468,1.0,correct
UBFC_A4_L3_C050_SEED101/Eval_On_PURE,PURE,old,1004,13,window,390,630,13.0,21.0,8.0,63.0,71.0,-8.0,8.0,11.267605633802818,0.22437675955194006,nan,240,-0.03847763007809264,0.9317663684685119,0.003236741812074845,0.5798921093664663,1.0,large_error
UBFC_A4_L3_C050_SEED101/Eval_On_PURE,PURE,old,1004,14,window,420,660,14.0,22.0,8.0,68.0,71.0,-3.0,3.0,4.225352112676056,0.5502400452765563,nan,240,0.00525885704461716,0.9264599415190715,0.010760622945447322,0.7807562795477389,1.0,correct
UBFC_A4_L3_C050_SEED101/Eval_On_PURE,PURE,old,1004,15,window,450,690,15.0,23.0,8.0,68.0,71.0,-3.0,3.0,4.225352112676056,0.3427477462175379,nan,240,0.00967944553116535,0.9510501506189575,0.007804829463403074,0.6994134208365265,1.0,correct
UBFC_A4_L3_C050_SEED101/Eval_On_PURE,PURE,old,1004,16,window,480,720,16.0,24.0,8.0,71.0,70.0,1.0,1.0,1.4285714285714286,0.5229957286200702,nan,240,0.0010398119715397224,0.92054504696525,0.012109441907910126,0.7154977564865672,1.0,correct
UBFC_A4_L3_C050_SEED101/Eval_On_PURE,PURE,old,1004,17,window,510,750,17.0,25.0,8.0,70.0,70.0,0.0,0.0,0.0,0.5674093191141728,nan,240,-0.04983914398596188,0.9144836047981334,-0.005845047233372233,0.559749494694888,1.0,correct
UBFC_A4_L3_C050_SEED101/Eval_On_PURE,PURE,old,1004,18,window,540,780,18.0,26.0,8.0,72.0,70.0,2.0,2.0,2.857142857142857,0.5951374055148563,nan,240,-0.0651240711516057,0.8743694883769748,-0.009815411343079531,0.8492124232046842,1.0,correct
UBFC_A4_L3_C050_SEED101/Eval_On_PURE,PURE,old,1004,19,window,570,810,19.0,27.0,8.0,73.0,72.0,1.0,1.0,1.3888888888888888,0.5487559509461526,nan,240,-0.033689042115340864,0.8944405080425402,0.00541933837372743,0.6730625249808397,1.0,correct
UBFC_A4_L3_C050_SEED101/Eval_On_PURE,PURE,old,1004,20,window,600,840,20.0,28.0,8.0,74.0,72.0,2.0,2.0,2.7777777777777777,0.5980686638335653,nan,240,0.014913308683055765,0.9067898802179082,0.008242638090266171,0.726512213444967,1.0,correct
UBFC_A4_L3_C050_SEED101/Eval_On_PURE,PURE,old,1004,21,window,630,870,21.0,29.0,8.0,74.0,72.0,2.0,2.0,2.7777777777777777,0.5851230330479127,nan,240,0.0448296611068317,0.9117648543338921,0.03197163439095723,0.7903577081792578,1.0,correct
UBFC_A4_L3_C050_SEED101/Eval_On_PURE,PURE,old,1004,22,window,660,900,22.0,30.0,8.0,74.0,72.0,2.0,2.0,2.7777777777777777,0.7396944780010369,nan,240,-0.014492919608698378,0.9201640507700358,0.0015536412648582433,0.9077840145437629,1.0,correct
UBFC_A4_L3_C050_SEED101/Eval_On_PURE,PURE,old,1004,23,window,690,930,23.0,31.0,8.0,74.0,72.0,2.0,2.0,2.7777777777777777,0.6139751758245819,nan,240,-0.040194717304878204,0.8698311527381704,-0.011884904250460513,0.8405240385900972,1.0,correct
UBFC_A4_L3_C050_SEED101/Eval_On_PURE,PURE,old,1004,24,window,720,960,24.0,32.0,8.0,73.0,73.0,0.0,0.0,0.0,0.7680091166212507,nan,240,-0.016140563120480452,0.9172767484408931,-0.014905377287342989,0.7509988808519645,1.0,correct
UBFC_A4_L3_C050_SEED101/Eval_On_PURE,PURE,old,1004,25,window,750,990,25.0,33.0,8.0,72.0,72.0,0.0,0.0,0.0,0.7981790724554838,nan,240,0.01567489216204018,0.957250116438134,0.022969117938080607,0.6955154407444901,1.0,correct
UBFC_A4_L3_C050_SEED101/Eval_On_PURE,PURE,old,1004,26,window,780,1020,26.0,34.0,8.0,74.0,72.0,2.0,2.0,2.7777777777777777,0.7525703778990346,nan,240,0.020408447285982397,0.9804548158129005,0.006694636939435383,0.8583546444932546,1.0,correct
UBFC_A4_L3_C050_SEED101/Eval_On_PURE,PURE,old,1004,27,window,810,1050,27.0,35.0,8.0,74.0,73.0,1.0,1.0,1.36986301369863,0.6981363497388844,nan,240,-0.026868311755628756,0.9872634889580291,0.0006689327489624049,0.9356077577997299,1.0,correct
UBFC_A4_L3_C050_SEED101/Eval_On_PURE,PURE,old,1004,28,window,840,1080,28.0,36.0,8.0,75.0,74.0,1.0,1.0,1.3513513513513513,0.7563857674505587,nan,240,0.004776092692040379,1.0219259639855975,-0.006042087558966297,0.8404064629666337,1.0,correct
UBFC_A4_L3_C050_SEED101/Eval_On_PURE,PURE,old,1004,29,window,870,1110,29.0,37.0,8.0,75.0,75.0,0.0,0.0,0.0,0.737504653193222,nan,240,0.009496281206177966,1.0049572671840774,-0.001820027829808755,0.7958557462952522,1.0,correct
UBFC_A4_L3_C050_SEED101/Eval_On_PURE,PURE,old,1004,30,window,900,1140,30.0,38.0,8.0,74.0,75.0,-1.0,1.0,1.3333333333333335,0.7403954547662206,nan,240,0.006088839972216028,0.9910355144157649,0.04070992734996828,0.9642401405938335,1.0,correct
UBFC_A4_L3_C050_SEED101/Eval_On_PURE,PURE,old,1004,31,window,930,1170,31.0,39.0,8.0,75.0,76.0,-1.0,1.0,1.3157894736842104,0.7617504586046936,nan,240,0.028634446928118333,0.9965686751239872,0.0005607455498928777,0.8793916503245583,1.0,correct
UBFC_A4_L3_C050_SEED101/Eval_On_PURE,PURE,old,1004,32,window,960,1200,32.0,40.0,8.0,75.0,76.0,-1.0,1.0,1.3157894736842104,0.6038601302560669,nan,240,0.01807357206225786,0.969017284674898,0.0014686832549700916,0.7367185515353054,1.0,correct
UBFC_A4_L3_C050_SEED101/Eval_On_PURE,PURE,old,1004,33,window,990,1230,33.0,41.0,8.0,59.0,76.0,-17.0,17.0,22.36842105263158,0.42756563234254447,nan,240,0.007803734239580037,0.9360964058849992,-0.0024861434421706336,0.6109282094749885,1.0,large_error
UBFC_A4_L3_C050_SEED101/Eval_On_PURE,PURE,old,1004,34,window,1020,1260,34.0,42.0,8.0,75.0,76.0,-1.0,1.0,1.3157894736842104,0.5816323945589474,nan,240,-0.005704895794906351,0.9163544591798832,0.01177663423000338,0.7129095130152983,1.0,correct
UBFC_A4_L3_C050_SEED101/Eval_On_PURE,PURE,old,1004,35,window,1050,1290,35.0,43.0,8.0,75.0,75.0,0.0,0.0,0.0,0.6518598962181771,nan,240,-0.01571450243293644,0.8972293445068498,0.0027367677869492347,0.6870255622620763,1.0,correct
UBFC_A4_L3_C050_SEED101/Eval_On_PURE,PURE,old,1004,36,window,1080,1320,36.0,44.0,8.0,76.0,75.0,1.0,1.0,1.3333333333333335,0.7247023838157332,nan,240,-0.0338805605714592,0.9111670638754061,-0.00333854638984388,0.8104618600389581,1.0,correct
UBFC_A4_L3_C050_SEED101/Eval_On_PURE,PURE,old,1004,37,window,1110,1350,37.0,45.0,8.0,46.0,74.0,-28.0,28.0,37.83783783783784,0.46257885639832186,nan,240,-0.0363700916476964,0.9450062862770786,0.013237149467643297,0.5783734065171339,1.0,large_error
UBFC_A4_L3_C050_SEED101/Eval_On_PURE,PURE,old,1004,38,window,1140,1380,38.0,46.0,8.0,74.0,74.0,0.0,0.0,0.0,0.7746769192693973,nan,240,-0.02824298403279179,0.9763711205792671,0.01050153806834176,0.7279892467061275,1.0,correct
UBFC_A4_L3_C050_SEED101/Eval_On_PURE,PURE,old,1004,39,window,1170,1410,39.0,47.0,8.0,75.0,75.0,0.0,0.0,0.0,0.6679426633061941,nan,240,0.0034164578509081316,1.008687009951794,0.002067853995382547,0.9417259398618665,1.0,correct
UBFC_A4_L3_C050_SEED101/Eval_On_PURE,PURE,old,1004,40,window,1200,1440,40.0,48.0,8.0,75.0,76.0,-1.0,1.0,1.3157894736842104,0.7668898950273823,nan,240,0.005555324273035489,1.0154847380859466,0.001759587238564352,0.8960954185939475,1.0,correct
UBFC_A4_L3_C050_SEED101/Eval_On_PURE,PURE,old,1004,41,window,1230,1470,41.0,49.0,8.0,76.0,77.0,-1.0,1.0,1.2987012987012987,0.7078999954483829,nan,240,0.004250513417431393,1.0271110867447257,0.0004075668838194657,0.9241820500933193,1.0,correct
UBFC_A4_L3_C050_SEED101/Eval_On_PURE,PURE,old,1004,42,window,1260,1500,42.0,50.0,8.0,77.0,76.0,1.0,1.0,1.3157894736842104,0.7338387726652656,nan,240,-0.009909216711868426,1.0599478456129658,0.03022631623030418,0.8972123753371369,1.0,correct
UBFC_A4_L3_C050_SEED101/Eval_On_PURE,PURE,old,1004,43,window,1290,1530,43.0,51.0,8.0,76.0,75.0,1.0,1.0,1.3333333333333335,0.7109238863378118,nan,240,-0.0043688613742079475,1.0820374752514876,0.001289586007530416,0.9439859445902516,1.0,correct
UBFC_A4_L3_C050_SEED101/Eval_On_PURE,PURE,old,1004,44,window,1320,1560,44.0,52.0,8.0,76.0,75.0,1.0,1.0,1.3333333333333335,0.7809329014675379,nan,240,0.012854119786566498,1.082109918764717,-0.0063490822116714345,0.9261254503853015,1.0,correct
UBFC_A4_L3_C050_SEED101/Eval_On_PURE,PURE,old,1004,45,window,1350,1590,45.0,53.0,8.0,75.0,75.0,0.0,0.0,0.0,0.7318953696376459,nan,240,0.015558352032801944,1.0786466990778607,0.00949729822149278,0.9461809043610455,1.0,correct
UBFC_A4_L3_C050_SEED101/Eval_On_PURE,PURE,old,1004,46,window,1380,1620,46.0,54.0,8.0,75.0,75.0,0.0,0.0,0.0,0.7910254150506798,nan,240,0.006302914582379822,1.0784578522122819,0.024856155009644436,0.9471782013350645,1.0,correct
UBFC_A4_L3_C050_SEED101/Eval_On_PURE,PURE,old,1004,47,window,1410,1650,47.0,55.0,8.0,74.0,76.0,-2.0,2.0,2.631578947368421,0.6661271986430963,nan,240,0.003442773363960283,1.07096807315376,-0.01900014911780546,0.895759654385604,1.0,correct
UBFC_A4_L3_C050_SEED101/Eval_On_PURE,PURE,old,1004,48,window,1440,1680,48.0,56.0,8.0,75.0,76.0,-1.0,1.0,1.3157894736842104,0.7027121562430029,nan,240,-0.018996318420055374,1.0813005271720708,0.004192077343972881,0.8288486517998909,1.0,correct
UBFC_A4_L3_C050_SEED101/Eval_On_PURE,PURE,old,1004,49,window,1470,1710,49.0,57.0,8.0,74.0,76.0,-2.0,2.0,2.631578947368421,0.6320448645995541,nan,240,-0.013896539072776153,1.1053412382525825,0.009604042354962638,0.8280795747120386,1.0,correct
UBFC_A4_L3_C050_SEED101/Eval_On_PURE,PURE,old,1004,50,window,1500,1740,50.0,58.0,8.0,75.0,76.0,-1.0,1.0,1.3157894736842104,0.693812762158067,nan,240,0.0027901068695610266,1.1026240616311058,0.03273137227371916,0.8039355448666805,1.0,correct
UBFC_A4_L3_C050_SEED101/Eval_On_PURE,PURE,old,1004,51,window,1530,1770,51.0,59.0,8.0,74.0,75.0,-1.0,1.0,1.3333333333333335,0.5733844455385634,nan,240,0.028566882892616958,1.0906913155044078,-0.01149008912359085,0.8021679759856085,1.0,correct
UBFC_A4_L3_C050_SEED101/Eval_On_PURE,PURE,old,1004,52,window,1560,1800,52.0,60.0,8.0,74.0,75.0,-1.0,1.0,1.3333333333333335,0.4463272961399806,nan,240,0.0025514919992072264,1.0542976147057346,0.0009385896721998937,0.6673244213129624,1.0,correct
UBFC_A4_L3_C050_SEED101/Eval_On_PURE,PURE,old,1004,53,window,1590,1830,53.0,61.0,8.0,72.0,74.0,-2.0,2.0,2.7027027027027026,0.29797814251331156,nan,240,0.0006389181040175976,1.0495219816543946,0.03307658357127157,0.8270042946462541,1.0,correct
UBFC_A4_L3_C050_SEED101/Eval_On_PURE,PURE,old,1004,54,window,1620,1860,54.0,62.0,8.0,73.0,74.0,-1.0,1.0,1.3513513513513513,0.4418229006117527,nan,240,0.005878002587861893,1.0580617235993774,0.010944726776103031,0.740233244651846,1.0,correct
UBFC_A4_L3_C050_SEED101/Eval_On_PURE,PURE,old,1004,55,window,1650,1890,55.0,63.0,8.0,75.0,74.0,1.0,1.0,1.3513513513513513,0.3880583601217425,nan,240,-0.052031790127229326,1.0531809642800793,0.0011491101369268083,0.9215321556171719,1.0,correct
UBFC_A4_L3_C050_SEED101/Eval_On_PURE,PURE,old,1004,56,window,1680,1920,56.0,64.0,8.0,76.0,73.0,3.0,3.0,4.10958904109589,0.377497963853594,nan,240,-0.02626148855579805,1.0634663019583181,-0.0046464722169498075,0.7910788084159575,1.0,correct
UBFC_A4_L3_C050_SEED101/Eval_On_PURE,PURE,old,1004,57,window,1710,1950,57.0,65.0,8.0,77.0,73.0,4.0,4.0,5.47945205479452,0.3146608354857933,nan,240,-0.001667344220591723,1.0476847022248663,0.0011734106358453325,0.7658989880445728,1.0,large_error
UBFC_A4_L3_C050_SEED101/Eval_On_PURE,PURE,old,1004,58,window,1740,1980,58.0,66.0,8.0,74.0,73.0,1.0,1.0,1.36986301369863,0.5632464252614665,nan,240,0.02935927223013605,1.0359953659435976,0.00676172786102002,0.7407688196305959,1.0,correct
UBFC_A4_L3_C050_SEED101/Eval_On_PURE,PURE,old,1004,59,window,1770,2010,59.0,67.0,8.0,74.0,73.0,1.0,1.0,1.36986301369863,0.6103910281637689,nan,240,-0.0038998813379967617,1.0388845796781212,0.018581075866531124,0.9107751464076876,1.0,correct
UBFC_A4_L3_C050_SEED101/Eval_On_PURE,PURE,old,1004,60,window,1800,2040,60.0,68.0,8.0,74.0,73.0,1.0,1.0,1.36986301369863,0.6855205320533396,nan,240,-0.025366343405397975,1.0437691675578196,-0.013541107133210831,0.8665564666292799,1.0,correct
UBFC_A4_L3_C050_SEED101/Eval_On_PURE,PURE,old,1004,61,window,1830,2070,61.0,69.0,8.0,75.0,73.0,2.0,2.0,2.73972602739726,0.5465363058294442,nan,240,-0.0014533740370686553,1.040618729230861,0.01793945571858328,0.7501229252949508,1.0,correct
UBFC_A4_L3_C050_SEED101/Eval_On_PURE,PURE,old,1004,62,window,1860,2100,62.0,70.0,8.0,72.0,74.0,-2.0,2.0,2.7027027027027026,0.719577002567925,nan,240,0.03353069875578238,1.0138755659864693,0.016961556888628555,0.82354360551125,1.0,correct
UBFC_A4_L3_C050_SEED101/Eval_On_PURE,PURE,old,1004,63,window,1890,2130,63.0,71.0,8.0,75.0,74.0,1.0,1.0,1.3513513513513513,0.706301765513625,nan,240,0.049177359799281985,0.9827744720192547,-0.001994597420492078,0.6494846517790435,1.0,correct
UBFC_A4_L3_C050_SEED101/Eval_On_PURE,PURE,old,1004,64,window,1920,2160,64.0,72.0,8.0,74.0,75.0,-1.0,1.0,1.3333333333333335,0.27421714447402223,nan,240,0.0037118808129287693,0.9349779174164675,0.005836591143934491,0.6282390797591995,1.0,correct
UBFC_A4_L3_C050_SEED101/Eval_On_PURE,PURE,old,1004,65,window,1950,2190,65.0,73.0,8.0,76.0,75.0,1.0,1.0,1.3333333333333335,0.56057453630414,nan,240,-0.006675123698823282,0.9130893530499792,0.0232133457645707,0.46606097986286693,1.0,correct
UBFC_A4_L3_C050_SEED101/Eval_On_PURE,PURE,old,1004,66,window,1980,2220,66.0,74.0,8.0,46.0,75.0,-29.0,29.0,38.666666666666664,0.3411094703524928,nan,240,-0.020839030893687258,0.9002685510185375,0.005373706253490969,0.6321589255194882,1.0,large_error
UBFC_A4_L3_C050_SEED101/Eval_On_PURE,PURE,old,1005,0,window,0,240,0.0,8.0,8.0,77.0,71.0,6.0,6.0,8.450704225352112,0.6039757444311679,nan,240,-0.11397025577438293,0.9103813267954006,-0.01992175107388282,0.9522322761857496,1.0,large_error
UBFC_A4_L3_C050_SEED101/Eval_On_PURE,PURE,old,1005,1,window,30,270,1.0,9.0,8.0,76.0,76.0,0.0,0.0,0.0,0.6695811695372453,nan,240,-0.07788345238641556,0.9214554697542824,0.01972918009716553,0.9563138739285151,1.0,correct
UBFC_A4_L3_C050_SEED101/Eval_On_PURE,PURE,old,1005,2,window,60,300,2.0,10.0,8.0,75.0,75.0,0.0,0.0,0.0,0.6117533341900305,nan,240,-0.08182311258368663,0.9178827453612532,-0.00010959573170452227,0.9633868838107973,1.0,correct
UBFC_A4_L3_C050_SEED101/Eval_On_PURE,PURE,old,1005,3,window,90,330,3.0,11.0,8.0,75.0,74.0,1.0,1.0,1.3513513513513513,0.5902306728881026,nan,240,-0.03116585022170829,0.9452934658000068,0.026009882849440634,0.9694481972246793,1.0,correct
UBFC_A4_L3_C050_SEED101/Eval_On_PURE,PURE,old,1005,4,window,120,360,4.0,12.0,8.0,75.0,76.0,-1.0,1.0,1.3157894736842104,0.5345087447013391,nan,240,0.07861094062918088,0.9789874337731935,-0.007786177543073728,0.9800748907901798,1.0,correct
UBFC_A4_L3_C050_SEED101/Eval_On_PURE,PURE,old,1005,5,window,150,390,5.0,13.0,8.0,76.0,76.0,0.0,0.0,0.0,0.7033818636589354,nan,240,0.10057096915846765,0.9617644956996975,-0.004023756628030612,0.9557559921303109,1.0,correct
UBFC_A4_L3_C050_SEED101/Eval_On_PURE,PURE,old,1005,6,window,180,420,6.0,14.0,8.0,76.0,75.0,1.0,1.0,1.3333333333333335,0.6534122194737976,nan,240,0.075116450570593,0.9591120662865479,-0.0023354645872347276,0.9486732934657219,1.0,correct
UBFC_A4_L3_C050_SEED101/Eval_On_PURE,PURE,old,1005,7,window,210,450,7.0,15.0,8.0,74.0,74.0,0.0,0.0,0.0,0.6175991632771958,nan,240,0.10751175966120391,0.9528672706404314,0.03874112077331797,0.9847123928796646,1.0,correct
UBFC_A4_L3_C050_SEED101/Eval_On_PURE,PURE,old,1005,8,window,240,480,8.0,16.0,8.0,74.0,72.0,2.0,2.0,2.7777777777777777,0.5608347407081907,nan,240,0.11244132370047702,0.9461269671186368,0.02409007879891684,0.959409238950808,1.0,correct
UBFC_A4_L3_C050_SEED101/Eval_On_PURE,PURE,old,1005,9,window,270,510,9.0,17.0,8.0,71.0,71.0,0.0,0.0,0.0,0.6337245849781806,nan,240,0.05148740552708383,0.9729242119144069,-0.010956921568654604,0.9253355468159598,1.0,correct
UBFC_A4_L3_C050_SEED101/Eval_On_PURE,PURE,old,1005,10,window,300,540,10.0,18.0,8.0,69.0,69.0,0.0,0.0,0.0,0.7114597341045408,nan,240,-0.021666764372635667,0.969809908780695,-0.01034326259942685,0.9672706525985639,1.0,correct
UBFC_A4_L3_C050_SEED101/Eval_On_PURE,PURE,old,1005,11,window,330,570,11.0,19.0,8.0,69.0,69.0,0.0,0.0,0.0,0.7576516183954556,nan,240,-0.028669543278087704,0.9680769497517232,0.019207564574594976,0.9567417934486955,1.0,correct
UBFC_A4_L3_C050_SEED101/Eval_On_PURE,PURE,old,1005,12,window,360,600,12.0,20.0,8.0,70.0,69.0,1.0,1.0,1.4492753623188406,0.7584810123410651,nan,240,-0.06111856149844904,0.9184090919661397,-0.0052338597024373665,0.9443456661933243,1.0,correct
UBFC_A4_L3_C050_SEED101/Eval_On_PURE,PURE,old,1005,13,window,390,630,13.0,21.0,8.0,73.0,71.0,2.0,2.0,2.8169014084507045,0.7049893380783097,nan,240,-0.02301331381930507,0.9502297256669717,0.009368026770137232,0.9521149288565629,1.0,correct
UBFC_A4_L3_C050_SEED101/Eval_On_PURE,PURE,old,1005,14,window,420,660,14.0,22.0,8.0,73.0,72.0,1.0,1.0,1.3888888888888888,0.8182137658976044,nan,240,-0.00500631969746476,0.9520501731866517,-0.01065800538799064,0.9592262437686588,1.0,correct
UBFC_A4_L3_C050_SEED101/Eval_On_PURE,PURE,old,1005,15,window,450,690,15.0,23.0,8.0,74.0,73.0,1.0,1.0,1.36986301369863,0.8111151292200439,nan,240,-0.01521105435005757,0.9376244594113387,-0.007974520467935753,0.9462789592833397,1.0,correct
UBFC_A4_L3_C050_SEED101/Eval_On_PURE,PURE,old,1005,16,window,480,720,16.0,24.0,8.0,74.0,73.0,1.0,1.0,1.36986301369863,0.807902310082118,nan,240,-0.029774083207304444,0.9248802772364256,0.032260672903654385,0.9676648204195266,1.0,correct
UBFC_A4_L3_C050_SEED101/Eval_On_PURE,PURE,old,1005,17,window,510,750,17.0,25.0,8.0,74.0,74.0,0.0,0.0,0.0,0.7767308114257963,nan,240,-0.009683472055815389,0.9001591279327049,0.027777644869703178,0.9844439458371983,1.0,correct
UBFC_A4_L3_C050_SEED101/Eval_On_PURE,PURE,old,1005,18,window,540,780,18.0,26.0,8.0,74.0,73.0,1.0,1.0,1.36986301369863,0.7512894810736005,nan,240,0.0009530585252853848,0.8983094267446444,0.00911191398676983,0.9695313773104155,1.0,correct
UBFC_A4_L3_C050_SEED101/Eval_On_PURE,PURE,old,1005,19,window,570,810,19.0,27.0,8.0,72.0,72.0,0.0,0.0,0.0,0.7668989550851163,nan,240,-0.05211325998059995,0.8836619041282339,-0.004728291960353387,0.9648494490108629,1.0,correct
UBFC_A4_L3_C050_SEED101/Eval_On_PURE,PURE,old,1005,20,window,600,840,20.0,28.0,8.0,73.0,73.0,0.0,0.0,0.0,0.7906912032041716,nan,240,-0.035592926078690725,0.9259024219219978,-0.0005670889878477784,0.9490710453966497,1.0,correct
UBFC_A4_L3_C050_SEED101/Eval_On_PURE,PURE,old,1005,21,window,630,870,21.0,29.0,8.0,73.0,73.0,0.0,0.0,0.0,0.8237377485336724,nan,240,-0.056986991999618694,0.8939292407787177,0.029500497378651014,0.9906414750090157,1.0,correct
UBFC_A4_L3_C050_SEED101/Eval_On_PURE,PURE,old,1005,22,window,660,900,22.0,30.0,8.0,74.0,73.0,1.0,1.0,1.36986301369863,0.8091913752168238,nan,240,-0.05966459379227786,0.8767181300340646,0.01816839807515645,0.9718105492883923,1.0,correct
UBFC_A4_L3_C050_SEED101/Eval_On_PURE,PURE,old,1005,23,window,690,930,23.0,31.0,8.0,74.0,74.0,0.0,0.0,0.0,0.7863138243514974,nan,240,-0.05263188213072,0.886225395182444,-0.006067682574139944,0.9747270742159043,1.0,correct
UBFC_A4_L3_C050_SEED101/Eval_On_PURE,PURE,old,1005,24,window,720,960,24.0,32.0,8.0,74.0,75.0,-1.0,1.0,1.3333333333333335,0.8531716411290308,nan,240,0.040081964005444996,0.9423436950821134,-0.011203247601750281,0.9567757726774159,1.0,correct
UBFC_A4_L3_C050_SEED101/Eval_On_PURE,PURE,old,1005,25,window,750,990,25.0,33.0,8.0,75.0,75.0,0.0,0.0,0.0,0.8601766452011349,nan,240,0.055827442873404305,0.9573410801152522,0.004953439271068616,0.9654205908796464,1.0,correct
UBFC_A4_L3_C050_SEED101/Eval_On_PURE,PURE,old,1005,26,window,780,1020,26.0,34.0,8.0,74.0,74.0,0.0,0.0,0.0,0.7995667197517615,nan,240,0.03153287165690006,0.9721641598523336,0.030625690184808964,0.9861953455215116,1.0,correct
UBFC_A4_L3_C050_SEED101/Eval_On_PURE,PURE,old,1005,27,window,810,1050,27.0,35.0,8.0,74.0,73.0,1.0,1.0,1.36986301369863,0.7801454014658682,nan,240,0.010273396993923512,0.9764273669109353,0.012701342875728916,0.9679794110957073,1.0,correct
UBFC_A4_L3_C050_SEED101/Eval_On_PURE,PURE,old,1005,28,window,840,1080,28.0,36.0,8.0,73.0,73.0,0.0,0.0,0.0,0.8146321980151315,nan,240,-0.029619324489564183,0.9763627491881162,-0.021848541212254623,0.964108331512448,1.0,correct
UBFC_A4_L3_C050_SEED101/Eval_On_PURE,PURE,old,1005,29,window,870,1110,29.0,37.0,8.0,73.0,73.0,0.0,0.0,0.0,0.84923417783441,nan,240,-0.029618687622412383,1.0010339041720575,0.006249437309127489,0.9083102795109449,1.0,correct
UBFC_A4_L3_C050_SEED101/Eval_On_PURE,PURE,old,1005,30,window,900,1140,30.0,38.0,8.0,73.0,73.0,0.0,0.0,0.0,0.8148354714489017,nan,240,-0.000767119650081712,0.9984323602246153,0.033217632341593854,0.9732077043397955,1.0,correct
UBFC_A4_L3_C050_SEED101/Eval_On_PURE,PURE,old,1005,31,window,930,1170,31.0,39.0,8.0,74.0,73.0,1.0,1.0,1.36986301369863,0.7612671029794581,nan,240,0.012851435221948563,1.0052410695286107,0.016974010806124516,0.95493964276563,1.0,correct
UBFC_A4_L3_C050_SEED101/Eval_On_PURE,PURE,old,1005,32,window,960,1200,32.0,40.0,8.0,75.0,74.0,1.0,1.0,1.3513513513513513,0.6679844319579664,nan,240,-0.041496472281184436,0.9935263411561055,0.0024342834275067533,0.9513779053394862,1.0,correct
UBFC_A4_L3_C050_SEED101/Eval_On_PURE,PURE,old,1005,33,window,990,1230,33.0,41.0,8.0,74.0,74.0,0.0,0.0,0.0,0.7809969517306703,nan,240,-0.013216174143473357,1.041498846843048,-0.022494976324748932,0.9566076656015728,1.0,correct
UBFC_A4_L3_C050_SEED101/Eval_On_PURE,PURE,old,1005,34,window,1020,1260,34.0,42.0,8.0,74.0,74.0,0.0,0.0,0.0,0.8132233812393709,nan,240,0.024907118104953732,1.0467194473117198,0.00857572175128125,0.9592924050502573,1.0,correct
UBFC_A4_L3_C050_SEED101/Eval_On_PURE,PURE,old,1005,35,window,1050,1290,35.0,43.0,8.0,74.0,73.0,1.0,1.0,1.36986301369863,0.7151593671682108,nan,240,0.043851792962398446,1.0437692813849762,0.028330173892939906,0.982905407545499,1.0,correct
UBFC_A4_L3_C050_SEED101/Eval_On_PURE,PURE,old,1005,36,window,1080,1320,36.0,44.0,8.0,74.0,73.0,1.0,1.0,1.36986301369863,0.6987126977176105,nan,240,-0.0055822598911912215,1.0489752957172085,0.013333885512540968,0.9727994400823687,1.0,correct
UBFC_A4_L3_C050_SEED101/Eval_On_PURE,PURE,old,1005,37,window,1110,1350,37.0,45.0,8.0,73.0,74.0,-1.0,1.0,1.3513513513513513,0.743650012712318,nan,240,0.022733702806987454,1.0739420013667682,-0.020271272602905156,0.9724676115288166,1.0,correct
UBFC_A4_L3_C050_SEED101/Eval_On_PURE,PURE,old,1005,38,window,1140,1380,38.0,46.0,8.0,74.0,74.0,0.0,0.0,0.0,0.82124710309212,nan,240,0.043671771847661876,1.0799224033616583,0.002449343543438155,0.9522752796476373,1.0,correct
UBFC_A4_L3_C050_SEED101/Eval_On_PURE,PURE,old,1005,39,window,1170,1410,39.0,47.0,8.0,74.0,75.0,-1.0,1.0,1.3333333333333335,0.761602522856249,nan,240,0.022114031068877875,1.070053984222276,0.02489242736268403,0.9770661795003425,1.0,correct
UBFC_A4_L3_C050_SEED101/Eval_On_PURE,PURE,old,1005,40,window,1200,1440,40.0,48.0,8.0,75.0,75.0,0.0,0.0,0.0,0.7231225757506078,nan,240,-0.023710471060808824,1.0572311204932507,0.01917577212283234,0.9695182568541498,1.0,correct
UBFC_A4_L3_C050_SEED101/Eval_On_PURE,PURE,old,1005,41,window,1230,1470,41.0,49.0,8.0,75.0,74.0,1.0,1.0,1.3513513513513513,0.7175456999952871,nan,240,-0.09193889812416209,1.0118856273543848,-0.012823188391136723,0.9583089641438663,1.0,correct
UBFC_A4_L3_C050_SEED101/Eval_On_PURE,PURE,old,1005,42,window,1260,1500,42.0,50.0,8.0,74.0,73.0,1.0,1.0,1.36986301369863,0.7390543910075947,nan,240,-0.10912942855817481,1.0182347414772623,-0.02843945791723934,0.9601485066117348,1.0,correct
UBFC_A4_L3_C050_SEED101/Eval_On_PURE,PURE,old,1005,43,window,1290,1530,43.0,51.0,8.0,71.0,72.0,-1.0,1.0,1.3888888888888888,0.6765277643389214,nan,240,-0.12824605754644086,1.010162088188052,0.018602381344288134,0.9375702071346871,1.0,correct
UBFC_A4_L3_C050_SEED101/Eval_On_PURE,PURE,old,1005,44,window,1320,1560,44.0,52.0,8.0,72.0,71.0,1.0,1.0,1.4084507042253522,0.7186287669821493,nan,240,-0.11605408509308043,0.9775564878732232,0.02177177872953858,0.9674789055271612,1.0,correct
UBFC_A4_L3_C050_SEED101/Eval_On_PURE,PURE,old,1005,45,window,1350,1590,45.0,53.0,8.0,72.0,71.0,1.0,1.0,1.4084507042253522,0.7268399432405102,nan,240,-0.13914115619092618,0.9497650104909218,0.0021046607615756393,0.9541308956510368,1.0,correct
UBFC_A4_L3_C050_SEED101/Eval_On_PURE,PURE,old,1005,46,window,1380,1620,46.0,54.0,8.0,72.0,72.0,0.0,0.0,0.0,0.732657121783394,nan,240,-0.09906416781169333,0.993546329892715,-0.03290761935769929,0.9833698174568879,1.0,correct
UBFC_A4_L3_C050_SEED101/Eval_On_PURE,PURE,old,1005,47,window,1410,1650,47.0,55.0,8.0,74.0,73.0,1.0,1.0,1.36986301369863,0.7798112464741752,nan,240,-0.007651653554463008,1.044219240023985,0.007026974239885667,0.9400496228998468,1.0,correct
UBFC_A4_L3_C050_SEED101/Eval_On_PURE,PURE,old,1005,48,window,1440,1680,48.0,56.0,8.0,75.0,75.0,0.0,0.0,0.0,0.7118857238455316,nan,240,0.05052573612878479,1.0669417611115914,0.01619540616624123,0.9678695076629619,1.0,correct
UBFC_A4_L3_C050_SEED101/Eval_On_PURE,PURE,old,1005,49,window,1470,1710,49.0,57.0,8.0,75.0,75.0,0.0,0.0,0.0,0.6711892611149592,nan,240,0.056201071602104004,1.0876276729385839,0.019321668405731195,0.9725430262880861,1.0,correct
UBFC_A4_L3_C050_SEED101/Eval_On_PURE,PURE,old,1005,50,window,1500,1740,50.0,58.0,8.0,75.0,75.0,0.0,0.0,0.0,0.6116211999809025,nan,240,0.08425018696393291,1.0892657947611528,-0.0005437172654579182,0.9715054453667866,1.0,correct
UBFC_A4_L3_C050_SEED101/Eval_On_PURE,PURE,old,1005,51,window,1530,1770,51.0,59.0,8.0,74.0,75.0,-1.0,1.0,1.3333333333333335,0.7321644971734483,nan,240,0.14285703739613495,1.1282902082431787,-0.009134145417875366,0.9599601244191774,1.0,correct
UBFC_A4_L3_C050_SEED101/Eval_On_PURE,PURE,old,1005,52,window,1560,1800,52.0,60.0,8.0,74.0,75.0,-1.0,1.0,1.3333333333333335,0.7265405260722824,nan,240,0.1717788730441468,1.1491136459024358,0.011504561403758507,0.9731541035626854,1.0,correct
UBFC_A4_L3_C050_SEED101/Eval_On_PURE,PURE,old,1005,53,window,1590,1830,53.0,61.0,8.0,74.0,74.0,0.0,0.0,0.0,0.6097714749233177,nan,240,0.13888447239605195,1.161307665691484,0.02457422126126528,0.9777308931191784,1.0,correct
UBFC_A4_L3_C050_SEED101/Eval_On_PURE,PURE,old,1005,54,window,1620,1860,54.0,62.0,8.0,75.0,74.0,1.0,1.0,1.3513513513513513,0.49403758518652724,nan,240,0.10955822610703318,1.156911189415971,-0.0009721581273834111,0.9794171282591236,1.0,correct
UBFC_A4_L3_C050_SEED101/Eval_On_PURE,PURE,old,1005,55,window,1650,1890,55.0,63.0,8.0,75.0,74.0,1.0,1.0,1.3513513513513513,0.641407709930413,nan,240,0.0763402969461335,1.1390596526224626,-0.003211514402379185,0.9501910903411425,1.0,correct
UBFC_A4_L3_C050_SEED101/Eval_On_PURE,PURE,old,1005,56,window,1680,1920,56.0,64.0,8.0,75.0,75.0,0.0,0.0,0.0,0.6927383412320265,nan,240,0.03414423926583621,1.1155929387561665,0.008275218598056272,0.9808280484498254,1.0,correct
UBFC_A4_L3_C050_SEED101/Eval_On_PURE,PURE,old,1006,0,window,0,240,0.0,8.0,8.0,78.0,78.0,0.0,0.0,0.0,0.5630972244110879,nan,240,-0.09495088642135947,0.7260231001762413,-0.005544637783776164,0.9222495946817918,1.0,correct
UBFC_A4_L3_C050_SEED101/Eval_On_PURE,PURE,old,1006,1,window,30,270,1.0,9.0,8.0,77.0,78.0,-1.0,1.0,1.282051282051282,0.4782076279780499,nan,240,-0.05226212394227888,0.7287714033835146,0.009652981738981421,0.9732577439392815,1.0,correct
UBFC_A4_L3_C050_SEED101/Eval_On_PURE,PURE,old,1006,2,window,60,300,2.0,10.0,8.0,79.0,77.0,2.0,2.0,2.5974025974025974,0.5021900991827835,nan,240,-0.005753693526946458,0.7185019469989146,-0.0005290029108522239,0.9098855181126733,1.0,correct
UBFC_A4_L3_C050_SEED101/Eval_On_PURE,PURE,old,1006,3,window,90,330,3.0,11.0,8.0,79.0,77.0,2.0,2.0,2.5974025974025974,0.5192741265653243,nan,240,0.01210691512355218,0.7396258814064356,0.007178052791438586,0.92257444416884,1.0,correct
UBFC_A4_L3_C050_SEED101/Eval_On_PURE,PURE,old,1006,4,window,120,360,4.0,12.0,8.0,76.0,77.0,-1.0,1.0,1.2987012987012987,0.6431340866984647,nan,240,0.0015114191769481995,0.7588578424794753,0.014494672141592753,0.956088308727148,1.0,correct
UBFC_A4_L3_C050_SEED101/Eval_On_PURE,PURE,old,1006,5,window,150,390,5.0,13.0,8.0,76.0,76.0,0.0,0.0,0.0,0.6084583809316396,nan,240,0.0037478592646949787,0.7624058608292867,0.00743574956068752,0.950341576698294,1.0,correct
UBFC_A4_L3_C050_SEED101/Eval_On_PURE,PURE,old,1006,6,window,180,420,6.0,14.0,8.0,76.0,75.0,1.0,1.0,1.3333333333333335,0.7594328926043398,nan,240,-0.018669779034755585,0.7605070456137308,0.00328764496773192,0.9386913843469729,1.0,correct
UBFC_A4_L3_C050_SEED101/Eval_On_PURE,PURE,old,1006,7,window,210,450,7.0,15.0,8.0,75.0,75.0,0.0,0.0,0.0,0.714885416546546,nan,240,-0.016272689952224226,0.7756209779526071,0.016723953769291318,0.9585651696185618,1.0,correct
UBFC_A4_L3_C050_SEED101/Eval_On_PURE,PURE,old,1006,8,window,240,480,8.0,16.0,8.0,75.0,74.0,1.0,1.0,1.3513513513513513,0.7531139398570398,nan,240,0.006732901811132256,0.7888108689955974,0.01762193573530044,0.9487327446217743,1.0,correct
UBFC_A4_L3_C050_SEED101/Eval_On_PURE,PURE,old,1006,9,window,270,510,9.0,17.0,8.0,75.0,75.0,0.0,0.0,0.0,0.7239328648247392,nan,240,0.03101837740271539,0.8098347409561264,-0.0031200173194473046,0.9470532519851771,1.0,correct
UBFC_A4_L3_C050_SEED101/Eval_On_PURE,PURE,old,1006,10,window,300,540,10.0,18.0,8.0,75.0,75.0,0.0,0.0,0.0,0.8203394536498703,nan,240,0.03755893035462187,0.8282816277739121,0.0006337143635591855,0.9545955728184115,1.0,correct
UBFC_A4_L3_C050_SEED101/Eval_On_PURE,PURE,old,1006,11,window,330,570,11.0,19.0,8.0,75.0,76.0,-1.0,1.0,1.3157894736842104,0.65501264319268,nan,240,0.028896842718429842,0.8428706448274051,0.023914909905772698,0.9708901673791219,1.0,correct
UBFC_A4_L3_C050_SEED101/Eval_On_PURE,PURE,old,1006,12,window,360,600,12.0,20.0,8.0,75.0,77.0,-2.0,2.0,2.5974025974025974,0.5838919277694484,nan,240,0.06749975015133797,0.8440523579223033,0.008228659664594717,0.9609211339283146,1.0,correct
UBFC_A4_L3_C050_SEED101/Eval_On_PURE,PURE,old,1006,13,window,390,630,13.0,21.0,8.0,77.0,78.0,-1.0,1.0,1.282051282051282,0.6987558564429502,nan,240,0.08909634562904607,0.8305881325313803,0.0013923697969308684,0.9350617203818972,1.0,correct
UBFC_A4_L3_C050_SEED101/Eval_On_PURE,PURE,old,1006,14,window,420,660,14.0,22.0,8.0,77.0,78.0,-1.0,1.0,1.282051282051282,0.606980433979341,nan,240,0.09023853031888608,0.8369241749853886,0.01282252000552679,0.941353943489678,1.0,correct
UBFC_A4_L3_C050_SEED101/Eval_On_PURE,PURE,old,1006,15,window,450,690,15.0,23.0,8.0,75.0,78.0,-3.0,3.0,3.8461538461538463,0.41747787822589577,nan,240,0.052540659059706826,0.8518579869733017,0.022009496678778193,0.9670045275978542,1.0,correct
UBFC_A4_L3_C050_SEED101/Eval_On_PURE,PURE,old,1006,16,window,480,720,16.0,24.0,8.0,75.0,77.0,-2.0,2.0,2.5974025974025974,0.3870200154787858,nan,240,0.037829957230177264,0.8534137317430008,0.005410281950954426,0.9777045452010202,1.0,correct
UBFC_A4_L3_C050_SEED101/Eval_On_PURE,PURE,old,1006,17,window,510,750,17.0,25.0,8.0,75.0,76.0,-1.0,1.0,1.3157894736842104,0.5499558048742578,nan,240,0.009641132593299654,0.8328776624594244,-0.007780056169221848,0.9338982614956897,1.0,correct
UBFC_A4_L3_C050_SEED101/Eval_On_PURE,PURE,old,1006,18,window,540,780,18.0,26.0,8.0,75.0,75.0,0.0,0.0,0.0,0.4428371984787516,nan,240,-0.024408179863043066,0.8370951879331345,0.0006944917753976025,0.9205750230756674,1.0,correct
UBFC_A4_L3_C050_SEED101/Eval_On_PURE,PURE,old,1006,19,window,570,810,19.0,27.0,8.0,75.0,74.0,1.0,1.0,1.3513513513513513,0.6161367493384915,nan,240,-0.05453322299683062,0.8393903589341217,0.017049593816022293,0.9580331105876474,1.0,correct
UBFC_A4_L3_C050_SEED101/Eval_On_PURE,PURE,old,1006,20,window,600,840,20.0,28.0,8.0,75.0,75.0,0.0,0.0,0.0,0.46146855977420725,nan,240,-0.03771456905108736,0.8509471777257865,-0.0009890309085924772,0.9590681661435866,1.0,correct
UBFC_A4_L3_C050_SEED101/Eval_On_PURE,PURE,old,1006,21,window,630,870,21.0,29.0,8.0,77.0,76.0,1.0,1.0,1.3157894736842104,0.5864754426505998,nan,240,-0.024411614535428994,0.8669650085098249,0.0014553892468494036,0.9265409501023978,1.0,correct
UBFC_A4_L3_C050_SEED101/Eval_On_PURE,PURE,old,1006,22,window,660,900,22.0,30.0,8.0,77.0,77.0,0.0,0.0,0.0,0.6984126557309467,nan,240,-0.026031687051348493,0.8986327898406461,-0.0018301397442453849,0.9350027611222886,1.0,correct
UBFC_A4_L3_C050_SEED101/Eval_On_PURE,PURE,old,1006,23,window,690,930,23.0,31.0,8.0,77.0,78.0,-1.0,1.0,1.282051282051282,0.6867392215316753,nan,240,0.041347530117926454,0.9251746453421993,0.020423367912295334,0.9697373199876979,1.0,correct
UBFC_A4_L3_C050_SEED101/Eval_On_PURE,PURE,old,1006,24,window,720,960,24.0,32.0,8.0,79.0,78.0,1.0,1.0,1.282051282051282,0.7041888625995342,nan,240,0.07640960256374225,0.9191483218174603,0.016560648715377307,0.9314067745620551,1.0,correct
UBFC_A4_L3_C050_SEED101/Eval_On_PURE,PURE,old,1006,25,window,750,990,25.0,33.0,8.0,79.0,78.0,1.0,1.0,1.282051282051282,0.6704847645245812,nan,240,0.05892274871743696,0.9421079124667698,0.014621768596733756,0.9226115936341158,1.0,correct
UBFC_A4_L3_C050_SEED101/Eval_On_PURE,PURE,old,1006,26,window,780,1020,26.0,34.0,8.0,76.0,78.0,-2.0,2.0,2.564102564102564,0.7483143558530077,nan,240,0.0732456448102857,0.9737732100643004,0.0030468451621127168,0.955379146007299,1.0,correct
UBFC_A4_L3_C050_SEED101/Eval_On_PURE,PURE,old,1006,27,window,810,1050,27.0,35.0,8.0,78.0,78.0,0.0,0.0,0.0,0.7737096124049923,nan,240,0.11400615098753415,0.969806387079098,0.003996744250157553,0.9305693625396289,1.0,correct
UBFC_A4_L3_C050_SEED101/Eval_On_PURE,PURE,old,1006,28,window,840,1080,28.0,36.0,8.0,79.0,78.0,1.0,1.0,1.282051282051282,0.8100593823748297,nan,240,0.048317417118092926,0.9539054850540629,-0.0005313846680193375,0.9337657563830356,1.0,correct
UBFC_A4_L3_C050_SEED101/Eval_On_PURE,PURE,old,1006,29,window,870,1110,29.0,37.0,8.0,77.0,78.0,-1.0,1.0,1.282051282051282,0.7342460489871591,nan,240,0.017568980946234488,0.961572003670306,-0.000697224604069821,0.9121767156822604,1.0,correct
UBFC_A4_L3_C050_SEED101/Eval_On_PURE,PURE,old,1006,30,window,900,1140,30.0,38.0,8.0,76.0,78.0,-2.0,2.0,2.564102564102564,0.7008281685533612,nan,240,0.0651226446172363,0.9549232949756326,0.034493404171508986,0.9322137438643201,1.0,correct
UBFC_A4_L3_C050_SEED101/Eval_On_PURE,PURE,old,1006,31,window,930,1170,31.0,39.0,8.0,78.0,79.0,-1.0,1.0,1.2658227848101267,0.8301104782911712,nan,240,0.03325512973340811,0.9141084594219843,0.002023118902651692,0.9160120764837851,1.0,correct
UBFC_A4_L3_C050_SEED101/Eval_On_PURE,PURE,old,1006,32,window,960,1200,32.0,40.0,8.0,77.0,78.0,-1.0,1.0,1.282051282051282,0.7225017306276957,nan,240,-0.024624095858946697,0.9266691983241239,-0.007019093539219729,0.8753907679052136,1.0,correct
UBFC_A4_L3_C050_SEED101/Eval_On_PURE,PURE,old,1006,33,window,990,1230,33.0,41.0,8.0,77.0,78.0,-1.0,1.0,1.282051282051282,0.6649708091721864,nan,240,0.01635903953750682,0.9262812400206699,0.01654353507602349,0.9599340880492788,1.0,correct
UBFC_A4_L3_C050_SEED101/Eval_On_PURE,PURE,old,1006,34,window,1020,1260,34.0,42.0,8.0,77.0,78.0,-1.0,1.0,1.282051282051282,0.7164915738541388,nan,240,-0.005183694032328926,0.8979761203560632,0.005543047443765323,0.9398211998164211,1.0,correct
UBFC_A4_L3_C050_SEED101/Eval_On_PURE,PURE,old,1006,35,window,1050,1290,35.0,43.0,8.0,81.0,78.0,3.0,3.0,3.8461538461538463,0.5215470862892199,nan,240,-0.06381964039992492,0.9159063176771471,0.01144268484118333,0.9268745022761833,1.0,correct
UBFC_A4_L3_C050_SEED101/Eval_On_PURE,PURE,old,1006,36,window,1080,1320,36.0,44.0,8.0,78.0,79.0,-1.0,1.0,1.2658227848101267,0.6936484020648044,nan,240,0.002955698915290124,0.9765797961716838,0.012292414912435616,0.9386836003099495,1.0,correct
UBFC_A4_L3_C050_SEED101/Eval_On_PURE,PURE,old,1006,37,window,1110,1350,37.0,45.0,8.0,80.0,79.0,1.0,1.0,1.2658227848101267,0.6868127918599445,nan,240,0.01983617696398169,0.9729983219540517,0.015196271632127285,0.9478867929849798,1.0,correct
UBFC_A4_L3_C050_SEED101/Eval_On_PURE,PURE,old,1006,38,window,1140,1380,38.0,46.0,8.0,80.0,80.0,0.0,0.0,0.0,0.6265010764245003,nan,240,-0.040434673459381544,0.974712425946504,0.008071086504717766,0.9434712230193123,1.0,correct
UBFC_A4_L3_C050_SEED101/Eval_On_PURE,PURE,old,1006,39,window,1170,1410,39.0,47.0,8.0,78.0,80.0,-2.0,2.0,2.5,0.7177436432209199,nan,240,-0.004583250850656762,1.018733078097367,-0.0065518134763120775,0.9431825661575394,1.0,correct
UBFC_A4_L3_C050_SEED101/Eval_On_PURE,PURE,old,1006,40,window,1200,1440,40.0,48.0,8.0,80.0,79.0,1.0,1.0,1.2658227848101267,0.6516603318703724,nan,240,0.0511155822624335,1.0128672231821998,0.035228868932330834,0.9719857912918453,1.0,correct
UBFC_A4_L3_C050_SEED101/Eval_On_PURE,PURE,old,1006,41,window,1230,1470,41.0,49.0,8.0,80.0,79.0,1.0,1.0,1.2658227848101267,0.5882415696686341,nan,240,-0.016401802409644665,1.023807945632964,0.0026334003197888887,0.9296740836132142,1.0,correct
UBFC_A4_L3_C050_SEED101/Eval_On_PURE,PURE,old,1006,42,window,1260,1500,42.0,50.0,8.0,77.0,79.0,-2.0,2.0,2.5316455696202533,0.559830621159685,nan,240,-0.029644337915602472,1.0426541252530006,0.0011044064288471258,0.9408125912165515,1.0,correct
UBFC_A4_L3_C050_SEED101/Eval_On_PURE,PURE,old,1006,43,window,1290,1530,43.0,51.0,8.0,76.0,78.0,-2.0,2.0,2.564102564102564,0.38083621849630517,nan,240,0.03594635166936521,1.0749553645897236,0.0031854389590653103,0.9407164762472808,1.0,correct
UBFC_A4_L3_C050_SEED101/Eval_On_PURE,PURE,old,1006,44,window,1320,1560,44.0,52.0,8.0,77.0,78.0,-1.0,1.0,1.282051282051282,0.5247635085569433,nan,240,-0.023805082616339766,1.0776679522230834,0.003660928260993651,0.952857240026824,1.0,correct
UBFC_A4_L3_C050_SEED101/Eval_On_PURE,PURE,old,1006,45,window,1350,1590,45.0,53.0,8.0,77.0,78.0,-1.0,1.0,1.282051282051282,0.4722273391961407,nan,240,-0.08037023377807898,1.1308521206807896,-0.013366574660916297,0.934111027595453,1.0,correct
UBFC_A4_L3_C050_SEED101/Eval_On_PURE,PURE,old,1006,46,window,1380,1620,46.0,54.0,8.0,76.0,78.0,-2.0,2.0,2.564102564102564,0.3473462852004925,nan,240,-0.010214240106139492,1.1825748778248473,0.019308849969750876,0.9779238981379141,1.0,correct
UBFC_A4_L3_C050_SEED101/Eval_On_PURE,PURE,old,1006,47,window,1410,1650,47.0,55.0,8.0,77.0,78.0,-1.0,1.0,1.282051282051282,0.4583248821288068,nan,240,-0.03302592900115626,1.1997880418895113,0.009734681835309036,0.9317140604828166,1.0,correct
UBFC_A4_L3_C050_SEED101/Eval_On_PURE,PURE,old,1006,48,window,1440,1680,48.0,56.0,8.0,80.0,78.0,2.0,2.0,2.564102564102564,0.28794483078482663,nan,240,-0.07439889971342918,1.257426359227874,0.005913385278524445,0.9388422931624797,1.0,correct
UBFC_A4_L3_C050_SEED101/Eval_On_PURE,PURE,old,1006,49,window,1470,1710,49.0,57.0,8.0,78.0,79.0,-1.0,1.0,1.2658227848101267,0.42873237142687776,nan,240,0.0065499274458402125,1.3117465850317431,-0.0002830748375482528,0.9380686031157559,1.0,correct
UBFC_A4_L3_C050_SEED101/Eval_On_PURE,PURE,old,1006,50,window,1500,1740,50.0,58.0,8.0,80.0,79.0,1.0,1.0,1.2658227848101267,0.3791282726878512,nan,240,0.04704440263463943,1.318621383202925,0.0237927918103408,0.965407074911917,1.0,correct
UBFC_A4_L3_C050_SEED101/Eval_On_PURE,PURE,old,1006,51,window,1530,1770,51.0,59.0,8.0,81.0,79.0,2.0,2.0,2.5316455696202533,0.2955973064397696,nan,240,-0.028060641702680904,1.3182538202520462,0.003361049341236814,0.944386747100151,1.0,correct
UBFC_A4_L3_C050_SEED101/Eval_On_PURE,PURE,old,1006,52,window,1560,1800,52.0,60.0,8.0,79.0,79.0,0.0,0.0,0.0,0.4949307144640743,nan,240,0.023017151957896657,1.3341746277419209,-0.004293855426330173,0.9329578980271616,1.0,correct
UBFC_A4_L3_C050_SEED101/Eval_On_PURE,PURE,old,1006,53,window,1590,1830,53.0,61.0,8.0,80.0,79.0,1.0,1.0,1.2658227848101267,0.413384513017779,nan,240,0.0753387653866481,1.3064385138359564,0.02653008783430816,0.9667716859118064,1.0,correct
UBFC_A4_L3_C050_SEED101/Eval_On_PURE,PURE,old,1006,54,window,1620,1860,54.0,62.0,8.0,80.0,79.0,1.0,1.0,1.2658227848101267,0.40093510506045504,nan,240,-0.0015571483570621548,1.2826692572641782,0.006806499822143993,0.9541605369526884,1.0,correct
UBFC_A4_L3_C050_SEED101/Eval_On_PURE,PURE,old,1006,55,window,1650,1890,55.0,63.0,8.0,77.0,78.0,-1.0,1.0,1.282051282051282,0.5273610137221005,nan,240,-0.03005212720071749,1.2953805919150703,-0.012716266753951462,0.9418474910765726,1.0,correct
UBFC_A4_L3_C050_SEED101/Eval_On_PURE,PURE,old,1006,56,window,1680,1920,56.0,64.0,8.0,77.0,78.0,-1.0,1.0,1.282051282051282,0.5011171951839578,nan,240,0.034605892709959445,1.2965297480864646,0.013585086151807474,0.9586358130882897,1.0,correct
UBFC_A4_L3_C050_SEED101/Eval_On_PURE,PURE,old,101,0,window,0,240,0.0,8.0,8.0,68.0,70.0,-2.0,2.0,2.857142857142857,0.6432030785322275,nan,240,0.17664652080533,0.8635115732290619,0.02022114502938634,0.9711723243014811,1.0,correct
UBFC_A4_L3_C050_SEED101/Eval_On_PURE,PURE,old,101,1,window,30,270,1.0,9.0,8.0,67.0,67.0,0.0,0.0,0.0,0.6128854783024786,nan,240,0.11588811921901893,0.856419871126088,-0.0014827388759511488,0.9605142797520065,1.0,correct
UBFC_A4_L3_C050_SEED101/Eval_On_PURE,PURE,old,101,2,window,60,300,2.0,10.0,8.0,65.0,65.0,0.0,0.0,0.0,0.7007872077893916,nan,240,0.06557712692191703,0.8680589912919661,0.0043845181178314265,0.9552671913201601,1.0,correct
UBFC_A4_L3_C050_SEED101/Eval_On_PURE,PURE,old,101,3,window,90,330,3.0,11.0,8.0,64.0,64.0,0.0,0.0,0.0,0.7205264174215906,nan,240,-0.011491897175233785,0.8529714251347136,-0.007471938013569475,0.9562634978898318,1.0,correct
UBFC_A4_L3_C050_SEED101/Eval_On_PURE,PURE,old,101,4,window,120,360,4.0,12.0,8.0,64.0,63.0,1.0,1.0,1.5873015873015872,0.7218917739030141,nan,240,-0.11060087324930831,0.8111769666845778,-0.0099127795297779,0.9575151557694899,1.0,correct
UBFC_A4_L3_C050_SEED101/Eval_On_PURE,PURE,old,101,5,window,150,390,5.0,13.0,8.0,65.0,64.0,1.0,1.0,1.5625,0.7166203762758419,nan,240,-0.15108870452774406,0.7992860260845169,-0.009631021279860945,0.9707753810530232,1.0,correct
UBFC_A4_L3_C050_SEED101/Eval_On_PURE,PURE,old,101,6,window,180,420,6.0,14.0,8.0,65.0,64.0,1.0,1.0,1.5625,0.7089614281656444,nan,240,-0.08566105609905436,0.8269216542740413,-0.01489865969061723,0.9599593975430422,1.0,correct
UBFC_A4_L3_C050_SEED101/Eval_On_PURE,PURE,old,101,7,window,210,450,7.0,15.0,8.0,66.0,65.0,1.0,1.0,1.5384615384615385,0.7139451527809698,nan,240,-0.021533178841234422,0.8624671528330103,-0.013210836387521718,0.9527010178934213,1.0,correct
UBFC_A4_L3_C050_SEED101/Eval_On_PURE,PURE,old,101,8,window,240,480,8.0,16.0,8.0,67.0,66.0,1.0,1.0,1.5151515151515151,0.7772128164204761,nan,240,-0.0010847750951407627,0.8439338785675787,-0.007342653483061871,0.9517018323441945,1.0,correct
UBFC_A4_L3_C050_SEED101/Eval_On_PURE,PURE,old,101,9,window,270,510,9.0,17.0,8.0,67.0,67.0,0.0,0.0,0.0,0.7987247049162342,nan,240,0.03224943144543787,0.852225892681563,-0.003479996415889408,0.948429540237672,1.0,correct
UBFC_A4_L3_C050_SEED101/Eval_On_PURE,PURE,old,101,10,window,300,540,10.0,18.0,8.0,67.0,67.0,0.0,0.0,0.0,0.7972109342685397,nan,240,0.07435444826959568,0.851331419452483,0.006041215578143322,0.9365213564193565,1.0,correct
UBFC_A4_L3_C050_SEED101/Eval_On_PURE,PURE,old,101,11,window,330,570,11.0,19.0,8.0,66.0,66.0,0.0,0.0,0.0,0.7621422680354573,nan,240,0.09478576047242857,0.8569966853183815,0.021012485729735842,0.9674808086200558,1.0,correct
UBFC_A4_L3_C050_SEED101/Eval_On_PURE,PURE,old,101,12,window,360,600,12.0,20.0,8.0,66.0,65.0,1.0,1.0,1.5384615384615385,0.703889598853509,nan,240,0.08249205756949522,0.8574966693545362,0.03138912879267696,0.9825625563033449,1.0,correct
UBFC_A4_L3_C050_SEED101/Eval_On_PURE,PURE,old,101,13,window,390,630,13.0,21.0,8.0,66.0,65.0,1.0,1.0,1.5384615384615385,0.7236753514161771,nan,240,0.0673428461174099,0.8696694223279433,0.020514628145516026,0.9666761673165158,1.0,correct
UBFC_A4_L3_C050_SEED101/Eval_On_PURE,PURE,old,101,14,window,420,660,14.0,22.0,8.0,66.0,65.0,1.0,1.0,1.5384615384615385,0.7712160112367905,nan,240,0.03931190128590187,0.8589696614631556,0.013465737498896117,0.9772888837346699,1.0,correct
UBFC_A4_L3_C050_SEED101/Eval_On_PURE,PURE,old,101,15,window,450,690,15.0,23.0,8.0,66.0,65.0,1.0,1.0,1.5384615384615385,0.6986221277949167,nan,240,-0.020166669263344643,0.8338674418123584,0.011636820305507167,0.9770617046704244,1.0,correct
UBFC_A4_L3_C050_SEED101/Eval_On_PURE,PURE,old,101,16,window,480,720,16.0,24.0,8.0,66.0,66.0,0.0,0.0,0.0,0.6896378055919666,nan,240,-0.05167289455797834,0.8251247399537587,-0.003994836106708188,0.9577602887662154,1.0,correct
UBFC_A4_L3_C050_SEED101/Eval_On_PURE,PURE,old,101,17,window,510,750,17.0,25.0,8.0,66.0,67.0,-1.0,1.0,1.4925373134328357,0.7153989399695597,nan,240,-0.09492060313160461,0.8019025348480573,-0.01694021022651841,0.9635123092764967,1.0,correct
UBFC_A4_L3_C050_SEED101/Eval_On_PURE,PURE,old,101,18,window,540,780,18.0,26.0,8.0,67.0,67.0,0.0,0.0,0.0,0.7694419534579181,nan,240,-0.12489754224586053,0.7841105064495922,-0.01145235517364762,0.9331099175401947,1.0,correct
UBFC_A4_L3_C050_SEED101/Eval_On_PURE,PURE,old,101,19,window,570,810,19.0,27.0,8.0,67.0,66.0,1.0,1.0,1.5151515151515151,0.760257833431685,nan,240,-0.12391803404038744,0.7687422888199686,-0.0027662966631729255,0.9520046506560014,1.0,correct
UBFC_A4_L3_C050_SEED101/Eval_On_PURE,PURE,old,101,20,window,600,840,20.0,28.0,8.0,66.0,65.0,1.0,1.0,1.5384615384615385,0.7572187851232879,nan,240,-0.11605755190622431,0.7529527454898991,0.0073087510583745,0.9499356168046352,1.0,correct
UBFC_A4_L3_C050_SEED101/Eval_On_PURE,PURE,old,101,21,window,630,870,21.0,29.0,8.0,65.0,65.0,0.0,0.0,0.0,0.7626412192976078,nan,240,-0.130884872626889,0.7258795754889913,0.024617746679065737,0.9347945712266754,1.0,correct
UBFC_A4_L3_C050_SEED101/Eval_On_PURE,PURE,old,101,22,window,660,900,22.0,30.0,8.0,65.0,64.0,1.0,1.0,1.5625,0.7364571956981745,nan,240,-0.1304767102961496,0.7136966282549476,0.017470022577490592,0.9620682005694517,1.0,correct
UBFC_A4_L3_C050_SEED101/Eval_On_PURE,PURE,old,101,23,window,690,930,23.0,31.0,8.0,65.0,64.0,1.0,1.0,1.5625,0.7481427734161432,nan,240,-0.07750594831438727,0.7319568450234267,0.001606139289284835,0.9531515657995838,1.0,correct
UBFC_A4_L3_C050_SEED101/Eval_On_PURE,PURE,old,101,24,window,720,960,24.0,32.0,8.0,66.0,64.0,2.0,2.0,3.125,0.7769535440962648,nan,240,-0.03623719628551439,0.7423466740321357,0.0005406404603246854,0.934595190117336,1.0,correct
UBFC_A4_L3_C050_SEED101/Eval_On_PURE,PURE,old,101,25,window,750,990,25.0,33.0,8.0,66.0,65.0,1.0,1.0,1.5384615384615385,0.7845555381287814,nan,240,-0.01567362809315987,0.747841248648333,0.013086797209287885,0.9391669241881311,1.0,correct
UBFC_A4_L3_C050_SEED101/Eval_On_PURE,PURE,old,101,26,window,780,1020,26.0,34.0,8.0,67.0,65.0,2.0,2.0,3.076923076923077,0.7973491446449005,nan,240,0.027808071846542437,0.7724723759708776,0.005840592826559872,0.945477100054442,1.0,correct
UBFC_A4_L3_C050_SEED101/Eval_On_PURE,PURE,old,101,27,window,810,1050,27.0,35.0,8.0,67.0,66.0,1.0,1.0,1.5151515151515151,0.8079884116621573,nan,240,0.06253076280634719,0.8043177554965516,-0.015981437578553605,0.968748106868634,1.0,correct
UBFC_A4_L3_C050_SEED101/Eval_On_PURE,PURE,old,101,28,window,840,1080,28.0,36.0,8.0,67.0,66.0,1.0,1.0,1.5151515151515151,0.8298812976570392,nan,240,0.10737693761641015,0.8179552511361617,-0.013478974420989543,0.9381069866574151,1.0,correct
UBFC_A4_L3_C050_SEED101/Eval_On_PURE,PURE,old,101,29,window,870,1110,29.0,37.0,8.0,67.0,66.0,1.0,1.0,1.5151515151515151,0.8240302804758494,nan,240,0.14637251439153448,0.8287357069291518,-0.0069737064293414934,0.9487807750112922,1.0,correct
UBFC_A4_L3_C050_SEED101/Eval_On_PURE,PURE,old,101,30,window,900,1140,30.0,38.0,8.0,67.0,66.0,1.0,1.0,1.5151515151515151,0.8315601977215209,nan,240,0.16368177135864126,0.8446162466003786,-0.0005667244593816253,0.958212955137289,1.0,correct
UBFC_A4_L3_C050_SEED101/Eval_On_PURE,PURE,old,101,31,window,930,1170,31.0,39.0,8.0,67.0,66.0,1.0,1.0,1.5151515151515151,0.8068496852503361,nan,240,0.16685672899017542,0.8579843790196185,-0.007311435111615057,0.9137368564912526,1.0,correct
UBFC_A4_L3_C050_SEED101/Eval_On_PURE,PURE,old,101,32,window,960,1200,32.0,40.0,8.0,67.0,66.0,1.0,1.0,1.5151515151515151,0.7785704758575177,nan,240,0.1767535464214669,0.8730288640473923,0.011600510543357638,0.9547087102065704,1.0,correct
UBFC_A4_L3_C050_SEED101/Eval_On_PURE,PURE,old,101,33,window,990,1230,33.0,41.0,8.0,66.0,65.0,1.0,1.0,1.5384615384615385,0.797252246631841,nan,240,0.16538604238669313,0.8668917795312789,0.025893798269336805,0.9674637692330921,1.0,correct
UBFC_A4_L3_C050_SEED101/Eval_On_PURE,PURE,old,101,34,window,1020,1260,34.0,42.0,8.0,66.0,66.0,0.0,0.0,0.0,0.80200647519384,nan,240,0.11794683629899265,0.8624129789136589,0.017004591217513302,0.9461532939130008,1.0,correct
UBFC_A4_L3_C050_SEED101/Eval_On_PURE,PURE,old,101,35,window,1050,1290,35.0,43.0,8.0,66.0,66.0,0.0,0.0,0.0,0.8049372935259475,nan,240,0.0751569369198661,0.8494642806428525,-0.0008081065131154993,0.9386000323868732,1.0,correct
UBFC_A4_L3_C050_SEED101/Eval_On_PURE,PURE,old,101,36,window,1080,1320,36.0,44.0,8.0,66.0,66.0,0.0,0.0,0.0,0.7988655343302732,nan,240,0.06372920554216965,0.8467964752884998,0.008203842723963255,0.9709876487486321,1.0,correct
UBFC_A4_L3_C050_SEED101/Eval_On_PURE,PURE,old,101,37,window,1110,1350,37.0,45.0,8.0,67.0,66.0,1.0,1.0,1.5151515151515151,0.8138625030374462,nan,240,0.016198030674062617,0.8213504951198134,-0.006895059984458733,0.9800020738631267,1.0,correct
UBFC_A4_L3_C050_SEED101/Eval_On_PURE,PURE,old,101,38,window,1140,1380,38.0,46.0,8.0,67.0,67.0,0.0,0.0,0.0,0.7968067584749453,nan,240,-0.011227792137695964,0.8006535810613897,-0.004534216874950886,0.9446690929253978,1.0,correct
UBFC_A4_L3_C050_SEED101/Eval_On_PURE,PURE,old,101,39,window,1170,1410,39.0,47.0,8.0,67.0,67.0,0.0,0.0,0.0,0.7971950842684398,nan,240,-0.023697293771317123,0.7822066148310882,-0.006271046972886718,0.9255677363256442,1.0,correct
UBFC_A4_L3_C050_SEED101/Eval_On_PURE,PURE,old,101,40,window,1200,1440,40.0,48.0,8.0,68.0,67.0,1.0,1.0,1.4925373134328357,0.7912995796831103,nan,240,-0.07408072165652653,0.7507351775989437,0.006379674588384021,0.9131939683320672,1.0,correct
UBFC_A4_L3_C050_SEED101/Eval_On_PURE,PURE,old,101,41,window,1230,1470,41.0,49.0,8.0,67.0,67.0,0.0,0.0,0.0,0.6954269507621573,nan,240,-0.1614844322456642,0.8481285602005606,0.010190283839870532,0.8857038519611203,1.0,correct
UBFC_A4_L3_C050_SEED101/Eval_On_PURE,PURE,old,101,42,window,1260,1500,42.0,50.0,8.0,67.0,68.0,-1.0,1.0,1.4705882352941175,0.7081337384829887,nan,240,-0.19645332281673203,0.9205755100186038,0.015075613051929383,0.9576589845212427,1.0,correct
UBFC_A4_L3_C050_SEED101/Eval_On_PURE,PURE,old,101,43,window,1290,1530,43.0,51.0,8.0,67.0,68.0,-1.0,1.0,1.4705882352941175,0.7334647463139748,nan,240,-0.22672041122492345,0.9819636125318045,0.024998953446195318,0.9450999740988579,1.0,correct
UBFC_A4_L3_C050_SEED101/Eval_On_PURE,PURE,old,101,44,window,1320,1560,44.0,52.0,8.0,67.0,68.0,-1.0,1.0,1.4705882352941175,0.7393029049395788,nan,240,-0.32235207212834005,1.0247707649247835,0.017616597482933708,0.9769305583216633,1.0,correct
UBFC_A4_L3_C050_SEED101/Eval_On_PURE,PURE,old,101,45,window,1350,1590,45.0,53.0,8.0,68.0,68.0,0.0,0.0,0.0,0.7000069331107638,nan,240,-0.27170657391312186,1.1472132882013277,0.014184763256318034,0.9784817092185437,1.0,correct
UBFC_A4_L3_C050_SEED101/Eval_On_PURE,PURE,old,101,46,window,1380,1620,46.0,54.0,8.0,69.0,69.0,0.0,0.0,0.0,0.6735197041942594,nan,240,-0.20972978945718396,1.2385510094364094,0.010077125798703323,0.9508033223090724,1.0,correct
UBFC_A4_L3_C050_SEED101/Eval_On_PURE,PURE,old,101,47,window,1410,1650,47.0,55.0,8.0,69.0,70.0,-1.0,1.0,1.4285714285714286,0.672365266945462,nan,240,-0.20586181044055246,1.2822419747824554,-0.0009765869366469245,0.970683532594166,1.0,correct
UBFC_A4_L3_C050_SEED101/Eval_On_PURE,PURE,old,101,48,window,1440,1680,48.0,56.0,8.0,69.0,70.0,-1.0,1.0,1.4285714285714286,0.6858546549921656,nan,240,-0.21155817764463097,1.3112285501030332,0.005473614083646805,0.9617605759217446,1.0,correct
UBFC_A4_L3_C050_SEED101/Eval_On_PURE,PURE,old,101,49,window,1470,1710,49.0,57.0,8.0,69.0,70.0,-1.0,1.0,1.4285714285714286,0.6281979848629169,nan,240,-0.13142081459057317,1.3170308934003407,-0.004575470879630989,0.9497896483662339,1.0,correct
UBFC_A4_L3_C050_SEED101/Eval_On_PURE,PURE,old,101,50,window,1500,1740,50.0,58.0,8.0,69.0,71.0,-2.0,2.0,2.8169014084507045,0.5732191274441835,nan,240,-0.04502753976138162,1.3410867600503757,-0.001232452073795683,0.9621094376706548,1.0,correct
UBFC_A4_L3_C050_SEED101/Eval_On_PURE,PURE,old,101,51,window,1530,1770,51.0,59.0,8.0,70.0,71.0,-1.0,1.0,1.4084507042253522,0.624175122151077,nan,240,0.11417774406838405,1.4026754788268827,0.041734695498826295,0.9607547952131955,1.0,correct
UBFC_A4_L3_C050_SEED101/Eval_On_PURE,PURE,old,101,52,window,1560,1800,52.0,60.0,8.0,71.0,70.0,1.0,1.0,1.4285714285714286,0.6317535889583697,nan,240,0.19934368331481192,1.3671365582842114,0.003017225641240785,0.9453696549315231,1.0,correct
UBFC_A4_L3_C050_SEED101/Eval_On_PURE,PURE,old,101,53,window,1590,1830,53.0,61.0,8.0,72.0,71.0,1.0,1.0,1.4084507042253522,0.5973965790403186,nan,240,0.1581957929132835,1.348443596196565,-0.008163191261774394,0.9494455850987661,1.0,correct
UBFC_A4_L3_C050_SEED101/Eval_On_PURE,PURE,old,101,54,window,1620,1860,54.0,62.0,8.0,73.0,71.0,2.0,2.0,2.8169014084507045,0.6271182823296183,nan,240,0.07605587070711341,1.3495652476677562,0.004931147880008741,0.9456575671895445,1.0,correct
UBFC_A4_L3_C050_SEED101/Eval_On_PURE,PURE,old,101,55,window,1650,1890,55.0,63.0,8.0,71.0,71.0,0.0,0.0,0.0,0.6536930380891478,nan,240,0.0016836479716902276,1.373294493790664,-0.030057181093665262,0.9670342590859942,1.0,correct
UBFC_A4_L3_C050_SEED101/Eval_On_PURE,PURE,old,101,56,window,1680,1920,56.0,64.0,8.0,69.0,72.0,-3.0,3.0,4.166666666666666,0.6075746747074797,nan,240,0.03495640634482961,1.3991979990858272,0.017580366284353017,0.9551585188538365,1.0,correct
UBFC_A4_L3_C050_SEED101/Eval_On_PURE,PURE,old,102,0,window,0,240,0.0,8.0,8.0,75.0,76.0,-1.0,1.0,1.3157894736842104,0.4387876908679539,nan,240,-0.19124676053101972,1.1151796131005176,0.02503504939710275,0.90879065597999,1.0,correct
UBFC_A4_L3_C050_SEED101/Eval_On_PURE,PURE,old,102,1,window,30,270,1.0,9.0,8.0,72.0,74.0,-2.0,2.0,2.7027027027027026,0.511100159866081,nan,240,-0.3301636406772922,1.1161154946656375,0.011098230978688292,0.9382875168718111,1.0,correct
UBFC_A4_L3_C050_SEED101/Eval_On_PURE,PURE,old,102,2,window,60,300,2.0,10.0,8.0,72.0,73.0,-1.0,1.0,1.36986301369863,0.5757737722218554,nan,240,-0.44179583614804996,1.0724404544015729,-0.0038357310271544985,0.9248246292382408,1.0,correct
UBFC_A4_L3_C050_SEED101/Eval_On_PURE,PURE,old,102,3,window,90,330,3.0,11.0,8.0,72.0,73.0,-1.0,1.0,1.36986301369863,0.5952608086605925,nan,240,-0.4845142462988617,1.0820028880360713,-0.012017814679451096,0.9540605559656037,1.0,correct
UBFC_A4_L3_C050_SEED101/Eval_On_PURE,PURE,old,102,4,window,120,360,4.0,12.0,8.0,72.0,73.0,-1.0,1.0,1.36986301369863,0.5530169242003609,nan,240,-0.4545381478847421,1.147894402554305,-0.0021990288920699023,0.9561710005329827,1.0,correct
UBFC_A4_L3_C050_SEED101/Eval_On_PURE,PURE,old,102,5,window,150,390,5.0,13.0,8.0,73.0,74.0,-1.0,1.0,1.3513513513513513,0.5571441282514346,nan,240,-0.3291647529628067,1.2386015055708122,0.024733128988226428,0.9706031891061596,1.0,correct
UBFC_A4_L3_C050_SEED101/Eval_On_PURE,PURE,old,102,6,window,180,420,6.0,14.0,8.0,74.0,74.0,0.0,0.0,0.0,0.5395783482674624,nan,240,-0.22938582275138922,1.2972521865948048,0.01636401894258995,0.9659446745836789,1.0,correct
UBFC_A4_L3_C050_SEED101/Eval_On_PURE,PURE,old,102,7,window,210,450,7.0,15.0,8.0,74.0,74.0,0.0,0.0,0.0,0.5410085461884404,nan,240,-0.06654503567129148,1.243661212429222,-0.016322773063693684,0.9740351459036557,1.0,correct
UBFC_A4_L3_C050_SEED101/Eval_On_PURE,PURE,old,102,8,window,240,480,8.0,16.0,8.0,75.0,75.0,0.0,0.0,0.0,0.6564250848766089,nan,240,0.0936509443387754,1.1760830333322463,-0.012920758971490028,0.943852252194185,1.0,correct
UBFC_A4_L3_C050_SEED101/Eval_On_PURE,PURE,old,102,9,window,270,510,9.0,17.0,8.0,75.0,75.0,0.0,0.0,0.0,0.6420056942952801,nan,240,0.2505817873749557,1.0919040487800478,0.0012125897968346012,0.9021936981343696,1.0,correct
UBFC_A4_L3_C050_SEED101/Eval_On_PURE,PURE,old,102,10,window,300,540,10.0,18.0,8.0,76.0,75.0,1.0,1.0,1.3333333333333335,0.6415029905378589,nan,240,0.3198389327610355,1.0225516096725777,0.009755025978020958,0.9371475448283312,1.0,correct
UBFC_A4_L3_C050_SEED101/Eval_On_PURE,PURE,old,102,11,window,330,570,11.0,19.0,8.0,75.0,75.0,0.0,0.0,0.0,0.6935438820012678,nan,240,0.2561697327425028,0.9516148357067603,-0.01701362053091139,0.9159659898104552,1.0,correct
UBFC_A4_L3_C050_SEED101/Eval_On_PURE,PURE,old,102,12,window,360,600,12.0,20.0,8.0,75.0,74.0,1.0,1.0,1.3513513513513513,0.670517043761408,nan,240,0.1765341075914588,0.9256964204901337,-0.021367868365360858,0.9294203085516625,1.0,correct
UBFC_A4_L3_C050_SEED101/Eval_On_PURE,PURE,old,102,13,window,390,630,13.0,21.0,8.0,74.0,72.0,2.0,2.0,2.7777777777777777,0.6631811235286523,nan,240,0.08632714330991975,0.8516616183924354,0.023441510034030714,0.8602838150740679,1.0,correct
UBFC_A4_L3_C050_SEED101/Eval_On_PURE,PURE,old,102,14,window,420,660,14.0,22.0,8.0,72.0,70.0,2.0,2.0,2.857142857142857,0.7022257763792297,nan,240,0.07261325245360978,0.7699048869464453,0.019731831367741162,0.8640495371781698,1.0,correct
UBFC_A4_L3_C050_SEED101/Eval_On_PURE,PURE,old,102,15,window,450,690,15.0,23.0,8.0,68.0,69.0,-1.0,1.0,1.4492753623188406,0.759760888984715,nan,240,0.05660932351748069,0.7630336474372122,0.008483690420668155,0.8896281906958761,1.0,correct
UBFC_A4_L3_C050_SEED101/Eval_On_PURE,PURE,old,102,16,window,480,720,16.0,24.0,8.0,68.0,69.0,-1.0,1.0,1.4492753623188406,0.7747509355121607,nan,240,0.022412530052178768,0.757025444877414,-0.0013122802484418106,0.9351234268527254,1.0,correct
UBFC_A4_L3_C050_SEED101/Eval_On_PURE,PURE,old,102,17,window,510,750,17.0,25.0,8.0,68.0,70.0,-2.0,2.0,2.857142857142857,0.74775755224523,nan,240,-0.02067885481875665,0.7544063381514273,0.01902754050368628,0.8865460689116558,1.0,correct
UBFC_A4_L3_C050_SEED101/Eval_On_PURE,PURE,old,102,18,window,540,780,18.0,26.0,8.0,68.0,71.0,-3.0,3.0,4.225352112676056,0.576151554168286,nan,240,0.008203079227673183,0.7376907476224284,-0.0006982517307075738,0.8487505967139276,1.0,correct
UBFC_A4_L3_C050_SEED101/Eval_On_PURE,PURE,old,102,19,window,570,810,19.0,27.0,8.0,69.0,73.0,-4.0,4.0,5.47945205479452,0.6139219909736289,nan,240,0.03381841984182356,0.7340173512237448,0.01743364782400651,0.8773311149523484,1.0,large_error
UBFC_A4_L3_C050_SEED101/Eval_On_PURE,PURE,old,102,20,window,600,840,20.0,28.0,8.0,74.0,75.0,-1.0,1.0,1.3333333333333335,0.5825500962722394,nan,240,0.061162576568382844,0.7152989727775361,-0.022082395603866222,0.8662235824004916,1.0,correct
UBFC_A4_L3_C050_SEED101/Eval_On_PURE,PURE,old,102,21,window,630,870,21.0,29.0,8.0,76.0,76.0,0.0,0.0,0.0,0.7657034646747494,nan,240,0.106996108478609,0.7272051885026299,-0.003227372987852328,0.8945709254607435,1.0,correct
UBFC_A4_L3_C050_SEED101/Eval_On_PURE,PURE,old,102,22,window,660,900,22.0,30.0,8.0,76.0,76.0,0.0,0.0,0.0,0.7177603309002312,nan,240,0.11680972513018101,0.7301511793713765,-0.00012735217751634332,0.9086728199724378,1.0,correct
UBFC_A4_L3_C050_SEED101/Eval_On_PURE,PURE,old,102,23,window,690,930,23.0,31.0,8.0,75.0,75.0,0.0,0.0,0.0,0.700044456464929,nan,240,0.11059671636900018,0.7279255100565392,-0.0028044345392903495,0.9057263407254872,1.0,correct
UBFC_A4_L3_C050_SEED101/Eval_On_PURE,PURE,old,102,24,window,720,960,24.0,32.0,8.0,74.0,74.0,0.0,0.0,0.0,0.6637211487416604,nan,240,0.10804609360837882,0.7328877422222317,0.015117804297869183,0.8969914220646423,1.0,correct
UBFC_A4_L3_C050_SEED101/Eval_On_PURE,PURE,old,102,25,window,750,990,25.0,33.0,8.0,69.0,72.0,-3.0,3.0,4.166666666666666,0.5990997775501803,nan,240,0.10761437506640804,0.7318326727147867,-0.009821400723959999,0.8711998048614799,1.0,correct
UBFC_A4_L3_C050_SEED101/Eval_On_PURE,PURE,old,102,26,window,780,1020,26.0,34.0,8.0,72.0,71.0,1.0,1.0,1.4084507042253522,0.7164908035573833,nan,240,0.06722860440340878,0.7452609796367058,-0.011393297489775798,0.8509161762904437,1.0,correct
UBFC_A4_L3_C050_SEED101/Eval_On_PURE,PURE,old,102,27,window,810,1050,27.0,35.0,8.0,71.0,71.0,0.0,0.0,0.0,0.7295989652159564,nan,240,0.07213759741678408,0.7445275992774836,0.04668693458392495,0.9006429777068713,1.0,correct
UBFC_A4_L3_C050_SEED101/Eval_On_PURE,PURE,old,102,28,window,840,1080,28.0,36.0,8.0,72.0,72.0,0.0,0.0,0.0,0.6720983945317305,nan,240,0.11718852568387533,0.7644627952125024,0.008535721216004896,0.9036688297349045,1.0,correct
UBFC_A4_L3_C050_SEED101/Eval_On_PURE,PURE,old,102,29,window,870,1110,29.0,37.0,8.0,74.0,73.0,1.0,1.0,1.36986301369863,0.7737410382628968,nan,240,0.12430344630487823,0.7876411328232976,-0.014506608825747537,0.9231771136156722,1.0,correct
UBFC_A4_L3_C050_SEED101/Eval_On_PURE,PURE,old,102,30,window,900,1140,30.0,38.0,8.0,75.0,74.0,1.0,1.0,1.3513513513513513,0.8026475799464878,nan,240,0.13842344630975123,0.8347078937700015,-0.014824906630520874,0.9088551022013094,1.0,correct
UBFC_A4_L3_C050_SEED101/Eval_On_PURE,PURE,old,102,31,window,930,1170,31.0,39.0,8.0,74.0,74.0,0.0,0.0,0.0,0.805723621248021,nan,240,0.1182835396522949,0.8681628504662712,-0.002939104872307563,0.9285745713971316,1.0,correct
UBFC_A4_L3_C050_SEED101/Eval_On_PURE,PURE,old,102,32,window,960,1200,32.0,40.0,8.0,74.0,73.0,1.0,1.0,1.36986301369863,0.8111614614349784,nan,240,0.1080119882076782,0.8677595886177086,0.016769870424449582,0.9568262539784249,1.0,correct
UBFC_A4_L3_C050_SEED101/Eval_On_PURE,PURE,old,102,33,window,990,1230,33.0,41.0,8.0,72.0,72.0,0.0,0.0,0.0,0.832412582842713,nan,240,0.11011110886649053,0.8755799394797964,0.01463624757260731,0.9005928467642812,1.0,correct
UBFC_A4_L3_C050_SEED101/Eval_On_PURE,PURE,old,102,34,window,1020,1260,34.0,42.0,8.0,69.0,71.0,-2.0,2.0,2.8169014084507045,0.8226362903287212,nan,240,0.0839130635236356,0.8740571192626974,0.004274651253235407,0.7908837865518595,1.0,correct
UBFC_A4_L3_C050_SEED101/Eval_On_PURE,PURE,old,102,35,window,1050,1290,35.0,43.0,8.0,67.0,70.0,-3.0,3.0,4.285714285714286,0.6401417652611036,nan,240,0.06605105779272344,0.8819256447057983,-0.001598892275842556,0.929432831641765,1.0,correct
UBFC_A4_L3_C050_SEED101/Eval_On_PURE,PURE,old,102,36,window,1080,1320,36.0,44.0,8.0,67.0,71.0,-4.0,4.0,5.633802816901409,0.6101342606837192,nan,240,0.07026896129865307,0.8758644581922952,0.02971432155730044,0.9142272724538758,1.0,large_error
UBFC_A4_L3_C050_SEED101/Eval_On_PURE,PURE,old,102,37,window,1110,1350,37.0,45.0,8.0,67.0,71.0,-4.0,4.0,5.633802816901409,0.5233089155434631,nan,240,0.029945090117354283,0.8304209580648075,0.022677664011286222,0.8605103534708234,1.0,large_error
UBFC_A4_L3_C050_SEED101/Eval_On_PURE,PURE,old,102,38,window,1140,1380,38.0,46.0,8.0,71.0,73.0,-2.0,2.0,2.73972602739726,0.4760818525392601,nan,240,-0.07908878358041359,0.7928951591415595,0.021360632238554597,0.7788597672217163,1.0,correct
UBFC_A4_L3_C050_SEED101/Eval_On_PURE,PURE,old,102,39,window,1170,1410,39.0,47.0,8.0,74.0,74.0,0.0,0.0,0.0,0.5209942957252723,nan,240,-0.15002097748989732,0.8278182674381062,-0.009135523632170612,0.8192778885437216,1.0,correct
UBFC_A4_L3_C050_SEED101/Eval_On_PURE,PURE,old,102,40,window,1200,1440,40.0,48.0,8.0,76.0,75.0,1.0,1.0,1.3333333333333335,0.5376734064935585,nan,240,-0.07672009674737823,0.9450383438822649,-0.007452184157102407,0.8510843754023466,1.0,correct
UBFC_A4_L3_C050_SEED101/Eval_On_PURE,PURE,old,102,41,window,1230,1470,41.0,49.0,8.0,76.0,76.0,0.0,0.0,0.0,0.5495468255798648,nan,240,-0.10660638022726678,0.9821807066978244,-0.003573593497725832,0.9273894390468918,1.0,correct
UBFC_A4_L3_C050_SEED101/Eval_On_PURE,PURE,old,102,42,window,1260,1500,42.0,50.0,8.0,75.0,76.0,-1.0,1.0,1.3157894736842104,0.38216140769889273,nan,240,-0.15974077394666075,1.077959615339828,0.00869332230920172,0.9449597452827994,1.0,correct
UBFC_A4_L3_C050_SEED101/Eval_On_PURE,PURE,old,102,43,window,1290,1530,43.0,51.0,8.0,75.0,76.0,-1.0,1.0,1.3157894736842104,0.5258101581205634,nan,240,-0.21414738407227954,1.127904688356577,0.01253371068691822,0.9490725682844241,1.0,correct
UBFC_A4_L3_C050_SEED101/Eval_On_PURE,PURE,old,102,44,window,1320,1560,44.0,52.0,8.0,75.0,76.0,-1.0,1.0,1.3157894736842104,0.5240664193272808,nan,240,-0.20616307916222892,1.205787631686653,-0.02451320615694487,0.9587684561552402,1.0,correct
UBFC_A4_L3_C050_SEED101/Eval_On_PURE,PURE,old,102,45,window,1350,1590,45.0,53.0,8.0,75.0,75.0,0.0,0.0,0.0,0.5311546130679317,nan,240,-0.20127047130577383,1.2501418051069584,-0.0011614978061122324,0.932099823355865,1.0,correct
UBFC_A4_L3_C050_SEED101/Eval_On_PURE,PURE,old,102,46,window,1380,1620,46.0,54.0,8.0,74.0,75.0,-1.0,1.0,1.3333333333333335,0.450386821579783,nan,240,-0.18387890163577889,1.2886480341765068,0.013843031843292544,0.9479116580828104,1.0,correct
UBFC_A4_L3_C050_SEED101/Eval_On_PURE,PURE,old,102,47,window,1410,1650,47.0,55.0,8.0,75.0,75.0,0.0,0.0,0.0,0.41179088989756446,nan,240,-0.049546588395857065,1.3334579277057408,0.008229100012643435,0.9623033571932817,1.0,correct
UBFC_A4_L3_C050_SEED101/Eval_On_PURE,PURE,old,102,48,window,1440,1680,48.0,56.0,8.0,75.0,76.0,-1.0,1.0,1.3157894736842104,0.35728776303652104,nan,240,-0.018738609496305497,1.346273172325938,-0.005402661559485748,0.9494442892703338,1.0,correct
UBFC_A4_L3_C050_SEED101/Eval_On_PURE,PURE,old,102,49,window,1470,1710,49.0,57.0,8.0,77.0,76.0,1.0,1.0,1.3157894736842104,0.39396347388914005,nan,240,0.05118122445855881,1.3680173401060924,0.0006881017888010765,0.9194457265514776,1.0,correct
UBFC_A4_L3_C050_SEED101/Eval_On_PURE,PURE,old,102,50,window,1500,1740,50.0,58.0,8.0,76.0,76.0,0.0,0.0,0.0,0.43698674457792874,nan,240,0.15086305744378142,1.331801208915438,0.02156945028678751,0.9670624340640745,1.0,correct
UBFC_A4_L3_C050_SEED101/Eval_On_PURE,PURE,old,102,51,window,1530,1770,51.0,59.0,8.0,77.0,76.0,1.0,1.0,1.3157894736842104,0.49244990518227183,nan,240,0.20684664789434778,1.2788795666559474,0.006836032038154962,0.945210820399655,1.0,correct
UBFC_A4_L3_C050_SEED101/Eval_On_PURE,PURE,old,102,52,window,1560,1800,52.0,60.0,8.0,75.0,75.0,0.0,0.0,0.0,0.6413279989525537,nan,240,0.15568090043606553,1.2064980377275158,-0.01900326053541229,0.9318211324589372,1.0,correct
UBFC_A4_L3_C050_SEED101/Eval_On_PURE,PURE,old,102,53,window,1590,1830,53.0,61.0,8.0,73.0,73.0,0.0,0.0,0.0,0.6222191696103083,nan,240,0.18715897156789527,1.1694328634808435,-0.0026105351106267883,0.9098016871619935,1.0,correct
UBFC_A4_L3_C050_SEED101/Eval_On_PURE,PURE,old,102,54,window,1620,1860,54.0,62.0,8.0,71.0,71.0,0.0,0.0,0.0,0.6827778150245377,nan,240,0.23131891141311026,1.1093105738775997,0.036959260108091356,0.9559483777940344,1.0,correct
UBFC_A4_L3_C050_SEED101/Eval_On_PURE,PURE,old,102,55,window,1650,1890,55.0,63.0,8.0,70.0,70.0,0.0,0.0,0.0,0.7325422585651654,nan,240,0.08379909565439041,1.0640707309053936,-0.0007753521918319388,0.9382228839171337,1.0,correct
UBFC_A4_L3_C050_SEED101/Eval_On_PURE,PURE,old,102,56,window,1680,1920,56.0,64.0,8.0,70.0,70.0,0.0,0.0,0.0,0.7458202330022726,nan,240,-0.04980523113213233,0.9583738461771807,-0.008978417705710702,0.9326319178682937,1.0,correct
UBFC_A4_L3_C050_SEED101/Eval_On_PURE,PURE,old,103,0,window,0,240,0.0,8.0,8.0,81.0,79.0,2.0,2.0,2.5316455696202533,0.5633953352234179,nan,240,-0.1696481464833816,0.9897108320541219,-0.018729399988164214,0.8172827950280545,1.0,correct
UBFC_A4_L3_C050_SEED101/Eval_On_PURE,PURE,old,103,1,window,30,270,1.0,9.0,8.0,82.0,80.0,2.0,2.0,2.5,0.52091664958649,nan,240,-0.1725121244068515,1.021482793760197,0.02861267590400396,0.8913339632818768,1.0,correct
UBFC_A4_L3_C050_SEED101/Eval_On_PURE,PURE,old,103,2,window,60,300,2.0,10.0,8.0,82.0,80.0,2.0,2.0,2.5,0.580283556502134,nan,240,-0.1543497226688638,1.0064523162464822,0.028770228798062448,0.954064657927433,1.0,correct
UBFC_A4_L3_C050_SEED101/Eval_On_PURE,PURE,old,103,3,window,90,330,3.0,11.0,8.0,82.0,80.0,2.0,2.0,2.5,0.6111284273088675,nan,240,-0.23782070728374538,0.9602738614710071,-0.015500852195930762,0.9252961100810825,1.0,correct
UBFC_A4_L3_C050_SEED101/Eval_On_PURE,PURE,old,103,4,window,120,360,4.0,12.0,8.0,79.0,79.0,0.0,0.0,0.0,0.6049034993348839,nan,240,-0.23720534041748428,0.9959123069531304,0.001934310371646364,0.9087982083696745,1.0,correct
UBFC_A4_L3_C050_SEED101/Eval_On_PURE,PURE,old,103,5,window,150,390,5.0,13.0,8.0,79.0,78.0,1.0,1.0,1.282051282051282,0.5088361622860745,nan,240,-0.14639232292940332,0.9881808005948957,0.02416023982831632,0.948260821910583,1.0,correct
UBFC_A4_L3_C050_SEED101/Eval_On_PURE,PURE,old,103,6,window,180,420,6.0,14.0,8.0,77.0,78.0,-1.0,1.0,1.282051282051282,0.5377195830103282,nan,240,-0.13629425353386498,1.0118623437133278,0.010138649714023786,0.9036028903449591,1.0,correct
UBFC_A4_L3_C050_SEED101/Eval_On_PURE,PURE,old,103,7,window,210,450,7.0,15.0,8.0,76.0,77.0,-1.0,1.0,1.2987012987012987,0.5203089827097036,nan,240,-0.030228208147629988,1.0725527886799144,0.009515323728889961,0.9489365658650749,1.0,correct
UBFC_A4_L3_C050_SEED101/Eval_On_PURE,PURE,old,103,8,window,240,480,8.0,16.0,8.0,76.0,77.0,-1.0,1.0,1.2987012987012987,0.6036216752052025,nan,240,0.11540996193178797,1.1214192549670048,-0.00360124363203577,0.8719261554075936,1.0,correct
UBFC_A4_L3_C050_SEED101/Eval_On_PURE,PURE,old,103,9,window,270,510,9.0,17.0,8.0,76.0,77.0,-1.0,1.0,1.2987012987012987,0.49882814700623335,nan,240,0.1487759604590014,1.1157499670214106,-0.00602518380930426,0.8694219884396978,1.0,correct
UBFC_A4_L3_C050_SEED101/Eval_On_PURE,PURE,old,103,10,window,300,540,10.0,18.0,8.0,76.0,77.0,-1.0,1.0,1.2987012987012987,0.5464931738658453,nan,240,0.17954430377207906,1.1214572790255652,0.01824971898356836,0.8725031100758205,1.0,correct
UBFC_A4_L3_C050_SEED101/Eval_On_PURE,PURE,old,103,11,window,330,570,11.0,19.0,8.0,75.0,76.0,-1.0,1.0,1.3157894736842104,0.5548094095483281,nan,240,0.20961052357873217,1.1281073859500015,0.0174081130607421,0.8601501035654047,1.0,correct
UBFC_A4_L3_C050_SEED101/Eval_On_PURE,PURE,old,103,12,window,360,600,12.0,20.0,8.0,74.0,75.0,-1.0,1.0,1.3333333333333335,0.6191795714699355,nan,240,0.2547310380496826,1.1045762554402974,-0.00903706294553879,0.7997407599043674,1.0,correct
UBFC_A4_L3_C050_SEED101/Eval_On_PURE,PURE,old,103,13,window,390,630,13.0,21.0,8.0,74.0,74.0,0.0,0.0,0.0,0.5146680824053458,nan,240,0.24976270720322652,1.1153197542069726,-0.003084017759300291,0.8381541121154846,1.0,correct
UBFC_A4_L3_C050_SEED101/Eval_On_PURE,PURE,old,103,14,window,420,660,14.0,22.0,8.0,74.0,74.0,0.0,0.0,0.0,0.7425544426982239,nan,240,0.19858738628751965,1.1010960440730584,0.03106636207920806,0.9518394250332188,1.0,correct
UBFC_A4_L3_C050_SEED101/Eval_On_PURE,PURE,old,103,15,window,450,690,15.0,23.0,8.0,75.0,74.0,1.0,1.0,1.3513513513513513,0.7165584635390196,nan,240,0.07981250191577163,1.0729687506835515,-0.007574882114643807,0.9668455316199337,1.0,correct
UBFC_A4_L3_C050_SEED101/Eval_On_PURE,PURE,old,103,16,window,480,720,16.0,24.0,8.0,75.0,74.0,1.0,1.0,1.3513513513513513,0.6332074209481254,nan,240,-0.026337273716201596,1.0222508295618022,-0.009834737397525991,0.9292008519740123,1.0,correct
UBFC_A4_L3_C050_SEED101/Eval_On_PURE,PURE,old,103,17,window,510,750,17.0,25.0,8.0,76.0,75.0,1.0,1.0,1.3333333333333335,0.6125564212642725,nan,240,7.407042411524677e-05,1.0356072238988507,-0.006551752987221604,0.9068963562338621,1.0,correct
UBFC_A4_L3_C050_SEED101/Eval_On_PURE,PURE,old,103,18,window,540,780,18.0,26.0,8.0,76.0,75.0,1.0,1.0,1.3333333333333335,0.6443167915719485,nan,240,0.03453764132918462,1.0350063847467754,0.004678875825003652,0.9270587441675553,1.0,correct
UBFC_A4_L3_C050_SEED101/Eval_On_PURE,PURE,old,103,19,window,570,810,19.0,27.0,8.0,75.0,75.0,0.0,0.0,0.0,0.7043152453246279,nan,240,0.011698451407609788,1.0184752748883317,-0.014186540829317147,0.9739909921952624,1.0,correct
UBFC_A4_L3_C050_SEED101/Eval_On_PURE,PURE,old,103,20,window,600,840,20.0,28.0,8.0,75.0,76.0,-1.0,1.0,1.3157894736842104,0.5846808255282259,nan,240,0.010001652933753762,1.010226335052298,-0.007311534653686718,0.9546566498102118,1.0,correct
UBFC_A4_L3_C050_SEED101/Eval_On_PURE,PURE,old,103,21,window,630,870,21.0,29.0,8.0,76.0,76.0,0.0,0.0,0.0,0.6011460400247044,nan,240,0.05118583705691327,0.9980890091971258,0.00046338688767525447,0.9543933107121595,1.0,correct
UBFC_A4_L3_C050_SEED101/Eval_On_PURE,PURE,old,103,22,window,660,900,22.0,30.0,8.0,75.0,76.0,-1.0,1.0,1.3157894736842104,0.4958254435829396,nan,240,0.05854501949851549,0.9977732895454009,0.023381873019704454,0.9232416232725308,1.0,correct
UBFC_A4_L3_C050_SEED101/Eval_On_PURE,PURE,old,103,23,window,690,930,23.0,31.0,8.0,76.0,75.0,1.0,1.0,1.3333333333333335,0.5883245938508315,nan,240,0.0385819130781069,0.9994356190462491,0.004537207240749273,0.9252922249569134,1.0,correct
UBFC_A4_L3_C050_SEED101/Eval_On_PURE,PURE,old,103,24,window,720,960,24.0,32.0,8.0,75.0,75.0,0.0,0.0,0.0,0.4894351306171854,nan,240,0.025736886343503188,1.0047342943852877,0.0030026905481186196,0.924845125280741,1.0,correct
UBFC_A4_L3_C050_SEED101/Eval_On_PURE,PURE,old,103,25,window,750,990,25.0,33.0,8.0,74.0,75.0,-1.0,1.0,1.3333333333333335,0.5195503680267742,nan,240,-0.027673931253573425,1.0010255621017135,0.026401851734758727,0.9355410159567442,1.0,correct
UBFC_A4_L3_C050_SEED101/Eval_On_PURE,PURE,old,103,26,window,780,1020,26.0,34.0,8.0,74.0,74.0,0.0,0.0,0.0,0.5801730367966743,nan,240,-0.08123203337929609,0.9857181933552939,0.03297152108495158,0.9490212518849076,1.0,correct
UBFC_A4_L3_C050_SEED101/Eval_On_PURE,PURE,old,103,27,window,810,1050,27.0,35.0,8.0,74.0,74.0,0.0,0.0,0.0,0.6005157351595635,nan,240,-0.07277931375240305,0.9769335997856601,-0.006498063387970113,0.9589903130896594,1.0,correct
UBFC_A4_L3_C050_SEED101/Eval_On_PURE,PURE,old,103,28,window,840,1080,28.0,36.0,8.0,75.0,75.0,0.0,0.0,0.0,0.5398690353519151,nan,240,-0.015949679254079276,1.0059922144866218,0.0065907971996586176,0.9194313594806208,1.0,correct
UBFC_A4_L3_C050_SEED101/Eval_On_PURE,PURE,old,103,29,window,870,1110,29.0,37.0,8.0,78.0,76.0,2.0,2.0,2.631578947368421,0.5173864087447673,nan,240,-0.01172180624342086,0.9899783249680829,0.004349406858798077,0.8951868510945724,1.0,correct
UBFC_A4_L3_C050_SEED101/Eval_On_PURE,PURE,old,103,30,window,900,1140,30.0,38.0,8.0,76.0,77.0,-1.0,1.0,1.2987012987012987,0.555963053126807,nan,240,-0.013448868661518457,1.0068116938269356,0.005553332453021078,0.9075840044647893,1.0,correct
UBFC_A4_L3_C050_SEED101/Eval_On_PURE,PURE,old,103,31,window,930,1170,31.0,39.0,8.0,76.0,77.0,-1.0,1.0,1.2987012987012987,0.6297036741473281,nan,240,0.04512699541958839,1.011199947161268,0.002734116885431099,0.9152342210192909,1.0,correct
UBFC_A4_L3_C050_SEED101/Eval_On_PURE,PURE,old,103,32,window,960,1200,32.0,40.0,8.0,76.0,77.0,-1.0,1.0,1.2987012987012987,0.6252007713620628,nan,240,0.08054791576085875,0.9944340257116892,-0.009577107657728479,0.9254877916497186,1.0,correct
UBFC_A4_L3_C050_SEED101/Eval_On_PURE,PURE,old,103,33,window,990,1230,33.0,41.0,8.0,75.0,78.0,-3.0,3.0,3.8461538461538463,0.5847109562306808,nan,240,0.11122244084678387,0.9869480761271876,0.011198821764518275,0.9148908128965516,1.0,correct
UBFC_A4_L3_C050_SEED101/Eval_On_PURE,PURE,old,103,34,window,1020,1260,34.0,42.0,8.0,75.0,77.0,-2.0,2.0,2.5974025974025974,0.5246441931173609,nan,240,0.07349843434866905,1.0048975897753338,0.020846404916299646,0.9332305450667434,1.0,correct
UBFC_A4_L3_C050_SEED101/Eval_On_PURE,PURE,old,103,35,window,1050,1290,35.0,43.0,8.0,76.0,77.0,-1.0,1.0,1.2987012987012987,0.5528504581702581,nan,240,0.08282779956044999,1.007293095254207,0.019941556685410932,0.8668526329088333,1.0,correct
UBFC_A4_L3_C050_SEED101/Eval_On_PURE,PURE,old,103,36,window,1080,1320,36.0,44.0,8.0,76.0,77.0,-1.0,1.0,1.2987012987012987,0.6223584305817678,nan,240,-0.0014976370802081214,0.9685966214780922,0.004624746089154183,0.9244853975212022,1.0,correct
UBFC_A4_L3_C050_SEED101/Eval_On_PURE,PURE,old,103,37,window,1110,1350,37.0,45.0,8.0,76.0,77.0,-1.0,1.0,1.2987012987012987,0.5689118390041139,nan,240,-0.04775910224909514,0.9824212323431407,0.014436053504346071,0.9473042561541564,1.0,correct
UBFC_A4_L3_C050_SEED101/Eval_On_PURE,PURE,old,103,38,window,1140,1380,38.0,46.0,8.0,76.0,76.0,0.0,0.0,0.0,0.6550436681549755,nan,240,-0.053404336648439146,0.9640434514220195,-0.011512243845129836,0.9460027111935839,1.0,correct
UBFC_A4_L3_C050_SEED101/Eval_On_PURE,PURE,old,103,39,window,1170,1410,39.0,47.0,8.0,77.0,76.0,1.0,1.0,1.3157894736842104,0.6055459713662904,nan,240,-0.04562852057443169,0.9502011709466849,0.007344197119454092,0.913503458991192,1.0,correct
UBFC_A4_L3_C050_SEED101/Eval_On_PURE,PURE,old,103,40,window,1200,1440,40.0,48.0,8.0,76.0,76.0,0.0,0.0,0.0,0.609681931145848,nan,240,-0.04977669853191925,0.9478040608305157,0.0003651086890482084,0.9158614960748199,1.0,correct
UBFC_A4_L3_C050_SEED101/Eval_On_PURE,PURE,old,103,41,window,1230,1470,41.0,49.0,8.0,75.0,76.0,-1.0,1.0,1.3157894736842104,0.6805345302471357,nan,240,-0.07630405445849829,0.9541231540670114,0.01053132911449402,0.943183783203422,1.0,correct
UBFC_A4_L3_C050_SEED101/Eval_On_PURE,PURE,old,103,42,window,1260,1500,42.0,50.0,8.0,75.0,75.0,0.0,0.0,0.0,0.7340102977127996,nan,240,-0.04212698222558961,0.9443453306870999,-0.01486626085589379,0.9276964766091229,1.0,correct
UBFC_A4_L3_C050_SEED101/Eval_On_PURE,PURE,old,103,43,window,1290,1530,43.0,51.0,8.0,75.0,75.0,0.0,0.0,0.0,0.6879653372395091,nan,240,0.0027604998746953028,0.9715534881833501,-0.00665959027425708,0.9517842891492057,1.0,correct
UBFC_A4_L3_C050_SEED101/Eval_On_PURE,PURE,old,103,44,window,1320,1560,44.0,52.0,8.0,74.0,75.0,-1.0,1.0,1.3333333333333335,0.6523007200843648,nan,240,0.08349158873750208,1.00384874595598,0.015296055887927162,0.9482663381488748,1.0,correct
UBFC_A4_L3_C050_SEED101/Eval_On_PURE,PURE,old,103,45,window,1350,1590,45.0,53.0,8.0,74.0,75.0,-1.0,1.0,1.3333333333333335,0.6090189369140852,nan,240,0.1399630998956237,1.0229890955347383,0.023189239688344854,0.9345957530695016,1.0,correct
UBFC_A4_L3_C050_SEED101/Eval_On_PURE,PURE,old,103,46,window,1380,1620,46.0,54.0,8.0,74.0,75.0,-1.0,1.0,1.3333333333333335,0.5899297046531392,nan,240,0.16969540751747017,1.0373501021775822,-0.004762689188157435,0.8833973894650262,1.0,correct
UBFC_A4_L3_C050_SEED101/Eval_On_PURE,PURE,old,103,47,window,1410,1650,47.0,55.0,8.0,75.0,75.0,0.0,0.0,0.0,0.6389154251509076,nan,240,0.20638236952621375,1.0493978701624955,0.006630090573429992,0.9230886346374395,1.0,correct
UBFC_A4_L3_C050_SEED101/Eval_On_PURE,PURE,old,103,48,window,1440,1680,48.0,56.0,8.0,75.0,76.0,-1.0,1.0,1.3157894736842104,0.6535613691250124,nan,240,0.2263908718629871,1.0587386339490361,0.022639740839005544,0.9449287974642492,1.0,correct
UBFC_A4_L3_C050_SEED101/Eval_On_PURE,PURE,old,103,49,window,1470,1710,49.0,57.0,8.0,76.0,76.0,0.0,0.0,0.0,0.6524078067020556,nan,240,0.201040783367437,1.0713410601819278,-0.008899770030438823,0.9840080384111586,1.0,correct
UBFC_A4_L3_C050_SEED101/Eval_On_PURE,PURE,old,103,50,window,1500,1740,50.0,58.0,8.0,76.0,76.0,0.0,0.0,0.0,0.6221595633149003,nan,240,0.20597380627894307,1.069881816938285,-0.01541504311587582,0.923560196902223,1.0,correct
UBFC_A4_L3_C050_SEED101/Eval_On_PURE,PURE,old,103,51,window,1530,1770,51.0,59.0,8.0,76.0,77.0,-1.0,1.0,1.2987012987012987,0.6509047082497742,nan,240,0.14823726225149056,1.0541366551117965,0.004404197715680314,0.9249202674033797,1.0,correct
UBFC_A4_L3_C050_SEED101/Eval_On_PURE,PURE,old,103,52,window,1560,1800,52.0,60.0,8.0,75.0,77.0,-2.0,2.0,2.5974025974025974,0.6699635782593278,nan,240,0.052668770324790365,1.0328432854941159,0.011845084473935114,0.9305613580855282,1.0,correct
UBFC_A4_L3_C050_SEED101/Eval_On_PURE,PURE,old,103,53,window,1590,1830,53.0,61.0,8.0,75.0,76.0,-1.0,1.0,1.3157894736842104,0.6753058336206439,nan,240,-0.045919054439156795,1.0163720487774024,-0.008620029988268272,0.9534413997182135,1.0,correct
UBFC_A4_L3_C050_SEED101/Eval_On_PURE,PURE,old,103,54,window,1620,1860,54.0,62.0,8.0,75.0,76.0,-1.0,1.0,1.3157894736842104,0.6810564041096298,nan,240,-0.07027749436169849,0.9816979911168318,-0.0057507303825965255,0.9272556668716804,1.0,correct
UBFC_A4_L3_C050_SEED101/Eval_On_PURE,PURE,old,103,55,window,1650,1890,55.0,63.0,8.0,77.0,77.0,0.0,0.0,0.0,0.7032596398329707,nan,240,-0.1279635984820814,0.9459769096416288,-0.0006307892548093126,0.8162130161239666,1.0,correct
UBFC_A4_L3_C050_SEED101/Eval_On_PURE,PURE,old,103,56,window,1680,1920,56.0,64.0,8.0,77.0,79.0,-2.0,2.0,2.5316455696202533,0.6357162369711884,nan,240,-0.15971652878117837,0.9388318266813624,0.012196456402579397,0.8826415502794932,1.0,correct
UBFC_A4_L3_C050_SEED101/Eval_On_PURE,PURE,old,103,57,window,1710,1950,57.0,65.0,8.0,78.0,79.0,-1.0,1.0,1.2658227848101267,0.7039199943458485,nan,240,-0.15732971237859675,0.9028018198071591,0.010308030483922951,0.8154709521569102,1.0,correct
UBFC_A4_L3_C050_SEED101/Eval_On_PURE,PURE,old,103,58,window,1740,1980,58.0,66.0,8.0,79.0,80.0,-1.0,1.0,1.25,0.6985819009754161,nan,240,-0.18022337739980812,0.8767969709867933,-0.006934876847682573,0.8845487187032732,1.0,correct
UBFC_A4_L3_C050_SEED101/Eval_On_PURE,PURE,old,103,59,window,1770,2010,59.0,67.0,8.0,79.0,80.0,-1.0,1.0,1.25,0.5820439940206436,nan,240,-0.14842908637691626,0.8973963582905274,-0.025071648462392213,0.7805215372660628,1.0,correct
UBFC_A4_L3_C050_SEED101/Eval_On_PURE,PURE,old,103,60,window,1800,2040,60.0,68.0,8.0,79.0,79.0,0.0,0.0,0.0,0.677423120871541,nan,240,-0.06137384196559628,0.9321908296156488,0.05216594865324271,0.916835265081336,1.0,correct
UBFC_A4_L3_C050_SEED101/Eval_On_PURE,PURE,old,103,61,window,1830,2070,61.0,69.0,8.0,78.0,78.0,0.0,0.0,0.0,0.7523239665113827,nan,240,-0.00926033877837374,0.8982603657223417,0.018949044641009122,0.9152595956355474,1.0,correct
UBFC_A4_L3_C050_SEED101/Eval_On_PURE,PURE,old,103,62,window,1860,2100,62.0,70.0,8.0,77.0,78.0,-1.0,1.0,1.282051282051282,0.752182671141901,nan,240,-0.008191012748476823,0.9062422346103379,-0.0037361877280351202,0.897691960526378,1.0,correct
UBFC_A4_L3_C050_SEED101/Eval_On_PURE,PURE,old,103,63,window,1890,2130,63.0,71.0,8.0,78.0,78.0,0.0,0.0,0.0,0.6685108935662313,nan,240,0.07614249427730983,0.9582363948942328,-0.005549666711449878,0.9282049722760745,1.0,correct
UBFC_A4_L3_C050_SEED101/Eval_On_PURE,PURE,old,103,64,window,1920,2160,64.0,72.0,8.0,77.0,77.0,0.0,0.0,0.0,0.7698963483975246,nan,240,0.10628538274271407,0.9439109446915749,-0.0030911246326957844,0.9386185976429764,1.0,correct
UBFC_A4_L3_C050_SEED101/Eval_On_PURE,PURE,old,103,65,window,1950,2190,65.0,73.0,8.0,77.0,78.0,-1.0,1.0,1.282051282051282,0.7705971605590561,nan,240,0.11062724994335339,0.940825878182104,0.007578120205878939,0.9255289546194507,1.0,correct
UBFC_A4_L3_C050_SEED101/Eval_On_PURE,PURE,old,103,66,window,1980,2220,66.0,74.0,8.0,77.0,78.0,-1.0,1.0,1.282051282051282,0.7543548537146827,nan,240,0.16207696395352159,0.9683277092664859,0.004936355388068951,0.940774154237766,1.0,correct
UBFC_A4_L3_C050_SEED101/Eval_On_PURE,PURE,old,103,67,window,2010,2250,67.0,75.0,8.0,80.0,79.0,1.0,1.0,1.2658227848101267,0.7607153565587753,nan,240,0.19487500912712194,0.9526223950064102,0.018304960360874686,0.9331479057247809,1.0,correct
UBFC_A4_L3_C050_SEED101/Eval_On_PURE,PURE,old,103,68,window,2040,2280,68.0,76.0,8.0,81.0,80.0,1.0,1.0,1.25,0.7101124821003872,nan,240,0.14071061931841125,0.9473349833170934,-0.0015549230139831967,0.8815027925171572,1.0,correct
UBFC_A4_L3_C050_SEED101/Eval_On_PURE,PURE,old,103,69,window,2070,2310,69.0,77.0,8.0,79.0,80.0,-1.0,1.0,1.25,0.6534131555240833,nan,240,0.12811678332101822,0.9789863858681457,-0.0012442949486323703,0.8747195269872744,1.0,correct
UBFC_A4_L3_C050_SEED101/Eval_On_PURE,PURE,old,103,70,window,2100,2340,70.0,78.0,8.0,81.0,80.0,1.0,1.0,1.25,0.6914794353239904,nan,240,0.09614595262337819,0.9810325938111628,0.023708710998427862,0.8974826888409302,1.0,correct
UBFC_A4_L3_C050_SEED101/Eval_On_PURE,PURE,old,103,71,window,2130,2370,71.0,79.0,8.0,80.0,81.0,-1.0,1.0,1.2345679012345678,0.5963502068173077,nan,240,0.0015338013347405996,0.9322647762982511,0.024353235805765223,0.8461928160336806,1.0,correct
UBFC_A4_L3_C050_SEED101/Eval_On_PURE,PURE,old,103,72,window,2160,2400,72.0,80.0,8.0,78.0,80.0,-2.0,2.0,2.5,0.5465978326162351,nan,240,-0.05190828900472313,0.934021037562149,0.013542464976226304,0.8807053280579309,1.0,correct
UBFC_A4_L3_C050_SEED101/Eval_On_PURE,PURE,old,104,0,window,0,240,0.0,8.0,8.0,76.0,78.0,-2.0,2.0,2.564102564102564,0.674148200418574,nan,240,0.12461905911487202,1.1916506521202268,0.0004222804699401043,0.8805354356593793,1.0,correct
UBFC_A4_L3_C050_SEED101/Eval_On_PURE,PURE,old,104,1,window,30,270,1.0,9.0,8.0,76.0,78.0,-2.0,2.0,2.564102564102564,0.6694050791803091,nan,240,0.15730490211063125,1.2027260065197878,0.009575927773466015,0.9374823240739173,1.0,correct
UBFC_A4_L3_C050_SEED101/Eval_On_PURE,PURE,old,104,2,window,60,300,2.0,10.0,8.0,76.0,77.0,-1.0,1.0,1.2987012987012987,0.6958229479176274,nan,240,0.2397435451662084,1.2084078677766112,0.00038545344108816454,0.9135554655080697,1.0,correct
UBFC_A4_L3_C050_SEED101/Eval_On_PURE,PURE,old,104,3,window,90,330,3.0,11.0,8.0,76.0,76.0,0.0,0.0,0.0,0.6709748841561246,nan,240,0.18328403833695864,1.1796895825183071,-0.0029296105033749724,0.8794503748600332,1.0,correct
UBFC_A4_L3_C050_SEED101/Eval_On_PURE,PURE,old,104,4,window,120,360,4.0,12.0,8.0,75.0,75.0,0.0,0.0,0.0,0.6641096425143931,nan,240,0.13032105405339503,1.1928493458953742,0.016387173260818077,0.9491207994050995,1.0,correct
UBFC_A4_L3_C050_SEED101/Eval_On_PURE,PURE,old,104,5,window,150,390,5.0,13.0,8.0,74.0,74.0,0.0,0.0,0.0,0.668874028640384,nan,240,0.0699804092205961,1.1990326041669495,0.005183432882539167,0.8989262244135262,1.0,correct
UBFC_A4_L3_C050_SEED101/Eval_On_PURE,PURE,old,104,6,window,180,420,6.0,14.0,8.0,74.0,74.0,0.0,0.0,0.0,0.7774536234258015,nan,240,-0.08326529253516217,1.100117246682983,-0.015422106169097886,0.8530899999144903,1.0,correct
UBFC_A4_L3_C050_SEED101/Eval_On_PURE,PURE,old,104,7,window,210,450,7.0,15.0,8.0,74.0,74.0,0.0,0.0,0.0,0.7539894937769587,nan,240,-0.16343264178279623,1.0631734534344213,-0.0002584190812838616,0.920177003193588,1.0,correct
UBFC_A4_L3_C050_SEED101/Eval_On_PURE,PURE,old,104,8,window,240,480,8.0,16.0,8.0,74.0,74.0,0.0,0.0,0.0,0.7006313924274362,nan,240,-0.17819332161398632,1.0441184923671976,0.014443976625890953,0.7092662940016755,1.0,correct
UBFC_A4_L3_C050_SEED101/Eval_On_PURE,PURE,old,104,9,window,270,510,9.0,17.0,8.0,75.0,75.0,0.0,0.0,0.0,0.764211362042289,nan,240,-0.19954595044786955,1.0128496382318466,0.009546894387946559,0.9145681248883343,1.0,correct
UBFC_A4_L3_C050_SEED101/Eval_On_PURE,PURE,old,104,10,window,300,540,10.0,18.0,8.0,76.0,76.0,0.0,0.0,0.0,0.6926718509641734,nan,240,-0.2097385634057116,0.9723014649179754,0.002883870931388348,0.8256231650668037,1.0,correct
UBFC_A4_L3_C050_SEED101/Eval_On_PURE,PURE,old,104,11,window,330,570,11.0,19.0,8.0,75.0,75.0,0.0,0.0,0.0,0.758700780260257,nan,240,-0.22467466590235693,0.9467614452187849,0.0005075281901399951,0.7906549776293806,1.0,correct
UBFC_A4_L3_C050_SEED101/Eval_On_PURE,PURE,old,104,12,window,360,600,12.0,20.0,8.0,75.0,75.0,0.0,0.0,0.0,0.7004087697546919,nan,240,-0.22976647306795697,0.9286012336428847,0.0046721760260759046,0.8148999418016897,1.0,correct
UBFC_A4_L3_C050_SEED101/Eval_On_PURE,PURE,old,104,13,window,390,630,13.0,21.0,8.0,74.0,74.0,0.0,0.0,0.0,0.769030233739636,nan,240,-0.1966774107120626,0.9120644984819463,0.0039277091730877366,0.777477746745926,1.0,correct
UBFC_A4_L3_C050_SEED101/Eval_On_PURE,PURE,old,104,14,window,420,660,14.0,22.0,8.0,74.0,74.0,0.0,0.0,0.0,0.6923019812853923,nan,240,-0.19367823922768648,0.8875323432293846,-0.018425690832406857,0.6660751309873965,1.0,correct
UBFC_A4_L3_C050_SEED101/Eval_On_PURE,PURE,old,104,15,window,450,690,15.0,23.0,8.0,74.0,74.0,0.0,0.0,0.0,0.6919461089657643,nan,240,-0.14059261074055124,0.8947949910453714,0.01247920381366872,0.7341062770599043,1.0,correct
UBFC_A4_L3_C050_SEED101/Eval_On_PURE,PURE,old,104,16,window,480,720,16.0,24.0,8.0,73.0,74.0,-1.0,1.0,1.3513513513513513,0.6441551336938914,nan,240,-0.11228707675661269,0.8782289588372474,0.026077576898616395,0.6242873405743494,1.0,correct
UBFC_A4_L3_C050_SEED101/Eval_On_PURE,PURE,old,104,17,window,510,750,17.0,25.0,8.0,73.0,73.0,0.0,0.0,0.0,0.7039900782743385,nan,240,-0.09927829809218891,0.870180186283868,0.003543295553859267,0.28381105527674844,1.0,correct
UBFC_A4_L3_C050_SEED101/Eval_On_PURE,PURE,old,104,18,window,540,780,18.0,26.0,8.0,75.0,74.0,1.0,1.0,1.3513513513513513,0.6490869540732797,nan,240,-0.15203623501809105,0.8329956127063022,-0.003924519566738204,0.7379636213577259,1.0,correct
UBFC_A4_L3_C050_SEED101/Eval_On_PURE,PURE,old,104,19,window,570,810,19.0,27.0,8.0,73.0,74.0,-1.0,1.0,1.3513513513513513,0.6683055882572968,nan,240,-0.1166834619665931,0.8586981389490105,-0.0021981527629719613,0.6645087144602162,1.0,correct
UBFC_A4_L3_C050_SEED101/Eval_On_PURE,PURE,old,104,20,window,600,840,20.0,28.0,8.0,89.0,74.0,15.0,15.0,20.27027027027027,0.3348916238839794,nan,240,-0.0607619516807929,0.8493405749410559,-0.010628209053101727,0.6871147219074689,1.0,large_error
UBFC_A4_L3_C050_SEED101/Eval_On_PURE,PURE,old,104,21,window,630,870,21.0,29.0,8.0,73.0,73.0,0.0,0.0,0.0,0.6726951559514721,nan,240,-0.008551313249478018,0.84545313044321,0.019244898458962705,0.7323835724238535,1.0,correct
UBFC_A4_L3_C050_SEED101/Eval_On_PURE,PURE,old,104,22,window,660,900,22.0,30.0,8.0,74.0,73.0,1.0,1.0,1.36986301369863,0.657264326717824,nan,240,-0.006695675105907228,0.8506090549962556,0.0014289686444117803,0.7712565258490633,1.0,correct
UBFC_A4_L3_C050_SEED101/Eval_On_PURE,PURE,old,104,23,window,690,930,23.0,31.0,8.0,73.0,72.0,1.0,1.0,1.3888888888888888,0.5444161301059431,nan,240,-0.035615441189348916,0.8686468330444607,-0.006139683610281699,0.7960937336144814,1.0,correct
UBFC_A4_L3_C050_SEED101/Eval_On_PURE,PURE,old,104,24,window,720,960,24.0,32.0,8.0,72.0,72.0,0.0,0.0,0.0,0.5321861502709196,nan,240,0.00599865716683734,0.9066549530972549,-0.03302020679949238,0.7347635056401495,1.0,correct
UBFC_A4_L3_C050_SEED101/Eval_On_PURE,PURE,old,104,25,window,750,990,25.0,33.0,8.0,72.0,72.0,0.0,0.0,0.0,0.48245237430527743,nan,240,0.07086156687445294,0.926697822703992,0.03631611005007456,0.8504858937938768,1.0,correct
UBFC_A4_L3_C050_SEED101/Eval_On_PURE,PURE,old,104,26,window,780,1020,26.0,34.0,8.0,74.0,71.0,3.0,3.0,4.225352112676056,0.4923305827565452,nan,240,0.1402065004074033,0.9413132589019938,0.015536489129051896,0.848870826247741,1.0,correct
UBFC_A4_L3_C050_SEED101/Eval_On_PURE,PURE,old,104,27,window,810,1050,27.0,35.0,8.0,73.0,71.0,2.0,2.0,2.8169014084507045,0.6664331437767291,nan,240,0.13811649353845717,0.9559522348067524,0.008307770795043332,0.849759489477665,1.0,correct
UBFC_A4_L3_C050_SEED101/Eval_On_PURE,PURE,old,104,28,window,840,1080,28.0,36.0,8.0,72.0,71.0,1.0,1.0,1.4084507042253522,0.6557597250165146,nan,240,0.12825329098064567,0.9856092668573607,-0.007905490793323956,0.8276348735058767,1.0,correct
UBFC_A4_L3_C050_SEED101/Eval_On_PURE,PURE,old,104,29,window,870,1110,29.0,37.0,8.0,74.0,72.0,2.0,2.0,2.7777777777777777,0.6783007175834959,nan,240,0.20772865595025383,1.054544419710378,0.0005575270641490077,0.8791494939410305,1.0,correct
UBFC_A4_L3_C050_SEED101/Eval_On_PURE,PURE,old,104,30,window,900,1140,30.0,38.0,8.0,74.0,73.0,1.0,1.0,1.36986301369863,0.7577445123025645,nan,240,0.27249986055264264,1.0716120282039145,0.009905085338316192,0.9314355364285898,1.0,correct
UBFC_A4_L3_C050_SEED101/Eval_On_PURE,PURE,old,104,31,window,930,1170,31.0,39.0,8.0,74.0,73.0,1.0,1.0,1.36986301369863,0.7812473831994258,nan,240,0.2504921519207863,1.0673635195535889,0.023352403986740697,0.9307050611482727,1.0,correct
UBFC_A4_L3_C050_SEED101/Eval_On_PURE,PURE,old,104,32,window,960,1200,32.0,40.0,8.0,74.0,74.0,0.0,0.0,0.0,0.7468622494050011,nan,240,0.14930876291898068,1.1060344571781926,-0.012940410910579018,0.8337452320417804,1.0,correct
UBFC_A4_L3_C050_SEED101/Eval_On_PURE,PURE,old,104,33,window,990,1230,33.0,41.0,8.0,75.0,74.0,1.0,1.0,1.3513513513513513,0.7720924066965006,nan,240,0.08947153563736455,1.1146506694133804,-0.016720712732635624,0.865312012844068,1.0,correct
UBFC_A4_L3_C050_SEED101/Eval_On_PURE,PURE,old,104,34,window,1020,1260,34.0,42.0,8.0,75.0,74.0,1.0,1.0,1.3513513513513513,0.6581702075842011,nan,240,-0.013992954664343523,1.1118290207935682,-0.006022589493251244,0.7195400638531687,1.0,correct
UBFC_A4_L3_C050_SEED101/Eval_On_PURE,PURE,old,104,35,window,1050,1290,35.0,43.0,8.0,74.0,74.0,0.0,0.0,0.0,0.7011856732277572,nan,240,-0.0978841176115214,1.0877214461116707,0.00881878266456017,0.8211203344731803,1.0,correct
UBFC_A4_L3_C050_SEED101/Eval_On_PURE,PURE,old,104,36,window,1080,1320,36.0,44.0,8.0,73.0,73.0,0.0,0.0,0.0,0.726061360976765,nan,240,-0.15797563192692526,1.0809430633459667,0.0005561098585291806,0.8483621906401099,1.0,correct
UBFC_A4_L3_C050_SEED101/Eval_On_PURE,PURE,old,104,37,window,1110,1350,37.0,45.0,8.0,73.0,73.0,0.0,0.0,0.0,0.6673341415540577,nan,240,-0.2795938909531971,0.9760151807846312,-0.02138238527688904,0.7658130011481938,1.0,correct
UBFC_A4_L3_C050_SEED101/Eval_On_PURE,PURE,old,104,38,window,1140,1380,38.0,46.0,8.0,74.0,73.0,1.0,1.0,1.36986301369863,0.5387934682163653,nan,240,-0.3364399342954352,0.907698982092414,-0.019624565375796748,0.33095513327999354,1.0,correct
UBFC_A4_L3_C050_SEED101/Eval_On_PURE,PURE,old,104,39,window,1170,1410,39.0,47.0,8.0,71.0,73.0,-2.0,2.0,2.73972602739726,0.6225400282958224,nan,240,-0.31090132634195344,0.8845999151797809,0.010112013532198379,0.6836466574119057,1.0,correct
UBFC_A4_L3_C050_SEED101/Eval_On_PURE,PURE,old,104,40,window,1200,1440,40.0,48.0,8.0,74.0,75.0,-1.0,1.0,1.3333333333333335,0.564325870698943,nan,240,-0.23603002275226412,0.8556564058785902,0.003043187046733889,0.4333911911180032,1.0,correct
UBFC_A4_L3_C050_SEED101/Eval_On_PURE,PURE,old,104,41,window,1230,1470,41.0,49.0,8.0,75.0,76.0,-1.0,1.0,1.3157894736842104,0.5638335089026052,nan,240,-0.17869431256921964,0.8588418148621733,-0.01642065409535365,0.5548293920350956,1.0,correct
UBFC_A4_L3_C050_SEED101/Eval_On_PURE,PURE,old,104,42,window,1260,1500,42.0,50.0,8.0,76.0,76.0,0.0,0.0,0.0,0.6309974091534606,nan,240,-0.13240911812003262,0.8422293947059708,0.001709102199199608,0.7078220046306427,1.0,correct
UBFC_A4_L3_C050_SEED101/Eval_On_PURE,PURE,old,104,43,window,1290,1530,43.0,51.0,8.0,75.0,76.0,-1.0,1.0,1.3157894736842104,0.6086505693732095,nan,240,-0.08184350952557762,0.8316446392968192,0.0034488924474147986,0.6436733201486882,1.0,correct
UBFC_A4_L3_C050_SEED101/Eval_On_PURE,PURE,old,104,44,window,1320,1560,44.0,52.0,8.0,63.0,74.0,-11.0,11.0,14.864864864864865,0.5396309469367538,nan,240,-0.03611097230369741,0.8169940788562223,0.006072601435259854,0.41634520557240073,1.0,large_error
UBFC_A4_L3_C050_SEED101/Eval_On_PURE,PURE,old,104,45,window,1350,1590,45.0,53.0,8.0,67.0,71.0,-4.0,4.0,5.633802816901409,0.4774897653866361,nan,240,-0.0064864823134997565,0.8152508244123884,0.013371215168123984,0.45144488210982125,1.0,large_error
UBFC_A4_L3_C050_SEED101/Eval_On_PURE,PURE,old,104,46,window,1380,1620,46.0,54.0,8.0,68.0,69.0,-1.0,1.0,1.4492753623188406,0.5833877840315523,nan,240,-0.01375080061029962,0.8303254067143785,-0.0011899883928526978,0.30077875875239996,1.0,correct
UBFC_A4_L3_C050_SEED101/Eval_On_PURE,PURE,old,104,47,window,1410,1650,47.0,55.0,8.0,68.0,69.0,-1.0,1.0,1.4492753623188406,0.6706989029829045,nan,240,0.015809283479095812,0.86041799157049,-0.01083948351212755,0.6183318247964122,1.0,correct
UBFC_A4_L3_C050_SEED101/Eval_On_PURE,PURE,old,104,48,window,1440,1680,48.0,56.0,8.0,68.0,69.0,-1.0,1.0,1.4492753623188406,0.6544187234710722,nan,240,0.1039015917705513,0.9199870907206348,0.006530942316617589,0.7058163109309683,1.0,correct
UBFC_A4_L3_C050_SEED101/Eval_On_PURE,PURE,old,104,49,window,1470,1710,49.0,57.0,8.0,69.0,70.0,-1.0,1.0,1.4285714285714286,0.6142026091910923,nan,240,0.1724507029405053,0.9567928767318824,-0.006862163259143725,0.3389353642525504,1.0,correct
UBFC_A4_L3_C050_SEED101/Eval_On_PURE,PURE,old,104,50,window,1500,1740,50.0,58.0,8.0,72.0,70.0,2.0,2.0,2.857142857142857,0.532685600127827,nan,240,0.2533876875365225,0.9853680373211596,-0.0044618231936231325,0.5413621749779346,1.0,correct
UBFC_A4_L3_C050_SEED101/Eval_On_PURE,PURE,old,104,51,window,1530,1770,51.0,59.0,8.0,73.0,71.0,2.0,2.0,2.8169014084507045,0.596951457339671,nan,240,0.29439240698510083,1.0019688431702274,-0.0006353066518358005,0.34199472534336667,1.0,correct
UBFC_A4_L3_C050_SEED101/Eval_On_PURE,PURE,old,104,52,window,1560,1800,52.0,60.0,8.0,74.0,72.0,2.0,2.0,2.7777777777777777,0.6100205871678545,nan,240,0.41602037239516937,1.0534930819263966,-0.007804810474810254,0.4165708333872099,1.0,correct
UBFC_A4_L3_C050_SEED101/Eval_On_PURE,PURE,old,104,53,window,1590,1830,53.0,61.0,8.0,74.0,73.0,1.0,1.0,1.36986301369863,0.5646782582662621,nan,240,0.4514877009970763,1.0568514359183447,0.0003246265003991611,0.6401898696854601,1.0,correct
UBFC_A4_L3_C050_SEED101/Eval_On_PURE,PURE,old,104,54,window,1620,1860,54.0,62.0,8.0,73.0,74.0,-1.0,1.0,1.3513513513513513,0.5681742288227432,nan,240,0.397100203783486,1.0725917679706383,0.03145756354712968,0.7430056420304688,1.0,correct
UBFC_A4_L3_C050_SEED101/Eval_On_PURE,PURE,old,104,55,window,1650,1890,55.0,63.0,8.0,74.0,74.0,0.0,0.0,0.0,0.6349377152867256,nan,240,0.3217387278121672,1.1141573178453401,-0.0003990522834639474,0.6033296357565515,1.0,correct
UBFC_A4_L3_C050_SEED101/Eval_On_PURE,PURE,old,104,56,window,1680,1920,56.0,64.0,8.0,74.0,74.0,0.0,0.0,0.0,0.5869272571537524,nan,240,0.1927172278710345,1.1242747763053669,-0.0004910912053834389,0.6098120523604124,1.0,correct
UBFC_A4_L3_C050_SEED101/Eval_On_PURE,PURE,old,104,57,window,1710,1950,57.0,65.0,8.0,73.0,74.0,-1.0,1.0,1.3513513513513513,0.6258010620857624,nan,240,0.07159328666113704,1.1020540690253042,-0.002168847898340472,0.5784395509339975,1.0,correct
UBFC_A4_L3_C050_SEED101/Eval_On_PURE,PURE,old,104,58,window,1740,1980,58.0,66.0,8.0,72.0,73.0,-1.0,1.0,1.36986301369863,0.5440199433284022,nan,240,-0.04469313441694836,1.0614998061114969,0.011132694786470436,0.4586134275696968,1.0,correct
UBFC_A4_L3_C050_SEED101/Eval_On_PURE,PURE,old,104,59,window,1770,2010,59.0,67.0,8.0,73.0,73.0,0.0,0.0,0.0,0.6385464519970576,nan,240,-0.09815367197815081,1.0442735608233769,0.0054562697688203396,0.7708802044086447,1.0,correct
UBFC_A4_L3_C050_SEED101/Eval_On_PURE,PURE,old,104,60,window,1800,2040,60.0,68.0,8.0,74.0,73.0,1.0,1.0,1.36986301369863,0.5512165744201507,nan,240,-0.2418987450540938,0.9423440289572634,-0.0034095326910617376,0.8357847749924399,1.0,correct
UBFC_A4_L3_C050_SEED101/Eval_On_PURE,PURE,old,104,61,window,1830,2070,61.0,69.0,8.0,75.0,73.0,2.0,2.0,2.73972602739726,0.5960651061604094,nan,240,-0.2756516836182727,0.9133427120689576,-0.006333799559172933,0.8107452647142376,1.0,correct
UBFC_A4_L3_C050_SEED101/Eval_On_PURE,PURE,old,104,62,window,1860,2100,62.0,70.0,8.0,75.0,74.0,1.0,1.0,1.3513513513513513,0.6752002488097616,nan,240,-0.23860656210891518,0.9118996429101236,-0.0020480421502893625,0.9133687987304961,1.0,correct
UBFC_A4_L3_C050_SEED101/Eval_On_PURE,PURE,old,104,63,window,1890,2130,63.0,71.0,8.0,74.0,75.0,-1.0,1.0,1.3333333333333335,0.6937284941727797,nan,240,-0.16807391096726013,0.9112509964698488,0.025903687047178867,0.9328225546466817,1.0,correct
UBFC_A4_L3_C050_SEED101/Eval_On_PURE,PURE,old,104,64,window,1920,2160,64.0,72.0,8.0,75.0,75.0,0.0,0.0,0.0,0.7023883048640791,nan,240,-0.08900985401094895,0.9157397554735188,0.006216460451243479,0.8938061435476641,1.0,correct
UBFC_A4_L3_C050_SEED101/Eval_On_PURE,PURE,old,104,65,window,1950,2190,65.0,73.0,8.0,75.0,76.0,-1.0,1.0,1.3157894736842104,0.7031268000237204,nan,240,-0.03143148423303994,0.9141689654800818,-0.006635365391044789,0.8714678913000494,1.0,correct
UBFC_A4_L3_C050_SEED101/Eval_On_PURE,PURE,old,104,66,window,1980,2220,66.0,74.0,8.0,75.0,76.0,-1.0,1.0,1.3157894736842104,0.7023202424504174,nan,240,0.00017270361860438992,0.9231602899443705,0.004746307940586168,0.822413082106127,1.0,correct
UBFC_A4_L3_C050_SEED101/Eval_On_PURE,PURE,old,104,67,window,2010,2250,67.0,75.0,8.0,75.0,76.0,-1.0,1.0,1.3157894736842104,0.6074503802666061,nan,240,0.011562235028122592,0.9320408099103497,-0.006726650840127283,0.6542885780948773,1.0,correct
UBFC_A4_L3_C050_SEED101/Eval_On_PURE,PURE,old,104,68,window,2040,2280,68.0,76.0,8.0,76.0,76.0,0.0,0.0,0.0,0.6494316443671905,nan,240,0.038306153410936204,0.9250156923772322,0.007438594836729938,0.9045554235608865,1.0,correct
UBFC_A4_L3_C050_SEED101/Eval_On_PURE,PURE,old,104,69,window,2070,2310,69.0,77.0,8.0,77.0,77.0,0.0,0.0,0.0,0.7135130985059256,nan,240,0.014795775237871915,0.9077377247272709,0.01149012143745779,0.7033242791707156,1.0,correct
UBFC_A4_L3_C050_SEED101/Eval_On_PURE,PURE,old,104,70,window,2100,2340,70.0,78.0,8.0,79.0,77.0,2.0,2.0,2.5974025974025974,0.6298697275439109,nan,240,0.016399856268099144,0.9182213259467902,0.00023834835225331475,0.7439304801289021,1.0,correct
UBFC_A4_L3_C050_SEED101/Eval_On_PURE,PURE,old,104,71,window,2130,2370,71.0,79.0,8.0,79.0,77.0,2.0,2.0,2.5974025974025974,0.7288092110871903,nan,240,0.014753916457757803,0.9255351621467188,-0.011486297081830165,0.8548862884345116,1.0,correct
UBFC_A4_L3_C050_SEED101/Eval_On_PURE,PURE,old,104,72,window,2160,2400,72.0,80.0,8.0,80.0,78.0,2.0,2.0,2.564102564102564,0.722604590945888,nan,240,-0.006241092798194238,0.9074422341072916,0.020290862498709365,0.8867921109655973,1.0,correct
UBFC_A4_L3_C050_SEED101/Eval_On_PURE,PURE,old,105,0,window,0,240,0.0,8.0,8.0,75.0,77.0,-2.0,2.0,2.5974025974025974,0.6738175956152707,nan,240,0.19162948688794326,1.1360408815006393,0.025270126953722872,0.9516400587430986,1.0,correct
UBFC_A4_L3_C050_SEED101/Eval_On_PURE,PURE,old,105,1,window,30,270,1.0,9.0,8.0,75.0,75.0,0.0,0.0,0.0,0.7476989948406132,nan,240,0.23390548741717737,1.117350404760498,-0.00901046804093434,0.979912606904826,1.0,correct
UBFC_A4_L3_C050_SEED101/Eval_On_PURE,PURE,old,105,2,window,60,300,2.0,10.0,8.0,74.0,74.0,0.0,0.0,0.0,0.7750670298082138,nan,240,0.14659210230997421,1.0853648061800327,-0.01669382433936683,0.948584810419944,1.0,correct
UBFC_A4_L3_C050_SEED101/Eval_On_PURE,PURE,old,105,3,window,90,330,3.0,11.0,8.0,74.0,73.0,1.0,1.0,1.36986301369863,0.7417225910630079,nan,240,0.13179620002071998,1.102698962014959,0.012587124346452077,0.9573616365687119,1.0,correct
UBFC_A4_L3_C050_SEED101/Eval_On_PURE,PURE,old,105,4,window,120,360,4.0,12.0,8.0,73.0,72.0,1.0,1.0,1.3888888888888888,0.7541564993555914,nan,240,0.15298051520022465,1.0942609053350802,0.011794320564444221,0.9529269260033668,1.0,correct
UBFC_A4_L3_C050_SEED101/Eval_On_PURE,PURE,old,105,5,window,150,390,5.0,13.0,8.0,73.0,72.0,1.0,1.0,1.3888888888888888,0.7791929616678803,nan,240,0.11232820138579669,1.0552521054792625,0.002067579084472404,0.9585194938338419,1.0,correct
UBFC_A4_L3_C050_SEED101/Eval_On_PURE,PURE,old,105,6,window,180,420,6.0,14.0,8.0,70.0,71.0,-1.0,1.0,1.4084507042253522,0.7792711104495388,nan,240,0.053959227170094604,1.0325804147022903,-0.006293946094486086,0.9411034951134996,1.0,correct
UBFC_A4_L3_C050_SEED101/Eval_On_PURE,PURE,old,105,7,window,210,450,7.0,15.0,8.0,71.0,71.0,0.0,0.0,0.0,0.7556395320827315,nan,240,0.06896322935089895,1.0575772641812116,-0.01281189856862103,0.9388034032946878,1.0,correct
UBFC_A4_L3_C050_SEED101/Eval_On_PURE,PURE,old,105,8,window,240,480,8.0,16.0,8.0,70.0,72.0,-2.0,2.0,2.7777777777777777,0.7723868267946645,nan,240,0.1171698230089716,1.0617316874915024,0.04210361164741809,0.9578046005830826,1.0,correct
UBFC_A4_L3_C050_SEED101/Eval_On_PURE,PURE,old,105,9,window,270,510,9.0,17.0,8.0,71.0,71.0,0.0,0.0,0.0,0.7843801234189867,nan,240,0.11314994217706505,1.0507057405307674,0.02777249450868888,0.9373952453798431,1.0,correct
UBFC_A4_L3_C050_SEED101/Eval_On_PURE,PURE,old,105,10,window,300,540,10.0,18.0,8.0,70.0,70.0,0.0,0.0,0.0,0.7624668426425321,nan,240,0.034408496139261203,1.0399621288531185,0.0033014830934050554,0.9604349719967825,1.0,correct
UBFC_A4_L3_C050_SEED101/Eval_On_PURE,PURE,old,105,11,window,330,570,11.0,19.0,8.0,69.0,69.0,0.0,0.0,0.0,0.7834134228530703,nan,240,-0.04066201705551691,1.0351897666026426,0.004507988209471022,0.963509889000917,1.0,correct
UBFC_A4_L3_C050_SEED101/Eval_On_PURE,PURE,old,105,12,window,360,600,12.0,20.0,8.0,68.0,68.0,0.0,0.0,0.0,0.7657733368576587,nan,240,-0.12197654211823813,1.0225252368496889,0.003686922568170368,0.947457594747681,1.0,correct
UBFC_A4_L3_C050_SEED101/Eval_On_PURE,PURE,old,105,13,window,390,630,13.0,21.0,8.0,67.0,67.0,0.0,0.0,0.0,0.7675848017939246,nan,240,-0.18033181219473973,1.002129915363445,0.01080351625411532,0.9346113116544091,1.0,correct
UBFC_A4_L3_C050_SEED101/Eval_On_PURE,PURE,old,105,14,window,420,660,14.0,22.0,8.0,67.0,66.0,1.0,1.0,1.5151515151515151,0.8084736994449759,nan,240,-0.2172835008645425,0.9781580527075017,0.011551404348287875,0.9765240398094889,1.0,correct
UBFC_A4_L3_C050_SEED101/Eval_On_PURE,PURE,old,105,15,window,450,690,15.0,23.0,8.0,67.0,67.0,0.0,0.0,0.0,0.7675328292715233,nan,240,-0.2359158007886398,0.9579047148775343,-0.0023722270500067923,0.9786432884155742,1.0,correct
UBFC_A4_L3_C050_SEED101/Eval_On_PURE,PURE,old,105,16,window,480,720,16.0,24.0,8.0,68.0,69.0,-1.0,1.0,1.4492753623188406,0.7529892185596974,nan,240,-0.23860257341284347,0.9433221858979668,0.005233064051961717,0.937366696387265,1.0,correct
UBFC_A4_L3_C050_SEED101/Eval_On_PURE,PURE,old,105,17,window,510,750,17.0,25.0,8.0,68.0,69.0,-1.0,1.0,1.4492753623188406,0.7418508670822992,nan,240,-0.1989836532062141,0.9417999322900973,0.004723066289316365,0.9756936611596161,1.0,correct
UBFC_A4_L3_C050_SEED101/Eval_On_PURE,PURE,old,105,18,window,540,780,18.0,26.0,8.0,68.0,69.0,-1.0,1.0,1.4492753623188406,0.75892528608978,nan,240,-0.1311979051174877,0.9301606244893701,0.0016901432760784891,0.9784151146075194,1.0,correct
UBFC_A4_L3_C050_SEED101/Eval_On_PURE,PURE,old,105,19,window,570,810,19.0,27.0,8.0,68.0,69.0,-1.0,1.0,1.4492753623188406,0.7045544183948748,nan,240,-0.06664481119775269,0.9295300941920095,0.010893183799441158,0.9620017162402045,1.0,correct
UBFC_A4_L3_C050_SEED101/Eval_On_PURE,PURE,old,105,20,window,600,840,20.0,28.0,8.0,67.0,69.0,-2.0,2.0,2.898550724637681,0.7082915391580086,nan,240,-0.006929024635148773,0.9316291212635888,0.018566334179676916,0.9655118897506205,1.0,correct
UBFC_A4_L3_C050_SEED101/Eval_On_PURE,PURE,old,105,21,window,630,870,21.0,29.0,8.0,67.0,68.0,-1.0,1.0,1.4705882352941175,0.7678362752986847,nan,240,0.011087857926740496,0.9333464560083896,0.016292413102622038,0.9594068957185876,1.0,correct
UBFC_A4_L3_C050_SEED101/Eval_On_PURE,PURE,old,105,22,window,660,900,22.0,30.0,8.0,67.0,67.0,0.0,0.0,0.0,0.8211081936130281,nan,240,0.014984655286204998,0.9360363998889435,-0.0054852213379194435,0.9859109207628974,1.0,correct
UBFC_A4_L3_C050_SEED101/Eval_On_PURE,PURE,old,105,23,window,690,930,23.0,31.0,8.0,67.0,67.0,0.0,0.0,0.0,0.7748305191847958,nan,240,0.03493407525560566,0.9479351118395363,-0.005352122766080473,0.912177056702029,1.0,correct
UBFC_A4_L3_C050_SEED101/Eval_On_PURE,PURE,old,105,24,window,720,960,24.0,32.0,8.0,67.0,68.0,-1.0,1.0,1.4705882352941175,0.7729234294960737,nan,240,0.027895477094435964,0.9540655675172085,-0.0033653664474334118,0.9220726749620411,1.0,correct
UBFC_A4_L3_C050_SEED101/Eval_On_PURE,PURE,old,105,25,window,750,990,25.0,33.0,8.0,68.0,68.0,0.0,0.0,0.0,0.8019114422409874,nan,240,0.025006441526859487,0.9479075329885137,0.00170250368833705,0.9439493609585681,1.0,correct
UBFC_A4_L3_C050_SEED101/Eval_On_PURE,PURE,old,105,26,window,780,1020,26.0,34.0,8.0,67.0,68.0,-1.0,1.0,1.4705882352941175,0.7559956970775535,nan,240,0.04892041821065549,0.9592158166192556,0.0033341873807891296,0.9208021278115343,1.0,correct
UBFC_A4_L3_C050_SEED101/Eval_On_PURE,PURE,old,105,27,window,810,1050,27.0,35.0,8.0,67.0,69.0,-2.0,2.0,2.898550724637681,0.6897229026633437,nan,240,0.09502723320691121,0.9872965031390037,0.006269354427211004,0.9607551417108705,1.0,correct
UBFC_A4_L3_C050_SEED101/Eval_On_PURE,PURE,old,105,28,window,840,1080,28.0,36.0,8.0,68.0,71.0,-3.0,3.0,4.225352112676056,0.6832793438291584,nan,240,0.13581760353475836,1.0086098834026676,0.013748052982435484,0.9735241444027293,1.0,correct
UBFC_A4_L3_C050_SEED101/Eval_On_PURE,PURE,old,105,29,window,870,1110,29.0,37.0,8.0,69.0,71.0,-2.0,2.0,2.8169014084507045,0.6838193596472322,nan,240,0.17434805979643567,0.9972379698012935,0.011848279692590724,0.9705468442723304,1.0,correct
UBFC_A4_L3_C050_SEED101/Eval_On_PURE,PURE,old,105,30,window,900,1140,30.0,38.0,8.0,71.0,72.0,-1.0,1.0,1.3888888888888888,0.7639663128804522,nan,240,0.23438031046241106,0.9916974989531302,0.016950482374179,0.962113602058697,1.0,correct
UBFC_A4_L3_C050_SEED101/Eval_On_PURE,PURE,old,105,31,window,930,1170,31.0,39.0,8.0,71.0,72.0,-1.0,1.0,1.3888888888888888,0.7564144311925547,nan,240,0.24362400613295002,0.9806490462392953,0.009990603437848307,0.9675582087716539,1.0,correct
UBFC_A4_L3_C050_SEED101/Eval_On_PURE,PURE,old,105,32,window,960,1200,32.0,40.0,8.0,72.0,71.0,1.0,1.0,1.4084507042253522,0.6774563689548871,nan,240,0.18525147899227135,0.9857737539374337,0.001511112267702963,0.9599757919978175,1.0,correct
UBFC_A4_L3_C050_SEED101/Eval_On_PURE,PURE,old,105,33,window,990,1230,33.0,41.0,8.0,69.0,70.0,-1.0,1.0,1.4285714285714286,0.6209987506394505,nan,240,0.08291607329901902,1.0195284111300258,-0.008537813904342917,0.9576043486294111,1.0,correct
UBFC_A4_L3_C050_SEED101/Eval_On_PURE,PURE,old,105,34,window,1020,1260,34.0,42.0,8.0,68.0,69.0,-1.0,1.0,1.4492753623188406,0.6139611097399846,nan,240,-0.029640843774703964,1.03901241369533,0.01912160835362747,0.96568636835506,1.0,correct
UBFC_A4_L3_C050_SEED101/Eval_On_PURE,PURE,old,105,35,window,1050,1290,35.0,43.0,8.0,68.0,69.0,-1.0,1.0,1.4492753623188406,0.5452892458620372,nan,240,-0.11784449036917516,1.0042037702562192,0.003836294188434615,0.9947282015624308,1.0,correct
UBFC_A4_L3_C050_SEED101/Eval_On_PURE,PURE,old,105,36,window,1080,1320,36.0,44.0,8.0,68.0,69.0,-1.0,1.0,1.4492753623188406,0.562350485924687,nan,240,-0.22274866082130104,0.9303114214320661,0.0032335924540849844,0.9560569826708445,1.0,correct
UBFC_A4_L3_C050_SEED101/Eval_On_PURE,PURE,old,105,37,window,1110,1350,37.0,45.0,8.0,68.0,69.0,-1.0,1.0,1.4492753623188406,0.640539872169631,nan,240,-0.2744789947161805,0.9056448339866974,-0.0024236651216297737,0.9663604534972438,1.0,correct
UBFC_A4_L3_C050_SEED101/Eval_On_PURE,PURE,old,105,38,window,1140,1380,38.0,46.0,8.0,69.0,70.0,-1.0,1.0,1.4285714285714286,0.547307603410222,nan,240,-0.29052019721011746,0.890735650564515,-0.0026712275603224976,0.9806400287598767,1.0,correct
UBFC_A4_L3_C050_SEED101/Eval_On_PURE,PURE,old,105,39,window,1170,1410,39.0,47.0,8.0,69.0,70.0,-1.0,1.0,1.4285714285714286,0.5582389950068409,nan,240,-0.2903303695041662,0.8824174087513224,-0.006295756141625785,0.9566689229955108,1.0,correct
UBFC_A4_L3_C050_SEED101/Eval_On_PURE,PURE,old,105,40,window,1200,1440,40.0,48.0,8.0,69.0,71.0,-2.0,2.0,2.8169014084507045,0.4251459729916568,nan,240,-0.2042630459427115,0.905304308365098,-0.006976067625643445,0.956012824521028,1.0,correct
UBFC_A4_L3_C050_SEED101/Eval_On_PURE,PURE,old,105,41,window,1230,1470,41.0,49.0,8.0,70.0,72.0,-2.0,2.0,2.7777777777777777,0.4875529855551451,nan,240,-0.06841315271522112,0.9184977664257461,0.028806418097092334,0.9698281922422944,1.0,correct
UBFC_A4_L3_C050_SEED101/Eval_On_PURE,PURE,old,105,42,window,1260,1500,42.0,50.0,8.0,71.0,71.0,0.0,0.0,0.0,0.4569111034559827,nan,240,0.06766844197688562,0.9143165594160657,0.03252226908433872,0.9669072851903984,1.0,correct
UBFC_A4_L3_C050_SEED101/Eval_On_PURE,PURE,old,105,43,window,1290,1530,43.0,51.0,8.0,71.0,71.0,0.0,0.0,0.0,0.5520512782826614,nan,240,0.12250453986298071,0.9043286080276508,0.010856510222394934,0.9685691357574774,1.0,correct
UBFC_A4_L3_C050_SEED101/Eval_On_PURE,PURE,old,105,44,window,1320,1560,44.0,52.0,8.0,71.0,71.0,0.0,0.0,0.0,0.4587652555397634,nan,240,0.15232880724717202,0.9054515383458086,9.371501206775953e-05,0.9584145677130399,1.0,correct
UBFC_A4_L3_C050_SEED101/Eval_On_PURE,PURE,old,105,45,window,1350,1590,45.0,53.0,8.0,70.0,70.0,0.0,0.0,0.0,0.507678690054102,nan,240,0.17813623916372373,0.9190034786791906,-0.007609303817420744,0.9421715147126966,1.0,correct
UBFC_A4_L3_C050_SEED101/Eval_On_PURE,PURE,old,105,46,window,1380,1620,46.0,54.0,8.0,69.0,69.0,0.0,0.0,0.0,0.6152791078545695,nan,240,0.1981483428809444,0.9382266552047447,-0.006773162625817441,0.9568222000626548,1.0,correct
UBFC_A4_L3_C050_SEED101/Eval_On_PURE,PURE,old,105,47,window,1410,1650,47.0,55.0,8.0,68.0,68.0,0.0,0.0,0.0,0.6019843591840816,nan,240,0.22189457074972305,0.9584982394812179,-0.00021985569456445624,0.9844578011561186,1.0,correct
UBFC_A4_L3_C050_SEED101/Eval_On_PURE,PURE,old,105,48,window,1440,1680,48.0,56.0,8.0,68.0,68.0,0.0,0.0,0.0,0.6067806761182707,nan,240,0.17413513807812836,0.9484985144884587,-0.005908229800883872,0.9447017068687916,1.0,correct
UBFC_A4_L3_C050_SEED101/Eval_On_PURE,PURE,old,105,49,window,1470,1710,49.0,57.0,8.0,68.0,69.0,-1.0,1.0,1.4492753623188406,0.6548925490752551,nan,240,0.1382234413053684,0.9430029416990944,-0.005106398941725539,0.9571931341307649,1.0,correct
UBFC_A4_L3_C050_SEED101/Eval_On_PURE,PURE,old,105,50,window,1500,1740,50.0,58.0,8.0,70.0,70.0,0.0,0.0,0.0,0.7125030787375949,nan,240,0.08536200836580479,0.9319659035359649,-0.008556739975972704,0.9446142599797361,1.0,correct
UBFC_A4_L3_C050_SEED101/Eval_On_PURE,PURE,old,105,51,window,1530,1770,51.0,59.0,8.0,71.0,70.0,1.0,1.0,1.4285714285714286,0.7196896456870526,nan,240,0.03524901667684355,0.924158700997085,-0.005010444163518794,0.9446256052775258,1.0,correct
UBFC_A4_L3_C050_SEED101/Eval_On_PURE,PURE,old,105,52,window,1560,1800,52.0,60.0,8.0,71.0,71.0,0.0,0.0,0.0,0.7186023491061383,nan,240,0.030475915749666526,0.9391251084962542,0.0023831107028634817,0.9570524222633523,1.0,correct
UBFC_A4_L3_C050_SEED101/Eval_On_PURE,PURE,old,105,53,window,1590,1830,53.0,61.0,8.0,72.0,72.0,0.0,0.0,0.0,0.684763015896654,nan,240,-0.009553621072241721,0.9223124335704683,0.03521958217692832,0.918858345056274,1.0,correct
UBFC_A4_L3_C050_SEED101/Eval_On_PURE,PURE,old,105,54,window,1620,1860,54.0,62.0,8.0,73.0,72.0,1.0,1.0,1.3888888888888888,0.6024867990904231,nan,240,-0.11032370953246341,0.9090887692238676,0.011572746295341637,0.9642476434527529,1.0,correct
UBFC_A4_L3_C050_SEED101/Eval_On_PURE,PURE,old,105,55,window,1650,1890,55.0,63.0,8.0,73.0,71.0,2.0,2.0,2.8169014084507045,0.6568496423031626,nan,240,-0.28858283797585205,0.9142066965591024,0.008481214569151433,0.9594488663377656,1.0,correct
UBFC_A4_L3_C050_SEED101/Eval_On_PURE,PURE,old,105,56,window,1680,1920,56.0,64.0,8.0,71.0,71.0,0.0,0.0,0.0,0.6350391900152966,nan,240,-0.31001763436628427,0.9093946388107133,-0.00144983856632247,0.9574619874136397,1.0,correct
UBFC_A4_L3_C050_SEED101/Eval_On_PURE,PURE,old,106,0,window,0,240,0.0,8.0,8.0,72.0,70.0,2.0,2.0,2.857142857142857,0.4633271426546225,nan,240,-0.27454407170226997,1.0303033009531024,0.014021864185325883,0.9111706039725319,1.0,correct
UBFC_A4_L3_C050_SEED101/Eval_On_PURE,PURE,old,106,1,window,30,270,1.0,9.0,8.0,72.0,71.0,1.0,1.0,1.4084507042253522,0.49735577909592604,nan,240,-0.24085051675501074,1.0337065324807875,-0.021608728337148678,0.9473854006128379,1.0,correct
UBFC_A4_L3_C050_SEED101/Eval_On_PURE,PURE,old,106,2,window,60,300,2.0,10.0,8.0,71.0,71.0,0.0,0.0,0.0,0.6007337378299484,nan,240,-0.2475171809871471,0.9638600433941796,0.009778425882801364,0.945847461792659,1.0,correct
UBFC_A4_L3_C050_SEED101/Eval_On_PURE,PURE,old,106,3,window,90,330,3.0,11.0,8.0,72.0,71.0,1.0,1.0,1.4084507042253522,0.572461876127744,nan,240,-0.15452540208036117,0.9396418691481606,0.023950396907472197,0.9633978393155126,1.0,correct
UBFC_A4_L3_C050_SEED101/Eval_On_PURE,PURE,old,106,4,window,120,360,4.0,12.0,8.0,71.0,70.0,1.0,1.0,1.4285714285714286,0.6289902838947943,nan,240,-0.09418590865981548,0.9119075509038326,0.012001664565445557,0.9528244428939125,1.0,correct
UBFC_A4_L3_C050_SEED101/Eval_On_PURE,PURE,old,106,5,window,150,390,5.0,13.0,8.0,69.0,69.0,0.0,0.0,0.0,0.6893421311258171,nan,240,-0.022623027524957394,0.9010574576954452,-0.0002861968468396666,0.9545019917085624,1.0,correct
UBFC_A4_L3_C050_SEED101/Eval_On_PURE,PURE,old,106,6,window,180,420,6.0,14.0,8.0,68.0,69.0,-1.0,1.0,1.4492753623188406,0.7104435312886673,nan,240,0.011839783615904783,0.8883731269344451,0.0010075794463211421,0.9540377485790624,1.0,correct
UBFC_A4_L3_C050_SEED101/Eval_On_PURE,PURE,old,106,7,window,210,450,7.0,15.0,8.0,67.0,68.0,-1.0,1.0,1.4705882352941175,0.7258754229631266,nan,240,-0.009554360618171654,0.8888954192276461,0.027225015018659277,0.9596139324649429,1.0,correct
UBFC_A4_L3_C050_SEED101/Eval_On_PURE,PURE,old,106,8,window,240,480,8.0,16.0,8.0,67.0,67.0,0.0,0.0,0.0,0.7728873278845692,nan,240,-0.02333213336458598,0.8856920853459802,0.017330709715384966,0.9713333643353633,1.0,correct
UBFC_A4_L3_C050_SEED101/Eval_On_PURE,PURE,old,106,9,window,270,510,9.0,17.0,8.0,68.0,68.0,0.0,0.0,0.0,0.6969309365338986,nan,240,-0.013762212047297152,0.8954050190478556,-0.0041239412688515685,0.9514962435150228,1.0,correct
UBFC_A4_L3_C050_SEED101/Eval_On_PURE,PURE,old,106,10,window,300,540,10.0,18.0,8.0,67.0,68.0,-1.0,1.0,1.4705882352941175,0.8328591739292183,nan,240,-0.030721938518944888,0.8889532602740261,-0.004954020480513377,0.942635242392671,1.0,correct
UBFC_A4_L3_C050_SEED101/Eval_On_PURE,PURE,old,106,11,window,330,570,11.0,19.0,8.0,68.0,68.0,0.0,0.0,0.0,0.8434875086053663,nan,240,-0.05131875639423045,0.8773994428811989,0.0009859790763675712,0.9524835949940341,1.0,correct
UBFC_A4_L3_C050_SEED101/Eval_On_PURE,PURE,old,106,12,window,360,600,12.0,20.0,8.0,68.0,68.0,0.0,0.0,0.0,0.7861373550825592,nan,240,-0.05254716028983605,0.8899020761104662,-0.004439090977696325,0.9666209951307714,1.0,correct
UBFC_A4_L3_C050_SEED101/Eval_On_PURE,PURE,old,106,13,window,390,630,13.0,21.0,8.0,68.0,69.0,-1.0,1.0,1.4492753623188406,0.7385550432149229,nan,240,-0.024121439676180842,0.9072477475261249,-0.003703525520688226,0.946101168636247,1.0,correct
UBFC_A4_L3_C050_SEED101/Eval_On_PURE,PURE,old,106,14,window,420,660,14.0,22.0,8.0,69.0,69.0,0.0,0.0,0.0,0.7201709858314251,nan,240,0.025206528943495097,0.9210882866626051,0.001616790161936621,0.9381992863277462,1.0,correct
UBFC_A4_L3_C050_SEED101/Eval_On_PURE,PURE,old,106,15,window,450,690,15.0,23.0,8.0,69.0,70.0,-1.0,1.0,1.4285714285714286,0.7114292480357564,nan,240,0.14303505734347874,0.9458437305072032,0.011648616371786292,0.9497019304003276,1.0,correct
UBFC_A4_L3_C050_SEED101/Eval_On_PURE,PURE,old,106,16,window,480,720,16.0,24.0,8.0,70.0,70.0,0.0,0.0,0.0,0.7479634257845937,nan,240,0.21819025128512645,0.9585250787204097,0.025471754369382107,0.9355788529522888,1.0,correct
UBFC_A4_L3_C050_SEED101/Eval_On_PURE,PURE,old,106,17,window,510,750,17.0,25.0,8.0,70.0,70.0,0.0,0.0,0.0,0.7726364688246695,nan,240,0.18052276295197398,0.9519920907995122,0.019206728378705525,0.8961427998274917,1.0,correct
UBFC_A4_L3_C050_SEED101/Eval_On_PURE,PURE,old,106,18,window,540,780,18.0,26.0,8.0,69.0,70.0,-1.0,1.0,1.4285714285714286,0.7796481321369201,nan,240,0.1331296307184669,0.9542760686551714,0.01110243677291038,0.9596527994056204,1.0,correct
UBFC_A4_L3_C050_SEED101/Eval_On_PURE,PURE,old,106,19,window,570,810,19.0,27.0,8.0,68.0,69.0,-1.0,1.0,1.4492753623188406,0.7486924546396773,nan,240,0.09859731250190114,0.9802026840613336,0.002476782065091408,0.9379295595862027,1.0,correct
UBFC_A4_L3_C050_SEED101/Eval_On_PURE,PURE,old,106,20,window,600,840,20.0,28.0,8.0,67.0,68.0,-1.0,1.0,1.4705882352941175,0.6933626806098359,nan,240,0.06360584658333328,0.9872117886837596,0.009377226867454869,0.9450112336917522,1.0,correct
UBFC_A4_L3_C050_SEED101/Eval_On_PURE,PURE,old,106,21,window,630,870,21.0,29.0,8.0,67.0,68.0,-1.0,1.0,1.4705882352941175,0.7450398007657936,nan,240,0.011685397707370966,0.9769883247843668,0.028623380813576373,0.95802130831205,1.0,correct
UBFC_A4_L3_C050_SEED101/Eval_On_PURE,PURE,old,106,22,window,660,900,22.0,30.0,8.0,67.0,68.0,-1.0,1.0,1.4705882352941175,0.6581273982289314,nan,240,-0.020387439368917477,0.9661469992402006,-0.003754109252159088,0.9834799298104534,1.0,correct
UBFC_A4_L3_C050_SEED101/Eval_On_PURE,PURE,old,106,23,window,690,930,23.0,31.0,8.0,67.0,69.0,-2.0,2.0,2.898550724637681,0.6165981179179754,nan,240,-0.09640545672146197,0.9220604967944879,-0.003398211446556487,0.959274101683963,1.0,correct
UBFC_A4_L3_C050_SEED101/Eval_On_PURE,PURE,old,106,24,window,720,960,24.0,32.0,8.0,69.0,70.0,-1.0,1.0,1.4285714285714286,0.7276593365749021,nan,240,-0.14989850318521564,0.8895648343023262,0.00820067730289663,0.9128387698471196,1.0,correct
UBFC_A4_L3_C050_SEED101/Eval_On_PURE,PURE,old,106,25,window,750,990,25.0,33.0,8.0,69.0,70.0,-1.0,1.0,1.4285714285714286,0.7675426552396099,nan,240,-0.16019958547192376,0.8818691677272125,0.0010689264695510866,0.9347212534996397,1.0,correct
UBFC_A4_L3_C050_SEED101/Eval_On_PURE,PURE,old,106,26,window,780,1020,26.0,34.0,8.0,70.0,69.0,1.0,1.0,1.4492753623188406,0.7009743167909144,nan,240,-0.1513401066687959,0.8897795880699734,0.00520654998311817,0.9303818728493769,1.0,correct
UBFC_A4_L3_C050_SEED101/Eval_On_PURE,PURE,old,106,27,window,810,1050,27.0,35.0,8.0,68.0,69.0,-1.0,1.0,1.4492753623188406,0.6142172625533672,nan,240,-0.13728764730589954,0.880623014383512,-0.0004694958622785979,0.943519722630812,1.0,correct
UBFC_A4_L3_C050_SEED101/Eval_On_PURE,PURE,old,106,28,window,840,1080,28.0,36.0,8.0,68.0,69.0,-1.0,1.0,1.4492753623188406,0.7074057690623459,nan,240,-0.10510319790612571,0.8739119573622077,0.02013194733771005,0.9496587319071497,1.0,correct
UBFC_A4_L3_C050_SEED101/Eval_On_PURE,PURE,old,106,29,window,870,1110,29.0,37.0,8.0,68.0,68.0,0.0,0.0,0.0,0.679099938624963,nan,240,-0.03565025752122899,0.9109208459058352,0.010924865530834738,0.9548573040078991,1.0,correct
UBFC_A4_L3_C050_SEED101/Eval_On_PURE,PURE,old,106,30,window,900,1140,30.0,38.0,8.0,68.0,68.0,0.0,0.0,0.0,0.6989932645827414,nan,240,-0.03545176135311445,0.9055089413743921,0.010495479458465122,0.9365415603339321,1.0,correct
UBFC_A4_L3_C050_SEED101/Eval_On_PURE,PURE,old,106,31,window,930,1170,31.0,39.0,8.0,68.0,69.0,-1.0,1.0,1.4492753623188406,0.804033365293381,nan,240,-0.05671557982024614,0.8966360909042705,0.00585785888051121,0.9312070802729947,1.0,correct
UBFC_A4_L3_C050_SEED101/Eval_On_PURE,PURE,old,106,32,window,960,1200,32.0,40.0,8.0,69.0,69.0,0.0,0.0,0.0,0.7652348748556445,nan,240,-0.0700007880013394,0.8950122114425096,-0.009405524461828333,0.9027027830692652,1.0,correct
UBFC_A4_L3_C050_SEED101/Eval_On_PURE,PURE,old,106,33,window,990,1230,33.0,41.0,8.0,69.0,70.0,-1.0,1.0,1.4285714285714286,0.6742023002862757,nan,240,-0.05203120392019138,0.9044003916768926,-0.007978250657151185,0.9069655902714342,1.0,correct
UBFC_A4_L3_C050_SEED101/Eval_On_PURE,PURE,old,106,34,window,1020,1260,34.0,42.0,8.0,68.0,69.0,-1.0,1.0,1.4492753623188406,0.7502315671493837,nan,240,-0.016974240949517907,0.917364800985594,0.003698761767285281,0.9308674705121411,1.0,correct
UBFC_A4_L3_C050_SEED101/Eval_On_PURE,PURE,old,106,35,window,1050,1290,35.0,43.0,8.0,68.0,69.0,-1.0,1.0,1.4492753623188406,0.7439284785054213,nan,240,0.02527002098380225,0.9276419102087093,0.010024176229871944,0.9831273967385723,1.0,correct
UBFC_A4_L3_C050_SEED101/Eval_On_PURE,PURE,old,106,36,window,1080,1320,36.0,44.0,8.0,69.0,69.0,0.0,0.0,0.0,0.6876615828732203,nan,240,0.12308853162838093,0.998825761963208,0.007773138943305676,0.9469387891544048,1.0,correct
UBFC_A4_L3_C050_SEED101/Eval_On_PURE,PURE,old,106,37,window,1110,1350,37.0,45.0,8.0,70.0,69.0,1.0,1.0,1.4492753623188406,0.7006659192830417,nan,240,0.18282451649738715,1.0251432335428192,0.0010531092734682584,0.9324543538425737,1.0,correct
UBFC_A4_L3_C050_SEED101/Eval_On_PURE,PURE,old,106,38,window,1140,1380,38.0,46.0,8.0,69.0,69.0,0.0,0.0,0.0,0.7421724306887362,nan,240,0.2401939191061422,1.0241046254953794,-0.004167063928717448,0.950291647286181,1.0,correct
UBFC_A4_L3_C050_SEED101/Eval_On_PURE,PURE,old,106,39,window,1170,1410,39.0,47.0,8.0,69.0,70.0,-1.0,1.0,1.4285714285714286,0.7483985743029191,nan,240,0.2790229776082615,1.0356909853496872,-0.0029767549388437695,0.9415428063943857,1.0,correct
UBFC_A4_L3_C050_SEED101/Eval_On_PURE,PURE,old,106,40,window,1200,1440,40.0,48.0,8.0,70.0,71.0,-1.0,1.0,1.4084507042253522,0.7648775701760896,nan,240,0.31414877931737284,1.0628412914299044,0.00297159727856164,0.9297667736189924,1.0,correct
UBFC_A4_L3_C050_SEED101/Eval_On_PURE,PURE,old,106,41,window,1230,1470,41.0,49.0,8.0,69.0,71.0,-2.0,2.0,2.8169014084507045,0.7560141594223896,nan,240,0.31766824336212784,1.088883000010348,0.018616595283313588,0.9621110050394477,1.0,correct
UBFC_A4_L3_C050_SEED101/Eval_On_PURE,PURE,old,106,42,window,1260,1500,42.0,50.0,8.0,69.0,70.0,-1.0,1.0,1.4285714285714286,0.7574702274210038,nan,240,0.3248227937987202,1.1058327036081546,0.01548523757812017,0.9451973215640022,1.0,correct
UBFC_A4_L3_C050_SEED101/Eval_On_PURE,PURE,old,106,43,window,1290,1530,43.0,51.0,8.0,68.0,69.0,-1.0,1.0,1.4492753623188406,0.7685591553182345,nan,240,0.3084913043574692,1.1352353373248572,0.008643468948686617,0.9317587266811823,1.0,correct
UBFC_A4_L3_C050_SEED101/Eval_On_PURE,PURE,old,106,44,window,1320,1560,44.0,52.0,8.0,67.0,68.0,-1.0,1.0,1.4705882352941175,0.7942766038228,nan,240,0.23603351962292943,1.1065946132445241,0.009033258622945987,0.9552094447063189,1.0,correct
UBFC_A4_L3_C050_SEED101/Eval_On_PURE,PURE,old,106,45,window,1350,1590,45.0,53.0,8.0,67.0,67.0,0.0,0.0,0.0,0.8298680623621901,nan,240,0.15542870361122255,1.072578558510502,0.005054025367176562,0.9740739475061723,1.0,correct
UBFC_A4_L3_C050_SEED101/Eval_On_PURE,PURE,old,106,46,window,1380,1620,46.0,54.0,8.0,67.0,67.0,0.0,0.0,0.0,0.8109975164676575,nan,240,0.09109121666319389,1.0745785282209581,0.012852364736618955,0.9676881890682897,1.0,correct
UBFC_A4_L3_C050_SEED101/Eval_On_PURE,PURE,old,106,47,window,1410,1650,47.0,55.0,8.0,68.0,68.0,0.0,0.0,0.0,0.8239919091094844,nan,240,0.09135186819708188,1.0834581106176964,0.014461315953075744,0.9760453015672349,1.0,correct
UBFC_A4_L3_C050_SEED101/Eval_On_PURE,PURE,old,106,48,window,1440,1680,48.0,56.0,8.0,69.0,70.0,-1.0,1.0,1.4285714285714286,0.8075234124440943,nan,240,0.11009471849542972,1.0764851887364117,0.025586213088067168,0.9669964117460631,1.0,correct
UBFC_A4_L3_C050_SEED101/Eval_On_PURE,PURE,old,106,49,window,1470,1710,49.0,57.0,8.0,73.0,71.0,2.0,2.0,2.8169014084507045,0.780421552701058,nan,240,0.07584176525620961,1.0347757317961574,0.020392628676568887,0.9562062702700559,1.0,correct
UBFC_A4_L3_C050_SEED101/Eval_On_PURE,PURE,old,106,50,window,1500,1740,50.0,58.0,8.0,74.0,72.0,2.0,2.0,2.7777777777777777,0.7785023189422279,nan,240,-0.008515764506218316,1.0152453124165322,0.012616944887772513,0.9404224593390742,1.0,correct
UBFC_A4_L3_C050_SEED101/Eval_On_PURE,PURE,old,106,51,window,1530,1770,51.0,59.0,8.0,74.0,73.0,1.0,1.0,1.36986301369863,0.7441995320403029,nan,240,-0.07019460580858931,1.0058720309247582,0.002488188004461733,0.9761427082181598,1.0,correct
UBFC_A4_L3_C050_SEED101/Eval_On_PURE,PURE,old,106,52,window,1560,1800,52.0,60.0,8.0,73.0,73.0,0.0,0.0,0.0,0.7988849900589672,nan,240,-0.16300593365345298,0.9916520603645602,-0.015725436446822807,0.953762923934342,1.0,correct
UBFC_A4_L3_C050_SEED101/Eval_On_PURE,PURE,old,106,53,window,1590,1830,53.0,61.0,8.0,72.0,72.0,0.0,0.0,0.0,0.7945155679124529,nan,240,-0.2172107593059002,0.9717092061341364,-0.011426754305698587,0.9456906042637407,1.0,correct
UBFC_A4_L3_C050_SEED101/Eval_On_PURE,PURE,old,106,54,window,1620,1860,54.0,62.0,8.0,70.0,71.0,-1.0,1.0,1.4084507042253522,0.7291229130225652,nan,240,-0.226453863699929,0.9851933991447538,0.02153137694589756,0.9769737654188813,1.0,correct
UBFC_A4_L3_C050_SEED101/Eval_On_PURE,PURE,old,106,55,window,1650,1890,55.0,63.0,8.0,68.0,70.0,-2.0,2.0,2.857142857142857,0.7372018630349897,nan,240,-0.21626372539943967,0.9800327318754081,0.016136794215354158,0.9231704231177688,1.0,correct
UBFC_A4_L3_C050_SEED101/Eval_On_PURE,PURE,old,106,56,window,1680,1920,56.0,64.0,8.0,68.0,69.0,-1.0,1.0,1.4492753623188406,0.7619497713168586,nan,240,-0.20623933474101275,0.972434932629172,0.008053091413937018,0.9724764909023783,1.0,correct
UBFC_A4_L3_C050_SEED101/Eval_On_PURE,PURE,old,201,0,window,0,240,0.0,8.0,8.0,81.0,81.0,0.0,0.0,0.0,0.5582895811389741,nan,240,-0.2889740874983556,0.7489831074369317,0.012699190264965651,0.9524642218969447,1.0,correct
UBFC_A4_L3_C050_SEED101/Eval_On_PURE,PURE,old,201,1,window,30,270,1.0,9.0,8.0,80.0,80.0,0.0,0.0,0.0,0.619136150857383,nan,240,-0.2807972020398243,0.765246643294982,-0.00044986467105040027,0.929661058929542,1.0,correct
UBFC_A4_L3_C050_SEED101/Eval_On_PURE,PURE,old,201,2,window,60,300,2.0,10.0,8.0,79.0,78.0,1.0,1.0,1.282051282051282,0.6570959745368493,nan,240,-0.18522180503058353,0.7599540201658527,0.008193094260354227,0.9450695205182635,1.0,correct
UBFC_A4_L3_C050_SEED101/Eval_On_PURE,PURE,old,201,3,window,90,330,3.0,11.0,8.0,77.0,77.0,0.0,0.0,0.0,0.7102485447384768,nan,240,-0.13475998002746048,0.7601629068330314,0.006892999483123692,0.9596338640234596,1.0,correct
UBFC_A4_L3_C050_SEED101/Eval_On_PURE,PURE,old,201,4,window,120,360,4.0,12.0,8.0,75.0,76.0,-1.0,1.0,1.3157894736842104,0.6694227775333843,nan,240,-0.10562372471579996,0.7828377556150538,0.02059921003490593,0.9720793737250916,1.0,correct
UBFC_A4_L3_C050_SEED101/Eval_On_PURE,PURE,old,201,5,window,150,390,5.0,13.0,8.0,75.0,74.0,1.0,1.0,1.3513513513513513,0.7048183058753489,nan,240,-0.07738078403399942,0.7884109813016248,-0.019354406893750085,0.9830240487918634,1.0,correct
UBFC_A4_L3_C050_SEED101/Eval_On_PURE,PURE,old,201,6,window,180,420,6.0,14.0,8.0,74.0,73.0,1.0,1.0,1.36986301369863,0.7915976182874207,nan,240,-0.007342747856298626,0.8606897626318054,-0.006826955186586974,0.9518825032102142,1.0,correct
UBFC_A4_L3_C050_SEED101/Eval_On_PURE,PURE,old,201,7,window,210,450,7.0,15.0,8.0,73.0,73.0,0.0,0.0,0.0,0.8370132763051072,nan,240,0.06595519652144993,0.8775780601340574,0.014469830235588798,0.9567396791983969,1.0,correct
UBFC_A4_L3_C050_SEED101/Eval_On_PURE,PURE,old,201,8,window,240,480,8.0,16.0,8.0,73.0,72.0,1.0,1.0,1.3888888888888888,0.8313257485467372,nan,240,0.11607172485417899,0.8738396151888698,0.0025848139649024124,0.955546218233289,1.0,correct
UBFC_A4_L3_C050_SEED101/Eval_On_PURE,PURE,old,201,9,window,270,510,9.0,17.0,8.0,73.0,72.0,1.0,1.0,1.3888888888888888,0.801762014844598,nan,240,0.061133466716878644,0.8967754804738365,0.008373496090742375,0.9379265966231232,1.0,correct
UBFC_A4_L3_C050_SEED101/Eval_On_PURE,PURE,old,201,10,window,300,540,10.0,18.0,8.0,72.0,72.0,0.0,0.0,0.0,0.838333394806468,nan,240,0.007112581572538223,0.9161463738829908,-0.026200845272222342,0.9493814345867261,1.0,correct
UBFC_A4_L3_C050_SEED101/Eval_On_PURE,PURE,old,201,11,window,330,570,11.0,19.0,8.0,72.0,72.0,0.0,0.0,0.0,0.8342017326354421,nan,240,0.0194115323087658,0.9315928254964043,-0.008585474811766063,0.9195136526213219,1.0,correct
UBFC_A4_L3_C050_SEED101/Eval_On_PURE,PURE,old,201,12,window,360,600,12.0,20.0,8.0,72.0,72.0,0.0,0.0,0.0,0.7813053968482009,nan,240,0.05913248138593117,0.9288788366515249,0.03516376301145115,0.9655202323889825,1.0,correct
UBFC_A4_L3_C050_SEED101/Eval_On_PURE,PURE,old,201,13,window,390,630,13.0,21.0,8.0,72.0,72.0,0.0,0.0,0.0,0.7616926832273562,nan,240,0.08003702972314372,0.9199545917203047,-0.001743069067595219,0.9597218681266367,1.0,correct
UBFC_A4_L3_C050_SEED101/Eval_On_PURE,PURE,old,201,14,window,420,660,14.0,22.0,8.0,72.0,72.0,0.0,0.0,0.0,0.7853316197521271,nan,240,-0.013012830759691256,0.8771656059073429,0.0005662772482496137,0.9567574359047892,1.0,correct
UBFC_A4_L3_C050_SEED101/Eval_On_PURE,PURE,old,201,15,window,450,690,15.0,23.0,8.0,70.0,71.0,-1.0,1.0,1.4084507042253522,0.748933092899026,nan,240,-0.0554649956477979,0.8809850988697322,-0.0011592457089329563,0.9545613154684812,1.0,correct
UBFC_A4_L3_C050_SEED101/Eval_On_PURE,PURE,old,201,16,window,480,720,16.0,24.0,8.0,70.0,70.0,0.0,0.0,0.0,0.7771697290398962,nan,240,-0.02641846619851845,0.9046351678986444,-0.011683003545052391,0.960706171935337,1.0,correct
UBFC_A4_L3_C050_SEED101/Eval_On_PURE,PURE,old,201,17,window,510,750,17.0,25.0,8.0,68.0,69.0,-1.0,1.0,1.4492753623188406,0.60499067969006,nan,240,0.03490787894092021,0.9401425932596104,0.015142958689526228,0.9829768857307816,1.0,correct
UBFC_A4_L3_C050_SEED101/Eval_On_PURE,PURE,old,201,18,window,540,780,18.0,26.0,8.0,68.0,68.0,0.0,0.0,0.0,0.6216055529529471,nan,240,0.09127110209265087,0.9790917043184066,-0.0033878080489762857,0.9680379378100663,1.0,correct
UBFC_A4_L3_C050_SEED101/Eval_On_PURE,PURE,old,201,19,window,570,810,19.0,27.0,8.0,67.0,67.0,0.0,0.0,0.0,0.7249403467727861,nan,240,0.10878085763669827,1.0066517332146272,-0.0013029309512992044,0.9499395520912886,1.0,correct
UBFC_A4_L3_C050_SEED101/Eval_On_PURE,PURE,old,201,20,window,600,840,20.0,28.0,8.0,67.0,66.0,1.0,1.0,1.5151515151515151,0.7878321340522563,nan,240,0.10224132126684865,1.043495281310872,0.007002540777230193,0.9711807003995975,1.0,correct
UBFC_A4_L3_C050_SEED101/Eval_On_PURE,PURE,old,201,21,window,630,870,21.0,29.0,8.0,67.0,66.0,1.0,1.0,1.5151515151515151,0.7994882247372129,nan,240,0.095205433258289,1.0822402142064966,5.5628324067535925e-05,0.9548816884558569,1.0,correct
UBFC_A4_L3_C050_SEED101/Eval_On_PURE,PURE,old,201,22,window,660,900,22.0,30.0,8.0,67.0,66.0,1.0,1.0,1.5151515151515151,0.8140261432658686,nan,240,0.10548722828837145,1.111643282882628,0.010309111533382681,0.968089209084742,1.0,correct
UBFC_A4_L3_C050_SEED101/Eval_On_PURE,PURE,old,201,23,window,690,930,23.0,31.0,8.0,67.0,67.0,0.0,0.0,0.0,0.7371010888882942,nan,240,0.12347815109441868,1.1492740039633025,0.022154665963626034,0.9627248966200642,1.0,correct
UBFC_A4_L3_C050_SEED101/Eval_On_PURE,PURE,old,201,24,window,720,960,24.0,32.0,8.0,68.0,68.0,0.0,0.0,0.0,0.8155651152340256,nan,240,0.15654084958381526,1.1837623065497416,0.020077558920627955,0.988218822294184,1.0,correct
UBFC_A4_L3_C050_SEED101/Eval_On_PURE,PURE,old,201,25,window,750,990,25.0,33.0,8.0,69.0,69.0,0.0,0.0,0.0,0.8159307230783247,nan,240,0.186642989014031,1.2019001640216387,0.02477633061762339,0.9621316713684267,1.0,correct
UBFC_A4_L3_C050_SEED101/Eval_On_PURE,PURE,old,201,26,window,780,1020,26.0,34.0,8.0,71.0,70.0,1.0,1.0,1.4285714285714286,0.8763078752317891,nan,240,0.1783765748928161,1.1840920592425455,0.01851414635797178,0.9757369607882826,1.0,correct
UBFC_A4_L3_C050_SEED101/Eval_On_PURE,PURE,old,201,27,window,810,1050,27.0,35.0,8.0,72.0,71.0,1.0,1.0,1.4084507042253522,0.8987239881454209,nan,240,0.15912101042643942,1.1836982681148034,-0.004759283604761706,0.9642669688894326,1.0,correct
UBFC_A4_L3_C050_SEED101/Eval_On_PURE,PURE,old,201,28,window,840,1080,28.0,36.0,8.0,74.0,72.0,2.0,2.0,2.7777777777777777,0.8397297861118465,nan,240,0.12372543951513466,1.194553133161467,0.0024788371293652817,0.9556174816875569,1.0,correct
UBFC_A4_L3_C050_SEED101/Eval_On_PURE,PURE,old,201,29,window,870,1110,29.0,37.0,8.0,72.0,71.0,1.0,1.0,1.4084507042253522,0.8910480165156256,nan,240,0.08139691883738664,1.2107569925462622,-0.01571273314343851,0.9644236152120018,1.0,correct
UBFC_A4_L3_C050_SEED101/Eval_On_PURE,PURE,old,201,30,window,900,1140,30.0,38.0,8.0,69.0,70.0,-1.0,1.0,1.4285714285714286,0.8590915943238702,nan,240,0.05386764386098619,1.2368002185913094,0.004641904097878813,0.9685604544261844,1.0,correct
UBFC_A4_L3_C050_SEED101/Eval_On_PURE,PURE,old,201,31,window,930,1170,31.0,39.0,8.0,68.0,69.0,-1.0,1.0,1.4492753623188406,0.831146447304192,nan,240,0.03220604588491414,1.235274782248931,0.008439598861304706,0.9992271899157231,1.0,correct
UBFC_A4_L3_C050_SEED101/Eval_On_PURE,PURE,old,201,32,window,960,1200,32.0,40.0,8.0,67.0,68.0,-1.0,1.0,1.4705882352941175,0.8663071029547242,nan,240,0.029537342378093547,1.235634441812972,-0.003375611555821724,0.9429033363774075,1.0,correct
UBFC_A4_L3_C050_SEED101/Eval_On_PURE,PURE,old,201,33,window,990,1230,33.0,41.0,8.0,67.0,67.0,0.0,0.0,0.0,0.9253423132293935,nan,240,0.016734349214951188,1.2142409551084756,0.0030458528621650624,0.9541826058053247,1.0,correct
UBFC_A4_L3_C050_SEED101/Eval_On_PURE,PURE,old,201,34,window,1020,1260,34.0,42.0,8.0,67.0,67.0,0.0,0.0,0.0,0.9085359901081284,nan,240,0.017359669455853335,1.2181359859568572,0.005603120464056702,0.9602677697298774,1.0,correct
UBFC_A4_L3_C050_SEED101/Eval_On_PURE,PURE,old,201,35,window,1050,1290,35.0,43.0,8.0,67.0,68.0,-1.0,1.0,1.4705882352941175,0.9092332935488946,nan,240,0.0027160143158652932,1.2213845796072165,0.002883469941329575,0.9387034254428858,1.0,correct
UBFC_A4_L3_C050_SEED101/Eval_On_PURE,PURE,old,201,36,window,1080,1320,36.0,44.0,8.0,67.0,68.0,-1.0,1.0,1.4705882352941175,0.8430971007403344,nan,240,0.008739084677855846,1.195989797081366,0.0138887834198184,0.9471662181487007,1.0,correct
UBFC_A4_L3_C050_SEED101/Eval_On_PURE,PURE,old,201,37,window,1110,1350,37.0,45.0,8.0,68.0,69.0,-1.0,1.0,1.4492753623188406,0.8412280958219828,nan,240,0.037752287378250565,1.1708490202946034,0.024759336540964162,0.9676454194097411,1.0,correct
UBFC_A4_L3_C050_SEED101/Eval_On_PURE,PURE,old,201,38,window,1140,1380,38.0,46.0,8.0,68.0,69.0,-1.0,1.0,1.4492753623188406,0.8438713799586469,nan,240,0.0976402579238261,1.1466213980174804,0.008821434334927814,0.9804472363820113,1.0,correct
UBFC_A4_L3_C050_SEED101/Eval_On_PURE,PURE,old,201,39,window,1170,1410,39.0,47.0,8.0,68.0,69.0,-1.0,1.0,1.4492753623188406,0.8786520680981292,nan,240,0.11491258503203351,1.1389743660142695,0.0017727020714446281,0.9611098784893284,1.0,correct
UBFC_A4_L3_C050_SEED101/Eval_On_PURE,PURE,old,201,40,window,1200,1440,40.0,48.0,8.0,68.0,68.0,0.0,0.0,0.0,0.9222509307962049,nan,240,0.06095046539756051,1.1142228936899998,0.007238606000581418,0.9540670268273521,1.0,correct
UBFC_A4_L3_C050_SEED101/Eval_On_PURE,PURE,old,201,41,window,1230,1470,41.0,49.0,8.0,68.0,68.0,0.0,0.0,0.0,0.9338644658649349,nan,240,0.04428689375566144,1.0933304109888795,0.002737891687408086,0.977244289816635,1.0,correct
UBFC_A4_L3_C050_SEED101/Eval_On_PURE,PURE,old,201,42,window,1260,1500,42.0,50.0,8.0,67.0,68.0,-1.0,1.0,1.4705882352941175,0.9375576994833528,nan,240,0.040908271337693876,1.08885764548383,-0.006283261563306512,0.9513859681011555,1.0,correct
UBFC_A4_L3_C050_SEED101/Eval_On_PURE,PURE,old,201,43,window,1290,1530,43.0,51.0,8.0,67.0,68.0,-1.0,1.0,1.4705882352941175,0.9140936954589219,nan,240,0.033190269575339854,1.0791068009931666,-0.0008411392799247612,0.9446650284903136,1.0,correct
UBFC_A4_L3_C050_SEED101/Eval_On_PURE,PURE,old,201,44,window,1320,1560,44.0,52.0,8.0,67.0,68.0,-1.0,1.0,1.4705882352941175,0.9088230530954415,nan,240,0.009945158028014637,1.081781415652787,0.02510586844200313,0.9687098650815192,1.0,correct
UBFC_A4_L3_C050_SEED101/Eval_On_PURE,PURE,old,201,45,window,1350,1590,45.0,53.0,8.0,68.0,69.0,-1.0,1.0,1.4492753623188406,0.8499179112185266,nan,240,0.0524391292519992,1.0806955085049281,0.009588866245256929,0.9869534705624293,1.0,correct
UBFC_A4_L3_C050_SEED101/Eval_On_PURE,PURE,old,201,46,window,1380,1620,46.0,54.0,8.0,69.0,70.0,-1.0,1.0,1.4285714285714286,0.8964480475490327,nan,240,0.06700449611206401,1.0614213045748733,0.02185963824937935,0.936880718834638,1.0,correct
UBFC_A4_L3_C050_SEED101/Eval_On_PURE,PURE,old,201,47,window,1410,1650,47.0,55.0,8.0,70.0,71.0,-1.0,1.0,1.4084507042253522,0.9057856193235279,nan,240,0.06540343176773007,1.0284539919226978,-0.017433380357751296,0.9151984144509593,1.0,correct
UBFC_A4_L3_C050_SEED101/Eval_On_PURE,PURE,old,201,48,window,1440,1680,48.0,56.0,8.0,70.0,71.0,-1.0,1.0,1.4084507042253522,0.9234245969750586,nan,240,0.04253083044905941,1.0057877615467792,-0.0034656262843585956,0.9390972462361666,1.0,correct
UBFC_A4_L3_C050_SEED101/Eval_On_PURE,PURE,old,201,49,window,1470,1710,49.0,57.0,8.0,69.0,70.0,-1.0,1.0,1.4285714285714286,0.9081963662019077,nan,240,-0.03440406795043508,0.9960421139043363,-0.007379863073463441,0.9474547351603274,1.0,correct
UBFC_A4_L3_C050_SEED101/Eval_On_PURE,PURE,old,201,50,window,1500,1740,50.0,58.0,8.0,68.0,69.0,-1.0,1.0,1.4492753623188406,0.841432481384196,nan,240,-0.10503370322075838,0.967931469605535,-0.00308001609888964,0.9453677572967912,1.0,correct
UBFC_A4_L3_C050_SEED101/Eval_On_PURE,PURE,old,201,51,window,1530,1770,51.0,59.0,8.0,67.0,68.0,-1.0,1.0,1.4705882352941175,0.834637050165242,nan,240,-0.12442651867662285,0.9228008596534201,0.0184564188507919,0.975192337590671,1.0,correct
UBFC_A4_L3_C050_SEED101/Eval_On_PURE,PURE,old,201,52,window,1560,1800,52.0,60.0,8.0,67.0,68.0,-1.0,1.0,1.4705882352941175,0.7705921357992075,nan,240,-0.06037802891233084,0.9062541532951752,-0.008608349592037845,0.9765052836781738,1.0,correct
UBFC_A4_L3_C050_SEED101/Eval_On_PURE,PURE,old,201,53,window,1590,1830,53.0,61.0,8.0,68.0,69.0,-1.0,1.0,1.4492753623188406,0.8424493577247327,nan,240,-0.0881285619493712,0.8628296907693606,0.003617680082859135,0.9382230348348402,1.0,correct
UBFC_A4_L3_C050_SEED101/Eval_On_PURE,PURE,old,201,54,window,1620,1860,54.0,62.0,8.0,69.0,70.0,-1.0,1.0,1.4285714285714286,0.8434915593024493,nan,240,-0.1245253157250905,0.81652542347998,-0.004030037808364336,0.9659818727002021,1.0,correct
UBFC_A4_L3_C050_SEED101/Eval_On_PURE,PURE,old,201,55,window,1650,1890,55.0,63.0,8.0,71.0,71.0,0.0,0.0,0.0,0.7749518684085744,nan,240,-0.13220446914702874,0.8060503787325203,-0.003042866975807146,0.9602876456767486,1.0,correct
UBFC_A4_L3_C050_SEED101/Eval_On_PURE,PURE,old,201,56,window,1680,1920,56.0,64.0,8.0,73.0,73.0,0.0,0.0,0.0,0.7690697223351644,nan,240,-0.06101754753145527,0.8289453760349601,-0.02274683247603954,0.9611005980539779,1.0,correct
UBFC_A4_L3_C050_SEED101/Eval_On_PURE,PURE,old,202,0,window,0,240,0.0,8.0,8.0,82.0,82.0,0.0,0.0,0.0,0.5626667449271874,nan,240,-0.048079068094980006,1.2396846013526064,0.03550889961227064,0.7013131765367957,1.0,correct
UBFC_A4_L3_C050_SEED101/Eval_On_PURE,PURE,old,202,1,window,30,270,1.0,9.0,8.0,81.0,82.0,-1.0,1.0,1.2195121951219512,0.5841182650362711,nan,240,-0.06281746075754538,1.2290518929474565,0.028910793719457862,0.7844497689431413,1.0,correct
UBFC_A4_L3_C050_SEED101/Eval_On_PURE,PURE,old,202,2,window,60,300,2.0,10.0,8.0,83.0,83.0,0.0,0.0,0.0,0.5781623383856729,nan,240,-0.1217905649146739,1.2252683110697231,0.02660447856532553,0.7064929848597227,1.0,correct
UBFC_A4_L3_C050_SEED101/Eval_On_PURE,PURE,old,202,3,window,90,330,3.0,11.0,8.0,180.0,84.0,96.0,96.0,114.28571428571428,0.3762764905767377,nan,240,-0.2642021288479165,1.1906086258828563,0.028830881102124825,0.5771591480521626,1.0,super_harmonic_2x
UBFC_A4_L3_C050_SEED101/Eval_On_PURE,PURE,old,202,4,window,120,360,4.0,12.0,8.0,180.0,85.0,95.0,95.0,111.76470588235294,0.3679553258842054,nan,240,-0.32713112987716847,1.171484418397654,0.03278179347177589,0.564896059461533,1.0,super_harmonic_2x
UBFC_A4_L3_C050_SEED101/Eval_On_PURE,PURE,old,202,5,window,150,390,5.0,13.0,8.0,180.0,87.0,93.0,93.0,106.89655172413792,0.36119157292225607,nan,240,-0.43201123075561804,1.071650365274402,0.03315985905591604,0.5941075691447558,1.0,super_harmonic_2x
UBFC_A4_L3_C050_SEED101/Eval_On_PURE,PURE,old,202,6,window,180,420,6.0,14.0,8.0,180.0,88.0,92.0,92.0,104.54545454545455,0.3358521866068122,nan,240,-0.4931937915783396,1.012199898573842,0.021583725663033387,0.5609535642839586,1.0,super_harmonic_2x
UBFC_A4_L3_C050_SEED101/Eval_On_PURE,PURE,old,202,7,window,210,450,7.0,15.0,8.0,180.0,88.0,92.0,92.0,104.54545454545455,0.45477147206108026,nan,240,-0.456036359006884,0.9885598526268412,0.02242697305252334,0.6030916436496875,1.0,super_harmonic_2x
UBFC_A4_L3_C050_SEED101/Eval_On_PURE,PURE,old,202,8,window,240,480,8.0,16.0,8.0,90.0,88.0,2.0,2.0,2.272727272727273,0.5031856080718742,nan,240,-0.35894433966252587,1.0047759453358007,-0.014104902540673718,0.7775927180181886,1.0,correct
UBFC_A4_L3_C050_SEED101/Eval_On_PURE,PURE,old,202,9,window,270,510,9.0,17.0,8.0,90.0,87.0,3.0,3.0,3.4482758620689653,0.3247143579345929,nan,240,-0.16321064276238192,1.0614059591957077,0.027449422257221467,0.7736304263289216,1.0,correct
UBFC_A4_L3_C050_SEED101/Eval_On_PURE,PURE,old,202,10,window,300,540,10.0,18.0,8.0,163.0,85.0,78.0,78.0,91.76470588235294,0.09535512141107631,nan,240,-0.0827854072862668,1.052676977112379,0.01484965644692174,0.5721563808731366,1.0,super_harmonic_2x
UBFC_A4_L3_C050_SEED101/Eval_On_PURE,PURE,old,202,11,window,330,570,11.0,19.0,8.0,156.0,82.0,74.0,74.0,90.2439024390244,0.06846534762011067,nan,240,-0.019220482089019074,1.0755119047579271,-0.01105653225190732,0.6779147772091275,1.0,super_harmonic_2x
UBFC_A4_L3_C050_SEED101/Eval_On_PURE,PURE,old,202,12,window,360,600,12.0,20.0,8.0,157.0,80.0,77.0,77.0,96.25,0.21495795298511675,nan,240,0.07906886887994839,1.101241959618072,-0.011897980583636733,0.6524791189728227,1.0,super_harmonic_2x
UBFC_A4_L3_C050_SEED101/Eval_On_PURE,PURE,old,202,13,window,390,630,13.0,21.0,8.0,158.0,79.0,79.0,79.0,100.0,0.09640021741937847,nan,240,0.1669052615539483,1.12920303338222,-0.010248991088383319,0.7208493074989176,1.0,super_harmonic_2x
UBFC_A4_L3_C050_SEED101/Eval_On_PURE,PURE,old,202,14,window,420,660,14.0,22.0,8.0,157.0,78.0,79.0,79.0,101.28205128205127,0.21606775995080651,nan,240,0.20706976898805485,1.148443378878108,0.0023680077402965793,0.7673590283111935,1.0,super_harmonic_2x
UBFC_A4_L3_C050_SEED101/Eval_On_PURE,PURE,old,202,15,window,450,690,15.0,23.0,8.0,152.0,79.0,73.0,73.0,92.40506329113924,0.3570140370111695,nan,240,0.2644516157987614,1.2505569948313038,0.023895126806986196,0.7131568111366013,1.0,super_harmonic_2x
UBFC_A4_L3_C050_SEED101/Eval_On_PURE,PURE,old,202,16,window,480,720,16.0,24.0,8.0,151.0,79.0,72.0,72.0,91.13924050632912,0.230321790826222,nan,240,0.28898316830212906,1.2733036464436953,0.008481702290751226,0.8032128578013497,1.0,super_harmonic_2x
UBFC_A4_L3_C050_SEED101/Eval_On_PURE,PURE,old,202,17,window,510,750,17.0,25.0,8.0,80.0,80.0,0.0,0.0,0.0,0.4646756548717069,nan,240,0.2074029237996157,1.3122346559706648,0.0070042963123316555,0.7032366776365102,1.0,correct
UBFC_A4_L3_C050_SEED101/Eval_On_PURE,PURE,old,202,18,window,540,780,18.0,26.0,8.0,150.0,81.0,69.0,69.0,85.18518518518519,0.2812464697264634,nan,240,0.25421931378506657,1.3911838492297612,-0.010356187510972044,0.5368092298654189,1.0,super_harmonic_2x
UBFC_A4_L3_C050_SEED101/Eval_On_PURE,PURE,old,202,19,window,570,810,19.0,27.0,8.0,80.0,81.0,-1.0,1.0,1.2345679012345678,0.4986799529928449,nan,240,0.30192266967491077,1.347736440152179,0.024626329708074008,0.5261215036081728,1.0,correct
UBFC_A4_L3_C050_SEED101/Eval_On_PURE,PURE,old,202,20,window,600,840,20.0,28.0,8.0,149.0,80.0,69.0,69.0,86.25,0.3822235282151633,nan,240,0.28703054107867154,1.2983760107837348,0.018253334591852292,0.4768792998973185,1.0,super_harmonic_2x
UBFC_A4_L3_C050_SEED101/Eval_On_PURE,PURE,old,202,21,window,630,870,21.0,29.0,8.0,77.0,78.0,-1.0,1.0,1.282051282051282,0.4457657370447353,nan,240,0.2413814589943127,1.27172055985701,-0.016228505363589506,0.45580193029896476,1.0,correct
UBFC_A4_L3_C050_SEED101/Eval_On_PURE,PURE,old,202,22,window,660,900,22.0,30.0,8.0,75.0,75.0,0.0,0.0,0.0,0.4731459852899559,nan,240,0.19881360675237886,1.2438866410114753,-0.0045899506180558155,0.575519518829427,1.0,correct
UBFC_A4_L3_C050_SEED101/Eval_On_PURE,PURE,old,202,23,window,690,930,23.0,31.0,8.0,74.0,73.0,1.0,1.0,1.36986301369863,0.4077879737754069,nan,240,0.12208128926890437,1.1334070589873355,0.0013342320387470612,0.5484492812419087,1.0,correct
UBFC_A4_L3_C050_SEED101/Eval_On_PURE,PURE,old,202,24,window,720,960,24.0,32.0,8.0,73.0,73.0,0.0,0.0,0.0,0.6099906817503644,nan,240,0.0860220738612889,1.0630419548111643,0.016059353535376356,0.6637286458933122,1.0,correct
UBFC_A4_L3_C050_SEED101/Eval_On_PURE,PURE,old,202,25,window,750,990,25.0,33.0,8.0,75.0,73.0,2.0,2.0,2.73972602739726,0.6063021253746887,nan,240,0.11301123091378024,0.9584294986575843,0.00454829201197623,0.8155378208035995,1.0,correct
UBFC_A4_L3_C050_SEED101/Eval_On_PURE,PURE,old,202,26,window,780,1020,26.0,34.0,8.0,75.0,75.0,0.0,0.0,0.0,0.7692021048478399,nan,240,0.0827465941450238,0.8016712041415073,-0.00033126266422173385,0.875747077688431,1.0,correct
UBFC_A4_L3_C050_SEED101/Eval_On_PURE,PURE,old,202,27,window,810,1050,27.0,35.0,8.0,78.0,76.0,2.0,2.0,2.631578947368421,0.7609765243358472,nan,240,0.10086717734840382,0.799495221754195,0.015256249584431258,0.8746508033179663,1.0,correct
UBFC_A4_L3_C050_SEED101/Eval_On_PURE,PURE,old,202,28,window,840,1080,28.0,36.0,8.0,79.0,78.0,1.0,1.0,1.282051282051282,0.72856479333401,nan,240,0.10583809311438142,0.7921584683641637,-0.006556041134322081,0.8657850952796733,1.0,correct
UBFC_A4_L3_C050_SEED101/Eval_On_PURE,PURE,old,202,29,window,870,1110,29.0,37.0,8.0,80.0,78.0,2.0,2.0,2.564102564102564,0.7045571778836958,nan,240,0.09083057213498584,0.7983436259496082,-0.03634227888263576,0.8840857678240186,1.0,correct
UBFC_A4_L3_C050_SEED101/Eval_On_PURE,PURE,old,202,30,window,900,1140,30.0,38.0,8.0,79.0,78.0,1.0,1.0,1.282051282051282,0.5550898371240309,nan,240,0.13874156196819193,0.7943658710675571,0.0042501366737859704,0.8097045519715961,1.0,correct
UBFC_A4_L3_C050_SEED101/Eval_On_PURE,PURE,old,202,31,window,930,1170,31.0,39.0,8.0,76.0,78.0,-2.0,2.0,2.564102564102564,0.6231612883458927,nan,240,0.12299321465429319,0.7880448314232406,0.0074683558087686435,0.8204421680761249,1.0,correct
UBFC_A4_L3_C050_SEED101/Eval_On_PURE,PURE,old,202,32,window,960,1200,32.0,40.0,8.0,75.0,78.0,-3.0,3.0,3.8461538461538463,0.44456733430882217,nan,240,0.05231700776272648,0.7814374687530226,-0.013302325941792885,0.8117972957081506,1.0,correct
UBFC_A4_L3_C050_SEED101/Eval_On_PURE,PURE,old,202,33,window,990,1230,33.0,41.0,8.0,74.0,78.0,-4.0,4.0,5.128205128205128,0.38327996368292633,nan,240,0.08524543609753203,0.793310081562152,0.025052134574571384,0.8607793010502799,1.0,large_error
UBFC_A4_L3_C050_SEED101/Eval_On_PURE,PURE,old,202,34,window,1020,1260,34.0,42.0,8.0,158.0,79.0,79.0,79.0,100.0,0.2371262141878988,nan,240,0.0801074003283615,0.7795893475571216,-0.009344417667067345,0.8321348245770566,1.0,super_harmonic_2x
UBFC_A4_L3_C050_SEED101/Eval_On_PURE,PURE,old,202,35,window,1050,1290,35.0,43.0,8.0,159.0,80.0,79.0,79.0,98.75,0.2735943673200132,nan,240,0.025712371410224304,0.7810260183099501,-0.034539808732492974,0.7752797362939143,1.0,super_harmonic_2x
UBFC_A4_L3_C050_SEED101/Eval_On_PURE,PURE,old,202,36,window,1080,1320,36.0,44.0,8.0,159.0,81.0,78.0,78.0,96.29629629629629,0.25688975040855894,nan,240,0.05945903664378113,0.8051048051829889,0.030735461673187282,0.828676313453155,1.0,super_harmonic_2x
UBFC_A4_L3_C050_SEED101/Eval_On_PURE,PURE,old,202,37,window,1110,1350,37.0,45.0,8.0,158.0,80.0,78.0,78.0,97.5,0.3484469777857649,nan,240,0.05953319162355271,0.8048993155965822,0.012788547828532414,0.8266975099422008,1.0,super_harmonic_2x
UBFC_A4_L3_C050_SEED101/Eval_On_PURE,PURE,old,202,38,window,1140,1380,38.0,46.0,8.0,70.0,79.0,-9.0,9.0,11.39240506329114,0.3707337538994176,nan,240,-0.001260869451487164,0.8038604050675877,0.00280177671531003,0.859555180859399,1.0,large_error
UBFC_A4_L3_C050_SEED101/Eval_On_PURE,PURE,old,202,39,window,1170,1410,39.0,47.0,8.0,74.0,76.0,-2.0,2.0,2.631578947368421,0.5618834496214367,nan,240,-0.04870811936241172,0.8234268922854908,-0.010039700131484605,0.9195068413770767,1.0,correct
UBFC_A4_L3_C050_SEED101/Eval_On_PURE,PURE,old,202,40,window,1200,1440,40.0,48.0,8.0,69.0,74.0,-5.0,5.0,6.756756756756757,0.5482326008093833,nan,240,-0.05100511507729634,0.8289328011572262,-0.01546730286724604,0.8831120056957494,1.0,large_error
UBFC_A4_L3_C050_SEED101/Eval_On_PURE,PURE,old,202,41,window,1230,1470,41.0,49.0,8.0,71.0,73.0,-2.0,2.0,2.73972602739726,0.708527404599092,nan,240,-0.08533452993237843,0.8114320432659663,-0.010936588497873555,0.9209252448056381,1.0,correct
UBFC_A4_L3_C050_SEED101/Eval_On_PURE,PURE,old,202,42,window,1260,1500,42.0,50.0,8.0,71.0,73.0,-2.0,2.0,2.73972602739726,0.7500817221156356,nan,240,-0.12995267693210297,0.782632175932698,0.031396131676934384,0.9270389930200787,1.0,correct
UBFC_A4_L3_C050_SEED101/Eval_On_PURE,PURE,old,202,43,window,1290,1530,43.0,51.0,8.0,74.0,74.0,0.0,0.0,0.0,0.7767607177897773,nan,240,-0.12301611160475728,0.7673649725851976,-0.017197055669560958,0.9454550190225717,1.0,correct
UBFC_A4_L3_C050_SEED101/Eval_On_PURE,PURE,old,202,44,window,1320,1560,44.0,52.0,8.0,75.0,77.0,-2.0,2.0,2.5974025974025974,0.6725878966642821,nan,240,-0.1174345928833904,0.7494489959986276,-0.007133063699396985,0.9232598226637351,1.0,correct
UBFC_A4_L3_C050_SEED101/Eval_On_PURE,PURE,old,202,45,window,1350,1590,45.0,53.0,8.0,76.0,79.0,-3.0,3.0,3.79746835443038,0.6363910486075544,nan,240,-0.1336502974356553,0.734535920866654,-0.008292420575257397,0.8702714833378186,1.0,correct
UBFC_A4_L3_C050_SEED101/Eval_On_PURE,PURE,old,202,46,window,1380,1620,46.0,54.0,8.0,82.0,80.0,2.0,2.0,2.5,0.5257193943083737,nan,240,-0.1343473542455102,0.7316627041404163,0.005305758699766213,0.898834910957607,1.0,correct
UBFC_A4_L3_C050_SEED101/Eval_On_PURE,PURE,old,202,47,window,1410,1650,47.0,55.0,8.0,78.0,80.0,-2.0,2.0,2.5,0.6433555703765849,nan,240,-0.09179577992596487,0.7347740478403137,0.017821650294520833,0.8994742019428857,1.0,correct
UBFC_A4_L3_C050_SEED101/Eval_On_PURE,PURE,old,202,48,window,1440,1680,48.0,56.0,8.0,79.0,78.0,1.0,1.0,1.282051282051282,0.6583086100824925,nan,240,-0.06715498447678844,0.7477825396555854,0.014280234605607364,0.8974308559180109,1.0,correct
UBFC_A4_L3_C050_SEED101/Eval_On_PURE,PURE,old,202,49,window,1470,1710,49.0,57.0,8.0,76.0,76.0,0.0,0.0,0.0,0.6634938501070127,nan,240,-0.0979954979665049,0.7528575129034772,0.0023343145618573394,0.8882674318109718,1.0,correct
UBFC_A4_L3_C050_SEED101/Eval_On_PURE,PURE,old,202,50,window,1500,1740,50.0,58.0,8.0,73.0,73.0,0.0,0.0,0.0,0.6700894991113691,nan,240,-0.1025576570147158,0.775809280813899,0.03253595410341435,0.9187879624050798,1.0,correct
UBFC_A4_L3_C050_SEED101/Eval_On_PURE,PURE,old,202,51,window,1530,1770,51.0,59.0,8.0,69.0,70.0,-1.0,1.0,1.4285714285714286,0.6661592145690513,nan,240,-0.12395661378723194,0.7812480482629571,0.019450092307912333,0.7190603876612157,1.0,correct
UBFC_A4_L3_C050_SEED101/Eval_On_PURE,PURE,old,202,52,window,1560,1800,52.0,60.0,8.0,68.0,69.0,-1.0,1.0,1.4492753623188406,0.7117739802620641,nan,240,-0.18802000514118927,0.7689220932864919,-0.004893059470264457,0.9262550134895903,1.0,correct
UBFC_A4_L3_C050_SEED101/Eval_On_PURE,PURE,old,202,53,window,1590,1830,53.0,61.0,8.0,68.0,69.0,-1.0,1.0,1.4492753623188406,0.8123690117700814,nan,240,-0.11606688567111026,0.7914261188234164,0.027459512328079114,0.9028750821175413,1.0,correct
UBFC_A4_L3_C050_SEED101/Eval_On_PURE,PURE,old,202,54,window,1620,1860,54.0,62.0,8.0,72.0,70.0,2.0,2.0,2.857142857142857,0.6617230818657316,nan,240,-0.036827768139737746,0.7923945871394152,0.009101128062354098,0.9338892516128047,1.0,correct
UBFC_A4_L3_C050_SEED101/Eval_On_PURE,PURE,old,202,55,window,1650,1890,55.0,63.0,8.0,83.0,73.0,10.0,10.0,13.698630136986301,0.6146202052482868,nan,240,0.014987029213947478,0.801926247361984,0.0022490615130391117,0.9608424196677975,1.0,large_error
UBFC_A4_L3_C050_SEED101/Eval_On_PURE,PURE,old,202,56,window,1680,1920,56.0,64.0,8.0,77.0,78.0,-1.0,1.0,1.282051282051282,0.5445857151006319,nan,240,0.09398487176235557,0.8248987350168748,0.007953592509244234,0.9499549011922676,1.0,correct
UBFC_A4_L3_C050_SEED101/Eval_On_PURE,PURE,old,203,0,window,0,240,0.0,8.0,8.0,75.0,75.0,0.0,0.0,0.0,0.7782280402323308,nan,240,0.10749746958030126,1.0235111399464778,0.019968649017764666,0.9453872187242897,1.0,correct
UBFC_A4_L3_C050_SEED101/Eval_On_PURE,PURE,old,203,1,window,30,270,1.0,9.0,8.0,76.0,76.0,0.0,0.0,0.0,0.8288845174838145,nan,240,0.12294651106747231,1.0109460704352067,-0.010118133734686448,0.9593018485504954,1.0,correct
UBFC_A4_L3_C050_SEED101/Eval_On_PURE,PURE,old,203,2,window,60,300,2.0,10.0,8.0,77.0,77.0,0.0,0.0,0.0,0.7843586059503387,nan,240,0.11820220587850608,1.0242668115808458,0.011449097617653416,0.9479682871011539,1.0,correct
UBFC_A4_L3_C050_SEED101/Eval_On_PURE,PURE,old,203,3,window,90,330,3.0,11.0,8.0,77.0,76.0,1.0,1.0,1.3157894736842104,0.8290577246566786,nan,240,0.06424251024940214,1.028372716546275,-0.011536579084327562,0.94378362777793,1.0,correct
UBFC_A4_L3_C050_SEED101/Eval_On_PURE,PURE,old,203,4,window,120,360,4.0,12.0,8.0,77.0,75.0,2.0,2.0,2.666666666666667,0.8018104602231444,nan,240,0.005908532240406672,1.0282142993254524,-0.0035038511045994074,0.8894634656267315,1.0,correct
UBFC_A4_L3_C050_SEED101/Eval_On_PURE,PURE,old,203,5,window,150,390,5.0,13.0,8.0,75.0,63.0,12.0,12.0,19.047619047619047,0.7243209673322892,nan,240,-0.014058558450563696,1.026859428546648,0.029080833886165263,0.9608368905690329,1.0,large_error
UBFC_A4_L3_C050_SEED101/Eval_On_PURE,PURE,old,203,6,window,180,420,6.0,14.0,8.0,80.0,61.99999999999999,18.000000000000007,18.000000000000007,29.032258064516142,0.7666169461103362,nan,240,-0.04704950928769865,1.034085774569338,0.008947668766906376,0.9228882630194013,1.0,super_harmonic_1p5x
UBFC_A4_L3_C050_SEED101/Eval_On_PURE,PURE,old,203,7,window,210,450,7.0,15.0,8.0,65.0,64.0,1.0,1.0,1.5625,0.7540563243274685,nan,240,-0.1599182502214308,1.0121674337614925,0.005847801869472939,0.9014762269741738,1.0,correct
UBFC_A4_L3_C050_SEED101/Eval_On_PURE,PURE,old,203,8,window,240,480,8.0,16.0,8.0,64.0,63.0,1.0,1.0,1.5873015873015872,0.7894005121639697,nan,240,-0.21922560033327929,0.9955907448899004,0.04174093022918535,0.9278163444804284,1.0,correct
UBFC_A4_L3_C050_SEED101/Eval_On_PURE,PURE,old,203,9,window,270,510,9.0,17.0,8.0,63.0,63.0,0.0,0.0,0.0,0.8026392998305132,nan,240,-0.25541006012771655,0.956164469216666,0.021195243472277667,0.7975096918087645,1.0,correct
UBFC_A4_L3_C050_SEED101/Eval_On_PURE,PURE,old,203,10,window,300,540,10.0,18.0,8.0,65.0,65.0,0.0,0.0,0.0,0.7601361315039639,nan,240,-0.2994380607412695,0.9009041531110659,-0.004511423467203442,0.7916255096762224,1.0,correct
UBFC_A4_L3_C050_SEED101/Eval_On_PURE,PURE,old,203,11,window,330,570,11.0,19.0,8.0,66.0,66.0,0.0,0.0,0.0,0.7592031513272784,nan,240,-0.28396780775548935,0.8688081670363551,0.002176522829664762,0.9324180398666506,1.0,correct
UBFC_A4_L3_C050_SEED101/Eval_On_PURE,PURE,old,203,12,window,360,600,12.0,20.0,8.0,67.0,69.0,-2.0,2.0,2.898550724637681,0.769186189817096,nan,240,-0.2242079456733071,0.8532836051984124,0.02192380570767644,0.8460931006554605,1.0,correct
UBFC_A4_L3_C050_SEED101/Eval_On_PURE,PURE,old,203,13,window,390,630,13.0,21.0,8.0,70.0,71.0,-1.0,1.0,1.4084507042253522,0.6804871438358095,nan,240,-0.15782773919181697,0.8494361151122083,0.010936754664700477,0.9024618667411478,1.0,correct
UBFC_A4_L3_C050_SEED101/Eval_On_PURE,PURE,old,203,14,window,420,660,14.0,22.0,8.0,74.0,72.0,2.0,2.0,2.7777777777777777,0.6802188939245921,nan,240,-0.08791699660845345,0.8321760417539568,0.013471470336271878,0.9249364307713546,1.0,correct
UBFC_A4_L3_C050_SEED101/Eval_On_PURE,PURE,old,203,15,window,450,690,15.0,23.0,8.0,74.0,72.0,2.0,2.0,2.7777777777777777,0.6705855731255888,nan,240,-0.04375701333688685,0.8207601102496922,-0.003154242688025563,0.9533138455626732,1.0,correct
UBFC_A4_L3_C050_SEED101/Eval_On_PURE,PURE,old,203,16,window,480,720,16.0,24.0,8.0,74.0,72.0,2.0,2.0,2.7777777777777777,0.767420934878206,nan,240,-0.01889478013350544,0.8183778286415634,-0.017079729981205,0.9244695160173249,1.0,correct
UBFC_A4_L3_C050_SEED101/Eval_On_PURE,PURE,old,203,17,window,510,750,17.0,25.0,8.0,73.0,72.0,1.0,1.0,1.3888888888888888,0.7883877917542081,nan,240,-0.020469144696957663,0.82049928433717,-0.0005571295573895703,0.948194641877288,1.0,correct
UBFC_A4_L3_C050_SEED101/Eval_On_PURE,PURE,old,203,18,window,540,780,18.0,26.0,8.0,71.0,72.0,-1.0,1.0,1.3888888888888888,0.5764824412359988,nan,240,-0.0420294546168108,0.8055842296405836,0.018466241283691277,0.9307720638135887,1.0,correct
UBFC_A4_L3_C050_SEED101/Eval_On_PURE,PURE,old,203,19,window,570,810,19.0,27.0,8.0,74.0,72.0,2.0,2.0,2.7777777777777777,0.7004728261377767,nan,240,-0.06317024823083432,0.8088644505790101,0.007762084839607002,0.8968075065481802,1.0,correct
UBFC_A4_L3_C050_SEED101/Eval_On_PURE,PURE,old,203,20,window,600,840,20.0,28.0,8.0,75.0,73.0,2.0,2.0,2.73972602739726,0.6271127424415617,nan,240,-0.07805836342144576,0.8235442319345817,-0.002395593642247381,0.7300485955982575,1.0,correct
UBFC_A4_L3_C050_SEED101/Eval_On_PURE,PURE,old,203,21,window,630,870,21.0,29.0,8.0,74.0,74.0,0.0,0.0,0.0,0.6503345243338228,nan,240,-0.04792389439704235,0.8560116424537044,0.006816080127675072,0.8210243267303257,1.0,correct
UBFC_A4_L3_C050_SEED101/Eval_On_PURE,PURE,old,203,22,window,660,900,22.0,30.0,8.0,60.0,74.0,-14.0,14.0,18.91891891891892,0.4879882274580753,nan,240,-0.045182897410073336,0.8490505347906524,0.03449910514360634,0.7830734337168002,1.0,large_error
UBFC_A4_L3_C050_SEED101/Eval_On_PURE,PURE,old,203,23,window,690,930,23.0,31.0,8.0,73.0,74.0,-1.0,1.0,1.3513513513513513,0.5387304595981584,nan,240,0.0024981946306520176,0.8523449810602537,0.03850790782998136,0.7281986500532078,1.0,correct
UBFC_A4_L3_C050_SEED101/Eval_On_PURE,PURE,old,203,24,window,720,960,24.0,32.0,8.0,75.0,73.0,2.0,2.0,2.73972602739726,0.550175668189247,nan,240,0.030103781654181032,0.8690375321966716,-0.00480372437394985,0.6265026100363443,1.0,correct
UBFC_A4_L3_C050_SEED101/Eval_On_PURE,PURE,old,203,25,window,750,990,25.0,33.0,8.0,69.0,72.0,-3.0,3.0,4.166666666666666,0.4163535375941699,nan,240,0.047706968666794046,0.9073155765976539,0.030971525250118034,0.7771561315352788,1.0,correct
UBFC_A4_L3_C050_SEED101/Eval_On_PURE,PURE,old,203,26,window,780,1020,26.0,34.0,8.0,71.0,71.0,0.0,0.0,0.0,0.7613215888511883,nan,240,0.08727584090601785,0.9437528443101901,-0.003712765666262667,0.8902915912034494,1.0,correct
UBFC_A4_L3_C050_SEED101/Eval_On_PURE,PURE,old,203,27,window,810,1050,27.0,35.0,8.0,70.0,70.0,0.0,0.0,0.0,0.7330234566854253,nan,240,0.135656912400853,0.9831967784845947,0.03842464961377916,0.8869598605769421,1.0,correct
UBFC_A4_L3_C050_SEED101/Eval_On_PURE,PURE,old,203,28,window,840,1080,28.0,36.0,8.0,69.0,70.0,-1.0,1.0,1.4285714285714286,0.8612882368404279,nan,240,0.15077599724298818,1.0056450082966129,0.018402218419633833,0.8987287210278493,1.0,correct
UBFC_A4_L3_C050_SEED101/Eval_On_PURE,PURE,old,203,29,window,870,1110,29.0,37.0,8.0,69.0,69.0,0.0,0.0,0.0,0.8814139591014971,nan,240,0.08667720527859692,1.0161025674011182,0.0014597802126124085,0.9710306199700951,1.0,correct
UBFC_A4_L3_C050_SEED101/Eval_On_PURE,PURE,old,203,30,window,900,1140,30.0,38.0,8.0,68.0,70.0,-2.0,2.0,2.857142857142857,0.8020718990859597,nan,240,0.05024527800038336,1.0456339936666237,-0.005463704861686972,0.9550942417300075,1.0,correct
UBFC_A4_L3_C050_SEED101/Eval_On_PURE,PURE,old,203,31,window,930,1170,31.0,39.0,8.0,68.0,71.0,-3.0,3.0,4.225352112676056,0.734750945085116,nan,240,0.0699012667117495,1.072312866120444,0.015722405389308032,0.9579026772754954,1.0,correct
UBFC_A4_L3_C050_SEED101/Eval_On_PURE,PURE,old,203,32,window,960,1200,32.0,40.0,8.0,68.0,72.0,-4.0,4.0,5.555555555555555,0.7451665027021472,nan,240,0.0776599615364277,1.0536577524850088,0.02592792779926516,0.9451414568750021,1.0,large_error
UBFC_A4_L3_C050_SEED101/Eval_On_PURE,PURE,old,203,33,window,990,1230,33.0,41.0,8.0,72.0,75.0,-3.0,3.0,4.0,0.7285989425523055,nan,240,0.09632136664633162,1.0249206354403944,0.026610239603544347,0.9535857506994118,1.0,correct
UBFC_A4_L3_C050_SEED101/Eval_On_PURE,PURE,old,203,34,window,1020,1260,34.0,42.0,8.0,70.0,79.0,-9.0,9.0,11.39240506329114,0.7216055594988534,nan,240,0.15597281440228772,1.006934628333037,0.027119567804134735,0.9065475202392584,1.0,large_error
UBFC_A4_L3_C050_SEED101/Eval_On_PURE,PURE,old,203,35,window,1050,1290,35.0,43.0,8.0,81.0,81.0,0.0,0.0,0.0,0.8067416920167015,nan,240,0.1307099195585071,0.9760853250874398,-0.005908910657425315,0.9245800488605277,1.0,correct
UBFC_A4_L3_C050_SEED101/Eval_On_PURE,PURE,old,203,36,window,1080,1320,36.0,44.0,8.0,81.0,80.0,1.0,1.0,1.25,0.7942410704643699,nan,240,0.03985400051496322,0.9845495468145761,-0.013594020118574154,0.9007578215127086,1.0,correct
UBFC_A4_L3_C050_SEED101/Eval_On_PURE,PURE,old,203,37,window,1110,1350,37.0,45.0,8.0,67.0,79.0,-12.0,12.0,15.18987341772152,0.6658092348265151,nan,240,-0.03538554188571448,0.9767434626935056,0.00033584113396796717,0.674358224194309,1.0,large_error
UBFC_A4_L3_C050_SEED101/Eval_On_PURE,PURE,old,203,38,window,1140,1380,38.0,46.0,8.0,66.0,66.0,0.0,0.0,0.0,0.73276863129187,nan,240,-0.08305013609418731,0.9823831361957973,0.014962796656879888,0.8154960784120532,1.0,correct
UBFC_A4_L3_C050_SEED101/Eval_On_PURE,PURE,old,203,39,window,1170,1410,39.0,47.0,8.0,67.0,65.0,2.0,2.0,3.076923076923077,0.6837265473750155,nan,240,-0.17060177502102497,0.9877276649556632,0.0036821568686075373,0.8695026390904764,1.0,correct
UBFC_A4_L3_C050_SEED101/Eval_On_PURE,PURE,old,203,40,window,1200,1440,40.0,48.0,8.0,67.0,66.0,1.0,1.0,1.5151515151515151,0.6573169562985739,nan,240,-0.20799529023619723,1.0187076389992897,0.008832395524518259,0.9410224653169922,1.0,correct
UBFC_A4_L3_C050_SEED101/Eval_On_PURE,PURE,old,203,41,window,1230,1470,41.0,49.0,8.0,66.0,66.0,0.0,0.0,0.0,0.6752958754654791,nan,240,-0.17441513110435694,1.0722116672746718,-0.014495340958293513,0.9042628692675608,1.0,correct
UBFC_A4_L3_C050_SEED101/Eval_On_PURE,PURE,old,203,42,window,1260,1500,42.0,50.0,8.0,66.0,66.0,0.0,0.0,0.0,0.7767549295828943,nan,240,-0.18327446702354408,1.1030826324043392,-0.0023599243253903317,0.9244238900248097,1.0,correct
UBFC_A4_L3_C050_SEED101/Eval_On_PURE,PURE,old,203,43,window,1290,1530,43.0,51.0,8.0,67.0,66.0,1.0,1.0,1.5151515151515151,0.7913373563125392,nan,240,-0.1317328822359106,1.1307509602037544,-0.0016707224667897721,0.9538279234621267,1.0,correct
UBFC_A4_L3_C050_SEED101/Eval_On_PURE,PURE,old,203,44,window,1320,1560,44.0,52.0,8.0,67.0,68.0,-1.0,1.0,1.4705882352941175,0.787172785419454,nan,240,-0.06615635586839928,1.1265717635830348,0.010871449891384744,0.9483395007703239,1.0,correct
UBFC_A4_L3_C050_SEED101/Eval_On_PURE,PURE,old,203,45,window,1350,1590,45.0,53.0,8.0,68.0,70.0,-2.0,2.0,2.857142857142857,0.7856847455873652,nan,240,0.013523460241177742,1.125027403939669,0.010603885531462444,0.9687420170033315,1.0,correct
UBFC_A4_L3_C050_SEED101/Eval_On_PURE,PURE,old,203,46,window,1380,1620,46.0,54.0,8.0,72.0,72.0,0.0,0.0,0.0,0.8424697875107792,nan,240,0.11852037835764735,1.1287532852945392,0.031151425634558534,0.9464983874608957,1.0,correct
UBFC_A4_L3_C050_SEED101/Eval_On_PURE,PURE,old,203,47,window,1410,1650,47.0,55.0,8.0,73.0,72.0,1.0,1.0,1.3888888888888888,0.8400451075723376,nan,240,0.1501537932837806,1.089859155292639,0.039089425304779796,0.9567464211499795,1.0,correct
UBFC_A4_L3_C050_SEED101/Eval_On_PURE,PURE,old,203,48,window,1440,1680,48.0,56.0,8.0,74.0,73.0,1.0,1.0,1.36986301369863,0.824258386281104,nan,240,0.12308792105820122,1.065212758095155,0.011323456500969187,0.9337959123333874,1.0,correct
UBFC_A4_L3_C050_SEED101/Eval_On_PURE,PURE,old,203,49,window,1470,1710,49.0,57.0,8.0,74.0,73.0,1.0,1.0,1.36986301369863,0.8266610491745694,nan,240,0.0238346053985173,1.0272200739211579,-0.003118230071498755,0.9354417963548283,1.0,correct
UBFC_A4_L3_C050_SEED101/Eval_On_PURE,PURE,old,203,50,window,1500,1740,50.0,58.0,8.0,72.0,72.0,0.0,0.0,0.0,0.8626202274761233,nan,240,-0.06649573984615118,0.9890726861250866,-0.011821187377746227,0.9204518628547242,1.0,correct
UBFC_A4_L3_C050_SEED101/Eval_On_PURE,PURE,old,203,51,window,1530,1770,51.0,59.0,8.0,69.0,70.0,-1.0,1.0,1.4285714285714286,0.7538956173777203,nan,240,-0.13679771673719884,0.9728370550584452,-0.01874217451579262,0.9041522118520515,1.0,correct
UBFC_A4_L3_C050_SEED101/Eval_On_PURE,PURE,old,203,52,window,1560,1800,52.0,60.0,8.0,68.0,70.0,-2.0,2.0,2.857142857142857,0.6847104912978759,nan,240,-0.09409189953696438,0.993463867402437,0.016055663055891248,0.9894456111963784,1.0,correct
UBFC_A4_L3_C050_SEED101/Eval_On_PURE,PURE,old,203,53,window,1590,1830,53.0,61.0,8.0,68.0,70.0,-2.0,2.0,2.857142857142857,0.6482563678475438,nan,240,-0.062208660293876165,0.991999901285658,0.014017397087895823,0.9236398057700809,1.0,correct
UBFC_A4_L3_C050_SEED101/Eval_On_PURE,PURE,old,203,54,window,1620,1860,54.0,62.0,8.0,70.0,71.0,-1.0,1.0,1.4084507042253522,0.7158492609842778,nan,240,-0.08959741866495438,0.9633580274160405,-0.009503173062517712,0.8548730076650641,1.0,correct
UBFC_A4_L3_C050_SEED101/Eval_On_PURE,PURE,old,203,55,window,1650,1890,55.0,63.0,8.0,73.0,72.0,1.0,1.0,1.3888888888888888,0.5789510751309508,nan,240,-0.08156768802471108,0.9826801067660036,0.005031652440352415,0.8998275085976568,1.0,correct
UBFC_A4_L3_C050_SEED101/Eval_On_PURE,PURE,old,203,56,window,1680,1920,56.0,64.0,8.0,73.0,73.0,0.0,0.0,0.0,0.5874904076969582,nan,240,0.0019349115009131613,1.00559949072427,-0.007285944464442731,0.8498058820864576,1.0,correct
UBFC_A4_L3_C050_SEED101/Eval_On_PURE,PURE,old,203,57,window,1710,1950,57.0,65.0,8.0,75.0,74.0,1.0,1.0,1.3513513513513513,0.5600629246429337,nan,240,0.08224164523605564,1.0047653419166143,-0.001914927534629878,0.9266741085661172,1.0,correct
UBFC_A4_L3_C050_SEED101/Eval_On_PURE,PURE,old,203,58,window,1740,1980,58.0,66.0,8.0,73.0,74.0,-1.0,1.0,1.3513513513513513,0.6432641694934421,nan,240,0.1609834417404614,0.9973848087562762,0.047788395902528966,0.9582778688906722,1.0,correct
UBFC_A4_L3_C050_SEED101/Eval_On_PURE,PURE,old,203,59,window,1770,2010,59.0,67.0,8.0,74.0,73.0,1.0,1.0,1.36986301369863,0.4377360442312265,nan,240,0.19170004856003317,0.9882566778329223,0.027388603271898477,0.9634978832096919,1.0,correct
UBFC_A4_L3_C050_SEED101/Eval_On_PURE,PURE,old,203,60,window,1800,2040,60.0,68.0,8.0,74.0,72.0,2.0,2.0,2.7777777777777777,0.5347560071691383,nan,240,0.1247919114464874,0.9842348584444767,0.002501955040462473,0.9592464318690399,1.0,correct
UBFC_A4_L3_C050_SEED101/Eval_On_PURE,PURE,old,203,61,window,1830,2070,61.0,69.0,8.0,72.0,71.0,1.0,1.0,1.4084507042253522,0.6597436509503505,nan,240,0.07096419847539719,0.9974774906900956,-0.010227519092074526,0.9381183396122127,1.0,correct
UBFC_A4_L3_C050_SEED101/Eval_On_PURE,PURE,old,204,0,window,0,240,0.0,8.0,8.0,77.0,79.0,-2.0,2.0,2.5316455696202533,0.39536294728288,nan,240,-0.23534518230956225,1.1797777662222624,0.010785067129036773,0.9608460737831137,1.0,correct
UBFC_A4_L3_C050_SEED101/Eval_On_PURE,PURE,old,204,1,window,30,270,1.0,9.0,8.0,78.0,77.0,1.0,1.0,1.2987012987012987,0.552103949379705,nan,240,-0.11497633188241582,1.1130184311615872,0.02141188037876627,0.8631258489814247,1.0,correct
UBFC_A4_L3_C050_SEED101/Eval_On_PURE,PURE,old,204,2,window,60,300,2.0,10.0,8.0,77.0,77.0,0.0,0.0,0.0,0.6717901430679485,nan,240,0.12692076200546307,0.929317633873536,0.009317240849996173,0.9238000035478116,1.0,correct
UBFC_A4_L3_C050_SEED101/Eval_On_PURE,PURE,old,204,3,window,90,330,3.0,11.0,8.0,76.0,77.0,-1.0,1.0,1.2987012987012987,0.7990865492492356,nan,240,0.14868573122687972,0.8459230245477394,0.014603239633072784,0.9246116383808263,1.0,correct
UBFC_A4_L3_C050_SEED101/Eval_On_PURE,PURE,old,204,4,window,120,360,4.0,12.0,8.0,76.0,76.0,0.0,0.0,0.0,0.7547783013075333,nan,240,0.1707377750391484,0.850152198922673,-0.0022151370845045703,0.9334583805057018,1.0,correct
UBFC_A4_L3_C050_SEED101/Eval_On_PURE,PURE,old,204,5,window,150,390,5.0,13.0,8.0,76.0,74.0,2.0,2.0,2.7027027027027026,0.7664292115279309,nan,240,0.17788967680255127,0.8512805511090691,-0.0010859232943242537,0.9496443076042195,1.0,correct
UBFC_A4_L3_C050_SEED101/Eval_On_PURE,PURE,old,204,6,window,180,420,6.0,14.0,8.0,76.0,73.0,3.0,3.0,4.10958904109589,0.7022606841491885,nan,240,0.1935470300910561,0.8516395574721671,-0.000933511831515795,0.9051855751772118,1.0,correct
UBFC_A4_L3_C050_SEED101/Eval_On_PURE,PURE,old,204,7,window,210,450,7.0,15.0,8.0,77.0,72.0,5.0,5.0,6.944444444444445,0.6245163437648564,nan,240,0.22472444012461462,0.8415472403730957,0.020432064668352446,0.9336037944112014,1.0,large_error
UBFC_A4_L3_C050_SEED101/Eval_On_PURE,PURE,old,204,8,window,240,480,8.0,16.0,8.0,82.0,71.0,11.0,11.0,15.492957746478872,0.5867122113478886,nan,240,0.17465835411324981,0.8267926785093562,0.00489012304081307,0.8971964775761556,1.0,large_error
UBFC_A4_L3_C050_SEED101/Eval_On_PURE,PURE,old,204,9,window,270,510,9.0,17.0,8.0,66.0,70.0,-4.0,4.0,5.714285714285714,0.4880629686342552,nan,240,0.11398715024562298,0.8184508386292466,0.006223915290319056,0.7594744461912792,1.0,large_error
UBFC_A4_L3_C050_SEED101/Eval_On_PURE,PURE,old,204,10,window,300,540,10.0,18.0,8.0,58.0,70.0,-12.0,12.0,17.142857142857142,0.3734140273141647,nan,240,0.08229383804879387,0.8284206664317456,0.03102651958147866,0.6106645570756515,1.0,large_error
UBFC_A4_L3_C050_SEED101/Eval_On_PURE,PURE,old,204,11,window,330,570,11.0,19.0,8.0,52.0,69.0,-17.0,17.0,24.637681159420293,0.292480888987267,nan,240,0.07347496209116729,0.8034904876048014,0.003269703859828179,0.5381303861669898,1.0,large_error
UBFC_A4_L3_C050_SEED101/Eval_On_PURE,PURE,old,204,12,window,360,600,12.0,20.0,8.0,50.0,69.0,-19.0,19.0,27.536231884057973,0.3627508842611894,nan,240,0.07227951137950307,0.7856416193686103,0.01630420122093715,0.5947606828459225,1.0,large_error
UBFC_A4_L3_C050_SEED101/Eval_On_PURE,PURE,old,204,13,window,390,630,13.0,21.0,8.0,58.0,68.0,-10.0,10.0,14.705882352941178,0.16031074692824532,nan,240,0.031707689372841845,0.7615458729477452,0.03392315197403416,0.592957067658454,1.0,large_error
UBFC_A4_L3_C050_SEED101/Eval_On_PURE,PURE,old,204,14,window,420,660,14.0,22.0,8.0,136.0,68.0,68.0,68.0,100.0,0.368706243897287,nan,240,0.010145197882171128,0.7471631727354389,0.01297399648614691,0.4007243092719077,1.0,super_harmonic_2x
UBFC_A4_L3_C050_SEED101/Eval_On_PURE,PURE,old,204,15,window,450,690,15.0,23.0,8.0,51.0,68.0,-17.0,17.0,25.0,0.32651862893974115,nan,240,-0.006555054403052402,0.731449601775711,0.004438145977195159,0.5545640540452785,1.0,large_error
UBFC_A4_L3_C050_SEED101/Eval_On_PURE,PURE,old,204,16,window,480,720,16.0,24.0,8.0,53.0,68.0,-15.0,15.0,22.058823529411764,0.3034191077678513,nan,240,-0.00670621928422562,0.7114467877124446,0.001833102192111541,0.5964577817810817,1.0,large_error
UBFC_A4_L3_C050_SEED101/Eval_On_PURE,PURE,old,204,17,window,510,750,17.0,25.0,8.0,67.0,68.0,-1.0,1.0,1.4705882352941175,0.6104100218600231,nan,240,-0.015979976719144157,0.7068959065772946,-0.006988157616805427,0.7286379325557955,1.0,correct
UBFC_A4_L3_C050_SEED101/Eval_On_PURE,PURE,old,204,18,window,540,780,18.0,26.0,8.0,67.0,68.0,-1.0,1.0,1.4705882352941175,0.6695315435279287,nan,240,-0.0032266533496944287,0.6945313244930007,0.004303622958342672,0.8220137804123778,1.0,correct
UBFC_A4_L3_C050_SEED101/Eval_On_PURE,PURE,old,204,19,window,570,810,19.0,27.0,8.0,59.0,69.0,-10.0,10.0,14.492753623188406,0.3696348510113725,nan,240,0.029578899532465303,0.7070320607222011,0.018847641877705826,0.5427727911001179,1.0,large_error
UBFC_A4_L3_C050_SEED101/Eval_On_PURE,PURE,old,204,20,window,600,840,20.0,28.0,8.0,68.0,69.0,-1.0,1.0,1.4492753623188406,0.8219712124754531,nan,240,0.03702342322180923,0.6928553760758023,0.010040383624839808,0.7663434822357651,1.0,correct
UBFC_A4_L3_C050_SEED101/Eval_On_PURE,PURE,old,204,21,window,630,870,21.0,29.0,8.0,68.0,69.0,-1.0,1.0,1.4492753623188406,0.7756087632081455,nan,240,0.053211933845079086,0.6746565348742805,-0.016727167851635607,0.83391662968751,1.0,correct
UBFC_A4_L3_C050_SEED101/Eval_On_PURE,PURE,old,204,22,window,660,900,22.0,30.0,8.0,69.0,69.0,0.0,0.0,0.0,0.7116862332777882,nan,240,0.045775731158368506,0.6656794794616401,-0.02351496281235192,0.6917689528239929,1.0,correct
UBFC_A4_L3_C050_SEED101/Eval_On_PURE,PURE,old,204,23,window,690,930,23.0,31.0,8.0,69.0,69.0,0.0,0.0,0.0,0.5383790507665566,nan,240,0.025498834574557393,0.667702554520044,-0.011618142205177125,0.655245028444424,1.0,correct
UBFC_A4_L3_C050_SEED101/Eval_On_PURE,PURE,old,204,24,window,720,960,24.0,32.0,8.0,68.0,70.0,-2.0,2.0,2.857142857142857,0.5974894679020964,nan,240,0.03507076127050525,0.678141664872292,0.02343185297194541,0.6588102265873016,1.0,correct
UBFC_A4_L3_C050_SEED101/Eval_On_PURE,PURE,old,204,25,window,750,990,25.0,33.0,8.0,68.0,70.0,-2.0,2.0,2.857142857142857,0.642999355066268,nan,240,0.06467411497257992,0.6821195389743506,0.00967949845952752,0.6091443247255992,1.0,correct
UBFC_A4_L3_C050_SEED101/Eval_On_PURE,PURE,old,204,26,window,780,1020,26.0,34.0,8.0,68.0,70.0,-2.0,2.0,2.857142857142857,0.7169133373525639,nan,240,0.0741545106395615,0.6686498848836323,0.0029182645008852,0.728669231186563,1.0,correct
UBFC_A4_L3_C050_SEED101/Eval_On_PURE,PURE,old,204,27,window,810,1050,27.0,35.0,8.0,69.0,70.0,-1.0,1.0,1.4285714285714286,0.7823319290239515,nan,240,0.06363815014472247,0.6539567956289319,-0.009362353582833157,0.8494459493977689,1.0,correct
UBFC_A4_L3_C050_SEED101/Eval_On_PURE,PURE,old,204,28,window,840,1080,28.0,36.0,8.0,68.0,69.0,-1.0,1.0,1.4492753623188406,0.6482502525067237,nan,240,0.07096340612965482,0.6663882987279997,-0.003419083173870217,0.5907354041896096,1.0,correct
UBFC_A4_L3_C050_SEED101/Eval_On_PURE,PURE,old,204,29,window,870,1110,29.0,37.0,8.0,70.0,69.0,1.0,1.0,1.4492753623188406,0.5636555731834737,nan,240,0.053415798409597315,0.6816166097043167,-0.01072603205705331,0.5992568357837113,1.0,correct
UBFC_A4_L3_C050_SEED101/Eval_On_PURE,PURE,old,204,30,window,900,1140,30.0,38.0,8.0,69.0,70.0,-1.0,1.0,1.4285714285714286,0.6558536624377252,nan,240,0.04894880682923613,0.702032132370975,-8.322500877772828e-05,0.6801798266766148,1.0,correct
UBFC_A4_L3_C050_SEED101/Eval_On_PURE,PURE,old,204,31,window,930,1170,31.0,39.0,8.0,68.0,71.0,-3.0,3.0,4.225352112676056,0.608214633088219,nan,240,0.09568371811969886,0.7018529637086549,0.007262296710322944,0.550982507417614,1.0,correct
UBFC_A4_L3_C050_SEED101/Eval_On_PURE,PURE,old,204,32,window,960,1200,32.0,40.0,8.0,74.0,72.0,2.0,2.0,2.7777777777777777,0.5737220173445949,nan,240,0.11110530966692507,0.6933783146389426,-0.00534921114934608,0.695117760703217,1.0,correct
UBFC_A4_L3_C050_SEED101/Eval_On_PURE,PURE,old,204,33,window,990,1230,33.0,41.0,8.0,75.0,73.0,2.0,2.0,2.73972602739726,0.6954948966848091,nan,240,0.08942077680429783,0.6790323310555012,-0.0018342752928217655,0.7708399705736304,1.0,correct
UBFC_A4_L3_C050_SEED101/Eval_On_PURE,PURE,old,204,34,window,1020,1260,34.0,42.0,8.0,75.0,73.0,2.0,2.0,2.73972602739726,0.5754850199001772,nan,240,0.05098606564064636,0.6742956935421546,-0.016067928060392277,0.740895166936486,1.0,correct
UBFC_A4_L3_C050_SEED101/Eval_On_PURE,PURE,old,204,35,window,1050,1290,35.0,43.0,8.0,73.0,73.0,0.0,0.0,0.0,0.4703494764219616,nan,240,0.03689444768099164,0.6581734294030156,-0.00524997723642829,0.5904404795380023,1.0,correct
UBFC_A4_L3_C050_SEED101/Eval_On_PURE,PURE,old,204,36,window,1080,1320,36.0,44.0,8.0,75.0,72.0,3.0,3.0,4.166666666666666,0.4403924472818648,nan,240,-0.03271767351621737,0.7561041986301004,0.026349374700360677,0.6198289630086303,1.0,correct
UBFC_A4_L3_C050_SEED101/Eval_On_PURE,PURE,old,204,37,window,1110,1350,37.0,45.0,8.0,68.0,70.0,-2.0,2.0,2.857142857142857,0.49884778326634244,nan,240,-0.09227941036605855,0.8361366172867953,-0.0013765394736413028,0.7031359737102162,1.0,correct
UBFC_A4_L3_C050_SEED101/Eval_On_PURE,PURE,old,204,38,window,1140,1380,38.0,46.0,8.0,67.0,69.0,-2.0,2.0,2.898550724637681,0.6372623598766705,nan,240,-0.17000866963214417,0.8829449637600422,0.0021708174652140754,0.669036063247305,1.0,correct
UBFC_A4_L3_C050_SEED101/Eval_On_PURE,PURE,old,204,39,window,1170,1410,39.0,47.0,8.0,51.0,67.0,-16.0,16.0,23.88059701492537,0.18111487887220007,nan,240,-0.24435960182907182,0.8964534743727051,-0.006939396291902277,0.6652042664135008,1.0,large_error
UBFC_A4_L3_C050_SEED101/Eval_On_PURE,PURE,old,204,40,window,1200,1440,40.0,48.0,8.0,49.0,67.0,-18.0,18.0,26.865671641791046,0.21571986490815262,nan,240,-0.30612779121053496,0.9115287606975776,0.0031081838660349747,0.6310505806251543,1.0,large_error
UBFC_A4_L3_C050_SEED101/Eval_On_PURE,PURE,old,204,41,window,1230,1470,41.0,49.0,8.0,57.0,67.0,-10.0,10.0,14.925373134328357,0.33692796710099493,nan,240,-0.3495592644555397,0.9443136774519961,-0.004534782362318363,0.6200399198022898,1.0,large_error
UBFC_A4_L3_C050_SEED101/Eval_On_PURE,PURE,old,204,42,window,1260,1500,42.0,50.0,8.0,68.0,68.0,0.0,0.0,0.0,0.4864626946464272,nan,240,-0.3355161856779139,0.9845883682634424,0.013130403724123786,0.6337248306581438,1.0,correct
UBFC_A4_L3_C050_SEED101/Eval_On_PURE,PURE,old,204,43,window,1290,1530,43.0,51.0,8.0,50.0,69.0,-19.0,19.0,27.536231884057973,0.47255416684693197,nan,240,-0.2722141581443612,1.0815908292810248,-0.002607437773997712,0.5452577243912888,1.0,large_error
UBFC_A4_L3_C050_SEED101/Eval_On_PURE,PURE,old,204,44,window,1320,1560,44.0,52.0,8.0,69.0,69.0,0.0,0.0,0.0,0.30404243372109074,nan,240,-0.169476125463607,1.093570766292077,0.0059461623875919885,0.6989774026883704,1.0,correct
UBFC_A4_L3_C050_SEED101/Eval_On_PURE,PURE,old,204,45,window,1350,1590,45.0,53.0,8.0,54.0,70.0,-16.0,16.0,22.857142857142858,0.27349465857137967,nan,240,-0.10525601397283693,1.0518964317765624,0.005775473851610159,0.6094700862049571,1.0,large_error
UBFC_A4_L3_C050_SEED101/Eval_On_PURE,PURE,old,204,46,window,1380,1620,46.0,54.0,8.0,54.0,70.0,-16.0,16.0,22.857142857142858,0.3660060511980991,nan,240,-0.07722532976847475,1.0477595216621753,0.011492224074335167,0.6491915822034428,1.0,large_error
UBFC_A4_L3_C050_SEED101/Eval_On_PURE,PURE,old,204,47,window,1410,1650,47.0,55.0,8.0,68.0,70.0,-2.0,2.0,2.857142857142857,0.5430949359491201,nan,240,-0.08038453710162215,1.0653466176687518,0.0034660431253426697,0.6818205461054174,1.0,correct
UBFC_A4_L3_C050_SEED101/Eval_On_PURE,PURE,old,204,48,window,1440,1680,48.0,56.0,8.0,48.0,71.0,-23.0,23.0,32.3943661971831,0.42093518100486876,nan,240,0.021624021014937767,1.1266461255943643,0.010271212974906985,0.4118762030859689,1.0,large_error
UBFC_A4_L3_C050_SEED101/Eval_On_PURE,PURE,old,204,49,window,1470,1710,49.0,57.0,8.0,91.0,71.0,20.0,20.0,28.169014084507044,0.33495069737251665,nan,240,0.14096106711554382,1.1543717264928424,0.016650131194562195,0.5353343487398124,1.0,super_harmonic_1p5x
UBFC_A4_L3_C050_SEED101/Eval_On_PURE,PURE,old,204,50,window,1500,1740,50.0,58.0,8.0,59.0,72.0,-13.0,13.0,18.055555555555554,0.4391986737650004,nan,240,0.19272602449789508,1.1437771723249415,-0.0020068344441462682,0.5841630059874131,1.0,large_error
UBFC_A4_L3_C050_SEED101/Eval_On_PURE,PURE,old,204,51,window,1530,1770,51.0,59.0,8.0,47.0,73.0,-26.0,26.0,35.61643835616438,0.2732344631300215,nan,240,0.0936145621315284,1.1395239794811574,-0.02381124117233444,0.6220040423104958,1.0,large_error
UBFC_A4_L3_C050_SEED101/Eval_On_PURE,PURE,old,204,52,window,1560,1800,52.0,60.0,8.0,48.0,73.0,-25.0,25.0,34.24657534246575,0.2186696068801238,nan,240,0.05866496423749563,1.1555321408599053,-0.009586397428834863,0.5164009775719158,1.0,large_error
UBFC_A4_L3_C050_SEED101/Eval_On_PURE,PURE,old,204,53,window,1590,1830,53.0,61.0,8.0,90.0,74.0,16.0,16.0,21.62162162162162,0.21644021237609468,nan,240,0.12364783430299288,1.1959566461511792,0.008635246983981503,0.6157330085800808,1.0,large_error
UBFC_A4_L3_C050_SEED101/Eval_On_PURE,PURE,old,204,54,window,1620,1860,54.0,62.0,8.0,53.0,75.0,-22.0,22.0,29.333333333333332,0.18025929523504486,nan,240,0.2215624591239233,1.2052036263265584,0.010976942160887982,0.49445907665937433,1.0,large_error
UBFC_A4_L3_C050_SEED101/Eval_On_PURE,PURE,old,204,55,window,1650,1890,55.0,63.0,8.0,75.0,75.0,0.0,0.0,0.0,0.520169249005494,nan,240,0.27233444352535596,1.236730061709173,-0.00610830698149561,0.5825809033303541,1.0,correct
UBFC_A4_L3_C050_SEED101/Eval_On_PURE,PURE,old,204,56,window,1680,1920,56.0,64.0,8.0,75.0,76.0,-1.0,1.0,1.3157894736842104,0.30442970231727273,nan,240,0.29591339132085165,1.2714093081938345,-0.014544119051605511,0.8531056975823732,1.0,correct
UBFC_A4_L3_C050_SEED101/Eval_On_PURE,PURE,old,204,57,window,1710,1950,57.0,65.0,8.0,74.0,76.0,-2.0,2.0,2.631578947368421,0.373195381350749,nan,240,0.2834471425422534,1.2741725012784677,-0.0071021118014474366,0.679831886151533,1.0,correct
UBFC_A4_L3_C050_SEED101/Eval_On_PURE,PURE,old,204,58,window,1740,1980,58.0,66.0,8.0,60.0,76.0,-16.0,16.0,21.052631578947366,0.08211102862889648,nan,240,0.27002120479327124,1.3301332610279095,0.0032498873751359973,0.5006024771527443,1.0,large_error
UBFC_A4_L3_C050_SEED101/Eval_On_PURE,PURE,old,204,59,window,1770,2010,59.0,67.0,8.0,75.0,76.0,-1.0,1.0,1.3157894736842104,0.4850148986256699,nan,240,0.305913849652419,1.359609056139621,0.022157080019995324,0.5027551366911434,1.0,correct
UBFC_A4_L3_C050_SEED101/Eval_On_PURE,PURE,old,204,60,window,1800,2040,60.0,68.0,8.0,74.0,76.0,-2.0,2.0,2.631578947368421,0.4245157005222483,nan,240,0.3260492891914648,1.3670033982974321,-0.0015860253669988745,0.38736790773006746,1.0,correct
UBFC_A4_L3_C050_SEED101/Eval_On_PURE,PURE,old,204,61,window,1830,2070,61.0,69.0,8.0,76.0,76.0,0.0,0.0,0.0,0.4974814122494332,nan,240,0.2333339041826345,1.3641093124434769,0.004173563890723484,0.37895346436196536,1.0,correct
UBFC_A4_L3_C050_SEED101/Eval_On_PURE,PURE,old,205,0,window,0,240,0.0,8.0,8.0,74.0,75.0,-1.0,1.0,1.3333333333333335,0.7517657640723419,nan,240,-0.1114641886610855,0.8976126308948494,0.012863835055617218,0.9600512616891503,1.0,correct
UBFC_A4_L3_C050_SEED101/Eval_On_PURE,PURE,old,205,1,window,30,270,1.0,9.0,8.0,74.0,74.0,0.0,0.0,0.0,0.5757671757984758,nan,240,-0.14363940476309298,0.9263602114613767,0.03401803122004195,0.9799299596179785,1.0,correct
UBFC_A4_L3_C050_SEED101/Eval_On_PURE,PURE,old,205,2,window,60,300,2.0,10.0,8.0,74.0,73.0,1.0,1.0,1.36986301369863,0.4556241616338536,nan,240,-0.24697903375035266,0.9074687102340586,0.00776154461478797,0.941379925153183,1.0,correct
UBFC_A4_L3_C050_SEED101/Eval_On_PURE,PURE,old,205,3,window,90,330,3.0,11.0,8.0,72.0,72.0,0.0,0.0,0.0,0.5597633577912183,nan,240,-0.2813693185184923,0.8908023843079298,-0.0316223154821934,0.9408520974092882,1.0,correct
UBFC_A4_L3_C050_SEED101/Eval_On_PURE,PURE,old,205,4,window,120,360,4.0,12.0,8.0,72.0,72.0,0.0,0.0,0.0,0.6630139269959573,nan,240,-0.21445755221922744,0.9141417381131641,0.008525346182608685,0.9001032508580025,1.0,correct
UBFC_A4_L3_C050_SEED101/Eval_On_PURE,PURE,old,205,5,window,150,390,5.0,13.0,8.0,73.0,72.0,1.0,1.0,1.3888888888888888,0.6753299071017489,nan,240,-0.15863869343905396,0.8925304087834267,0.027561123196989522,0.9258715382143415,1.0,correct
UBFC_A4_L3_C050_SEED101/Eval_On_PURE,PURE,old,205,6,window,180,420,6.0,14.0,8.0,74.0,73.0,1.0,1.0,1.36986301369863,0.6659169105071289,nan,240,-0.15753914883080183,0.8817568550016626,0.012305786990759448,0.9439844656984576,1.0,correct
UBFC_A4_L3_C050_SEED101/Eval_On_PURE,PURE,old,205,7,window,210,450,7.0,15.0,8.0,75.0,74.0,1.0,1.0,1.3513513513513513,0.46128869060211464,nan,240,-0.1127887661797943,0.9089164846702386,-0.012333917217594468,0.9852080164735002,1.0,correct
UBFC_A4_L3_C050_SEED101/Eval_On_PURE,PURE,old,205,8,window,240,480,8.0,16.0,8.0,75.0,74.0,1.0,1.0,1.3513513513513513,0.7825630069260423,nan,240,-0.08468778148652838,0.9108397808102019,-0.006881465879009239,0.9303713413521989,1.0,correct
UBFC_A4_L3_C050_SEED101/Eval_On_PURE,PURE,old,205,9,window,270,510,9.0,17.0,8.0,75.0,74.0,1.0,1.0,1.3513513513513513,0.71825663891008,nan,240,-0.047741180962692316,0.8953973482951919,0.004705364742797843,0.9585019609937911,1.0,correct
UBFC_A4_L3_C050_SEED101/Eval_On_PURE,PURE,old,205,10,window,300,540,10.0,18.0,8.0,74.0,73.0,1.0,1.0,1.36986301369863,0.6968718855410854,nan,240,0.018549367724607222,0.8742333106210934,0.03335332877932021,0.9814098712165367,1.0,correct
UBFC_A4_L3_C050_SEED101/Eval_On_PURE,PURE,old,205,11,window,330,570,11.0,19.0,8.0,73.0,72.0,1.0,1.0,1.3888888888888888,0.6984134839075044,nan,240,0.017995633573466778,0.8734375732937317,0.009602908884380802,0.9603517799018723,1.0,correct
UBFC_A4_L3_C050_SEED101/Eval_On_PURE,PURE,old,205,12,window,360,600,12.0,20.0,8.0,70.0,70.0,0.0,0.0,0.0,0.7394982506617648,nan,240,-0.05154851594418506,0.8736135948211453,-0.004794031689586506,0.9447897000817146,1.0,correct
UBFC_A4_L3_C050_SEED101/Eval_On_PURE,PURE,old,205,13,window,390,630,13.0,21.0,8.0,68.0,69.0,-1.0,1.0,1.4492753623188406,0.6738302282852796,nan,240,-0.053226622278206646,0.8902072474114032,0.006787031184769509,0.9501326621266355,1.0,correct
UBFC_A4_L3_C050_SEED101/Eval_On_PURE,PURE,old,205,14,window,420,660,14.0,22.0,8.0,67.0,69.0,-2.0,2.0,2.898550724637681,0.5666193727758906,nan,240,0.04572354433947859,0.9455699232405579,0.015117535700840267,0.9699814196977257,1.0,correct
UBFC_A4_L3_C050_SEED101/Eval_On_PURE,PURE,old,205,15,window,450,690,15.0,23.0,8.0,67.0,70.0,-3.0,3.0,4.285714285714286,0.4821946659282677,nan,240,0.045967990300309625,0.9354342693372854,0.012634082851439958,0.9231947686404625,1.0,correct
UBFC_A4_L3_C050_SEED101/Eval_On_PURE,PURE,old,205,16,window,480,720,16.0,24.0,8.0,71.0,71.0,0.0,0.0,0.0,0.6709587257952363,nan,240,0.018154767761905492,0.9373372371437371,0.0018948179856556658,0.9222436604027622,1.0,correct
UBFC_A4_L3_C050_SEED101/Eval_On_PURE,PURE,old,205,17,window,510,750,17.0,25.0,8.0,74.0,72.0,2.0,2.0,2.7777777777777777,0.5266150654479977,nan,240,0.017335061614485267,0.9451863941036047,-0.0033659423513918837,0.9499364775038703,1.0,correct
UBFC_A4_L3_C050_SEED101/Eval_On_PURE,PURE,old,205,18,window,540,780,18.0,26.0,8.0,75.0,74.0,1.0,1.0,1.3513513513513513,0.5713856187538209,nan,240,0.05590826446114709,0.9572059839292574,-0.022317224242415237,0.9551123150222256,1.0,correct
UBFC_A4_L3_C050_SEED101/Eval_On_PURE,PURE,old,205,19,window,570,810,19.0,27.0,8.0,75.0,74.0,1.0,1.0,1.3513513513513513,0.7017122143435872,nan,240,0.059751388127342445,0.9466777137399067,0.006872275362507705,0.9281317316673227,1.0,correct
UBFC_A4_L3_C050_SEED101/Eval_On_PURE,PURE,old,205,20,window,600,840,20.0,28.0,8.0,74.0,73.0,1.0,1.0,1.36986301369863,0.7393220955363614,nan,240,0.053613958854714164,0.9268793842400617,0.03522370571696457,0.981781187901867,1.0,correct
UBFC_A4_L3_C050_SEED101/Eval_On_PURE,PURE,old,205,21,window,630,870,21.0,29.0,8.0,73.0,72.0,1.0,1.0,1.3888888888888888,0.6856397783187907,nan,240,0.021048500821721303,0.9172135270763441,0.005383394207501198,0.9485953375534653,1.0,correct
UBFC_A4_L3_C050_SEED101/Eval_On_PURE,PURE,old,205,22,window,660,900,22.0,30.0,8.0,72.0,71.0,1.0,1.0,1.4084507042253522,0.7333911850332016,nan,240,-0.0896559376434397,0.8717800414820205,0.0032527893385533293,0.9557629563550255,1.0,correct
UBFC_A4_L3_C050_SEED101/Eval_On_PURE,PURE,old,205,23,window,690,930,23.0,31.0,8.0,70.0,70.0,0.0,0.0,0.0,0.7684183584350701,nan,240,-0.1076770590993705,0.8837926852602943,-0.028232453514512017,0.9592641506638891,1.0,correct
UBFC_A4_L3_C050_SEED101/Eval_On_PURE,PURE,old,205,24,window,720,960,24.0,32.0,8.0,69.0,70.0,-1.0,1.0,1.4285714285714286,0.7778154602593307,nan,240,-0.03133636102734797,0.9195268913359754,0.033093462205318065,0.9702538161671483,1.0,correct
UBFC_A4_L3_C050_SEED101/Eval_On_PURE,PURE,old,205,25,window,750,990,25.0,33.0,8.0,71.0,71.0,0.0,0.0,0.0,0.735239379870006,nan,240,0.006882388573031273,0.9256558498197347,0.008893248194341322,0.9468053760421481,1.0,correct
UBFC_A4_L3_C050_SEED101/Eval_On_PURE,PURE,old,205,26,window,780,1020,26.0,34.0,8.0,73.0,73.0,0.0,0.0,0.0,0.8106152215701558,nan,240,-0.011782136838147854,0.9376555508736097,0.002471948662575585,0.9452315698367804,1.0,correct
UBFC_A4_L3_C050_SEED101/Eval_On_PURE,PURE,old,205,27,window,810,1050,27.0,35.0,8.0,74.0,74.0,0.0,0.0,0.0,0.7326852703272921,nan,240,0.03708856670854336,0.9663531800207713,-0.021285887402185726,0.9822384871920419,1.0,correct
UBFC_A4_L3_C050_SEED101/Eval_On_PURE,PURE,old,205,28,window,840,1080,28.0,36.0,8.0,75.0,75.0,0.0,0.0,0.0,0.9019366702039202,nan,240,0.09354303781150244,0.967069268954038,-2.1939984342062014e-05,0.9555459784850031,1.0,correct
UBFC_A4_L3_C050_SEED101/Eval_On_PURE,PURE,old,205,29,window,870,1110,29.0,37.0,8.0,75.0,75.0,0.0,0.0,0.0,0.8883161612801358,nan,240,0.10867029414605094,0.9673368183607803,0.002340960368813109,0.9365172159593875,1.0,correct
UBFC_A4_L3_C050_SEED101/Eval_On_PURE,PURE,old,205,30,window,900,1140,30.0,38.0,8.0,75.0,75.0,0.0,0.0,0.0,0.8255659404500707,nan,240,0.11327739397832128,0.9635814542983213,0.033076654448253556,0.9519630052510778,1.0,correct
UBFC_A4_L3_C050_SEED101/Eval_On_PURE,PURE,old,205,31,window,930,1170,31.0,39.0,8.0,75.0,75.0,0.0,0.0,0.0,0.7893362646381294,nan,240,0.09654321249445656,0.9589304215751767,-0.005492934651258913,0.9617566078813854,1.0,correct
UBFC_A4_L3_C050_SEED101/Eval_On_PURE,PURE,old,205,32,window,960,1200,32.0,40.0,8.0,75.0,75.0,0.0,0.0,0.0,0.8992848566321845,nan,240,0.07727939169146253,0.9439061239858337,0.003740262403151003,0.9497565084009604,1.0,correct
UBFC_A4_L3_C050_SEED101/Eval_On_PURE,PURE,old,205,33,window,990,1230,33.0,41.0,8.0,74.0,75.0,-1.0,1.0,1.3333333333333335,0.8765016948478278,nan,240,0.07584018473245094,0.9506192618208182,0.007156502698892849,0.9615523445914073,1.0,correct
UBFC_A4_L3_C050_SEED101/Eval_On_PURE,PURE,old,205,34,window,1020,1260,34.0,42.0,8.0,74.0,75.0,-1.0,1.0,1.3333333333333335,0.8195679516091254,nan,240,0.075890368127975,0.9546172165846049,0.02651647303587981,0.9714985232818231,1.0,correct
UBFC_A4_L3_C050_SEED101/Eval_On_PURE,PURE,old,205,35,window,1050,1290,35.0,43.0,8.0,75.0,75.0,0.0,0.0,0.0,0.7041289319818186,nan,240,0.0756000968033372,0.9611429656360037,-0.009029952469706667,0.9833168652201631,1.0,correct
UBFC_A4_L3_C050_SEED101/Eval_On_PURE,PURE,old,205,36,window,1080,1320,36.0,44.0,8.0,75.0,75.0,0.0,0.0,0.0,0.9006327290088365,nan,240,0.10378322379138234,0.995501260102075,-0.0029222037820151293,0.9548970495731017,1.0,correct
UBFC_A4_L3_C050_SEED101/Eval_On_PURE,PURE,old,205,37,window,1110,1350,37.0,45.0,8.0,75.0,75.0,0.0,0.0,0.0,0.8520939450727001,nan,240,0.14943651137712716,1.0252260834509945,0.003836684154715943,0.9658732237877743,1.0,correct
UBFC_A4_L3_C050_SEED101/Eval_On_PURE,PURE,old,205,38,window,1140,1380,38.0,46.0,8.0,75.0,75.0,0.0,0.0,0.0,0.8076113163985105,nan,240,0.17044816702160787,1.0563222157669738,0.02874741576016754,0.965167837308111,1.0,correct
UBFC_A4_L3_C050_SEED101/Eval_On_PURE,PURE,old,205,39,window,1170,1410,39.0,47.0,8.0,75.0,75.0,0.0,0.0,0.0,0.7332628461401698,nan,240,0.1966402017614392,1.0830873170891948,-0.0064664525595124756,0.9895000112474759,1.0,correct
UBFC_A4_L3_C050_SEED101/Eval_On_PURE,PURE,old,205,40,window,1200,1440,40.0,48.0,8.0,75.0,75.0,0.0,0.0,0.0,0.9272262216331048,nan,240,0.22804298975707357,1.1189478576719618,-1.1557088093777645e-06,0.9546743898397414,1.0,correct
UBFC_A4_L3_C050_SEED101/Eval_On_PURE,PURE,old,205,41,window,1230,1470,41.0,49.0,8.0,75.0,75.0,0.0,0.0,0.0,0.8890268411784233,nan,240,0.23964842821834964,1.1566522364746725,0.006529971145672494,0.9607177003630817,1.0,correct
UBFC_A4_L3_C050_SEED101/Eval_On_PURE,PURE,old,205,42,window,1260,1500,42.0,50.0,8.0,75.0,75.0,0.0,0.0,0.0,0.844029158922107,nan,240,0.22839625444925224,1.1885301745327561,0.025004137544408146,0.9677885015949522,1.0,correct
UBFC_A4_L3_C050_SEED101/Eval_On_PURE,PURE,old,205,43,window,1290,1530,43.0,51.0,8.0,75.0,75.0,0.0,0.0,0.0,0.7397665987498847,nan,240,0.2264480822103684,1.2060648716242974,-0.01126417046263027,0.9863734446623158,1.0,correct
UBFC_A4_L3_C050_SEED101/Eval_On_PURE,PURE,old,205,44,window,1320,1560,44.0,52.0,8.0,75.0,75.0,0.0,0.0,0.0,0.9176644247316419,nan,240,0.23362404364721712,1.2247268062342063,-0.0013933716491209096,0.9547467117287884,1.0,correct
UBFC_A4_L3_C050_SEED101/Eval_On_PURE,PURE,old,205,45,window,1350,1590,45.0,53.0,8.0,75.0,75.0,0.0,0.0,0.0,0.8882113571107373,nan,240,0.17875549990439446,1.2254747240034753,0.002811842192643997,0.9603516560806058,1.0,correct
UBFC_A4_L3_C050_SEED101/Eval_On_PURE,PURE,old,205,46,window,1380,1620,46.0,54.0,8.0,75.0,75.0,0.0,0.0,0.0,0.8415338158686309,nan,240,0.11995548330693988,1.2230552116165907,0.02122383545978668,0.9728212126810157,1.0,correct
UBFC_A4_L3_C050_SEED101/Eval_On_PURE,PURE,old,205,47,window,1410,1650,47.0,55.0,8.0,75.0,76.0,-1.0,1.0,1.3157894736842104,0.8100515899515999,nan,240,0.11602678374522044,1.1973511428758192,-0.004989691505134394,0.9647933254891714,1.0,correct
UBFC_A4_L3_C050_SEED101/Eval_On_PURE,PURE,old,205,48,window,1440,1680,48.0,56.0,8.0,76.0,76.0,0.0,0.0,0.0,0.860909566910981,nan,240,0.04484876851854906,1.1499944354709262,-0.003198815107374959,0.9653466504510494,1.0,correct
UBFC_A4_L3_C050_SEED101/Eval_On_PURE,PURE,old,205,49,window,1470,1710,49.0,57.0,8.0,76.0,77.0,-1.0,1.0,1.2987012987012987,0.8194515600467172,nan,240,-0.04269154281883821,1.1071662230788273,0.012039116935689698,0.9707687854042805,1.0,correct
UBFC_A4_L3_C050_SEED101/Eval_On_PURE,PURE,old,205,50,window,1500,1740,50.0,58.0,8.0,75.0,76.0,-1.0,1.0,1.3157894736842104,0.813036682009787,nan,240,-0.11371161241117517,1.0556681667643908,0.01739027704509883,0.9774314353464307,1.0,correct
UBFC_A4_L3_C050_SEED101/Eval_On_PURE,PURE,old,205,51,window,1530,1770,51.0,59.0,8.0,75.0,76.0,-1.0,1.0,1.3157894736842104,0.8315606391913893,nan,240,-0.16574254926022816,0.9941822830356852,-0.010000564091704911,0.956441408379576,1.0,correct
UBFC_A4_L3_C050_SEED101/Eval_On_PURE,PURE,old,205,52,window,1560,1800,52.0,60.0,8.0,75.0,75.0,0.0,0.0,0.0,0.8677099207105878,nan,240,-0.24032854528927136,0.9082971139494943,-0.008870873872159868,0.9621170147507239,1.0,correct
UBFC_A4_L3_C050_SEED101/Eval_On_PURE,PURE,old,205,53,window,1590,1830,53.0,61.0,8.0,74.0,74.0,0.0,0.0,0.0,0.8166791949527247,nan,240,-0.25372909663308024,0.8784764714408797,0.028663200017303596,0.9817299408408194,1.0,correct
UBFC_A4_L3_C050_SEED101/Eval_On_PURE,PURE,old,205,54,window,1620,1860,54.0,62.0,8.0,74.0,73.0,1.0,1.0,1.36986301369863,0.7687543209523923,nan,240,-0.24150310086767537,0.8777139343294291,0.010861054452929652,0.9641085779995436,1.0,correct
UBFC_A4_L3_C050_SEED101/Eval_On_PURE,PURE,old,205,55,window,1650,1890,55.0,63.0,8.0,74.0,73.0,1.0,1.0,1.36986301369863,0.7005891732700176,nan,240,-0.22593304209841106,0.965895557326603,-0.01361481371666356,0.9551796795546081,1.0,correct
UBFC_A4_L3_C050_SEED101/Eval_On_PURE,PURE,old,205,56,window,1680,1920,56.0,64.0,8.0,74.0,73.0,1.0,1.0,1.36986301369863,0.7841501540230512,nan,240,-0.14083758655402984,1.0364898367283766,-0.003993914717351608,0.9400469669989117,1.0,correct
UBFC_A4_L3_C050_SEED101/Eval_On_PURE,PURE,old,206,0,window,0,240,0.0,8.0,8.0,69.0,70.0,-1.0,1.0,1.4285714285714286,0.8400878345069763,nan,240,-0.07967665469076847,1.0022278765105217,-0.011569293721897038,0.9633787570350449,1.0,correct
UBFC_A4_L3_C050_SEED101/Eval_On_PURE,PURE,old,206,1,window,30,270,1.0,9.0,8.0,68.0,69.0,-1.0,1.0,1.4492753623188406,0.7592840715320012,nan,240,-0.06776024989244107,1.0162485152551979,0.01424817936175166,0.9877666801492169,1.0,correct
UBFC_A4_L3_C050_SEED101/Eval_On_PURE,PURE,old,206,2,window,60,300,2.0,10.0,8.0,68.0,70.0,-2.0,2.0,2.857142857142857,0.8248157123001327,nan,240,-0.12394622773787017,0.9626925178033663,0.007780650521360813,0.9519558423069313,1.0,correct
UBFC_A4_L3_C050_SEED101/Eval_On_PURE,PURE,old,206,3,window,90,330,3.0,11.0,8.0,70.0,70.0,0.0,0.0,0.0,0.8571782013921754,nan,240,-0.17710705210639457,0.908154734589281,-0.004851409914111079,0.9452909701908981,1.0,correct
UBFC_A4_L3_C050_SEED101/Eval_On_PURE,PURE,old,206,4,window,120,360,4.0,12.0,8.0,74.0,71.0,3.0,3.0,4.225352112676056,0.6406845387157137,nan,240,-0.19107917557661291,0.8959100716750639,-0.000473638393849507,0.9524916111900563,1.0,correct
UBFC_A4_L3_C050_SEED101/Eval_On_PURE,PURE,old,206,5,window,150,390,5.0,13.0,8.0,73.0,72.0,1.0,1.0,1.3888888888888888,0.758320182893028,nan,240,-0.10719502116808362,0.9320340390290635,-0.010411849282408259,0.9513846179871837,1.0,correct
UBFC_A4_L3_C050_SEED101/Eval_On_PURE,PURE,old,206,6,window,180,420,6.0,14.0,8.0,74.0,74.0,0.0,0.0,0.0,0.7538458636352994,nan,240,-0.04741009221725804,0.911759272843544,0.0042717000445244195,0.9575810025837194,1.0,correct
UBFC_A4_L3_C050_SEED101/Eval_On_PURE,PURE,old,206,7,window,210,450,7.0,15.0,8.0,74.0,74.0,0.0,0.0,0.0,0.7980604713067604,nan,240,-0.017564092427621456,0.8808846137563978,0.019743813479382685,0.9749469517742315,1.0,correct
UBFC_A4_L3_C050_SEED101/Eval_On_PURE,PURE,old,206,8,window,240,480,8.0,16.0,8.0,75.0,75.0,0.0,0.0,0.0,0.792620537186067,nan,240,0.008428087832271277,0.8735562631652828,0.01575861881966453,0.959298393304291,1.0,correct
UBFC_A4_L3_C050_SEED101/Eval_On_PURE,PURE,old,206,9,window,270,510,9.0,17.0,8.0,75.0,75.0,0.0,0.0,0.0,0.8050794562833017,nan,240,0.02058918831308939,0.8706421555252685,-0.019453457974080053,0.935605150981662,1.0,correct
UBFC_A4_L3_C050_SEED101/Eval_On_PURE,PURE,old,206,10,window,300,540,10.0,18.0,8.0,74.0,75.0,-1.0,1.0,1.3333333333333335,0.8164245766606031,nan,240,-0.015313716965613714,0.8757085387234373,0.0017764729278990068,0.9564202285878245,1.0,correct
UBFC_A4_L3_C050_SEED101/Eval_On_PURE,PURE,old,206,11,window,330,570,11.0,19.0,8.0,74.0,74.0,0.0,0.0,0.0,0.7815893326123587,nan,240,-0.05080366391274347,0.8747622870915958,0.01788733205804336,0.9675471644739984,1.0,correct
UBFC_A4_L3_C050_SEED101/Eval_On_PURE,PURE,old,206,12,window,360,600,12.0,20.0,8.0,73.0,72.0,1.0,1.0,1.3888888888888888,0.7134686227214693,nan,240,-0.06796123027884655,0.8780405845109546,0.011645517773289637,0.9422057212261715,1.0,correct
UBFC_A4_L3_C050_SEED101/Eval_On_PURE,PURE,old,206,13,window,390,630,13.0,21.0,8.0,69.0,70.0,-1.0,1.0,1.4285714285714286,0.730509392189231,nan,240,-0.15099527339494784,0.8299972551563886,0.007904929801418903,0.9444193013807182,1.0,correct
UBFC_A4_L3_C050_SEED101/Eval_On_PURE,PURE,old,206,14,window,420,660,14.0,22.0,8.0,68.0,68.0,0.0,0.0,0.0,0.7001197210206761,nan,240,-0.18799985912279776,0.8206662450933815,-0.0024484196111890463,0.9519738538492187,1.0,correct
UBFC_A4_L3_C050_SEED101/Eval_On_PURE,PURE,old,206,15,window,450,690,15.0,23.0,8.0,67.0,67.0,0.0,0.0,0.0,0.7242442891536893,nan,240,-0.17594570990095584,0.8222153889766478,0.018386705412085647,0.947598104695842,1.0,correct
UBFC_A4_L3_C050_SEED101/Eval_On_PURE,PURE,old,206,16,window,480,720,16.0,24.0,8.0,67.0,68.0,-1.0,1.0,1.4705882352941175,0.6465221279755371,nan,240,-0.11658116263387029,0.8362858832781852,0.01161185812679309,0.9792138978695761,1.0,correct
UBFC_A4_L3_C050_SEED101/Eval_On_PURE,PURE,old,206,17,window,510,750,17.0,25.0,8.0,69.0,69.0,0.0,0.0,0.0,0.6361604561430568,nan,240,-0.11103866795597213,0.8100234837840483,0.01388398455580695,0.9535429039455545,1.0,correct
UBFC_A4_L3_C050_SEED101/Eval_On_PURE,PURE,old,206,18,window,540,780,18.0,26.0,8.0,73.0,70.0,3.0,3.0,4.285714285714286,0.6619152805344588,nan,240,-0.08150004993378009,0.8000087087040956,0.0070281314278751094,0.9572537529639744,1.0,correct
UBFC_A4_L3_C050_SEED101/Eval_On_PURE,PURE,old,206,19,window,570,810,19.0,27.0,8.0,72.0,70.0,2.0,2.0,2.857142857142857,0.7378742721797005,nan,240,-0.04834103556660076,0.803210227408721,0.009624051303141635,0.9747278391864508,1.0,correct
UBFC_A4_L3_C050_SEED101/Eval_On_PURE,PURE,old,206,20,window,600,840,20.0,28.0,8.0,70.0,70.0,0.0,0.0,0.0,0.8223822467527724,nan,240,-0.024088394164143635,0.7937909161054421,-0.004165089609940614,0.9654790611883776,1.0,correct
UBFC_A4_L3_C050_SEED101/Eval_On_PURE,PURE,old,206,21,window,630,870,21.0,29.0,8.0,68.0,69.0,-1.0,1.0,1.4492753623188406,0.7585482951731997,nan,240,-0.01943725162403671,0.8009855821032654,-0.0076213407487244166,0.9510574523769467,1.0,correct
UBFC_A4_L3_C050_SEED101/Eval_On_PURE,PURE,old,206,22,window,660,900,22.0,30.0,8.0,67.0,67.0,0.0,0.0,0.0,0.7820874808422187,nan,240,-0.026674195168441325,0.8128410121096122,0.018443396234373508,0.9652249104182038,1.0,correct
UBFC_A4_L3_C050_SEED101/Eval_On_PURE,PURE,old,206,23,window,690,930,23.0,31.0,8.0,67.0,65.0,2.0,2.0,3.076923076923077,0.8101216865341233,nan,240,-0.03767092911516009,0.823770468977089,0.013272890172630248,0.9731275582034186,1.0,correct
UBFC_A4_L3_C050_SEED101/Eval_On_PURE,PURE,old,206,24,window,720,960,24.0,32.0,8.0,66.0,64.0,2.0,2.0,3.125,0.7694054107074367,nan,240,-0.08398879748198602,0.8260584289301417,0.008223788154936969,0.9462962656931413,1.0,correct
UBFC_A4_L3_C050_SEED101/Eval_On_PURE,PURE,old,206,25,window,750,990,25.0,33.0,8.0,66.0,65.0,1.0,1.0,1.5384615384615385,0.75256336374708,nan,240,-0.0533550975459048,0.8759121284128115,-0.012487435979935464,0.9714992479923032,1.0,correct
UBFC_A4_L3_C050_SEED101/Eval_On_PURE,PURE,old,206,26,window,780,1020,26.0,34.0,8.0,66.0,65.0,1.0,1.0,1.5384615384615385,0.7829162249736613,nan,240,0.030445750354989858,0.9579679958729185,-0.013312221051627205,0.9529074493930136,1.0,correct
UBFC_A4_L3_C050_SEED101/Eval_On_PURE,PURE,old,206,27,window,810,1050,27.0,35.0,8.0,67.0,66.0,1.0,1.0,1.5151515151515151,0.8496644574542886,nan,240,0.10217485294002007,0.982289056944114,0.0034461616724441074,0.9533348732955929,1.0,correct
UBFC_A4_L3_C050_SEED101/Eval_On_PURE,PURE,old,206,28,window,840,1080,28.0,36.0,8.0,67.0,67.0,0.0,0.0,0.0,0.8465827145773849,nan,240,0.1618943464162032,0.9987807085971967,-0.00440607930785446,0.9598090872771955,1.0,correct
UBFC_A4_L3_C050_SEED101/Eval_On_PURE,PURE,old,206,29,window,870,1110,29.0,37.0,8.0,68.0,69.0,-1.0,1.0,1.4492753623188406,0.7858888798386539,nan,240,0.1828031800765775,1.0278003180558957,0.004567544756341826,0.9559084632731761,1.0,correct
UBFC_A4_L3_C050_SEED101/Eval_On_PURE,PURE,old,206,30,window,900,1140,30.0,38.0,8.0,69.0,70.0,-1.0,1.0,1.4285714285714286,0.8015673629686192,nan,240,0.20897489548328704,1.0640207594083135,0.007739235854975583,0.9606948019665359,1.0,correct
UBFC_A4_L3_C050_SEED101/Eval_On_PURE,PURE,old,206,31,window,930,1170,31.0,39.0,8.0,70.0,71.0,-1.0,1.0,1.4084507042253522,0.842830517236518,nan,240,0.2691510625871295,1.1148395886346316,0.012750832468260098,0.9727848229186403,1.0,correct
UBFC_A4_L3_C050_SEED101/Eval_On_PURE,PURE,old,206,32,window,960,1200,32.0,40.0,8.0,70.0,71.0,-1.0,1.0,1.4084507042253522,0.8462887596217548,nan,240,0.29440008281356944,1.1380347741409684,0.018337153363649345,0.960428566441822,1.0,correct
UBFC_A4_L3_C050_SEED101/Eval_On_PURE,PURE,old,206,33,window,990,1230,33.0,41.0,8.0,69.0,70.0,-1.0,1.0,1.4285714285714286,0.8412036079949026,nan,240,0.22341716459065225,1.1474572095157536,0.007195749415745552,0.9517097407678193,1.0,correct
UBFC_A4_L3_C050_SEED101/Eval_On_PURE,PURE,old,206,34,window,1020,1260,34.0,42.0,8.0,68.0,69.0,-1.0,1.0,1.4492753623188406,0.8472567336519642,nan,240,0.11748977833527975,1.132717909542325,0.001671228823624804,0.981876546446201,1.0,correct
UBFC_A4_L3_C050_SEED101/Eval_On_PURE,PURE,old,206,35,window,1050,1290,35.0,43.0,8.0,67.0,68.0,-1.0,1.0,1.4705882352941175,0.9023323613546586,nan,240,0.02709561901662138,1.1370954923423457,-0.002034694835179137,0.969135407815721,1.0,correct
UBFC_A4_L3_C050_SEED101/Eval_On_PURE,PURE,old,206,36,window,1080,1320,36.0,44.0,8.0,67.0,67.0,0.0,0.0,0.0,0.8585598801720135,nan,240,-0.0494388668701771,1.1329629615931187,0.007931105552856473,0.955759507802347,1.0,correct
UBFC_A4_L3_C050_SEED101/Eval_On_PURE,PURE,old,206,37,window,1110,1350,37.0,45.0,8.0,67.0,67.0,0.0,0.0,0.0,0.8886584025162454,nan,240,-0.07165448545063992,1.11316294252943,0.022221278460072033,0.9589656936201885,1.0,correct
UBFC_A4_L3_C050_SEED101/Eval_On_PURE,PURE,old,206,38,window,1140,1380,38.0,46.0,8.0,67.0,67.0,0.0,0.0,0.0,0.8575913229293893,nan,240,-0.06832662416876592,1.091975640425892,0.008651786223969648,0.9841927216136,1.0,correct
UBFC_A4_L3_C050_SEED101/Eval_On_PURE,PURE,old,206,39,window,1170,1410,39.0,47.0,8.0,67.0,68.0,-1.0,1.0,1.4705882352941175,0.8086904673908184,nan,240,-0.033872372318201616,1.0758216743555324,0.00017712448610045505,0.9833399569422974,1.0,correct
UBFC_A4_L3_C050_SEED101/Eval_On_PURE,PURE,old,206,40,window,1200,1440,40.0,48.0,8.0,68.0,69.0,-1.0,1.0,1.4492753623188406,0.8881780480833333,nan,240,-0.03339342863404659,1.040989803362123,0.0010643135184129533,0.960761896674391,1.0,correct
UBFC_A4_L3_C050_SEED101/Eval_On_PURE,PURE,old,206,41,window,1230,1470,41.0,49.0,8.0,70.0,70.0,0.0,0.0,0.0,0.85675730185148,nan,240,-0.05027688084796782,1.0325795944652603,-0.008254028795609691,0.9719498636445587,1.0,correct
UBFC_A4_L3_C050_SEED101/Eval_On_PURE,PURE,old,206,42,window,1260,1500,42.0,50.0,8.0,72.0,71.0,1.0,1.0,1.4084507042253522,0.7914501711815801,nan,240,-0.06017963263667366,1.0417779959470657,-0.0035875509884149117,0.9676314868555593,1.0,correct
UBFC_A4_L3_C050_SEED101/Eval_On_PURE,PURE,old,206,43,window,1290,1530,43.0,51.0,8.0,73.0,72.0,1.0,1.0,1.3888888888888888,0.8573317857699402,nan,240,-0.030226681588058767,1.0455588512299054,-0.024722653435542283,0.9756068409384527,1.0,correct
UBFC_A4_L3_C050_SEED101/Eval_On_PURE,PURE,old,206,44,window,1320,1560,44.0,52.0,8.0,73.0,73.0,0.0,0.0,0.0,0.8628566681287069,nan,240,-0.005496746135262483,1.0438845896122746,0.009674064258765415,0.967985914411086,1.0,correct
UBFC_A4_L3_C050_SEED101/Eval_On_PURE,PURE,old,206,45,window,1350,1590,45.0,53.0,8.0,73.0,73.0,0.0,0.0,0.0,0.8591526324071106,nan,240,-0.008631325321862416,1.0404418030218878,0.03219806467371158,0.9888411204921392,1.0,correct
UBFC_A4_L3_C050_SEED101/Eval_On_PURE,PURE,old,206,46,window,1380,1620,46.0,54.0,8.0,73.0,72.0,1.0,1.0,1.3888888888888888,0.8633527694989124,nan,240,-0.058912163989163414,1.034433678930707,0.01470893564914568,0.9758285196903873,1.0,correct
UBFC_A4_L3_C050_SEED101/Eval_On_PURE,PURE,old,206,47,window,1410,1650,47.0,55.0,8.0,72.0,72.0,0.0,0.0,0.0,0.8752529160490161,nan,240,-0.16359847573806044,0.9947252375732683,0.0006353199893861942,0.9667731470395854,1.0,correct
UBFC_A4_L3_C050_SEED101/Eval_On_PURE,PURE,old,206,48,window,1440,1680,48.0,56.0,8.0,71.0,71.0,0.0,0.0,0.0,0.8680570730431035,nan,240,-0.17402031230040851,1.006246911220234,-0.022940273743733707,0.974326742221057,1.0,correct
UBFC_A4_L3_C050_SEED101/Eval_On_PURE,PURE,old,206,49,window,1470,1710,49.0,57.0,8.0,70.0,71.0,-1.0,1.0,1.4084507042253522,0.7955930468738738,nan,240,-0.07360517743633452,1.058841017093572,0.01783725789808067,0.9586189442738954,1.0,correct
UBFC_A4_L3_C050_SEED101/Eval_On_PURE,PURE,old,206,50,window,1500,1740,50.0,58.0,8.0,72.0,71.0,1.0,1.0,1.4084507042253522,0.770284681518507,nan,240,0.03309808658981232,1.0681369410504982,0.028927245855293812,0.970098586375637,1.0,correct
UBFC_A4_L3_C050_SEED101/Eval_On_PURE,PURE,old,206,51,window,1530,1770,51.0,59.0,8.0,72.0,72.0,0.0,0.0,0.0,0.8628987450218945,nan,240,0.06265265107220984,1.0582075022829531,0.001003199407865509,0.951945387803394,1.0,correct
UBFC_A4_L3_C050_SEED101/Eval_On_PURE,PURE,old,206,52,window,1560,1800,52.0,60.0,8.0,74.0,72.0,2.0,2.0,2.7777777777777777,0.7204661122915241,nan,240,0.07304122001930154,1.068828606232523,0.0020523892988012116,0.9294316383865879,1.0,correct
UBFC_A4_L3_C050_SEED101/Eval_On_PURE,PURE,old,206,53,window,1590,1830,53.0,61.0,8.0,73.0,73.0,0.0,0.0,0.0,0.8113099586455788,nan,240,0.14131406482389222,1.095511765879429,-0.033435962335501376,0.9543547632370938,1.0,correct
UBFC_A4_L3_C050_SEED101/Eval_On_PURE,PURE,old,206,54,window,1620,1860,54.0,62.0,8.0,74.0,73.0,1.0,1.0,1.36986301369863,0.846258012966761,nan,240,0.19293055700303383,1.1058958552376839,0.005363135270255329,0.9230159093089134,1.0,correct
UBFC_A4_L3_C050_SEED101/Eval_On_PURE,PURE,old,206,55,window,1650,1890,55.0,63.0,8.0,73.0,72.0,1.0,1.0,1.3888888888888888,0.8281555594539239,nan,240,0.21800499098410078,1.0950140723069364,0.03505090270043742,0.9785356181385652,1.0,correct
UBFC_A4_L3_C050_SEED101/Eval_On_PURE,PURE,old,206,56,window,1680,1920,56.0,64.0,8.0,71.0,71.0,0.0,0.0,0.0,0.7874192427402991,nan,240,0.20826940208859815,1.1020938651426029,0.00997699898623805,0.9680423230869664,1.0,correct
UBFC_A4_L3_C050_SEED101/Eval_On_PURE,PURE,old,301,0,window,0,240,0.0,8.0,8.0,53.0,54.0,-1.0,1.0,1.8518518518518516,0.7555766662981397,nan,240,-0.02122781249984627,0.8885080276858682,0.010839417441715175,0.9259894811666196,1.0,correct
UBFC_A4_L3_C050_SEED101/Eval_On_PURE,PURE,old,301,1,window,30,270,1.0,9.0,8.0,52.0,53.0,-1.0,1.0,1.8867924528301887,0.7544640881762996,nan,240,-0.017401696437544197,0.8773480670248924,0.014119047332892331,0.9273997700249483,1.0,correct
UBFC_A4_L3_C050_SEED101/Eval_On_PURE,PURE,old,301,2,window,60,300,2.0,10.0,8.0,52.0,52.0,0.0,0.0,0.0,0.7247317917194205,nan,240,-0.002901601640749085,0.8832230856720624,0.02461156281076152,0.9177790743871879,1.0,correct
UBFC_A4_L3_C050_SEED101/Eval_On_PURE,PURE,old,301,3,window,90,330,3.0,11.0,8.0,52.0,52.0,0.0,0.0,0.0,0.7660926380192556,nan,240,0.008029972869262249,0.8938345029163803,0.0009279710152312696,0.9068463087219227,1.0,correct
UBFC_A4_L3_C050_SEED101/Eval_On_PURE,PURE,old,301,4,window,120,360,4.0,12.0,8.0,53.0,53.0,0.0,0.0,0.0,0.7609761210753433,nan,240,0.012339308453954308,0.8992967901549976,-0.025309774984215678,0.91907225156401,1.0,correct
UBFC_A4_L3_C050_SEED101/Eval_On_PURE,PURE,old,301,5,window,150,390,5.0,13.0,8.0,52.0,52.0,0.0,0.0,0.0,0.7440155531545514,nan,240,0.010002231140447782,0.9190160289261825,-0.002100440427038075,0.9376115961102713,1.0,correct
UBFC_A4_L3_C050_SEED101/Eval_On_PURE,PURE,old,301,6,window,180,420,6.0,14.0,8.0,52.0,51.0,1.0,1.0,1.9607843137254901,0.7592603013130979,nan,240,-0.013333320776066882,0.92993527898057,0.009362289722660962,0.9120506049609334,1.0,correct
UBFC_A4_L3_C050_SEED101/Eval_On_PURE,PURE,old,301,7,window,210,450,7.0,15.0,8.0,52.0,51.0,1.0,1.0,1.9607843137254901,0.698393311899889,nan,240,-0.02534570581544768,0.9236524258900758,-0.010800812960047732,0.8851327475605899,1.0,correct
UBFC_A4_L3_C050_SEED101/Eval_On_PURE,PURE,old,301,8,window,240,480,8.0,16.0,8.0,51.0,50.0,1.0,1.0,2.0,0.7685690535754504,nan,240,-0.019115449160038902,0.9027524426710756,0.009639556390815067,0.9189957878659413,1.0,correct
UBFC_A4_L3_C050_SEED101/Eval_On_PURE,PURE,old,301,9,window,270,510,9.0,17.0,8.0,51.0,50.0,1.0,1.0,2.0,0.7955042489305821,nan,240,0.008572717550677034,0.9242470076102823,0.018858349887769302,0.9232465159860447,1.0,correct
UBFC_A4_L3_C050_SEED101/Eval_On_PURE,PURE,old,301,10,window,300,540,10.0,18.0,8.0,52.0,51.0,1.0,1.0,1.9607843137254901,0.7890637274444962,nan,240,0.05160888765530293,0.945984567248585,0.013634800327254004,0.9109392133178059,1.0,correct
UBFC_A4_L3_C050_SEED101/Eval_On_PURE,PURE,old,301,11,window,330,570,11.0,19.0,8.0,53.0,52.0,1.0,1.0,1.9230769230769231,0.7944453979904741,nan,240,0.05216060010085048,0.9498296221035579,-0.02223325579568008,0.9096154878873812,1.0,correct
UBFC_A4_L3_C050_SEED101/Eval_On_PURE,PURE,old,301,12,window,360,600,12.0,20.0,8.0,52.0,52.0,0.0,0.0,0.0,0.8040996821512248,nan,240,0.040846400987849446,0.9527851250537035,-0.004440575313558614,0.9351034118302861,1.0,correct
UBFC_A4_L3_C050_SEED101/Eval_On_PURE,PURE,old,301,13,window,390,630,13.0,21.0,8.0,52.0,52.0,0.0,0.0,0.0,0.8482043334295815,nan,240,0.027531090797323483,0.9419876991133183,0.011415600565785396,0.9198668678542679,1.0,correct
UBFC_A4_L3_C050_SEED101/Eval_On_PURE,PURE,old,301,14,window,420,660,14.0,22.0,8.0,52.0,52.0,0.0,0.0,0.0,0.8069887536925141,nan,240,0.01565621147464263,0.9241704974757763,-0.006470879756062221,0.8776916386682223,1.0,correct
UBFC_A4_L3_C050_SEED101/Eval_On_PURE,PURE,old,301,15,window,450,690,15.0,23.0,8.0,52.0,51.0,1.0,1.0,1.9607843137254901,0.8038492307602302,nan,240,0.016630188639998062,0.9081792035204134,-0.003065195891852161,0.9093373834280384,1.0,correct
UBFC_A4_L3_C050_SEED101/Eval_On_PURE,PURE,old,301,16,window,480,720,16.0,24.0,8.0,51.0,51.0,0.0,0.0,0.0,0.792749172731429,nan,240,0.02195821024311185,0.9159380218703768,0.012089647898201312,0.915748523459371,1.0,correct
UBFC_A4_L3_C050_SEED101/Eval_On_PURE,PURE,old,301,17,window,510,750,17.0,25.0,8.0,52.0,52.0,0.0,0.0,0.0,0.7759890239022514,nan,240,0.025637202986601305,0.905867661315837,0.014993896301333258,0.9145894925609318,1.0,correct
UBFC_A4_L3_C050_SEED101/Eval_On_PURE,PURE,old,301,18,window,540,780,18.0,26.0,8.0,53.0,53.0,0.0,0.0,0.0,0.7694586688160312,nan,240,0.018054503525923533,0.8953296161550724,-0.021709091476314533,0.915174752516862,1.0,correct
UBFC_A4_L3_C050_SEED101/Eval_On_PURE,PURE,old,301,19,window,570,810,19.0,27.0,8.0,53.0,53.0,0.0,0.0,0.0,0.7898153384816853,nan,240,0.017744660776763326,0.8918736517794374,-0.020838252175529336,0.918940844846024,1.0,correct
UBFC_A4_L3_C050_SEED101/Eval_On_PURE,PURE,old,301,20,window,600,840,20.0,28.0,8.0,53.0,54.0,-1.0,1.0,1.8518518518518516,0.7708317198216293,nan,240,0.01283097587009352,0.8920539522490051,-0.002254829081564728,0.9399147159262752,1.0,correct
UBFC_A4_L3_C050_SEED101/Eval_On_PURE,PURE,old,301,21,window,630,870,21.0,29.0,8.0,53.0,53.0,0.0,0.0,0.0,0.8057010598250035,nan,240,0.008061684962717324,0.9029309627618417,0.013130207851762058,0.9216677716273448,1.0,correct
UBFC_A4_L3_C050_SEED101/Eval_On_PURE,PURE,old,301,22,window,660,900,22.0,30.0,8.0,53.0,53.0,0.0,0.0,0.0,0.7919100781331037,nan,240,0.013730091700080408,0.9140017762033633,0.005415947256890489,0.8801677100624304,1.0,correct
UBFC_A4_L3_C050_SEED101/Eval_On_PURE,PURE,old,301,23,window,690,930,23.0,31.0,8.0,52.0,53.0,-1.0,1.0,1.8867924528301887,0.7445755032261401,nan,240,0.04696644512174515,0.9204511798293752,0.002706016722653537,0.9238241160785859,1.0,correct
UBFC_A4_L3_C050_SEED101/Eval_On_PURE,PURE,old,301,24,window,720,960,24.0,32.0,8.0,52.0,52.0,0.0,0.0,0.0,0.8025520924822421,nan,240,0.035459634031287914,0.9273020656923755,0.019909429942434824,0.9298341484573153,1.0,correct
UBFC_A4_L3_C050_SEED101/Eval_On_PURE,PURE,old,301,25,window,750,990,25.0,33.0,8.0,52.0,52.0,0.0,0.0,0.0,0.8184798053383762,nan,240,0.028648032318415485,0.9334700767832383,0.023269830515708065,0.911937574438529,1.0,correct
UBFC_A4_L3_C050_SEED101/Eval_On_PURE,PURE,old,301,26,window,780,1020,26.0,34.0,8.0,53.0,52.0,1.0,1.0,1.9230769230769231,0.8342393396108446,nan,240,0.017403495836937195,0.9318786874932415,-0.02145931599529063,0.9163094900401769,1.0,correct
UBFC_A4_L3_C050_SEED101/Eval_On_PURE,PURE,old,301,27,window,810,1050,27.0,35.0,8.0,53.0,53.0,0.0,0.0,0.0,0.8909440986363241,nan,240,0.0017404509900220836,0.9391466844408644,-0.021206976202110654,0.9142449697936017,1.0,correct
UBFC_A4_L3_C050_SEED101/Eval_On_PURE,PURE,old,301,28,window,840,1080,28.0,36.0,8.0,52.0,52.0,0.0,0.0,0.0,0.871399093605296,nan,240,-0.027685512448471995,0.9474940731713756,-0.0023349903441124567,0.937943629219988,1.0,correct
UBFC_A4_L3_C050_SEED101/Eval_On_PURE,PURE,old,301,29,window,870,1110,29.0,37.0,8.0,53.0,53.0,0.0,0.0,0.0,0.8997615079152415,nan,240,-0.00168484500583345,0.9410384822870919,0.008823043871958274,0.9374666170184867,1.0,correct
UBFC_A4_L3_C050_SEED101/Eval_On_PURE,PURE,old,301,30,window,900,1140,30.0,38.0,8.0,53.0,53.0,0.0,0.0,0.0,0.9026111489420007,nan,240,0.0391293990754525,0.958505054592012,0.017952008353768627,0.8790241190333306,1.0,correct
UBFC_A4_L3_C050_SEED101/Eval_On_PURE,PURE,old,301,31,window,930,1170,31.0,39.0,8.0,52.0,53.0,-1.0,1.0,1.8867924528301887,0.8476199276119779,nan,240,0.04520434445349261,0.9844708326336755,-0.004574338983232303,0.8929219415032602,1.0,correct
UBFC_A4_L3_C050_SEED101/Eval_On_PURE,PURE,old,301,32,window,960,1200,32.0,40.0,8.0,53.0,52.0,1.0,1.0,1.9230769230769231,0.875957690786594,nan,240,0.05538223687357939,0.9947433257470415,-0.004701231989633281,0.9298876068289943,1.0,correct
UBFC_A4_L3_C050_SEED101/Eval_On_PURE,PURE,old,301,33,window,990,1230,33.0,41.0,8.0,52.0,52.0,0.0,0.0,0.0,0.8744629977535763,nan,240,0.04233621954222226,1.0186915055028967,0.024921200823234145,0.9167986137809303,1.0,correct
UBFC_A4_L3_C050_SEED101/Eval_On_PURE,PURE,old,301,34,window,1020,1260,34.0,42.0,8.0,53.0,53.0,0.0,0.0,0.0,0.8964314800667331,nan,240,0.03346320178722242,1.0188217789452125,-0.01008561831201888,0.9129094652110226,1.0,correct
UBFC_A4_L3_C050_SEED101/Eval_On_PURE,PURE,old,301,35,window,1050,1290,35.0,43.0,8.0,54.0,54.0,0.0,0.0,0.0,0.9065843511300822,nan,240,0.045566954046678765,1.0163471337296357,-0.02622863349301029,0.9360155433334783,1.0,correct
UBFC_A4_L3_C050_SEED101/Eval_On_PURE,PURE,old,301,36,window,1080,1320,36.0,44.0,8.0,54.0,54.0,0.0,0.0,0.0,0.9064179585208301,nan,240,0.09143433826527551,1.0124548231772574,-0.02164847556819572,0.9298914810360925,1.0,correct
UBFC_A4_L3_C050_SEED101/Eval_On_PURE,PURE,old,301,37,window,1110,1350,37.0,45.0,8.0,55.0,56.0,-1.0,1.0,1.7857142857142856,0.901327197611726,nan,240,0.08757651010951936,1.0161744103203376,-0.02096940429384146,0.9414526959995313,1.0,correct
UBFC_A4_L3_C050_SEED101/Eval_On_PURE,PURE,old,301,38,window,1140,1380,38.0,46.0,8.0,56.0,56.0,0.0,0.0,0.0,0.8835084850504223,nan,240,0.08608123291610884,1.0057121950059391,-0.011434189116472945,0.9304395598002434,1.0,correct
UBFC_A4_L3_C050_SEED101/Eval_On_PURE,PURE,old,301,39,window,1170,1410,39.0,47.0,8.0,56.0,56.0,0.0,0.0,0.0,0.8703365783333553,nan,240,0.08720818194210186,1.005062513197175,-0.004541893726560712,0.9414575421359842,1.0,correct
UBFC_A4_L3_C050_SEED101/Eval_On_PURE,PURE,old,301,40,window,1200,1440,40.0,48.0,8.0,56.0,56.0,0.0,0.0,0.0,0.866382835943737,nan,240,0.11942052067390313,1.0218538347786457,0.0157198006805311,0.967104252963962,1.0,correct
UBFC_A4_L3_C050_SEED101/Eval_On_PURE,PURE,old,301,41,window,1230,1470,41.0,49.0,8.0,55.0,55.0,0.0,0.0,0.0,0.801457687854428,nan,240,0.041671695223237215,1.0706646865659986,0.04058891560890287,0.9543219357609739,1.0,correct
UBFC_A4_L3_C050_SEED101/Eval_On_PURE,PURE,old,301,42,window,1260,1500,42.0,50.0,8.0,53.0,54.0,-1.0,1.0,1.8518518518518516,0.6203783702354203,nan,240,-0.24942543764520445,1.3015835201915384,0.01236953621827647,0.9264371181885304,1.0,correct
UBFC_A4_L3_C050_SEED101/Eval_On_PURE,PURE,old,301,43,window,1290,1530,43.0,51.0,8.0,52.0,52.0,0.0,0.0,0.0,0.6614886333898344,nan,240,-0.3118782467404108,1.3530460496589436,0.022284985792917822,0.914522958613783,1.0,correct
UBFC_A4_L3_C050_SEED101/Eval_On_PURE,PURE,old,301,44,window,1320,1560,44.0,52.0,8.0,52.0,52.0,0.0,0.0,0.0,0.6675982452857996,nan,240,-0.30999267685583853,1.3802956009308824,0.01909608274359505,0.9072727854391287,1.0,correct
UBFC_A4_L3_C050_SEED101/Eval_On_PURE,PURE,old,301,45,window,1350,1590,45.0,53.0,8.0,52.0,51.0,1.0,1.0,1.9607843137254901,0.6636634907155323,nan,240,-0.30077030620245737,1.3731213351527747,-0.013728594347651033,0.8969581137976729,1.0,correct
UBFC_A4_L3_C050_SEED101/Eval_On_PURE,PURE,old,301,46,window,1380,1620,46.0,54.0,8.0,52.0,51.0,1.0,1.0,1.9607843137254901,0.6672739416148935,nan,240,-0.29933065514018853,1.3608976047490058,-0.023618542445894373,0.8976855580566989,1.0,correct
UBFC_A4_L3_C050_SEED101/Eval_On_PURE,PURE,old,301,47,window,1410,1650,47.0,55.0,8.0,52.0,51.0,1.0,1.0,1.9607843137254901,0.6416619474662429,nan,240,-0.27941559041847236,1.3483524647054859,-0.0017176449701749475,0.9290983001579266,1.0,correct
UBFC_A4_L3_C050_SEED101/Eval_On_PURE,PURE,old,301,48,window,1440,1680,48.0,56.0,8.0,52.0,52.0,0.0,0.0,0.0,0.6499356644486886,nan,240,-0.27413474705275065,1.335756298307747,0.006924691888880182,0.9111491326757589,1.0,correct
UBFC_A4_L3_C050_SEED101/Eval_On_PURE,PURE,old,301,49,window,1470,1710,49.0,57.0,8.0,53.0,53.0,0.0,0.0,0.0,0.7130028348988072,nan,240,-0.18645873667492163,1.2987237982453725,0.015183923318931402,0.8661764977880497,1.0,correct
UBFC_A4_L3_C050_SEED101/Eval_On_PURE,PURE,old,301,50,window,1500,1740,50.0,58.0,8.0,54.0,54.0,0.0,0.0,0.0,0.7793950659853779,nan,240,0.07126661653669415,1.049724004874303,0.021178608596682445,0.8806859628101027,1.0,correct
UBFC_A4_L3_C050_SEED101/Eval_On_PURE,PURE,old,301,51,window,1530,1770,51.0,59.0,8.0,55.0,54.0,1.0,1.0,1.8518518518518516,0.7988337977023151,nan,240,0.11595402495007966,0.9405047534030261,0.015762307547526024,0.8924634282094961,1.0,correct
UBFC_A4_L3_C050_SEED101/Eval_On_PURE,PURE,old,301,52,window,1560,1800,52.0,60.0,8.0,55.0,54.0,1.0,1.0,1.8518518518518516,0.8799047604879197,nan,240,0.04992957634578241,0.871472165404765,-0.005649854208442033,0.8839098178279734,1.0,correct
UBFC_A4_L3_C050_SEED101/Eval_On_PURE,PURE,old,301,53,window,1590,1830,53.0,61.0,8.0,55.0,54.0,1.0,1.0,1.8518518518518516,0.8750027278539229,nan,240,0.07156086317431935,0.8982533634029726,-0.02511594885447094,0.9081072404365323,1.0,correct
UBFC_A4_L3_C050_SEED101/Eval_On_PURE,PURE,old,301,54,window,1620,1860,54.0,62.0,8.0,53.0,54.0,-1.0,1.0,1.8518518518518516,0.8887717823485172,nan,240,0.09420433764147242,0.9129317473354682,-0.022862087885768358,0.9159778217897689,1.0,correct
UBFC_A4_L3_C050_SEED101/Eval_On_PURE,PURE,old,301,55,window,1650,1890,55.0,63.0,8.0,53.0,53.0,0.0,0.0,0.0,0.9042624699676177,nan,240,0.07603395793012865,0.9182453556074467,-0.017153185911887574,0.9163027694253828,1.0,correct
UBFC_A4_L3_C050_SEED101/Eval_On_PURE,PURE,old,301,56,window,1680,1920,56.0,64.0,8.0,53.0,53.0,0.0,0.0,0.0,0.899531446489886,nan,240,0.05800017416231082,0.9035721204239743,-0.0042152720610110295,0.9349633557623432,1.0,correct
UBFC_A4_L3_C050_SEED101/Eval_On_PURE,PURE,old,302,0,window,0,240,0.0,8.0,8.0,58.0,57.0,1.0,1.0,1.7543859649122806,0.7370248188507666,nan,240,-0.022348100625301938,0.8474929059888088,0.002020587352259377,0.9443779027804168,1.0,correct
UBFC_A4_L3_C050_SEED101/Eval_On_PURE,PURE,old,302,1,window,30,270,1.0,9.0,8.0,56.0,56.0,0.0,0.0,0.0,0.781335914442014,nan,240,0.007837301549133698,0.8638487982810497,-0.018192384552310877,0.9377234657972117,1.0,correct
UBFC_A4_L3_C050_SEED101/Eval_On_PURE,PURE,old,302,2,window,60,300,2.0,10.0,8.0,55.0,56.0,-1.0,1.0,1.7857142857142856,0.7753142107871045,nan,240,0.019320327880295227,0.8618801654443997,-0.008160731076404588,0.9062918503127658,1.0,correct
UBFC_A4_L3_C050_SEED101/Eval_On_PURE,PURE,old,302,3,window,90,330,3.0,11.0,8.0,56.0,56.0,0.0,0.0,0.0,0.7186498312023485,nan,240,0.028739931105755727,0.8610914382395758,0.006907819546570548,0.9418955651270816,1.0,correct
UBFC_A4_L3_C050_SEED101/Eval_On_PURE,PURE,old,302,4,window,120,360,4.0,12.0,8.0,56.0,56.0,0.0,0.0,0.0,0.7144754009346104,nan,240,0.05594597836657185,0.8791921827602225,0.016441331984245352,0.9573293231872335,1.0,correct
UBFC_A4_L3_C050_SEED101/Eval_On_PURE,PURE,old,302,5,window,150,390,5.0,13.0,8.0,56.0,56.0,0.0,0.0,0.0,0.7267046120181521,nan,240,0.06590895698586076,0.8927529890586978,0.03892273368701005,0.9561403405062594,1.0,correct
UBFC_A4_L3_C050_SEED101/Eval_On_PURE,PURE,old,302,6,window,180,420,6.0,14.0,8.0,56.0,56.0,0.0,0.0,0.0,0.8061957091879053,nan,240,0.06509389389511802,0.8901651692201131,0.0362069879109849,0.9519278409388559,1.0,correct
UBFC_A4_L3_C050_SEED101/Eval_On_PURE,PURE,old,302,7,window,210,450,7.0,15.0,8.0,57.0,57.0,0.0,0.0,0.0,0.8580853681183545,nan,240,0.06490509397014396,0.916207068242748,0.026640132369517493,0.9420144531624595,1.0,correct
UBFC_A4_L3_C050_SEED101/Eval_On_PURE,PURE,old,302,8,window,240,480,8.0,16.0,8.0,57.0,57.0,0.0,0.0,0.0,0.8760452142639839,nan,240,0.054826554885743374,0.9193052259455821,0.013390070211529359,0.9178082175663643,1.0,correct
UBFC_A4_L3_C050_SEED101/Eval_On_PURE,PURE,old,302,9,window,270,510,9.0,17.0,8.0,58.0,57.0,1.0,1.0,1.7543859649122806,0.8649780017829389,nan,240,0.013337277993042906,0.9122116666899246,-0.00952138971865819,0.9295893258878191,1.0,correct
UBFC_A4_L3_C050_SEED101/Eval_On_PURE,PURE,old,302,10,window,300,540,10.0,18.0,8.0,58.0,57.0,1.0,1.0,1.7543859649122806,0.8691931349237724,nan,240,0.00626813515759318,0.9118911089699782,-0.013949811945374879,0.9496644932421394,1.0,correct
UBFC_A4_L3_C050_SEED101/Eval_On_PURE,PURE,old,302,11,window,330,570,11.0,19.0,8.0,58.0,57.0,1.0,1.0,1.7543859649122806,0.8580755367438236,nan,240,-0.010501289072847971,0.9219158236096225,-0.010928033659833839,0.9343966612577151,1.0,correct
UBFC_A4_L3_C050_SEED101/Eval_On_PURE,PURE,old,302,12,window,360,600,12.0,20.0,8.0,58.0,57.0,1.0,1.0,1.7543859649122806,0.8412198293549444,nan,240,-0.03432560295044204,0.9251182968412349,-0.0028131415454306806,0.9479493691224731,1.0,correct
UBFC_A4_L3_C050_SEED101/Eval_On_PURE,PURE,old,302,13,window,390,630,13.0,21.0,8.0,59.0,57.0,2.0,2.0,3.508771929824561,0.7820618614484479,nan,240,-0.025139313453405695,0.9210277244192708,-0.005561167628528931,0.961087465553559,1.0,correct
UBFC_A4_L3_C050_SEED101/Eval_On_PURE,PURE,old,302,14,window,420,660,14.0,22.0,8.0,59.0,57.0,2.0,2.0,3.508771929824561,0.717200557320195,nan,240,-0.0430983307070594,0.918356230482203,-0.006263988690111577,0.9524953785320662,1.0,correct
UBFC_A4_L3_C050_SEED101/Eval_On_PURE,PURE,old,302,15,window,450,690,15.0,23.0,8.0,58.0,57.0,1.0,1.0,1.7543859649122806,0.6405148340629216,nan,240,-0.09933987676651031,0.9336599791231112,-0.0018773264242762549,0.8995540060731185,1.0,correct
UBFC_A4_L3_C050_SEED101/Eval_On_PURE,PURE,old,302,16,window,480,720,16.0,24.0,8.0,67.0,57.0,10.0,10.0,17.543859649122805,0.5588114715603546,nan,240,-0.10437804990961165,0.9465671301056829,-0.00480077803662841,0.9357832215256344,1.0,large_error
UBFC_A4_L3_C050_SEED101/Eval_On_PURE,PURE,old,302,17,window,510,750,17.0,25.0,8.0,67.0,57.0,10.0,10.0,17.543859649122805,0.4939814573379016,nan,240,-0.06564797099130322,0.962848216124478,-0.005708799110786448,0.9269467450120068,1.0,large_error
UBFC_A4_L3_C050_SEED101/Eval_On_PURE,PURE,old,302,18,window,540,780,18.0,26.0,8.0,68.0,58.0,10.0,10.0,17.24137931034483,0.5267341637494142,nan,240,-0.04886560925148472,0.971594545539027,0.0008515623238319392,0.9247550761196477,1.0,large_error
UBFC_A4_L3_C050_SEED101/Eval_On_PURE,PURE,old,302,19,window,570,810,19.0,27.0,8.0,59.0,58.0,1.0,1.0,1.7241379310344827,0.5097991007234101,nan,240,-0.02372101157798954,0.9620430987665873,0.020045875900642416,0.9245176734166856,1.0,correct
UBFC_A4_L3_C050_SEED101/Eval_On_PURE,PURE,old,302,20,window,600,840,20.0,28.0,8.0,60.0,59.0,1.0,1.0,1.694915254237288,0.5212726418865685,nan,240,0.010137108300736426,0.9540404234630413,0.0108862817108353,0.916500534480207,1.0,correct
UBFC_A4_L3_C050_SEED101/Eval_On_PURE,PURE,old,302,21,window,630,870,21.0,29.0,8.0,59.0,59.0,0.0,0.0,0.0,0.546575952302675,nan,240,0.02236173898295862,0.9536981907339364,0.003276479699304428,0.9308251586616116,1.0,correct
UBFC_A4_L3_C050_SEED101/Eval_On_PURE,PURE,old,302,22,window,660,900,22.0,30.0,8.0,59.0,58.0,1.0,1.0,1.7241379310344827,0.6221994565527952,nan,240,0.019964791271118217,0.9615114277820516,0.016753877960440772,0.9338611441777088,1.0,correct
UBFC_A4_L3_C050_SEED101/Eval_On_PURE,PURE,old,302,23,window,690,930,23.0,31.0,8.0,59.0,58.0,1.0,1.0,1.7241379310344827,0.6286209456745497,nan,240,0.06388083793117134,0.923798707106775,0.02168497090538557,0.9552014490965579,1.0,correct
UBFC_A4_L3_C050_SEED101/Eval_On_PURE,PURE,old,302,24,window,720,960,24.0,32.0,8.0,59.0,58.0,1.0,1.0,1.7241379310344827,0.6607124486907855,nan,240,0.09228371444925895,0.9330240660163811,0.011855993472439813,0.9520146332557992,1.0,correct
UBFC_A4_L3_C050_SEED101/Eval_On_PURE,PURE,old,302,25,window,750,990,25.0,33.0,8.0,59.0,57.0,2.0,2.0,3.508771929824561,0.6795134346506141,nan,240,0.09545471992551088,0.9297516711444216,0.024302300939717154,0.9581046769808481,1.0,correct
UBFC_A4_L3_C050_SEED101/Eval_On_PURE,PURE,old,302,26,window,780,1020,26.0,34.0,8.0,59.0,57.0,2.0,2.0,3.508771929824561,0.7065757251900329,nan,240,0.08897127348913975,0.9326330442377554,0.02331290791050239,0.9452233927786742,1.0,correct
UBFC_A4_L3_C050_SEED101/Eval_On_PURE,PURE,old,302,27,window,810,1050,27.0,35.0,8.0,58.0,57.0,1.0,1.0,1.7543859649122806,0.7508054525915439,nan,240,0.05394307649117524,0.9430045255854395,0.015206428174719362,0.946159285742334,1.0,correct
UBFC_A4_L3_C050_SEED101/Eval_On_PURE,PURE,old,302,28,window,840,1080,28.0,36.0,8.0,57.0,57.0,0.0,0.0,0.0,0.7680065933613904,nan,240,0.042417729154764605,0.9574390000206383,0.020589066806558348,0.9486574650280406,1.0,correct
UBFC_A4_L3_C050_SEED101/Eval_On_PURE,PURE,old,302,29,window,870,1110,29.0,37.0,8.0,56.0,56.0,0.0,0.0,0.0,0.7285328104943983,nan,240,0.026140368840284235,0.9660319845224558,0.05874523169634544,0.9639313508371473,1.0,correct
UBFC_A4_L3_C050_SEED101/Eval_On_PURE,PURE,old,302,30,window,900,1140,30.0,38.0,8.0,54.0,56.0,-2.0,2.0,3.571428571428571,0.6578560829660342,nan,240,0.030959262163437654,0.9682484203006633,0.02670813742798888,0.9072891558294772,1.0,correct
UBFC_A4_L3_C050_SEED101/Eval_On_PURE,PURE,old,302,31,window,930,1170,31.0,39.0,8.0,53.0,55.0,-2.0,2.0,3.6363636363636362,0.6326595855114867,nan,240,0.0031438362829894428,0.9625496346778349,-0.03599252484725726,0.9250016981758332,1.0,correct
UBFC_A4_L3_C050_SEED101/Eval_On_PURE,PURE,old,302,32,window,960,1200,32.0,40.0,8.0,54.0,54.0,0.0,0.0,0.0,0.6379938487563266,nan,240,-0.06882818621999552,0.9624563579022335,-0.0059116193133877505,0.8637682631558833,1.0,correct
UBFC_A4_L3_C050_SEED101/Eval_On_PURE,PURE,old,302,33,window,990,1230,33.0,41.0,8.0,53.0,54.0,-1.0,1.0,1.8518518518518516,0.6951544387462233,nan,240,-0.0938015263541122,0.9546550331562937,-0.019697334908563912,0.8761549053396513,1.0,correct
UBFC_A4_L3_C050_SEED101/Eval_On_PURE,PURE,old,302,34,window,1020,1260,34.0,42.0,8.0,54.0,54.0,0.0,0.0,0.0,0.7725271845442514,nan,240,-0.06278154518495743,0.9818282680493307,-0.03369710484757004,0.8710255481961748,1.0,correct
UBFC_A4_L3_C050_SEED101/Eval_On_PURE,PURE,old,302,35,window,1050,1290,35.0,43.0,8.0,53.0,54.0,-1.0,1.0,1.8518518518518516,0.7636220209683319,nan,240,-0.047743335132996625,0.9825176405811914,-0.008601847952181071,0.8854699932609633,1.0,correct
UBFC_A4_L3_C050_SEED101/Eval_On_PURE,PURE,old,302,36,window,1080,1320,36.0,44.0,8.0,55.0,55.0,0.0,0.0,0.0,0.7185802229532907,nan,240,-0.03817220955195271,0.9774613725995726,-0.011119898761367649,0.8673539674495476,1.0,correct
UBFC_A4_L3_C050_SEED101/Eval_On_PURE,PURE,old,302,37,window,1110,1350,37.0,45.0,8.0,59.0,56.0,3.0,3.0,5.357142857142857,0.6146384856245666,nan,240,-0.016360665141651538,0.9847416651483908,-0.011735610439483605,0.8935725573387525,1.0,correct
UBFC_A4_L3_C050_SEED101/Eval_On_PURE,PURE,old,302,38,window,1140,1380,38.0,46.0,8.0,57.0,57.0,0.0,0.0,0.0,0.6674160282116732,nan,240,0.023393231255988727,0.9985721288805823,0.0105480407283473,0.8857232425041718,1.0,correct
UBFC_A4_L3_C050_SEED101/Eval_On_PURE,PURE,old,302,39,window,1170,1410,39.0,47.0,8.0,57.0,57.0,0.0,0.0,0.0,0.6501480449063228,nan,240,0.06398104880888669,1.0064234928192217,0.02668138440351297,0.8842133952620891,1.0,correct
UBFC_A4_L3_C050_SEED101/Eval_On_PURE,PURE,old,302,40,window,1200,1440,40.0,48.0,8.0,58.0,57.0,1.0,1.0,1.7543859649122806,0.6410259420514344,nan,240,0.10233813275346525,0.9904807107750193,0.020140702139273662,0.8668339039416872,1.0,correct
UBFC_A4_L3_C050_SEED101/Eval_On_PURE,PURE,old,302,41,window,1230,1470,41.0,49.0,8.0,56.0,57.0,-1.0,1.0,1.7543859649122806,0.6883130380909482,nan,240,0.10234887746464297,1.017392028645034,0.050273919434652724,0.8983836255808734,1.0,correct
UBFC_A4_L3_C050_SEED101/Eval_On_PURE,PURE,old,302,42,window,1260,1500,42.0,50.0,8.0,55.0,56.0,-1.0,1.0,1.7857142857142856,0.6779798666470643,nan,240,0.06847431159941968,1.0258882655926644,0.015394296581417777,0.8933747477402949,1.0,correct
UBFC_A4_L3_C050_SEED101/Eval_On_PURE,PURE,old,302,43,window,1290,1530,43.0,51.0,8.0,55.0,55.0,0.0,0.0,0.0,0.7415085984274182,nan,240,0.057758106798613,1.0441086946516593,0.0380323280398378,0.8666879366434086,1.0,correct
UBFC_A4_L3_C050_SEED101/Eval_On_PURE,PURE,old,302,44,window,1320,1560,44.0,52.0,8.0,56.0,55.0,1.0,1.0,1.8181818181818181,0.7158239955893897,nan,240,0.038599848209669545,1.0351696814950142,-0.01330927446675284,0.8359722970314952,1.0,correct
UBFC_A4_L3_C050_SEED101/Eval_On_PURE,PURE,old,302,45,window,1350,1590,45.0,53.0,8.0,58.0,55.0,3.0,3.0,5.454545454545454,0.6647603403676574,nan,240,-0.00750066401669394,1.021087240109134,-0.04190819700872161,0.8066551017142517,1.0,correct
UBFC_A4_L3_C050_SEED101/Eval_On_PURE,PURE,old,302,46,window,1380,1620,46.0,54.0,8.0,57.0,55.0,2.0,2.0,3.6363636363636362,0.7013646080504959,nan,240,-0.07266426739014577,1.011888692298933,-0.014892642524589321,0.8137604491653787,1.0,correct
UBFC_A4_L3_C050_SEED101/Eval_On_PURE,PURE,old,302,47,window,1410,1650,47.0,55.0,8.0,57.0,55.0,2.0,2.0,3.6363636363636362,0.6260958824317838,nan,240,-0.09135217076530343,1.0175900719123345,0.004204941776828167,0.7914774469874986,1.0,correct
UBFC_A4_L3_C050_SEED101/Eval_On_PURE,PURE,old,302,48,window,1440,1680,48.0,56.0,8.0,57.0,56.0,1.0,1.0,1.7857142857142856,0.7154897276842785,nan,240,-0.0701263227540802,1.0326878748080102,-0.016726079584708287,0.870476715469369,1.0,correct
UBFC_A4_L3_C050_SEED101/Eval_On_PURE,PURE,old,302,49,window,1470,1710,49.0,57.0,8.0,56.0,57.0,-1.0,1.0,1.7543859649122806,0.7934915535252411,nan,240,-0.06283329522246574,1.0359094089663703,-0.0015042183787032676,0.8822738312357502,1.0,correct
UBFC_A4_L3_C050_SEED101/Eval_On_PURE,PURE,old,302,50,window,1500,1740,50.0,58.0,8.0,56.0,57.0,-1.0,1.0,1.7543859649122806,0.7597969935268876,nan,240,-0.05834419874851208,1.013149133817266,0.014036558740782712,0.87156161005303,1.0,correct
UBFC_A4_L3_C050_SEED101/Eval_On_PURE,PURE,old,302,51,window,1530,1770,51.0,59.0,8.0,55.0,58.0,-3.0,3.0,5.172413793103448,0.6934467351070236,nan,240,-0.02832501067759646,1.018927107795455,-0.004348731363991794,0.8841680012136734,1.0,correct
UBFC_A4_L3_C050_SEED101/Eval_On_PURE,PURE,old,302,52,window,1560,1800,52.0,60.0,8.0,58.0,58.0,0.0,0.0,0.0,0.7954738667599964,nan,240,-0.0287089696423233,1.056310543685812,-0.01372268405653151,0.9356733277510124,1.0,correct
UBFC_A4_L3_C050_SEED101/Eval_On_PURE,PURE,old,302,53,window,1590,1830,53.0,61.0,8.0,59.0,58.0,1.0,1.0,1.7241379310344827,0.8104908216564017,nan,240,-0.017433162741012476,1.0872033450734215,-0.007409787688985608,0.9510663111287836,1.0,correct
UBFC_A4_L3_C050_SEED101/Eval_On_PURE,PURE,old,302,54,window,1620,1860,54.0,62.0,8.0,59.0,58.0,1.0,1.0,1.7241379310344827,0.7844889107034327,nan,240,0.031377209500256804,1.1132942401556818,0.015616302818943105,0.9550249623624678,1.0,correct
UBFC_A4_L3_C050_SEED101/Eval_On_PURE,PURE,old,302,55,window,1650,1890,55.0,63.0,8.0,59.0,58.0,1.0,1.0,1.7241379310344827,0.7619049745685764,nan,240,0.061921353460124944,1.1493829270335636,0.0198109402077889,0.9652456714460966,1.0,correct
UBFC_A4_L3_C050_SEED101/Eval_On_PURE,PURE,old,302,56,window,1680,1920,56.0,64.0,8.0,59.0,58.0,1.0,1.0,1.7241379310344827,0.7029293334780302,nan,240,0.05310104198257967,1.183388784699663,0.03935683485567568,0.9314817238158598,1.0,correct
UBFC_A4_L3_C050_SEED101/Eval_On_PURE,PURE,old,303,0,window,0,240,0.0,8.0,8.0,57.0,58.0,-1.0,1.0,1.7241379310344827,0.6867873434630684,nan,240,-0.07352733981178802,0.8735291883080989,0.01748166943713326,0.9494322929694465,1.0,correct
UBFC_A4_L3_C050_SEED101/Eval_On_PURE,PURE,old,303,1,window,30,270,1.0,9.0,8.0,56.0,57.0,-1.0,1.0,1.7543859649122806,0.6055970037656843,nan,240,-0.10683521128232258,0.8720314396950931,0.011593252238794918,0.9125143349850516,1.0,correct
UBFC_A4_L3_C050_SEED101/Eval_On_PURE,PURE,old,303,2,window,60,300,2.0,10.0,8.0,56.0,57.0,-1.0,1.0,1.7543859649122806,0.6182876979436455,nan,240,-0.13862711613188886,0.8605691339623781,0.011172280108801324,0.8933730045652071,1.0,correct
UBFC_A4_L3_C050_SEED101/Eval_On_PURE,PURE,old,303,3,window,90,330,3.0,11.0,8.0,56.0,57.0,-1.0,1.0,1.7543859649122806,0.6091333543784351,nan,240,-0.1412024670187858,0.8554061269526461,-0.0058304642269819225,0.8731658010574366,1.0,correct
UBFC_A4_L3_C050_SEED101/Eval_On_PURE,PURE,old,303,4,window,120,360,4.0,12.0,8.0,58.0,57.0,1.0,1.0,1.7543859649122806,0.598119280233802,nan,240,-0.12576954318752603,0.8550060905285295,0.006988919358624585,0.8748482039925043,1.0,correct
UBFC_A4_L3_C050_SEED101/Eval_On_PURE,PURE,old,303,5,window,150,390,5.0,13.0,8.0,60.0,58.0,2.0,2.0,3.4482758620689653,0.5484778285503783,nan,240,-0.1128519101675348,0.8476545561859777,0.002498706044254188,0.9212725887433186,1.0,correct
UBFC_A4_L3_C050_SEED101/Eval_On_PURE,PURE,old,303,6,window,180,420,6.0,14.0,8.0,60.0,59.0,1.0,1.0,1.694915254237288,0.6760469408620324,nan,240,-0.08707418859791884,0.8523666867169339,0.010274618483209796,0.9271579446013606,1.0,correct
UBFC_A4_L3_C050_SEED101/Eval_On_PURE,PURE,old,303,7,window,210,450,7.0,15.0,8.0,60.0,59.0,1.0,1.0,1.694915254237288,0.796165107186,nan,240,-0.03831578405929082,0.8298647468269336,0.0049918238947318245,0.8964972853239643,1.0,correct
UBFC_A4_L3_C050_SEED101/Eval_On_PURE,PURE,old,303,8,window,240,480,8.0,16.0,8.0,60.0,59.0,1.0,1.0,1.694915254237288,0.7723642025415078,nan,240,0.0033234575880857725,0.8433238222696652,-0.003006125176498677,0.8889609849228705,1.0,correct
UBFC_A4_L3_C050_SEED101/Eval_On_PURE,PURE,old,303,9,window,270,510,9.0,17.0,8.0,60.0,59.0,1.0,1.0,1.694915254237288,0.8181688097919925,nan,240,0.05793221661398094,0.8436923876423154,-0.00015438324835744994,0.8916793969642799,1.0,correct
UBFC_A4_L3_C050_SEED101/Eval_On_PURE,PURE,old,303,10,window,300,540,10.0,18.0,8.0,60.0,59.0,1.0,1.0,1.694915254237288,0.8225667213088459,nan,240,0.09888344022222072,0.8623698682937276,0.0031748235135239684,0.9021185113444398,1.0,correct
UBFC_A4_L3_C050_SEED101/Eval_On_PURE,PURE,old,303,11,window,330,570,11.0,19.0,8.0,59.0,59.0,0.0,0.0,0.0,0.7989798295544667,nan,240,0.12092989028708434,0.8790522603565527,-0.011098584693642199,0.9017417782257584,1.0,correct
UBFC_A4_L3_C050_SEED101/Eval_On_PURE,PURE,old,303,12,window,360,600,12.0,20.0,8.0,59.0,58.0,1.0,1.0,1.7241379310344827,0.816368234755917,nan,240,0.09463301068153869,0.8954228282054109,-0.010386812012811069,0.900835464991623,1.0,correct
UBFC_A4_L3_C050_SEED101/Eval_On_PURE,PURE,old,303,13,window,390,630,13.0,21.0,8.0,59.0,57.0,2.0,2.0,3.508771929824561,0.8246311950070899,nan,240,0.08459134337724479,0.9194441806343049,-0.0026725573690219422,0.9293699568259446,1.0,correct
UBFC_A4_L3_C050_SEED101/Eval_On_PURE,PURE,old,303,14,window,420,660,14.0,22.0,8.0,59.0,57.0,2.0,2.0,3.508771929824561,0.837213606341686,nan,240,0.058537848580790405,0.9417285486745745,-0.014393025570051976,0.9470274126846596,1.0,correct
UBFC_A4_L3_C050_SEED101/Eval_On_PURE,PURE,old,303,15,window,450,690,15.0,23.0,8.0,59.0,57.0,2.0,2.0,3.508771929824561,0.833051198322919,nan,240,0.04492307845258758,0.9766643510131746,-0.0002083756686842029,0.9586069969902881,1.0,correct
UBFC_A4_L3_C050_SEED101/Eval_On_PURE,PURE,old,303,16,window,480,720,16.0,24.0,8.0,59.0,57.0,2.0,2.0,3.508771929824561,0.8577609192368577,nan,240,0.031635965909750985,0.981787664142523,0.0016264013452895094,0.9418442209887417,1.0,correct
UBFC_A4_L3_C050_SEED101/Eval_On_PURE,PURE,old,303,17,window,510,750,17.0,25.0,8.0,59.0,58.0,1.0,1.0,1.7241379310344827,0.8435647638684696,nan,240,-0.0044812077370402804,0.9781314522381546,0.0077764784651939275,0.9413626055180478,1.0,correct
UBFC_A4_L3_C050_SEED101/Eval_On_PURE,PURE,old,303,18,window,540,780,18.0,26.0,8.0,59.0,58.0,1.0,1.0,1.7241379310344827,0.873525286285815,nan,240,0.0010169620135573377,0.9556198584762347,-0.000561102317341596,0.9440669939864597,1.0,correct
UBFC_A4_L3_C050_SEED101/Eval_On_PURE,PURE,old,303,19,window,570,810,19.0,27.0,8.0,59.0,59.0,0.0,0.0,0.0,0.8336807097704727,nan,240,-0.0030702676357573554,0.9325016691089019,0.01973894293779767,0.9521356988237493,1.0,correct
UBFC_A4_L3_C050_SEED101/Eval_On_PURE,PURE,old,303,20,window,600,840,20.0,28.0,8.0,60.0,59.0,1.0,1.0,1.694915254237288,0.8474077992534595,nan,240,0.03336230002074736,0.9138084143184901,0.015585084465886242,0.9417329941620293,1.0,correct
UBFC_A4_L3_C050_SEED101/Eval_On_PURE,PURE,old,303,21,window,630,870,21.0,29.0,8.0,59.0,59.0,0.0,0.0,0.0,0.8449701336445973,nan,240,0.05576093482228062,0.8848123792933861,0.01263991508628904,0.9518496622293938,1.0,correct
UBFC_A4_L3_C050_SEED101/Eval_On_PURE,PURE,old,303,22,window,660,900,22.0,30.0,8.0,59.0,59.0,0.0,0.0,0.0,0.7965555126572992,nan,240,0.07174760626182235,0.8583626202521871,0.032843872695887885,0.9719052061397973,1.0,correct
UBFC_A4_L3_C050_SEED101/Eval_On_PURE,PURE,old,303,23,window,690,930,23.0,31.0,8.0,59.0,59.0,0.0,0.0,0.0,0.7506591224021708,nan,240,0.05146113652833377,0.8263691763612335,0.02930197032691281,0.952084862042378,1.0,correct
UBFC_A4_L3_C050_SEED101/Eval_On_PURE,PURE,old,303,24,window,720,960,24.0,32.0,8.0,59.0,58.0,1.0,1.0,1.7241379310344827,0.7725005446777193,nan,240,-0.005026779628221371,0.8186747489863919,0.0047798067024391105,0.934983885479854,1.0,correct
UBFC_A4_L3_C050_SEED101/Eval_On_PURE,PURE,old,303,25,window,750,990,25.0,33.0,8.0,58.0,58.0,0.0,0.0,0.0,0.774074150727753,nan,240,-0.013029863318381503,0.8268963091709959,-0.004648053609251407,0.9270674359496974,1.0,correct
UBFC_A4_L3_C050_SEED101/Eval_On_PURE,PURE,old,303,26,window,780,1020,26.0,34.0,8.0,58.0,57.0,1.0,1.0,1.7543859649122806,0.8019687512432868,nan,240,-0.038190947148168314,0.8531490299543469,0.007385399041312563,0.9146126456162881,1.0,correct
UBFC_A4_L3_C050_SEED101/Eval_On_PURE,PURE,old,303,27,window,810,1050,27.0,35.0,8.0,56.0,56.0,0.0,0.0,0.0,0.7332504671233534,nan,240,-0.038114221187678904,0.8861241891854784,0.010363418357564918,0.8768052910486656,1.0,correct
UBFC_A4_L3_C050_SEED101/Eval_On_PURE,PURE,old,303,28,window,840,1080,28.0,36.0,8.0,53.0,56.0,-3.0,3.0,5.357142857142857,0.6171759260809135,nan,240,-0.039831750680260083,0.9383954260282227,0.02311764748675462,0.8547659456221463,1.0,correct
UBFC_A4_L3_C050_SEED101/Eval_On_PURE,PURE,old,303,29,window,870,1110,29.0,37.0,8.0,52.0,56.0,-4.0,4.0,7.142857142857142,0.5267672110709978,nan,240,-0.030669287415008146,0.9818647475565423,0.012266399308789587,0.8728736548989188,1.0,large_error
UBFC_A4_L3_C050_SEED101/Eval_On_PURE,PURE,old,303,30,window,900,1140,30.0,38.0,8.0,53.0,56.0,-3.0,3.0,5.357142857142857,0.5543170604287003,nan,240,-0.02334667494819951,1.0263454535923173,0.04433154466331577,0.9192817198841504,1.0,correct
UBFC_A4_L3_C050_SEED101/Eval_On_PURE,PURE,old,303,31,window,930,1170,31.0,39.0,8.0,52.0,56.0,-4.0,4.0,7.142857142857142,0.4116437518354507,nan,240,-0.03303835867042859,1.0533516755074495,0.04061066388996461,0.898057717540795,1.0,large_error
UBFC_A4_L3_C050_SEED101/Eval_On_PURE,PURE,old,303,32,window,960,1200,32.0,40.0,8.0,53.0,56.0,-3.0,3.0,5.357142857142857,0.5088643449204999,nan,240,0.045854481300815327,1.065966453679395,0.015186203492767744,0.8221582364148499,1.0,correct
UBFC_A4_L3_C050_SEED101/Eval_On_PURE,PURE,old,303,33,window,990,1230,33.0,41.0,8.0,56.0,56.0,0.0,0.0,0.0,0.5760385789165287,nan,240,0.0681477751320056,1.0792455860004884,-0.009818818500979215,0.8300240322587902,1.0,correct
UBFC_A4_L3_C050_SEED101/Eval_On_PURE,PURE,old,303,34,window,1020,1260,34.0,42.0,8.0,59.0,56.0,3.0,3.0,5.357142857142857,0.4059874661333197,nan,240,0.08129590048412176,1.1133642489147808,0.0043931977783221885,0.9330461337441909,1.0,correct
UBFC_A4_L3_C050_SEED101/Eval_On_PURE,PURE,old,303,35,window,1050,1290,35.0,43.0,8.0,57.0,56.0,1.0,1.0,1.7857142857142856,0.5392586266295052,nan,240,0.08658307384337446,1.138497655363149,-0.0019197338163698286,0.8764723824575916,1.0,correct
UBFC_A4_L3_C050_SEED101/Eval_On_PURE,PURE,old,303,36,window,1080,1320,36.0,44.0,8.0,57.0,56.0,1.0,1.0,1.7857142857142856,0.7110297202433554,nan,240,0.07846804571905909,1.1424138912326616,0.013374888405867274,0.9236992428375987,1.0,correct
UBFC_A4_L3_C050_SEED101/Eval_On_PURE,PURE,old,303,37,window,1110,1350,37.0,45.0,8.0,58.0,56.0,2.0,2.0,3.571428571428571,0.7463610535801414,nan,240,0.05922335101466428,1.162403421611414,0.01011251658271965,0.9470384755138552,1.0,correct
UBFC_A4_L3_C050_SEED101/Eval_On_PURE,PURE,old,303,38,window,1140,1380,38.0,46.0,8.0,58.0,56.0,2.0,2.0,3.571428571428571,0.7396218210729959,nan,240,0.037650149189701415,1.1877724062799084,0.026581328890714438,0.9267172046647985,1.0,correct
UBFC_A4_L3_C050_SEED101/Eval_On_PURE,PURE,old,303,39,window,1170,1410,39.0,47.0,8.0,57.0,56.0,1.0,1.0,1.7857142857142856,0.7967497300394459,nan,240,0.04765062345783191,1.205944215906757,0.006466583531241606,0.8621970940115739,1.0,correct
UBFC_A4_L3_C050_SEED101/Eval_On_PURE,PURE,old,303,40,window,1200,1440,40.0,48.0,8.0,59.0,57.0,2.0,2.0,3.508771929824561,0.6575987963687935,nan,240,0.03663415911454101,1.241689599766037,0.0031162468161325435,0.7938052348364983,1.0,correct
UBFC_A4_L3_C050_SEED101/Eval_On_PURE,PURE,old,303,41,window,1230,1470,41.0,49.0,8.0,59.0,57.0,2.0,2.0,3.508771929824561,0.5660994581048617,nan,240,0.06620195446190714,1.259812994430661,0.004535199730781144,0.8637383016177059,1.0,correct
UBFC_A4_L3_C050_SEED101/Eval_On_PURE,PURE,old,303,42,window,1260,1500,42.0,50.0,8.0,60.0,58.0,2.0,2.0,3.4482758620689653,0.43346868124285826,nan,240,0.06996561438440539,1.2326474921056991,0.001309989007867557,0.8500851088012836,1.0,correct
UBFC_A4_L3_C050_SEED101/Eval_On_PURE,PURE,old,303,43,window,1290,1530,43.0,51.0,8.0,58.0,58.0,0.0,0.0,0.0,0.45664960181288666,nan,240,0.04573404669890164,1.2112393497370688,0.020239174827079966,0.8391258741898594,1.0,correct
UBFC_A4_L3_C050_SEED101/Eval_On_PURE,PURE,old,303,44,window,1320,1560,44.0,52.0,8.0,60.0,58.0,2.0,2.0,3.4482758620689653,0.5990566617063976,nan,240,0.042551806042564345,1.175511403905328,0.02317982827611027,0.7686663409275568,1.0,correct
UBFC_A4_L3_C050_SEED101/Eval_On_PURE,PURE,old,303,45,window,1350,1590,45.0,53.0,8.0,59.0,59.0,0.0,0.0,0.0,0.5651588824792176,nan,240,0.03269503572502299,1.1505359512384188,-0.008672676829849088,0.8637174582642883,1.0,correct
UBFC_A4_L3_C050_SEED101/Eval_On_PURE,PURE,old,303,46,window,1380,1620,46.0,54.0,8.0,112.0,58.0,54.0,54.0,93.10344827586206,0.5631530424112555,nan,240,0.020799996244003607,1.115920612645289,0.022020908702904372,0.9544487990858292,1.0,super_harmonic_2x
UBFC_A4_L3_C050_SEED101/Eval_On_PURE,PURE,old,303,47,window,1410,1650,47.0,55.0,8.0,55.0,58.0,-3.0,3.0,5.172413793103448,0.6054369177962069,nan,240,-0.02610849507513634,1.0909798536569761,0.043162221990419115,0.9549053047448468,1.0,correct
UBFC_A4_L3_C050_SEED101/Eval_On_PURE,PURE,old,303,48,window,1440,1680,48.0,56.0,8.0,55.0,58.0,-3.0,3.0,5.172413793103448,0.6413243063085049,nan,240,-0.05416661281468863,1.0577086962251725,0.04061023386344609,0.9270008804780173,1.0,correct
UBFC_A4_L3_C050_SEED101/Eval_On_PURE,PURE,old,303,49,window,1470,1710,49.0,57.0,8.0,56.0,57.0,-1.0,1.0,1.7543859649122806,0.6728102086644372,nan,240,-0.10159520552173161,1.0502347478144076,0.007874123789742138,0.9197714462638146,1.0,correct
UBFC_A4_L3_C050_SEED101/Eval_On_PURE,PURE,old,303,50,window,1500,1740,50.0,58.0,8.0,55.0,57.0,-2.0,2.0,3.508771929824561,0.7195134689532913,nan,240,-0.12611355220709616,1.0716775812707524,-0.013665206964120994,0.9390208040374902,1.0,correct
UBFC_A4_L3_C050_SEED101/Eval_On_PURE,PURE,old,303,51,window,1530,1770,51.0,59.0,8.0,54.0,56.0,-2.0,2.0,3.571428571428571,0.7376420962221532,nan,240,-0.10424445231319848,1.0748396402534097,-0.012181000911343205,0.9230226683746925,1.0,correct
UBFC_A4_L3_C050_SEED101/Eval_On_PURE,PURE,old,303,52,window,1560,1800,52.0,60.0,8.0,54.0,55.0,-1.0,1.0,1.8181818181818181,0.6826987066520056,nan,240,-0.058012029908201174,1.1230594275935926,-0.01167409285928318,0.9144415812147401,1.0,correct
UBFC_A4_L3_C050_SEED101/Eval_On_PURE,PURE,old,303,53,window,1590,1830,53.0,61.0,8.0,55.0,55.0,0.0,0.0,0.0,0.7327616566465094,nan,240,-0.027282653831141264,1.1343979181531292,-0.0015608645669794529,0.9345336370743093,1.0,correct
UBFC_A4_L3_C050_SEED101/Eval_On_PURE,PURE,old,303,54,window,1620,1860,54.0,62.0,8.0,55.0,55.0,0.0,0.0,0.0,0.7520271862014013,nan,240,-0.031482771266584844,1.1043869513012028,-0.008020607266555584,0.922552060271342,1.0,correct
UBFC_A4_L3_C050_SEED101/Eval_On_PURE,PURE,old,303,55,window,1650,1890,55.0,63.0,8.0,55.0,55.0,0.0,0.0,0.0,0.7555891626749244,nan,240,0.004761440445934184,1.0768930206980996,-0.012154274469714732,0.9186551721053923,1.0,correct
UBFC_A4_L3_C050_SEED101/Eval_On_PURE,PURE,old,303,56,window,1680,1920,56.0,64.0,8.0,55.0,55.0,0.0,0.0,0.0,0.7703075465023037,nan,240,0.024871817811087937,1.0581000602347688,-0.005867904241204988,0.924720611651832,1.0,correct
UBFC_A4_L3_C050_SEED101/Eval_On_PURE,PURE,old,303,57,window,1710,1950,57.0,65.0,8.0,54.0,55.0,-1.0,1.0,1.8181818181818181,0.7206565846856036,nan,240,0.05456099111234176,1.0204041734944345,0.01534700292379188,0.9179256930106436,1.0,correct
UBFC_A4_L3_C050_SEED101/Eval_On_PURE,PURE,old,303,58,window,1740,1980,58.0,66.0,8.0,53.0,55.0,-2.0,2.0,3.6363636363636362,0.6527043684570172,nan,240,0.08008149204392725,0.9776372834525007,0.025807685494836825,0.931194093362975,1.0,correct
UBFC_A4_L3_C050_SEED101/Eval_On_PURE,PURE,old,303,59,window,1770,2010,59.0,67.0,8.0,54.0,55.0,-1.0,1.0,1.8181818181818181,0.6716176703042536,nan,240,0.06307317041738554,0.9697431795421448,0.029940019314246374,0.8809623469324191,1.0,correct
UBFC_A4_L3_C050_SEED101/Eval_On_PURE,PURE,old,303,60,window,1800,2040,60.0,68.0,8.0,54.0,54.0,0.0,0.0,0.0,0.6059963432168671,nan,240,-0.0089297411921,0.9414937613108204,0.031476869707723495,0.9115520446181171,1.0,correct
UBFC_A4_L3_C050_SEED101/Eval_On_PURE,PURE,old,303,61,window,1830,2070,61.0,69.0,8.0,54.0,54.0,0.0,0.0,0.0,0.6204710577635482,nan,240,-0.050113343836410716,0.9260225193728429,0.01464748614145055,0.9269806192139575,1.0,correct
UBFC_A4_L3_C050_SEED101/Eval_On_PURE,PURE,old,304,0,window,0,240,0.0,8.0,8.0,56.0,56.0,0.0,0.0,0.0,0.6692939352092838,nan,240,-0.06363625196165026,0.9823124412175962,0.00037573751950522964,0.9229575769220404,1.0,correct
UBFC_A4_L3_C050_SEED101/Eval_On_PURE,PURE,old,304,1,window,30,270,1.0,9.0,8.0,57.0,56.0,1.0,1.0,1.7857142857142856,0.7827594069350257,nan,240,-0.10810602320524275,0.9294690114431265,0.0025303806658665746,0.9380813552641472,1.0,correct
UBFC_A4_L3_C050_SEED101/Eval_On_PURE,PURE,old,304,2,window,60,300,2.0,10.0,8.0,57.0,56.0,1.0,1.0,1.7857142857142856,0.8318874308978514,nan,240,-0.13895199425514354,0.8877672190827478,0.00733065656636092,0.9400333379174938,1.0,correct
UBFC_A4_L3_C050_SEED101/Eval_On_PURE,PURE,old,304,3,window,90,330,3.0,11.0,8.0,57.0,57.0,0.0,0.0,0.0,0.8164039126134925,nan,240,-0.1664455428111111,0.8366076872190858,-0.0035027993224156693,0.9548563478737666,1.0,correct
UBFC_A4_L3_C050_SEED101/Eval_On_PURE,PURE,old,304,4,window,120,360,4.0,12.0,8.0,57.0,57.0,0.0,0.0,0.0,0.7528546535810443,nan,240,-0.19577682335998808,0.7929975624999249,-0.005834172573120074,0.956523436545026,1.0,correct
UBFC_A4_L3_C050_SEED101/Eval_On_PURE,PURE,old,304,5,window,150,390,5.0,13.0,8.0,58.0,56.0,2.0,2.0,3.571428571428571,0.7755042805814798,nan,240,-0.19965332126261562,0.7589399015608144,-0.004788182423094067,0.955227968229747,1.0,correct
UBFC_A4_L3_C050_SEED101/Eval_On_PURE,PURE,old,304,6,window,180,420,6.0,14.0,8.0,59.0,56.0,3.0,3.0,5.357142857142857,0.7094585208808748,nan,240,-0.20040401465558594,0.7383998180654862,0.013156918507527883,0.9601993614970169,1.0,correct
UBFC_A4_L3_C050_SEED101/Eval_On_PURE,PURE,old,304,7,window,210,450,7.0,15.0,8.0,58.0,56.0,2.0,2.0,3.571428571428571,0.7010195353071894,nan,240,-0.20804842030781381,0.6915087507046146,0.027380775555605023,0.9370856662972146,1.0,correct
UBFC_A4_L3_C050_SEED101/Eval_On_PURE,PURE,old,304,8,window,240,480,8.0,16.0,8.0,57.0,56.0,1.0,1.0,1.7857142857142856,0.6595717215890268,nan,240,-0.20181113836628076,0.6856575581683155,0.01810520823083656,0.8829354621520563,1.0,correct
UBFC_A4_L3_C050_SEED101/Eval_On_PURE,PURE,old,304,9,window,270,510,9.0,17.0,8.0,55.0,56.0,-1.0,1.0,1.7857142857142856,0.6682712873788199,nan,240,-0.17743213733028457,0.7147940888362639,0.02978079180181381,0.8981208149699226,1.0,correct
UBFC_A4_L3_C050_SEED101/Eval_On_PURE,PURE,old,304,10,window,300,540,10.0,18.0,8.0,54.0,56.0,-2.0,2.0,3.571428571428571,0.6205946666675999,nan,240,-0.15056022476028583,0.7456926593559807,0.02455224170116427,0.7789815385431631,1.0,correct
UBFC_A4_L3_C050_SEED101/Eval_On_PURE,PURE,old,304,11,window,330,570,11.0,19.0,8.0,53.0,56.0,-3.0,3.0,5.357142857142857,0.578609785885643,nan,240,-0.11472956771204507,0.7851583622380022,0.008607445515526753,0.8337958264923814,1.0,correct
UBFC_A4_L3_C050_SEED101/Eval_On_PURE,PURE,old,304,12,window,360,600,12.0,20.0,8.0,52.0,56.0,-4.0,4.0,7.142857142857142,0.428319099918553,nan,240,-0.06294912076296293,0.8063609618239375,0.004496836544682584,0.8702928939796128,1.0,large_error
UBFC_A4_L3_C050_SEED101/Eval_On_PURE,PURE,old,304,13,window,390,630,13.0,21.0,8.0,51.0,55.0,-4.0,4.0,7.2727272727272725,0.2912867915536356,nan,240,-0.014622522921950428,0.8256008857520286,0.009797751349520645,0.7731776860674916,1.0,large_error
UBFC_A4_L3_C050_SEED101/Eval_On_PURE,PURE,old,304,14,window,420,660,14.0,22.0,8.0,51.0,55.0,-4.0,4.0,7.2727272727272725,0.20883756028941283,nan,240,-0.011162874758587859,0.8604988982944693,0.008710290584024978,0.7896695555515432,1.0,large_error
UBFC_A4_L3_C050_SEED101/Eval_On_PURE,PURE,old,304,15,window,450,690,15.0,23.0,8.0,50.0,55.0,-5.0,5.0,9.090909090909092,-0.02322897593266513,nan,240,0.020072770065580472,0.8932283573258888,-0.004254283727219462,0.6776630931082416,1.0,large_error
UBFC_A4_L3_C050_SEED101/Eval_On_PURE,PURE,old,304,16,window,480,720,16.0,24.0,8.0,48.0,56.0,-8.0,8.0,14.285714285714285,0.055799591770285435,nan,240,0.03153386375604664,0.8976668230946387,-0.021973273213162784,0.7072327002208365,1.0,large_error
UBFC_A4_L3_C050_SEED101/Eval_On_PURE,PURE,old,304,17,window,510,750,17.0,25.0,8.0,46.0,56.0,-10.0,10.0,17.857142857142858,0.05922762555282225,nan,240,0.08267277600001854,0.9252706151982198,0.004957036830243911,0.8033040582348904,1.0,large_error
UBFC_A4_L3_C050_SEED101/Eval_On_PURE,PURE,old,304,18,window,540,780,18.0,26.0,8.0,59.0,57.0,2.0,2.0,3.508771929824561,0.0859454031368818,nan,240,0.10960188317417666,0.926263541662839,0.010476389213894296,0.8168390849486366,1.0,correct
UBFC_A4_L3_C050_SEED101/Eval_On_PURE,PURE,old,304,19,window,570,810,19.0,27.0,8.0,45.0,57.0,-12.0,12.0,21.052631578947366,0.19933381980682113,nan,240,0.10959631153281689,0.9173634102006528,0.012777516248845131,0.785077339786583,1.0,large_error
UBFC_A4_L3_C050_SEED101/Eval_On_PURE,PURE,old,304,20,window,600,840,20.0,28.0,8.0,61.99999999999999,57.0,4.999999999999993,4.999999999999993,8.77192982456139,0.28885363934913433,nan,240,0.08387829725907148,0.918913125979777,-0.005430682926048109,0.7289229660099816,1.0,large_error
UBFC_A4_L3_C050_SEED101/Eval_On_PURE,PURE,old,304,21,window,630,870,21.0,29.0,8.0,61.0,57.0,4.0,4.0,7.017543859649122,0.5406751670539517,nan,240,0.08367862782586073,0.9445475626150484,-0.014225320852822968,0.7922798864711682,1.0,large_error
UBFC_A4_L3_C050_SEED101/Eval_On_PURE,PURE,old,304,22,window,660,900,22.0,30.0,8.0,60.0,57.0,3.0,3.0,5.263157894736842,0.5931469485855193,nan,240,0.12416240135806592,0.976440967847589,0.013841390965332812,0.7806102994033639,1.0,correct
UBFC_A4_L3_C050_SEED101/Eval_On_PURE,PURE,old,304,23,window,690,930,23.0,31.0,8.0,61.0,57.0,4.0,4.0,7.017543859649122,0.45583946144184023,nan,240,0.13893214036035406,0.9948506180067652,0.016024297638524233,0.6784169137470908,1.0,large_error
UBFC_A4_L3_C050_SEED101/Eval_On_PURE,PURE,old,304,24,window,720,960,24.0,32.0,8.0,66.0,56.0,10.0,10.0,17.857142857142858,0.3490674045738714,nan,240,0.14985960725693726,1.0042084593136629,0.011281303250115044,0.6070192993021876,1.0,large_error
UBFC_A4_L3_C050_SEED101/Eval_On_PURE,PURE,old,304,25,window,750,990,25.0,33.0,8.0,67.0,56.0,11.0,11.0,19.642857142857142,0.41970465335296964,nan,240,0.12805470452903903,0.9946916779064282,0.015125579429831478,0.7431687370843787,1.0,large_error
UBFC_A4_L3_C050_SEED101/Eval_On_PURE,PURE,old,304,26,window,780,1020,26.0,34.0,8.0,66.0,57.0,9.0,9.0,15.789473684210526,0.5116482151656576,nan,240,0.11501820081742702,0.9919960775020324,0.021467036919743443,0.5786032084869538,1.0,large_error
UBFC_A4_L3_C050_SEED101/Eval_On_PURE,PURE,old,304,27,window,810,1050,27.0,35.0,8.0,52.0,57.0,-5.0,5.0,8.771929824561402,0.1709135398960457,nan,240,0.07107500653579259,1.0131666907841286,0.005001014076357262,0.44180414626959075,1.0,large_error
UBFC_A4_L3_C050_SEED101/Eval_On_PURE,PURE,old,304,28,window,840,1080,28.0,36.0,8.0,53.0,57.0,-4.0,4.0,7.017543859649122,0.2855637195157383,nan,240,0.05341119782161567,1.021610699862592,0.018251299869312575,0.6083041556143738,1.0,large_error
UBFC_A4_L3_C050_SEED101/Eval_On_PURE,PURE,old,304,29,window,870,1110,29.0,37.0,8.0,66.0,57.0,9.0,9.0,15.789473684210526,0.0855659871919292,nan,240,0.048611399350838726,0.9961117024701409,-0.009938827803256485,0.6562455323978484,1.0,large_error
UBFC_A4_L3_C050_SEED101/Eval_On_PURE,PURE,old,304,30,window,900,1140,30.0,38.0,8.0,66.0,57.0,9.0,9.0,15.789473684210526,0.2723136895506872,nan,240,0.01963386117480689,0.9485590978218208,-0.004794747277309369,0.6849897708132339,1.0,large_error
UBFC_A4_L3_C050_SEED101/Eval_On_PURE,PURE,old,304,31,window,930,1170,31.0,39.0,8.0,68.0,57.0,11.0,11.0,19.298245614035086,0.39302632910298035,nan,240,-0.019556381906257643,0.9136572170105642,-0.008846515892213492,0.6310715793004839,1.0,large_error
UBFC_A4_L3_C050_SEED101/Eval_On_PURE,PURE,old,304,32,window,960,1200,32.0,40.0,8.0,46.0,56.0,-10.0,10.0,17.857142857142858,0.4095119547851576,nan,240,-0.0403083581241735,0.8925529321167521,-0.007616739284222169,0.6741083826397767,1.0,large_error
UBFC_A4_L3_C050_SEED101/Eval_On_PURE,PURE,old,304,33,window,990,1230,33.0,41.0,8.0,59.0,56.0,3.0,3.0,5.357142857142857,0.38053206290296626,nan,240,-0.07073361339794834,0.8665361049888928,-0.0004678717111534614,0.6816359260283299,1.0,correct
UBFC_A4_L3_C050_SEED101/Eval_On_PURE,PURE,old,304,34,window,1020,1260,34.0,42.0,8.0,59.0,56.0,3.0,3.0,5.357142857142857,0.5046305122780713,nan,240,-0.06254682551541639,0.8802520239583324,-0.0027908850244403446,0.6962825913630531,1.0,correct
UBFC_A4_L3_C050_SEED101/Eval_On_PURE,PURE,old,304,35,window,1050,1290,35.0,43.0,8.0,59.0,55.0,4.0,4.0,7.2727272727272725,0.5061111976285622,nan,240,0.023320923271208285,0.8922980188347344,0.020666592625005153,0.9011408899723511,1.0,large_error
UBFC_A4_L3_C050_SEED101/Eval_On_PURE,PURE,old,304,36,window,1080,1320,36.0,44.0,8.0,55.0,55.0,0.0,0.0,0.0,0.8220214008122845,nan,240,0.0628097608463568,0.8875665343315401,0.009078052401608128,0.8831880584301596,1.0,correct
UBFC_A4_L3_C050_SEED101/Eval_On_PURE,PURE,old,304,37,window,1110,1350,37.0,45.0,8.0,55.0,55.0,0.0,0.0,0.0,0.7768270491837617,nan,240,0.05864854069956084,0.9053375735636641,-0.0016923785938054456,0.7321385847177431,1.0,correct
UBFC_A4_L3_C050_SEED101/Eval_On_PURE,PURE,old,304,38,window,1140,1380,38.0,46.0,8.0,55.0,55.0,0.0,0.0,0.0,0.821860120013076,nan,240,0.029023441349194306,0.945900658935158,0.027501808504933254,0.7502042880176799,1.0,correct
UBFC_A4_L3_C050_SEED101/Eval_On_PURE,PURE,old,304,39,window,1170,1410,39.0,47.0,8.0,54.0,54.0,0.0,0.0,0.0,0.8470550064922998,nan,240,0.006583826334176693,0.9848956194781703,0.036358028278316676,0.8748082425866639,1.0,correct
UBFC_A4_L3_C050_SEED101/Eval_On_PURE,PURE,old,304,40,window,1200,1440,40.0,48.0,8.0,56.0,55.0,1.0,1.0,1.8181818181818181,0.8102626443540646,nan,240,0.027758451346649938,1.0239134195787514,0.03609208795445377,0.9351178343054065,1.0,correct
UBFC_A4_L3_C050_SEED101/Eval_On_PURE,PURE,old,304,41,window,1230,1470,41.0,49.0,8.0,56.0,56.0,0.0,0.0,0.0,0.7493874542102615,nan,240,0.060581786544348565,1.050370606320987,0.01923754593125768,0.9064205367414184,1.0,correct
UBFC_A4_L3_C050_SEED101/Eval_On_PURE,PURE,old,304,42,window,1260,1500,42.0,50.0,8.0,54.0,56.0,-2.0,2.0,3.571428571428571,0.6589795552730393,nan,240,0.05797323502539496,1.0516091276414212,0.006065162415611643,0.8951865017935308,1.0,correct
UBFC_A4_L3_C050_SEED101/Eval_On_PURE,PURE,old,304,43,window,1290,1530,43.0,51.0,8.0,53.0,56.0,-3.0,3.0,5.357142857142857,0.6835369287766887,nan,240,-0.004840085178235231,1.0380004049077605,-0.007951766509322186,0.891935410673472,1.0,correct
UBFC_A4_L3_C050_SEED101/Eval_On_PURE,PURE,old,304,44,window,1320,1560,44.0,52.0,8.0,52.0,56.0,-4.0,4.0,7.142857142857142,0.5380087558672789,nan,240,-0.04740628809530229,1.0482790469673804,0.015296248867579276,0.8264171267388013,1.0,large_error
UBFC_A4_L3_C050_SEED101/Eval_On_PURE,PURE,old,304,45,window,1350,1590,45.0,53.0,8.0,48.0,56.0,-8.0,8.0,14.285714285714285,0.4352101389571415,nan,240,-0.05829952919496291,1.065218885160071,-0.0062422706673276335,0.5762821209975002,1.0,large_error
UBFC_A4_L3_C050_SEED101/Eval_On_PURE,PURE,old,304,46,window,1380,1620,46.0,54.0,8.0,57.0,56.0,1.0,1.0,1.7857142857142856,0.4764757949761084,nan,240,0.002114346601145108,1.0594149993003834,-0.01642020081907838,0.701666907711467,1.0,correct
UBFC_A4_L3_C050_SEED101/Eval_On_PURE,PURE,old,304,47,window,1410,1650,47.0,55.0,8.0,46.0,56.0,-10.0,10.0,17.857142857142858,0.28454234758350533,nan,240,0.07599885930704126,1.050880951259546,-0.011035162613210947,0.6599079448723644,1.0,large_error
UBFC_A4_L3_C050_SEED101/Eval_On_PURE,PURE,old,304,48,window,1440,1680,48.0,56.0,8.0,59.0,56.0,3.0,3.0,5.357142857142857,0.4076847639214727,nan,240,0.1028805506761605,1.0475683444097241,-0.005707308474448136,0.5618242832322935,1.0,correct
UBFC_A4_L3_C050_SEED101/Eval_On_PURE,PURE,old,304,49,window,1470,1710,49.0,57.0,8.0,57.0,56.0,1.0,1.0,1.7857142857142856,0.4646403212939685,nan,240,0.07563602037687321,1.059985608529683,0.012766097707461994,0.575765904157974,1.0,correct
UBFC_A4_L3_C050_SEED101/Eval_On_PURE,PURE,old,304,50,window,1500,1740,50.0,58.0,8.0,57.0,56.0,1.0,1.0,1.7857142857142856,0.4545839626136493,nan,240,0.0470802213396682,1.0868748041850427,0.0008269716071273627,0.5289206987656833,1.0,correct
UBFC_A4_L3_C050_SEED101/Eval_On_PURE,PURE,old,304,51,window,1530,1770,51.0,59.0,8.0,53.0,56.0,-3.0,3.0,5.357142857142857,0.5195005354610207,nan,240,0.09046818450378166,1.149648424362751,-0.009696000396937937,0.7109410617660522,1.0,correct
UBFC_A4_L3_C050_SEED101/Eval_On_PURE,PURE,old,304,52,window,1560,1800,52.0,60.0,8.0,54.0,56.0,-2.0,2.0,3.571428571428571,0.6818958593811216,nan,240,0.15761328530398877,1.1740534050069933,0.018596770626089762,0.8566061890837424,1.0,correct
UBFC_A4_L3_C050_SEED101/Eval_On_PURE,PURE,old,304,53,window,1590,1830,53.0,61.0,8.0,55.0,56.0,-1.0,1.0,1.7857142857142856,0.8066530846826283,nan,240,0.1609567249475669,1.1716263143537982,0.012485744129740265,0.7935724825652032,1.0,correct
UBFC_A4_L3_C050_SEED101/Eval_On_PURE,PURE,old,304,54,window,1620,1860,54.0,62.0,8.0,55.0,55.0,0.0,0.0,0.0,0.8112370157120847,nan,240,0.11199029800594267,1.1680380502237575,0.017460406522961644,0.8287486062805021,1.0,correct
UBFC_A4_L3_C050_SEED101/Eval_On_PURE,PURE,old,304,55,window,1650,1890,55.0,63.0,8.0,53.0,55.0,-2.0,2.0,3.6363636363636362,0.7687986853517957,nan,240,0.05577687126008053,1.1741749172015403,-0.0005067704044776782,0.7685163697159992,1.0,correct
UBFC_A4_L3_C050_SEED101/Eval_On_PURE,PURE,old,304,56,window,1680,1920,56.0,64.0,8.0,52.0,55.0,-3.0,3.0,5.454545454545454,0.7017218572038105,nan,240,-0.03564466689232036,1.173594650686285,-0.0005086500463556891,0.790267613430203,1.0,correct
UBFC_A4_L3_C050_SEED101/Eval_On_PURE,PURE,old,304,57,window,1710,1950,57.0,65.0,8.0,53.0,54.0,-1.0,1.0,1.8518518518518516,0.7250925099075245,nan,240,-0.041837830530842404,1.1735526368489568,0.004913887222234795,0.8198526769476615,1.0,correct
UBFC_A4_L3_C050_SEED101/Eval_On_PURE,PURE,old,304,58,window,1740,1980,58.0,66.0,8.0,53.0,54.0,-1.0,1.0,1.8518518518518516,0.7574998047641003,nan,240,0.011240695148041602,1.164815697743759,-0.009768337800029262,0.7299706287849043,1.0,correct
UBFC_A4_L3_C050_SEED101/Eval_On_PURE,PURE,old,304,59,window,1770,2010,59.0,67.0,8.0,52.0,54.0,-2.0,2.0,3.7037037037037033,0.6962621279009861,nan,240,0.030912227770076548,1.128748134376351,-0.01539452408826811,0.7139856288172151,1.0,correct
UBFC_A4_L3_C050_SEED101/Eval_On_PURE,PURE,old,304,60,window,1800,2040,60.0,68.0,8.0,55.0,54.0,1.0,1.0,1.8518518518518516,0.6702663686572107,nan,240,0.01793678469948642,1.1135237792575818,-0.015304059966669253,0.5016759484849572,1.0,correct
UBFC_A4_L3_C050_SEED101/Eval_On_PURE,PURE,old,304,61,window,1830,2070,61.0,69.0,8.0,53.0,54.0,-1.0,1.0,1.8518518518518516,0.6407186883323124,nan,240,0.0021370879944517065,1.118396408931551,-0.001302444455842189,0.6163472804413245,1.0,correct
UBFC_A4_L3_C050_SEED101/Eval_On_PURE,PURE,old,304,62,window,1860,2100,62.0,70.0,8.0,52.0,54.0,-2.0,2.0,3.7037037037037033,0.33696300375592025,nan,240,0.0010133220443253378,1.1414603180876184,-0.008330880752434803,0.46338007426776034,1.0,correct
UBFC_A4_L3_C050_SEED101/Eval_On_PURE,PURE,old,304,63,window,1890,2130,63.0,71.0,8.0,54.0,54.0,0.0,0.0,0.0,0.615758099136461,nan,240,0.033182046235762305,1.1708053413824073,0.010779325340530195,0.5908561054164247,1.0,correct
UBFC_A4_L3_C050_SEED101/Eval_On_PURE,PURE,old,304,64,window,1920,2160,64.0,72.0,8.0,46.0,54.0,-8.0,8.0,14.814814814814813,0.4537911535046835,nan,240,0.09307423446947202,1.17149089110851,0.04205556831621279,0.6034438143426509,1.0,large_error
UBFC_A4_L3_C050_SEED101/Eval_On_PURE,PURE,old,304,65,window,1950,2190,65.0,73.0,8.0,61.0,54.0,7.0,7.0,12.962962962962962,0.47990560657777803,nan,240,0.08403464433803266,1.1474662551774029,0.006753632747425783,0.6407911393001094,1.0,large_error
UBFC_A4_L3_C050_SEED101/Eval_On_PURE,PURE,old,304,66,window,1980,2220,66.0,74.0,8.0,53.0,55.0,-2.0,2.0,3.6363636363636362,0.7001359208406762,nan,240,0.043098885613905805,1.1413006506212746,-0.0019642121181781733,0.601378429778207,1.0,correct
UBFC_A4_L3_C050_SEED101/Eval_On_PURE,PURE,old,305,0,window,0,240,0.0,8.0,8.0,54.0,54.0,0.0,0.0,0.0,0.8201571192485445,nan,240,-0.018833590978570555,1.0561529787855473,-0.023310128818230868,0.9218904391877166,1.0,correct
UBFC_A4_L3_C050_SEED101/Eval_On_PURE,PURE,old,305,1,window,30,270,1.0,9.0,8.0,54.0,54.0,0.0,0.0,0.0,0.8342533211917567,nan,240,0.0009602027806317322,1.0639518119067541,-0.025079568128531234,0.9153217441367996,1.0,correct
UBFC_A4_L3_C050_SEED101/Eval_On_PURE,PURE,old,305,2,window,60,300,2.0,10.0,8.0,53.0,54.0,-1.0,1.0,1.8518518518518516,0.8030241433983596,nan,240,0.025799205452552588,1.0753601400092194,-0.009070426783969935,0.9091994999881681,1.0,correct
UBFC_A4_L3_C050_SEED101/Eval_On_PURE,PURE,old,305,3,window,90,330,3.0,11.0,8.0,53.0,54.0,-1.0,1.0,1.8518518518518516,0.7118607033588368,nan,240,0.03683428333486391,1.0989293045912458,0.011270964979259678,0.9143236129208226,1.0,correct
UBFC_A4_L3_C050_SEED101/Eval_On_PURE,PURE,old,305,4,window,120,360,4.0,12.0,8.0,52.0,54.0,-2.0,2.0,3.7037037037037033,0.6239992220915269,nan,240,0.05278054591497818,1.1097461283394836,0.00493937735449305,0.908263177612129,1.0,correct
UBFC_A4_L3_C050_SEED101/Eval_On_PURE,PURE,old,305,5,window,150,390,5.0,13.0,8.0,53.0,54.0,-1.0,1.0,1.8518518518518516,0.6570447151380095,nan,240,0.06663571190825131,1.1116217156228398,0.007903323825178277,0.9043332162798344,1.0,correct
UBFC_A4_L3_C050_SEED101/Eval_On_PURE,PURE,old,305,6,window,180,420,6.0,14.0,8.0,53.0,54.0,-1.0,1.0,1.8518518518518516,0.6793526934562087,nan,240,0.08333351214209841,1.118456527694417,0.026844062226699168,0.9350134486852739,1.0,correct
UBFC_A4_L3_C050_SEED101/Eval_On_PURE,PURE,old,305,7,window,210,450,7.0,15.0,8.0,53.0,54.0,-1.0,1.0,1.8518518518518516,0.7349316827159127,nan,240,0.08279399920219137,1.094157596922815,0.018495872835734728,0.9374886555448564,1.0,correct
UBFC_A4_L3_C050_SEED101/Eval_On_PURE,PURE,old,305,8,window,240,480,8.0,16.0,8.0,53.0,54.0,-1.0,1.0,1.8518518518518516,0.7416367750012646,nan,240,0.06309289508694939,1.066202711844647,0.0014764391091241836,0.9105600883692408,1.0,correct
UBFC_A4_L3_C050_SEED101/Eval_On_PURE,PURE,old,305,9,window,270,510,9.0,17.0,8.0,54.0,55.0,-1.0,1.0,1.8181818181818181,0.6825528148018496,nan,240,0.04143187186624539,1.0284685380847496,-0.010927068584969033,0.9123176973211315,1.0,correct
UBFC_A4_L3_C050_SEED101/Eval_On_PURE,PURE,old,305,10,window,300,540,10.0,18.0,8.0,55.0,55.0,0.0,0.0,0.0,0.6953955407062711,nan,240,0.022004509647908833,0.9922641617016518,0.0008969784575215781,0.9417978815751278,1.0,correct
UBFC_A4_L3_C050_SEED101/Eval_On_PURE,PURE,old,305,11,window,330,570,11.0,19.0,8.0,55.0,55.0,0.0,0.0,0.0,0.8051007488846506,nan,240,-0.003958725032391499,0.929829155677505,-0.011049816158691788,0.94057952023087,1.0,correct
UBFC_A4_L3_C050_SEED101/Eval_On_PURE,PURE,old,305,12,window,360,600,12.0,20.0,8.0,54.0,56.0,-2.0,2.0,3.571428571428571,0.7265607422499127,nan,240,-0.021604032056649448,0.8826507579253068,-0.009653899457067421,0.9113537820481048,1.0,correct
UBFC_A4_L3_C050_SEED101/Eval_On_PURE,PURE,old,305,13,window,390,630,13.0,21.0,8.0,55.0,56.0,-1.0,1.0,1.7857142857142856,0.7313697355537635,nan,240,-0.007597419839214759,0.8649976696702798,-0.011823914677149475,0.9409000320397898,1.0,correct
UBFC_A4_L3_C050_SEED101/Eval_On_PURE,PURE,old,305,14,window,420,660,14.0,22.0,8.0,57.0,57.0,0.0,0.0,0.0,0.7809999600825367,nan,240,0.012135909299664597,0.8593693087646801,-0.004996051271490157,0.9441167123312985,1.0,correct
UBFC_A4_L3_C050_SEED101/Eval_On_PURE,PURE,old,305,15,window,450,690,15.0,23.0,8.0,57.0,57.0,0.0,0.0,0.0,0.713962814735297,nan,240,-0.018012706895879225,0.8490067569044665,0.004092364723836962,0.9314066811489287,1.0,correct
UBFC_A4_L3_C050_SEED101/Eval_On_PURE,PURE,old,305,16,window,480,720,16.0,24.0,8.0,58.0,57.0,1.0,1.0,1.7543859649122806,0.6963453718929423,nan,240,-0.017156181709306537,0.8351758929539739,0.015291847543046211,0.9422525775838483,1.0,correct
UBFC_A4_L3_C050_SEED101/Eval_On_PURE,PURE,old,305,17,window,510,750,17.0,25.0,8.0,58.0,57.0,1.0,1.0,1.7543859649122806,0.6679220684427768,nan,240,-0.008310014178163372,0.8291558608531643,0.023135822333119,0.951003425238031,1.0,correct
UBFC_A4_L3_C050_SEED101/Eval_On_PURE,PURE,old,305,18,window,540,780,18.0,26.0,8.0,58.0,58.0,0.0,0.0,0.0,0.6853994343061456,nan,240,-0.005833242131747908,0.8124543145644356,0.028928659826806324,0.9322716118623426,1.0,correct
UBFC_A4_L3_C050_SEED101/Eval_On_PURE,PURE,old,305,19,window,570,810,19.0,27.0,8.0,59.0,57.0,2.0,2.0,3.508771929824561,0.6667788951687553,nan,240,-0.021122364742212227,0.8229871890940911,-0.003764194331386028,0.9349238692780393,1.0,correct
UBFC_A4_L3_C050_SEED101/Eval_On_PURE,PURE,old,305,20,window,600,840,20.0,28.0,8.0,58.0,57.0,1.0,1.0,1.7543859649122806,0.761205117134131,nan,240,-0.03942640590690149,0.8212364964853829,0.04057812469690251,0.970946937745085,1.0,correct
UBFC_A4_L3_C050_SEED101/Eval_On_PURE,PURE,old,305,21,window,630,870,21.0,29.0,8.0,57.0,57.0,0.0,0.0,0.0,0.7586425166206919,nan,240,-0.051944062615213095,0.8171704748513013,0.030418836006291118,0.9485768016515721,1.0,correct
UBFC_A4_L3_C050_SEED101/Eval_On_PURE,PURE,old,305,22,window,660,900,22.0,30.0,8.0,56.0,56.0,0.0,0.0,0.0,0.7558412298620673,nan,240,-0.06321610259713323,0.8208193621979744,0.002181628534841177,0.9370867017136246,1.0,correct
UBFC_A4_L3_C050_SEED101/Eval_On_PURE,PURE,old,305,23,window,690,930,23.0,31.0,8.0,55.0,56.0,-1.0,1.0,1.7857142857142856,0.7445538281841222,nan,240,-0.06323602973189117,0.839692866870862,-0.016753282652870037,0.9435339885392382,1.0,correct
UBFC_A4_L3_C050_SEED101/Eval_On_PURE,PURE,old,305,24,window,720,960,24.0,32.0,8.0,54.0,55.0,-1.0,1.0,1.8181818181818181,0.7765186247362337,nan,240,-0.10375837067446128,0.8478446131556976,-0.017412633235813414,0.9273576484021104,1.0,correct
UBFC_A4_L3_C050_SEED101/Eval_On_PURE,PURE,old,305,25,window,750,990,25.0,33.0,8.0,54.0,55.0,-1.0,1.0,1.8181818181818181,0.717142152621045,nan,240,-0.11042234614558362,0.8734344224020706,-0.0044671454247230125,0.9136425186748288,1.0,correct
UBFC_A4_L3_C050_SEED101/Eval_On_PURE,PURE,old,305,26,window,780,1020,26.0,34.0,8.0,53.0,55.0,-2.0,2.0,3.6363636363636362,0.725302422837942,nan,240,-0.1007975400574363,0.9045740236416637,-0.018590680591396243,0.9037387893107978,1.0,correct
UBFC_A4_L3_C050_SEED101/Eval_On_PURE,PURE,old,305,27,window,810,1050,27.0,35.0,8.0,54.0,54.0,0.0,0.0,0.0,0.781524826380242,nan,240,-0.09582247465906577,0.9236193368084558,-0.019152372231182654,0.9156124673218603,1.0,correct
UBFC_A4_L3_C050_SEED101/Eval_On_PURE,PURE,old,305,28,window,840,1080,28.0,36.0,8.0,53.0,54.0,-1.0,1.0,1.8518518518518516,0.764441563313084,nan,240,-0.07576165729410594,0.9498427248094884,-0.011060795992571733,0.9253465077072813,1.0,correct
UBFC_A4_L3_C050_SEED101/Eval_On_PURE,PURE,old,305,29,window,870,1110,29.0,37.0,8.0,54.0,55.0,-1.0,1.0,1.8181818181818181,0.8128348485953142,nan,240,-0.05355212545551835,0.9674418119181745,-0.009149386481916955,0.9041706452994877,1.0,correct
UBFC_A4_L3_C050_SEED101/Eval_On_PURE,PURE,old,305,30,window,900,1140,30.0,38.0,8.0,57.0,56.0,1.0,1.0,1.7857142857142856,0.7691791878932287,nan,240,-0.020507128690224925,0.9723589079010441,-0.004931462385644532,0.9186445140044454,1.0,correct
UBFC_A4_L3_C050_SEED101/Eval_On_PURE,PURE,old,305,31,window,930,1170,31.0,39.0,8.0,59.0,57.0,2.0,2.0,3.508771929824561,0.720390561063906,nan,240,0.017792368837417718,0.9657074955786663,0.002218089849428707,0.933700028951525,1.0,correct
UBFC_A4_L3_C050_SEED101/Eval_On_PURE,PURE,old,305,32,window,960,1200,32.0,40.0,8.0,59.0,58.0,1.0,1.0,1.7241379310344827,0.7076279490165448,nan,240,0.06342664612681027,0.9725579902583906,0.013241370428435718,0.9435890434916625,1.0,correct
UBFC_A4_L3_C050_SEED101/Eval_On_PURE,PURE,old,305,33,window,990,1230,33.0,41.0,8.0,59.0,58.0,1.0,1.0,1.7241379310344827,0.7622569898083358,nan,240,0.0776270639634344,0.9706473117944084,0.009845686111290941,0.9411184352600398,1.0,correct
UBFC_A4_L3_C050_SEED101/Eval_On_PURE,PURE,old,305,34,window,1020,1260,34.0,42.0,8.0,58.0,58.0,0.0,0.0,0.0,0.8189478960291894,nan,240,0.07792050525641472,0.974967466835283,0.032322045529955774,0.9742977615499873,1.0,correct
UBFC_A4_L3_C050_SEED101/Eval_On_PURE,PURE,old,305,35,window,1050,1290,35.0,43.0,8.0,57.0,57.0,0.0,0.0,0.0,0.8053933882958709,nan,240,0.0772782821704974,0.9876990189184336,0.03437649255311568,0.9573631346074369,1.0,correct
UBFC_A4_L3_C050_SEED101/Eval_On_PURE,PURE,old,305,36,window,1080,1320,36.0,44.0,8.0,56.0,56.0,0.0,0.0,0.0,0.8279944277072266,nan,240,0.05539156991499094,1.005592170930357,0.03347383587648413,0.955204611500306,1.0,correct
UBFC_A4_L3_C050_SEED101/Eval_On_PURE,PURE,old,305,37,window,1110,1350,37.0,45.0,8.0,54.0,56.0,-2.0,2.0,3.571428571428571,0.7353259953415973,nan,240,0.043807641806772026,1.0217262038200168,0.011463703061460469,0.9422881829803501,1.0,correct
UBFC_A4_L3_C050_SEED101/Eval_On_PURE,PURE,old,305,38,window,1140,1380,38.0,46.0,8.0,55.0,56.0,-1.0,1.0,1.7857142857142856,0.7939187091584808,nan,240,0.04672383564193851,1.0494580577301735,0.0016596690642575556,0.9278360781375161,1.0,correct
UBFC_A4_L3_C050_SEED101/Eval_On_PURE,PURE,old,305,39,window,1170,1410,39.0,47.0,8.0,56.0,56.0,0.0,0.0,0.0,0.8197035846837799,nan,240,0.04463467483390305,1.0681621219389072,-0.012133441543708127,0.9297401783813563,1.0,correct
UBFC_A4_L3_C050_SEED101/Eval_On_PURE,PURE,old,305,40,window,1200,1440,40.0,48.0,8.0,57.0,57.0,0.0,0.0,0.0,0.8152769298381147,nan,240,0.040761409183642607,1.0727025977315023,-0.0297156952497179,0.9505013858560062,1.0,correct
UBFC_A4_L3_C050_SEED101/Eval_On_PURE,PURE,old,305,41,window,1230,1470,41.0,49.0,8.0,58.0,57.0,1.0,1.0,1.7543859649122806,0.8193804010127758,nan,240,0.02167816011524266,1.0619223959351145,-0.017834699925007334,0.9406010988955316,1.0,correct
UBFC_A4_L3_C050_SEED101/Eval_On_PURE,PURE,old,305,42,window,1260,1500,42.0,50.0,8.0,57.0,57.0,0.0,0.0,0.0,0.7828726956684695,nan,240,-0.011282801076042525,1.0491768268780373,-0.009947738757701358,0.9404098531427759,1.0,correct
UBFC_A4_L3_C050_SEED101/Eval_On_PURE,PURE,old,305,43,window,1290,1530,43.0,51.0,8.0,57.0,57.0,0.0,0.0,0.0,0.7340938839684938,nan,240,-0.006718804000395432,1.029720269437511,0.0038155437874739773,0.9447648214803325,1.0,correct
UBFC_A4_L3_C050_SEED101/Eval_On_PURE,PURE,old,305,44,window,1320,1560,44.0,52.0,8.0,58.0,57.0,1.0,1.0,1.7543859649122806,0.7082000596842939,nan,240,0.008788606137675285,1.0033173146770324,-0.0016192765801689047,0.9669713870821052,1.0,correct
UBFC_A4_L3_C050_SEED101/Eval_On_PURE,PURE,old,305,45,window,1350,1590,45.0,53.0,8.0,58.0,58.0,0.0,0.0,0.0,0.7282132750286723,nan,240,0.0018203717861318136,0.981837405193087,0.0020343951994797843,0.9604933323331007,1.0,correct
UBFC_A4_L3_C050_SEED101/Eval_On_PURE,PURE,old,305,46,window,1380,1620,46.0,54.0,8.0,59.0,58.0,1.0,1.0,1.7241379310344827,0.750091814866633,nan,240,-0.018417854012846714,0.9662525738053872,0.0077180088218537,0.9476765581134007,1.0,correct
UBFC_A4_L3_C050_SEED101/Eval_On_PURE,PURE,old,305,47,window,1410,1650,47.0,55.0,8.0,59.0,59.0,0.0,0.0,0.0,0.7412837015696794,nan,240,-0.02069649340509645,0.9771533238143316,0.003880639735240727,0.9554518738103319,1.0,correct
UBFC_A4_L3_C050_SEED101/Eval_On_PURE,PURE,old,305,48,window,1440,1680,48.0,56.0,8.0,60.0,59.0,1.0,1.0,1.694915254237288,0.7618089860756478,nan,240,-0.002771978755543262,1.0037937974875035,0.006858082446781862,0.9525931311082361,1.0,correct
UBFC_A4_L3_C050_SEED101/Eval_On_PURE,PURE,old,305,49,window,1470,1710,49.0,57.0,8.0,59.0,58.0,1.0,1.0,1.7241379310344827,0.7820975368252804,nan,240,0.024923322477928094,1.045994404322108,0.011335768616204424,0.9465315348755244,1.0,correct
UBFC_A4_L3_C050_SEED101/Eval_On_PURE,PURE,old,305,50,window,1500,1740,50.0,58.0,8.0,57.0,57.0,0.0,0.0,0.0,0.8121568075215055,nan,240,0.0670246895787274,1.0963377130787837,-0.006655999794515129,0.9311924424704747,1.0,correct
UBFC_A4_L3_C050_SEED101/Eval_On_PURE,PURE,old,305,51,window,1530,1770,51.0,59.0,8.0,55.0,55.0,0.0,0.0,0.0,0.8453013798821318,nan,240,0.07209984612825382,1.1504692860610763,0.004612645347304463,0.9387916686625776,1.0,correct
UBFC_A4_L3_C050_SEED101/Eval_On_PURE,PURE,old,305,52,window,1560,1800,52.0,60.0,8.0,55.0,54.0,1.0,1.0,1.8518518518518516,0.8694121979126191,nan,240,0.04120117258041698,1.220310389048768,0.02151990465444823,0.953821569016283,1.0,correct
UBFC_A4_L3_C050_SEED101/Eval_On_PURE,PURE,old,305,53,window,1590,1830,53.0,61.0,8.0,54.0,54.0,0.0,0.0,0.0,0.8297853538639255,nan,240,0.01076503629764991,1.2548796746238722,0.02671583131194275,0.9448496934942283,1.0,correct
UBFC_A4_L3_C050_SEED101/Eval_On_PURE,PURE,old,305,54,window,1620,1860,54.0,62.0,8.0,54.0,54.0,0.0,0.0,0.0,0.8346953403883004,nan,240,0.009956791711863307,1.2219027018983586,0.0390388215149789,0.9481922457011189,1.0,correct
UBFC_A4_L3_C050_SEED101/Eval_On_PURE,PURE,old,305,55,window,1650,1890,55.0,63.0,8.0,55.0,54.0,1.0,1.0,1.8518518518518516,0.8465917556118012,nan,240,-0.0012254053596339946,1.1760275483035376,0.03922391099202703,0.9417090223589305,1.0,correct
UBFC_A4_L3_C050_SEED101/Eval_On_PURE,PURE,old,305,56,window,1680,1920,56.0,64.0,8.0,56.0,55.0,1.0,1.0,1.8181818181818181,0.8276853138456262,nan,240,-0.02868363062415525,1.1226686314795644,0.005836068599289053,0.935033569780271,1.0,correct
UBFC_A4_L3_C050_SEED101/Eval_On_PURE,PURE,old,306,0,window,0,240,0.0,8.0,8.0,63.0,63.0,0.0,0.0,0.0,0.6737551227216546,nan,240,-0.07478423136454526,0.8854063699439014,-0.004244223381201473,0.9603356385218073,1.0,correct
UBFC_A4_L3_C050_SEED101/Eval_On_PURE,PURE,old,306,1,window,30,270,1.0,9.0,8.0,63.0,63.0,0.0,0.0,0.0,0.6819149231496563,nan,240,-0.07874150602715381,0.8698835497620371,-0.011873184535955206,0.9618387203505845,1.0,correct
UBFC_A4_L3_C050_SEED101/Eval_On_PURE,PURE,old,306,2,window,60,300,2.0,10.0,8.0,61.99999999999999,61.99999999999999,0.0,0.0,0.0,0.7067852924036179,nan,240,-0.058311160059397314,0.867053610170355,-0.016482432366046632,0.9458341022182771,1.0,correct
UBFC_A4_L3_C050_SEED101/Eval_On_PURE,PURE,old,306,3,window,90,330,3.0,11.0,8.0,61.0,60.0,1.0,1.0,1.6666666666666667,0.7168903847146935,nan,240,-0.024331531780764592,0.8766920614133171,-0.01168595726766792,0.9449270419825014,1.0,correct
UBFC_A4_L3_C050_SEED101/Eval_On_PURE,PURE,old,306,4,window,120,360,4.0,12.0,8.0,60.0,58.0,2.0,2.0,3.4482758620689653,0.7287740037861784,nan,240,-0.02083368272396653,0.897326660962643,-0.008823326974887321,0.9353353041855055,1.0,correct
UBFC_A4_L3_C050_SEED101/Eval_On_PURE,PURE,old,306,5,window,150,390,5.0,13.0,8.0,58.0,57.0,1.0,1.0,1.7543859649122806,0.7911877521463572,nan,240,-0.02048522948670939,0.9401154859828402,0.03141028953415603,0.9495959471754981,1.0,correct
UBFC_A4_L3_C050_SEED101/Eval_On_PURE,PURE,old,306,6,window,180,420,6.0,14.0,8.0,57.0,56.0,1.0,1.0,1.7857142857142856,0.7751823995886222,nan,240,-0.03716282286710125,0.9619302891796508,0.026663215271973097,0.95264390719422,1.0,correct
UBFC_A4_L3_C050_SEED101/Eval_On_PURE,PURE,old,306,7,window,210,450,7.0,15.0,8.0,57.0,56.0,1.0,1.0,1.7857142857142856,0.8293125601545085,nan,240,-0.033280232608529185,1.0004335399161501,0.04502949976010275,0.9573718597604762,1.0,correct
UBFC_A4_L3_C050_SEED101/Eval_On_PURE,PURE,old,306,8,window,240,480,8.0,16.0,8.0,56.0,57.0,-1.0,1.0,1.7543859649122806,0.8371776577918577,nan,240,-0.03869324280181914,1.0261212850799712,0.026893546154492805,0.9103801633979481,1.0,correct
UBFC_A4_L3_C050_SEED101/Eval_On_PURE,PURE,old,306,9,window,270,510,9.0,17.0,8.0,56.0,57.0,-1.0,1.0,1.7543859649122806,0.7600933493056006,nan,240,-0.009847418237195985,1.0520785098493792,0.01806882977955908,0.9241699110556185,1.0,correct
UBFC_A4_L3_C050_SEED101/Eval_On_PURE,PURE,old,306,10,window,300,540,10.0,18.0,8.0,59.0,58.0,1.0,1.0,1.7241379310344827,0.8150771035890009,nan,240,0.02827924745427115,1.080810902562724,0.01436639953151932,0.9435363513702217,1.0,correct
UBFC_A4_L3_C050_SEED101/Eval_On_PURE,PURE,old,306,11,window,330,570,11.0,19.0,8.0,60.0,59.0,1.0,1.0,1.694915254237288,0.8528260188857778,nan,240,0.059841120739234394,1.0889801677297741,-0.009329747535010823,0.9609768361491068,1.0,correct
UBFC_A4_L3_C050_SEED101/Eval_On_PURE,PURE,old,306,12,window,360,600,12.0,20.0,8.0,59.0,60.0,-1.0,1.0,1.6666666666666667,0.8312678996208216,nan,240,0.06544999716302109,1.0837574006511441,-0.0012186090993230147,0.9198151902208286,1.0,correct
UBFC_A4_L3_C050_SEED101/Eval_On_PURE,PURE,old,306,13,window,390,630,13.0,21.0,8.0,60.0,60.0,0.0,0.0,0.0,0.8394102802397897,nan,240,0.06509899156128758,1.0522951991469447,-0.0036205481630011732,0.8950076846289428,1.0,correct
UBFC_A4_L3_C050_SEED101/Eval_On_PURE,PURE,old,306,14,window,420,660,14.0,22.0,8.0,61.0,61.0,0.0,0.0,0.0,0.8475366185659055,nan,240,0.09186031115500608,1.0502567058818326,-0.004962608204739194,0.9437703688504671,1.0,correct
UBFC_A4_L3_C050_SEED101/Eval_On_PURE,PURE,old,306,15,window,450,690,15.0,23.0,8.0,60.0,61.0,-1.0,1.0,1.639344262295082,0.789344169295123,nan,240,0.10193782291569482,1.033444175066624,-0.0016918928476581158,0.9146118046427058,1.0,correct
UBFC_A4_L3_C050_SEED101/Eval_On_PURE,PURE,old,306,16,window,480,720,16.0,24.0,8.0,60.0,61.0,-1.0,1.0,1.639344262295082,0.8406533988491388,nan,240,0.11607770017201093,1.0363452928576369,-0.0033429135915937296,0.9280014533854972,1.0,correct
UBFC_A4_L3_C050_SEED101/Eval_On_PURE,PURE,old,306,17,window,510,750,17.0,25.0,8.0,60.0,61.0,-1.0,1.0,1.639344262295082,0.844133102407761,nan,240,0.08153932601771215,1.0329547967265975,-0.0038523444220887547,0.8967264563250665,1.0,correct
UBFC_A4_L3_C050_SEED101/Eval_On_PURE,PURE,old,306,18,window,540,780,18.0,26.0,8.0,60.0,61.0,-1.0,1.0,1.639344262295082,0.8088822860838373,nan,240,0.04736593998358617,1.0064816866947233,-0.0023514992863069083,0.8664219247799845,1.0,correct
UBFC_A4_L3_C050_SEED101/Eval_On_PURE,PURE,old,306,19,window,570,810,19.0,27.0,8.0,60.0,61.0,-1.0,1.0,1.639344262295082,0.7861580828125871,nan,240,0.03206862092326017,0.9809227361757445,0.014075331975447173,0.8781552822201019,1.0,correct
UBFC_A4_L3_C050_SEED101/Eval_On_PURE,PURE,old,306,20,window,600,840,20.0,28.0,8.0,61.0,61.0,0.0,0.0,0.0,0.8576168048984739,nan,240,0.04605002963728162,0.9665211693930996,-0.00436885168462684,0.9128689000103811,1.0,correct
UBFC_A4_L3_C050_SEED101/Eval_On_PURE,PURE,old,306,21,window,630,870,21.0,29.0,8.0,61.0,61.99999999999999,-0.9999999999999929,0.9999999999999929,1.6129032258064404,0.8561772137385356,nan,240,0.03144395746067288,0.9552197344290949,-0.01869967266948342,0.9234191682186307,1.0,correct
UBFC_A4_L3_C050_SEED101/Eval_On_PURE,PURE,old,306,22,window,660,900,22.0,30.0,8.0,61.0,61.99999999999999,-0.9999999999999929,0.9999999999999929,1.6129032258064404,0.8562388431726107,nan,240,-0.0005889935287982355,0.9226854998389874,-0.0164056303328431,0.9190069376051112,1.0,correct
UBFC_A4_L3_C050_SEED101/Eval_On_PURE,PURE,old,306,23,window,690,930,23.0,31.0,8.0,61.0,61.99999999999999,-0.9999999999999929,0.9999999999999929,1.6129032258064404,0.8348249619611559,nan,240,-0.020931782297767487,0.9031910501665158,-0.012007766178885418,0.9212718646867151,1.0,correct
UBFC_A4_L3_C050_SEED101/Eval_On_PURE,PURE,old,306,24,window,720,960,24.0,32.0,8.0,61.0,61.99999999999999,-0.9999999999999929,0.9999999999999929,1.6129032258064404,0.7849673075862122,nan,240,-0.035792758004942506,0.8680427592882546,-0.011197066540428275,0.9309312754439654,1.0,correct
UBFC_A4_L3_C050_SEED101/Eval_On_PURE,PURE,old,306,25,window,750,990,25.0,33.0,8.0,60.0,61.99999999999999,-1.999999999999993,1.999999999999993,3.225806451612892,0.7833784015330043,nan,240,-0.022464754596960845,0.8471006127538542,-0.009951758944069711,0.9387686159730286,1.0,correct
UBFC_A4_L3_C050_SEED101/Eval_On_PURE,PURE,old,306,26,window,780,1020,26.0,34.0,8.0,60.0,61.0,-1.0,1.0,1.639344262295082,0.8115264293466201,nan,240,-0.009687396081741802,0.8416247273472495,-0.004446837539980582,0.9364098466990566,1.0,correct
UBFC_A4_L3_C050_SEED101/Eval_On_PURE,PURE,old,306,27,window,810,1050,27.0,35.0,8.0,60.0,60.0,0.0,0.0,0.0,0.802522413827138,nan,240,-0.011065339982067416,0.8527805904653282,-0.001905116511061807,0.9260146916767706,1.0,correct
UBFC_A4_L3_C050_SEED101/Eval_On_PURE,PURE,old,306,28,window,840,1080,28.0,36.0,8.0,59.0,59.0,0.0,0.0,0.0,0.7669510163757646,nan,240,-0.026940936054924543,0.8602942587618503,0.0212175962994409,0.9414431244788775,1.0,correct
UBFC_A4_L3_C050_SEED101/Eval_On_PURE,PURE,old,306,29,window,870,1110,29.0,37.0,8.0,58.0,58.0,0.0,0.0,0.0,0.7558478703126879,nan,240,-0.03972351027146549,0.8746086846037099,0.016141190907158102,0.9472384304058169,1.0,correct
UBFC_A4_L3_C050_SEED101/Eval_On_PURE,PURE,old,306,30,window,900,1140,30.0,38.0,8.0,57.0,57.0,0.0,0.0,0.0,0.7986862082548231,nan,240,-0.03943054321848637,0.8927109094810655,0.031391288404925013,0.952810167867633,1.0,correct
UBFC_A4_L3_C050_SEED101/Eval_On_PURE,PURE,old,306,31,window,930,1170,31.0,39.0,8.0,56.0,56.0,0.0,0.0,0.0,0.7775065675744876,nan,240,-0.022712112006467257,0.920551581256598,0.02220404613373274,0.9255035816678518,1.0,correct
UBFC_A4_L3_C050_SEED101/Eval_On_PURE,PURE,old,306,32,window,960,1200,32.0,40.0,8.0,54.0,56.0,-2.0,2.0,3.571428571428571,0.710480743747291,nan,240,-0.0023107298269028948,0.9584277624237818,0.006837869300279283,0.931562235207021,1.0,correct
UBFC_A4_L3_C050_SEED101/Eval_On_PURE,PURE,old,306,33,window,990,1230,33.0,41.0,8.0,54.0,55.0,-1.0,1.0,1.8181818181818181,0.7747031350892318,nan,240,-0.017748096016342977,0.9929489784900409,-0.0006067882154511039,0.929659432805195,1.0,correct
UBFC_A4_L3_C050_SEED101/Eval_On_PURE,PURE,old,306,34,window,1020,1260,34.0,42.0,8.0,54.0,55.0,-1.0,1.0,1.8181818181818181,0.8007191833533929,nan,240,-0.03803839485498548,0.9968278690127808,-0.01133338800389713,0.9000639049520653,1.0,correct
UBFC_A4_L3_C050_SEED101/Eval_On_PURE,PURE,old,306,35,window,1050,1290,35.0,43.0,8.0,54.0,55.0,-1.0,1.0,1.8181818181818181,0.771487163236741,nan,240,-0.039217143353758414,1.016267245733702,-0.00599314569746707,0.9144043328046841,1.0,correct
UBFC_A4_L3_C050_SEED101/Eval_On_PURE,PURE,old,306,36,window,1080,1320,36.0,44.0,8.0,54.0,55.0,-1.0,1.0,1.8181818181818181,0.8101911429463466,nan,240,0.0003874523421011411,1.0461959466970954,-0.01279144316287458,0.9110858024579278,1.0,correct
UBFC_A4_L3_C050_SEED101/Eval_On_PURE,PURE,old,306,37,window,1110,1350,37.0,45.0,8.0,54.0,55.0,-1.0,1.0,1.8181818181818181,0.8478072639100213,nan,240,0.046963998064686985,1.0702208394595334,-0.014316154717038457,0.9154406682773215,1.0,correct
UBFC_A4_L3_C050_SEED101/Eval_On_PURE,PURE,old,306,38,window,1140,1380,38.0,46.0,8.0,54.0,55.0,-1.0,1.0,1.8181818181818181,0.83404336049662,nan,240,0.04526723054950789,1.075759295855023,-0.01059412631150048,0.9229714440023788,1.0,correct
UBFC_A4_L3_C050_SEED101/Eval_On_PURE,PURE,old,306,39,window,1170,1410,39.0,47.0,8.0,54.0,55.0,-1.0,1.0,1.8181818181818181,0.8701284899931483,nan,240,0.05179873124544622,1.071859704688029,0.002292807563066135,0.9241849171093501,1.0,correct
UBFC_A4_L3_C050_SEED101/Eval_On_PURE,PURE,old,306,40,window,1200,1440,40.0,48.0,8.0,55.0,55.0,0.0,0.0,0.0,0.8291270778524261,nan,240,0.08717117372179116,1.0729078857851102,0.002941900857254572,0.9343929438349078,1.0,correct
UBFC_A4_L3_C050_SEED101/Eval_On_PURE,PURE,old,306,41,window,1230,1470,41.0,49.0,8.0,56.0,56.0,0.0,0.0,0.0,0.8267370008409184,nan,240,0.1374059235737338,1.0556995891126586,0.009240129788246855,0.9501569828504176,1.0,correct
UBFC_A4_L3_C050_SEED101/Eval_On_PURE,PURE,old,306,42,window,1260,1500,42.0,50.0,8.0,58.0,56.0,2.0,2.0,3.571428571428571,0.7432727387127069,nan,240,0.15057434871573427,1.061820457704249,0.020300594128204775,0.9462242575062274,1.0,correct
UBFC_A4_L3_C050_SEED101/Eval_On_PURE,PURE,old,306,43,window,1290,1530,43.0,51.0,8.0,58.0,56.0,2.0,2.0,3.571428571428571,0.7915154972530744,nan,240,0.13221741048202607,1.0494609849919094,0.04325220735524816,0.9312603665453479,1.0,correct
UBFC_A4_L3_C050_SEED101/Eval_On_PURE,PURE,old,306,44,window,1320,1560,44.0,52.0,8.0,57.0,56.0,1.0,1.0,1.7857142857142856,0.8310755506502541,nan,240,0.0652462518943599,1.0281322753573963,0.02481316388596082,0.8996299908799017,1.0,correct
UBFC_A4_L3_C050_SEED101/Eval_On_PURE,PURE,old,306,45,window,1350,1590,45.0,53.0,8.0,55.0,56.0,-1.0,1.0,1.7857142857142856,0.7958175976073855,nan,240,0.002299395279904252,0.997795349157603,-0.008731531700507663,0.8943427564567404,1.0,correct
UBFC_A4_L3_C050_SEED101/Eval_On_PURE,PURE,old,306,46,window,1380,1620,46.0,54.0,8.0,55.0,55.0,0.0,0.0,0.0,0.8342073285363782,nan,240,-0.011985189945004837,0.9783737303657858,-0.025528164718357067,0.9094855249432168,1.0,correct
UBFC_A4_L3_C050_SEED101/Eval_On_PURE,PURE,old,306,47,window,1410,1650,47.0,55.0,8.0,55.0,55.0,0.0,0.0,0.0,0.8443520436202036,nan,240,-0.029414954039450016,0.9556647565029112,-0.028737274064842975,0.9130109651561156,1.0,correct
UBFC_A4_L3_C050_SEED101/Eval_On_PURE,PURE,old,306,48,window,1440,1680,48.0,56.0,8.0,55.0,55.0,0.0,0.0,0.0,0.8003320755343905,nan,240,-0.07933254486206746,0.9239382586953363,-0.011758304801686067,0.9226302789705845,1.0,correct
UBFC_A4_L3_C050_SEED101/Eval_On_PURE,PURE,old,306,49,window,1470,1710,49.0,57.0,8.0,55.0,55.0,0.0,0.0,0.0,0.7891710050622087,nan,240,-0.09569342310260857,0.9208359057080272,0.010900888899284722,0.8777334474587211,1.0,correct
UBFC_A4_L3_C050_SEED101/Eval_On_PURE,PURE,old,306,50,window,1500,1740,50.0,58.0,8.0,56.0,56.0,0.0,0.0,0.0,0.8474239555708727,nan,240,-0.06907326036168931,0.9322722165349253,-0.0022079722188764234,0.9088571211830885,1.0,correct
UBFC_A4_L3_C050_SEED101/Eval_On_PURE,PURE,old,306,51,window,1530,1770,51.0,59.0,8.0,55.0,55.0,0.0,0.0,0.0,0.8493339476610258,nan,240,-0.046410372283377764,0.9536135343779883,-0.007960153519714963,0.8878930944033867,1.0,correct
UBFC_A4_L3_C050_SEED101/Eval_On_PURE,PURE,old,306,52,window,1560,1800,52.0,60.0,8.0,54.0,55.0,-1.0,1.0,1.8181818181818181,0.8638536871380453,nan,240,-0.017376560526425857,0.9820687887444209,-0.0033036776234733594,0.8876043384529185,1.0,correct
UBFC_A4_L3_C050_SEED101/Eval_On_PURE,PURE,old,306,53,window,1590,1830,53.0,61.0,8.0,54.0,54.0,0.0,0.0,0.0,0.8474046939136816,nan,240,0.0393063497726706,1.0281712607172104,0.01846290745331628,0.905261773659915,1.0,correct
UBFC_A4_L3_C050_SEED101/Eval_On_PURE,PURE,old,306,54,window,1620,1860,54.0,62.0,8.0,54.0,54.0,0.0,0.0,0.0,0.8343168438573609,nan,240,0.06789205510540516,1.0859695118220758,0.03816220734936884,0.8569153480874592,1.0,correct
UBFC_A4_L3_C050_SEED101/Eval_On_PURE,PURE,old,306,55,window,1650,1890,55.0,63.0,8.0,53.0,53.0,0.0,0.0,0.0,0.790837461255983,nan,240,0.044930207466212284,1.1405371179721147,0.018398676644627007,0.8431933130801968,1.0,correct
UBFC_A4_L3_C050_SEED101/Eval_On_PURE,PURE,old,306,56,window,1680,1920,56.0,64.0,8.0,53.0,53.0,0.0,0.0,0.0,0.8362342212117535,nan,240,0.031830807137449894,1.1483728017931984,-0.019457436037062483,0.8820118594412562,1.0,correct
UBFC_A4_L3_C050_SEED101/Eval_On_PURE,PURE,old,401,0,window,0,240,0.0,8.0,8.0,57.0,55.0,2.0,2.0,3.6363636363636362,0.7435380031455071,nan,240,0.15101041036324284,0.7464177077910871,-0.004100003833589283,0.9447483786262181,1.0,correct
UBFC_A4_L3_C050_SEED101/Eval_On_PURE,PURE,old,401,1,window,30,270,1.0,9.0,8.0,54.0,54.0,0.0,0.0,0.0,0.7394013524516643,nan,240,0.1363472566895318,0.760740387758735,0.005014032912090845,0.9315233047869177,1.0,correct
UBFC_A4_L3_C050_SEED101/Eval_On_PURE,PURE,old,401,2,window,60,300,2.0,10.0,8.0,53.0,53.0,0.0,0.0,0.0,0.6358037722976394,nan,240,0.14218906439974324,0.7561839258753289,0.02627057946083092,0.9501464803979389,1.0,correct
UBFC_A4_L3_C050_SEED101/Eval_On_PURE,PURE,old,401,3,window,90,330,3.0,11.0,8.0,53.0,52.0,1.0,1.0,1.9230769230769231,0.5003966588423864,nan,240,0.10374653129990209,0.7701029069545783,0.02393013228082379,0.9278230310818322,1.0,correct
UBFC_A4_L3_C050_SEED101/Eval_On_PURE,PURE,old,401,4,window,120,360,4.0,12.0,8.0,53.0,51.0,2.0,2.0,3.9215686274509802,0.4667877048925369,nan,240,0.041095392208592714,0.7466741794680993,0.021772707723995307,0.9154877956836139,1.0,correct
UBFC_A4_L3_C050_SEED101/Eval_On_PURE,PURE,old,401,5,window,150,390,5.0,13.0,8.0,54.0,52.0,2.0,2.0,3.8461538461538463,0.43542291224509444,nan,240,0.039109792394402786,0.7373286276036566,0.03346182014237678,0.9526233091777679,1.0,correct
UBFC_A4_L3_C050_SEED101/Eval_On_PURE,PURE,old,401,6,window,180,420,6.0,14.0,8.0,56.0,53.0,3.0,3.0,5.660377358490567,0.16045968929676097,nan,240,0.030101727182320848,0.7329700638022951,0.03702049314511197,0.9568227033960647,1.0,correct
UBFC_A4_L3_C050_SEED101/Eval_On_PURE,PURE,old,401,7,window,210,450,7.0,15.0,8.0,58.0,55.0,3.0,3.0,5.454545454545454,-0.02862702206367711,nan,240,-0.013622455881985457,0.7599222698814744,0.0031205810247506996,0.9438597744105583,1.0,correct
UBFC_A4_L3_C050_SEED101/Eval_On_PURE,PURE,old,401,8,window,240,480,8.0,16.0,8.0,59.0,56.0,3.0,3.0,5.357142857142857,-0.14836502900772355,nan,240,-0.04561292811771288,0.748744503253399,-0.0046139741771961005,0.9582627239814638,1.0,correct
UBFC_A4_L3_C050_SEED101/Eval_On_PURE,PURE,old,401,9,window,270,510,9.0,17.0,8.0,59.0,57.0,2.0,2.0,3.508771929824561,-0.22791600358243458,nan,240,-0.04906837274848509,0.7359181138426145,-0.002074546167091922,0.9550512134888984,1.0,correct
UBFC_A4_L3_C050_SEED101/Eval_On_PURE,PURE,old,401,10,window,300,540,10.0,18.0,8.0,59.0,57.0,2.0,2.0,3.508771929824561,-0.34258837813704535,nan,240,-0.034119447541883334,0.7440326324519096,-0.013034246041848944,0.9406667021222165,1.0,correct
UBFC_A4_L3_C050_SEED101/Eval_On_PURE,PURE,old,401,11,window,330,570,11.0,19.0,8.0,58.0,57.0,1.0,1.0,1.7543859649122806,-0.37722865110674336,nan,240,-0.022530330277755178,0.7844058656829628,-0.026284101188601784,0.9530569995260749,1.0,correct
UBFC_A4_L3_C050_SEED101/Eval_On_PURE,PURE,old,401,12,window,360,600,12.0,20.0,8.0,57.0,56.0,1.0,1.0,1.7857142857142856,-0.466719379637367,nan,240,-0.03378813472885063,0.8127599540687666,-0.02463613759345308,0.9660990265782028,1.0,correct
UBFC_A4_L3_C050_SEED101/Eval_On_PURE,PURE,old,401,13,window,390,630,13.0,21.0,8.0,57.0,56.0,1.0,1.0,1.7857142857142856,-0.4702158281334735,nan,240,-0.024265453051164714,0.8231006183666064,-0.0166553099191738,0.9668866039761499,1.0,correct
UBFC_A4_L3_C050_SEED101/Eval_On_PURE,PURE,old,401,14,window,420,660,14.0,22.0,8.0,58.0,57.0,1.0,1.0,1.7543859649122806,-0.46769715845934823,nan,240,-0.003328988037897148,0.8327196338113739,-0.0053423979402248,0.9567269783642076,1.0,correct
UBFC_A4_L3_C050_SEED101/Eval_On_PURE,PURE,old,401,15,window,450,690,15.0,23.0,8.0,57.0,58.0,-1.0,1.0,1.7241379310344827,-0.5101425898128319,nan,240,-0.02199408170408416,0.7672833914221975,-0.0018949335979721186,0.9573551031335751,1.0,correct
UBFC_A4_L3_C050_SEED101/Eval_On_PURE,PURE,old,401,16,window,480,720,16.0,24.0,8.0,57.0,58.0,-1.0,1.0,1.7241379310344827,-0.501279130055472,nan,240,-0.044198871369305844,0.7594445925799518,0.0010879390356640577,0.9555448258898241,1.0,correct
UBFC_A4_L3_C050_SEED101/Eval_On_PURE,PURE,old,401,17,window,510,750,17.0,25.0,8.0,58.0,59.0,-1.0,1.0,1.694915254237288,-0.38435108952413827,nan,240,-0.005011738339142911,0.7576657872368499,-0.003459498645608568,0.9690836885782864,1.0,correct
UBFC_A4_L3_C050_SEED101/Eval_On_PURE,PURE,old,401,18,window,540,780,18.0,26.0,8.0,59.0,60.0,-1.0,1.0,1.6666666666666667,-0.3109794617086791,nan,240,-0.013066852264254086,0.7517009702153721,0.003666162951917055,0.9671985320305884,1.0,correct
UBFC_A4_L3_C050_SEED101/Eval_On_PURE,PURE,old,401,19,window,570,810,19.0,27.0,8.0,59.0,61.0,-2.0,2.0,3.278688524590164,-0.26100187663778834,nan,240,-0.011502509291377276,0.7392429658750929,0.008521992264829085,0.9623601677357252,1.0,correct
UBFC_A4_L3_C050_SEED101/Eval_On_PURE,PURE,old,401,20,window,600,840,20.0,28.0,8.0,59.0,60.0,-1.0,1.0,1.6666666666666667,-0.1814353159232099,nan,240,0.0038574259685063023,0.7099407837398471,0.006343662937275518,0.959783191780946,1.0,correct
UBFC_A4_L3_C050_SEED101/Eval_On_PURE,PURE,old,401,21,window,630,870,21.0,29.0,8.0,60.0,60.0,0.0,0.0,0.0,-0.12314120797300547,nan,240,-0.017033497764618676,0.7062950346914326,0.01723838141531009,0.9683621683334385,1.0,correct
UBFC_A4_L3_C050_SEED101/Eval_On_PURE,PURE,old,401,22,window,660,900,22.0,30.0,8.0,59.0,59.0,0.0,0.0,0.0,-0.07934826416199252,nan,240,-0.037325553663876784,0.7074022339069277,0.018636575661014863,0.9533141763747752,1.0,correct
UBFC_A4_L3_C050_SEED101/Eval_On_PURE,PURE,old,401,23,window,690,930,23.0,31.0,8.0,58.0,59.0,-1.0,1.0,1.694915254237288,0.0021124327805272106,nan,240,-0.003281169693745758,0.7239422404159528,0.009699478345421042,0.945071933100814,1.0,correct
UBFC_A4_L3_C050_SEED101/Eval_On_PURE,PURE,old,401,24,window,720,960,24.0,32.0,8.0,57.0,58.0,-1.0,1.0,1.7241379310344827,0.16776860079224687,nan,240,0.042099577435725136,0.7104395850685703,-0.0039780376042585,0.9476527579332112,1.0,correct
UBFC_A4_L3_C050_SEED101/Eval_On_PURE,PURE,old,401,25,window,750,990,25.0,33.0,8.0,57.0,59.0,-2.0,2.0,3.389830508474576,0.30703329877157304,nan,240,0.031852789403780925,0.7194012465038973,0.00471864295126659,0.9513975978910274,1.0,correct
UBFC_A4_L3_C050_SEED101/Eval_On_PURE,PURE,old,401,26,window,780,1020,26.0,34.0,8.0,58.0,59.0,-1.0,1.0,1.694915254237288,0.4123965793878017,nan,240,0.03249605998578662,0.7177534518688147,0.01954646884614079,0.9590015709728508,1.0,correct
UBFC_A4_L3_C050_SEED101/Eval_On_PURE,PURE,old,401,27,window,810,1050,27.0,35.0,8.0,58.0,60.0,-2.0,2.0,3.3333333333333335,0.4729686136209339,nan,240,0.005212279052731652,0.7196392757062343,0.02008201233315957,0.9635432905677535,1.0,correct
UBFC_A4_L3_C050_SEED101/Eval_On_PURE,PURE,old,401,28,window,840,1080,28.0,36.0,8.0,59.0,60.0,-1.0,1.0,1.6666666666666667,0.5806603307476486,nan,240,0.051939909542401394,0.7099635285396917,0.007492183413527555,0.958193591091964,1.0,correct
UBFC_A4_L3_C050_SEED101/Eval_On_PURE,PURE,old,401,29,window,870,1110,29.0,37.0,8.0,60.0,61.0,-1.0,1.0,1.639344262295082,0.664563557510376,nan,240,0.07229800029786501,0.7216754068104739,-0.009728872440123907,0.952215255643783,1.0,correct
UBFC_A4_L3_C050_SEED101/Eval_On_PURE,PURE,old,401,30,window,900,1140,30.0,38.0,8.0,60.0,61.0,-1.0,1.0,1.639344262295082,0.7303796681035759,nan,240,0.07095225546966798,0.7479823900397563,-0.017479700113189726,0.949015748393142,1.0,correct
UBFC_A4_L3_C050_SEED101/Eval_On_PURE,PURE,old,401,31,window,930,1170,31.0,39.0,8.0,60.0,61.0,-1.0,1.0,1.639344262295082,0.7810184310425357,nan,240,0.023032581972281314,0.7611784987922261,-0.018479912578085605,0.9514762881360705,1.0,correct
UBFC_A4_L3_C050_SEED101/Eval_On_PURE,PURE,old,401,32,window,960,1200,32.0,40.0,8.0,60.0,61.99999999999999,-1.999999999999993,1.999999999999993,3.225806451612892,0.797072196593774,nan,240,0.012044609606026716,0.7736916220015428,-0.019554031419006558,0.9506078878244504,1.0,correct
UBFC_A4_L3_C050_SEED101/Eval_On_PURE,PURE,old,401,33,window,990,1230,33.0,41.0,8.0,61.0,63.0,-2.0,2.0,3.1746031746031744,0.7478873521343069,nan,240,0.03335792871247006,0.8007571194403121,-0.02336801748215429,0.9552852618755593,1.0,correct
UBFC_A4_L3_C050_SEED101/Eval_On_PURE,PURE,old,401,34,window,1020,1260,34.0,42.0,8.0,61.0,63.0,-2.0,2.0,3.1746031746031744,0.7341808857646649,nan,240,0.02361664889010271,0.8212050574255361,-0.019910698371810292,0.9503409690304998,1.0,correct
UBFC_A4_L3_C050_SEED101/Eval_On_PURE,PURE,old,401,35,window,1050,1290,35.0,43.0,8.0,60.0,61.99999999999999,-1.999999999999993,1.999999999999993,3.225806451612892,0.745272532932958,nan,240,0.03037383633116825,0.8079271754901721,-0.020141141045519194,0.9503521428220155,1.0,correct
UBFC_A4_L3_C050_SEED101/Eval_On_PURE,PURE,old,401,36,window,1080,1320,36.0,44.0,8.0,60.0,61.99999999999999,-1.999999999999993,1.999999999999993,3.225806451612892,0.7513352665219458,nan,240,0.036857776091381335,0.817779078491101,-0.02067866154833621,0.948841204919782,1.0,correct
UBFC_A4_L3_C050_SEED101/Eval_On_PURE,PURE,old,401,37,window,1110,1350,37.0,45.0,8.0,60.0,61.99999999999999,-1.999999999999993,1.999999999999993,3.225806451612892,0.7086563842361393,nan,240,0.024428422208635236,0.8210405080558136,-0.018498164608687563,0.9491119611942173,1.0,correct
UBFC_A4_L3_C050_SEED101/Eval_On_PURE,PURE,old,401,38,window,1140,1380,38.0,46.0,8.0,61.0,61.99999999999999,-0.9999999999999929,0.9999999999999929,1.6129032258064404,0.6777886412640468,nan,240,0.015048057031393823,0.7861132085978577,-0.014231502512178988,0.9585169174085133,1.0,correct
UBFC_A4_L3_C050_SEED101/Eval_On_PURE,PURE,old,401,39,window,1170,1410,39.0,47.0,8.0,61.99999999999999,63.0,-1.000000000000007,1.000000000000007,1.5873015873015988,0.6428830627673752,nan,240,0.04767155306109601,0.7976203749006168,-0.019237431471047832,0.975917075692115,1.0,correct
UBFC_A4_L3_C050_SEED101/Eval_On_PURE,PURE,old,401,40,window,1200,1440,40.0,48.0,8.0,63.0,63.0,0.0,0.0,0.0,0.6307461410700346,nan,240,0.00409082502923758,0.801261505828539,-0.0024791631440269834,0.9661297907482729,1.0,correct
UBFC_A4_L3_C050_SEED101/Eval_On_PURE,PURE,old,401,41,window,1230,1470,41.0,49.0,8.0,66.0,65.0,1.0,1.0,1.5384615384615385,0.5909905089077899,nan,240,-0.06906554885882245,0.8863517729137143,-0.0007438202694536988,0.9728149133215004,1.0,correct
UBFC_A4_L3_C050_SEED101/Eval_On_PURE,PURE,old,401,42,window,1260,1500,42.0,50.0,8.0,67.0,67.0,0.0,0.0,0.0,0.6028828975951435,nan,240,-0.018529528817281985,1.0178269725089093,-0.0005831046366206201,0.9864288034301056,1.0,correct
UBFC_A4_L3_C050_SEED101/Eval_On_PURE,PURE,old,401,43,window,1290,1530,43.0,51.0,8.0,67.0,66.0,1.0,1.0,1.5151515151515151,0.6219251506371093,nan,240,0.0641324487684078,1.1919690770737976,0.0036528343741384288,0.9733339523228063,1.0,correct
UBFC_A4_L3_C050_SEED101/Eval_On_PURE,PURE,old,401,44,window,1320,1560,44.0,52.0,8.0,66.0,65.0,1.0,1.0,1.5384615384615385,0.5398077898238595,nan,240,0.007139813734736822,1.2781844937484679,0.017352932097652693,0.9645921503963151,1.0,correct
UBFC_A4_L3_C050_SEED101/Eval_On_PURE,PURE,old,401,45,window,1350,1590,45.0,53.0,8.0,64.0,64.0,0.0,0.0,0.0,0.4490678408117227,nan,240,-0.009771940645985345,1.3464507262995007,0.031031404430367723,0.9702093965901409,1.0,correct
UBFC_A4_L3_C050_SEED101/Eval_On_PURE,PURE,old,401,46,window,1380,1620,46.0,54.0,8.0,61.0,61.99999999999999,-0.9999999999999929,0.9999999999999929,1.6129032258064404,0.4522768727238332,nan,240,0.02345156174958646,1.412936056627501,0.021182067525571165,0.9705144633994593,1.0,correct
UBFC_A4_L3_C050_SEED101/Eval_On_PURE,PURE,old,401,47,window,1410,1650,47.0,55.0,8.0,61.0,61.99999999999999,-0.9999999999999929,0.9999999999999929,1.6129032258064404,0.44146896243212413,nan,240,0.09905691797728042,1.5006924552543288,0.00970809066686333,0.968850313066634,1.0,correct
UBFC_A4_L3_C050_SEED101/Eval_On_PURE,PURE,old,401,48,window,1440,1680,48.0,56.0,8.0,61.0,61.99999999999999,-0.9999999999999929,0.9999999999999929,1.6129032258064404,0.4407096027896685,nan,240,0.11507378620321283,1.632277773229217,0.0010192096517003082,0.9723972209222894,1.0,correct
UBFC_A4_L3_C050_SEED101/Eval_On_PURE,PURE,old,401,49,window,1470,1710,49.0,57.0,8.0,61.0,61.99999999999999,-0.9999999999999929,0.9999999999999929,1.6129032258064404,0.45438898573345277,nan,240,0.03475490748082757,1.6981888249951187,-0.00014177416844071144,0.9843022794988914,1.0,correct
UBFC_A4_L3_C050_SEED101/Eval_On_PURE,PURE,old,401,50,window,1500,1740,50.0,58.0,8.0,61.99999999999999,61.0,0.9999999999999929,0.9999999999999929,1.6393442622950702,0.48350654938868076,nan,240,-0.05400163191986159,1.6991628164697081,-0.0010261831433674559,0.9814250777406193,1.0,correct
UBFC_A4_L3_C050_SEED101/Eval_On_PURE,PURE,old,401,51,window,1530,1770,51.0,59.0,8.0,61.0,61.0,0.0,0.0,0.0,0.5340518920261476,nan,240,-0.08718187009929566,1.6848902142258944,0.0027490207194309094,0.978017244343242,1.0,correct
UBFC_A4_L3_C050_SEED101/Eval_On_PURE,PURE,old,401,52,window,1560,1800,52.0,60.0,8.0,60.0,59.0,1.0,1.0,1.694915254237288,0.5977200560271145,nan,240,-0.051334051435542066,1.7110769292822037,0.004833319223053944,0.959555886812696,1.0,correct
UBFC_A4_L3_C050_SEED101/Eval_On_PURE,PURE,old,401,53,window,1590,1830,53.0,61.0,8.0,59.0,58.0,1.0,1.0,1.7241379310344827,0.6090892014376637,nan,240,-0.08275639620149912,1.6587934874555028,-0.0047873542167452855,0.9575767523515546,1.0,correct
UBFC_A4_L3_C050_SEED101/Eval_On_PURE,PURE,old,401,54,window,1620,1860,54.0,62.0,8.0,58.0,56.0,2.0,2.0,3.571428571428571,0.6645775425795164,nan,240,-0.14161166959297625,1.599933585353097,-0.011728681444409942,0.9623035864742242,1.0,correct
UBFC_A4_L3_C050_SEED101/Eval_On_PURE,PURE,old,401,55,window,1650,1890,55.0,63.0,8.0,57.0,56.0,1.0,1.0,1.7857142857142856,0.6965120263568224,nan,240,-0.19637278189969132,1.506403189039569,-0.011666433818375647,0.9620328329209156,1.0,correct
UBFC_A4_L3_C050_SEED101/Eval_On_PURE,PURE,old,401,56,window,1680,1920,56.0,64.0,8.0,57.0,57.0,0.0,0.0,0.0,0.750042494348887,nan,240,-0.15994203485012334,1.374863711585696,-0.00977063013522097,0.9587157258805475,1.0,correct
UBFC_A4_L3_C050_SEED101/Eval_On_PURE,PURE,old,402,0,window,0,240,0.0,8.0,8.0,60.0,60.0,0.0,0.0,0.0,0.6426891694719814,nan,240,0.01235429712071392,1.1393933151699016,0.01854619602534233,0.9149873593937017,1.0,correct
UBFC_A4_L3_C050_SEED101/Eval_On_PURE,PURE,old,402,1,window,30,270,1.0,9.0,8.0,64.0,63.0,1.0,1.0,1.5873015873015872,0.6935615959319069,nan,240,0.04402194079336483,1.1133831004770751,0.030027752611066508,0.9227464854260767,1.0,correct
UBFC_A4_L3_C050_SEED101/Eval_On_PURE,PURE,old,402,2,window,60,300,2.0,10.0,8.0,67.0,65.0,2.0,2.0,3.076923076923077,0.7199634329598876,nan,240,0.0523146297120496,1.094217045040656,-0.0015085838478294553,0.9248361095117831,1.0,correct
UBFC_A4_L3_C050_SEED101/Eval_On_PURE,PURE,old,402,3,window,90,330,3.0,11.0,8.0,68.0,67.0,1.0,1.0,1.4925373134328357,0.8557489083152836,nan,240,0.03303828731663442,1.0871018746734555,0.018508095454392588,0.9482228968028146,1.0,correct
UBFC_A4_L3_C050_SEED101/Eval_On_PURE,PURE,old,402,4,window,120,360,4.0,12.0,8.0,68.0,68.0,0.0,0.0,0.0,0.8091695237142724,nan,240,0.018662240970102155,1.0763691675554996,0.011373642533688305,0.931704565787928,1.0,correct
UBFC_A4_L3_C050_SEED101/Eval_On_PURE,PURE,old,402,5,window,150,390,5.0,13.0,8.0,69.0,67.0,2.0,2.0,2.9850746268656714,0.7714917602667818,nan,240,0.01009956922786901,1.0559252828532795,0.015753420962110416,0.9261605439305751,1.0,correct
UBFC_A4_L3_C050_SEED101/Eval_On_PURE,PURE,old,402,6,window,180,420,6.0,14.0,8.0,75.0,65.0,10.0,10.0,15.384615384615385,0.7530477721303621,nan,240,-0.004541668765218608,1.055917366048612,0.027707517489488583,0.9360947604970065,1.0,large_error
UBFC_A4_L3_C050_SEED101/Eval_On_PURE,PURE,old,402,7,window,210,450,7.0,15.0,8.0,60.0,63.0,-3.0,3.0,4.761904761904762,0.7497808524424211,nan,240,0.04006598572977658,1.0730439029939929,0.007664520513023098,0.9333708679633784,1.0,correct
UBFC_A4_L3_C050_SEED101/Eval_On_PURE,PURE,old,402,8,window,240,480,8.0,16.0,8.0,60.0,61.99999999999999,-1.999999999999993,1.999999999999993,3.225806451612892,0.8595455309676866,nan,240,0.05473094004897892,1.0566904098787198,-0.006507946600098523,0.955312317709224,1.0,correct
UBFC_A4_L3_C050_SEED101/Eval_On_PURE,PURE,old,402,9,window,270,510,9.0,17.0,8.0,60.0,61.0,-1.0,1.0,1.639344262295082,0.8708533646511525,nan,240,0.0028931599128929693,1.0348142635730206,-0.018171447163202084,0.9552528715897612,1.0,correct
UBFC_A4_L3_C050_SEED101/Eval_On_PURE,PURE,old,402,10,window,300,540,10.0,18.0,8.0,61.0,61.99999999999999,-0.9999999999999929,0.9999999999999929,1.6129032258064404,0.8358570085604158,nan,240,-0.016066365903868497,0.998561105953965,-0.014741606997343393,0.955876668989866,1.0,correct
UBFC_A4_L3_C050_SEED101/Eval_On_PURE,PURE,old,402,11,window,330,570,11.0,19.0,8.0,61.99999999999999,63.0,-1.000000000000007,1.000000000000007,1.5873015873015988,0.828410988909465,nan,240,0.020148104735016603,0.9638445637827318,-0.014859701854434226,0.9623491012402136,1.0,correct
UBFC_A4_L3_C050_SEED101/Eval_On_PURE,PURE,old,402,12,window,360,600,12.0,20.0,8.0,64.0,64.0,0.0,0.0,0.0,0.8391796478412146,nan,240,0.057383096073382676,0.9213125352150247,-0.02284867306871183,0.971540565215164,1.0,correct
UBFC_A4_L3_C050_SEED101/Eval_On_PURE,PURE,old,402,13,window,390,630,13.0,21.0,8.0,64.0,64.0,0.0,0.0,0.0,0.8215073626639811,nan,240,0.05022435896948563,0.8935946639735589,-0.021347463492074094,0.9505495583501802,1.0,correct
UBFC_A4_L3_C050_SEED101/Eval_On_PURE,PURE,old,402,14,window,420,660,14.0,22.0,8.0,65.0,63.0,2.0,2.0,3.1746031746031744,0.8201907881124111,nan,240,0.051650692360263095,0.860296322817206,-0.027633207581016506,0.9578811794502787,1.0,correct
UBFC_A4_L3_C050_SEED101/Eval_On_PURE,PURE,old,402,15,window,450,690,15.0,23.0,8.0,63.0,61.0,2.0,2.0,3.278688524590164,0.7388896766780376,nan,240,0.008971247046048311,0.8374263713774325,-0.014790054515815821,0.9040605579189187,1.0,correct
UBFC_A4_L3_C050_SEED101/Eval_On_PURE,PURE,old,402,16,window,480,720,16.0,24.0,8.0,60.0,59.0,1.0,1.0,1.694915254237288,0.7669306081801628,nan,240,-0.04502735391382218,0.8359835995446889,-0.0007851778006453203,0.855007902927285,1.0,correct
UBFC_A4_L3_C050_SEED101/Eval_On_PURE,PURE,old,402,17,window,510,750,17.0,25.0,8.0,59.0,58.0,1.0,1.0,1.7241379310344827,0.6967831565420632,nan,240,-0.009550484972990114,0.8513668566623376,0.01862941392073037,0.7863806670569932,1.0,correct
UBFC_A4_L3_C050_SEED101/Eval_On_PURE,PURE,old,402,18,window,540,780,18.0,26.0,8.0,59.0,58.0,1.0,1.0,1.7241379310344827,0.7123026828552889,nan,240,-0.00803803017576586,0.8680464428305765,0.005667424607957184,0.6748603559407467,1.0,correct
UBFC_A4_L3_C050_SEED101/Eval_On_PURE,PURE,old,402,19,window,570,810,19.0,27.0,8.0,60.0,59.0,1.0,1.0,1.694915254237288,0.7147933805609803,nan,240,-0.0482831982393279,0.8669122267095527,-0.0054173771416242055,0.7115602354028817,1.0,correct
UBFC_A4_L3_C050_SEED101/Eval_On_PURE,PURE,old,402,20,window,600,840,20.0,28.0,8.0,60.0,61.0,-1.0,1.0,1.639344262295082,0.7719377271466237,nan,240,-0.07303022630462683,0.8533822454925688,-0.006360727978062214,0.8039285870145579,1.0,correct
UBFC_A4_L3_C050_SEED101/Eval_On_PURE,PURE,old,402,21,window,630,870,21.0,29.0,8.0,60.0,61.99999999999999,-1.999999999999993,1.999999999999993,3.225806451612892,0.7052549310580716,nan,240,-0.0313874719122447,0.8644010339253152,-0.0024055348089370753,0.8552505395316887,1.0,correct
UBFC_A4_L3_C050_SEED101/Eval_On_PURE,PURE,old,402,22,window,660,900,22.0,30.0,8.0,61.99999999999999,63.0,-1.000000000000007,1.000000000000007,1.5873015873015988,0.7822695596488636,nan,240,-0.03183089534293483,0.8959003918238824,0.009307542462661156,0.8908843487112021,1.0,correct
UBFC_A4_L3_C050_SEED101/Eval_On_PURE,PURE,old,402,23,window,690,930,23.0,31.0,8.0,65.0,64.0,1.0,1.0,1.5625,0.7535581048074258,nan,240,-0.009553838796884963,0.8894368201165258,0.008957341452239035,0.9037398477298964,1.0,correct
UBFC_A4_L3_C050_SEED101/Eval_On_PURE,PURE,old,402,24,window,720,960,24.0,32.0,8.0,65.0,65.0,0.0,0.0,0.0,0.824193775617916,nan,240,0.03247783938789312,0.8846252868015618,0.020388577060341022,0.953505087732551,1.0,correct
UBFC_A4_L3_C050_SEED101/Eval_On_PURE,PURE,old,402,25,window,750,990,25.0,33.0,8.0,66.0,66.0,0.0,0.0,0.0,0.8056509765790135,nan,240,0.04471438564825939,0.886647721621884,0.010312019350674573,0.944800499429903,1.0,correct
UBFC_A4_L3_C050_SEED101/Eval_On_PURE,PURE,old,402,26,window,780,1020,26.0,34.0,8.0,67.0,66.0,1.0,1.0,1.5151515151515151,0.8087607215444922,nan,240,0.03247185041665202,0.9019281291807589,0.019327088390174062,0.955561858859138,1.0,correct
UBFC_A4_L3_C050_SEED101/Eval_On_PURE,PURE,old,402,27,window,810,1050,27.0,35.0,8.0,67.0,66.0,1.0,1.0,1.5151515151515151,0.7759699327287294,nan,240,-0.009963604209200732,0.9531998517611739,0.020560467103511375,0.9452078289121284,1.0,correct
UBFC_A4_L3_C050_SEED101/Eval_On_PURE,PURE,old,402,28,window,840,1080,28.0,36.0,8.0,66.0,65.0,1.0,1.0,1.5384615384615385,0.8255353065399206,nan,240,-0.018276296291830422,1.0118880552616634,0.02233847519185861,0.944115686731938,1.0,correct
UBFC_A4_L3_C050_SEED101/Eval_On_PURE,PURE,old,402,29,window,870,1110,29.0,37.0,8.0,63.0,64.0,-1.0,1.0,1.5625,0.8299138307064827,nan,240,-0.04132676858395472,1.0526321853763299,0.011682420519158906,0.9124919968330703,1.0,correct
UBFC_A4_L3_C050_SEED101/Eval_On_PURE,PURE,old,402,30,window,900,1140,30.0,38.0,8.0,60.0,61.99999999999999,-1.999999999999993,1.999999999999993,3.225806451612892,0.7866464225806025,nan,240,-0.007933342958471515,1.0442925124816185,-0.009626633149482774,0.9196603111132532,1.0,correct
UBFC_A4_L3_C050_SEED101/Eval_On_PURE,PURE,old,402,31,window,930,1170,31.0,39.0,8.0,60.0,61.99999999999999,-1.999999999999993,1.999999999999993,3.225806451612892,0.8122327091404135,nan,240,-0.01852388036293697,1.0808290849847635,-0.01340804940402934,0.9237499312976966,1.0,correct
UBFC_A4_L3_C050_SEED101/Eval_On_PURE,PURE,old,402,32,window,960,1200,32.0,40.0,8.0,61.0,61.99999999999999,-0.9999999999999929,0.9999999999999929,1.6129032258064404,0.777776860101526,nan,240,-0.07304148557055914,1.093244762996459,-0.011054308228349349,0.9506652852544003,1.0,correct
UBFC_A4_L3_C050_SEED101/Eval_On_PURE,PURE,old,402,33,window,990,1230,33.0,41.0,8.0,64.0,65.0,-1.0,1.0,1.5384615384615385,0.7526077048615886,nan,240,0.005902378402690049,1.1322514891220932,-0.026595012087603273,0.9562561354982578,1.0,correct
UBFC_A4_L3_C050_SEED101/Eval_On_PURE,PURE,old,402,34,window,1020,1260,34.0,42.0,8.0,67.0,67.0,0.0,0.0,0.0,0.7544957917072307,nan,240,0.02970398746787084,1.0961100689146475,0.004311841865853475,0.9645398178563184,1.0,correct
UBFC_A4_L3_C050_SEED101/Eval_On_PURE,PURE,old,402,35,window,1050,1290,35.0,43.0,8.0,69.0,69.0,0.0,0.0,0.0,0.7493013861327928,nan,240,0.08763099422362117,1.090168125854399,-0.008214002179565059,0.9481948399269257,1.0,correct
UBFC_A4_L3_C050_SEED101/Eval_On_PURE,PURE,old,402,36,window,1080,1320,36.0,44.0,8.0,73.0,70.0,3.0,3.0,4.285714285714286,0.5918163496448229,nan,240,0.04941357204286585,1.0587649855158303,-0.012377685730231925,0.9679511069421718,1.0,correct
UBFC_A4_L3_C050_SEED101/Eval_On_PURE,PURE,old,402,37,window,1110,1350,37.0,45.0,8.0,72.0,70.0,2.0,2.0,2.857142857142857,0.7038836371730613,nan,240,-0.029503820677497936,1.0343262284723955,-0.01976123667821804,0.9298413280607722,1.0,correct
UBFC_A4_L3_C050_SEED101/Eval_On_PURE,PURE,old,402,38,window,1140,1380,38.0,46.0,8.0,72.0,69.0,3.0,3.0,4.3478260869565215,0.6448700647848948,nan,240,-0.07864332971062445,1.0283588867347229,-0.008163907010645717,0.9325680562870982,1.0,correct
UBFC_A4_L3_C050_SEED101/Eval_On_PURE,PURE,old,402,39,window,1170,1410,39.0,47.0,8.0,68.0,68.0,0.0,0.0,0.0,0.7171525274871772,nan,240,-0.045519407790989466,1.0044455781357489,0.0035421663659056966,0.9710939142548213,1.0,correct
UBFC_A4_L3_C050_SEED101/Eval_On_PURE,PURE,old,402,40,window,1200,1440,40.0,48.0,8.0,65.0,67.0,-2.0,2.0,2.9850746268656714,0.7522874393714456,nan,240,0.006682022678854945,0.9970614529482476,-0.016788509272732528,0.967615439730482,1.0,correct
UBFC_A4_L3_C050_SEED101/Eval_On_PURE,PURE,old,402,41,window,1230,1470,41.0,49.0,8.0,64.0,66.0,-2.0,2.0,3.0303030303030303,0.7209602432601793,nan,240,-0.03267066889035864,0.937968240654772,-0.02028943834006355,0.9421494626585423,1.0,correct
UBFC_A4_L3_C050_SEED101/Eval_On_PURE,PURE,old,402,42,window,1260,1500,42.0,50.0,8.0,64.0,65.0,-1.0,1.0,1.5384615384615385,0.6261288877520711,nan,240,0.00047864626733836363,0.9803247303903828,0.00048403779462541006,0.9197587421830649,1.0,correct
UBFC_A4_L3_C050_SEED101/Eval_On_PURE,PURE,old,402,43,window,1290,1530,43.0,51.0,8.0,60.0,65.0,-5.0,5.0,7.6923076923076925,0.4611729067457974,nan,240,0.029440233174415315,0.9544828829164373,0.0023519278257039217,0.927035844721035,1.0,large_error
UBFC_A4_L3_C050_SEED101/Eval_On_PURE,PURE,old,402,44,window,1320,1560,44.0,52.0,8.0,67.0,65.0,2.0,2.0,3.076923076923077,0.48694063258723924,nan,240,0.049586413752885965,0.9175436288389276,0.007767074356939524,0.9044990988665471,1.0,correct
UBFC_A4_L3_C050_SEED101/Eval_On_PURE,PURE,old,402,45,window,1350,1590,45.0,53.0,8.0,67.0,67.0,0.0,0.0,0.0,0.4189305469909473,nan,240,0.1071607898819602,0.9150328992683977,0.018566727726429467,0.8760851477285928,1.0,correct
UBFC_A4_L3_C050_SEED101/Eval_On_PURE,PURE,old,402,46,window,1380,1620,46.0,54.0,8.0,67.0,68.0,-1.0,1.0,1.4705882352941175,0.3034805619228732,nan,240,0.17048948935889702,0.8822221831682964,0.013764132139765625,0.8244687815114872,1.0,correct
UBFC_A4_L3_C050_SEED101/Eval_On_PURE,PURE,old,402,47,window,1410,1650,47.0,55.0,8.0,80.0,69.0,11.0,11.0,15.942028985507244,0.09170026662349808,nan,240,0.12813153202090233,0.8799264916361517,0.018989064518520806,0.7964491861271268,1.0,large_error
UBFC_A4_L3_C050_SEED101/Eval_On_PURE,PURE,old,402,48,window,1440,1680,48.0,56.0,8.0,82.0,72.0,10.0,10.0,13.88888888888889,0.024326676349101895,nan,240,0.04837244928231551,1.0207268251626775,0.029440828271982068,0.8878532006940147,1.0,large_error
UBFC_A4_L3_C050_SEED101/Eval_On_PURE,PURE,old,402,49,window,1470,1710,49.0,57.0,8.0,68.0,73.0,-5.0,5.0,6.8493150684931505,0.14140548617510487,nan,240,0.002142382478109243,1.002177017637451,0.004700623163072734,0.9118251353988129,1.0,large_error
UBFC_A4_L3_C050_SEED101/Eval_On_PURE,PURE,old,402,50,window,1500,1740,50.0,58.0,8.0,74.0,74.0,0.0,0.0,0.0,0.2728609905293034,nan,240,-0.0170202892431508,0.9915634312442118,0.018023398677072373,0.8897513038742311,1.0,correct
UBFC_A4_L3_C050_SEED101/Eval_On_PURE,PURE,old,402,51,window,1530,1770,51.0,59.0,8.0,74.0,71.0,3.0,3.0,4.225352112676056,0.3801148197679383,nan,240,-0.10419144256913189,0.968067436626839,-0.011409095055113087,0.8835880423007327,1.0,correct
UBFC_A4_L3_C050_SEED101/Eval_On_PURE,PURE,old,402,52,window,1560,1800,52.0,60.0,8.0,69.0,70.0,-1.0,1.0,1.4285714285714286,0.44617653023842413,nan,240,-0.14024217473428519,1.0004022994132988,0.009798598687589092,0.9194726509842058,1.0,correct
UBFC_A4_L3_C050_SEED101/Eval_On_PURE,PURE,old,402,53,window,1590,1830,53.0,61.0,8.0,68.0,67.0,1.0,1.0,1.4925373134328357,0.5799400464983717,nan,240,-0.17733486811596227,0.9949561247898722,-0.00865792721939657,0.9600738924464861,1.0,correct
UBFC_A4_L3_C050_SEED101/Eval_On_PURE,PURE,old,402,54,window,1620,1860,54.0,62.0,8.0,67.0,66.0,1.0,1.0,1.5151515151515151,0.6030512697874901,nan,240,-0.17678160695271022,1.0245665173436123,-0.00981688104616522,0.9705699060234351,1.0,correct
UBFC_A4_L3_C050_SEED101/Eval_On_PURE,PURE,old,402,55,window,1650,1890,55.0,63.0,8.0,67.0,66.0,1.0,1.0,1.5151515151515151,0.7107068052430141,nan,240,-0.09506101635324174,1.047327771997733,-0.01776614930980808,0.9424326966451834,1.0,correct
UBFC_A4_L3_C050_SEED101/Eval_On_PURE,PURE,old,402,56,window,1680,1920,56.0,64.0,8.0,66.0,65.0,1.0,1.0,1.5384615384615385,0.8037601737088689,nan,240,-0.024649160589471673,0.8945157198966508,0.00606938182260052,0.9703047991695315,1.0,correct
UBFC_A4_L3_C050_SEED101/Eval_On_PURE,PURE,old,403,0,window,0,240,0.0,8.0,8.0,66.0,65.0,1.0,1.0,1.5384615384615385,0.47643682972201146,nan,240,0.028183907487705037,0.7275062544371447,-0.011505383116975547,0.953330899376056,1.0,correct
UBFC_A4_L3_C050_SEED101/Eval_On_PURE,PURE,old,403,1,window,30,270,1.0,9.0,8.0,67.0,66.0,1.0,1.0,1.5151515151515151,0.5925697308800166,nan,240,0.057858492789710385,0.7448461953442825,-0.0020983320712696465,0.948226975700203,1.0,correct
UBFC_A4_L3_C050_SEED101/Eval_On_PURE,PURE,old,403,2,window,60,300,2.0,10.0,8.0,67.0,67.0,0.0,0.0,0.0,0.6562960947684678,nan,240,0.059721012377476776,0.7582571457612305,0.0002320830343924829,0.9732814448312138,1.0,correct
UBFC_A4_L3_C050_SEED101/Eval_On_PURE,PURE,old,403,3,window,90,330,3.0,11.0,8.0,68.0,68.0,0.0,0.0,0.0,0.7049354808381896,nan,240,0.06316293389209474,0.7735048292782467,-0.0051386234928279505,0.956214675446412,1.0,correct
UBFC_A4_L3_C050_SEED101/Eval_On_PURE,PURE,old,403,4,window,120,360,4.0,12.0,8.0,67.0,68.0,-1.0,1.0,1.4705882352941175,0.6875539440059265,nan,240,0.0479498335193921,0.7771791936867583,0.009186508558511138,0.9731143917130706,1.0,correct
UBFC_A4_L3_C050_SEED101/Eval_On_PURE,PURE,old,403,5,window,150,390,5.0,13.0,8.0,67.0,68.0,-1.0,1.0,1.4705882352941175,0.5765407169643582,nan,240,0.030753532935227097,0.7661355924324318,0.018104016420547375,0.9704125402638841,1.0,correct
UBFC_A4_L3_C050_SEED101/Eval_On_PURE,PURE,old,403,6,window,180,420,6.0,14.0,8.0,67.0,68.0,-1.0,1.0,1.4705882352941175,0.6650223736778806,nan,240,0.029889037516810737,0.7506095798725725,0.017617825889427285,0.9878851175891207,1.0,correct
UBFC_A4_L3_C050_SEED101/Eval_On_PURE,PURE,old,403,7,window,210,450,7.0,15.0,8.0,67.0,68.0,-1.0,1.0,1.4705882352941175,0.5628322014250124,nan,240,0.05650898056807458,0.763408893865694,0.005141871433884101,0.9658025101624638,1.0,correct
UBFC_A4_L3_C050_SEED101/Eval_On_PURE,PURE,old,403,8,window,240,480,8.0,16.0,8.0,68.0,69.0,-1.0,1.0,1.4492753623188406,0.7425608337196985,nan,240,0.0337127319550605,0.7413813412777978,-0.0017097866144502724,0.9531704416062311,1.0,correct
UBFC_A4_L3_C050_SEED101/Eval_On_PURE,PURE,old,403,9,window,270,510,9.0,17.0,8.0,68.0,69.0,-1.0,1.0,1.4492753623188406,0.7446061184679679,nan,240,-0.009897023921192587,0.7076060177534549,-0.011676952974995507,0.9693064896055128,1.0,correct
UBFC_A4_L3_C050_SEED101/Eval_On_PURE,PURE,old,403,10,window,300,540,10.0,18.0,8.0,70.0,70.0,0.0,0.0,0.0,0.6223704814227031,nan,240,-0.05813302332635843,0.6883690168176265,-0.011344779350368024,0.9428865538320452,1.0,correct
UBFC_A4_L3_C050_SEED101/Eval_On_PURE,PURE,old,403,11,window,330,570,11.0,19.0,8.0,70.0,70.0,0.0,0.0,0.0,0.6429278009024216,nan,240,-0.14814746161473125,0.7072097444132277,-0.012070122246231219,0.9375131830567388,1.0,correct
UBFC_A4_L3_C050_SEED101/Eval_On_PURE,PURE,old,403,12,window,360,600,12.0,20.0,8.0,69.0,71.0,-2.0,2.0,2.8169014084507045,0.6869057164086854,nan,240,-0.10755563905425537,0.7469625747408868,0.018946616870708987,0.8881842211909149,1.0,correct
UBFC_A4_L3_C050_SEED101/Eval_On_PURE,PURE,old,403,13,window,390,630,13.0,21.0,8.0,73.0,72.0,1.0,1.0,1.3888888888888888,0.6377097628948906,nan,240,-0.036567441758032705,0.8146132756950772,0.02611871506238361,0.9653152578832224,1.0,correct
UBFC_A4_L3_C050_SEED101/Eval_On_PURE,PURE,old,403,14,window,420,660,14.0,22.0,8.0,74.0,72.0,2.0,2.0,2.7777777777777777,0.561015038599725,nan,240,0.03381368152621297,0.9070445279943126,0.015120111578564166,0.9470056168646863,1.0,correct
UBFC_A4_L3_C050_SEED101/Eval_On_PURE,PURE,old,403,15,window,450,690,15.0,23.0,8.0,74.0,73.0,1.0,1.0,1.36986301369863,0.6634500353763007,nan,240,0.03080584316755181,0.9613371208459432,-0.003577676289016209,0.9483036479025135,1.0,correct
UBFC_A4_L3_C050_SEED101/Eval_On_PURE,PURE,old,403,16,window,480,720,16.0,24.0,8.0,74.0,73.0,1.0,1.0,1.36986301369863,0.6824516400646147,nan,240,0.036304382763561314,1.015286923208417,-0.01332432937756615,0.963991629389619,1.0,correct
UBFC_A4_L3_C050_SEED101/Eval_On_PURE,PURE,old,403,17,window,510,750,17.0,25.0,8.0,74.0,73.0,1.0,1.0,1.36986301369863,0.6490732028710131,nan,240,0.14017552627769508,1.1720446941238538,-0.006290807365021545,0.9171750982888546,1.0,correct
UBFC_A4_L3_C050_SEED101/Eval_On_PURE,PURE,old,403,18,window,540,780,18.0,26.0,8.0,72.0,73.0,-1.0,1.0,1.36986301369863,0.5944287862729523,nan,240,0.19219208712252744,1.2394394114070388,0.018708066149795862,0.9333738718292839,1.0,correct
UBFC_A4_L3_C050_SEED101/Eval_On_PURE,PURE,old,403,19,window,570,810,19.0,27.0,8.0,71.0,72.0,-1.0,1.0,1.3888888888888888,0.7440928211264317,nan,240,0.2752359575228103,1.307405317066375,0.003624796841439218,0.9532329141540735,1.0,correct
UBFC_A4_L3_C050_SEED101/Eval_On_PURE,PURE,old,403,20,window,600,840,20.0,28.0,8.0,70.0,71.0,-1.0,1.0,1.4084507042253522,0.5551327258255878,nan,240,0.1697922950071316,1.390343017989728,-0.006587012015264963,0.9595034672528718,1.0,correct
UBFC_A4_L3_C050_SEED101/Eval_On_PURE,PURE,old,403,21,window,630,870,21.0,29.0,8.0,70.0,71.0,-1.0,1.0,1.4084507042253522,0.5857070011224172,nan,240,-0.03345360634966008,1.4582958320487085,-0.008539535461218337,0.8869067466888461,1.0,correct
UBFC_A4_L3_C050_SEED101/Eval_On_PURE,PURE,old,403,22,window,660,900,22.0,30.0,8.0,72.0,70.0,2.0,2.0,2.857142857142857,0.600595405252521,nan,240,-0.13297015245361815,1.4340941685543926,-0.005143831049071906,0.7960113978659684,1.0,correct
UBFC_A4_L3_C050_SEED101/Eval_On_PURE,PURE,old,403,23,window,690,930,23.0,31.0,8.0,67.0,69.0,-2.0,2.0,2.898550724637681,0.6315662615633447,nan,240,-0.14843792106263862,1.4538500332484208,-0.01233972534500665,0.8705581459005637,1.0,correct
UBFC_A4_L3_C050_SEED101/Eval_On_PURE,PURE,old,403,24,window,720,960,24.0,32.0,8.0,67.0,68.0,-1.0,1.0,1.4705882352941175,0.46979841612661655,nan,240,-0.07154600930073536,1.5214522492296243,-5.744588676195687e-05,0.88532554218606,1.0,correct
UBFC_A4_L3_C050_SEED101/Eval_On_PURE,PURE,old,403,25,window,750,990,25.0,33.0,8.0,67.0,68.0,-1.0,1.0,1.4705882352941175,0.5254402045555966,nan,240,-0.10000185796191544,1.436837671055373,-0.005023917733132836,0.8582469446199902,1.0,correct
UBFC_A4_L3_C050_SEED101/Eval_On_PURE,PURE,old,403,26,window,780,1020,26.0,34.0,8.0,67.0,67.0,0.0,0.0,0.0,0.5703523889252492,nan,240,-0.08778695985244615,1.3683918607024388,-0.0012632346782809926,0.8082803613932417,1.0,correct
UBFC_A4_L3_C050_SEED101/Eval_On_PURE,PURE,old,403,27,window,810,1050,27.0,35.0,8.0,61.99999999999999,67.0,-5.000000000000007,5.000000000000007,7.462686567164189,0.4637587884792974,nan,240,-0.06683900611489839,1.2630574818998546,-0.0011471067423032685,0.6527384067477155,1.0,large_error
UBFC_A4_L3_C050_SEED101/Eval_On_PURE,PURE,old,403,28,window,840,1080,28.0,36.0,8.0,67.0,68.0,-1.0,1.0,1.4705882352941175,0.6170632463497591,nan,240,0.009443078464904619,1.1758915872933637,0.007428327098209499,0.9318143448354665,1.0,correct
UBFC_A4_L3_C050_SEED101/Eval_On_PURE,PURE,old,403,29,window,870,1110,29.0,37.0,8.0,68.0,68.0,0.0,0.0,0.0,0.6328868625262711,nan,240,0.1554744337858772,1.0639204500907156,0.0004764444334925011,0.91845741310293,1.0,correct
UBFC_A4_L3_C050_SEED101/Eval_On_PURE,PURE,old,403,30,window,900,1140,30.0,38.0,8.0,69.0,68.0,1.0,1.0,1.4705882352941175,0.6779974340133537,nan,240,0.13484401233577512,1.0314580729361207,0.0071984391244464575,0.9062763744065514,1.0,correct
UBFC_A4_L3_C050_SEED101/Eval_On_PURE,PURE,old,403,31,window,930,1170,31.0,39.0,8.0,69.0,68.0,1.0,1.0,1.4705882352941175,0.6086519748783566,nan,240,0.12682632207782035,0.9423059275229859,0.006741656900569929,0.9045442371218795,1.0,correct
UBFC_A4_L3_C050_SEED101/Eval_On_PURE,PURE,old,403,32,window,960,1200,32.0,40.0,8.0,66.0,68.0,-2.0,2.0,2.941176470588235,0.6669505423409594,nan,240,0.04612952920683602,0.7962507661954242,-0.005908808376479299,0.8922015107658647,1.0,correct
UBFC_A4_L3_C050_SEED101/Eval_On_PURE,PURE,old,403,33,window,990,1230,33.0,41.0,8.0,65.0,67.0,-2.0,2.0,2.9850746268656714,0.7311536752040149,nan,240,-0.021610386206709038,0.7432794245885251,-0.014122242705403678,0.9051054843547731,1.0,correct
UBFC_A4_L3_C050_SEED101/Eval_On_PURE,PURE,old,403,34,window,1020,1260,34.0,42.0,8.0,64.0,65.0,-1.0,1.0,1.5384615384615385,0.7325026549168032,nan,240,-0.019712534269039968,0.7699195130801525,-0.02941474527612435,0.9470236825278164,1.0,correct
UBFC_A4_L3_C050_SEED101/Eval_On_PURE,PURE,old,403,35,window,1050,1290,35.0,43.0,8.0,64.0,65.0,-1.0,1.0,1.5384615384615385,0.7727003924760165,nan,240,-0.0238170520597694,0.7712347926354228,-0.008270196369166644,0.8893437812588664,1.0,correct
UBFC_A4_L3_C050_SEED101/Eval_On_PURE,PURE,old,403,36,window,1080,1320,36.0,44.0,8.0,63.0,64.0,-1.0,1.0,1.5625,0.5771402371405567,nan,240,-0.02022829480529124,0.7708901339730635,0.04374558182555756,0.9188747454093354,1.0,correct
UBFC_A4_L3_C050_SEED101/Eval_On_PURE,PURE,old,403,37,window,1110,1350,37.0,45.0,8.0,66.0,65.0,1.0,1.0,1.5384615384615385,0.5321035258469223,nan,240,-0.015292778499302181,0.7502493867911758,0.01954787823253855,0.9539119198649908,1.0,correct
UBFC_A4_L3_C050_SEED101/Eval_On_PURE,PURE,old,403,38,window,1140,1380,38.0,46.0,8.0,68.0,66.0,2.0,2.0,3.0303030303030303,0.49893694127664906,nan,240,0.018358761044429402,0.7204104836796503,0.0006362477669658473,0.9644301263349188,1.0,correct
UBFC_A4_L3_C050_SEED101/Eval_On_PURE,PURE,old,403,39,window,1170,1410,39.0,47.0,8.0,67.0,67.0,0.0,0.0,0.0,0.5328912182900127,nan,240,0.05622678063053181,0.721460733033625,0.009952669273991887,0.9612958109576397,1.0,correct
UBFC_A4_L3_C050_SEED101/Eval_On_PURE,PURE,old,403,40,window,1200,1440,40.0,48.0,8.0,69.0,70.0,-1.0,1.0,1.4285714285714286,0.662008650171576,nan,240,0.09410489517375048,0.7408872280087105,0.005654399456147415,0.9540903331447141,1.0,correct
UBFC_A4_L3_C050_SEED101/Eval_On_PURE,PURE,old,403,41,window,1230,1470,41.0,49.0,8.0,70.0,71.0,-1.0,1.0,1.4084507042253522,0.671999892222556,nan,240,0.09053495124844549,0.7399453192360684,0.021451398295755063,0.9378944911894608,1.0,correct
UBFC_A4_L3_C050_SEED101/Eval_On_PURE,PURE,old,403,42,window,1260,1500,42.0,50.0,8.0,72.0,72.0,0.0,0.0,0.0,0.5914669901429551,nan,240,0.07157662178597989,0.7389747131666032,0.0189401980987186,0.9728518922363257,1.0,correct
UBFC_A4_L3_C050_SEED101/Eval_On_PURE,PURE,old,403,43,window,1290,1530,43.0,51.0,8.0,71.0,72.0,-1.0,1.0,1.3888888888888888,0.6061859512969308,nan,240,0.0259680644009036,0.7427198771349975,-0.004459294063626477,0.9617319247141114,1.0,correct
UBFC_A4_L3_C050_SEED101/Eval_On_PURE,PURE,old,403,44,window,1320,1560,44.0,52.0,8.0,69.0,71.0,-2.0,2.0,2.8169014084507045,0.5562314656839145,nan,240,-0.00614124101263002,0.7250016709064439,-0.006390031669361278,0.9686350944090357,1.0,correct
UBFC_A4_L3_C050_SEED101/Eval_On_PURE,PURE,old,403,45,window,1350,1590,45.0,53.0,8.0,68.0,69.0,-1.0,1.0,1.4492753623188406,0.4020428116706951,nan,240,-0.0219214944305346,0.7096346514238577,-0.004618164719686322,0.9583392022200163,1.0,correct
UBFC_A4_L3_C050_SEED101/Eval_On_PURE,PURE,old,403,46,window,1380,1620,46.0,54.0,8.0,67.0,68.0,-1.0,1.0,1.4705882352941175,0.4380446100515689,nan,240,-0.02581585356859096,0.7125376825503107,0.010960259346412664,0.9701655131164159,1.0,correct
UBFC_A4_L3_C050_SEED101/Eval_On_PURE,PURE,old,403,47,window,1410,1650,47.0,55.0,8.0,66.0,67.0,-1.0,1.0,1.4925373134328357,0.27148749873476663,nan,240,-0.09562156429726748,0.726774125494815,0.010590177488783836,0.9794440571493315,1.0,correct
UBFC_A4_L3_C050_SEED101/Eval_On_PURE,PURE,old,403,48,window,1440,1680,48.0,56.0,8.0,66.0,67.0,-1.0,1.0,1.4925373134328357,0.16930863259827214,nan,240,-0.07358197860620949,0.787308909290056,-0.017500243877448758,0.9833590803642335,1.0,correct
UBFC_A4_L3_C050_SEED101/Eval_On_PURE,PURE,old,403,49,window,1470,1710,49.0,57.0,8.0,67.0,67.0,0.0,0.0,0.0,0.3189859516621961,nan,240,-0.0011552499210625141,0.8734448382334297,-0.006551337383970981,0.9540108553422746,1.0,correct
UBFC_A4_L3_C050_SEED101/Eval_On_PURE,PURE,old,403,50,window,1500,1740,50.0,58.0,8.0,68.0,67.0,1.0,1.0,1.4925373134328357,0.4039111892023665,nan,240,0.002182968852279288,0.9382809150476907,0.004349035103571967,0.9763377197135359,1.0,correct
UBFC_A4_L3_C050_SEED101/Eval_On_PURE,PURE,old,403,51,window,1530,1770,51.0,59.0,8.0,69.0,68.0,1.0,1.0,1.4705882352941175,0.4065821308801612,nan,240,0.07310921982075144,1.014825651930059,-0.006510558568566164,0.9752075754815995,1.0,correct
UBFC_A4_L3_C050_SEED101/Eval_On_PURE,PURE,old,403,52,window,1560,1800,52.0,60.0,8.0,69.0,69.0,0.0,0.0,0.0,0.4547138879322084,nan,240,0.08001462934927832,1.072675857494692,-0.006568708468427272,0.9650692889783103,1.0,correct
UBFC_A4_L3_C050_SEED101/Eval_On_PURE,PURE,old,403,53,window,1590,1830,53.0,61.0,8.0,68.0,69.0,-1.0,1.0,1.4492753623188406,0.3760999221438767,nan,240,0.04212871415738045,1.1703928817270906,0.00823106260688193,0.9043755452216591,1.0,correct
UBFC_A4_L3_C050_SEED101/Eval_On_PURE,PURE,old,403,54,window,1620,1860,54.0,62.0,8.0,68.0,70.0,-2.0,2.0,2.857142857142857,0.4154288929960786,nan,240,0.05085626344521155,1.219313222969864,0.004216982551257657,0.9821508216029399,1.0,correct
UBFC_A4_L3_C050_SEED101/Eval_On_PURE,PURE,old,403,55,window,1650,1890,55.0,63.0,8.0,69.0,70.0,-1.0,1.0,1.4285714285714286,0.4777232355924735,nan,240,0.11597057228541488,1.2294669048835503,0.014714642552226768,0.9334850662036073,1.0,correct
UBFC_A4_L3_C050_SEED101/Eval_On_PURE,PURE,old,403,56,window,1680,1920,56.0,64.0,8.0,69.0,71.0,-2.0,2.0,2.8169014084507045,0.5505575571676617,nan,240,0.0472055598629845,1.1948076494205608,-0.01096806133601373,0.9418435488115938,1.0,correct
UBFC_A4_L3_C050_SEED101/Eval_On_PURE,PURE,old,403,57,window,1710,1950,57.0,65.0,8.0,69.0,70.0,-1.0,1.0,1.4285714285714286,0.46286318746423916,nan,240,-0.09397425084073009,1.1750140866291399,-0.007005733736376229,0.9556946199131774,1.0,correct
UBFC_A4_L3_C050_SEED101/Eval_On_PURE,PURE,old,403,58,window,1740,1980,58.0,66.0,8.0,67.0,70.0,-3.0,3.0,4.285714285714286,0.4045143831138836,nan,240,-0.15134159781833745,1.124358151088752,0.0034484073383198146,0.9661147607782369,1.0,correct
UBFC_A4_L3_C050_SEED101/Eval_On_PURE,PURE,old,403,59,window,1770,2010,59.0,67.0,8.0,68.0,70.0,-2.0,2.0,2.857142857142857,0.2570021174779699,nan,240,-0.18900588281539085,1.0592104015544146,-0.0021240937063640936,0.9471293072076897,1.0,correct
UBFC_A4_L3_C050_SEED101/Eval_On_PURE,PURE,old,403,60,window,1800,2040,60.0,68.0,8.0,68.0,70.0,-2.0,2.0,2.857142857142857,0.3248005109168651,nan,240,-0.08265780391451898,1.1006914554495366,0.01776454936140582,0.9660521717977123,1.0,correct
UBFC_A4_L3_C050_SEED101/Eval_On_PURE,PURE,old,403,61,window,1830,2070,61.0,69.0,8.0,69.0,69.0,0.0,0.0,0.0,0.2240156703364973,nan,240,-0.032047195278831195,1.0377710948173577,0.021230056235630894,0.9595350661357468,1.0,correct
UBFC_A4_L3_C050_SEED101/Eval_On_PURE,PURE,old,403,62,window,1860,2100,62.0,70.0,8.0,69.0,70.0,-1.0,1.0,1.4285714285714286,0.39301182557263215,nan,240,0.017947162111136006,1.0165438903538644,-0.00387596144403503,0.942259868183627,1.0,correct
UBFC_A4_L3_C050_SEED101/Eval_On_PURE,PURE,old,403,63,window,1890,2130,63.0,71.0,8.0,72.0,70.0,2.0,2.0,2.857142857142857,0.3996338404626597,nan,240,0.017540151794717306,1.0274922100944976,-0.005169722813032547,0.9476476119109403,1.0,correct
UBFC_A4_L3_C050_SEED101/Eval_On_PURE,PURE,old,403,64,window,1920,2160,64.0,72.0,8.0,72.0,71.0,1.0,1.0,1.4084507042253522,0.4027261634241012,nan,240,-0.022306938247664467,1.0756173904865087,0.001387399232465699,0.9520541883488829,1.0,correct
UBFC_A4_L3_C050_SEED101/Eval_On_PURE,PURE,old,403,65,window,1950,2190,65.0,73.0,8.0,71.0,71.0,0.0,0.0,0.0,0.5220518467243835,nan,240,0.050340502908955566,1.0778970124788487,-0.021059861116414034,0.9441328107922138,1.0,correct
UBFC_A4_L3_C050_SEED101/Eval_On_PURE,PURE,old,403,66,window,1980,2220,66.0,74.0,8.0,70.0,70.0,0.0,0.0,0.0,0.5282769549354281,nan,240,0.1069865193145119,1.1274088069112846,0.017908494131173895,0.9575789859730796,1.0,correct
UBFC_A4_L3_C050_SEED101/Eval_On_PURE,PURE,old,404,0,window,0,240,0.0,8.0,8.0,61.0,61.99999999999999,-0.9999999999999929,0.9999999999999929,1.6129032258064404,0.58235946309658,nan,240,0.05488605197823206,1.0496418735732134,0.004087905879760199,0.9352538862020648,1.0,correct
UBFC_A4_L3_C050_SEED101/Eval_On_PURE,PURE,old,404,1,window,30,270,1.0,9.0,8.0,60.0,61.0,-1.0,1.0,1.639344262295082,0.642281524801015,nan,240,0.03552973860511503,1.0689816128910408,0.011744387516148565,0.909419907866485,1.0,correct
UBFC_A4_L3_C050_SEED101/Eval_On_PURE,PURE,old,404,2,window,60,300,2.0,10.0,8.0,60.0,61.0,-1.0,1.0,1.639344262295082,0.6308162719820644,nan,240,0.033336395847630866,1.053364938811616,0.014283457868644234,0.9311135031315411,1.0,correct
UBFC_A4_L3_C050_SEED101/Eval_On_PURE,PURE,old,404,3,window,90,330,3.0,11.0,8.0,60.0,61.0,-1.0,1.0,1.639344262295082,0.5583341919765872,nan,240,0.030697268246968463,1.0754389264141486,-0.0025768326555359903,0.9445810534667818,1.0,correct
UBFC_A4_L3_C050_SEED101/Eval_On_PURE,PURE,old,404,4,window,120,360,4.0,12.0,8.0,61.99999999999999,61.99999999999999,0.0,0.0,0.0,0.5578937255236869,nan,240,0.07974224220789154,1.0948948427523073,-0.0061507832235209335,0.9362962655287987,1.0,correct
UBFC_A4_L3_C050_SEED101/Eval_On_PURE,PURE,old,404,5,window,150,390,5.0,13.0,8.0,66.0,63.0,3.0,3.0,4.761904761904762,0.5147668740770274,nan,240,0.05058171212414734,1.0835562019281133,-0.0034573418891495435,0.9185619886957167,1.0,correct
UBFC_A4_L3_C050_SEED101/Eval_On_PURE,PURE,old,404,6,window,180,420,6.0,14.0,8.0,67.0,64.0,3.0,3.0,4.6875,0.5780871635658611,nan,240,-0.05493815261951762,1.0822566974479182,0.0042656390842440405,0.9647768112195428,1.0,correct
UBFC_A4_L3_C050_SEED101/Eval_On_PURE,PURE,old,404,7,window,210,450,7.0,15.0,8.0,66.0,65.0,1.0,1.0,1.5384615384615385,0.618035008057579,nan,240,-0.11275903914312112,1.0610727920612029,0.003429033411419158,0.9329607588917194,1.0,correct
UBFC_A4_L3_C050_SEED101/Eval_On_PURE,PURE,old,404,8,window,240,480,8.0,16.0,8.0,65.0,67.0,-2.0,2.0,2.9850746268656714,0.38470491233366244,nan,240,-0.06814344844725438,1.0797678048169652,-0.0055997661119765825,0.8851340170389959,1.0,correct
UBFC_A4_L3_C050_SEED101/Eval_On_PURE,PURE,old,404,9,window,270,510,9.0,17.0,8.0,65.0,68.0,-3.0,3.0,4.411764705882353,0.4625767401162019,nan,240,-0.027600409819281572,1.104459357454842,0.0031460620931375713,0.6302411178779609,1.0,correct
UBFC_A4_L3_C050_SEED101/Eval_On_PURE,PURE,old,404,10,window,300,540,10.0,18.0,8.0,67.0,69.0,-2.0,2.0,2.898550724637681,0.4670392967000428,nan,240,-0.04249023354929039,1.107645304133442,0.0024351786432547603,0.7845397364744707,1.0,correct
UBFC_A4_L3_C050_SEED101/Eval_On_PURE,PURE,old,404,11,window,330,570,11.0,19.0,8.0,68.0,69.0,-1.0,1.0,1.4492753623188406,0.6078368172064227,nan,240,-0.10713869363454594,1.07141361123845,0.0026769177574543666,0.9371712325418318,1.0,correct
UBFC_A4_L3_C050_SEED101/Eval_On_PURE,PURE,old,404,12,window,360,600,12.0,20.0,8.0,68.0,69.0,-1.0,1.0,1.4492753623188406,0.406342874632718,nan,240,-0.20862667083420985,1.0012498350505687,0.005272043672525913,0.9323536368123871,1.0,correct
UBFC_A4_L3_C050_SEED101/Eval_On_PURE,PURE,old,404,13,window,390,630,13.0,21.0,8.0,67.0,70.0,-3.0,3.0,4.285714285714286,0.2869950302158678,nan,240,-0.19203097032688568,0.9641805121879925,0.017557573488545454,0.9173382457531418,1.0,correct
UBFC_A4_L3_C050_SEED101/Eval_On_PURE,PURE,old,404,14,window,420,660,14.0,22.0,8.0,64.0,71.0,-7.0,7.0,9.859154929577464,0.25589238411452586,nan,240,-0.00751975961431904,0.9944294098253528,0.0010957112458212107,0.7612265247110953,1.0,large_error
UBFC_A4_L3_C050_SEED101/Eval_On_PURE,PURE,old,404,15,window,450,690,15.0,23.0,8.0,59.0,70.0,-11.0,11.0,15.714285714285714,0.3847261924312589,nan,240,0.04568519514086897,1.0140235320702744,0.0038604041806786374,0.8355587815647092,1.0,large_error
UBFC_A4_L3_C050_SEED101/Eval_On_PURE,PURE,old,404,16,window,480,720,16.0,24.0,8.0,59.0,71.0,-12.0,12.0,16.901408450704224,0.2875926056122923,nan,240,-0.025306930671709964,0.9716187978953775,0.009246825494107954,0.8586778044469484,1.0,large_error
UBFC_A4_L3_C050_SEED101/Eval_On_PURE,PURE,old,404,17,window,510,750,17.0,25.0,8.0,59.0,71.0,-12.0,12.0,16.901408450704224,0.3145528939262546,nan,240,-0.14089634814440494,0.9134787341421491,-0.007929519740595591,0.8921126259991414,1.0,large_error
UBFC_A4_L3_C050_SEED101/Eval_On_PURE,PURE,old,404,18,window,540,780,18.0,26.0,8.0,55.0,71.0,-16.0,16.0,22.535211267605636,0.370314465380162,nan,240,-0.15211721520615784,0.9660078661430179,-0.006130897293589684,0.7179463351244799,1.0,large_error
UBFC_A4_L3_C050_SEED101/Eval_On_PURE,PURE,old,404,19,window,570,810,19.0,27.0,8.0,54.0,71.0,-17.0,17.0,23.943661971830984,0.1647304796397154,nan,240,-0.05192694462523343,1.0486789616275876,-0.014195324566594966,0.7821407581647216,1.0,large_error
UBFC_A4_L3_C050_SEED101/Eval_On_PURE,PURE,old,404,20,window,600,840,20.0,28.0,8.0,67.0,71.0,-4.0,4.0,5.633802816901409,0.39158172878242015,nan,240,0.019047898764691942,1.083720185589116,0.000850958585547786,0.7054075378120787,1.0,large_error
UBFC_A4_L3_C050_SEED101/Eval_On_PURE,PURE,old,404,21,window,630,870,21.0,29.0,8.0,73.0,71.0,2.0,2.0,2.8169014084507045,0.41085119482913685,nan,240,0.0011031526772135962,1.1017803276019462,0.026041232633580956,0.8762693891988257,1.0,correct
UBFC_A4_L3_C050_SEED101/Eval_On_PURE,PURE,old,404,22,window,660,900,22.0,30.0,8.0,51.0,72.0,-21.0,21.0,29.166666666666668,0.3922121891465053,nan,240,-0.10825900126780091,1.0425084520625625,0.004679479530715056,0.7838693541228013,1.0,large_error
UBFC_A4_L3_C050_SEED101/Eval_On_PURE,PURE,old,404,23,window,690,930,23.0,31.0,8.0,74.0,73.0,1.0,1.0,1.36986301369863,0.22016723042227904,nan,240,-0.10730745140870264,1.022382848203868,-0.006234992149495365,0.8166020604367188,1.0,correct
UBFC_A4_L3_C050_SEED101/Eval_On_PURE,PURE,old,404,24,window,720,960,24.0,32.0,8.0,69.0,73.0,-4.0,4.0,5.47945205479452,0.4743801354080905,nan,240,-0.08174115693055999,1.022115733508122,-0.00966146280709222,0.7241333374177122,1.0,large_error
UBFC_A4_L3_C050_SEED101/Eval_On_PURE,PURE,old,404,25,window,750,990,25.0,33.0,8.0,68.0,72.0,-4.0,4.0,5.555555555555555,0.4066376179673767,nan,240,-0.024830139129064246,1.012561327704224,0.003237005007734983,0.9131426770168403,1.0,large_error
UBFC_A4_L3_C050_SEED101/Eval_On_PURE,PURE,old,404,26,window,780,1020,26.0,34.0,8.0,67.0,70.0,-3.0,3.0,4.285714285714286,0.23530046388468148,nan,240,0.04148810796855185,0.9487220019864444,-0.0019983952464169095,0.8249589232098788,1.0,correct
UBFC_A4_L3_C050_SEED101/Eval_On_PURE,PURE,old,404,27,window,810,1050,27.0,35.0,8.0,69.0,70.0,-1.0,1.0,1.4285714285714286,0.4386007336600398,nan,240,0.00022632388076909333,0.8395192176040245,0.004069294431383135,0.8339488598544769,1.0,correct
UBFC_A4_L3_C050_SEED101/Eval_On_PURE,PURE,old,404,28,window,840,1080,28.0,36.0,8.0,69.0,70.0,-1.0,1.0,1.4285714285714286,0.16236360895024798,nan,240,-0.039476992328810995,0.8427957399451608,-0.00421480888986779,0.8680857245520582,1.0,correct
UBFC_A4_L3_C050_SEED101/Eval_On_PURE,PURE,old,404,29,window,870,1110,29.0,37.0,8.0,68.0,71.0,-3.0,3.0,4.225352112676056,0.11939904749257836,nan,240,-0.05915506374723177,0.8474689600438999,-0.005020226530234273,0.861968354206718,1.0,correct
UBFC_A4_L3_C050_SEED101/Eval_On_PURE,PURE,old,404,30,window,900,1140,30.0,38.0,8.0,50.0,72.0,-22.0,22.0,30.555555555555557,0.10825728023611343,nan,240,-0.027623791920520335,0.8443145737441969,-0.001754343675594024,0.8275058074689963,1.0,large_error
UBFC_A4_L3_C050_SEED101/Eval_On_PURE,PURE,old,404,31,window,930,1170,31.0,39.0,8.0,51.0,73.0,-22.0,22.0,30.136986301369863,0.009965070322875606,nan,240,-0.0064365583591164365,0.9303366368980809,0.011002453755905502,0.8480641123930661,1.0,large_error
UBFC_A4_L3_C050_SEED101/Eval_On_PURE,PURE,old,404,32,window,960,1200,32.0,40.0,8.0,74.0,74.0,0.0,0.0,0.0,-0.3086421105735897,nan,240,0.05942065469886217,1.061189968639362,0.022823697972339865,0.7349917680862463,1.0,correct
UBFC_A4_L3_C050_SEED101/Eval_On_PURE,PURE,old,404,33,window,990,1230,33.0,41.0,8.0,53.0,74.0,-21.0,21.0,28.37837837837838,-0.11846559991277793,nan,240,0.08575855851787573,1.0894417091574087,-0.013185376312826088,0.8168116615750011,1.0,large_error
UBFC_A4_L3_C050_SEED101/Eval_On_PURE,PURE,old,404,34,window,1020,1260,34.0,42.0,8.0,75.0,72.0,3.0,3.0,4.166666666666666,-0.20396796815642598,nan,240,-0.0014282139351325127,1.1055886281751477,-0.0031521508675516805,0.9200361715231375,1.0,correct
UBFC_A4_L3_C050_SEED101/Eval_On_PURE,PURE,old,404,35,window,1050,1290,35.0,43.0,8.0,53.0,71.0,-18.0,18.0,25.352112676056336,-0.10321298171276452,nan,240,-0.06625508961896856,1.103545509474287,-0.013296119329861583,0.7878934024883487,1.0,large_error
UBFC_A4_L3_C050_SEED101/Eval_On_PURE,PURE,old,404,36,window,1080,1320,36.0,44.0,8.0,71.0,70.0,1.0,1.0,1.4285714285714286,0.04792691239441896,nan,240,-0.043855544939001664,1.1173834415675175,0.01926472226981765,0.8412559890159684,1.0,correct
UBFC_A4_L3_C050_SEED101/Eval_On_PURE,PURE,old,404,37,window,1110,1350,37.0,45.0,8.0,72.0,70.0,2.0,2.0,2.857142857142857,-0.06628605631368911,nan,240,0.07197531814430591,1.2130475116414587,0.02278060285444493,0.8328466517334348,1.0,correct
UBFC_A4_L3_C050_SEED101/Eval_On_PURE,PURE,old,404,38,window,1140,1380,38.0,46.0,8.0,74.0,70.0,4.0,4.0,5.714285714285714,0.17918512680039966,nan,240,0.08205554531085865,1.228839757701544,0.006293436613169331,0.7189736706370908,1.0,large_error
UBFC_A4_L3_C050_SEED101/Eval_On_PURE,PURE,old,404,39,window,1170,1410,39.0,47.0,8.0,50.0,71.0,-21.0,21.0,29.577464788732392,0.19334164942705814,nan,240,0.029163707389647745,1.1726066457305115,-0.0018909040912557424,0.8081697276591029,1.0,large_error
UBFC_A4_L3_C050_SEED101/Eval_On_PURE,PURE,old,404,40,window,1200,1440,40.0,48.0,8.0,90.0,72.0,18.0,18.0,25.0,0.11426323373724154,nan,240,-0.027371163565836878,1.0730142192992516,-0.0015903119987070338,0.6676037034956452,1.0,large_error
UBFC_A4_L3_C050_SEED101/Eval_On_PURE,PURE,old,404,41,window,1230,1470,41.0,49.0,8.0,45.0,73.0,-28.0,28.0,38.35616438356164,0.10529578189566587,nan,240,-0.06646552853011771,1.0433092865532532,-0.0006299421069806267,0.6605254186236204,1.0,large_error
UBFC_A4_L3_C050_SEED101/Eval_On_PURE,PURE,old,404,42,window,1260,1500,42.0,50.0,8.0,91.0,72.0,19.0,19.0,26.38888888888889,0.19924036279920865,nan,240,-0.05470788975297539,1.035373323492882,0.0033248195784417603,0.7851429923329327,1.0,super_harmonic_1p5x
UBFC_A4_L3_C050_SEED101/Eval_On_PURE,PURE,old,404,43,window,1290,1530,43.0,51.0,8.0,68.0,71.0,-3.0,3.0,4.225352112676056,0.06342313127332917,nan,240,0.012065800012243617,1.0420430411096369,0.008644463158835358,0.6211227673026334,1.0,correct
UBFC_A4_L3_C050_SEED101/Eval_On_PURE,PURE,old,404,44,window,1320,1560,44.0,52.0,8.0,97.0,71.0,26.0,26.0,36.61971830985916,0.07211586729801292,nan,240,-0.011163809261691004,0.9845476162273852,-0.010311327557736876,0.5664207532846391,1.0,super_harmonic_1p5x
UBFC_A4_L3_C050_SEED101/Eval_On_PURE,PURE,old,404,45,window,1350,1590,45.0,53.0,8.0,53.0,71.0,-18.0,18.0,25.352112676056336,-0.011807164150532437,nan,240,-0.06836049534353365,0.8486211802433313,-0.011527139086096509,0.757553068447399,1.0,large_error
UBFC_A4_L3_C050_SEED101/Eval_On_PURE,PURE,old,404,46,window,1380,1620,46.0,54.0,8.0,74.0,71.0,3.0,3.0,4.225352112676056,-0.10875832220728265,nan,240,-0.07434428003440341,0.852606700712144,-0.01338169591813195,0.7765107640889493,1.0,correct
UBFC_A4_L3_C050_SEED101/Eval_On_PURE,PURE,old,404,47,window,1410,1650,47.0,55.0,8.0,75.0,70.0,5.0,5.0,7.142857142857142,-0.04485295701446824,nan,240,-0.07391171116149037,0.8254199249179351,0.01849153584971428,0.8643527470719194,1.0,large_error
UBFC_A4_L3_C050_SEED101/Eval_On_PURE,PURE,old,404,48,window,1440,1680,48.0,56.0,8.0,72.0,70.0,2.0,2.0,2.857142857142857,0.11674690552948531,nan,240,-0.06377353704839141,0.7961327570879333,0.005196293957983761,0.8273403586361867,1.0,correct
UBFC_A4_L3_C050_SEED101/Eval_On_PURE,PURE,old,404,49,window,1470,1710,49.0,57.0,8.0,71.0,71.0,0.0,0.0,0.0,0.10171237303637844,nan,240,0.016517040458895647,0.8315254442823081,0.0006465325507965673,0.8481842487311629,1.0,correct
UBFC_A4_L3_C050_SEED101/Eval_On_PURE,PURE,old,404,50,window,1500,1740,50.0,58.0,8.0,67.0,71.0,-4.0,4.0,5.633802816901409,0.14723596209674453,nan,240,0.0608566206988377,0.8347419260444507,0.0058318851565226796,0.945896618210044,1.0,large_error
UBFC_A4_L3_C050_SEED101/Eval_On_PURE,PURE,old,404,51,window,1530,1770,51.0,59.0,8.0,67.0,70.0,-3.0,3.0,4.285714285714286,-0.085653467782433,nan,240,0.027504594814810372,0.8683695265837366,0.00027016089247648055,0.9129440841527559,1.0,correct
UBFC_A4_L3_C050_SEED101/Eval_On_PURE,PURE,old,404,52,window,1560,1800,52.0,60.0,8.0,66.0,70.0,-4.0,4.0,5.714285714285714,-0.007717199747330735,nan,240,0.05832067932755274,0.8807862428619921,0.01163315178863612,0.7014485281814629,1.0,large_error
UBFC_A4_L3_C050_SEED101/Eval_On_PURE,PURE,old,404,53,window,1590,1830,53.0,61.0,8.0,82.0,70.0,12.0,12.0,17.142857142857142,-0.029464909318247835,nan,240,0.06972504505337387,0.8749097583195731,0.033014679098212645,0.864378938078032,1.0,large_error
UBFC_A4_L3_C050_SEED101/Eval_On_PURE,PURE,old,404,54,window,1620,1860,54.0,62.0,8.0,61.0,72.0,-11.0,11.0,15.277777777777779,0.016027229984653498,nan,240,0.09347516023314002,0.8458908738589369,0.012286197541016338,0.895524300752871,1.0,large_error
UBFC_A4_L3_C050_SEED101/Eval_On_PURE,PURE,old,404,55,window,1650,1890,55.0,63.0,8.0,61.99999999999999,72.0,-10.000000000000007,10.000000000000007,13.888888888888898,-0.10788690754451391,nan,240,0.11876849409465069,0.8638465083850078,0.015715203502637762,0.7819173433827469,1.0,large_error
UBFC_A4_L3_C050_SEED101/Eval_On_PURE,PURE,old,404,56,window,1680,1920,56.0,64.0,8.0,60.0,72.0,-12.0,12.0,16.666666666666664,-0.15658916790998922,nan,240,0.082771240931379,0.899209607452714,0.012351696924938546,0.7278901386651653,1.0,large_error
UBFC_A4_L3_C050_SEED101/Eval_On_PURE,PURE,old,404,57,window,1710,1950,57.0,65.0,8.0,76.0,72.0,4.0,4.0,5.555555555555555,0.14397618669708578,nan,240,0.04732041730791924,0.8842234233652465,-0.0006711957297535228,0.6541693829161348,1.0,large_error
UBFC_A4_L3_C050_SEED101/Eval_On_PURE,PURE,old,404,58,window,1740,1980,58.0,66.0,8.0,74.0,72.0,2.0,2.0,2.7777777777777777,0.3675527570975303,nan,240,0.03439773992123999,0.851619704560684,0.005924617719576873,0.8506522826976255,1.0,correct
UBFC_A4_L3_C050_SEED101/Eval_On_PURE,PURE,old,404,59,window,1770,2010,59.0,67.0,8.0,61.0,72.0,-11.0,11.0,15.277777777777779,0.308691602780285,nan,240,0.02861016155815528,0.8094027496190789,0.022068638291273205,0.7699847738649369,1.0,large_error
UBFC_A4_L3_C050_SEED101/Eval_On_PURE,PURE,old,404,60,window,1800,2040,60.0,68.0,8.0,73.0,72.0,1.0,1.0,1.3888888888888888,0.3245141575721348,nan,240,0.0132908187945253,0.7849184409213608,-0.007757502098061405,0.8158849065023402,1.0,correct
UBFC_A4_L3_C050_SEED101/Eval_On_PURE,PURE,old,404,61,window,1830,2070,61.0,69.0,8.0,72.0,71.0,1.0,1.0,1.4084507042253522,0.5231300972872144,nan,240,-0.008310684604039704,0.8019693448070699,-0.016077439333614198,0.7898518715888082,1.0,correct
UBFC_A4_L3_C050_SEED101/Eval_On_PURE,PURE,old,404,62,window,1860,2100,62.0,70.0,8.0,67.0,71.0,-4.0,4.0,5.633802816901409,0.3907802379672435,nan,240,-0.019073567465446577,0.8271384997261642,-0.006242940731904534,0.8581486093239628,1.0,large_error
UBFC_A4_L3_C050_SEED101/Eval_On_PURE,PURE,old,404,63,window,1890,2130,63.0,71.0,8.0,69.0,71.0,-2.0,2.0,2.8169014084507045,0.542839997414484,nan,240,-0.02106155437727098,0.8289748477643007,0.023134376479671988,0.8551846655653689,1.0,correct
UBFC_A4_L3_C050_SEED101/Eval_On_PURE,PURE,old,404,64,window,1920,2160,64.0,72.0,8.0,69.0,71.0,-2.0,2.0,2.8169014084507045,0.4417063384097583,nan,240,0.03318339557648287,0.8234451731080191,0.006386184863744678,0.8791047689483084,1.0,correct
UBFC_A4_L3_C050_SEED101/Eval_On_PURE,PURE,old,404,65,window,1950,2190,65.0,73.0,8.0,69.0,72.0,-3.0,3.0,4.166666666666666,0.3173534522996383,nan,240,0.01107460224235286,0.8094972233472942,-0.01145321438905004,0.8938771654846462,1.0,correct
UBFC_A4_L3_C050_SEED101/Eval_On_PURE,PURE,old,404,66,window,1980,2220,66.0,74.0,8.0,68.0,72.0,-4.0,4.0,5.555555555555555,0.13937323817794206,nan,240,-0.10781321642462063,0.9010486020928704,0.004914733884058738,0.8525577785355528,1.0,large_error
UBFC_A4_L3_C050_SEED101/Eval_On_PURE,PURE,old,405,0,window,0,240,0.0,8.0,8.0,61.0,61.0,0.0,0.0,0.0,0.7768613679163318,nan,240,-0.013954711842621885,0.9906672256063728,0.0023714691566149504,0.9555713917274177,1.0,correct
UBFC_A4_L3_C050_SEED101/Eval_On_PURE,PURE,old,405,1,window,30,270,1.0,9.0,8.0,60.0,59.0,1.0,1.0,1.694915254237288,0.7878273250217759,nan,240,-0.0028178106426986703,1.0051387943809724,0.015510218866432402,0.9389664634005406,1.0,correct
UBFC_A4_L3_C050_SEED101/Eval_On_PURE,PURE,old,405,2,window,60,300,2.0,10.0,8.0,58.0,58.0,0.0,0.0,0.0,0.7952467067427295,nan,240,-0.00028981107446034995,1.015021363142046,0.03214217012757261,0.9299537944363905,1.0,correct
UBFC_A4_L3_C050_SEED101/Eval_On_PURE,PURE,old,405,3,window,90,330,3.0,11.0,8.0,54.0,57.0,-3.0,3.0,5.263157894736842,0.6652635141077425,nan,240,0.011397538384504812,1.015336914018965,0.027234844503141183,0.923480263636191,1.0,correct
UBFC_A4_L3_C050_SEED101/Eval_On_PURE,PURE,old,405,4,window,120,360,4.0,12.0,8.0,54.0,56.0,-2.0,2.0,3.571428571428571,0.5622112543420249,nan,240,0.021915273716399484,1.0251982515826306,0.004657395245174745,0.9377085030630928,1.0,correct
UBFC_A4_L3_C050_SEED101/Eval_On_PURE,PURE,old,405,5,window,150,390,5.0,13.0,8.0,68.0,57.0,11.0,11.0,19.298245614035086,0.5420867867553149,nan,240,0.024853860998331232,1.0210008576043796,0.01707122996557347,0.948084483953154,1.0,large_error
UBFC_A4_L3_C050_SEED101/Eval_On_PURE,PURE,old,405,6,window,180,420,6.0,14.0,8.0,54.0,58.0,-4.0,4.0,6.896551724137931,0.5263419355174381,nan,240,0.017928945008040913,1.0167694776011083,0.022200749213515315,0.9152106326962889,1.0,large_error
UBFC_A4_L3_C050_SEED101/Eval_On_PURE,PURE,old,405,7,window,210,450,7.0,15.0,8.0,59.0,59.0,0.0,0.0,0.0,0.6827394419439845,nan,240,0.0073970619331193066,1.0178255502779032,0.023157109481778314,0.9081996795445237,1.0,correct
UBFC_A4_L3_C050_SEED101/Eval_On_PURE,PURE,old,405,8,window,240,480,8.0,16.0,8.0,64.0,61.0,3.0,3.0,4.918032786885246,0.6520653844359164,nan,240,-0.0009879011375158824,1.0185560484392069,0.005408981593173186,0.9001405506681833,1.0,correct
UBFC_A4_L3_C050_SEED101/Eval_On_PURE,PURE,old,405,9,window,270,510,9.0,17.0,8.0,63.0,61.0,2.0,2.0,3.278688524590164,0.6193399293657209,nan,240,-0.0011072474554760347,1.014667828239371,-0.01174973442696755,0.9288881084124189,1.0,correct
UBFC_A4_L3_C050_SEED101/Eval_On_PURE,PURE,old,405,10,window,300,540,10.0,18.0,8.0,61.0,61.99999999999999,-0.9999999999999929,0.9999999999999929,1.6129032258064404,0.7740161440829293,nan,240,-0.01693685396201451,0.9986319083676467,-0.020673953611513616,0.945140606555564,1.0,correct
UBFC_A4_L3_C050_SEED101/Eval_On_PURE,PURE,old,405,11,window,330,570,11.0,19.0,8.0,61.0,61.99999999999999,-0.9999999999999929,0.9999999999999929,1.6129032258064404,0.7428879940435813,nan,240,-0.0412296403470637,0.9804142114269817,-0.01622762467864727,0.9488508477418671,1.0,correct
UBFC_A4_L3_C050_SEED101/Eval_On_PURE,PURE,old,405,12,window,360,600,12.0,20.0,8.0,60.0,61.99999999999999,-1.999999999999993,1.999999999999993,3.225806451612892,0.677761911108301,nan,240,-0.037610445570245316,0.98758015510751,-0.00865280308288194,0.9512355951327615,1.0,correct
UBFC_A4_L3_C050_SEED101/Eval_On_PURE,PURE,old,405,13,window,390,630,13.0,21.0,8.0,61.0,61.99999999999999,-0.9999999999999929,0.9999999999999929,1.6129032258064404,0.6272645144262711,nan,240,-0.03645700029234843,1.008457321498707,0.0005476156047937664,0.9546865335606741,1.0,correct
UBFC_A4_L3_C050_SEED101/Eval_On_PURE,PURE,old,405,14,window,420,660,14.0,22.0,8.0,61.0,61.99999999999999,-0.9999999999999929,0.9999999999999929,1.6129032258064404,0.5438211101793003,nan,240,-0.02845746216388031,1.0112916275834587,0.003613553767696025,0.9451080086856553,1.0,correct
UBFC_A4_L3_C050_SEED101/Eval_On_PURE,PURE,old,405,15,window,450,690,15.0,23.0,8.0,61.0,61.99999999999999,-0.9999999999999929,0.9999999999999929,1.6129032258064404,0.5602106825360522,nan,240,-0.0338551292944495,0.9954111411635225,0.0023881986708957923,0.9334517468858929,1.0,correct
UBFC_A4_L3_C050_SEED101/Eval_On_PURE,PURE,old,405,16,window,480,720,16.0,24.0,8.0,61.99999999999999,63.0,-1.000000000000007,1.000000000000007,1.5873015873015988,0.6055371038088883,nan,240,-0.006694696453216113,0.981198007871123,-0.0010246946756967432,0.9555878245641239,1.0,correct
UBFC_A4_L3_C050_SEED101/Eval_On_PURE,PURE,old,405,17,window,510,750,17.0,25.0,8.0,64.0,64.0,0.0,0.0,0.0,0.6909796208618614,nan,240,0.030737199935941727,0.9852525129898106,0.008021350159443837,0.9498422178023781,1.0,correct
UBFC_A4_L3_C050_SEED101/Eval_On_PURE,PURE,old,405,18,window,540,780,18.0,26.0,8.0,66.0,64.0,2.0,2.0,3.125,0.6639972021954613,nan,240,0.06770373663483185,0.9942620244535307,0.007159271992246001,0.9785646026342378,1.0,correct
UBFC_A4_L3_C050_SEED101/Eval_On_PURE,PURE,old,405,19,window,570,810,19.0,27.0,8.0,66.0,65.0,1.0,1.0,1.5384615384615385,0.7361830878201059,nan,240,0.0519390076356014,1.0049155438225288,0.016649600220209095,0.9575684792024314,1.0,correct
UBFC_A4_L3_C050_SEED101/Eval_On_PURE,PURE,old,405,20,window,600,840,20.0,28.0,8.0,68.0,67.0,1.0,1.0,1.4925373134328357,0.785384365812323,nan,240,0.010090185873539482,0.9862981690346484,0.01912957471705262,0.9646368213465839,1.0,correct
UBFC_A4_L3_C050_SEED101/Eval_On_PURE,PURE,old,405,21,window,630,870,21.0,29.0,8.0,68.0,68.0,0.0,0.0,0.0,0.7224304339110106,nan,240,0.0008111864989305939,0.9717693971533884,8.3857207380759e-05,0.953827959330835,1.0,correct
UBFC_A4_L3_C050_SEED101/Eval_On_PURE,PURE,old,405,22,window,660,900,22.0,30.0,8.0,68.0,68.0,0.0,0.0,0.0,0.7388825355313886,nan,240,-0.020849513351327936,0.9687790354448994,0.01261221145654463,0.9772960755138431,1.0,correct
UBFC_A4_L3_C050_SEED101/Eval_On_PURE,PURE,old,405,23,window,690,930,23.0,31.0,8.0,68.0,68.0,0.0,0.0,0.0,0.7226647069177388,nan,240,-0.02253774331563032,0.9811377344086724,0.00249174047880385,0.9911758694437443,1.0,correct
UBFC_A4_L3_C050_SEED101/Eval_On_PURE,PURE,old,405,24,window,720,960,24.0,32.0,8.0,67.0,68.0,-1.0,1.0,1.4705882352941175,0.8127268534860943,nan,240,-0.024084799015588708,0.9764639420067246,-0.0018904323923895072,0.9490822147573853,1.0,correct
UBFC_A4_L3_C050_SEED101/Eval_On_PURE,PURE,old,405,25,window,750,990,25.0,33.0,8.0,67.0,68.0,-1.0,1.0,1.4705882352941175,0.8257387231276551,nan,240,-0.02895718065864155,0.9607501423592165,-0.0016246919866867919,0.9748556752017271,1.0,correct
UBFC_A4_L3_C050_SEED101/Eval_On_PURE,PURE,old,405,26,window,780,1020,26.0,34.0,8.0,67.0,68.0,-1.0,1.0,1.4705882352941175,0.7737974204231111,nan,240,-0.032617808111466313,0.9729166735005814,0.001537343054384658,0.9855972549891134,1.0,correct
UBFC_A4_L3_C050_SEED101/Eval_On_PURE,PURE,old,405,27,window,810,1050,27.0,35.0,8.0,67.0,69.0,-2.0,2.0,2.898550724637681,0.7608862915761799,nan,240,-0.03198277656018645,0.9817162404086242,0.0002493923510086963,0.9688731222920453,1.0,correct
UBFC_A4_L3_C050_SEED101/Eval_On_PURE,PURE,old,405,28,window,840,1080,28.0,36.0,8.0,68.0,69.0,-1.0,1.0,1.4492753623188406,0.700298159698693,nan,240,-0.024741658513250987,0.9792482317768031,0.01974112698592577,0.9793568525295713,1.0,correct
UBFC_A4_L3_C050_SEED101/Eval_On_PURE,PURE,old,405,29,window,870,1110,29.0,37.0,8.0,69.0,70.0,-1.0,1.0,1.4285714285714286,0.7138423576908701,nan,240,0.019368578916305137,1.0041264301471229,0.01596028382086064,0.987507615410522,1.0,correct
UBFC_A4_L3_C050_SEED101/Eval_On_PURE,PURE,old,405,30,window,900,1140,30.0,38.0,8.0,69.0,70.0,-1.0,1.0,1.4285714285714286,0.6816853633855285,nan,240,0.05277291603171316,1.0134119196575275,0.020016327379747907,0.9780992259582834,1.0,correct
UBFC_A4_L3_C050_SEED101/Eval_On_PURE,PURE,old,405,31,window,930,1170,31.0,39.0,8.0,69.0,69.0,0.0,0.0,0.0,0.7807076806808347,nan,240,0.058367641011581754,1.0012589170572526,0.016433534687740576,0.9539877886098797,1.0,correct
UBFC_A4_L3_C050_SEED101/Eval_On_PURE,PURE,old,405,32,window,960,1200,32.0,40.0,8.0,68.0,69.0,-1.0,1.0,1.4492753623188406,0.840218178943058,nan,240,0.025604095599971715,0.9968249051396406,0.003085943216267665,0.9798057025490892,1.0,correct
UBFC_A4_L3_C050_SEED101/Eval_On_PURE,PURE,old,405,33,window,990,1230,33.0,41.0,8.0,68.0,69.0,-1.0,1.0,1.4492753623188406,0.8563605575909009,nan,240,-0.00279214259463537,0.998299075946158,-0.0063324989268260575,0.9640276400726422,1.0,correct
UBFC_A4_L3_C050_SEED101/Eval_On_PURE,PURE,old,405,34,window,1020,1260,34.0,42.0,8.0,68.0,68.0,0.0,0.0,0.0,0.7879017169530907,nan,240,-0.021380356880745643,0.9972411139060936,-0.004251614420600904,0.9567495187349703,1.0,correct
UBFC_A4_L3_C050_SEED101/Eval_On_PURE,PURE,old,405,35,window,1050,1290,35.0,43.0,8.0,67.0,67.0,0.0,0.0,0.0,0.779941537453706,nan,240,-0.0027060434727880518,1.006025600445347,0.021116718596873026,0.9620119267584708,1.0,correct
UBFC_A4_L3_C050_SEED101/Eval_On_PURE,PURE,old,405,36,window,1080,1320,36.0,44.0,8.0,67.0,66.0,1.0,1.0,1.5151515151515151,0.7757820262597471,nan,240,0.005776134803500565,1.0175655600236124,0.015607734742400887,0.9750849195379224,1.0,correct
UBFC_A4_L3_C050_SEED101/Eval_On_PURE,PURE,old,405,37,window,1110,1350,37.0,45.0,8.0,66.0,66.0,0.0,0.0,0.0,0.7399033473805988,nan,240,-0.04424260433519157,0.972659267749701,0.00033271576963909885,0.9686750908481806,1.0,correct
UBFC_A4_L3_C050_SEED101/Eval_On_PURE,PURE,old,405,38,window,1140,1380,38.0,46.0,8.0,66.0,66.0,0.0,0.0,0.0,0.6843853851216057,nan,240,-0.05638500584307689,0.9498187366069044,0.00242964014055758,0.9665298579301922,1.0,correct
UBFC_A4_L3_C050_SEED101/Eval_On_PURE,PURE,old,405,39,window,1170,1410,39.0,47.0,8.0,65.0,65.0,0.0,0.0,0.0,0.7333010541620683,nan,240,-0.023831958636641653,0.9789913247252133,-0.03123537602377128,0.9616279658087502,1.0,correct
UBFC_A4_L3_C050_SEED101/Eval_On_PURE,PURE,old,405,40,window,1200,1440,40.0,48.0,8.0,65.0,65.0,0.0,0.0,0.0,0.774839549703827,nan,240,-0.01624614093639436,1.0022908465028708,-0.015151776905007292,0.911991725287308,1.0,correct
UBFC_A4_L3_C050_SEED101/Eval_On_PURE,PURE,old,405,41,window,1230,1470,41.0,49.0,8.0,66.0,65.0,1.0,1.0,1.5384615384615385,0.780860130498755,nan,240,-0.005724666558128355,0.9925187968002048,0.0032810754087383505,0.9271853407498347,1.0,correct
UBFC_A4_L3_C050_SEED101/Eval_On_PURE,PURE,old,405,42,window,1260,1500,42.0,50.0,8.0,67.0,66.0,1.0,1.0,1.5151515151515151,0.7724407821850038,nan,240,0.020831758711176686,0.9909931205304934,0.008699831079224295,0.9433126170670402,1.0,correct
UBFC_A4_L3_C050_SEED101/Eval_On_PURE,PURE,old,405,43,window,1290,1530,43.0,51.0,8.0,67.0,67.0,0.0,0.0,0.0,0.727459419994099,nan,240,0.024836984762006478,0.9763815965574707,0.00260395181585672,0.9741216740095051,1.0,correct
UBFC_A4_L3_C050_SEED101/Eval_On_PURE,PURE,old,405,44,window,1320,1560,44.0,52.0,8.0,67.0,66.0,1.0,1.0,1.5151515151515151,0.7124967065277527,nan,240,0.017512091865292827,0.9687610472973301,0.0037793553234206447,0.9672562210546948,1.0,correct
UBFC_A4_L3_C050_SEED101/Eval_On_PURE,PURE,old,405,45,window,1350,1590,45.0,53.0,8.0,67.0,67.0,0.0,0.0,0.0,0.6864533167855459,nan,240,0.01505291096134735,0.9815179109337692,0.020243151019140402,0.9758123947635342,1.0,correct
UBFC_A4_L3_C050_SEED101/Eval_On_PURE,PURE,old,405,46,window,1380,1620,46.0,54.0,8.0,67.0,67.0,0.0,0.0,0.0,0.6967046792975453,nan,240,0.006374988554754639,0.9977848367015596,0.013948112468685681,0.9786626587621549,1.0,correct
UBFC_A4_L3_C050_SEED101/Eval_On_PURE,PURE,old,405,47,window,1410,1650,47.0,55.0,8.0,67.0,67.0,0.0,0.0,0.0,0.5977273902018784,nan,240,-0.027862549569612406,0.9727726208533317,0.003903273461901195,0.9783017414778652,1.0,correct
UBFC_A4_L3_C050_SEED101/Eval_On_PURE,PURE,old,405,48,window,1440,1680,48.0,56.0,8.0,67.0,67.0,0.0,0.0,0.0,0.6584369144637079,nan,240,0.004014942907302297,0.9726607311348913,-0.012209924121441944,0.9673835695519156,1.0,correct
UBFC_A4_L3_C050_SEED101/Eval_On_PURE,PURE,old,405,49,window,1470,1710,49.0,57.0,8.0,67.0,67.0,0.0,0.0,0.0,0.7860792939406945,nan,240,0.03313999197839446,0.999658160866204,-0.00315940156577977,0.949528948420163,1.0,correct
UBFC_A4_L3_C050_SEED101/Eval_On_PURE,PURE,old,405,50,window,1500,1740,50.0,58.0,8.0,68.0,67.0,1.0,1.0,1.4925373134328357,0.7975624298592802,nan,240,0.015222784932974746,0.9880492890242584,0.001250700626023719,0.978832288223178,1.0,correct
UBFC_A4_L3_C050_SEED101/Eval_On_PURE,PURE,old,405,51,window,1530,1770,51.0,59.0,8.0,68.0,68.0,0.0,0.0,0.0,0.7911678875923431,nan,240,-0.010087527341608834,0.9817891123249737,-0.007113246215336688,0.9752287502571035,1.0,correct
UBFC_A4_L3_C050_SEED101/Eval_On_PURE,PURE,old,405,52,window,1560,1800,52.0,60.0,8.0,68.0,69.0,-1.0,1.0,1.4492753623188406,0.6963113712331706,nan,240,0.01798280748684967,0.9940294877388076,0.003617108271642977,0.9684066664553175,1.0,correct
UBFC_A4_L3_C050_SEED101/Eval_On_PURE,PURE,old,405,53,window,1590,1830,53.0,61.0,8.0,69.0,70.0,-1.0,1.0,1.4285714285714286,0.791404247644686,nan,240,0.05868808739113345,1.0185628010091419,0.020726532562737727,0.974029654040236,1.0,correct
UBFC_A4_L3_C050_SEED101/Eval_On_PURE,PURE,old,405,54,window,1620,1860,54.0,62.0,8.0,69.0,69.0,0.0,0.0,0.0,0.7525399847171328,nan,240,0.03680324686921044,1.0368093194123669,0.02428532458596805,0.9747644627753511,1.0,correct
UBFC_A4_L3_C050_SEED101/Eval_On_PURE,PURE,old,405,55,window,1650,1890,55.0,63.0,8.0,68.0,68.0,0.0,0.0,0.0,0.6835578766750438,nan,240,0.04038009947225674,1.0319818119896407,-0.0011705991185566107,0.9816270298457044,1.0,correct
UBFC_A4_L3_C050_SEED101/Eval_On_PURE,PURE,old,405,56,window,1680,1920,56.0,64.0,8.0,67.0,67.0,0.0,0.0,0.0,0.7361057966092793,nan,240,0.025845617784496795,1.0432531223076762,-0.013529127523085865,0.9759961754672695,1.0,correct
UBFC_A4_L3_C050_SEED101/Eval_On_PURE,PURE,old,406,0,window,0,240,0.0,8.0,8.0,58.0,58.0,0.0,0.0,0.0,0.6565391012265396,nan,240,0.03927889621828198,1.0438427334407059,0.010424094192928774,0.9000287220422309,1.0,correct
UBFC_A4_L3_C050_SEED101/Eval_On_PURE,PURE,old,406,1,window,30,270,1.0,9.0,8.0,59.0,58.0,1.0,1.0,1.7241379310344827,0.5989859222999612,nan,240,0.019443929227473473,1.0367503116297183,0.009879347152971497,0.9036264533387024,1.0,correct
UBFC_A4_L3_C050_SEED101/Eval_On_PURE,PURE,old,406,2,window,60,300,2.0,10.0,8.0,59.0,58.0,1.0,1.0,1.7241379310344827,0.5698489997271338,nan,240,0.01830848544166245,1.006236548070317,0.0132562661827362,0.9465159754715076,1.0,correct
UBFC_A4_L3_C050_SEED101/Eval_On_PURE,PURE,old,406,3,window,90,330,3.0,11.0,8.0,58.0,59.0,-1.0,1.0,1.694915254237288,0.6325589466363705,nan,240,0.04713407008038098,1.0103497089137392,0.002039647869421986,0.9342074045674088,1.0,correct
UBFC_A4_L3_C050_SEED101/Eval_On_PURE,PURE,old,406,4,window,120,360,4.0,12.0,8.0,60.0,59.0,1.0,1.0,1.694915254237288,0.6582863832533452,nan,240,0.0759385508714389,1.0393002056372274,-0.0040170374871281314,0.9489439736602603,1.0,correct
UBFC_A4_L3_C050_SEED101/Eval_On_PURE,PURE,old,406,5,window,150,390,5.0,13.0,8.0,60.0,59.0,1.0,1.0,1.694915254237288,0.7391053392251693,nan,240,0.0955203663264042,1.0674990619122704,0.005456465094238176,0.9434311023557501,1.0,correct
UBFC_A4_L3_C050_SEED101/Eval_On_PURE,PURE,old,406,6,window,180,420,6.0,14.0,8.0,60.0,59.0,1.0,1.0,1.694915254237288,0.7102212680965234,nan,240,0.10411303922357783,1.0888949475516936,-0.006720490127139874,0.9298757537748534,1.0,correct
UBFC_A4_L3_C050_SEED101/Eval_On_PURE,PURE,old,406,7,window,210,450,7.0,15.0,8.0,60.0,59.0,1.0,1.0,1.694915254237288,0.7408212317037839,nan,240,0.10501047324765242,1.1075554383046244,-0.011549435402875952,0.9278358952648982,1.0,correct
UBFC_A4_L3_C050_SEED101/Eval_On_PURE,PURE,old,406,8,window,240,480,8.0,16.0,8.0,60.0,59.0,1.0,1.0,1.694915254237288,0.8074459946645273,nan,240,0.08117694225967022,1.1075177388808224,-0.005533826169149131,0.9094489260914702,1.0,correct
UBFC_A4_L3_C050_SEED101/Eval_On_PURE,PURE,old,406,9,window,270,510,9.0,17.0,8.0,59.0,59.0,0.0,0.0,0.0,0.7849680406664246,nan,240,0.06430739709153138,1.1194268754249492,-0.013267398543740105,0.937686865650287,1.0,correct
UBFC_A4_L3_C050_SEED101/Eval_On_PURE,PURE,old,406,10,window,300,540,10.0,18.0,8.0,59.0,59.0,0.0,0.0,0.0,0.8184302940727205,nan,240,0.0421352972673839,1.1226847288550665,-0.01208911616599704,0.9355494925044792,1.0,correct
UBFC_A4_L3_C050_SEED101/Eval_On_PURE,PURE,old,406,11,window,330,570,11.0,19.0,8.0,60.0,60.0,0.0,0.0,0.0,0.8356922446020577,nan,240,0.03094221393959574,1.1177533750370228,0.0020198316552620574,0.8891706797239759,1.0,correct
UBFC_A4_L3_C050_SEED101/Eval_On_PURE,PURE,old,406,12,window,360,600,12.0,20.0,8.0,60.0,61.0,-1.0,1.0,1.639344262295082,0.67696250303136,nan,240,0.02887129242226757,1.1176242798262561,-0.022446865320730775,0.9366503646542708,1.0,correct
UBFC_A4_L3_C050_SEED101/Eval_On_PURE,PURE,old,406,13,window,390,630,13.0,21.0,8.0,61.0,61.0,0.0,0.0,0.0,0.780430172396047,nan,240,0.006609666858715757,1.0947412977282416,0.005783615277244025,0.9401352024695162,1.0,correct
UBFC_A4_L3_C050_SEED101/Eval_On_PURE,PURE,old,406,14,window,420,660,14.0,22.0,8.0,63.0,61.99999999999999,1.000000000000007,1.000000000000007,1.6129032258064633,0.7974663081839186,nan,240,-0.0038080629987313837,1.0729708168367866,-0.015280234162912515,0.921164808852578,1.0,correct
UBFC_A4_L3_C050_SEED101/Eval_On_PURE,PURE,old,406,15,window,450,690,15.0,23.0,8.0,63.0,63.0,0.0,0.0,0.0,0.7129596501938236,nan,240,-0.01994181258138269,1.0736769109732878,-0.021563455143058605,0.9344180687216322,1.0,correct
UBFC_A4_L3_C050_SEED101/Eval_On_PURE,PURE,old,406,16,window,480,720,16.0,24.0,8.0,64.0,63.0,1.0,1.0,1.5873015873015872,0.6367566396738805,nan,240,-0.05238107624670566,1.079866399415866,-0.01941294880440072,0.9192175304207447,1.0,correct
UBFC_A4_L3_C050_SEED101/Eval_On_PURE,PURE,old,406,17,window,510,750,17.0,25.0,8.0,63.0,63.0,0.0,0.0,0.0,0.7600538852862302,nan,240,0.002696748521332167,1.0826057750979576,-0.012769907849370632,0.9313087246613264,1.0,correct
UBFC_A4_L3_C050_SEED101/Eval_On_PURE,PURE,old,406,18,window,540,780,18.0,26.0,8.0,64.0,64.0,0.0,0.0,0.0,0.7741037703853216,nan,240,0.04100732973253927,1.0865093705666684,0.005798028118037631,0.94891162504665,1.0,correct
UBFC_A4_L3_C050_SEED101/Eval_On_PURE,PURE,old,406,19,window,570,810,19.0,27.0,8.0,65.0,65.0,0.0,0.0,0.0,0.7931582676398481,nan,240,0.0221918773195384,1.0717474089031374,0.01270056583844401,0.9664832635476529,1.0,correct
UBFC_A4_L3_C050_SEED101/Eval_On_PURE,PURE,old,406,20,window,600,840,20.0,28.0,8.0,66.0,66.0,0.0,0.0,0.0,0.8046624124388813,nan,240,-0.017930511799598075,1.0546027540238054,0.02126882744835218,0.9545176625324479,1.0,correct
UBFC_A4_L3_C050_SEED101/Eval_On_PURE,PURE,old,406,21,window,630,870,21.0,29.0,8.0,67.0,66.0,1.0,1.0,1.5151515151515151,0.7917435491936878,nan,240,-0.05914235156569722,1.0456620174049216,0.008146323043275899,0.9707447844573192,1.0,correct
UBFC_A4_L3_C050_SEED101/Eval_On_PURE,PURE,old,406,22,window,660,900,22.0,30.0,8.0,67.0,66.0,1.0,1.0,1.5151515151515151,0.8189408572431404,nan,240,-0.10013728541772118,1.0182505300381814,0.0112820506536308,0.9299907370024665,1.0,correct
UBFC_A4_L3_C050_SEED101/Eval_On_PURE,PURE,old,406,23,window,690,930,23.0,31.0,8.0,68.0,67.0,1.0,1.0,1.4925373134328357,0.8455146946470894,nan,240,-0.09710221143416128,0.9723782988042496,0.010309494797544156,0.9739989717856546,1.0,correct
UBFC_A4_L3_C050_SEED101/Eval_On_PURE,PURE,old,406,24,window,720,960,24.0,32.0,8.0,68.0,69.0,-1.0,1.0,1.4492753623188406,0.8105243917729211,nan,240,-0.007688994338314011,1.0039320137358623,0.00646535818149403,0.930605380703426,1.0,correct
UBFC_A4_L3_C050_SEED101/Eval_On_PURE,PURE,old,406,25,window,750,990,25.0,33.0,8.0,71.0,69.0,2.0,2.0,2.898550724637681,0.7307087903704039,nan,240,-0.034551542600213064,1.0160108541178834,0.0010176831136457219,0.9147341154048061,1.0,correct
UBFC_A4_L3_C050_SEED101/Eval_On_PURE,PURE,old,406,26,window,780,1020,26.0,34.0,8.0,72.0,68.0,4.0,4.0,5.88235294117647,0.5831167606382394,nan,240,-0.07825817892253507,1.0113332012368104,-0.001317977225897171,0.9236185597480011,1.0,large_error
UBFC_A4_L3_C050_SEED101/Eval_On_PURE,PURE,old,406,27,window,810,1050,27.0,35.0,8.0,74.0,67.0,7.0,7.0,10.44776119402985,0.7049739165559308,nan,240,-0.0941877038269236,1.0078962277247068,-0.02239551210176424,0.9176077007025731,1.0,large_error
UBFC_A4_L3_C050_SEED101/Eval_On_PURE,PURE,old,406,28,window,840,1080,28.0,36.0,8.0,76.0,65.0,11.0,11.0,16.923076923076923,0.5849533959019495,nan,240,-0.06794975374691797,0.9973700803619279,0.0016923552025769645,0.9074842170917721,1.0,large_error
UBFC_A4_L3_C050_SEED101/Eval_On_PURE,PURE,old,406,29,window,870,1110,29.0,37.0,8.0,75.0,63.0,12.0,12.0,19.047619047619047,0.605065864921532,nan,240,-0.00042255158069208026,1.0062468465081373,0.023923957916206,0.9088297659641197,1.0,large_error
UBFC_A4_L3_C050_SEED101/Eval_On_PURE,PURE,old,406,30,window,900,1140,30.0,38.0,8.0,61.99999999999999,61.99999999999999,0.0,0.0,0.0,0.6309005459518033,nan,240,0.03787989092692952,1.026810809815386,0.021667489282040594,0.8639950228286879,1.0,correct
UBFC_A4_L3_C050_SEED101/Eval_On_PURE,PURE,old,406,31,window,930,1170,31.0,39.0,8.0,61.99999999999999,61.99999999999999,0.0,0.0,0.0,0.6604796552374282,nan,240,0.01625933022461274,1.021152455646519,0.001375726114579672,0.9038229132193439,1.0,correct
UBFC_A4_L3_C050_SEED101/Eval_On_PURE,PURE,old,406,32,window,960,1200,32.0,40.0,8.0,67.0,64.0,3.0,3.0,4.6875,0.6350011104390627,nan,240,-0.03165870665716641,0.9603405246655042,0.0005932181456923942,0.953945419495833,1.0,correct
UBFC_A4_L3_C050_SEED101/Eval_On_PURE,PURE,old,406,33,window,990,1230,33.0,41.0,8.0,67.0,66.0,1.0,1.0,1.5151515151515151,0.8033043215956062,nan,240,-0.02681892247228829,0.9449182464451428,-0.0015868819130296955,0.9713773070510531,1.0,correct
UBFC_A4_L3_C050_SEED101/Eval_On_PURE,PURE,old,406,34,window,1020,1260,34.0,42.0,8.0,68.0,67.0,1.0,1.0,1.4925373134328357,0.816586633447711,nan,240,-0.01783682207231382,0.9476762015306376,0.0007506049254156766,0.9681176715963948,1.0,correct
UBFC_A4_L3_C050_SEED101/Eval_On_PURE,PURE,old,406,35,window,1050,1290,35.0,43.0,8.0,68.0,67.0,1.0,1.0,1.4925373134328357,0.8328831644698421,nan,240,-0.01279423275049696,0.9556722305793993,-0.009922634105809054,0.972355707776865,1.0,correct
UBFC_A4_L3_C050_SEED101/Eval_On_PURE,PURE,old,406,36,window,1080,1320,36.0,44.0,8.0,68.0,67.0,1.0,1.0,1.4925373134328357,0.7887914293214926,nan,240,-0.03071518485815562,0.940914627547839,-0.008164405439398626,0.9494598807101488,1.0,correct
UBFC_A4_L3_C050_SEED101/Eval_On_PURE,PURE,old,406,37,window,1110,1350,37.0,45.0,8.0,67.0,66.0,1.0,1.0,1.5151515151515151,0.7567283963782959,nan,240,-0.022600897386660785,0.9504029727931794,-0.010114433575214321,0.9382466192792926,1.0,correct
UBFC_A4_L3_C050_SEED101/Eval_On_PURE,PURE,old,406,38,window,1140,1380,38.0,46.0,8.0,66.0,66.0,0.0,0.0,0.0,0.7952942634700801,nan,240,-0.010438929788230699,0.9607907856735288,-0.003912006921940751,0.9252121475585154,1.0,correct
UBFC_A4_L3_C050_SEED101/Eval_On_PURE,PURE,old,406,39,window,1170,1410,39.0,47.0,8.0,64.0,65.0,-1.0,1.0,1.5384615384615385,0.7430747119821893,nan,240,0.0046960305199204395,0.975097316597976,0.01686530567209412,0.8884841719363882,1.0,correct
UBFC_A4_L3_C050_SEED101/Eval_On_PURE,PURE,old,406,40,window,1200,1440,40.0,48.0,8.0,64.0,65.0,-1.0,1.0,1.5384615384615385,0.6962510888809245,nan,240,0.004578397862328768,0.9717313718792446,0.03967335089059823,0.9605250973492117,1.0,correct
UBFC_A4_L3_C050_SEED101/Eval_On_PURE,PURE,old,406,41,window,1230,1470,41.0,49.0,8.0,66.0,65.0,1.0,1.0,1.5384615384615385,0.7221039033872522,nan,240,0.022878367503090247,0.9814445124731602,0.030132941823970534,0.9544386811712026,1.0,correct
UBFC_A4_L3_C050_SEED101/Eval_On_PURE,PURE,old,406,42,window,1260,1500,42.0,50.0,8.0,67.0,66.0,1.0,1.0,1.5151515151515151,0.7353116046931862,nan,240,0.0064218142237082165,0.9773883030731318,0.02449941111866986,0.9673687973892283,1.0,correct
UBFC_A4_L3_C050_SEED101/Eval_On_PURE,PURE,old,406,43,window,1290,1530,43.0,51.0,8.0,67.0,65.0,2.0,2.0,3.076923076923077,0.7258206137552027,nan,240,-0.012026166258946163,0.9498561624313375,0.0020219744453935373,0.9218670471512922,1.0,correct
UBFC_A4_L3_C050_SEED101/Eval_On_PURE,PURE,old,406,44,window,1320,1560,44.0,52.0,8.0,67.0,65.0,2.0,2.0,3.076923076923077,0.7666179330515032,nan,240,-0.016798569549052234,0.941194199191575,0.01567123831981567,0.9666699948782764,1.0,correct
UBFC_A4_L3_C050_SEED101/Eval_On_PURE,PURE,old,406,45,window,1350,1590,45.0,53.0,8.0,67.0,66.0,1.0,1.0,1.5151515151515151,0.7522678833071308,nan,240,-0.03903842881232327,0.9287990293887544,0.007510752607299002,0.9707517386660737,1.0,correct
UBFC_A4_L3_C050_SEED101/Eval_On_PURE,PURE,old,406,46,window,1380,1620,46.0,54.0,8.0,66.0,65.0,1.0,1.0,1.5384615384615385,0.7523173611962288,nan,240,-0.0533916003961379,0.9126185461927552,-0.0036540941871657647,0.958688094630157,1.0,correct
UBFC_A4_L3_C050_SEED101/Eval_On_PURE,PURE,old,406,47,window,1410,1650,47.0,55.0,8.0,64.0,65.0,-1.0,1.0,1.5384615384615385,0.716095871223155,nan,240,-0.05655850245051478,0.9055556479265826,-0.017289447002659917,0.9611859989215847,1.0,correct
UBFC_A4_L3_C050_SEED101/Eval_On_PURE,PURE,old,406,48,window,1440,1680,48.0,56.0,8.0,64.0,64.0,0.0,0.0,0.0,0.6722580351619458,nan,240,-0.06581381723702237,0.8896421552352771,-0.0070835515450232,0.9592966645211085,1.0,correct
UBFC_A4_L3_C050_SEED101/Eval_On_PURE,PURE,old,406,49,window,1470,1710,49.0,57.0,8.0,63.0,65.0,-2.0,2.0,3.076923076923077,0.6774966849041778,nan,240,-0.05412947797556598,0.8797841751756431,-0.010502925421313402,0.9614041408265868,1.0,correct
UBFC_A4_L3_C050_SEED101/Eval_On_PURE,PURE,old,406,50,window,1500,1740,50.0,58.0,8.0,64.0,65.0,-1.0,1.0,1.5384615384615385,0.6916065232544402,nan,240,-0.005626590068925364,0.883991963090588,0.009613296872267196,0.9319223039013014,1.0,correct
UBFC_A4_L3_C050_SEED101/Eval_On_PURE,PURE,old,406,51,window,1530,1770,51.0,59.0,8.0,64.0,65.0,-1.0,1.0,1.5384615384615385,0.7228613380529134,nan,240,0.008812416446856479,0.8766983097466562,0.0358021310929736,0.971865753467721,1.0,correct
UBFC_A4_L3_C050_SEED101/Eval_On_PURE,PURE,old,406,52,window,1560,1800,52.0,60.0,8.0,66.0,65.0,1.0,1.0,1.5384615384615385,0.7459214599169851,nan,240,0.04567828313612868,0.8922948419301633,0.025371924296535762,0.9823424547852747,1.0,correct
UBFC_A4_L3_C050_SEED101/Eval_On_PURE,PURE,old,406,53,window,1590,1830,53.0,61.0,8.0,67.0,66.0,1.0,1.0,1.5151515151515151,0.7628180111187526,nan,240,0.03325795901700781,0.8939625838429078,0.022910452357133536,0.9727739487213283,1.0,correct
UBFC_A4_L3_C050_SEED101/Eval_On_PURE,PURE,old,406,54,window,1620,1860,54.0,62.0,8.0,67.0,67.0,0.0,0.0,0.0,0.7475420152176124,nan,240,-0.005189087433333491,0.8995568461399124,0.018472725365696375,0.9581261741978246,1.0,correct
UBFC_A4_L3_C050_SEED101/Eval_On_PURE,PURE,old,406,55,window,1650,1890,55.0,63.0,8.0,67.0,67.0,0.0,0.0,0.0,0.7574461060455785,nan,240,-0.02178049713835092,0.8837501352577404,0.010387084763004768,0.9621379066615765,1.0,correct
UBFC_A4_L3_C050_SEED101/Eval_On_PURE,PURE,old,406,56,window,1680,1920,56.0,64.0,8.0,67.0,67.0,0.0,0.0,0.0,0.6972617275091415,nan,240,-0.02150614711875926,0.8896459347074429,0.007471027962525663,0.9849507579936053,1.0,correct
UBFC_A4_L3_C050_SEED101/Eval_On_PURE,PURE,old,501,0,window,0,240,0.0,8.0,8.0,90.0,47.0,43.0,43.0,91.48936170212765,0.7089634883561898,nan,240,-0.06600562945120374,0.9782159243915814,0.03182873765381313,0.883492230353197,1.0,super_harmonic_2x
UBFC_A4_L3_C050_SEED101/Eval_On_PURE,PURE,old,501,1,window,30,270,1.0,9.0,8.0,90.0,46.0,44.0,44.0,95.65217391304348,0.6526013637317151,nan,240,-0.07148275623345697,1.0016243655553776,0.0016346796819554754,0.8330671838580292,1.0,super_harmonic_2x
UBFC_A4_L3_C050_SEED101/Eval_On_PURE,PURE,old,501,2,window,60,300,2.0,10.0,8.0,90.0,46.0,44.0,44.0,95.65217391304348,0.653428344049819,nan,240,-0.13753264236631815,0.9603854961205053,0.025791491467619186,0.8574967327427441,1.0,super_harmonic_2x
UBFC_A4_L3_C050_SEED101/Eval_On_PURE,PURE,old,501,3,window,90,330,3.0,11.0,8.0,90.0,46.0,44.0,44.0,95.65217391304348,0.7642990342013577,nan,240,-0.10320361542784105,0.9714514801541263,-0.0359946610234244,0.8856385546955807,1.0,super_harmonic_2x
UBFC_A4_L3_C050_SEED101/Eval_On_PURE,PURE,old,501,4,window,120,360,4.0,12.0,8.0,90.0,46.0,44.0,44.0,95.65217391304348,0.623821848120276,nan,240,-0.08795936418617387,0.9674437570729506,0.030736845279589267,0.9305710269811553,1.0,super_harmonic_2x
UBFC_A4_L3_C050_SEED101/Eval_On_PURE,PURE,old,501,5,window,150,390,5.0,13.0,8.0,90.0,46.0,44.0,44.0,95.65217391304348,0.5778623893450056,nan,240,-0.01693902785948539,1.0026909222440024,0.00019887685472559923,0.854353399524254,1.0,super_harmonic_2x
UBFC_A4_L3_C050_SEED101/Eval_On_PURE,PURE,old,501,6,window,180,420,6.0,14.0,8.0,90.0,45.0,45.0,45.0,100.0,0.5565403303332846,nan,240,-0.013920244413985493,1.007909563739379,0.029233278024028222,0.8959769375290817,1.0,super_harmonic_2x
UBFC_A4_L3_C050_SEED101/Eval_On_PURE,PURE,old,501,7,window,210,450,7.0,15.0,8.0,90.0,46.0,44.0,44.0,95.65217391304348,0.7220930427999734,nan,240,0.04317661416668868,1.0211893221986812,-0.028184947716725407,0.9012147913871218,1.0,super_harmonic_2x
UBFC_A4_L3_C050_SEED101/Eval_On_PURE,PURE,old,501,8,window,240,480,8.0,16.0,8.0,90.0,45.0,45.0,45.0,100.0,0.6354624584955906,nan,240,0.10351966823971744,1.0635694602526211,0.0071070991103002225,0.8788761443541052,1.0,super_harmonic_2x
UBFC_A4_L3_C050_SEED101/Eval_On_PURE,PURE,old,501,9,window,270,510,9.0,17.0,8.0,92.0,46.0,46.0,46.0,100.0,0.6146606728167362,nan,240,0.09700727518702193,1.1289454550283031,0.0030487583609801897,0.8353686194094564,1.0,super_harmonic_2x
UBFC_A4_L3_C050_SEED101/Eval_On_PURE,PURE,old,501,10,window,300,540,10.0,18.0,8.0,90.0,45.0,45.0,45.0,100.0,0.5863263612250722,nan,240,0.0945953060715879,1.1369548884178455,0.03673603256941504,0.9133815029048407,1.0,super_harmonic_2x
UBFC_A4_L3_C050_SEED101/Eval_On_PURE,PURE,old,501,11,window,330,570,11.0,19.0,8.0,90.0,46.0,44.0,44.0,95.65217391304348,0.6889348243393962,nan,240,0.08800608978961862,1.138227162128461,-0.029801437299998602,0.9256785869461026,1.0,super_harmonic_2x
UBFC_A4_L3_C050_SEED101/Eval_On_PURE,PURE,old,501,12,window,360,600,12.0,20.0,8.0,89.0,45.0,44.0,44.0,97.77777777777777,0.7258044884082913,nan,240,0.09144963052599432,1.150575240331141,0.014105724147248507,0.8388561311055855,1.0,super_harmonic_2x
UBFC_A4_L3_C050_SEED101/Eval_On_PURE,PURE,old,501,13,window,390,630,13.0,21.0,8.0,88.0,45.0,43.0,43.0,95.55555555555556,0.5548084158871418,nan,240,0.019665648368020084,1.1632760229258294,-0.027526999645424252,0.8405413395484019,1.0,super_harmonic_2x
UBFC_A4_L3_C050_SEED101/Eval_On_PURE,PURE,old,501,14,window,420,660,14.0,22.0,8.0,87.0,44.0,43.0,43.0,97.72727272727273,0.7163679342225074,nan,240,0.05078427969378719,1.1512167602707506,0.00898322041877268,0.8100903429852828,1.0,super_harmonic_2x
UBFC_A4_L3_C050_SEED101/Eval_On_PURE,PURE,old,501,15,window,450,690,15.0,23.0,8.0,46.0,45.0,1.0,1.0,2.2222222222222223,0.7481300762677273,nan,240,0.00984972905485515,1.1400868428926336,-0.028080983314870803,0.8201957975996736,1.0,correct
UBFC_A4_L3_C050_SEED101/Eval_On_PURE,PURE,old,501,16,window,480,720,16.0,24.0,8.0,45.0,45.0,0.0,0.0,0.0,0.6799071909705441,nan,240,-0.013040535627693835,1.1074279590073441,0.011279460707835743,0.8261652273783485,1.0,correct
UBFC_A4_L3_C050_SEED101/Eval_On_PURE,PURE,old,501,17,window,510,750,17.0,25.0,8.0,90.0,45.0,45.0,45.0,100.0,0.569872301226757,nan,240,-0.06033599868979261,1.0517886553020594,-0.004997123972768312,0.8028858837706977,1.0,super_harmonic_2x
UBFC_A4_L3_C050_SEED101/Eval_On_PURE,PURE,old,501,18,window,540,780,18.0,26.0,8.0,89.0,44.0,45.0,45.0,102.27272727272727,0.6487161533741042,nan,240,-0.01891834077821518,1.0580440579928845,0.023514757093947895,0.8213055925955067,1.0,super_harmonic_2x
UBFC_A4_L3_C050_SEED101/Eval_On_PURE,PURE,old,501,19,window,570,810,19.0,27.0,8.0,45.0,44.0,1.0,1.0,2.272727272727273,0.6542629131388569,nan,240,-0.051894361589188295,1.0485613754444898,-0.02034415258260278,0.7749068296768111,1.0,correct
UBFC_A4_L3_C050_SEED101/Eval_On_PURE,PURE,old,501,20,window,600,840,20.0,28.0,8.0,45.0,44.0,1.0,1.0,2.272727272727273,0.7297288580409704,nan,240,-0.0772659019157357,1.0156831206356935,0.008827485303232336,0.7626728495397873,1.0,correct
UBFC_A4_L3_C050_SEED101/Eval_On_PURE,PURE,old,501,21,window,630,870,21.0,29.0,8.0,44.0,44.0,0.0,0.0,0.0,0.663448493493007,nan,240,-0.019761103069499478,0.9831482381393662,0.007080426014207227,0.7781407814529365,1.0,correct
UBFC_A4_L3_C050_SEED101/Eval_On_PURE,PURE,old,501,22,window,660,900,22.0,30.0,8.0,44.0,44.0,0.0,0.0,0.0,0.7303905338437701,nan,240,0.03390941400523322,1.0016479086591803,0.020602992238179296,0.788357160695639,1.0,correct
UBFC_A4_L3_C050_SEED101/Eval_On_PURE,PURE,old,501,23,window,690,930,23.0,31.0,8.0,45.0,44.0,1.0,1.0,2.272727272727273,0.7174759768405161,nan,240,0.0879899097728393,1.0446603411829551,-0.021446279543778972,0.7706841511288803,1.0,correct
UBFC_A4_L3_C050_SEED101/Eval_On_PURE,PURE,old,501,24,window,720,960,24.0,32.0,8.0,90.0,44.0,46.0,46.0,104.54545454545455,0.6375443171146657,nan,240,0.04165581999116937,1.024104204380864,0.009923715279473885,0.7993247415864085,1.0,super_harmonic_2x
UBFC_A4_L3_C050_SEED101/Eval_On_PURE,PURE,old,501,25,window,750,990,25.0,33.0,8.0,45.0,45.0,0.0,0.0,0.0,0.7468874399739249,nan,240,0.10767971617581866,0.984768465152761,0.03471832713829606,0.8300162424197617,1.0,correct
UBFC_A4_L3_C050_SEED101/Eval_On_PURE,PURE,old,501,26,window,780,1020,26.0,34.0,8.0,46.0,46.0,0.0,0.0,0.0,0.773385254111252,nan,240,0.05091040738363927,0.9707602031301412,-0.020023905587459326,0.8057109077278816,1.0,correct
UBFC_A4_L3_C050_SEED101/Eval_On_PURE,PURE,old,501,27,window,810,1050,27.0,35.0,8.0,46.0,46.0,0.0,0.0,0.0,0.805848857095512,nan,240,0.09303539957204429,0.9715608515786225,-0.02441350864262198,0.843286112159197,1.0,correct
UBFC_A4_L3_C050_SEED101/Eval_On_PURE,PURE,old,501,28,window,840,1080,28.0,36.0,8.0,81.0,46.0,35.0,35.0,76.08695652173914,0.6916728696043261,nan,240,0.08226842651671182,0.9554028017086461,0.02492931182252256,0.865044243502192,1.0,super_harmonic_2x
UBFC_A4_L3_C050_SEED101/Eval_On_PURE,PURE,old,501,29,window,870,1110,29.0,37.0,8.0,47.0,46.0,1.0,1.0,2.1739130434782608,0.7296869302277827,nan,240,0.05550769797789437,0.9497229959300285,0.0097217232430131,0.8119504069766018,1.0,correct
UBFC_A4_L3_C050_SEED101/Eval_On_PURE,PURE,old,501,30,window,900,1140,30.0,38.0,8.0,46.0,46.0,0.0,0.0,0.0,0.7640479504613662,nan,240,-0.011427630018069212,0.9161551142625332,-0.016461183975354916,0.817893577683704,1.0,correct
UBFC_A4_L3_C050_SEED101/Eval_On_PURE,PURE,old,501,31,window,930,1170,31.0,39.0,8.0,47.0,47.0,0.0,0.0,0.0,0.8287591611147651,nan,240,-0.05943947287818771,0.8578477080030538,-0.022288580487684017,0.860729704030936,1.0,correct
UBFC_A4_L3_C050_SEED101/Eval_On_PURE,PURE,old,501,32,window,960,1200,32.0,40.0,8.0,46.0,47.0,-1.0,1.0,2.127659574468085,0.7766047296618118,nan,240,-0.021763093492060456,0.8524704762122545,-0.004529183244809413,0.8002480929553721,1.0,correct
UBFC_A4_L3_C050_SEED101/Eval_On_PURE,PURE,old,501,33,window,990,1230,33.0,41.0,8.0,47.0,47.0,0.0,0.0,0.0,0.802771336339793,nan,240,-0.028764581697626742,0.9084513934752491,0.021247329746983647,0.8284481063353443,1.0,correct
UBFC_A4_L3_C050_SEED101/Eval_On_PURE,PURE,old,501,34,window,1020,1260,34.0,42.0,8.0,47.0,47.0,0.0,0.0,0.0,0.7671561386920732,nan,240,-0.06785231719302831,0.9414992245536182,0.014703870951716056,0.8359714474810809,1.0,correct
UBFC_A4_L3_C050_SEED101/Eval_On_PURE,PURE,old,501,35,window,1050,1290,35.0,43.0,8.0,47.0,47.0,0.0,0.0,0.0,0.8265450000681676,nan,240,-0.12525328364812477,0.9134433947133044,-0.02473507256284974,0.8285436621538389,1.0,correct
UBFC_A4_L3_C050_SEED101/Eval_On_PURE,PURE,old,501,36,window,1080,1320,36.0,44.0,8.0,47.0,47.0,0.0,0.0,0.0,0.8464443924645157,nan,240,-0.09644317125177194,0.9208850433338713,-0.017722825510578473,0.8030121586421161,1.0,correct
UBFC_A4_L3_C050_SEED101/Eval_On_PURE,PURE,old,501,37,window,1110,1350,37.0,45.0,8.0,47.0,47.0,0.0,0.0,0.0,0.8712418367567626,nan,240,-0.027931119730949375,0.9222441471216009,0.0012387432762300846,0.8011833727004023,1.0,correct
UBFC_A4_L3_C050_SEED101/Eval_On_PURE,PURE,old,501,38,window,1140,1380,38.0,46.0,8.0,47.0,47.0,0.0,0.0,0.0,0.8155037399227862,nan,240,0.02055172723965652,0.9858149976828552,0.05214233072870964,0.9081462222144565,1.0,correct
UBFC_A4_L3_C050_SEED101/Eval_On_PURE,PURE,old,501,39,window,1170,1410,39.0,47.0,8.0,46.0,47.0,-1.0,1.0,2.127659574468085,0.8406574418809464,nan,240,-0.056222961983543866,0.9804213531857014,0.002184673992364805,0.8258282038876608,1.0,correct
UBFC_A4_L3_C050_SEED101/Eval_On_PURE,PURE,old,501,40,window,1200,1440,40.0,48.0,8.0,48.0,47.0,1.0,1.0,2.127659574468085,0.8328359444979345,nan,240,-0.013532433618116816,1.0086389085669256,-0.02027673216386879,0.866521081040491,1.0,correct
UBFC_A4_L3_C050_SEED101/Eval_On_PURE,PURE,old,501,41,window,1230,1470,41.0,49.0,8.0,47.0,47.0,0.0,0.0,0.0,0.8556407615460714,nan,240,0.022711440975387458,0.9980993607905417,-0.012118174769514637,0.800493984826639,1.0,correct
UBFC_A4_L3_C050_SEED101/Eval_On_PURE,PURE,old,501,42,window,1260,1500,42.0,50.0,8.0,47.0,47.0,0.0,0.0,0.0,0.8667866124756484,nan,240,0.1206309914963188,0.9905507332044853,0.023168309376235506,0.8360690329053658,1.0,correct
UBFC_A4_L3_C050_SEED101/Eval_On_PURE,PURE,old,501,43,window,1290,1530,43.0,51.0,8.0,45.0,46.0,-1.0,1.0,2.1739130434782608,0.8169729667508911,nan,240,0.07165306149262048,1.0071668065328754,0.018833183533813556,0.7977728600536108,1.0,correct
UBFC_A4_L3_C050_SEED101/Eval_On_PURE,PURE,old,501,44,window,1320,1560,44.0,52.0,8.0,46.0,46.0,0.0,0.0,0.0,0.8478410866171453,nan,240,0.06587361045984268,1.007947236741828,-0.0005740185966927676,0.8005943043690112,1.0,correct
UBFC_A4_L3_C050_SEED101/Eval_On_PURE,PURE,old,501,45,window,1350,1590,45.0,53.0,8.0,46.0,45.0,1.0,1.0,2.2222222222222223,0.808950779174081,nan,240,0.08913066465661715,1.032903311804035,-0.02966031201344478,0.8521240258008199,1.0,correct
UBFC_A4_L3_C050_SEED101/Eval_On_PURE,PURE,old,501,46,window,1380,1620,46.0,54.0,8.0,90.0,45.0,45.0,45.0,100.0,0.8296496315222722,nan,240,0.06433052098561079,1.010027497962638,0.01872351537270942,0.8317631936718008,1.0,super_harmonic_2x
UBFC_A4_L3_C050_SEED101/Eval_On_PURE,PURE,old,501,47,window,1410,1650,47.0,55.0,8.0,45.0,45.0,0.0,0.0,0.0,0.8039486724525893,nan,240,0.10301286424958803,1.0239041375862075,0.0036984329255331317,0.7948758980196383,1.0,correct
UBFC_A4_L3_C050_SEED101/Eval_On_PURE,PURE,old,501,48,window,1440,1680,48.0,56.0,8.0,90.0,46.0,44.0,44.0,95.65217391304348,0.7812339642543906,nan,240,0.013830140584199895,0.9968651409449908,0.00909086852023433,0.8237483208553967,1.0,super_harmonic_2x
UBFC_A4_L3_C050_SEED101/Eval_On_PURE,PURE,old,501,49,window,1470,1710,49.0,57.0,8.0,46.0,45.0,1.0,1.0,2.2222222222222223,0.8520415797391538,nan,240,0.011361222905772465,0.9759170804778806,-0.02775614885325757,0.8585630056664378,1.0,correct
UBFC_A4_L3_C050_SEED101/Eval_On_PURE,PURE,old,501,50,window,1500,1740,50.0,58.0,8.0,90.0,46.0,44.0,44.0,95.65217391304348,0.7719457478268693,nan,240,-0.013715509870959286,0.9702791653734953,0.015782276758210197,0.8518827262040939,1.0,super_harmonic_2x
UBFC_A4_L3_C050_SEED101/Eval_On_PURE,PURE,old,501,51,window,1530,1770,51.0,59.0,8.0,46.0,46.0,0.0,0.0,0.0,0.8759978843295612,nan,240,-0.00024405338110324118,0.9508350745164355,0.030499904944900996,0.8023905705633838,1.0,correct
UBFC_A4_L3_C050_SEED101/Eval_On_PURE,PURE,old,501,52,window,1560,1800,52.0,60.0,8.0,48.0,48.0,0.0,0.0,0.0,0.809776768859244,nan,240,-0.017461247456152504,0.9346637163399236,0.01381866270143401,0.8364037171172564,1.0,correct
UBFC_A4_L3_C050_SEED101/Eval_On_PURE,PURE,old,501,53,window,1590,1830,53.0,61.0,8.0,49.0,49.0,0.0,0.0,0.0,0.7560681654683037,nan,240,-0.13866830118181117,0.8954336116336384,-0.017229741003372826,0.8961244384605299,1.0,correct
UBFC_A4_L3_C050_SEED101/Eval_On_PURE,PURE,old,501,54,window,1620,1860,54.0,62.0,8.0,50.0,50.0,0.0,0.0,0.0,0.8061067205568796,nan,240,-0.12778743100049256,0.86786988111648,-0.005044476606200073,0.8639612403025877,1.0,correct
UBFC_A4_L3_C050_SEED101/Eval_On_PURE,PURE,old,501,55,window,1650,1890,55.0,63.0,8.0,50.0,49.0,1.0,1.0,2.0408163265306123,0.7667697940639415,nan,240,-0.05801626841016673,0.9089501168908948,-0.006660213232400806,0.8245360344105793,1.0,correct
UBFC_A4_L3_C050_SEED101/Eval_On_PURE,PURE,old,501,56,window,1680,1920,56.0,64.0,8.0,49.0,49.0,0.0,0.0,0.0,0.7866823379454547,nan,240,-0.038125804318784505,0.9656288002150359,0.04703766747937779,0.8989533839596157,1.0,correct
UBFC_A4_L3_C050_SEED101/Eval_On_PURE,PURE,old,502,0,window,0,240,0.0,8.0,8.0,59.0,56.0,3.0,3.0,5.357142857142857,0.21441052442345745,nan,240,-0.16314106782018337,0.9211998692205621,0.021174124207923285,0.9341529778772284,1.0,correct
UBFC_A4_L3_C050_SEED101/Eval_On_PURE,PURE,old,502,1,window,30,270,1.0,9.0,8.0,59.0,56.0,3.0,3.0,5.357142857142857,0.35903684528829,nan,240,-0.10909505969017598,0.9347397695325971,0.004057909080554234,0.9145443609443498,1.0,correct
UBFC_A4_L3_C050_SEED101/Eval_On_PURE,PURE,old,502,2,window,60,300,2.0,10.0,8.0,59.0,56.0,3.0,3.0,5.357142857142857,0.4225274323840229,nan,240,-0.049429120438827155,0.9298247400292675,0.00035615110636343187,0.9171147957602676,1.0,correct
UBFC_A4_L3_C050_SEED101/Eval_On_PURE,PURE,old,502,3,window,90,330,3.0,11.0,8.0,59.0,55.0,4.0,4.0,7.2727272727272725,0.40155659453937326,nan,240,-0.03142420760941634,0.883915848937532,0.01824723176118796,0.9028052399984849,1.0,large_error
UBFC_A4_L3_C050_SEED101/Eval_On_PURE,PURE,old,502,4,window,120,360,4.0,12.0,8.0,59.0,54.0,5.0,5.0,9.25925925925926,0.3186612790263091,nan,240,0.04560488229317906,0.8801722314368505,0.020665614318347576,0.7659367837860978,1.0,large_error
UBFC_A4_L3_C050_SEED101/Eval_On_PURE,PURE,old,502,5,window,150,390,5.0,13.0,8.0,75.0,53.0,22.0,22.0,41.509433962264154,0.2166539738932305,nan,240,0.07590705394299685,0.8944880367861873,0.010300202148712826,0.6482504422443434,1.0,super_harmonic_1p5x
UBFC_A4_L3_C050_SEED101/Eval_On_PURE,PURE,old,502,6,window,180,420,6.0,14.0,8.0,54.0,54.0,0.0,0.0,0.0,0.4283726261337903,nan,240,0.08456381292539983,0.8942835520699054,0.030639762260768855,0.7380314218292573,1.0,correct
UBFC_A4_L3_C050_SEED101/Eval_On_PURE,PURE,old,502,7,window,210,450,7.0,15.0,8.0,55.0,55.0,0.0,0.0,0.0,0.5209808396005672,nan,240,0.1734530162536621,0.8280540820550262,0.05174338453566749,0.7828394615503886,1.0,correct
UBFC_A4_L3_C050_SEED101/Eval_On_PURE,PURE,old,502,8,window,240,480,8.0,16.0,8.0,53.0,58.0,-5.0,5.0,8.620689655172415,0.5340875416367867,nan,240,0.21600512253449006,0.8223250493134667,0.017192556791370512,0.7754341795641476,1.0,large_error
UBFC_A4_L3_C050_SEED101/Eval_On_PURE,PURE,old,502,9,window,270,510,9.0,17.0,8.0,90.0,58.0,32.0,32.0,55.172413793103445,0.46311554244589626,nan,240,0.20383871352379077,0.8200760461792844,0.029952516678827912,0.8450834157863013,1.0,super_harmonic_1p5x
UBFC_A4_L3_C050_SEED101/Eval_On_PURE,PURE,old,502,10,window,300,540,10.0,18.0,8.0,59.0,58.0,1.0,1.0,1.7241379310344827,0.5938205986435314,nan,240,0.1247637705820081,0.8686308023447328,-0.001586739296741966,0.7891944354114451,1.0,correct
UBFC_A4_L3_C050_SEED101/Eval_On_PURE,PURE,old,502,11,window,330,570,11.0,19.0,8.0,59.0,46.0,13.0,13.0,28.26086956521739,0.498992082015244,nan,240,0.08343527266605494,0.8842025557357907,0.014797582383164216,0.7979115459493987,1.0,super_harmonic_1p5x
UBFC_A4_L3_C050_SEED101/Eval_On_PURE,PURE,old,502,12,window,360,600,12.0,20.0,8.0,56.0,45.0,11.0,11.0,24.444444444444443,0.6817585189380593,nan,240,0.07834104928058747,0.8928123499728627,-0.018094586370975593,0.7945155569004759,1.0,large_error
UBFC_A4_L3_C050_SEED101/Eval_On_PURE,PURE,old,502,13,window,390,630,13.0,21.0,8.0,82.0,47.0,35.0,35.0,74.46808510638297,0.6027934793877355,nan,240,0.07236707865808119,0.9305236352303315,-0.0322568901523074,0.8474849088152696,1.0,super_harmonic_2x
UBFC_A4_L3_C050_SEED101/Eval_On_PURE,PURE,old,502,14,window,420,660,14.0,22.0,8.0,84.0,49.0,35.0,35.0,71.42857142857143,0.5350347890731958,nan,240,0.0541665731700538,0.9386101718705806,0.0198955938424351,0.8797591349660305,1.0,super_harmonic_2x
UBFC_A4_L3_C050_SEED101/Eval_On_PURE,PURE,old,502,15,window,450,690,15.0,23.0,8.0,97.0,49.0,48.0,48.0,97.95918367346938,0.4627050506879557,nan,240,0.02182463451870937,0.9727150734017834,-0.026926806252373574,0.8310009972795169,1.0,super_harmonic_2x
UBFC_A4_L3_C050_SEED101/Eval_On_PURE,PURE,old,502,16,window,480,720,16.0,24.0,8.0,95.0,50.0,45.0,45.0,90.0,0.37059341201675844,nan,240,-0.07596865177068896,0.9076965074785849,0.023204568838230927,0.8513468296150234,1.0,super_harmonic_2x
UBFC_A4_L3_C050_SEED101/Eval_On_PURE,PURE,old,502,17,window,510,750,17.0,25.0,8.0,90.0,52.0,38.0,38.0,73.07692307692307,0.2971760938448309,nan,240,-0.09559454925155245,0.877825853262182,-0.018509479442892295,0.8365099985386221,1.0,super_harmonic_2x
UBFC_A4_L3_C050_SEED101/Eval_On_PURE,PURE,old,502,18,window,540,780,18.0,26.0,8.0,90.0,50.0,40.0,40.0,80.0,0.235563628237335,nan,240,-0.02504876836466324,0.8258799544387584,0.0030696711588475848,0.7993522771936048,1.0,super_harmonic_2x
UBFC_A4_L3_C050_SEED101/Eval_On_PURE,PURE,old,502,19,window,570,810,19.0,27.0,8.0,90.0,58.0,32.0,32.0,55.172413793103445,0.0781840535555765,nan,240,-0.014007122072691842,0.8714288748235978,0.0027982702271186544,0.8191191505532195,1.0,super_harmonic_1p5x
UBFC_A4_L3_C050_SEED101/Eval_On_PURE,PURE,old,502,20,window,600,840,20.0,28.0,8.0,89.0,58.0,31.0,31.0,53.44827586206896,0.0003681249523745116,nan,240,-0.07754713909019918,0.8844171520437831,-0.01354886220248742,0.7962580723257525,1.0,super_harmonic_1p5x
UBFC_A4_L3_C050_SEED101/Eval_On_PURE,PURE,old,502,21,window,630,870,21.0,29.0,8.0,163.0,46.0,117.0,117.0,254.34782608695653,0.06787632896521234,nan,240,-0.10649946955952316,0.8887416973167946,0.011667700049461745,0.6622643557209126,1.0,large_error
UBFC_A4_L3_C050_SEED101/Eval_On_PURE,PURE,old,502,22,window,660,900,22.0,30.0,8.0,75.0,45.0,30.0,30.0,66.66666666666666,0.13254312820720723,nan,240,-0.095701474637352,0.9050242607277081,0.015506470815811009,0.7038514992044468,1.0,large_error
UBFC_A4_L3_C050_SEED101/Eval_On_PURE,PURE,old,502,23,window,690,930,23.0,31.0,8.0,88.0,48.0,40.0,40.0,83.33333333333334,0.20135376484525302,nan,240,-0.12334835002843073,0.8980800028259124,-0.0018754636153829256,0.7269044324078671,1.0,super_harmonic_2x
UBFC_A4_L3_C050_SEED101/Eval_On_PURE,PURE,old,502,24,window,720,960,24.0,32.0,8.0,60.0,51.0,9.0,9.0,17.647058823529413,0.3528110469763139,nan,240,-0.018062836583520925,1.0519318237162474,0.006670373251066741,0.5379040050737901,1.0,large_error
UBFC_A4_L3_C050_SEED101/Eval_On_PURE,PURE,old,502,25,window,750,990,25.0,33.0,8.0,107.0,51.0,56.0,56.0,109.80392156862746,0.19059505961864065,nan,240,-0.025587067902593637,1.047380242557628,0.025691647465655186,0.5720981009280115,1.0,super_harmonic_2x
UBFC_A4_L3_C050_SEED101/Eval_On_PURE,PURE,old,502,26,window,780,1020,26.0,34.0,8.0,53.0,52.0,1.0,1.0,1.9230769230769231,0.3351285419115782,nan,240,-0.04796584810813676,1.0239003762604786,0.011098026679318751,0.7165511446189368,1.0,correct
UBFC_A4_L3_C050_SEED101/Eval_On_PURE,PURE,old,502,27,window,810,1050,27.0,35.0,8.0,106.0,55.0,51.0,51.0,92.72727272727272,0.29532276695328846,nan,240,-0.0627748566438349,0.9798842752586233,0.002142090628168928,0.7515681106027019,1.0,super_harmonic_2x
UBFC_A4_L3_C050_SEED101/Eval_On_PURE,PURE,old,502,28,window,840,1080,28.0,36.0,8.0,105.0,58.0,47.0,47.0,81.03448275862068,0.28533206533095945,nan,240,-0.006889291165005303,0.9592130874275456,0.03226566048162741,0.7845846974927235,1.0,super_harmonic_2x
UBFC_A4_L3_C050_SEED101/Eval_On_PURE,PURE,old,502,29,window,870,1110,29.0,37.0,8.0,59.0,58.0,1.0,1.0,1.7241379310344827,0.5027479275985803,nan,240,-0.010508804666247018,0.973982514686511,0.03169192385525923,0.9116978677067846,1.0,correct
UBFC_A4_L3_C050_SEED101/Eval_On_PURE,PURE,old,502,30,window,900,1140,30.0,38.0,8.0,60.0,57.0,3.0,3.0,5.263157894736842,0.46793293506880773,nan,240,-0.05318577965080584,0.9805867342430935,0.0018132566452618885,0.8143902681377255,1.0,correct
UBFC_A4_L3_C050_SEED101/Eval_On_PURE,PURE,old,502,31,window,930,1170,31.0,39.0,8.0,46.0,57.0,-11.0,11.0,19.298245614035086,0.43823087968519336,nan,240,-0.0574037185448008,0.9794805604855319,0.007934837020068213,0.7884974698725005,1.0,large_error
UBFC_A4_L3_C050_SEED101/Eval_On_PURE,PURE,old,502,32,window,960,1200,32.0,40.0,8.0,46.0,56.0,-10.0,10.0,17.857142857142858,0.3876373691776729,nan,240,-0.14539491652304104,0.8499884187372327,-0.011738912011743182,0.7366234897845656,1.0,large_error
UBFC_A4_L3_C050_SEED101/Eval_On_PURE,PURE,old,502,33,window,990,1230,33.0,41.0,8.0,88.0,54.0,34.0,34.0,62.96296296296296,0.48994843095999446,nan,240,-0.15470728866587125,0.8755203094776192,-0.011946329819186977,0.8257166751837066,1.0,super_harmonic_1p5x
UBFC_A4_L3_C050_SEED101/Eval_On_PURE,PURE,old,502,34,window,1020,1260,34.0,42.0,8.0,53.0,53.0,0.0,0.0,0.0,0.5926138228609321,nan,240,-0.08261418516956229,0.9579319912704276,0.0057051493944716425,0.8306901088085424,1.0,correct
UBFC_A4_L3_C050_SEED101/Eval_On_PURE,PURE,old,502,35,window,1050,1290,35.0,43.0,8.0,53.0,52.0,1.0,1.0,1.9230769230769231,0.6307210879656756,nan,240,-0.05882596258712268,0.9676385971517621,-0.011851531163008739,0.8677670362029198,1.0,correct
UBFC_A4_L3_C050_SEED101/Eval_On_PURE,PURE,old,502,36,window,1080,1320,36.0,44.0,8.0,92.0,51.0,41.0,41.0,80.3921568627451,0.5889923596966568,nan,240,-0.06250812030359765,1.011679523371169,-0.008552653329181408,0.8616992030894186,1.0,super_harmonic_2x
UBFC_A4_L3_C050_SEED101/Eval_On_PURE,PURE,old,502,37,window,1110,1350,37.0,45.0,8.0,92.0,50.0,42.0,42.0,84.0,0.3814914584634769,nan,240,-0.0631219706538691,0.9677620078451001,-0.006195814673504271,0.843823370953826,1.0,super_harmonic_2x
UBFC_A4_L3_C050_SEED101/Eval_On_PURE,PURE,old,502,38,window,1140,1380,38.0,46.0,8.0,95.0,50.0,45.0,45.0,90.0,0.35831492279158395,nan,240,0.0012632710767044974,0.9495962527766942,-0.0007570608656056262,0.7697165274209703,1.0,super_harmonic_2x
UBFC_A4_L3_C050_SEED101/Eval_On_PURE,PURE,old,502,39,window,1170,1410,39.0,47.0,8.0,94.0,47.0,47.0,47.0,100.0,0.32978921843439635,nan,240,0.06361944883750045,0.9414916862660732,0.005497428108973941,0.8079250691705331,1.0,super_harmonic_2x
UBFC_A4_L3_C050_SEED101/Eval_On_PURE,PURE,old,502,40,window,1200,1440,40.0,48.0,8.0,92.0,49.0,43.0,43.0,87.75510204081633,0.2377273041548354,nan,240,0.152144854018003,0.9456303787097666,-0.0009677435767920082,0.7812609903344134,1.0,super_harmonic_2x
UBFC_A4_L3_C050_SEED101/Eval_On_PURE,PURE,old,502,41,window,1230,1470,41.0,49.0,8.0,90.0,49.0,41.0,41.0,83.6734693877551,0.37903700888119823,nan,240,0.21444804127847678,1.004764505840065,0.016631186508755263,0.7457294227664265,1.0,super_harmonic_2x
UBFC_A4_L3_C050_SEED101/Eval_On_PURE,PURE,old,502,42,window,1260,1500,42.0,50.0,8.0,89.0,49.0,40.0,40.0,81.63265306122449,0.2716567718675103,nan,240,0.13384413877194015,1.0096555866730763,0.009762206096625389,0.764100897617796,1.0,super_harmonic_2x
UBFC_A4_L3_C050_SEED101/Eval_On_PURE,PURE,old,502,43,window,1290,1530,43.0,51.0,8.0,89.0,49.0,40.0,40.0,81.63265306122449,0.23477076665406976,nan,240,0.05833645335286557,1.0526882203514205,-0.0010914404001678983,0.443837382794984,1.0,super_harmonic_2x
UBFC_A4_L3_C050_SEED101/Eval_On_PURE,PURE,old,502,44,window,1320,1560,44.0,52.0,8.0,112.0,49.0,63.0,63.0,128.57142857142858,0.33237462050218775,nan,240,0.057716202169880895,1.0036807187260504,-0.02656195719563679,0.6783235697540949,1.0,super_harmonic_2x
UBFC_A4_L3_C050_SEED101/Eval_On_PURE,PURE,old,502,45,window,1350,1590,45.0,53.0,8.0,52.0,52.0,0.0,0.0,0.0,0.43756362308778074,nan,240,0.08834513108307332,0.989678439213523,0.019212121375981116,0.6750652550011571,1.0,correct
UBFC_A4_L3_C050_SEED101/Eval_On_PURE,PURE,old,502,46,window,1380,1620,46.0,54.0,8.0,105.0,52.0,53.0,53.0,101.92307692307692,0.5230458546175619,nan,240,0.19167524260023797,1.067080904520938,0.007114717108774113,0.8091383932359899,1.0,super_harmonic_2x
UBFC_A4_L3_C050_SEED101/Eval_On_PURE,PURE,old,502,47,window,1410,1650,47.0,55.0,8.0,105.0,50.0,55.0,55.0,110.00000000000001,0.32099928226211155,nan,240,0.4324535828977066,1.4369373017250953,0.005965893868570647,0.8085443182016973,1.0,super_harmonic_2x
UBFC_A4_L3_C050_SEED101/Eval_On_PURE,PURE,old,502,48,window,1440,1680,48.0,56.0,8.0,99.0,49.0,50.0,50.0,102.04081632653062,0.310039031095162,nan,240,0.2949325315288316,1.4946426915100295,-0.0010180809696965739,0.6798684472202221,1.0,super_harmonic_2x
UBFC_A4_L3_C050_SEED101/Eval_On_PURE,PURE,old,502,49,window,1470,1710,49.0,57.0,8.0,96.0,49.0,47.0,47.0,95.91836734693877,0.2638697764339296,nan,240,0.176624366533356,1.4685421690035723,-0.018689836593877525,0.8216310023453242,1.0,super_harmonic_2x
UBFC_A4_L3_C050_SEED101/Eval_On_PURE,PURE,old,502,50,window,1500,1740,50.0,58.0,8.0,97.0,48.0,49.0,49.0,102.08333333333333,0.23952487109138149,nan,240,0.1710945717284057,1.4270677785037227,-0.0031337013404067397,0.7953217643317507,1.0,super_harmonic_2x
UBFC_A4_L3_C050_SEED101/Eval_On_PURE,PURE,old,502,51,window,1530,1770,51.0,59.0,8.0,67.0,48.0,19.0,19.0,39.58333333333333,0.2710970871166759,nan,240,0.20735035725407053,1.3751397184356333,0.025918657383273182,0.8705256097427416,1.0,super_harmonic_1p5x
UBFC_A4_L3_C050_SEED101/Eval_On_PURE,PURE,old,502,52,window,1560,1800,52.0,60.0,8.0,110.0,47.0,63.0,63.0,134.04255319148936,0.17284917533806607,nan,240,0.14581453539727976,1.3863801188561633,0.040426485083693064,0.7186766342181119,1.0,super_harmonic_2x
UBFC_A4_L3_C050_SEED101/Eval_On_PURE,PURE,old,502,53,window,1590,1830,53.0,61.0,8.0,180.0,48.0,132.0,132.0,275.0,0.1918034693600386,nan,240,0.10171930377438503,1.4064106676331751,0.03162780714625435,0.4905851171263314,1.0,large_error
UBFC_A4_L3_C050_SEED101/Eval_On_PURE,PURE,old,502,54,window,1620,1860,54.0,62.0,8.0,179.0,50.0,129.0,129.0,258.0,0.21594934220163917,nan,240,-0.041102686397056276,1.3339588120890118,-0.00019844698976553647,0.5291836941637816,1.0,large_error
UBFC_A4_L3_C050_SEED101/Eval_On_PURE,PURE,old,502,55,window,1650,1890,55.0,63.0,8.0,112.0,54.0,58.0,58.0,107.40740740740742,0.20931203095478973,nan,240,-0.33936638062467744,0.7454841232172945,0.011689995703858841,0.5710287131847313,1.0,super_harmonic_2x
UBFC_A4_L3_C050_SEED101/Eval_On_PURE,PURE,old,502,56,window,1680,1920,56.0,64.0,8.0,179.0,56.0,123.0,123.0,219.64285714285717,0.2041353156805069,nan,240,-0.2463841071061507,0.6859727797776053,0.029794371696382705,0.5712075708486324,1.0,super_harmonic_2x
UBFC_A4_L3_C050_SEED101/Eval_On_PURE,PURE,old,503,0,window,0,240,0.0,8.0,8.0,52.0,52.0,0.0,0.0,0.0,0.7605928586779586,nan,240,0.04877037772604535,1.0438562859125502,0.029683160064232363,0.8336115596158574,1.0,correct
UBFC_A4_L3_C050_SEED101/Eval_On_PURE,PURE,old,503,1,window,30,270,1.0,9.0,8.0,52.0,52.0,0.0,0.0,0.0,0.6982554230740796,nan,240,-0.0757388619822609,1.0316410859125713,0.0024704119975379173,0.8524933958311242,1.0,correct
UBFC_A4_L3_C050_SEED101/Eval_On_PURE,PURE,old,503,2,window,60,300,2.0,10.0,8.0,53.0,51.0,2.0,2.0,3.9215686274509802,0.6891683920300058,nan,240,-0.13150837198262352,0.9916927048954322,0.019537684776650195,0.876345568175928,1.0,correct
UBFC_A4_L3_C050_SEED101/Eval_On_PURE,PURE,old,503,3,window,90,330,3.0,11.0,8.0,52.0,51.0,1.0,1.0,1.9607843137254901,0.6708539735031257,nan,240,-0.16783124792959805,0.9580062094990925,0.019692537383403284,0.8537919570904908,1.0,correct
UBFC_A4_L3_C050_SEED101/Eval_On_PURE,PURE,old,503,4,window,120,360,4.0,12.0,8.0,99.0,50.0,49.0,49.0,98.0,0.6307252113456115,nan,240,-0.2544489420507799,0.8980030949225393,0.0013161671534016892,0.8482817985792618,1.0,super_harmonic_2x
UBFC_A4_L3_C050_SEED101/Eval_On_PURE,PURE,old,503,5,window,150,390,5.0,13.0,8.0,99.0,49.0,50.0,50.0,102.04081632653062,0.5798055396362725,nan,240,-0.30363073520315165,0.8806227672990645,0.008863441509513207,0.8491767091635509,1.0,super_harmonic_2x
UBFC_A4_L3_C050_SEED101/Eval_On_PURE,PURE,old,503,6,window,180,420,6.0,14.0,8.0,97.0,49.0,48.0,48.0,97.95918367346938,0.6438536835355185,nan,240,-0.3789338343367336,0.8129887222014439,-0.011559731408474641,0.8287426389196157,1.0,super_harmonic_2x
UBFC_A4_L3_C050_SEED101/Eval_On_PURE,PURE,old,503,7,window,210,450,7.0,15.0,8.0,96.0,48.0,48.0,48.0,100.0,0.48124136057737804,nan,240,-0.3579846165038669,0.7653182989553903,0.0023114706906587883,0.7284706896653443,1.0,super_harmonic_2x
UBFC_A4_L3_C050_SEED101/Eval_On_PURE,PURE,old,503,8,window,240,480,8.0,16.0,8.0,90.0,49.0,41.0,41.0,83.6734693877551,0.39408955447186844,nan,240,-0.2715512671519265,0.7936845798574397,0.008085984664412542,0.5082304275710593,1.0,super_harmonic_2x
UBFC_A4_L3_C050_SEED101/Eval_On_PURE,PURE,old,503,9,window,270,510,9.0,17.0,8.0,90.0,49.0,41.0,41.0,83.6734693877551,0.45471830907374433,nan,240,-0.15262454356876576,0.7949049206136137,0.0028341012432287595,0.6722408470005747,1.0,super_harmonic_2x
UBFC_A4_L3_C050_SEED101/Eval_On_PURE,PURE,old,503,10,window,300,540,10.0,18.0,8.0,89.0,50.0,39.0,39.0,78.0,0.43117916447096977,nan,240,-0.10336622994614278,0.8234003493550653,0.03250238085839132,0.7703148152859844,1.0,super_harmonic_2x
UBFC_A4_L3_C050_SEED101/Eval_On_PURE,PURE,old,503,11,window,330,570,11.0,19.0,8.0,50.0,51.0,-1.0,1.0,1.9607843137254901,0.6213027892040097,nan,240,-0.05612179597240405,0.8599944860987926,0.006747012249595023,0.6631940958201196,1.0,correct
UBFC_A4_L3_C050_SEED101/Eval_On_PURE,PURE,old,503,12,window,360,600,12.0,20.0,8.0,53.0,52.0,1.0,1.0,1.9230769230769231,0.7108442381365236,nan,240,-0.029242241695068245,0.8759537030130915,0.013565740532343658,0.7770402067792342,1.0,correct
UBFC_A4_L3_C050_SEED101/Eval_On_PURE,PURE,old,503,13,window,390,630,13.0,21.0,8.0,53.0,52.0,1.0,1.0,1.9230769230769231,0.6439205175058739,nan,240,-0.0004566320678383732,0.8554402897929019,0.005061635359997018,0.8706029331722165,1.0,correct
UBFC_A4_L3_C050_SEED101/Eval_On_PURE,PURE,old,503,14,window,420,660,14.0,22.0,8.0,53.0,51.0,2.0,2.0,3.9215686274509802,0.6836091891215773,nan,240,0.07259259139652621,0.8733069440989993,0.025762514685352216,0.8652084704216492,1.0,correct
UBFC_A4_L3_C050_SEED101/Eval_On_PURE,PURE,old,503,15,window,450,690,15.0,23.0,8.0,53.0,52.0,1.0,1.0,1.9230769230769231,0.7716082902555359,nan,240,0.10099559867249983,0.8803074332226392,-0.005417801983648337,0.8358888264075132,1.0,correct
UBFC_A4_L3_C050_SEED101/Eval_On_PURE,PURE,old,503,16,window,480,720,16.0,24.0,8.0,53.0,52.0,1.0,1.0,1.9230769230769231,0.806692335451752,nan,240,0.0650657596863612,0.8905473049282926,-0.0037783502043453004,0.8255287018137433,1.0,correct
UBFC_A4_L3_C050_SEED101/Eval_On_PURE,PURE,old,503,17,window,510,750,17.0,25.0,8.0,52.0,51.0,1.0,1.0,1.9607843137254901,0.7866180818366809,nan,240,0.044495666001557424,0.8837321116685667,0.0013190535667907326,0.8255104557364547,1.0,correct
UBFC_A4_L3_C050_SEED101/Eval_On_PURE,PURE,old,503,18,window,540,780,18.0,26.0,8.0,52.0,51.0,1.0,1.0,1.9607843137254901,0.8027651342410859,nan,240,0.003574605433123316,0.8817617833390509,-0.005094174649098515,0.7927455917149505,1.0,correct
UBFC_A4_L3_C050_SEED101/Eval_On_PURE,PURE,old,503,19,window,570,810,19.0,27.0,8.0,52.0,52.0,0.0,0.0,0.0,0.8410503381055835,nan,240,-0.03694993997128112,0.9003216262605443,0.010051464204281168,0.8105283656872689,1.0,correct
UBFC_A4_L3_C050_SEED101/Eval_On_PURE,PURE,old,503,20,window,600,840,20.0,28.0,8.0,53.0,52.0,1.0,1.0,1.9230769230769231,0.8161745766542636,nan,240,-0.06426426964777175,0.8686622229516876,0.0034285952072923027,0.7700134287019407,1.0,correct
UBFC_A4_L3_C050_SEED101/Eval_On_PURE,PURE,old,503,21,window,630,870,21.0,29.0,8.0,52.0,52.0,0.0,0.0,0.0,0.7953399203007475,nan,240,-0.06294603063753478,0.8688845894824822,0.008269848437991867,0.8054075083042294,1.0,correct
UBFC_A4_L3_C050_SEED101/Eval_On_PURE,PURE,old,503,22,window,660,900,22.0,30.0,8.0,51.0,52.0,-1.0,1.0,1.9230769230769231,0.7641842870168231,nan,240,-0.04229941648248028,0.8700468853972884,0.019428692091355653,0.7983504283536305,1.0,correct
UBFC_A4_L3_C050_SEED101/Eval_On_PURE,PURE,old,503,23,window,690,930,23.0,31.0,8.0,51.0,51.0,0.0,0.0,0.0,0.6231625118652325,nan,240,-0.026094467805188856,0.918056972313237,0.0032900688574911017,0.8211343657626144,1.0,correct
UBFC_A4_L3_C050_SEED101/Eval_On_PURE,PURE,old,503,24,window,720,960,24.0,32.0,8.0,50.0,50.0,0.0,0.0,0.0,0.6205112580163179,nan,240,-0.034080422336861135,0.9177041674330394,0.0110671022691126,0.845159378620812,1.0,correct
UBFC_A4_L3_C050_SEED101/Eval_On_PURE,PURE,old,503,25,window,750,990,25.0,33.0,8.0,52.0,50.0,2.0,2.0,4.0,0.4908721947987399,nan,240,-0.03705080786388561,0.9322569718227023,0.0004700919432164108,0.8120037052754512,1.0,correct
UBFC_A4_L3_C050_SEED101/Eval_On_PURE,PURE,old,503,26,window,780,1020,26.0,34.0,8.0,51.0,49.0,2.0,2.0,4.081632653061225,0.5890307273362225,nan,240,-0.07377367717808199,0.9265269342509426,-0.011891854056068648,0.7763493124381389,1.0,correct
UBFC_A4_L3_C050_SEED101/Eval_On_PURE,PURE,old,503,27,window,810,1050,27.0,35.0,8.0,53.0,49.0,4.0,4.0,8.16326530612245,0.4536953554235387,nan,240,-0.012098178155603042,0.9286939089292067,0.007838939250701853,0.6357534024367535,1.0,large_error
UBFC_A4_L3_C050_SEED101/Eval_On_PURE,PURE,old,503,28,window,840,1080,28.0,36.0,8.0,51.0,49.0,2.0,2.0,4.081632653061225,0.46064089287902654,nan,240,0.0648988059330856,0.9589883075632945,0.006419234281016513,0.4570791331718288,1.0,correct
UBFC_A4_L3_C050_SEED101/Eval_On_PURE,PURE,old,503,29,window,870,1110,29.0,37.0,8.0,97.0,49.0,48.0,48.0,97.95918367346938,0.32520023267367404,nan,240,0.11965268060102201,1.022339965028913,-0.009118844653535891,0.7107321490281312,1.0,super_harmonic_2x
UBFC_A4_L3_C050_SEED101/Eval_On_PURE,PURE,old,503,30,window,900,1140,30.0,38.0,8.0,46.0,50.0,-4.0,4.0,8.0,0.5235519092870194,nan,240,0.09809129900614638,1.036011219360914,0.01431060277793036,0.7173567784907224,1.0,large_error
UBFC_A4_L3_C050_SEED101/Eval_On_PURE,PURE,old,503,31,window,930,1170,31.0,39.0,8.0,47.0,50.0,-3.0,3.0,6.0,0.6023192940175871,nan,240,0.08248460127809105,1.0293837775525605,-0.004426730604458751,0.6450965992770754,1.0,correct
UBFC_A4_L3_C050_SEED101/Eval_On_PURE,PURE,old,503,32,window,960,1200,32.0,40.0,8.0,46.0,49.0,-3.0,3.0,6.122448979591836,0.6013301834400688,nan,240,0.06656486526264553,1.0168412624385836,-0.009107350349998104,0.6081301745986828,1.0,correct
UBFC_A4_L3_C050_SEED101/Eval_On_PURE,PURE,old,503,33,window,990,1230,33.0,41.0,8.0,48.0,49.0,-1.0,1.0,2.0408163265306123,0.6645509936033998,nan,240,0.14210100401017503,1.032522307069246,-0.0010300890845154175,0.6834707938079785,1.0,correct
UBFC_A4_L3_C050_SEED101/Eval_On_PURE,PURE,old,503,34,window,1020,1260,34.0,42.0,8.0,47.0,50.0,-3.0,3.0,6.0,0.6281149412786382,nan,240,0.24975487104405536,1.0739582824845297,-0.007168242066096157,0.648870056917741,1.0,correct
UBFC_A4_L3_C050_SEED101/Eval_On_PURE,PURE,old,503,35,window,1050,1290,35.0,43.0,8.0,49.0,50.0,-1.0,1.0,2.0,0.7201503064695242,nan,240,0.20438866679466425,1.1140258286509834,0.02264712015026437,0.6779898835372782,1.0,correct
UBFC_A4_L3_C050_SEED101/Eval_On_PURE,PURE,old,503,36,window,1080,1320,36.0,44.0,8.0,51.0,50.0,1.0,1.0,2.0,0.6592537751348717,nan,240,0.12194829470855911,1.1305243625666193,0.007774893644452315,0.5919876514414899,1.0,correct
UBFC_A4_L3_C050_SEED101/Eval_On_PURE,PURE,old,503,37,window,1110,1350,37.0,45.0,8.0,52.0,50.0,2.0,2.0,4.0,0.6672763271211128,nan,240,0.06251275854252626,1.0967882836440157,0.0017600506910896837,0.5592631508386515,1.0,correct
UBFC_A4_L3_C050_SEED101/Eval_On_PURE,PURE,old,503,38,window,1140,1380,38.0,46.0,8.0,53.0,51.0,2.0,2.0,3.9215686274509802,0.6756697050513085,nan,240,0.017602198911448704,1.0948636021703109,0.008387524844091958,0.5790888266946167,1.0,correct
UBFC_A4_L3_C050_SEED101/Eval_On_PURE,PURE,old,503,39,window,1170,1410,39.0,47.0,8.0,53.0,51.0,2.0,2.0,3.9215686274509802,0.6393427502728415,nan,240,-0.0322056708157048,1.0611929482733597,-0.004091245209251523,0.47370316531574713,1.0,correct
UBFC_A4_L3_C050_SEED101/Eval_On_PURE,PURE,old,503,40,window,1200,1440,40.0,48.0,8.0,52.0,51.0,1.0,1.0,1.9607843137254901,0.6928800286118784,nan,240,0.007960619659796154,1.0735051834363556,-0.001579517699428238,0.561427241948068,1.0,correct
UBFC_A4_L3_C050_SEED101/Eval_On_PURE,PURE,old,503,41,window,1230,1470,41.0,49.0,8.0,52.0,50.0,2.0,2.0,4.0,0.6990222897922936,nan,240,-0.04117595685106412,1.0604492438080977,-0.0031810780322313586,0.7249662208637271,1.0,correct
UBFC_A4_L3_C050_SEED101/Eval_On_PURE,PURE,old,503,42,window,1260,1500,42.0,50.0,8.0,50.0,50.0,0.0,0.0,0.0,0.6251803960439629,nan,240,-0.09894543368753897,1.0460006166149225,0.01880784468592543,0.6125374379933529,1.0,correct
UBFC_A4_L3_C050_SEED101/Eval_On_PURE,PURE,old,503,43,window,1290,1530,43.0,51.0,8.0,50.0,49.0,1.0,1.0,2.0408163265306123,0.5969418702628041,nan,240,-0.06762421393243824,1.0055164525588092,-0.007822718752836055,0.5519437838683424,1.0,correct
UBFC_A4_L3_C050_SEED101/Eval_On_PURE,PURE,old,503,44,window,1320,1560,44.0,52.0,8.0,49.0,49.0,0.0,0.0,0.0,0.7312869012252222,nan,240,-0.030856127976728587,0.9760227040879684,-0.004710603022553444,0.6187980522346026,1.0,correct
UBFC_A4_L3_C050_SEED101/Eval_On_PURE,PURE,old,503,45,window,1350,1590,45.0,53.0,8.0,48.0,49.0,-1.0,1.0,2.0408163265306123,0.5712018993157993,nan,240,0.07043958361991334,1.0142595791248783,-0.007085496937681056,0.6368003572314838,1.0,correct
UBFC_A4_L3_C050_SEED101/Eval_On_PURE,PURE,old,503,46,window,1380,1620,46.0,54.0,8.0,51.0,49.0,2.0,2.0,4.081632653061225,0.5821115273563322,nan,240,0.1784621401922767,1.0561211079833097,0.01098836619555534,0.5402347470543932,1.0,correct
UBFC_A4_L3_C050_SEED101/Eval_On_PURE,PURE,old,503,47,window,1410,1650,47.0,55.0,8.0,48.0,50.0,-2.0,2.0,4.0,0.5513197236387699,nan,240,0.23490642161212777,1.0752013302053545,0.02818968345512923,0.4607353304015236,1.0,correct
UBFC_A4_L3_C050_SEED101/Eval_On_PURE,PURE,old,503,48,window,1440,1680,48.0,56.0,8.0,47.0,50.0,-3.0,3.0,6.0,0.5556290147317393,nan,240,0.17943951528957697,1.125141107499169,0.007195524376695074,0.4582234434050595,1.0,correct
UBFC_A4_L3_C050_SEED101/Eval_On_PURE,PURE,old,503,49,window,1470,1710,49.0,57.0,8.0,49.0,49.0,0.0,0.0,0.0,0.5968181705325601,nan,240,0.08104114695290153,1.138437516724478,-0.006237227416551801,0.35888739493444055,1.0,correct
UBFC_A4_L3_C050_SEED101/Eval_On_PURE,PURE,old,503,50,window,1500,1740,50.0,58.0,8.0,49.0,49.0,0.0,0.0,0.0,0.6071154807437563,nan,240,0.055549395749667684,1.1051085191587557,-0.005220543902163847,0.3025680761256519,1.0,correct
UBFC_A4_L3_C050_SEED101/Eval_On_PURE,PURE,old,503,51,window,1530,1770,51.0,59.0,8.0,49.0,48.0,1.0,1.0,2.083333333333333,0.5595576132294038,nan,240,0.034614090729572784,1.0976590056408528,-0.002436451460164557,0.34643618956568756,1.0,correct
UBFC_A4_L3_C050_SEED101/Eval_On_PURE,PURE,old,503,52,window,1560,1800,52.0,60.0,8.0,47.0,48.0,-1.0,1.0,2.083333333333333,0.6722724883664122,nan,240,0.026878566827812495,1.1270644616534975,0.006607653665851032,0.2940725404291108,1.0,correct
UBFC_A4_L3_C050_SEED101/Eval_On_PURE,PURE,old,503,53,window,1590,1830,53.0,61.0,8.0,49.0,48.0,1.0,1.0,2.083333333333333,0.592934410328964,nan,240,-0.07522408790966092,1.0820689991052097,-6.105163885223863e-05,0.35528176776738724,1.0,correct
UBFC_A4_L3_C050_SEED101/Eval_On_PURE,PURE,old,503,54,window,1620,1860,54.0,62.0,8.0,47.0,48.0,-1.0,1.0,2.083333333333333,0.6386825983981751,nan,240,-0.17488504400548285,1.0098588840724574,-0.025396418019100035,0.514303466530194,1.0,correct
UBFC_A4_L3_C050_SEED101/Eval_On_PURE,PURE,old,503,55,window,1650,1890,55.0,63.0,8.0,49.0,49.0,0.0,0.0,0.0,0.6091602821516094,nan,240,-0.18690571424131003,0.9929535819467795,0.008278979812856486,0.3231693345812583,1.0,correct
UBFC_A4_L3_C050_SEED101/Eval_On_PURE,PURE,old,503,56,window,1680,1920,56.0,64.0,8.0,45.0,49.0,-4.0,4.0,8.16326530612245,0.484683215725597,nan,240,-0.1311605516632998,0.9528267517096376,-0.01604934390908555,0.34629519230862205,1.0,large_error
UBFC_A4_L3_C050_SEED101/Eval_On_PURE,PURE,old,503,57,window,1710,1950,57.0,65.0,8.0,52.0,49.0,3.0,3.0,6.122448979591836,0.6571120168408587,nan,240,-0.045036762395557234,0.9420571606316686,0.013162742023122618,0.7255318642193664,1.0,correct
UBFC_A4_L3_C050_SEED101/Eval_On_PURE,PURE,old,503,58,window,1740,1980,58.0,66.0,8.0,76.0,50.0,26.0,26.0,52.0,0.5132010122658714,nan,240,-0.0013053136469885892,0.9537348228634901,0.017065418683247905,0.6402772888012683,1.0,super_harmonic_1p5x
UBFC_A4_L3_C050_SEED101/Eval_On_PURE,PURE,old,503,59,window,1770,2010,59.0,67.0,8.0,76.0,50.0,26.0,26.0,52.0,0.5434972255157959,nan,240,-0.042967231495582,0.9641723947584413,0.0124159582087434,0.7172426470385183,1.0,super_harmonic_1p5x
UBFC_A4_L3_C050_SEED101/Eval_On_PURE,PURE,old,503,60,window,1800,2040,60.0,68.0,8.0,74.0,50.0,24.0,24.0,48.0,0.4458964026102552,nan,240,-0.07606929128561842,0.9350163398289382,-0.001182808465480525,0.7366623298760476,1.0,super_harmonic_1p5x
UBFC_A4_L3_C050_SEED101/Eval_On_PURE,PURE,old,503,61,window,1830,2070,61.0,69.0,8.0,97.0,50.0,47.0,47.0,94.0,0.3628703786719333,nan,240,-0.07943271377347828,0.9340197001361579,0.043334802394819745,0.6454062277695529,1.0,super_harmonic_2x
UBFC_A4_L3_C050_SEED101/Eval_On_PURE,PURE,old,503,62,window,1860,2100,62.0,70.0,8.0,71.0,50.0,21.0,21.0,42.0,0.41491751451693426,nan,240,-0.025524042481498605,0.9580398240760294,-0.01170869666092615,0.496446530318135,1.0,super_harmonic_1p5x
UBFC_A4_L3_C050_SEED101/Eval_On_PURE,PURE,old,503,63,window,1890,2130,63.0,71.0,8.0,47.0,49.0,-2.0,2.0,4.081632653061225,0.5280992525688396,nan,240,-0.030028315616741533,0.963025160082818,0.02403467157510279,0.5478922764527822,1.0,correct
UBFC_A4_L3_C050_SEED101/Eval_On_PURE,PURE,old,503,64,window,1920,2160,64.0,72.0,8.0,83.0,50.0,33.0,33.0,66.0,0.47221730676632917,nan,240,-0.006672181174155748,1.0047306039095794,0.025417118481506882,0.6548663701662867,1.0,super_harmonic_1p5x
UBFC_A4_L3_C050_SEED101/Eval_On_PURE,PURE,old,503,65,window,1950,2190,65.0,73.0,8.0,52.0,50.0,2.0,2.0,4.0,0.742339298054953,nan,240,0.000802477488112574,1.0528620357762524,0.003860014767373073,0.5509363724453418,1.0,correct
UBFC_A4_L3_C050_SEED101/Eval_On_PURE,PURE,old,503,66,window,1980,2220,66.0,74.0,8.0,51.0,50.0,1.0,1.0,2.0,0.7614511908714836,nan,240,-0.020108480109629904,1.045905332506164,-0.00685227510668183,0.4309114034090256,1.0,correct
UBFC_A4_L3_C050_SEED101/Eval_On_PURE,PURE,old,504,0,window,0,240,0.0,8.0,8.0,76.0,56.0,20.0,20.0,35.714285714285715,-0.031444190736782944,nan,240,-0.06106594362755628,1.0510111015843524,0.02377763877371638,0.7147300772399512,1.0,super_harmonic_1p5x
UBFC_A4_L3_C050_SEED101/Eval_On_PURE,PURE,old,504,1,window,30,270,1.0,9.0,8.0,57.0,55.0,2.0,2.0,3.6363636363636362,0.36820994108076044,nan,240,-0.04470880763449832,1.0369982427958435,-0.03368868223466135,0.7515923590363924,1.0,correct
UBFC_A4_L3_C050_SEED101/Eval_On_PURE,PURE,old,504,2,window,60,300,2.0,10.0,8.0,46.0,55.0,-9.0,9.0,16.363636363636363,0.35459934924251274,nan,240,-0.06972502631061149,1.0392242203470994,-0.020814842868576672,0.6802769963336056,1.0,large_error
UBFC_A4_L3_C050_SEED101/Eval_On_PURE,PURE,old,504,3,window,90,330,3.0,11.0,8.0,74.0,54.0,20.0,20.0,37.03703703703704,0.43733676872143856,nan,240,-0.11983669074548384,0.9918339351901396,0.0031501211637444794,0.7113763626008579,1.0,super_harmonic_1p5x
UBFC_A4_L3_C050_SEED101/Eval_On_PURE,PURE,old,504,4,window,120,360,4.0,12.0,8.0,55.0,53.0,2.0,2.0,3.7735849056603774,0.43396330301869956,nan,240,-0.08683088253745991,0.9784361312928117,-0.009423346055153835,0.48883714514350024,1.0,correct
UBFC_A4_L3_C050_SEED101/Eval_On_PURE,PURE,old,504,5,window,150,390,5.0,13.0,8.0,80.0,52.0,28.0,28.0,53.84615384615385,0.016993103089703705,nan,240,-0.08525265960892323,0.9691828803827706,-0.01631044005986139,0.5608656098866683,1.0,super_harmonic_1p5x
UBFC_A4_L3_C050_SEED101/Eval_On_PURE,PURE,old,504,6,window,180,420,6.0,14.0,8.0,54.0,52.0,2.0,2.0,3.8461538461538463,0.40542213811394573,nan,240,-0.10157081393309625,0.9319326361820917,0.001112610154381912,0.4796636471591519,1.0,correct
UBFC_A4_L3_C050_SEED101/Eval_On_PURE,PURE,old,504,7,window,210,450,7.0,15.0,8.0,40.0,51.0,-11.0,11.0,21.568627450980394,0.2847927535012147,nan,240,-0.19561044469953667,0.9465440594309303,-0.010674348055579434,0.491559400810346,1.0,large_error
UBFC_A4_L3_C050_SEED101/Eval_On_PURE,PURE,old,504,8,window,240,480,8.0,16.0,8.0,63.0,52.0,11.0,11.0,21.153846153846153,0.015673100338784624,nan,240,-0.1422625240580788,0.8419178234722973,0.009731395630796067,0.43743466510222834,1.0,large_error
UBFC_A4_L3_C050_SEED101/Eval_On_PURE,PURE,old,504,9,window,270,510,9.0,17.0,8.0,40.0,53.0,-13.0,13.0,24.528301886792452,-0.054736314369831285,nan,240,-0.14158622612682967,0.824141804095111,-0.0207551095744543,0.47979158047533355,1.0,large_error
UBFC_A4_L3_C050_SEED101/Eval_On_PURE,PURE,old,504,10,window,300,540,10.0,18.0,8.0,44.0,54.0,-10.0,10.0,18.51851851851852,0.15585233661038364,nan,240,-0.157371468957671,0.8643846389928588,0.017044644930972838,0.5765933909421141,1.0,large_error
UBFC_A4_L3_C050_SEED101/Eval_On_PURE,PURE,old,504,11,window,330,570,11.0,19.0,8.0,68.0,54.0,14.0,14.0,25.925925925925924,0.038010262567936756,nan,240,-0.10342861611278592,0.8982105536798849,0.007041872701070804,0.496937916666673,1.0,super_harmonic_1p5x
UBFC_A4_L3_C050_SEED101/Eval_On_PURE,PURE,old,504,12,window,360,600,12.0,20.0,8.0,40.0,55.0,-15.0,15.0,27.27272727272727,0.06045962535141639,nan,240,-0.08365421676236141,0.9025210262501527,-0.021477220920723277,0.5529504987639975,1.0,large_error
UBFC_A4_L3_C050_SEED101/Eval_On_PURE,PURE,old,504,13,window,390,630,13.0,21.0,8.0,55.0,55.0,0.0,0.0,0.0,0.1100929691934577,nan,240,-0.023984266559187988,0.8955489831490081,0.02057051946781939,0.5109369870315059,1.0,correct
UBFC_A4_L3_C050_SEED101/Eval_On_PURE,PURE,old,504,14,window,420,660,14.0,22.0,8.0,82.0,56.0,26.0,26.0,46.42857142857143,0.2375921753282777,nan,240,0.07951225875199519,0.967482474293032,0.009662842232473568,0.6522102974327844,1.0,super_harmonic_1p5x
UBFC_A4_L3_C050_SEED101/Eval_On_PURE,PURE,old,504,15,window,450,690,15.0,23.0,8.0,67.0,55.0,12.0,12.0,21.818181818181817,0.2626337066625101,nan,240,0.17888081002946243,0.9009224358287554,-0.005901767547639143,0.5374010540734839,1.0,large_error
UBFC_A4_L3_C050_SEED101/Eval_On_PURE,PURE,old,504,16,window,480,720,16.0,24.0,8.0,65.0,55.0,10.0,10.0,18.181818181818183,0.18230332688716663,nan,240,0.22890022108834582,0.8852121763253633,-0.00834281635874747,0.6071911088135904,1.0,large_error
UBFC_A4_L3_C050_SEED101/Eval_On_PURE,PURE,old,504,17,window,510,750,17.0,25.0,8.0,65.0,54.0,11.0,11.0,20.37037037037037,0.14171982271405717,nan,240,0.14850796566618216,0.9340212781771584,0.00942309378255315,0.4810884677199293,1.0,large_error
UBFC_A4_L3_C050_SEED101/Eval_On_PURE,PURE,old,504,18,window,540,780,18.0,26.0,8.0,65.0,54.0,11.0,11.0,20.37037037037037,0.12837619672262052,nan,240,0.10504291880401243,0.9175540890338906,-0.020325178493187702,0.5694886194321696,1.0,large_error
UBFC_A4_L3_C050_SEED101/Eval_On_PURE,PURE,old,504,19,window,570,810,19.0,27.0,8.0,66.0,53.0,13.0,13.0,24.528301886792452,0.3411384865669953,nan,240,0.04478542444438256,0.8928827517933783,-0.0012383051315214878,0.530481442603011,1.0,large_error
UBFC_A4_L3_C050_SEED101/Eval_On_PURE,PURE,old,504,20,window,600,840,20.0,28.0,8.0,67.0,53.0,14.0,14.0,26.41509433962264,0.26061735155878085,nan,240,-0.012496533997810744,0.868277106666475,-0.019096735342265067,0.7077273903665054,1.0,super_harmonic_1p5x
UBFC_A4_L3_C050_SEED101/Eval_On_PURE,PURE,old,504,21,window,630,870,21.0,29.0,8.0,68.0,53.0,15.0,15.0,28.30188679245283,0.08747487567978086,nan,240,-0.0325260153910123,0.87094366871896,0.008209832296479641,0.6199586322191345,1.0,super_harmonic_1p5x
UBFC_A4_L3_C050_SEED101/Eval_On_PURE,PURE,old,504,22,window,660,900,22.0,30.0,8.0,68.0,55.0,13.0,13.0,23.636363636363637,0.0371276095352644,nan,240,-0.14746730593777,0.8074971892560565,0.0031959089206579304,0.6133470453423449,1.0,large_error
UBFC_A4_L3_C050_SEED101/Eval_On_PURE,PURE,old,504,23,window,690,930,23.0,31.0,8.0,68.0,54.0,14.0,14.0,25.925925925925924,0.11599243711034656,nan,240,-0.10069416383334033,0.9086937290380889,0.011919052937954092,0.7242742629129924,1.0,super_harmonic_1p5x
UBFC_A4_L3_C050_SEED101/Eval_On_PURE,PURE,old,504,24,window,720,960,24.0,32.0,8.0,53.0,54.0,-1.0,1.0,1.8518518518518516,0.4281784013499953,nan,240,-0.08664200128398651,0.9424797878696505,0.005418832625654372,0.7339045759765891,1.0,correct
UBFC_A4_L3_C050_SEED101/Eval_On_PURE,PURE,old,504,25,window,750,990,25.0,33.0,8.0,54.0,52.0,2.0,2.0,3.8461538461538463,0.42276724784498243,nan,240,-0.13916596026592612,0.9504630372745664,0.011405151112400471,0.7810582391744644,1.0,correct
UBFC_A4_L3_C050_SEED101/Eval_On_PURE,PURE,old,504,26,window,780,1020,26.0,34.0,8.0,59.0,51.0,8.0,8.0,15.686274509803921,0.11182184443038791,nan,240,-0.14104067718473237,0.905567818865552,0.007453358258126292,0.84022700444562,1.0,large_error
UBFC_A4_L3_C050_SEED101/Eval_On_PURE,PURE,old,504,27,window,810,1050,27.0,35.0,8.0,60.0,50.0,10.0,10.0,20.0,-0.008983777290032033,nan,240,-0.10813276059906976,0.9163152772035269,-0.006105400555303027,0.7691398506857862,1.0,large_error
UBFC_A4_L3_C050_SEED101/Eval_On_PURE,PURE,old,504,28,window,840,1080,28.0,36.0,8.0,61.0,51.0,10.0,10.0,19.607843137254903,0.08936227925046916,nan,240,-0.11281746285648224,0.9913379845669064,-0.009299293078817572,0.6742634114808871,1.0,large_error
UBFC_A4_L3_C050_SEED101/Eval_On_PURE,PURE,old,504,29,window,870,1110,29.0,37.0,8.0,47.0,50.0,-3.0,3.0,6.0,0.03313768496692803,nan,240,-0.13959845264714202,1.008246387031074,0.013474653285650165,0.5607312114357588,1.0,correct
UBFC_A4_L3_C050_SEED101/Eval_On_PURE,PURE,old,504,30,window,900,1140,30.0,38.0,8.0,60.0,51.0,9.0,9.0,17.647058823529413,0.06740407676682302,nan,240,-0.047914539541757305,1.0325952629539739,0.002963818529165981,0.7113205294087314,1.0,large_error
UBFC_A4_L3_C050_SEED101/Eval_On_PURE,PURE,old,504,31,window,930,1170,31.0,39.0,8.0,61.0,52.0,9.0,9.0,17.307692307692307,0.1127270296691684,nan,240,-0.14582890931087886,0.9747568222566029,-0.01324021007113137,0.7169978490297058,1.0,large_error
UBFC_A4_L3_C050_SEED101/Eval_On_PURE,PURE,old,504,32,window,960,1200,32.0,40.0,8.0,61.99999999999999,53.0,8.999999999999993,8.999999999999993,16.981132075471685,0.15428264087112015,nan,240,-0.18265676808134623,0.9894065377558428,0.00046963028761361675,0.6887374100896558,1.0,large_error
UBFC_A4_L3_C050_SEED101/Eval_On_PURE,PURE,old,504,33,window,990,1230,33.0,41.0,8.0,60.0,53.0,7.0,7.0,13.20754716981132,0.14269189202661778,nan,240,-0.09364363395585859,0.9810516478699165,-0.001685546622926263,0.646981454867589,1.0,large_error
UBFC_A4_L3_C050_SEED101/Eval_On_PURE,PURE,old,504,34,window,1020,1260,34.0,42.0,8.0,60.0,52.0,8.0,8.0,15.384615384615385,0.050315057432929154,nan,240,-0.015289312963867308,1.007382805753466,0.018323757954529556,0.6408882848669187,1.0,large_error
UBFC_A4_L3_C050_SEED101/Eval_On_PURE,PURE,old,504,35,window,1050,1290,35.0,43.0,8.0,63.0,52.0,11.0,11.0,21.153846153846153,-0.09999276064510723,nan,240,-0.004579755613018304,1.0320540608480055,-0.006084814723141585,0.66422073103392,1.0,large_error
UBFC_A4_L3_C050_SEED101/Eval_On_PURE,PURE,old,504,36,window,1080,1320,36.0,44.0,8.0,61.99999999999999,53.0,8.999999999999993,8.999999999999993,16.981132075471685,-0.020557335701681983,nan,240,0.043159373632825335,1.0133111732237834,-0.017141710886404076,0.5922611057022688,1.0,large_error
UBFC_A4_L3_C050_SEED101/Eval_On_PURE,PURE,old,504,37,window,1110,1350,37.0,45.0,8.0,60.0,52.0,8.0,8.0,15.384615384615385,0.06361618184243796,nan,240,0.04553531121190545,1.02428315012979,0.0043259727017081915,0.6046854645688422,1.0,large_error
UBFC_A4_L3_C050_SEED101/Eval_On_PURE,PURE,old,504,38,window,1140,1380,38.0,46.0,8.0,60.0,53.0,7.0,7.0,13.20754716981132,-0.04285715505630923,nan,240,0.026078111825498122,1.0202128383064228,0.006192605421804095,0.6759304490809241,1.0,large_error
UBFC_A4_L3_C050_SEED101/Eval_On_PURE,PURE,old,504,39,window,1170,1410,39.0,47.0,8.0,89.0,52.0,37.0,37.0,71.15384615384616,-0.2162223023835226,nan,240,0.11166202562286455,1.1070762179356117,-0.008508010141299616,0.5059963365315429,1.0,super_harmonic_2x
UBFC_A4_L3_C050_SEED101/Eval_On_PURE,PURE,old,504,40,window,1200,1440,40.0,48.0,8.0,61.0,53.0,8.0,8.0,15.09433962264151,0.03061426932857868,nan,240,0.18910188137994569,1.1212466644825145,0.01706462131994496,0.39776293524800815,1.0,large_error
UBFC_A4_L3_C050_SEED101/Eval_On_PURE,PURE,old,504,41,window,1230,1470,41.0,49.0,8.0,64.0,52.0,12.0,12.0,23.076923076923077,0.1355414275970706,nan,240,0.21479575894332967,1.118291843753761,0.011175094146651902,0.489365696371114,1.0,large_error
UBFC_A4_L3_C050_SEED101/Eval_On_PURE,PURE,old,504,42,window,1260,1500,42.0,50.0,8.0,57.0,52.0,5.0,5.0,9.615384615384617,-0.11355908765768338,nan,240,0.20127252223039066,1.1620461376057658,0.009754863021529971,0.5169815860194148,1.0,large_error
UBFC_A4_L3_C050_SEED101/Eval_On_PURE,PURE,old,504,43,window,1290,1530,43.0,51.0,8.0,92.0,52.0,40.0,40.0,76.92307692307693,-0.12242796972619091,nan,240,0.19652677137432453,1.1843267985204322,0.003291017314932181,0.5131694736801198,1.0,super_harmonic_2x
UBFC_A4_L3_C050_SEED101/Eval_On_PURE,PURE,old,504,44,window,1320,1560,44.0,52.0,8.0,58.0,51.0,7.0,7.0,13.725490196078432,-0.02478378727680478,nan,240,0.25597673275782995,1.2217580608443814,0.030969824902434554,0.7270371880236088,1.0,large_error
UBFC_A4_L3_C050_SEED101/Eval_On_PURE,PURE,old,504,45,window,1350,1590,45.0,53.0,8.0,46.0,51.0,-5.0,5.0,9.803921568627452,-0.24135879229727783,nan,240,0.3124291885052782,1.2356644536752008,-0.004294233519318989,0.5612449899012008,1.0,large_error
UBFC_A4_L3_C050_SEED101/Eval_On_PURE,PURE,old,504,46,window,1380,1620,46.0,54.0,8.0,44.0,51.0,-7.0,7.0,13.725490196078432,0.08433735454283214,nan,240,0.2839427263981266,1.210992031302032,0.008082788677985236,0.524306079651266,1.0,large_error
UBFC_A4_L3_C050_SEED101/Eval_On_PURE,PURE,old,504,47,window,1410,1650,47.0,55.0,8.0,45.0,51.0,-6.0,6.0,11.76470588235294,0.1876006433912985,nan,240,0.2362761166659676,1.1200948896089593,0.03301424046986898,0.5676566123579707,1.0,large_error
UBFC_A4_L3_C050_SEED101/Eval_On_PURE,PURE,old,504,48,window,1440,1680,48.0,56.0,8.0,52.0,51.0,1.0,1.0,1.9607843137254901,0.4478965816681219,nan,240,0.13976392044296373,1.0700092377725932,-0.0013646470725592098,0.6070052931997785,1.0,correct
UBFC_A4_L3_C050_SEED101/Eval_On_PURE,PURE,old,504,49,window,1470,1710,49.0,57.0,8.0,54.0,51.0,3.0,3.0,5.88235294117647,0.5610454798250336,nan,240,0.1192723944806639,1.0348648533369904,0.005434310422549253,0.773579025031752,1.0,correct
UBFC_A4_L3_C050_SEED101/Eval_On_PURE,PURE,old,504,50,window,1500,1740,50.0,58.0,8.0,53.0,51.0,2.0,2.0,3.9215686274509802,0.46939629517144377,nan,240,0.17597448844680236,0.9675169700892264,0.006672734982101806,0.6885957799557259,1.0,correct
UBFC_A4_L3_C050_SEED101/Eval_On_PURE,PURE,old,504,51,window,1530,1770,51.0,59.0,8.0,47.0,52.0,-5.0,5.0,9.615384615384617,0.34048159501226843,nan,240,0.15786862117801534,0.8891334279239832,0.015438882478427951,0.6617562204117812,1.0,large_error
UBFC_A4_L3_C050_SEED101/Eval_On_PURE,PURE,old,504,52,window,1560,1800,52.0,60.0,8.0,59.0,51.0,8.0,8.0,15.686274509803921,0.24730299160997254,nan,240,0.05037720388973286,0.7782533363868454,-0.01408038420748526,0.6324110234973952,1.0,large_error
UBFC_A4_L3_C050_SEED101/Eval_On_PURE,PURE,old,504,53,window,1590,1830,53.0,61.0,8.0,61.0,51.0,10.0,10.0,19.607843137254903,0.3055316777221589,nan,240,-0.03922619630425421,0.6626363886884677,0.0038316986387442226,0.6909023395259444,1.0,large_error
UBFC_A4_L3_C050_SEED101/Eval_On_PURE,PURE,old,504,54,window,1620,1860,54.0,62.0,8.0,47.0,50.0,-3.0,3.0,6.0,0.3874103832224734,nan,240,-0.12004938872932476,0.6562934186730184,-0.01826434613583316,0.6991259943943227,1.0,correct
UBFC_A4_L3_C050_SEED101/Eval_On_PURE,PURE,old,504,55,window,1650,1890,55.0,63.0,8.0,66.0,50.0,16.0,16.0,32.0,0.16862376580125127,nan,240,-0.16154678481868662,0.6479784623619546,-0.006856818404895026,0.6516638184588947,1.0,super_harmonic_1p5x
UBFC_A4_L3_C050_SEED101/Eval_On_PURE,PURE,old,504,56,window,1680,1920,56.0,64.0,8.0,48.0,50.0,-2.0,2.0,4.0,0.14216868743656222,nan,240,-0.15842154373894957,0.6567468279377693,-0.01155640080690754,0.6480493826457466,1.0,correct
UBFC_A4_L3_C050_SEED101/Eval_On_PURE,PURE,old,504,57,window,1710,1950,57.0,65.0,8.0,54.0,51.0,3.0,3.0,5.88235294117647,0.30723310076292,nan,240,-0.16598466798059328,0.7370309478757244,-0.02032015289232343,0.783352483271628,1.0,correct
UBFC_A4_L3_C050_SEED101/Eval_On_PURE,PURE,old,504,58,window,1740,1980,58.0,66.0,8.0,54.0,52.0,2.0,2.0,3.8461538461538463,0.39829987668290523,nan,240,-0.15132201944471443,0.7943674497277831,-0.008340746461600684,0.6806562002582228,1.0,correct
UBFC_A4_L3_C050_SEED101/Eval_On_PURE,PURE,old,504,59,window,1770,2010,59.0,67.0,8.0,68.0,53.0,15.0,15.0,28.30188679245283,0.3756996851881508,nan,240,-0.11708843448353828,0.8422137612556236,-0.004380823106273243,0.666600123063618,1.0,super_harmonic_1p5x
UBFC_A4_L3_C050_SEED101/Eval_On_PURE,PURE,old,504,60,window,1800,2040,60.0,68.0,8.0,67.0,54.0,13.0,13.0,24.074074074074073,0.28496024028489964,nan,240,-0.13011083938078333,0.854868087637151,-0.018466661381301618,0.6307801901161543,1.0,large_error
UBFC_A4_L3_C050_SEED101/Eval_On_PURE,PURE,old,504,61,window,1830,2070,61.0,69.0,8.0,52.0,53.0,-1.0,1.0,1.8867924528301887,0.01975943978455395,nan,240,-0.2654434312000168,1.0481184808541075,0.000909839039596061,0.5612801228265893,1.0,correct
UBFC_A4_L3_C050_SEED101/Eval_On_PURE,PURE,old,504,62,window,1860,2100,62.0,70.0,8.0,66.0,52.0,14.0,14.0,26.923076923076923,0.2975497938099665,nan,240,-0.2460302684619999,1.0501850675176747,0.00808752727507196,0.6554633780969196,1.0,super_harmonic_1p5x
UBFC_A4_L3_C050_SEED101/Eval_On_PURE,PURE,old,504,63,window,1890,2130,63.0,71.0,8.0,52.0,51.0,1.0,1.0,1.9607843137254901,0.18610599947370832,nan,240,-0.13017772064809857,1.092575142076949,-0.014305667214704916,0.6520180632582885,1.0,correct
UBFC_A4_L3_C050_SEED101/Eval_On_PURE,PURE,old,504,64,window,1920,2160,64.0,72.0,8.0,52.0,50.0,2.0,2.0,4.0,0.18586605379309634,nan,240,-0.026524977027944024,1.1414368479139745,0.01549856636538192,0.6509277013873286,1.0,correct
UBFC_A4_L3_C050_SEED101/Eval_On_PURE,PURE,old,504,65,window,1950,2190,65.0,73.0,8.0,58.0,49.0,9.0,9.0,18.367346938775512,0.11242363548725996,nan,240,0.032698287966936794,1.1165241366185896,-0.010711834629274762,0.7263373494112841,1.0,large_error
UBFC_A4_L3_C050_SEED101/Eval_On_PURE,PURE,old,504,66,window,1980,2220,66.0,74.0,8.0,59.0,49.0,10.0,10.0,20.408163265306122,-0.10925422210794307,nan,240,-0.07726375055502437,1.122026898264401,-0.003941725934982268,0.7623989133208666,1.0,large_error
UBFC_A4_L3_C050_SEED101/Eval_On_PURE,PURE,old,505,0,window,0,240,0.0,8.0,8.0,47.0,47.0,0.0,0.0,0.0,0.7195256755792626,nan,240,-0.11474284369301983,0.9126577114290397,0.05628126871380386,0.7654555047791578,1.0,correct
UBFC_A4_L3_C050_SEED101/Eval_On_PURE,PURE,old,505,1,window,30,270,1.0,9.0,8.0,47.0,48.0,-1.0,1.0,2.083333333333333,0.6732290345257709,nan,240,-0.2128008046302421,0.8516185856847467,-0.0030556013416510744,0.7002628056238732,1.0,correct
UBFC_A4_L3_C050_SEED101/Eval_On_PURE,PURE,old,505,2,window,60,300,2.0,10.0,8.0,45.0,48.0,-3.0,3.0,6.25,0.5132994536288499,nan,240,-0.23156148997918216,0.7863735723610794,-0.007519303331182823,0.7228898688848392,1.0,correct
UBFC_A4_L3_C050_SEED101/Eval_On_PURE,PURE,old,505,3,window,90,330,3.0,11.0,8.0,48.0,50.0,-2.0,2.0,4.0,0.653303072228136,nan,240,-0.20519243018595562,0.8099480262660619,-0.01272382284134994,0.7936329130076583,1.0,correct
UBFC_A4_L3_C050_SEED101/Eval_On_PURE,PURE,old,505,4,window,120,360,4.0,12.0,8.0,52.0,51.0,1.0,1.0,1.9607843137254901,0.7530221715404009,nan,240,-0.1333043806329483,0.812615346962603,0.0011154639550781554,0.8936180660324976,1.0,correct
UBFC_A4_L3_C050_SEED101/Eval_On_PURE,PURE,old,505,5,window,150,390,5.0,13.0,8.0,53.0,50.0,3.0,3.0,6.0,0.6286936665829305,nan,240,-0.0799869202202789,0.839781222737657,-0.007870521977330958,0.8875642709570082,1.0,correct
UBFC_A4_L3_C050_SEED101/Eval_On_PURE,PURE,old,505,6,window,180,420,6.0,14.0,8.0,52.0,50.0,2.0,2.0,4.0,0.638844967132171,nan,240,-0.03160290903085323,0.8548122642246129,0.005907161052305336,0.8367000354472169,1.0,correct
UBFC_A4_L3_C050_SEED101/Eval_On_PURE,PURE,old,505,7,window,210,450,7.0,15.0,8.0,53.0,49.0,4.0,4.0,8.16326530612245,0.5449517050519532,nan,240,-0.03580313002091739,0.8426363344795066,-0.01051418279535484,0.8378766703851459,1.0,large_error
UBFC_A4_L3_C050_SEED101/Eval_On_PURE,PURE,old,505,8,window,240,480,8.0,16.0,8.0,52.0,49.0,3.0,3.0,6.122448979591836,0.5776850832652808,nan,240,0.0025555692148523557,0.839670289572102,0.005339555599023508,0.813311452443437,1.0,correct
UBFC_A4_L3_C050_SEED101/Eval_On_PURE,PURE,old,505,9,window,270,510,9.0,17.0,8.0,48.0,48.0,0.0,0.0,0.0,0.5960494654062689,nan,240,0.09178537170259142,0.8596626353595576,0.005920646232764804,0.8340660871263754,1.0,correct
UBFC_A4_L3_C050_SEED101/Eval_On_PURE,PURE,old,505,10,window,300,540,10.0,18.0,8.0,47.0,47.0,0.0,0.0,0.0,0.5437386277112113,nan,240,0.1347855866983951,0.9359071200123271,0.01827713438380084,0.7924748546024014,1.0,correct
UBFC_A4_L3_C050_SEED101/Eval_On_PURE,PURE,old,505,11,window,330,570,11.0,19.0,8.0,47.0,47.0,0.0,0.0,0.0,0.4379584403695125,nan,240,0.10718995374966495,0.9371305546448366,0.035881440246542634,0.7858692805580102,1.0,correct
UBFC_A4_L3_C050_SEED101/Eval_On_PURE,PURE,old,505,12,window,360,600,12.0,20.0,8.0,50.0,48.0,2.0,2.0,4.166666666666666,0.32790828770588837,nan,240,0.08634952535661404,0.9444391447538519,0.024260694563818175,0.7829078712418713,1.0,correct
UBFC_A4_L3_C050_SEED101/Eval_On_PURE,PURE,old,505,13,window,390,630,13.0,21.0,8.0,51.0,48.0,3.0,3.0,6.25,0.4482977398737296,nan,240,0.06975457895567527,0.932696134847103,-0.017083172993458174,0.807109762860759,1.0,correct
UBFC_A4_L3_C050_SEED101/Eval_On_PURE,PURE,old,505,14,window,420,660,14.0,22.0,8.0,51.0,49.0,2.0,2.0,4.081632653061225,0.33527872497576017,nan,240,0.07281648574422966,0.9527696019579116,0.011008660250867686,0.8069326873742565,1.0,correct
UBFC_A4_L3_C050_SEED101/Eval_On_PURE,PURE,old,505,15,window,450,690,15.0,23.0,8.0,50.0,48.0,2.0,2.0,4.166666666666666,0.10960796643309309,nan,240,0.1239817855095114,0.9810157600129298,0.005230953212321439,0.7620214176034732,1.0,correct
UBFC_A4_L3_C050_SEED101/Eval_On_PURE,PURE,old,505,16,window,480,720,16.0,24.0,8.0,47.0,49.0,-2.0,2.0,4.081632653061225,0.3060188885960761,nan,240,0.10229271332805968,1.0236858695561017,0.022632370105851143,0.7113406758026242,1.0,correct
UBFC_A4_L3_C050_SEED101/Eval_On_PURE,PURE,old,505,17,window,510,750,17.0,25.0,8.0,46.0,49.0,-3.0,3.0,6.122448979591836,0.2973151124930532,nan,240,-0.005444312897150002,1.0152082319305606,-0.001878577859900099,0.6267632388913107,1.0,correct
UBFC_A4_L3_C050_SEED101/Eval_On_PURE,PURE,old,505,18,window,540,780,18.0,26.0,8.0,45.0,48.0,-3.0,3.0,6.25,0.44927794382508346,nan,240,-0.06315435355858852,1.005500337919105,-0.01794214119983843,0.6300950202454548,1.0,correct
UBFC_A4_L3_C050_SEED101/Eval_On_PURE,PURE,old,505,19,window,570,810,19.0,27.0,8.0,46.0,48.0,-2.0,2.0,4.166666666666666,0.6221439003111685,nan,240,-0.05192057285024846,0.9677567067549018,-0.008052799420459349,0.7077721063992737,1.0,correct
UBFC_A4_L3_C050_SEED101/Eval_On_PURE,PURE,old,505,20,window,600,840,20.0,28.0,8.0,68.0,49.0,19.0,19.0,38.775510204081634,0.6005665499577068,nan,240,-0.0340266356905292,0.9801824356664437,-0.008102451770889434,0.6375206376077601,1.0,super_harmonic_1p5x
UBFC_A4_L3_C050_SEED101/Eval_On_PURE,PURE,old,505,21,window,630,870,21.0,29.0,8.0,52.0,49.0,3.0,3.0,6.122448979591836,0.6753649680995136,nan,240,-0.02470060621851593,1.0087346958786079,0.015715355490034538,0.8074976301840923,1.0,correct
UBFC_A4_L3_C050_SEED101/Eval_On_PURE,PURE,old,505,22,window,660,900,22.0,30.0,8.0,52.0,50.0,2.0,2.0,4.0,0.6450282513297928,nan,240,-0.06411614985210919,0.9989836465716946,0.009833475735513046,0.8123669794345478,1.0,correct
UBFC_A4_L3_C050_SEED101/Eval_On_PURE,PURE,old,505,23,window,690,930,23.0,31.0,8.0,52.0,50.0,2.0,2.0,4.0,0.7070787184132565,nan,240,-0.08364853528596881,0.9690317518294977,-0.022635483887707454,0.7238103416256865,1.0,correct
UBFC_A4_L3_C050_SEED101/Eval_On_PURE,PURE,old,505,24,window,720,960,24.0,32.0,8.0,51.0,50.0,1.0,1.0,2.0,0.7711034867593979,nan,240,-0.07449223457163794,0.925162219411862,-0.010227216739319726,0.7140556381392291,1.0,correct
UBFC_A4_L3_C050_SEED101/Eval_On_PURE,PURE,old,505,25,window,750,990,25.0,33.0,8.0,48.0,50.0,-2.0,2.0,4.0,0.5008868295763589,nan,240,0.018104986468480074,0.9541304641890822,0.007887467144525363,0.7262870029826471,1.0,correct
UBFC_A4_L3_C050_SEED101/Eval_On_PURE,PURE,old,505,26,window,780,1020,26.0,34.0,8.0,48.0,49.0,-1.0,1.0,2.0408163265306123,0.5037175263478075,nan,240,0.05143066227650135,0.9158631853526428,0.017709584798723012,0.6505130683427083,1.0,correct
UBFC_A4_L3_C050_SEED101/Eval_On_PURE,PURE,old,505,27,window,810,1050,27.0,35.0,8.0,97.0,49.0,48.0,48.0,97.95918367346938,0.4776793400803287,nan,240,0.10811554124154978,0.9274108039264289,0.0435975485053458,0.8234301881121513,1.0,super_harmonic_2x
UBFC_A4_L3_C050_SEED101/Eval_On_PURE,PURE,old,505,28,window,840,1080,28.0,36.0,8.0,98.0,49.0,49.0,49.0,100.0,0.36819509643980464,nan,240,0.04344888456531791,0.9730162752110192,0.011110620174770063,0.7907967587422732,1.0,super_harmonic_2x
UBFC_A4_L3_C050_SEED101/Eval_On_PURE,PURE,old,505,29,window,870,1110,29.0,37.0,8.0,54.0,49.0,5.0,5.0,10.204081632653061,0.2629668574822827,nan,240,0.006986621315362579,0.9333633914464913,-0.0029992194878452226,0.6999256434342314,1.0,large_error
UBFC_A4_L3_C050_SEED101/Eval_On_PURE,PURE,old,505,30,window,900,1140,30.0,38.0,8.0,150.0,49.0,101.0,101.0,206.1224489795918,0.1601695658934425,nan,240,0.031171837759768135,0.924310461092821,0.007844945097773118,0.7574740748673947,1.0,super_harmonic_2x
UBFC_A4_L3_C050_SEED101/Eval_On_PURE,PURE,old,505,31,window,930,1170,31.0,39.0,8.0,52.0,50.0,2.0,2.0,4.0,0.21233273726787516,nan,240,0.07609338229251321,0.9393485534744207,0.009729838530373822,0.6768100908157054,1.0,correct
UBFC_A4_L3_C050_SEED101/Eval_On_PURE,PURE,old,505,32,window,960,1200,32.0,40.0,8.0,64.0,50.0,14.0,14.0,28.000000000000004,0.10764177087818919,nan,240,0.09709901334304008,0.9778135227201769,0.007597155670282259,0.7421332145941735,1.0,super_harmonic_1p5x
UBFC_A4_L3_C050_SEED101/Eval_On_PURE,PURE,old,505,33,window,990,1230,33.0,41.0,8.0,67.0,50.0,17.0,17.0,34.0,0.1953723884295614,nan,240,0.02455694231043814,0.9714745592456596,0.021576189225329914,0.7682415027256464,1.0,super_harmonic_1p5x
UBFC_A4_L3_C050_SEED101/Eval_On_PURE,PURE,old,505,34,window,1020,1260,34.0,42.0,8.0,48.0,49.0,-1.0,1.0,2.0408163265306123,0.27037607340276343,nan,240,-0.024822810924046167,0.9737710676170986,0.005294847514671249,0.8004711412468893,1.0,correct
UBFC_A4_L3_C050_SEED101/Eval_On_PURE,PURE,old,505,35,window,1050,1290,35.0,43.0,8.0,46.0,49.0,-3.0,3.0,6.122448979591836,0.39534410887498833,nan,240,-0.10224175492733295,0.9596413501478517,0.0014566960590726115,0.7668773281565053,1.0,correct
UBFC_A4_L3_C050_SEED101/Eval_On_PURE,PURE,old,505,36,window,1080,1320,36.0,44.0,8.0,51.0,49.0,2.0,2.0,4.081632653061225,0.6109181084745773,nan,240,-0.02332240870615213,0.9551210999189823,0.013851719951827657,0.8399977702352024,1.0,correct
UBFC_A4_L3_C050_SEED101/Eval_On_PURE,PURE,old,505,37,window,1110,1350,37.0,45.0,8.0,49.0,48.0,1.0,1.0,2.083333333333333,0.4897531638741211,nan,240,-0.027982028867004287,0.9861908949118009,-0.004028750912493306,0.8207499868237,1.0,correct
UBFC_A4_L3_C050_SEED101/Eval_On_PURE,PURE,old,505,38,window,1140,1380,38.0,46.0,8.0,50.0,49.0,1.0,1.0,2.0408163265306123,0.5669488995414551,nan,240,-0.027735356405842564,0.98419624421352,0.00976618236476205,0.8591372689152577,1.0,correct
UBFC_A4_L3_C050_SEED101/Eval_On_PURE,PURE,old,505,39,window,1170,1410,39.0,47.0,8.0,51.0,50.0,1.0,1.0,2.0,0.5432591245078497,nan,240,-0.0797221433582977,0.9939955060983928,0.00917188274555204,0.854837100709849,1.0,correct
UBFC_A4_L3_C050_SEED101/Eval_On_PURE,PURE,old,505,40,window,1200,1440,40.0,48.0,8.0,51.0,50.0,1.0,1.0,2.0,0.47855401991371843,nan,240,-0.1408901245762105,0.9630995149955603,0.015786109330677235,0.8576706148236354,1.0,correct
UBFC_A4_L3_C050_SEED101/Eval_On_PURE,PURE,old,505,41,window,1230,1470,41.0,49.0,8.0,49.0,50.0,-1.0,1.0,2.0,0.6343752165423906,nan,240,-0.11900190398574703,0.9331940986220499,-0.0174341565127022,0.7834551623592324,1.0,correct
UBFC_A4_L3_C050_SEED101/Eval_On_PURE,PURE,old,505,42,window,1260,1500,42.0,50.0,8.0,50.0,51.0,-1.0,1.0,1.9607843137254901,0.6753469370896421,nan,240,-0.07620762654926302,0.9406836939195562,-0.0014617525003954635,0.8018020177223887,1.0,correct
UBFC_A4_L3_C050_SEED101/Eval_On_PURE,PURE,old,505,43,window,1290,1530,43.0,51.0,8.0,51.0,51.0,0.0,0.0,0.0,0.7239780808105265,nan,240,-0.04162595793440582,0.954093126857466,0.020249189865639734,0.863462845224233,1.0,correct
UBFC_A4_L3_C050_SEED101/Eval_On_PURE,PURE,old,505,44,window,1320,1560,44.0,52.0,8.0,51.0,51.0,0.0,0.0,0.0,0.6666281905657221,nan,240,-0.030093454612548434,0.9549651559449517,0.004144367657816439,0.8531818866186165,1.0,correct
UBFC_A4_L3_C050_SEED101/Eval_On_PURE,PURE,old,505,45,window,1350,1590,45.0,53.0,8.0,52.0,51.0,1.0,1.0,1.9607843137254901,0.6981224290766739,nan,240,0.01562015745603936,0.9843979373628203,-0.000304337829249457,0.8180895005983894,1.0,correct
UBFC_A4_L3_C050_SEED101/Eval_On_PURE,PURE,old,505,46,window,1380,1620,46.0,54.0,8.0,52.0,51.0,1.0,1.0,1.9607843137254901,0.7148741914974701,nan,240,0.0009759602433746295,0.9917478340425108,-0.0074712984801267686,0.8273296000886433,1.0,correct
UBFC_A4_L3_C050_SEED101/Eval_On_PURE,PURE,old,505,47,window,1410,1650,47.0,55.0,8.0,52.0,51.0,1.0,1.0,1.9607843137254901,0.701841920200734,nan,240,-0.016026335175995984,0.9772384331006958,0.00541772775892961,0.8471835407902777,1.0,correct
UBFC_A4_L3_C050_SEED101/Eval_On_PURE,PURE,old,505,48,window,1440,1680,48.0,56.0,8.0,51.0,50.0,1.0,1.0,2.0,0.7638048957266003,nan,240,0.037017296174279964,0.9853269563168691,0.014602490794947798,0.8639270951371473,1.0,correct
UBFC_A4_L3_C050_SEED101/Eval_On_PURE,PURE,old,505,49,window,1470,1710,49.0,57.0,8.0,49.0,50.0,-1.0,1.0,2.0,0.7491472836923864,nan,240,0.09388774524772572,1.0712368810802868,-0.00021190128445010745,0.8504678819697805,1.0,correct
UBFC_A4_L3_C050_SEED101/Eval_On_PURE,PURE,old,505,50,window,1500,1740,50.0,58.0,8.0,49.0,49.0,0.0,0.0,0.0,0.7259349008072908,nan,240,0.05718559868691722,1.156969091179771,0.02492024838989178,0.8801907619237767,1.0,correct
UBFC_A4_L3_C050_SEED101/Eval_On_PURE,PURE,old,505,51,window,1530,1770,51.0,59.0,8.0,50.0,49.0,1.0,1.0,2.0408163265306123,0.7915563604401831,nan,240,0.06562677556888914,1.2083386130891063,0.00813085962265437,0.8664328562827754,1.0,correct
UBFC_A4_L3_C050_SEED101/Eval_On_PURE,PURE,old,505,52,window,1560,1800,52.0,60.0,8.0,51.0,48.0,3.0,3.0,6.25,0.7385395980878575,nan,240,-0.0038941235770021915,1.192971890700357,-0.004856467420774732,0.8587420951210831,1.0,correct
UBFC_A4_L3_C050_SEED101/Eval_On_PURE,PURE,old,505,53,window,1590,1830,53.0,61.0,8.0,52.0,48.0,4.0,4.0,8.333333333333332,0.6346352486222987,nan,240,-0.0493090130320736,1.1734519255785274,-0.0015418277142249081,0.8545338817998979,1.0,large_error
UBFC_A4_L3_C050_SEED101/Eval_On_PURE,PURE,old,505,54,window,1620,1860,54.0,62.0,8.0,52.0,48.0,4.0,4.0,8.333333333333332,0.624633005845369,nan,240,-0.006028179823571206,1.1856979971027481,0.0009990965614130745,0.8501718344178762,1.0,large_error
UBFC_A4_L3_C050_SEED101/Eval_On_PURE,PURE,old,505,55,window,1650,1890,55.0,63.0,8.0,51.0,49.0,2.0,2.0,4.081632653061225,0.660950720114444,nan,240,0.07607754094179592,1.2111120193770903,0.019279933591704657,0.8859235528693693,1.0,correct
UBFC_A4_L3_C050_SEED101/Eval_On_PURE,PURE,old,505,56,window,1680,1920,56.0,64.0,8.0,49.0,49.0,0.0,0.0,0.0,0.6530199032960532,nan,240,0.0941932570115527,1.2563197356283031,0.03088897606777395,0.8668170039361925,1.0,correct
UBFC_A4_L3_C050_SEED101/Eval_On_PURE,PURE,old,506,0,window,0,240,0.0,8.0,8.0,53.0,53.0,0.0,0.0,0.0,0.715781061169784,nan,240,-0.13724161123364548,0.8596557517329604,0.033393940410231394,0.9055399172998138,1.0,correct
UBFC_A4_L3_C050_SEED101/Eval_On_PURE,PURE,old,506,1,window,30,270,1.0,9.0,8.0,53.0,53.0,0.0,0.0,0.0,0.7332066984049546,nan,240,-0.14171003739355867,0.865378790585243,-0.005936832788434388,0.8791866321787206,1.0,correct
UBFC_A4_L3_C050_SEED101/Eval_On_PURE,PURE,old,506,2,window,60,300,2.0,10.0,8.0,52.0,52.0,0.0,0.0,0.0,0.7215613628816813,nan,240,-0.1423709158689275,0.8553171266212095,0.00832352691338958,0.8008139632446275,1.0,correct
UBFC_A4_L3_C050_SEED101/Eval_On_PURE,PURE,old,506,3,window,90,330,3.0,11.0,8.0,51.0,51.0,0.0,0.0,0.0,0.6305561546331779,nan,240,-0.1161584512233567,0.8875860286787999,-0.009000505537788698,0.7891127017566708,1.0,correct
UBFC_A4_L3_C050_SEED101/Eval_On_PURE,PURE,old,506,4,window,120,360,4.0,12.0,8.0,50.0,51.0,-1.0,1.0,1.9607843137254901,0.6123662754448764,nan,240,-0.12117907084811144,0.8786398235867083,0.024479161325268728,0.7573731722706326,1.0,correct
UBFC_A4_L3_C050_SEED101/Eval_On_PURE,PURE,old,506,5,window,150,390,5.0,13.0,8.0,61.99999999999999,50.0,11.999999999999993,11.999999999999993,23.999999999999986,0.5307333724581048,nan,240,-0.08860918259869896,0.9038615672718697,0.010862373618208193,0.7396716078622287,1.0,large_error
UBFC_A4_L3_C050_SEED101/Eval_On_PURE,PURE,old,506,6,window,180,420,6.0,14.0,8.0,52.0,50.0,2.0,2.0,4.0,0.5223140639117071,nan,240,-0.05933232026586568,0.8886831993856504,-0.0022746905418510838,0.7507783137013833,1.0,correct
UBFC_A4_L3_C050_SEED101/Eval_On_PURE,PURE,old,506,7,window,210,450,7.0,15.0,8.0,54.0,51.0,3.0,3.0,5.88235294117647,0.5787754423969677,nan,240,0.05139583855711667,0.9526187314332162,0.00584825543748538,0.7499886547898983,1.0,correct
UBFC_A4_L3_C050_SEED101/Eval_On_PURE,PURE,old,506,8,window,240,480,8.0,16.0,8.0,56.0,52.0,4.0,4.0,7.6923076923076925,0.47654519364858805,nan,240,0.08528715900125867,0.9677172283294649,0.011906772129661758,0.7408509255060652,1.0,large_error
UBFC_A4_L3_C050_SEED101/Eval_On_PURE,PURE,old,506,9,window,270,510,9.0,17.0,8.0,55.0,52.0,3.0,3.0,5.769230769230769,0.5407353623203167,nan,240,0.11106867242480765,0.9722412395183408,-0.02765189169757943,0.8562509563849728,1.0,correct
UBFC_A4_L3_C050_SEED101/Eval_On_PURE,PURE,old,506,10,window,300,540,10.0,18.0,8.0,53.0,52.0,1.0,1.0,1.9230769230769231,0.5642462716569018,nan,240,0.17801181903357044,1.0300755535301347,-0.004617369950183801,0.847763124909415,1.0,correct
UBFC_A4_L3_C050_SEED101/Eval_On_PURE,PURE,old,506,11,window,330,570,11.0,19.0,8.0,52.0,52.0,0.0,0.0,0.0,0.5800538740273773,nan,240,0.15421737936822988,1.0405149172133705,-0.0017107353566089536,0.8928986755007049,1.0,correct
UBFC_A4_L3_C050_SEED101/Eval_On_PURE,PURE,old,506,12,window,360,600,12.0,20.0,8.0,52.0,51.0,1.0,1.0,1.9607843137254901,0.5301416680855359,nan,240,0.1983526950625966,1.0708772885237754,0.010476489695661213,0.8630788815812327,1.0,correct
UBFC_A4_L3_C050_SEED101/Eval_On_PURE,PURE,old,506,13,window,390,630,13.0,21.0,8.0,51.0,51.0,0.0,0.0,0.0,0.6218012116033452,nan,240,0.16466445537517677,1.0494803468802791,0.002535664538596266,0.8598250780741672,1.0,correct
UBFC_A4_L3_C050_SEED101/Eval_On_PURE,PURE,old,506,14,window,420,660,14.0,22.0,8.0,49.0,51.0,-2.0,2.0,3.9215686274509802,0.5929024474258329,nan,240,0.25107845666873335,1.1154114738568213,-0.010680760567730548,0.7770763391774299,1.0,correct
UBFC_A4_L3_C050_SEED101/Eval_On_PURE,PURE,old,506,15,window,450,690,15.0,23.0,8.0,50.0,51.0,-1.0,1.0,1.9607843137254901,0.6128502445737151,nan,240,0.21829217266628925,1.083950560398137,0.0016200531016532774,0.8243316693700026,1.0,correct
UBFC_A4_L3_C050_SEED101/Eval_On_PURE,PURE,old,506,16,window,480,720,16.0,24.0,8.0,49.0,50.0,-1.0,1.0,2.0,0.6084631971840186,nan,240,0.208996248454112,1.1150691570215725,0.02460939973967237,0.8194800853651194,1.0,correct
UBFC_A4_L3_C050_SEED101/Eval_On_PURE,PURE,old,506,17,window,510,750,17.0,25.0,8.0,50.0,50.0,0.0,0.0,0.0,0.5959992501590138,nan,240,0.13012318990791985,1.169116849373853,0.004234730305933517,0.7840639074238358,1.0,correct
UBFC_A4_L3_C050_SEED101/Eval_On_PURE,PURE,old,506,18,window,540,780,18.0,26.0,8.0,52.0,50.0,2.0,2.0,4.0,0.50494926219098,nan,240,-0.022523391849875344,1.1501287644820035,-0.009391100752000791,0.8416328834345584,1.0,correct
UBFC_A4_L3_C050_SEED101/Eval_On_PURE,PURE,old,506,19,window,570,810,19.0,27.0,8.0,52.0,49.0,3.0,3.0,6.122448979591836,0.5280038343880121,nan,240,-0.04343941076827599,1.1288875196658297,-0.003244398668947976,0.7548367035703704,1.0,correct
UBFC_A4_L3_C050_SEED101/Eval_On_PURE,PURE,old,506,20,window,600,840,20.0,28.0,8.0,52.0,50.0,2.0,2.0,4.0,0.5379927797704372,nan,240,-0.07929582981411588,1.090759104932705,0.005167215937341533,0.7187433001967041,1.0,correct
UBFC_A4_L3_C050_SEED101/Eval_On_PURE,PURE,old,506,21,window,630,870,21.0,29.0,8.0,52.0,51.0,1.0,1.0,1.9607843137254901,0.5897281175276236,nan,240,-0.023640227759845475,1.1200269966757685,0.007755366511336903,0.8570622984125615,1.0,correct
UBFC_A4_L3_C050_SEED101/Eval_On_PURE,PURE,old,506,22,window,660,900,22.0,30.0,8.0,52.0,52.0,0.0,0.0,0.0,0.49199116920261515,nan,240,-0.10291479298337448,1.0624875095042479,0.021309229970195704,0.8597660782440402,1.0,correct
UBFC_A4_L3_C050_SEED101/Eval_On_PURE,PURE,old,506,23,window,690,930,23.0,31.0,8.0,52.0,53.0,-1.0,1.0,1.8867924528301887,0.5274151028212996,nan,240,-0.07856978363323291,1.0591394418655729,-0.006700088701827566,0.8319761664144739,1.0,correct
UBFC_A4_L3_C050_SEED101/Eval_On_PURE,PURE,old,506,24,window,720,960,24.0,32.0,8.0,52.0,54.0,-2.0,2.0,3.7037037037037033,0.5794277994980567,nan,240,-0.05324650093633953,1.0591136854813266,-0.003603129911189577,0.8719165526717831,1.0,correct
UBFC_A4_L3_C050_SEED101/Eval_On_PURE,PURE,old,506,25,window,750,990,25.0,33.0,8.0,52.0,54.0,-2.0,2.0,3.7037037037037033,0.47421165670577653,nan,240,-0.05053132420919796,1.023191263379636,-0.006020285031874262,0.8772653443624441,1.0,correct
UBFC_A4_L3_C050_SEED101/Eval_On_PURE,PURE,old,506,26,window,780,1020,26.0,34.0,8.0,53.0,53.0,0.0,0.0,0.0,0.6361149641783139,nan,240,0.021670055169844757,1.0029613301041218,0.005261671089025645,0.8517549931233198,1.0,correct
UBFC_A4_L3_C050_SEED101/Eval_On_PURE,PURE,old,506,27,window,810,1050,27.0,35.0,8.0,53.0,52.0,1.0,1.0,1.9230769230769231,0.7404510521981815,nan,240,0.04510141761874063,1.0262447366894007,0.020990128621848642,0.8939709666522638,1.0,correct
UBFC_A4_L3_C050_SEED101/Eval_On_PURE,PURE,old,506,28,window,840,1080,28.0,36.0,8.0,54.0,51.0,3.0,3.0,5.88235294117647,0.5886596777110537,nan,240,0.07016597802961651,1.027988878880776,0.028315146858963487,0.8534963610381292,1.0,correct
UBFC_A4_L3_C050_SEED101/Eval_On_PURE,PURE,old,506,29,window,870,1110,29.0,37.0,8.0,52.0,49.0,3.0,3.0,6.122448979591836,0.34554351686117996,nan,240,0.045903781461400034,0.9891424548707627,0.0016248713143455736,0.6441981858432978,1.0,correct
UBFC_A4_L3_C050_SEED101/Eval_On_PURE,PURE,old,506,30,window,900,1140,30.0,38.0,8.0,60.0,49.0,11.0,11.0,22.448979591836736,0.3389358241591848,nan,240,0.0721817385684919,0.9973572840488188,0.011880688619252008,0.6723929084063843,1.0,large_error
UBFC_A4_L3_C050_SEED101/Eval_On_PURE,PURE,old,506,31,window,930,1170,31.0,39.0,8.0,60.0,49.0,11.0,11.0,22.448979591836736,0.3687626512631604,nan,240,0.003971394018260758,0.9956306319976812,0.004017884783968585,0.6284765392932209,1.0,large_error
UBFC_A4_L3_C050_SEED101/Eval_On_PURE,PURE,old,506,32,window,960,1200,32.0,40.0,8.0,60.0,50.0,10.0,10.0,20.0,0.36929136698348247,nan,240,-0.04914645634099502,0.9565365854483462,-0.02439015979197902,0.5534990806934588,1.0,large_error
UBFC_A4_L3_C050_SEED101/Eval_On_PURE,PURE,old,506,33,window,990,1230,33.0,41.0,8.0,52.0,50.0,2.0,2.0,4.0,0.5074758796751313,nan,240,-0.04182169284265756,0.9362339096150348,0.005365609770057392,0.5105790658662545,1.0,correct
UBFC_A4_L3_C050_SEED101/Eval_On_PURE,PURE,old,506,34,window,1020,1260,34.0,42.0,8.0,49.0,50.0,-1.0,1.0,2.0,0.627289891596437,nan,240,-0.004409043008627345,0.9390093292871323,-0.008880223167421585,0.5697786723438691,1.0,correct
UBFC_A4_L3_C050_SEED101/Eval_On_PURE,PURE,old,506,35,window,1050,1290,35.0,43.0,8.0,48.0,50.0,-2.0,2.0,4.0,0.6572906118114562,nan,240,-0.04141250027314225,0.9115286532073723,0.00267604941061129,0.7437308793322236,1.0,correct
UBFC_A4_L3_C050_SEED101/Eval_On_PURE,PURE,old,506,36,window,1080,1320,36.0,44.0,8.0,98.0,49.0,49.0,49.0,100.0,0.6383459527212857,nan,240,-0.09388776674545475,0.9195029349218496,0.011950248650163949,0.8681879384994675,1.0,super_harmonic_2x
UBFC_A4_L3_C050_SEED101/Eval_On_PURE,PURE,old,506,37,window,1110,1350,37.0,45.0,8.0,97.0,49.0,48.0,48.0,97.95918367346938,0.6984865949726928,nan,240,-0.18413551270816514,0.9253752445269129,-0.0317956749003377,0.8402434156271756,1.0,super_harmonic_2x
UBFC_A4_L3_C050_SEED101/Eval_On_PURE,PURE,old,506,38,window,1140,1380,38.0,46.0,8.0,96.0,48.0,48.0,48.0,100.0,0.6289455839104698,nan,240,-0.20477386524010763,0.9117385181707643,0.009625799038130982,0.8364789948697013,1.0,super_harmonic_2x
UBFC_A4_L3_C050_SEED101/Eval_On_PURE,PURE,old,506,39,window,1170,1410,39.0,47.0,8.0,49.0,48.0,1.0,1.0,2.083333333333333,0.757800625431601,nan,240,-0.15291552693014107,0.9051328103281224,-0.0036118869582939823,0.7864788022190433,1.0,correct
UBFC_A4_L3_C050_SEED101/Eval_On_PURE,PURE,old,506,40,window,1200,1440,40.0,48.0,8.0,50.0,49.0,1.0,1.0,2.0408163265306123,0.6301499995216092,nan,240,-0.09691232769578549,0.9255521177951098,0.005282499382053318,0.8018744357195163,1.0,correct
UBFC_A4_L3_C050_SEED101/Eval_On_PURE,PURE,old,506,41,window,1230,1470,41.0,49.0,8.0,49.0,49.0,0.0,0.0,0.0,0.6513035041514156,nan,240,-0.0597558020997104,0.9460236928317012,0.029340715541225217,0.8024381117485581,1.0,correct
UBFC_A4_L3_C050_SEED101/Eval_On_PURE,PURE,old,506,42,window,1260,1500,42.0,50.0,8.0,50.0,50.0,0.0,0.0,0.0,0.5774188143233258,nan,240,-0.07300000159970406,0.927343950278604,0.01323859806415207,0.8410374317316467,1.0,correct
UBFC_A4_L3_C050_SEED101/Eval_On_PURE,PURE,old,506,43,window,1290,1530,43.0,51.0,8.0,52.0,51.0,1.0,1.0,1.9607843137254901,0.6233206747500966,nan,240,-0.027455136580559446,0.973504606599239,0.014388292360469158,0.82125430159269,1.0,correct
UBFC_A4_L3_C050_SEED101/Eval_On_PURE,PURE,old,506,44,window,1320,1560,44.0,52.0,8.0,52.0,51.0,1.0,1.0,1.9607843137254901,0.7273874353234462,nan,240,-0.025728733644412125,0.9640833817184988,0.004011399782776999,0.8802850742598075,1.0,correct
UBFC_A4_L3_C050_SEED101/Eval_On_PURE,PURE,old,506,45,window,1350,1590,45.0,53.0,8.0,52.0,51.0,1.0,1.0,1.9607843137254901,0.7705696043414096,nan,240,0.05752549994766454,0.9743720242548004,0.024219587372371273,0.8981551557985147,1.0,correct
UBFC_A4_L3_C050_SEED101/Eval_On_PURE,PURE,old,506,46,window,1380,1620,46.0,54.0,8.0,52.0,52.0,0.0,0.0,0.0,0.802363078315072,nan,240,0.06238157652859244,0.9651339914034852,0.012461840705770715,0.8894835251187984,1.0,correct
UBFC_A4_L3_C050_SEED101/Eval_On_PURE,PURE,old,506,47,window,1410,1650,47.0,55.0,8.0,52.0,52.0,0.0,0.0,0.0,0.7675319030666186,nan,240,0.06577570981552311,0.9786025914842711,0.006803496784947945,0.8748886493098704,1.0,correct
UBFC_A4_L3_C050_SEED101/Eval_On_PURE,PURE,old,506,48,window,1440,1680,48.0,56.0,8.0,53.0,52.0,1.0,1.0,1.9230769230769231,0.7736496802535041,nan,240,0.05410841723620042,1.0057357603550339,-0.002074123752225528,0.8088613893867289,1.0,correct
UBFC_A4_L3_C050_SEED101/Eval_On_PURE,PURE,old,506,49,window,1470,1710,49.0,57.0,8.0,52.0,51.0,1.0,1.0,1.9607843137254901,0.7505907805878353,nan,240,0.044697962405357915,0.9908315866665406,-0.004687350662485216,0.8646765305728561,1.0,correct
UBFC_A4_L3_C050_SEED101/Eval_On_PURE,PURE,old,506,50,window,1500,1740,50.0,58.0,8.0,53.0,52.0,1.0,1.0,1.9230769230769231,0.651961986758878,nan,240,0.048412629871741705,1.0105009756199543,-0.0034570518989084586,0.6894210769721186,1.0,correct
UBFC_A4_L3_C050_SEED101/Eval_On_PURE,PURE,old,506,51,window,1530,1770,51.0,59.0,8.0,52.0,52.0,0.0,0.0,0.0,0.7528602531107708,nan,240,0.022505868881279412,0.9540497117245577,-0.0001474249251238291,0.6555101336361061,1.0,correct
UBFC_A4_L3_C050_SEED101/Eval_On_PURE,PURE,old,506,52,window,1560,1800,52.0,60.0,8.0,52.0,51.0,1.0,1.0,1.9607843137254901,0.6311176593702137,nan,240,0.061473775235478145,1.0041557569761583,0.01916559312798643,0.7295615199496601,1.0,correct
UBFC_A4_L3_C050_SEED101/Eval_On_PURE,PURE,old,506,53,window,1590,1830,53.0,61.0,8.0,51.0,51.0,0.0,0.0,0.0,0.48463325918005085,nan,240,0.05619118576463042,1.0156269153811437,0.016448068346016184,0.685613607595579,1.0,correct
UBFC_A4_L3_C050_SEED101/Eval_On_PURE,PURE,old,506,54,window,1620,1860,54.0,62.0,8.0,46.0,50.0,-4.0,4.0,8.0,0.29854178125937153,nan,240,0.07672236881408272,1.0426061021506612,0.01245950594970409,0.6377319220786268,1.0,large_error
UBFC_A4_L3_C050_SEED101/Eval_On_PURE,PURE,old,506,55,window,1650,1890,55.0,63.0,8.0,60.0,50.0,10.0,10.0,20.0,0.592575192309203,nan,240,0.05801469074703534,1.0712880362082993,0.020620259261567755,0.8100285343028557,1.0,large_error
UBFC_A4_L3_C050_SEED101/Eval_On_PURE,PURE,old,506,56,window,1680,1920,56.0,64.0,8.0,60.0,50.0,10.0,10.0,20.0,0.6063454224180999,nan,240,-0.004751335840587892,1.0573096579345969,0.0001324141048795487,0.830234855222443,1.0,large_error
UBFC_A4_L3_C050_SEED101/Eval_On_PURE,PURE,old,601,0,window,0,240,0.0,8.0,8.0,69.0,72.0,-3.0,3.0,4.166666666666666,0.4027249480203474,nan,240,0.023002051168011742,1.3954428572793065,-0.007275906403187831,0.9465978899736595,1.0,correct
UBFC_A4_L3_C050_SEED101/Eval_On_PURE,PURE,old,601,1,window,30,270,1.0,9.0,8.0,68.0,71.0,-3.0,3.0,4.225352112676056,0.2830343006598415,nan,240,0.04266689427197079,1.4127071552031625,0.01095826796003186,0.975762336772458,1.0,correct
UBFC_A4_L3_C050_SEED101/Eval_On_PURE,PURE,old,601,2,window,60,300,2.0,10.0,8.0,67.0,70.0,-3.0,3.0,4.285714285714286,0.03775341535837597,nan,240,0.06960764253673822,1.4194473754472425,0.019243937633582883,0.9806563540857337,1.0,correct
UBFC_A4_L3_C050_SEED101/Eval_On_PURE,PURE,old,601,3,window,90,330,3.0,11.0,8.0,67.0,70.0,-3.0,3.0,4.285714285714286,-0.09769170857245585,nan,240,0.05406955249195096,1.3473177710242596,-0.010672796497540141,0.9852507577273487,1.0,correct
UBFC_A4_L3_C050_SEED101/Eval_On_PURE,PURE,old,601,4,window,120,360,4.0,12.0,8.0,67.0,69.0,-2.0,2.0,2.898550724637681,-0.151312565681375,nan,240,-0.041518992117505205,1.2743098748441826,-0.021697468091429806,0.9551301011237813,1.0,correct
UBFC_A4_L3_C050_SEED101/Eval_On_PURE,PURE,old,601,5,window,150,390,5.0,13.0,8.0,66.0,68.0,-2.0,2.0,2.941176470588235,-0.16179263191689566,nan,240,-0.0682074362670431,1.2133641274457232,-0.021786853088685387,0.9568692230241407,1.0,correct
UBFC_A4_L3_C050_SEED101/Eval_On_PURE,PURE,old,601,6,window,180,420,6.0,14.0,8.0,65.0,66.0,-1.0,1.0,1.5151515151515151,-0.209973669038469,nan,240,-0.037846014518647525,1.1841998505905653,-0.017416366458278952,0.9613193373757499,1.0,correct
UBFC_A4_L3_C050_SEED101/Eval_On_PURE,PURE,old,601,7,window,210,450,7.0,15.0,8.0,61.99999999999999,64.0,-2.000000000000007,2.000000000000007,3.125000000000011,-0.25746193424739916,nan,240,0.025681930013557855,1.0812960009687744,0.007066677416641287,0.9657975093768146,1.0,correct
UBFC_A4_L3_C050_SEED101/Eval_On_PURE,PURE,old,601,8,window,240,480,8.0,16.0,8.0,61.99999999999999,64.0,-2.000000000000007,2.000000000000007,3.125000000000011,-0.29769844188908273,nan,240,0.02337461817846116,0.9658093247396434,0.027979197415767154,0.9730981147384443,1.0,correct
UBFC_A4_L3_C050_SEED101/Eval_On_PURE,PURE,old,601,9,window,270,510,9.0,17.0,8.0,61.99999999999999,63.0,-1.000000000000007,1.000000000000007,1.5873015873015988,-0.3801995164722068,nan,240,0.010052712929609296,0.8532147825422305,0.035342921569012205,0.959953487509313,1.0,correct
UBFC_A4_L3_C050_SEED101/Eval_On_PURE,PURE,old,601,10,window,300,540,10.0,18.0,8.0,63.0,63.0,0.0,0.0,0.0,-0.3638823565812936,nan,240,0.023566170934249762,0.7630275949758787,0.03319350481577399,0.9681354776291539,1.0,correct
UBFC_A4_L3_C050_SEED101/Eval_On_PURE,PURE,old,601,11,window,330,570,11.0,19.0,8.0,64.0,63.0,1.0,1.0,1.5873015873015872,-0.3292671670602141,nan,240,-0.006586960438919187,0.7711200018433033,0.01734140466821705,0.9638136443656605,1.0,correct
UBFC_A4_L3_C050_SEED101/Eval_On_PURE,PURE,old,601,12,window,360,600,12.0,20.0,8.0,63.0,63.0,0.0,0.0,0.0,-0.24372152126951033,nan,240,0.000496152142438568,0.7725908381836005,-0.0022992706817606123,0.9489925204483746,1.0,correct
UBFC_A4_L3_C050_SEED101/Eval_On_PURE,PURE,old,601,13,window,390,630,13.0,21.0,8.0,63.0,63.0,0.0,0.0,0.0,-0.1929696468752707,nan,240,0.028924688801679997,0.7907697110859097,-0.0010093374328283722,0.9516477505250989,1.0,correct
UBFC_A4_L3_C050_SEED101/Eval_On_PURE,PURE,old,601,14,window,420,660,14.0,22.0,8.0,61.99999999999999,63.0,-1.000000000000007,1.000000000000007,1.5873015873015988,-0.20337260173283916,nan,240,0.024946094670124135,0.7903970939932055,0.0008248468845034421,0.9610101237084082,1.0,correct
UBFC_A4_L3_C050_SEED101/Eval_On_PURE,PURE,old,601,15,window,450,690,15.0,23.0,8.0,61.99999999999999,63.0,-1.000000000000007,1.000000000000007,1.5873015873015988,-0.22912323868253634,nan,240,0.004500782570897242,0.8001971012283519,-0.00795102380670843,0.9657551189619334,1.0,correct
UBFC_A4_L3_C050_SEED101/Eval_On_PURE,PURE,old,601,16,window,480,720,16.0,24.0,8.0,61.99999999999999,61.99999999999999,0.0,0.0,0.0,-0.2214733837509166,nan,240,-0.008694040752593234,0.8067022240729116,-0.014908122244167814,0.9561494684323225,1.0,correct
UBFC_A4_L3_C050_SEED101/Eval_On_PURE,PURE,old,601,17,window,510,750,17.0,25.0,8.0,63.0,63.0,0.0,0.0,0.0,-0.2392334501285926,nan,240,-0.015359952671667022,0.8093700209973569,-0.016494504341364718,0.957602722357183,1.0,correct
UBFC_A4_L3_C050_SEED101/Eval_On_PURE,PURE,old,601,18,window,540,780,18.0,26.0,8.0,64.0,63.0,1.0,1.0,1.5873015873015872,-0.27284700552773666,nan,240,-0.006154261980859605,0.8218211788992313,-0.011689176577055583,0.9681703356103203,1.0,correct
UBFC_A4_L3_C050_SEED101/Eval_On_PURE,PURE,old,601,19,window,570,810,19.0,27.0,8.0,65.0,63.0,2.0,2.0,3.1746031746031744,-0.25411240536613594,nan,240,-0.009826619667886071,0.8306017043450861,-0.008058486322618881,0.9740673740762997,1.0,correct
UBFC_A4_L3_C050_SEED101/Eval_On_PURE,PURE,old,601,20,window,600,840,20.0,28.0,8.0,63.0,63.0,0.0,0.0,0.0,-0.21756115668037082,nan,240,0.013730029911284292,0.8360897179350552,-0.009357477698237006,0.9581128449868425,1.0,correct
UBFC_A4_L3_C050_SEED101/Eval_On_PURE,PURE,old,601,21,window,630,870,21.0,29.0,8.0,63.0,63.0,0.0,0.0,0.0,-0.23422301750183264,nan,240,0.0032956739713735695,0.8411105397818287,-0.006255381098764742,0.945487568902686,1.0,correct
UBFC_A4_L3_C050_SEED101/Eval_On_PURE,PURE,old,601,22,window,660,900,22.0,30.0,8.0,61.0,61.99999999999999,-0.9999999999999929,0.9999999999999929,1.6129032258064404,-0.2891045789078041,nan,240,-0.00024774205479836757,0.8473043273928208,-0.012246446103160802,0.915913004111337,1.0,correct
UBFC_A4_L3_C050_SEED101/Eval_On_PURE,PURE,old,601,23,window,690,930,23.0,31.0,8.0,61.0,61.99999999999999,-0.9999999999999929,0.9999999999999929,1.6129032258064404,-0.19528743299338286,nan,240,-0.008811824000488609,0.8555532712015267,-0.0062468393805136,0.91605473859579,1.0,correct
UBFC_A4_L3_C050_SEED101/Eval_On_PURE,PURE,old,601,24,window,720,960,24.0,32.0,8.0,61.0,61.99999999999999,-0.9999999999999929,0.9999999999999929,1.6129032258064404,-0.10086071480490046,nan,240,0.005916041281140994,0.8537357761451517,-0.00883955994399241,0.9494160275436674,1.0,correct
UBFC_A4_L3_C050_SEED101/Eval_On_PURE,PURE,old,601,25,window,750,990,25.0,33.0,8.0,60.0,61.99999999999999,-1.999999999999993,1.999999999999993,3.225806451612892,-0.04578305108943452,nan,240,0.031212163458183305,0.8713178404861387,0.007916683612560989,0.9735838616270588,1.0,correct
UBFC_A4_L3_C050_SEED101/Eval_On_PURE,PURE,old,601,26,window,780,1020,26.0,34.0,8.0,61.0,61.99999999999999,-0.9999999999999929,0.9999999999999929,1.6129032258064404,-0.04016552097549114,nan,240,0.016222075472027888,0.8647825918805323,0.015164170415685765,0.9745452643468813,1.0,correct
UBFC_A4_L3_C050_SEED101/Eval_On_PURE,PURE,old,601,27,window,810,1050,27.0,35.0,8.0,61.0,61.99999999999999,-0.9999999999999929,0.9999999999999929,1.6129032258064404,-0.08151836067403155,nan,240,0.005121934225590108,0.8565475016494423,0.008888279966076773,0.9820925880430197,1.0,correct
UBFC_A4_L3_C050_SEED101/Eval_On_PURE,PURE,old,601,28,window,840,1080,28.0,36.0,8.0,61.0,61.99999999999999,-0.9999999999999929,0.9999999999999929,1.6129032258064404,-0.10255806360781344,nan,240,0.01966816534072819,0.8702194095065464,0.01876206795952108,0.9783324088853579,1.0,correct
UBFC_A4_L3_C050_SEED101/Eval_On_PURE,PURE,old,601,29,window,870,1110,29.0,37.0,8.0,61.0,61.99999999999999,-0.9999999999999929,0.9999999999999929,1.6129032258064404,-0.08124427414629738,nan,240,0.04375731918275464,0.8824864275491457,0.02904143881784167,0.9805413561597348,1.0,correct
UBFC_A4_L3_C050_SEED101/Eval_On_PURE,PURE,old,601,30,window,900,1140,30.0,38.0,8.0,61.0,61.99999999999999,-0.9999999999999929,0.9999999999999929,1.6129032258064404,-0.04946780822505839,nan,240,0.03089228895337224,0.8800812942104596,0.021939415675398942,0.97439463223392,1.0,correct
UBFC_A4_L3_C050_SEED101/Eval_On_PURE,PURE,old,601,31,window,930,1170,31.0,39.0,8.0,61.99999999999999,61.99999999999999,0.0,0.0,0.0,0.10544467142809177,nan,240,0.027589398717640375,0.8752325831328845,0.02133007121187849,0.9511012985548704,1.0,correct
UBFC_A4_L3_C050_SEED101/Eval_On_PURE,PURE,old,601,32,window,960,1200,32.0,40.0,8.0,63.0,63.0,0.0,0.0,0.0,0.1356779714040976,nan,240,0.059863248464765435,0.9050335167905472,0.010652519669538906,0.9614435690729387,1.0,correct
UBFC_A4_L3_C050_SEED101/Eval_On_PURE,PURE,old,601,33,window,990,1230,33.0,41.0,8.0,64.0,63.0,1.0,1.0,1.5873015873015872,0.12181417962158665,nan,240,0.0635597827132016,0.9180956189109781,0.010786321575092678,0.9705394335040591,1.0,correct
UBFC_A4_L3_C050_SEED101/Eval_On_PURE,PURE,old,601,34,window,1020,1260,34.0,42.0,8.0,64.0,64.0,0.0,0.0,0.0,0.22062564725161327,nan,240,0.03501098315873962,0.9230135082250007,0.0012812854607498925,0.9541690219414404,1.0,correct
UBFC_A4_L3_C050_SEED101/Eval_On_PURE,PURE,old,601,35,window,1050,1290,35.0,43.0,8.0,65.0,64.0,1.0,1.0,1.5625,0.26711710633291463,nan,240,0.010912530639249013,0.9289483259573815,-0.003141378494490462,0.9629388784671462,1.0,correct
UBFC_A4_L3_C050_SEED101/Eval_On_PURE,PURE,old,601,36,window,1080,1320,36.0,44.0,8.0,65.0,65.0,0.0,0.0,0.0,0.16854637500417413,nan,240,-0.02025849596047293,0.9339281691867604,-0.0036787165949930295,0.9587191945762278,1.0,correct
UBFC_A4_L3_C050_SEED101/Eval_On_PURE,PURE,old,601,37,window,1110,1350,37.0,45.0,8.0,66.0,65.0,1.0,1.0,1.5384615384615385,0.06010597441578285,nan,240,-0.04684403474606011,0.9389141012709545,-0.003420680217740646,0.9788874942035689,1.0,correct
UBFC_A4_L3_C050_SEED101/Eval_On_PURE,PURE,old,601,38,window,1140,1380,38.0,46.0,8.0,65.0,64.0,1.0,1.0,1.5625,0.021831738718719407,nan,240,-0.049616900366260694,0.9468205393776069,-0.00037485188890757173,0.9741886374190908,1.0,correct
UBFC_A4_L3_C050_SEED101/Eval_On_PURE,PURE,old,601,39,window,1170,1410,39.0,47.0,8.0,64.0,64.0,0.0,0.0,0.0,0.04462071858519443,nan,240,-0.04947804011610966,0.9687143895118162,0.0006780915113811366,0.9622490326350134,1.0,correct
UBFC_A4_L3_C050_SEED101/Eval_On_PURE,PURE,old,601,40,window,1200,1440,40.0,48.0,8.0,63.0,63.0,0.0,0.0,0.0,0.042347032618685866,nan,240,-0.061447297749651825,0.9862550756848706,-0.004729640123129072,0.9563745502665181,1.0,correct
UBFC_A4_L3_C050_SEED101/Eval_On_PURE,PURE,old,601,41,window,1230,1470,41.0,49.0,8.0,63.0,63.0,0.0,0.0,0.0,0.05091540777141251,nan,240,-0.07311341849782024,0.9914268811343975,-0.01830355070202686,0.9150832315651097,1.0,correct
UBFC_A4_L3_C050_SEED101/Eval_On_PURE,PURE,old,601,42,window,1260,1500,42.0,50.0,8.0,61.99999999999999,63.0,-1.000000000000007,1.000000000000007,1.5873015873015988,0.18099352325691062,nan,240,-0.035608132808625646,0.9949358726480091,-0.021118590568607393,0.9456811612585376,1.0,correct
UBFC_A4_L3_C050_SEED101/Eval_On_PURE,PURE,old,601,43,window,1290,1530,43.0,51.0,8.0,63.0,63.0,0.0,0.0,0.0,0.2486546098495732,nan,240,0.05168103220698936,1.0342443330355402,-0.0022555942245368723,0.9678726293015505,1.0,correct
UBFC_A4_L3_C050_SEED101/Eval_On_PURE,PURE,old,601,44,window,1320,1560,44.0,52.0,8.0,63.0,63.0,0.0,0.0,0.0,0.2918192773697288,nan,240,0.12315686632484042,1.040216404770665,0.021405744800601555,0.9693208802871822,1.0,correct
UBFC_A4_L3_C050_SEED101/Eval_On_PURE,PURE,old,601,45,window,1350,1590,45.0,53.0,8.0,65.0,64.0,1.0,1.0,1.5625,0.3263240261518668,nan,240,0.1484195132630079,1.0236426784163786,0.02296307076948164,0.9754108801177885,1.0,correct
UBFC_A4_L3_C050_SEED101/Eval_On_PURE,PURE,old,601,46,window,1380,1620,46.0,54.0,8.0,66.0,65.0,1.0,1.0,1.5384615384615385,0.39205734709017515,nan,240,0.1584577455428891,1.0093885763826815,0.022793286991376324,0.9831214220102028,1.0,correct
UBFC_A4_L3_C050_SEED101/Eval_On_PURE,PURE,old,601,47,window,1410,1650,47.0,55.0,8.0,67.0,66.0,1.0,1.0,1.5151515151515151,0.3124456635274305,nan,240,0.1894688348902041,1.0068221572014104,0.017727389030303974,0.9714701869887713,1.0,correct
UBFC_A4_L3_C050_SEED101/Eval_On_PURE,PURE,old,601,48,window,1440,1680,48.0,56.0,8.0,67.0,66.0,1.0,1.0,1.5151515151515151,0.37702952419669805,nan,240,0.15215882142778486,1.0042320043916357,0.0246533414233079,0.9605612809892067,1.0,correct
UBFC_A4_L3_C050_SEED101/Eval_On_PURE,PURE,old,601,49,window,1470,1710,49.0,57.0,8.0,67.0,66.0,1.0,1.0,1.5151515151515151,0.4757991243296683,nan,240,0.09955124371101834,1.0077182595434084,0.015410106205336952,0.9860206572261738,1.0,correct
UBFC_A4_L3_C050_SEED101/Eval_On_PURE,PURE,old,601,50,window,1500,1740,50.0,58.0,8.0,67.0,66.0,1.0,1.0,1.5151515151515151,0.38854104323320215,nan,240,0.029561338252148874,1.0086047032006327,0.00779538052050303,0.9837116126502992,1.0,correct
UBFC_A4_L3_C050_SEED101/Eval_On_PURE,PURE,old,601,51,window,1530,1770,51.0,59.0,8.0,67.0,66.0,1.0,1.0,1.5151515151515151,0.5215762198436256,nan,240,-0.027892710159616044,0.9924311082890712,-0.019491017585586155,0.9822759023964589,1.0,correct
UBFC_A4_L3_C050_SEED101/Eval_On_PURE,PURE,old,601,52,window,1560,1800,52.0,60.0,8.0,67.0,66.0,1.0,1.0,1.5151515151515151,0.5953949867406335,nan,240,-0.09698870275814046,0.9808186452444061,-0.023125003906443144,0.9622251449372474,1.0,correct
UBFC_A4_L3_C050_SEED101/Eval_On_PURE,PURE,old,601,53,window,1590,1830,53.0,61.0,8.0,67.0,65.0,2.0,2.0,3.076923076923077,0.6972214561118072,nan,240,-0.14250386921608432,0.9730972553207525,-0.008933647157219286,0.9405603312381895,1.0,correct
UBFC_A4_L3_C050_SEED101/Eval_On_PURE,PURE,old,601,54,window,1620,1860,54.0,62.0,8.0,66.0,65.0,1.0,1.0,1.5384615384615385,0.7167852919678244,nan,240,-0.14488123108808748,0.9854863629736279,0.004711205732376851,0.9380654620866768,1.0,correct
UBFC_A4_L3_C050_SEED101/Eval_On_PURE,PURE,old,601,55,window,1650,1890,55.0,63.0,8.0,66.0,65.0,1.0,1.0,1.5384615384615385,0.7524174597403693,nan,240,-0.15427041568088035,0.9827713892090479,0.013750988968133168,0.9594567586874845,1.0,correct
UBFC_A4_L3_C050_SEED101/Eval_On_PURE,PURE,old,601,56,window,1680,1920,56.0,64.0,8.0,65.0,65.0,0.0,0.0,0.0,0.7434936855767308,nan,240,-0.13951651410234836,0.9627310221287871,0.028138370551985422,0.9787360605137156,1.0,correct
UBFC_A4_L3_C050_SEED101/Eval_On_PURE,PURE,old,603,0,window,0,240,0.0,8.0,8.0,75.0,76.0,-1.0,1.0,1.3157894736842104,0.7303577360259575,nan,240,-0.08614461242360338,0.9192347316730938,0.026863758176599643,0.926856030718027,1.0,correct
UBFC_A4_L3_C050_SEED101/Eval_On_PURE,PURE,old,603,1,window,30,270,1.0,9.0,8.0,76.0,77.0,-1.0,1.0,1.2987012987012987,0.8335743248969817,nan,240,-0.08627575609286105,0.8936730028470745,0.0018246737109241424,0.914497712274463,1.0,correct
UBFC_A4_L3_C050_SEED101/Eval_On_PURE,PURE,old,603,2,window,60,300,2.0,10.0,8.0,77.0,78.0,-1.0,1.0,1.282051282051282,0.8003048294654002,nan,240,-0.10071248835030827,0.8883766397014857,-0.01020987792061299,0.8866309378340135,1.0,correct
UBFC_A4_L3_C050_SEED101/Eval_On_PURE,PURE,old,603,3,window,90,330,3.0,11.0,8.0,77.0,79.0,-2.0,2.0,2.5316455696202533,0.7549200303403416,nan,240,-0.056634554680854564,0.8812132663439659,0.024848915059360002,0.9241720665973038,1.0,correct
UBFC_A4_L3_C050_SEED101/Eval_On_PURE,PURE,old,603,4,window,120,360,4.0,12.0,8.0,80.0,79.0,1.0,1.0,1.2658227848101267,0.759891951463815,nan,240,-0.04488899980296574,0.8713951999837888,0.017746134261466495,0.9071773001860002,1.0,correct
UBFC_A4_L3_C050_SEED101/Eval_On_PURE,PURE,old,603,5,window,150,390,5.0,13.0,8.0,80.0,78.0,2.0,2.0,2.564102564102564,0.6539260494338722,nan,240,-0.05226309903893264,0.8366268726431303,0.003345235839526643,0.8802423872792419,1.0,correct
UBFC_A4_L3_C050_SEED101/Eval_On_PURE,PURE,old,603,6,window,180,420,6.0,14.0,8.0,75.0,76.0,-1.0,1.0,1.3157894736842104,0.7061211280795114,nan,240,-0.04135085289278473,0.8652670294902765,0.004032503150284827,0.9403514357205424,1.0,correct
UBFC_A4_L3_C050_SEED101/Eval_On_PURE,PURE,old,603,7,window,210,450,7.0,15.0,8.0,75.0,74.0,1.0,1.0,1.3513513513513513,0.7302701270551376,nan,240,-0.03947385912653459,0.8879842435710763,0.003218452078713721,0.9413779743916492,1.0,correct
UBFC_A4_L3_C050_SEED101/Eval_On_PURE,PURE,old,603,8,window,240,480,8.0,16.0,8.0,73.0,71.0,2.0,2.0,2.8169014084507045,0.7741291604332565,nan,240,-0.08709267186594524,0.8921851205233141,-0.006154037775406585,0.9493064235347478,1.0,correct
UBFC_A4_L3_C050_SEED101/Eval_On_PURE,PURE,old,603,9,window,270,510,9.0,17.0,8.0,70.0,71.0,-1.0,1.0,1.4084507042253522,0.7295227831207194,nan,240,-0.014824313625647345,0.9819695419653022,0.02369559570188117,0.9500108213589558,1.0,correct
UBFC_A4_L3_C050_SEED101/Eval_On_PURE,PURE,old,603,10,window,300,540,10.0,18.0,8.0,70.0,70.0,0.0,0.0,0.0,0.7680639449422981,nan,240,0.03753206416569646,0.9983450885922693,-0.0040858451306181485,0.9517536766992183,1.0,correct
UBFC_A4_L3_C050_SEED101/Eval_On_PURE,PURE,old,603,11,window,330,570,11.0,19.0,8.0,69.0,70.0,-1.0,1.0,1.4285714285714286,0.7969268486552135,nan,240,-0.006141509856879653,0.9982459134239056,-0.0034892034372103085,0.9344505832561708,1.0,correct
UBFC_A4_L3_C050_SEED101/Eval_On_PURE,PURE,old,603,12,window,360,600,12.0,20.0,8.0,68.0,70.0,-2.0,2.0,2.857142857142857,0.7705242034178068,nan,240,-0.022865059847007322,1.0081116140371138,0.0014433108197906218,0.9431004865361237,1.0,correct
UBFC_A4_L3_C050_SEED101/Eval_On_PURE,PURE,old,603,13,window,390,630,13.0,21.0,8.0,69.0,70.0,-1.0,1.0,1.4285714285714286,0.7575404620748032,nan,240,-0.006059545063593582,1.0473624530045558,0.0033431926568235184,0.9330448209012282,1.0,correct
UBFC_A4_L3_C050_SEED101/Eval_On_PURE,PURE,old,603,14,window,420,660,14.0,22.0,8.0,68.0,72.0,-4.0,4.0,5.555555555555555,0.5662268377860432,nan,240,0.060367455575185906,1.0683287772794978,0.029464911275048224,0.9724973147934356,1.0,large_error
UBFC_A4_L3_C050_SEED101/Eval_On_PURE,PURE,old,603,15,window,450,690,15.0,23.0,8.0,69.0,72.0,-3.0,3.0,4.166666666666666,0.5964385776958847,nan,240,0.11881928182723461,1.0377851411849537,0.018780782460877613,0.8560226073447182,1.0,correct
UBFC_A4_L3_C050_SEED101/Eval_On_PURE,PURE,old,603,16,window,480,720,16.0,24.0,8.0,74.0,73.0,1.0,1.0,1.36986301369863,0.693500517634695,nan,240,0.1318571482792669,1.0575916928280866,-0.0009305889024403473,0.8796579311511074,1.0,correct
UBFC_A4_L3_C050_SEED101/Eval_On_PURE,PURE,old,603,17,window,510,750,17.0,25.0,8.0,74.0,74.0,0.0,0.0,0.0,0.8036137279325329,nan,240,0.09520249272175138,1.0566985563882167,-0.0012160967248808349,0.906124436548989,1.0,correct
UBFC_A4_L3_C050_SEED101/Eval_On_PURE,PURE,old,603,18,window,540,780,18.0,26.0,8.0,74.0,74.0,0.0,0.0,0.0,0.7746247655590994,nan,240,0.08532573513078394,1.0632799336106071,-0.011984826039040402,0.9269844867563407,1.0,correct
UBFC_A4_L3_C050_SEED101/Eval_On_PURE,PURE,old,603,19,window,570,810,19.0,27.0,8.0,76.0,74.0,2.0,2.0,2.7027027027027026,0.5226106319143269,nan,240,0.11628656971469575,1.0692951362478138,-0.002488923655464322,0.8244919463470078,1.0,correct
UBFC_A4_L3_C050_SEED101/Eval_On_PURE,PURE,old,603,20,window,600,840,20.0,28.0,8.0,61.0,73.0,-12.0,12.0,16.43835616438356,0.4033959260535839,nan,240,0.13597451306200198,1.1015630741387814,0.03937616811304453,0.8761495490215274,1.0,large_error
UBFC_A4_L3_C050_SEED101/Eval_On_PURE,PURE,old,603,21,window,630,870,21.0,29.0,8.0,81.0,72.0,9.0,9.0,12.5,0.44574310463681804,nan,240,0.10511203623003294,1.090353372262426,0.02740156169464372,0.8827335204648952,1.0,large_error
UBFC_A4_L3_C050_SEED101/Eval_On_PURE,PURE,old,603,22,window,660,900,22.0,30.0,8.0,81.0,70.0,11.0,11.0,15.714285714285714,0.5018886559255468,nan,240,0.0075056282252450235,1.0594129813455666,0.00300930541769829,0.8994796004586602,1.0,large_error
UBFC_A4_L3_C050_SEED101/Eval_On_PURE,PURE,old,603,23,window,690,930,23.0,31.0,8.0,68.0,69.0,-1.0,1.0,1.4492753623188406,0.5895179058018344,nan,240,-0.06388297456711609,1.1060956033931935,-0.003937755625352994,0.9244005805998107,1.0,correct
UBFC_A4_L3_C050_SEED101/Eval_On_PURE,PURE,old,603,24,window,720,960,24.0,32.0,8.0,66.0,67.0,-1.0,1.0,1.4925373134328357,0.5070388087048296,nan,240,-0.10154579708204937,1.1153167479425103,0.019721078831780245,0.9386644394561823,1.0,correct
UBFC_A4_L3_C050_SEED101/Eval_On_PURE,PURE,old,603,25,window,750,990,25.0,33.0,8.0,68.0,66.0,2.0,2.0,3.0303030303030303,0.6347934179820851,nan,240,-0.17172951741310577,1.075755095745899,0.006037346931837969,0.9528610839737588,1.0,correct
UBFC_A4_L3_C050_SEED101/Eval_On_PURE,PURE,old,603,26,window,780,1020,26.0,34.0,8.0,67.0,66.0,1.0,1.0,1.5151515151515151,0.5971271119479443,nan,240,-0.11145260843055488,1.1217305344833965,0.006730346924948952,0.9696109432696752,1.0,correct
UBFC_A4_L3_C050_SEED101/Eval_On_PURE,PURE,old,603,27,window,810,1050,27.0,35.0,8.0,68.0,67.0,1.0,1.0,1.4925373134328357,0.7524010740292902,nan,240,-0.02000448856132436,1.1780716820806911,0.0008118605615495118,0.9495478935206141,1.0,correct
UBFC_A4_L3_C050_SEED101/Eval_On_PURE,PURE,old,603,28,window,840,1080,28.0,36.0,8.0,68.0,68.0,0.0,0.0,0.0,0.8290101147173569,nan,240,0.012467230378827014,1.1539312553430936,-0.006172550640266775,0.9731752419815592,1.0,correct
UBFC_A4_L3_C050_SEED101/Eval_On_PURE,PURE,old,603,29,window,870,1110,29.0,37.0,8.0,69.0,69.0,0.0,0.0,0.0,0.7997129894549356,nan,240,0.03588457182064702,1.1513308541336436,-0.012214530478525958,0.9274598884891413,1.0,correct
UBFC_A4_L3_C050_SEED101/Eval_On_PURE,PURE,old,603,30,window,900,1140,30.0,38.0,8.0,69.0,70.0,-1.0,1.0,1.4285714285714286,0.7069087885501522,nan,240,0.11214188333419899,1.2108587576883418,0.002749194965824775,0.9528714962583356,1.0,correct
UBFC_A4_L3_C050_SEED101/Eval_On_PURE,PURE,old,603,31,window,930,1170,31.0,39.0,8.0,72.0,71.0,1.0,1.0,1.4084507042253522,0.7517019900379753,nan,240,0.18651673676194835,1.2304211669391856,-0.002562822922963074,0.9577245839454502,1.0,correct
UBFC_A4_L3_C050_SEED101/Eval_On_PURE,PURE,old,603,32,window,960,1200,32.0,40.0,8.0,72.0,71.0,1.0,1.0,1.4084507042253522,0.773333160265558,nan,240,0.2410506458949228,1.2331275994941042,0.007967164346659162,0.9490357826051157,1.0,correct
UBFC_A4_L3_C050_SEED101/Eval_On_PURE,PURE,old,603,33,window,990,1230,33.0,41.0,8.0,69.0,70.0,-1.0,1.0,1.4285714285714286,0.7562155410008381,nan,240,0.28717223507697576,1.2725718289555783,0.01517303971593705,0.9383493684341564,1.0,correct
UBFC_A4_L3_C050_SEED101/Eval_On_PURE,PURE,old,603,34,window,1020,1260,34.0,42.0,8.0,68.0,69.0,-1.0,1.0,1.4492753623188406,0.7911952227500187,nan,240,0.1811070604050697,1.307871451359054,0.011810888395639978,0.9210502241034052,1.0,correct
UBFC_A4_L3_C050_SEED101/Eval_On_PURE,PURE,old,603,35,window,1050,1290,35.0,43.0,8.0,68.0,68.0,0.0,0.0,0.0,0.7970144100626727,nan,240,-0.011578507811520478,1.3196509485745425,0.009999914611288447,0.9707237505247445,1.0,correct
UBFC_A4_L3_C050_SEED101/Eval_On_PURE,PURE,old,603,36,window,1080,1320,36.0,44.0,8.0,66.0,66.0,0.0,0.0,0.0,0.827539609969675,nan,240,-0.07895083573286592,1.3657072641022943,-0.0016038568771607439,0.9536102464235375,1.0,correct
UBFC_A4_L3_C050_SEED101/Eval_On_PURE,PURE,old,603,37,window,1110,1350,37.0,45.0,8.0,67.0,66.0,1.0,1.0,1.5151515151515151,0.7909920591140263,nan,240,-0.07058769465791333,1.4095486532069499,0.0016523107035820198,0.9612474386505869,1.0,correct
UBFC_A4_L3_C050_SEED101/Eval_On_PURE,PURE,old,603,38,window,1140,1380,38.0,46.0,8.0,67.0,66.0,1.0,1.0,1.5151515151515151,0.8207790019982425,nan,240,-0.0942318053611589,1.332197507939539,0.018055040604369296,0.9769284623625649,1.0,correct
UBFC_A4_L3_C050_SEED101/Eval_On_PURE,PURE,old,603,39,window,1170,1410,39.0,47.0,8.0,67.0,66.0,1.0,1.0,1.5151515151515151,0.7966192482888337,nan,240,-0.12066818335568197,1.2537226545764746,0.01327174357230223,0.9804917623677614,1.0,correct
UBFC_A4_L3_C050_SEED101/Eval_On_PURE,PURE,old,603,40,window,1200,1440,40.0,48.0,8.0,67.0,67.0,0.0,0.0,0.0,0.7504048855604574,nan,240,-0.09569624300120169,1.2085932332066134,0.0004650663460130063,0.9708826069979688,1.0,correct
UBFC_A4_L3_C050_SEED101/Eval_On_PURE,PURE,old,603,41,window,1230,1470,41.0,49.0,8.0,68.0,69.0,-1.0,1.0,1.4492753623188406,0.7863379718852356,nan,240,-0.04636709824188943,1.1463933387942766,0.004708398512729594,0.9447812685564824,1.0,correct
UBFC_A4_L3_C050_SEED101/Eval_On_PURE,PURE,old,603,42,window,1260,1500,42.0,50.0,8.0,69.0,69.0,0.0,0.0,0.0,0.6995384966094083,nan,240,0.015601017642129466,1.0590214132806717,-0.009362092814758059,0.9383280884250412,1.0,correct
UBFC_A4_L3_C050_SEED101/Eval_On_PURE,PURE,old,603,43,window,1290,1530,43.0,51.0,8.0,70.0,69.0,1.0,1.0,1.4492753623188406,0.7021078225066749,nan,240,0.1133604265943851,0.9579451016056224,-0.008682065290537078,0.941053623773715,1.0,correct
UBFC_A4_L3_C050_SEED101/Eval_On_PURE,PURE,old,603,44,window,1320,1560,44.0,52.0,8.0,69.0,69.0,0.0,0.0,0.0,0.7888974562491674,nan,240,0.13823400919692003,0.868212868305658,-0.00010244475402771957,0.948309829827996,1.0,correct
UBFC_A4_L3_C050_SEED101/Eval_On_PURE,PURE,old,603,45,window,1350,1590,45.0,53.0,8.0,68.0,69.0,-1.0,1.0,1.4492753623188406,0.8521645321435908,nan,240,0.1046721585060643,0.7951184183582869,0.004002485029112468,0.9462977216341713,1.0,correct
UBFC_A4_L3_C050_SEED101/Eval_On_PURE,PURE,old,603,46,window,1380,1620,46.0,54.0,8.0,67.0,68.0,-1.0,1.0,1.4705882352941175,0.849899132487286,nan,240,0.05125570272155534,0.8148504273134135,0.00845683385223736,0.9712462127261514,1.0,correct
UBFC_A4_L3_C050_SEED101/Eval_On_PURE,PURE,old,603,47,window,1410,1650,47.0,55.0,8.0,67.0,68.0,-1.0,1.0,1.4705882352941175,0.8297006462336978,nan,240,0.06071717202654036,0.835626241619363,0.009973753354562687,0.9566369833777137,1.0,correct
UBFC_A4_L3_C050_SEED101/Eval_On_PURE,PURE,old,603,48,window,1440,1680,48.0,56.0,8.0,67.0,68.0,-1.0,1.0,1.4705882352941175,0.8347573338237055,nan,240,0.06575800681363085,0.8390402599502713,-0.004182968899473431,0.9116039893710266,1.0,correct
UBFC_A4_L3_C050_SEED101/Eval_On_PURE,PURE,old,603,49,window,1470,1710,49.0,57.0,8.0,68.0,68.0,0.0,0.0,0.0,0.8587294488891623,nan,240,0.019674667868445857,0.8369460553348258,-0.0015483553225837054,0.9583387735099006,1.0,correct
UBFC_A4_L3_C050_SEED101/Eval_On_PURE,PURE,old,603,50,window,1500,1740,50.0,58.0,8.0,67.0,68.0,-1.0,1.0,1.4705882352941175,0.8812272084929863,nan,240,0.002065898110828868,0.8368857155449696,-0.005248381093595348,0.9787885168050077,1.0,correct
UBFC_A4_L3_C050_SEED101/Eval_On_PURE,PURE,old,603,51,window,1530,1770,51.0,59.0,8.0,67.0,69.0,-2.0,2.0,2.898550724637681,0.794023202728675,nan,240,0.01334698582676328,0.8618081362457587,0.00317181514400862,0.9500852691405318,1.0,correct
UBFC_A4_L3_C050_SEED101/Eval_On_PURE,PURE,old,603,52,window,1560,1800,52.0,60.0,8.0,67.0,70.0,-3.0,3.0,4.285714285714286,0.6856405553167527,nan,240,0.006306210083493613,0.8575364342373131,0.021506211776781022,0.952568525338124,1.0,correct
UBFC_A4_L3_C050_SEED101/Eval_On_PURE,PURE,old,603,53,window,1590,1830,53.0,61.0,8.0,68.0,70.0,-2.0,2.0,2.857142857142857,0.7126096549678774,nan,240,0.020923264886170526,0.8482476097935834,0.02668344839147713,0.966083079826487,1.0,correct
UBFC_A4_L3_C050_SEED101/Eval_On_PURE,PURE,old,603,54,window,1620,1860,54.0,62.0,8.0,68.0,70.0,-2.0,2.0,2.857142857142857,0.721862392864773,nan,240,0.05429659655246789,0.855628955657931,0.012013993485018281,0.940229181675167,1.0,correct
UBFC_A4_L3_C050_SEED101/Eval_On_PURE,PURE,old,603,55,window,1650,1890,55.0,63.0,8.0,68.0,70.0,-2.0,2.0,2.857142857142857,0.7011160363573801,nan,240,0.03439008042306541,0.8538749699312115,-0.000390452258003691,0.9131596251126566,1.0,correct
UBFC_A4_L3_C050_SEED101/Eval_On_PURE,PURE,old,603,56,window,1680,1920,56.0,64.0,8.0,68.0,69.0,-1.0,1.0,1.4492753623188406,0.7704237185180769,nan,240,-0.042610378549612124,0.8365035769956938,0.013734407816404944,0.9547113625795,1.0,correct
UBFC_A4_L3_C050_SEED101/Eval_On_PURE,PURE,old,603,57,window,1710,1950,57.0,65.0,8.0,68.0,68.0,0.0,0.0,0.0,0.8359809353838878,nan,240,-0.054432433901235075,0.8237561260035102,0.011304564190553623,0.9111905106411016,1.0,correct
UBFC_A4_L3_C050_SEED101/Eval_On_PURE,PURE,old,603,58,window,1740,1980,58.0,66.0,8.0,67.0,67.0,0.0,0.0,0.0,0.8624432825449997,nan,240,-0.05039976607156225,0.8461766658608132,0.00041761191334681037,0.9607038810683403,1.0,correct
UBFC_A4_L3_C050_SEED101/Eval_On_PURE,PURE,old,603,59,window,1770,2010,59.0,67.0,8.0,67.0,67.0,0.0,0.0,0.0,0.8071664958495798,nan,240,-0.07949180336855242,0.8387754517418841,0.010946703515292507,0.9603922758556587,1.0,correct
UBFC_A4_L3_C050_SEED101/Eval_On_PURE,PURE,old,603,60,window,1800,2040,60.0,68.0,8.0,67.0,66.0,1.0,1.0,1.5151515151515151,0.8825245572896686,nan,240,-0.0859533612392687,0.8306078283633644,0.01546759014661675,0.9610985873897085,1.0,correct
UBFC_A4_L3_C050_SEED101/Eval_On_PURE,PURE,old,603,61,window,1830,2070,61.0,69.0,8.0,67.0,66.0,1.0,1.0,1.5151515151515151,0.8605959113019539,nan,240,-0.062134392310346995,0.8359832127243301,0.0025182425983088248,0.987433385718377,1.0,correct
UBFC_A4_L3_C050_SEED101/Eval_On_PURE,PURE,old,603,62,window,1860,2100,62.0,70.0,8.0,67.0,67.0,0.0,0.0,0.0,0.8747296080403094,nan,240,-0.027613553538044292,0.8312553606442626,-0.01227303095040031,0.9794042935380888,1.0,correct
UBFC_A4_L3_C050_SEED101/Eval_On_PURE,PURE,old,603,63,window,1890,2130,63.0,71.0,8.0,67.0,67.0,0.0,0.0,0.0,0.8974130326812273,nan,240,-0.03794931397141319,0.8176304203788349,-0.008549802793058607,0.9568288546758767,1.0,correct
UBFC_A4_L3_C050_SEED101/Eval_On_PURE,PURE,old,603,64,window,1920,2160,64.0,72.0,8.0,68.0,67.0,1.0,1.0,1.4925373134328357,0.8998311625138551,nan,240,0.00034463745182377416,0.8053638232937381,-0.004600363951872636,0.980459153747206,1.0,correct
UBFC_A4_L3_C050_SEED101/Eval_On_PURE,PURE,old,603,65,window,1950,2190,65.0,73.0,8.0,68.0,68.0,0.0,0.0,0.0,0.8669505616922125,nan,240,0.013169395441311967,0.8086974616582016,-0.0043242573399483375,0.9791977790494073,1.0,correct
UBFC_A4_L3_C050_SEED101/Eval_On_PURE,PURE,old,603,66,window,1980,2220,66.0,74.0,8.0,68.0,68.0,0.0,0.0,0.0,0.8697860160813422,nan,240,0.002489382876141603,0.8031642357200238,-0.007122878559011068,0.9585584410100267,1.0,correct
UBFC_A4_L3_C050_SEED101/Eval_On_PURE,PURE,old,604,0,window,0,240,0.0,8.0,8.0,70.0,71.0,-1.0,1.0,1.4084507042253522,0.6852075633547268,nan,240,-0.11886924709701971,1.0225438281988806,0.011729869440679826,0.9466560919700223,1.0,correct
UBFC_A4_L3_C050_SEED101/Eval_On_PURE,PURE,old,604,1,window,30,270,1.0,9.0,8.0,68.0,71.0,-3.0,3.0,4.225352112676056,0.5911264154721605,nan,240,-0.14543899248504,1.0294575452061487,0.012964177780689142,0.8491647649085654,1.0,correct
UBFC_A4_L3_C050_SEED101/Eval_On_PURE,PURE,old,604,2,window,60,300,2.0,10.0,8.0,72.0,72.0,0.0,0.0,0.0,0.6448865638445932,nan,240,-0.13344193313666383,1.0489889398699568,0.010336115169016346,0.8441260468658822,1.0,correct
UBFC_A4_L3_C050_SEED101/Eval_On_PURE,PURE,old,604,3,window,90,330,3.0,11.0,8.0,67.0,72.0,-5.0,5.0,6.944444444444445,0.4952911022556675,nan,240,-0.10954338067913495,1.0288106163454926,0.021845611748723463,0.7335839399730784,1.0,large_error
UBFC_A4_L3_C050_SEED101/Eval_On_PURE,PURE,old,604,4,window,120,360,4.0,12.0,8.0,61.99999999999999,72.0,-10.000000000000007,10.000000000000007,13.888888888888898,0.4605141510947976,nan,240,-0.04191938897037592,1.0297332115476463,0.02628905031208461,0.71739362734634,1.0,large_error
UBFC_A4_L3_C050_SEED101/Eval_On_PURE,PURE,old,604,5,window,150,390,5.0,13.0,8.0,73.0,72.0,1.0,1.0,1.3888888888888888,0.4618353545458637,nan,240,-0.04559674677724503,1.0187682407376943,-0.004654298718853655,0.7812942238862333,1.0,correct
UBFC_A4_L3_C050_SEED101/Eval_On_PURE,PURE,old,604,6,window,180,420,6.0,14.0,8.0,73.0,71.0,2.0,2.0,2.8169014084507045,0.46261418165239104,nan,240,-0.0661609698394267,1.045920984811508,0.0030647619236707315,0.7909494732601489,1.0,correct
UBFC_A4_L3_C050_SEED101/Eval_On_PURE,PURE,old,604,7,window,210,450,7.0,15.0,8.0,71.0,70.0,1.0,1.0,1.4285714285714286,0.3368786428422353,nan,240,-0.05214769593182231,1.0555706708855557,-0.003249546924566545,0.6642400473207802,1.0,correct
UBFC_A4_L3_C050_SEED101/Eval_On_PURE,PURE,old,604,8,window,240,480,8.0,16.0,8.0,67.0,70.0,-3.0,3.0,4.285714285714286,0.5115994487194535,nan,240,0.04458048890761649,1.1169585088679053,-0.011770550774889072,0.9116569147201459,1.0,correct
UBFC_A4_L3_C050_SEED101/Eval_On_PURE,PURE,old,604,9,window,270,510,9.0,17.0,8.0,68.0,69.0,-1.0,1.0,1.4492753623188406,0.5560489388801825,nan,240,0.09017374311082452,1.133939153257682,0.00015410768676971573,0.7641062035515669,1.0,correct
UBFC_A4_L3_C050_SEED101/Eval_On_PURE,PURE,old,604,10,window,300,540,10.0,18.0,8.0,70.0,68.0,2.0,2.0,2.941176470588235,0.48263855961309055,nan,240,0.04327519393285626,1.0999355971840776,0.01941332113938225,0.8144011620205693,1.0,correct
UBFC_A4_L3_C050_SEED101/Eval_On_PURE,PURE,old,604,11,window,330,570,11.0,19.0,8.0,84.0,68.0,16.0,16.0,23.52941176470588,0.43615240648033676,nan,240,0.029178396686094007,1.1148931631049412,-0.016082896955817435,0.7621822196155704,1.0,large_error
UBFC_A4_L3_C050_SEED101/Eval_On_PURE,PURE,old,604,12,window,360,600,12.0,20.0,8.0,52.0,69.0,-17.0,17.0,24.637681159420293,0.26695941753407826,nan,240,-0.05929962464769556,1.1047011108522133,-0.0029576213818288963,0.7158835981022744,1.0,large_error
UBFC_A4_L3_C050_SEED101/Eval_On_PURE,PURE,old,604,13,window,390,630,13.0,21.0,8.0,65.0,70.0,-5.0,5.0,7.142857142857142,0.3166944243243459,nan,240,-0.05906498233675608,1.0889299383359468,0.0028639281337158613,0.7688725741989433,1.0,large_error
UBFC_A4_L3_C050_SEED101/Eval_On_PURE,PURE,old,604,14,window,420,660,14.0,22.0,8.0,82.0,71.0,11.0,11.0,15.492957746478872,0.28656538245382324,nan,240,0.016118065806194282,1.0544795443951442,0.007515859811157431,0.7964088101873429,1.0,large_error
UBFC_A4_L3_C050_SEED101/Eval_On_PURE,PURE,old,604,15,window,450,690,15.0,23.0,8.0,82.0,72.0,10.0,10.0,13.88888888888889,0.4174576640755203,nan,240,0.09727011909414127,1.0308369350201363,0.023285721340547978,0.8433617933132814,1.0,large_error
UBFC_A4_L3_C050_SEED101/Eval_On_PURE,PURE,old,604,16,window,480,720,16.0,24.0,8.0,61.0,73.0,-12.0,12.0,16.43835616438356,0.34739381805752206,nan,240,0.005685029543646188,0.9608431409366326,0.0038245645266492584,0.6961615781327813,1.0,large_error
UBFC_A4_L3_C050_SEED101/Eval_On_PURE,PURE,old,604,17,window,510,750,17.0,25.0,8.0,75.0,74.0,1.0,1.0,1.3513513513513513,0.2387417843095218,nan,240,-0.08292119040373562,0.9068256776078008,0.001877842961059321,0.6233082807573856,1.0,correct
UBFC_A4_L3_C050_SEED101/Eval_On_PURE,PURE,old,604,18,window,540,780,18.0,26.0,8.0,75.0,74.0,1.0,1.0,1.3513513513513513,0.42441183095512,nan,240,-0.06021410809132258,0.9037749954078433,-0.0018891827931268766,0.7093282612315721,1.0,correct
UBFC_A4_L3_C050_SEED101/Eval_On_PURE,PURE,old,604,19,window,570,810,19.0,27.0,8.0,74.0,74.0,0.0,0.0,0.0,0.49797419944599547,nan,240,-0.059076636756175104,0.8839351823970734,-0.017047216615093765,0.7806123716914626,1.0,correct
UBFC_A4_L3_C050_SEED101/Eval_On_PURE,PURE,old,604,20,window,600,840,20.0,28.0,8.0,69.0,73.0,-4.0,4.0,5.47945205479452,0.3540902329825028,nan,240,-0.0267375652758441,0.8742852816407715,0.007286477559919484,0.8432872002596553,1.0,large_error
UBFC_A4_L3_C050_SEED101/Eval_On_PURE,PURE,old,604,21,window,630,870,21.0,29.0,8.0,68.0,72.0,-4.0,4.0,5.555555555555555,0.26751291668035687,nan,240,-0.04363530798928008,0.8610781519758097,-0.00020093688753079671,0.8643283470757405,1.0,large_error
UBFC_A4_L3_C050_SEED101/Eval_On_PURE,PURE,old,604,22,window,660,900,22.0,30.0,8.0,68.0,71.0,-3.0,3.0,4.225352112676056,0.10139701708205731,nan,240,-0.1001339909220914,0.8722280469671719,-0.0036782659877976948,0.9454293997877258,1.0,correct
UBFC_A4_L3_C050_SEED101/Eval_On_PURE,PURE,old,604,23,window,690,930,23.0,31.0,8.0,70.0,72.0,-2.0,2.0,2.7777777777777777,0.10363500372641113,nan,240,-0.11330387334451493,0.8730420422037792,-0.00640204792121035,0.7368596072919125,1.0,correct
UBFC_A4_L3_C050_SEED101/Eval_On_PURE,PURE,old,604,24,window,720,960,24.0,32.0,8.0,73.0,72.0,1.0,1.0,1.3888888888888888,0.21912685911929952,nan,240,-0.035948052941494835,0.863583852136613,0.03185529264187646,0.8098327885835029,1.0,correct
UBFC_A4_L3_C050_SEED101/Eval_On_PURE,PURE,old,604,25,window,750,990,25.0,33.0,8.0,75.0,72.0,3.0,3.0,4.166666666666666,0.29511222331784154,nan,240,0.03637228131187025,0.871702783884943,0.01388518763878882,0.8520743577078895,1.0,correct
UBFC_A4_L3_C050_SEED101/Eval_On_PURE,PURE,old,604,26,window,780,1020,26.0,34.0,8.0,76.0,73.0,3.0,3.0,4.10958904109589,0.2524315791385905,nan,240,0.03743710676598213,0.9102189303067282,0.02664361178740344,0.774528676313405,1.0,correct
UBFC_A4_L3_C050_SEED101/Eval_On_PURE,PURE,old,604,27,window,810,1050,27.0,35.0,8.0,81.0,73.0,8.0,8.0,10.95890410958904,-0.050295105206746286,nan,240,0.002258630234901604,0.9333068778190835,0.03415025319424033,0.7897431385964192,1.0,large_error
UBFC_A4_L3_C050_SEED101/Eval_On_PURE,PURE,old,604,28,window,840,1080,28.0,36.0,8.0,82.0,73.0,9.0,9.0,12.32876712328767,0.057610614111168926,nan,240,0.005995425580801006,0.9411059345988425,-0.0029661659300679543,0.7454732934989953,1.0,large_error
UBFC_A4_L3_C050_SEED101/Eval_On_PURE,PURE,old,604,29,window,870,1110,29.0,37.0,8.0,82.0,73.0,9.0,9.0,12.32876712328767,0.17222604700711056,nan,240,0.03167632724791297,0.9646416093807171,0.007110869946949181,0.7567033943501288,1.0,large_error
UBFC_A4_L3_C050_SEED101/Eval_On_PURE,PURE,old,604,30,window,900,1140,30.0,38.0,8.0,83.0,72.0,11.0,11.0,15.277777777777779,0.4446985377468664,nan,240,0.05409904172653759,0.9576951641546337,0.009906639778740818,0.8187894585430958,1.0,large_error
UBFC_A4_L3_C050_SEED101/Eval_On_PURE,PURE,old,604,31,window,930,1170,31.0,39.0,8.0,83.0,72.0,11.0,11.0,15.277777777777779,0.42147912555389744,nan,240,0.006889708030768993,0.9594422921559166,-0.02003933865979494,0.8425702829734192,1.0,large_error
UBFC_A4_L3_C050_SEED101/Eval_On_PURE,PURE,old,604,32,window,960,1200,32.0,40.0,8.0,67.0,72.0,-5.0,5.0,6.944444444444445,0.33480398942292444,nan,240,0.0006258460745105239,0.9976831671179599,0.0021677267742873595,0.7291175188244094,1.0,large_error
UBFC_A4_L3_C050_SEED101/Eval_On_PURE,PURE,old,604,33,window,990,1230,33.0,41.0,8.0,68.0,73.0,-5.0,5.0,6.8493150684931505,0.35923965620877474,nan,240,0.06815232914081097,1.046078009382297,0.03647603694220736,0.8872215445090438,1.0,large_error
UBFC_A4_L3_C050_SEED101/Eval_On_PURE,PURE,old,604,34,window,1020,1260,34.0,42.0,8.0,70.0,74.0,-4.0,4.0,5.405405405405405,0.5601241567645288,nan,240,0.06531447801264971,1.035845646548364,0.003566924171744301,0.8356925070745279,1.0,large_error
UBFC_A4_L3_C050_SEED101/Eval_On_PURE,PURE,old,604,35,window,1050,1290,35.0,43.0,8.0,74.0,73.0,1.0,1.0,1.36986301369863,0.7024115253706811,nan,240,0.045025687729366645,1.028102987630768,0.007607544593033477,0.7998616871748615,1.0,correct
UBFC_A4_L3_C050_SEED101/Eval_On_PURE,PURE,old,604,36,window,1080,1320,36.0,44.0,8.0,68.0,74.0,-6.0,6.0,8.108108108108109,0.3647608504866265,nan,240,0.03636412321827773,1.0204426221440444,-0.017435605638680834,0.8108391457445603,1.0,large_error
UBFC_A4_L3_C050_SEED101/Eval_On_PURE,PURE,old,604,37,window,1110,1350,37.0,45.0,8.0,58.0,73.0,-15.0,15.0,20.54794520547945,0.218893401301395,nan,240,0.04129122326735133,1.040495432825766,-0.022983889101649762,0.648864780515171,1.0,large_error
UBFC_A4_L3_C050_SEED101/Eval_On_PURE,PURE,old,604,38,window,1140,1380,38.0,46.0,8.0,59.0,73.0,-14.0,14.0,19.17808219178082,0.09052735953512019,nan,240,0.04065955373492302,1.0358168710844304,0.003095429531743508,0.6653722418811522,1.0,large_error
UBFC_A4_L3_C050_SEED101/Eval_On_PURE,PURE,old,604,39,window,1170,1410,39.0,47.0,8.0,60.0,72.0,-12.0,12.0,16.666666666666664,0.26916721353263723,nan,240,0.04270179649751511,1.0061159161193312,0.0222219478671931,0.7640516642058635,1.0,large_error
UBFC_A4_L3_C050_SEED101/Eval_On_PURE,PURE,old,604,40,window,1200,1440,40.0,48.0,8.0,60.0,72.0,-12.0,12.0,16.666666666666664,0.17245953591256066,nan,240,-0.009145219165127946,0.9870921182978735,-0.006864682600482197,0.5949482284958941,1.0,large_error
UBFC_A4_L3_C050_SEED101/Eval_On_PURE,PURE,old,604,41,window,1230,1470,41.0,49.0,8.0,75.0,72.0,3.0,3.0,4.166666666666666,0.10023922859245052,nan,240,-0.06428693919709533,0.9456534889328526,0.015697734866825835,0.7513343561704532,1.0,correct
UBFC_A4_L3_C050_SEED101/Eval_On_PURE,PURE,old,604,42,window,1260,1500,42.0,50.0,8.0,78.0,73.0,5.0,5.0,6.8493150684931505,0.2008700286633904,nan,240,-0.042619431096722914,0.9241640157799375,-0.009768910809799936,0.6169920728335215,1.0,large_error
UBFC_A4_L3_C050_SEED101/Eval_On_PURE,PURE,old,604,43,window,1290,1530,43.0,51.0,8.0,75.0,73.0,2.0,2.0,2.73972602739726,0.5339586302182082,nan,240,0.021743265578372268,0.8982872776413282,0.009152248917259853,0.8882496980564235,1.0,correct
UBFC_A4_L3_C050_SEED101/Eval_On_PURE,PURE,old,604,44,window,1320,1560,44.0,52.0,8.0,75.0,73.0,2.0,2.0,2.73972602739726,0.34962343355782705,nan,240,-0.015758325223264757,0.8879695141892107,0.021328978289339242,0.8414697382372913,1.0,correct
UBFC_A4_L3_C050_SEED101/Eval_On_PURE,PURE,old,604,45,window,1350,1590,45.0,53.0,8.0,74.0,74.0,0.0,0.0,0.0,0.44446477939298823,nan,240,-0.13775251439855526,0.8662283374716208,0.014850619809353476,0.9145345870361927,1.0,correct
UBFC_A4_L3_C050_SEED101/Eval_On_PURE,PURE,old,604,46,window,1380,1620,46.0,54.0,8.0,74.0,74.0,0.0,0.0,0.0,0.32370461017923663,nan,240,-0.1477772575008406,0.8710823652477167,-0.01698483656153656,0.9233251020980079,1.0,correct
UBFC_A4_L3_C050_SEED101/Eval_On_PURE,PURE,old,604,47,window,1410,1650,47.0,55.0,8.0,71.0,73.0,-2.0,2.0,2.73972602739726,0.4270814798356878,nan,240,-0.12514165562752025,0.9115261060764697,0.0008683012230703557,0.8349441883583528,1.0,correct
UBFC_A4_L3_C050_SEED101/Eval_On_PURE,PURE,old,604,48,window,1440,1680,48.0,56.0,8.0,72.0,73.0,-1.0,1.0,1.36986301369863,0.23551658227285938,nan,240,-0.08879501779015753,0.9159722462014745,0.004635570301566383,0.8585152516428152,1.0,correct
UBFC_A4_L3_C050_SEED101/Eval_On_PURE,PURE,old,604,49,window,1470,1710,49.0,57.0,8.0,74.0,73.0,1.0,1.0,1.36986301369863,0.2837887361441202,nan,240,-0.1129161696585632,0.917097956395546,0.006557013206411029,0.8643560992654726,1.0,correct
UBFC_A4_L3_C050_SEED101/Eval_On_PURE,PURE,old,604,50,window,1500,1740,50.0,58.0,8.0,74.0,73.0,1.0,1.0,1.36986301369863,0.3591757793550085,nan,240,-0.06996108753082968,0.985605145552695,-0.0027326476555127655,0.8921552260146399,1.0,correct
UBFC_A4_L3_C050_SEED101/Eval_On_PURE,PURE,old,604,51,window,1530,1770,51.0,59.0,8.0,74.0,73.0,1.0,1.0,1.36986301369863,0.34928504924575954,nan,240,-0.026232928915067878,1.045966101532298,-0.02942133556031888,0.8901583595621164,1.0,correct
UBFC_A4_L3_C050_SEED101/Eval_On_PURE,PURE,old,604,52,window,1560,1800,52.0,60.0,8.0,74.0,73.0,1.0,1.0,1.36986301369863,0.37275465328616897,nan,240,-0.011892554302478745,1.0512050714300387,-0.0048397482927299736,0.9249467876008435,1.0,correct
UBFC_A4_L3_C050_SEED101/Eval_On_PURE,PURE,old,604,53,window,1590,1830,53.0,61.0,8.0,73.0,72.0,1.0,1.0,1.3888888888888888,0.3467860569868449,nan,240,0.08658223952699715,1.0497009465412532,0.013913352619885997,0.8222870738480337,1.0,correct
UBFC_A4_L3_C050_SEED101/Eval_On_PURE,PURE,old,604,54,window,1620,1860,54.0,62.0,8.0,74.0,73.0,1.0,1.0,1.36986301369863,0.3912907769637701,nan,240,0.11109886469429824,1.0719344038129637,0.013218145656246537,0.7838950371496047,1.0,correct
UBFC_A4_L3_C050_SEED101/Eval_On_PURE,PURE,old,604,55,window,1650,1890,55.0,63.0,8.0,73.0,73.0,0.0,0.0,0.0,0.3634557891057309,nan,240,0.12415414532578545,1.067840916150823,-0.010199813876136166,0.8365052564185976,1.0,correct
UBFC_A4_L3_C050_SEED101/Eval_On_PURE,PURE,old,604,56,window,1680,1920,56.0,64.0,8.0,73.0,73.0,0.0,0.0,0.0,0.4900507489569987,nan,240,0.14171502450407888,1.0705348597458744,0.013473418990724939,0.8797576307142175,1.0,correct
UBFC_A4_L3_C050_SEED101/Eval_On_PURE,PURE,old,604,57,window,1710,1950,57.0,65.0,8.0,76.0,73.0,3.0,3.0,4.10958904109589,0.1555533756239733,nan,240,0.1359721150957825,1.0696779098544014,0.0037382464690933056,0.9411444595914137,1.0,correct
UBFC_A4_L3_C050_SEED101/Eval_On_PURE,PURE,old,604,58,window,1740,1980,58.0,66.0,8.0,74.0,73.0,1.0,1.0,1.36986301369863,0.43385185401032755,nan,240,0.037575405876402825,1.0482941521163043,0.015728823836234303,0.8645976313792672,1.0,correct
UBFC_A4_L3_C050_SEED101/Eval_On_PURE,PURE,old,604,59,window,1770,2010,59.0,67.0,8.0,75.0,73.0,2.0,2.0,2.73972602739726,0.5702514725674359,nan,240,-0.0564932404519625,1.010986728184379,0.006752478049960496,0.941646786857699,1.0,correct
UBFC_A4_L3_C050_SEED101/Eval_On_PURE,PURE,old,604,60,window,1800,2040,60.0,68.0,8.0,74.0,73.0,1.0,1.0,1.36986301369863,0.7220755942660703,nan,240,-0.002194911905172803,1.0449838844546862,-0.014059602552858689,0.9468266298576273,1.0,correct
UBFC_A4_L3_C050_SEED101/Eval_On_PURE,PURE,old,604,61,window,1830,2070,61.0,69.0,8.0,75.0,73.0,2.0,2.0,2.73972602739726,0.7108623487765976,nan,240,0.06297737843879204,1.0489980067205673,0.01666958523232885,0.9664321372766552,1.0,correct
UBFC_A4_L3_C050_SEED101/Eval_On_PURE,PURE,old,604,62,window,1860,2100,62.0,70.0,8.0,74.0,73.0,1.0,1.0,1.36986301369863,0.7024747223711763,nan,240,0.06522163113795743,1.027562956437929,0.02401257418652837,0.9553358857946094,1.0,correct
UBFC_A4_L3_C050_SEED101/Eval_On_PURE,PURE,old,604,63,window,1890,2130,63.0,71.0,8.0,74.0,73.0,1.0,1.0,1.36986301369863,0.710115215777267,nan,240,0.010184023919451857,1.0241768156056152,0.005658781894656826,0.910538445034816,1.0,correct
UBFC_A4_L3_C050_SEED101/Eval_On_PURE,PURE,old,604,64,window,1920,2160,64.0,72.0,8.0,74.0,73.0,1.0,1.0,1.36986301369863,0.682728819925118,nan,240,0.00799610091414087,1.0386117983990282,-0.023602089157900356,0.9120046083662868,1.0,correct
UBFC_A4_L3_C050_SEED101/Eval_On_PURE,PURE,old,604,65,window,1950,2190,65.0,73.0,8.0,76.0,74.0,2.0,2.0,2.7027027027027026,0.555344057765641,nan,240,0.07092646944282371,1.0361198366583808,3.674607748580897e-05,0.8928578711838675,1.0,correct
UBFC_A4_L3_C050_SEED101/Eval_On_PURE,PURE,old,604,66,window,1980,2220,66.0,74.0,8.0,74.0,75.0,-1.0,1.0,1.3333333333333335,0.6241333817752522,nan,240,0.12269850834054473,1.0231029502885303,0.018540245119495917,0.8274944191774699,1.0,correct
UBFC_A4_L3_C050_SEED101/Eval_On_PURE,PURE,old,605,0,window,0,240,0.0,8.0,8.0,69.0,70.0,-1.0,1.0,1.4285714285714286,0.5964717580184808,nan,240,-0.09871838406093643,0.9342843952066484,0.014733979133372658,0.9830326222714358,1.0,correct
UBFC_A4_L3_C050_SEED101/Eval_On_PURE,PURE,old,605,1,window,30,270,1.0,9.0,8.0,70.0,70.0,0.0,0.0,0.0,0.5083007585399908,nan,240,-0.07915771440226702,0.9278134387905804,0.007162765221978015,0.9361390767207703,1.0,correct
UBFC_A4_L3_C050_SEED101/Eval_On_PURE,PURE,old,605,2,window,60,300,2.0,10.0,8.0,69.0,70.0,-1.0,1.0,1.4285714285714286,0.6219841896613698,nan,240,-0.06905651069063366,0.8991751040941284,0.00015406814616556,0.9270926102138164,1.0,correct
UBFC_A4_L3_C050_SEED101/Eval_On_PURE,PURE,old,605,3,window,90,330,3.0,11.0,8.0,69.0,70.0,-1.0,1.0,1.4285714285714286,0.563256614000591,nan,240,-0.0070407849394378275,0.9461150085801568,0.0029777266185685215,0.9488314417906103,1.0,correct
UBFC_A4_L3_C050_SEED101/Eval_On_PURE,PURE,old,605,4,window,120,360,4.0,12.0,8.0,69.0,70.0,-1.0,1.0,1.4285714285714286,0.5175432783949092,nan,240,0.00558005776430263,0.9532581471630319,-0.015896563154958975,0.9441020114538183,1.0,correct
UBFC_A4_L3_C050_SEED101/Eval_On_PURE,PURE,old,605,5,window,150,390,5.0,13.0,8.0,72.0,71.0,1.0,1.0,1.4084507042253522,0.5161508179710498,nan,240,0.04777761211904066,0.9610196318904772,-0.03556228536037811,0.9662892656015205,1.0,correct
UBFC_A4_L3_C050_SEED101/Eval_On_PURE,PURE,old,605,6,window,180,420,6.0,14.0,8.0,72.0,72.0,0.0,0.0,0.0,0.5879512344291695,nan,240,0.10038831957980499,0.9503146210926459,0.019548904799134896,0.9460620863948388,1.0,correct
UBFC_A4_L3_C050_SEED101/Eval_On_PURE,PURE,old,605,7,window,210,450,7.0,15.0,8.0,74.0,72.0,2.0,2.0,2.7777777777777777,0.6197239029800223,nan,240,0.13277335138798513,0.9385066118063012,0.020557626868124016,0.9465270939719628,1.0,correct
UBFC_A4_L3_C050_SEED101/Eval_On_PURE,PURE,old,605,8,window,240,480,8.0,16.0,8.0,75.0,72.0,3.0,3.0,4.166666666666666,0.5877630252163144,nan,240,0.06718067830446103,0.9025272713823445,0.012284612467276529,0.9630656230332691,1.0,correct
UBFC_A4_L3_C050_SEED101/Eval_On_PURE,PURE,old,605,9,window,270,510,9.0,17.0,8.0,74.0,72.0,2.0,2.0,2.7777777777777777,0.537019631495006,nan,240,0.0186706084572136,0.9030098818093585,-0.002584148151983216,0.9622686549304531,1.0,correct
UBFC_A4_L3_C050_SEED101/Eval_On_PURE,PURE,old,605,10,window,300,540,10.0,18.0,8.0,71.0,71.0,0.0,0.0,0.0,0.72366455911157,nan,240,-0.0035966216357535756,0.9261576736902122,-0.010388086230226076,0.9753664146738632,1.0,correct
UBFC_A4_L3_C050_SEED101/Eval_On_PURE,PURE,old,605,11,window,330,570,11.0,19.0,8.0,68.0,71.0,-3.0,3.0,4.225352112676056,0.6931308742205251,nan,240,-0.04294940227404427,0.9065327565117611,0.013434767249046535,0.9823789328192216,1.0,correct
UBFC_A4_L3_C050_SEED101/Eval_On_PURE,PURE,old,605,12,window,360,600,12.0,20.0,8.0,68.0,70.0,-2.0,2.0,2.857142857142857,0.695087877770107,nan,240,-0.03928558688559437,0.8924222304193303,0.002703589238593074,0.9374862511399956,1.0,correct
UBFC_A4_L3_C050_SEED101/Eval_On_PURE,PURE,old,605,13,window,390,630,13.0,21.0,8.0,68.0,70.0,-2.0,2.0,2.857142857142857,0.7743282220116645,nan,240,-0.03415385647022144,0.8924816968793131,0.0027372120874539626,0.9641917163061441,1.0,correct
UBFC_A4_L3_C050_SEED101/Eval_On_PURE,PURE,old,605,14,window,420,660,14.0,22.0,8.0,68.0,70.0,-2.0,2.0,2.857142857142857,0.7319388687825452,nan,240,-0.030023900887762776,0.8884275983172301,-0.015873360718463105,0.9756323395216383,1.0,correct
UBFC_A4_L3_C050_SEED101/Eval_On_PURE,PURE,old,605,15,window,450,690,15.0,23.0,8.0,69.0,70.0,-1.0,1.0,1.4285714285714286,0.7465348106126861,nan,240,-0.06839833004398561,0.8855750944645728,-0.007172066584242308,0.9627378352457338,1.0,correct
UBFC_A4_L3_C050_SEED101/Eval_On_PURE,PURE,old,605,16,window,480,720,16.0,24.0,8.0,68.0,69.0,-1.0,1.0,1.4492753623188406,0.668268279484855,nan,240,-0.07055203734968124,0.9109576769102595,-0.0005023772062418626,0.9563308721629737,1.0,correct
UBFC_A4_L3_C050_SEED101/Eval_On_PURE,PURE,old,605,17,window,510,750,17.0,25.0,8.0,68.0,69.0,-1.0,1.0,1.4492753623188406,0.7218510577506837,nan,240,-0.04768324596807385,0.9273226999320378,0.020318800034622237,0.9833268189711706,1.0,correct
UBFC_A4_L3_C050_SEED101/Eval_On_PURE,PURE,old,605,18,window,540,780,18.0,26.0,8.0,68.0,69.0,-1.0,1.0,1.4492753623188406,0.6502610963379201,nan,240,-0.03320218589110399,0.921301415795865,0.01137729881039303,0.9758723956222599,1.0,correct
UBFC_A4_L3_C050_SEED101/Eval_On_PURE,PURE,old,605,19,window,570,810,19.0,27.0,8.0,68.0,69.0,-1.0,1.0,1.4492753623188406,0.7628654256562133,nan,240,-0.024862387138860957,0.918341186857845,0.018006896578891925,0.9467530884337869,1.0,correct
UBFC_A4_L3_C050_SEED101/Eval_On_PURE,PURE,old,605,20,window,600,840,20.0,28.0,8.0,68.0,68.0,0.0,0.0,0.0,0.8513376107357206,nan,240,-0.03020803014243294,0.9301637974754333,0.0026213189262469885,0.9783492301780411,1.0,correct
UBFC_A4_L3_C050_SEED101/Eval_On_PURE,PURE,old,605,21,window,630,870,21.0,29.0,8.0,67.0,68.0,-1.0,1.0,1.4705882352941175,0.823259254673722,nan,240,-0.06453735519244484,0.9103024098944531,-0.0005286658092394925,0.9715167021597227,1.0,correct
UBFC_A4_L3_C050_SEED101/Eval_On_PURE,PURE,old,605,22,window,660,900,22.0,30.0,8.0,68.0,68.0,0.0,0.0,0.0,0.7841021785365573,nan,240,-0.07507305430621404,0.9064646415421934,-0.0037019984856171734,0.9614920368090826,1.0,correct
UBFC_A4_L3_C050_SEED101/Eval_On_PURE,PURE,old,605,23,window,690,930,23.0,31.0,8.0,68.0,68.0,0.0,0.0,0.0,0.7346884467661516,nan,240,-0.029961542033188685,0.9330064584980134,0.01572992875497114,0.9690178829996261,1.0,correct
UBFC_A4_L3_C050_SEED101/Eval_On_PURE,PURE,old,605,24,window,720,960,24.0,32.0,8.0,68.0,68.0,0.0,0.0,0.0,0.7437769090302427,nan,240,-0.012180426552778819,0.9378056091407612,0.018880656180227436,0.9848152289163271,1.0,correct
UBFC_A4_L3_C050_SEED101/Eval_On_PURE,PURE,old,605,25,window,750,990,25.0,33.0,8.0,68.0,68.0,0.0,0.0,0.0,0.6668252923371197,nan,240,0.0273595857707589,0.9319210693709394,0.0047047126550657055,0.9772308766027877,1.0,correct
UBFC_A4_L3_C050_SEED101/Eval_On_PURE,PURE,old,605,26,window,780,1020,26.0,34.0,8.0,67.0,68.0,-1.0,1.0,1.4705882352941175,0.7466333174973139,nan,240,0.06039581775679191,0.936662867117262,-0.0058396571419876715,0.9529099931787812,1.0,correct
UBFC_A4_L3_C050_SEED101/Eval_On_PURE,PURE,old,605,27,window,810,1050,27.0,35.0,8.0,68.0,69.0,-1.0,1.0,1.4492753623188406,0.8340264819317265,nan,240,0.075463547455638,0.9609381225267102,-0.004238537139699394,0.9614945082538431,1.0,correct
UBFC_A4_L3_C050_SEED101/Eval_On_PURE,PURE,old,605,28,window,840,1080,28.0,36.0,8.0,68.0,68.0,0.0,0.0,0.0,0.8154423070781444,nan,240,0.0553712763178118,0.9627624798278982,0.0008781462289428295,0.9755297494045464,1.0,correct
UBFC_A4_L3_C050_SEED101/Eval_On_PURE,PURE,old,605,29,window,870,1110,29.0,37.0,8.0,68.0,68.0,0.0,0.0,0.0,0.8402508465836452,nan,240,0.0034069602675083706,0.9890201677475139,-0.00030421027465316796,0.9610251158473789,1.0,correct
UBFC_A4_L3_C050_SEED101/Eval_On_PURE,PURE,old,605,30,window,900,1140,30.0,38.0,8.0,67.0,68.0,-1.0,1.0,1.4705882352941175,0.7222983130736434,nan,240,-0.06802665886100809,1.0011128257611557,0.02628669840074705,0.975187314628716,1.0,correct
UBFC_A4_L3_C050_SEED101/Eval_On_PURE,PURE,old,605,31,window,930,1170,31.0,39.0,8.0,67.0,67.0,0.0,0.0,0.0,0.7907219221097177,nan,240,-0.11467356402597957,0.9811071774024639,0.021803863691627057,0.9625540811628036,1.0,correct
UBFC_A4_L3_C050_SEED101/Eval_On_PURE,PURE,old,605,32,window,960,1200,32.0,40.0,8.0,67.0,67.0,0.0,0.0,0.0,0.7026911060027544,nan,240,-0.10180344102547548,0.9761572204299998,0.0056195964904954595,0.9744432117420025,1.0,correct
UBFC_A4_L3_C050_SEED101/Eval_On_PURE,PURE,old,605,33,window,990,1230,33.0,41.0,8.0,67.0,66.0,1.0,1.0,1.5151515151515151,0.6078274612391812,nan,240,-0.10990838578313276,0.9705330347283643,-0.006675122855988147,0.959804518653091,1.0,correct
UBFC_A4_L3_C050_SEED101/Eval_On_PURE,PURE,old,605,34,window,1020,1260,34.0,42.0,8.0,66.0,66.0,0.0,0.0,0.0,0.5848898998487017,nan,240,-0.10775902188024347,0.9709783346350884,-0.017319285890801405,0.9683702475524447,1.0,correct
UBFC_A4_L3_C050_SEED101/Eval_On_PURE,PURE,old,605,35,window,1050,1290,35.0,43.0,8.0,66.0,66.0,0.0,0.0,0.0,0.6703980104184891,nan,240,-0.09624217909688951,0.9739677925267417,-0.023321819759117103,0.9463730031988473,1.0,correct
UBFC_A4_L3_C050_SEED101/Eval_On_PURE,PURE,old,605,36,window,1080,1320,36.0,44.0,8.0,67.0,65.0,2.0,2.0,3.076923076923077,0.7194496467531697,nan,240,-0.04157905868872748,1.0054266520705266,-0.010342249539538476,0.9635303301536263,1.0,correct
UBFC_A4_L3_C050_SEED101/Eval_On_PURE,PURE,old,605,37,window,1110,1350,37.0,45.0,8.0,67.0,65.0,2.0,2.0,3.076923076923077,0.7345853763058351,nan,240,0.027169251654936177,0.9931499065710329,-0.005844486518910364,0.9540039636038066,1.0,correct
UBFC_A4_L3_C050_SEED101/Eval_On_PURE,PURE,old,605,38,window,1140,1380,38.0,46.0,8.0,66.0,65.0,1.0,1.0,1.5384615384615385,0.7726378249986464,nan,240,0.09547515539849565,1.0063497072973728,0.006951134405523877,0.9562353101421952,1.0,correct
UBFC_A4_L3_C050_SEED101/Eval_On_PURE,PURE,old,605,39,window,1170,1410,39.0,47.0,8.0,65.0,64.0,1.0,1.0,1.5625,0.8238890863606241,nan,240,0.1517206705218263,1.0214332421256256,0.032345323176552775,0.9731988806591995,1.0,correct
UBFC_A4_L3_C050_SEED101/Eval_On_PURE,PURE,old,605,40,window,1200,1440,40.0,48.0,8.0,65.0,64.0,1.0,1.0,1.5625,0.8077950647012778,nan,240,0.15535066941699963,1.016274199233515,0.026172536016703402,0.9794124960495799,1.0,correct
UBFC_A4_L3_C050_SEED101/Eval_On_PURE,PURE,old,605,41,window,1230,1470,41.0,49.0,8.0,64.0,64.0,0.0,0.0,0.0,0.8358524004459842,nan,240,0.1594769020827672,1.0275692524902749,0.020855412946803983,0.947176380316262,1.0,correct
UBFC_A4_L3_C050_SEED101/Eval_On_PURE,PURE,old,605,42,window,1260,1500,42.0,50.0,8.0,63.0,64.0,-1.0,1.0,1.5625,0.8255216309701915,nan,240,0.16281589298993376,1.0600042177914348,0.0013747062561035714,0.9293223233895538,1.0,correct
UBFC_A4_L3_C050_SEED101/Eval_On_PURE,PURE,old,605,43,window,1290,1530,43.0,51.0,8.0,63.0,64.0,-1.0,1.0,1.5625,0.8603337966614856,nan,240,0.10811849072391125,1.0558280835483693,-0.007387612842348615,0.9011574594168791,1.0,correct
UBFC_A4_L3_C050_SEED101/Eval_On_PURE,PURE,old,605,44,window,1320,1560,44.0,52.0,8.0,64.0,64.0,0.0,0.0,0.0,0.893744486994468,nan,240,0.038921568918992344,1.0413167934366612,-0.0014051868426312195,0.9125590162931556,1.0,correct
UBFC_A4_L3_C050_SEED101/Eval_On_PURE,PURE,old,605,45,window,1350,1590,45.0,53.0,8.0,65.0,64.0,1.0,1.0,1.5625,0.8770420495348797,nan,240,0.03852631926364007,1.070758867737451,0.0002641284706486428,0.8798666294788995,1.0,correct
UBFC_A4_L3_C050_SEED101/Eval_On_PURE,PURE,old,605,46,window,1380,1620,46.0,54.0,8.0,66.0,64.0,2.0,2.0,3.125,0.7890280391463611,nan,240,0.039351410675264605,1.0848474943920272,-0.007930513583279992,0.9071252790208121,1.0,correct
UBFC_A4_L3_C050_SEED101/Eval_On_PURE,PURE,old,605,47,window,1410,1650,47.0,55.0,8.0,66.0,64.0,2.0,2.0,3.125,0.8625675578251514,nan,240,0.037796472470691074,1.110730128260423,-0.01166535838164451,0.9449167640008614,1.0,correct
UBFC_A4_L3_C050_SEED101/Eval_On_PURE,PURE,old,605,48,window,1440,1680,48.0,56.0,8.0,65.0,64.0,1.0,1.0,1.5625,0.8341533262986525,nan,240,-0.001247616325312384,1.1190080309944719,-0.009214168308820608,0.9583635610467875,1.0,correct
UBFC_A4_L3_C050_SEED101/Eval_On_PURE,PURE,old,605,49,window,1470,1710,49.0,57.0,8.0,65.0,63.0,2.0,2.0,3.1746031746031744,0.8290771216022397,nan,240,0.016184941079911846,1.1442500598577354,-0.013095144333504782,0.929005462080481,1.0,correct
UBFC_A4_L3_C050_SEED101/Eval_On_PURE,PURE,old,605,50,window,1500,1740,50.0,58.0,8.0,61.99999999999999,63.0,-1.000000000000007,1.000000000000007,1.5873015873015988,0.8511144720989695,nan,240,-0.011980009537583677,1.1488287672057853,-0.019366527661084338,0.9258127151569322,1.0,correct
UBFC_A4_L3_C050_SEED101/Eval_On_PURE,PURE,old,605,51,window,1530,1770,51.0,59.0,8.0,61.0,63.0,-2.0,2.0,3.1746031746031744,0.8112267558957785,nan,240,0.02854828204586461,1.153563613327951,-0.004435697294670375,0.9701551253048607,1.0,correct
UBFC_A4_L3_C050_SEED101/Eval_On_PURE,PURE,old,605,52,window,1560,1800,52.0,60.0,8.0,61.0,63.0,-2.0,2.0,3.1746031746031744,0.7362449913761819,nan,240,0.08363674568596399,1.1687808650353568,0.029218343403072326,0.9667090338791573,1.0,correct
UBFC_A4_L3_C050_SEED101/Eval_On_PURE,PURE,old,605,53,window,1590,1830,53.0,61.0,8.0,61.0,64.0,-3.0,3.0,4.6875,0.7589400283312475,nan,240,0.08460796157770673,1.1517623505543264,0.032165405789670996,0.9592979012900109,1.0,correct
UBFC_A4_L3_C050_SEED101/Eval_On_PURE,PURE,old,605,54,window,1620,1860,54.0,62.0,8.0,64.0,65.0,-1.0,1.0,1.5384615384615385,0.8484468528039566,nan,240,0.08421721044668849,1.1511659792202,0.03723230404237052,0.9529772643543561,1.0,correct
UBFC_A4_L3_C050_SEED101/Eval_On_PURE,PURE,old,605,55,window,1650,1890,55.0,63.0,8.0,65.0,65.0,0.0,0.0,0.0,0.8550332388114713,nan,240,0.05118206431135657,1.10291571782519,0.019275386903774675,0.9522728228774927,1.0,correct
UBFC_A4_L3_C050_SEED101/Eval_On_PURE,PURE,old,605,56,window,1680,1920,56.0,64.0,8.0,66.0,65.0,1.0,1.0,1.5384615384615385,0.6774674414818425,nan,240,0.0827641870865297,1.1209723358762311,0.02835244742149866,0.971970478625533,1.0,correct
UBFC_A4_L3_C050_SEED101/Eval_On_PURE,PURE,old,606,0,window,0,240,0.0,8.0,8.0,69.0,69.0,0.0,0.0,0.0,0.7593943785274919,nan,240,-0.0625037441866629,0.8753924328781958,-0.0017445245088357616,0.90923765274627,1.0,correct
UBFC_A4_L3_C050_SEED101/Eval_On_PURE,PURE,old,606,1,window,30,270,1.0,9.0,8.0,67.0,68.0,-1.0,1.0,1.4705882352941175,0.7812398006438992,nan,240,-0.014181178984021917,0.8561919660918811,0.006358770892992963,0.9279506714579967,1.0,correct
UBFC_A4_L3_C050_SEED101/Eval_On_PURE,PURE,old,606,2,window,60,300,2.0,10.0,8.0,67.0,68.0,-1.0,1.0,1.4705882352941175,0.8258276249260136,nan,240,0.009361551298684549,0.8787978369886309,0.002469308367984215,0.916937613557147,1.0,correct
UBFC_A4_L3_C050_SEED101/Eval_On_PURE,PURE,old,606,3,window,90,330,3.0,11.0,8.0,66.0,67.0,-1.0,1.0,1.4925373134328357,0.7046212489876186,nan,240,0.022444728840041398,0.8695648759013022,0.023681992581538826,0.9614817433493476,1.0,correct
UBFC_A4_L3_C050_SEED101/Eval_On_PURE,PURE,old,606,4,window,120,360,4.0,12.0,8.0,67.0,67.0,0.0,0.0,0.0,0.8025721229490763,nan,240,0.029501273094050557,0.8568833022573638,0.012744067026454479,0.9276214982853394,1.0,correct
UBFC_A4_L3_C050_SEED101/Eval_On_PURE,PURE,old,606,5,window,150,390,5.0,13.0,8.0,67.0,68.0,-1.0,1.0,1.4705882352941175,0.651517305617611,nan,240,0.05472127807574333,0.8789288274877569,0.01645009371015784,0.9653222852137511,1.0,correct
UBFC_A4_L3_C050_SEED101/Eval_On_PURE,PURE,old,606,6,window,180,420,6.0,14.0,8.0,68.0,68.0,0.0,0.0,0.0,0.7052299306161346,nan,240,0.08019522732383515,0.8913730573004202,-0.0012393972695326086,0.9087372962725319,1.0,correct
UBFC_A4_L3_C050_SEED101/Eval_On_PURE,PURE,old,606,7,window,210,450,7.0,15.0,8.0,70.0,69.0,1.0,1.0,1.4492753623188406,0.7889775315787145,nan,240,0.08388572867790639,0.8793398736307837,0.01571822915113601,0.9188010482682142,1.0,correct
UBFC_A4_L3_C050_SEED101/Eval_On_PURE,PURE,old,606,8,window,240,480,8.0,16.0,8.0,69.0,69.0,0.0,0.0,0.0,0.7730063060326017,nan,240,0.10316281655548644,0.8731832262139307,0.006399456974088125,0.9837689655611284,1.0,correct
UBFC_A4_L3_C050_SEED101/Eval_On_PURE,PURE,old,606,9,window,270,510,9.0,17.0,8.0,69.0,69.0,0.0,0.0,0.0,0.7444449676346961,nan,240,0.1086029706074076,0.8882633968426537,-0.009019999792066025,0.9512471102738498,1.0,correct
UBFC_A4_L3_C050_SEED101/Eval_On_PURE,PURE,old,606,10,window,300,540,10.0,18.0,8.0,68.0,69.0,-1.0,1.0,1.4492753623188406,0.773166883149587,nan,240,0.07391371786452397,0.891057791148168,-0.0004055757365697817,0.960704232711345,1.0,correct
UBFC_A4_L3_C050_SEED101/Eval_On_PURE,PURE,old,606,11,window,330,570,11.0,19.0,8.0,67.0,68.0,-1.0,1.0,1.4705882352941175,0.7502254435954583,nan,240,0.0035132226093955205,0.8977057291165625,0.025277130008058774,0.9574322852284226,1.0,correct
UBFC_A4_L3_C050_SEED101/Eval_On_PURE,PURE,old,606,12,window,360,600,12.0,20.0,8.0,67.0,67.0,0.0,0.0,0.0,0.7286548797824848,nan,240,-0.005133463173294114,0.9163376309743737,0.005519051865707336,0.9569426285707741,1.0,correct
UBFC_A4_L3_C050_SEED101/Eval_On_PURE,PURE,old,606,13,window,390,630,13.0,21.0,8.0,67.0,67.0,0.0,0.0,0.0,0.6884992188588486,nan,240,-0.009767363594097363,0.9282871964716505,-0.007793104621922305,0.9589638484366069,1.0,correct
UBFC_A4_L3_C050_SEED101/Eval_On_PURE,PURE,old,606,14,window,420,660,14.0,22.0,8.0,68.0,67.0,1.0,1.0,1.4925373134328357,0.6679209976809398,nan,240,-0.04309494698926228,0.9122749551909629,-0.003289223548497398,0.8924204745859297,1.0,correct
UBFC_A4_L3_C050_SEED101/Eval_On_PURE,PURE,old,606,15,window,450,690,15.0,23.0,8.0,68.0,67.0,1.0,1.0,1.4925373134328357,0.8401635522522629,nan,240,-0.020262173429314082,0.92305611510215,0.004242153278330544,0.9158390810142568,1.0,correct
UBFC_A4_L3_C050_SEED101/Eval_On_PURE,PURE,old,606,16,window,480,720,16.0,24.0,8.0,68.0,68.0,0.0,0.0,0.0,0.639771779083248,nan,240,-0.0023504825217114168,0.9497301607421581,0.008166588004585591,0.844537151754899,1.0,correct
UBFC_A4_L3_C050_SEED101/Eval_On_PURE,PURE,old,606,17,window,510,750,17.0,25.0,8.0,68.0,68.0,0.0,0.0,0.0,0.7173272820125465,nan,240,-0.023627129106093384,0.9414176976578538,0.008174371467333541,0.8753943828390849,1.0,correct
UBFC_A4_L3_C050_SEED101/Eval_On_PURE,PURE,old,606,18,window,540,780,18.0,26.0,8.0,69.0,69.0,0.0,0.0,0.0,0.6277211530616903,nan,240,-0.039114933639736914,0.9344839470505529,-0.015317573152663574,0.8166205146653923,1.0,correct
UBFC_A4_L3_C050_SEED101/Eval_On_PURE,PURE,old,606,19,window,570,810,19.0,27.0,8.0,68.0,69.0,-1.0,1.0,1.4492753623188406,0.8504852523572328,nan,240,0.03520903936065441,0.9444986563212702,0.019439117225592596,0.967860871033583,1.0,correct
UBFC_A4_L3_C050_SEED101/Eval_On_PURE,PURE,old,606,20,window,600,840,20.0,28.0,8.0,68.0,69.0,-1.0,1.0,1.4492753623188406,0.782724462515139,nan,240,0.06842122178338203,0.9509154356407016,0.0072591672122012596,0.8576775998900787,1.0,correct
UBFC_A4_L3_C050_SEED101/Eval_On_PURE,PURE,old,606,21,window,630,870,21.0,29.0,8.0,68.0,70.0,-2.0,2.0,2.857142857142857,0.779717892513934,nan,240,0.04854429735728026,0.9032990567486211,0.002676462190923449,0.9378179702252226,1.0,correct
UBFC_A4_L3_C050_SEED101/Eval_On_PURE,PURE,old,606,22,window,660,900,22.0,30.0,8.0,69.0,70.0,-1.0,1.0,1.4285714285714286,0.8322812249104087,nan,240,0.048472385311198976,0.9128861072728879,-0.001103738793102682,0.9557718151106023,1.0,correct
UBFC_A4_L3_C050_SEED101/Eval_On_PURE,PURE,old,606,23,window,690,930,23.0,31.0,8.0,69.0,70.0,-1.0,1.0,1.4285714285714286,0.7973400639308772,nan,240,0.029627080345294377,0.9213199030734643,-0.0017235818161678554,0.943722298607757,1.0,correct
UBFC_A4_L3_C050_SEED101/Eval_On_PURE,PURE,old,606,24,window,720,960,24.0,32.0,8.0,68.0,70.0,-2.0,2.0,2.857142857142857,0.7729990691967402,nan,240,-0.0033560086260953303,0.925215861833716,0.0009703415888054633,0.946702860042681,1.0,correct
UBFC_A4_L3_C050_SEED101/Eval_On_PURE,PURE,old,606,25,window,750,990,25.0,33.0,8.0,68.0,69.0,-1.0,1.0,1.4492753623188406,0.7942977786438283,nan,240,-0.02176409456453017,0.9291792957733019,0.018100508590632756,0.9798160144778548,1.0,correct
UBFC_A4_L3_C050_SEED101/Eval_On_PURE,PURE,old,606,26,window,780,1020,26.0,34.0,8.0,68.0,68.0,0.0,0.0,0.0,0.7501708139001739,nan,240,0.024322518553047227,0.962859707577914,0.014271630030388737,0.9678568486632786,1.0,correct
UBFC_A4_L3_C050_SEED101/Eval_On_PURE,PURE,old,606,27,window,810,1050,27.0,35.0,8.0,67.0,68.0,-1.0,1.0,1.4705882352941175,0.7277575159756852,nan,240,0.01998278965552173,0.9780279827461205,0.007293478991071345,0.9386054092710496,1.0,correct
UBFC_A4_L3_C050_SEED101/Eval_On_PURE,PURE,old,606,28,window,840,1080,28.0,36.0,8.0,66.0,67.0,-1.0,1.0,1.4925373134328357,0.7133997638707423,nan,240,0.009768483395299957,0.9827212716506437,-0.012081641579426223,0.908313012603479,1.0,correct
UBFC_A4_L3_C050_SEED101/Eval_On_PURE,PURE,old,606,29,window,870,1110,29.0,37.0,8.0,67.0,67.0,0.0,0.0,0.0,0.8109221365480511,nan,240,0.03312824955212405,1.0107089426257607,-0.0027746139028778315,0.8826317255822295,1.0,correct
UBFC_A4_L3_C050_SEED101/Eval_On_PURE,PURE,old,606,30,window,900,1140,30.0,38.0,8.0,66.0,67.0,-1.0,1.0,1.4925373134328357,0.7544362759209045,nan,240,0.02473115914319785,1.0086621937466682,0.009157044637732172,0.6254938780513439,1.0,correct
UBFC_A4_L3_C050_SEED101/Eval_On_PURE,PURE,old,606,31,window,930,1170,31.0,39.0,8.0,67.0,68.0,-1.0,1.0,1.4705882352941175,0.7035326357429582,nan,240,0.02007520362402792,1.0001673048585658,-0.0010764874597844235,0.8595242531492097,1.0,correct
UBFC_A4_L3_C050_SEED101/Eval_On_PURE,PURE,old,606,32,window,960,1200,32.0,40.0,8.0,69.0,68.0,1.0,1.0,1.4705882352941175,0.6311477951790275,nan,240,0.041692151057143266,1.0171688691493386,0.005580654952539724,0.8734842199174236,1.0,correct
UBFC_A4_L3_C050_SEED101/Eval_On_PURE,PURE,old,606,33,window,990,1230,33.0,41.0,8.0,68.0,68.0,0.0,0.0,0.0,0.8468073465215371,nan,240,0.05582123727735729,1.037157893530229,0.006892575893286316,0.950385763122161,1.0,correct
UBFC_A4_L3_C050_SEED101/Eval_On_PURE,PURE,old,606,34,window,1020,1260,34.0,42.0,8.0,68.0,68.0,0.0,0.0,0.0,0.7784342895935852,nan,240,0.040193491591403716,1.0133195830310384,-0.003417038481171142,0.9613815088255816,1.0,correct
UBFC_A4_L3_C050_SEED101/Eval_On_PURE,PURE,old,606,35,window,1050,1290,35.0,43.0,8.0,68.0,68.0,0.0,0.0,0.0,0.8202055932294308,nan,240,0.03351825203097832,1.0236788359417586,0.003370163711981809,0.9378625106525771,1.0,correct
UBFC_A4_L3_C050_SEED101/Eval_On_PURE,PURE,old,606,36,window,1080,1320,36.0,44.0,8.0,67.0,67.0,0.0,0.0,0.0,0.8773903385773406,nan,240,0.03458963279527212,1.0507625827516316,0.009360015848822067,0.9419497374219915,1.0,correct
UBFC_A4_L3_C050_SEED101/Eval_On_PURE,PURE,old,606,37,window,1110,1350,37.0,45.0,8.0,67.0,67.0,0.0,0.0,0.0,0.8798709619459136,nan,240,-0.013202522823422472,1.0579585883156537,0.0030613360680813145,0.9732203050257696,1.0,correct
UBFC_A4_L3_C050_SEED101/Eval_On_PURE,PURE,old,606,38,window,1140,1380,38.0,46.0,8.0,67.0,66.0,1.0,1.0,1.5151515151515151,0.8857545579056395,nan,240,-0.02879858372017315,1.076548081259214,-0.002397603154833905,0.9496666303655892,1.0,correct
UBFC_A4_L3_C050_SEED101/Eval_On_PURE,PURE,old,606,39,window,1170,1410,39.0,47.0,8.0,66.0,66.0,0.0,0.0,0.0,0.8602701366414578,nan,240,-0.04238996042951607,1.0961350333810296,0.018750599049340105,0.9701166737811447,1.0,correct
UBFC_A4_L3_C050_SEED101/Eval_On_PURE,PURE,old,606,40,window,1200,1440,40.0,48.0,8.0,67.0,67.0,0.0,0.0,0.0,0.8210906495708495,nan,240,-0.055700988881458274,1.1029173187200776,0.020265054164869834,0.9706352324844192,1.0,correct
UBFC_A4_L3_C050_SEED101/Eval_On_PURE,PURE,old,606,41,window,1230,1470,41.0,49.0,8.0,67.0,67.0,0.0,0.0,0.0,0.8476989815350658,nan,240,-0.061954075221044055,1.0810432056719272,0.03221532665558659,0.9577067501066601,1.0,correct
UBFC_A4_L3_C050_SEED101/Eval_On_PURE,PURE,old,606,42,window,1260,1500,42.0,50.0,8.0,67.0,68.0,-1.0,1.0,1.4705882352941175,0.7751167704345187,nan,240,0.0024183888883894627,1.112848286200991,0.0038428123936412816,0.975334566785407,1.0,correct
UBFC_A4_L3_C050_SEED101/Eval_On_PURE,PURE,old,606,43,window,1290,1530,43.0,51.0,8.0,68.0,69.0,-1.0,1.0,1.4492753623188406,0.7323232658459626,nan,240,0.03862587111387198,1.10609846403919,-0.008083351078841875,0.9281948644521711,1.0,correct
UBFC_A4_L3_C050_SEED101/Eval_On_PURE,PURE,old,606,44,window,1320,1560,44.0,52.0,8.0,68.0,70.0,-2.0,2.0,2.857142857142857,0.7853681189264324,nan,240,0.034262223306851455,1.068446329550997,0.002348920908299067,0.9343344827673593,1.0,correct
UBFC_A4_L3_C050_SEED101/Eval_On_PURE,PURE,old,606,45,window,1350,1590,45.0,53.0,8.0,68.0,70.0,-2.0,2.0,2.857142857142857,0.7674390321224396,nan,240,0.04915826780686827,1.0703745326331877,-0.004579446261182744,0.9577042175394473,1.0,correct
UBFC_A4_L3_C050_SEED101/Eval_On_PURE,PURE,old,606,46,window,1380,1620,46.0,54.0,8.0,68.0,69.0,-1.0,1.0,1.4492753623188406,0.763454217902638,nan,240,0.07447736541361392,1.0791737601474596,0.0009801276605522695,0.9496409544634636,1.0,correct
UBFC_A4_L3_C050_SEED101/Eval_On_PURE,PURE,old,606,47,window,1410,1650,47.0,55.0,8.0,68.0,68.0,0.0,0.0,0.0,0.7289611559245988,nan,240,0.06768392916405802,1.1000728456841682,0.0038773306216394725,0.9479626618330393,1.0,correct
UBFC_A4_L3_C050_SEED101/Eval_On_PURE,PURE,old,606,48,window,1440,1680,48.0,56.0,8.0,67.0,67.0,0.0,0.0,0.0,0.7215904075940749,nan,240,0.051343275721059,1.0859058016395227,0.01969312651601681,0.9566535356743251,1.0,correct
UBFC_A4_L3_C050_SEED101/Eval_On_PURE,PURE,old,606,49,window,1470,1710,49.0,57.0,8.0,67.0,66.0,1.0,1.0,1.5151515151515151,0.7288883534297789,nan,240,0.06795930725844637,1.1588762036677585,0.010909086851484846,0.9714524977647039,1.0,correct
UBFC_A4_L3_C050_SEED101/Eval_On_PURE,PURE,old,606,50,window,1500,1740,50.0,58.0,8.0,66.0,66.0,0.0,0.0,0.0,0.5901130424367346,nan,240,-0.03142935312950899,1.1747691053959788,0.01186471373204149,0.9408511008642939,1.0,correct
UBFC_A4_L3_C050_SEED101/Eval_On_PURE,PURE,old,606,51,window,1530,1770,51.0,59.0,8.0,65.0,65.0,0.0,0.0,0.0,0.47727896360858085,nan,240,-0.1148594413560196,1.1648943534272644,-0.0007808870583546772,0.8974335366233388,1.0,correct
UBFC_A4_L3_C050_SEED101/Eval_On_PURE,PURE,old,606,52,window,1560,1800,52.0,60.0,8.0,65.0,65.0,0.0,0.0,0.0,0.5954094562705056,nan,240,-0.1447500017107311,1.1643217178004417,-0.013752835507760441,0.900289716252364,1.0,correct
UBFC_A4_L3_C050_SEED101/Eval_On_PURE,PURE,old,606,53,window,1590,1830,53.0,61.0,8.0,66.0,66.0,0.0,0.0,0.0,0.7234729400867986,nan,240,-0.15135379517785766,1.1472627798863806,0.0021160332204886593,0.8864906440066719,1.0,correct
UBFC_A4_L3_C050_SEED101/Eval_On_PURE,PURE,old,606,54,window,1620,1860,54.0,62.0,8.0,67.0,67.0,0.0,0.0,0.0,0.7088622250652639,nan,240,-0.18287441368293927,1.1098589576923805,0.0017210411440757856,0.943822128827155,1.0,correct
UBFC_A4_L3_C050_SEED101/Eval_On_PURE,PURE,old,606,55,window,1650,1890,55.0,63.0,8.0,68.0,67.0,1.0,1.0,1.4925373134328357,0.6503250484729401,nan,240,-0.15484719850498138,1.0764579256489046,-0.001802686439098263,0.8742762052422871,1.0,correct
UBFC_A4_L3_C050_SEED101/Eval_On_PURE,PURE,old,606,56,window,1680,1920,56.0,64.0,8.0,67.0,68.0,-1.0,1.0,1.4705882352941175,0.735041654405445,nan,240,-0.09648599124107712,1.0892600215899628,0.01159124066608447,0.9515917104826803,1.0,correct
UBFC_A4_L3_C050_SEED101/Eval_On_PURE,PURE,old,701,0,window,0,240,0.0,8.0,8.0,127.0,126.0,1.0,1.0,0.7936507936507936,0.6185667137251732,nan,240,0.029188778071916017,0.9574211404142348,0.022326164716233728,0.8964798374040223,1.0,correct
UBFC_A4_L3_C050_SEED101/Eval_On_PURE,PURE,old,701,1,window,30,270,1.0,9.0,8.0,125.00000000000001,126.0,-0.9999999999999858,0.9999999999999858,0.7936507936507823,0.44638381644561465,nan,240,-0.0037105220156720352,0.9665007049662494,0.015385312972446856,0.8831330298455212,1.0,correct
UBFC_A4_L3_C050_SEED101/Eval_On_PURE,PURE,old,701,2,window,60,300,2.0,10.0,8.0,125.00000000000001,126.0,-0.9999999999999858,0.9999999999999858,0.7936507936507823,0.29207207065005203,nan,240,-0.056548344819848974,0.9656929184718536,0.02490511659051787,0.9304066676588488,1.0,correct
UBFC_A4_L3_C050_SEED101/Eval_On_PURE,PURE,old,701,3,window,90,330,3.0,11.0,8.0,126.0,128.0,-2.0,2.0,1.5625,0.06501879737710498,nan,240,0.000661369473131033,0.9781235736394546,0.02898389431956778,0.9323404639403757,1.0,correct
UBFC_A4_L3_C050_SEED101/Eval_On_PURE,PURE,old,701,4,window,120,360,4.0,12.0,8.0,127.0,130.0,-3.0,3.0,2.307692307692308,-0.10373968905093471,nan,240,-0.014531190537849981,0.9714565584441488,0.0003766674170120832,0.9150386362163628,1.0,correct
UBFC_A4_L3_C050_SEED101/Eval_On_PURE,PURE,old,701,5,window,150,390,5.0,13.0,8.0,127.0,132.0,-5.0,5.0,3.787878787878788,-0.14731667430779213,nan,240,-0.07170297084828064,0.9677896739089362,-0.024783228093708365,0.8938172420580083,1.0,large_error
UBFC_A4_L3_C050_SEED101/Eval_On_PURE,PURE,old,701,6,window,180,420,6.0,14.0,8.0,128.0,133.0,-5.0,5.0,3.7593984962406015,-0.20069027527101538,nan,240,-0.0797323304878754,0.9602602324687962,-0.04797058092829529,0.9254972211304526,1.0,large_error
UBFC_A4_L3_C050_SEED101/Eval_On_PURE,PURE,old,701,7,window,210,450,7.0,15.0,8.0,128.0,132.0,-4.0,4.0,3.0303030303030303,-0.303932560147489,nan,240,-0.07025937206793396,0.9473583933873613,-0.03260154280349683,0.8660366457944045,1.0,large_error
UBFC_A4_L3_C050_SEED101/Eval_On_PURE,PURE,old,701,8,window,240,480,8.0,16.0,8.0,127.0,131.0,-4.0,4.0,3.0534351145038165,-0.45820936487792957,nan,240,-0.1098097637624939,0.9417682513089882,-0.02474139516040321,0.9177346440831785,1.0,large_error
UBFC_A4_L3_C050_SEED101/Eval_On_PURE,PURE,old,701,9,window,270,510,9.0,17.0,8.0,127.0,127.0,0.0,0.0,0.0,-0.5385209090922344,nan,240,-0.09876465251023304,0.931010937485571,0.013296128123311731,0.9196171051807528,1.0,correct
UBFC_A4_L3_C050_SEED101/Eval_On_PURE,PURE,old,701,10,window,300,540,10.0,18.0,8.0,123.99999999999999,123.99999999999999,0.0,0.0,0.0,-0.5343033301765973,nan,240,-0.1095062919021004,0.9417718855902399,0.019619164843499036,0.8997771825417946,1.0,correct
UBFC_A4_L3_C050_SEED101/Eval_On_PURE,PURE,old,701,11,window,330,570,11.0,19.0,8.0,121.0,122.99999999999999,-1.9999999999999858,1.9999999999999858,1.6260162601625903,-0.44881713207821083,nan,240,-0.22513750048616127,0.9352618490266874,-0.030897299936588386,0.8642420448775919,1.0,correct
UBFC_A4_L3_C050_SEED101/Eval_On_PURE,PURE,old,701,12,window,360,600,12.0,20.0,8.0,121.0,122.0,-1.0,1.0,0.819672131147541,-0.45106391403757395,nan,240,-0.21783310140195133,0.9424333771718473,-0.04100563557813337,0.8972146379795177,1.0,correct
UBFC_A4_L3_C050_SEED101/Eval_On_PURE,PURE,old,701,13,window,390,630,13.0,21.0,8.0,121.0,122.99999999999999,-1.9999999999999858,1.9999999999999858,1.6260162601625903,-0.451176612283609,nan,240,-0.15218307599175945,0.9656159824005319,-0.022850784811408106,0.8818576554036663,1.0,correct
UBFC_A4_L3_C050_SEED101/Eval_On_PURE,PURE,old,701,14,window,420,660,14.0,22.0,8.0,123.99999999999999,123.99999999999999,0.0,0.0,0.0,-0.37326721444726924,nan,240,-0.1464044659834212,0.9771578283132202,0.0015115290030623951,0.881018285239043,1.0,correct
UBFC_A4_L3_C050_SEED101/Eval_On_PURE,PURE,old,701,15,window,450,690,15.0,23.0,8.0,125.00000000000001,123.99999999999999,1.0000000000000284,1.0000000000000284,0.8064516129032488,-0.322724738059353,nan,240,-0.1093113533806642,0.9798831239413105,0.008745890381163114,0.8739464854421064,1.0,correct
UBFC_A4_L3_C050_SEED101/Eval_On_PURE,PURE,old,701,16,window,480,720,16.0,24.0,8.0,126.0,123.99999999999999,2.000000000000014,2.000000000000014,1.6129032258064633,-0.31893608924659206,nan,240,-0.029109430775878974,0.9821382680714363,0.012802866093834474,0.9025235201645022,1.0,correct
UBFC_A4_L3_C050_SEED101/Eval_On_PURE,PURE,old,701,17,window,510,750,17.0,25.0,8.0,125.00000000000001,123.99999999999999,1.0000000000000284,1.0000000000000284,0.8064516129032488,-0.3549088590020492,nan,240,-0.030565674217075893,0.9847204275396952,0.005652255001568087,0.8536190518047884,1.0,correct
UBFC_A4_L3_C050_SEED101/Eval_On_PURE,PURE,old,701,18,window,540,780,18.0,26.0,8.0,123.99999999999999,122.99999999999999,1.0,1.0,0.8130081300813009,-0.4263324441553655,nan,240,-0.02360689586276071,0.9792237801695812,0.0014594429391542707,0.8440091199788761,1.0,correct
UBFC_A4_L3_C050_SEED101/Eval_On_PURE,PURE,old,701,19,window,570,810,19.0,27.0,8.0,122.0,122.0,0.0,0.0,0.0,-0.5095754295469892,nan,240,0.0642271332865881,0.9604311543073798,0.014807387897041897,0.8246802746825147,1.0,correct
UBFC_A4_L3_C050_SEED101/Eval_On_PURE,PURE,old,701,20,window,600,840,20.0,28.0,8.0,121.0,122.0,-1.0,1.0,0.819672131147541,-0.5798402089101254,nan,240,0.07299093697720442,0.9675174196297772,0.042363390731048556,0.834069387909983,1.0,correct
UBFC_A4_L3_C050_SEED101/Eval_On_PURE,PURE,old,701,21,window,630,870,21.0,29.0,8.0,121.0,122.0,-1.0,1.0,0.819672131147541,-0.6169330307500352,nan,240,0.011531562916968819,0.9718170139135012,0.04814486070538709,0.8935709924339038,1.0,correct
UBFC_A4_L3_C050_SEED101/Eval_On_PURE,PURE,old,701,22,window,660,900,22.0,30.0,8.0,121.0,122.0,-1.0,1.0,0.819672131147541,-0.691418159975256,nan,240,0.020546152381106488,0.9815154782353559,0.02931433584218742,0.8903286953121631,1.0,correct
UBFC_A4_L3_C050_SEED101/Eval_On_PURE,PURE,old,701,23,window,690,930,23.0,31.0,8.0,122.0,122.99999999999999,-0.9999999999999858,0.9999999999999858,0.8130081300812892,-0.7395283013805843,nan,240,0.03277880803150708,0.9854896393366963,0.01343342359286903,0.7751477522994814,1.0,correct
UBFC_A4_L3_C050_SEED101/Eval_On_PURE,PURE,old,701,24,window,720,960,24.0,32.0,8.0,123.99999999999999,122.99999999999999,1.0,1.0,0.8130081300813009,-0.7856046860758137,nan,240,-0.006504992063470216,0.9828204319490899,-0.003843367343815918,0.7451868748236915,1.0,correct
UBFC_A4_L3_C050_SEED101/Eval_On_PURE,PURE,old,701,25,window,750,990,25.0,33.0,8.0,126.0,123.99999999999999,2.000000000000014,2.000000000000014,1.6129032258064633,-0.721242119913055,nan,240,8.287623925241997e-05,0.9775641396639407,0.013735389706319951,0.8846206507127354,1.0,correct
UBFC_A4_L3_C050_SEED101/Eval_On_PURE,PURE,old,701,26,window,780,1020,26.0,34.0,8.0,127.0,123.99999999999999,3.000000000000014,3.000000000000014,2.419354838709689,-0.723710372446355,nan,240,0.03400323269045836,0.9722311346688486,0.025061642576005624,0.9100576661350623,1.0,correct
UBFC_A4_L3_C050_SEED101/Eval_On_PURE,PURE,old,701,27,window,810,1050,27.0,35.0,8.0,127.0,125.00000000000001,1.9999999999999858,1.9999999999999858,1.5999999999999885,-0.7516219975874189,nan,240,-0.028175833316474077,0.9766081553724154,0.030039842704510055,0.9015884309119028,1.0,correct
UBFC_A4_L3_C050_SEED101/Eval_On_PURE,PURE,old,701,28,window,840,1080,28.0,36.0,8.0,127.0,126.0,1.0,1.0,0.7936507936507936,-0.7685117634583438,nan,240,-0.006815839976022897,0.9754584587753293,0.04788589677937786,0.937658051372141,1.0,correct
UBFC_A4_L3_C050_SEED101/Eval_On_PURE,PURE,old,701,29,window,870,1110,29.0,37.0,8.0,127.0,127.0,0.0,0.0,0.0,-0.7540655839581518,nan,240,0.05938949678981996,0.9644327547090062,0.024134227825243118,0.9189740131179099,1.0,correct
UBFC_A4_L3_C050_SEED101/Eval_On_PURE,PURE,old,701,30,window,900,1140,30.0,38.0,8.0,128.0,128.0,0.0,0.0,0.0,-0.7097723263053424,nan,240,0.05356979163371953,0.9487753922686897,-0.022818851886650768,0.9074933719756892,1.0,correct
UBFC_A4_L3_C050_SEED101/Eval_On_PURE,PURE,old,701,31,window,930,1170,31.0,39.0,8.0,128.0,128.0,0.0,0.0,0.0,-0.678527512279347,nan,240,-0.01738993761163159,0.959373752196503,-0.035609806168846965,0.8840627695804455,1.0,correct
UBFC_A4_L3_C050_SEED101/Eval_On_PURE,PURE,old,701,32,window,960,1200,32.0,40.0,8.0,127.0,128.0,-1.0,1.0,0.78125,-0.6629074396243679,nan,240,-0.04731458123431596,0.9635892015306732,-0.036289895363185054,0.8347317419950157,1.0,correct
UBFC_A4_L3_C050_SEED101/Eval_On_PURE,PURE,old,701,33,window,990,1230,33.0,41.0,8.0,127.0,127.0,0.0,0.0,0.0,-0.6189570026993141,nan,240,-0.0446107312559432,0.9605940075365048,-0.012810174815722579,0.8621236098780074,1.0,correct
UBFC_A4_L3_C050_SEED101/Eval_On_PURE,PURE,old,701,34,window,1020,1260,34.0,42.0,8.0,127.0,127.0,0.0,0.0,0.0,-0.6146564286544509,nan,240,-0.04987723249986595,0.9541602247220096,0.01918245175973032,0.9296395480106343,1.0,correct
UBFC_A4_L3_C050_SEED101/Eval_On_PURE,PURE,old,701,35,window,1050,1290,35.0,43.0,8.0,127.0,126.0,1.0,1.0,0.7936507936507936,-0.645533037758707,nan,240,-0.043249322771119876,0.9543962772177936,0.03600906907817529,0.9220525771899291,1.0,correct
UBFC_A4_L3_C050_SEED101/Eval_On_PURE,PURE,old,701,36,window,1080,1320,36.0,44.0,8.0,127.0,123.99999999999999,3.000000000000014,3.000000000000014,2.419354838709689,-0.6193529843432484,nan,240,-0.09388170597875352,0.9538344308489775,0.044747024785351995,0.9432968523568266,1.0,correct
UBFC_A4_L3_C050_SEED101/Eval_On_PURE,PURE,old,701,37,window,1110,1350,37.0,45.0,8.0,127.0,123.99999999999999,3.000000000000014,3.000000000000014,2.419354838709689,-0.5444791407351051,nan,240,-0.15023474449916147,0.9507393665320176,0.038504604322940006,0.9172787146113064,1.0,correct
UBFC_A4_L3_C050_SEED101/Eval_On_PURE,PURE,old,701,38,window,1140,1380,38.0,46.0,8.0,126.0,122.99999999999999,3.000000000000014,3.000000000000014,2.4390243902439144,-0.5419615049998143,nan,240,-0.2076520419744237,0.9683507937694458,0.025246949721239833,0.884954558585333,1.0,correct
UBFC_A4_L3_C050_SEED101/Eval_On_PURE,PURE,old,701,39,window,1170,1410,39.0,47.0,8.0,122.99999999999999,122.99999999999999,0.0,0.0,0.0,-0.4985836048926958,nan,240,-0.21585948058765148,0.9746926793861632,0.0030019709215770613,0.8660948145177501,1.0,correct
UBFC_A4_L3_C050_SEED101/Eval_On_PURE,PURE,old,701,40,window,1200,1440,40.0,48.0,8.0,122.0,122.0,0.0,0.0,0.0,-0.4583341682956692,nan,240,-0.1611049379429976,0.986987475915315,-0.0011623572235027893,0.8343745737302927,1.0,correct
UBFC_A4_L3_C050_SEED101/Eval_On_PURE,PURE,old,701,41,window,1230,1470,41.0,49.0,8.0,122.0,122.99999999999999,-0.9999999999999858,0.9999999999999858,0.8130081300812892,-0.33422276251701205,nan,240,-0.14414212541305116,1.0148846549635384,0.006982191484050354,0.8486581132691193,1.0,correct
UBFC_A4_L3_C050_SEED101/Eval_On_PURE,PURE,old,701,42,window,1260,1500,42.0,50.0,8.0,125.00000000000001,123.99999999999999,1.0000000000000284,1.0000000000000284,0.8064516129032488,-0.2120284326272393,nan,240,-0.11343667398289571,1.0396648344087904,-0.021776716694503134,0.8704835036943374,1.0,correct
UBFC_A4_L3_C050_SEED101/Eval_On_PURE,PURE,old,701,43,window,1290,1530,43.0,51.0,8.0,127.0,125.00000000000001,1.9999999999999858,1.9999999999999858,1.5999999999999885,-0.03235190105751447,nan,240,-0.04320717390161864,1.0503671337776455,-0.044548087841950364,0.8862616164005902,1.0,correct
UBFC_A4_L3_C050_SEED101/Eval_On_PURE,PURE,old,701,44,window,1320,1560,44.0,52.0,8.0,127.0,125.00000000000001,1.9999999999999858,1.9999999999999858,1.5999999999999885,0.13561341654352546,nan,240,-0.030477161591128833,1.0460863012323292,-0.015717159032748493,0.7950241123869813,1.0,correct
UBFC_A4_L3_C050_SEED101/Eval_On_PURE,PURE,old,701,45,window,1350,1590,45.0,53.0,8.0,128.0,126.0,2.0,2.0,1.5873015873015872,0.2535948426416507,nan,240,-0.02799564689936423,1.0540642504369229,-0.0032234665829375176,0.8935230476006356,1.0,correct
UBFC_A4_L3_C050_SEED101/Eval_On_PURE,PURE,old,701,46,window,1380,1620,46.0,54.0,8.0,128.0,126.0,2.0,2.0,1.5873015873015872,0.2735076759126888,nan,240,0.03701582313791441,1.0434373489560695,0.026928672695735404,0.8867896203743684,1.0,correct
UBFC_A4_L3_C050_SEED101/Eval_On_PURE,PURE,old,701,47,window,1410,1650,47.0,55.0,8.0,127.0,126.0,1.0,1.0,0.7936507936507936,0.2652662658526735,nan,240,0.06758218329872201,1.0304074202812323,0.04662324626030541,0.9214525467627466,1.0,correct
UBFC_A4_L3_C050_SEED101/Eval_On_PURE,PURE,old,701,48,window,1440,1680,48.0,56.0,8.0,127.0,126.0,1.0,1.0,0.7936507936507936,0.2999603645750814,nan,240,0.033153932970051266,1.0382222341296168,0.05020999413526914,0.9301050720970118,1.0,correct
UBFC_A4_L3_C050_SEED101/Eval_On_PURE,PURE,old,701,49,window,1470,1710,49.0,57.0,8.0,127.0,126.0,1.0,1.0,0.7936507936507936,0.39528856669068074,nan,240,0.055348473926585186,1.034481569828461,0.021266512532606047,0.9080805713522341,1.0,correct
UBFC_A4_L3_C050_SEED101/Eval_On_PURE,PURE,old,701,50,window,1500,1740,50.0,58.0,8.0,127.0,126.0,1.0,1.0,0.7936507936507936,0.5398228576789782,nan,240,0.045426630046477276,1.0334573238004352,-0.01733226574008717,0.9164557016990761,1.0,correct
UBFC_A4_L3_C050_SEED101/Eval_On_PURE,PURE,old,701,51,window,1530,1770,51.0,59.0,8.0,127.0,126.0,1.0,1.0,0.7936507936507936,0.567943965303454,nan,240,-0.0069422865845215394,1.0415899011263894,-0.03501285126803088,0.8884674533404074,1.0,correct
UBFC_A4_L3_C050_SEED101/Eval_On_PURE,PURE,old,701,52,window,1560,1800,52.0,60.0,8.0,127.0,126.0,1.0,1.0,0.7936507936507936,0.5575182132427063,nan,240,0.017913955480887336,1.063122909311104,-0.04111081122656836,0.8958031741169573,1.0,correct
UBFC_A4_L3_C050_SEED101/Eval_On_PURE,PURE,old,701,53,window,1590,1830,53.0,61.0,8.0,126.0,126.0,0.0,0.0,0.0,0.5856083730232792,nan,240,0.09753316996484392,1.082063092642114,-0.03809460797400156,0.8870848193407379,1.0,correct
UBFC_A4_L3_C050_SEED101/Eval_On_PURE,PURE,old,701,54,window,1620,1860,54.0,62.0,8.0,126.0,125.00000000000001,0.9999999999999858,0.9999999999999858,0.7999999999999886,0.6525650733695121,nan,240,0.16702401110814838,1.0974769231936208,0.002825488295799128,0.9153253830116007,1.0,correct
UBFC_A4_L3_C050_SEED101/Eval_On_PURE,PURE,old,701,55,window,1650,1890,55.0,63.0,8.0,126.0,125.00000000000001,0.9999999999999858,0.9999999999999858,0.7999999999999886,0.5905127943940266,nan,240,0.2151285158675666,1.09287774619782,0.013102594518093109,0.9060962376791712,1.0,correct
UBFC_A4_L3_C050_SEED101/Eval_On_PURE,PURE,old,701,56,window,1680,1920,56.0,64.0,8.0,126.0,123.99999999999999,2.000000000000014,2.000000000000014,1.6129032258064633,0.5852931756462123,nan,240,0.2597926191541139,1.0843955020587142,0.021108743992896545,0.8498523285202103,1.0,correct
UBFC_A4_L3_C050_SEED101/Eval_On_PURE,PURE,old,702,0,window,0,240,0.0,8.0,8.0,120.0,118.0,2.0,2.0,1.694915254237288,0.5331875113675524,nan,240,-0.27287206806445574,0.7498797698261805,-0.02175106394419931,0.8887715244880661,1.0,correct
UBFC_A4_L3_C050_SEED101/Eval_On_PURE,PURE,old,702,1,window,30,270,1.0,9.0,8.0,120.0,120.0,0.0,0.0,0.0,0.4264086749521295,nan,240,-0.33888918169596255,0.8161726404747943,-0.02731835311309388,0.9096846400481805,1.0,correct
UBFC_A4_L3_C050_SEED101/Eval_On_PURE,PURE,old,702,2,window,60,300,2.0,10.0,8.0,121.0,123.99999999999999,-2.999999999999986,2.999999999999986,2.4193548387096664,0.4514698866907944,nan,240,-0.3801259146871387,0.8592992122390012,-0.01927647108142113,0.8730344257532759,1.0,correct
UBFC_A4_L3_C050_SEED101/Eval_On_PURE,PURE,old,702,3,window,90,330,3.0,11.0,8.0,61.0,127.0,-66.0,66.0,51.96850393700787,0.3424706192909061,nan,240,-0.30481087134360024,0.9355585686191069,-0.03194356709421516,0.8699870148442725,1.0,sub_harmonic_half
UBFC_A4_L3_C050_SEED101/Eval_On_PURE,PURE,old,702,4,window,120,360,4.0,12.0,8.0,122.99999999999999,129.0,-6.000000000000014,6.000000000000014,4.651162790697685,0.3792755208855477,nan,240,-0.2441224760990739,0.9615703090622995,0.004062375324629915,0.7508923484552488,1.0,large_error
UBFC_A4_L3_C050_SEED101/Eval_On_PURE,PURE,old,702,5,window,150,390,5.0,13.0,8.0,133.0,131.0,2.0,2.0,1.5267175572519083,0.39875259415159087,nan,240,-0.20970525024884884,0.9740860301116898,-0.01731625872519168,0.7508137733728698,1.0,correct
UBFC_A4_L3_C050_SEED101/Eval_On_PURE,PURE,old,702,6,window,180,420,6.0,14.0,8.0,132.0,133.0,-1.0,1.0,0.7518796992481203,0.45221953874137977,nan,240,-0.19142303871664873,0.9351553786340198,-0.01079004222086755,0.7365731384624817,1.0,correct
UBFC_A4_L3_C050_SEED101/Eval_On_PURE,PURE,old,702,7,window,210,450,7.0,15.0,8.0,132.0,133.0,-1.0,1.0,0.7518796992481203,0.33759636089032813,nan,240,-0.08832681187244877,0.9551282680459747,-0.00889036825057452,0.6389604567149119,1.0,correct
UBFC_A4_L3_C050_SEED101/Eval_On_PURE,PURE,old,702,8,window,240,480,8.0,16.0,8.0,134.0,133.0,1.0,1.0,0.7518796992481203,0.43852675770728927,nan,240,-0.12192393911925592,0.99127831423387,-0.01682426443650905,0.6616314759548071,1.0,correct
UBFC_A4_L3_C050_SEED101/Eval_On_PURE,PURE,old,702,9,window,270,510,9.0,17.0,8.0,172.0,134.0,38.0,38.0,28.35820895522388,0.35175988601433505,nan,240,0.00010321757639274824,0.9738819044093242,0.01494948278850058,0.6179983745287471,1.0,super_harmonic_1p5x
UBFC_A4_L3_C050_SEED101/Eval_On_PURE,PURE,old,702,10,window,300,540,10.0,18.0,8.0,134.0,135.0,-1.0,1.0,0.7407407407407408,0.4519543909556313,nan,240,0.12788424759475214,0.9821131917940732,0.018284718455924245,0.7214611240285739,1.0,correct
UBFC_A4_L3_C050_SEED101/Eval_On_PURE,PURE,old,702,11,window,330,570,11.0,19.0,8.0,135.0,135.0,0.0,0.0,0.0,0.5347797411230242,nan,240,0.030861584218734337,1.0251171845049827,0.04558827459679078,0.8696899556301317,1.0,correct
UBFC_A4_L3_C050_SEED101/Eval_On_PURE,PURE,old,702,12,window,360,600,12.0,20.0,8.0,135.0,136.0,-1.0,1.0,0.7352941176470588,0.47423238374927845,nan,240,0.1424197125938525,1.1318430033061815,-0.013193783691282386,0.8579484694029138,1.0,correct
UBFC_A4_L3_C050_SEED101/Eval_On_PURE,PURE,old,702,13,window,390,630,13.0,21.0,8.0,75.0,137.0,-62.0,62.0,45.25547445255474,0.4170371366415998,nan,240,0.19411778376460223,1.171633488762672,0.007423954595946946,0.8129750235224612,1.0,sub_harmonic_half
UBFC_A4_L3_C050_SEED101/Eval_On_PURE,PURE,old,702,14,window,420,660,14.0,22.0,8.0,142.0,138.0,4.0,4.0,2.898550724637681,0.3432951014208411,nan,240,0.3313917434978149,1.0928576433334847,-0.00106505561888674,0.7588829104055381,1.0,large_error
UBFC_A4_L3_C050_SEED101/Eval_On_PURE,PURE,old,702,15,window,450,690,15.0,23.0,8.0,141.0,138.0,3.0,3.0,2.1739130434782608,0.39291858245123923,nan,240,0.27816333427674894,1.0973432921198183,-0.005173036081236377,0.7925942908632055,1.0,correct
UBFC_A4_L3_C050_SEED101/Eval_On_PURE,PURE,old,702,16,window,480,720,16.0,24.0,8.0,145.0,137.0,8.0,8.0,5.839416058394161,0.36057532813822823,nan,240,0.22657512226251908,1.1084063352891316,-0.037240809369212285,0.8415494742143635,1.0,large_error
UBFC_A4_L3_C050_SEED101/Eval_On_PURE,PURE,old,702,17,window,510,750,17.0,25.0,8.0,149.0,137.0,12.0,12.0,8.75912408759124,0.2592845934214761,nan,240,0.17487924827489965,1.068888546999779,0.0015780912864347778,0.7508209859120768,1.0,large_error
UBFC_A4_L3_C050_SEED101/Eval_On_PURE,PURE,old,702,18,window,540,780,18.0,26.0,8.0,149.0,137.0,12.0,12.0,8.75912408759124,0.13656494063122065,nan,240,0.08147479621885335,1.035707096784189,0.003930383485662148,0.7591459769908959,1.0,large_error
UBFC_A4_L3_C050_SEED101/Eval_On_PURE,PURE,old,702,19,window,570,810,19.0,27.0,8.0,61.0,137.0,-76.0,76.0,55.47445255474452,-0.014884639542647168,nan,240,0.15974669876011535,0.9550661178916265,-0.00825331929217646,0.8051267078404282,1.0,sub_harmonic_half
UBFC_A4_L3_C050_SEED101/Eval_On_PURE,PURE,old,702,20,window,600,840,20.0,28.0,8.0,59.0,137.0,-78.0,78.0,56.934306569343065,-0.043252825127383855,nan,240,-0.058664290316389076,0.8613933606735338,0.031393988608574064,0.8593954269506805,1.0,large_error
UBFC_A4_L3_C050_SEED101/Eval_On_PURE,PURE,old,702,21,window,630,870,21.0,29.0,8.0,61.0,139.0,-78.0,78.0,56.11510791366906,0.10377264360895669,nan,240,-0.17178736237612877,0.8504323401044668,-0.015081007389662355,0.8169052864490897,1.0,sub_harmonic_half
UBFC_A4_L3_C050_SEED101/Eval_On_PURE,PURE,old,702,22,window,660,900,22.0,30.0,8.0,61.0,140.0,-79.0,79.0,56.42857142857143,0.0914737772869716,nan,240,-0.1593293340268121,0.8563095818571669,-0.013219207077417694,0.7732553181835322,1.0,sub_harmonic_half
UBFC_A4_L3_C050_SEED101/Eval_On_PURE,PURE,old,702,23,window,690,930,23.0,31.0,8.0,60.0,141.0,-81.0,81.0,57.446808510638306,0.24241184766243185,nan,240,-0.2459900817599065,0.8442645903547759,-0.0023900197411630816,0.7886912261979733,1.0,large_error
UBFC_A4_L3_C050_SEED101/Eval_On_PURE,PURE,old,702,24,window,720,960,24.0,32.0,8.0,142.0,142.0,0.0,0.0,0.0,0.3175764507522313,nan,240,-0.18359392592728432,0.8831967364126684,-0.03844818763877647,0.8015722311236491,1.0,correct
UBFC_A4_L3_C050_SEED101/Eval_On_PURE,PURE,old,702,25,window,750,990,25.0,33.0,8.0,143.0,143.0,0.0,0.0,0.0,0.43930822001875297,nan,240,-0.20704995443577168,0.915397170644008,0.028114021847394043,0.8401094828415525,1.0,correct
UBFC_A4_L3_C050_SEED101/Eval_On_PURE,PURE,old,702,26,window,780,1020,26.0,34.0,8.0,143.0,143.0,0.0,0.0,0.0,0.464978577619369,nan,240,-0.2357869125981541,0.929803373157779,0.0006217875494138732,0.7908869231672856,1.0,correct
UBFC_A4_L3_C050_SEED101/Eval_On_PURE,PURE,old,702,27,window,810,1050,27.0,35.0,8.0,142.0,143.0,-1.0,1.0,0.6993006993006993,0.558043211340995,nan,240,-0.3306211815763022,0.936138993201138,-0.025668368435561296,0.8032370826006463,1.0,correct
UBFC_A4_L3_C050_SEED101/Eval_On_PURE,PURE,old,702,28,window,840,1080,28.0,36.0,8.0,142.0,143.0,-1.0,1.0,0.6993006993006993,0.5083585874823564,nan,240,-0.25817950447153265,0.9724298904623191,0.03436013965575104,0.8774580941576368,1.0,correct
UBFC_A4_L3_C050_SEED101/Eval_On_PURE,PURE,old,702,29,window,870,1110,29.0,37.0,8.0,143.0,143.0,0.0,0.0,0.0,0.5489761194699854,nan,240,-0.164192798885933,0.9695106797380176,-0.017682444629794347,0.8474057854429068,1.0,correct
UBFC_A4_L3_C050_SEED101/Eval_On_PURE,PURE,old,702,30,window,900,1140,30.0,38.0,8.0,143.0,143.0,0.0,0.0,0.0,0.5489806115127287,nan,240,-0.021175402449878315,1.1845863243559942,0.00785369872869827,0.8623865203250098,1.0,correct
UBFC_A4_L3_C050_SEED101/Eval_On_PURE,PURE,old,702,31,window,930,1170,31.0,39.0,8.0,143.0,143.0,0.0,0.0,0.0,0.4166357537633034,nan,240,0.21015996709536863,1.1618541663770918,0.014082879541876677,0.8366359509360414,1.0,correct
UBFC_A4_L3_C050_SEED101/Eval_On_PURE,PURE,old,702,32,window,960,1200,32.0,40.0,8.0,142.0,142.0,0.0,0.0,0.0,0.5104158195682849,nan,240,0.2354303195737774,1.1219452135646306,-0.03559238333477983,0.8624682296897355,1.0,correct
UBFC_A4_L3_C050_SEED101/Eval_On_PURE,PURE,old,702,33,window,990,1230,33.0,41.0,8.0,76.0,142.0,-66.0,66.0,46.478873239436616,0.2830489156788427,nan,240,0.29663230637503196,1.1272978841642758,0.013167541726064713,0.869834096729461,1.0,sub_harmonic_half
UBFC_A4_L3_C050_SEED101/Eval_On_PURE,PURE,old,702,34,window,1020,1260,34.0,42.0,8.0,141.0,142.0,-1.0,1.0,0.7042253521126761,0.3017604406254424,nan,240,0.41077212492835996,1.0459278065016195,0.014532800618466008,0.7695031272547048,1.0,correct
UBFC_A4_L3_C050_SEED101/Eval_On_PURE,PURE,old,702,35,window,1050,1290,35.0,43.0,8.0,112.0,141.0,-29.0,29.0,20.56737588652482,0.25139424319986586,nan,240,0.5291728308672978,0.9551939111820075,0.01656686700898875,0.862425760791127,1.0,large_error
UBFC_A4_L3_C050_SEED101/Eval_On_PURE,PURE,old,702,36,window,1080,1320,36.0,44.0,8.0,74.0,139.0,-65.0,65.0,46.76258992805755,0.30363663650230305,nan,240,0.42308404059950583,1.0255547795064845,0.00015177753397299654,0.8336690984435192,1.0,sub_harmonic_half
UBFC_A4_L3_C050_SEED101/Eval_On_PURE,PURE,old,702,37,window,1110,1350,37.0,45.0,8.0,135.0,137.0,-2.0,2.0,1.4598540145985401,0.2337668373374073,nan,240,0.39724242050719655,1.0384604703698084,-0.019615617777173695,0.8088808619734877,1.0,correct
UBFC_A4_L3_C050_SEED101/Eval_On_PURE,PURE,old,702,38,window,1140,1380,38.0,46.0,8.0,180.0,135.0,45.0,45.0,33.33333333333333,0.13493545178620164,nan,240,0.03366793637202769,1.0012027489164053,0.0013126828751938353,0.5795056467644694,1.0,super_harmonic_1p5x
UBFC_A4_L3_C050_SEED101/Eval_On_PURE,PURE,old,702,39,window,1170,1410,39.0,47.0,8.0,134.0,134.0,0.0,0.0,0.0,0.2469998585681943,nan,240,-0.036133825201577,1.0101605534569447,0.02333879028172255,0.6722808202107218,1.0,correct
UBFC_A4_L3_C050_SEED101/Eval_On_PURE,PURE,old,702,40,window,1200,1440,40.0,48.0,8.0,134.0,133.0,1.0,1.0,0.7518796992481203,0.23429515046166652,nan,240,0.00975104870194096,1.0022347592964185,-0.002703790875628618,0.6750029558090715,1.0,correct
UBFC_A4_L3_C050_SEED101/Eval_On_PURE,PURE,old,702,41,window,1230,1470,41.0,49.0,8.0,134.0,133.0,1.0,1.0,0.7518796992481203,0.30089168746613004,nan,240,0.03803373925211553,0.9887053584289841,-0.008510314942061455,0.7122854325888172,1.0,correct
UBFC_A4_L3_C050_SEED101/Eval_On_PURE,PURE,old,702,42,window,1260,1500,42.0,50.0,8.0,134.0,133.0,1.0,1.0,0.7518796992481203,0.29061215444217414,nan,240,-0.025367078566878445,1.004537431116495,0.016990343633273806,0.7268827367882505,1.0,correct
UBFC_A4_L3_C050_SEED101/Eval_On_PURE,PURE,old,702,43,window,1290,1530,43.0,51.0,8.0,135.0,133.0,2.0,2.0,1.5037593984962405,0.3053269109992749,nan,240,-0.02979550116618143,1.0354551373877732,0.030313938853042694,0.6965911552579661,1.0,correct
UBFC_A4_L3_C050_SEED101/Eval_On_PURE,PURE,old,702,44,window,1320,1560,44.0,52.0,8.0,135.0,134.0,1.0,1.0,0.7462686567164178,0.36082025743563184,nan,240,-0.0056945994089270995,1.0567290255197082,-0.03776074118633113,0.7553004780028785,1.0,correct
UBFC_A4_L3_C050_SEED101/Eval_On_PURE,PURE,old,702,45,window,1350,1590,45.0,53.0,8.0,136.0,136.0,0.0,0.0,0.0,0.3919695334997753,nan,240,0.05615226064109958,1.0892925340990673,0.002219189114368151,0.744205199721267,1.0,correct
UBFC_A4_L3_C050_SEED101/Eval_On_PURE,PURE,old,702,46,window,1380,1620,46.0,54.0,8.0,135.0,137.0,-2.0,2.0,1.4598540145985401,0.38238236850940605,nan,240,0.23560774211155672,0.9637842123523679,0.019847196682813695,0.861716333213741,1.0,correct
UBFC_A4_L3_C050_SEED101/Eval_On_PURE,PURE,old,702,47,window,1410,1650,47.0,55.0,8.0,134.0,137.0,-3.0,3.0,2.18978102189781,0.3372741149201965,nan,240,0.13944637452265143,0.9652849803603968,0.04838685871621492,0.8132052744262227,1.0,correct
UBFC_A4_L3_C050_SEED101/Eval_On_PURE,PURE,old,702,48,window,1440,1680,48.0,56.0,8.0,134.0,136.0,-2.0,2.0,1.4705882352941175,0.3185049508825006,nan,240,0.0955993879725708,0.9735383294210539,0.003573684627642764,0.8479714316549649,1.0,correct
UBFC_A4_L3_C050_SEED101/Eval_On_PURE,PURE,old,702,49,window,1470,1710,49.0,57.0,8.0,131.0,125.00000000000001,5.999999999999986,5.999999999999986,4.799999999999988,0.3211380723367354,nan,240,-0.02361262783726481,0.9698196185522554,-0.031998601424644134,0.8243864770545832,1.0,large_error
UBFC_A4_L3_C050_SEED101/Eval_On_PURE,PURE,old,702,50,window,1500,1740,50.0,58.0,8.0,129.0,128.0,1.0,1.0,0.78125,0.332893575500722,nan,240,0.0023102880308699,0.9851361771974803,-0.032292737267999305,0.8402606603362464,1.0,correct
UBFC_A4_L3_C050_SEED101/Eval_On_PURE,PURE,old,702,51,window,1530,1770,51.0,59.0,8.0,130.0,129.0,1.0,1.0,0.7751937984496124,0.30720843102388196,nan,240,-0.062137487549754615,0.9890801422520057,-0.0011978448532311767,0.8003039514560681,1.0,correct
UBFC_A4_L3_C050_SEED101/Eval_On_PURE,PURE,old,702,52,window,1560,1800,52.0,60.0,8.0,130.0,130.0,0.0,0.0,0.0,0.2994214743649293,nan,240,0.00045971053930120575,0.9379044561416151,-0.002385494022096298,0.7206115895233398,1.0,correct
UBFC_A4_L3_C050_SEED101/Eval_On_PURE,PURE,old,702,53,window,1590,1830,53.0,61.0,8.0,131.0,130.0,1.0,1.0,0.7692307692307693,0.41736344168174133,nan,240,-0.1446741225471049,0.8735523845297434,0.0393637713622201,0.859117555304331,1.0,correct
UBFC_A4_L3_C050_SEED101/Eval_On_PURE,PURE,old,702,54,window,1620,1860,54.0,62.0,8.0,134.0,131.0,3.0,3.0,2.2900763358778624,0.4294011293206858,nan,240,-0.12903786879967927,0.9042512571848356,-0.04170602402667118,0.8567878408581764,1.0,correct
UBFC_A4_L3_C050_SEED101/Eval_On_PURE,PURE,old,702,55,window,1650,1890,55.0,63.0,8.0,135.0,132.0,3.0,3.0,2.272727272727273,0.6151203060097864,nan,240,-0.09058331894735998,0.877687096732422,0.01799292454654864,0.8843590300990534,1.0,correct
UBFC_A4_L3_C050_SEED101/Eval_On_PURE,PURE,old,702,56,window,1680,1920,56.0,64.0,8.0,135.0,132.0,3.0,3.0,2.272727272727273,0.49303354676893224,nan,240,0.056843274735606644,1.0227008974937628,0.04375585423233257,0.8232187687562201,1.0,correct
UBFC_A4_L3_C050_SEED101/Eval_On_PURE,PURE,old,702,57,window,1710,1950,57.0,65.0,8.0,134.0,132.0,2.0,2.0,1.5151515151515151,0.3081017376639456,nan,240,0.04224409142572512,1.0579906827468968,0.022561129616669104,0.8294822260353977,1.0,correct
UBFC_A4_L3_C050_SEED101/Eval_On_PURE,PURE,old,702,58,window,1740,1980,58.0,66.0,8.0,130.0,131.0,-1.0,1.0,0.7633587786259541,0.3880825209565198,nan,240,-0.025774106741787595,1.0615677416698497,0.01121806638058778,0.7529255874493201,1.0,correct
UBFC_A4_L3_C050_SEED101/Eval_On_PURE,PURE,old,702,59,window,1770,2010,59.0,67.0,8.0,129.0,132.0,-3.0,3.0,2.272727272727273,0.22303936519261416,nan,240,-0.040193670330761176,1.0496359725157685,-0.004598507416462786,0.7530980762543928,1.0,correct
UBFC_A4_L3_C050_SEED101/Eval_On_PURE,PURE,old,702,60,window,1800,2040,60.0,68.0,8.0,67.0,132.0,-65.0,65.0,49.24242424242424,0.14018006995786544,nan,240,-0.0387380365068766,1.0314875260954053,-0.005186329768344855,0.7376502378828668,1.0,sub_harmonic_half
UBFC_A4_L3_C050_SEED101/Eval_On_PURE,PURE,old,702,61,window,1830,2070,61.0,69.0,8.0,97.0,132.0,-35.0,35.0,26.515151515151516,0.13995295537379898,nan,240,0.12936185324993835,1.048927753899356,0.0035881397721114574,0.7178926554369073,1.0,large_error
UBFC_A4_L3_C050_SEED101/Eval_On_PURE,PURE,old,703,0,window,0,240,0.0,8.0,8.0,135.0,133.0,2.0,2.0,1.5037593984962405,0.3832265077926894,nan,240,-0.251685927517251,1.0086143347345338,0.047796588634129396,0.8102456599330732,1.0,correct
UBFC_A4_L3_C050_SEED101/Eval_On_PURE,PURE,old,703,1,window,30,270,1.0,9.0,8.0,135.0,135.0,0.0,0.0,0.0,0.6586722482517322,nan,240,-0.27771842535281493,0.9781421163679436,-0.0018248875933892345,0.8029611778874066,1.0,correct
UBFC_A4_L3_C050_SEED101/Eval_On_PURE,PURE,old,703,2,window,60,300,2.0,10.0,8.0,135.0,136.0,-1.0,1.0,0.7352941176470588,0.602491246890334,nan,240,-0.18830421277231926,0.9486100486633662,-0.009441297450559613,0.8241493352735048,1.0,correct
UBFC_A4_L3_C050_SEED101/Eval_On_PURE,PURE,old,703,3,window,90,330,3.0,11.0,8.0,136.0,137.0,-1.0,1.0,0.7299270072992701,0.7150303829244328,nan,240,-0.1036792431420656,0.9029191702877807,0.016527794165565945,0.8754135592879031,1.0,correct
UBFC_A4_L3_C050_SEED101/Eval_On_PURE,PURE,old,703,4,window,120,360,4.0,12.0,8.0,136.0,136.0,0.0,0.0,0.0,0.7244824841875138,nan,240,-0.08741398695210725,0.8852659848840505,0.03367210619017467,0.7972195182199939,1.0,correct
UBFC_A4_L3_C050_SEED101/Eval_On_PURE,PURE,old,703,5,window,150,390,5.0,13.0,8.0,136.0,135.0,1.0,1.0,0.7407407407407408,0.7222932623074927,nan,240,-0.13223770732583948,0.8924167886506902,0.0012563597022722287,0.686754362210847,1.0,correct
UBFC_A4_L3_C050_SEED101/Eval_On_PURE,PURE,old,703,6,window,180,420,6.0,14.0,8.0,142.0,122.0,20.0,20.0,16.39344262295082,0.5616214230676903,nan,240,-0.12974277085383049,0.8980348508704671,0.000865793896186424,0.6886641254344829,1.0,large_error
UBFC_A4_L3_C050_SEED101/Eval_On_PURE,PURE,old,703,7,window,210,450,7.0,15.0,8.0,143.0,120.0,23.0,23.0,19.166666666666668,0.4793312089997365,nan,240,-0.09890949188301094,0.9221891752897625,0.01666589293586042,0.8160947930731516,1.0,large_error
UBFC_A4_L3_C050_SEED101/Eval_On_PURE,PURE,old,703,8,window,240,480,8.0,16.0,8.0,143.0,118.0,25.0,25.0,21.1864406779661,0.5168441865693976,nan,240,-0.03178100360273065,0.9331932883468319,0.04211064056885729,0.8021471449404378,1.0,large_error
UBFC_A4_L3_C050_SEED101/Eval_On_PURE,PURE,old,703,9,window,270,510,9.0,17.0,8.0,121.0,119.0,2.0,2.0,1.680672268907563,0.551461692776881,nan,240,0.010070345886110799,0.9584719611707243,0.029296456700473643,0.7690376268167621,1.0,correct
UBFC_A4_L3_C050_SEED101/Eval_On_PURE,PURE,old,703,10,window,300,540,10.0,18.0,8.0,120.0,118.0,2.0,2.0,1.694915254237288,0.4313118492695402,nan,240,0.03989677818799975,0.9931607993126723,0.051664150622883,0.7726967517466496,1.0,correct
UBFC_A4_L3_C050_SEED101/Eval_On_PURE,PURE,old,703,11,window,330,570,11.0,19.0,8.0,119.0,117.0,2.0,2.0,1.7094017094017095,0.4738317257545124,nan,240,0.08355390964203455,1.0084343168796213,0.012675886871298928,0.6058099605703853,1.0,correct
UBFC_A4_L3_C050_SEED101/Eval_On_PURE,PURE,old,703,12,window,360,600,12.0,20.0,8.0,118.0,118.0,0.0,0.0,0.0,0.5609077413971125,nan,240,0.1516341301540941,0.9955884972823565,0.01669966628017718,0.6409691222866106,1.0,correct
UBFC_A4_L3_C050_SEED101/Eval_On_PURE,PURE,old,703,13,window,390,630,13.0,21.0,8.0,119.0,119.0,0.0,0.0,0.0,0.6265779357329289,nan,240,0.2275860813543753,0.9734567079566641,0.06882715364249524,0.8476452024956962,1.0,correct
UBFC_A4_L3_C050_SEED101/Eval_On_PURE,PURE,old,703,14,window,420,660,14.0,22.0,8.0,120.0,120.0,0.0,0.0,0.0,0.6048604615449529,nan,240,0.16323930385323124,1.0032411343744687,0.04701020022502116,0.7757742990422268,1.0,correct
UBFC_A4_L3_C050_SEED101/Eval_On_PURE,PURE,old,703,15,window,450,690,15.0,23.0,8.0,121.0,122.0,-1.0,1.0,0.819672131147541,0.6641009618580134,nan,240,0.13518751161912032,0.9950491007344292,0.007878596641551182,0.6604425108426595,1.0,correct
UBFC_A4_L3_C050_SEED101/Eval_On_PURE,PURE,old,703,16,window,480,720,16.0,24.0,8.0,126.0,123.99999999999999,2.000000000000014,2.000000000000014,1.6129032258064633,0.4985244787976055,nan,240,0.06694306800774479,1.0095702020942507,0.012977579277631176,0.5794798249962323,1.0,correct
UBFC_A4_L3_C050_SEED101/Eval_On_PURE,PURE,old,703,17,window,510,750,17.0,25.0,8.0,127.0,125.00000000000001,1.9999999999999858,1.9999999999999858,1.5999999999999885,0.5356540365381375,nan,240,0.013512981826204692,0.9947247587972687,-0.0048399202560994135,0.611889813378109,1.0,correct
UBFC_A4_L3_C050_SEED101/Eval_On_PURE,PURE,old,703,18,window,540,780,18.0,26.0,8.0,127.0,126.0,1.0,1.0,0.7936507936507936,0.4149797498628173,nan,240,-0.05703204145137234,0.9617501219940733,0.00766726315012715,0.7974813839335696,1.0,correct
UBFC_A4_L3_C050_SEED101/Eval_On_PURE,PURE,old,703,19,window,570,810,19.0,27.0,8.0,126.0,126.0,0.0,0.0,0.0,0.42389715317026705,nan,240,-0.09381308676474429,0.9585345896332095,-0.0034433195031151444,0.6988252303233702,1.0,correct
UBFC_A4_L3_C050_SEED101/Eval_On_PURE,PURE,old,703,20,window,600,840,20.0,28.0,8.0,127.0,126.0,1.0,1.0,0.7936507936507936,0.33876384141404886,nan,240,-0.10405787484444513,0.9687260535164861,0.032889457842033426,0.6928189884801936,1.0,correct
UBFC_A4_L3_C050_SEED101/Eval_On_PURE,PURE,old,703,21,window,630,870,21.0,29.0,8.0,61.0,126.0,-65.0,65.0,51.587301587301596,0.21541164784884978,nan,240,-0.10199108345128112,0.985264680372406,0.017015109752987593,0.5830767279072598,1.0,sub_harmonic_half
UBFC_A4_L3_C050_SEED101/Eval_On_PURE,PURE,old,703,22,window,660,900,22.0,30.0,8.0,61.99999999999999,126.0,-64.0,64.0,50.79365079365079,0.1418655259330189,nan,240,0.02739274626996031,0.9799262028137621,0.01251675348946336,0.7104225254320857,1.0,sub_harmonic_half
UBFC_A4_L3_C050_SEED101/Eval_On_PURE,PURE,old,703,23,window,690,930,23.0,31.0,8.0,67.0,125.00000000000001,-58.000000000000014,58.000000000000014,46.400000000000006,0.08651918865201003,nan,240,0.10154216412024587,0.9715194991695953,0.045956992994454535,0.7709161188408801,1.0,sub_harmonic_half
UBFC_A4_L3_C050_SEED101/Eval_On_PURE,PURE,old,703,24,window,720,960,24.0,32.0,8.0,59.0,125.00000000000001,-66.00000000000001,66.00000000000001,52.800000000000004,0.017896041377148064,nan,240,0.13231797620842659,0.9523235603118768,0.07230204941408663,0.6704049016154073,1.0,sub_harmonic_half
UBFC_A4_L3_C050_SEED101/Eval_On_PURE,PURE,old,703,25,window,750,990,25.0,33.0,8.0,42.0,123.99999999999999,-81.99999999999999,81.99999999999999,66.12903225806451,0.19933541351696749,nan,240,0.11795640852445428,0.9599167306492811,-0.0077605966410442375,0.5762660975827246,1.0,sub_harmonic_third
UBFC_A4_L3_C050_SEED101/Eval_On_PURE,PURE,old,703,26,window,780,1020,26.0,34.0,8.0,42.0,125.00000000000001,-83.00000000000001,83.00000000000001,66.4,0.1389347110031215,nan,240,0.059749625768609115,0.9746470584762468,0.06761870416497154,0.7459051281119852,1.0,sub_harmonic_third
UBFC_A4_L3_C050_SEED101/Eval_On_PURE,PURE,old,703,27,window,810,1050,27.0,35.0,8.0,127.0,125.00000000000001,1.9999999999999858,1.9999999999999858,1.5999999999999885,0.3712411166778517,nan,240,0.016037715941063624,0.980209986188932,0.01087609633077241,0.710526257875948,1.0,correct
UBFC_A4_L3_C050_SEED101/Eval_On_PURE,PURE,old,703,28,window,840,1080,28.0,36.0,8.0,45.0,126.0,-81.0,81.0,64.28571428571429,0.29574569953900715,nan,240,-0.015486621897204586,0.9778839913041824,0.0041757707249820775,0.6481604359635761,1.0,sub_harmonic_third
UBFC_A4_L3_C050_SEED101/Eval_On_PURE,PURE,old,703,29,window,870,1110,29.0,37.0,8.0,47.0,127.0,-80.0,80.0,62.99212598425197,0.18681123054734988,nan,240,-0.0504724152394722,0.9578381490664057,0.014454329749079663,0.6187540044277633,1.0,sub_harmonic_third
UBFC_A4_L3_C050_SEED101/Eval_On_PURE,PURE,old,703,30,window,900,1140,30.0,38.0,8.0,127.0,127.0,0.0,0.0,0.0,0.3688272961996732,nan,240,-0.05044205749055438,0.9629672369142644,-0.00745121474095567,0.5534691994080773,1.0,correct
UBFC_A4_L3_C050_SEED101/Eval_On_PURE,PURE,old,703,31,window,930,1170,31.0,39.0,8.0,53.0,127.0,-74.0,74.0,58.26771653543307,0.3361608880386932,nan,240,-0.06111476660667175,0.9747508305822442,-6.320613906665116e-05,0.6098407548518902,1.0,large_error
UBFC_A4_L3_C050_SEED101/Eval_On_PURE,PURE,old,703,32,window,960,1200,32.0,40.0,8.0,52.0,127.0,-75.0,75.0,59.055118110236215,0.25166894628595754,nan,240,0.060919351282289855,1.0041894393452373,0.03204591341247238,0.6034207387942577,1.0,large_error
UBFC_A4_L3_C050_SEED101/Eval_On_PURE,PURE,old,703,33,window,990,1230,33.0,41.0,8.0,52.0,127.0,-75.0,75.0,59.055118110236215,0.13340054404749682,nan,240,0.13312464096843601,0.9952305069658679,0.03705343936020246,0.6581666972499891,1.0,large_error
UBFC_A4_L3_C050_SEED101/Eval_On_PURE,PURE,old,703,34,window,1020,1260,34.0,42.0,8.0,51.0,127.0,-76.0,76.0,59.84251968503938,0.16000568826978112,nan,240,0.1979999345559196,0.9714341980776315,0.0593690808553649,0.7972134958641401,1.0,large_error
UBFC_A4_L3_C050_SEED101/Eval_On_PURE,PURE,old,703,35,window,1050,1290,35.0,43.0,8.0,47.0,126.0,-79.0,79.0,62.698412698412696,0.18460468278053838,nan,240,0.23696920225812984,0.9596982688887792,0.07678502950116271,0.8754695478961829,1.0,sub_harmonic_third
UBFC_A4_L3_C050_SEED101/Eval_On_PURE,PURE,old,703,36,window,1080,1320,36.0,44.0,8.0,71.0,126.0,-55.0,55.0,43.65079365079365,0.10822531613120673,nan,240,0.20762042841154837,0.9773291519793357,0.07073558359804065,0.7124448856335764,1.0,sub_harmonic_half
UBFC_A4_L3_C050_SEED101/Eval_On_PURE,PURE,old,703,37,window,1110,1350,37.0,45.0,8.0,123.99999999999999,125.00000000000001,-1.0000000000000284,1.0000000000000284,0.8000000000000226,0.3804141965825691,nan,240,0.14762802750898035,1.0166419340212853,-0.020932080398683137,0.7221420789080959,1.0,correct
UBFC_A4_L3_C050_SEED101/Eval_On_PURE,PURE,old,703,38,window,1140,1380,38.0,46.0,8.0,121.0,123.99999999999999,-2.999999999999986,2.999999999999986,2.4193548387096664,0.43604362313017764,nan,240,0.013444424843407472,1.0447602163229464,0.007530299784206173,0.6569749230917225,1.0,correct
UBFC_A4_L3_C050_SEED101/Eval_On_PURE,PURE,old,703,39,window,1170,1410,39.0,47.0,8.0,121.0,123.99999999999999,-2.999999999999986,2.999999999999986,2.4193548387096664,0.32761662241308104,nan,240,-0.015995198207501875,1.0409172483183895,0.01921571195513306,0.6705653765859166,1.0,correct
UBFC_A4_L3_C050_SEED101/Eval_On_PURE,PURE,old,703,40,window,1200,1440,40.0,48.0,8.0,120.0,123.99999999999999,-3.999999999999986,3.999999999999986,3.225806451612892,0.15502255843782853,nan,240,-0.1033687203376296,1.016653841726194,0.01978914934599851,0.7121929244637053,1.0,correct
UBFC_A4_L3_C050_SEED101/Eval_On_PURE,PURE,old,703,41,window,1230,1470,41.0,49.0,8.0,120.0,125.00000000000001,-5.000000000000014,5.000000000000014,4.0000000000000115,0.0914363600592774,nan,240,-0.09212279867089761,1.032514926265502,0.037503993509956104,0.8222098921924391,1.0,large_error
UBFC_A4_L3_C050_SEED101/Eval_On_PURE,PURE,old,703,42,window,1260,1500,42.0,50.0,8.0,119.0,125.00000000000001,-6.000000000000014,6.000000000000014,4.8000000000000105,0.06717747225631211,nan,240,-0.0660755140351242,1.0438215757951412,0.027182534466205447,0.660267025383099,1.0,large_error
UBFC_A4_L3_C050_SEED101/Eval_On_PURE,PURE,old,703,43,window,1290,1530,43.0,51.0,8.0,104.0,125.00000000000001,-21.000000000000014,21.000000000000014,16.800000000000008,0.05569018961065606,nan,240,-0.01755699796920851,1.0645878708024674,-0.0010226968000655128,0.5544215193739813,1.0,large_error
UBFC_A4_L3_C050_SEED101/Eval_On_PURE,PURE,old,703,44,window,1320,1560,44.0,52.0,8.0,61.99999999999999,125.00000000000001,-63.00000000000002,63.00000000000002,50.40000000000001,-0.03851642200085726,nan,240,0.06871501956639416,1.0664680404107272,0.06357251035345077,0.6777562423337421,1.0,sub_harmonic_half
UBFC_A4_L3_C050_SEED101/Eval_On_PURE,PURE,old,703,45,window,1350,1590,45.0,53.0,8.0,65.0,123.99999999999999,-58.999999999999986,58.999999999999986,47.58064516129032,-0.09594911462412127,nan,240,0.19817816030694907,1.0536823634838983,0.04662386356441774,0.7816567975709632,1.0,sub_harmonic_half
UBFC_A4_L3_C050_SEED101/Eval_On_PURE,PURE,old,703,46,window,1380,1620,46.0,54.0,8.0,67.0,123.99999999999999,-56.999999999999986,56.999999999999986,45.967741935483865,-0.03927727336234345,nan,240,0.35065650749147526,0.9834816136664504,0.0611792799508202,0.7693877465282902,1.0,sub_harmonic_half
UBFC_A4_L3_C050_SEED101/Eval_On_PURE,PURE,old,703,47,window,1410,1650,47.0,55.0,8.0,127.0,123.99999999999999,3.000000000000014,3.000000000000014,2.419354838709689,0.05759459435867979,nan,240,0.3482006664230569,0.9667534616036811,0.04071060622373313,0.6886512635063798,1.0,correct
UBFC_A4_L3_C050_SEED101/Eval_On_PURE,PURE,old,703,48,window,1440,1680,48.0,56.0,8.0,127.0,123.99999999999999,3.000000000000014,3.000000000000014,2.419354838709689,0.23163925958140236,nan,240,0.35573790176710424,0.9426116132185963,0.07747112734278265,0.8167682988883317,1.0,correct
UBFC_A4_L3_C050_SEED101/Eval_On_PURE,PURE,old,703,49,window,1470,1710,49.0,57.0,8.0,127.0,126.0,1.0,1.0,0.7936507936507936,0.4616912997315667,nan,240,0.2746688215240181,0.96969429431207,0.013191604678876307,0.7564489222782351,1.0,correct
UBFC_A4_L3_C050_SEED101/Eval_On_PURE,PURE,old,703,50,window,1500,1740,50.0,58.0,8.0,128.0,127.0,1.0,1.0,0.7874015748031495,0.5942841416681065,nan,240,0.1348819177480882,1.0193655358098148,-0.006528604939020192,0.6181461865562451,1.0,correct
UBFC_A4_L3_C050_SEED101/Eval_On_PURE,PURE,old,703,51,window,1530,1770,51.0,59.0,8.0,128.0,128.0,0.0,0.0,0.0,0.6647749800570575,nan,240,0.03680084790437282,1.0175913695497,-0.024042908799201526,0.7297632883496021,1.0,correct
UBFC_A4_L3_C050_SEED101/Eval_On_PURE,PURE,old,703,52,window,1560,1800,52.0,60.0,8.0,128.0,129.0,-1.0,1.0,0.7751937984496124,0.589262841673404,nan,240,-0.046616533041959674,1.0040970778830693,-0.026954035598209806,0.7017639380520282,1.0,correct
UBFC_A4_L3_C050_SEED101/Eval_On_PURE,PURE,old,703,53,window,1590,1830,53.0,61.0,8.0,128.0,129.0,-1.0,1.0,0.7751937984496124,0.6010183086927137,nan,240,-0.13137906472266286,0.9652327942670977,-0.013556603025675735,0.7626211884934964,1.0,correct
UBFC_A4_L3_C050_SEED101/Eval_On_PURE,PURE,old,703,54,window,1620,1860,54.0,62.0,8.0,127.0,128.0,-1.0,1.0,0.78125,0.5371981285785126,nan,240,-0.23309925571533913,0.939784703550826,-0.00030526836137215093,0.8987545590814096,1.0,correct
UBFC_A4_L3_C050_SEED101/Eval_On_PURE,PURE,old,703,55,window,1650,1890,55.0,63.0,8.0,127.0,127.0,0.0,0.0,0.0,0.46969511949558457,nan,240,-0.1715344130357596,0.9877604944423931,0.03907333496501513,0.849416359790345,1.0,correct
UBFC_A4_L3_C050_SEED101/Eval_On_PURE,PURE,old,703,56,window,1680,1920,56.0,64.0,8.0,127.0,127.0,0.0,0.0,0.0,0.355669919783996,nan,240,-0.1110982961056368,1.0365132604756455,0.05587120118924689,0.7709698152813013,1.0,correct
UBFC_A4_L3_C050_SEED101/Eval_On_PURE,PURE,old,703,57,window,1710,1950,57.0,65.0,8.0,71.0,126.0,-55.0,55.0,43.65079365079365,0.19116424884355385,nan,240,-0.040540166346055354,1.0244384266309432,0.026236815594766618,0.8095629964817637,1.0,sub_harmonic_half
UBFC_A4_L3_C050_SEED101/Eval_On_PURE,PURE,old,703,58,window,1740,1980,58.0,66.0,8.0,55.0,126.0,-71.0,71.0,56.34920634920635,0.1996530196599008,nan,240,0.06604040106757658,0.9934530962170904,0.02638746612733527,0.855418923386381,1.0,sub_harmonic_half
UBFC_A4_L3_C050_SEED101/Eval_On_PURE,PURE,old,703,59,window,1770,2010,59.0,67.0,8.0,82.0,127.0,-45.0,45.0,35.43307086614173,0.1925706773022158,nan,240,0.10382459634982583,0.9717347252578737,0.02661091878641198,0.9364124757791993,1.0,large_error
UBFC_A4_L3_C050_SEED101/Eval_On_PURE,PURE,old,703,60,window,1800,2040,60.0,68.0,8.0,127.0,128.0,-1.0,1.0,0.78125,0.379051332524368,nan,240,0.134432712681065,0.9544299688768102,0.019203637213017197,0.8970128005342698,1.0,correct
UBFC_A4_L3_C050_SEED101/Eval_On_PURE,PURE,old,703,61,window,1830,2070,61.0,69.0,8.0,128.0,129.0,-1.0,1.0,0.7751937984496124,0.38940232683110476,nan,240,0.06770414013376974,0.9747053606040601,0.05023948803589481,0.7741435868772099,1.0,correct
UBFC_A4_L3_C050_SEED101/Eval_On_PURE,PURE,old,703,62,window,1860,2100,62.0,70.0,8.0,129.0,130.0,-1.0,1.0,0.7692307692307693,0.5555997998345689,nan,240,0.031510422043943956,0.9966280179218714,0.018186364178958987,0.5880713548426273,1.0,correct
UBFC_A4_L3_C050_SEED101/Eval_On_PURE,PURE,old,703,63,window,1890,2130,63.0,71.0,8.0,128.0,130.0,-2.0,2.0,1.5384615384615385,0.5809384252869387,nan,240,-0.08028865361091339,0.9958775310316424,0.031219209456443926,0.6803979912185254,1.0,correct
UBFC_A4_L3_C050_SEED101/Eval_On_PURE,PURE,old,703,64,window,1920,2160,64.0,72.0,8.0,128.0,130.0,-2.0,2.0,1.5384615384615385,0.5905086965077359,nan,240,-0.2108898178616674,0.9552349918636074,0.022922783120150534,0.8003275421957302,1.0,correct
UBFC_A4_L3_C050_SEED101/Eval_On_PURE,PURE,old,703,65,window,1950,2190,65.0,73.0,8.0,129.0,130.0,-1.0,1.0,0.7692307692307693,0.493917982668808,nan,240,-0.22152365561662374,0.9650364094375102,0.008073715688682044,0.7171180098502168,1.0,correct
UBFC_A4_L3_C050_SEED101/Eval_On_PURE,PURE,old,703,66,window,1980,2220,66.0,74.0,8.0,134.0,130.0,4.0,4.0,3.076923076923077,0.43589553828608946,nan,240,-0.217483722564967,0.9611391578854276,0.006843336178632877,0.6383685413916789,1.0,large_error
UBFC_A4_L3_C050_SEED101/Eval_On_PURE,PURE,old,704,0,window,0,240,0.0,8.0,8.0,133.0,133.0,0.0,0.0,0.0,0.6900993808810513,nan,240,0.14156508454548408,0.9764436183084926,0.035794132209375905,0.8942782418603694,1.0,correct
UBFC_A4_L3_C050_SEED101/Eval_On_PURE,PURE,old,704,1,window,30,270,1.0,9.0,8.0,130.0,131.0,-1.0,1.0,0.7633587786259541,0.6322102028504977,nan,240,0.17938561113187643,0.9684934959184872,0.031288308950734735,0.9112667987171509,1.0,correct
UBFC_A4_L3_C050_SEED101/Eval_On_PURE,PURE,old,704,2,window,60,300,2.0,10.0,8.0,129.0,127.0,2.0,2.0,1.574803149606299,0.6194553889850107,nan,240,0.1290644726979466,0.9903694522509642,-0.005818089700014672,0.6846303171579577,1.0,correct
UBFC_A4_L3_C050_SEED101/Eval_On_PURE,PURE,old,704,3,window,90,330,3.0,11.0,8.0,127.0,123.99999999999999,3.000000000000014,3.000000000000014,2.419354838709689,0.46784052350479266,nan,240,0.17149732784524024,0.9701612954790896,0.019151846400684448,0.7584001088414813,1.0,correct
UBFC_A4_L3_C050_SEED101/Eval_On_PURE,PURE,old,704,4,window,120,360,4.0,12.0,8.0,120.0,121.0,-1.0,1.0,0.8264462809917356,0.4187947254641026,nan,240,0.22819098637501528,0.9834847621461575,0.0409151272200118,0.8209607252114093,1.0,correct
UBFC_A4_L3_C050_SEED101/Eval_On_PURE,PURE,old,704,5,window,150,390,5.0,13.0,8.0,119.0,118.0,1.0,1.0,0.847457627118644,0.5315456311695517,nan,240,0.21349974314119252,1.0018670590939307,0.03292712120783145,0.7422578030113292,1.0,correct
UBFC_A4_L3_C050_SEED101/Eval_On_PURE,PURE,old,704,6,window,180,420,6.0,14.0,8.0,119.0,117.0,2.0,2.0,1.7094017094017095,0.4722201317498064,nan,240,0.12850360011143466,1.0037685561608796,0.01634035335193072,0.7311106048270247,1.0,correct
UBFC_A4_L3_C050_SEED101/Eval_On_PURE,PURE,old,704,7,window,210,450,7.0,15.0,8.0,118.0,116.0,2.0,2.0,1.7241379310344827,0.1717474568064795,nan,240,0.039076646425117975,1.0031538858316094,0.0025423832947321645,0.5711534688082577,1.0,correct
UBFC_A4_L3_C050_SEED101/Eval_On_PURE,PURE,old,704,8,window,240,480,8.0,16.0,8.0,96.0,116.0,-20.0,20.0,17.24137931034483,-0.01017330647505176,nan,240,-0.03143046549878324,1.0080228486425746,0.0223342964024316,0.5808908419116462,1.0,large_error
UBFC_A4_L3_C050_SEED101/Eval_On_PURE,PURE,old,704,9,window,270,510,9.0,17.0,8.0,64.0,116.0,-52.0,52.0,44.827586206896555,0.255160604770714,nan,240,-0.017687727223091997,0.9981778725268008,0.036055434052220246,0.4919682030329302,1.0,sub_harmonic_half
UBFC_A4_L3_C050_SEED101/Eval_On_PURE,PURE,old,704,10,window,300,540,10.0,18.0,8.0,96.0,117.0,-21.0,21.0,17.94871794871795,0.15691038210163183,nan,240,0.056865401050700634,0.9760556060953502,-0.005655449890118876,0.6736333049583362,1.0,large_error
UBFC_A4_L3_C050_SEED101/Eval_On_PURE,PURE,old,704,11,window,330,570,11.0,19.0,8.0,95.0,118.0,-23.0,23.0,19.491525423728813,0.1706569064105986,nan,240,0.0819327280086586,1.0107326553767328,0.031326958273941115,0.6775618874099967,1.0,large_error
UBFC_A4_L3_C050_SEED101/Eval_On_PURE,PURE,old,704,12,window,360,600,12.0,20.0,8.0,68.0,119.0,-51.0,51.0,42.857142857142854,0.1027632884884175,nan,240,0.017468920645952683,0.9719208543881012,0.012086725517415069,0.621933082161435,1.0,sub_harmonic_half
UBFC_A4_L3_C050_SEED101/Eval_On_PURE,PURE,old,704,13,window,390,630,13.0,21.0,8.0,68.0,120.0,-52.0,52.0,43.333333333333336,0.04705652465162542,nan,240,-0.06238311140216946,0.9787911042944274,0.0018112985162658916,0.6894119411031024,1.0,sub_harmonic_half
UBFC_A4_L3_C050_SEED101/Eval_On_PURE,PURE,old,704,14,window,420,660,14.0,22.0,8.0,56.0,121.0,-65.0,65.0,53.71900826446281,0.04739848023524473,nan,240,-0.0544452802315468,0.9821203413690814,0.01666119807600993,0.6179757056913551,1.0,sub_harmonic_half
UBFC_A4_L3_C050_SEED101/Eval_On_PURE,PURE,old,704,15,window,450,690,15.0,23.0,8.0,58.0,121.0,-63.0,63.0,52.066115702479344,0.04287583588936678,nan,240,0.01566698590564371,0.9844930414468248,-0.004656034296637847,0.5991483191684732,1.0,sub_harmonic_half
UBFC_A4_L3_C050_SEED101/Eval_On_PURE,PURE,old,704,16,window,480,720,16.0,24.0,8.0,83.0,122.0,-39.0,39.0,31.967213114754102,-0.0005185651473404888,nan,240,0.04125911837465993,0.9628739118791733,0.009138656289231637,0.5497239078453643,1.0,large_error
UBFC_A4_L3_C050_SEED101/Eval_On_PURE,PURE,old,704,17,window,510,750,17.0,25.0,8.0,55.0,123.99999999999999,-68.99999999999999,68.99999999999999,55.64516129032258,0.06377240431630195,nan,240,-1.5333260619972608e-05,0.9687293601317576,0.04641908746293036,0.6271436105329918,1.0,sub_harmonic_half
UBFC_A4_L3_C050_SEED101/Eval_On_PURE,PURE,old,704,18,window,540,780,18.0,26.0,8.0,51.0,125.00000000000001,-74.00000000000001,74.00000000000001,59.20000000000001,-0.09614300709092272,nan,240,-0.0263033829068717,0.9683510008961951,0.004238499479822311,0.5083708676541258,1.0,large_error
UBFC_A4_L3_C050_SEED101/Eval_On_PURE,PURE,old,704,19,window,570,810,19.0,27.0,8.0,41.0,127.0,-86.0,86.0,67.71653543307087,-0.1175262071355901,nan,240,-0.17887988337682914,0.9335748646282552,-0.004650992393197895,0.5252555605340752,1.0,sub_harmonic_third
UBFC_A4_L3_C050_SEED101/Eval_On_PURE,PURE,old,704,20,window,600,840,20.0,28.0,8.0,65.0,128.0,-63.0,63.0,49.21875,0.005349505553360803,nan,240,-0.1815574794081199,0.9559077372088541,0.008800892171632562,0.5008192652813126,1.0,sub_harmonic_half
UBFC_A4_L3_C050_SEED101/Eval_On_PURE,PURE,old,704,21,window,630,870,21.0,29.0,8.0,67.0,128.0,-61.0,61.0,47.65625,-0.027730990726616278,nan,240,-0.047898337393742614,0.9688771970148635,0.03204483730634975,0.6021296169221692,1.0,sub_harmonic_half
UBFC_A4_L3_C050_SEED101/Eval_On_PURE,PURE,old,704,22,window,660,900,22.0,30.0,8.0,67.0,128.0,-61.0,61.0,47.65625,-0.009358564020476249,nan,240,-0.004757030282333082,0.9736076499064397,0.0011909675076170712,0.522506498447093,1.0,sub_harmonic_half
UBFC_A4_L3_C050_SEED101/Eval_On_PURE,PURE,old,704,23,window,690,930,23.0,31.0,8.0,68.0,128.0,-60.0,60.0,46.875,-0.005632460474932589,nan,240,-0.03756612542368396,0.975125322760228,0.000560475408633719,0.30098131156289587,1.0,sub_harmonic_half
UBFC_A4_L3_C050_SEED101/Eval_On_PURE,PURE,old,704,24,window,720,960,24.0,32.0,8.0,50.0,128.0,-78.0,78.0,60.9375,-0.007895898866099387,nan,240,-0.04794492896006781,0.9720148055289913,-0.005302204194616005,0.5204274165325818,1.0,sub_harmonic_third
UBFC_A4_L3_C050_SEED101/Eval_On_PURE,PURE,old,704,25,window,750,990,25.0,33.0,8.0,70.0,128.0,-58.0,58.0,45.3125,-0.12761988724468432,nan,240,-0.04951331460521264,0.9739774526336737,0.0032836903247335015,0.46092456785280417,1.0,sub_harmonic_half
UBFC_A4_L3_C050_SEED101/Eval_On_PURE,PURE,old,704,26,window,780,1020,26.0,34.0,8.0,67.0,128.0,-61.0,61.0,47.65625,-0.1674133636366263,nan,240,-0.08583037628228067,0.9977186353258731,0.0064968517179965,0.5214396521691528,1.0,sub_harmonic_half
UBFC_A4_L3_C050_SEED101/Eval_On_PURE,PURE,old,704,27,window,810,1050,27.0,35.0,8.0,72.0,129.0,-57.0,57.0,44.18604651162791,-0.15067137842839878,nan,240,0.03078370237713864,1.0017968932248367,0.009416020133046465,0.645573573661698,1.0,sub_harmonic_half
UBFC_A4_L3_C050_SEED101/Eval_On_PURE,PURE,old,704,28,window,840,1080,28.0,36.0,8.0,73.0,129.0,-56.0,56.0,43.41085271317829,0.005906140254572274,nan,240,0.06141458266637678,0.9882253887470807,0.005101432294528115,0.7111499754526199,1.0,sub_harmonic_half
UBFC_A4_L3_C050_SEED101/Eval_On_PURE,PURE,old,704,29,window,870,1110,29.0,37.0,8.0,72.0,130.0,-58.0,58.0,44.61538461538462,-0.02897159574061751,nan,240,0.0006602444511136156,0.9609737417558547,0.015737041270615773,0.6000409081634286,1.0,sub_harmonic_half
UBFC_A4_L3_C050_SEED101/Eval_On_PURE,PURE,old,704,30,window,900,1140,30.0,38.0,8.0,73.0,130.0,-57.0,57.0,43.84615384615385,0.0070233710530051285,nan,240,-0.0715960615060372,0.9553008780180803,-0.002078804971295937,0.6351273391247956,1.0,sub_harmonic_half
UBFC_A4_L3_C050_SEED101/Eval_On_PURE,PURE,old,704,31,window,930,1170,31.0,39.0,8.0,75.0,131.0,-56.0,56.0,42.74809160305343,-0.026428647977182456,nan,240,-0.12630591263304244,0.965475148707565,0.013870300605363862,0.4524615977320147,1.0,sub_harmonic_half
UBFC_A4_L3_C050_SEED101/Eval_On_PURE,PURE,old,704,32,window,960,1200,32.0,40.0,8.0,61.99999999999999,131.0,-69.0,69.0,52.67175572519084,0.05923760988639709,nan,240,-0.14867967944434474,0.9891120295870819,0.01493300195796446,0.5414157458906428,1.0,sub_harmonic_half
UBFC_A4_L3_C050_SEED101/Eval_On_PURE,PURE,old,704,33,window,990,1230,33.0,41.0,8.0,48.0,132.0,-84.0,84.0,63.63636363636363,0.032988975735975264,nan,240,-0.04792707280140203,1.0340824122557117,-0.00558071557969164,0.6860606714101144,1.0,sub_harmonic_third
UBFC_A4_L3_C050_SEED101/Eval_On_PURE,PURE,old,704,34,window,1020,1260,34.0,42.0,8.0,60.0,133.0,-73.0,73.0,54.88721804511278,0.16565340666852624,nan,240,0.01086616253072199,1.0122402564975277,0.031959493008445874,0.7947660905014702,1.0,sub_harmonic_half
UBFC_A4_L3_C050_SEED101/Eval_On_PURE,PURE,old,704,35,window,1050,1290,35.0,43.0,8.0,58.0,134.0,-76.0,76.0,56.71641791044776,0.2477432059028132,nan,240,-0.031160376317339842,0.9914279632682346,-0.003464149960293004,0.5996141066122133,1.0,large_error
UBFC_A4_L3_C050_SEED101/Eval_On_PURE,PURE,old,704,36,window,1080,1320,36.0,44.0,8.0,54.0,134.0,-80.0,80.0,59.70149253731343,0.164950741942678,nan,240,-0.14769463439993177,0.9940811049160075,-0.007809245194822275,0.7782483373500428,1.0,large_error
UBFC_A4_L3_C050_SEED101/Eval_On_PURE,PURE,old,704,37,window,1110,1350,37.0,45.0,8.0,53.0,136.0,-83.0,83.0,61.029411764705884,0.16517793324053445,nan,240,-0.1888369977621494,1.0184858362301958,0.014167996237080078,0.8115163171212401,1.0,sub_harmonic_third
UBFC_A4_L3_C050_SEED101/Eval_On_PURE,PURE,old,704,38,window,1140,1380,38.0,46.0,8.0,53.0,137.0,-84.0,84.0,61.31386861313869,0.07935371530581806,nan,240,-0.16712899368794754,1.027561115773041,0.0029198161729745023,0.7105258917466357,1.0,sub_harmonic_third
UBFC_A4_L3_C050_SEED101/Eval_On_PURE,PURE,old,704,39,window,1170,1410,39.0,47.0,8.0,56.0,136.0,-80.0,80.0,58.82352941176471,0.16704259508556274,nan,240,-0.07902434176473158,1.055015278315888,0.034816267284695036,0.6741096219691648,1.0,large_error
UBFC_A4_L3_C050_SEED101/Eval_On_PURE,PURE,old,704,40,window,1200,1440,40.0,48.0,8.0,55.0,134.0,-79.0,79.0,58.95522388059702,0.1828469912762235,nan,240,0.026460738188825366,1.087097441090503,0.025040711997640002,0.6123712749925807,1.0,large_error
UBFC_A4_L3_C050_SEED101/Eval_On_PURE,PURE,old,704,41,window,1230,1470,41.0,49.0,8.0,43.0,122.99999999999999,-79.99999999999999,79.99999999999999,65.04065040650406,0.0650462923166411,nan,240,-0.02980330825855509,1.048366172860212,0.0012617606721446882,0.49768269133441634,1.0,sub_harmonic_third
UBFC_A4_L3_C050_SEED101/Eval_On_PURE,PURE,old,704,42,window,1260,1500,42.0,50.0,8.0,69.0,122.99999999999999,-53.999999999999986,53.999999999999986,43.90243902439024,0.028794295621577433,nan,240,-0.08126972415408715,1.0575698491572123,0.007387932496289819,0.6004008686712962,1.0,sub_harmonic_half
UBFC_A4_L3_C050_SEED101/Eval_On_PURE,PURE,old,704,43,window,1290,1530,43.0,51.0,8.0,69.0,126.0,-57.0,57.0,45.23809523809524,0.04612165799641244,nan,240,-0.10468033069520936,1.067510471826863,0.018690162848359768,0.6041525038425719,1.0,sub_harmonic_half
UBFC_A4_L3_C050_SEED101/Eval_On_PURE,PURE,old,704,44,window,1320,1560,44.0,52.0,8.0,84.0,125.00000000000001,-41.000000000000014,41.000000000000014,32.800000000000004,0.05675986244956802,nan,240,0.018202442183827907,1.0803467613659243,0.0002707305772592557,0.40938115004252057,1.0,large_error
UBFC_A4_L3_C050_SEED101/Eval_On_PURE,PURE,old,704,45,window,1350,1590,45.0,53.0,8.0,46.0,125.00000000000001,-79.00000000000001,79.00000000000001,63.2,-0.017732903429413634,nan,240,0.12273878067384002,1.069764702461058,0.032820926039730004,0.6209084073909686,1.0,sub_harmonic_third
UBFC_A4_L3_C050_SEED101/Eval_On_PURE,PURE,old,704,46,window,1380,1620,46.0,54.0,8.0,83.0,125.00000000000001,-42.000000000000014,42.000000000000014,33.60000000000001,0.0021449295561290216,nan,240,0.15622558207563889,1.0739675927288868,-0.0026311713037160105,0.3663183358719118,1.0,large_error
UBFC_A4_L3_C050_SEED101/Eval_On_PURE,PURE,old,704,47,window,1410,1650,47.0,55.0,8.0,48.0,125.00000000000001,-77.00000000000001,77.00000000000001,61.6,-0.09935560867016946,nan,240,0.07147091107237384,1.0585254972757332,-0.014355787399794801,0.5747983312492,1.0,sub_harmonic_third
UBFC_A4_L3_C050_SEED101/Eval_On_PURE,PURE,old,704,48,window,1440,1680,48.0,56.0,8.0,60.0,125.00000000000001,-65.00000000000001,65.00000000000001,52.0,-0.10651070043415237,nan,240,-0.021530230665249714,1.025654268796748,0.011504299364032865,0.52721633042596,1.0,sub_harmonic_half
UBFC_A4_L3_C050_SEED101/Eval_On_PURE,PURE,old,704,49,window,1470,1710,49.0,57.0,8.0,45.0,125.00000000000001,-80.00000000000001,80.00000000000001,64.0,-0.10600086590346816,nan,240,-0.02912477422915692,1.022618723141652,0.011459640217329347,0.28559007713412804,1.0,sub_harmonic_third
UBFC_A4_L3_C050_SEED101/Eval_On_PURE,PURE,old,704,50,window,1500,1740,50.0,58.0,8.0,84.0,125.00000000000001,-41.000000000000014,41.000000000000014,32.800000000000004,-0.11576017438026459,nan,240,0.030825563835210415,1.0160542043477554,0.022491405358587128,0.5389582137267008,1.0,large_error
UBFC_A4_L3_C050_SEED101/Eval_On_PURE,PURE,old,704,51,window,1530,1770,51.0,59.0,8.0,44.0,126.0,-82.0,82.0,65.07936507936508,0.01381070188006933,nan,240,0.08447527944922913,1.0120837464838688,0.004774697301000583,0.36044278550299225,1.0,sub_harmonic_third
UBFC_A4_L3_C050_SEED101/Eval_On_PURE,PURE,old,704,52,window,1560,1800,52.0,60.0,8.0,50.0,126.0,-76.0,76.0,60.317460317460316,-0.02863714319578596,nan,240,0.08146929565223059,0.9917764768940258,-0.005915342783238935,0.3730586970441728,1.0,sub_harmonic_third
UBFC_A4_L3_C050_SEED101/Eval_On_PURE,PURE,old,704,53,window,1590,1830,53.0,61.0,8.0,128.0,127.0,1.0,1.0,0.7874015748031495,0.023754856110253547,nan,240,0.0517312232964042,0.9755165479936646,0.007432083090562145,0.5738803361403952,1.0,correct
UBFC_A4_L3_C050_SEED101/Eval_On_PURE,PURE,old,704,54,window,1620,1860,54.0,62.0,8.0,128.0,128.0,0.0,0.0,0.0,-0.12872637836429404,nan,240,-0.009535149137623449,0.9754273138273406,0.01947513651495426,0.4407403222102981,1.0,correct
UBFC_A4_L3_C050_SEED101/Eval_On_PURE,PURE,old,704,55,window,1650,1890,55.0,63.0,8.0,64.0,128.0,-64.0,64.0,50.0,0.03438745496545982,nan,240,-0.0016669688110766893,0.9734187383060217,0.019961641593212082,0.5277854472096045,1.0,sub_harmonic_half
UBFC_A4_L3_C050_SEED101/Eval_On_PURE,PURE,old,704,56,window,1680,1920,56.0,64.0,8.0,63.0,127.0,-64.0,64.0,50.39370078740157,-0.11875473500516116,nan,240,0.10058862973036423,0.9895459556657403,0.05181140198600663,0.6785049061595745,1.0,sub_harmonic_half
UBFC_A4_L3_C050_SEED101/Eval_On_PURE,PURE,old,704,57,window,1710,1950,57.0,65.0,8.0,121.0,126.0,-5.0,5.0,3.968253968253968,-0.25860123336265806,nan,240,0.10695701098148495,0.9882140387700965,0.008718970117491998,0.45115173566485045,1.0,large_error
UBFC_A4_L3_C050_SEED101/Eval_On_PURE,PURE,old,704,58,window,1740,1980,58.0,66.0,8.0,134.0,122.99999999999999,11.000000000000014,11.000000000000014,8.943089430894322,-0.17890599201535046,nan,240,0.1060695244198603,0.98247084575927,0.022805365237247167,0.6404943305395023,1.0,large_error
UBFC_A4_L3_C050_SEED101/Eval_On_PURE,PURE,old,704,59,window,1770,2010,59.0,67.0,8.0,121.0,121.0,0.0,0.0,0.0,-0.19596751386159034,nan,240,-0.006514620257739293,0.9966619830706495,-0.004227311951850913,0.6093922422625886,1.0,correct
UBFC_A4_L3_C050_SEED101/Eval_On_PURE,PURE,old,704,60,window,1800,2040,60.0,68.0,8.0,120.0,119.0,1.0,1.0,0.8403361344537815,-0.15208703835661785,nan,240,-0.12577578575019543,1.013543754369409,0.016663461365921627,0.5463582147026169,1.0,correct
UBFC_A4_L3_C050_SEED101/Eval_On_PURE,PURE,old,704,61,window,1830,2070,61.0,69.0,8.0,47.0,119.0,-72.0,72.0,60.50420168067227,0.021791462108146364,nan,240,-0.18414035502157428,1.00757065682848,0.024818020053050626,0.4402786308461607,1.0,sub_harmonic_third
UBFC_A4_L3_C050_SEED101/Eval_On_PURE,PURE,old,704,62,window,1860,2100,62.0,70.0,8.0,119.0,119.0,0.0,0.0,0.0,0.010659563492272763,nan,240,-0.14298060851151487,0.990807794798933,0.026820917638647652,0.45173529252976846,1.0,correct
UBFC_A4_L3_C050_SEED101/Eval_On_PURE,PURE,old,704,63,window,1890,2130,63.0,71.0,8.0,119.0,120.0,-1.0,1.0,0.8333333333333334,-0.05758274349794801,nan,240,-0.05888484158837926,1.002547769976965,0.00959582829738073,0.48654840214983336,1.0,correct
UBFC_A4_L3_C050_SEED101/Eval_On_PURE,PURE,old,704,64,window,1920,2160,64.0,72.0,8.0,49.0,121.0,-72.0,72.0,59.50413223140496,0.025954935371445574,nan,240,-0.1192671567892704,0.9635836949206481,0.008948075876870232,0.4245677769888363,1.0,large_error
UBFC_A4_L3_C050_SEED101/Eval_On_PURE,PURE,old,704,65,window,1950,2190,65.0,73.0,8.0,82.0,122.0,-40.0,40.0,32.78688524590164,0.07621171119654253,nan,240,-0.12504297372856102,0.956737860119397,0.0085458780362275,0.5048162030930676,1.0,large_error
UBFC_A4_L3_C050_SEED101/Eval_On_PURE,PURE,old,704,66,window,1980,2220,66.0,74.0,8.0,43.0,122.99999999999999,-79.99999999999999,79.99999999999999,65.04065040650406,0.1117895148013459,nan,240,-0.1599067096438229,0.9518749748746949,0.03054296787618458,0.713543684402191,1.0,sub_harmonic_third
UBFC_A4_L3_C050_SEED101/Eval_On_PURE,PURE,old,705,0,window,0,240,0.0,8.0,8.0,132.0,132.0,0.0,0.0,0.0,0.6506465338936563,nan,240,-0.019283248664286996,0.926116271047731,0.0021938148675863466,0.8613067921295701,1.0,correct
UBFC_A4_L3_C050_SEED101/Eval_On_PURE,PURE,old,705,1,window,30,270,1.0,9.0,8.0,133.0,132.0,1.0,1.0,0.7575757575757576,0.6653437114505824,nan,240,-0.127470004914857,0.9483629335233442,0.003976437433370994,0.8205030384645323,1.0,correct
UBFC_A4_L3_C050_SEED101/Eval_On_PURE,PURE,old,705,2,window,60,300,2.0,10.0,8.0,134.0,132.0,2.0,2.0,1.5151515151515151,0.6032488614193275,nan,240,-0.10399623994917426,0.9707139907173518,0.01808863425370729,0.8543370673855167,1.0,correct
UBFC_A4_L3_C050_SEED101/Eval_On_PURE,PURE,old,705,3,window,90,330,3.0,11.0,8.0,133.0,132.0,1.0,1.0,0.7575757575757576,0.604342146031293,nan,240,-0.18608739702725263,1.0181072984889916,0.013690848377052828,0.8498388157399273,1.0,correct
UBFC_A4_L3_C050_SEED101/Eval_On_PURE,PURE,old,705,4,window,120,360,4.0,12.0,8.0,134.0,133.0,1.0,1.0,0.7518796992481203,0.6123525703460272,nan,240,-0.2434387756384571,1.0059615675469211,-0.033727392585386776,0.8470622425189481,1.0,correct
UBFC_A4_L3_C050_SEED101/Eval_On_PURE,PURE,old,705,5,window,150,390,5.0,13.0,8.0,135.0,134.0,1.0,1.0,0.7462686567164178,0.678091740192249,nan,240,-0.16976967691569422,1.0514580726842486,-0.005939512626109282,0.8825080756925461,1.0,correct
UBFC_A4_L3_C050_SEED101/Eval_On_PURE,PURE,old,705,6,window,180,420,6.0,14.0,8.0,135.0,135.0,0.0,0.0,0.0,0.684576676911359,nan,240,-0.20968840482308584,1.072762479429773,0.04608899206091151,0.9143377890343033,1.0,correct
UBFC_A4_L3_C050_SEED101/Eval_On_PURE,PURE,old,705,7,window,210,450,7.0,15.0,8.0,136.0,136.0,0.0,0.0,0.0,0.6745472857682399,nan,240,-0.0836867906618095,1.1013041801925643,0.008230997313852803,0.8487062913891718,1.0,correct
UBFC_A4_L3_C050_SEED101/Eval_On_PURE,PURE,old,705,8,window,240,480,8.0,16.0,8.0,137.0,137.0,0.0,0.0,0.0,0.6224406724415206,nan,240,-0.14428204762390856,1.1231647836353,-0.01728857783675608,0.8503311663110587,1.0,correct
UBFC_A4_L3_C050_SEED101/Eval_On_PURE,PURE,old,705,9,window,270,510,9.0,17.0,8.0,137.0,138.0,-1.0,1.0,0.7246376811594203,0.5404490773347672,nan,240,-0.10328965448152001,1.1174320183923698,0.02062633831845899,0.8358679485278209,1.0,correct
UBFC_A4_L3_C050_SEED101/Eval_On_PURE,PURE,old,705,10,window,300,540,10.0,18.0,8.0,137.0,138.0,-1.0,1.0,0.7246376811594203,0.6932801108538511,nan,240,-0.10295579763521795,1.110477124473224,0.028947288314258714,0.8843206880931365,1.0,correct
UBFC_A4_L3_C050_SEED101/Eval_On_PURE,PURE,old,705,11,window,330,570,11.0,19.0,8.0,136.0,138.0,-2.0,2.0,1.4492753623188406,0.718008350609681,nan,240,-0.050653058359364796,1.064725273882086,-0.00654437844934144,0.8239993967784328,1.0,correct
UBFC_A4_L3_C050_SEED101/Eval_On_PURE,PURE,old,705,12,window,360,600,12.0,20.0,8.0,136.0,137.0,-1.0,1.0,0.7299270072992701,0.6652427683939669,nan,240,-0.012796162165514874,1.0601818610382872,-0.011008181947421375,0.8064756843629223,1.0,correct
UBFC_A4_L3_C050_SEED101/Eval_On_PURE,PURE,old,705,13,window,390,630,13.0,21.0,8.0,135.0,136.0,-1.0,1.0,0.7352941176470588,0.6686158703505988,nan,240,-0.1377898867308571,1.089569618332402,0.04177640588816912,0.8709234455594022,1.0,correct
UBFC_A4_L3_C050_SEED101/Eval_On_PURE,PURE,old,705,14,window,420,660,14.0,22.0,8.0,135.0,135.0,0.0,0.0,0.0,0.785965730423439,nan,240,-0.04753268885037653,1.10152805393307,0.038174981682689985,0.8734930336608735,1.0,correct
UBFC_A4_L3_C050_SEED101/Eval_On_PURE,PURE,old,705,15,window,450,690,15.0,23.0,8.0,135.0,135.0,0.0,0.0,0.0,0.6525437331536484,nan,240,-0.02557664649082679,1.1317557993268659,-0.032133287853112195,0.8204148415333576,1.0,correct
UBFC_A4_L3_C050_SEED101/Eval_On_PURE,PURE,old,705,16,window,480,720,16.0,24.0,8.0,135.0,134.0,1.0,1.0,0.7462686567164178,0.6502835713876371,nan,240,-0.09556297962912706,1.1614322940954853,-0.013488750822991074,0.8562507778661677,1.0,correct
UBFC_A4_L3_C050_SEED101/Eval_On_PURE,PURE,old,705,17,window,510,750,17.0,25.0,8.0,135.0,134.0,1.0,1.0,0.7462686567164178,0.6674899563286587,nan,240,-0.0408354458337865,1.1482364965092156,0.04507217919596819,0.885508770744628,1.0,correct
UBFC_A4_L3_C050_SEED101/Eval_On_PURE,PURE,old,705,18,window,540,780,18.0,26.0,8.0,135.0,134.0,1.0,1.0,0.7462686567164178,0.6504267555090633,nan,240,-0.048303805294345095,1.1161642995940249,0.03700370417413653,0.9040959154123763,1.0,correct
UBFC_A4_L3_C050_SEED101/Eval_On_PURE,PURE,old,705,19,window,570,810,19.0,27.0,8.0,135.0,134.0,1.0,1.0,0.7462686567164178,0.5484423422945032,nan,240,0.00035896564691516953,1.073284356568074,-0.013546830672662713,0.8614408974524491,1.0,correct
UBFC_A4_L3_C050_SEED101/Eval_On_PURE,PURE,old,705,20,window,600,840,20.0,28.0,8.0,135.0,134.0,1.0,1.0,0.7462686567164178,0.5960976667785252,nan,240,0.02750419848904023,1.0466145289972417,-0.013405138047819839,0.8504602105999166,1.0,correct
UBFC_A4_L3_C050_SEED101/Eval_On_PURE,PURE,old,705,21,window,630,870,21.0,29.0,8.0,135.0,135.0,0.0,0.0,0.0,0.5848479136305282,nan,240,0.12594428799066296,0.9387147234528761,0.04444798999845858,0.9058358536295318,1.0,correct
UBFC_A4_L3_C050_SEED101/Eval_On_PURE,PURE,old,705,22,window,660,900,22.0,30.0,8.0,135.0,136.0,-1.0,1.0,0.7352941176470588,0.6134144692222159,nan,240,0.10980589505809059,0.8678713199069856,0.02239583111971197,0.9191567627982615,1.0,correct
UBFC_A4_L3_C050_SEED101/Eval_On_PURE,PURE,old,705,23,window,690,930,23.0,31.0,8.0,135.0,136.0,-1.0,1.0,0.7352941176470588,0.533669156101778,nan,240,0.015540117183063007,0.7807596986054312,-0.04180239896335306,0.9116501942524416,1.0,correct
UBFC_A4_L3_C050_SEED101/Eval_On_PURE,PURE,old,705,24,window,720,960,24.0,32.0,8.0,135.0,137.0,-2.0,2.0,1.4598540145985401,0.6639365449031922,nan,240,0.09962263891449505,0.6444979155938901,-0.015066324915201804,0.8561439145046852,1.0,correct
UBFC_A4_L3_C050_SEED101/Eval_On_PURE,PURE,old,705,25,window,750,990,25.0,33.0,8.0,135.0,137.0,-2.0,2.0,1.4598540145985401,0.7028965605798546,nan,240,0.09944905633280707,0.5849047410317327,0.043192017333896764,0.9064508396464057,1.0,correct
UBFC_A4_L3_C050_SEED101/Eval_On_PURE,PURE,old,705,26,window,780,1020,26.0,34.0,8.0,135.0,137.0,-2.0,2.0,1.4598540145985401,0.6197967406576591,nan,240,0.07500550759993306,0.5787179483539311,0.03076271059862773,0.9239086694582826,1.0,correct
UBFC_A4_L3_C050_SEED101/Eval_On_PURE,PURE,old,705,27,window,810,1050,27.0,35.0,8.0,135.0,136.0,-1.0,1.0,0.7352941176470588,0.6767397948820684,nan,240,0.06322544489406881,0.5768450762727599,-0.03862822303080586,0.914056130326671,1.0,correct
UBFC_A4_L3_C050_SEED101/Eval_On_PURE,PURE,old,705,28,window,840,1080,28.0,36.0,8.0,131.0,134.0,-3.0,3.0,2.2388059701492535,0.44798082024929803,nan,240,0.016426029829705317,0.607361546375859,-0.005087566852097462,0.8841974663176346,1.0,correct
UBFC_A4_L3_C050_SEED101/Eval_On_PURE,PURE,old,705,29,window,870,1110,29.0,37.0,8.0,130.0,133.0,-3.0,3.0,2.2556390977443606,0.2573113624807091,nan,240,-0.011271641785910077,0.6522408268631947,0.031446723509188486,0.9044974492425841,1.0,correct
UBFC_A4_L3_C050_SEED101/Eval_On_PURE,PURE,old,705,30,window,900,1140,30.0,38.0,8.0,129.0,131.0,-2.0,2.0,1.5267175572519083,0.22322975997136602,nan,240,-0.08005821577851985,0.7052265626775864,-0.03563814034921445,0.8729243715300303,1.0,correct
UBFC_A4_L3_C050_SEED101/Eval_On_PURE,PURE,old,705,31,window,930,1170,31.0,39.0,8.0,128.0,129.0,-1.0,1.0,0.7751937984496124,0.2694099855842914,nan,240,-0.037067372979442154,0.7833988011923966,-0.015043570819096628,0.8680967244564182,1.0,correct
UBFC_A4_L3_C050_SEED101/Eval_On_PURE,PURE,old,705,32,window,960,1200,32.0,40.0,8.0,127.0,128.0,-1.0,1.0,0.78125,0.18415226223269643,nan,240,-0.03525093131381015,0.8478637412454127,0.015318154710858945,0.9161897977511848,1.0,correct
UBFC_A4_L3_C050_SEED101/Eval_On_PURE,PURE,old,705,33,window,990,1230,33.0,41.0,8.0,128.0,128.0,0.0,0.0,0.0,0.029624369822464084,nan,240,-0.13277552349270522,0.9096507628040041,0.046956852477154226,0.9122513274210157,1.0,correct
UBFC_A4_L3_C050_SEED101/Eval_On_PURE,PURE,old,705,34,window,1020,1260,34.0,42.0,8.0,128.0,129.0,-1.0,1.0,0.7751937984496124,-0.0339987951348518,nan,240,-0.10339975926305162,0.9673137872872479,0.04094549029904731,0.9297244756273618,1.0,correct
UBFC_A4_L3_C050_SEED101/Eval_On_PURE,PURE,old,705,35,window,1050,1290,35.0,43.0,8.0,129.0,129.0,0.0,0.0,0.0,0.07985212463907822,nan,240,-0.0038730791825112632,1.0703621907352288,0.006526440142617266,0.880901041352933,1.0,correct
UBFC_A4_L3_C050_SEED101/Eval_On_PURE,PURE,old,705,36,window,1080,1320,36.0,44.0,8.0,132.0,130.0,2.0,2.0,1.5384615384615385,0.23131745009569732,nan,240,-0.03860060599827638,1.091382274344676,-0.011358462523555301,0.8553073498633419,1.0,correct
UBFC_A4_L3_C050_SEED101/Eval_On_PURE,PURE,old,705,37,window,1110,1350,37.0,45.0,8.0,132.0,130.0,2.0,2.0,1.5384615384615385,0.26202852621474504,nan,240,0.11273420353075424,1.1612110373340592,0.006821738066119548,0.8565175413469615,1.0,correct
UBFC_A4_L3_C050_SEED101/Eval_On_PURE,PURE,old,705,38,window,1140,1380,38.0,46.0,8.0,130.0,130.0,0.0,0.0,0.0,0.2985038512602571,nan,240,0.20235097455579218,1.119466557846231,-0.004800199262570304,0.7793187635769054,1.0,correct
UBFC_A4_L3_C050_SEED101/Eval_On_PURE,PURE,old,705,39,window,1170,1410,39.0,47.0,8.0,128.0,129.0,-1.0,1.0,0.7751937984496124,0.22605440185266565,nan,240,0.09113221985133414,1.1311685193223664,0.024289265837862832,0.865184975448945,1.0,correct
UBFC_A4_L3_C050_SEED101/Eval_On_PURE,PURE,old,705,40,window,1200,1440,40.0,48.0,8.0,127.0,128.0,-1.0,1.0,0.78125,0.2031119241265623,nan,240,0.06593928840093392,1.1161450902984613,0.05151640692443183,0.9119908242796232,1.0,correct
UBFC_A4_L3_C050_SEED101/Eval_On_PURE,PURE,old,705,41,window,1230,1470,41.0,49.0,8.0,126.0,125.00000000000001,0.9999999999999858,0.9999999999999858,0.7999999999999886,0.23056216391111584,nan,240,0.1875141158843643,1.1064951187995877,0.05957682182685125,0.9075487497409139,1.0,correct
UBFC_A4_L3_C050_SEED101/Eval_On_PURE,PURE,old,705,42,window,1260,1500,42.0,50.0,8.0,113.0,122.99999999999999,-9.999999999999986,9.999999999999986,8.130081300812996,0.28669248386667695,nan,240,0.13613817163925532,1.118402040640531,-0.0059713761784474335,0.8548930620054738,1.0,large_error
UBFC_A4_L3_C050_SEED101/Eval_On_PURE,PURE,old,705,43,window,1290,1530,43.0,51.0,8.0,120.0,121.0,-1.0,1.0,0.8264462809917356,0.3172445235347276,nan,240,-0.004042257572956272,1.082457146400446,-0.009679963516203606,0.8061428671290602,1.0,correct
UBFC_A4_L3_C050_SEED101/Eval_On_PURE,PURE,old,705,44,window,1320,1560,44.0,52.0,8.0,119.0,119.0,0.0,0.0,0.0,0.3271617278987173,nan,240,0.04207096534416287,1.0820967941370327,-0.00010273528303538157,0.8664281219144486,1.0,correct
UBFC_A4_L3_C050_SEED101/Eval_On_PURE,PURE,old,705,45,window,1350,1590,45.0,53.0,8.0,119.0,120.0,-1.0,1.0,0.8333333333333334,0.3152696667838719,nan,240,-0.09377775027548747,1.0248892744596823,0.0026069508295143355,0.8890098667117696,1.0,correct
UBFC_A4_L3_C050_SEED101/Eval_On_PURE,PURE,old,705,46,window,1380,1620,46.0,54.0,8.0,120.0,121.0,-1.0,1.0,0.8264462809917356,0.32185098313079213,nan,240,-0.12219828371777174,1.0673029627404842,0.026876856867063054,0.927352686869851,1.0,correct
UBFC_A4_L3_C050_SEED101/Eval_On_PURE,PURE,old,705,47,window,1410,1650,47.0,55.0,8.0,121.0,122.99999999999999,-1.9999999999999858,1.9999999999999858,1.6260162601625903,0.2462965449170068,nan,240,-0.044442095504059,1.0871860015958903,0.02407034153772231,0.9102667028721372,1.0,correct
UBFC_A4_L3_C050_SEED101/Eval_On_PURE,PURE,old,705,48,window,1440,1680,48.0,56.0,8.0,125.00000000000001,123.99999999999999,1.0000000000000284,1.0000000000000284,0.8064516129032488,0.27108945847119154,nan,240,-0.0625856401235046,1.1042194714561393,0.014090246500571276,0.8791321010712769,1.0,correct
UBFC_A4_L3_C050_SEED101/Eval_On_PURE,PURE,old,705,49,window,1470,1710,49.0,57.0,8.0,127.0,126.0,1.0,1.0,0.7936507936507936,0.3101618484221758,nan,240,-0.05384715020035719,1.1006337025623054,-0.032106808303103286,0.8719475299568525,1.0,correct
UBFC_A4_L3_C050_SEED101/Eval_On_PURE,PURE,old,705,50,window,1500,1740,50.0,58.0,8.0,127.0,127.0,0.0,0.0,0.0,0.3611445644428249,nan,240,-0.047308745299057604,1.047706499649833,-0.03783862520198481,0.8852990053669454,1.0,correct
UBFC_A4_L3_C050_SEED101/Eval_On_PURE,PURE,old,705,51,window,1530,1770,51.0,59.0,8.0,128.0,128.0,0.0,0.0,0.0,0.43219344700281576,nan,240,-0.006444648162992728,1.0564053075242172,-0.007500837527214377,0.8578954854174153,1.0,correct
UBFC_A4_L3_C050_SEED101/Eval_On_PURE,PURE,old,705,52,window,1560,1800,52.0,60.0,8.0,128.0,128.0,0.0,0.0,0.0,0.42320942965688507,nan,240,0.029330214483483184,1.0488955637466937,0.027543556794475656,0.9191769142683557,1.0,correct
UBFC_A4_L3_C050_SEED101/Eval_On_PURE,PURE,old,705,53,window,1590,1830,53.0,61.0,8.0,128.0,128.0,0.0,0.0,0.0,0.36819127833391024,nan,240,0.06579079056076352,1.0276427306902338,0.05014135855503636,0.9116434702726947,1.0,correct
UBFC_A4_L3_C050_SEED101/Eval_On_PURE,PURE,old,705,54,window,1620,1860,54.0,62.0,8.0,128.0,128.0,0.0,0.0,0.0,0.4694606945321054,nan,240,0.09594236265551075,1.0697636013886191,0.04510437197738788,0.9501010040599508,1.0,correct
UBFC_A4_L3_C050_SEED101/Eval_On_PURE,PURE,old,705,55,window,1650,1890,55.0,63.0,8.0,128.0,129.0,-1.0,1.0,0.7751937984496124,0.46890983723970503,nan,240,0.08357338298331372,1.011464917192811,0.012471846547360783,0.9015050179466078,1.0,correct
UBFC_A4_L3_C050_SEED101/Eval_On_PURE,PURE,old,705,56,window,1680,1920,56.0,64.0,8.0,128.0,129.0,-1.0,1.0,0.7751937984496124,0.6425272544888929,nan,240,0.15974549849210762,0.9566171428909802,-0.012849871511631921,0.8923797368784527,1.0,correct
UBFC_A4_L3_C050_SEED101/Eval_On_PURE,PURE,old,706,0,window,0,240,0.0,8.0,8.0,135.0,137.0,-2.0,2.0,1.4598540145985401,0.5740407164725715,nan,240,0.14776048411387901,1.045462140028537,0.04904864305982238,0.9259259232989863,1.0,correct
UBFC_A4_L3_C050_SEED101/Eval_On_PURE,PURE,old,706,1,window,30,270,1.0,9.0,8.0,135.0,137.0,-2.0,2.0,1.4598540145985401,0.6762859999947005,nan,240,0.14526401547674714,1.02829588103945,-0.019583901703131,0.8902093800404889,1.0,correct
UBFC_A4_L3_C050_SEED101/Eval_On_PURE,PURE,old,706,2,window,60,300,2.0,10.0,8.0,135.0,135.0,0.0,0.0,0.0,0.6040428917269579,nan,240,0.16430128646140912,1.0349315226564995,-0.00980134345052967,0.7815024809434524,1.0,correct
UBFC_A4_L3_C050_SEED101/Eval_On_PURE,PURE,old,706,3,window,90,330,3.0,11.0,8.0,134.0,133.0,1.0,1.0,0.7518796992481203,0.43066628933100043,nan,240,0.0062687973332186345,1.0569670849061725,0.019530562332641232,0.8059400657941804,1.0,correct
UBFC_A4_L3_C050_SEED101/Eval_On_PURE,PURE,old,706,4,window,120,360,4.0,12.0,8.0,132.0,131.0,1.0,1.0,0.7633587786259541,0.5684445081091539,nan,240,-0.062444508280883854,1.052214645762821,0.023591922358970778,0.6622348190486665,1.0,correct
UBFC_A4_L3_C050_SEED101/Eval_On_PURE,PURE,old,706,5,window,150,390,5.0,13.0,8.0,129.0,130.0,-1.0,1.0,0.7692307692307693,0.6200712451266904,nan,240,-0.08392462031582856,1.0665019003321858,0.029502399674077966,0.7713811073967154,1.0,correct
UBFC_A4_L3_C050_SEED101/Eval_On_PURE,PURE,old,706,6,window,180,420,6.0,14.0,8.0,128.0,129.0,-1.0,1.0,0.7751937984496124,0.49652187292620553,nan,240,-0.17933393019030788,1.0540084887618049,0.031057946647501878,0.8688524120924344,1.0,correct
UBFC_A4_L3_C050_SEED101/Eval_On_PURE,PURE,old,706,7,window,210,450,7.0,15.0,8.0,128.0,129.0,-1.0,1.0,0.7751937984496124,0.532158567150533,nan,240,-0.11582781102455215,1.0491393754986431,0.06705098227154413,0.89061277919705,1.0,correct
UBFC_A4_L3_C050_SEED101/Eval_On_PURE,PURE,old,706,8,window,240,480,8.0,16.0,8.0,129.0,130.0,-1.0,1.0,0.7692307692307693,0.45404238208284553,nan,240,-0.17063694593933754,1.0387171328700902,0.0031990279548149924,0.8375443069150125,1.0,correct
UBFC_A4_L3_C050_SEED101/Eval_On_PURE,PURE,old,706,9,window,270,510,9.0,17.0,8.0,128.0,130.0,-2.0,2.0,1.5384615384615385,0.5014144967546835,nan,240,-0.13879042983944348,1.042128021929823,-0.011945343611810995,0.7778559814302693,1.0,correct
UBFC_A4_L3_C050_SEED101/Eval_On_PURE,PURE,old,706,10,window,300,540,10.0,18.0,8.0,130.0,130.0,0.0,0.0,0.0,0.6278173021846055,nan,240,-0.14576279964971178,1.0477334021718139,0.004698697906856837,0.7754698613428787,1.0,correct
UBFC_A4_L3_C050_SEED101/Eval_On_PURE,PURE,old,706,11,window,330,570,11.0,19.0,8.0,129.0,130.0,-1.0,1.0,0.7692307692307693,0.7154684444765349,nan,240,-0.06839394928356785,1.021599127328588,0.014603933770197846,0.8330894993152799,1.0,correct
UBFC_A4_L3_C050_SEED101/Eval_On_PURE,PURE,old,706,12,window,360,600,12.0,20.0,8.0,128.0,130.0,-2.0,2.0,1.5384615384615385,0.4861148182209643,nan,240,-0.10349581660916547,1.0418148484631502,0.022610096233982014,0.7862425769335197,1.0,correct
UBFC_A4_L3_C050_SEED101/Eval_On_PURE,PURE,old,706,13,window,390,630,13.0,21.0,8.0,128.0,131.0,-3.0,3.0,2.2900763358778624,0.5693749602699796,nan,240,-0.11130916448592634,1.045673593165776,0.021881383475566132,0.7706231712831468,1.0,correct
UBFC_A4_L3_C050_SEED101/Eval_On_PURE,PURE,old,706,14,window,420,660,14.0,22.0,8.0,129.0,131.0,-2.0,2.0,1.5267175572519083,0.5045211190728104,nan,240,-0.02876098615811072,1.0624557082897785,-0.004615908920547307,0.7372289521638993,1.0,correct
UBFC_A4_L3_C050_SEED101/Eval_On_PURE,PURE,old,706,15,window,450,690,15.0,23.0,8.0,130.0,131.0,-1.0,1.0,0.7633587786259541,0.5044822480347475,nan,240,-0.024846955838093092,1.0730815929374564,-0.011520590193577051,0.6765827073664985,1.0,correct
UBFC_A4_L3_C050_SEED101/Eval_On_PURE,PURE,old,706,16,window,480,720,16.0,24.0,8.0,132.0,132.0,0.0,0.0,0.0,0.49391416707163965,nan,240,-0.031130089276476196,1.0786653615823574,0.04062934472846183,0.79441742633789,1.0,correct
UBFC_A4_L3_C050_SEED101/Eval_On_PURE,PURE,old,706,17,window,510,750,17.0,25.0,8.0,133.0,132.0,1.0,1.0,0.7575757575757576,0.5371798167007625,nan,240,0.018371133349080995,1.092110208217576,0.005918115185458721,0.7385594969847806,1.0,correct
UBFC_A4_L3_C050_SEED101/Eval_On_PURE,PURE,old,706,18,window,540,780,18.0,26.0,8.0,133.0,132.0,1.0,1.0,0.7575757575757576,0.663627379131201,nan,240,-0.005808117813554436,1.0769721451634702,-0.012926350321254557,0.8501230047412517,1.0,correct
UBFC_A4_L3_C050_SEED101/Eval_On_PURE,PURE,old,706,19,window,570,810,19.0,27.0,8.0,134.0,133.0,1.0,1.0,0.7518796992481203,0.5448461289239128,nan,240,0.06691576518844716,1.086643164862497,-0.0070945047458984035,0.9173746083827917,1.0,correct
UBFC_A4_L3_C050_SEED101/Eval_On_PURE,PURE,old,706,20,window,600,840,20.0,28.0,8.0,134.0,133.0,1.0,1.0,0.7518796992481203,0.49286141525058336,nan,240,0.0577708687064117,1.0677393306329388,0.03766972132980358,0.9088682796621464,1.0,correct
UBFC_A4_L3_C050_SEED101/Eval_On_PURE,PURE,old,706,21,window,630,870,21.0,29.0,8.0,134.0,133.0,1.0,1.0,0.7518796992481203,0.5609713342588589,nan,240,0.06327352922905137,1.075529255317109,0.03468785100193639,0.9078420612047754,1.0,correct
UBFC_A4_L3_C050_SEED101/Eval_On_PURE,PURE,old,706,22,window,660,900,22.0,30.0,8.0,134.0,133.0,1.0,1.0,0.7518796992481203,0.6517994464193397,nan,240,0.06527237564795758,1.0723654591692435,-0.026035860185430425,0.8829670761899454,1.0,correct
UBFC_A4_L3_C050_SEED101/Eval_On_PURE,PURE,old,706,23,window,690,930,23.0,31.0,8.0,134.0,133.0,1.0,1.0,0.7518796992481203,0.664087199736959,nan,240,-0.00889083347964339,1.0886744114205187,-0.03523505206933485,0.9002955939255546,1.0,correct
UBFC_A4_L3_C050_SEED101/Eval_On_PURE,PURE,old,706,24,window,720,960,24.0,32.0,8.0,135.0,133.0,2.0,2.0,1.5037593984962405,0.6359193244854346,nan,240,0.1117822062090521,1.0827806530257555,0.013434107223191688,0.9093930595170645,1.0,correct
UBFC_A4_L3_C050_SEED101/Eval_On_PURE,PURE,old,706,25,window,750,990,25.0,33.0,8.0,134.0,133.0,1.0,1.0,0.7518796992481203,0.5253142590497154,nan,240,0.019571485893676965,1.0731030260150474,0.056179305878501284,0.9338110683698,1.0,correct
UBFC_A4_L3_C050_SEED101/Eval_On_PURE,PURE,old,706,26,window,780,1020,26.0,34.0,8.0,134.0,133.0,1.0,1.0,0.7518796992481203,0.5771748384595673,nan,240,0.010426850584952518,1.08486052124112,0.014533275313707605,0.8842579994159138,1.0,correct
UBFC_A4_L3_C050_SEED101/Eval_On_PURE,PURE,old,706,27,window,810,1050,27.0,35.0,8.0,134.0,133.0,1.0,1.0,0.7518796992481203,0.5991773999841121,nan,240,0.02951000101485691,1.1018282016245404,-0.03447157960992007,0.8877958059562625,1.0,correct
UBFC_A4_L3_C050_SEED101/Eval_On_PURE,PURE,old,706,28,window,840,1080,28.0,36.0,8.0,134.0,133.0,1.0,1.0,0.7518796992481203,0.5962233711981424,nan,240,0.020134488497816398,1.1317747784318155,0.014218537002400536,0.8516316139296322,1.0,correct
UBFC_A4_L3_C050_SEED101/Eval_On_PURE,PURE,old,706,29,window,870,1110,29.0,37.0,8.0,134.0,133.0,1.0,1.0,0.7518796992481203,0.6204681813426403,nan,240,0.03250652948779878,1.1211439793575009,0.03130569737926179,0.8933095396871141,1.0,correct
UBFC_A4_L3_C050_SEED101/Eval_On_PURE,PURE,old,706,30,window,900,1140,30.0,38.0,8.0,134.0,133.0,1.0,1.0,0.7518796992481203,0.567811087055441,nan,240,-0.1244032626274047,1.1263931271861403,0.041832952590071144,0.906497779416973,1.0,correct
UBFC_A4_L3_C050_SEED101/Eval_On_PURE,PURE,old,706,31,window,930,1170,31.0,39.0,8.0,135.0,133.0,2.0,2.0,1.5037593984962405,0.6139125461523995,nan,240,-0.14939215105902146,1.1159934846351753,-0.009290324299415769,0.8422299878942193,1.0,correct
UBFC_A4_L3_C050_SEED101/Eval_On_PURE,PURE,old,706,32,window,960,1200,32.0,40.0,8.0,134.0,134.0,0.0,0.0,0.0,0.5501733722371781,nan,240,-0.21661206767182134,1.0907599827025063,-0.03500976392352528,0.7764240318085246,1.0,correct
UBFC_A4_L3_C050_SEED101/Eval_On_PURE,PURE,old,706,33,window,990,1230,33.0,41.0,8.0,134.0,134.0,0.0,0.0,0.0,0.6541651837497792,nan,240,-0.21117565811280478,1.0959009975435754,0.019164710963563234,0.8961590619670164,1.0,correct
UBFC_A4_L3_C050_SEED101/Eval_On_PURE,PURE,old,706,34,window,1020,1260,34.0,42.0,8.0,134.0,134.0,0.0,0.0,0.0,0.6679691095973885,nan,240,-0.2528864290553365,1.0841532628163273,0.056824776372942594,0.912018670663828,1.0,correct
UBFC_A4_L3_C050_SEED101/Eval_On_PURE,PURE,old,706,35,window,1050,1290,35.0,43.0,8.0,134.0,134.0,0.0,0.0,0.0,0.6196529837124544,nan,240,-0.3272910493815287,1.031542823260558,0.03268560864617317,0.8841723482321443,1.0,correct
UBFC_A4_L3_C050_SEED101/Eval_On_PURE,PURE,old,706,36,window,1080,1320,36.0,44.0,8.0,134.0,134.0,0.0,0.0,0.0,0.7210602120761347,nan,240,-0.21488858498214022,1.0073362632272735,-0.028827388033189235,0.8434250614966909,1.0,correct
UBFC_A4_L3_C050_SEED101/Eval_On_PURE,PURE,old,706,37,window,1110,1350,37.0,45.0,8.0,134.0,134.0,0.0,0.0,0.0,0.6811747160808543,nan,240,-0.23219828156189062,1.0173170256175426,-0.006089236242313427,0.8191100302791571,1.0,correct
UBFC_A4_L3_C050_SEED101/Eval_On_PURE,PURE,old,706,38,window,1140,1380,38.0,46.0,8.0,134.0,133.0,1.0,1.0,0.7518796992481203,0.603301437219331,nan,240,-0.13220764355376394,1.0354720670631559,0.021816957799079866,0.8280018104819218,1.0,correct
UBFC_A4_L3_C050_SEED101/Eval_On_PURE,PURE,old,706,39,window,1170,1410,39.0,47.0,8.0,134.0,132.0,2.0,2.0,1.5151515151515151,0.547097521245696,nan,240,-0.047695616030927514,0.9957804181179644,0.04332450330173696,0.8806510724195404,1.0,correct
UBFC_A4_L3_C050_SEED101/Eval_On_PURE,PURE,old,706,40,window,1200,1440,40.0,48.0,8.0,133.0,132.0,1.0,1.0,0.7575757575757576,0.5653701107528419,nan,240,-0.03595927088375201,0.9538819071220458,0.004188961807765874,0.7912790277272908,1.0,correct
UBFC_A4_L3_C050_SEED101/Eval_On_PURE,PURE,old,706,41,window,1230,1470,41.0,49.0,8.0,134.0,131.0,3.0,3.0,2.2900763358778624,0.6025277912999442,nan,240,-0.040811522800310175,0.9310467939683735,-0.014132765137915258,0.7526282885551846,1.0,correct
UBFC_A4_L3_C050_SEED101/Eval_On_PURE,PURE,old,706,42,window,1260,1500,42.0,50.0,8.0,132.0,131.0,1.0,1.0,0.7633587786259541,0.5025420545832754,nan,240,0.07251392808571806,0.919344953255688,0.020108117636415953,0.8317714321651856,1.0,correct
UBFC_A4_L3_C050_SEED101/Eval_On_PURE,PURE,old,706,43,window,1290,1530,43.0,51.0,8.0,131.0,130.0,1.0,1.0,0.7692307692307693,0.561877514384538,nan,240,0.02476448192537247,0.940693125603353,-0.00711581904988234,0.7575664800894458,1.0,correct
UBFC_A4_L3_C050_SEED101/Eval_On_PURE,PURE,old,706,44,window,1320,1560,44.0,52.0,8.0,130.0,130.0,0.0,0.0,0.0,0.5686425034407763,nan,240,-0.08786450679378979,0.9828379317973797,-0.01454746335885425,0.877686118747614,1.0,correct
UBFC_A4_L3_C050_SEED101/Eval_On_PURE,PURE,old,706,45,window,1350,1590,45.0,53.0,8.0,128.0,129.0,-1.0,1.0,0.7751937984496124,0.6453610195718167,nan,240,-0.027694789638406027,0.9748984077224423,0.009630486390186993,0.8693030557254688,1.0,correct
UBFC_A4_L3_C050_SEED101/Eval_On_PURE,PURE,old,706,46,window,1380,1620,46.0,54.0,8.0,128.0,128.0,0.0,0.0,0.0,0.6855463408612328,nan,240,0.023626636860255634,0.9392689764482958,0.020046341291821847,0.9024768327305857,1.0,correct
UBFC_A4_L3_C050_SEED101/Eval_On_PURE,PURE,old,706,47,window,1410,1650,47.0,55.0,8.0,127.0,127.0,0.0,0.0,0.0,0.6523578884683074,nan,240,-0.009470028829164015,0.9396225251168476,0.03855242638146753,0.8605314643369569,1.0,correct
UBFC_A4_L3_C050_SEED101/Eval_On_PURE,PURE,old,706,48,window,1440,1680,48.0,56.0,8.0,127.0,127.0,0.0,0.0,0.0,0.6300804857973225,nan,240,-0.03593411118797416,0.9352619585491525,0.04996723326308599,0.8645470622834006,1.0,correct
UBFC_A4_L3_C050_SEED101/Eval_On_PURE,PURE,old,706,49,window,1470,1710,49.0,57.0,8.0,127.0,127.0,0.0,0.0,0.0,0.6218756839524039,nan,240,0.027411995794944036,0.9133377998745209,0.02532268176951038,0.8168050376569728,1.0,correct
UBFC_A4_L3_C050_SEED101/Eval_On_PURE,PURE,old,706,50,window,1500,1740,50.0,58.0,8.0,127.0,127.0,0.0,0.0,0.0,0.635007479531079,nan,240,-0.008644198814802407,0.8520104074323815,-0.020391151809470664,0.8557826904082358,1.0,correct
UBFC_A4_L3_C050_SEED101/Eval_On_PURE,PURE,old,706,51,window,1530,1770,51.0,59.0,8.0,127.0,127.0,0.0,0.0,0.0,0.6267745342062603,nan,240,0.09808575535100345,0.8023591278353104,-0.029930929290776107,0.7509170558631103,1.0,correct
UBFC_A4_L3_C050_SEED101/Eval_On_PURE,PURE,old,706,52,window,1560,1800,52.0,60.0,8.0,128.0,128.0,0.0,0.0,0.0,0.6564092820894305,nan,240,0.21249942837276103,0.687481020054883,-0.001767008332826428,0.6731877151354556,1.0,correct
UBFC_A4_L3_C050_SEED101/Eval_On_PURE,PURE,old,706,53,window,1590,1830,53.0,61.0,8.0,128.0,129.0,-1.0,1.0,0.7751937984496124,0.6364203368612101,nan,240,0.2561181574214235,0.6359761888220515,0.005798106434213296,0.8504752738104581,1.0,correct
UBFC_A4_L3_C050_SEED101/Eval_On_PURE,PURE,old,706,54,window,1620,1860,54.0,62.0,8.0,128.0,130.0,-2.0,2.0,1.5384615384615385,0.5230304579404982,nan,240,0.28963966503263006,0.605474618962892,0.05264802974537794,0.917893889676516,1.0,correct
UBFC_A4_L3_C050_SEED101/Eval_On_PURE,PURE,old,706,55,window,1650,1890,55.0,63.0,8.0,128.0,130.0,-2.0,2.0,1.5384615384615385,0.44891265971822614,nan,240,0.2631803708512165,0.6166806174640594,0.0522267582088698,0.9416119075967496,1.0,correct
UBFC_A4_L3_C050_SEED101/Eval_On_PURE,PURE,old,706,56,window,1680,1920,56.0,64.0,8.0,129.0,130.0,-1.0,1.0,0.7692307692307693,0.5290756837753688,nan,240,0.2911325316873068,0.5990792725505443,0.0241836101832552,0.7947185570086424,1.0,correct
UBFC_A4_L3_C050_SEED101/Eval_On_PURE,PURE,old,801,0,window,0,240,0.0,8.0,8.0,95.0,48.0,47.0,47.0,97.91666666666666,0.6714447927855148,nan,240,-0.26413074858732905,0.9871368324665931,0.008191309217151404,0.8605975016966223,1.0,super_harmonic_2x
UBFC_A4_L3_C050_SEED101/Eval_On_PURE,PURE,old,801,1,window,30,270,1.0,9.0,8.0,95.0,47.0,48.0,48.0,102.12765957446808,0.7437887387431561,nan,240,-0.2925309495311507,1.0105389610443414,-0.009993595206514308,0.892452835336603,1.0,super_harmonic_2x
UBFC_A4_L3_C050_SEED101/Eval_On_PURE,PURE,old,801,2,window,60,300,2.0,10.0,8.0,94.0,47.0,47.0,47.0,100.0,0.7468917052139269,nan,240,-0.17140251791430483,1.1345096708747717,0.0006303610519252323,0.8814467943507677,1.0,super_harmonic_2x
UBFC_A4_L3_C050_SEED101/Eval_On_PURE,PURE,old,801,3,window,90,330,3.0,11.0,8.0,93.0,47.0,46.0,46.0,97.87234042553192,0.7719211064221483,nan,240,-0.06652995225065698,1.2383117713980194,0.018136195943403474,0.8823691729434707,1.0,super_harmonic_2x
UBFC_A4_L3_C050_SEED101/Eval_On_PURE,PURE,old,801,4,window,120,360,4.0,12.0,8.0,47.0,46.0,1.0,1.0,2.1739130434782608,0.8012501815300804,nan,240,0.031994860998034724,1.267190805900979,0.029862298274640445,0.8509307218588243,1.0,correct
UBFC_A4_L3_C050_SEED101/Eval_On_PURE,PURE,old,801,5,window,150,390,5.0,13.0,8.0,93.0,46.0,47.0,47.0,102.17391304347827,0.8146543546988846,nan,240,0.026330855754891167,1.2627989463656204,-0.00871082222650782,0.8122568552935837,1.0,super_harmonic_2x
UBFC_A4_L3_C050_SEED101/Eval_On_PURE,PURE,old,801,6,window,180,420,6.0,14.0,8.0,47.0,46.0,1.0,1.0,2.1739130434782608,0.8715460023887506,nan,240,0.15576918430804676,1.2940109234036619,-0.025190754979097722,0.872937981652337,1.0,correct
UBFC_A4_L3_C050_SEED101/Eval_On_PURE,PURE,old,801,7,window,210,450,7.0,15.0,8.0,91.0,46.0,45.0,45.0,97.82608695652173,0.8464634613688187,nan,240,0.21651662073336062,1.2301989564838343,0.0020022177667038234,0.813476335873058,1.0,super_harmonic_2x
UBFC_A4_L3_C050_SEED101/Eval_On_PURE,PURE,old,801,8,window,240,480,8.0,16.0,8.0,91.0,46.0,45.0,45.0,97.82608695652173,0.7726565208420181,nan,240,0.2623793298549246,1.1838809134794703,0.02906599871963824,0.854348273887398,1.0,super_harmonic_2x
UBFC_A4_L3_C050_SEED101/Eval_On_PURE,PURE,old,801,9,window,270,510,9.0,17.0,8.0,91.0,45.0,46.0,46.0,102.22222222222221,0.796163703024585,nan,240,0.2701742486787388,1.1519054903260426,0.016769359318413123,0.8713202318326805,1.0,super_harmonic_2x
UBFC_A4_L3_C050_SEED101/Eval_On_PURE,PURE,old,801,10,window,300,540,10.0,18.0,8.0,91.0,46.0,45.0,45.0,97.82608695652173,0.7691470984358916,nan,240,0.21178819676096636,1.0769859895184881,-0.014904854473761274,0.8647742449977563,1.0,super_harmonic_2x
UBFC_A4_L3_C050_SEED101/Eval_On_PURE,PURE,old,801,11,window,330,570,11.0,19.0,8.0,91.0,46.0,45.0,45.0,97.82608695652173,0.7704158580241497,nan,240,0.1732041716935403,0.9714399583451547,-0.015671774402061883,0.8359295818167548,1.0,super_harmonic_2x
UBFC_A4_L3_C050_SEED101/Eval_On_PURE,PURE,old,801,12,window,360,600,12.0,20.0,8.0,91.0,46.0,45.0,45.0,97.82608695652173,0.7151985849844846,nan,240,0.1609249973874683,0.872443094107994,0.028134981780864435,0.9016370284297319,1.0,super_harmonic_2x
UBFC_A4_L3_C050_SEED101/Eval_On_PURE,PURE,old,801,13,window,390,630,13.0,21.0,8.0,46.0,46.0,0.0,0.0,0.0,0.7705604893829988,nan,240,0.15192758330780526,0.8349457380019435,0.02736662812266845,0.8405656168774677,1.0,correct
UBFC_A4_L3_C050_SEED101/Eval_On_PURE,PURE,old,801,14,window,420,660,14.0,22.0,8.0,92.0,46.0,46.0,46.0,100.0,0.7462332005158171,nan,240,-0.007280451184286034,0.6817808296907962,-0.002957638427885424,0.8561349312827615,1.0,super_harmonic_2x
UBFC_A4_L3_C050_SEED101/Eval_On_PURE,PURE,old,801,15,window,450,690,15.0,23.0,8.0,91.0,47.0,44.0,44.0,93.61702127659575,0.7930414531528933,nan,240,-0.048297867215685755,0.6407550953483823,-0.02403711532324741,0.88956030978814,1.0,super_harmonic_2x
UBFC_A4_L3_C050_SEED101/Eval_On_PURE,PURE,old,801,16,window,480,720,16.0,24.0,8.0,92.0,47.0,45.0,45.0,95.74468085106383,0.7960906187041334,nan,240,-0.057921473568303086,0.6182865679080769,-0.0005661383242504314,0.8502558935919561,1.0,super_harmonic_2x
UBFC_A4_L3_C050_SEED101/Eval_On_PURE,PURE,old,801,17,window,510,750,17.0,25.0,8.0,96.0,48.0,48.0,48.0,100.0,0.7822165440395534,nan,240,-0.020291376966458816,0.6282102026829324,0.027540729625417152,0.923654635126499,1.0,super_harmonic_2x
UBFC_A4_L3_C050_SEED101/Eval_On_PURE,PURE,old,801,18,window,540,780,18.0,26.0,8.0,97.0,48.0,49.0,49.0,102.08333333333333,0.7409157697655772,nan,240,-0.07498373643411305,0.6047352691125264,0.02080343423072747,0.8754385482664582,1.0,super_harmonic_2x
UBFC_A4_L3_C050_SEED101/Eval_On_PURE,PURE,old,801,19,window,570,810,19.0,27.0,8.0,97.0,48.0,49.0,49.0,102.08333333333333,0.7655769321121526,nan,240,-0.13549265932660207,0.5843346195635452,-0.01810234150805068,0.9002678236238488,1.0,super_harmonic_2x
UBFC_A4_L3_C050_SEED101/Eval_On_PURE,PURE,old,801,20,window,600,840,20.0,28.0,8.0,97.0,49.0,48.0,48.0,97.95918367346938,0.766328659201196,nan,240,-0.14403051387542198,0.6106806520218585,-0.0003321750069683133,0.8967069772063425,1.0,super_harmonic_2x
UBFC_A4_L3_C050_SEED101/Eval_On_PURE,PURE,old,801,21,window,630,870,21.0,29.0,8.0,48.0,48.0,0.0,0.0,0.0,0.7680267034612038,nan,240,-0.11367646234763717,0.6714000102577321,-0.006992539371762789,0.8603212628671864,1.0,correct
UBFC_A4_L3_C050_SEED101/Eval_On_PURE,PURE,old,801,22,window,660,900,22.0,30.0,8.0,96.0,48.0,48.0,48.0,100.0,0.7322174244001272,nan,240,-0.08508424418666198,0.781693349108088,0.04875350035067638,0.9402432459214137,1.0,super_harmonic_2x
UBFC_A4_L3_C050_SEED101/Eval_On_PURE,PURE,old,801,23,window,690,930,23.0,31.0,8.0,94.0,48.0,46.0,46.0,95.83333333333334,0.6697481938583507,nan,240,-0.15282359549756416,0.8511488483479055,-0.015568940812362873,0.8665563211948495,1.0,super_harmonic_2x
UBFC_A4_L3_C050_SEED101/Eval_On_PURE,PURE,old,801,24,window,720,960,24.0,32.0,8.0,92.0,47.0,45.0,45.0,95.74468085106383,0.7495017322074324,nan,240,-0.1657843806582426,0.8978673987565193,-0.014425737148870152,0.8530566404495772,1.0,super_harmonic_2x
UBFC_A4_L3_C050_SEED101/Eval_On_PURE,PURE,old,801,25,window,750,990,25.0,33.0,8.0,47.0,47.0,0.0,0.0,0.0,0.8309915778650837,nan,240,-0.16206266475300338,0.9482443597995207,-0.01669527160515111,0.8365576299783507,1.0,correct
UBFC_A4_L3_C050_SEED101/Eval_On_PURE,PURE,old,801,26,window,780,1020,26.0,34.0,8.0,46.0,47.0,-1.0,1.0,2.127659574468085,0.830826542193258,nan,240,-0.12305690553586175,1.0437476945090718,0.014834147156701187,0.854479202781062,1.0,correct
UBFC_A4_L3_C050_SEED101/Eval_On_PURE,PURE,old,801,27,window,810,1050,27.0,35.0,8.0,46.0,46.0,0.0,0.0,0.0,0.7817058898859952,nan,240,-0.11876139996208833,1.115025362023855,0.025504345639785257,0.8333715899289083,1.0,correct
UBFC_A4_L3_C050_SEED101/Eval_On_PURE,PURE,old,801,28,window,840,1080,28.0,36.0,8.0,91.0,46.0,45.0,45.0,97.82608695652173,0.741553721781271,nan,240,-0.10549298512366811,1.1420415514491415,-0.0003479627272449992,0.8648989644759807,1.0,super_harmonic_2x
UBFC_A4_L3_C050_SEED101/Eval_On_PURE,PURE,old,801,29,window,870,1110,29.0,37.0,8.0,90.0,46.0,44.0,44.0,95.65217391304348,0.8259179188853456,nan,240,-0.013361415279859885,1.1690092665408216,-0.03020618772945445,0.901453873751556,1.0,super_harmonic_2x
UBFC_A4_L3_C050_SEED101/Eval_On_PURE,PURE,old,801,30,window,900,1140,30.0,38.0,8.0,47.0,47.0,0.0,0.0,0.0,0.8350197752077021,nan,240,0.0770774373420552,1.1839360725464327,-0.004626629386120688,0.8496215282380106,1.0,correct
UBFC_A4_L3_C050_SEED101/Eval_On_PURE,PURE,old,801,31,window,930,1170,31.0,39.0,8.0,96.0,47.0,49.0,49.0,104.25531914893618,0.7986839606571416,nan,240,0.1426227908818338,1.1929969974482668,0.020323722856992073,0.8916736970188021,1.0,super_harmonic_2x
UBFC_A4_L3_C050_SEED101/Eval_On_PURE,PURE,old,801,32,window,960,1200,32.0,40.0,8.0,94.0,47.0,47.0,47.0,100.0,0.7877619644322289,nan,240,0.043932978545366624,1.215715978887795,0.015098381962259367,0.8523266344125059,1.0,super_harmonic_2x
UBFC_A4_L3_C050_SEED101/Eval_On_PURE,PURE,old,801,33,window,990,1230,33.0,41.0,8.0,47.0,47.0,0.0,0.0,0.0,0.8358157355799021,nan,240,-0.005682360248073234,1.217289796917747,-0.02411529401883205,0.8602947027767337,1.0,correct
UBFC_A4_L3_C050_SEED101/Eval_On_PURE,PURE,old,801,34,window,1020,1260,34.0,42.0,8.0,47.0,47.0,0.0,0.0,0.0,0.8245913094871968,nan,240,-0.045823886224789646,1.1725680732294865,-0.013383869262881353,0.811843210766918,1.0,correct
UBFC_A4_L3_C050_SEED101/Eval_On_PURE,PURE,old,801,35,window,1050,1290,35.0,43.0,8.0,46.0,47.0,-1.0,1.0,2.127659574468085,0.7726966335596583,nan,240,-0.028026604574208875,1.1554657125597119,0.032654326765099904,0.8928328874573626,1.0,correct
UBFC_A4_L3_C050_SEED101/Eval_On_PURE,PURE,old,801,36,window,1080,1320,36.0,44.0,8.0,45.0,46.0,-1.0,1.0,2.1739130434782608,0.768608428499791,nan,240,-0.12022967821157654,1.1699714278231579,0.01011586554688449,0.8330275993409162,1.0,correct
UBFC_A4_L3_C050_SEED101/Eval_On_PURE,PURE,old,801,37,window,1110,1350,37.0,45.0,8.0,90.0,46.0,44.0,44.0,95.65217391304348,0.7499950193474368,nan,240,-0.22275342593948716,1.1262887784429767,0.015758591303777505,0.8300079624416604,1.0,super_harmonic_2x
UBFC_A4_L3_C050_SEED101/Eval_On_PURE,PURE,old,801,38,window,1140,1380,38.0,46.0,8.0,90.0,45.0,45.0,45.0,100.0,0.8049433462527448,nan,240,-0.3042519167177256,1.0679418786236525,-0.026060771269531848,0.8376026489130353,1.0,super_harmonic_2x
UBFC_A4_L3_C050_SEED101/Eval_On_PURE,PURE,old,801,39,window,1170,1410,39.0,47.0,8.0,90.0,45.0,45.0,45.0,100.0,0.7705079287307597,nan,240,-0.31710714267525647,1.044334705898734,0.030346656761173634,0.8866384928743849,1.0,super_harmonic_2x
UBFC_A4_L3_C050_SEED101/Eval_On_PURE,PURE,old,801,40,window,1200,1440,40.0,48.0,8.0,45.0,45.0,0.0,0.0,0.0,0.6859379720141705,nan,240,-0.2339023627775777,1.0842743824274998,0.0129841581873528,0.8188742445442241,1.0,correct
UBFC_A4_L3_C050_SEED101/Eval_On_PURE,PURE,old,801,41,window,1230,1470,41.0,49.0,8.0,90.0,45.0,45.0,45.0,100.0,0.6928803159603778,nan,240,-0.23136806224202391,1.0632418944191877,0.02093058770842348,0.850892703381861,1.0,super_harmonic_2x
UBFC_A4_L3_C050_SEED101/Eval_On_PURE,PURE,old,801,42,window,1260,1500,42.0,50.0,8.0,90.0,45.0,45.0,45.0,100.0,0.7393354965961677,nan,240,-0.12802308904677392,1.1302786262733273,-0.02965561920624348,0.8638067374390895,1.0,super_harmonic_2x
UBFC_A4_L3_C050_SEED101/Eval_On_PURE,PURE,old,801,43,window,1290,1530,43.0,51.0,8.0,90.0,45.0,45.0,45.0,100.0,0.7128249108302497,nan,240,-0.05365298612390649,1.1789651544759048,0.028062386279755932,0.8815733341478756,1.0,super_harmonic_2x
UBFC_A4_L3_C050_SEED101/Eval_On_PURE,PURE,old,801,44,window,1320,1560,44.0,52.0,8.0,91.0,46.0,45.0,45.0,97.82608695652173,0.6231243786737162,nan,240,0.06972435918284273,1.1883788150002608,0.007214512172705749,0.8189437289180522,1.0,super_harmonic_2x
UBFC_A4_L3_C050_SEED101/Eval_On_PURE,PURE,old,801,45,window,1350,1590,45.0,53.0,8.0,90.0,46.0,44.0,44.0,95.65217391304348,0.6266034481144177,nan,240,0.1405670254005487,1.1828860546905826,0.011175107696213004,0.8659993423043406,1.0,super_harmonic_2x
UBFC_A4_L3_C050_SEED101/Eval_On_PURE,PURE,old,801,46,window,1380,1620,46.0,54.0,8.0,90.0,45.0,45.0,45.0,100.0,0.7315086910926241,nan,240,0.20061173913062652,1.1460902441826062,-0.030723427521269216,0.8917245997251549,1.0,super_harmonic_2x
UBFC_A4_L3_C050_SEED101/Eval_On_PURE,PURE,old,801,47,window,1410,1650,47.0,55.0,8.0,89.0,44.0,45.0,45.0,102.27272727272727,0.6981284863280999,nan,240,0.225798165001495,1.0987708340635196,0.025292002736671603,0.8821760529405448,1.0,super_harmonic_2x
UBFC_A4_L3_C050_SEED101/Eval_On_PURE,PURE,old,801,48,window,1440,1680,48.0,56.0,8.0,90.0,45.0,45.0,45.0,100.0,0.6731765374848682,nan,240,0.2328613323492079,1.0243554681922085,-0.001748056389721453,0.8358689929924505,1.0,super_harmonic_2x
UBFC_A4_L3_C050_SEED101/Eval_On_PURE,PURE,old,801,49,window,1470,1710,49.0,57.0,8.0,90.0,45.0,45.0,45.0,100.0,0.6132979497167775,nan,240,0.24841409861001656,0.991161828155652,0.031229720502420084,0.8948779693498944,1.0,super_harmonic_2x
UBFC_A4_L3_C050_SEED101/Eval_On_PURE,PURE,old,801,50,window,1500,1740,50.0,58.0,8.0,90.0,45.0,45.0,45.0,100.0,0.7336375438294034,nan,240,0.20772957106568363,0.9148318141711773,-0.030301255826657755,0.8948175025249769,1.0,super_harmonic_2x
UBFC_A4_L3_C050_SEED101/Eval_On_PURE,PURE,old,801,51,window,1530,1770,51.0,59.0,8.0,89.0,45.0,44.0,44.0,97.77777777777777,0.7157718407258327,nan,240,0.1728452704028409,0.8256411258850141,0.028093749391970853,0.8900187522862686,1.0,super_harmonic_2x
UBFC_A4_L3_C050_SEED101/Eval_On_PURE,PURE,old,801,52,window,1560,1800,52.0,60.0,8.0,90.0,45.0,45.0,45.0,100.0,0.6834750894490447,nan,240,0.1398901898432267,0.7253522277340508,-0.008430794670726978,0.8503639274788611,1.0,super_harmonic_2x
UBFC_A4_L3_C050_SEED101/Eval_On_PURE,PURE,old,801,53,window,1590,1830,53.0,61.0,8.0,90.0,45.0,45.0,45.0,100.0,0.6585914483030264,nan,240,0.10818925314957381,0.6769025909808847,0.030488775059235217,0.9027659227322156,1.0,super_harmonic_2x
UBFC_A4_L3_C050_SEED101/Eval_On_PURE,PURE,old,801,54,window,1620,1860,54.0,62.0,8.0,90.0,45.0,45.0,45.0,100.0,0.8000739613719541,nan,240,0.10337097818878656,0.6755003407684836,-0.03059948178056749,0.905323859692866,1.0,super_harmonic_2x
UBFC_A4_L3_C050_SEED101/Eval_On_PURE,PURE,old,801,55,window,1650,1890,55.0,63.0,8.0,90.0,45.0,45.0,45.0,100.0,0.7548702476317465,nan,240,0.11976168345743377,0.6977228387195344,0.027221383197729314,0.89134001968087,1.0,super_harmonic_2x
UBFC_A4_L3_C050_SEED101/Eval_On_PURE,PURE,old,801,56,window,1680,1920,56.0,64.0,8.0,90.0,45.0,45.0,45.0,100.0,0.7052271156070482,nan,240,0.11881730558642228,0.7122480828433775,-0.0025108098989310673,0.8368103252258903,1.0,super_harmonic_2x
UBFC_A4_L3_C050_SEED101/Eval_On_PURE,PURE,old,802,0,window,0,240,0.0,8.0,8.0,61.0,60.0,1.0,1.0,1.6666666666666667,0.5915603327370861,nan,240,0.0734444241232237,0.7118727935815815,-0.003738092040246286,0.9176897760998745,1.0,correct
UBFC_A4_L3_C050_SEED101/Eval_On_PURE,PURE,old,802,1,window,30,270,1.0,9.0,8.0,60.0,59.0,1.0,1.0,1.694915254237288,0.5355314801566058,nan,240,-0.0018579299070630975,0.6967027030141366,0.015456050150915307,0.8925503723199196,1.0,correct
UBFC_A4_L3_C050_SEED101/Eval_On_PURE,PURE,old,802,2,window,60,300,2.0,10.0,8.0,58.0,57.0,1.0,1.0,1.7543859649122806,0.6318685944646247,nan,240,0.022399655877831912,0.6648007164013281,0.02642844136307561,0.8711474072454785,1.0,correct
UBFC_A4_L3_C050_SEED101/Eval_On_PURE,PURE,old,802,3,window,90,330,3.0,11.0,8.0,57.0,56.0,1.0,1.0,1.7857142857142856,0.5356908127778107,nan,240,-0.09103498322145744,0.728161752902579,0.009840311729762751,0.8746085932814639,1.0,correct
UBFC_A4_L3_C050_SEED101/Eval_On_PURE,PURE,old,802,4,window,120,360,4.0,12.0,8.0,113.0,58.0,55.0,55.0,94.82758620689656,0.4002678032224117,nan,240,-0.15063906649556266,0.839531736461424,-0.003230820852423472,0.8496372577271193,1.0,super_harmonic_2x
UBFC_A4_L3_C050_SEED101/Eval_On_PURE,PURE,old,802,5,window,150,390,5.0,13.0,8.0,57.0,58.0,-1.0,1.0,1.7241379310344827,0.48129428379126554,nan,240,-0.21220670302858108,0.8594439892249677,-0.00019353678789528947,0.8576576439055461,1.0,correct
UBFC_A4_L3_C050_SEED101/Eval_On_PURE,PURE,old,802,6,window,180,420,6.0,14.0,8.0,59.0,59.0,0.0,0.0,0.0,0.5289916763958946,nan,240,-0.27414685498444785,0.9192703819305811,0.01176216314989031,0.8792395904167519,1.0,correct
UBFC_A4_L3_C050_SEED101/Eval_On_PURE,PURE,old,802,7,window,210,450,7.0,15.0,8.0,60.0,60.0,0.0,0.0,0.0,0.5807806934094845,nan,240,-0.2881025659869072,0.9872464416394825,-0.003921552044587583,0.8909150062279915,1.0,correct
UBFC_A4_L3_C050_SEED101/Eval_On_PURE,PURE,old,802,8,window,240,480,8.0,16.0,8.0,63.0,60.0,3.0,3.0,5.0,0.569857017062473,nan,240,-0.2956592744500354,1.0139681022808127,0.023566533069068474,0.9314335047911753,1.0,correct
UBFC_A4_L3_C050_SEED101/Eval_On_PURE,PURE,old,802,9,window,270,510,9.0,17.0,8.0,61.99999999999999,60.0,1.999999999999993,1.999999999999993,3.3333333333333215,0.6960726756974971,nan,240,-0.2646028205929192,1.0443800696904055,0.025973746141656637,0.9219654004697309,1.0,correct
UBFC_A4_L3_C050_SEED101/Eval_On_PURE,PURE,old,802,10,window,300,540,10.0,18.0,8.0,61.99999999999999,59.0,2.999999999999993,2.999999999999993,5.084745762711853,0.6545938950734929,nan,240,-0.27165107089214685,1.0895680006933073,0.036587210204472115,0.93744213811658,1.0,correct
UBFC_A4_L3_C050_SEED101/Eval_On_PURE,PURE,old,802,11,window,330,570,11.0,19.0,8.0,60.0,59.0,1.0,1.0,1.694915254237288,0.7550982635932469,nan,240,-0.17867916095911654,1.1397543855122538,-0.003134837020460581,0.8807922742729848,1.0,correct
UBFC_A4_L3_C050_SEED101/Eval_On_PURE,PURE,old,802,12,window,360,600,12.0,20.0,8.0,61.0,60.0,1.0,1.0,1.6666666666666667,0.6484681069594505,nan,240,-0.09694572282582134,1.1276848578075602,0.0007566923337827565,0.8473797917435816,1.0,correct
UBFC_A4_L3_C050_SEED101/Eval_On_PURE,PURE,old,802,13,window,390,630,13.0,21.0,8.0,60.0,59.0,1.0,1.0,1.694915254237288,0.6861956898898801,nan,240,-0.009755764637211417,1.1522746706115115,0.010328298286231802,0.83525979092978,1.0,correct
UBFC_A4_L3_C050_SEED101/Eval_On_PURE,PURE,old,802,14,window,420,660,14.0,22.0,8.0,59.0,59.0,0.0,0.0,0.0,0.5378607906045615,nan,240,0.07500072616552131,1.1311716062197095,-0.027453464845050884,0.7876820519674638,1.0,correct
UBFC_A4_L3_C050_SEED101/Eval_On_PURE,PURE,old,802,15,window,450,690,15.0,23.0,8.0,105.0,59.0,46.0,46.0,77.96610169491525,0.36830617178422703,nan,240,0.13200135592678144,1.1309303800529165,-0.016844169699912825,0.7902783018721883,1.0,super_harmonic_2x
UBFC_A4_L3_C050_SEED101/Eval_On_PURE,PURE,old,802,16,window,480,720,16.0,24.0,8.0,106.0,58.0,48.0,48.0,82.75862068965517,0.37261909173730007,nan,240,0.17876196600679659,1.1456487199599,-0.023118763035594746,0.7360715788741106,1.0,super_harmonic_2x
UBFC_A4_L3_C050_SEED101/Eval_On_PURE,PURE,old,802,17,window,510,750,17.0,25.0,8.0,77.0,58.0,19.0,19.0,32.758620689655174,0.428359618118048,nan,240,0.20289838041808814,1.1396152577856298,0.018835668168604196,0.7338258979710854,1.0,super_harmonic_1p5x
UBFC_A4_L3_C050_SEED101/Eval_On_PURE,PURE,old,802,18,window,540,780,18.0,26.0,8.0,106.0,58.0,48.0,48.0,82.75862068965517,0.30750774917175777,nan,240,0.21576885751829547,1.139262619036601,0.006590963790608945,0.6039311730925405,1.0,super_harmonic_2x
UBFC_A4_L3_C050_SEED101/Eval_On_PURE,PURE,old,802,19,window,570,810,19.0,27.0,8.0,60.0,58.0,2.0,2.0,3.4482758620689653,0.38887865067653904,nan,240,0.15194685642971642,1.116233428931763,0.0041141195139535215,0.6303324515125086,1.0,correct
UBFC_A4_L3_C050_SEED101/Eval_On_PURE,PURE,old,802,20,window,600,840,20.0,28.0,8.0,61.0,58.0,3.0,3.0,5.172413793103448,0.4512386739159129,nan,240,0.06440388563934278,1.0668804666401297,-0.016995348872547597,0.6090532600674075,1.0,correct
UBFC_A4_L3_C050_SEED101/Eval_On_PURE,PURE,old,802,21,window,630,870,21.0,29.0,8.0,105.0,59.0,46.0,46.0,77.96610169491525,0.40134152379152466,nan,240,0.03849109889102798,1.022762679803065,-0.007221178059380892,0.6633302543070131,1.0,super_harmonic_2x
UBFC_A4_L3_C050_SEED101/Eval_On_PURE,PURE,old,802,22,window,660,900,22.0,30.0,8.0,104.0,59.0,45.0,45.0,76.27118644067797,0.2795279339045888,nan,240,0.048565748497630824,0.996127463882825,0.03239577755796099,0.7352435885977489,1.0,super_harmonic_2x
UBFC_A4_L3_C050_SEED101/Eval_On_PURE,PURE,old,802,23,window,690,930,23.0,31.0,8.0,60.0,60.0,0.0,0.0,0.0,0.46069533537688456,nan,240,-0.015108538916460457,0.928636516658584,0.005359100688930236,0.6151667163250201,1.0,correct
UBFC_A4_L3_C050_SEED101/Eval_On_PURE,PURE,old,802,24,window,720,960,24.0,32.0,8.0,60.0,61.0,-1.0,1.0,1.639344262295082,0.42467099231703237,nan,240,-0.08246228164099335,0.9138013806197064,0.01726984198387742,0.7678114638951877,1.0,correct
UBFC_A4_L3_C050_SEED101/Eval_On_PURE,PURE,old,802,25,window,750,990,25.0,33.0,8.0,128.0,61.99999999999999,66.0,66.0,106.45161290322582,0.451749420662213,nan,240,-0.09657482302128742,0.9133696033322237,0.023597198274800394,0.7558328556886101,1.0,super_harmonic_2x
UBFC_A4_L3_C050_SEED101/Eval_On_PURE,PURE,old,802,26,window,780,1020,26.0,34.0,8.0,69.0,63.0,6.0,6.0,9.523809523809524,0.43522772026225137,nan,240,-0.10724182754284778,0.8902426979694886,-0.00699692547136318,0.823465773022032,1.0,large_error
UBFC_A4_L3_C050_SEED101/Eval_On_PURE,PURE,old,802,27,window,810,1050,27.0,35.0,8.0,99.0,64.0,35.0,35.0,54.6875,0.43304546922918236,nan,240,-0.04633001664429333,0.9128879092181865,0.0013173221268726646,0.8531185285301416,1.0,super_harmonic_1p5x
UBFC_A4_L3_C050_SEED101/Eval_On_PURE,PURE,old,802,28,window,840,1080,28.0,36.0,8.0,97.0,63.0,34.0,34.0,53.96825396825397,0.2906443773912569,nan,240,-0.02381464440919591,0.9295763975743787,-0.006936786526714136,0.9178758430836431,1.0,super_harmonic_1p5x
UBFC_A4_L3_C050_SEED101/Eval_On_PURE,PURE,old,802,29,window,870,1110,29.0,37.0,8.0,65.0,61.99999999999999,3.000000000000007,3.000000000000007,4.838709677419367,0.30768951858961147,nan,240,-0.0580390949788407,0.9480611150281364,0.006788011741468366,0.8594876334099267,1.0,correct
UBFC_A4_L3_C050_SEED101/Eval_On_PURE,PURE,old,802,30,window,900,1140,30.0,38.0,8.0,97.0,60.0,37.0,37.0,61.66666666666667,0.33242003475766274,nan,240,-0.08180345557251657,0.9378074368185445,0.02152472115955788,0.9485601441612216,1.0,super_harmonic_1p5x
UBFC_A4_L3_C050_SEED101/Eval_On_PURE,PURE,old,802,31,window,930,1170,31.0,39.0,8.0,60.0,59.0,1.0,1.0,1.694915254237288,0.3037700819447187,nan,240,-0.05641966842096157,0.9330653457220037,0.0017041165796831135,0.9453820671537686,1.0,correct
UBFC_A4_L3_C050_SEED101/Eval_On_PURE,PURE,old,802,32,window,960,1200,32.0,40.0,8.0,60.0,59.0,1.0,1.0,1.694915254237288,0.3274989622056062,nan,240,-0.09853318322133275,0.9297425746217918,0.008866917017699946,0.9359568124167893,1.0,correct
UBFC_A4_L3_C050_SEED101/Eval_On_PURE,PURE,old,802,33,window,990,1230,33.0,41.0,8.0,59.0,59.0,0.0,0.0,0.0,0.3679843934639518,nan,240,-0.13885116906752012,0.9100931852256711,0.004165513358160546,0.9534101175902578,1.0,correct
UBFC_A4_L3_C050_SEED101/Eval_On_PURE,PURE,old,802,34,window,1020,1260,34.0,42.0,8.0,60.0,60.0,0.0,0.0,0.0,0.37994996593490044,nan,240,-0.17171076836516005,0.8986937479637005,-0.009554773624883576,0.9564813907873543,1.0,correct
UBFC_A4_L3_C050_SEED101/Eval_On_PURE,PURE,old,802,35,window,1050,1290,35.0,43.0,8.0,61.0,61.99999999999999,-0.9999999999999929,0.9999999999999929,1.6129032258064404,0.37812879359219825,nan,240,-0.18844488126368641,0.866731948184922,-0.00931547890176468,0.9260387377325564,1.0,correct
UBFC_A4_L3_C050_SEED101/Eval_On_PURE,PURE,old,802,36,window,1080,1320,36.0,44.0,8.0,61.0,61.99999999999999,-0.9999999999999929,0.9999999999999929,1.6129032258064404,0.38681770421635897,nan,240,-0.17768901773481746,0.8922229501141027,-0.012796072288005444,0.951119102153721,1.0,correct
UBFC_A4_L3_C050_SEED101/Eval_On_PURE,PURE,old,802,37,window,1110,1350,37.0,45.0,8.0,61.0,61.99999999999999,-0.9999999999999929,0.9999999999999929,1.6129032258064404,0.36248492027964335,nan,240,-0.16003400239690677,0.9045605836833092,-0.012143251146165435,0.9258056017945506,1.0,correct
UBFC_A4_L3_C050_SEED101/Eval_On_PURE,PURE,old,802,38,window,1140,1380,38.0,46.0,8.0,60.0,61.0,-1.0,1.0,1.639344262295082,0.43959144988006393,nan,240,-0.12499908843981876,0.9139543676267446,-0.0036828066363884314,0.921541425614688,1.0,correct
UBFC_A4_L3_C050_SEED101/Eval_On_PURE,PURE,old,802,39,window,1170,1410,39.0,47.0,8.0,60.0,61.0,-1.0,1.0,1.639344262295082,0.4286895945889949,nan,240,-0.12650830674837293,0.9492506096489621,0.011831702763585434,0.8727735252950796,1.0,correct
UBFC_A4_L3_C050_SEED101/Eval_On_PURE,PURE,old,802,40,window,1200,1440,40.0,48.0,8.0,60.0,60.0,0.0,0.0,0.0,0.532261384330678,nan,240,-0.004700379529177923,0.9537837354532154,-0.012523267913488038,0.9053488059861599,1.0,correct
UBFC_A4_L3_C050_SEED101/Eval_On_PURE,PURE,old,802,41,window,1230,1470,41.0,49.0,8.0,59.0,60.0,-1.0,1.0,1.6666666666666667,0.4432427757745796,nan,240,0.06413569299910113,0.9669552328931137,-0.0013566111423688923,0.8205664114571287,1.0,correct
UBFC_A4_L3_C050_SEED101/Eval_On_PURE,PURE,old,802,42,window,1260,1500,42.0,50.0,8.0,61.0,60.0,1.0,1.0,1.6666666666666667,0.27556906258143915,nan,240,0.10813024912302677,0.9674729191850466,-0.029266834354705,0.776542415135863,1.0,correct
UBFC_A4_L3_C050_SEED101/Eval_On_PURE,PURE,old,802,43,window,1290,1530,43.0,51.0,8.0,60.0,60.0,0.0,0.0,0.0,0.3069273755498206,nan,240,0.1039259486629208,0.9719865982443944,-0.0069753786390875094,0.8071370504405689,1.0,correct
UBFC_A4_L3_C050_SEED101/Eval_On_PURE,PURE,old,802,44,window,1320,1560,44.0,52.0,8.0,60.0,60.0,0.0,0.0,0.0,0.4367434249606271,nan,240,0.05153179292082208,0.9514540622578648,0.013248311239379728,0.836240575916162,1.0,correct
UBFC_A4_L3_C050_SEED101/Eval_On_PURE,PURE,old,802,45,window,1350,1590,45.0,53.0,8.0,61.0,61.0,0.0,0.0,0.0,0.4437693485354677,nan,240,0.01911556544926317,0.94101104625724,-0.02069781874174032,0.88742304881231,1.0,correct
UBFC_A4_L3_C050_SEED101/Eval_On_PURE,PURE,old,802,46,window,1380,1620,46.0,54.0,8.0,61.0,61.99999999999999,-0.9999999999999929,0.9999999999999929,1.6129032258064404,0.4292125333600154,nan,240,0.031252090229359056,0.9491506695504933,-0.008840783777198142,0.8986406517380735,1.0,correct
UBFC_A4_L3_C050_SEED101/Eval_On_PURE,PURE,old,802,47,window,1410,1650,47.0,55.0,8.0,61.0,63.0,-2.0,2.0,3.1746031746031744,0.553075916874111,nan,240,0.052900452435997905,0.9443708304665552,-0.017114291780369086,0.9106685113336883,1.0,correct
UBFC_A4_L3_C050_SEED101/Eval_On_PURE,PURE,old,802,48,window,1440,1680,48.0,56.0,8.0,61.0,63.0,-2.0,2.0,3.1746031746031744,0.5809704835307032,nan,240,0.032165953188942796,0.9535040120538345,-0.012339213045094553,0.9339218703053169,1.0,correct
UBFC_A4_L3_C050_SEED101/Eval_On_PURE,PURE,old,802,49,window,1470,1710,49.0,57.0,8.0,60.0,63.0,-3.0,3.0,4.761904761904762,0.5830825306518824,nan,240,0.003754958920854697,0.9545871790966574,0.016443254059188492,0.9441540631307034,1.0,correct
UBFC_A4_L3_C050_SEED101/Eval_On_PURE,PURE,old,802,50,window,1500,1740,50.0,58.0,8.0,60.0,63.0,-3.0,3.0,4.761904761904762,0.6344829025740916,nan,240,-0.01678682014151788,0.9568562339948764,-0.01291279171904742,0.9264198745854071,1.0,correct
UBFC_A4_L3_C050_SEED101/Eval_On_PURE,PURE,old,802,51,window,1530,1770,51.0,59.0,8.0,60.0,61.99999999999999,-1.999999999999993,1.999999999999993,3.225806451612892,0.6832314961542755,nan,240,-0.012982154411685985,0.9798579589819896,-0.008083216411625545,0.9319561690813501,1.0,correct
UBFC_A4_L3_C050_SEED101/Eval_On_PURE,PURE,old,802,52,window,1560,1800,52.0,60.0,8.0,60.0,59.0,1.0,1.0,1.694915254237288,0.5882293522131009,nan,240,0.008601352259749591,1.0546254998618703,0.011912896391213346,0.9422475040638507,1.0,correct
UBFC_A4_L3_C050_SEED101/Eval_On_PURE,PURE,old,802,53,window,1590,1830,53.0,61.0,8.0,59.0,58.0,1.0,1.0,1.7241379310344827,0.6299866274987116,nan,240,0.06074785679446371,1.0721789415811787,-0.014325430717391287,0.9300410725940813,1.0,correct
UBFC_A4_L3_C050_SEED101/Eval_On_PURE,PURE,old,802,54,window,1620,1860,54.0,62.0,8.0,57.0,56.0,1.0,1.0,1.7857142857142856,0.6005870419904071,nan,240,0.04737642261538853,1.0916615313262932,0.02380208990469732,0.9061079733643805,1.0,correct
UBFC_A4_L3_C050_SEED101/Eval_On_PURE,PURE,old,802,55,window,1650,1890,55.0,63.0,8.0,55.0,56.0,-1.0,1.0,1.7857142857142856,0.572609919905058,nan,240,0.06802252446036748,1.1197227418973106,0.013085637666297828,0.8738442408946536,1.0,correct
UBFC_A4_L3_C050_SEED101/Eval_On_PURE,PURE,old,802,56,window,1680,1920,56.0,64.0,8.0,54.0,56.0,-2.0,2.0,3.571428571428571,0.4572735193770599,nan,240,0.07681518093424886,1.126353804930102,0.03875945042707251,0.854787870109248,1.0,correct
UBFC_A4_L3_C050_SEED101/Eval_On_PURE,PURE,old,803,0,window,0,240,0.0,8.0,8.0,52.0,53.0,-1.0,1.0,1.8867924528301887,0.7628697580340447,nan,240,-0.3142308105596276,1.0853796900128336,0.04177907516190637,0.942687722822942,1.0,correct
UBFC_A4_L3_C050_SEED101/Eval_On_PURE,PURE,old,803,1,window,30,270,1.0,9.0,8.0,53.0,52.0,1.0,1.0,1.9230769230769231,0.8237674720080547,nan,240,-0.37807174513788566,1.03350016819313,-0.01616520506520219,0.9259585535319942,1.0,correct
UBFC_A4_L3_C050_SEED101/Eval_On_PURE,PURE,old,803,2,window,60,300,2.0,10.0,8.0,53.0,52.0,1.0,1.0,1.9230769230769231,0.8122101378035758,nan,240,-0.42090829356397513,0.977922037550998,-0.030258170390708564,0.9311970470907209,1.0,correct
UBFC_A4_L3_C050_SEED101/Eval_On_PURE,PURE,old,803,3,window,90,330,3.0,11.0,8.0,52.0,52.0,0.0,0.0,0.0,0.8431802156795494,nan,240,-0.4549007987812986,0.9417553642166783,0.0005222016079629687,0.9320570980031518,1.0,correct
UBFC_A4_L3_C050_SEED101/Eval_On_PURE,PURE,old,803,4,window,120,360,4.0,12.0,8.0,52.0,51.0,1.0,1.0,1.9607843137254901,0.7518352942031858,nan,240,-0.4504135891888458,0.9203943505709551,0.007431485719713678,0.9284361268978685,1.0,correct
UBFC_A4_L3_C050_SEED101/Eval_On_PURE,PURE,old,803,5,window,150,390,5.0,13.0,8.0,51.0,51.0,0.0,0.0,0.0,0.7402430488372843,nan,240,-0.4164886221906609,0.8974801304649593,-0.016188466842414588,0.8901719126007128,1.0,correct
UBFC_A4_L3_C050_SEED101/Eval_On_PURE,PURE,old,803,6,window,180,420,6.0,14.0,8.0,51.0,51.0,0.0,0.0,0.0,0.748874434140585,nan,240,-0.33141767927761684,0.8965061316992267,1.119306201965801e-05,0.9042426743725361,1.0,correct
UBFC_A4_L3_C050_SEED101/Eval_On_PURE,PURE,old,803,7,window,210,450,7.0,15.0,8.0,51.0,51.0,0.0,0.0,0.0,0.7293801044629985,nan,240,-0.1770094771906853,0.8514203598564339,0.035510159939433655,0.9401564706379886,1.0,correct
UBFC_A4_L3_C050_SEED101/Eval_On_PURE,PURE,old,803,8,window,240,480,8.0,16.0,8.0,51.0,51.0,0.0,0.0,0.0,0.7307495848193678,nan,240,-0.10112397947326286,0.8445454193685301,0.020847986904917237,0.9184342101088049,1.0,correct
UBFC_A4_L3_C050_SEED101/Eval_On_PURE,PURE,old,803,9,window,270,510,9.0,17.0,8.0,51.0,51.0,0.0,0.0,0.0,0.5949296179756078,nan,240,-0.07963668268461467,0.8476158480812505,0.004630134757507353,0.8788475393379962,1.0,correct
UBFC_A4_L3_C050_SEED101/Eval_On_PURE,PURE,old,803,10,window,300,540,10.0,18.0,8.0,50.0,50.0,0.0,0.0,0.0,0.6725973047662781,nan,240,-0.08612876307523935,0.8586988520138434,0.014075438314508422,0.8656018270185838,1.0,correct
UBFC_A4_L3_C050_SEED101/Eval_On_PURE,PURE,old,803,11,window,330,570,11.0,19.0,8.0,99.0,50.0,49.0,49.0,98.0,0.6964361164258974,nan,240,-0.08556569718967189,0.8520993235252513,-0.007678472188411615,0.9014716259968651,1.0,super_harmonic_2x
UBFC_A4_L3_C050_SEED101/Eval_On_PURE,PURE,old,803,12,window,360,600,12.0,20.0,8.0,97.0,50.0,47.0,47.0,94.0,0.7297790828313543,nan,240,-0.03410652206078395,0.8355896359731507,0.021192999759794717,0.9257194425131502,1.0,super_harmonic_2x
UBFC_A4_L3_C050_SEED101/Eval_On_PURE,PURE,old,803,13,window,390,630,13.0,21.0,8.0,98.0,50.0,48.0,48.0,96.0,0.7334102865575499,nan,240,-0.030303848191250995,0.8451166398167053,0.00056211452526162,0.9230135377895777,1.0,super_harmonic_2x
UBFC_A4_L3_C050_SEED101/Eval_On_PURE,PURE,old,803,14,window,420,660,14.0,22.0,8.0,50.0,50.0,0.0,0.0,0.0,0.8070752855045191,nan,240,-0.02557567806604637,0.8634518517141796,0.018516551548197927,0.9223446989487897,1.0,correct
UBFC_A4_L3_C050_SEED101/Eval_On_PURE,PURE,old,803,15,window,450,690,15.0,23.0,8.0,98.0,50.0,48.0,48.0,96.0,0.701965981896196,nan,240,-0.05559035535101504,0.9220033350916421,0.03329476790651286,0.9268140001929173,1.0,super_harmonic_2x
UBFC_A4_L3_C050_SEED101/Eval_On_PURE,PURE,old,803,16,window,480,720,16.0,24.0,8.0,52.0,50.0,2.0,2.0,4.0,0.7594344912064155,nan,240,-0.03790202154073871,0.9488184891125762,0.004323702940213129,0.8827709220386333,1.0,correct
UBFC_A4_L3_C050_SEED101/Eval_On_PURE,PURE,old,803,17,window,510,750,17.0,25.0,8.0,98.0,50.0,48.0,48.0,96.0,0.776212014487635,nan,240,-0.02258296804069079,0.9511037246223192,-0.012910925275329518,0.9067060752307438,1.0,super_harmonic_2x
UBFC_A4_L3_C050_SEED101/Eval_On_PURE,PURE,old,803,18,window,540,780,18.0,26.0,8.0,51.0,50.0,1.0,1.0,2.0,0.7984955233832177,nan,240,-0.002086479192155392,0.9560655482854651,0.014325733588448995,0.9145682118987767,1.0,correct
UBFC_A4_L3_C050_SEED101/Eval_On_PURE,PURE,old,803,19,window,570,810,19.0,27.0,8.0,98.0,50.0,48.0,48.0,96.0,0.7408041417653095,nan,240,0.08497201702697366,0.9634988274400977,-0.016128825817676728,0.9289240289454619,1.0,super_harmonic_2x
UBFC_A4_L3_C050_SEED101/Eval_On_PURE,PURE,old,803,20,window,600,840,20.0,28.0,8.0,50.0,49.0,1.0,1.0,2.0408163265306123,0.7994087795840706,nan,240,0.13996841361097723,0.9999685243880504,0.020775695732721606,0.9162349596749939,1.0,correct
UBFC_A4_L3_C050_SEED101/Eval_On_PURE,PURE,old,803,21,window,630,870,21.0,29.0,8.0,97.0,49.0,48.0,48.0,97.95918367346938,0.6900027223225732,nan,240,0.13128567047136303,1.0260896651594322,0.032557358779829744,0.8937826352008524,1.0,super_harmonic_2x
UBFC_A4_L3_C050_SEED101/Eval_On_PURE,PURE,old,803,22,window,660,900,22.0,30.0,8.0,97.0,48.0,49.0,49.0,102.08333333333333,0.697845510587954,nan,240,0.03562631811091651,1.0433572210969968,-0.03193831010199032,0.8978201079860576,1.0,super_harmonic_2x
UBFC_A4_L3_C050_SEED101/Eval_On_PURE,PURE,old,803,23,window,690,930,23.0,31.0,8.0,97.0,48.0,49.0,49.0,102.08333333333333,0.7433952679388945,nan,240,0.0888281277292322,1.0097667395199372,0.004170754580077485,0.8820572411405077,1.0,super_harmonic_2x
UBFC_A4_L3_C050_SEED101/Eval_On_PURE,PURE,old,803,24,window,720,960,24.0,32.0,8.0,48.0,47.0,1.0,1.0,2.127659574468085,0.7958430989179389,nan,240,0.11512374989217265,1.0025081927392712,-0.006113083533991025,0.8688890534920601,1.0,correct
UBFC_A4_L3_C050_SEED101/Eval_On_PURE,PURE,old,803,25,window,750,990,25.0,33.0,8.0,48.0,47.0,1.0,1.0,2.127659574468085,0.8068741740830929,nan,240,0.12947252904986775,1.0219360681656915,0.02853283207051566,0.8764893159457142,1.0,correct
UBFC_A4_L3_C050_SEED101/Eval_On_PURE,PURE,old,803,26,window,780,1020,26.0,34.0,8.0,46.0,48.0,-2.0,2.0,4.166666666666666,0.7312430624916231,nan,240,0.10386391653728719,1.0493671795640829,0.06115041097548657,0.8669252100988242,1.0,correct
UBFC_A4_L3_C050_SEED101/Eval_On_PURE,PURE,old,803,27,window,810,1050,27.0,35.0,8.0,96.0,47.0,49.0,49.0,104.25531914893618,0.7335160243229867,nan,240,-0.0015919410967034197,1.053407506779881,-0.034873200671616915,0.8668868074912648,1.0,super_harmonic_2x
UBFC_A4_L3_C050_SEED101/Eval_On_PURE,PURE,old,803,28,window,840,1080,28.0,36.0,8.0,50.0,48.0,2.0,2.0,4.166666666666666,0.7353377876580904,nan,240,0.009652306515303482,1.0377759032904195,0.008826015930143937,0.8735023096774731,1.0,correct
UBFC_A4_L3_C050_SEED101/Eval_On_PURE,PURE,old,803,29,window,870,1110,29.0,37.0,8.0,49.0,48.0,1.0,1.0,2.083333333333333,0.6437441147425403,nan,240,0.09628157632342195,1.0837648239948003,-0.013308444060383435,0.8745800321146259,1.0,correct
UBFC_A4_L3_C050_SEED101/Eval_On_PURE,PURE,old,803,30,window,900,1140,30.0,38.0,8.0,96.0,48.0,48.0,48.0,100.0,0.6912069392212977,nan,240,0.2482022443684463,1.1426563041784221,0.013789810693459973,0.8463832250268029,1.0,super_harmonic_2x
UBFC_A4_L3_C050_SEED101/Eval_On_PURE,PURE,old,803,31,window,930,1170,31.0,39.0,8.0,96.0,48.0,48.0,48.0,100.0,0.6276205686300478,nan,240,0.14652679525701912,1.211137741050082,0.04486149308657785,0.8460769518744388,1.0,super_harmonic_2x
UBFC_A4_L3_C050_SEED101/Eval_On_PURE,PURE,old,803,32,window,960,1200,32.0,40.0,8.0,96.0,47.0,49.0,49.0,104.25531914893618,0.6198410897738931,nan,240,0.06300997356240091,1.2829919274409052,-0.03439949046504177,0.8736359783443146,1.0,super_harmonic_2x
UBFC_A4_L3_C050_SEED101/Eval_On_PURE,PURE,old,803,33,window,990,1230,33.0,41.0,8.0,96.0,47.0,49.0,49.0,104.25531914893618,0.5613690346403953,nan,240,0.08150431293294937,1.3107002829905672,0.0030865986646459683,0.8728496687083691,1.0,super_harmonic_2x
UBFC_A4_L3_C050_SEED101/Eval_On_PURE,PURE,old,803,34,window,1020,1260,34.0,42.0,8.0,94.0,47.0,47.0,47.0,100.0,0.5838132236306909,nan,240,0.14875135081195118,1.3535779179110525,-0.0008846146229887664,0.8394343513164106,1.0,super_harmonic_2x
UBFC_A4_L3_C050_SEED101/Eval_On_PURE,PURE,old,803,35,window,1050,1290,35.0,43.0,8.0,96.0,47.0,49.0,49.0,104.25531914893618,0.6398786488866026,nan,240,0.2456738905237617,1.3791224267918625,0.030308083429519565,0.8707131858628819,1.0,super_harmonic_2x
UBFC_A4_L3_C050_SEED101/Eval_On_PURE,PURE,old,803,36,window,1080,1320,36.0,44.0,8.0,94.0,47.0,47.0,47.0,100.0,0.6240754389944184,nan,240,0.1886290820186247,1.3842072287013871,0.035180294643796226,0.8319928763770196,1.0,super_harmonic_2x
UBFC_A4_L3_C050_SEED101/Eval_On_PURE,PURE,old,803,37,window,1110,1350,37.0,45.0,8.0,96.0,47.0,49.0,49.0,104.25531914893618,0.6044883435875951,nan,240,0.10307324932714881,1.383502486568539,-0.018547485850753068,0.8699339390524158,1.0,super_harmonic_2x
UBFC_A4_L3_C050_SEED101/Eval_On_PURE,PURE,old,803,38,window,1140,1380,38.0,46.0,8.0,93.0,47.0,46.0,46.0,97.87234042553192,0.5264154933720896,nan,240,0.09693271402588757,1.3548916134773772,-0.020958788899096793,0.8835147824637476,1.0,super_harmonic_2x
UBFC_A4_L3_C050_SEED101/Eval_On_PURE,PURE,old,803,39,window,1170,1410,39.0,47.0,8.0,48.0,47.0,1.0,1.0,2.127659574468085,0.4814815172335178,nan,240,0.21592812915162848,1.3662803286740601,-0.007459933350306732,0.8401581793768526,1.0,correct
UBFC_A4_L3_C050_SEED101/Eval_On_PURE,PURE,old,803,40,window,1200,1440,40.0,48.0,8.0,96.0,47.0,49.0,49.0,104.25531914893618,0.6133240797783812,nan,240,0.2915083442228327,1.3474345071283536,0.043426138754823436,0.9134431677735965,1.0,super_harmonic_2x
UBFC_A4_L3_C050_SEED101/Eval_On_PURE,PURE,old,803,41,window,1230,1470,41.0,49.0,8.0,95.0,47.0,48.0,48.0,102.12765957446808,0.4742911649858177,nan,240,0.2612762087158028,1.31392372328037,-0.017308906966423013,0.8691054420459716,1.0,super_harmonic_2x
UBFC_A4_L3_C050_SEED101/Eval_On_PURE,PURE,old,803,42,window,1260,1500,42.0,50.0,8.0,94.0,47.0,47.0,47.0,100.0,0.5426459904739693,nan,240,0.27474055881334736,1.2237079506267214,-0.012702372966389913,0.843354353587474,1.0,super_harmonic_2x
UBFC_A4_L3_C050_SEED101/Eval_On_PURE,PURE,old,803,43,window,1290,1530,43.0,51.0,8.0,47.0,47.0,0.0,0.0,0.0,0.5234864436321846,nan,240,0.265615972232775,1.159642509825958,-0.008461296655652756,0.8336706386784069,1.0,correct
UBFC_A4_L3_C050_SEED101/Eval_On_PURE,PURE,old,803,44,window,1320,1560,44.0,52.0,8.0,46.0,47.0,-1.0,1.0,2.127659574468085,0.47178595068782425,nan,240,0.2643240873230945,1.1381875678936928,0.010733916034908015,0.8046666340714161,1.0,correct
UBFC_A4_L3_C050_SEED101/Eval_On_PURE,PURE,old,803,45,window,1350,1590,45.0,53.0,8.0,46.0,47.0,-1.0,1.0,2.127659574468085,0.5022272976133991,nan,240,0.22550371270469427,1.079979910165463,0.05138967211219482,0.8459809223457954,1.0,correct
UBFC_A4_L3_C050_SEED101/Eval_On_PURE,PURE,old,803,46,window,1380,1620,46.0,54.0,8.0,94.0,47.0,47.0,47.0,100.0,0.3252257165884623,nan,240,0.12101293416543109,1.012488712049567,-0.0014573873258835893,0.7994610251085384,1.0,super_harmonic_2x
UBFC_A4_L3_C050_SEED101/Eval_On_PURE,PURE,old,803,47,window,1410,1650,47.0,55.0,8.0,95.0,47.0,48.0,48.0,102.12765957446808,0.4780911420528348,nan,240,0.09755762809748178,0.8824998631034802,0.009566928069781714,0.8443009352232599,1.0,super_harmonic_2x
UBFC_A4_L3_C050_SEED101/Eval_On_PURE,PURE,old,803,48,window,1440,1680,48.0,56.0,8.0,49.0,49.0,0.0,0.0,0.0,0.5333282036473797,nan,240,0.06751450064694207,0.7479840540768719,0.0006836289343119418,0.8719270269459843,1.0,correct
UBFC_A4_L3_C050_SEED101/Eval_On_PURE,PURE,old,803,49,window,1470,1710,49.0,57.0,8.0,51.0,49.0,2.0,2.0,4.081632653061225,0.5928668855747785,nan,240,0.07051314809815466,0.7281109818900623,-0.00317090917586577,0.8909500771897523,1.0,correct
UBFC_A4_L3_C050_SEED101/Eval_On_PURE,PURE,old,803,50,window,1500,1740,50.0,58.0,8.0,90.0,51.0,39.0,39.0,76.47058823529412,0.5036425304323642,nan,240,0.013564822763216,0.7202700428626803,0.023664241046908615,0.9056630006846117,1.0,super_harmonic_2x
UBFC_A4_L3_C050_SEED101/Eval_On_PURE,PURE,old,803,51,window,1530,1770,51.0,59.0,8.0,51.0,52.0,-1.0,1.0,1.9230769230769231,0.5980602254738482,nan,240,0.004569375195061594,0.7306158530576058,0.005261240577702253,0.8781443943914603,1.0,correct
UBFC_A4_L3_C050_SEED101/Eval_On_PURE,PURE,old,803,52,window,1560,1800,52.0,60.0,8.0,52.0,52.0,0.0,0.0,0.0,0.627680730619955,nan,240,-0.01515623786286336,0.7213041551196968,-0.008921689823799027,0.8729204542674052,1.0,correct
UBFC_A4_L3_C050_SEED101/Eval_On_PURE,PURE,old,803,53,window,1590,1830,53.0,61.0,8.0,52.0,52.0,0.0,0.0,0.0,0.7390710443514167,nan,240,0.004143859675213165,0.7167591775387946,0.0026156518379408206,0.8708284066466507,1.0,correct
UBFC_A4_L3_C050_SEED101/Eval_On_PURE,PURE,old,803,54,window,1620,1860,54.0,62.0,8.0,51.0,51.0,0.0,0.0,0.0,0.72735904645483,nan,240,0.03235850735412293,0.7028761387593293,0.014860519014373137,0.9220122208345505,1.0,correct
UBFC_A4_L3_C050_SEED101/Eval_On_PURE,PURE,old,803,55,window,1650,1890,55.0,63.0,8.0,97.0,51.0,46.0,46.0,90.19607843137256,0.6743305450620037,nan,240,-0.03107027091246747,0.6900412059298601,-0.01109410368843959,0.9075292931584229,1.0,super_harmonic_2x
UBFC_A4_L3_C050_SEED101/Eval_On_PURE,PURE,old,803,56,window,1680,1920,56.0,64.0,8.0,48.0,51.0,-3.0,3.0,5.88235294117647,0.6524690437590862,nan,240,-0.04492822286587154,0.7027303225615967,0.037041310601201305,0.9163801138643523,1.0,correct
UBFC_A4_L3_C050_SEED101/Eval_On_PURE,PURE,old,803,57,window,1710,1950,57.0,65.0,8.0,50.0,50.0,0.0,0.0,0.0,0.8025447000367187,nan,240,-0.06534876214196798,0.701289094469913,0.003957571552217905,0.8991767253810499,1.0,correct
UBFC_A4_L3_C050_SEED101/Eval_On_PURE,PURE,old,803,58,window,1740,1980,58.0,66.0,8.0,50.0,50.0,0.0,0.0,0.0,0.7795471429594185,nan,240,-0.09375563398304272,0.7191343004718452,-0.010654007158540417,0.8677534148211488,1.0,correct
UBFC_A4_L3_C050_SEED101/Eval_On_PURE,PURE,old,803,59,window,1770,2010,59.0,67.0,8.0,51.0,50.0,1.0,1.0,2.0,0.8070408965968835,nan,240,-0.074615846943142,0.7056096235058859,-0.0036778934609591547,0.9026957349139185,1.0,correct
UBFC_A4_L3_C050_SEED101/Eval_On_PURE,PURE,old,803,60,window,1800,2040,60.0,68.0,8.0,52.0,51.0,1.0,1.0,1.9607843137254901,0.8058108076260646,nan,240,-0.04488839263407068,0.7054044219868175,0.027085588145933526,0.9260396665794921,1.0,correct
UBFC_A4_L3_C050_SEED101/Eval_On_PURE,PURE,old,803,61,window,1830,2070,61.0,69.0,8.0,52.0,50.0,2.0,2.0,4.0,0.7371135341586023,nan,240,0.013809988972617752,0.727356660439863,0.01887130939979117,0.9373191879683188,1.0,correct
UBFC_A4_L3_C050_SEED101/Eval_On_PURE,PURE,old,803,62,window,1860,2100,62.0,70.0,8.0,52.0,50.0,2.0,2.0,4.0,0.760052161719885,nan,240,0.015060559294034003,0.7569422781108354,0.0028218314502461614,0.880638671330921,1.0,correct
UBFC_A4_L3_C050_SEED101/Eval_On_PURE,PURE,old,803,63,window,1890,2130,63.0,71.0,8.0,51.0,50.0,1.0,1.0,2.0,0.8111019615737595,nan,240,0.019628666313806886,0.7797782454185023,0.00428843324396709,0.9072881558754335,1.0,correct
UBFC_A4_L3_C050_SEED101/Eval_On_PURE,PURE,old,803,64,window,1920,2160,64.0,72.0,8.0,51.0,50.0,1.0,1.0,2.0,0.8133804973987162,nan,240,0.016021680104854278,0.7835428298315505,-0.0024004184951736656,0.8611749728795904,1.0,correct
UBFC_A4_L3_C050_SEED101/Eval_On_PURE,PURE,old,803,65,window,1950,2190,65.0,73.0,8.0,51.0,50.0,1.0,1.0,2.0,0.7786728895477946,nan,240,0.0028655813664575664,0.7712206635533716,-0.002112621730988799,0.8861212065042668,1.0,correct
UBFC_A4_L3_C050_SEED101/Eval_On_PURE,PURE,old,803,66,window,1980,2220,66.0,74.0,8.0,51.0,50.0,1.0,1.0,2.0,0.8399187573265968,nan,240,0.0639463550988125,0.7807745825013668,0.018460387711699187,0.9253137211954044,1.0,correct
UBFC_A4_L3_C050_SEED101/Eval_On_PURE,PURE,old,804,0,window,0,240,0.0,8.0,8.0,52.0,53.0,-1.0,1.0,1.8867924528301887,0.8951566214928709,nan,240,0.17729043859550273,0.8174342779879354,0.008174474373633493,0.9381030797354453,1.0,correct
UBFC_A4_L3_C050_SEED101/Eval_On_PURE,PURE,old,804,1,window,30,270,1.0,9.0,8.0,52.0,53.0,-1.0,1.0,1.8867924528301887,0.7846593917136687,nan,240,0.14290087640797053,0.8497031157078998,0.03904636888547676,0.9471184241031245,1.0,correct
UBFC_A4_L3_C050_SEED101/Eval_On_PURE,PURE,old,804,2,window,60,300,2.0,10.0,8.0,52.0,53.0,-1.0,1.0,1.8867924528301887,0.8780408548421353,nan,240,0.13760508647363606,0.8675586426820704,0.016612222029765224,0.919268149634933,1.0,correct
UBFC_A4_L3_C050_SEED101/Eval_On_PURE,PURE,old,804,3,window,90,330,3.0,11.0,8.0,53.0,53.0,0.0,0.0,0.0,0.8743394337731965,nan,240,0.1287156824075332,0.8885280625984366,-0.029457451931623708,0.9230604134997882,1.0,correct
UBFC_A4_L3_C050_SEED101/Eval_On_PURE,PURE,old,804,4,window,120,360,4.0,12.0,8.0,52.0,52.0,0.0,0.0,0.0,0.8063476696483528,nan,240,0.0787665608821768,0.9520245418336417,-0.011589372093463361,0.9246279081431733,1.0,correct
UBFC_A4_L3_C050_SEED101/Eval_On_PURE,PURE,old,804,5,window,150,390,5.0,13.0,8.0,53.0,51.0,2.0,2.0,3.9215686274509802,0.7062669649225574,nan,240,0.002817472784203416,0.9975625057326374,0.0010153241513386887,0.925278578105045,1.0,correct
UBFC_A4_L3_C050_SEED101/Eval_On_PURE,PURE,old,804,6,window,180,420,6.0,14.0,8.0,51.0,51.0,0.0,0.0,0.0,0.7445466565161207,nan,240,-0.008616185053607705,0.995020568837309,-0.004142066512451693,0.8717680298509219,1.0,correct
UBFC_A4_L3_C050_SEED101/Eval_On_PURE,PURE,old,804,7,window,210,450,7.0,15.0,8.0,48.0,50.0,-2.0,2.0,4.0,0.7617639405640437,nan,240,-0.034192954574074744,1.0228824783306045,0.0017231361014128032,0.8130356967705131,1.0,correct
UBFC_A4_L3_C050_SEED101/Eval_On_PURE,PURE,old,804,8,window,240,480,8.0,16.0,8.0,51.0,50.0,1.0,1.0,2.0,0.6607756759965018,nan,240,-0.044870965049263654,1.0466133078896136,0.01273268901849339,0.8258072972325188,1.0,correct
UBFC_A4_L3_C050_SEED101/Eval_On_PURE,PURE,old,804,9,window,270,510,9.0,17.0,8.0,50.0,50.0,0.0,0.0,0.0,0.5775575649833421,nan,240,-0.02981963062618324,1.0680665373455207,0.011551877558962458,0.7941107154714714,1.0,correct
UBFC_A4_L3_C050_SEED101/Eval_On_PURE,PURE,old,804,10,window,300,540,10.0,18.0,8.0,52.0,50.0,2.0,2.0,4.0,0.558288592781435,nan,240,-0.037981334304805645,1.1030769748289457,0.021387022306836454,0.577231039340487,1.0,correct
UBFC_A4_L3_C050_SEED101/Eval_On_PURE,PURE,old,804,11,window,330,570,11.0,19.0,8.0,83.0,50.0,33.0,33.0,66.0,0.5235736019906797,nan,240,-0.08792322630377378,1.1083780666000895,-0.0006150046094647828,0.7298994743334977,1.0,super_harmonic_1p5x
UBFC_A4_L3_C050_SEED101/Eval_On_PURE,PURE,old,804,12,window,360,600,12.0,20.0,8.0,42.0,50.0,-8.0,8.0,16.0,0.29197535959360305,nan,240,-0.06475205471309471,1.045604854796617,0.012151064212629794,0.6254418621882707,1.0,large_error
UBFC_A4_L3_C050_SEED101/Eval_On_PURE,PURE,old,804,13,window,390,630,13.0,21.0,8.0,49.0,50.0,-1.0,1.0,2.0,0.4650729166505273,nan,240,-0.009648388776418522,1.0133787607954954,0.01327816891414411,0.6893890389283304,1.0,correct
UBFC_A4_L3_C050_SEED101/Eval_On_PURE,PURE,old,804,14,window,420,660,14.0,22.0,8.0,49.0,50.0,-1.0,1.0,2.0,0.6366818550360528,nan,240,-0.019671533644902414,1.021965731815044,-0.01131953725202259,0.7883762950959201,1.0,correct
UBFC_A4_L3_C050_SEED101/Eval_On_PURE,PURE,old,804,15,window,450,690,15.0,23.0,8.0,49.0,50.0,-1.0,1.0,2.0,0.49521240215755813,nan,240,0.03590140408672516,1.013421317177807,-0.0061738704405060645,0.7094118289775003,1.0,correct
UBFC_A4_L3_C050_SEED101/Eval_On_PURE,PURE,old,804,16,window,480,720,16.0,24.0,8.0,52.0,51.0,1.0,1.0,1.9607843137254901,0.7558750879640628,nan,240,0.09996784838717393,1.0069088324394286,0.000990433443851584,0.855113822749153,1.0,correct
UBFC_A4_L3_C050_SEED101/Eval_On_PURE,PURE,old,804,17,window,510,750,17.0,25.0,8.0,54.0,51.0,3.0,3.0,5.88235294117647,0.586016417712811,nan,240,0.11922126409578968,1.00025848042766,-0.018311710023492616,0.8226332482368263,1.0,correct
UBFC_A4_L3_C050_SEED101/Eval_On_PURE,PURE,old,804,18,window,540,780,18.0,26.0,8.0,53.0,52.0,1.0,1.0,1.9230769230769231,0.6172581419213252,nan,240,0.0662998360945234,0.9787724555916444,0.002879913492902782,0.8568013707915115,1.0,correct
UBFC_A4_L3_C050_SEED101/Eval_On_PURE,PURE,old,804,19,window,570,810,19.0,27.0,8.0,59.0,52.0,7.0,7.0,13.461538461538462,0.5255438569332579,nan,240,-0.004902906074609992,1.0056222807721547,0.007540598811672265,0.717335536581777,1.0,large_error
UBFC_A4_L3_C050_SEED101/Eval_On_PURE,PURE,old,804,20,window,600,840,20.0,28.0,8.0,63.0,52.0,11.0,11.0,21.153846153846153,0.31994009539562446,nan,240,-0.1065232870529898,1.0316480823955412,-0.0024530620715516815,0.7200047903819309,1.0,large_error
UBFC_A4_L3_C050_SEED101/Eval_On_PURE,PURE,old,804,21,window,630,870,21.0,29.0,8.0,65.0,51.0,14.0,14.0,27.450980392156865,0.23118311597650437,nan,240,-0.01679493746610065,1.0621866087885536,0.014016169580872252,0.7259853929770932,1.0,super_harmonic_1p5x
UBFC_A4_L3_C050_SEED101/Eval_On_PURE,PURE,old,804,22,window,660,900,22.0,30.0,8.0,68.0,51.0,17.0,17.0,33.33333333333333,0.17149677939238836,nan,240,0.04081586347993308,1.0805956238258525,0.015661337405853768,0.7333246434762247,1.0,super_harmonic_1p5x
UBFC_A4_L3_C050_SEED101/Eval_On_PURE,PURE,old,804,23,window,690,930,23.0,31.0,8.0,67.0,50.0,17.0,17.0,34.0,0.40638182033660125,nan,240,0.020839818842646622,1.0612287530426399,0.010930393361824945,0.6585616128196362,1.0,super_harmonic_1p5x
UBFC_A4_L3_C050_SEED101/Eval_On_PURE,PURE,old,804,24,window,720,960,24.0,32.0,8.0,96.0,49.0,47.0,47.0,95.91836734693877,0.36134633567598484,nan,240,-0.07734556597098659,1.0601368592092668,0.028650712978601466,0.6077156251136744,1.0,super_harmonic_2x
UBFC_A4_L3_C050_SEED101/Eval_On_PURE,PURE,old,804,25,window,750,990,25.0,33.0,8.0,52.0,48.0,4.0,4.0,8.333333333333332,0.6221212721935646,nan,240,-0.20172870425080944,1.070448155338812,0.004102282482311651,0.8275111195978387,1.0,large_error
UBFC_A4_L3_C050_SEED101/Eval_On_PURE,PURE,old,804,26,window,780,1020,26.0,34.0,8.0,51.0,48.0,3.0,3.0,6.25,0.6736505038992363,nan,240,-0.20935002780776765,1.060965579320707,0.0034033823340610153,0.7299495000622387,1.0,correct
UBFC_A4_L3_C050_SEED101/Eval_On_PURE,PURE,old,804,27,window,810,1050,27.0,35.0,8.0,49.0,48.0,1.0,1.0,2.083333333333333,0.585492097741889,nan,240,-0.13604575943066213,1.0560466092347074,-0.0034950355886396093,0.77148150675663,1.0,correct
UBFC_A4_L3_C050_SEED101/Eval_On_PURE,PURE,old,804,28,window,840,1080,28.0,36.0,8.0,97.0,48.0,49.0,49.0,102.08333333333333,0.6331504290269069,nan,240,0.0401246344345296,1.1132235628155989,0.029196364546079608,0.9020688534474968,1.0,super_harmonic_2x
UBFC_A4_L3_C050_SEED101/Eval_On_PURE,PURE,old,804,29,window,870,1110,29.0,37.0,8.0,48.0,49.0,-1.0,1.0,2.0408163265306123,0.5889117768886983,nan,240,0.0052587867324149695,1.117493178604117,0.04651668067389079,0.8795399663444061,1.0,correct
UBFC_A4_L3_C050_SEED101/Eval_On_PURE,PURE,old,804,30,window,900,1140,30.0,38.0,8.0,98.0,49.0,49.0,49.0,100.0,0.6430610786942167,nan,240,-0.05988280683565798,1.1205101545685106,-0.022901541721027097,0.9147128238386342,1.0,super_harmonic_2x
UBFC_A4_L3_C050_SEED101/Eval_On_PURE,PURE,old,804,31,window,930,1170,31.0,39.0,8.0,97.0,49.0,48.0,48.0,97.95918367346938,0.5747250262782244,nan,240,-0.08281346179470998,1.14295149999551,0.011462005611695183,0.9041031435703599,1.0,super_harmonic_2x
UBFC_A4_L3_C050_SEED101/Eval_On_PURE,PURE,old,804,32,window,960,1200,32.0,40.0,8.0,50.0,49.0,1.0,1.0,2.0408163265306123,0.5746132589458212,nan,240,-0.05693175732539646,1.123063829699797,-0.008431242697321999,0.8382495521941787,1.0,correct
UBFC_A4_L3_C050_SEED101/Eval_On_PURE,PURE,old,804,33,window,990,1230,33.0,41.0,8.0,97.0,49.0,48.0,48.0,97.95918367346938,0.6390760815185872,nan,240,0.0730616013349525,1.121213809766137,0.018409792241615097,0.8744637825056752,1.0,super_harmonic_2x
UBFC_A4_L3_C050_SEED101/Eval_On_PURE,PURE,old,804,34,window,1020,1260,34.0,42.0,8.0,46.0,49.0,-3.0,3.0,6.122448979591836,0.5185881940336096,nan,240,0.11977707440063869,1.1452721073459462,0.03233561894141036,0.816896101976074,1.0,correct
UBFC_A4_L3_C050_SEED101/Eval_On_PURE,PURE,old,804,35,window,1050,1290,35.0,43.0,8.0,46.0,49.0,-3.0,3.0,6.122448979591836,0.6081778165308284,nan,240,0.1405711345535676,1.1225941288613672,-0.029111491884912282,0.843844641715379,1.0,correct
UBFC_A4_L3_C050_SEED101/Eval_On_PURE,PURE,old,804,36,window,1080,1320,36.0,44.0,8.0,85.0,49.0,36.0,36.0,73.46938775510205,0.554800640848399,nan,240,0.04872636809241457,1.0848169036002553,-0.010285456651688453,0.7864579020978275,1.0,super_harmonic_2x
UBFC_A4_L3_C050_SEED101/Eval_On_PURE,PURE,old,804,37,window,1110,1350,37.0,45.0,8.0,51.0,49.0,2.0,2.0,4.081632653061225,0.6980286653650323,nan,240,-0.04578447505525466,1.079030597450617,-0.0017955382316075,0.8773395710977087,1.0,correct
UBFC_A4_L3_C050_SEED101/Eval_On_PURE,PURE,old,804,38,window,1140,1380,38.0,46.0,8.0,52.0,49.0,3.0,3.0,6.122448979591836,0.5504688368540497,nan,240,-0.025131768328719016,1.0939643501254739,-0.008624916777960142,0.8675472175733256,1.0,correct
UBFC_A4_L3_C050_SEED101/Eval_On_PURE,PURE,old,804,39,window,1170,1410,39.0,47.0,8.0,50.0,50.0,0.0,0.0,0.0,0.6103603082544431,nan,240,0.05244698450118152,1.1595473927547666,0.02330771880606514,0.8882994236515889,1.0,correct
UBFC_A4_L3_C050_SEED101/Eval_On_PURE,PURE,old,804,40,window,1200,1440,40.0,48.0,8.0,51.0,50.0,1.0,1.0,2.0,0.7142154414610226,nan,240,0.08837600419585853,1.1356004284528656,0.0056375582157765025,0.8855228624011875,1.0,correct
UBFC_A4_L3_C050_SEED101/Eval_On_PURE,PURE,old,804,41,window,1230,1470,41.0,49.0,8.0,51.0,50.0,1.0,1.0,2.0,0.7060716292167705,nan,240,0.03451042162898465,1.0567295212008843,-0.00415399968545445,0.8617163187151905,1.0,correct
UBFC_A4_L3_C050_SEED101/Eval_On_PURE,PURE,old,804,42,window,1260,1500,42.0,50.0,8.0,52.0,50.0,2.0,2.0,4.0,0.7032494741704359,nan,240,0.029730733556056006,0.9993931212899335,0.009697872705350346,0.8915127575707564,1.0,correct
UBFC_A4_L3_C050_SEED101/Eval_On_PURE,PURE,old,804,43,window,1290,1530,43.0,51.0,8.0,50.0,50.0,0.0,0.0,0.0,0.5934556280416996,nan,240,0.036018802962997934,0.965680959036609,-0.0022050488763153742,0.8486810760226673,1.0,correct
UBFC_A4_L3_C050_SEED101/Eval_On_PURE,PURE,old,804,44,window,1320,1560,44.0,52.0,8.0,49.0,49.0,0.0,0.0,0.0,0.5768869673026262,nan,240,0.024149431281080727,0.9092188642726833,0.01846295822686461,0.833705542684283,1.0,correct
UBFC_A4_L3_C050_SEED101/Eval_On_PURE,PURE,old,804,45,window,1350,1590,45.0,53.0,8.0,46.0,49.0,-3.0,3.0,6.122448979591836,0.39142139711366575,nan,240,0.059355822047086046,0.855724319356049,0.030870136636561143,0.7650724489846125,1.0,correct
UBFC_A4_L3_C050_SEED101/Eval_On_PURE,PURE,old,804,46,window,1380,1620,46.0,54.0,8.0,51.0,50.0,1.0,1.0,2.0,0.565846118994595,nan,240,0.0606973847572784,0.8412679082404478,-0.001085265429965332,0.8261360599950499,1.0,correct
UBFC_A4_L3_C050_SEED101/Eval_On_PURE,PURE,old,804,47,window,1410,1650,47.0,55.0,8.0,97.0,50.0,47.0,47.0,94.0,0.31551424551339186,nan,240,-0.052965444922816234,0.7414447666201303,-0.0016875749168314238,0.736261500204323,1.0,super_harmonic_2x
UBFC_A4_L3_C050_SEED101/Eval_On_PURE,PURE,old,804,48,window,1440,1680,48.0,56.0,8.0,67.0,50.0,17.0,17.0,34.0,0.0813641924661422,nan,240,-0.14132601127843272,0.8705309120103264,0.0026256891544929038,0.5286738929575499,1.0,super_harmonic_1p5x
UBFC_A4_L3_C050_SEED101/Eval_On_PURE,PURE,old,804,49,window,1470,1710,49.0,57.0,8.0,61.0,51.0,10.0,10.0,19.607843137254903,0.26052230743569355,nan,240,-0.1544240787361841,0.9160762908170651,-0.0005732835577442225,0.5318025780904425,1.0,large_error
UBFC_A4_L3_C050_SEED101/Eval_On_PURE,PURE,old,804,50,window,1500,1740,50.0,58.0,8.0,47.0,50.0,-3.0,3.0,6.0,0.4857551119274289,nan,240,-0.07956449105523054,1.0798262105150647,0.01342361192815592,0.4750994457226096,1.0,correct
UBFC_A4_L3_C050_SEED101/Eval_On_PURE,PURE,old,804,51,window,1530,1770,51.0,59.0,8.0,46.0,51.0,-5.0,5.0,9.803921568627452,0.4419388601985094,nan,240,-0.059239163180358274,1.0922216558646691,0.00775732467575242,0.5259544335906998,1.0,large_error
UBFC_A4_L3_C050_SEED101/Eval_On_PURE,PURE,old,804,52,window,1560,1800,52.0,60.0,8.0,47.0,50.0,-3.0,3.0,6.0,0.48278036966589805,nan,240,-0.05018099822961326,1.0895272889632581,0.015053499671452397,0.6791621301892319,1.0,correct
UBFC_A4_L3_C050_SEED101/Eval_On_PURE,PURE,old,804,53,window,1590,1830,53.0,61.0,8.0,99.0,49.0,50.0,50.0,102.04081632653062,0.47849897954922965,nan,240,-0.055674143444004516,1.0812221688422043,0.014181303685028455,0.7758109947108781,1.0,super_harmonic_2x
UBFC_A4_L3_C050_SEED101/Eval_On_PURE,PURE,old,804,54,window,1620,1860,54.0,62.0,8.0,51.0,50.0,1.0,1.0,2.0,0.6276935592431959,nan,240,-0.12332966993430682,1.0755874552536417,0.002226284674097123,0.7912800032950706,1.0,correct
UBFC_A4_L3_C050_SEED101/Eval_On_PURE,PURE,old,804,55,window,1650,1890,55.0,63.0,8.0,49.0,49.0,0.0,0.0,0.0,0.5880216349505064,nan,240,-0.14955806796011267,1.0911691733458153,-0.016124136071352987,0.8232320703548408,1.0,correct
UBFC_A4_L3_C050_SEED101/Eval_On_PURE,PURE,old,804,56,window,1680,1920,56.0,64.0,8.0,98.0,49.0,49.0,49.0,100.0,0.66849274135315,nan,240,-0.0724699517941926,1.1065730436406573,0.011851910030055555,0.8610231111156916,1.0,super_harmonic_2x
UBFC_A4_L3_C050_SEED101/Eval_On_PURE,PURE,old,804,57,window,1710,1950,57.0,65.0,8.0,50.0,50.0,0.0,0.0,0.0,0.6487206072082077,nan,240,0.022824377787861245,1.2403523448370848,0.015545924556859025,0.8279079345106266,1.0,correct
UBFC_A4_L3_C050_SEED101/Eval_On_PURE,PURE,old,804,58,window,1740,1980,58.0,66.0,8.0,52.0,50.0,2.0,2.0,4.0,0.7145111281368792,nan,240,-0.037440414666249665,1.1098940538476254,0.011254505376271472,0.8485071424623937,1.0,correct
UBFC_A4_L3_C050_SEED101/Eval_On_PURE,PURE,old,804,59,window,1770,2010,59.0,67.0,8.0,52.0,50.0,2.0,2.0,4.0,0.6515967546832185,nan,240,-0.06878656205115961,1.113803346556583,0.020441143626917544,0.9008681819747573,1.0,correct
UBFC_A4_L3_C050_SEED101/Eval_On_PURE,PURE,old,804,60,window,1800,2040,60.0,68.0,8.0,51.0,50.0,1.0,1.0,2.0,0.7114210201310213,nan,240,-0.08064384855463681,1.1167358953789193,-0.0033841715889175858,0.8114010256692612,1.0,correct
UBFC_A4_L3_C050_SEED101/Eval_On_PURE,PURE,old,804,61,window,1830,2070,61.0,69.0,8.0,50.0,49.0,1.0,1.0,2.0408163265306123,0.6240138170368135,nan,240,-0.06350674181690616,1.1227391744631379,-0.009905283547990444,0.81710770688016,1.0,correct
UBFC_A4_L3_C050_SEED101/Eval_On_PURE,PURE,old,804,62,window,1860,2100,62.0,70.0,8.0,48.0,50.0,-2.0,2.0,4.0,0.6289220681308824,nan,240,0.006529241115893577,1.084461742460109,0.020913193627583204,0.8717904774003612,1.0,correct
UBFC_A4_L3_C050_SEED101/Eval_On_PURE,PURE,old,804,63,window,1890,2130,63.0,71.0,8.0,49.0,50.0,-1.0,1.0,2.0,0.5800501918930259,nan,240,0.10860950629525941,1.0104527313184508,0.017673063424620973,0.8415064382534049,1.0,correct
UBFC_A4_L3_C050_SEED101/Eval_On_PURE,PURE,old,804,64,window,1920,2160,64.0,72.0,8.0,50.0,50.0,0.0,0.0,0.0,0.6353948143299014,nan,240,0.07039164012679468,0.8966061323601812,-0.014362891644308668,0.8318969525273525,1.0,correct
UBFC_A4_L3_C050_SEED101/Eval_On_PURE,PURE,old,804,65,window,1950,2190,65.0,73.0,8.0,53.0,51.0,2.0,2.0,3.9215686274509802,0.7313811064672525,nan,240,-0.014394842608638247,0.6425526356060816,0.02357426090170695,0.8969251917307569,1.0,correct
UBFC_A4_L3_C050_SEED101/Eval_On_PURE,PURE,old,804,66,window,1980,2220,66.0,74.0,8.0,51.0,51.0,0.0,0.0,0.0,0.7741303587554907,nan,240,-0.05953881086363899,0.659479176785165,-0.005847152633312018,0.8841804775196102,1.0,correct
UBFC_A4_L3_C050_SEED101/Eval_On_PURE,PURE,old,805,0,window,0,240,0.0,8.0,8.0,51.0,51.0,0.0,0.0,0.0,0.7511833419602876,nan,240,0.10722032901874493,1.0806777063142172,0.0034356806729086255,0.8967562734972715,1.0,correct
UBFC_A4_L3_C050_SEED101/Eval_On_PURE,PURE,old,805,1,window,30,270,1.0,9.0,8.0,101.0,50.0,51.0,51.0,102.0,0.6154651800296506,nan,240,0.012702727672177607,1.1024397198592728,0.003638423784211294,0.8555857921369663,1.0,super_harmonic_2x
UBFC_A4_L3_C050_SEED101/Eval_On_PURE,PURE,old,805,2,window,60,300,2.0,10.0,8.0,53.0,50.0,3.0,3.0,6.0,0.6437683946947796,nan,240,-0.061532684020449153,1.0840601631257496,0.020457086329568854,0.9137685431728082,1.0,correct
UBFC_A4_L3_C050_SEED101/Eval_On_PURE,PURE,old,805,3,window,90,330,3.0,11.0,8.0,51.0,50.0,1.0,1.0,2.0,0.7974791398273176,nan,240,-0.051204418846559435,1.051227462996963,0.0016382798453321208,0.9093922215322752,1.0,correct
UBFC_A4_L3_C050_SEED101/Eval_On_PURE,PURE,old,805,4,window,120,360,4.0,12.0,8.0,50.0,49.0,1.0,1.0,2.0408163265306123,0.7411122510496798,nan,240,0.007846798452218333,1.0465133165620435,0.028609753823172476,0.9119172445237068,1.0,correct
UBFC_A4_L3_C050_SEED101/Eval_On_PURE,PURE,old,805,5,window,150,390,5.0,13.0,8.0,47.0,49.0,-2.0,2.0,4.081632653061225,0.7380791141709646,nan,240,-0.016868817601988897,1.0326788554319075,0.023695438657053612,0.8937257979975949,1.0,correct
UBFC_A4_L3_C050_SEED101/Eval_On_PURE,PURE,old,805,6,window,180,420,6.0,14.0,8.0,49.0,49.0,0.0,0.0,0.0,0.7405263763551357,nan,240,-0.030720564556639386,1.0132821032716743,-0.003895672327169767,0.8960042450844636,1.0,correct
UBFC_A4_L3_C050_SEED101/Eval_On_PURE,PURE,old,805,7,window,210,450,7.0,15.0,8.0,60.0,48.0,12.0,12.0,25.0,0.5986344333189321,nan,240,-0.06901093827770784,1.001457088583201,-0.013040553232400944,0.9054901324712542,1.0,large_error
UBFC_A4_L3_C050_SEED101/Eval_On_PURE,PURE,old,805,8,window,240,480,8.0,16.0,8.0,52.0,49.0,3.0,3.0,6.122448979591836,0.5842734826007885,nan,240,-0.06209088534165851,0.9541678472924497,0.0012753894433465752,0.871809678386675,1.0,correct
UBFC_A4_L3_C050_SEED101/Eval_On_PURE,PURE,old,805,9,window,270,510,9.0,17.0,8.0,53.0,49.0,4.0,4.0,8.16326530612245,0.5347953124824879,nan,240,0.02760833498259366,0.9305474868228125,0.0031704667485460266,0.8732135550615169,1.0,large_error
UBFC_A4_L3_C050_SEED101/Eval_On_PURE,PURE,old,805,10,window,300,540,10.0,18.0,8.0,52.0,49.0,3.0,3.0,6.122448979591836,0.47594774705104015,nan,240,0.07681473441818347,0.9047224639251861,-0.01542252411293534,0.8630808316144839,1.0,correct
UBFC_A4_L3_C050_SEED101/Eval_On_PURE,PURE,old,805,11,window,330,570,11.0,19.0,8.0,50.0,50.0,0.0,0.0,0.0,0.5719881973208215,nan,240,0.09132522969138249,0.9267919810527814,-0.006080599553717694,0.8845545024220098,1.0,correct
UBFC_A4_L3_C050_SEED101/Eval_On_PURE,PURE,old,805,12,window,360,600,12.0,20.0,8.0,51.0,50.0,1.0,1.0,2.0,0.5142974446544698,nan,240,0.03615129178034717,0.9426449050139742,-0.01191042367841364,0.893275747898598,1.0,correct
UBFC_A4_L3_C050_SEED101/Eval_On_PURE,PURE,old,805,13,window,390,630,13.0,21.0,8.0,97.0,50.0,47.0,47.0,94.0,0.29169071770142896,nan,240,-0.01886686105535502,0.9284008335669076,-0.03492217522680111,0.9174926657756486,1.0,super_harmonic_2x
UBFC_A4_L3_C050_SEED101/Eval_On_PURE,PURE,old,805,14,window,420,660,14.0,22.0,8.0,67.0,51.0,16.0,16.0,31.372549019607842,0.3712625610531016,nan,240,-0.06465112460534522,0.9239577920744653,0.0009101765477254276,0.8981778238450853,1.0,super_harmonic_1p5x
UBFC_A4_L3_C050_SEED101/Eval_On_PURE,PURE,old,805,15,window,450,690,15.0,23.0,8.0,65.0,51.0,14.0,14.0,27.450980392156865,0.3956775212212001,nan,240,-0.01835248498610702,0.9155252521921982,0.009372783839314025,0.7716683830850821,1.0,super_harmonic_1p5x
UBFC_A4_L3_C050_SEED101/Eval_On_PURE,PURE,old,805,16,window,480,720,16.0,24.0,8.0,99.0,51.0,48.0,48.0,94.11764705882352,0.4574346077166688,nan,240,-0.024825839911276636,0.9114162486120067,0.006756960871679687,0.8584968987237551,1.0,super_harmonic_2x
UBFC_A4_L3_C050_SEED101/Eval_On_PURE,PURE,old,805,17,window,510,750,17.0,25.0,8.0,60.0,51.0,9.0,9.0,17.647058823529413,0.40387865614636853,nan,240,-0.10253965272183908,0.9043783739000854,-0.002731647899352494,0.7977935418619769,1.0,large_error
UBFC_A4_L3_C050_SEED101/Eval_On_PURE,PURE,old,805,18,window,540,780,18.0,26.0,8.0,103.0,51.0,52.0,52.0,101.96078431372548,0.5329636040869518,nan,240,-0.12398207027016017,0.893852079884556,0.005074196031709266,0.8913159510637958,1.0,super_harmonic_2x
UBFC_A4_L3_C050_SEED101/Eval_On_PURE,PURE,old,805,19,window,570,810,19.0,27.0,8.0,104.0,51.0,53.0,53.0,103.921568627451,0.3968999340696814,nan,240,-0.19065237609942762,0.8766503874536304,0.04575080016172469,0.8838958130207523,1.0,super_harmonic_2x
UBFC_A4_L3_C050_SEED101/Eval_On_PURE,PURE,old,805,20,window,600,840,20.0,28.0,8.0,52.0,51.0,1.0,1.0,1.9607843137254901,0.8053957488181525,nan,240,-0.18926548948005745,0.8355586033976792,-0.0046235478175508885,0.8881361248784604,1.0,correct
UBFC_A4_L3_C050_SEED101/Eval_On_PURE,PURE,old,805,21,window,630,870,21.0,29.0,8.0,52.0,51.0,1.0,1.0,1.9607843137254901,0.8293816804808962,nan,240,-0.13895809471719103,0.8260763417633831,0.018927926000979426,0.9038631199588892,1.0,correct
UBFC_A4_L3_C050_SEED101/Eval_On_PURE,PURE,old,805,22,window,660,900,22.0,30.0,8.0,52.0,51.0,1.0,1.0,1.9607843137254901,0.747910170567194,nan,240,-0.06936462175643002,0.8263044459963678,-0.010598855436969482,0.9099143016020362,1.0,correct
UBFC_A4_L3_C050_SEED101/Eval_On_PURE,PURE,old,805,23,window,690,930,23.0,31.0,8.0,51.0,51.0,0.0,0.0,0.0,0.7814283739261942,nan,240,-0.053397050983766334,0.8412069937145665,0.012648223370709814,0.8958798300311361,1.0,correct
UBFC_A4_L3_C050_SEED101/Eval_On_PURE,PURE,old,805,24,window,720,960,24.0,32.0,8.0,52.0,51.0,1.0,1.0,1.9607843137254901,0.8066943441595774,nan,240,-0.05343699587487684,0.8459812109204428,-0.016139171202157347,0.8835472750118397,1.0,correct
UBFC_A4_L3_C050_SEED101/Eval_On_PURE,PURE,old,805,25,window,750,990,25.0,33.0,8.0,52.0,51.0,1.0,1.0,1.9607843137254901,0.8319728409622723,nan,240,-0.033508033186616944,0.853015361167363,0.009782369414514625,0.9479297321227635,1.0,correct
UBFC_A4_L3_C050_SEED101/Eval_On_PURE,PURE,old,805,26,window,780,1020,26.0,34.0,8.0,53.0,52.0,1.0,1.0,1.9230769230769231,0.6890402750116401,nan,240,-0.01710323704867975,0.8734476814157659,0.012580634050415,0.9372980217449867,1.0,correct
UBFC_A4_L3_C050_SEED101/Eval_On_PURE,PURE,old,805,27,window,810,1050,27.0,35.0,8.0,53.0,52.0,1.0,1.0,1.9230769230769231,0.8162502631973516,nan,240,-0.0032175940007147593,0.8761277371676879,0.00522500739827928,0.8861407582348474,1.0,correct
UBFC_A4_L3_C050_SEED101/Eval_On_PURE,PURE,old,805,28,window,840,1080,28.0,36.0,8.0,53.0,52.0,1.0,1.0,1.9230769230769231,0.8001600390319528,nan,240,0.030848322164727562,0.9012975577690593,0.014067154144896824,0.9164497118310598,1.0,correct
UBFC_A4_L3_C050_SEED101/Eval_On_PURE,PURE,old,805,29,window,870,1110,29.0,37.0,8.0,52.0,52.0,0.0,0.0,0.0,0.6819204684615744,nan,240,0.009730028875705732,0.9187928098041512,0.03616294608807254,0.9223051873530927,1.0,correct
UBFC_A4_L3_C050_SEED101/Eval_On_PURE,PURE,old,805,30,window,900,1140,30.0,38.0,8.0,52.0,52.0,0.0,0.0,0.0,0.49937683026331436,nan,240,-0.027995866469835987,0.9194013291425014,0.02724320076221415,0.9091397757230003,1.0,correct
UBFC_A4_L3_C050_SEED101/Eval_On_PURE,PURE,old,805,31,window,930,1170,31.0,39.0,8.0,58.0,52.0,6.0,6.0,11.538461538461538,0.41250377499356067,nan,240,-0.0658344064083103,0.9142409576704873,-0.008330650538037146,0.8884694110152505,1.0,large_error
UBFC_A4_L3_C050_SEED101/Eval_On_PURE,PURE,old,805,32,window,960,1200,32.0,40.0,8.0,59.0,52.0,7.0,7.0,13.461538461538462,0.3693881232999275,nan,240,-0.07718354887073468,0.922796710942243,0.005591385052286898,0.9213335711206155,1.0,large_error
UBFC_A4_L3_C050_SEED101/Eval_On_PURE,PURE,old,805,33,window,990,1230,33.0,41.0,8.0,60.0,52.0,8.0,8.0,15.384615384615385,0.2509874558335261,nan,240,-0.03918294680261056,0.9252503407642543,0.014233496135812769,0.8988817780031951,1.0,large_error
UBFC_A4_L3_C050_SEED101/Eval_On_PURE,PURE,old,805,34,window,1020,1260,34.0,42.0,8.0,60.0,52.0,8.0,8.0,15.384615384615385,0.34136774305455614,nan,240,-0.016907164697455887,0.9370598064851887,-0.027141029753940345,0.9083955646145275,1.0,large_error
UBFC_A4_L3_C050_SEED101/Eval_On_PURE,PURE,old,805,35,window,1050,1290,35.0,43.0,8.0,53.0,52.0,1.0,1.0,1.9230769230769231,0.5895152055871322,nan,240,0.006419966941736895,0.9408627573683777,0.015719841215820596,0.9221756962018868,1.0,correct
UBFC_A4_L3_C050_SEED101/Eval_On_PURE,PURE,old,805,36,window,1080,1320,36.0,44.0,8.0,55.0,52.0,3.0,3.0,5.769230769230769,0.5843661568096266,nan,240,0.07718120026206,0.963149140315656,0.021005629848172794,0.9401595393306816,1.0,correct
UBFC_A4_L3_C050_SEED101/Eval_On_PURE,PURE,old,805,37,window,1110,1350,37.0,45.0,8.0,53.0,52.0,1.0,1.0,1.9230769230769231,0.75420666945868,nan,240,0.15073572275363653,1.002132250797147,-0.02214029217240657,0.9123211603101243,1.0,correct
UBFC_A4_L3_C050_SEED101/Eval_On_PURE,PURE,old,805,38,window,1140,1380,38.0,46.0,8.0,52.0,51.0,1.0,1.0,1.9607843137254901,0.8168180464355133,nan,240,0.1868682734568954,1.0533250469039825,-0.009910887156766194,0.909488422923609,1.0,correct
UBFC_A4_L3_C050_SEED101/Eval_On_PURE,PURE,old,805,39,window,1170,1410,39.0,47.0,8.0,52.0,51.0,1.0,1.0,1.9607843137254901,0.8456550776418156,nan,240,0.22392549132524092,1.0688727215523515,-0.00581489822969609,0.9326362964209032,1.0,correct
UBFC_A4_L3_C050_SEED101/Eval_On_PURE,PURE,old,805,40,window,1200,1440,40.0,48.0,8.0,53.0,52.0,1.0,1.0,1.9230769230769231,0.8081286874069472,nan,240,0.255436189870451,1.0460740649048823,-0.0008194253759431539,0.923292007616867,1.0,correct
UBFC_A4_L3_C050_SEED101/Eval_On_PURE,PURE,old,805,41,window,1230,1470,41.0,49.0,8.0,54.0,54.0,0.0,0.0,0.0,0.8400830466339876,nan,240,0.1957062518075692,1.0960191517495885,0.020886750923588136,0.9215227154643387,1.0,correct
UBFC_A4_L3_C050_SEED101/Eval_On_PURE,PURE,old,805,42,window,1260,1500,42.0,50.0,8.0,54.0,54.0,0.0,0.0,0.0,0.8010658062863759,nan,240,0.12564485297950811,1.118296447612212,0.009578974891104519,0.9010093685037479,1.0,correct
UBFC_A4_L3_C050_SEED101/Eval_On_PURE,PURE,old,805,43,window,1290,1530,43.0,51.0,8.0,54.0,54.0,0.0,0.0,0.0,0.7778408243975427,nan,240,0.07317301575973449,1.1250061392685917,0.026889928929808113,0.9347093540072182,1.0,correct
UBFC_A4_L3_C050_SEED101/Eval_On_PURE,PURE,old,805,44,window,1320,1560,44.0,52.0,8.0,53.0,54.0,-1.0,1.0,1.8518518518518516,0.74806559622506,nan,240,0.017759636758554423,1.1132352095669553,0.0021795796138772954,0.9143020782851897,1.0,correct
UBFC_A4_L3_C050_SEED101/Eval_On_PURE,PURE,old,805,45,window,1350,1590,45.0,53.0,8.0,53.0,53.0,0.0,0.0,0.0,0.7866900113574802,nan,240,-0.002838688176463474,1.0816020164689035,-0.032565103421194536,0.9372488292433374,1.0,correct
UBFC_A4_L3_C050_SEED101/Eval_On_PURE,PURE,old,805,46,window,1380,1620,46.0,54.0,8.0,52.0,52.0,0.0,0.0,0.0,0.8273376144867755,nan,240,0.009195109719600728,1.0534267743039225,-0.011899472069438402,0.9174498385839057,1.0,correct
UBFC_A4_L3_C050_SEED101/Eval_On_PURE,PURE,old,805,47,window,1410,1650,47.0,55.0,8.0,52.0,51.0,1.0,1.0,1.9607843137254901,0.8075937345099792,nan,240,0.000719260338912712,1.0693208926049897,-0.008141599081202792,0.9126666827490922,1.0,correct
UBFC_A4_L3_C050_SEED101/Eval_On_PURE,PURE,old,805,48,window,1440,1680,48.0,56.0,8.0,52.0,52.0,0.0,0.0,0.0,0.7779577050774916,nan,240,-0.017440942570959864,1.1077128435360415,0.0177206066227206,0.9261287391954401,1.0,correct
UBFC_A4_L3_C050_SEED101/Eval_On_PURE,PURE,old,805,49,window,1470,1710,49.0,57.0,8.0,103.0,52.0,51.0,51.0,98.07692307692307,0.5837306776035653,nan,240,0.011333873317934362,1.0854093726348766,-0.013852217796197813,0.9107799309140746,1.0,super_harmonic_2x
UBFC_A4_L3_C050_SEED101/Eval_On_PURE,PURE,old,805,50,window,1500,1740,50.0,58.0,8.0,51.0,52.0,-1.0,1.0,1.9230769230769231,0.6690487057825815,nan,240,0.0995392688429005,1.0735323482487276,-0.007201248435141061,0.9144836579178,1.0,correct
UBFC_A4_L3_C050_SEED101/Eval_On_PURE,PURE,old,805,51,window,1530,1770,51.0,59.0,8.0,52.0,52.0,0.0,0.0,0.0,0.682845369924509,nan,240,0.15846608633793227,1.0721732341126644,0.023685105630622785,0.9242425462694067,1.0,correct
UBFC_A4_L3_C050_SEED101/Eval_On_PURE,PURE,old,805,52,window,1560,1800,52.0,60.0,8.0,51.0,53.0,-2.0,2.0,3.7735849056603774,0.5718007645292612,nan,240,0.15067877275173677,1.093351276768815,0.04610541923842272,0.9333101970856448,1.0,correct
UBFC_A4_L3_C050_SEED101/Eval_On_PURE,PURE,old,805,53,window,1590,1830,53.0,61.0,8.0,52.0,53.0,-1.0,1.0,1.8867924528301887,0.6558518621369207,nan,240,0.11658363975165366,1.1118264422804147,-0.0026514446854876963,0.8909852165872449,1.0,correct
UBFC_A4_L3_C050_SEED101/Eval_On_PURE,PURE,old,805,54,window,1620,1860,54.0,62.0,8.0,53.0,52.0,1.0,1.0,1.9230769230769231,0.5301051551010277,nan,240,0.009563858128681739,1.1256631408190632,-0.0033323010550600236,0.8971612424499393,1.0,correct
UBFC_A4_L3_C050_SEED101/Eval_On_PURE,PURE,old,805,55,window,1650,1890,55.0,63.0,8.0,53.0,52.0,1.0,1.0,1.9230769230769231,0.5772187563436242,nan,240,-0.04662662019699485,1.0867608626361043,0.004677493725774651,0.9119578647018236,1.0,correct
UBFC_A4_L3_C050_SEED101/Eval_On_PURE,PURE,old,805,56,window,1680,1920,56.0,64.0,8.0,54.0,52.0,2.0,2.0,3.8461538461538463,0.589538370638834,nan,240,-0.0737070879332246,1.0602415969646053,0.04204510958377936,0.9546844258956882,1.0,correct
UBFC_A4_L3_C050_SEED101/Eval_On_PURE,PURE,old,806,0,window,0,240,0.0,8.0,8.0,57.0,58.0,-1.0,1.0,1.7241379310344827,0.49397494557916166,nan,240,0.19424451946611074,0.953453188619854,-0.022634562151259672,0.8705615096834255,1.0,correct
UBFC_A4_L3_C050_SEED101/Eval_On_PURE,PURE,old,806,1,window,30,270,1.0,9.0,8.0,54.0,58.0,-4.0,4.0,6.896551724137931,0.4276171016227262,nan,240,0.18829555280553303,0.9644116994948607,0.004157811486164572,0.8635236990804744,1.0,large_error
UBFC_A4_L3_C050_SEED101/Eval_On_PURE,PURE,old,806,2,window,60,300,2.0,10.0,8.0,54.0,58.0,-4.0,4.0,6.896551724137931,0.5076321598562838,nan,240,0.1767325244492927,0.9677490983598003,0.018576194257042416,0.8975439206130587,1.0,large_error
UBFC_A4_L3_C050_SEED101/Eval_On_PURE,PURE,old,806,3,window,90,330,3.0,11.0,8.0,54.0,57.0,-3.0,3.0,5.263157894736842,0.6456948614749264,nan,240,0.15503711365470857,0.9742980985320722,0.009405654827631416,0.8958888062061401,1.0,correct
UBFC_A4_L3_C050_SEED101/Eval_On_PURE,PURE,old,806,4,window,120,360,4.0,12.0,8.0,54.0,55.0,-1.0,1.0,1.8181818181818181,0.7752449013441675,nan,240,0.14512248446217255,0.9941739445778145,0.02272090722525766,0.8864980597483167,1.0,correct
UBFC_A4_L3_C050_SEED101/Eval_On_PURE,PURE,old,806,5,window,150,390,5.0,13.0,8.0,54.0,54.0,0.0,0.0,0.0,0.8135465069612468,nan,240,0.09235609709028571,0.9947204546350374,0.031442418809442776,0.9132399595856613,1.0,correct
UBFC_A4_L3_C050_SEED101/Eval_On_PURE,PURE,old,806,6,window,180,420,6.0,14.0,8.0,53.0,54.0,-1.0,1.0,1.8518518518518516,0.8295929855364268,nan,240,0.027557483407429317,0.9582430983112012,0.014946337751541106,0.9108514240563501,1.0,correct
UBFC_A4_L3_C050_SEED101/Eval_On_PURE,PURE,old,806,7,window,210,450,7.0,15.0,8.0,53.0,53.0,0.0,0.0,0.0,0.8174169411761838,nan,240,-0.019732208865769964,0.9285407616100824,0.01806491120235376,0.9031022682054054,1.0,correct
UBFC_A4_L3_C050_SEED101/Eval_On_PURE,PURE,old,806,8,window,240,480,8.0,16.0,8.0,53.0,53.0,0.0,0.0,0.0,0.8284344574496553,nan,240,0.01818440015357173,0.9286268217950793,-0.0041385925540114886,0.8958332307260888,1.0,correct
UBFC_A4_L3_C050_SEED101/Eval_On_PURE,PURE,old,806,9,window,270,510,9.0,17.0,8.0,53.0,53.0,0.0,0.0,0.0,0.87141327213856,nan,240,0.06873329817428489,0.9335557900038296,-0.021652626038639645,0.9189516025703844,1.0,correct
UBFC_A4_L3_C050_SEED101/Eval_On_PURE,PURE,old,806,10,window,300,540,10.0,18.0,8.0,52.0,53.0,-1.0,1.0,1.8867924528301887,0.8836504413511613,nan,240,0.09617339896888434,0.957175836305388,-0.014757862097413936,0.9120700143592085,1.0,correct
UBFC_A4_L3_C050_SEED101/Eval_On_PURE,PURE,old,806,11,window,330,570,11.0,19.0,8.0,52.0,52.0,0.0,0.0,0.0,0.8762917318517583,nan,240,0.06554584933242029,0.9812907332169696,-0.008845635936303498,0.9281203081706262,1.0,correct
UBFC_A4_L3_C050_SEED101/Eval_On_PURE,PURE,old,806,12,window,360,600,12.0,20.0,8.0,53.0,52.0,1.0,1.0,1.9230769230769231,0.8303716592249255,nan,240,0.011905848232781362,0.9789320231892923,0.013044156747843443,0.8846510853118944,1.0,correct
UBFC_A4_L3_C050_SEED101/Eval_On_PURE,PURE,old,806,13,window,390,630,13.0,21.0,8.0,53.0,52.0,1.0,1.0,1.9230769230769231,0.8451738112315325,nan,240,-0.007985828020795675,0.9665856307088937,0.014090780543581134,0.897537885225404,1.0,correct
UBFC_A4_L3_C050_SEED101/Eval_On_PURE,PURE,old,806,14,window,420,660,14.0,22.0,8.0,52.0,53.0,-1.0,1.0,1.8867924528301887,0.7747254995807696,nan,240,-0.02541282597803957,0.9757533028885643,0.01491053519079389,0.9253291071033021,1.0,correct
UBFC_A4_L3_C050_SEED101/Eval_On_PURE,PURE,old,806,15,window,450,690,15.0,23.0,8.0,52.0,53.0,-1.0,1.0,1.8867924528301887,0.8067231244958509,nan,240,-0.06830938789254869,0.9790292763093321,0.019538339561628173,0.9260503807336423,1.0,correct
UBFC_A4_L3_C050_SEED101/Eval_On_PURE,PURE,old,806,16,window,480,720,16.0,24.0,8.0,53.0,54.0,-1.0,1.0,1.8518518518518516,0.7901087218874914,nan,240,-0.13387817660061477,0.9704808396109595,0.007816492891862249,0.890824460415916,1.0,correct
UBFC_A4_L3_C050_SEED101/Eval_On_PURE,PURE,old,806,17,window,510,750,17.0,25.0,8.0,54.0,55.0,-1.0,1.0,1.8181818181818181,0.7372135330177948,nan,240,-0.1571255225803044,0.9423400182766034,-0.015336084331754861,0.9351343929449225,1.0,correct
UBFC_A4_L3_C050_SEED101/Eval_On_PURE,PURE,old,806,18,window,540,780,18.0,26.0,8.0,56.0,56.0,0.0,0.0,0.0,0.7075729696865231,nan,240,-0.24207624161582275,0.9070706885456588,-0.0016065666685210107,0.900608699542242,1.0,correct
UBFC_A4_L3_C050_SEED101/Eval_On_PURE,PURE,old,806,19,window,570,810,19.0,27.0,8.0,56.0,57.0,-1.0,1.0,1.7543859649122806,0.7665593847037518,nan,240,-0.24801220455379505,0.8586429818247049,-0.0020145244015786694,0.9346471562490187,1.0,correct
UBFC_A4_L3_C050_SEED101/Eval_On_PURE,PURE,old,806,20,window,600,840,20.0,28.0,8.0,58.0,57.0,1.0,1.0,1.7543859649122806,0.7702207317213601,nan,240,-0.2016075929273722,0.8417249112108807,0.00023534416024805586,0.931789327305661,1.0,correct
UBFC_A4_L3_C050_SEED101/Eval_On_PURE,PURE,old,806,21,window,630,870,21.0,29.0,8.0,58.0,57.0,1.0,1.0,1.7543859649122806,0.7446206138172416,nan,240,-0.14081448045391035,0.8712894862280998,-0.0037723494469365628,0.957060180328398,1.0,correct
UBFC_A4_L3_C050_SEED101/Eval_On_PURE,PURE,old,806,22,window,660,900,22.0,30.0,8.0,56.0,56.0,0.0,0.0,0.0,0.7270743525470099,nan,240,-0.1352206336361155,0.8712130509061208,0.0012947140428824998,0.916277475224464,1.0,correct
UBFC_A4_L3_C050_SEED101/Eval_On_PURE,PURE,old,806,23,window,690,930,23.0,31.0,8.0,55.0,55.0,0.0,0.0,0.0,0.7265250562008282,nan,240,-0.1274837733329775,0.8693439935693059,0.04379276271735648,0.9318737046040391,1.0,correct
UBFC_A4_L3_C050_SEED101/Eval_On_PURE,PURE,old,806,24,window,720,960,24.0,32.0,8.0,54.0,54.0,0.0,0.0,0.0,0.7540716346690645,nan,240,-0.13026869785238046,0.868206953148842,0.035614436001108044,0.915479154848015,1.0,correct
UBFC_A4_L3_C050_SEED101/Eval_On_PURE,PURE,old,806,25,window,750,990,25.0,33.0,8.0,56.0,54.0,2.0,2.0,3.7037037037037033,0.6224336616297345,nan,240,-0.10746312379428903,0.9114418204117616,-0.008044160990194097,0.9264582877860617,1.0,correct
UBFC_A4_L3_C050_SEED101/Eval_On_PURE,PURE,old,806,26,window,780,1020,26.0,34.0,8.0,53.0,54.0,-1.0,1.0,1.8518518518518516,0.6043051697889792,nan,240,-0.007758144659544321,0.9261082764316846,-0.004912596125135431,0.9310042422280871,1.0,correct
UBFC_A4_L3_C050_SEED101/Eval_On_PURE,PURE,old,806,27,window,810,1050,27.0,35.0,8.0,52.0,55.0,-3.0,3.0,5.454545454545454,0.6438055624824758,nan,240,0.042212796999196035,0.9481870942310966,0.023244843422534803,0.9357472414252808,1.0,correct
UBFC_A4_L3_C050_SEED101/Eval_On_PURE,PURE,old,806,28,window,840,1080,28.0,36.0,8.0,97.0,55.0,42.0,42.0,76.36363636363637,0.5414628428021835,nan,240,0.04412789069196766,0.9658658539383063,0.03274632825569306,0.9323143881627498,1.0,super_harmonic_2x
UBFC_A4_L3_C050_SEED101/Eval_On_PURE,PURE,old,806,29,window,870,1110,29.0,37.0,8.0,57.0,55.0,2.0,2.0,3.6363636363636362,0.5199980607313102,nan,240,0.02735427068780757,0.9660363124633355,-0.02319214186688629,0.8878233252653596,1.0,correct
UBFC_A4_L3_C050_SEED101/Eval_On_PURE,PURE,old,806,30,window,900,1140,30.0,38.0,8.0,74.0,55.0,19.0,19.0,34.54545454545455,0.4097919374611189,nan,240,0.07666781506102299,0.9736738485539075,-0.012718637275086781,0.9318251126848536,1.0,super_harmonic_1p5x
UBFC_A4_L3_C050_SEED101/Eval_On_PURE,PURE,old,806,31,window,930,1170,31.0,39.0,8.0,74.0,55.0,19.0,19.0,34.54545454545455,0.5504142010647699,nan,240,0.12743458454320494,0.9835276220015801,-0.017708626172898752,0.931358143502663,1.0,super_harmonic_1p5x
UBFC_A4_L3_C050_SEED101/Eval_On_PURE,PURE,old,806,32,window,960,1200,32.0,40.0,8.0,105.0,54.0,51.0,51.0,94.44444444444444,0.4964287388359676,nan,240,0.17819035996900112,0.9825658165315072,0.007183950797510193,0.9033718784569053,1.0,super_harmonic_2x
UBFC_A4_L3_C050_SEED101/Eval_On_PURE,PURE,old,806,33,window,990,1230,33.0,41.0,8.0,53.0,54.0,-1.0,1.0,1.8518518518518516,0.736383535586466,nan,240,0.18638979814990667,0.9888351437773122,0.00983219807113167,0.9226021640297754,1.0,correct
UBFC_A4_L3_C050_SEED101/Eval_On_PURE,PURE,old,806,34,window,1020,1260,34.0,42.0,8.0,53.0,54.0,-1.0,1.0,1.8518518518518516,0.7587577181681862,nan,240,0.15824205841426273,1.006156604091858,0.010797671835744578,0.9093497746870551,1.0,correct
UBFC_A4_L3_C050_SEED101/Eval_On_PURE,PURE,old,806,35,window,1050,1290,35.0,43.0,8.0,52.0,53.0,-1.0,1.0,1.8867924528301887,0.7096808154916215,nan,240,0.07683627237659348,1.0364489035334725,-0.008809150399351238,0.8750198955918151,1.0,correct
UBFC_A4_L3_C050_SEED101/Eval_On_PURE,PURE,old,806,36,window,1080,1320,36.0,44.0,8.0,53.0,52.0,1.0,1.0,1.9230769230769231,0.7766639091370129,nan,240,0.022287429282509073,1.043288309638436,0.007214969202223079,0.9106947537390686,1.0,correct
UBFC_A4_L3_C050_SEED101/Eval_On_PURE,PURE,old,806,37,window,1110,1350,37.0,45.0,8.0,52.0,52.0,0.0,0.0,0.0,0.8061690131866776,nan,240,-0.003344799422981544,1.0394798142783872,0.03182792886651597,0.9135761541971843,1.0,correct
UBFC_A4_L3_C050_SEED101/Eval_On_PURE,PURE,old,806,38,window,1140,1380,38.0,46.0,8.0,52.0,52.0,0.0,0.0,0.0,0.7829313981299829,nan,240,-0.02871317077524669,1.0242474838311826,0.020462684733633753,0.9235223786448844,1.0,correct
UBFC_A4_L3_C050_SEED101/Eval_On_PURE,PURE,old,806,39,window,1170,1410,39.0,47.0,8.0,53.0,53.0,0.0,0.0,0.0,0.8427579316274018,nan,240,-0.000198371415155373,1.0235006481354776,-0.02387356100262274,0.9288846903508682,1.0,correct
UBFC_A4_L3_C050_SEED101/Eval_On_PURE,PURE,old,806,40,window,1200,1440,40.0,48.0,8.0,53.0,53.0,0.0,0.0,0.0,0.8753732989786034,nan,240,0.021587356143705112,1.0410089606614357,-0.02612045835187179,0.9173582915691515,1.0,correct
UBFC_A4_L3_C050_SEED101/Eval_On_PURE,PURE,old,806,41,window,1230,1470,41.0,49.0,8.0,53.0,53.0,0.0,0.0,0.0,0.8777252728793363,nan,240,-0.029949824795007556,1.0370430832529791,-0.0010521437421728693,0.9208271112708586,1.0,correct
UBFC_A4_L3_C050_SEED101/Eval_On_PURE,PURE,old,806,42,window,1260,1500,42.0,50.0,8.0,53.0,53.0,0.0,0.0,0.0,0.8688018288756558,nan,240,-0.08280180030476986,1.037410745915441,0.02453254795778787,0.9081785046912031,1.0,correct
UBFC_A4_L3_C050_SEED101/Eval_On_PURE,PURE,old,806,43,window,1290,1530,43.0,51.0,8.0,53.0,53.0,0.0,0.0,0.0,0.8553065607042274,nan,240,-0.036785999984244235,1.0204262247377276,0.01761117043699812,0.8770448379950186,1.0,correct
UBFC_A4_L3_C050_SEED101/Eval_On_PURE,PURE,old,806,44,window,1320,1560,44.0,52.0,8.0,53.0,53.0,0.0,0.0,0.0,0.8016868932311948,nan,240,-0.008561892932210213,1.0363362637899933,-0.007131793092774567,0.9130945093081069,1.0,correct
UBFC_A4_L3_C050_SEED101/Eval_On_PURE,PURE,old,806,45,window,1350,1590,45.0,53.0,8.0,52.0,52.0,0.0,0.0,0.0,0.8224913227341223,nan,240,-0.0343572592485669,1.042252433894789,0.019696882231950662,0.9299120753870044,1.0,correct
UBFC_A4_L3_C050_SEED101/Eval_On_PURE,PURE,old,806,46,window,1380,1620,46.0,54.0,8.0,52.0,52.0,0.0,0.0,0.0,0.7767141054130026,nan,240,-0.044150244526913164,1.061196699878477,0.033432818092627034,0.9309803414082544,1.0,correct
UBFC_A4_L3_C050_SEED101/Eval_On_PURE,PURE,old,806,47,window,1410,1650,47.0,55.0,8.0,53.0,53.0,0.0,0.0,0.0,0.832623488659908,nan,240,-0.08466298765656098,1.0466902632175128,-0.0033839173333461686,0.9266214592726651,1.0,correct
UBFC_A4_L3_C050_SEED101/Eval_On_PURE,PURE,old,806,48,window,1440,1680,48.0,56.0,8.0,53.0,54.0,-1.0,1.0,1.8518518518518516,0.8370162644669192,nan,240,-0.10839005278472381,1.0286864295479745,-0.028251189200020545,0.9327178379507634,1.0,correct
UBFC_A4_L3_C050_SEED101/Eval_On_PURE,PURE,old,806,49,window,1470,1710,49.0,57.0,8.0,53.0,53.0,0.0,0.0,0.0,0.7582999966927856,nan,240,-0.08248427304188242,1.0270504800752542,-0.0008306749765157884,0.9366366667224671,1.0,correct
UBFC_A4_L3_C050_SEED101/Eval_On_PURE,PURE,old,806,50,window,1500,1740,50.0,58.0,8.0,53.0,53.0,0.0,0.0,0.0,0.7576737301893254,nan,240,-0.04525615202665741,1.032191558655641,0.021310770424510697,0.9401369595929103,1.0,correct
UBFC_A4_L3_C050_SEED101/Eval_On_PURE,PURE,old,806,51,window,1530,1770,51.0,59.0,8.0,53.0,53.0,0.0,0.0,0.0,0.7538512258509777,nan,240,-0.014047808852379136,1.0508111238475153,0.021075586132832825,0.8821888709971408,1.0,correct
UBFC_A4_L3_C050_SEED101/Eval_On_PURE,PURE,old,806,52,window,1560,1800,52.0,60.0,8.0,54.0,54.0,0.0,0.0,0.0,0.7273232442624453,nan,240,0.007226044898476094,1.077869659559676,0.03438271230429924,0.9024547743449277,1.0,correct
UBFC_A4_L3_C050_SEED101/Eval_On_PURE,PURE,old,806,53,window,1590,1830,53.0,61.0,8.0,54.0,53.0,1.0,1.0,1.8867924528301887,0.7459459792233143,nan,240,-0.003123145060395364,1.0809714291296466,0.015170871809041404,0.9098103456643292,1.0,correct
UBFC_A4_L3_C050_SEED101/Eval_On_PURE,PURE,old,806,54,window,1620,1860,54.0,62.0,8.0,104.0,52.0,52.0,52.0,100.0,0.5644118717710265,nan,240,-0.0356424999046013,1.0904012245758432,0.04445188548558619,0.8880233507516541,1.0,super_harmonic_2x
UBFC_A4_L3_C050_SEED101/Eval_On_PURE,PURE,old,806,55,window,1650,1890,55.0,63.0,8.0,53.0,52.0,1.0,1.0,1.9230769230769231,0.6423643952644341,nan,240,-0.04348480857650135,1.0784189529230805,-0.0038999621776936314,0.9097217349719076,1.0,correct
UBFC_A4_L3_C050_SEED101/Eval_On_PURE,PURE,old,806,56,window,1680,1920,56.0,64.0,8.0,53.0,53.0,0.0,0.0,0.0,0.756555809892641,nan,240,-0.01694054605374323,1.0925824659356291,-0.004512276965884364,0.913219604350295,1.0,correct
UBFC_A4_L3_C050_SEED101/Eval_On_PURE,PURE,old,901,0,window,0,240,0.0,8.0,8.0,91.0,46.0,45.0,45.0,97.82608695652173,0.606855485825891,nan,240,-0.14602740517038706,0.7807312278681893,0.011167816656776254,0.9065249453038254,1.0,super_harmonic_2x
UBFC_A4_L3_C050_SEED101/Eval_On_PURE,PURE,old,901,1,window,30,270,1.0,9.0,8.0,91.0,46.0,45.0,45.0,97.82608695652173,0.6630997828087716,nan,240,-0.16934517783377814,0.7584581551109376,-0.0035052467951951077,0.8809165660707897,1.0,super_harmonic_2x
UBFC_A4_L3_C050_SEED101/Eval_On_PURE,PURE,old,901,2,window,60,300,2.0,10.0,8.0,91.0,46.0,45.0,45.0,97.82608695652173,0.6727793657761497,nan,240,-0.1075832290424839,0.7799222763336352,-0.0247283164169351,0.9118153446511997,1.0,super_harmonic_2x
UBFC_A4_L3_C050_SEED101/Eval_On_PURE,PURE,old,901,3,window,90,330,3.0,11.0,8.0,91.0,46.0,45.0,45.0,97.82608695652173,0.5732448288679345,nan,240,-0.04397342095353951,0.7938905063693225,0.02618525608809,0.9408503908324412,1.0,super_harmonic_2x
UBFC_A4_L3_C050_SEED101/Eval_On_PURE,PURE,old,901,4,window,120,360,4.0,12.0,8.0,92.0,46.0,46.0,46.0,100.0,0.6189242032235182,nan,240,-0.010364498465858596,0.8170667351443452,0.013990312236152314,0.8569044167395388,1.0,super_harmonic_2x
UBFC_A4_L3_C050_SEED101/Eval_On_PURE,PURE,old,901,5,window,150,390,5.0,13.0,8.0,91.0,46.0,45.0,45.0,97.82608695652173,0.5639280026487972,nan,240,-0.03253292096766237,0.8153226760036095,0.02306492915342439,0.9134224713951845,1.0,super_harmonic_2x
UBFC_A4_L3_C050_SEED101/Eval_On_PURE,PURE,old,901,6,window,180,420,6.0,14.0,8.0,91.0,47.0,44.0,44.0,93.61702127659575,0.7605029089636781,nan,240,-0.001960795576438266,0.8335632115833383,-0.030736189728456858,0.9168283647176735,1.0,super_harmonic_2x
UBFC_A4_L3_C050_SEED101/Eval_On_PURE,PURE,old,901,7,window,210,450,7.0,15.0,8.0,91.0,47.0,44.0,44.0,93.61702127659575,0.7250722138088159,nan,240,0.030957797039067998,0.8361164560769478,-0.0025324576232811963,0.8610025755673975,1.0,super_harmonic_2x
UBFC_A4_L3_C050_SEED101/Eval_On_PURE,PURE,old,901,8,window,240,480,8.0,16.0,8.0,93.0,46.0,47.0,47.0,102.17391304347827,0.6911785393166995,nan,240,0.03754112295750255,0.8546873684855014,0.01942264706125578,0.8687480066190719,1.0,super_harmonic_2x
UBFC_A4_L3_C050_SEED101/Eval_On_PURE,PURE,old,901,9,window,270,510,9.0,17.0,8.0,92.0,46.0,46.0,46.0,100.0,0.7035852033813399,nan,240,0.016019843814542998,0.8672927961434457,0.010593672744477506,0.8789406831925644,1.0,super_harmonic_2x
UBFC_A4_L3_C050_SEED101/Eval_On_PURE,PURE,old,901,10,window,300,540,10.0,18.0,8.0,94.0,47.0,47.0,47.0,100.0,0.734169190106364,nan,240,-0.05414777088950466,0.8352401681599172,-0.010343210110296933,0.8627548664154415,1.0,super_harmonic_2x
UBFC_A4_L3_C050_SEED101/Eval_On_PURE,PURE,old,901,11,window,330,570,11.0,19.0,8.0,91.0,46.0,45.0,45.0,97.82608695652173,0.7377595170706022,nan,240,-0.047256577478313584,0.8181791599375936,-0.00907653408369871,0.8634305402871683,1.0,super_harmonic_2x
UBFC_A4_L3_C050_SEED101/Eval_On_PURE,PURE,old,901,12,window,360,600,12.0,20.0,8.0,91.0,46.0,45.0,45.0,97.82608695652173,0.6745011328911606,nan,240,-0.018159664121987825,0.8266572856250336,0.030580474306631925,0.9214553754075725,1.0,super_harmonic_2x
UBFC_A4_L3_C050_SEED101/Eval_On_PURE,PURE,old,901,13,window,390,630,13.0,21.0,8.0,90.0,45.0,45.0,45.0,100.0,0.6988391503154912,nan,240,-0.018928187756934813,0.8296334118854768,0.00724291120937361,0.8777235397312587,1.0,super_harmonic_2x
UBFC_A4_L3_C050_SEED101/Eval_On_PURE,PURE,old,901,14,window,420,660,14.0,22.0,8.0,90.0,45.0,45.0,45.0,100.0,0.7012022990025824,nan,240,-0.018736465811392426,0.8228098856163976,0.005450505503479092,0.8684452737389555,1.0,super_harmonic_2x
UBFC_A4_L3_C050_SEED101/Eval_On_PURE,PURE,old,901,15,window,450,690,15.0,23.0,8.0,90.0,45.0,45.0,45.0,100.0,0.6888831027844294,nan,240,0.0061661210230005295,0.8247316504549077,-0.02515627679711465,0.8971543659036458,1.0,super_harmonic_2x
UBFC_A4_L3_C050_SEED101/Eval_On_PURE,PURE,old,901,16,window,480,720,16.0,24.0,8.0,90.0,45.0,45.0,45.0,100.0,0.634412590559105,nan,240,0.0451540546141993,0.8492550712596714,0.029411367242317174,0.92815746346377,1.0,super_harmonic_2x
UBFC_A4_L3_C050_SEED101/Eval_On_PURE,PURE,old,901,17,window,510,750,17.0,25.0,8.0,90.0,44.0,46.0,46.0,104.54545454545455,0.6479380165455967,nan,240,0.027660899350962068,0.8423521689488743,0.006795210929996341,0.8816845423257382,1.0,super_harmonic_2x
UBFC_A4_L3_C050_SEED101/Eval_On_PURE,PURE,old,901,18,window,540,780,18.0,26.0,8.0,89.0,45.0,44.0,44.0,97.77777777777777,0.7402413138824839,nan,240,0.09298769851534346,0.8685566509835937,0.01543376643164063,0.8604627404183189,1.0,super_harmonic_2x
UBFC_A4_L3_C050_SEED101/Eval_On_PURE,PURE,old,901,19,window,570,810,19.0,27.0,8.0,89.0,45.0,44.0,44.0,97.77777777777777,0.7167420993218105,nan,240,0.09425319422414531,0.8781496470230429,-0.01791826840754266,0.871776159290305,1.0,super_harmonic_2x
UBFC_A4_L3_C050_SEED101/Eval_On_PURE,PURE,old,901,20,window,600,840,20.0,28.0,8.0,90.0,44.0,46.0,46.0,104.54545454545455,0.6723188471036878,nan,240,0.08256142725161877,0.8929151947009553,0.02116629616731369,0.8775396706132707,1.0,super_harmonic_2x
UBFC_A4_L3_C050_SEED101/Eval_On_PURE,PURE,old,901,21,window,630,870,21.0,29.0,8.0,90.0,44.0,46.0,46.0,104.54545454545455,0.6326260890138181,nan,240,0.08789921486513941,0.8989176333296223,0.019931643483289508,0.9099422012466298,1.0,super_harmonic_2x
UBFC_A4_L3_C050_SEED101/Eval_On_PURE,PURE,old,901,22,window,660,900,22.0,30.0,8.0,88.0,44.0,44.0,44.0,100.0,0.7784155746374493,nan,240,0.09291146777590444,0.9063975042598849,-0.002133670558620125,0.8543094746327042,1.0,super_harmonic_2x
UBFC_A4_L3_C050_SEED101/Eval_On_PURE,PURE,old,901,23,window,690,930,23.0,31.0,8.0,89.0,44.0,45.0,45.0,102.27272727272727,0.7659580196717327,nan,240,0.06742815320544031,0.9236528359538548,-0.006518463555718782,0.8390651556002299,1.0,super_harmonic_2x
UBFC_A4_L3_C050_SEED101/Eval_On_PURE,PURE,old,901,24,window,720,960,24.0,32.0,8.0,90.0,44.0,46.0,46.0,104.54545454545455,0.6222549577701553,nan,240,0.01573062504345199,0.9086425127582974,0.0029946569670121752,0.8743304854995184,1.0,super_harmonic_2x
UBFC_A4_L3_C050_SEED101/Eval_On_PURE,PURE,old,901,25,window,750,990,25.0,33.0,8.0,89.0,44.0,45.0,45.0,102.27272727272727,0.6722081410037117,nan,240,0.035586606058748416,0.9066178567139391,0.030096918581880187,0.9146028430483194,1.0,super_harmonic_2x
UBFC_A4_L3_C050_SEED101/Eval_On_PURE,PURE,old,901,26,window,780,1020,26.0,34.0,8.0,90.0,45.0,45.0,45.0,100.0,0.7626791599970361,nan,240,0.02670916020491682,0.8986980914042328,-0.014993572063737404,0.8877468113578418,1.0,super_harmonic_2x
UBFC_A4_L3_C050_SEED101/Eval_On_PURE,PURE,old,901,27,window,810,1050,27.0,35.0,8.0,90.0,45.0,45.0,45.0,100.0,0.7674386948452883,nan,240,0.023102759171277066,0.9046075757013776,-0.00456028656208175,0.8553179437291897,1.0,super_harmonic_2x
UBFC_A4_L3_C050_SEED101/Eval_On_PURE,PURE,old,901,28,window,840,1080,28.0,36.0,8.0,91.0,46.0,45.0,45.0,97.82608695652173,0.6502994708065517,nan,240,0.00548429758527119,0.9047348417729674,0.008910105273772053,0.877114914176994,1.0,super_harmonic_2x
UBFC_A4_L3_C050_SEED101/Eval_On_PURE,PURE,old,901,29,window,870,1110,29.0,37.0,8.0,90.0,45.0,45.0,45.0,100.0,0.7373980320785158,nan,240,-0.0029504865069245765,0.902477733131013,0.025232611633859644,0.8980326489444895,1.0,super_harmonic_2x
UBFC_A4_L3_C050_SEED101/Eval_On_PURE,PURE,old,901,30,window,900,1140,30.0,38.0,8.0,90.0,46.0,44.0,44.0,95.65217391304348,0.7794634638292428,nan,240,-0.03483816470194666,0.8919229984757018,-0.016650356016934077,0.8802072327525734,1.0,super_harmonic_2x
UBFC_A4_L3_C050_SEED101/Eval_On_PURE,PURE,old,901,31,window,930,1170,31.0,39.0,8.0,90.0,46.0,44.0,44.0,95.65217391304348,0.7271690572302543,nan,240,-0.014434173006132377,0.8950320758957954,-0.008717589484064576,0.8662817366491163,1.0,super_harmonic_2x
UBFC_A4_L3_C050_SEED101/Eval_On_PURE,PURE,old,901,32,window,960,1200,32.0,40.0,8.0,90.0,46.0,44.0,44.0,95.65217391304348,0.6580452212511536,nan,240,0.02870261039977938,0.9307610166947817,0.022642022008708577,0.9174472299129981,1.0,super_harmonic_2x
UBFC_A4_L3_C050_SEED101/Eval_On_PURE,PURE,old,901,33,window,990,1230,33.0,41.0,8.0,90.0,45.0,45.0,45.0,100.0,0.6781189424218322,nan,240,0.015069740521275765,0.9510709836638539,-0.0035477626971686742,0.9063439504468758,1.0,super_harmonic_2x
UBFC_A4_L3_C050_SEED101/Eval_On_PURE,PURE,old,901,34,window,1020,1260,34.0,42.0,8.0,90.0,46.0,44.0,44.0,95.65217391304348,0.7605746462610556,nan,240,0.009936107334407552,0.9644404620025192,-0.0033051209982120594,0.8519436332087528,1.0,super_harmonic_2x
UBFC_A4_L3_C050_SEED101/Eval_On_PURE,PURE,old,901,35,window,1050,1290,35.0,43.0,8.0,90.0,46.0,44.0,44.0,95.65217391304348,0.7318224096812882,nan,240,0.026913641802125007,0.9678780010214122,-0.021317848207715793,0.886857139931899,1.0,super_harmonic_2x
UBFC_A4_L3_C050_SEED101/Eval_On_PURE,PURE,old,901,36,window,1080,1320,36.0,44.0,8.0,90.0,46.0,44.0,44.0,95.65217391304348,0.64679287749139,nan,240,0.09267557780536513,1.0083367162182673,0.026956902133223846,0.9390843193512849,1.0,super_harmonic_2x
UBFC_A4_L3_C050_SEED101/Eval_On_PURE,PURE,old,901,37,window,1110,1350,37.0,45.0,8.0,90.0,45.0,45.0,45.0,100.0,0.6902212567264262,nan,240,0.11780718402863136,1.041200442319293,-0.0013237402399164358,0.8710634766103624,1.0,super_harmonic_2x
UBFC_A4_L3_C050_SEED101/Eval_On_PURE,PURE,old,901,38,window,1140,1380,38.0,46.0,8.0,90.0,45.0,45.0,45.0,100.0,0.6806646139311835,nan,240,0.13561671321906946,1.074548709903223,0.01855798930114834,0.8757486106286136,1.0,super_harmonic_2x
UBFC_A4_L3_C050_SEED101/Eval_On_PURE,PURE,old,901,39,window,1170,1410,39.0,47.0,8.0,90.0,45.0,45.0,45.0,100.0,0.7188591102597933,nan,240,0.1466812942366392,1.1094245266650464,-0.026915789404728666,0.8921183264212137,1.0,super_harmonic_2x
UBFC_A4_L3_C050_SEED101/Eval_On_PURE,PURE,old,901,40,window,1200,1440,40.0,48.0,8.0,90.0,45.0,45.0,45.0,100.0,0.6655666212666642,nan,240,0.15032630139583214,1.117518192068277,0.02918157792592712,0.9368615418381906,1.0,super_harmonic_2x
UBFC_A4_L3_C050_SEED101/Eval_On_PURE,PURE,old,901,41,window,1230,1470,41.0,49.0,8.0,90.0,45.0,45.0,45.0,100.0,0.7107631733463241,nan,240,0.17710422985453989,1.1492639417053456,0.0023430037727585587,0.8595391130429638,1.0,super_harmonic_2x
UBFC_A4_L3_C050_SEED101/Eval_On_PURE,PURE,old,901,42,window,1260,1500,42.0,50.0,8.0,90.0,45.0,45.0,45.0,100.0,0.6457951399720204,nan,240,0.17379948007310142,1.1718345758973396,0.02972848069696494,0.9077922417352517,1.0,super_harmonic_2x
UBFC_A4_L3_C050_SEED101/Eval_On_PURE,PURE,old,901,43,window,1290,1530,43.0,51.0,8.0,90.0,45.0,45.0,45.0,100.0,0.7560841859803052,nan,240,0.22974139185201964,1.2348451967863605,-0.03256115137235628,0.912498569373084,1.0,super_harmonic_2x
UBFC_A4_L3_C050_SEED101/Eval_On_PURE,PURE,old,901,44,window,1320,1560,44.0,52.0,8.0,90.0,45.0,45.0,45.0,100.0,0.6959801978467992,nan,240,0.21986607580381082,1.2811709139738734,0.028466319922455352,0.9239831833561002,1.0,super_harmonic_2x
UBFC_A4_L3_C050_SEED101/Eval_On_PURE,PURE,old,901,45,window,1350,1590,45.0,53.0,8.0,90.0,45.0,45.0,45.0,100.0,0.7455347122152141,nan,240,0.1684486056373583,1.2956784983683285,-0.012662385178201167,0.873919176923746,1.0,super_harmonic_2x
UBFC_A4_L3_C050_SEED101/Eval_On_PURE,PURE,old,901,46,window,1380,1620,46.0,54.0,8.0,90.0,45.0,45.0,45.0,100.0,0.6568126907249386,nan,240,0.20299814347219686,1.3261303718506918,0.02046608193322439,0.8922074477208608,1.0,super_harmonic_2x
UBFC_A4_L3_C050_SEED101/Eval_On_PURE,PURE,old,901,47,window,1410,1650,47.0,55.0,8.0,89.0,45.0,44.0,44.0,97.77777777777777,0.7476101636367939,nan,240,0.1944517942205649,1.3200063772372905,-0.03126834192549943,0.9149650653294066,1.0,super_harmonic_2x
UBFC_A4_L3_C050_SEED101/Eval_On_PURE,PURE,old,901,48,window,1440,1680,48.0,56.0,8.0,90.0,45.0,45.0,45.0,100.0,0.6861774289567696,nan,240,0.20110742483177285,1.3368604444762662,0.022450935796524497,0.9146122350162985,1.0,super_harmonic_2x
UBFC_A4_L3_C050_SEED101/Eval_On_PURE,PURE,old,901,49,window,1470,1710,49.0,57.0,8.0,90.0,45.0,45.0,45.0,100.0,0.7396177070073715,nan,240,0.1641587453132118,1.3376957457216059,-0.00704693849292037,0.8512456989415568,1.0,super_harmonic_2x
UBFC_A4_L3_C050_SEED101/Eval_On_PURE,PURE,old,901,50,window,1500,1740,50.0,58.0,8.0,90.0,45.0,45.0,45.0,100.0,0.6512897974710466,nan,240,0.13904938668772188,1.3289947976846823,0.03643153412546569,0.9100746016622794,1.0,super_harmonic_2x
UBFC_A4_L3_C050_SEED101/Eval_On_PURE,PURE,old,901,51,window,1530,1770,51.0,59.0,8.0,90.0,45.0,45.0,45.0,100.0,0.7475988991125093,nan,240,0.04921358686725264,1.283601923280434,-0.030139522370568574,0.8839940876154985,1.0,super_harmonic_2x
UBFC_A4_L3_C050_SEED101/Eval_On_PURE,PURE,old,901,52,window,1560,1800,52.0,60.0,8.0,89.0,45.0,44.0,44.0,97.77777777777777,0.6627259988361686,nan,240,-0.04510575824623801,1.2212688711437345,0.017285443238173978,0.8709006195862116,1.0,super_harmonic_2x
UBFC_A4_L3_C050_SEED101/Eval_On_PURE,PURE,old,901,53,window,1590,1830,53.0,61.0,8.0,88.0,44.0,44.0,44.0,100.0,0.7346069905247723,nan,240,-0.04190930191868015,1.198785355017758,0.019246959086655295,0.8798163564158986,1.0,super_harmonic_2x
UBFC_A4_L3_C050_SEED101/Eval_On_PURE,PURE,old,901,54,window,1620,1860,54.0,62.0,8.0,86.0,44.0,42.0,42.0,95.45454545454545,0.6955255279034042,nan,240,-0.10923707620070212,1.1319915352446137,0.01986579281470755,0.8740988833263177,1.0,super_harmonic_2x
UBFC_A4_L3_C050_SEED101/Eval_On_PURE,PURE,old,901,55,window,1650,1890,55.0,63.0,8.0,88.0,44.0,44.0,44.0,100.0,0.7295859965031812,nan,240,-0.18051412625856286,1.0891920369690449,-0.016934505790596476,0.8375996725325774,1.0,super_harmonic_2x
UBFC_A4_L3_C050_SEED101/Eval_On_PURE,PURE,old,901,56,window,1680,1920,56.0,64.0,8.0,89.0,44.0,45.0,45.0,102.27272727272727,0.6298045666638558,nan,240,-0.28386272436365356,1.0359633972658915,0.011793244199218508,0.8655855858580496,1.0,super_harmonic_2x
UBFC_A4_L3_C050_SEED101/Eval_On_PURE,PURE,old,902,0,window,0,240,0.0,8.0,8.0,90.0,47.0,43.0,43.0,91.48936170212765,0.4902612297728688,nan,240,-0.03125164868270696,0.6272832233040629,0.010284423806881497,0.8779325788104368,1.0,super_harmonic_2x
UBFC_A4_L3_C050_SEED101/Eval_On_PURE,PURE,old,902,1,window,30,270,1.0,9.0,8.0,92.0,48.0,44.0,44.0,91.66666666666666,0.4323409222470275,nan,240,0.003332584777856349,0.7014052566461032,0.027480016774231626,0.8538549821887768,1.0,super_harmonic_2x
UBFC_A4_L3_C050_SEED101/Eval_On_PURE,PURE,old,902,2,window,60,300,2.0,10.0,8.0,90.0,50.0,40.0,40.0,80.0,0.37417919683389766,nan,240,-0.03731472490943012,0.7502366154095574,0.03878086825624943,0.8632347007005526,1.0,super_harmonic_2x
UBFC_A4_L3_C050_SEED101/Eval_On_PURE,PURE,old,902,3,window,90,330,3.0,11.0,8.0,90.0,50.0,40.0,40.0,80.0,0.3114755193561717,nan,240,-0.14571054742416428,0.8036011140020493,-0.02145800747275748,0.9163578906488877,1.0,super_harmonic_2x
UBFC_A4_L3_C050_SEED101/Eval_On_PURE,PURE,old,902,4,window,120,360,4.0,12.0,8.0,89.0,51.0,38.0,38.0,74.50980392156863,0.33583098465915334,nan,240,-0.25362966092544253,0.8071234201064125,0.023497932273286292,0.8326475176299031,1.0,super_harmonic_2x
UBFC_A4_L3_C050_SEED101/Eval_On_PURE,PURE,old,902,5,window,150,390,5.0,13.0,8.0,51.0,51.0,0.0,0.0,0.0,0.5816453022737069,nan,240,-0.23765576882194794,0.8501026752239598,-0.006878239369797748,0.8831330885735779,1.0,correct
UBFC_A4_L3_C050_SEED101/Eval_On_PURE,PURE,old,902,6,window,180,420,6.0,14.0,8.0,51.0,51.0,0.0,0.0,0.0,0.5755426149573607,nan,240,-0.21435723681220026,0.9299477743488956,0.030305332868765633,0.8657664836146477,1.0,correct
UBFC_A4_L3_C050_SEED101/Eval_On_PURE,PURE,old,902,7,window,210,450,7.0,15.0,8.0,52.0,50.0,2.0,2.0,4.0,0.6988383689982814,nan,240,-0.28034180799978353,0.9909591006842908,-0.020720601712166213,0.8328221794059391,1.0,correct
UBFC_A4_L3_C050_SEED101/Eval_On_PURE,PURE,old,902,8,window,240,480,8.0,16.0,8.0,50.0,51.0,-1.0,1.0,1.9607843137254901,0.6158957833484751,nan,240,-0.2386658477961169,1.0822548242894814,-0.00570293972204727,0.8254956006658777,1.0,correct
UBFC_A4_L3_C050_SEED101/Eval_On_PURE,PURE,old,902,9,window,270,510,9.0,17.0,8.0,52.0,50.0,2.0,2.0,4.0,0.6129755259181647,nan,240,-0.2559902577176326,1.1135419844676155,0.018643250838182208,0.8389285349649409,1.0,correct
UBFC_A4_L3_C050_SEED101/Eval_On_PURE,PURE,old,902,10,window,300,540,10.0,18.0,8.0,48.0,50.0,-2.0,2.0,4.0,0.5123945649423655,nan,240,-0.2879508172530217,1.1107794886025095,-0.02521842642406806,0.7868437533577732,1.0,correct
UBFC_A4_L3_C050_SEED101/Eval_On_PURE,PURE,old,902,11,window,330,570,11.0,19.0,8.0,158.0,50.0,108.0,108.0,216.0,0.31357194396029553,nan,240,-0.1257441286154181,1.1584720813662879,0.002141963346466395,0.7644774225818395,1.0,super_harmonic_2x
UBFC_A4_L3_C050_SEED101/Eval_On_PURE,PURE,old,902,12,window,360,600,12.0,20.0,8.0,157.0,50.0,107.0,107.0,214.0,0.38054277990021135,nan,240,0.029619597312654077,1.1975749602554124,0.02051573038647827,0.8107995797350233,1.0,super_harmonic_2x
UBFC_A4_L3_C050_SEED101/Eval_On_PURE,PURE,old,902,13,window,390,630,13.0,21.0,8.0,163.0,51.0,112.0,112.0,219.60784313725492,0.319227558525292,nan,240,-0.004303986063504502,1.1937615291833539,0.024271010991489924,0.7892029073356344,1.0,super_harmonic_2x
UBFC_A4_L3_C050_SEED101/Eval_On_PURE,PURE,old,902,14,window,420,660,14.0,22.0,8.0,163.0,52.0,111.0,111.0,213.46153846153845,0.21485781729003528,nan,240,-0.047662859203755806,1.1577325543952053,-0.015042593308310577,0.7832265643944322,1.0,super_harmonic_2x
UBFC_A4_L3_C050_SEED101/Eval_On_PURE,PURE,old,902,15,window,450,690,15.0,23.0,8.0,164.0,53.0,111.0,111.0,209.43396226415098,0.3338959443135588,nan,240,-0.01805284180394506,1.1265651483855543,-0.04457841486612857,0.7847656358972542,1.0,super_harmonic_2x
UBFC_A4_L3_C050_SEED101/Eval_On_PURE,PURE,old,902,16,window,480,720,16.0,24.0,8.0,54.0,54.0,0.0,0.0,0.0,0.410206976483042,nan,240,-0.061697148901881174,1.095688448551485,-0.014138023319075462,0.7751524712890113,1.0,correct
UBFC_A4_L3_C050_SEED101/Eval_On_PURE,PURE,old,902,17,window,510,750,17.0,25.0,8.0,55.0,54.0,1.0,1.0,1.8518518518518516,0.5900186673840365,nan,240,-0.06772532955565955,1.0738001148547411,0.04584532053441097,0.7780594727782097,1.0,correct
UBFC_A4_L3_C050_SEED101/Eval_On_PURE,PURE,old,902,18,window,540,780,18.0,26.0,8.0,54.0,54.0,0.0,0.0,0.0,0.5311854744586536,nan,240,-0.005654267301370086,1.051759246803758,0.02440351147412671,0.9334986906223322,1.0,correct
UBFC_A4_L3_C050_SEED101/Eval_On_PURE,PURE,old,902,19,window,570,810,19.0,27.0,8.0,89.0,55.0,34.0,34.0,61.81818181818181,0.4370254694616841,nan,240,-0.09856083216127781,1.0261156122864574,0.011184916513919703,0.9103830850924445,1.0,super_harmonic_1p5x
UBFC_A4_L3_C050_SEED101/Eval_On_PURE,PURE,old,902,20,window,600,840,20.0,28.0,8.0,52.0,55.0,-3.0,3.0,5.454545454545454,0.48064720254438176,nan,240,-0.1400365272632618,1.0152562179241131,-0.0012749360918857071,0.8953322158718681,1.0,correct
UBFC_A4_L3_C050_SEED101/Eval_On_PURE,PURE,old,902,21,window,630,870,21.0,29.0,8.0,96.0,56.0,40.0,40.0,71.42857142857143,0.5198040595910854,nan,240,-0.12416661213813646,1.0724383486124265,0.011154594498653466,0.9092288383285182,1.0,super_harmonic_2x
UBFC_A4_L3_C050_SEED101/Eval_On_PURE,PURE,old,902,22,window,660,900,22.0,30.0,8.0,56.0,56.0,0.0,0.0,0.0,0.5706546767610999,nan,240,-0.12549217074974595,1.1080315138286827,-0.014949558107259871,0.8693075665032339,1.0,correct
UBFC_A4_L3_C050_SEED101/Eval_On_PURE,PURE,old,902,23,window,690,930,23.0,31.0,8.0,57.0,56.0,1.0,1.0,1.7857142857142856,0.544231492815636,nan,240,-0.13631157271394986,1.1203345916283547,-0.016232258015950206,0.8748798673059721,1.0,correct
UBFC_A4_L3_C050_SEED101/Eval_On_PURE,PURE,old,902,24,window,720,960,24.0,32.0,8.0,75.0,56.0,19.0,19.0,33.92857142857143,0.5702713433981311,nan,240,-0.03649521125056589,1.1864694374705669,-0.015872365441157697,0.9178550666422062,1.0,super_harmonic_1p5x
UBFC_A4_L3_C050_SEED101/Eval_On_PURE,PURE,old,902,25,window,750,990,25.0,33.0,8.0,54.0,55.0,-1.0,1.0,1.8181818181818181,0.5807492872200155,nan,240,0.06568825295928629,1.2494598926472549,-0.005160390125251318,0.8677197205047813,1.0,correct
UBFC_A4_L3_C050_SEED101/Eval_On_PURE,PURE,old,902,26,window,780,1020,26.0,34.0,8.0,54.0,54.0,0.0,0.0,0.0,0.7920916607205847,nan,240,0.08694344216545177,1.3319430150895293,0.0009980340899423679,0.859780992765668,1.0,correct
UBFC_A4_L3_C050_SEED101/Eval_On_PURE,PURE,old,902,27,window,810,1050,27.0,35.0,8.0,53.0,53.0,0.0,0.0,0.0,0.8663966993481461,nan,240,0.13744573481279695,1.4989947547848195,0.012513215522356565,0.8979128983623712,1.0,correct
UBFC_A4_L3_C050_SEED101/Eval_On_PURE,PURE,old,902,28,window,840,1080,28.0,36.0,8.0,53.0,52.0,1.0,1.0,1.9230769230769231,0.8229653936531306,nan,240,0.1648126174676537,1.4517122719842956,0.03427019089952866,0.8665723763913491,1.0,correct
UBFC_A4_L3_C050_SEED101/Eval_On_PURE,PURE,old,902,29,window,870,1110,29.0,37.0,8.0,52.0,52.0,0.0,0.0,0.0,0.839256426136156,nan,240,0.17159229498557155,1.3954726804172002,-0.008339791557323247,0.8266142285430886,1.0,correct
UBFC_A4_L3_C050_SEED101/Eval_On_PURE,PURE,old,902,30,window,900,1140,30.0,38.0,8.0,52.0,52.0,0.0,0.0,0.0,0.7584912553639814,nan,240,0.19246505237027225,1.347657259008735,-0.002643412345349905,0.9129062518720005,1.0,correct
UBFC_A4_L3_C050_SEED101/Eval_On_PURE,PURE,old,902,31,window,930,1170,31.0,39.0,8.0,52.0,52.0,0.0,0.0,0.0,0.7378733423384782,nan,240,0.22353713513145107,1.3055371061019143,0.03211169808477857,0.9064208990665545,1.0,correct
UBFC_A4_L3_C050_SEED101/Eval_On_PURE,PURE,old,902,32,window,960,1200,32.0,40.0,8.0,52.0,53.0,-1.0,1.0,1.8867924528301887,0.7367980562553147,nan,240,0.12904974167208422,1.2222579911037301,0.01299862806546739,0.9120125787333186,1.0,correct
UBFC_A4_L3_C050_SEED101/Eval_On_PURE,PURE,old,902,33,window,990,1230,33.0,41.0,8.0,53.0,53.0,0.0,0.0,0.0,0.6892391479969101,nan,240,0.04106877565096201,1.1055606293276208,-0.024504665286628917,0.9117900502384148,1.0,correct
UBFC_A4_L3_C050_SEED101/Eval_On_PURE,PURE,old,902,34,window,1020,1260,34.0,42.0,8.0,105.0,53.0,52.0,52.0,98.11320754716981,0.6182894764541205,nan,240,0.006914644913208779,0.9906514584812113,-0.010402614267994704,0.895455790192529,1.0,super_harmonic_2x
UBFC_A4_L3_C050_SEED101/Eval_On_PURE,PURE,old,902,35,window,1050,1290,35.0,43.0,8.0,53.0,54.0,-1.0,1.0,1.8518518518518516,0.7320274270728727,nan,240,-0.02660071940452877,0.616789149458455,0.017172414237252347,0.9337828865182493,1.0,correct
UBFC_A4_L3_C050_SEED101/Eval_On_PURE,PURE,old,902,36,window,1080,1320,36.0,44.0,8.0,53.0,54.0,-1.0,1.0,1.8518518518518516,0.7620804051915542,nan,240,-0.04650373473158457,0.6164253037017312,-0.0025358540116017236,0.8987119331144909,1.0,correct
UBFC_A4_L3_C050_SEED101/Eval_On_PURE,PURE,old,902,37,window,1110,1350,37.0,45.0,8.0,53.0,55.0,-2.0,2.0,3.6363636363636362,0.6145469588217338,nan,240,-0.030772692157773673,0.6145992574561522,-0.022683448345292272,0.8931175824522656,1.0,correct
UBFC_A4_L3_C050_SEED101/Eval_On_PURE,PURE,old,902,38,window,1140,1380,38.0,46.0,8.0,52.0,56.0,-4.0,4.0,7.142857142857142,0.5879970629272228,nan,240,0.01405155846602391,0.646882832660469,0.026114121566112782,0.9051338018134371,1.0,large_error
UBFC_A4_L3_C050_SEED101/Eval_On_PURE,PURE,old,902,39,window,1170,1410,39.0,47.0,8.0,52.0,56.0,-4.0,4.0,7.142857142857142,0.5227750476915666,nan,240,0.0472318069934087,0.6574270042436965,0.0391668793198495,0.908332053117413,1.0,large_error
UBFC_A4_L3_C050_SEED101/Eval_On_PURE,PURE,old,902,40,window,1200,1440,40.0,48.0,8.0,54.0,56.0,-2.0,2.0,3.571428571428571,0.4868332286842275,nan,240,0.06205319886908615,0.6642480026859018,-0.01092359797408875,0.8533367603435394,1.0,correct
UBFC_A4_L3_C050_SEED101/Eval_On_PURE,PURE,old,902,41,window,1230,1470,41.0,49.0,8.0,55.0,55.0,0.0,0.0,0.0,0.5669267371619171,nan,240,0.08806435894249934,0.6696942165094666,-0.03647366811563001,0.8610523441542787,1.0,correct
UBFC_A4_L3_C050_SEED101/Eval_On_PURE,PURE,old,902,42,window,1260,1500,42.0,50.0,8.0,68.0,55.0,13.0,13.0,23.636363636363637,0.40755611896789107,nan,240,0.09298439814762924,0.6645666889260214,0.0047718890997980505,0.8368711834873509,1.0,large_error
UBFC_A4_L3_C050_SEED101/Eval_On_PURE,PURE,old,902,43,window,1290,1530,43.0,51.0,8.0,99.0,54.0,45.0,45.0,83.33333333333334,0.39215230419588837,nan,240,0.14167839037594207,0.6795007290211377,-0.019609286461924728,0.8471331640316448,1.0,super_harmonic_2x
UBFC_A4_L3_C050_SEED101/Eval_On_PURE,PURE,old,902,44,window,1320,1560,44.0,52.0,8.0,66.0,53.0,13.0,13.0,24.528301886792452,0.3915480652549103,nan,240,0.12192193645525778,0.6614621899449574,0.016340205239394674,0.8134966331994955,1.0,large_error
UBFC_A4_L3_C050_SEED101/Eval_On_PURE,PURE,old,902,45,window,1350,1590,45.0,53.0,8.0,52.0,52.0,0.0,0.0,0.0,0.7103015400237072,nan,240,0.22215148516032937,0.7671675325817965,0.00933429773368945,0.8908982264269495,1.0,correct
UBFC_A4_L3_C050_SEED101/Eval_On_PURE,PURE,old,902,46,window,1380,1620,46.0,54.0,8.0,52.0,51.0,1.0,1.0,1.9607843137254901,0.45894402809993756,nan,240,0.10987101649127921,0.922894597861297,0.009105733021377549,0.8566834828678066,1.0,correct
UBFC_A4_L3_C050_SEED101/Eval_On_PURE,PURE,old,902,47,window,1410,1650,47.0,55.0,8.0,52.0,52.0,0.0,0.0,0.0,0.5376849529412512,nan,240,0.06585220300708995,0.9321180627681812,0.013495512060845509,0.8202592941031386,1.0,correct
UBFC_A4_L3_C050_SEED101/Eval_On_PURE,PURE,old,902,48,window,1440,1680,48.0,56.0,8.0,53.0,52.0,1.0,1.0,1.9230769230769231,0.560010058054909,nan,240,0.06139881815880548,0.9309635341588799,0.01579794935881605,0.8104536703998029,1.0,correct
UBFC_A4_L3_C050_SEED101/Eval_On_PURE,PURE,old,902,49,window,1470,1710,49.0,57.0,8.0,55.0,53.0,2.0,2.0,3.7735849056603774,0.502276849585348,nan,240,0.06293978300205283,0.9429252979562132,0.02601190652021497,0.7628092930160217,1.0,correct
UBFC_A4_L3_C050_SEED101/Eval_On_PURE,PURE,old,902,50,window,1500,1740,50.0,58.0,8.0,53.0,57.0,-4.0,4.0,7.017543859649122,0.2501664586038822,nan,240,0.09705393169351577,0.9824254647211262,0.006403189569383513,0.806596251573592,1.0,large_error
UBFC_A4_L3_C050_SEED101/Eval_On_PURE,PURE,old,902,51,window,1530,1770,51.0,59.0,8.0,105.0,59.0,46.0,46.0,77.96610169491525,0.37511232795985555,nan,240,0.09920633794881253,1.0072350604381697,-0.01251903123987392,0.7988908957127638,1.0,super_harmonic_2x
UBFC_A4_L3_C050_SEED101/Eval_On_PURE,PURE,old,902,52,window,1560,1800,52.0,60.0,8.0,106.0,59.0,47.0,47.0,79.66101694915254,0.2682303418191138,nan,240,0.041832811263346294,1.0466532044075416,-0.022216000545509852,0.8056338105152179,1.0,super_harmonic_2x
UBFC_A4_L3_C050_SEED101/Eval_On_PURE,PURE,old,902,53,window,1590,1830,53.0,61.0,8.0,105.0,58.0,47.0,47.0,81.03448275862068,0.12701983910095213,nan,240,-0.035212237066956704,0.9896882973876548,0.020223154724653133,0.7755531978391491,1.0,super_harmonic_2x
UBFC_A4_L3_C050_SEED101/Eval_On_PURE,PURE,old,902,54,window,1620,1860,54.0,62.0,8.0,104.0,56.0,48.0,48.0,85.71428571428571,0.24989169557510593,nan,240,0.08961526015228391,0.8889387312007411,-0.0021810643968848205,0.8239235861515748,1.0,super_harmonic_2x
UBFC_A4_L3_C050_SEED101/Eval_On_PURE,PURE,old,902,55,window,1650,1890,55.0,63.0,8.0,103.0,51.0,52.0,52.0,101.96078431372548,0.2861979767165405,nan,240,0.13902821947334684,0.9194002146738472,-0.0017375168254041063,0.7483415651235673,1.0,super_harmonic_2x
UBFC_A4_L3_C050_SEED101/Eval_On_PURE,PURE,old,902,56,window,1680,1920,56.0,64.0,8.0,104.0,51.0,53.0,53.0,103.921568627451,0.277960511665724,nan,240,0.14939646308089471,0.9684373434202928,0.004298124573916825,0.743586090689493,1.0,super_harmonic_2x
UBFC_A4_L3_C050_SEED101/Eval_On_PURE,PURE,old,903,0,window,0,240,0.0,8.0,8.0,53.0,52.0,1.0,1.0,1.9230769230769231,0.7646962197168453,nan,240,0.018109178001446142,0.8807103915862962,-0.027052979184723176,0.8943059479235552,1.0,correct
UBFC_A4_L3_C050_SEED101/Eval_On_PURE,PURE,old,903,1,window,30,270,1.0,9.0,8.0,52.0,51.0,1.0,1.0,1.9607843137254901,0.8190701882437107,nan,240,-0.04455357047226607,0.8491930466697896,-0.010394224841583236,0.892852593879397,1.0,correct
UBFC_A4_L3_C050_SEED101/Eval_On_PURE,PURE,old,903,2,window,60,300,2.0,10.0,8.0,52.0,50.0,2.0,2.0,4.0,0.7803803079838321,nan,240,-0.10924742497423393,0.835172831901871,-0.005985588156175647,0.8145370993733544,1.0,correct
UBFC_A4_L3_C050_SEED101/Eval_On_PURE,PURE,old,903,3,window,90,330,3.0,11.0,8.0,98.0,48.0,50.0,50.0,104.16666666666667,0.6657539518030028,nan,240,-0.15290534683887608,0.7985701291401159,-0.001063328180182351,0.8495714113456564,1.0,super_harmonic_2x
UBFC_A4_L3_C050_SEED101/Eval_On_PURE,PURE,old,903,4,window,120,360,4.0,12.0,8.0,48.0,48.0,0.0,0.0,0.0,0.8497451755102245,nan,240,-0.12905820295268008,0.7756502823411725,-0.013725472867752183,0.7386350126038532,1.0,correct
UBFC_A4_L3_C050_SEED101/Eval_On_PURE,PURE,old,903,5,window,150,390,5.0,13.0,8.0,48.0,48.0,0.0,0.0,0.0,0.7886497161416429,nan,240,-0.09796988873123312,0.7758763609896909,-0.012375012516106584,0.7290084421133568,1.0,correct
UBFC_A4_L3_C050_SEED101/Eval_On_PURE,PURE,old,903,6,window,180,420,6.0,14.0,8.0,46.0,48.0,-2.0,2.0,4.166666666666666,0.7361448183477564,nan,240,-0.058800699387142046,0.787633947269256,0.035530820608559624,0.7339849152462516,1.0,correct
UBFC_A4_L3_C050_SEED101/Eval_On_PURE,PURE,old,903,7,window,210,450,7.0,15.0,8.0,97.0,49.0,48.0,48.0,97.95918367346938,0.756749082297223,nan,240,-0.10874289398813325,0.7556643581457895,-0.005755760588490947,0.7882225118057818,1.0,super_harmonic_2x
UBFC_A4_L3_C050_SEED101/Eval_On_PURE,PURE,old,903,8,window,240,480,8.0,16.0,8.0,97.0,48.0,49.0,49.0,102.08333333333333,0.7240206812591877,nan,240,-0.10967595176032345,0.7182859110249146,-0.015280959662765596,0.8199694604574391,1.0,super_harmonic_2x
UBFC_A4_L3_C050_SEED101/Eval_On_PURE,PURE,old,903,9,window,270,510,9.0,17.0,8.0,49.0,48.0,1.0,1.0,2.083333333333333,0.7635789927049742,nan,240,-0.032464890026348045,0.7268326609311755,-0.0032671699942675232,0.7452328064584397,1.0,correct
UBFC_A4_L3_C050_SEED101/Eval_On_PURE,PURE,old,903,10,window,300,540,10.0,18.0,8.0,48.0,48.0,0.0,0.0,0.0,0.7174379036481242,nan,240,0.06738550971972865,0.7306273437627849,-0.0009653774008104595,0.7651411936924009,1.0,correct
UBFC_A4_L3_C050_SEED101/Eval_On_PURE,PURE,old,903,11,window,330,570,11.0,19.0,8.0,47.0,47.0,0.0,0.0,0.0,0.7234410016758802,nan,240,0.11976526759251473,0.7414187431431615,0.022103871193440247,0.7901397760083225,1.0,correct
UBFC_A4_L3_C050_SEED101/Eval_On_PURE,PURE,old,903,12,window,360,600,12.0,20.0,8.0,44.0,47.0,-3.0,3.0,6.382978723404255,0.6801004964003756,nan,240,0.0360261059836449,0.7832310471404482,-0.004560930881859201,0.7757826504130847,1.0,correct
UBFC_A4_L3_C050_SEED101/Eval_On_PURE,PURE,old,903,13,window,390,630,13.0,21.0,8.0,46.0,47.0,-1.0,1.0,2.127659574468085,0.7832036962637231,nan,240,0.015376213312525278,0.7919917644593063,-0.03351985407741402,0.7757126294809191,1.0,correct
UBFC_A4_L3_C050_SEED101/Eval_On_PURE,PURE,old,903,14,window,420,660,14.0,22.0,8.0,47.0,47.0,0.0,0.0,0.0,0.8230239033970582,nan,240,0.04175993836463062,0.8148971667042235,-0.01588629171534711,0.822985167434383,1.0,correct
UBFC_A4_L3_C050_SEED101/Eval_On_PURE,PURE,old,903,15,window,450,690,15.0,23.0,8.0,49.0,47.0,2.0,2.0,4.25531914893617,0.6839713821831914,nan,240,0.0580604788882005,0.8288322657061561,0.013518386931163055,0.803971279151693,1.0,correct
UBFC_A4_L3_C050_SEED101/Eval_On_PURE,PURE,old,903,16,window,480,720,16.0,24.0,8.0,51.0,47.0,4.0,4.0,8.51063829787234,0.7081212676909994,nan,240,0.056005533033233176,0.8792075264285354,0.007508527113584074,0.8535682586191614,1.0,large_error
UBFC_A4_L3_C050_SEED101/Eval_On_PURE,PURE,old,903,17,window,510,750,17.0,25.0,8.0,50.0,48.0,2.0,2.0,4.166666666666666,0.6875220103586595,nan,240,-0.024838033781722793,0.8750665870000467,-0.03643519953693718,0.8691464150314336,1.0,correct
UBFC_A4_L3_C050_SEED101/Eval_On_PURE,PURE,old,903,18,window,540,780,18.0,26.0,8.0,96.0,48.0,48.0,48.0,100.0,0.7128666817043557,nan,240,-0.05977777822548878,0.8564884258794715,0.013719412287091936,0.9213158690498702,1.0,super_harmonic_2x
UBFC_A4_L3_C050_SEED101/Eval_On_PURE,PURE,old,903,19,window,570,810,19.0,27.0,8.0,51.0,49.0,2.0,2.0,4.081632653061225,0.7244635889012025,nan,240,-0.01125735784427626,0.867793777153888,-0.008454507622204632,0.8732279465966781,1.0,correct
UBFC_A4_L3_C050_SEED101/Eval_On_PURE,PURE,old,903,20,window,600,840,20.0,28.0,8.0,51.0,49.0,2.0,2.0,4.081632653061225,0.6967443935771306,nan,240,0.13504718660940895,0.9019663539279061,0.020642338818335836,0.8274989779960134,1.0,correct
UBFC_A4_L3_C050_SEED101/Eval_On_PURE,PURE,old,903,21,window,630,870,21.0,29.0,8.0,50.0,49.0,1.0,1.0,2.0408163265306123,0.5311718168313178,nan,240,0.1595660943255209,0.9106945888189466,0.029870460914555794,0.7928946486937597,1.0,correct
UBFC_A4_L3_C050_SEED101/Eval_On_PURE,PURE,old,903,22,window,660,900,22.0,30.0,8.0,97.0,48.0,49.0,49.0,102.08333333333333,0.6059203742266074,nan,240,0.13606415585086765,0.8884360631653951,-0.04277651043305577,0.8099257033671126,1.0,super_harmonic_2x
UBFC_A4_L3_C050_SEED101/Eval_On_PURE,PURE,old,903,23,window,690,930,23.0,31.0,8.0,96.0,48.0,48.0,48.0,100.0,0.5693223258458866,nan,240,0.12322227850359377,0.9053426149314422,-0.015211640232063284,0.7759604578805063,1.0,super_harmonic_2x
UBFC_A4_L3_C050_SEED101/Eval_On_PURE,PURE,old,903,24,window,720,960,24.0,32.0,8.0,50.0,48.0,2.0,2.0,4.166666666666666,0.5049595089962682,nan,240,0.14523753233920375,0.9124710547196353,0.004505016383352119,0.8173002224688231,1.0,correct
UBFC_A4_L3_C050_SEED101/Eval_On_PURE,PURE,old,903,25,window,750,990,25.0,33.0,8.0,48.0,48.0,0.0,0.0,0.0,0.5208613401054992,nan,240,0.1722589137463743,0.9446385502763461,0.012358530524667266,0.7189487877005873,1.0,correct
UBFC_A4_L3_C050_SEED101/Eval_On_PURE,PURE,old,903,26,window,780,1020,26.0,34.0,8.0,47.0,48.0,-1.0,1.0,2.083333333333333,0.7320754690254127,nan,240,0.17914803357132386,0.9998450675698297,0.04441223168086047,0.7874569161899784,1.0,correct
UBFC_A4_L3_C050_SEED101/Eval_On_PURE,PURE,old,903,27,window,810,1050,27.0,35.0,8.0,51.0,48.0,3.0,3.0,6.25,0.6118646478965677,nan,240,0.11433285559480415,1.0230143277074533,-0.004810004855080748,0.7607611231981738,1.0,correct
UBFC_A4_L3_C050_SEED101/Eval_On_PURE,PURE,old,903,28,window,840,1080,28.0,36.0,8.0,97.0,48.0,49.0,49.0,102.08333333333333,0.6612626834537326,nan,240,0.036376268190840964,0.9824865333440582,-0.01038824070235096,0.8592147254882578,1.0,super_harmonic_2x
UBFC_A4_L3_C050_SEED101/Eval_On_PURE,PURE,old,903,29,window,870,1110,29.0,37.0,8.0,97.0,49.0,48.0,48.0,97.95918367346938,0.6977272108894719,nan,240,0.03295430890616395,0.9762676447447421,0.004312607130803083,0.8701473916680827,1.0,super_harmonic_2x
UBFC_A4_L3_C050_SEED101/Eval_On_PURE,PURE,old,903,30,window,900,1140,30.0,38.0,8.0,97.0,49.0,48.0,48.0,97.95918367346938,0.6893570357915244,nan,240,0.0802764829477547,1.0137576687976697,-0.00962375379699048,0.844272096024961,1.0,super_harmonic_2x
UBFC_A4_L3_C050_SEED101/Eval_On_PURE,PURE,old,903,31,window,930,1170,31.0,39.0,8.0,97.0,49.0,48.0,48.0,97.95918367346938,0.7110188149808557,nan,240,0.10034194580760677,1.0216314859156854,0.04695321738493201,0.9076100303904967,1.0,super_harmonic_2x
UBFC_A4_L3_C050_SEED101/Eval_On_PURE,PURE,old,903,32,window,960,1200,32.0,40.0,8.0,96.0,48.0,48.0,48.0,100.0,0.6519204874693262,nan,240,0.07372501532192587,0.9974620960688165,-0.005230179631527188,0.8396603669621794,1.0,super_harmonic_2x
UBFC_A4_L3_C050_SEED101/Eval_On_PURE,PURE,old,903,33,window,990,1230,33.0,41.0,8.0,96.0,48.0,48.0,48.0,100.0,0.6618365519491891,nan,240,0.052016138665242226,0.9804938693076525,-0.001069988712957782,0.7925016501896082,1.0,super_harmonic_2x
UBFC_A4_L3_C050_SEED101/Eval_On_PURE,PURE,old,903,34,window,1020,1260,34.0,42.0,8.0,97.0,47.0,50.0,50.0,106.38297872340425,0.5827378434147584,nan,240,0.037247366017368846,0.9420877808675987,0.021020995092428954,0.79809719694844,1.0,super_harmonic_2x
UBFC_A4_L3_C050_SEED101/Eval_On_PURE,PURE,old,903,35,window,1050,1290,35.0,43.0,8.0,45.0,47.0,-2.0,2.0,4.25531914893617,0.6486519070423983,nan,240,0.04383376725065653,0.9613353178817472,0.020940134488678035,0.6976515628706451,1.0,correct
UBFC_A4_L3_C050_SEED101/Eval_On_PURE,PURE,old,903,36,window,1080,1320,36.0,44.0,8.0,45.0,47.0,-2.0,2.0,4.25531914893617,0.6215899836138851,nan,240,0.02364674487836549,1.0255022000447516,0.04783007471604098,0.684841909881134,1.0,correct
UBFC_A4_L3_C050_SEED101/Eval_On_PURE,PURE,old,903,37,window,1110,1350,37.0,45.0,8.0,91.0,47.0,44.0,44.0,93.61702127659575,0.4982558200140022,nan,240,-0.04908455377481067,1.023193608298245,-0.007998393193366567,0.6064337031100321,1.0,super_harmonic_2x
UBFC_A4_L3_C050_SEED101/Eval_On_PURE,PURE,old,903,38,window,1140,1380,38.0,46.0,8.0,91.0,47.0,44.0,44.0,93.61702127659575,0.5982306494091445,nan,240,-0.07319204745172939,1.0030771339050626,-0.020056266029988945,0.646025611956609,1.0,super_harmonic_2x
UBFC_A4_L3_C050_SEED101/Eval_On_PURE,PURE,old,903,39,window,1170,1410,39.0,47.0,8.0,89.0,48.0,41.0,41.0,85.41666666666666,0.6217615161773473,nan,240,-0.02306491716530746,1.0278039277489177,-0.0020470754813459464,0.754560950077206,1.0,super_harmonic_2x
UBFC_A4_L3_C050_SEED101/Eval_On_PURE,PURE,old,903,40,window,1200,1440,40.0,48.0,8.0,96.0,48.0,48.0,48.0,100.0,0.6327228602272732,nan,240,0.0253145885966284,1.0786691456139372,0.008113825914552805,0.6199468599741491,1.0,super_harmonic_2x
UBFC_A4_L3_C050_SEED101/Eval_On_PURE,PURE,old,903,41,window,1230,1470,41.0,49.0,8.0,51.0,48.0,3.0,3.0,6.25,0.6871885030708718,nan,240,0.03418560055013868,1.0863947702426484,0.012884284932700323,0.7865259245678246,1.0,correct
UBFC_A4_L3_C050_SEED101/Eval_On_PURE,PURE,old,903,42,window,1260,1500,42.0,50.0,8.0,48.0,48.0,0.0,0.0,0.0,0.730582658058375,nan,240,-0.030011276178152906,1.0743054889675505,-0.005675116309428644,0.6563733053349056,1.0,correct
UBFC_A4_L3_C050_SEED101/Eval_On_PURE,PURE,old,903,43,window,1290,1530,43.0,51.0,8.0,48.0,48.0,0.0,0.0,0.0,0.7808702257318968,nan,240,-0.0038925036555906606,1.0583915297250157,-0.008813004461324932,0.7409078799155046,1.0,correct
UBFC_A4_L3_C050_SEED101/Eval_On_PURE,PURE,old,903,44,window,1320,1560,44.0,52.0,8.0,49.0,47.0,2.0,2.0,4.25531914893617,0.709892298564238,nan,240,0.04677149480762185,1.0385582125282697,0.0013720896963017037,0.6165256555592545,1.0,correct
UBFC_A4_L3_C050_SEED101/Eval_On_PURE,PURE,old,903,45,window,1350,1590,45.0,53.0,8.0,48.0,47.0,1.0,1.0,2.127659574468085,0.728795993288488,nan,240,0.09800328241098018,1.052780587412771,0.029994443304963255,0.7140185786466746,1.0,correct
UBFC_A4_L3_C050_SEED101/Eval_On_PURE,PURE,old,903,46,window,1380,1620,46.0,54.0,8.0,45.0,46.0,-1.0,1.0,2.1739130434782608,0.7631433956590123,nan,240,0.017112389999434086,1.038356278911412,0.024685032933810556,0.7456430312741229,1.0,correct
UBFC_A4_L3_C050_SEED101/Eval_On_PURE,PURE,old,903,47,window,1410,1650,47.0,55.0,8.0,46.0,46.0,0.0,0.0,0.0,0.7607409886464254,nan,240,-0.010468165164964084,1.0208692237650174,-0.016961998352504223,0.7790980924152567,1.0,correct
UBFC_A4_L3_C050_SEED101/Eval_On_PURE,PURE,old,903,48,window,1440,1680,48.0,56.0,8.0,46.0,46.0,0.0,0.0,0.0,0.7990464674622975,nan,240,-0.04336441159134178,0.9857529046018373,-0.025446406921639003,0.7741674947666141,1.0,correct
UBFC_A4_L3_C050_SEED101/Eval_On_PURE,PURE,old,903,49,window,1470,1710,49.0,57.0,8.0,90.0,46.0,44.0,44.0,95.65217391304348,0.699221841216571,nan,240,-0.018271223693157205,1.0262709724730459,0.0234872932777072,0.8045027676877567,1.0,super_harmonic_2x
UBFC_A4_L3_C050_SEED101/Eval_On_PURE,PURE,old,903,50,window,1500,1740,50.0,58.0,8.0,90.0,46.0,44.0,44.0,95.65217391304348,0.6597841750730913,nan,240,0.017467036926505305,1.0579009544911937,-0.000135329103694648,0.8143474468407004,1.0,super_harmonic_2x
UBFC_A4_L3_C050_SEED101/Eval_On_PURE,PURE,old,903,51,window,1530,1770,51.0,59.0,8.0,90.0,46.0,44.0,44.0,95.65217391304348,0.4768991763575119,nan,240,-0.004603685812839808,1.0417783060944414,0.010999142662682785,0.8554117171937523,1.0,super_harmonic_2x
UBFC_A4_L3_C050_SEED101/Eval_On_PURE,PURE,old,903,52,window,1560,1800,52.0,60.0,8.0,90.0,46.0,44.0,44.0,95.65217391304348,0.4927645442462643,nan,240,0.030539877347414982,1.0373052693671068,-0.013641480691022702,0.796419998583704,1.0,super_harmonic_2x
UBFC_A4_L3_C050_SEED101/Eval_On_PURE,PURE,old,903,53,window,1590,1830,53.0,61.0,8.0,92.0,47.0,45.0,45.0,95.74468085106383,0.5013903343339458,nan,240,0.0720220019583136,1.068261048630993,-0.003050331628849867,0.7013371626666906,1.0,super_harmonic_2x
UBFC_A4_L3_C050_SEED101/Eval_On_PURE,PURE,old,903,54,window,1620,1860,54.0,62.0,8.0,94.0,47.0,47.0,47.0,100.0,0.5747671718709407,nan,240,0.14312204276590285,1.1367428782636717,0.024376868751286907,0.7055503905255828,1.0,super_harmonic_2x
UBFC_A4_L3_C050_SEED101/Eval_On_PURE,PURE,old,903,55,window,1650,1890,55.0,63.0,8.0,92.0,47.0,45.0,45.0,95.74468085106383,0.45778403109630905,nan,240,0.06500577573055118,1.1291380723558933,0.005642081025074432,0.663475306537713,1.0,super_harmonic_2x
UBFC_A4_L3_C050_SEED101/Eval_On_PURE,PURE,old,903,56,window,1680,1920,56.0,64.0,8.0,95.0,47.0,48.0,48.0,102.12765957446808,0.7140249838943227,nan,240,0.10777253654816445,1.137877637806046,-0.005315936537655897,0.7321721490585877,1.0,super_harmonic_2x
UBFC_A4_L3_C050_SEED101/Eval_On_PURE,PURE,old,903,57,window,1710,1950,57.0,65.0,8.0,94.0,48.0,46.0,46.0,95.83333333333334,0.693502780690596,nan,240,0.16396265405071614,1.1381964811359286,-0.024411371339091954,0.7337517728199638,1.0,super_harmonic_2x
UBFC_A4_L3_C050_SEED101/Eval_On_PURE,PURE,old,903,58,window,1740,1980,58.0,66.0,8.0,96.0,48.0,48.0,48.0,100.0,0.5875265283357042,nan,240,0.23790069640749087,1.1700894806248308,0.008732675980379316,0.7760405644367628,1.0,super_harmonic_2x
UBFC_A4_L3_C050_SEED101/Eval_On_PURE,PURE,old,903,59,window,1770,2010,59.0,67.0,8.0,48.0,48.0,0.0,0.0,0.0,0.7630575551981034,nan,240,0.22946104369473289,1.2064787478551195,0.041348923620991025,0.8183156116256473,1.0,correct
UBFC_A4_L3_C050_SEED101/Eval_On_PURE,PURE,old,903,60,window,1800,2040,60.0,68.0,8.0,97.0,48.0,49.0,49.0,102.08333333333333,0.6412362670816679,nan,240,0.0950968298742098,1.2076763117500593,-0.03868284215313302,0.8552046533411948,1.0,super_harmonic_2x
UBFC_A4_L3_C050_SEED101/Eval_On_PURE,PURE,old,903,61,window,1830,2070,61.0,69.0,8.0,96.0,48.0,48.0,48.0,100.0,0.7308036618272433,nan,240,0.07383512699678642,1.1941252844392984,-0.0020547511669303372,0.8439639227966522,1.0,super_harmonic_2x
UBFC_A4_L3_C050_SEED101/Eval_On_PURE,PURE,old,903,62,window,1860,2100,62.0,70.0,8.0,96.0,48.0,48.0,48.0,100.0,0.6909369110434779,nan,240,0.09570297517119433,1.1651920018201636,-0.024753178208198074,0.8789841496185603,1.0,super_harmonic_2x
UBFC_A4_L3_C050_SEED101/Eval_On_PURE,PURE,old,903,63,window,1890,2130,63.0,71.0,8.0,97.0,48.0,49.0,49.0,102.08333333333333,0.5998471067555684,nan,240,0.14183681646446983,1.1727299150553383,0.004105181710214686,0.9073115919173608,1.0,super_harmonic_2x
UBFC_A4_L3_C050_SEED101/Eval_On_PURE,PURE,old,903,64,window,1920,2160,64.0,72.0,8.0,97.0,48.0,49.0,49.0,102.08333333333333,0.6368935529367082,nan,240,0.08219334663810775,1.1667852578988234,0.040609773942111065,0.9218581047531856,1.0,super_harmonic_2x
UBFC_A4_L3_C050_SEED101/Eval_On_PURE,PURE,old,903,65,window,1950,2190,65.0,73.0,8.0,97.0,48.0,49.0,49.0,102.08333333333333,0.6414854021177079,nan,240,-0.042211720564148014,1.1115128524449907,-0.025488477119598067,0.8956657905120112,1.0,super_harmonic_2x
UBFC_A4_L3_C050_SEED101/Eval_On_PURE,PURE,old,903,66,window,1980,2220,66.0,74.0,8.0,97.0,48.0,49.0,49.0,102.08333333333333,0.5886785290371473,nan,240,-0.17071133701360325,1.0264788364999986,0.011874963242891612,0.8959538751771969,1.0,super_harmonic_2x
UBFC_A4_L3_C050_SEED101/Eval_On_PURE,PURE,old,904,0,window,0,240,0.0,8.0,8.0,53.0,53.0,0.0,0.0,0.0,0.6067341775488523,nan,240,-0.20610528810594722,1.0288279190501952,0.003864513224778469,0.8897289417958992,1.0,correct
UBFC_A4_L3_C050_SEED101/Eval_On_PURE,PURE,old,904,1,window,30,270,1.0,9.0,8.0,52.0,51.0,1.0,1.0,1.9607843137254901,0.6266264261801401,nan,240,-0.20188685577958035,1.0062949078015464,0.00669183375010316,0.8873685423257985,1.0,correct
UBFC_A4_L3_C050_SEED101/Eval_On_PURE,PURE,old,904,2,window,60,300,2.0,10.0,8.0,51.0,50.0,1.0,1.0,2.0,0.6475759132413641,nan,240,-0.16353594655808262,0.9610605529085637,0.005934292958552915,0.9037036258969541,1.0,correct
UBFC_A4_L3_C050_SEED101/Eval_On_PURE,PURE,old,904,3,window,90,330,3.0,11.0,8.0,51.0,50.0,1.0,1.0,2.0,0.6015811119432536,nan,240,-0.02034434271405378,0.896041313052029,0.018691052850141707,0.8363899800006493,1.0,correct
UBFC_A4_L3_C050_SEED101/Eval_On_PURE,PURE,old,904,4,window,120,360,4.0,12.0,8.0,52.0,49.0,3.0,3.0,6.122448979591836,0.6474575539947127,nan,240,0.060318565088295646,0.8921418576660166,0.005393909175647737,0.8427766533413068,1.0,correct
UBFC_A4_L3_C050_SEED101/Eval_On_PURE,PURE,old,904,5,window,150,390,5.0,13.0,8.0,98.0,49.0,49.0,49.0,100.0,0.558015589846785,nan,240,0.04180066326519539,0.8490562044781738,-0.0046993744769701865,0.8407552747274609,1.0,super_harmonic_2x
UBFC_A4_L3_C050_SEED101/Eval_On_PURE,PURE,old,904,6,window,180,420,6.0,14.0,8.0,97.0,48.0,49.0,49.0,102.08333333333333,0.48150153108804833,nan,240,0.0010116369658993687,0.7604977318130423,-0.011014769830729089,0.6725387912768883,1.0,super_harmonic_2x
UBFC_A4_L3_C050_SEED101/Eval_On_PURE,PURE,old,904,7,window,210,450,7.0,15.0,8.0,48.0,47.0,1.0,1.0,2.127659574468085,0.769273522428584,nan,240,0.022863541447444912,0.6598668835127545,0.001700878049335026,0.71761085956862,1.0,correct
UBFC_A4_L3_C050_SEED101/Eval_On_PURE,PURE,old,904,8,window,240,480,8.0,16.0,8.0,46.0,46.0,0.0,0.0,0.0,0.7187544468518418,nan,240,0.03294524272869411,0.6790113372161573,0.0273734996505484,0.5550802003644729,1.0,correct
UBFC_A4_L3_C050_SEED101/Eval_On_PURE,PURE,old,904,9,window,270,510,9.0,17.0,8.0,51.0,46.0,5.0,5.0,10.869565217391305,0.633016596275586,nan,240,0.03768516812563396,0.6979962453187473,0.00251813847114241,0.7257613212982917,1.0,large_error
UBFC_A4_L3_C050_SEED101/Eval_On_PURE,PURE,old,904,10,window,300,540,10.0,18.0,8.0,45.0,45.0,0.0,0.0,0.0,0.646603175305026,nan,240,0.030531697753552592,0.7366399114448244,0.014567535621661621,0.76739577609623,1.0,correct
UBFC_A4_L3_C050_SEED101/Eval_On_PURE,PURE,old,904,11,window,330,570,11.0,19.0,8.0,49.0,46.0,3.0,3.0,6.521739130434782,0.5491719661849486,nan,240,0.026572600726846536,0.766478923395577,-0.0006743718719361802,0.7693413320543255,1.0,correct
UBFC_A4_L3_C050_SEED101/Eval_On_PURE,PURE,old,904,12,window,360,600,12.0,20.0,8.0,60.0,46.0,14.0,14.0,30.434782608695656,0.38366763020231726,nan,240,0.029352734909190933,0.7887462690066006,-0.004447317035956474,0.8047703031327383,1.0,super_harmonic_1p5x
UBFC_A4_L3_C050_SEED101/Eval_On_PURE,PURE,old,904,13,window,390,630,13.0,21.0,8.0,52.0,46.0,6.0,6.0,13.043478260869565,0.3491577495451883,nan,240,0.023979911841119615,0.8375856211750903,0.00919498355285111,0.7456449176361627,1.0,large_error
UBFC_A4_L3_C050_SEED101/Eval_On_PURE,PURE,old,904,14,window,420,660,14.0,22.0,8.0,60.0,45.0,15.0,15.0,33.33333333333333,0.009694702491467809,nan,240,0.028771803914624104,0.844528455423391,-0.0053322025135089405,0.7810859558330772,1.0,super_harmonic_1p5x
UBFC_A4_L3_C050_SEED101/Eval_On_PURE,PURE,old,904,15,window,450,690,15.0,23.0,8.0,65.0,46.0,19.0,19.0,41.30434782608695,0.4198238708801118,nan,240,0.05663407791155063,0.8699134028898686,-0.02033135067341472,0.7631946941396289,1.0,super_harmonic_1p5x
UBFC_A4_L3_C050_SEED101/Eval_On_PURE,PURE,old,904,16,window,480,720,16.0,24.0,8.0,45.0,46.0,-1.0,1.0,2.1739130434782608,0.47430443864980704,nan,240,0.0953572212827536,0.9166785834130815,-0.01613035858700421,0.6254200536734125,1.0,correct
UBFC_A4_L3_C050_SEED101/Eval_On_PURE,PURE,old,904,17,window,510,750,17.0,25.0,8.0,89.0,46.0,43.0,43.0,93.47826086956522,0.5704139090496867,nan,240,0.12469448554996705,0.9373618895147111,0.006896225594671037,0.4846906792895448,1.0,super_harmonic_2x
UBFC_A4_L3_C050_SEED101/Eval_On_PURE,PURE,old,904,18,window,540,780,18.0,26.0,8.0,69.0,45.0,24.0,24.0,53.333333333333336,0.3207806363630541,nan,240,0.08078397207466265,0.9305201898942429,0.0011941867590862243,0.6516230489562082,1.0,super_harmonic_1p5x
UBFC_A4_L3_C050_SEED101/Eval_On_PURE,PURE,old,904,19,window,570,810,19.0,27.0,8.0,91.0,46.0,45.0,45.0,97.82608695652173,0.50299143683636,nan,240,0.12222382703892075,0.9654672004100933,-0.008629918333445414,0.46661310535016615,1.0,super_harmonic_2x
UBFC_A4_L3_C050_SEED101/Eval_On_PURE,PURE,old,904,20,window,600,840,20.0,28.0,8.0,46.0,45.0,1.0,1.0,2.2222222222222223,0.6360373951245668,nan,240,0.14134357934939037,1.0009016778349518,-0.01775890292694206,0.5459861898259994,1.0,correct
UBFC_A4_L3_C050_SEED101/Eval_On_PURE,PURE,old,904,21,window,630,870,21.0,29.0,8.0,47.0,45.0,2.0,2.0,4.444444444444445,0.6039584648639881,nan,240,0.1477980730175202,0.9978545233199627,0.017435820727327873,0.5378328603961938,1.0,correct
UBFC_A4_L3_C050_SEED101/Eval_On_PURE,PURE,old,904,22,window,660,900,22.0,30.0,8.0,45.0,44.0,1.0,1.0,2.272727272727273,0.6399942155308267,nan,240,0.1238440915647795,1.0085083942459507,0.01340604160499337,0.49195126067202105,1.0,correct
UBFC_A4_L3_C050_SEED101/Eval_On_PURE,PURE,old,904,23,window,690,930,23.0,31.0,8.0,46.0,44.0,2.0,2.0,4.545454545454546,0.5919328353981202,nan,240,0.12710554010929906,1.0292894049620356,-0.0248482993341503,0.6161921729274391,1.0,correct
UBFC_A4_L3_C050_SEED101/Eval_On_PURE,PURE,old,904,24,window,720,960,24.0,32.0,8.0,44.0,44.0,0.0,0.0,0.0,0.830130836500247,nan,240,0.10431242447936837,1.0376692232278526,0.005635225171633066,0.6110375814584119,1.0,correct
UBFC_A4_L3_C050_SEED101/Eval_On_PURE,PURE,old,904,25,window,750,990,25.0,33.0,8.0,40.0,44.0,-4.0,4.0,9.090909090909092,0.48114989151127313,nan,240,0.06765084731552125,1.0518222666213253,-0.021995398537036585,0.5219084472392556,1.0,large_error
UBFC_A4_L3_C050_SEED101/Eval_On_PURE,PURE,old,904,26,window,780,1020,26.0,34.0,8.0,45.0,44.0,1.0,1.0,2.272727272727273,0.6175088722917674,nan,240,0.09720809831260042,1.0631009628279062,0.014567235481174761,0.595381254170394,1.0,correct
UBFC_A4_L3_C050_SEED101/Eval_On_PURE,PURE,old,904,27,window,810,1050,27.0,35.0,8.0,46.0,45.0,1.0,1.0,2.2222222222222223,0.8707415130179927,nan,240,0.07273611037142086,1.057061591610696,-0.017013583045915485,0.706837535831748,1.0,correct
UBFC_A4_L3_C050_SEED101/Eval_On_PURE,PURE,old,904,28,window,840,1080,28.0,36.0,8.0,46.0,45.0,1.0,1.0,2.2222222222222223,0.7385877319552924,nan,240,0.04388281690991279,1.035666657757923,0.0029768664287234126,0.6734438149141817,1.0,correct
UBFC_A4_L3_C050_SEED101/Eval_On_PURE,PURE,old,904,29,window,870,1110,29.0,37.0,8.0,45.0,45.0,0.0,0.0,0.0,0.8339355024940636,nan,240,0.06088903633646185,1.0536269884508687,0.006808027023053651,0.5843843224555572,1.0,correct
UBFC_A4_L3_C050_SEED101/Eval_On_PURE,PURE,old,904,30,window,900,1140,30.0,38.0,8.0,45.0,45.0,0.0,0.0,0.0,0.7445611186129362,nan,240,0.04181593781549552,1.0642812531270989,-0.00025188356055172445,0.7235697679382089,1.0,correct
UBFC_A4_L3_C050_SEED101/Eval_On_PURE,PURE,old,904,31,window,930,1170,31.0,39.0,8.0,45.0,46.0,-1.0,1.0,2.1739130434782608,0.8190510442229451,nan,240,-0.010403931023079778,1.0417079105303617,-0.0097876174259579,0.7446481696334847,1.0,correct
UBFC_A4_L3_C050_SEED101/Eval_On_PURE,PURE,old,904,32,window,960,1200,32.0,40.0,8.0,46.0,46.0,0.0,0.0,0.0,0.8841291008348622,nan,240,-0.07024729471090782,0.9953284418566097,-0.01236416527262314,0.6199092641762234,1.0,correct
UBFC_A4_L3_C050_SEED101/Eval_On_PURE,PURE,old,904,33,window,990,1230,33.0,41.0,8.0,47.0,46.0,1.0,1.0,2.1739130434782608,0.7671209816096184,nan,240,-0.09288318208937969,0.9736817778079635,0.010854389537662856,0.6089104748848567,1.0,correct
UBFC_A4_L3_C050_SEED101/Eval_On_PURE,PURE,old,904,34,window,1020,1260,34.0,42.0,8.0,45.0,46.0,-1.0,1.0,2.1739130434782608,0.716220645374643,nan,240,-0.14280223877513817,0.9524002217922664,0.021982209556014796,0.6124220267859902,1.0,correct
UBFC_A4_L3_C050_SEED101/Eval_On_PURE,PURE,old,904,35,window,1050,1290,35.0,43.0,8.0,51.0,46.0,5.0,5.0,10.869565217391305,0.6155484216261293,nan,240,-0.20153753345532416,0.8788125474855544,-0.010551479051309013,0.4590812991487419,1.0,large_error
UBFC_A4_L3_C050_SEED101/Eval_On_PURE,PURE,old,904,36,window,1080,1320,36.0,44.0,8.0,46.0,46.0,0.0,0.0,0.0,0.8125952143659131,nan,240,-0.20303261307980994,0.8303259499312314,-0.007709892453907523,0.6307528792437828,1.0,correct
UBFC_A4_L3_C050_SEED101/Eval_On_PURE,PURE,old,904,37,window,1110,1350,37.0,45.0,8.0,47.0,46.0,1.0,1.0,2.1739130434782608,0.6858635471545541,nan,240,-0.20864617634282928,0.7883601880813917,0.006857084992869802,0.3335775555322146,1.0,correct
UBFC_A4_L3_C050_SEED101/Eval_On_PURE,PURE,old,904,38,window,1140,1380,38.0,46.0,8.0,96.0,46.0,50.0,50.0,108.69565217391303,0.40250478868248,nan,240,-0.16465264900719737,0.7848936784335049,0.008662379351689216,0.32973575515892,1.0,super_harmonic_2x
UBFC_A4_L3_C050_SEED101/Eval_On_PURE,PURE,old,904,39,window,1170,1410,39.0,47.0,8.0,46.0,47.0,-1.0,1.0,2.127659574468085,0.2868904662195378,nan,240,-0.19469719136439584,0.7297081552337241,-0.027500597104697575,0.5430253505557738,1.0,correct
UBFC_A4_L3_C050_SEED101/Eval_On_PURE,PURE,old,904,40,window,1200,1440,40.0,48.0,8.0,96.0,48.0,48.0,48.0,100.0,0.3194967658826263,nan,240,-0.11735201550386778,0.7683865416098674,0.008021705071385983,0.39510637363659223,1.0,super_harmonic_2x
UBFC_A4_L3_C050_SEED101/Eval_On_PURE,PURE,old,904,41,window,1230,1470,41.0,49.0,8.0,65.0,48.0,17.0,17.0,35.41666666666667,0.31228831137285346,nan,240,-0.021890392848779812,0.7859233745112165,-0.01660004541693931,0.5298896719875537,1.0,super_harmonic_1p5x
UBFC_A4_L3_C050_SEED101/Eval_On_PURE,PURE,old,904,42,window,1260,1500,42.0,50.0,8.0,59.0,48.0,11.0,11.0,22.916666666666664,0.5817137802205774,nan,240,0.07336170282284345,0.8478409590179617,0.014135104300863625,0.49497522490956614,1.0,large_error
UBFC_A4_L3_C050_SEED101/Eval_On_PURE,PURE,old,904,43,window,1290,1530,43.0,51.0,8.0,46.0,48.0,-2.0,2.0,4.166666666666666,0.5114204112978474,nan,240,0.07277662113525998,0.9111210200464136,0.020930674535698378,0.4706458707779038,1.0,correct
UBFC_A4_L3_C050_SEED101/Eval_On_PURE,PURE,old,904,44,window,1320,1560,44.0,52.0,8.0,48.0,48.0,0.0,0.0,0.0,0.6476101792217589,nan,240,0.04040802274435305,0.9214749594143915,-0.014717533963385768,0.6072188714217837,1.0,correct
UBFC_A4_L3_C050_SEED101/Eval_On_PURE,PURE,old,904,45,window,1350,1590,45.0,53.0,8.0,52.0,48.0,4.0,4.0,8.333333333333332,0.6103503664027532,nan,240,0.06269724424209976,0.9217594123275121,0.0019639037608054485,0.6821510421152452,1.0,large_error
UBFC_A4_L3_C050_SEED101/Eval_On_PURE,PURE,old,904,46,window,1380,1620,46.0,54.0,8.0,50.0,49.0,1.0,1.0,2.0408163265306123,0.6697738946678486,nan,240,0.13741918211630086,0.967770614213649,0.005716076292455034,0.5290259349350921,1.0,correct
UBFC_A4_L3_C050_SEED101/Eval_On_PURE,PURE,old,904,47,window,1410,1650,47.0,55.0,8.0,46.0,48.0,-2.0,2.0,4.166666666666666,0.7278139770961223,nan,240,0.1849801470856161,1.0188453307376586,0.01234456709773658,0.6668940504906892,1.0,correct
UBFC_A4_L3_C050_SEED101/Eval_On_PURE,PURE,old,904,48,window,1440,1680,48.0,56.0,8.0,46.0,48.0,-2.0,2.0,4.166666666666666,0.7112245969002741,nan,240,0.10310590103337842,1.0369814054972368,0.011175477655505283,0.6300820500300398,1.0,correct
UBFC_A4_L3_C050_SEED101/Eval_On_PURE,PURE,old,904,49,window,1470,1710,49.0,57.0,8.0,47.0,48.0,-1.0,1.0,2.083333333333333,0.7767569070902942,nan,240,0.030192171064815306,1.0130186942790882,-0.02327110449086857,0.607397897210757,1.0,correct
UBFC_A4_L3_C050_SEED101/Eval_On_PURE,PURE,old,904,50,window,1500,1740,50.0,58.0,8.0,48.0,47.0,1.0,1.0,2.127659574468085,0.7545159726225152,nan,240,0.05885254031492366,1.0182677369662385,-0.006855552491485876,0.6865072134174927,1.0,correct
UBFC_A4_L3_C050_SEED101/Eval_On_PURE,PURE,old,904,51,window,1530,1770,51.0,59.0,8.0,50.0,47.0,3.0,3.0,6.382978723404255,0.683866752489405,nan,240,0.11052352150901894,1.0158034948143735,0.0101244716561661,0.5623440610877815,1.0,correct
UBFC_A4_L3_C050_SEED101/Eval_On_PURE,PURE,old,904,52,window,1560,1800,52.0,60.0,8.0,51.0,47.0,4.0,4.0,8.51063829787234,0.6651586890243743,nan,240,0.1609194098084948,1.0635254877120188,-0.0007246446171961944,0.6754816593787103,1.0,large_error
UBFC_A4_L3_C050_SEED101/Eval_On_PURE,PURE,old,904,53,window,1590,1830,53.0,61.0,8.0,50.0,48.0,2.0,2.0,4.166666666666666,0.7266977533001714,nan,240,0.13462510160542146,1.0916058587437527,-0.00026108822485081763,0.7062225836143142,1.0,correct
UBFC_A4_L3_C050_SEED101/Eval_On_PURE,PURE,old,904,54,window,1620,1860,54.0,62.0,8.0,49.0,48.0,1.0,1.0,2.083333333333333,0.669177308931713,nan,240,0.033144475993477515,1.0545882825209194,-0.016052627748299905,0.7532622823751091,1.0,correct
UBFC_A4_L3_C050_SEED101/Eval_On_PURE,PURE,old,904,55,window,1650,1890,55.0,63.0,8.0,47.0,48.0,-1.0,1.0,2.083333333333333,0.706515574601536,nan,240,0.02672418403580305,1.0394349420313473,-0.0053330845352750475,0.6121754450109902,1.0,correct
UBFC_A4_L3_C050_SEED101/Eval_On_PURE,PURE,old,904,56,window,1680,1920,56.0,64.0,8.0,50.0,48.0,2.0,2.0,4.166666666666666,0.5579546796843152,nan,240,0.09900103166793837,1.0584911141771756,0.0009886138516500573,0.578144462395999,1.0,correct
UBFC_A4_L3_C050_SEED101/Eval_On_PURE,PURE,old,904,57,window,1710,1950,57.0,65.0,8.0,50.0,48.0,2.0,2.0,4.166666666666666,0.4627171175265024,nan,240,0.13749074006390313,1.1227141854389004,0.021883681143504648,0.5428009589729064,1.0,correct
UBFC_A4_L3_C050_SEED101/Eval_On_PURE,PURE,old,904,58,window,1740,1980,58.0,66.0,8.0,46.0,48.0,-2.0,2.0,4.166666666666666,0.7233488149748215,nan,240,0.07913730914122123,1.103535065532591,0.00045961302167966077,0.5499466076172899,1.0,correct
UBFC_A4_L3_C050_SEED101/Eval_On_PURE,PURE,old,904,59,window,1770,2010,59.0,67.0,8.0,58.0,47.0,11.0,11.0,23.404255319148938,0.5751600663055917,nan,240,0.020928156307786296,1.079001657997626,-0.015074744900781383,0.58021264395686,1.0,large_error
UBFC_A4_L3_C050_SEED101/Eval_On_PURE,PURE,old,904,60,window,1800,2040,60.0,68.0,8.0,59.0,48.0,11.0,11.0,22.916666666666664,0.5863692915423988,nan,240,0.018845006496745413,1.0608893704818583,-0.007872986674810453,0.796285733889505,1.0,large_error
UBFC_A4_L3_C050_SEED101/Eval_On_PURE,PURE,old,904,61,window,1830,2070,61.0,69.0,8.0,46.0,47.0,-1.0,1.0,2.127659574468085,0.49995852262935747,nan,240,0.04199939844681837,1.0655402161218182,-0.014762761545033119,0.7101160360540633,1.0,correct
UBFC_A4_L3_C050_SEED101/Eval_On_PURE,PURE,old,904,62,window,1860,2100,62.0,70.0,8.0,53.0,47.0,6.0,6.0,12.76595744680851,0.46853011526515315,nan,240,0.09374027731130859,1.115429413280741,-0.009406576526215736,0.6720811587516244,1.0,large_error
UBFC_A4_L3_C050_SEED101/Eval_On_PURE,PURE,old,904,63,window,1890,2130,63.0,71.0,8.0,52.0,48.0,4.0,4.0,8.333333333333332,0.5230185496461147,nan,240,0.046509209422931776,1.1227454865073818,0.0029404701667168206,0.7888409679776252,1.0,large_error
UBFC_A4_L3_C050_SEED101/Eval_On_PURE,PURE,old,904,64,window,1920,2160,64.0,72.0,8.0,59.0,48.0,11.0,11.0,22.916666666666664,0.4924600726138873,nan,240,0.046308481908660624,1.0928938994956439,-0.0164211466330612,0.691456668231496,1.0,large_error
UBFC_A4_L3_C050_SEED101/Eval_On_PURE,PURE,old,904,65,window,1950,2190,65.0,73.0,8.0,50.0,48.0,2.0,2.0,4.166666666666666,0.5676079485674271,nan,240,0.05956347101476308,1.0657154726135025,0.00822256201291511,0.8298608847215927,1.0,correct
UBFC_A4_L3_C050_SEED101/Eval_On_PURE,PURE,old,904,66,window,1980,2220,66.0,74.0,8.0,60.0,48.0,12.0,12.0,25.0,0.37171816393138013,nan,240,0.07274308353568754,1.0940706364351638,-0.00694906439340836,0.5137923845627637,1.0,large_error
UBFC_A4_L3_C050_SEED101/Eval_On_PURE,PURE,old,904,67,window,2010,2250,67.0,75.0,8.0,46.0,48.0,-2.0,2.0,4.166666666666666,0.5958060046938781,nan,240,0.07979062822199233,1.140594234922443,0.01674069393524486,0.385984822241649,1.0,correct
UBFC_A4_L3_C050_SEED101/Eval_On_PURE,PURE,old,904,68,window,2040,2280,68.0,76.0,8.0,96.0,48.0,48.0,48.0,100.0,0.32468447915804355,nan,240,0.022597232983516034,1.1397827167052417,-0.027365582860617462,0.4915465599323196,1.0,super_harmonic_2x
UBFC_A4_L3_C050_SEED101/Eval_On_PURE,PURE,old,904,69,window,2070,2310,69.0,77.0,8.0,96.0,48.0,48.0,48.0,100.0,0.46170912407326753,nan,240,-0.019858711631142834,1.1132509705477116,0.0015004420007295126,0.7522373970004222,1.0,super_harmonic_2x
UBFC_A4_L3_C050_SEED101/Eval_On_PURE,PURE,old,904,70,window,2100,2340,70.0,78.0,8.0,95.0,48.0,47.0,47.0,97.91666666666666,0.36281297011929026,nan,240,0.004670389845941732,1.1020339603494973,-0.0068965650898206755,0.607617144385308,1.0,super_harmonic_2x
UBFC_A4_L3_C050_SEED101/Eval_On_PURE,PURE,old,904,71,window,2130,2370,71.0,79.0,8.0,95.0,48.0,47.0,47.0,97.91666666666666,0.5263892674294758,nan,240,0.06669984053161589,1.11227938101824,0.00313372939473196,0.4394404046555687,1.0,super_harmonic_2x
UBFC_A4_L3_C050_SEED101/Eval_On_PURE,PURE,old,904,72,window,2160,2400,72.0,80.0,8.0,95.0,48.0,47.0,47.0,97.91666666666666,0.2747053289631174,nan,240,0.03363077118727393,1.151594054273198,0.010381169404789363,0.5870944972677286,1.0,super_harmonic_2x
UBFC_A4_L3_C050_SEED101/Eval_On_PURE,PURE,old,904,73,window,2190,2430,73.0,81.0,8.0,95.0,48.0,47.0,47.0,97.91666666666666,0.3279574795605452,nan,240,-0.07012443419762512,1.1609697920728794,-0.009446312584228763,0.49530154669314536,1.0,super_harmonic_2x
UBFC_A4_L3_C050_SEED101/Eval_On_PURE,PURE,old,904,74,window,2220,2460,74.0,82.0,8.0,96.0,48.0,48.0,48.0,100.0,0.19100418708760317,nan,240,-0.09298744749795158,1.1342484822266863,0.01632354326599488,0.6620537165907957,1.0,super_harmonic_2x
UBFC_A4_L3_C050_SEED101/Eval_On_PURE,PURE,old,904,75,window,2250,2490,75.0,83.0,8.0,66.0,48.0,18.0,18.0,37.5,0.2749436315712419,nan,240,-0.026329309988176494,1.1194939120619958,0.007607766019926765,0.6566534947642995,1.0,super_harmonic_1p5x
UBFC_A4_L3_C050_SEED101/Eval_On_PURE,PURE,old,904,76,window,2280,2520,76.0,84.0,8.0,97.0,48.0,49.0,49.0,102.08333333333333,0.2519491763213428,nan,240,0.025337022429742055,1.1276092440390764,0.014408919873237667,0.46126893163229427,1.0,super_harmonic_2x
UBFC_A4_L3_C050_SEED101/Eval_On_PURE,PURE,old,904,77,window,2310,2550,77.0,85.0,8.0,56.0,47.0,9.0,9.0,19.148936170212767,0.05988415031830777,nan,240,0.016692955181633027,1.1635611155500707,0.0016946850912592218,0.5019363094694875,1.0,large_error
UBFC_A4_L3_C050_SEED101/Eval_On_PURE,PURE,old,905,0,window,0,240,0.0,8.0,8.0,95.0,47.0,48.0,48.0,102.12765957446808,0.7074293486901965,nan,240,-0.21822670346550604,0.8191548887037369,0.05829771252870465,0.9069605058376166,1.0,super_harmonic_2x
UBFC_A4_L3_C050_SEED101/Eval_On_PURE,PURE,old,905,1,window,30,270,1.0,9.0,8.0,94.0,46.0,48.0,48.0,104.34782608695652,0.7271337573252723,nan,240,-0.29811023213511223,0.8200052772794728,-0.025788557976234857,0.8554190269257245,1.0,super_harmonic_2x
UBFC_A4_L3_C050_SEED101/Eval_On_PURE,PURE,old,905,2,window,60,300,2.0,10.0,8.0,92.0,47.0,45.0,45.0,95.74468085106383,0.7648000425880073,nan,240,-0.3281781571550121,0.8330162125182796,-0.024724919274003686,0.8832654936784294,1.0,super_harmonic_2x
UBFC_A4_L3_C050_SEED101/Eval_On_PURE,PURE,old,905,3,window,90,330,3.0,11.0,8.0,47.0,46.0,1.0,1.0,2.1739130434782608,0.7320617013930748,nan,240,-0.3472665144929786,0.8394616509798806,-0.01210625548699767,0.8205902138055992,1.0,correct
UBFC_A4_L3_C050_SEED101/Eval_On_PURE,PURE,old,905,4,window,120,360,4.0,12.0,8.0,48.0,47.0,1.0,1.0,2.127659574468085,0.6954401114801186,nan,240,-0.20928901990987978,0.8268352130706037,0.005447824320425465,0.856891381675906,1.0,correct
UBFC_A4_L3_C050_SEED101/Eval_On_PURE,PURE,old,905,5,window,150,390,5.0,13.0,8.0,47.0,47.0,0.0,0.0,0.0,0.8147512150638221,nan,240,-0.1320604809375279,0.8516851862605497,0.029055700126065304,0.8036977769673637,1.0,correct
UBFC_A4_L3_C050_SEED101/Eval_On_PURE,PURE,old,905,6,window,180,420,6.0,14.0,8.0,48.0,47.0,1.0,1.0,2.127659574468085,0.7664145837164521,nan,240,-0.20730346837869096,0.8354385652163115,-0.015900965724449833,0.8446839674570499,1.0,correct
UBFC_A4_L3_C050_SEED101/Eval_On_PURE,PURE,old,905,7,window,210,450,7.0,15.0,8.0,48.0,47.0,1.0,1.0,2.127659574468085,0.7256628590612731,nan,240,-0.11809413606954354,0.8379760643519112,-0.012911480400866019,0.8341779194480521,1.0,correct
UBFC_A4_L3_C050_SEED101/Eval_On_PURE,PURE,old,905,8,window,240,480,8.0,16.0,8.0,48.0,48.0,0.0,0.0,0.0,0.5953417083727944,nan,240,-0.019921253196807407,0.8613499736963895,-0.009712438375234344,0.8371915778229575,1.0,correct
UBFC_A4_L3_C050_SEED101/Eval_On_PURE,PURE,old,905,9,window,270,510,9.0,17.0,8.0,47.0,47.0,0.0,0.0,0.0,0.6556180500249197,nan,240,0.0591353359693628,0.8996028301207689,0.04444447215340449,0.8913210055603724,1.0,correct
UBFC_A4_L3_C050_SEED101/Eval_On_PURE,PURE,old,905,10,window,300,540,10.0,18.0,8.0,96.0,48.0,48.0,48.0,100.0,0.7021754586023545,nan,240,0.0687748776743673,0.911442966934227,0.012412052773598593,0.8287380105619022,1.0,super_harmonic_2x
UBFC_A4_L3_C050_SEED101/Eval_On_PURE,PURE,old,905,11,window,330,570,11.0,19.0,8.0,48.0,47.0,1.0,1.0,2.127659574468085,0.7439713156610489,nan,240,0.0826492509584856,0.9220814479589773,-0.01473871094335177,0.8590571691882728,1.0,correct
UBFC_A4_L3_C050_SEED101/Eval_On_PURE,PURE,old,905,12,window,360,600,12.0,20.0,8.0,47.0,47.0,0.0,0.0,0.0,0.7814333918178916,nan,240,0.11354020668950732,0.9575744698990007,-0.01688737022122041,0.8533511975627788,1.0,correct
UBFC_A4_L3_C050_SEED101/Eval_On_PURE,PURE,old,905,13,window,390,630,13.0,21.0,8.0,90.0,46.0,44.0,44.0,95.65217391304348,0.703493826294938,nan,240,0.0979888465380711,1.0068898992600959,0.013939139962801047,0.872131997614111,1.0,super_harmonic_2x
UBFC_A4_L3_C050_SEED101/Eval_On_PURE,PURE,old,905,14,window,420,660,14.0,22.0,8.0,92.0,46.0,46.0,46.0,100.0,0.7810928594451969,nan,240,0.14975873138045234,1.0435983712974501,0.017680178061333863,0.8307943240249465,1.0,super_harmonic_2x
UBFC_A4_L3_C050_SEED101/Eval_On_PURE,PURE,old,905,15,window,450,690,15.0,23.0,8.0,91.0,46.0,45.0,45.0,97.82608695652173,0.6888664701986451,nan,240,0.042600454692959415,1.05575418070069,0.017849200364861876,0.862707063572545,1.0,super_harmonic_2x
UBFC_A4_L3_C050_SEED101/Eval_On_PURE,PURE,old,905,16,window,480,720,16.0,24.0,8.0,92.0,47.0,45.0,45.0,95.74468085106383,0.7332482873104628,nan,240,0.01272475028333948,1.0806757738184145,-0.02111919863930464,0.8947377591200575,1.0,super_harmonic_2x
UBFC_A4_L3_C050_SEED101/Eval_On_PURE,PURE,old,905,17,window,510,750,17.0,25.0,8.0,93.0,47.0,46.0,46.0,97.87234042553192,0.6686953746196254,nan,240,0.03850300566724507,1.0881559123642686,-0.008755707290037235,0.8750824805252002,1.0,super_harmonic_2x
UBFC_A4_L3_C050_SEED101/Eval_On_PURE,PURE,old,905,18,window,540,780,18.0,26.0,8.0,97.0,47.0,50.0,50.0,106.38297872340425,0.6187216209939437,nan,240,0.08184817846301234,1.1241492611740753,0.008699696182190497,0.8754272752209749,1.0,super_harmonic_2x
UBFC_A4_L3_C050_SEED101/Eval_On_PURE,PURE,old,905,19,window,570,810,19.0,27.0,8.0,48.0,48.0,0.0,0.0,0.0,0.6942219411250643,nan,240,0.0870237643805961,1.1626564018689378,0.02753603049789593,0.86750686133715,1.0,correct
UBFC_A4_L3_C050_SEED101/Eval_On_PURE,PURE,old,905,20,window,600,840,20.0,28.0,8.0,51.0,48.0,3.0,3.0,6.25,0.4382488805701326,nan,240,-0.011474123076626992,1.14391121401358,-0.007656829709227623,0.8902000341429769,1.0,correct
UBFC_A4_L3_C050_SEED101/Eval_On_PURE,PURE,old,905,21,window,630,870,21.0,29.0,8.0,49.0,48.0,1.0,1.0,2.083333333333333,0.6524409758732952,nan,240,0.048931663561819216,1.1193304889106972,-0.004152980415519212,0.8574534220158925,1.0,correct
UBFC_A4_L3_C050_SEED101/Eval_On_PURE,PURE,old,905,22,window,660,900,22.0,30.0,8.0,47.0,48.0,-1.0,1.0,2.083333333333333,0.606067953150099,nan,240,0.08030524017917741,1.120349106847959,-0.0229196163234182,0.8331626708739697,1.0,correct
UBFC_A4_L3_C050_SEED101/Eval_On_PURE,PURE,old,905,23,window,690,930,23.0,31.0,8.0,96.0,47.0,49.0,49.0,104.25531914893618,0.6357516580620934,nan,240,0.12404439624733116,1.1482056340329692,0.02493931630932106,0.8698489107843449,1.0,super_harmonic_2x
UBFC_A4_L3_C050_SEED101/Eval_On_PURE,PURE,old,905,24,window,720,960,24.0,32.0,8.0,46.0,48.0,-2.0,2.0,4.166666666666666,0.6591698545160294,nan,240,0.05622236597936318,1.1316150541808443,0.03379502840459711,0.7917365216593835,1.0,correct
UBFC_A4_L3_C050_SEED101/Eval_On_PURE,PURE,old,905,25,window,750,990,25.0,33.0,8.0,94.0,47.0,47.0,47.0,100.0,0.6382388300264287,nan,240,-0.0009144056750429878,1.1099502865793134,-0.00201620144032347,0.8204708487420624,1.0,super_harmonic_2x
UBFC_A4_L3_C050_SEED101/Eval_On_PURE,PURE,old,905,26,window,780,1020,26.0,34.0,8.0,46.0,47.0,-1.0,1.0,2.127659574468085,0.6765139095816985,nan,240,0.024580232337116002,1.1031243512773408,-0.022701061336676393,0.8195572518368981,1.0,correct
UBFC_A4_L3_C050_SEED101/Eval_On_PURE,PURE,old,905,27,window,810,1050,27.0,35.0,8.0,46.0,47.0,-1.0,1.0,2.127659574468085,0.6535724295083684,nan,240,0.06268647378691199,1.1065211137566509,-0.007089380405586543,0.7869557960695223,1.0,correct
UBFC_A4_L3_C050_SEED101/Eval_On_PURE,PURE,old,905,28,window,840,1080,28.0,36.0,8.0,46.0,47.0,-1.0,1.0,2.127659574468085,0.7811352317528801,nan,240,0.12943128687884933,1.1416243115164784,0.02617213896220542,0.7861770813728028,1.0,correct
UBFC_A4_L3_C050_SEED101/Eval_On_PURE,PURE,old,905,29,window,870,1110,29.0,37.0,8.0,93.0,47.0,46.0,46.0,97.87234042553192,0.6395532074815782,nan,240,0.034972331527104855,1.1526717858039612,0.007921225854287806,0.8068993899023573,1.0,super_harmonic_2x
UBFC_A4_L3_C050_SEED101/Eval_On_PURE,PURE,old,905,30,window,900,1140,30.0,38.0,8.0,93.0,47.0,46.0,46.0,97.87234042553192,0.7340765149108441,nan,240,0.0003749209662802381,1.165518313515691,-0.012577205072232566,0.8525148208133769,1.0,super_harmonic_2x
UBFC_A4_L3_C050_SEED101/Eval_On_PURE,PURE,old,905,31,window,930,1170,31.0,39.0,8.0,92.0,47.0,45.0,45.0,95.74468085106383,0.6850870862133049,nan,240,0.05562236635911807,1.1844754122914884,-0.009549231018944797,0.8428806763439047,1.0,super_harmonic_2x
UBFC_A4_L3_C050_SEED101/Eval_On_PURE,PURE,old,905,32,window,960,1200,32.0,40.0,8.0,97.0,47.0,50.0,50.0,106.38297872340425,0.636503447330592,nan,240,0.1176120186362177,1.207316497369155,0.009791074950777075,0.8299246863585374,1.0,super_harmonic_2x
UBFC_A4_L3_C050_SEED101/Eval_On_PURE,PURE,old,905,33,window,990,1230,33.0,41.0,8.0,96.0,47.0,49.0,49.0,104.25531914893618,0.7194745808168628,nan,240,0.08862556447810374,1.2478871493001198,0.026716076580157563,0.8745935333443516,1.0,super_harmonic_2x
UBFC_A4_L3_C050_SEED101/Eval_On_PURE,PURE,old,905,34,window,1020,1260,34.0,42.0,8.0,96.0,47.0,49.0,49.0,104.25531914893618,0.7327497968840103,nan,240,-0.06735835672325693,1.2394764828059492,-0.027805169489693242,0.8844244138317617,1.0,super_harmonic_2x
UBFC_A4_L3_C050_SEED101/Eval_On_PURE,PURE,old,905,35,window,1050,1290,35.0,43.0,8.0,95.0,47.0,48.0,48.0,102.12765957446808,0.7553003524335256,nan,240,-0.09324973715531755,1.1962814801144557,-0.013724367796651808,0.8719468136142049,1.0,super_harmonic_2x
UBFC_A4_L3_C050_SEED101/Eval_On_PURE,PURE,old,905,36,window,1080,1320,36.0,44.0,8.0,94.0,47.0,47.0,47.0,100.0,0.6733662939211666,nan,240,-0.0836176681415021,1.1657957577699989,-0.02354639635697865,0.8338582361522715,1.0,super_harmonic_2x
UBFC_A4_L3_C050_SEED101/Eval_On_PURE,PURE,old,905,37,window,1110,1350,37.0,45.0,8.0,93.0,47.0,46.0,46.0,97.87234042553192,0.6145704354276034,nan,240,-0.03851641291629118,1.1671503504353964,0.014405224180837324,0.8944817921573274,1.0,super_harmonic_2x
UBFC_A4_L3_C050_SEED101/Eval_On_PURE,PURE,old,905,38,window,1140,1380,38.0,46.0,8.0,91.0,47.0,44.0,44.0,93.61702127659575,0.5878134720763422,nan,240,-0.10651629323455976,1.1519239911394215,0.023279447674103823,0.8772903773178274,1.0,super_harmonic_2x
UBFC_A4_L3_C050_SEED101/Eval_On_PURE,PURE,old,905,39,window,1170,1410,39.0,47.0,8.0,92.0,47.0,45.0,45.0,95.74468085106383,0.7253499950901814,nan,240,-0.17635595012358954,1.0812774396797369,-0.01418949140677395,0.8405997287253021,1.0,super_harmonic_2x
UBFC_A4_L3_C050_SEED101/Eval_On_PURE,PURE,old,905,40,window,1200,1440,40.0,48.0,8.0,47.0,48.0,-1.0,1.0,2.083333333333333,0.7705623448378176,nan,240,-0.15889525989109235,1.0789737064743956,-0.013915262606787713,0.8663571109798606,1.0,correct
UBFC_A4_L3_C050_SEED101/Eval_On_PURE,PURE,old,905,41,window,1230,1470,41.0,49.0,8.0,47.0,49.0,-2.0,2.0,4.081632653061225,0.6947612774224261,nan,240,-0.05651755116847979,1.0900061194273307,-0.024076765207017483,0.8590943957669642,1.0,correct
UBFC_A4_L3_C050_SEED101/Eval_On_PURE,PURE,old,905,42,window,1260,1500,42.0,50.0,8.0,48.0,48.0,0.0,0.0,0.0,0.7328572322863791,nan,240,0.058583046608248215,1.157038990113071,0.03813732706326822,0.8899843468348474,1.0,correct
UBFC_A4_L3_C050_SEED101/Eval_On_PURE,PURE,old,905,43,window,1290,1530,43.0,51.0,8.0,97.0,49.0,48.0,48.0,97.95918367346938,0.6512603481977315,nan,240,0.07366546664644691,1.2066753425274457,0.0011963715601132074,0.8534189732583252,1.0,super_harmonic_2x
UBFC_A4_L3_C050_SEED101/Eval_On_PURE,PURE,old,905,44,window,1320,1560,44.0,52.0,8.0,49.0,48.0,1.0,1.0,2.083333333333333,0.7212374061143312,nan,240,0.03577478359633666,1.1658347822204618,-0.0034764437397852618,0.8569862367346361,1.0,correct
UBFC_A4_L3_C050_SEED101/Eval_On_PURE,PURE,old,905,45,window,1350,1590,45.0,53.0,8.0,48.0,48.0,0.0,0.0,0.0,0.8090786545122379,nan,240,0.0722140400885598,1.1307898675125845,-0.008028341867534396,0.8604640347234065,1.0,correct
UBFC_A4_L3_C050_SEED101/Eval_On_PURE,PURE,old,905,46,window,1380,1620,46.0,54.0,8.0,47.0,47.0,0.0,0.0,0.0,0.8146756702174078,nan,240,0.15195673727037082,1.0741295197935254,0.0037903540154233324,0.8061513405955788,1.0,correct
UBFC_A4_L3_C050_SEED101/Eval_On_PURE,PURE,old,905,47,window,1410,1650,47.0,55.0,8.0,47.0,47.0,0.0,0.0,0.0,0.7488091598535807,nan,240,0.18876548960077452,1.0577272006439442,0.04817464363496701,0.8648867766294984,1.0,correct
UBFC_A4_L3_C050_SEED101/Eval_On_PURE,PURE,old,905,48,window,1440,1680,48.0,56.0,8.0,45.0,47.0,-2.0,2.0,4.25531914893617,0.7206556312888447,nan,240,0.13769458879577604,1.0014658675651935,-0.006279371925607234,0.8244233598496338,1.0,correct
UBFC_A4_L3_C050_SEED101/Eval_On_PURE,PURE,old,905,49,window,1470,1710,49.0,57.0,8.0,47.0,47.0,0.0,0.0,0.0,0.6690701114780683,nan,240,0.09305388127677547,0.9235089818832446,-0.014679941259516787,0.8530898312396624,1.0,correct
UBFC_A4_L3_C050_SEED101/Eval_On_PURE,PURE,old,905,50,window,1500,1740,50.0,58.0,8.0,47.0,47.0,0.0,0.0,0.0,0.7884076969289261,nan,240,0.1090556722601962,0.7853101668449814,-0.013006556763971297,0.8390666286263501,1.0,correct
UBFC_A4_L3_C050_SEED101/Eval_On_PURE,PURE,old,905,51,window,1530,1770,51.0,59.0,8.0,96.0,47.0,49.0,49.0,104.25531914893618,0.6924633184498531,nan,240,0.11305643615837138,0.6816297663147661,0.006640187437440822,0.8673858817389254,1.0,super_harmonic_2x
UBFC_A4_L3_C050_SEED101/Eval_On_PURE,PURE,old,905,52,window,1560,1800,52.0,60.0,8.0,96.0,47.0,49.0,49.0,104.25531914893618,0.757452489412355,nan,240,0.1404294788065149,0.7027328776029904,0.051150941985453134,0.9027794351438276,1.0,super_harmonic_2x
UBFC_A4_L3_C050_SEED101/Eval_On_PURE,PURE,old,905,53,window,1590,1830,53.0,61.0,8.0,96.0,48.0,48.0,48.0,100.0,0.7549663124217639,nan,240,0.06613011981581877,0.6948190461985212,-0.034034057222516845,0.8967485669839933,1.0,super_harmonic_2x
UBFC_A4_L3_C050_SEED101/Eval_On_PURE,PURE,old,905,54,window,1620,1860,54.0,62.0,8.0,95.0,47.0,48.0,48.0,102.12765957446808,0.7826568914688254,nan,240,0.06360906373756935,0.6945554064412724,-0.007979178849617593,0.8612968367886324,1.0,super_harmonic_2x
UBFC_A4_L3_C050_SEED101/Eval_On_PURE,PURE,old,905,55,window,1650,1890,55.0,63.0,8.0,96.0,47.0,49.0,49.0,104.25531914893618,0.7249448237181668,nan,240,0.07475475509286073,0.6910182263288475,-0.019114794153621797,0.9007769867419315,1.0,super_harmonic_2x
UBFC_A4_L3_C050_SEED101/Eval_On_PURE,PURE,old,905,56,window,1680,1920,56.0,64.0,8.0,97.0,48.0,49.0,49.0,102.08333333333333,0.6347083292308849,nan,240,0.10799225082174502,0.7037417603400985,0.01649668010374296,0.931821687143263,1.0,super_harmonic_2x
UBFC_A4_L3_C050_SEED101/Eval_On_PURE,PURE,old,906,0,window,0,240,0.0,8.0,8.0,93.0,47.0,46.0,46.0,97.87234042553192,0.6586354809720052,nan,240,-0.24557833662851947,0.9611911680717047,-0.0006551031342187707,0.8175121269698046,1.0,super_harmonic_2x
UBFC_A4_L3_C050_SEED101/Eval_On_PURE,PURE,old,906,1,window,30,270,1.0,9.0,8.0,95.0,47.0,48.0,48.0,102.12765957446808,0.6135093901396724,nan,240,-0.27029642925571457,0.9242271338736755,-0.011789484694702809,0.8778403514763256,1.0,super_harmonic_2x
UBFC_A4_L3_C050_SEED101/Eval_On_PURE,PURE,old,906,2,window,60,300,2.0,10.0,8.0,96.0,47.0,49.0,49.0,104.25531914893618,0.5917777185704352,nan,240,-0.22902873885638939,0.892633802295601,-0.023624748496761473,0.9019700154561667,1.0,super_harmonic_2x
UBFC_A4_L3_C050_SEED101/Eval_On_PURE,PURE,old,906,3,window,90,330,3.0,11.0,8.0,97.0,47.0,50.0,50.0,106.38297872340425,0.594080909941661,nan,240,-0.12505563712000262,0.8776961561648942,0.026359240269480517,0.8770838182921006,1.0,super_harmonic_2x
UBFC_A4_L3_C050_SEED101/Eval_On_PURE,PURE,old,906,4,window,120,360,4.0,12.0,8.0,94.0,47.0,47.0,47.0,100.0,0.619581606328011,nan,240,-0.09862923095521813,0.8800269656365678,0.017160307581900198,0.8343115381540814,1.0,super_harmonic_2x
UBFC_A4_L3_C050_SEED101/Eval_On_PURE,PURE,old,906,5,window,150,390,5.0,13.0,8.0,47.0,47.0,0.0,0.0,0.0,0.696619546382502,nan,240,-0.12597280036556524,0.864711551152189,-0.01277365370499593,0.8179455419304105,1.0,correct
UBFC_A4_L3_C050_SEED101/Eval_On_PURE,PURE,old,906,6,window,180,420,6.0,14.0,8.0,91.0,46.0,45.0,45.0,97.82608695652173,0.7495867901246095,nan,240,-0.13213564077297346,0.793656484606321,-0.01901867682886584,0.8617107706995178,1.0,super_harmonic_2x
UBFC_A4_L3_C050_SEED101/Eval_On_PURE,PURE,old,906,7,window,210,450,7.0,15.0,8.0,90.0,46.0,44.0,44.0,95.65217391304348,0.5418017603994009,nan,240,-0.06471002008277621,0.783790347154594,0.013681641938223629,0.8849181648355168,1.0,super_harmonic_2x
UBFC_A4_L3_C050_SEED101/Eval_On_PURE,PURE,old,906,8,window,240,480,8.0,16.0,8.0,91.0,46.0,45.0,45.0,97.82608695652173,0.5842074694029564,nan,240,-0.017719293106486574,0.7887214517256625,0.019857880911631206,0.7625127796960254,1.0,super_harmonic_2x
UBFC_A4_L3_C050_SEED101/Eval_On_PURE,PURE,old,906,9,window,270,510,9.0,17.0,8.0,90.0,46.0,44.0,44.0,95.65217391304348,0.5743660545727102,nan,240,-0.02817495410590082,0.7877552304192823,0.023111733720617932,0.8332269374079941,1.0,super_harmonic_2x
UBFC_A4_L3_C050_SEED101/Eval_On_PURE,PURE,old,906,10,window,300,540,10.0,18.0,8.0,82.0,47.0,35.0,35.0,74.46808510638297,0.5281417556546534,nan,240,-0.015990494704529207,0.8042938515400874,-0.023035581567678258,0.8417799592816384,1.0,super_harmonic_2x
UBFC_A4_L3_C050_SEED101/Eval_On_PURE,PURE,old,906,11,window,330,570,11.0,19.0,8.0,95.0,48.0,47.0,47.0,97.91666666666666,0.6171849436573693,nan,240,0.0284619713505382,0.8246489890373491,-0.011807583119973864,0.8771456818413685,1.0,super_harmonic_2x
UBFC_A4_L3_C050_SEED101/Eval_On_PURE,PURE,old,906,12,window,360,600,12.0,20.0,8.0,97.0,48.0,49.0,49.0,102.08333333333333,0.5853530028715128,nan,240,0.08724080664035344,0.8770432277339373,0.018759317201894263,0.8544896394947054,1.0,super_harmonic_2x
UBFC_A4_L3_C050_SEED101/Eval_On_PURE,PURE,old,906,13,window,390,630,13.0,21.0,8.0,46.0,48.0,-2.0,2.0,4.166666666666666,0.6562900473340336,nan,240,0.09047617370354924,0.9209672620841912,0.036104547685436375,0.8001977643716512,1.0,correct
UBFC_A4_L3_C050_SEED101/Eval_On_PURE,PURE,old,906,14,window,420,660,14.0,22.0,8.0,46.0,48.0,-2.0,2.0,4.166666666666666,0.7020409805656984,nan,240,0.06302335168323996,0.929419236088739,0.0006233494463918701,0.8116261764829734,1.0,correct
UBFC_A4_L3_C050_SEED101/Eval_On_PURE,PURE,old,906,15,window,450,690,15.0,23.0,8.0,48.0,48.0,0.0,0.0,0.0,0.7801573012329621,nan,240,0.11117023198938461,0.9633701909772302,-0.0025378725649681357,0.8454287331372757,1.0,correct
UBFC_A4_L3_C050_SEED101/Eval_On_PURE,PURE,old,906,16,window,480,720,16.0,24.0,8.0,48.0,48.0,0.0,0.0,0.0,0.8003940881637407,nan,240,0.14495380822957227,0.976362938156042,-0.005250203237570766,0.8399818098484957,1.0,correct
UBFC_A4_L3_C050_SEED101/Eval_On_PURE,PURE,old,906,17,window,510,750,17.0,25.0,8.0,46.0,48.0,-2.0,2.0,4.166666666666666,0.5742108887951287,nan,240,0.17430923962223296,1.0049237481416275,0.01843728016433182,0.8301340526897636,1.0,correct
UBFC_A4_L3_C050_SEED101/Eval_On_PURE,PURE,old,906,18,window,540,780,18.0,26.0,8.0,47.0,48.0,-1.0,1.0,2.083333333333333,0.737236081490114,nan,240,0.1644066699607519,1.0278039803429826,0.06311225028678982,0.7993606638304669,1.0,correct
UBFC_A4_L3_C050_SEED101/Eval_On_PURE,PURE,old,906,19,window,570,810,19.0,27.0,8.0,48.0,49.0,-1.0,1.0,2.0408163265306123,0.6686387207364657,nan,240,0.06916198270548585,1.014089660880659,-0.01604105635415549,0.808892540188027,1.0,correct
UBFC_A4_L3_C050_SEED101/Eval_On_PURE,PURE,old,906,20,window,600,840,20.0,28.0,8.0,50.0,49.0,1.0,1.0,2.0408163265306123,0.5442483593801881,nan,240,0.029256225409893033,0.9502997165185911,0.000587813687070704,0.8436681944527687,1.0,correct
UBFC_A4_L3_C050_SEED101/Eval_On_PURE,PURE,old,906,21,window,630,870,21.0,29.0,8.0,48.0,49.0,-1.0,1.0,2.0408163265306123,0.612445303048207,nan,240,0.09661666698619306,0.9338840759589465,-0.007142099928172855,0.8310077498889317,1.0,correct
UBFC_A4_L3_C050_SEED101/Eval_On_PURE,PURE,old,906,22,window,660,900,22.0,30.0,8.0,51.0,48.0,3.0,3.0,6.25,0.5883637925336059,nan,240,0.14142420402363717,0.9679816563233893,0.0014745204124360348,0.8672756157166565,1.0,correct
UBFC_A4_L3_C050_SEED101/Eval_On_PURE,PURE,old,906,23,window,690,930,23.0,31.0,8.0,48.0,48.0,0.0,0.0,0.0,0.7811084550529745,nan,240,0.08638354610422953,0.9412086429456609,0.02095787141077976,0.8254753464357709,1.0,correct
UBFC_A4_L3_C050_SEED101/Eval_On_PURE,PURE,old,906,24,window,720,960,24.0,32.0,8.0,47.0,49.0,-2.0,2.0,4.081632653061225,0.6515157084832407,nan,240,0.05384395980929203,0.9373228037108072,-0.03538676003044401,0.8770726316747043,1.0,correct
UBFC_A4_L3_C050_SEED101/Eval_On_PURE,PURE,old,906,25,window,750,990,25.0,33.0,8.0,49.0,48.0,1.0,1.0,2.083333333333333,0.7257574994166099,nan,240,0.030139557591575498,0.9250365448063742,0.0023856488834590795,0.8721337840961515,1.0,correct
UBFC_A4_L3_C050_SEED101/Eval_On_PURE,PURE,old,906,26,window,780,1020,26.0,34.0,8.0,49.0,49.0,0.0,0.0,0.0,0.7830949571561149,nan,240,0.04341281857177384,0.9236218166705432,-0.009232886141061577,0.8757183372767242,1.0,correct
UBFC_A4_L3_C050_SEED101/Eval_On_PURE,PURE,old,906,27,window,810,1050,27.0,35.0,8.0,50.0,49.0,1.0,1.0,2.0408163265306123,0.6709380588331035,nan,240,0.1381429012039797,0.9622072424954641,0.009034681565763333,0.8917780845298208,1.0,correct
UBFC_A4_L3_C050_SEED101/Eval_On_PURE,PURE,old,906,28,window,840,1080,28.0,36.0,8.0,98.0,50.0,48.0,48.0,96.0,0.7402434493179704,nan,240,0.1664027027296907,1.0152284592189749,0.03023990075696882,0.9021281477432026,1.0,super_harmonic_2x
UBFC_A4_L3_C050_SEED101/Eval_On_PURE,PURE,old,906,29,window,870,1110,29.0,37.0,8.0,51.0,50.0,1.0,1.0,2.0,0.7909710565656759,nan,240,0.08137747978014147,1.0163922117870319,-0.00020708844763550616,0.9072631383255756,1.0,correct
UBFC_A4_L3_C050_SEED101/Eval_On_PURE,PURE,old,906,30,window,900,1140,30.0,38.0,8.0,52.0,50.0,2.0,2.0,4.0,0.5975740417068346,nan,240,-0.038743281859338397,1.031042812779172,-0.00945226193235488,0.909011017580019,1.0,correct
UBFC_A4_L3_C050_SEED101/Eval_On_PURE,PURE,old,906,31,window,930,1170,31.0,39.0,8.0,52.0,50.0,2.0,2.0,4.0,0.6560297627631806,nan,240,-0.09104145096730916,1.032159264053266,0.009729333854107364,0.8906086766971918,1.0,correct
UBFC_A4_L3_C050_SEED101/Eval_On_PURE,PURE,old,906,32,window,960,1200,32.0,40.0,8.0,50.0,49.0,1.0,1.0,2.0408163265306123,0.6036595140424313,nan,240,-0.07533545715505609,1.0350711350012816,-0.0021500312875696167,0.8555737209202509,1.0,correct
UBFC_A4_L3_C050_SEED101/Eval_On_PURE,PURE,old,906,33,window,990,1230,33.0,41.0,8.0,97.0,49.0,48.0,48.0,97.95918367346938,0.4882206039225564,nan,240,-0.03898227194362975,1.0529027043612742,0.007394909150098102,0.9053963347565446,1.0,super_harmonic_2x
UBFC_A4_L3_C050_SEED101/Eval_On_PURE,PURE,old,906,34,window,1020,1260,34.0,42.0,8.0,97.0,49.0,48.0,48.0,97.95918367346938,0.5607546490360407,nan,240,-0.04366244269822841,1.0580102584266442,0.00891717653687315,0.8435224558857,1.0,super_harmonic_2x
UBFC_A4_L3_C050_SEED101/Eval_On_PURE,PURE,old,906,35,window,1050,1290,35.0,43.0,8.0,96.0,48.0,48.0,48.0,100.0,0.47028843938266723,nan,240,-0.12694179652551255,1.0187682682279287,-0.023175460156630592,0.8804039181715348,1.0,super_harmonic_2x
UBFC_A4_L3_C050_SEED101/Eval_On_PURE,PURE,old,906,36,window,1080,1320,36.0,44.0,8.0,46.0,48.0,-2.0,2.0,4.166666666666666,0.5216146349237917,nan,240,-0.1460367938837197,0.9730368328411994,-0.012108202199732169,0.8522074040678956,1.0,correct
UBFC_A4_L3_C050_SEED101/Eval_On_PURE,PURE,old,906,37,window,1110,1350,37.0,45.0,8.0,97.0,48.0,49.0,49.0,102.08333333333333,0.5606711787491541,nan,240,-0.03133862414380729,1.01469548717909,-0.012059771521632172,0.8914050862682893,1.0,super_harmonic_2x
UBFC_A4_L3_C050_SEED101/Eval_On_PURE,PURE,old,906,38,window,1140,1380,38.0,46.0,8.0,97.0,48.0,49.0,49.0,102.08333333333333,0.5194065295805509,nan,240,0.06745304841443275,0.999523648807737,0.021394212282035727,0.883804929406121,1.0,super_harmonic_2x
UBFC_A4_L3_C050_SEED101/Eval_On_PURE,PURE,old,906,39,window,1170,1410,39.0,47.0,8.0,97.0,49.0,48.0,48.0,97.95918367346938,0.5808757836696278,nan,240,0.11049516259544316,1.051509258710853,0.03223464443362311,0.8532033218703706,1.0,super_harmonic_2x
UBFC_A4_L3_C050_SEED101/Eval_On_PURE,PURE,old,906,40,window,1200,1440,40.0,48.0,8.0,98.0,49.0,49.0,49.0,100.0,0.5574093826493298,nan,240,0.0943164650190651,1.0664411401611193,-0.014541980405660064,0.8857690814033723,1.0,super_harmonic_2x
UBFC_A4_L3_C050_SEED101/Eval_On_PURE,PURE,old,906,41,window,1230,1470,41.0,49.0,8.0,97.0,49.0,48.0,48.0,97.95918367346938,0.5024324279340138,nan,240,0.03559132490403261,1.0630433259690186,0.008284256029570976,0.8959718476898446,1.0,super_harmonic_2x
UBFC_A4_L3_C050_SEED101/Eval_On_PURE,PURE,old,906,42,window,1260,1500,42.0,50.0,8.0,51.0,50.0,1.0,1.0,2.0,0.6547239761936027,nan,240,-0.005478345139735626,1.0803757342031808,0.017186205646199514,0.9045507014024602,1.0,correct
UBFC_A4_L3_C050_SEED101/Eval_On_PURE,PURE,old,906,43,window,1290,1530,43.0,51.0,8.0,52.0,50.0,2.0,2.0,4.0,0.5698368368667488,nan,240,0.06272073436871577,1.1060792980929246,0.007395046791512853,0.8550721397351586,1.0,correct
UBFC_A4_L3_C050_SEED101/Eval_On_PURE,PURE,old,906,44,window,1320,1560,44.0,52.0,8.0,51.0,49.0,2.0,2.0,4.081632653061225,0.6100548574837258,nan,240,0.07699930558660495,1.164320400748518,0.017535509310508637,0.889711958156655,1.0,correct
UBFC_A4_L3_C050_SEED101/Eval_On_PURE,PURE,old,906,45,window,1350,1590,45.0,53.0,8.0,98.0,50.0,48.0,48.0,96.0,0.5543916452394233,nan,240,0.005066083605271698,1.1606524657180486,0.0018562288886038467,0.8911421439142767,1.0,super_harmonic_2x
UBFC_A4_L3_C050_SEED101/Eval_On_PURE,PURE,old,906,46,window,1380,1620,46.0,54.0,8.0,98.0,49.0,49.0,49.0,100.0,0.42034700294305166,nan,240,-0.01528718102789736,1.158679430672394,-0.031101562593101203,0.9057166034346377,1.0,super_harmonic_2x
UBFC_A4_L3_C050_SEED101/Eval_On_PURE,PURE,old,906,47,window,1410,1650,47.0,55.0,8.0,97.0,49.0,48.0,48.0,97.95918367346938,0.5288609013823118,nan,240,-0.008372297796800661,1.1072737149681697,0.01457473653223154,0.9057215068266442,1.0,super_harmonic_2x
UBFC_A4_L3_C050_SEED101/Eval_On_PURE,PURE,old,906,48,window,1440,1680,48.0,56.0,8.0,97.0,48.0,49.0,49.0,102.08333333333333,0.6241940144442572,nan,240,0.0579275864833605,1.1181387953652038,-0.01992514976813553,0.8778567068252056,1.0,super_harmonic_2x
UBFC_A4_L3_C050_SEED101/Eval_On_PURE,PURE,old,906,49,window,1470,1710,49.0,57.0,8.0,47.0,48.0,-1.0,1.0,2.083333333333333,0.5465491503697446,nan,240,0.15027676919789823,1.1351183164274938,-0.009350695477338447,0.8445119114780262,1.0,correct
UBFC_A4_L3_C050_SEED101/Eval_On_PURE,PURE,old,906,50,window,1500,1740,50.0,58.0,8.0,49.0,48.0,1.0,1.0,2.083333333333333,0.7964856123671812,nan,240,0.20671846768937457,1.1363377291041883,0.026461530084192296,0.8926593900955275,1.0,correct
UBFC_A4_L3_C050_SEED101/Eval_On_PURE,PURE,old,906,51,window,1530,1770,51.0,59.0,8.0,51.0,49.0,2.0,2.0,4.081632653061225,0.7221595640320303,nan,240,0.16375984484949913,1.1355602870959585,-0.020108290225410594,0.8997480065212482,1.0,correct
UBFC_A4_L3_C050_SEED101/Eval_On_PURE,PURE,old,906,52,window,1560,1800,52.0,60.0,8.0,50.0,49.0,1.0,1.0,2.0408163265306123,0.7470538071486835,nan,240,0.12790574542448951,1.0891261745529053,-0.005892970631276754,0.8908030838156819,1.0,correct
UBFC_A4_L3_C050_SEED101/Eval_On_PURE,PURE,old,906,53,window,1590,1830,53.0,61.0,8.0,50.0,49.0,1.0,1.0,2.0408163265306123,0.7922988347576246,nan,240,0.14462791266008393,1.0920989419266465,0.0026360461964824887,0.8926348132864865,1.0,correct
UBFC_A4_L3_C050_SEED101/Eval_On_PURE,PURE,old,906,54,window,1620,1860,54.0,62.0,8.0,50.0,50.0,0.0,0.0,0.0,0.6776395133239607,nan,240,0.16987892213757758,1.091841345554491,0.007865100010819026,0.8638484640454297,1.0,correct
UBFC_A4_L3_C050_SEED101/Eval_On_PURE,PURE,old,906,55,window,1650,1890,55.0,63.0,8.0,49.0,50.0,-1.0,1.0,2.0,0.7425360415201545,nan,240,0.138825109262778,1.0950520789186762,0.03098222100299167,0.875579787569369,1.0,correct
UBFC_A4_L3_C050_SEED101/Eval_On_PURE,PURE,old,906,56,window,1680,1920,56.0,64.0,8.0,51.0,50.0,1.0,1.0,2.0,0.778135874829118,nan,240,0.07837023961558888,1.069267595638875,0.011331120786248813,0.8841504700406744,1.0,correct
