run_name,dataset,protocol,recording_id,measurement_id,gt_hr_bpm,predicted_hr_bpm,failure_type,gt_top1_bpm,gt_top1_power,gt_top2_bpm,gt_top2_power,gt_top3_bpm,gt_top3_power,prediction_top1_bpm,prediction_top1_power,prediction_top2_bpm,prediction_top2_power,prediction_top3_bpm,prediction_top3_power,source_id,subject_id,session,illumination,image_brightness_mean,image_contrast_std,dark_pixel_percent,bright_pixel_percent,sharpness_laplacian_variance,motion_mean_absolute_difference
UBFC_A1/Eval_On_COHFACE,COHFACE,old,COHFACE_s01_session0_lamp,0,88.0,82.0,large_error,88.0,0.9999999999999999,89.0,0.9863418572593966,72.0,0.9747032599622885,82.0,0.9999999999999998,83.0,0.9519986620539568,81.0,0.9304740048254803,1_0,1,0,lamp,115.280471802,58.1002616882,5.65371481788,0.0777086674772,385.349088261,0.261584192514
UBFC_A1/Eval_On_COHFACE,COHFACE,old,COHFACE_s01_session0_lamp,1,75.0,60.0,large_error,75.0,0.9999999999999999,74.0,0.9851557737097401,76.0,0.948653891166138,60.0,0.9999999999999998,61.0,0.9586453025940115,59.0,0.9286006183467868,1_0,1,0,lamp,115.280471802,58.1002616882,5.65371481788,0.0777086674772,385.349088261,0.261584192514
UBFC_A1/Eval_On_COHFACE,COHFACE,old,COHFACE_s01_session0_lamp,2,73.0,52.0,large_error,73.0,0.9999999999999999,74.0,0.9516048048484741,72.0,0.9502241898508611,52.0,0.9999999999999998,53.0,0.9922577688668178,51.0,0.9329907004472473,1_0,1,0,lamp,115.280471802,58.1002616882,5.65371481788,0.0777086674772,385.349088261,0.261584192514
UBFC_A1/Eval_On_COHFACE,COHFACE,old,COHFACE_s01_session0_lamp,3,72.0,51.0,large_error,72.0,1.0,73.0,0.97046611027932,71.0,0.9259104869979361,51.0,0.9999999999999998,52.0,0.9999004265958702,53.0,0.912789783069097,1_0,1,0,lamp,115.280471802,58.1002616882,5.65371481788,0.0777086674772,385.349088261,0.261584192514
UBFC_A1/Eval_On_COHFACE,COHFACE,old,COHFACE_s01_session0_lamp,4,73.0,51.0,large_error,73.0,0.9999999999999999,72.0,0.9920227649844257,74.0,0.9105235491324692,51.0,0.9999999999999998,50.0,0.972602270894921,52.0,0.9067050888553414,1_0,1,0,lamp,115.280471802,58.1002616882,5.65371481788,0.0777086674772,385.349088261,0.261584192514
UBFC_A1/Eval_On_COHFACE,COHFACE,old,COHFACE_s01_session0_lamp,5,74.0,49.0,large_error,74.0,0.9999999999999999,75.0,0.9840248476744202,73.0,0.9242175419650404,49.0,0.9999999999999997,50.0,0.9923535891598444,48.0,0.920046502316104,1_0,1,0,lamp,115.280471802,58.1002616882,5.65371481788,0.0777086674772,385.349088261,0.261584192514
UBFC_A1/Eval_On_COHFACE,COHFACE,old,COHFACE_s01_session0_lamp,6,77.0,51.0,large_error,77.0,0.9999999999999999,78.0,0.9960576896053966,76.0,0.9027402140943087,51.0,0.9999999999999999,52.0,0.9981384794243667,50.0,0.8572560969170612,1_0,1,0,lamp,115.280471802,58.1002616882,5.65371481788,0.0777086674772,385.349088261,0.261584192514
UBFC_A1/Eval_On_COHFACE,COHFACE,old,COHFACE_s01_session0_lamp,7,80.0,53.0,large_error,80.0,0.9999999999999999,79.0,0.9880607462352327,81.0,0.910046721776602,53.0,0.9999999999999998,54.0,0.9633824416060915,52.0,0.9573650055237533,1_0,1,0,lamp,115.280471802,58.1002616882,5.65371481788,0.0777086674772,385.349088261,0.261584192514
UBFC_A1/Eval_On_COHFACE,COHFACE,old,COHFACE_s01_session0_lamp,8,82.0,52.0,large_error,82.0,0.9999999999999999,81.0,0.9827121623832399,83.0,0.9100610680558943,52.0,0.9999999999999998,53.0,0.9744721946903988,51.0,0.9456921510377361,1_0,1,0,lamp,115.280471802,58.1002616882,5.65371481788,0.0777086674772,385.349088261,0.261584192514
UBFC_A1/Eval_On_COHFACE,COHFACE,old,COHFACE_s01_session0_lamp,9,83.0,83.0,correct,83.0,1.0,82.0,0.9420079261908036,84.0,0.9415715534635885,83.0,0.9999999999999999,84.0,0.9880427007340213,82.0,0.906378599388261,1_0,1,0,lamp,115.280471802,58.1002616882,5.65371481788,0.0777086674772,385.349088261,0.261584192514
UBFC_A1/Eval_On_COHFACE,COHFACE,old,COHFACE_s01_session0_lamp,10,83.0,83.0,correct,83.0,0.9999999999999999,82.0,0.9798690612656183,84.0,0.9099543487279469,83.0,0.9999999999999999,82.0,0.9617943859879784,84.0,0.9287536370966929,1_0,1,0,lamp,115.280471802,58.1002616882,5.65371481788,0.0777086674772,385.349088261,0.261584192514
UBFC_A1/Eval_On_COHFACE,COHFACE,old,COHFACE_s01_session0_lamp,11,81.0,61.0,large_error,81.0,0.9999999999999999,82.0,0.9857958102232705,80.0,0.9197270872755966,61.0,0.9999999999999998,60.0,0.9672229650034555,61.99999999999999,0.9248875428472957,1_0,1,0,lamp,115.280471802,58.1002616882,5.65371481788,0.0777086674772,385.349088261,0.261584192514
UBFC_A1/Eval_On_COHFACE,COHFACE,old,COHFACE_s01_session0_lamp,12,80.0,82.0,correct,80.0,0.9999999999999999,79.0,0.969652285626653,81.0,0.9110664957211544,82.0,0.9999999999999999,81.0,0.9989982624482979,83.0,0.9119370257526549,1_0,1,0,lamp,115.280471802,58.1002616882,5.65371481788,0.0777086674772,385.349088261,0.261584192514
UBFC_A1/Eval_On_COHFACE,COHFACE,old,COHFACE_s01_session0_lamp,13,78.0,61.0,large_error,78.0,0.9999999999999999,79.0,0.9829172026685274,77.0,0.9049317972610289,61.0,0.9999999999999998,60.0,0.9515708520024797,61.99999999999999,0.9295870450488012,1_0,1,0,lamp,115.280471802,58.1002616882,5.65371481788,0.0777086674772,385.349088261,0.261584192514
UBFC_A1/Eval_On_COHFACE,COHFACE,old,COHFACE_s01_session0_lamp,14,77.0,75.0,correct,77.0,0.9999999999999999,76.0,0.9475345657391072,78.0,0.9453728798727551,75.0,0.9999999999999998,61.0,0.9740271506316431,60.0,0.9674060568319776,1_0,1,0,lamp,115.280471802,58.1002616882,5.65371481788,0.0777086674772,385.349088261,0.261584192514
UBFC_A1/Eval_On_COHFACE,COHFACE,old,COHFACE_s01_session0_lamp,15,77.0,60.0,large_error,77.0,1.0,76.0,0.9646384370290203,78.0,0.9197824289600011,60.0,0.9999999999999998,59.0,0.9537870739178099,61.0,0.9161751952689927,1_0,1,0,lamp,115.280471802,58.1002616882,5.65371481788,0.0777086674772,385.349088261,0.261584192514
UBFC_A1/Eval_On_COHFACE,COHFACE,old,COHFACE_s01_session0_lamp,16,78.0,60.0,large_error,78.0,0.9999999999999999,77.0,0.9729707797602254,79.0,0.928844794417903,60.0,0.9999999999999999,59.0,0.9631332768158077,61.0,0.908054638378367,1_0,1,0,lamp,115.280471802,58.1002616882,5.65371481788,0.0777086674772,385.349088261,0.261584192514
UBFC_A1/Eval_On_COHFACE,COHFACE,old,COHFACE_s01_session0_lamp,17,80.0,55.0,large_error,80.0,0.9999999999999999,79.0,0.9626084079062154,81.0,0.9303974781003581,55.0,0.9999999999999998,54.0,0.9971113074391464,56.0,0.9541931478031115,1_0,1,0,lamp,115.280471802,58.1002616882,5.65371481788,0.0777086674772,385.349088261,0.261584192514
UBFC_A1/Eval_On_COHFACE,COHFACE,old,COHFACE_s01_session0_lamp,18,82.0,54.0,large_error,82.0,0.9999999999999999,81.0,0.982067793627483,83.0,0.9067010812801508,54.0,0.9999999999999998,55.0,0.9786047461521,53.0,0.9777173067227793,1_0,1,0,lamp,115.280471802,58.1002616882,5.65371481788,0.0777086674772,385.349088261,0.261584192514
UBFC_A1/Eval_On_COHFACE,COHFACE,old,COHFACE_s01_session0_lamp,19,82.0,54.0,large_error,82.0,0.9999999999999999,83.0,0.9924716658780093,81.0,0.8936719024475132,54.0,0.9999999999999998,53.0,0.9936122034209387,55.0,0.9584259780310791,1_0,1,0,lamp,115.280471802,58.1002616882,5.65371481788,0.0777086674772,385.349088261,0.261584192514
UBFC_A1/Eval_On_COHFACE,COHFACE,old,COHFACE_s01_session0_lamp,20,84.0,53.0,large_error,84.0,0.9999999999999999,83.0,0.9614984127306888,85.0,0.9266216702413338,53.0,0.9999999999999998,54.0,0.9743635373955275,52.0,0.9584473237664008,1_0,1,0,lamp,115.280471802,58.1002616882,5.65371481788,0.0777086674772,385.349088261,0.261584192514
UBFC_A1/Eval_On_COHFACE,COHFACE,old,COHFACE_s01_session0_lamp,21,84.0,52.0,large_error,84.0,0.9999999999999999,85.0,0.9644552727175297,83.0,0.9178757966154657,52.0,0.9999999999999998,51.0,0.9992926665353274,53.0,0.9033269504288102,1_0,1,0,lamp,115.280471802,58.1002616882,5.65371481788,0.0777086674772,385.349088261,0.261584192514
UBFC_A1/Eval_On_COHFACE,COHFACE,old,COHFACE_s01_session0_lamp,22,83.0,82.0,correct,83.0,0.9999999999999999,84.0,0.9866093909045038,82.0,0.9044674049125888,82.0,0.9999999999999994,83.0,0.9392127542853608,81.0,0.9357863712368637,1_0,1,0,lamp,115.280471802,58.1002616882,5.65371481788,0.0777086674772,385.349088261,0.261584192514
UBFC_A1/Eval_On_COHFACE,COHFACE,old,COHFACE_s01_session0_lamp,23,83.0,81.0,correct,83.0,0.9999999999999999,82.0,0.990652553813017,84.0,0.9000227748760804,81.0,0.9999999999999997,80.0,0.9881510887938051,82.0,0.9409597639744205,1_0,1,0,lamp,115.280471802,58.1002616882,5.65371481788,0.0777086674772,385.349088261,0.261584192514
UBFC_A1/Eval_On_COHFACE,COHFACE,old,COHFACE_s01_session0_lamp,24,82.0,82.0,correct,82.0,0.9999999999999999,83.0,0.959189567983862,81.0,0.9263828400692823,82.0,0.9999999999999998,81.0,0.9739423689915722,83.0,0.9140924135653496,1_0,1,0,lamp,115.280471802,58.1002616882,5.65371481788,0.0777086674772,385.349088261,0.261584192514
UBFC_A1/Eval_On_COHFACE,COHFACE,old,COHFACE_s01_session0_lamp,25,82.0,80.0,correct,82.0,0.9999999999999999,81.0,0.9465399714851228,83.0,0.9389072112735076,80.0,0.9999999999999998,81.0,0.9622066087233558,79.0,0.937898646142722,1_0,1,0,lamp,115.280471802,58.1002616882,5.65371481788,0.0777086674772,385.349088261,0.261584192514
UBFC_A1/Eval_On_COHFACE,COHFACE,old,COHFACE_s01_session0_lamp,26,82.0,80.0,correct,82.0,0.9999999999999999,83.0,0.9686327926839524,81.0,0.9219965931345339,80.0,0.9999999999999997,79.0,0.9542513488475015,81.0,0.9444388989580201,1_0,1,0,lamp,115.280471802,58.1002616882,5.65371481788,0.0777086674772,385.349088261,0.261584192514
UBFC_A1/Eval_On_COHFACE,COHFACE,old,COHFACE_s01_session0_lamp,27,83.0,59.0,large_error,83.0,0.9999999999999999,82.0,0.9597240866654173,84.0,0.9298604136978985,59.0,0.9999999999999993,58.0,0.9751668974095653,60.0,0.9636820613425569,1_0,1,0,lamp,115.280471802,58.1002616882,5.65371481788,0.0777086674772,385.349088261,0.261584192514
UBFC_A1/Eval_On_COHFACE,COHFACE,old,COHFACE_s01_session0_lamp,28,84.0,61.99999999999999,large_error,84.0,0.9999999999999999,85.0,0.9968903674795477,83.0,0.8997002507229557,61.99999999999999,0.9999999999999997,63.0,0.999160695999655,64.0,0.9482916210124004,1_0,1,0,lamp,115.280471802,58.1002616882,5.65371481788,0.0777086674772,385.349088261,0.261584192514
UBFC_A1/Eval_On_COHFACE,COHFACE,old,COHFACE_s01_session0_lamp,29,85.0,61.0,large_error,85.0,0.9999999999999999,86.0,0.9979473494963482,84.0,0.887863234806258,61.0,0.9999999999999997,60.0,0.9887544546576275,61.99999999999999,0.925310689780552,1_0,1,0,lamp,115.280471802,58.1002616882,5.65371481788,0.0777086674772,385.349088261,0.261584192514
UBFC_A1/Eval_On_COHFACE,COHFACE,old,COHFACE_s01_session0_lamp,30,86.0,63.0,large_error,86.0,0.9999999999999999,87.0,0.9582049297016225,85.0,0.9259007811216563,63.0,0.9999999999999997,64.0,0.9585562556904704,61.99999999999999,0.9184280712632247,1_0,1,0,lamp,115.280471802,58.1002616882,5.65371481788,0.0777086674772,385.349088261,0.261584192514
UBFC_A1/Eval_On_COHFACE,COHFACE,old,COHFACE_s01_session0_lamp,31,86.0,89.0,correct,86.0,0.9999999999999999,87.0,0.9823573526420204,85.0,0.9031277795038607,89.0,0.9999999999999994,90.0,0.9801361086682476,88.0,0.9173567288678354,1_0,1,0,lamp,115.280471802,58.1002616882,5.65371481788,0.0777086674772,385.349088261,0.261584192514
UBFC_A1/Eval_On_COHFACE,COHFACE,old,COHFACE_s01_session0_lamp,32,86.0,61.99999999999999,large_error,86.0,0.9999999999999999,85.0,0.9921209859508511,87.0,0.9024671168564111,61.99999999999999,0.9999999999999997,63.0,0.9983567303466487,64.0,0.9272467571717724,1_0,1,0,lamp,115.280471802,58.1002616882,5.65371481788,0.0777086674772,385.349088261,0.261584192514
UBFC_A1/Eval_On_COHFACE,COHFACE,old,COHFACE_s01_session0_lamp,33,85.0,82.0,correct,85.0,0.9999999999999999,84.0,0.9834372756385473,86.0,0.9170373957047012,82.0,0.9999999999999996,81.0,0.98352125969588,83.0,0.9460617887781843,1_0,1,0,lamp,115.280471802,58.1002616882,5.65371481788,0.0777086674772,385.349088261,0.261584192514
UBFC_A1/Eval_On_COHFACE,COHFACE,old,COHFACE_s01_session0_lamp,34,84.0,81.0,correct,84.0,0.9999999999999999,83.0,0.9766085229249223,85.0,0.9151363141610113,81.0,0.9999999999999996,45.0,0.9582311064339569,46.0,0.9541364395671873,1_0,1,0,lamp,115.280471802,58.1002616882,5.65371481788,0.0777086674772,385.349088261,0.261584192514
UBFC_A1/Eval_On_COHFACE,COHFACE,old,COHFACE_s01_session0_lamp,35,83.0,78.0,large_error,83.0,0.9999999999999999,84.0,0.98054573422653,82.0,0.9101242199518678,78.0,0.9999999999999997,79.0,0.9715181165601096,77.0,0.9347620497494938,1_0,1,0,lamp,115.280471802,58.1002616882,5.65371481788,0.0777086674772,385.349088261,0.261584192514
UBFC_A1/Eval_On_COHFACE,COHFACE,old,COHFACE_s01_session0_lamp,36,84.0,81.0,correct,84.0,0.9999999999999999,83.0,0.9975156952114951,85.0,0.8891386444035801,81.0,0.9999999999999998,82.0,0.956879294994862,80.0,0.9326043790472882,1_0,1,0,lamp,115.280471802,58.1002616882,5.65371481788,0.0777086674772,385.349088261,0.261584192514
UBFC_A1/Eval_On_COHFACE,COHFACE,old,COHFACE_s01_session0_lamp,37,85.0,82.0,correct,85.0,0.9999999999999998,84.0,0.9832400114194384,86.0,0.8980528681529647,82.0,0.9999999999999998,81.0,0.975462902717327,83.0,0.9120717431614881,1_0,1,0,lamp,115.280471802,58.1002616882,5.65371481788,0.0777086674772,385.349088261,0.261584192514
UBFC_A1/Eval_On_COHFACE,COHFACE,old,COHFACE_s01_session0_lamp,38,86.0,86.0,correct,86.0,0.9999999999999998,87.0,0.9849022030702596,85.0,0.8963318815663993,86.0,0.9999999999999997,87.0,0.9995282091703406,85.0,0.9634148230571422,1_0,1,0,lamp,115.280471802,58.1002616882,5.65371481788,0.0777086674772,385.349088261,0.261584192514
UBFC_A1/Eval_On_COHFACE,COHFACE,old,COHFACE_s01_session0_lamp,39,88.0,82.0,large_error,88.0,0.9999999999999998,87.0,0.9707144535061009,89.0,0.9046940636220313,82.0,0.9999999999999998,83.0,0.9670501941954196,81.0,0.9527091434416438,1_0,1,0,lamp,115.280471802,58.1002616882,5.65371481788,0.0777086674772,385.349088261,0.261584192514
UBFC_A1/Eval_On_COHFACE,COHFACE,old,COHFACE_s01_session0_lamp,40,88.0,91.0,correct,88.0,0.9999999999999998,89.0,0.9646376341591589,87.0,0.9223554478657457,91.0,0.9999999999999998,90.0,0.9821843434861264,92.0,0.9168630810541691,1_0,1,0,lamp,115.280471802,58.1002616882,5.65371481788,0.0777086674772,385.349088261,0.261584192514
UBFC_A1/Eval_On_COHFACE,COHFACE,old,COHFACE_s01_session0_lamp,41,88.0,80.0,large_error,88.0,0.9999999999999999,87.0,0.9421674250196347,89.0,0.9418990364441122,80.0,0.9999999999999997,79.0,0.9792239246374103,81.0,0.9390254389122323,1_0,1,0,lamp,115.280471802,58.1002616882,5.65371481788,0.0777086674772,385.349088261,0.261584192514
UBFC_A1/Eval_On_COHFACE,COHFACE,old,COHFACE_s01_session0_lamp,42,87.0,78.0,large_error,87.0,0.9999999999999999,88.0,0.9476601548816901,86.0,0.944215654457866,78.0,0.9999999999999996,79.0,0.9815820371834438,77.0,0.9389382667701072,1_0,1,0,lamp,115.280471802,58.1002616882,5.65371481788,0.0777086674772,385.349088261,0.261584192514
UBFC_A1/Eval_On_COHFACE,COHFACE,old,COHFACE_s01_session0_lamp,43,86.0,80.0,large_error,86.0,0.9999999999999999,85.0,0.982614389011086,87.0,0.9153728681685913,80.0,0.9999999999999997,79.0,0.9111233335033391,81.0,0.8953393850908085,1_0,1,0,lamp,115.280471802,58.1002616882,5.65371481788,0.0777086674772,385.349088261,0.261584192514
UBFC_A1/Eval_On_COHFACE,COHFACE,old,COHFACE_s01_session0_lamp,44,85.0,69.0,large_error,85.0,0.9999999999999999,84.0,0.9479765554908115,86.0,0.9363269025929795,69.0,0.9999999999999997,70.0,0.9104332363851724,68.0,0.9079290739824285,1_0,1,0,lamp,115.280471802,58.1002616882,5.65371481788,0.0777086674772,385.349088261,0.261584192514
UBFC_A1/Eval_On_COHFACE,COHFACE,old,COHFACE_s01_session0_lamp,45,85.0,68.0,large_error,85.0,0.9999999999999999,84.0,0.9628363784362186,86.0,0.9274695291539533,68.0,0.9999999999999996,67.0,0.9683103753438461,69.0,0.9468583008687557,1_0,1,0,lamp,115.280471802,58.1002616882,5.65371481788,0.0777086674772,385.349088261,0.261584192514
UBFC_A1/Eval_On_COHFACE,COHFACE,old,COHFACE_s01_session0_lamp,46,85.0,68.0,large_error,85.0,0.9999999999999999,86.0,0.9759717639452351,84.0,0.9112831782907683,68.0,0.9999999999999997,69.0,0.9863915573158216,67.0,0.9077162101807499,1_0,1,0,lamp,115.280471802,58.1002616882,5.65371481788,0.0777086674772,385.349088261,0.261584192514
UBFC_A1/Eval_On_COHFACE,COHFACE,old,COHFACE_s01_session0_lamp,47,86.0,67.0,large_error,86.0,0.9999999999999999,87.0,0.9755011099296086,85.0,0.9194238215350974,67.0,0.9999999999999994,66.0,0.9926835991119742,68.0,0.9675182273023055,1_0,1,0,lamp,115.280471802,58.1002616882,5.65371481788,0.0777086674772,385.349088261,0.261584192514
UBFC_A1/Eval_On_COHFACE,COHFACE,old,COHFACE_s01_session0_lamp,48,87.0,65.0,large_error,87.0,0.9999999999999999,88.0,0.997439944334692,86.0,0.8866941895505713,65.0,0.9999999999999997,66.0,0.961704027495351,64.0,0.9314627016205657,1_0,1,0,lamp,115.280471802,58.1002616882,5.65371481788,0.0777086674772,385.349088261,0.261584192514
UBFC_A1/Eval_On_COHFACE,COHFACE,old,COHFACE_s01_session0_lamp,49,88.0,66.0,large_error,88.0,0.9999999999999999,89.0,0.9838113890816297,87.0,0.9046313453146408,66.0,0.9999999999999997,65.0,0.9770427575742784,67.0,0.909550116334394,1_0,1,0,lamp,115.280471802,58.1002616882,5.65371481788,0.0777086674772,385.349088261,0.261584192514
UBFC_A1/Eval_On_COHFACE,COHFACE,old,COHFACE_s01_session0_lamp,50,89.0,51.0,sub_harmonic_half,89.0,0.9999999999999999,88.0,0.9994429278251583,90.0,0.8887988534978584,51.0,0.9999999999999998,52.0,0.9613387692296675,67.0,0.9166471731783835,1_0,1,0,lamp,115.280471802,58.1002616882,5.65371481788,0.0777086674772,385.349088261,0.261584192514
UBFC_A1/Eval_On_COHFACE,COHFACE,old,COHFACE_s01_session1_lamp,0,89.0,57.0,large_error,89.0,0.9999999999999999,88.0,0.9761240721872952,90.0,0.8948019392468213,57.0,0.9999999999999997,58.0,0.9384470912204352,56.0,0.913964110266992,1_1,1,1,lamp,107.196617126,53.920589447,6.83923178161,0.0449275338887,326.369314117,0.244754761457
UBFC_A1/Eval_On_COHFACE,COHFACE,old,COHFACE_s01_session1_lamp,1,89.0,89.0,correct,89.0,0.9999999999999999,90.0,0.9625095059381262,88.0,0.9226057555489952,89.0,0.9999999999999994,90.0,0.9800163695184766,88.0,0.8958090072473741,1_1,1,1,lamp,107.196617126,53.920589447,6.83923178161,0.0449275338887,326.369314117,0.244754761457
UBFC_A1/Eval_On_COHFACE,COHFACE,old,COHFACE_s01_session1_lamp,2,88.0,56.0,large_error,88.0,0.9999999999999998,89.0,0.9995540916465273,90.0,0.9147680705148405,56.0,0.9999999999999996,55.0,0.9925282758607277,57.0,0.9882851155655146,1_1,1,1,lamp,107.196617126,53.920589447,6.83923178161,0.0449275338887,326.369314117,0.244754761457
UBFC_A1/Eval_On_COHFACE,COHFACE,old,COHFACE_s01_session1_lamp,3,86.0,53.0,large_error,86.0,0.9999999999999999,87.0,0.9669417859384711,85.0,0.9246115306706366,53.0,0.9999999999999997,54.0,0.9878919353243012,52.0,0.963396108913288,1_1,1,1,lamp,107.196617126,53.920589447,6.83923178161,0.0449275338887,326.369314117,0.244754761457
UBFC_A1/Eval_On_COHFACE,COHFACE,old,COHFACE_s01_session1_lamp,4,84.0,54.0,large_error,84.0,0.9999999999999998,85.0,0.9524756125327691,83.0,0.9516429584014369,54.0,0.9999999999999998,53.0,0.9793971405801896,55.0,0.9146814582845425,1_1,1,1,lamp,107.196617126,53.920589447,6.83923178161,0.0449275338887,326.369314117,0.244754761457
UBFC_A1/Eval_On_COHFACE,COHFACE,old,COHFACE_s01_session1_lamp,5,83.0,53.0,large_error,83.0,0.9999999999999999,84.0,0.9713450933339621,82.0,0.9127112321844787,53.0,0.9999999999999997,54.0,0.9738997272557589,52.0,0.9121387067431658,1_1,1,1,lamp,107.196617126,53.920589447,6.83923178161,0.0449275338887,326.369314117,0.244754761457
UBFC_A1/Eval_On_COHFACE,COHFACE,old,COHFACE_s01_session1_lamp,6,83.0,82.0,correct,83.0,0.9999999999999999,84.0,0.949873545564581,82.0,0.9383954527205607,82.0,0.9999999999999998,83.0,0.9566391728320319,81.0,0.9090515622376082,1_1,1,1,lamp,107.196617126,53.920589447,6.83923178161,0.0449275338887,326.369314117,0.244754761457
UBFC_A1/Eval_On_COHFACE,COHFACE,old,COHFACE_s01_session1_lamp,7,84.0,84.0,correct,84.0,0.9999999999999999,83.0,0.985557624389814,85.0,0.9000399549824437,84.0,0.9999999999999991,83.0,0.9573098850295846,85.0,0.9235250996388714,1_1,1,1,lamp,107.196617126,53.920589447,6.83923178161,0.0449275338887,326.369314117,0.244754761457
UBFC_A1/Eval_On_COHFACE,COHFACE,old,COHFACE_s01_session1_lamp,8,85.0,51.0,large_error,85.0,0.9999999999999999,86.0,0.9633499237902896,84.0,0.9301539402806482,51.0,0.9999999999999998,50.0,0.9621890031461828,52.0,0.8949270910378164,1_1,1,1,lamp,107.196617126,53.920589447,6.83923178161,0.0449275338887,326.369314117,0.244754761457
UBFC_A1/Eval_On_COHFACE,COHFACE,old,COHFACE_s01_session1_lamp,9,86.0,81.0,large_error,86.0,0.9999999999999999,87.0,0.9934299299597675,85.0,0.8903609298112583,81.0,0.9999999999999996,82.0,0.9541538246863214,80.0,0.9408680214493554,1_1,1,1,lamp,107.196617126,53.920589447,6.83923178161,0.0449275338887,326.369314117,0.244754761457
UBFC_A1/Eval_On_COHFACE,COHFACE,old,COHFACE_s01_session1_lamp,10,87.0,48.0,sub_harmonic_half,87.0,0.9999999999999999,86.0,0.9650163582015974,88.0,0.9220055972859466,48.0,0.9999999999999997,47.0,0.9630837789098086,49.0,0.9287641625296007,1_1,1,1,lamp,107.196617126,53.920589447,6.83923178161,0.0449275338887,326.369314117,0.244754761457
UBFC_A1/Eval_On_COHFACE,COHFACE,old,COHFACE_s01_session1_lamp,11,87.0,44.0,sub_harmonic_half,87.0,0.9999999999999999,86.0,0.9589000117192514,88.0,0.92980173719935,44.0,0.9999999999999994,43.0,0.9835857581262045,45.0,0.9443189576636059,1_1,1,1,lamp,107.196617126,53.920589447,6.83923178161,0.0449275338887,326.369314117,0.244754761457
UBFC_A1/Eval_On_COHFACE,COHFACE,old,COHFACE_s01_session1_lamp,12,86.0,96.0,large_error,86.0,0.9999999999999999,87.0,0.9655944630154728,85.0,0.9131728781306312,96.0,0.9999999999999997,97.0,0.9901726876493001,95.0,0.874843177797662,1_1,1,1,lamp,107.196617126,53.920589447,6.83923178161,0.0449275338887,326.369314117,0.244754761457
UBFC_A1/Eval_On_COHFACE,COHFACE,old,COHFACE_s01_session1_lamp,13,85.0,57.0,large_error,85.0,0.9999999999999999,86.0,0.9680363456754026,84.0,0.9273535515001287,57.0,0.9999999999999994,58.0,0.991425693151588,91.0,0.9203778616111962,1_1,1,1,lamp,107.196617126,53.920589447,6.83923178161,0.0449275338887,326.369314117,0.244754761457
UBFC_A1/Eval_On_COHFACE,COHFACE,old,COHFACE_s01_session1_lamp,14,83.0,68.0,large_error,83.0,0.9999999999999998,84.0,0.9987312251610754,82.0,0.9007847185052242,68.0,0.9999999999999998,67.0,0.9519534686514642,78.0,0.8857361014275444,1_1,1,1,lamp,107.196617126,53.920589447,6.83923178161,0.0449275338887,326.369314117,0.244754761457
UBFC_A1/Eval_On_COHFACE,COHFACE,old,COHFACE_s01_session1_lamp,15,82.0,93.0,large_error,82.0,0.9999999999999999,81.0,0.9675686399319539,83.0,0.9222288825416423,93.0,0.9999999999999997,94.0,0.999526964452413,92.0,0.8983992026079209,1_1,1,1,lamp,107.196617126,53.920589447,6.83923178161,0.0449275338887,326.369314117,0.244754761457
UBFC_A1/Eval_On_COHFACE,COHFACE,old,COHFACE_s01_session1_lamp,16,81.0,43.0,sub_harmonic_half,81.0,0.9999999999999999,82.0,0.9624398259683817,80.0,0.9300176760724631,43.0,0.9999999999999993,118.0,0.9951186005658621,44.0,0.9693736383576961,1_1,1,1,lamp,107.196617126,53.920589447,6.83923178161,0.0449275338887,326.369314117,0.244754761457
UBFC_A1/Eval_On_COHFACE,COHFACE,old,COHFACE_s01_session1_lamp,17,81.0,45.0,sub_harmonic_half,81.0,0.9999999999999999,80.0,0.9650893217483596,82.0,0.9275132610880144,45.0,0.9999999999999997,46.0,0.9584560927664401,44.0,0.9316683249563564,1_1,1,1,lamp,107.196617126,53.920589447,6.83923178161,0.0449275338887,326.369314117,0.244754761457
UBFC_A1/Eval_On_COHFACE,COHFACE,old,COHFACE_s01_session1_lamp,18,82.0,89.0,large_error,82.0,0.9999999999999999,81.0,0.9946641371596934,83.0,0.8984310710483758,89.0,0.9999999999999997,90.0,0.9909255438778789,88.0,0.8467354843947236,1_1,1,1,lamp,107.196617126,53.920589447,6.83923178161,0.0449275338887,326.369314117,0.244754761457
UBFC_A1/Eval_On_COHFACE,COHFACE,old,COHFACE_s01_session1_lamp,19,83.0,54.0,large_error,83.0,0.9999999999999999,82.0,0.9906796722293749,84.0,0.9005865984600593,54.0,0.9999999999999996,55.0,0.9404880437357271,53.0,0.9275186125222405,1_1,1,1,lamp,107.196617126,53.920589447,6.83923178161,0.0449275338887,326.369314117,0.244754761457
UBFC_A1/Eval_On_COHFACE,COHFACE,old,COHFACE_s01_session1_lamp,20,85.0,53.0,large_error,85.0,0.9999999999999999,84.0,0.9938468517961191,86.0,0.8970867044701021,53.0,0.9999999999999999,52.0,0.9803763208818979,54.0,0.9018530667275174,1_1,1,1,lamp,107.196617126,53.920589447,6.83923178161,0.0449275338887,326.369314117,0.244754761457
UBFC_A1/Eval_On_COHFACE,COHFACE,old,COHFACE_s01_session1_lamp,21,85.0,52.0,large_error,85.0,0.9999999999999999,86.0,0.9625693967791636,84.0,0.9212596659296962,52.0,0.9999999999999998,51.0,0.9934430281636027,53.0,0.9165075733607131,1_1,1,1,lamp,107.196617126,53.920589447,6.83923178161,0.0449275338887,326.369314117,0.244754761457
UBFC_A1/Eval_On_COHFACE,COHFACE,old,COHFACE_s01_session1_lamp,22,85.0,85.0,correct,85.0,0.9999999999999999,86.0,0.9915354495725074,84.0,0.8883094856851739,85.0,0.9999999999999996,84.0,0.9995181100307986,83.0,0.8998207499605677,1_1,1,1,lamp,107.196617126,53.920589447,6.83923178161,0.0449275338887,326.369314117,0.244754761457
UBFC_A1/Eval_On_COHFACE,COHFACE,old,COHFACE_s01_session1_lamp,23,86.0,43.0,sub_harmonic_half,86.0,0.9999999999999999,85.0,0.9949987644674374,87.0,0.8993731489307987,43.0,0.9999999999999998,44.0,0.9937613344523946,42.0,0.9107461196251719,1_1,1,1,lamp,107.196617126,53.920589447,6.83923178161,0.0449275338887,326.369314117,0.244754761457
UBFC_A1/Eval_On_COHFACE,COHFACE,old,COHFACE_s01_session1_lamp,24,85.0,83.0,correct,85.0,0.9999999999999999,84.0,0.9517562688960723,86.0,0.9397974802802649,83.0,0.9999999999999998,82.0,0.9662637604437788,84.0,0.9499742318803971,1_1,1,1,lamp,107.196617126,53.920589447,6.83923178161,0.0449275338887,326.369314117,0.244754761457
UBFC_A1/Eval_On_COHFACE,COHFACE,old,COHFACE_s01_session1_lamp,25,85.0,55.0,large_error,85.0,0.9999999999999999,84.0,0.9673753755917909,86.0,0.921023010743708,55.0,0.9999999999999998,56.0,0.9234312640728262,54.0,0.909398610056053,1_1,1,1,lamp,107.196617126,53.920589447,6.83923178161,0.0449275338887,326.369314117,0.244754761457
UBFC_A1/Eval_On_COHFACE,COHFACE,old,COHFACE_s01_session1_lamp,26,85.0,59.0,large_error,85.0,0.9999999999999999,84.0,0.962415968396293,86.0,0.9219385472840965,59.0,0.9999999999999999,60.0,0.9991862131718143,58.0,0.9047368671246248,1_1,1,1,lamp,107.196617126,53.920589447,6.83923178161,0.0449275338887,326.369314117,0.244754761457
UBFC_A1/Eval_On_COHFACE,COHFACE,old,COHFACE_s01_session1_lamp,27,85.0,54.0,large_error,85.0,0.9999999999999999,86.0,0.9591540723483604,84.0,0.9233592008774624,54.0,0.9999999999999998,55.0,0.9811471796489362,53.0,0.9607352282621836,1_1,1,1,lamp,107.196617126,53.920589447,6.83923178161,0.0449275338887,326.369314117,0.244754761457
UBFC_A1/Eval_On_COHFACE,COHFACE,old,COHFACE_s01_session1_lamp,28,86.0,58.0,large_error,86.0,0.9999999999999999,85.0,0.9609624868785707,87.0,0.9272795715249564,58.0,0.9999999999999998,59.0,0.9885507754093121,57.0,0.9408714323028496,1_1,1,1,lamp,107.196617126,53.920589447,6.83923178161,0.0449275338887,326.369314117,0.244754761457
UBFC_A1/Eval_On_COHFACE,COHFACE,old,COHFACE_s01_session1_lamp,29,87.0,60.0,large_error,87.0,0.9999999999999999,86.0,0.9748165672025605,88.0,0.9100455699189242,60.0,0.9999999999999998,59.0,0.9639669052547503,61.0,0.9000055154747982,1_1,1,1,lamp,107.196617126,53.920589447,6.83923178161,0.0449275338887,326.369314117,0.244754761457
UBFC_A1/Eval_On_COHFACE,COHFACE,old,COHFACE_s01_session1_lamp,30,87.0,60.0,large_error,87.0,0.9999999999999999,88.0,0.9973107667212822,86.0,0.8951651198361721,60.0,0.9999999999999997,61.0,0.97613259733604,90.0,0.9752708652924085,1_1,1,1,lamp,107.196617126,53.920589447,6.83923178161,0.0449275338887,326.369314117,0.244754761457
UBFC_A1/Eval_On_COHFACE,COHFACE,old,COHFACE_s01_session1_lamp,31,88.0,75.0,large_error,88.0,0.9999999999999999,87.0,0.9865325323921853,89.0,0.8947165589376702,75.0,0.9999999999999997,74.0,0.9975469001752622,76.0,0.923328100799861,1_1,1,1,lamp,107.196617126,53.920589447,6.83923178161,0.0449275338887,326.369314117,0.244754761457
UBFC_A1/Eval_On_COHFACE,COHFACE,old,COHFACE_s01_session1_lamp,32,87.0,90.0,correct,87.0,0.9999999999999999,88.0,0.986687258152093,86.0,0.8978973110083251,90.0,0.9999999999999996,89.0,0.9532599723783461,91.0,0.9482788373507094,1_1,1,1,lamp,107.196617126,53.920589447,6.83923178161,0.0449275338887,326.369314117,0.244754761457
UBFC_A1/Eval_On_COHFACE,COHFACE,old,COHFACE_s01_session1_lamp,33,87.0,83.0,large_error,87.0,0.9999999999999999,88.0,0.9480373089673135,86.0,0.9389105745647238,83.0,0.9999999999999998,82.0,0.9644494966936837,84.0,0.9585436380608029,1_1,1,1,lamp,107.196617126,53.920589447,6.83923178161,0.0449275338887,326.369314117,0.244754761457
UBFC_A1/Eval_On_COHFACE,COHFACE,old,COHFACE_s01_session1_lamp,34,87.0,64.0,large_error,87.0,0.9999999999999999,86.0,0.98933946230988,88.0,0.8970021385741379,64.0,0.9999999999999991,63.0,0.9851941074521399,86.0,0.9751527257918429,1_1,1,1,lamp,107.196617126,53.920589447,6.83923178161,0.0449275338887,326.369314117,0.244754761457
UBFC_A1/Eval_On_COHFACE,COHFACE,old,COHFACE_s01_session1_lamp,35,86.0,63.0,large_error,86.0,0.9999999999999999,87.0,0.9608208833188652,85.0,0.9299840114245875,63.0,0.9999999999999996,64.0,0.9437516322074891,61.99999999999999,0.9051853902391425,1_1,1,1,lamp,107.196617126,53.920589447,6.83923178161,0.0449275338887,326.369314117,0.244754761457
UBFC_A1/Eval_On_COHFACE,COHFACE,old,COHFACE_s01_session1_lamp,36,86.0,84.0,correct,86.0,0.9999999999999999,87.0,0.953520443201656,85.0,0.9300622761422067,84.0,0.9999999999999996,85.0,0.9744029267617148,83.0,0.8814524071854695,1_1,1,1,lamp,107.196617126,53.920589447,6.83923178161,0.0449275338887,326.369314117,0.244754761457
UBFC_A1/Eval_On_COHFACE,COHFACE,old,COHFACE_s01_session1_lamp,37,86.0,45.0,sub_harmonic_half,86.0,0.9999999999999999,87.0,0.9588519485470841,85.0,0.9320624453555406,45.0,0.9999999999999993,44.0,0.9827934343160059,46.0,0.9450098147592747,1_1,1,1,lamp,107.196617126,53.920589447,6.83923178161,0.0449275338887,326.369314117,0.244754761457
UBFC_A1/Eval_On_COHFACE,COHFACE,old,COHFACE_s01_session1_lamp,38,86.0,44.0,sub_harmonic_half,86.0,0.9999999999999999,87.0,0.9761833311467499,85.0,0.9085081480485576,44.0,0.9999999999999994,45.0,0.986436931423289,43.0,0.9713441969005976,1_1,1,1,lamp,107.196617126,53.920589447,6.83923178161,0.0449275338887,326.369314117,0.244754761457
UBFC_A1/Eval_On_COHFACE,COHFACE,old,COHFACE_s01_session1_lamp,39,86.0,52.0,large_error,86.0,0.9999999999999999,87.0,0.9915815399107,85.0,0.9024917310434237,52.0,0.9999999999999997,51.0,0.9682488051556825,53.0,0.9441444215273235,1_1,1,1,lamp,107.196617126,53.920589447,6.83923178161,0.0449275338887,326.369314117,0.244754761457
UBFC_A1/Eval_On_COHFACE,COHFACE,old,COHFACE_s01_session1_lamp,40,86.0,75.0,large_error,86.0,0.9999999999999999,87.0,0.961088132629779,85.0,0.9248696522560774,75.0,0.9999999999999996,74.0,0.9696797988782572,51.0,0.9359624560480236,1_1,1,1,lamp,107.196617126,53.920589447,6.83923178161,0.0449275338887,326.369314117,0.244754761457
UBFC_A1/Eval_On_COHFACE,COHFACE,old,COHFACE_s01_session1_lamp,41,86.0,40.0,sub_harmonic_half,86.0,0.9999999999999999,85.0,0.9865051262082335,87.0,0.898131716331552,40.0,0.9999999999999997,49.0,0.9376488836599834,50.0,0.9123840066739036,1_1,1,1,lamp,107.196617126,53.920589447,6.83923178161,0.0449275338887,326.369314117,0.244754761457
UBFC_A1/Eval_On_COHFACE,COHFACE,old,COHFACE_s01_session1_lamp,42,85.0,50.0,large_error,85.0,0.9999999999999999,86.0,0.9552006552716797,84.0,0.928510059535718,50.0,0.9999999999999997,51.0,0.9286362546239935,40.0,0.9256503349176719,1_1,1,1,lamp,107.196617126,53.920589447,6.83923178161,0.0449275338887,326.369314117,0.244754761457
UBFC_A1/Eval_On_COHFACE,COHFACE,old,COHFACE_s01_session1_lamp,43,85.0,48.0,sub_harmonic_half,85.0,0.9999999999999999,84.0,0.9944130286293152,86.0,0.8844184791854851,48.0,0.9999999999999994,47.0,0.9989603119265628,46.0,0.9363035798996576,1_1,1,1,lamp,107.196617126,53.920589447,6.83923178161,0.0449275338887,326.369314117,0.244754761457
UBFC_A1/Eval_On_COHFACE,COHFACE,old,COHFACE_s01_session1_lamp,44,85.0,44.0,sub_harmonic_half,85.0,0.9999999999999999,84.0,0.9945520078448016,86.0,0.8957924883127876,44.0,0.9999999999999998,43.0,0.9655956708198551,45.0,0.9617024691603788,1_1,1,1,lamp,107.196617126,53.920589447,6.83923178161,0.0449275338887,326.369314117,0.244754761457
UBFC_A1/Eval_On_COHFACE,COHFACE,old,COHFACE_s01_session1_lamp,45,84.0,43.0,sub_harmonic_half,84.0,0.9999999999999999,85.0,0.9492754469214393,83.0,0.9396470153205395,43.0,0.9999999999999998,42.0,0.9789769749471894,44.0,0.9642366484262552,1_1,1,1,lamp,107.196617126,53.920589447,6.83923178161,0.0449275338887,326.369314117,0.244754761457
UBFC_A1/Eval_On_COHFACE,COHFACE,old,COHFACE_s01_session1_lamp,46,84.0,43.0,sub_harmonic_half,84.0,0.9999999999999999,83.0,0.9641692266178282,85.0,0.9256053698053853,43.0,0.9999999999999998,42.0,0.990375579873607,44.0,0.933295295527656,1_1,1,1,lamp,107.196617126,53.920589447,6.83923178161,0.0449275338887,326.369314117,0.244754761457
UBFC_A1/Eval_On_COHFACE,COHFACE,old,COHFACE_s01_session1_lamp,47,84.0,60.0,large_error,84.0,0.9999999999999999,83.0,0.9974780771548776,85.0,0.8908865859237457,60.0,0.9999999999999999,61.0,0.9527434194587323,59.0,0.9128112409909124,1_1,1,1,lamp,107.196617126,53.920589447,6.83923178161,0.0449275338887,326.369314117,0.244754761457
UBFC_A1/Eval_On_COHFACE,COHFACE,old,COHFACE_s01_session1_lamp,48,83.0,59.0,large_error,83.0,0.9999999999999999,84.0,0.9563617353860986,82.0,0.924611914459504,59.0,0.9999999999999998,60.0,0.9808303040962231,58.0,0.91201709988333,1_1,1,1,lamp,107.196617126,53.920589447,6.83923178161,0.0449275338887,326.369314117,0.244754761457
UBFC_A1/Eval_On_COHFACE,COHFACE,old,COHFACE_s01_session1_lamp,49,83.0,58.0,large_error,83.0,0.9999999999999999,84.0,0.9682415565469406,82.0,0.9236706957518761,58.0,0.9999999999999994,40.0,0.9977757459684782,59.0,0.9568695834834942,1_1,1,1,lamp,107.196617126,53.920589447,6.83923178161,0.0449275338887,326.369314117,0.244754761457
UBFC_A1/Eval_On_COHFACE,COHFACE,old,COHFACE_s01_session1_lamp,50,83.0,58.0,large_error,83.0,0.9999999999999999,84.0,0.9599559440379717,82.0,0.9277639903061028,58.0,0.9999999999999998,57.0,0.9680538986362263,59.0,0.9058636285879954,1_1,1,1,lamp,107.196617126,53.920589447,6.83923178161,0.0449275338887,326.369314117,0.244754761457
UBFC_A1/Eval_On_COHFACE,COHFACE,old,COHFACE_s01_session2_natural,0,91.0,51.0,sub_harmonic_half,91.0,0.9999999999999999,92.0,0.9722464727595252,90.0,0.9237528244593838,51.0,0.9999999999999999,52.0,0.972906031739704,50.0,0.9210312574580063,1_2,1,2,natural,111.641838074,66.3695068359,6.20828590646,0,331.056062337,0.366629511118
UBFC_A1/Eval_On_COHFACE,COHFACE,old,COHFACE_s01_session2_natural,1,91.0,52.0,sub_harmonic_half,91.0,0.9999999999999999,92.0,0.9674459760703463,90.0,0.918940099189129,52.0,0.9999999999999998,51.0,0.9836619705872972,53.0,0.9536824365092742,1_2,1,2,natural,111.641838074,66.3695068359,6.20828590646,0,331.056062337,0.366629511118
UBFC_A1/Eval_On_COHFACE,COHFACE,old,COHFACE_s01_session2_natural,2,90.0,53.0,large_error,90.0,0.9999999999999998,89.0,0.9936227949698265,91.0,0.910847414899916,53.0,0.9999999999999998,52.0,0.9673000745103574,54.0,0.9281266685190737,1_2,1,2,natural,111.641838074,66.3695068359,6.20828590646,0,331.056062337,0.366629511118
UBFC_A1/Eval_On_COHFACE,COHFACE,old,COHFACE_s01_session2_natural,3,88.0,52.0,large_error,88.0,0.9999999999999998,87.0,0.9923072506137183,89.0,0.9052455338196079,52.0,0.9999999999999998,53.0,0.9435321468549239,51.0,0.9409993962412444,1_2,1,2,natural,111.641838074,66.3695068359,6.20828590646,0,331.056062337,0.366629511118
UBFC_A1/Eval_On_COHFACE,COHFACE,old,COHFACE_s01_session2_natural,4,85.0,51.0,large_error,85.0,0.9999999999999998,84.0,0.9611983351957221,86.0,0.9415530932822416,51.0,0.9999999999999998,52.0,0.9520986125321184,50.0,0.9370813792080847,1_2,1,2,natural,111.641838074,66.3695068359,6.20828590646,0,331.056062337,0.366629511118
UBFC_A1/Eval_On_COHFACE,COHFACE,old,COHFACE_s01_session2_natural,5,83.0,51.0,large_error,83.0,0.9999999999999998,82.0,0.9838028336299176,84.0,0.9189701567584031,51.0,0.9999999999999999,52.0,0.9613283804681394,50.0,0.9227031498755623,1_2,1,2,natural,111.641838074,66.3695068359,6.20828590646,0,331.056062337,0.366629511118
UBFC_A1/Eval_On_COHFACE,COHFACE,old,COHFACE_s01_session2_natural,6,81.0,53.0,large_error,81.0,0.9999999999999999,80.0,0.9580530701703601,82.0,0.9352291854035518,53.0,0.9999999999999998,52.0,0.9987229606006574,51.0,0.9020501769947032,1_2,1,2,natural,111.641838074,66.3695068359,6.20828590646,0,331.056062337,0.366629511118
UBFC_A1/Eval_On_COHFACE,COHFACE,old,COHFACE_s01_session2_natural,7,80.0,65.0,large_error,80.0,0.9999999999999999,81.0,0.9516336634556579,79.0,0.9384013700033439,65.0,0.9999999999999997,66.0,0.9527412244252513,64.0,0.9458691858398167,1_2,1,2,natural,111.641838074,66.3695068359,6.20828590646,0,331.056062337,0.366629511118
UBFC_A1/Eval_On_COHFACE,COHFACE,old,COHFACE_s01_session2_natural,8,80.0,67.0,large_error,80.0,0.9999999999999999,81.0,0.9735403700497669,79.0,0.9175226537811402,67.0,0.9999999999999999,68.0,0.971482942928768,66.0,0.9353844791065374,1_2,1,2,natural,111.641838074,66.3695068359,6.20828590646,0,331.056062337,0.366629511118
UBFC_A1/Eval_On_COHFACE,COHFACE,old,COHFACE_s01_session2_natural,9,81.0,67.0,large_error,81.0,0.9999999999999999,80.0,0.9515649632695068,82.0,0.9370865119883638,67.0,0.9999999999999998,66.0,0.995637218919995,68.0,0.9224606384891046,1_2,1,2,natural,111.641838074,66.3695068359,6.20828590646,0,331.056062337,0.366629511118
UBFC_A1/Eval_On_COHFACE,COHFACE,old,COHFACE_s01_session2_natural,10,82.0,66.0,large_error,82.0,0.9999999999999999,81.0,0.9781102228434525,83.0,0.9111028281834253,66.0,0.9999999999999999,67.0,0.9662210145893071,65.0,0.9642340535668331,1_2,1,2,natural,111.641838074,66.3695068359,6.20828590646,0,331.056062337,0.366629511118
UBFC_A1/Eval_On_COHFACE,COHFACE,old,COHFACE_s01_session2_natural,11,83.0,67.0,large_error,83.0,0.9999999999999999,84.0,0.9760441965806085,82.0,0.9143177741983184,67.0,0.9999999999999999,68.0,0.9562248256807359,66.0,0.9313135791113965,1_2,1,2,natural,111.641838074,66.3695068359,6.20828590646,0,331.056062337,0.366629511118
UBFC_A1/Eval_On_COHFACE,COHFACE,old,COHFACE_s01_session2_natural,12,84.0,67.0,large_error,84.0,0.9999999999999999,85.0,0.9622031981234398,83.0,0.9203373586194346,67.0,0.9999999999999999,68.0,0.9773376755587012,66.0,0.9069030341838041,1_2,1,2,natural,111.641838074,66.3695068359,6.20828590646,0,331.056062337,0.366629511118
UBFC_A1/Eval_On_COHFACE,COHFACE,old,COHFACE_s01_session2_natural,13,84.0,66.0,large_error,84.0,0.9999999999999999,85.0,0.9891354813292621,83.0,0.8891366362846503,66.0,0.9999999999999999,67.0,0.9624033673825346,65.0,0.9254924758655713,1_2,1,2,natural,111.641838074,66.3695068359,6.20828590646,0,331.056062337,0.366629511118
UBFC_A1/Eval_On_COHFACE,COHFACE,old,COHFACE_s01_session2_natural,14,85.0,66.0,large_error,85.0,0.9999999999999999,84.0,0.9988681089907622,86.0,0.893859381725579,66.0,0.9999999999999999,65.0,0.9888175991217358,67.0,0.885333488779774,1_2,1,2,natural,111.641838074,66.3695068359,6.20828590646,0,331.056062337,0.366629511118
UBFC_A1/Eval_On_COHFACE,COHFACE,old,COHFACE_s01_session2_natural,15,84.0,83.0,correct,84.0,0.9999999999999999,83.0,0.990780032392328,85.0,0.8979237985448993,83.0,0.9999999999999998,82.0,0.9743415198209431,84.0,0.9116332497402775,1_2,1,2,natural,111.641838074,66.3695068359,6.20828590646,0,331.056062337,0.366629511118
UBFC_A1/Eval_On_COHFACE,COHFACE,old,COHFACE_s01_session2_natural,16,82.0,83.0,correct,82.0,0.9999999999999999,83.0,0.9913072283048071,81.0,0.8993813896161336,83.0,0.9999999999999997,84.0,0.9970279066781712,82.0,0.8951852987803217,1_2,1,2,natural,111.641838074,66.3695068359,6.20828590646,0,331.056062337,0.366629511118
UBFC_A1/Eval_On_COHFACE,COHFACE,old,COHFACE_s01_session2_natural,17,82.0,66.0,large_error,82.0,0.9999999999999999,81.0,0.9781390322534141,83.0,0.9114864442120001,66.0,0.9999999999999999,67.0,0.9741097096138942,65.0,0.9038150318810124,1_2,1,2,natural,111.641838074,66.3695068359,6.20828590646,0,331.056062337,0.366629511118
UBFC_A1/Eval_On_COHFACE,COHFACE,old,COHFACE_s01_session2_natural,18,81.0,66.0,large_error,81.0,0.9999999999999999,80.0,0.9728726763808618,82.0,0.9092984240937505,66.0,0.9999999999999999,65.0,0.9334575651946406,67.0,0.9210630367498549,1_2,1,2,natural,111.641838074,66.3695068359,6.20828590646,0,331.056062337,0.366629511118
UBFC_A1/Eval_On_COHFACE,COHFACE,old,COHFACE_s01_session2_natural,19,81.0,67.0,large_error,81.0,0.9999999999999999,80.0,0.9809955866986153,82.0,0.9039035929071624,67.0,0.9999999999999998,68.0,0.9835480750264036,66.0,0.8808057576044573,1_2,1,2,natural,111.641838074,66.3695068359,6.20828590646,0,331.056062337,0.366629511118
UBFC_A1/Eval_On_COHFACE,COHFACE,old,COHFACE_s01_session2_natural,20,81.0,69.0,large_error,81.0,0.9999999999999999,82.0,0.9530243674671774,80.0,0.9396177077189614,69.0,0.9999999999999999,68.0,0.952681191740999,70.0,0.9048539797708021,1_2,1,2,natural,111.641838074,66.3695068359,6.20828590646,0,331.056062337,0.366629511118
UBFC_A1/Eval_On_COHFACE,COHFACE,old,COHFACE_s01_session2_natural,21,82.0,81.0,correct,82.0,0.9999999999999999,83.0,0.9639766258246838,81.0,0.9278817453959967,81.0,0.9999999999999998,82.0,0.9831031385510222,80.0,0.9193499913953497,1_2,1,2,natural,111.641838074,66.3695068359,6.20828590646,0,331.056062337,0.366629511118
UBFC_A1/Eval_On_COHFACE,COHFACE,old,COHFACE_s01_session2_natural,22,83.0,82.0,correct,83.0,0.9999999999999999,84.0,0.9529007578576267,82.0,0.9337571853751576,82.0,0.9999999999999998,81.0,0.9784748247992696,83.0,0.9201690442024048,1_2,1,2,natural,111.641838074,66.3695068359,6.20828590646,0,331.056062337,0.366629511118
UBFC_A1/Eval_On_COHFACE,COHFACE,old,COHFACE_s01_session2_natural,23,84.0,45.0,sub_harmonic_half,84.0,0.9999999999999999,83.0,0.9762695531279394,85.0,0.9119439298282711,45.0,0.9999999999999999,44.0,0.9530180189177582,46.0,0.9393051944993092,1_2,1,2,natural,111.641838074,66.3695068359,6.20828590646,0,331.056062337,0.366629511118
UBFC_A1/Eval_On_COHFACE,COHFACE,old,COHFACE_s01_session2_natural,24,84.0,75.0,large_error,84.0,0.9999999999999999,85.0,0.9679180161781873,83.0,0.9156856551946798,75.0,0.9999999999999999,76.0,0.9479978031893926,74.0,0.9447100476516055,1_2,1,2,natural,111.641838074,66.3695068359,6.20828590646,0,331.056062337,0.366629511118
UBFC_A1/Eval_On_COHFACE,COHFACE,old,COHFACE_s01_session2_natural,25,84.0,53.0,large_error,84.0,0.9999999999999999,85.0,0.953618298727574,83.0,0.9307067983096636,53.0,0.9999999999999998,54.0,0.9861498348281839,52.0,0.9066421633236893,1_2,1,2,natural,111.641838074,66.3695068359,6.20828590646,0,331.056062337,0.366629511118
UBFC_A1/Eval_On_COHFACE,COHFACE,old,COHFACE_s01_session2_natural,26,83.0,51.0,large_error,83.0,0.9999999999999999,84.0,0.9656285153647073,82.0,0.9258325335502202,51.0,0.9999999999999999,50.0,0.9532219005380106,52.0,0.8958226450963369,1_2,1,2,natural,111.641838074,66.3695068359,6.20828590646,0,331.056062337,0.366629511118
UBFC_A1/Eval_On_COHFACE,COHFACE,old,COHFACE_s01_session2_natural,27,83.0,40.0,sub_harmonic_half,83.0,0.9999999999999999,82.0,0.9898631482576868,84.0,0.8999625640952263,40.0,0.9999999999999998,49.0,0.9655632683015151,50.0,0.9190980790197688,1_2,1,2,natural,111.641838074,66.3695068359,6.20828590646,0,331.056062337,0.366629511118
UBFC_A1/Eval_On_COHFACE,COHFACE,old,COHFACE_s01_session2_natural,28,82.0,46.0,sub_harmonic_half,82.0,0.9999999999999999,83.0,0.9850998473486133,81.0,0.9041051984608,46.0,0.9999999999999998,45.0,0.9668190522976583,47.0,0.9546209815111397,1_2,1,2,natural,111.641838074,66.3695068359,6.20828590646,0,331.056062337,0.366629511118
UBFC_A1/Eval_On_COHFACE,COHFACE,old,COHFACE_s01_session2_natural,29,83.0,42.0,sub_harmonic_half,83.0,0.9999999999999999,82.0,0.9733842062798803,84.0,0.9143257692985862,42.0,0.9999999999999999,43.0,0.9978142918364555,41.0,0.9197884633399587,1_2,1,2,natural,111.641838074,66.3695068359,6.20828590646,0,331.056062337,0.366629511118
UBFC_A1/Eval_On_COHFACE,COHFACE,old,COHFACE_s01_session2_natural,30,83.0,41.0,sub_harmonic_half,83.0,0.9999999999999999,84.0,0.9870616352437009,82.0,0.9034148267161413,41.0,0.9999999999999999,42.0,0.9758982317169765,40.0,0.9316880386123236,1_2,1,2,natural,111.641838074,66.3695068359,6.20828590646,0,331.056062337,0.366629511118
UBFC_A1/Eval_On_COHFACE,COHFACE,old,COHFACE_s01_session2_natural,31,84.0,43.0,sub_harmonic_half,84.0,0.9999999999999999,83.0,0.9768893691150111,85.0,0.9129876705695715,43.0,0.9999999999999999,44.0,0.9747428978412563,42.0,0.936396622069379,1_2,1,2,natural,111.641838074,66.3695068359,6.20828590646,0,331.056062337,0.366629511118
UBFC_A1/Eval_On_COHFACE,COHFACE,old,COHFACE_s01_session2_natural,32,84.0,42.0,sub_harmonic_half,84.0,0.9999999999999999,85.0,0.9859570575972983,83.0,0.9011185543160376,42.0,0.9999999999999999,81.0,0.9719034044577303,41.0,0.963299073228765,1_2,1,2,natural,111.641838074,66.3695068359,6.20828590646,0,331.056062337,0.366629511118
UBFC_A1/Eval_On_COHFACE,COHFACE,old,COHFACE_s01_session2_natural,33,84.0,81.0,correct,84.0,0.9999999999999999,83.0,0.9666171091217098,85.0,0.9177688583038737,81.0,0.9999999999999999,82.0,0.9502283560291847,80.0,0.9399426386998508,1_2,1,2,natural,111.641838074,66.3695068359,6.20828590646,0,331.056062337,0.366629511118
UBFC_A1/Eval_On_COHFACE,COHFACE,old,COHFACE_s01_session2_natural,34,82.0,80.0,correct,82.0,0.9999999999999999,83.0,0.9553947469601375,81.0,0.9288460582319336,80.0,0.9999999999999999,79.0,0.9980262302178867,81.0,0.9078563911548951,1_2,1,2,natural,111.641838074,66.3695068359,6.20828590646,0,331.056062337,0.366629511118
UBFC_A1/Eval_On_COHFACE,COHFACE,old,COHFACE_s01_session2_natural,35,81.0,79.0,correct,81.0,0.9999999999999999,80.0,0.9569961218146266,82.0,0.9329454501794441,79.0,0.9999999999999999,80.0,0.9824417296629194,78.0,0.9280744147532669,1_2,1,2,natural,111.641838074,66.3695068359,6.20828590646,0,331.056062337,0.366629511118
UBFC_A1/Eval_On_COHFACE,COHFACE,old,COHFACE_s01_session2_natural,36,80.0,81.0,correct,80.0,0.9999999999999999,81.0,0.9551343480805294,79.0,0.9358549867585729,81.0,0.9999999999999999,80.0,0.9641123888527462,82.0,0.9181900750242113,1_2,1,2,natural,111.641838074,66.3695068359,6.20828590646,0,331.056062337,0.366629511118
UBFC_A1/Eval_On_COHFACE,COHFACE,old,COHFACE_s01_session2_natural,37,79.0,81.0,correct,79.0,0.9999999999999999,80.0,0.9930151575270321,78.0,0.9023342444935372,81.0,0.9999999999999998,82.0,0.971568817921981,80.0,0.9404200729916637,1_2,1,2,natural,111.641838074,66.3695068359,6.20828590646,0,331.056062337,0.366629511118
UBFC_A1/Eval_On_COHFACE,COHFACE,old,COHFACE_s01_session2_natural,38,80.0,81.0,correct,80.0,0.9999999999999999,81.0,0.9669604388262807,79.0,0.9243304473789813,81.0,0.9999999999999999,82.0,0.9840435691188251,80.0,0.9341348980968982,1_2,1,2,natural,111.641838074,66.3695068359,6.20828590646,0,331.056062337,0.366629511118
UBFC_A1/Eval_On_COHFACE,COHFACE,old,COHFACE_s01_session2_natural,39,81.0,81.0,correct,81.0,0.9999999999999999,82.0,0.9676878472477508,80.0,0.9269797737246006,81.0,0.9999999999999999,82.0,0.981191519060271,80.0,0.9174895109816459,1_2,1,2,natural,111.641838074,66.3695068359,6.20828590646,0,331.056062337,0.366629511118
UBFC_A1/Eval_On_COHFACE,COHFACE,old,COHFACE_s01_session2_natural,40,84.0,82.0,correct,84.0,0.9999999999999999,83.0,0.9816446290074728,85.0,0.9113008051288836,82.0,0.9999999999999998,81.0,0.9741732006259931,83.0,0.9460736695949349,1_2,1,2,natural,111.641838074,66.3695068359,6.20828590646,0,331.056062337,0.366629511118
UBFC_A1/Eval_On_COHFACE,COHFACE,old,COHFACE_s01_session2_natural,41,85.0,81.0,large_error,85.0,0.9999999999999999,86.0,0.9409879175017498,84.0,0.9408501349146945,81.0,0.9999999999999997,80.0,0.9841093337478765,82.0,0.9746376368946197,1_2,1,2,natural,111.641838074,66.3695068359,6.20828590646,0,331.056062337,0.366629511118
UBFC_A1/Eval_On_COHFACE,COHFACE,old,COHFACE_s01_session2_natural,42,85.0,48.0,sub_harmonic_half,85.0,0.9999999999999999,86.0,0.9832128524887587,84.0,0.8965714209199394,48.0,0.9999999999999994,49.0,0.9545018223011102,47.0,0.8989092079114964,1_2,1,2,natural,111.641838074,66.3695068359,6.20828590646,0,331.056062337,0.366629511118
UBFC_A1/Eval_On_COHFACE,COHFACE,old,COHFACE_s01_session2_natural,43,85.0,60.0,large_error,85.0,0.9999999999999999,86.0,0.9481784774446107,84.0,0.939184766257708,60.0,0.9999999999999998,59.0,0.9452484802519934,61.0,0.8899397550255299,1_2,1,2,natural,111.641838074,66.3695068359,6.20828590646,0,331.056062337,0.366629511118
UBFC_A1/Eval_On_COHFACE,COHFACE,old,COHFACE_s01_session2_natural,44,84.0,61.99999999999999,large_error,84.0,0.9999999999999998,83.0,0.9553484736761985,85.0,0.9367175763021576,61.99999999999999,0.9999999999999999,63.0,0.9656239380188897,61.0,0.9035256334607586,1_2,1,2,natural,111.641838074,66.3695068359,6.20828590646,0,331.056062337,0.366629511118
UBFC_A1/Eval_On_COHFACE,COHFACE,old,COHFACE_s01_session2_natural,45,82.0,61.0,large_error,82.0,0.9999999999999998,81.0,0.999384512350133,80.0,0.9005007711672708,61.0,0.9999999999999999,60.0,0.9686762480733989,61.99999999999999,0.9251973312424921,1_2,1,2,natural,111.641838074,66.3695068359,6.20828590646,0,331.056062337,0.366629511118
UBFC_A1/Eval_On_COHFACE,COHFACE,old,COHFACE_s01_session2_natural,46,80.0,60.0,large_error,80.0,0.9999999999999999,81.0,0.9682803048693983,79.0,0.9286874522199554,60.0,0.9999999999999998,61.0,0.9896912666529053,59.0,0.9226295707941238,1_2,1,2,natural,111.641838074,66.3695068359,6.20828590646,0,331.056062337,0.366629511118
UBFC_A1/Eval_On_COHFACE,COHFACE,old,COHFACE_s01_session2_natural,47,80.0,61.99999999999999,large_error,80.0,0.9999999999999999,79.0,0.9712145867892717,81.0,0.9086421144125948,61.99999999999999,0.9999999999999999,63.0,0.989512882980606,61.0,0.9490451925228263,1_2,1,2,natural,111.641838074,66.3695068359,6.20828590646,0,331.056062337,0.366629511118
UBFC_A1/Eval_On_COHFACE,COHFACE,old,COHFACE_s01_session2_natural,48,80.0,65.0,large_error,80.0,0.9999999999999999,81.0,0.9997883641722033,79.0,0.8942921249474319,65.0,0.9999999999999998,66.0,0.9873326956893307,64.0,0.9702656973737799,1_2,1,2,natural,111.641838074,66.3695068359,6.20828590646,0,331.056062337,0.366629511118
UBFC_A1/Eval_On_COHFACE,COHFACE,old,COHFACE_s01_session2_natural,49,82.0,60.0,large_error,82.0,0.9999999999999998,81.0,0.9613659561195603,83.0,0.9356695241115491,60.0,0.9999999999999999,59.0,0.9944153624382087,61.0,0.9493410870990105,1_2,1,2,natural,111.641838074,66.3695068359,6.20828590646,0,331.056062337,0.366629511118
UBFC_A1/Eval_On_COHFACE,COHFACE,old,COHFACE_s01_session2_natural,50,84.0,67.0,large_error,84.0,0.9999999999999999,85.0,0.9997880101926785,86.0,0.8982534931591107,67.0,0.9999999999999998,66.0,0.9752878292773909,56.0,0.9417375542828901,1_2,1,2,natural,111.641838074,66.3695068359,6.20828590646,0,331.056062337,0.366629511118
UBFC_A1/Eval_On_COHFACE,COHFACE,old,COHFACE_s01_session3_natural,0,86.0,46.0,sub_harmonic_half,86.0,0.9999999999999998,85.0,0.9793230285261556,87.0,0.9221538112189807,46.0,0.9999999999999999,47.0,0.9869582627720205,45.0,0.8989803841110523,1_3,1,3,natural,110.279411316,66.9462661743,7.11211147687,0,430.865994434,0.35220605135
UBFC_A1/Eval_On_COHFACE,COHFACE,old,COHFACE_s01_session3_natural,1,85.0,48.0,sub_harmonic_half,85.0,0.9999999999999998,84.0,0.9984706760281457,83.0,0.8916097258274711,48.0,0.9999999999999998,49.0,0.9648318837082969,47.0,0.8956863547730445,1_3,1,3,natural,110.279411316,66.9462661743,7.11211147687,0,430.865994434,0.35220605135
UBFC_A1/Eval_On_COHFACE,COHFACE,old,COHFACE_s01_session3_natural,2,83.0,81.0,correct,83.0,0.9999999999999999,82.0,0.9586739589563894,84.0,0.9306117360486916,81.0,0.9999999999999998,82.0,0.9898888860171339,80.0,0.8861152247242461,1_3,1,3,natural,110.279411316,66.9462661743,7.11211147687,0,430.865994434,0.35220605135
UBFC_A1/Eval_On_COHFACE,COHFACE,old,COHFACE_s01_session3_natural,3,82.0,82.0,correct,82.0,0.9999999999999999,83.0,0.9697682141908289,81.0,0.9170150933332923,82.0,0.9999999999999998,83.0,0.963362461114243,81.0,0.9362583186714597,1_3,1,3,natural,110.279411316,66.9462661743,7.11211147687,0,430.865994434,0.35220605135
UBFC_A1/Eval_On_COHFACE,COHFACE,old,COHFACE_s01_session3_natural,4,83.0,83.0,correct,83.0,0.9999999999999998,82.0,0.9893306288786935,84.0,0.9010376153842116,83.0,0.9999999999999999,84.0,0.9635093235914116,82.0,0.9129448111889138,1_3,1,3,natural,110.279411316,66.9462661743,7.11211147687,0,430.865994434,0.35220605135
UBFC_A1/Eval_On_COHFACE,COHFACE,old,COHFACE_s01_session3_natural,5,83.0,85.0,correct,83.0,0.9999999999999999,84.0,0.9567103053210353,82.0,0.92702515323764,85.0,0.9999999999999998,86.0,0.9873481320045645,84.0,0.938801869449224,1_3,1,3,natural,110.279411316,66.9462661743,7.11211147687,0,430.865994434,0.35220605135
UBFC_A1/Eval_On_COHFACE,COHFACE,old,COHFACE_s01_session3_natural,6,83.0,84.0,correct,83.0,0.9999999999999998,82.0,0.9914123553984855,84.0,0.9005101963403663,84.0,0.9999999999999998,83.0,0.9741644921779569,85.0,0.965326682026956,1_3,1,3,natural,110.279411316,66.9462661743,7.11211147687,0,430.865994434,0.35220605135
UBFC_A1/Eval_On_COHFACE,COHFACE,old,COHFACE_s01_session3_natural,7,82.0,83.0,correct,82.0,0.9999999999999998,81.0,0.9626911916113876,83.0,0.9203795636169045,83.0,0.9999999999999998,84.0,0.9565055425013379,82.0,0.9476479875886452,1_3,1,3,natural,110.279411316,66.9462661743,7.11211147687,0,430.865994434,0.35220605135
UBFC_A1/Eval_On_COHFACE,COHFACE,old,COHFACE_s01_session3_natural,8,81.0,53.0,large_error,81.0,0.9999999999999998,80.0,0.9560653292860319,82.0,0.9248931787340225,53.0,0.9999999999999998,52.0,0.9565233160552188,54.0,0.9501357177528764,1_3,1,3,natural,110.279411316,66.9462661743,7.11211147687,0,430.865994434,0.35220605135
UBFC_A1/Eval_On_COHFACE,COHFACE,old,COHFACE_s01_session3_natural,9,80.0,51.0,large_error,80.0,0.9999999999999998,79.0,0.9893868053425505,81.0,0.8960720892921735,51.0,0.9999999999999997,52.0,0.9938950617166492,50.0,0.943150788313865,1_3,1,3,natural,110.279411316,66.9462661743,7.11211147687,0,430.865994434,0.35220605135
UBFC_A1/Eval_On_COHFACE,COHFACE,old,COHFACE_s01_session3_natural,10,79.0,80.0,correct,79.0,0.9999999999999999,78.0,0.9995073214048362,77.0,0.8957305029257648,80.0,0.9999999999999998,81.0,0.9807477948296854,79.0,0.8906365425166114,1_3,1,3,natural,110.279411316,66.9462661743,7.11211147687,0,430.865994434,0.35220605135
UBFC_A1/Eval_On_COHFACE,COHFACE,old,COHFACE_s01_session3_natural,11,78.0,59.0,large_error,78.0,0.9999999999999999,77.0,0.9632286653720877,79.0,0.9262727421043431,59.0,0.9999999999999999,58.0,0.9615288285064045,60.0,0.9126948259129642,1_3,1,3,natural,110.279411316,66.9462661743,7.11211147687,0,430.865994434,0.35220605135
UBFC_A1/Eval_On_COHFACE,COHFACE,old,COHFACE_s01_session3_natural,12,78.0,78.0,correct,78.0,0.9999999999999999,79.0,0.9737346092079786,77.0,0.9210246227224889,78.0,0.9999999999999999,79.0,0.9988289444557934,77.0,0.9316488467886958,1_3,1,3,natural,110.279411316,66.9462661743,7.11211147687,0,430.865994434,0.35220605135
UBFC_A1/Eval_On_COHFACE,COHFACE,old,COHFACE_s01_session3_natural,13,79.0,75.0,large_error,79.0,0.9999999999999999,80.0,0.9600951640093359,78.0,0.9224383406392851,75.0,0.9999999999999998,76.0,0.989421655736124,74.0,0.9197820161164019,1_3,1,3,natural,110.279411316,66.9462661743,7.11211147687,0,430.865994434,0.35220605135
UBFC_A1/Eval_On_COHFACE,COHFACE,old,COHFACE_s01_session3_natural,14,79.0,78.0,correct,79.0,0.9999999999999999,80.0,0.9883830536763496,78.0,0.8973597852176669,78.0,0.9999999999999999,77.0,0.9914350687479584,79.0,0.9418747466483555,1_3,1,3,natural,110.279411316,66.9462661743,7.11211147687,0,430.865994434,0.35220605135
UBFC_A1/Eval_On_COHFACE,COHFACE,old,COHFACE_s01_session3_natural,15,80.0,80.0,correct,80.0,0.9999999999999999,79.0,0.9966020189979067,81.0,0.8958372162730114,80.0,0.9999999999999998,79.0,0.9763732376584967,81.0,0.9647468101872482,1_3,1,3,natural,110.279411316,66.9462661743,7.11211147687,0,430.865994434,0.35220605135
UBFC_A1/Eval_On_COHFACE,COHFACE,old,COHFACE_s01_session3_natural,16,79.0,81.0,correct,79.0,0.9999999999999999,80.0,0.9844200531163245,78.0,0.90030275919331,81.0,0.9999999999999998,82.0,0.9516504737473422,80.0,0.9302413800656008,1_3,1,3,natural,110.279411316,66.9462661743,7.11211147687,0,430.865994434,0.35220605135
UBFC_A1/Eval_On_COHFACE,COHFACE,old,COHFACE_s01_session3_natural,17,79.0,81.0,correct,79.0,0.9999999999999999,80.0,0.9815836128140174,78.0,0.9029930213897841,81.0,0.9999999999999998,82.0,0.9585428064107068,80.0,0.9129673971343589,1_3,1,3,natural,110.279411316,66.9462661743,7.11211147687,0,430.865994434,0.35220605135
UBFC_A1/Eval_On_COHFACE,COHFACE,old,COHFACE_s01_session3_natural,18,79.0,81.0,correct,79.0,0.9999999999999999,78.0,0.9552588399508403,80.0,0.9351321078805005,81.0,0.9999999999999998,82.0,0.9581870006561134,80.0,0.9090007440417223,1_3,1,3,natural,110.279411316,66.9462661743,7.11211147687,0,430.865994434,0.35220605135
UBFC_A1/Eval_On_COHFACE,COHFACE,old,COHFACE_s01_session3_natural,19,78.0,72.0,large_error,78.0,0.9999999999999999,79.0,0.9671113480003611,77.0,0.9240088260905795,72.0,0.9999999999999997,71.0,0.9737572006121488,73.0,0.9166769559534801,1_3,1,3,natural,110.279411316,66.9462661743,7.11211147687,0,430.865994434,0.35220605135
UBFC_A1/Eval_On_COHFACE,COHFACE,old,COHFACE_s01_session3_natural,20,78.0,77.0,correct,78.0,0.9999999999999999,79.0,0.9906169417978227,77.0,0.895882226925028,77.0,0.9999999999999997,76.0,0.9972983854263179,78.0,0.9310437279870198,1_3,1,3,natural,110.279411316,66.9462661743,7.11211147687,0,430.865994434,0.35220605135
UBFC_A1/Eval_On_COHFACE,COHFACE,old,COHFACE_s01_session3_natural,21,79.0,77.0,correct,79.0,0.9999999999999999,78.0,0.9647470795394345,80.0,0.9247475117616322,77.0,0.9999999999999998,78.0,0.991729751341949,76.0,0.9336246894389623,1_3,1,3,natural,110.279411316,66.9462661743,7.11211147687,0,430.865994434,0.35220605135
UBFC_A1/Eval_On_COHFACE,COHFACE,old,COHFACE_s01_session3_natural,22,79.0,77.0,correct,79.0,0.9999999999999999,78.0,0.9693223934923747,80.0,0.9190686980685888,77.0,0.9999999999999998,78.0,0.9854017059355145,76.0,0.9456277391213147,1_3,1,3,natural,110.279411316,66.9462661743,7.11211147687,0,430.865994434,0.35220605135
UBFC_A1/Eval_On_COHFACE,COHFACE,old,COHFACE_s01_session3_natural,23,79.0,79.0,correct,79.0,0.9999999999999999,80.0,0.9842511560716998,78.0,0.9019507985034982,79.0,0.9999999999999996,78.0,0.9747786408047303,80.0,0.9553237037205476,1_3,1,3,natural,110.279411316,66.9462661743,7.11211147687,0,430.865994434,0.35220605135
UBFC_A1/Eval_On_COHFACE,COHFACE,old,COHFACE_s01_session3_natural,24,80.0,79.0,correct,80.0,0.9999999999999999,79.0,0.9439066607362042,81.0,0.9432955954342076,79.0,0.9999999999999998,80.0,0.9755040934772194,78.0,0.9250656869590423,1_3,1,3,natural,110.279411316,66.9462661743,7.11211147687,0,430.865994434,0.35220605135
UBFC_A1/Eval_On_COHFACE,COHFACE,old,COHFACE_s01_session3_natural,25,81.0,80.0,correct,81.0,0.9999999999999999,82.0,0.981134895024342,80.0,0.9041699152409668,80.0,0.9999999999999997,81.0,0.9930767981910728,79.0,0.9033324737845854,1_3,1,3,natural,110.279411316,66.9462661743,7.11211147687,0,430.865994434,0.35220605135
UBFC_A1/Eval_On_COHFACE,COHFACE,old,COHFACE_s01_session3_natural,26,82.0,40.0,sub_harmonic_half,82.0,0.9999999999999999,83.0,0.9574113710475561,81.0,0.9298051709377203,40.0,0.9999999999999994,41.0,0.8424652328634563,77.0,0.7859591989730583,1_3,1,3,natural,110.279411316,66.9462661743,7.11211147687,0,430.865994434,0.35220605135
UBFC_A1/Eval_On_COHFACE,COHFACE,old,COHFACE_s01_session3_natural,27,82.0,81.0,correct,82.0,0.9999999999999999,83.0,0.992319500677631,81.0,0.8941474683698405,81.0,0.9999999999999996,80.0,0.9625614560451992,82.0,0.9254779244182074,1_3,1,3,natural,110.279411316,66.9462661743,7.11211147687,0,430.865994434,0.35220605135
UBFC_A1/Eval_On_COHFACE,COHFACE,old,COHFACE_s01_session3_natural,28,84.0,65.0,large_error,84.0,0.9999999999999999,83.0,0.9840022190141138,85.0,0.9030843677246797,65.0,0.9999999999999996,47.0,0.9523186768665466,64.0,0.9504317979644902,1_3,1,3,natural,110.279411316,66.9462661743,7.11211147687,0,430.865994434,0.35220605135
UBFC_A1/Eval_On_COHFACE,COHFACE,old,COHFACE_s01_session3_natural,29,84.0,67.0,large_error,84.0,0.9999999999999999,83.0,0.9671321924391527,85.0,0.9169075187160539,67.0,0.9999999999999996,66.0,0.9924143211504,68.0,0.9458008043430366,1_3,1,3,natural,110.279411316,66.9462661743,7.11211147687,0,430.865994434,0.35220605135
UBFC_A1/Eval_On_COHFACE,COHFACE,old,COHFACE_s01_session3_natural,30,83.0,52.0,large_error,83.0,0.9999999999999999,82.0,0.9769249806387535,84.0,0.914749528007857,52.0,0.9999999999999997,51.0,0.9652054322553643,82.0,0.9588768233287451,1_3,1,3,natural,110.279411316,66.9462661743,7.11211147687,0,430.865994434,0.35220605135
UBFC_A1/Eval_On_COHFACE,COHFACE,old,COHFACE_s01_session3_natural,31,82.0,55.0,large_error,82.0,0.9999999999999999,83.0,0.9837726859522061,81.0,0.9068239135914611,55.0,0.9999999999999988,54.0,0.9865949125631839,56.0,0.8301929526131668,1_3,1,3,natural,110.279411316,66.9462661743,7.11211147687,0,430.865994434,0.35220605135
UBFC_A1/Eval_On_COHFACE,COHFACE,old,COHFACE_s01_session3_natural,32,82.0,44.0,sub_harmonic_half,82.0,0.9999999999999999,83.0,0.9546759244208121,81.0,0.9311851257374912,44.0,0.9999999999999992,43.0,0.9620609978048883,120.0,0.945712263846636,1_3,1,3,natural,110.279411316,66.9462661743,7.11211147687,0,430.865994434,0.35220605135
UBFC_A1/Eval_On_COHFACE,COHFACE,old,COHFACE_s01_session3_natural,33,82.0,83.0,correct,82.0,0.9999999999999999,83.0,0.9445042910067011,81.0,0.9415561013344064,83.0,0.9999999999999996,82.0,0.9615241425777942,84.0,0.8947084774089684,1_3,1,3,natural,110.279411316,66.9462661743,7.11211147687,0,430.865994434,0.35220605135
UBFC_A1/Eval_On_COHFACE,COHFACE,old,COHFACE_s01_session3_natural,34,82.0,88.0,large_error,82.0,0.9999999999999999,81.0,0.9523715530337502,83.0,0.932256608705163,88.0,0.9999999999999996,87.0,0.9701886741540611,89.0,0.9304283784346408,1_3,1,3,natural,110.279411316,66.9462661743,7.11211147687,0,430.865994434,0.35220605135
UBFC_A1/Eval_On_COHFACE,COHFACE,old,COHFACE_s01_session3_natural,35,82.0,54.0,large_error,82.0,0.9999999999999999,81.0,0.9772986974164269,83.0,0.9077658487483201,54.0,0.9999999999999998,53.0,0.9919692848822982,55.0,0.9323902453598298,1_3,1,3,natural,110.279411316,66.9462661743,7.11211147687,0,430.865994434,0.35220605135
UBFC_A1/Eval_On_COHFACE,COHFACE,old,COHFACE_s01_session3_natural,36,82.0,52.0,large_error,82.0,0.9999999999999999,83.0,0.9949172005654398,81.0,0.8872590908606851,52.0,0.9999999999999998,51.0,0.9972088242553516,53.0,0.9265816628153751,1_3,1,3,natural,110.279411316,66.9462661743,7.11211147687,0,430.865994434,0.35220605135
UBFC_A1/Eval_On_COHFACE,COHFACE,old,COHFACE_s01_session3_natural,37,83.0,51.0,large_error,83.0,0.9999999999999999,82.0,0.9980072760699582,84.0,0.8866461513568085,51.0,0.9999999999999998,52.0,0.9825495458377536,50.0,0.9463217748642874,1_3,1,3,natural,110.279411316,66.9462661743,7.11211147687,0,430.865994434,0.35220605135
UBFC_A1/Eval_On_COHFACE,COHFACE,old,COHFACE_s01_session3_natural,38,81.0,49.0,large_error,81.0,0.9999999999999999,82.0,0.9871333431728082,80.0,0.8983835757091977,49.0,0.9999999999999998,48.0,0.9970462274489857,50.0,0.9354476926901777,1_3,1,3,natural,110.279411316,66.9462661743,7.11211147687,0,430.865994434,0.35220605135
UBFC_A1/Eval_On_COHFACE,COHFACE,old,COHFACE_s01_session3_natural,39,81.0,44.0,sub_harmonic_half,81.0,0.9999999999999999,80.0,0.9551327495244373,82.0,0.9283050707374343,44.0,0.9999999999999998,43.0,0.9534268035401896,45.0,0.9450606208230952,1_3,1,3,natural,110.279411316,66.9462661743,7.11211147687,0,430.865994434,0.35220605135
UBFC_A1/Eval_On_COHFACE,COHFACE,old,COHFACE_s01_session3_natural,40,81.0,45.0,sub_harmonic_half,81.0,0.9999999999999999,80.0,0.9801875792043431,82.0,0.9061395099882416,45.0,0.9999999999999998,46.0,0.96523184738802,44.0,0.923658338600812,1_3,1,3,natural,110.279411316,66.9462661743,7.11211147687,0,430.865994434,0.35220605135
UBFC_A1/Eval_On_COHFACE,COHFACE,old,COHFACE_s01_session3_natural,41,80.0,44.0,sub_harmonic_half,80.0,0.9999999999999999,81.0,0.9809313273228295,79.0,0.9118502279263823,44.0,0.9999999999999999,45.0,0.9908728582334311,43.0,0.9132792308067209,1_3,1,3,natural,110.279411316,66.9462661743,7.11211147687,0,430.865994434,0.35220605135
UBFC_A1/Eval_On_COHFACE,COHFACE,old,COHFACE_s01_session3_natural,42,81.0,43.0,sub_harmonic_half,81.0,0.9999999999999999,80.0,0.9928174785558829,82.0,0.8943513006217243,43.0,0.9999999999999998,42.0,0.9962947150305785,44.0,0.9264423918915159,1_3,1,3,natural,110.279411316,66.9462661743,7.11211147687,0,430.865994434,0.35220605135
UBFC_A1/Eval_On_COHFACE,COHFACE,old,COHFACE_s01_session3_natural,43,81.0,43.0,sub_harmonic_half,81.0,0.9999999999999999,80.0,0.946426573633716,82.0,0.9428077620967067,43.0,0.9999999999999998,44.0,0.9616943397415899,42.0,0.937616260032206,1_3,1,3,natural,110.279411316,66.9462661743,7.11211147687,0,430.865994434,0.35220605135
UBFC_A1/Eval_On_COHFACE,COHFACE,old,COHFACE_s01_session3_natural,44,82.0,43.0,sub_harmonic_half,82.0,0.9999999999999999,83.0,0.9637811902950519,81.0,0.9237363251548573,43.0,0.9999999999999998,42.0,0.9890606775512357,44.0,0.8946703440683353,1_3,1,3,natural,110.279411316,66.9462661743,7.11211147687,0,430.865994434,0.35220605135
UBFC_A1/Eval_On_COHFACE,COHFACE,old,COHFACE_s01_session3_natural,45,83.0,40.0,sub_harmonic_half,83.0,0.9999999999999999,82.0,0.9888763526245415,84.0,0.8959561737101666,40.0,0.9999999999999996,66.0,0.9450178357798834,67.0,0.9398217942453667,1_3,1,3,natural,110.279411316,66.9462661743,7.11211147687,0,430.865994434,0.35220605135
UBFC_A1/Eval_On_COHFACE,COHFACE,old,COHFACE_s01_session3_natural,46,83.0,67.0,large_error,83.0,0.9999999999999999,82.0,0.9908574162883623,84.0,0.8995990671218778,67.0,0.9999999999999998,68.0,0.9735592238419205,66.0,0.9074859292084781,1_3,1,3,natural,110.279411316,66.9462661743,7.11211147687,0,430.865994434,0.35220605135
UBFC_A1/Eval_On_COHFACE,COHFACE,old,COHFACE_s01_session3_natural,47,83.0,64.0,large_error,83.0,0.9999999999999999,82.0,0.9860816280257422,84.0,0.8999805395179631,64.0,0.9999999999999998,65.0,0.9995161871084767,66.0,0.9337872471208188,1_3,1,3,natural,110.279411316,66.9462661743,7.11211147687,0,430.865994434,0.35220605135
UBFC_A1/Eval_On_COHFACE,COHFACE,old,COHFACE_s01_session3_natural,48,82.0,66.0,large_error,82.0,0.9999999999999999,83.0,0.9962408157291812,81.0,0.8899913604696197,66.0,0.9999999999999998,65.0,0.9840137091499672,67.0,0.9299668411192532,1_3,1,3,natural,110.279411316,66.9462661743,7.11211147687,0,430.865994434,0.35220605135
UBFC_A1/Eval_On_COHFACE,COHFACE,old,COHFACE_s01_session3_natural,49,82.0,66.0,large_error,82.0,0.9999999999999999,81.0,0.9981284420009007,83.0,0.8893668912314437,66.0,0.9999999999999998,67.0,0.9789667044892527,65.0,0.9257911815620701,1_3,1,3,natural,110.279411316,66.9462661743,7.11211147687,0,430.865994434,0.35220605135
UBFC_A1/Eval_On_COHFACE,COHFACE,old,COHFACE_s01_session3_natural,50,81.0,67.0,large_error,81.0,1.0,82.0,0.9690639810623914,80.0,0.9166334089923868,67.0,0.9999999999999999,68.0,0.9943044643516189,66.0,0.9147026423029153,1_3,1,3,natural,110.279411316,66.9462661743,7.11211147687,0,430.865994434,0.35220605135
UBFC_A1/Eval_On_COHFACE,COHFACE,old,COHFACE_s02_session0_lamp,0,74.0,76.0,correct,74.0,0.9999999999999998,73.0,0.9762232238053573,75.0,0.9500188095536232,76.0,0.9999999999999999,75.0,0.9711879638860507,77.0,0.9200974989877543,2_0,2,0,lamp,100.007377625,44.097782135,3.06101413752,0,324.971672021,0.161728441715
UBFC_A1/Eval_On_COHFACE,COHFACE,old,COHFACE_s02_session0_lamp,1,73.0,76.0,correct,73.0,0.9999999999999999,74.0,0.9756648987761823,72.0,0.9113102899411719,76.0,0.9999999999999997,75.0,0.9920658324012054,77.0,0.9147906693623011,2_0,2,0,lamp,100.007377625,44.097782135,3.06101413752,0,324.971672021,0.161728441715
UBFC_A1/Eval_On_COHFACE,COHFACE,old,COHFACE_s02_session0_lamp,2,72.0,60.0,large_error,72.0,0.9999999999999999,73.0,0.9917337021553594,71.0,0.896307586272995,60.0,0.9999999999999999,59.0,0.9618890567235789,61.0,0.9164530510234832,2_0,2,0,lamp,100.007377625,44.097782135,3.06101413752,0,324.971672021,0.161728441715
UBFC_A1/Eval_On_COHFACE,COHFACE,old,COHFACE_s02_session0_lamp,3,71.0,60.0,large_error,71.0,0.9999999999999999,72.0,0.9588054334916856,70.0,0.9385027320600927,60.0,0.9999999999999999,59.0,0.9875215837884534,61.0,0.9220544712795686,2_0,2,0,lamp,100.007377625,44.097782135,3.06101413752,0,324.971672021,0.161728441715
UBFC_A1/Eval_On_COHFACE,COHFACE,old,COHFACE_s02_session0_lamp,4,70.0,60.0,large_error,70.0,0.9999999999999999,69.0,0.9590524651900323,71.0,0.9435670887566273,60.0,0.9999999999999997,61.0,0.9859583316482102,59.0,0.9722351224162189,2_0,2,0,lamp,100.007377625,44.097782135,3.06101413752,0,324.971672021,0.161728441715
UBFC_A1/Eval_On_COHFACE,COHFACE,old,COHFACE_s02_session0_lamp,5,69.0,60.0,large_error,69.0,0.9999999999999999,70.0,0.9806034358056924,68.0,0.919151512997263,60.0,0.9999999999999997,59.0,0.9797430097885481,61.0,0.9689197322178409,2_0,2,0,lamp,100.007377625,44.097782135,3.06101413752,0,324.971672021,0.161728441715
UBFC_A1/Eval_On_COHFACE,COHFACE,old,COHFACE_s02_session0_lamp,6,69.0,66.0,correct,69.0,0.9999999999999999,70.0,0.9731477110977502,68.0,0.9081223344802809,66.0,0.9999999999999998,67.0,0.957097688848592,65.0,0.9210156196943502,2_0,2,0,lamp,100.007377625,44.097782135,3.06101413752,0,324.971672021,0.161728441715
UBFC_A1/Eval_On_COHFACE,COHFACE,old,COHFACE_s02_session0_lamp,7,70.0,67.0,correct,70.0,0.9999999999999999,69.0,0.9685467693690247,71.0,0.9077122304642988,67.0,0.9999999999999997,68.0,0.9808938971384695,66.0,0.8951695075451933,2_0,2,0,lamp,100.007377625,44.097782135,3.06101413752,0,324.971672021,0.161728441715
UBFC_A1/Eval_On_COHFACE,COHFACE,old,COHFACE_s02_session0_lamp,8,70.0,68.0,correct,70.0,1.0,69.0,0.9677209240645699,71.0,0.9115251571408182,68.0,0.9999999999999999,67.0,0.9507314688991647,69.0,0.9155374141084058,2_0,2,0,lamp,100.007377625,44.097782135,3.06101413752,0,324.971672021,0.161728441715
UBFC_A1/Eval_On_COHFACE,COHFACE,old,COHFACE_s02_session0_lamp,9,70.0,71.0,correct,70.0,1.0,69.0,0.9927297609694558,71.0,0.8922436870867927,71.0,0.9999999999999996,79.0,0.9916226324518334,70.0,0.9468043650526153,2_0,2,0,lamp,100.007377625,44.097782135,3.06101413752,0,324.971672021,0.161728441715
UBFC_A1/Eval_On_COHFACE,COHFACE,old,COHFACE_s02_session0_lamp,10,69.0,58.0,large_error,69.0,0.9999999999999999,70.0,0.9488163160470524,68.0,0.9475702022253686,58.0,0.9999999999999997,57.0,0.9892552737688892,59.0,0.93743596018742,2_0,2,0,lamp,100.007377625,44.097782135,3.06101413752,0,324.971672021,0.161728441715
UBFC_A1/Eval_On_COHFACE,COHFACE,old,COHFACE_s02_session0_lamp,11,68.0,75.0,large_error,68.0,0.9999999999999999,69.0,0.9896142576058586,67.0,0.9170566412102793,75.0,0.9999999999999998,74.0,0.9743998288314941,76.0,0.9401945030697798,2_0,2,0,lamp,100.007377625,44.097782135,3.06101413752,0,324.971672021,0.161728441715
UBFC_A1/Eval_On_COHFACE,COHFACE,old,COHFACE_s02_session0_lamp,12,68.0,40.0,large_error,68.0,1.0,69.0,0.9831075603098586,67.0,0.9099410040408837,40.0,0.9999999999999997,41.0,0.8517989479715798,78.0,0.7357441731508935,2_0,2,0,lamp,100.007377625,44.097782135,3.06101413752,0,324.971672021,0.161728441715
UBFC_A1/Eval_On_COHFACE,COHFACE,old,COHFACE_s02_session0_lamp,13,69.0,60.0,large_error,69.0,1.0,68.0,0.995777293576181,70.0,0.8849518650397783,60.0,0.9999999999999996,59.0,0.9768192491601965,61.0,0.9510214071788082,2_0,2,0,lamp,100.007377625,44.097782135,3.06101413752,0,324.971672021,0.161728441715
UBFC_A1/Eval_On_COHFACE,COHFACE,old,COHFACE_s02_session0_lamp,14,69.0,42.0,large_error,69.0,1.0,70.0,0.9551545591011693,68.0,0.9230231893546963,42.0,0.9999999999999998,68.0,0.9546354228108859,41.0,0.9468929098124734,2_0,2,0,lamp,100.007377625,44.097782135,3.06101413752,0,324.971672021,0.161728441715
UBFC_A1/Eval_On_COHFACE,COHFACE,old,COHFACE_s02_session0_lamp,15,70.0,81.0,large_error,70.0,1.0,69.0,0.9648173004610503,71.0,0.915997690732073,81.0,0.9999999999999998,82.0,0.9959786097127089,80.0,0.8997487161774608,2_0,2,0,lamp,100.007377625,44.097782135,3.06101413752,0,324.971672021,0.161728441715
UBFC_A1/Eval_On_COHFACE,COHFACE,old,COHFACE_s02_session0_lamp,16,70.0,81.0,large_error,70.0,1.0,71.0,0.9497410835970622,69.0,0.9378091343900558,81.0,0.9999999999999998,82.0,0.9779636043607811,80.0,0.9142607677213651,2_0,2,0,lamp,100.007377625,44.097782135,3.06101413752,0,324.971672021,0.161728441715
UBFC_A1/Eval_On_COHFACE,COHFACE,old,COHFACE_s02_session0_lamp,17,70.0,76.0,large_error,70.0,1.0,69.0,0.9520457371483112,71.0,0.9473134983660114,76.0,0.9999999999999998,75.0,0.9777934170359082,77.0,0.9525029411123895,2_0,2,0,lamp,100.007377625,44.097782135,3.06101413752,0,324.971672021,0.161728441715
UBFC_A1/Eval_On_COHFACE,COHFACE,old,COHFACE_s02_session0_lamp,18,70.0,80.0,large_error,70.0,1.0,69.0,0.9809422331236692,71.0,0.9122411860181721,80.0,0.9999999999999998,40.0,0.9696971077676849,81.0,0.9542481414508137,2_0,2,0,lamp,100.007377625,44.097782135,3.06101413752,0,324.971672021,0.161728441715
UBFC_A1/Eval_On_COHFACE,COHFACE,old,COHFACE_s02_session0_lamp,19,70.0,80.0,large_error,70.0,1.0,69.0,0.9913309360369711,71.0,0.8917213860298708,80.0,0.9999999999999996,81.0,0.9520426783349449,79.0,0.9249410891139972,2_0,2,0,lamp,100.007377625,44.097782135,3.06101413752,0,324.971672021,0.161728441715
UBFC_A1/Eval_On_COHFACE,COHFACE,old,COHFACE_s02_session0_lamp,20,70.0,80.0,large_error,70.0,1.0,69.0,0.9607303324209991,71.0,0.9188591565349015,80.0,0.9999999999999998,42.0,0.9794292335794271,79.0,0.9509787593460914,2_0,2,0,lamp,100.007377625,44.097782135,3.06101413752,0,324.971672021,0.161728441715
UBFC_A1/Eval_On_COHFACE,COHFACE,old,COHFACE_s02_session0_lamp,21,70.0,80.0,large_error,70.0,1.0,69.0,0.9742446560668144,71.0,0.9063151227926903,80.0,0.9999999999999999,81.0,0.9820268491939141,79.0,0.9067218607731055,2_0,2,0,lamp,100.007377625,44.097782135,3.06101413752,0,324.971672021,0.161728441715
UBFC_A1/Eval_On_COHFACE,COHFACE,old,COHFACE_s02_session0_lamp,22,70.0,81.0,large_error,70.0,1.0,69.0,0.9735397639305722,71.0,0.9159560620204968,81.0,0.9999999999999998,82.0,0.9904613315365954,80.0,0.9298123594350047,2_0,2,0,lamp,100.007377625,44.097782135,3.06101413752,0,324.971672021,0.161728441715
UBFC_A1/Eval_On_COHFACE,COHFACE,old,COHFACE_s02_session0_lamp,23,70.0,77.0,large_error,70.0,1.0,69.0,0.9861238095396068,71.0,0.9140980478407519,77.0,0.9999999999999998,78.0,0.998148235468553,76.0,0.9425233876868006,2_0,2,0,lamp,100.007377625,44.097782135,3.06101413752,0,324.971672021,0.161728441715
UBFC_A1/Eval_On_COHFACE,COHFACE,old,COHFACE_s02_session0_lamp,24,69.0,82.0,large_error,69.0,1.0,70.0,0.9987772256956329,68.0,0.9012206572145361,82.0,0.9999999999999999,81.0,0.9579260443543126,83.0,0.9475413145061898,2_0,2,0,lamp,100.007377625,44.097782135,3.06101413752,0,324.971672021,0.161728441715
UBFC_A1/Eval_On_COHFACE,COHFACE,old,COHFACE_s02_session0_lamp,25,69.0,81.0,large_error,69.0,1.0,70.0,0.9989817270184773,68.0,0.8872428226510908,81.0,0.9999999999999998,54.0,0.9839675162201666,80.0,0.9599252381791188,2_0,2,0,lamp,100.007377625,44.097782135,3.06101413752,0,324.971672021,0.161728441715
UBFC_A1/Eval_On_COHFACE,COHFACE,old,COHFACE_s02_session0_lamp,26,69.0,68.0,correct,69.0,1.0,70.0,0.9956090883722445,68.0,0.8849038614962258,68.0,0.9999999999999999,69.0,0.9937000005941631,67.0,0.848301598301528,2_0,2,0,lamp,100.007377625,44.097782135,3.06101413752,0,324.971672021,0.161728441715
UBFC_A1/Eval_On_COHFACE,COHFACE,old,COHFACE_s02_session0_lamp,27,69.0,81.0,large_error,69.0,1.0,70.0,0.9758363664036005,68.0,0.9015888938860106,81.0,0.9999999999999999,82.0,0.9468016614432018,80.0,0.9372199869322827,2_0,2,0,lamp,100.007377625,44.097782135,3.06101413752,0,324.971672021,0.161728441715
UBFC_A1/Eval_On_COHFACE,COHFACE,old,COHFACE_s02_session0_lamp,28,69.0,55.0,large_error,69.0,1.0,70.0,0.9716672901026888,68.0,0.9097089023656297,55.0,0.9999999999999996,56.0,0.9945547323944979,80.0,0.9294992802553176,2_0,2,0,lamp,100.007377625,44.097782135,3.06101413752,0,324.971672021,0.161728441715
UBFC_A1/Eval_On_COHFACE,COHFACE,old,COHFACE_s02_session0_lamp,29,69.0,60.0,large_error,69.0,1.0,68.0,0.9733374115831127,70.0,0.9215651610855181,60.0,0.9999999999999999,59.0,0.961100180244117,61.0,0.9137655598237797,2_0,2,0,lamp,100.007377625,44.097782135,3.06101413752,0,324.971672021,0.161728441715
UBFC_A1/Eval_On_COHFACE,COHFACE,old,COHFACE_s02_session0_lamp,30,68.0,78.0,large_error,68.0,1.0,67.0,0.960877247525841,69.0,0.9392153549313048,78.0,0.9999999999999997,79.0,0.9998534383326592,80.0,0.8919401513366351,2_0,2,0,lamp,100.007377625,44.097782135,3.06101413752,0,324.971672021,0.161728441715
UBFC_A1/Eval_On_COHFACE,COHFACE,old,COHFACE_s02_session0_lamp,31,68.0,80.0,large_error,68.0,1.0,67.0,0.9885100039862706,69.0,0.9054374155258501,80.0,0.9999999999999996,79.0,0.9927301822147797,81.0,0.9300085291759911,2_0,2,0,lamp,100.007377625,44.097782135,3.06101413752,0,324.971672021,0.161728441715
UBFC_A1/Eval_On_COHFACE,COHFACE,old,COHFACE_s02_session0_lamp,32,68.0,41.0,large_error,68.0,1.0,67.0,0.9531508953358213,69.0,0.928021804696228,41.0,0.9999999999999998,42.0,0.9986636516534317,78.0,0.9651992302161476,2_0,2,0,lamp,100.007377625,44.097782135,3.06101413752,0,324.971672021,0.161728441715
UBFC_A1/Eval_On_COHFACE,COHFACE,old,COHFACE_s02_session0_lamp,33,69.0,80.0,large_error,69.0,1.0,68.0,0.9688097471011622,70.0,0.908677421487104,80.0,0.9999999999999997,79.0,0.9962875885082679,41.0,0.9834555382320268,2_0,2,0,lamp,100.007377625,44.097782135,3.06101413752,0,324.971672021,0.161728441715
UBFC_A1/Eval_On_COHFACE,COHFACE,old,COHFACE_s02_session0_lamp,34,69.0,79.0,large_error,69.0,1.0,70.0,0.9946312035751604,68.0,0.8781400556121653,79.0,0.9999999999999997,80.0,0.9783243432314321,78.0,0.9730910417402461,2_0,2,0,lamp,100.007377625,44.097782135,3.06101413752,0,324.971672021,0.161728441715
UBFC_A1/Eval_On_COHFACE,COHFACE,old,COHFACE_s02_session0_lamp,35,70.0,79.0,large_error,70.0,1.0,69.0,0.9723788829851243,71.0,0.9099192068267803,79.0,0.9999999999999998,78.0,0.9764837813182832,80.0,0.9425327832543943,2_0,2,0,lamp,100.007377625,44.097782135,3.06101413752,0,324.971672021,0.161728441715
UBFC_A1/Eval_On_COHFACE,COHFACE,old,COHFACE_s02_session0_lamp,36,70.0,81.0,large_error,70.0,1.0,69.0,0.9871150816074893,71.0,0.909266506702927,81.0,0.9999999999999998,80.0,0.9980413482642265,82.0,0.9161624172370727,2_0,2,0,lamp,100.007377625,44.097782135,3.06101413752,0,324.971672021,0.161728441715
UBFC_A1/Eval_On_COHFACE,COHFACE,old,COHFACE_s02_session0_lamp,37,69.0,81.0,large_error,69.0,1.0,70.0,0.9878030074962856,68.0,0.9150511233932649,81.0,0.9999999999999996,80.0,0.9670587230682172,82.0,0.9327280533256171,2_0,2,0,lamp,100.007377625,44.097782135,3.06101413752,0,324.971672021,0.161728441715
UBFC_A1/Eval_On_COHFACE,COHFACE,old,COHFACE_s02_session0_lamp,38,69.0,79.0,large_error,69.0,1.0,70.0,0.965746746975073,68.0,0.925395936596946,79.0,0.9999999999999998,80.0,0.9865506624563329,41.0,0.9191222623602062,2_0,2,0,lamp,100.007377625,44.097782135,3.06101413752,0,324.971672021,0.161728441715
UBFC_A1/Eval_On_COHFACE,COHFACE,old,COHFACE_s02_session0_lamp,39,69.0,81.0,large_error,69.0,1.0,70.0,0.960938417777175,68.0,0.9222759046553712,81.0,0.9999999999999997,40.0,0.9893718281557531,80.0,0.9862428155544577,2_0,2,0,lamp,100.007377625,44.097782135,3.06101413752,0,324.971672021,0.161728441715
UBFC_A1/Eval_On_COHFACE,COHFACE,old,COHFACE_s02_session0_lamp,40,69.0,81.0,large_error,69.0,1.0,70.0,0.9774635876837563,68.0,0.9004474104958077,81.0,0.9999999999999997,80.0,0.9962549689729475,82.0,0.9078909557777107,2_0,2,0,lamp,100.007377625,44.097782135,3.06101413752,0,324.971672021,0.161728441715
UBFC_A1/Eval_On_COHFACE,COHFACE,old,COHFACE_s02_session0_lamp,41,70.0,79.0,large_error,70.0,1.0,69.0,0.9968274525979208,71.0,0.8864037084096774,79.0,0.9999999999999998,80.0,0.9911814882664817,41.0,0.9336400069209595,2_0,2,0,lamp,100.007377625,44.097782135,3.06101413752,0,324.971672021,0.161728441715
UBFC_A1/Eval_On_COHFACE,COHFACE,old,COHFACE_s02_session0_lamp,42,70.0,40.0,sub_harmonic_half,70.0,1.0,69.0,0.9722934435767141,71.0,0.9176523317331169,40.0,0.9999999999999998,41.0,0.9527459566809805,80.0,0.9297883793583298,2_0,2,0,lamp,100.007377625,44.097782135,3.06101413752,0,324.971672021,0.161728441715
UBFC_A1/Eval_On_COHFACE,COHFACE,old,COHFACE_s02_session0_lamp,43,70.0,81.0,large_error,70.0,1.0,69.0,0.9842407785145767,71.0,0.9102413618411337,81.0,0.9999999999999998,82.0,0.9624973645292717,80.0,0.9568401327929532,2_0,2,0,lamp,100.007377625,44.097782135,3.06101413752,0,324.971672021,0.161728441715
UBFC_A1/Eval_On_COHFACE,COHFACE,old,COHFACE_s02_session0_lamp,44,69.0,43.0,large_error,69.0,1.0,70.0,0.9688692343674409,68.0,0.9206363275582357,43.0,0.9999999999999999,44.0,0.9704199209762276,42.0,0.9418869216550372,2_0,2,0,lamp,100.007377625,44.097782135,3.06101413752,0,324.971672021,0.161728441715
UBFC_A1/Eval_On_COHFACE,COHFACE,old,COHFACE_s02_session0_lamp,45,69.0,41.0,large_error,69.0,1.0,68.0,0.9689277315605989,70.0,0.9169659672772954,41.0,0.9999999999999998,42.0,0.9989224019107049,40.0,0.941249710646241,2_0,2,0,lamp,100.007377625,44.097782135,3.06101413752,0,324.971672021,0.161728441715
UBFC_A1/Eval_On_COHFACE,COHFACE,old,COHFACE_s02_session0_lamp,46,69.0,42.0,large_error,69.0,1.0,68.0,0.9716931207116679,70.0,0.9166803845204676,42.0,0.9999999999999997,43.0,0.983179975934707,41.0,0.9748249635854301,2_0,2,0,lamp,100.007377625,44.097782135,3.06101413752,0,324.971672021,0.161728441715
UBFC_A1/Eval_On_COHFACE,COHFACE,old,COHFACE_s02_session0_lamp,47,69.0,51.0,large_error,69.0,1.0,70.0,0.9580342713134762,68.0,0.9214584445838881,51.0,0.9999999999999998,50.0,0.928767851997255,52.0,0.8923460290230628,2_0,2,0,lamp,100.007377625,44.097782135,3.06101413752,0,324.971672021,0.161728441715
UBFC_A1/Eval_On_COHFACE,COHFACE,old,COHFACE_s02_session0_lamp,48,70.0,40.0,sub_harmonic_half,70.0,1.0,69.0,0.996602275527626,71.0,0.8878719964987554,40.0,0.9999999999999997,41.0,0.9065453362439015,80.0,0.763871400133212,2_0,2,0,lamp,100.007377625,44.097782135,3.06101413752,0,324.971672021,0.161728441715
UBFC_A1/Eval_On_COHFACE,COHFACE,old,COHFACE_s02_session0_lamp,49,70.0,41.0,sub_harmonic_half,70.0,1.0,69.0,0.9824419545384684,71.0,0.9075283235594763,41.0,0.9999999999999997,40.0,0.9596240965207944,42.0,0.9131378053008801,2_0,2,0,lamp,100.007377625,44.097782135,3.06101413752,0,324.971672021,0.161728441715
UBFC_A1/Eval_On_COHFACE,COHFACE,old,COHFACE_s02_session0_lamp,50,70.0,43.0,large_error,70.0,1.0,69.0,0.9615183028016481,71.0,0.9268676668905098,43.0,0.9999999999999998,44.0,0.9662625248336,42.0,0.9376997794882923,2_0,2,0,lamp,100.007377625,44.097782135,3.06101413752,0,324.971672021,0.161728441715
UBFC_A1/Eval_On_COHFACE,COHFACE,old,COHFACE_s02_session1_lamp,0,76.0,77.0,correct,76.0,0.9999999999999999,75.0,0.9627090509254798,77.0,0.9394078881884576,77.0,0.9999999999999997,78.0,0.9479981016428936,76.0,0.9251126803303046,2_1,2,1,lamp,107.914482117,46.2949142456,1.94489940113,0,260.555223664,0.18244805932
UBFC_A1/Eval_On_COHFACE,COHFACE,old,COHFACE_s02_session1_lamp,1,76.0,75.0,correct,76.0,1.0,75.0,0.9460340320216287,77.0,0.9362442992271279,75.0,0.9999999999999996,76.0,0.9910881634843803,77.0,0.9125367665262502,2_1,2,1,lamp,107.914482117,46.2949142456,1.94489940113,0,260.555223664,0.18244805932
UBFC_A1/Eval_On_COHFACE,COHFACE,old,COHFACE_s02_session1_lamp,2,76.0,77.0,correct,76.0,1.0,75.0,0.9891804971286401,77.0,0.8953305869668887,77.0,0.9999999999999998,78.0,0.9710615171070244,76.0,0.9454126719442812,2_1,2,1,lamp,107.914482117,46.2949142456,1.94489940113,0,260.555223664,0.18244805932
UBFC_A1/Eval_On_COHFACE,COHFACE,old,COHFACE_s02_session1_lamp,3,75.0,79.0,large_error,75.0,1.0,76.0,0.9658280151238982,74.0,0.9229316598518985,79.0,0.9999999999999997,80.0,0.9713177783990881,78.0,0.9656002028525029,2_1,2,1,lamp,107.914482117,46.2949142456,1.94489940113,0,260.555223664,0.18244805932
UBFC_A1/Eval_On_COHFACE,COHFACE,old,COHFACE_s02_session1_lamp,4,75.0,80.0,large_error,75.0,1.0,76.0,0.9591899172056899,74.0,0.9373618602765781,80.0,0.9999999999999997,81.0,0.9811752803996197,79.0,0.9599451916856638,2_1,2,1,lamp,107.914482117,46.2949142456,1.94489940113,0,260.555223664,0.18244805932
UBFC_A1/Eval_On_COHFACE,COHFACE,old,COHFACE_s02_session1_lamp,5,75.0,44.0,sub_harmonic_half,75.0,1.0,76.0,0.973657782522626,74.0,0.918692840000842,44.0,0.9999999999999996,45.0,0.9727578588244029,43.0,0.9513292632487196,2_1,2,1,lamp,107.914482117,46.2949142456,1.94489940113,0,260.555223664,0.18244805932
UBFC_A1/Eval_On_COHFACE,COHFACE,old,COHFACE_s02_session1_lamp,6,75.0,82.0,large_error,75.0,1.0,76.0,0.9634303367843878,74.0,0.9231461892190015,82.0,0.9999999999999993,83.0,0.9573424289232282,81.0,0.954546210837037,2_1,2,1,lamp,107.914482117,46.2949142456,1.94489940113,0,260.555223664,0.18244805932
UBFC_A1/Eval_On_COHFACE,COHFACE,old,COHFACE_s02_session1_lamp,7,76.0,81.0,large_error,76.0,1.0,75.0,0.9899866429900366,77.0,0.8948690424922413,81.0,0.9999999999999993,82.0,0.9846756001481246,90.0,0.9832301963472815,2_1,2,1,lamp,107.914482117,46.2949142456,1.94489940113,0,260.555223664,0.18244805932
UBFC_A1/Eval_On_COHFACE,COHFACE,old,COHFACE_s02_session1_lamp,8,76.0,60.0,large_error,76.0,1.0,75.0,0.9893781230763049,77.0,0.89074966139382,60.0,0.9999999999999998,61.0,0.9471373336407143,59.0,0.9152405322200056,2_1,2,1,lamp,107.914482117,46.2949142456,1.94489940113,0,260.555223664,0.18244805932
UBFC_A1/Eval_On_COHFACE,COHFACE,old,COHFACE_s02_session1_lamp,9,75.0,60.0,large_error,75.0,1.0,76.0,0.9752387598584643,74.0,0.9040616344771709,60.0,0.9999999999999991,59.0,0.9856079836119149,61.0,0.926764085093645,2_1,2,1,lamp,107.914482117,46.2949142456,1.94489940113,0,260.555223664,0.18244805932
UBFC_A1/Eval_On_COHFACE,COHFACE,old,COHFACE_s02_session1_lamp,10,74.0,60.0,large_error,74.0,0.9999999999999999,75.0,0.9755152648875155,73.0,0.9147327373742262,60.0,0.9999999999999994,59.0,0.9678235561375237,61.0,0.9247917378264656,2_1,2,1,lamp,107.914482117,46.2949142456,1.94489940113,0,260.555223664,0.18244805932
UBFC_A1/Eval_On_COHFACE,COHFACE,old,COHFACE_s02_session1_lamp,11,73.0,59.0,large_error,73.0,1.0,72.0,0.9791405307324297,74.0,0.9118803514800057,59.0,0.9999999999999999,60.0,0.966357394349087,58.0,0.91164007552406,2_1,2,1,lamp,107.914482117,46.2949142456,1.94489940113,0,260.555223664,0.18244805932
UBFC_A1/Eval_On_COHFACE,COHFACE,old,COHFACE_s02_session1_lamp,12,71.0,59.0,large_error,71.0,0.9999999999999999,72.0,0.9717966365775403,70.0,0.922684713755042,59.0,0.9999999999999998,60.0,0.9962624338912862,58.0,0.9343247472745297,2_1,2,1,lamp,107.914482117,46.2949142456,1.94489940113,0,260.555223664,0.18244805932
UBFC_A1/Eval_On_COHFACE,COHFACE,old,COHFACE_s02_session1_lamp,13,71.0,60.0,large_error,71.0,1.0,70.0,0.9963067827174069,72.0,0.8977934689245759,60.0,0.9999999999999996,59.0,0.9986257365032286,61.0,0.9486765625507336,2_1,2,1,lamp,107.914482117,46.2949142456,1.94489940113,0,260.555223664,0.18244805932
UBFC_A1/Eval_On_COHFACE,COHFACE,old,COHFACE_s02_session1_lamp,14,70.0,59.0,large_error,70.0,1.0,69.0,0.9810517669741591,71.0,0.9065309817987036,59.0,0.9999999999999998,60.0,0.9994373648559234,58.0,0.9254950723179247,2_1,2,1,lamp,107.914482117,46.2949142456,1.94489940113,0,260.555223664,0.18244805932
UBFC_A1/Eval_On_COHFACE,COHFACE,old,COHFACE_s02_session1_lamp,15,69.0,53.0,large_error,69.0,1.0,70.0,0.9852097251924695,68.0,0.8988394102733654,53.0,0.9999999999999996,54.0,0.9602579323465579,52.0,0.896194960952891,2_1,2,1,lamp,107.914482117,46.2949142456,1.94489940113,0,260.555223664,0.18244805932
UBFC_A1/Eval_On_COHFACE,COHFACE,old,COHFACE_s02_session1_lamp,16,69.0,54.0,large_error,69.0,1.0,70.0,0.9634900019237391,68.0,0.9205393213111708,54.0,0.9999999999999994,55.0,0.9299545545843566,53.0,0.9273362755614909,2_1,2,1,lamp,107.914482117,46.2949142456,1.94489940113,0,260.555223664,0.18244805932
UBFC_A1/Eval_On_COHFACE,COHFACE,old,COHFACE_s02_session1_lamp,17,69.0,67.0,correct,69.0,1.0,70.0,0.9477540314123013,68.0,0.9361467706844705,67.0,0.9999999999999997,43.0,0.9707456578961331,66.0,0.9625470196592983,2_1,2,1,lamp,107.914482117,46.2949142456,1.94489940113,0,260.555223664,0.18244805932
UBFC_A1/Eval_On_COHFACE,COHFACE,old,COHFACE_s02_session1_lamp,18,69.0,66.0,correct,69.0,1.0,70.0,0.9429524948028135,68.0,0.9418871613109501,66.0,0.9999999999999996,67.0,0.971881307393259,65.0,0.9307389922890892,2_1,2,1,lamp,107.914482117,46.2949142456,1.94489940113,0,260.555223664,0.18244805932
UBFC_A1/Eval_On_COHFACE,COHFACE,old,COHFACE_s02_session1_lamp,19,69.0,63.0,large_error,69.0,1.0,68.0,0.9690120700896463,70.0,0.9200692140253987,63.0,0.9999999999999993,64.0,0.9700888510331052,43.0,0.9631863913159892,2_1,2,1,lamp,107.914482117,46.2949142456,1.94489940113,0,260.555223664,0.18244805932
UBFC_A1/Eval_On_COHFACE,COHFACE,old,COHFACE_s02_session1_lamp,20,69.0,42.0,large_error,69.0,1.0,68.0,0.998362424697118,70.0,0.8886287156933635,42.0,0.9999999999999996,43.0,0.9599120960401477,41.0,0.9474002671900772,2_1,2,1,lamp,107.914482117,46.2949142456,1.94489940113,0,260.555223664,0.18244805932
UBFC_A1/Eval_On_COHFACE,COHFACE,old,COHFACE_s02_session1_lamp,21,68.0,80.0,large_error,68.0,1.0,69.0,0.9800235655011927,67.0,0.9023721140366394,80.0,0.9999999999999997,40.0,0.9926108380194769,79.0,0.9399388829396494,2_1,2,1,lamp,107.914482117,46.2949142456,1.94489940113,0,260.555223664,0.18244805932
UBFC_A1/Eval_On_COHFACE,COHFACE,old,COHFACE_s02_session1_lamp,22,68.0,120.0,super_harmonic_2x,68.0,1.0,69.0,0.9547268039585578,67.0,0.931969389299336,120.0,0.9999999999999996,119.0,0.9883116988385193,80.0,0.9113510398237372,2_1,2,1,lamp,107.914482117,46.2949142456,1.94489940113,0,260.555223664,0.18244805932
UBFC_A1/Eval_On_COHFACE,COHFACE,old,COHFACE_s02_session1_lamp,23,68.0,42.0,large_error,68.0,1.0,67.0,0.9586354912692742,69.0,0.9345248693686148,42.0,0.9999999999999996,43.0,0.9679939926511973,41.0,0.9354918463259186,2_1,2,1,lamp,107.914482117,46.2949142456,1.94489940113,0,260.555223664,0.18244805932
UBFC_A1/Eval_On_COHFACE,COHFACE,old,COHFACE_s02_session1_lamp,24,68.0,40.0,large_error,68.0,1.0,67.0,0.957647871341373,69.0,0.937569844725292,40.0,0.9999999999999996,41.0,0.7946484360269723,65.0,0.5587091230775592,2_1,2,1,lamp,107.914482117,46.2949142456,1.94489940113,0,260.555223664,0.18244805932
UBFC_A1/Eval_On_COHFACE,COHFACE,old,COHFACE_s02_session1_lamp,25,68.0,40.0,large_error,68.0,1.0,67.0,0.9519812027387105,69.0,0.9353317249960845,40.0,0.9999999999999994,41.0,0.9424768851708434,81.0,0.9268862235818448,2_1,2,1,lamp,107.914482117,46.2949142456,1.94489940113,0,260.555223664,0.18244805932
UBFC_A1/Eval_On_COHFACE,COHFACE,old,COHFACE_s02_session1_lamp,26,68.0,42.0,large_error,68.0,1.0,67.0,0.9552585508760183,69.0,0.9252445792785863,42.0,0.9999999999999998,41.0,0.9744609390961635,43.0,0.9033754194535507,2_1,2,1,lamp,107.914482117,46.2949142456,1.94489940113,0,260.555223664,0.18244805932
UBFC_A1/Eval_On_COHFACE,COHFACE,old,COHFACE_s02_session1_lamp,27,68.0,42.0,large_error,68.0,1.0,69.0,0.9423445121226297,67.0,0.9359949479767117,42.0,0.9999999999999997,41.0,0.9656114480566043,43.0,0.9527291235641698,2_1,2,1,lamp,107.914482117,46.2949142456,1.94489940113,0,260.555223664,0.18244805932
UBFC_A1/Eval_On_COHFACE,COHFACE,old,COHFACE_s02_session1_lamp,28,68.0,42.0,large_error,68.0,1.0,69.0,0.9820760542041314,67.0,0.900000720213501,42.0,0.9999999999999996,41.0,0.9753321883725169,43.0,0.95689045263655,2_1,2,1,lamp,107.914482117,46.2949142456,1.94489940113,0,260.555223664,0.18244805932
UBFC_A1/Eval_On_COHFACE,COHFACE,old,COHFACE_s02_session1_lamp,29,68.0,44.0,large_error,68.0,1.0,69.0,0.9954959375558773,67.0,0.8973373530960135,44.0,0.9999999999999998,43.0,0.980693441284154,45.0,0.9376851677108103,2_1,2,1,lamp,107.914482117,46.2949142456,1.94489940113,0,260.555223664,0.18244805932
UBFC_A1/Eval_On_COHFACE,COHFACE,old,COHFACE_s02_session1_lamp,30,69.0,81.0,large_error,69.0,1.0,68.0,0.9908584349836854,70.0,0.9050140414130494,81.0,0.9999999999999997,80.0,0.9599702857926574,82.0,0.9491382286588876,2_1,2,1,lamp,107.914482117,46.2949142456,1.94489940113,0,260.555223664,0.18244805932
UBFC_A1/Eval_On_COHFACE,COHFACE,old,COHFACE_s02_session1_lamp,31,69.0,42.0,large_error,69.0,1.0,68.0,0.963682068868332,70.0,0.9226256194977743,42.0,0.9999999999999996,43.0,0.9728858075681981,80.0,0.9467234483158489,2_1,2,1,lamp,107.914482117,46.2949142456,1.94489940113,0,260.555223664,0.18244805932
UBFC_A1/Eval_On_COHFACE,COHFACE,old,COHFACE_s02_session1_lamp,32,69.0,60.0,large_error,69.0,1.0,68.0,0.9511751657443018,70.0,0.92610555785641,60.0,0.9999999999999999,59.0,0.9535745326038115,61.0,0.9242805739093531,2_1,2,1,lamp,107.914482117,46.2949142456,1.94489940113,0,260.555223664,0.18244805932
UBFC_A1/Eval_On_COHFACE,COHFACE,old,COHFACE_s02_session1_lamp,33,69.0,60.0,large_error,69.0,1.0,68.0,0.9819180634066161,70.0,0.9009157990854105,60.0,0.9999999999999998,59.0,0.9710717405777588,61.0,0.9267441204199105,2_1,2,1,lamp,107.914482117,46.2949142456,1.94489940113,0,260.555223664,0.18244805932
UBFC_A1/Eval_On_COHFACE,COHFACE,old,COHFACE_s02_session1_lamp,34,68.0,59.0,large_error,68.0,1.0,69.0,0.9523491286126852,67.0,0.9330652385392971,59.0,0.9999999999999997,60.0,0.9853371571505245,58.0,0.9119930357880647,2_1,2,1,lamp,107.914482117,46.2949142456,1.94489940113,0,260.555223664,0.18244805932
UBFC_A1/Eval_On_COHFACE,COHFACE,old,COHFACE_s02_session1_lamp,35,68.0,60.0,large_error,68.0,1.0,67.0,0.992478549245249,69.0,0.9021313647369777,60.0,0.9999999999999999,59.0,0.9641468421646733,61.0,0.9099075984593703,2_1,2,1,lamp,107.914482117,46.2949142456,1.94489940113,0,260.555223664,0.18244805932
UBFC_A1/Eval_On_COHFACE,COHFACE,old,COHFACE_s02_session1_lamp,36,67.0,66.0,correct,67.0,1.0,66.0,0.9565889227047342,68.0,0.9401268478288701,66.0,0.9999999999999997,65.0,0.968808915541107,67.0,0.9442480109877309,2_1,2,1,lamp,107.914482117,46.2949142456,1.94489940113,0,260.555223664,0.18244805932
UBFC_A1/Eval_On_COHFACE,COHFACE,old,COHFACE_s02_session1_lamp,37,67.0,67.0,correct,67.0,1.0,66.0,0.999151267625842,65.0,0.892198135630352,67.0,0.9999999999999997,68.0,0.9656300996657138,66.0,0.9356542981952194,2_1,2,1,lamp,107.914482117,46.2949142456,1.94489940113,0,260.555223664,0.18244805932
UBFC_A1/Eval_On_COHFACE,COHFACE,old,COHFACE_s02_session1_lamp,38,67.0,51.0,large_error,67.0,1.0,66.0,0.9742189362143127,68.0,0.9047335851321798,51.0,0.9999999999999997,52.0,0.9685565661607933,50.0,0.9052407294867943,2_1,2,1,lamp,107.914482117,46.2949142456,1.94489940113,0,260.555223664,0.18244805932
UBFC_A1/Eval_On_COHFACE,COHFACE,old,COHFACE_s02_session1_lamp,39,67.0,65.0,correct,67.0,1.0,68.0,0.972052272194212,66.0,0.9035782337479822,65.0,0.9999999999999998,64.0,0.9454117379736129,66.0,0.9409975199334274,2_1,2,1,lamp,107.914482117,46.2949142456,1.94489940113,0,260.555223664,0.18244805932
UBFC_A1/Eval_On_COHFACE,COHFACE,old,COHFACE_s02_session1_lamp,40,68.0,81.0,large_error,68.0,1.0,67.0,0.9612766193620695,69.0,0.9189897346922167,81.0,0.9999999999999996,82.0,0.9909058947429914,80.0,0.9276749457774455,2_1,2,1,lamp,107.914482117,46.2949142456,1.94489940113,0,260.555223664,0.18244805932
UBFC_A1/Eval_On_COHFACE,COHFACE,old,COHFACE_s02_session1_lamp,41,68.0,44.0,large_error,68.0,1.0,69.0,0.949811948517806,67.0,0.9375791804693022,44.0,0.9999999999999998,43.0,0.991101419737715,45.0,0.909986010373723,2_1,2,1,lamp,107.914482117,46.2949142456,1.94489940113,0,260.555223664,0.18244805932
UBFC_A1/Eval_On_COHFACE,COHFACE,old,COHFACE_s02_session1_lamp,42,68.0,41.0,large_error,68.0,1.0,69.0,0.992275647066945,67.0,0.9042335148718377,41.0,0.9999999999999997,40.0,0.9870680339356869,42.0,0.9257182162131179,2_1,2,1,lamp,107.914482117,46.2949142456,1.94489940113,0,260.555223664,0.18244805932
UBFC_A1/Eval_On_COHFACE,COHFACE,old,COHFACE_s02_session1_lamp,43,69.0,120.0,super_harmonic_2x,69.0,1.0,68.0,0.956736981662676,70.0,0.930648836779474,120.0,0.9999999999999997,119.0,0.9725694761089513,121.0,0.9242997053238834,2_1,2,1,lamp,107.914482117,46.2949142456,1.94489940113,0,260.555223664,0.18244805932
UBFC_A1/Eval_On_COHFACE,COHFACE,old,COHFACE_s02_session1_lamp,44,69.0,42.0,large_error,69.0,1.0,70.0,0.9647363922359319,68.0,0.9214607251965612,42.0,0.9999999999999996,43.0,0.9999379118396136,41.0,0.8990496227736069,2_1,2,1,lamp,107.914482117,46.2949142456,1.94489940113,0,260.555223664,0.18244805932
UBFC_A1/Eval_On_COHFACE,COHFACE,old,COHFACE_s02_session1_lamp,45,70.0,40.0,sub_harmonic_half,70.0,1.0,69.0,0.9963006551586403,71.0,0.8925573420080745,40.0,0.9999999999999996,60.0,0.7791224688881117,41.0,0.7664599344695446,2_1,2,1,lamp,107.914482117,46.2949142456,1.94489940113,0,260.555223664,0.18244805932
UBFC_A1/Eval_On_COHFACE,COHFACE,old,COHFACE_s02_session1_lamp,46,70.0,81.0,large_error,70.0,1.0,69.0,0.9582774272802571,71.0,0.9273122160196828,81.0,0.9999999999999994,80.0,0.9826396706424821,82.0,0.8933529927207633,2_1,2,1,lamp,107.914482117,46.2949142456,1.94489940113,0,260.555223664,0.18244805932
UBFC_A1/Eval_On_COHFACE,COHFACE,old,COHFACE_s02_session1_lamp,47,70.0,42.0,large_error,70.0,1.0,71.0,0.9463600125323351,69.0,0.9411073102973896,42.0,0.9999999999999994,43.0,0.9495580905875675,41.0,0.9472203267026802,2_1,2,1,lamp,107.914482117,46.2949142456,1.94489940113,0,260.555223664,0.18244805932
UBFC_A1/Eval_On_COHFACE,COHFACE,old,COHFACE_s02_session1_lamp,48,70.0,40.0,sub_harmonic_half,70.0,1.0,71.0,0.996860134467944,69.0,0.8946761347395857,40.0,0.9999999999999997,41.0,0.88773311665719,60.0,0.722446017297894,2_1,2,1,lamp,107.914482117,46.2949142456,1.94489940113,0,260.555223664,0.18244805932
UBFC_A1/Eval_On_COHFACE,COHFACE,old,COHFACE_s02_session1_lamp,49,70.0,61.99999999999999,large_error,70.0,1.0,71.0,0.9719060851461437,69.0,0.9126501055484668,61.99999999999999,0.9999999999999992,61.0,0.9874453552726109,45.0,0.9789279255405823,2_1,2,1,lamp,107.914482117,46.2949142456,1.94489940113,0,260.555223664,0.18244805932
UBFC_A1/Eval_On_COHFACE,COHFACE,old,COHFACE_s02_session1_lamp,50,70.0,43.0,large_error,70.0,1.0,71.0,0.985195730825711,69.0,0.9011971889882666,43.0,0.9999999999999998,42.0,0.9587220373294905,44.0,0.9296150318347123,2_1,2,1,lamp,107.914482117,46.2949142456,1.94489940113,0,260.555223664,0.18244805932
UBFC_A1/Eval_On_COHFACE,COHFACE,old,COHFACE_s02_session2_natural,0,73.0,76.0,correct,73.0,0.9999999999999998,72.0,0.9890101374521441,74.0,0.9070523430824918,76.0,0.9999999999999997,77.0,0.9899898832732112,75.0,0.9304888749862781,2_2,2,2,natural,91.1114349365,52.3388214111,7.17336894661,0.000323365066225,259.198642507,0.214300751686
UBFC_A1/Eval_On_COHFACE,COHFACE,old,COHFACE_s02_session2_natural,1,75.0,75.0,correct,75.0,0.9999999999999998,76.0,0.9966649817590246,74.0,0.9107292258124029,75.0,0.9999999999999999,76.0,0.9719707377882443,74.0,0.9299907133392045,2_2,2,2,natural,91.1114349365,52.3388214111,7.17336894661,0.000323365066225,259.198642507,0.214300751686
UBFC_A1/Eval_On_COHFACE,COHFACE,old,COHFACE_s02_session2_natural,2,77.0,76.0,correct,77.0,0.9999999999999998,76.0,0.9498199160401528,78.0,0.9413898931188505,76.0,0.9999999999999999,75.0,0.9841916026713994,77.0,0.9274429160741459,2_2,2,2,natural,91.1114349365,52.3388214111,7.17336894661,0.000323365066225,259.198642507,0.214300751686
UBFC_A1/Eval_On_COHFACE,COHFACE,old,COHFACE_s02_session2_natural,3,78.0,79.0,correct,78.0,0.9999999999999999,79.0,0.9511353741166039,77.0,0.9208130942992745,79.0,0.9999999999999998,78.0,0.974494790610626,80.0,0.9302817785288758,2_2,2,2,natural,91.1114349365,52.3388214111,7.17336894661,0.000323365066225,259.198642507,0.214300751686
UBFC_A1/Eval_On_COHFACE,COHFACE,old,COHFACE_s02_session2_natural,4,79.0,60.0,large_error,79.0,0.9999999999999999,78.0,0.9919920270184084,80.0,0.8932673160133612,60.0,0.9999999999999999,59.0,0.9803705862580618,79.0,0.9307518993120979,2_2,2,2,natural,91.1114349365,52.3388214111,7.17336894661,0.000323365066225,259.198642507,0.214300751686
UBFC_A1/Eval_On_COHFACE,COHFACE,old,COHFACE_s02_session2_natural,5,78.0,79.0,correct,78.0,0.9999999999999999,77.0,0.9545673843748809,79.0,0.9308749787513475,79.0,0.9999999999999998,80.0,0.9950295227016576,78.0,0.935437946076416,2_2,2,2,natural,91.1114349365,52.3388214111,7.17336894661,0.000323365066225,259.198642507,0.214300751686
UBFC_A1/Eval_On_COHFACE,COHFACE,old,COHFACE_s02_session2_natural,6,76.0,40.0,sub_harmonic_half,76.0,0.9999999999999999,77.0,0.9610544669899537,75.0,0.9433000050245494,40.0,0.9999999999999997,63.0,0.9352120776533382,61.99999999999999,0.9253223075664749,2_2,2,2,natural,91.1114349365,52.3388214111,7.17336894661,0.000323365066225,259.198642507,0.214300751686
UBFC_A1/Eval_On_COHFACE,COHFACE,old,COHFACE_s02_session2_natural,7,74.0,82.0,large_error,74.0,0.9999999999999999,75.0,0.9595582079407943,73.0,0.9515910099653075,82.0,0.9999999999999998,83.0,0.9615530134644689,81.0,0.9216529221944574,2_2,2,2,natural,91.1114349365,52.3388214111,7.17336894661,0.000323365066225,259.198642507,0.214300751686
UBFC_A1/Eval_On_COHFACE,COHFACE,old,COHFACE_s02_session2_natural,8,73.0,43.0,large_error,73.0,0.9999999999999998,72.0,0.9673404521886695,74.0,0.9261280137289138,43.0,0.9999999999999998,67.0,0.9616013699293082,42.0,0.9498949101504378,2_2,2,2,natural,91.1114349365,52.3388214111,7.17336894661,0.000323365066225,259.198642507,0.214300751686
UBFC_A1/Eval_On_COHFACE,COHFACE,old,COHFACE_s02_session2_natural,9,72.0,40.0,sub_harmonic_half,72.0,0.9999999999999999,73.0,0.9759209872222371,71.0,0.9108425014763609,40.0,0.9999999999999997,41.0,0.9047137679472229,81.0,0.7987431403243801,2_2,2,2,natural,91.1114349365,52.3388214111,7.17336894661,0.000323365066225,259.198642507,0.214300751686
UBFC_A1/Eval_On_COHFACE,COHFACE,old,COHFACE_s02_session2_natural,10,72.0,61.0,large_error,72.0,0.9999999999999999,73.0,0.9459349232779598,71.0,0.9305331389348177,61.0,0.9999999999999998,61.99999999999999,0.9457519757128541,60.0,0.9314613027980365,2_2,2,2,natural,91.1114349365,52.3388214111,7.17336894661,0.000323365066225,259.198642507,0.214300751686
UBFC_A1/Eval_On_COHFACE,COHFACE,old,COHFACE_s02_session2_natural,11,72.0,42.0,sub_harmonic_half,72.0,0.9999999999999999,71.0,0.9836849326471957,73.0,0.9031464442763054,42.0,0.9999999999999998,41.0,0.9599612026103717,43.0,0.9368727362304275,2_2,2,2,natural,91.1114349365,52.3388214111,7.17336894661,0.000323365066225,259.198642507,0.214300751686
UBFC_A1/Eval_On_COHFACE,COHFACE,old,COHFACE_s02_session2_natural,12,71.0,40.0,sub_harmonic_half,71.0,0.9999999999999999,70.0,0.963991042475081,72.0,0.9246362886040512,40.0,0.9999999999999998,41.0,0.8561022815341508,78.0,0.7454922613635868,2_2,2,2,natural,91.1114349365,52.3388214111,7.17336894661,0.000323365066225,259.198642507,0.214300751686
UBFC_A1/Eval_On_COHFACE,COHFACE,old,COHFACE_s02_session2_natural,13,70.0,79.0,large_error,70.0,0.9999999999999999,69.0,0.968058045072469,71.0,0.9321197758451873,79.0,0.9999999999999998,40.0,0.9986819210725613,41.0,0.9853494851683542,2_2,2,2,natural,91.1114349365,52.3388214111,7.17336894661,0.000323365066225,259.198642507,0.214300751686
UBFC_A1/Eval_On_COHFACE,COHFACE,old,COHFACE_s02_session2_natural,14,69.0,43.0,large_error,69.0,0.9999999999999999,68.0,0.9715137906158257,70.0,0.9305023161298878,43.0,0.9999999999999998,44.0,0.9527645668487247,42.0,0.9287035604131952,2_2,2,2,natural,91.1114349365,52.3388214111,7.17336894661,0.000323365066225,259.198642507,0.214300751686
UBFC_A1/Eval_On_COHFACE,COHFACE,old,COHFACE_s02_session2_natural,15,68.0,40.0,large_error,68.0,1.0,69.0,0.9747344663873772,67.0,0.9113681780631097,40.0,0.9999999999999998,41.0,0.8297527720210619,80.0,0.7547968531932702,2_2,2,2,natural,91.1114349365,52.3388214111,7.17336894661,0.000323365066225,259.198642507,0.214300751686
UBFC_A1/Eval_On_COHFACE,COHFACE,old,COHFACE_s02_session2_natural,16,68.0,68.0,correct,68.0,1.0,69.0,0.9418156327292911,67.0,0.941428527861426,68.0,0.9999999999999999,69.0,0.9988516169107446,67.0,0.8320953182964526,2_2,2,2,natural,91.1114349365,52.3388214111,7.17336894661,0.000323365066225,259.198642507,0.214300751686
UBFC_A1/Eval_On_COHFACE,COHFACE,old,COHFACE_s02_session2_natural,17,68.0,67.0,correct,68.0,1.0,69.0,0.9708359034134303,67.0,0.9113279818415352,67.0,0.9999999999999999,68.0,0.9971905055204024,66.0,0.8971582704914174,2_2,2,2,natural,91.1114349365,52.3388214111,7.17336894661,0.000323365066225,259.198642507,0.214300751686
UBFC_A1/Eval_On_COHFACE,COHFACE,old,COHFACE_s02_session2_natural,18,69.0,63.0,large_error,69.0,1.0,68.0,0.9653622546899235,70.0,0.9162059891976756,63.0,0.9999999999999998,61.99999999999999,0.9884245430972405,64.0,0.9756105936692397,2_2,2,2,natural,91.1114349365,52.3388214111,7.17336894661,0.000323365066225,259.198642507,0.214300751686
UBFC_A1/Eval_On_COHFACE,COHFACE,old,COHFACE_s02_session2_natural,19,69.0,61.99999999999999,large_error,69.0,1.0,70.0,0.9455145320216743,68.0,0.939585655053481,61.99999999999999,0.9999999999999998,61.0,0.9805499432271821,63.0,0.9410562080390107,2_2,2,2,natural,91.1114349365,52.3388214111,7.17336894661,0.000323365066225,259.198642507,0.214300751686
UBFC_A1/Eval_On_COHFACE,COHFACE,old,COHFACE_s02_session2_natural,20,69.0,67.0,correct,69.0,1.0,70.0,0.9540095995567974,68.0,0.9406100156637446,67.0,0.9999999999999999,68.0,0.9467256363938135,66.0,0.9366277325658757,2_2,2,2,natural,91.1114349365,52.3388214111,7.17336894661,0.000323365066225,259.198642507,0.214300751686
UBFC_A1/Eval_On_COHFACE,COHFACE,old,COHFACE_s02_session2_natural,21,69.0,68.0,correct,69.0,1.0,70.0,0.9680671786590102,68.0,0.9229314777388987,68.0,0.9999999999999999,69.0,0.9642194302637784,67.0,0.9315382436207406,2_2,2,2,natural,91.1114349365,52.3388214111,7.17336894661,0.000323365066225,259.198642507,0.214300751686
UBFC_A1/Eval_On_COHFACE,COHFACE,old,COHFACE_s02_session2_natural,22,70.0,68.0,correct,70.0,1.0,69.0,0.974928268149261,71.0,0.9085141975038626,68.0,0.9999999999999998,67.0,0.9507564039428691,69.0,0.949237391248036,2_2,2,2,natural,91.1114349365,52.3388214111,7.17336894661,0.000323365066225,259.198642507,0.214300751686
UBFC_A1/Eval_On_COHFACE,COHFACE,old,COHFACE_s02_session2_natural,23,70.0,75.0,large_error,70.0,1.0,71.0,0.9918111827550847,69.0,0.8919366004293656,75.0,0.9999999999999998,76.0,0.994674745128584,74.0,0.966042881960381,2_2,2,2,natural,91.1114349365,52.3388214111,7.17336894661,0.000323365066225,259.198642507,0.214300751686
UBFC_A1/Eval_On_COHFACE,COHFACE,old,COHFACE_s02_session2_natural,24,71.0,73.0,correct,71.0,1.0,70.0,0.9786930991338303,72.0,0.9027280155477436,73.0,0.9999999999999999,74.0,0.9906419599840536,72.0,0.9013491908619738,2_2,2,2,natural,91.1114349365,52.3388214111,7.17336894661,0.000323365066225,259.198642507,0.214300751686
UBFC_A1/Eval_On_COHFACE,COHFACE,old,COHFACE_s02_session2_natural,25,71.0,73.0,correct,71.0,1.0,70.0,0.9903099150291325,72.0,0.8963534483897462,73.0,0.9999999999999999,72.0,0.9421299850061177,74.0,0.9349426602446091,2_2,2,2,natural,91.1114349365,52.3388214111,7.17336894661,0.000323365066225,259.198642507,0.214300751686
UBFC_A1/Eval_On_COHFACE,COHFACE,old,COHFACE_s02_session2_natural,26,70.0,70.0,correct,70.0,1.0,71.0,0.9799776055491014,69.0,0.9135983094082275,70.0,0.9999999999999998,69.0,0.9451832514554462,71.0,0.9216372061298799,2_2,2,2,natural,91.1114349365,52.3388214111,7.17336894661,0.000323365066225,259.198642507,0.214300751686
UBFC_A1/Eval_On_COHFACE,COHFACE,old,COHFACE_s02_session2_natural,27,70.0,70.0,correct,70.0,1.0,69.0,0.9869149236471548,71.0,0.9123477608491517,70.0,0.9999999999999999,71.0,0.9462693214884829,69.0,0.9318556346652895,2_2,2,2,natural,91.1114349365,52.3388214111,7.17336894661,0.000323365066225,259.198642507,0.214300751686
UBFC_A1/Eval_On_COHFACE,COHFACE,old,COHFACE_s02_session2_natural,28,69.0,70.0,correct,69.0,1.0,70.0,0.9674921763924144,68.0,0.9304805711900038,70.0,0.9999999999999999,69.0,0.9664424689882043,71.0,0.9543097118623994,2_2,2,2,natural,91.1114349365,52.3388214111,7.17336894661,0.000323365066225,259.198642507,0.214300751686
UBFC_A1/Eval_On_COHFACE,COHFACE,old,COHFACE_s02_session2_natural,29,70.0,70.0,correct,70.0,1.0,69.0,0.9966507603656455,71.0,0.8952202426613294,70.0,0.9999999999999999,69.0,0.9888154970688211,71.0,0.9702896824633576,2_2,2,2,natural,91.1114349365,52.3388214111,7.17336894661,0.000323365066225,259.198642507,0.214300751686
UBFC_A1/Eval_On_COHFACE,COHFACE,old,COHFACE_s02_session2_natural,30,70.0,67.0,correct,70.0,1.0,71.0,0.940791714079017,69.0,0.9382353799625549,67.0,0.9999999999999999,68.0,0.9480509278350546,66.0,0.9463709911930342,2_2,2,2,natural,91.1114349365,52.3388214111,7.17336894661,0.000323365066225,259.198642507,0.214300751686
UBFC_A1/Eval_On_COHFACE,COHFACE,old,COHFACE_s02_session2_natural,31,71.0,67.0,large_error,71.0,1.0,70.0,0.9619275736095257,72.0,0.916551304923862,67.0,0.9999999999999998,66.0,0.9714085988166117,68.0,0.9331592160682094,2_2,2,2,natural,91.1114349365,52.3388214111,7.17336894661,0.000323365066225,259.198642507,0.214300751686
UBFC_A1/Eval_On_COHFACE,COHFACE,old,COHFACE_s02_session2_natural,32,72.0,67.0,large_error,72.0,1.0,71.0,0.9898840979922416,73.0,0.8959159941829252,67.0,0.9999999999999998,68.0,0.9529308169418449,66.0,0.9438914275118635,2_2,2,2,natural,91.1114349365,52.3388214111,7.17336894661,0.000323365066225,259.198642507,0.214300751686
UBFC_A1/Eval_On_COHFACE,COHFACE,old,COHFACE_s02_session2_natural,33,72.0,81.0,large_error,72.0,1.0,71.0,0.9557884345702509,73.0,0.9362289520805378,81.0,0.9999999999999999,80.0,0.9608665871828902,82.0,0.9208892119206379,2_2,2,2,natural,91.1114349365,52.3388214111,7.17336894661,0.000323365066225,259.198642507,0.214300751686
UBFC_A1/Eval_On_COHFACE,COHFACE,old,COHFACE_s02_session2_natural,34,72.0,81.0,large_error,72.0,1.0,73.0,0.9489163955356248,71.0,0.9398877418864402,81.0,0.9999999999999998,82.0,0.9436002126257897,80.0,0.929750498689383,2_2,2,2,natural,91.1114349365,52.3388214111,7.17336894661,0.000323365066225,259.198642507,0.214300751686
UBFC_A1/Eval_On_COHFACE,COHFACE,old,COHFACE_s02_session2_natural,35,72.0,76.0,large_error,72.0,1.0,71.0,0.9781631127493442,73.0,0.9097761636490299,76.0,0.9999999999999998,77.0,0.989697527922819,75.0,0.9385350754484156,2_2,2,2,natural,91.1114349365,52.3388214111,7.17336894661,0.000323365066225,259.198642507,0.214300751686
UBFC_A1/Eval_On_COHFACE,COHFACE,old,COHFACE_s02_session2_natural,36,71.0,77.0,large_error,71.0,1.0,70.0,0.9499621674834601,72.0,0.9327780064936957,77.0,0.9999999999999999,78.0,0.9982829201706623,76.0,0.9263573107743934,2_2,2,2,natural,91.1114349365,52.3388214111,7.17336894661,0.000323365066225,259.198642507,0.214300751686
UBFC_A1/Eval_On_COHFACE,COHFACE,old,COHFACE_s02_session2_natural,37,71.0,78.0,large_error,71.0,1.0,70.0,0.9840453562318441,72.0,0.8994018322920857,78.0,0.9999999999999998,77.0,0.9844220873818196,79.0,0.9524539679096021,2_2,2,2,natural,91.1114349365,52.3388214111,7.17336894661,0.000323365066225,259.198642507,0.214300751686
UBFC_A1/Eval_On_COHFACE,COHFACE,old,COHFACE_s02_session2_natural,38,70.0,71.0,correct,70.0,1.0,71.0,0.9882803248168196,69.0,0.9002741333701746,71.0,0.9999999999999999,70.0,0.9813878140204341,72.0,0.9354785057896197,2_2,2,2,natural,91.1114349365,52.3388214111,7.17336894661,0.000323365066225,259.198642507,0.214300751686
UBFC_A1/Eval_On_COHFACE,COHFACE,old,COHFACE_s02_session2_natural,39,70.0,81.0,large_error,70.0,1.0,71.0,0.9988408001667168,69.0,0.8929946221245177,81.0,0.9999999999999999,82.0,0.9446381493756152,80.0,0.9250363613634582,2_2,2,2,natural,91.1114349365,52.3388214111,7.17336894661,0.000323365066225,259.198642507,0.214300751686
UBFC_A1/Eval_On_COHFACE,COHFACE,old,COHFACE_s02_session2_natural,40,71.0,69.0,correct,71.0,1.0,70.0,0.9641381314636184,72.0,0.9246758826834183,69.0,0.9999999999999998,70.0,0.9825403509490149,81.0,0.9399637565597191,2_2,2,2,natural,91.1114349365,52.3388214111,7.17336894661,0.000323365066225,259.198642507,0.214300751686
UBFC_A1/Eval_On_COHFACE,COHFACE,old,COHFACE_s02_session2_natural,41,71.0,70.0,correct,71.0,1.0,70.0,0.951400534291393,72.0,0.9289737504454882,70.0,0.9999999999999999,69.0,0.9875766875101498,71.0,0.8956780913423444,2_2,2,2,natural,91.1114349365,52.3388214111,7.17336894661,0.000323365066225,259.198642507,0.214300751686
UBFC_A1/Eval_On_COHFACE,COHFACE,old,COHFACE_s02_session2_natural,42,71.0,59.0,large_error,71.0,1.0,72.0,0.9844376605203566,70.0,0.8979044174417493,59.0,0.9999999999999998,58.0,0.9861080012507693,70.0,0.936124992377173,2_2,2,2,natural,91.1114349365,52.3388214111,7.17336894661,0.000323365066225,259.198642507,0.214300751686
UBFC_A1/Eval_On_COHFACE,COHFACE,old,COHFACE_s02_session2_natural,43,72.0,74.0,correct,72.0,1.0,73.0,0.9420012324349787,71.0,0.9418217497692513,74.0,0.9999999999999999,75.0,0.9716452814225353,73.0,0.96156991875373,2_2,2,2,natural,91.1114349365,52.3388214111,7.17336894661,0.000323365066225,259.198642507,0.214300751686
UBFC_A1/Eval_On_COHFACE,COHFACE,old,COHFACE_s02_session2_natural,44,72.0,74.0,correct,72.0,1.0,73.0,0.9787684399796339,71.0,0.9110350222243608,74.0,0.9999999999999999,75.0,0.9818648992432832,73.0,0.9235408255209023,2_2,2,2,natural,91.1114349365,52.3388214111,7.17336894661,0.000323365066225,259.198642507,0.214300751686
UBFC_A1/Eval_On_COHFACE,COHFACE,old,COHFACE_s02_session2_natural,45,73.0,40.0,sub_harmonic_half,73.0,1.0,72.0,0.9906273480907036,74.0,0.89786753785603,40.0,0.9999999999999998,81.0,0.9648009943927616,80.0,0.9620124599681679,2_2,2,2,natural,91.1114349365,52.3388214111,7.17336894661,0.000323365066225,259.198642507,0.214300751686
UBFC_A1/Eval_On_COHFACE,COHFACE,old,COHFACE_s02_session2_natural,46,72.0,52.0,large_error,72.0,1.0,73.0,0.9842652936954663,71.0,0.903184320043107,52.0,0.9999999999999998,69.0,0.9994979451157844,51.0,0.9752739066308613,2_2,2,2,natural,91.1114349365,52.3388214111,7.17336894661,0.000323365066225,259.198642507,0.214300751686
UBFC_A1/Eval_On_COHFACE,COHFACE,old,COHFACE_s02_session2_natural,47,73.0,69.0,large_error,73.0,1.0,72.0,0.9774399690763518,74.0,0.9086005207259237,69.0,0.9999999999999999,68.0,0.9549179133101559,70.0,0.8966642171668303,2_2,2,2,natural,91.1114349365,52.3388214111,7.17336894661,0.000323365066225,259.198642507,0.214300751686
UBFC_A1/Eval_On_COHFACE,COHFACE,old,COHFACE_s02_session2_natural,48,73.0,40.0,sub_harmonic_half,73.0,1.0,74.0,0.949706135490125,72.0,0.9349125317303979,40.0,0.9999999999999998,81.0,0.9795724478719419,80.0,0.9436447207667595,2_2,2,2,natural,91.1114349365,52.3388214111,7.17336894661,0.000323365066225,259.198642507,0.214300751686
UBFC_A1/Eval_On_COHFACE,COHFACE,old,COHFACE_s02_session2_natural,49,73.0,74.0,correct,73.0,1.0,74.0,0.9745512915394311,72.0,0.9144695837264278,74.0,0.9999999999999997,75.0,0.9763185224175089,73.0,0.9532882953119092,2_2,2,2,natural,91.1114349365,52.3388214111,7.17336894661,0.000323365066225,259.198642507,0.214300751686
UBFC_A1/Eval_On_COHFACE,COHFACE,old,COHFACE_s02_session2_natural,50,73.0,76.0,correct,73.0,1.0,74.0,0.9638675339978744,72.0,0.9210322147726098,76.0,0.9999999999999998,75.0,0.9574874007652222,77.0,0.9375136256073417,2_2,2,2,natural,91.1114349365,52.3388214111,7.17336894661,0.000323365066225,259.198642507,0.214300751686
UBFC_A1/Eval_On_COHFACE,COHFACE,old,COHFACE_s02_session3_natural,0,79.0,77.0,correct,79.0,0.9999999999999998,78.0,0.9533552469742125,80.0,0.9496754782882206,77.0,0.9999999999999992,67.0,0.9846538208215628,78.0,0.9831543817490346,2_3,2,3,natural,99.2446289062,52.5685157776,5.20083990821,8.05744636964e-05,255.934699664,0.266853779554
UBFC_A1/Eval_On_COHFACE,COHFACE,old,COHFACE_s02_session3_natural,1,75.0,82.0,large_error,75.0,0.9999999999999999,76.0,0.9918774019063422,74.0,0.9422154741120246,82.0,0.9999999999999972,83.0,0.9735737677774376,81.0,0.9620544799355292,2_3,2,3,natural,99.2446289062,52.5685157776,5.20083990821,8.05744636964e-05,255.934699664,0.266853779554
UBFC_A1/Eval_On_COHFACE,COHFACE,old,COHFACE_s02_session3_natural,2,74.0,81.0,large_error,74.0,0.9999999999999998,73.0,0.966052840309254,75.0,0.9298958927508324,81.0,0.9999999999999993,82.0,0.9646436351026655,80.0,0.9366996634866439,2_3,2,3,natural,99.2446289062,52.5685157776,5.20083990821,8.05744636964e-05,255.934699664,0.266853779554
UBFC_A1/Eval_On_COHFACE,COHFACE,old,COHFACE_s02_session3_natural,3,73.0,81.0,large_error,73.0,0.9999999999999999,72.0,0.9781155746680816,74.0,0.9081088894435219,81.0,0.9999999999999994,82.0,0.996914584197237,80.0,0.8768438709041257,2_3,2,3,natural,99.2446289062,52.5685157776,5.20083990821,8.05744636964e-05,255.934699664,0.266853779554
UBFC_A1/Eval_On_COHFACE,COHFACE,old,COHFACE_s02_session3_natural,4,72.0,82.0,large_error,72.0,0.9999999999999999,71.0,0.9693400200438572,73.0,0.9150008268371888,82.0,0.9999999999999987,81.0,0.9624508375514375,83.0,0.9367307742635059,2_3,2,3,natural,99.2446289062,52.5685157776,5.20083990821,8.05744636964e-05,255.934699664,0.266853779554
UBFC_A1/Eval_On_COHFACE,COHFACE,old,COHFACE_s02_session3_natural,5,71.0,43.0,large_error,71.0,0.9999999999999999,70.0,0.953498344871994,72.0,0.9368582838378755,43.0,0.9999999999999981,42.0,0.9976815644086238,44.0,0.9161708598821795,2_3,2,3,natural,99.2446289062,52.5685157776,5.20083990821,8.05744636964e-05,255.934699664,0.266853779554
UBFC_A1/Eval_On_COHFACE,COHFACE,old,COHFACE_s02_session3_natural,6,70.0,98.0,super_harmonic_1p5x,70.0,0.9999999999999999,71.0,0.9579838751876468,69.0,0.9350472619080926,98.0,0.9999999999999959,99.0,0.9572909473749871,97.0,0.950199019879428,2_3,2,3,natural,99.2446289062,52.5685157776,5.20083990821,8.05744636964e-05,255.934699664,0.266853779554
UBFC_A1/Eval_On_COHFACE,COHFACE,old,COHFACE_s02_session3_natural,7,69.0,41.0,large_error,69.0,0.9999999999999999,70.0,0.9984517228083906,68.0,0.9015723833212821,41.0,0.9999999999999993,40.0,0.9973980262827922,67.0,0.9669147176237936,2_3,2,3,natural,99.2446289062,52.5685157776,5.20083990821,8.05744636964e-05,255.934699664,0.266853779554
UBFC_A1/Eval_On_COHFACE,COHFACE,old,COHFACE_s02_session3_natural,8,69.0,68.0,correct,69.0,1.0,70.0,0.963492232673054,68.0,0.9215020148929562,68.0,0.9999999999999998,69.0,0.936859863171052,67.0,0.9186502704969955,2_3,2,3,natural,99.2446289062,52.5685157776,5.20083990821,8.05744636964e-05,255.934699664,0.266853779554
UBFC_A1/Eval_On_COHFACE,COHFACE,old,COHFACE_s02_session3_natural,9,70.0,80.0,large_error,70.0,0.9999999999999999,69.0,0.9763856921956772,71.0,0.9062180987855989,80.0,0.9999999999999998,81.0,0.9794202088640449,79.0,0.8660541443496808,2_3,2,3,natural,99.2446289062,52.5685157776,5.20083990821,8.05744636964e-05,255.934699664,0.266853779554
UBFC_A1/Eval_On_COHFACE,COHFACE,old,COHFACE_s02_session3_natural,10,70.0,80.0,large_error,70.0,0.9999999999999999,71.0,0.9968971258330718,69.0,0.8886068750724597,80.0,0.9999999999999997,81.0,0.9343023650152019,79.0,0.92436808931758,2_3,2,3,natural,99.2446289062,52.5685157776,5.20083990821,8.05744636964e-05,255.934699664,0.266853779554
UBFC_A1/Eval_On_COHFACE,COHFACE,old,COHFACE_s02_session3_natural,11,71.0,76.0,large_error,71.0,1.0,70.0,0.9414826700769972,72.0,0.9387664514526184,76.0,0.9999999999999998,77.0,0.9798675268930754,75.0,0.9341511033003272,2_3,2,3,natural,99.2446289062,52.5685157776,5.20083990821,8.05744636964e-05,255.934699664,0.266853779554
UBFC_A1/Eval_On_COHFACE,COHFACE,old,COHFACE_s02_session3_natural,12,72.0,78.0,large_error,72.0,1.0,71.0,0.9931837547237198,73.0,0.8944765239662947,78.0,0.9999999999999997,79.0,0.9957880265575402,40.0,0.9566609860401362,2_3,2,3,natural,99.2446289062,52.5685157776,5.20083990821,8.05744636964e-05,255.934699664,0.266853779554
UBFC_A1/Eval_On_COHFACE,COHFACE,old,COHFACE_s02_session3_natural,13,72.0,77.0,large_error,72.0,1.0,71.0,0.971030528680978,73.0,0.9177780943563948,77.0,0.9999999999999998,78.0,0.994878044269277,76.0,0.9612066155397267,2_3,2,3,natural,99.2446289062,52.5685157776,5.20083990821,8.05744636964e-05,255.934699664,0.266853779554
UBFC_A1/Eval_On_COHFACE,COHFACE,old,COHFACE_s02_session3_natural,14,72.0,75.0,correct,72.0,1.0,71.0,0.9994673529201131,73.0,0.8975290595740902,75.0,0.9999999999999998,74.0,0.9684462907736664,76.0,0.963905277512743,2_3,2,3,natural,99.2446289062,52.5685157776,5.20083990821,8.05744636964e-05,255.934699664,0.266853779554
UBFC_A1/Eval_On_COHFACE,COHFACE,old,COHFACE_s02_session3_natural,15,71.0,74.0,correct,71.0,1.0,72.0,0.9925998218053276,70.0,0.898802227613833,74.0,0.9999999999999998,73.0,0.9972385682536088,75.0,0.9257554791144933,2_3,2,3,natural,99.2446289062,52.5685157776,5.20083990821,8.05744636964e-05,255.934699664,0.266853779554
UBFC_A1/Eval_On_COHFACE,COHFACE,old,COHFACE_s02_session3_natural,16,71.0,71.0,correct,71.0,1.0,72.0,0.9634007610951698,70.0,0.9201289538164535,71.0,0.9999999999999998,72.0,0.9989835843762214,81.0,0.9961555262556319,2_3,2,3,natural,99.2446289062,52.5685157776,5.20083990821,8.05744636964e-05,255.934699664,0.266853779554
UBFC_A1/Eval_On_COHFACE,COHFACE,old,COHFACE_s02_session3_natural,17,71.0,59.0,large_error,71.0,1.0,70.0,0.9749056764074723,72.0,0.9095052766617202,59.0,0.9999999999999998,60.0,0.9674679323959521,58.0,0.8860776201316828,2_3,2,3,natural,99.2446289062,52.5685157776,5.20083990821,8.05744636964e-05,255.934699664,0.266853779554
UBFC_A1/Eval_On_COHFACE,COHFACE,old,COHFACE_s02_session3_natural,18,71.0,71.0,correct,71.0,1.0,70.0,0.9638096688065596,72.0,0.9207935893340864,71.0,0.9999999999999998,70.0,0.9751253597188099,72.0,0.9026326316669904,2_3,2,3,natural,99.2446289062,52.5685157776,5.20083990821,8.05744636964e-05,255.934699664,0.266853779554
UBFC_A1/Eval_On_COHFACE,COHFACE,old,COHFACE_s02_session3_natural,19,71.0,71.0,correct,71.0,1.0,70.0,0.9865102326824547,72.0,0.8983574084057965,71.0,0.9999999999999999,72.0,0.9822213185438011,70.0,0.9480300545483593,2_3,2,3,natural,99.2446289062,52.5685157776,5.20083990821,8.05744636964e-05,255.934699664,0.266853779554
UBFC_A1/Eval_On_COHFACE,COHFACE,old,COHFACE_s02_session3_natural,20,71.0,75.0,large_error,71.0,1.0,70.0,0.9962913460839999,72.0,0.8916164187512643,75.0,0.9999999999999999,74.0,0.9910186808242717,76.0,0.9219756438523002,2_3,2,3,natural,99.2446289062,52.5685157776,5.20083990821,8.05744636964e-05,255.934699664,0.266853779554
UBFC_A1/Eval_On_COHFACE,COHFACE,old,COHFACE_s02_session3_natural,21,70.0,67.0,correct,70.0,1.0,71.0,0.9883932782015719,69.0,0.9033837442062712,67.0,0.9999999999999999,68.0,0.9866579031318097,66.0,0.9234532167360366,2_3,2,3,natural,99.2446289062,52.5685157776,5.20083990821,8.05744636964e-05,255.934699664,0.266853779554
UBFC_A1/Eval_On_COHFACE,COHFACE,old,COHFACE_s02_session3_natural,22,70.0,68.0,correct,70.0,1.0,71.0,0.9551267572693523,69.0,0.9286276135845513,68.0,0.9999999999999999,67.0,0.9810382379838998,69.0,0.9196066346191948,2_3,2,3,natural,99.2446289062,52.5685157776,5.20083990821,8.05744636964e-05,255.934699664,0.266853779554
UBFC_A1/Eval_On_COHFACE,COHFACE,old,COHFACE_s02_session3_natural,23,70.0,68.0,correct,70.0,1.0,71.0,0.9674996920015698,69.0,0.9206432075243814,68.0,0.9999999999999998,69.0,0.9714923961757141,67.0,0.8910625035781188,2_3,2,3,natural,99.2446289062,52.5685157776,5.20083990821,8.05744636964e-05,255.934699664,0.266853779554
UBFC_A1/Eval_On_COHFACE,COHFACE,old,COHFACE_s02_session3_natural,24,71.0,40.0,sub_harmonic_half,71.0,1.0,70.0,0.973309248282384,72.0,0.9107731501564437,40.0,0.9999999999999997,81.0,0.8768251148424836,80.0,0.8457249768038242,2_3,2,3,natural,99.2446289062,52.5685157776,5.20083990821,8.05744636964e-05,255.934699664,0.266853779554
UBFC_A1/Eval_On_COHFACE,COHFACE,old,COHFACE_s02_session3_natural,25,71.0,72.0,correct,71.0,1.0,70.0,0.9870160727037,72.0,0.8993288658614751,72.0,0.9999999999999997,73.0,0.962480325852,81.0,0.933340761404862,2_3,2,3,natural,99.2446289062,52.5685157776,5.20083990821,8.05744636964e-05,255.934699664,0.266853779554
UBFC_A1/Eval_On_COHFACE,COHFACE,old,COHFACE_s02_session3_natural,26,71.0,75.0,large_error,71.0,1.0,70.0,0.9595066182291264,72.0,0.9257834937297607,75.0,0.9999999999999999,74.0,0.9957838540147129,76.0,0.9162889503445064,2_3,2,3,natural,99.2446289062,52.5685157776,5.20083990821,8.05744636964e-05,255.934699664,0.266853779554
UBFC_A1/Eval_On_COHFACE,COHFACE,old,COHFACE_s02_session3_natural,27,71.0,40.0,sub_harmonic_half,71.0,1.0,70.0,0.9597248048818091,72.0,0.927954323806723,40.0,0.9999999999999997,72.0,0.9264837976265672,73.0,0.9203558972253298,2_3,2,3,natural,99.2446289062,52.5685157776,5.20083990821,8.05744636964e-05,255.934699664,0.266853779554
UBFC_A1/Eval_On_COHFACE,COHFACE,old,COHFACE_s02_session3_natural,28,71.0,67.0,large_error,71.0,1.0,70.0,0.9859948954607977,72.0,0.9045044221145371,67.0,0.9999999999999998,68.0,0.9954633847369161,66.0,0.9280323422503061,2_3,2,3,natural,99.2446289062,52.5685157776,5.20083990821,8.05744636964e-05,255.934699664,0.266853779554
UBFC_A1/Eval_On_COHFACE,COHFACE,old,COHFACE_s02_session3_natural,29,71.0,68.0,correct,71.0,1.0,70.0,0.9659161668120094,72.0,0.9229546515729895,68.0,0.9999999999999999,67.0,0.9601759963358008,69.0,0.9262926581970677,2_3,2,3,natural,99.2446289062,52.5685157776,5.20083990821,8.05744636964e-05,255.934699664,0.266853779554
UBFC_A1/Eval_On_COHFACE,COHFACE,old,COHFACE_s02_session3_natural,30,70.0,80.0,large_error,70.0,1.0,71.0,0.9973630302472969,69.0,0.8892934270767535,80.0,0.9999999999999998,81.0,0.983757080134906,79.0,0.8721717842695857,2_3,2,3,natural,99.2446289062,52.5685157776,5.20083990821,8.05744636964e-05,255.934699664,0.266853779554
UBFC_A1/Eval_On_COHFACE,COHFACE,old,COHFACE_s02_session3_natural,31,70.0,70.0,correct,70.0,1.0,69.0,0.9594423289107747,71.0,0.9173444961525039,70.0,0.9999999999999999,69.0,0.9959338872745667,71.0,0.8354438078596155,2_3,2,3,natural,99.2446289062,52.5685157776,5.20083990821,8.05744636964e-05,255.934699664,0.266853779554
UBFC_A1/Eval_On_COHFACE,COHFACE,old,COHFACE_s02_session3_natural,32,69.0,72.0,correct,69.0,1.0,70.0,0.9748799607687295,68.0,0.9100021448809815,72.0,0.9999999999999998,71.0,0.999224427826612,45.0,0.9878921193417006,2_3,2,3,natural,99.2446289062,52.5685157776,5.20083990821,8.05744636964e-05,255.934699664,0.266853779554
UBFC_A1/Eval_On_COHFACE,COHFACE,old,COHFACE_s02_session3_natural,33,68.0,71.0,correct,68.0,1.0,69.0,0.9986320069449428,67.0,0.8920830493729182,71.0,0.9999999999999997,40.0,0.991653397123177,72.0,0.9788739938183747,2_3,2,3,natural,99.2446289062,52.5685157776,5.20083990821,8.05744636964e-05,255.934699664,0.266853779554
UBFC_A1/Eval_On_COHFACE,COHFACE,old,COHFACE_s02_session3_natural,34,68.0,67.0,correct,68.0,1.0,67.0,0.9764268881840921,69.0,0.9168713734641366,67.0,0.9999999999999998,66.0,0.9928320901309259,68.0,0.9645781175170987,2_3,2,3,natural,99.2446289062,52.5685157776,5.20083990821,8.05744636964e-05,255.934699664,0.266853779554
UBFC_A1/Eval_On_COHFACE,COHFACE,old,COHFACE_s02_session3_natural,35,67.0,68.0,correct,67.0,1.0,66.0,0.9652773747202936,68.0,0.9334757106973245,68.0,0.9999999999999999,69.0,0.9482060002866901,67.0,0.9387147314931824,2_3,2,3,natural,99.2446289062,52.5685157776,5.20083990821,8.05744636964e-05,255.934699664,0.266853779554
UBFC_A1/Eval_On_COHFACE,COHFACE,old,COHFACE_s02_session3_natural,36,66.0,40.0,large_error,66.0,1.0,67.0,0.9627966877091609,65.0,0.9289390542245216,40.0,0.9999999999999996,81.0,0.9103087040629542,82.0,0.8766288872611774,2_3,2,3,natural,99.2446289062,52.5685157776,5.20083990821,8.05744636964e-05,255.934699664,0.266853779554
UBFC_A1/Eval_On_COHFACE,COHFACE,old,COHFACE_s02_session3_natural,37,66.0,65.0,correct,66.0,1.0,67.0,0.9784590952142647,65.0,0.9082473192412134,65.0,0.9999999999999998,66.0,0.9661665486111775,64.0,0.930845828138145,2_3,2,3,natural,99.2446289062,52.5685157776,5.20083990821,8.05744636964e-05,255.934699664,0.266853779554
UBFC_A1/Eval_On_COHFACE,COHFACE,old,COHFACE_s02_session3_natural,38,67.0,67.0,correct,67.0,1.0,68.0,0.940871143413788,66.0,0.9402060073241753,67.0,0.9999999999999996,66.0,0.9974578204928252,68.0,0.859338159866991,2_3,2,3,natural,99.2446289062,52.5685157776,5.20083990821,8.05744636964e-05,255.934699664,0.266853779554
UBFC_A1/Eval_On_COHFACE,COHFACE,old,COHFACE_s02_session3_natural,39,67.0,67.0,correct,67.0,1.0,68.0,0.9724061405020181,66.0,0.9065961699463654,67.0,0.9999999999999998,68.0,0.9921266736932328,66.0,0.8613492507867845,2_3,2,3,natural,99.2446289062,52.5685157776,5.20083990821,8.05744636964e-05,255.934699664,0.266853779554
UBFC_A1/Eval_On_COHFACE,COHFACE,old,COHFACE_s02_session3_natural,40,67.0,79.0,large_error,67.0,1.0,68.0,0.9721055264817375,66.0,0.9112429014922035,79.0,0.9999999999999997,78.0,0.9724617413732664,80.0,0.917601887248139,2_3,2,3,natural,99.2446289062,52.5685157776,5.20083990821,8.05744636964e-05,255.934699664,0.266853779554
UBFC_A1/Eval_On_COHFACE,COHFACE,old,COHFACE_s02_session3_natural,41,67.0,65.0,correct,67.0,1.0,68.0,0.9721540030653392,66.0,0.9172949553490182,65.0,0.9999999999999998,64.0,0.9993424656190694,66.0,0.9118088185063734,2_3,2,3,natural,99.2446289062,52.5685157776,5.20083990821,8.05744636964e-05,255.934699664,0.266853779554
UBFC_A1/Eval_On_COHFACE,COHFACE,old,COHFACE_s02_session3_natural,42,67.0,65.0,correct,67.0,1.0,68.0,0.983356570111119,66.0,0.9104676518826551,65.0,0.9999999999999999,66.0,0.9800276274854655,64.0,0.9337378160637447,2_3,2,3,natural,99.2446289062,52.5685157776,5.20083990821,8.05744636964e-05,255.934699664,0.266853779554
UBFC_A1/Eval_On_COHFACE,COHFACE,old,COHFACE_s02_session3_natural,43,67.0,65.0,correct,67.0,1.0,68.0,0.981007294274288,66.0,0.9077817381062994,65.0,0.9999999999999999,66.0,0.9696365108144136,64.0,0.934851826776471,2_3,2,3,natural,99.2446289062,52.5685157776,5.20083990821,8.05744636964e-05,255.934699664,0.266853779554
UBFC_A1/Eval_On_COHFACE,COHFACE,old,COHFACE_s02_session3_natural,44,67.0,67.0,correct,67.0,1.0,68.0,0.9580689259963648,66.0,0.9221519909144635,67.0,0.9999999999999999,66.0,0.9817283588899467,68.0,0.9113451808655118,2_3,2,3,natural,99.2446289062,52.5685157776,5.20083990821,8.05744636964e-05,255.934699664,0.266853779554
UBFC_A1/Eval_On_COHFACE,COHFACE,old,COHFACE_s02_session3_natural,45,67.0,66.0,correct,67.0,1.0,68.0,0.9424446350291883,66.0,0.9350702226899475,66.0,0.9999999999999998,67.0,0.9833702198490696,65.0,0.8877801188439786,2_3,2,3,natural,99.2446289062,52.5685157776,5.20083990821,8.05744636964e-05,255.934699664,0.266853779554
UBFC_A1/Eval_On_COHFACE,COHFACE,old,COHFACE_s02_session3_natural,46,67.0,67.0,correct,67.0,1.0,68.0,0.9970146385836614,66.0,0.890279209229573,67.0,0.9999999999999998,66.0,0.9806786153642918,68.0,0.9158489777550417,2_3,2,3,natural,99.2446289062,52.5685157776,5.20083990821,8.05744636964e-05,255.934699664,0.266853779554
UBFC_A1/Eval_On_COHFACE,COHFACE,old,COHFACE_s02_session3_natural,47,68.0,68.0,correct,68.0,1.0,67.0,0.9557570011396992,69.0,0.9365125973742243,68.0,0.9999999999999997,69.0,0.9671472521043448,67.0,0.9280710293282558,2_3,2,3,natural,99.2446289062,52.5685157776,5.20083990821,8.05744636964e-05,255.934699664,0.266853779554
UBFC_A1/Eval_On_COHFACE,COHFACE,old,COHFACE_s02_session3_natural,48,68.0,68.0,correct,68.0,1.0,69.0,0.9627976261920701,67.0,0.9313214505816871,68.0,0.9999999999999997,69.0,0.9872119798612612,40.0,0.9839060653215305,2_3,2,3,natural,99.2446289062,52.5685157776,5.20083990821,8.05744636964e-05,255.934699664,0.266853779554
UBFC_A1/Eval_On_COHFACE,COHFACE,old,COHFACE_s02_session3_natural,49,68.0,69.0,correct,68.0,1.0,69.0,0.997763099237493,67.0,0.8917797953220535,69.0,0.9999999999999998,68.0,0.9928537294390124,70.0,0.8942436628187074,2_3,2,3,natural,99.2446289062,52.5685157776,5.20083990821,8.05744636964e-05,255.934699664,0.266853779554
UBFC_A1/Eval_On_COHFACE,COHFACE,old,COHFACE_s02_session3_natural,50,69.0,67.0,correct,69.0,1.0,68.0,0.9810963190947382,70.0,0.8994967384041517,67.0,0.9999999999999999,68.0,0.9755787526144702,66.0,0.9363901059518845,2_3,2,3,natural,99.2446289062,52.5685157776,5.20083990821,8.05744636964e-05,255.934699664,0.266853779554
UBFC_A1/Eval_On_COHFACE,COHFACE,old,COHFACE_s03_session0_lamp,0,65.0,40.0,large_error,65.0,1.0,66.0,0.994883712797147,64.0,0.882010908282825,40.0,0.9999999999999997,41.0,0.8963276651505782,81.0,0.800750733097681,3_0,3,0,lamp,116.891593933,42.8749885559,0.0958171111858,0,360.522878211,0.23108138144
UBFC_A1/Eval_On_COHFACE,COHFACE,old,COHFACE_s03_session0_lamp,1,67.0,81.0,large_error,67.0,1.0,68.0,0.954709217728192,66.0,0.9319578815185486,81.0,0.9999999999999997,80.0,0.9379057771293495,82.0,0.9367384266385428,3_0,3,0,lamp,116.891593933,42.8749885559,0.0958171111858,0,360.522878211,0.23108138144
UBFC_A1/Eval_On_COHFACE,COHFACE,old,COHFACE_s03_session0_lamp,2,68.0,61.99999999999999,large_error,68.0,1.0,67.0,0.9853804808733471,69.0,0.8999105290630562,61.99999999999999,0.9999999999999998,61.0,0.981319909321962,63.0,0.9180568562514869,3_0,3,0,lamp,116.891593933,42.8749885559,0.0958171111858,0,360.522878211,0.23108138144
UBFC_A1/Eval_On_COHFACE,COHFACE,old,COHFACE_s03_session0_lamp,3,68.0,64.0,large_error,68.0,1.0,67.0,0.9524145017432564,69.0,0.9314072144375846,64.0,0.9999999999999998,65.0,0.955252433104731,63.0,0.9084074865468404,3_0,3,0,lamp,116.891593933,42.8749885559,0.0958171111858,0,360.522878211,0.23108138144
UBFC_A1/Eval_On_COHFACE,COHFACE,old,COHFACE_s03_session0_lamp,4,68.0,51.0,large_error,68.0,1.0,69.0,0.9562460768789902,67.0,0.9274772503759715,51.0,0.9999999999999998,50.0,0.9560977781506793,52.0,0.9487702111725413,3_0,3,0,lamp,116.891593933,42.8749885559,0.0958171111858,0,360.522878211,0.23108138144
UBFC_A1/Eval_On_COHFACE,COHFACE,old,COHFACE_s03_session0_lamp,5,68.0,51.0,large_error,68.0,1.0,69.0,0.9631990048486511,67.0,0.9202714969565963,51.0,0.9999999999999998,52.0,0.9802014016845797,50.0,0.8915253191485399,3_0,3,0,lamp,116.891593933,42.8749885559,0.0958171111858,0,360.522878211,0.23108138144
UBFC_A1/Eval_On_COHFACE,COHFACE,old,COHFACE_s03_session0_lamp,6,69.0,79.0,large_error,69.0,1.0,70.0,0.9434054389084189,68.0,0.9384164467579266,79.0,0.9999999999999998,78.0,0.9872355536431257,80.0,0.9399657251637836,3_0,3,0,lamp,116.891593933,42.8749885559,0.0958171111858,0,360.522878211,0.23108138144
UBFC_A1/Eval_On_COHFACE,COHFACE,old,COHFACE_s03_session0_lamp,7,69.0,78.0,large_error,69.0,1.0,70.0,0.9924474816310029,68.0,0.8932493982793235,78.0,0.9999999999999999,77.0,0.9841524448490155,79.0,0.9681816647013657,3_0,3,0,lamp,116.891593933,42.8749885559,0.0958171111858,0,360.522878211,0.23108138144
UBFC_A1/Eval_On_COHFACE,COHFACE,old,COHFACE_s03_session0_lamp,8,69.0,77.0,large_error,69.0,1.0,70.0,0.9590551100941084,68.0,0.9265713772336134,77.0,0.9999999999999998,76.0,0.983470892910465,78.0,0.9630399635260753,3_0,3,0,lamp,116.891593933,42.8749885559,0.0958171111858,0,360.522878211,0.23108138144
UBFC_A1/Eval_On_COHFACE,COHFACE,old,COHFACE_s03_session0_lamp,9,69.0,80.0,large_error,69.0,1.0,68.0,0.9740697560871837,70.0,0.9139481151882214,80.0,0.9999999999999999,81.0,0.9879497481538184,79.0,0.8885831772658503,3_0,3,0,lamp,116.891593933,42.8749885559,0.0958171111858,0,360.522878211,0.23108138144
UBFC_A1/Eval_On_COHFACE,COHFACE,old,COHFACE_s03_session0_lamp,10,68.0,81.0,large_error,68.0,0.9999999999999999,69.0,0.9803225785892281,67.0,0.9057495593565582,81.0,0.9999999999999998,80.0,0.9550010682904226,82.0,0.9419382990158937,3_0,3,0,lamp,116.891593933,42.8749885559,0.0958171111858,0,360.522878211,0.23108138144
UBFC_A1/Eval_On_COHFACE,COHFACE,old,COHFACE_s03_session0_lamp,11,68.0,79.0,large_error,68.0,0.9999999999999999,67.0,0.9649414189940851,69.0,0.9221248099452108,79.0,0.9999999999999998,43.0,0.9548449771884963,80.0,0.9492369780774438,3_0,3,0,lamp,116.891593933,42.8749885559,0.0958171111858,0,360.522878211,0.23108138144
UBFC_A1/Eval_On_COHFACE,COHFACE,old,COHFACE_s03_session0_lamp,12,67.0,81.0,large_error,67.0,0.9999999999999999,68.0,0.9734402397085196,66.0,0.9155323059778631,81.0,0.9999999999999997,82.0,0.9770155472381422,80.0,0.9504105104083632,3_0,3,0,lamp,116.891593933,42.8749885559,0.0958171111858,0,360.522878211,0.23108138144
UBFC_A1/Eval_On_COHFACE,COHFACE,old,COHFACE_s03_session0_lamp,13,67.0,79.0,large_error,67.0,0.9999999999999999,68.0,0.9836950828816574,66.0,0.9025252396416652,79.0,0.9999999999999996,80.0,0.9903822600418279,78.0,0.9764435728100667,3_0,3,0,lamp,116.891593933,42.8749885559,0.0958171111858,0,360.522878211,0.23108138144
UBFC_A1/Eval_On_COHFACE,COHFACE,old,COHFACE_s03_session0_lamp,14,68.0,76.0,large_error,68.0,0.9999999999999999,69.0,0.9619859598122972,67.0,0.9260908925777613,76.0,0.9999999999999998,75.0,0.9671493253265456,77.0,0.939836838464537,3_0,3,0,lamp,116.891593933,42.8749885559,0.0958171111858,0,360.522878211,0.23108138144
UBFC_A1/Eval_On_COHFACE,COHFACE,old,COHFACE_s03_session0_lamp,15,69.0,80.0,large_error,69.0,0.9999999999999999,70.0,0.9850643224485228,68.0,0.9056979777070621,80.0,0.9999999999999997,79.0,0.9623965424125193,81.0,0.8944289013276743,3_0,3,0,lamp,116.891593933,42.8749885559,0.0958171111858,0,360.522878211,0.23108138144
UBFC_A1/Eval_On_COHFACE,COHFACE,old,COHFACE_s03_session0_lamp,16,70.0,60.0,large_error,70.0,0.9999999999999999,71.0,0.9671284492894777,69.0,0.9175978663385317,60.0,0.9999999999999997,79.0,0.9761433107655223,80.0,0.9617181205085442,3_0,3,0,lamp,116.891593933,42.8749885559,0.0958171111858,0,360.522878211,0.23108138144
UBFC_A1/Eval_On_COHFACE,COHFACE,old,COHFACE_s03_session0_lamp,17,70.0,65.0,large_error,70.0,1.0,71.0,0.9749549174719429,69.0,0.9049745327026296,65.0,0.9999999999999996,66.0,0.9539206508456536,64.0,0.9469963561550425,3_0,3,0,lamp,116.891593933,42.8749885559,0.0958171111858,0,360.522878211,0.23108138144
UBFC_A1/Eval_On_COHFACE,COHFACE,old,COHFACE_s03_session0_lamp,18,70.0,119.0,super_harmonic_2x,70.0,1.0,69.0,0.9556899447346427,71.0,0.928174424877416,119.0,0.9999999999999998,120.0,0.9870957248634451,118.0,0.8989919253240556,3_0,3,0,lamp,116.891593933,42.8749885559,0.0958171111858,0,360.522878211,0.23108138144
UBFC_A1/Eval_On_COHFACE,COHFACE,old,COHFACE_s03_session0_lamp,19,69.0,120.0,super_harmonic_2x,69.0,1.0,70.0,0.9514076166955221,68.0,0.9385403336644512,120.0,0.9999999999999997,119.0,0.9507573158272781,121.0,0.9506657057400761,3_0,3,0,lamp,116.891593933,42.8749885559,0.0958171111858,0,360.522878211,0.23108138144
UBFC_A1/Eval_On_COHFACE,COHFACE,old,COHFACE_s03_session0_lamp,20,68.0,120.0,super_harmonic_2x,68.0,1.0,69.0,0.9568000385064581,67.0,0.9339574395534985,120.0,0.9999999999999997,119.0,0.9921167556428545,121.0,0.8935917638527905,3_0,3,0,lamp,116.891593933,42.8749885559,0.0958171111858,0,360.522878211,0.23108138144
UBFC_A1/Eval_On_COHFACE,COHFACE,old,COHFACE_s03_session0_lamp,21,67.0,80.0,large_error,67.0,1.0,68.0,0.9871288190164762,66.0,0.9100604571330053,80.0,0.9999999999999998,81.0,0.9510395353766922,79.0,0.9295884674312955,3_0,3,0,lamp,116.891593933,42.8749885559,0.0958171111858,0,360.522878211,0.23108138144
UBFC_A1/Eval_On_COHFACE,COHFACE,old,COHFACE_s03_session0_lamp,22,67.0,80.0,large_error,67.0,1.0,66.0,0.9600711021442324,68.0,0.9333043871659701,80.0,0.9999999999999997,81.0,0.9439280632567126,79.0,0.9251521125495078,3_0,3,0,lamp,116.891593933,42.8749885559,0.0958171111858,0,360.522878211,0.23108138144
UBFC_A1/Eval_On_COHFACE,COHFACE,old,COHFACE_s03_session0_lamp,23,67.0,119.0,super_harmonic_2x,67.0,1.0,68.0,0.9650303072064532,66.0,0.9217625350895683,119.0,0.9999999999999998,118.0,0.9551806466579484,120.0,0.9440237488887181,3_0,3,0,lamp,116.891593933,42.8749885559,0.0958171111858,0,360.522878211,0.23108138144
UBFC_A1/Eval_On_COHFACE,COHFACE,old,COHFACE_s03_session0_lamp,24,68.0,40.0,large_error,68.0,1.0,67.0,0.9657410132068635,69.0,0.9188872512264473,40.0,0.9999999999999998,41.0,0.9822816470499741,42.0,0.8899436926129609,3_0,3,0,lamp,116.891593933,42.8749885559,0.0958171111858,0,360.522878211,0.23108138144
UBFC_A1/Eval_On_COHFACE,COHFACE,old,COHFACE_s03_session0_lamp,25,68.0,41.0,large_error,68.0,1.0,69.0,0.959864391578685,67.0,0.9239178078022523,41.0,0.9999999999999997,40.0,0.9614876967202444,42.0,0.9511693152375849,3_0,3,0,lamp,116.891593933,42.8749885559,0.0958171111858,0,360.522878211,0.23108138144
UBFC_A1/Eval_On_COHFACE,COHFACE,old,COHFACE_s03_session0_lamp,26,68.0,68.0,correct,68.0,0.9999999999999999,67.0,0.9500817721152465,69.0,0.9361336215459125,68.0,0.9999999999999998,69.0,0.9461279168449865,67.0,0.9362639749605839,3_0,3,0,lamp,116.891593933,42.8749885559,0.0958171111858,0,360.522878211,0.23108138144
UBFC_A1/Eval_On_COHFACE,COHFACE,old,COHFACE_s03_session0_lamp,27,68.0,68.0,correct,68.0,0.9999999999999999,67.0,0.9578968454708809,69.0,0.9292773805538619,68.0,0.9999999999999996,43.0,0.9930819721245618,69.0,0.9840572108906549,3_0,3,0,lamp,116.891593933,42.8749885559,0.0958171111858,0,360.522878211,0.23108138144
UBFC_A1/Eval_On_COHFACE,COHFACE,old,COHFACE_s03_session0_lamp,28,68.0,68.0,correct,68.0,0.9999999999999999,69.0,0.9527713229308215,67.0,0.931891119801018,68.0,0.9999999999999998,57.0,0.9711109943431426,58.0,0.9510492288980033,3_0,3,0,lamp,116.891593933,42.8749885559,0.0958171111858,0,360.522878211,0.23108138144
UBFC_A1/Eval_On_COHFACE,COHFACE,old,COHFACE_s03_session0_lamp,29,68.0,52.0,large_error,68.0,0.9999999999999999,67.0,0.9550309977911536,69.0,0.9282326912704848,52.0,0.9999999999999997,51.0,0.9703159090210655,53.0,0.8796114125492032,3_0,3,0,lamp,116.891593933,42.8749885559,0.0958171111858,0,360.522878211,0.23108138144
UBFC_A1/Eval_On_COHFACE,COHFACE,old,COHFACE_s03_session0_lamp,30,67.0,67.0,correct,67.0,0.9999999999999999,68.0,0.9956115892546381,66.0,0.8868408546163535,67.0,0.9999999999999996,68.0,0.9686862835063842,66.0,0.9452131243586164,3_0,3,0,lamp,116.891593933,42.8749885559,0.0958171111858,0,360.522878211,0.23108138144
UBFC_A1/Eval_On_COHFACE,COHFACE,old,COHFACE_s03_session0_lamp,31,67.0,51.0,large_error,67.0,0.9999999999999999,68.0,0.9703371685334418,66.0,0.9178747528666267,51.0,0.9999999999999998,52.0,0.9762464822598705,43.0,0.9322296675754451,3_0,3,0,lamp,116.891593933,42.8749885559,0.0958171111858,0,360.522878211,0.23108138144
UBFC_A1/Eval_On_COHFACE,COHFACE,old,COHFACE_s03_session0_lamp,32,67.0,45.0,large_error,67.0,0.9999999999999998,68.0,0.9620628355420313,66.0,0.9325706993708235,45.0,0.9999999999999999,44.0,0.9705492961972954,46.0,0.9388669533225976,3_0,3,0,lamp,116.891593933,42.8749885559,0.0958171111858,0,360.522878211,0.23108138144
UBFC_A1/Eval_On_COHFACE,COHFACE,old,COHFACE_s03_session0_lamp,33,67.0,61.0,large_error,67.0,0.9999999999999998,66.0,0.9531471455838212,68.0,0.9404496948429392,61.0,0.9999999999999999,61.99999999999999,0.9724971483903436,60.0,0.9239723951538579,3_0,3,0,lamp,116.891593933,42.8749885559,0.0958171111858,0,360.522878211,0.23108138144
UBFC_A1/Eval_On_COHFACE,COHFACE,old,COHFACE_s03_session0_lamp,34,67.0,49.0,large_error,67.0,0.9999999999999998,66.0,0.9791328836057711,68.0,0.9051706988520195,49.0,0.9999999999999997,50.0,0.9848098592457954,48.0,0.9816266209471757,3_0,3,0,lamp,116.891593933,42.8749885559,0.0958171111858,0,360.522878211,0.23108138144
UBFC_A1/Eval_On_COHFACE,COHFACE,old,COHFACE_s03_session0_lamp,35,67.0,52.0,large_error,67.0,0.9999999999999998,68.0,0.9508824181116782,66.0,0.9279538537334562,52.0,0.9999999999999999,53.0,0.9692671991250005,51.0,0.9122617813137446,3_0,3,0,lamp,116.891593933,42.8749885559,0.0958171111858,0,360.522878211,0.23108138144
UBFC_A1/Eval_On_COHFACE,COHFACE,old,COHFACE_s03_session0_lamp,36,68.0,40.0,large_error,68.0,0.9999999999999999,67.0,0.9614195070983969,69.0,0.9211935555566655,40.0,0.9999999999999997,56.0,0.9538561636602497,57.0,0.9416727957430951,3_0,3,0,lamp,116.891593933,42.8749885559,0.0958171111858,0,360.522878211,0.23108138144
UBFC_A1/Eval_On_COHFACE,COHFACE,old,COHFACE_s03_session0_lamp,37,69.0,59.0,large_error,69.0,0.9999999999999999,68.0,0.9726501016784611,70.0,0.9193412629475222,59.0,0.9999999999999997,58.0,0.9827050088229633,60.0,0.8883496639703341,3_0,3,0,lamp,116.891593933,42.8749885559,0.0958171111858,0,360.522878211,0.23108138144
UBFC_A1/Eval_On_COHFACE,COHFACE,old,COHFACE_s03_session0_lamp,38,70.0,75.0,large_error,70.0,0.9999999999999999,71.0,0.9528351196195214,69.0,0.9379364122779361,75.0,0.9999999999999998,76.0,0.9686317295218009,74.0,0.9311779277134355,3_0,3,0,lamp,116.891593933,42.8749885559,0.0958171111858,0,360.522878211,0.23108138144
UBFC_A1/Eval_On_COHFACE,COHFACE,old,COHFACE_s03_session0_lamp,39,72.0,78.0,large_error,72.0,0.9999999999999999,71.0,0.9919892175363769,73.0,0.890246599654018,78.0,0.9999999999999998,79.0,0.9711349228716717,77.0,0.9092687201440475,3_0,3,0,lamp,116.891593933,42.8749885559,0.0958171111858,0,360.522878211,0.23108138144
UBFC_A1/Eval_On_COHFACE,COHFACE,old,COHFACE_s03_session0_lamp,40,73.0,78.0,large_error,73.0,0.9999999999999998,72.0,0.9426828724473227,74.0,0.9223019534669669,78.0,0.9999999999999997,79.0,0.9878604554895265,77.0,0.9418538318199337,3_0,3,0,lamp,116.891593933,42.8749885559,0.0958171111858,0,360.522878211,0.23108138144
UBFC_A1/Eval_On_COHFACE,COHFACE,old,COHFACE_s03_session0_lamp,41,73.0,63.0,large_error,73.0,0.9999999999999998,74.0,0.9523973176655672,72.0,0.9305507082432725,63.0,0.9999999999999998,64.0,0.9532541457800094,61.99999999999999,0.9092774863047173,3_0,3,0,lamp,116.891593933,42.8749885559,0.0958171111858,0,360.522878211,0.23108138144
UBFC_A1/Eval_On_COHFACE,COHFACE,old,COHFACE_s03_session0_lamp,42,73.0,81.0,large_error,73.0,0.9999999999999998,72.0,0.9921864591565461,74.0,0.9212601529759478,81.0,0.9999999999999999,80.0,0.96319461768747,82.0,0.9174165272196789,3_0,3,0,lamp,116.891593933,42.8749885559,0.0958171111858,0,360.522878211,0.23108138144
UBFC_A1/Eval_On_COHFACE,COHFACE,old,COHFACE_s03_session0_lamp,43,71.0,61.0,large_error,71.0,0.9999999999999999,72.0,0.9999035087957784,73.0,0.9431352464811917,61.0,0.9999999999999999,60.0,0.9982865328031362,61.99999999999999,0.9060877968393158,3_0,3,0,lamp,116.891593933,42.8749885559,0.0958171111858,0,360.522878211,0.23108138144
UBFC_A1/Eval_On_COHFACE,COHFACE,old,COHFACE_s03_session0_lamp,44,69.0,68.0,correct,69.0,0.9999999999999999,68.0,0.9791835656241267,70.0,0.9543188476445466,68.0,0.9999999999999998,69.0,0.9602591655566857,67.0,0.9470037489460696,3_0,3,0,lamp,116.891593933,42.8749885559,0.0958171111858,0,360.522878211,0.23108138144
UBFC_A1/Eval_On_COHFACE,COHFACE,old,COHFACE_s03_session0_lamp,45,67.0,80.0,large_error,67.0,0.9999999999999999,66.0,0.9596405112791871,68.0,0.9458636065723133,80.0,0.9999999999999997,81.0,0.9735590985782497,91.0,0.8928641592657063,3_0,3,0,lamp,116.891593933,42.8749885559,0.0958171111858,0,360.522878211,0.23108138144
UBFC_A1/Eval_On_COHFACE,COHFACE,old,COHFACE_s03_session0_lamp,46,66.0,52.0,large_error,66.0,0.9999999999999998,65.0,0.9458804818234622,67.0,0.9392626795117924,52.0,0.9999999999999997,51.0,0.9930017982348629,53.0,0.8932989038181749,3_0,3,0,lamp,116.891593933,42.8749885559,0.0958171111858,0,360.522878211,0.23108138144
UBFC_A1/Eval_On_COHFACE,COHFACE,old,COHFACE_s03_session0_lamp,47,66.0,76.0,large_error,66.0,0.9999999999999998,65.0,0.9636410539533976,67.0,0.9099849824570346,76.0,0.9999999999999999,75.0,0.9881632774238819,77.0,0.9268682704007629,3_0,3,0,lamp,116.891593933,42.8749885559,0.0958171111858,0,360.522878211,0.23108138144
UBFC_A1/Eval_On_COHFACE,COHFACE,old,COHFACE_s03_session0_lamp,48,67.0,79.0,large_error,67.0,0.9999999999999999,68.0,0.9617563205695839,66.0,0.9202601649966982,79.0,0.9999999999999998,80.0,0.9775160051186443,78.0,0.9196651035430893,3_0,3,0,lamp,116.891593933,42.8749885559,0.0958171111858,0,360.522878211,0.23108138144
UBFC_A1/Eval_On_COHFACE,COHFACE,old,COHFACE_s03_session0_lamp,49,69.0,80.0,large_error,69.0,0.9999999999999998,68.0,0.9563040072380815,70.0,0.9389353782399931,80.0,0.9999999999999998,79.0,0.949272396308896,81.0,0.9488299767107391,3_0,3,0,lamp,116.891593933,42.8749885559,0.0958171111858,0,360.522878211,0.23108138144
UBFC_A1/Eval_On_COHFACE,COHFACE,old,COHFACE_s03_session0_lamp,50,71.0,77.0,large_error,71.0,0.9999999999999998,70.0,0.9481224223235444,72.0,0.9413154499606226,77.0,0.9999999999999999,78.0,0.979945872457269,76.0,0.9185220420351115,3_0,3,0,lamp,116.891593933,42.8749885559,0.0958171111858,0,360.522878211,0.23108138144
UBFC_A1/Eval_On_COHFACE,COHFACE,old,COHFACE_s03_session1_lamp,0,73.0,82.0,large_error,73.0,1.0,72.0,0.9758664403197981,74.0,0.9634251358365741,82.0,0.9999999999999994,48.0,0.9949756933155013,83.0,0.9852636004909047,3_1,3,1,lamp,125.275978088,44.5217819214,0.074571666151,0.000221579775165,411.142734115,0.221675410867
UBFC_A1/Eval_On_COHFACE,COHFACE,old,COHFACE_s03_session1_lamp,1,71.0,60.0,large_error,71.0,1.0,70.0,0.993682541159675,72.0,0.9043045015384271,60.0,0.9999999999999994,59.0,0.9736301537752216,61.0,0.8635939853304553,3_1,3,1,lamp,125.275978088,44.5217819214,0.074571666151,0.000221579775165,411.142734115,0.221675410867
UBFC_A1/Eval_On_COHFACE,COHFACE,old,COHFACE_s03_session1_lamp,2,69.0,72.0,correct,69.0,1.0,70.0,0.9894164116795968,68.0,0.9014990418293589,72.0,0.9999999999999997,73.0,0.9408482109576827,71.0,0.9145661128763477,3_1,3,1,lamp,125.275978088,44.5217819214,0.074571666151,0.000221579775165,411.142734115,0.221675410867
UBFC_A1/Eval_On_COHFACE,COHFACE,old,COHFACE_s03_session1_lamp,3,68.0,40.0,large_error,68.0,1.0,69.0,0.9936708357225269,67.0,0.901713923311808,40.0,0.9999999999999997,41.0,0.7283152573863304,74.0,0.4649071841279131,3_1,3,1,lamp,125.275978088,44.5217819214,0.074571666151,0.000221579775165,411.142734115,0.221675410867
UBFC_A1/Eval_On_COHFACE,COHFACE,old,COHFACE_s03_session1_lamp,4,68.0,52.0,large_error,68.0,1.0,69.0,0.986067962843915,67.0,0.9035251347353089,52.0,0.9999999999999997,53.0,0.964192444007662,51.0,0.9342365502249467,3_1,3,1,lamp,125.275978088,44.5217819214,0.074571666151,0.000221579775165,411.142734115,0.221675410867
UBFC_A1/Eval_On_COHFACE,COHFACE,old,COHFACE_s03_session1_lamp,5,69.0,53.0,large_error,69.0,0.9999999999999999,68.0,0.9797209073538122,70.0,0.8938728814975228,53.0,0.9999999999999998,52.0,0.9881510311149919,54.0,0.9286379138327705,3_1,3,1,lamp,125.275978088,44.5217819214,0.074571666151,0.000221579775165,411.142734115,0.221675410867
UBFC_A1/Eval_On_COHFACE,COHFACE,old,COHFACE_s03_session1_lamp,6,69.0,40.0,sub_harmonic_half,69.0,0.9999999999999999,68.0,0.942986988502276,70.0,0.9293903127807203,40.0,0.9999999999999998,51.0,0.9255289916265488,52.0,0.8923254315122919,3_1,3,1,lamp,125.275978088,44.5217819214,0.074571666151,0.000221579775165,411.142734115,0.221675410867
UBFC_A1/Eval_On_COHFACE,COHFACE,old,COHFACE_s03_session1_lamp,7,70.0,52.0,large_error,70.0,0.9999999999999999,69.0,0.9792131806010921,71.0,0.8969372089366163,52.0,0.9999999999999999,53.0,0.9338409564629502,51.0,0.9301526037730798,3_1,3,1,lamp,125.275978088,44.5217819214,0.074571666151,0.000221579775165,411.142734115,0.221675410867
UBFC_A1/Eval_On_COHFACE,COHFACE,old,COHFACE_s03_session1_lamp,8,70.0,45.0,large_error,70.0,0.9999999999999999,71.0,0.9753015711194492,69.0,0.9052933406451127,45.0,0.9999999999999999,44.0,0.9940166177611878,46.0,0.9295057073928178,3_1,3,1,lamp,125.275978088,44.5217819214,0.074571666151,0.000221579775165,411.142734115,0.221675410867
UBFC_A1/Eval_On_COHFACE,COHFACE,old,COHFACE_s03_session1_lamp,9,71.0,44.0,large_error,71.0,0.9999999999999999,70.0,0.9724432598438386,72.0,0.9170391358296023,44.0,0.9999999999999999,43.0,0.9638157458169614,45.0,0.9548220179338905,3_1,3,1,lamp,125.275978088,44.5217819214,0.074571666151,0.000221579775165,411.142734115,0.221675410867
UBFC_A1/Eval_On_COHFACE,COHFACE,old,COHFACE_s03_session1_lamp,10,71.0,45.0,large_error,71.0,0.9999999999999999,70.0,0.9550896157760795,72.0,0.9328886632787968,45.0,0.9999999999999999,46.0,0.9770801110154258,44.0,0.9388866522030033,3_1,3,1,lamp,125.275978088,44.5217819214,0.074571666151,0.000221579775165,411.142734115,0.221675410867
UBFC_A1/Eval_On_COHFACE,COHFACE,old,COHFACE_s03_session1_lamp,11,70.0,45.0,large_error,70.0,1.0,71.0,0.978309058896177,69.0,0.903107584545061,45.0,0.9999999999999999,46.0,0.9484218788187777,44.0,0.9481829052622471,3_1,3,1,lamp,125.275978088,44.5217819214,0.074571666151,0.000221579775165,411.142734115,0.221675410867
UBFC_A1/Eval_On_COHFACE,COHFACE,old,COHFACE_s03_session1_lamp,12,70.0,48.0,large_error,70.0,0.9999999999999999,71.0,0.9589823365186143,69.0,0.9270183310857134,48.0,0.9999999999999997,68.0,0.9563088901742897,49.0,0.9346077992212627,3_1,3,1,lamp,125.275978088,44.5217819214,0.074571666151,0.000221579775165,411.142734115,0.221675410867
UBFC_A1/Eval_On_COHFACE,COHFACE,old,COHFACE_s03_session1_lamp,13,70.0,40.0,sub_harmonic_half,70.0,0.9999999999999999,69.0,0.9761715872769435,71.0,0.9198997916096057,40.0,0.9999999999999997,41.0,0.8953709645652632,69.0,0.706417442673985,3_1,3,1,lamp,125.275978088,44.5217819214,0.074571666151,0.000221579775165,411.142734115,0.221675410867
UBFC_A1/Eval_On_COHFACE,COHFACE,old,COHFACE_s03_session1_lamp,14,69.0,52.0,large_error,69.0,0.9999999999999999,70.0,0.968088188951212,68.0,0.9273052747382574,52.0,0.9999999999999999,53.0,0.9743231735092113,51.0,0.9369950183062111,3_1,3,1,lamp,125.275978088,44.5217819214,0.074571666151,0.000221579775165,411.142734115,0.221675410867
UBFC_A1/Eval_On_COHFACE,COHFACE,old,COHFACE_s03_session1_lamp,15,69.0,54.0,large_error,69.0,0.9999999999999999,68.0,0.9880451202646711,70.0,0.9050374815563923,54.0,0.9999999999999999,53.0,0.9932699715157699,55.0,0.9191030623334935,3_1,3,1,lamp,125.275978088,44.5217819214,0.074571666151,0.000221579775165,411.142734115,0.221675410867
UBFC_A1/Eval_On_COHFACE,COHFACE,old,COHFACE_s03_session1_lamp,16,69.0,75.0,large_error,69.0,0.9999999999999999,68.0,0.9848486492567162,70.0,0.900941741332048,75.0,0.9999999999999993,76.0,0.9430606869831104,74.0,0.9329394676627245,3_1,3,1,lamp,125.275978088,44.5217819214,0.074571666151,0.000221579775165,411.142734115,0.221675410867
UBFC_A1/Eval_On_COHFACE,COHFACE,old,COHFACE_s03_session1_lamp,17,69.0,77.0,large_error,69.0,0.9999999999999999,68.0,0.991325209157859,70.0,0.8847257407500009,77.0,0.9999999999999994,44.0,0.985130441588941,76.0,0.9766575429582437,3_1,3,1,lamp,125.275978088,44.5217819214,0.074571666151,0.000221579775165,411.142734115,0.221675410867
UBFC_A1/Eval_On_COHFACE,COHFACE,old,COHFACE_s03_session1_lamp,18,69.0,80.0,large_error,69.0,0.9999999999999999,68.0,0.9518680596460011,70.0,0.9341781721559148,80.0,0.9999999999999997,79.0,0.9762036875699922,81.0,0.8753770342154197,3_1,3,1,lamp,125.275978088,44.5217819214,0.074571666151,0.000221579775165,411.142734115,0.221675410867
UBFC_A1/Eval_On_COHFACE,COHFACE,old,COHFACE_s03_session1_lamp,19,70.0,80.0,large_error,70.0,0.9999999999999998,69.0,0.9783418982743091,71.0,0.9209746565500835,80.0,0.9999999999999998,81.0,0.9655329060842688,79.0,0.9099785785689786,3_1,3,1,lamp,125.275978088,44.5217819214,0.074571666151,0.000221579775165,411.142734115,0.221675410867
UBFC_A1/Eval_On_COHFACE,COHFACE,old,COHFACE_s03_session1_lamp,20,70.0,77.0,large_error,70.0,0.9999999999999998,71.0,0.9809246443295291,69.0,0.9105460934870914,77.0,0.9999999999999998,76.0,0.9606275841474303,78.0,0.9380085556943831,3_1,3,1,lamp,125.275978088,44.5217819214,0.074571666151,0.000221579775165,411.142734115,0.221675410867
UBFC_A1/Eval_On_COHFACE,COHFACE,old,COHFACE_s03_session1_lamp,21,71.0,80.0,large_error,71.0,0.9999999999999998,72.0,0.9814171736751498,70.0,0.9057023545198322,80.0,0.9999999999999998,79.0,0.9721405629797462,81.0,0.9094816595081217,3_1,3,1,lamp,125.275978088,44.5217819214,0.074571666151,0.000221579775165,411.142734115,0.221675410867
UBFC_A1/Eval_On_COHFACE,COHFACE,old,COHFACE_s03_session1_lamp,22,72.0,78.0,large_error,72.0,0.9999999999999998,71.0,0.9742103144387312,73.0,0.8944624549368555,78.0,0.9999999999999998,77.0,0.9743403681076962,79.0,0.969770704878014,3_1,3,1,lamp,125.275978088,44.5217819214,0.074571666151,0.000221579775165,411.142734115,0.221675410867
UBFC_A1/Eval_On_COHFACE,COHFACE,old,COHFACE_s03_session1_lamp,23,71.0,44.0,large_error,71.0,0.9999999999999998,72.0,0.9753661587471367,70.0,0.8980162645050668,44.0,0.9999999999999997,43.0,0.993350045689324,76.0,0.8950193509255454,3_1,3,1,lamp,125.275978088,44.5217819214,0.074571666151,0.000221579775165,411.142734115,0.221675410867
UBFC_A1/Eval_On_COHFACE,COHFACE,old,COHFACE_s03_session1_lamp,24,71.0,81.0,large_error,71.0,0.9999999999999998,72.0,0.9916883586555594,70.0,0.8978125744993275,81.0,0.9999999999999998,82.0,0.9638058975426587,80.0,0.9228260583864356,3_1,3,1,lamp,125.275978088,44.5217819214,0.074571666151,0.000221579775165,411.142734115,0.221675410867
UBFC_A1/Eval_On_COHFACE,COHFACE,old,COHFACE_s03_session1_lamp,25,71.0,81.0,large_error,71.0,0.9999999999999999,72.0,0.9657666308164968,70.0,0.941577680515581,81.0,0.9999999999999998,82.0,0.9585822266971554,80.0,0.9266085142851372,3_1,3,1,lamp,125.275978088,44.5217819214,0.074571666151,0.000221579775165,411.142734115,0.221675410867
UBFC_A1/Eval_On_COHFACE,COHFACE,old,COHFACE_s03_session1_lamp,26,70.0,67.0,correct,70.0,0.9999999999999998,69.0,0.9516612058824102,71.0,0.950815354807486,67.0,0.9999999999999998,68.0,0.9919661400579404,66.0,0.9103726512317497,3_1,3,1,lamp,125.275978088,44.5217819214,0.074571666151,0.000221579775165,411.142734115,0.221675410867
UBFC_A1/Eval_On_COHFACE,COHFACE,old,COHFACE_s03_session1_lamp,27,70.0,81.0,large_error,70.0,0.9999999999999998,69.0,0.9620941527581407,71.0,0.9281196287517535,81.0,0.9999999999999998,82.0,0.9436143520304926,80.0,0.9264018767084994,3_1,3,1,lamp,125.275978088,44.5217819214,0.074571666151,0.000221579775165,411.142734115,0.221675410867
UBFC_A1/Eval_On_COHFACE,COHFACE,old,COHFACE_s03_session1_lamp,28,70.0,82.0,large_error,70.0,0.9999999999999998,69.0,0.9591170245024142,71.0,0.9138999009906082,82.0,0.9999999999999998,81.0,0.9359884254960414,83.0,0.933992791775163,3_1,3,1,lamp,125.275978088,44.5217819214,0.074571666151,0.000221579775165,411.142734115,0.221675410867
UBFC_A1/Eval_On_COHFACE,COHFACE,old,COHFACE_s03_session1_lamp,29,70.0,79.0,large_error,70.0,0.9999999999999998,71.0,0.9551527801259203,69.0,0.9166859715085841,79.0,0.9999999999999993,78.0,0.9987427494881699,120.0,0.9573251549281044,3_1,3,1,lamp,125.275978088,44.5217819214,0.074571666151,0.000221579775165,411.142734115,0.221675410867
UBFC_A1/Eval_On_COHFACE,COHFACE,old,COHFACE_s03_session1_lamp,30,71.0,82.0,large_error,71.0,0.9999999999999998,72.0,0.9536219509988477,70.0,0.9361255332180975,82.0,0.9999999999999998,83.0,0.98860816061487,81.0,0.922719130220182,3_1,3,1,lamp,125.275978088,44.5217819214,0.074571666151,0.000221579775165,411.142734115,0.221675410867
UBFC_A1/Eval_On_COHFACE,COHFACE,old,COHFACE_s03_session1_lamp,31,72.0,81.0,large_error,72.0,0.9999999999999999,71.0,0.9799746356587753,73.0,0.9176588418538362,81.0,0.9999999999999996,82.0,0.9663987196835486,80.0,0.9397152700124798,3_1,3,1,lamp,125.275978088,44.5217819214,0.074571666151,0.000221579775165,411.142734115,0.221675410867
UBFC_A1/Eval_On_COHFACE,COHFACE,old,COHFACE_s03_session1_lamp,32,72.0,79.0,large_error,72.0,0.9999999999999998,73.0,0.989704534613026,71.0,0.900779594793063,79.0,0.9999999999999997,78.0,0.9917834662862239,80.0,0.9199605441408585,3_1,3,1,lamp,125.275978088,44.5217819214,0.074571666151,0.000221579775165,411.142734115,0.221675410867
UBFC_A1/Eval_On_COHFACE,COHFACE,old,COHFACE_s03_session1_lamp,33,73.0,97.0,super_harmonic_1p5x,73.0,0.9999999999999998,72.0,0.9789676424652844,74.0,0.895013320047838,97.0,0.9999999999999996,98.0,0.9361021738247757,96.0,0.9348471622216797,3_1,3,1,lamp,125.275978088,44.5217819214,0.074571666151,0.000221579775165,411.142734115,0.221675410867
UBFC_A1/Eval_On_COHFACE,COHFACE,old,COHFACE_s03_session1_lamp,34,72.0,76.0,large_error,72.0,0.9999999999999998,73.0,0.9774674507473246,71.0,0.9008486770805648,76.0,0.9999999999999997,77.0,0.9832823599529305,75.0,0.8794378301401203,3_1,3,1,lamp,125.275978088,44.5217819214,0.074571666151,0.000221579775165,411.142734115,0.221675410867
UBFC_A1/Eval_On_COHFACE,COHFACE,old,COHFACE_s03_session1_lamp,35,72.0,75.0,correct,72.0,0.9999999999999998,73.0,0.9575870355949166,71.0,0.9240276090755953,75.0,0.9999999999999998,76.0,0.9784877058775174,74.0,0.9097967480276465,3_1,3,1,lamp,125.275978088,44.5217819214,0.074571666151,0.000221579775165,411.142734115,0.221675410867
UBFC_A1/Eval_On_COHFACE,COHFACE,old,COHFACE_s03_session1_lamp,36,72.0,65.0,large_error,72.0,0.9999999999999998,71.0,0.9529230723810823,73.0,0.940058985134609,65.0,0.9999999999999997,66.0,0.9993970208136539,67.0,0.9248142105641239,3_1,3,1,lamp,125.275978088,44.5217819214,0.074571666151,0.000221579775165,411.142734115,0.221675410867
UBFC_A1/Eval_On_COHFACE,COHFACE,old,COHFACE_s03_session1_lamp,37,71.0,65.0,large_error,71.0,0.9999999999999998,72.0,0.9688942483398312,70.0,0.9273453253770189,65.0,0.9999999999999998,66.0,0.9651913575656829,64.0,0.9429107414477441,3_1,3,1,lamp,125.275978088,44.5217819214,0.074571666151,0.000221579775165,411.142734115,0.221675410867
UBFC_A1/Eval_On_COHFACE,COHFACE,old,COHFACE_s03_session1_lamp,38,71.0,67.0,large_error,71.0,0.9999999999999999,72.0,0.9592618573154283,70.0,0.9272219531886247,67.0,0.9999999999999998,66.0,0.9986519327755228,65.0,0.919980507842011,3_1,3,1,lamp,125.275978088,44.5217819214,0.074571666151,0.000221579775165,411.142734115,0.221675410867
UBFC_A1/Eval_On_COHFACE,COHFACE,old,COHFACE_s03_session1_lamp,39,70.0,81.0,large_error,70.0,0.9999999999999999,71.0,0.9841722935593006,69.0,0.9016997704448899,81.0,0.9999999999999998,80.0,0.9780244151137939,82.0,0.8918168499631471,3_1,3,1,lamp,125.275978088,44.5217819214,0.074571666151,0.000221579775165,411.142734115,0.221675410867
UBFC_A1/Eval_On_COHFACE,COHFACE,old,COHFACE_s03_session1_lamp,40,70.0,81.0,large_error,70.0,0.9999999999999998,71.0,0.9552208690530479,69.0,0.9329244659358978,81.0,0.9999999999999997,80.0,0.980110267784416,82.0,0.8875022371339323,3_1,3,1,lamp,125.275978088,44.5217819214,0.074571666151,0.000221579775165,411.142734115,0.221675410867
UBFC_A1/Eval_On_COHFACE,COHFACE,old,COHFACE_s03_session1_lamp,41,70.0,77.0,large_error,70.0,0.9999999999999998,71.0,0.9490602059857327,69.0,0.9470760079680767,77.0,0.9999999999999998,76.0,0.9893883194720204,78.0,0.9407037088116589,3_1,3,1,lamp,125.275978088,44.5217819214,0.074571666151,0.000221579775165,411.142734115,0.221675410867
UBFC_A1/Eval_On_COHFACE,COHFACE,old,COHFACE_s03_session1_lamp,42,70.0,80.0,large_error,70.0,0.9999999999999998,69.0,0.9611968414098435,71.0,0.9301892633099816,80.0,0.9999999999999996,81.0,0.9879843429599597,42.0,0.9657405266665778,3_1,3,1,lamp,125.275978088,44.5217819214,0.074571666151,0.000221579775165,411.142734115,0.221675410867
UBFC_A1/Eval_On_COHFACE,COHFACE,old,COHFACE_s03_session1_lamp,43,71.0,42.0,large_error,71.0,0.9999999999999998,70.0,0.991990248453141,72.0,0.8901823331020741,42.0,0.9999999999999997,41.0,0.968912796581629,43.0,0.9480472122976211,3_1,3,1,lamp,125.275978088,44.5217819214,0.074571666151,0.000221579775165,411.142734115,0.221675410867
UBFC_A1/Eval_On_COHFACE,COHFACE,old,COHFACE_s03_session1_lamp,44,71.0,44.0,large_error,71.0,0.9999999999999998,70.0,0.9451016618474453,72.0,0.9298662312883029,44.0,0.9999999999999998,45.0,0.9737343478469768,43.0,0.9239512678467039,3_1,3,1,lamp,125.275978088,44.5217819214,0.074571666151,0.000221579775165,411.142734115,0.221675410867
UBFC_A1/Eval_On_COHFACE,COHFACE,old,COHFACE_s03_session1_lamp,45,71.0,70.0,correct,71.0,0.9999999999999998,70.0,0.9613480722977975,72.0,0.9194506851164286,70.0,0.9999999999999998,69.0,0.9420588796842817,71.0,0.9156359910542241,3_1,3,1,lamp,125.275978088,44.5217819214,0.074571666151,0.000221579775165,411.142734115,0.221675410867
UBFC_A1/Eval_On_COHFACE,COHFACE,old,COHFACE_s03_session1_lamp,46,71.0,41.0,sub_harmonic_half,71.0,0.9999999999999998,72.0,0.9629788131448479,70.0,0.9297663204183632,41.0,0.9999999999999997,40.0,0.9959023390527025,42.0,0.9124680681909091,3_1,3,1,lamp,125.275978088,44.5217819214,0.074571666151,0.000221579775165,411.142734115,0.221675410867
UBFC_A1/Eval_On_COHFACE,COHFACE,old,COHFACE_s03_session1_lamp,47,71.0,52.0,large_error,71.0,0.9999999999999998,70.0,0.984495027144596,72.0,0.9160444878080287,52.0,0.9999999999999998,51.0,0.964522600308639,53.0,0.8984867350143364,3_1,3,1,lamp,125.275978088,44.5217819214,0.074571666151,0.000221579775165,411.142734115,0.221675410867
UBFC_A1/Eval_On_COHFACE,COHFACE,old,COHFACE_s03_session1_lamp,48,70.0,52.0,large_error,70.0,0.9999999999999998,69.0,0.9759503272809404,71.0,0.9172817089974626,52.0,0.9999999999999999,53.0,0.9987127866597316,51.0,0.8922678523413632,3_1,3,1,lamp,125.275978088,44.5217819214,0.074571666151,0.000221579775165,411.142734115,0.221675410867
UBFC_A1/Eval_On_COHFACE,COHFACE,old,COHFACE_s03_session1_lamp,49,69.0,55.0,large_error,69.0,0.9999999999999998,70.0,0.9494251429507918,68.0,0.9365747696273877,55.0,0.9999999999999997,54.0,0.9805876172569188,56.0,0.9483367748498583,3_1,3,1,lamp,125.275978088,44.5217819214,0.074571666151,0.000221579775165,411.142734115,0.221675410867
UBFC_A1/Eval_On_COHFACE,COHFACE,old,COHFACE_s03_session1_lamp,50,69.0,59.0,large_error,69.0,0.9999999999999998,68.0,0.9811518065589514,70.0,0.8969988027491088,59.0,0.9999999999999999,60.0,0.9711870942208,58.0,0.9233307010875657,3_1,3,1,lamp,125.275978088,44.5217819214,0.074571666151,0.000221579775165,411.142734115,0.221675410867
UBFC_A1/Eval_On_COHFACE,COHFACE,old,COHFACE_s03_session2_natural,0,74.0,40.0,sub_harmonic_half,74.0,1.0,75.0,0.984355154595399,73.0,0.8778533789764856,40.0,0.9999999999999998,41.0,0.7875899058243866,42.0,0.5203361162211215,3_2,3,2,natural,104.957237244,53.305896759,1.86997975735,0,541.891377474,0.224997892976
UBFC_A1/Eval_On_COHFACE,COHFACE,old,COHFACE_s03_session2_natural,1,74.0,59.0,large_error,74.0,0.9999999999999999,75.0,0.965737429747241,73.0,0.9170097190158291,59.0,0.9999999999999998,60.0,0.9460856774319392,58.0,0.939159027586377,3_2,3,2,natural,104.957237244,53.305896759,1.86997975735,0,541.891377474,0.224997892976
UBFC_A1/Eval_On_COHFACE,COHFACE,old,COHFACE_s03_session2_natural,2,74.0,60.0,large_error,74.0,0.9999999999999999,73.0,0.9994317336383933,75.0,0.8898803001678339,60.0,0.9999999999999999,59.0,0.9864582418413623,61.0,0.8986403285880986,3_2,3,2,natural,104.957237244,53.305896759,1.86997975735,0,541.891377474,0.224997892976
UBFC_A1/Eval_On_COHFACE,COHFACE,old,COHFACE_s03_session2_natural,3,72.0,74.0,correct,72.0,0.9999999999999999,73.0,0.9966205200444737,71.0,0.8989148297215201,74.0,0.9999999999999998,73.0,0.9855215672925036,75.0,0.9278790157563397,3_2,3,2,natural,104.957237244,53.305896759,1.86997975735,0,541.891377474,0.224997892976
UBFC_A1/Eval_On_COHFACE,COHFACE,old,COHFACE_s03_session2_natural,4,71.0,76.0,large_error,71.0,0.9999999999999998,70.0,0.9861632302963219,72.0,0.9219726116856428,76.0,0.9999999999999997,75.0,0.9587553558979456,77.0,0.9570852556925503,3_2,3,2,natural,104.957237244,53.305896759,1.86997975735,0,541.891377474,0.224997892976
UBFC_A1/Eval_On_COHFACE,COHFACE,old,COHFACE_s03_session2_natural,5,69.0,68.0,correct,69.0,0.9999999999999999,68.0,0.9647929377428949,70.0,0.9312930008977651,68.0,0.9999999999999996,69.0,0.9970704122839442,67.0,0.9616246407330736,3_2,3,2,natural,104.957237244,53.305896759,1.86997975735,0,541.891377474,0.224997892976
UBFC_A1/Eval_On_COHFACE,COHFACE,old,COHFACE_s03_session2_natural,6,68.0,60.0,large_error,68.0,0.9999999999999999,67.0,0.9551412437850624,69.0,0.9346481888191429,60.0,0.9999999999999996,59.0,0.9710281448611057,61.0,0.8808853817946845,3_2,3,2,natural,104.957237244,53.305896759,1.86997975735,0,541.891377474,0.224997892976
UBFC_A1/Eval_On_COHFACE,COHFACE,old,COHFACE_s03_session2_natural,7,68.0,60.0,large_error,68.0,0.9999999999999999,67.0,0.9945542051983329,69.0,0.8924689372729975,60.0,0.9999999999999997,61.0,0.9773032925712735,59.0,0.8560551556723063,3_2,3,2,natural,104.957237244,53.305896759,1.86997975735,0,541.891377474,0.224997892976
UBFC_A1/Eval_On_COHFACE,COHFACE,old,COHFACE_s03_session2_natural,8,68.0,64.0,large_error,68.0,0.9999999999999999,67.0,0.9435993484308897,69.0,0.9357921364593381,64.0,0.9999999999999997,63.0,0.9657405805192131,65.0,0.9258282397144321,3_2,3,2,natural,104.957237244,53.305896759,1.86997975735,0,541.891377474,0.224997892976
UBFC_A1/Eval_On_COHFACE,COHFACE,old,COHFACE_s03_session2_natural,9,69.0,63.0,large_error,69.0,0.9999999999999999,68.0,0.9903888759334257,70.0,0.8945838807427704,63.0,0.9999999999999994,64.0,0.9584872011382206,61.99999999999999,0.9569315626723947,3_2,3,2,natural,104.957237244,53.305896759,1.86997975735,0,541.891377474,0.224997892976
UBFC_A1/Eval_On_COHFACE,COHFACE,old,COHFACE_s03_session2_natural,10,70.0,52.0,large_error,70.0,0.9999999999999999,69.0,0.9646198879167021,71.0,0.9278700918851611,52.0,0.9999999999999998,51.0,0.9926389749927457,53.0,0.9118015187550991,3_2,3,2,natural,104.957237244,53.305896759,1.86997975735,0,541.891377474,0.224997892976
UBFC_A1/Eval_On_COHFACE,COHFACE,old,COHFACE_s03_session2_natural,11,71.0,72.0,correct,71.0,0.9999999999999999,70.0,0.9733072298796664,72.0,0.9182946041455362,72.0,0.9999999999999998,71.0,0.976892066795915,73.0,0.9519038558994194,3_2,3,2,natural,104.957237244,53.305896759,1.86997975735,0,541.891377474,0.224997892976
UBFC_A1/Eval_On_COHFACE,COHFACE,old,COHFACE_s03_session2_natural,12,71.0,73.0,correct,71.0,0.9999999999999999,72.0,0.9798182421051724,70.0,0.9108689849743337,73.0,0.9999999999999998,72.0,0.9564210995142141,74.0,0.9516860436329806,3_2,3,2,natural,104.957237244,53.305896759,1.86997975735,0,541.891377474,0.224997892976
UBFC_A1/Eval_On_COHFACE,COHFACE,old,COHFACE_s03_session2_natural,13,72.0,73.0,correct,72.0,0.9999999999999999,71.0,0.9501460449523036,73.0,0.9369911942683138,73.0,0.9999999999999999,74.0,0.9747513348280727,72.0,0.9314315122537593,3_2,3,2,natural,104.957237244,53.305896759,1.86997975735,0,541.891377474,0.224997892976
UBFC_A1/Eval_On_COHFACE,COHFACE,old,COHFACE_s03_session2_natural,14,72.0,75.0,correct,72.0,0.9999999999999999,73.0,0.9465730613960638,71.0,0.9353124286012325,75.0,0.9999999999999998,74.0,0.9988405231036722,76.0,0.8979670838280878,3_2,3,2,natural,104.957237244,53.305896759,1.86997975735,0,541.891377474,0.224997892976
UBFC_A1/Eval_On_COHFACE,COHFACE,old,COHFACE_s03_session2_natural,15,72.0,45.0,large_error,72.0,0.9999999999999999,71.0,0.9609418302783176,73.0,0.929645986914587,45.0,0.9999999999999999,46.0,0.9556150129173476,44.0,0.9244227362187565,3_2,3,2,natural,104.957237244,53.305896759,1.86997975735,0,541.891377474,0.224997892976
UBFC_A1/Eval_On_COHFACE,COHFACE,old,COHFACE_s03_session2_natural,16,72.0,69.0,correct,72.0,0.9999999999999999,71.0,0.9831364259393323,73.0,0.9008752681762866,69.0,0.9999999999999999,68.0,0.9509704312397864,70.0,0.9473545959730134,3_2,3,2,natural,104.957237244,53.305896759,1.86997975735,0,541.891377474,0.224997892976
UBFC_A1/Eval_On_COHFACE,COHFACE,old,COHFACE_s03_session2_natural,17,71.0,70.0,correct,71.0,0.9999999999999999,70.0,0.9509573977718094,72.0,0.9384079664079896,70.0,0.9999999999999999,69.0,0.9698672642590559,71.0,0.9067681547281224,3_2,3,2,natural,104.957237244,53.305896759,1.86997975735,0,541.891377474,0.224997892976
UBFC_A1/Eval_On_COHFACE,COHFACE,old,COHFACE_s03_session2_natural,18,71.0,41.0,sub_harmonic_half,71.0,0.9999999999999999,70.0,0.9753544026362003,72.0,0.9142528786051219,41.0,0.9999999999999998,40.0,0.9872174941822139,70.0,0.937975621876556,3_2,3,2,natural,104.957237244,53.305896759,1.86997975735,0,541.891377474,0.224997892976
UBFC_A1/Eval_On_COHFACE,COHFACE,old,COHFACE_s03_session2_natural,19,70.0,69.0,correct,70.0,0.9999999999999999,71.0,0.99231563837922,69.0,0.8962697237287441,69.0,0.9999999999999999,68.0,0.968775518255994,70.0,0.9261024505085373,3_2,3,2,natural,104.957237244,53.305896759,1.86997975735,0,541.891377474,0.224997892976
UBFC_A1/Eval_On_COHFACE,COHFACE,old,COHFACE_s03_session2_natural,20,70.0,61.99999999999999,large_error,70.0,1.0,71.0,0.9882406456523455,69.0,0.8936918989447566,61.99999999999999,0.9999999999999999,63.0,0.9981406341995005,64.0,0.9135664508167616,3_2,3,2,natural,104.957237244,53.305896759,1.86997975735,0,541.891377474,0.224997892976
UBFC_A1/Eval_On_COHFACE,COHFACE,old,COHFACE_s03_session2_natural,21,71.0,75.0,large_error,71.0,1.0,70.0,0.9587341889836603,72.0,0.9259621269681371,75.0,0.9999999999999999,74.0,0.9690604257542166,76.0,0.9324652371965804,3_2,3,2,natural,104.957237244,53.305896759,1.86997975735,0,541.891377474,0.224997892976
UBFC_A1/Eval_On_COHFACE,COHFACE,old,COHFACE_s03_session2_natural,22,71.0,74.0,correct,71.0,0.9999999999999999,72.0,0.9607178637934755,70.0,0.9281634874450917,74.0,0.9999999999999998,75.0,0.9604296278162064,73.0,0.9245445746090624,3_2,3,2,natural,104.957237244,53.305896759,1.86997975735,0,541.891377474,0.224997892976
UBFC_A1/Eval_On_COHFACE,COHFACE,old,COHFACE_s03_session2_natural,23,71.0,74.0,correct,71.0,1.0,72.0,0.9750761886076329,70.0,0.9112620111757209,74.0,0.9999999999999999,75.0,0.9704993448979058,73.0,0.9140467601211745,3_2,3,2,natural,104.957237244,53.305896759,1.86997975735,0,541.891377474,0.224997892976
UBFC_A1/Eval_On_COHFACE,COHFACE,old,COHFACE_s03_session2_natural,24,72.0,65.0,large_error,72.0,0.9999999999999999,71.0,0.9833431144309431,73.0,0.9122575893524396,65.0,0.9999999999999998,66.0,0.981024621891399,64.0,0.947708145544218,3_2,3,2,natural,104.957237244,53.305896759,1.86997975735,0,541.891377474,0.224997892976
UBFC_A1/Eval_On_COHFACE,COHFACE,old,COHFACE_s03_session2_natural,25,71.0,66.0,large_error,71.0,0.9999999999999999,72.0,0.9899430491346579,70.0,0.9002286458952462,66.0,0.9999999999999999,65.0,0.97435592162958,67.0,0.9621224044880673,3_2,3,2,natural,104.957237244,53.305896759,1.86997975735,0,541.891377474,0.224997892976
UBFC_A1/Eval_On_COHFACE,COHFACE,old,COHFACE_s03_session2_natural,26,72.0,68.0,large_error,72.0,0.9999999999999999,71.0,0.9518225512313314,73.0,0.9267900312548362,68.0,1.0,67.0,0.9636512360300608,69.0,0.9341898753956098,3_2,3,2,natural,104.957237244,53.305896759,1.86997975735,0,541.891377474,0.224997892976
UBFC_A1/Eval_On_COHFACE,COHFACE,old,COHFACE_s03_session2_natural,27,72.0,67.0,large_error,72.0,0.9999999999999999,73.0,0.9571165741054266,71.0,0.9267146503371078,67.0,1.0,68.0,0.9726083538885704,66.0,0.9213755031364292,3_2,3,2,natural,104.957237244,53.305896759,1.86997975735,0,541.891377474,0.224997892976
UBFC_A1/Eval_On_COHFACE,COHFACE,old,COHFACE_s03_session2_natural,28,72.0,67.0,large_error,72.0,0.9999999999999999,73.0,0.99695603058852,71.0,0.8930124200413428,67.0,0.9999999999999999,68.0,0.9971143607261806,66.0,0.9795031143873056,3_2,3,2,natural,104.957237244,53.305896759,1.86997975735,0,541.891377474,0.224997892976
UBFC_A1/Eval_On_COHFACE,COHFACE,old,COHFACE_s03_session2_natural,29,73.0,49.0,large_error,73.0,0.9999999999999999,72.0,0.9477365440467506,74.0,0.9392951258862914,49.0,0.9999999999999999,48.0,0.9764536655438687,50.0,0.9593400989322066,3_2,3,2,natural,104.957237244,53.305896759,1.86997975735,0,541.891377474,0.224997892976
UBFC_A1/Eval_On_COHFACE,COHFACE,old,COHFACE_s03_session2_natural,30,73.0,48.0,large_error,73.0,0.9999999999999999,74.0,0.9755362433430105,72.0,0.9156154540894327,48.0,0.9999999999999998,47.0,0.9811699818506452,49.0,0.9646353085660417,3_2,3,2,natural,104.957237244,53.305896759,1.86997975735,0,541.891377474,0.224997892976
UBFC_A1/Eval_On_COHFACE,COHFACE,old,COHFACE_s03_session2_natural,31,73.0,75.0,correct,73.0,0.9999999999999999,74.0,0.9885065038467663,72.0,0.8969705134827893,75.0,0.9999999999999998,74.0,0.9862913587428854,76.0,0.8909610688789281,3_2,3,2,natural,104.957237244,53.305896759,1.86997975735,0,541.891377474,0.224997892976
UBFC_A1/Eval_On_COHFACE,COHFACE,old,COHFACE_s03_session2_natural,32,73.0,60.0,large_error,73.0,0.9999999999999999,74.0,0.9649718732301235,72.0,0.9170655552936013,60.0,0.9999999999999998,59.0,0.9872661913296643,90.0,0.965919794336021,3_2,3,2,natural,104.957237244,53.305896759,1.86997975735,0,541.891377474,0.224997892976
UBFC_A1/Eval_On_COHFACE,COHFACE,old,COHFACE_s03_session2_natural,33,73.0,47.0,large_error,73.0,0.9999999999999999,72.0,0.9653855414252965,74.0,0.9152837246662554,47.0,0.9999999999999996,48.0,0.9480975213227195,46.0,0.8998109947470622,3_2,3,2,natural,104.957237244,53.305896759,1.86997975735,0,541.891377474,0.224997892976
UBFC_A1/Eval_On_COHFACE,COHFACE,old,COHFACE_s03_session2_natural,34,73.0,47.0,large_error,73.0,0.9999999999999999,72.0,0.9870837912375335,74.0,0.9000070706789206,47.0,0.9999999999999997,46.0,0.9427304578348841,48.0,0.93061502267215,3_2,3,2,natural,104.957237244,53.305896759,1.86997975735,0,541.891377474,0.224997892976
UBFC_A1/Eval_On_COHFACE,COHFACE,old,COHFACE_s03_session2_natural,35,72.0,44.0,large_error,72.0,0.9999999999999999,73.0,0.9589054414867251,71.0,0.9309512513090963,44.0,0.9999999999999999,45.0,0.9888621253257137,43.0,0.913251011420584,3_2,3,2,natural,104.957237244,53.305896759,1.86997975735,0,541.891377474,0.224997892976
UBFC_A1/Eval_On_COHFACE,COHFACE,old,COHFACE_s03_session2_natural,36,72.0,42.0,sub_harmonic_half,72.0,0.9999999999999999,73.0,0.9510265501331275,71.0,0.9304589151158401,42.0,0.9999999999999997,41.0,0.981793303930259,43.0,0.9568348095295728,3_2,3,2,natural,104.957237244,53.305896759,1.86997975735,0,541.891377474,0.224997892976
UBFC_A1/Eval_On_COHFACE,COHFACE,old,COHFACE_s03_session2_natural,37,72.0,44.0,large_error,72.0,0.9999999999999999,71.0,0.96113905276408,73.0,0.931194822735327,44.0,0.9999999999999999,43.0,0.9984701448708448,45.0,0.9018940287464632,3_2,3,2,natural,104.957237244,53.305896759,1.86997975735,0,541.891377474,0.224997892976
UBFC_A1/Eval_On_COHFACE,COHFACE,old,COHFACE_s03_session2_natural,38,72.0,45.0,large_error,72.0,0.9999999999999999,73.0,0.9757620556341966,71.0,0.9135608296247719,45.0,0.9999999999999999,44.0,0.9798733123274013,46.0,0.9134554972961891,3_2,3,2,natural,104.957237244,53.305896759,1.86997975735,0,541.891377474,0.224997892976
UBFC_A1/Eval_On_COHFACE,COHFACE,old,COHFACE_s03_session2_natural,39,73.0,61.0,large_error,73.0,0.9999999999999999,74.0,0.98102167442299,72.0,0.9091448783058352,61.0,0.9999999999999997,61.99999999999999,0.9799340752609046,60.0,0.9613823960745667,3_2,3,2,natural,104.957237244,53.305896759,1.86997975735,0,541.891377474,0.224997892976
UBFC_A1/Eval_On_COHFACE,COHFACE,old,COHFACE_s03_session2_natural,40,74.0,60.0,large_error,74.0,0.9999999999999999,75.0,0.9750751311344354,73.0,0.9087679119194003,60.0,0.9999999999999998,59.0,0.9803788062170193,61.0,0.919375357235119,3_2,3,2,natural,104.957237244,53.305896759,1.86997975735,0,541.891377474,0.224997892976
UBFC_A1/Eval_On_COHFACE,COHFACE,old,COHFACE_s03_session2_natural,41,75.0,61.0,large_error,75.0,0.9999999999999999,76.0,0.9462802718721952,74.0,0.9436012817783038,61.0,0.9999999999999998,60.0,0.976741870618628,61.99999999999999,0.9401231048077784,3_2,3,2,natural,104.957237244,53.305896759,1.86997975735,0,541.891377474,0.224997892976
UBFC_A1/Eval_On_COHFACE,COHFACE,old,COHFACE_s03_session2_natural,42,75.0,60.0,large_error,75.0,0.9999999999999999,76.0,0.9548176140215399,74.0,0.9351940725199659,60.0,0.9999999999999998,59.0,0.969453428636896,61.0,0.9332928471782971,3_2,3,2,natural,104.957237244,53.305896759,1.86997975735,0,541.891377474,0.224997892976
UBFC_A1/Eval_On_COHFACE,COHFACE,old,COHFACE_s03_session2_natural,43,74.0,84.0,large_error,74.0,0.9999999999999999,75.0,0.9940380590557099,73.0,0.8905732150627012,84.0,0.9999999999999997,65.0,0.9900408154217195,83.0,0.9659162424782383,3_2,3,2,natural,104.957237244,53.305896759,1.86997975735,0,541.891377474,0.224997892976
UBFC_A1/Eval_On_COHFACE,COHFACE,old,COHFACE_s03_session2_natural,44,74.0,55.0,large_error,74.0,0.9999999999999999,73.0,0.9761232065695516,75.0,0.9163692727066478,55.0,0.9999999999999999,54.0,0.9713731508452021,56.0,0.8780804057541612,3_2,3,2,natural,104.957237244,53.305896759,1.86997975735,0,541.891377474,0.224997892976
UBFC_A1/Eval_On_COHFACE,COHFACE,old,COHFACE_s03_session2_natural,45,72.0,52.0,large_error,72.0,0.9999999999999999,73.0,0.9799679360911587,71.0,0.9071074252919009,52.0,0.9999999999999998,53.0,0.973512721132932,51.0,0.9298802728280866,3_2,3,2,natural,104.957237244,53.305896759,1.86997975735,0,541.891377474,0.224997892976
UBFC_A1/Eval_On_COHFACE,COHFACE,old,COHFACE_s03_session2_natural,46,71.0,53.0,large_error,71.0,0.9999999999999999,70.0,0.9606332712136058,72.0,0.9274712782572865,53.0,0.9999999999999998,52.0,0.9901563463606106,72.0,0.9755284855616582,3_2,3,2,natural,104.957237244,53.305896759,1.86997975735,0,541.891377474,0.224997892976
UBFC_A1/Eval_On_COHFACE,COHFACE,old,COHFACE_s03_session2_natural,47,69.0,52.0,large_error,69.0,0.9999999999999999,70.0,0.9867686784100309,68.0,0.90381385268777,52.0,0.9999999999999998,51.0,0.9847237696321954,53.0,0.948125141920583,3_2,3,2,natural,104.957237244,53.305896759,1.86997975735,0,541.891377474,0.224997892976
UBFC_A1/Eval_On_COHFACE,COHFACE,old,COHFACE_s03_session2_natural,48,68.0,52.0,large_error,68.0,0.9999999999999998,67.0,0.9599056031840729,69.0,0.9462701810685386,52.0,0.9999999999999999,53.0,0.9777180849356074,51.0,0.9142278891977096,3_2,3,2,natural,104.957237244,53.305896759,1.86997975735,0,541.891377474,0.224997892976
UBFC_A1/Eval_On_COHFACE,COHFACE,old,COHFACE_s03_session2_natural,49,67.0,67.0,correct,67.0,0.9999999999999999,68.0,0.9687047896261137,66.0,0.929074143342118,67.0,0.9999999999999998,66.0,0.9763571638630707,68.0,0.9111787068123267,3_2,3,2,natural,104.957237244,53.305896759,1.86997975735,0,541.891377474,0.224997892976
UBFC_A1/Eval_On_COHFACE,COHFACE,old,COHFACE_s03_session2_natural,50,67.0,67.0,correct,67.0,0.9999999999999999,68.0,0.9559374138087793,66.0,0.9288558072862907,67.0,0.9999999999999999,66.0,0.956672380857038,68.0,0.901772413620795,3_2,3,2,natural,104.957237244,53.305896759,1.86997975735,0,541.891377474,0.224997892976
UBFC_A1/Eval_On_COHFACE,COHFACE,old,COHFACE_s03_session3_natural,0,74.0,40.0,sub_harmonic_half,74.0,0.9999999999999999,73.0,0.9885311640200537,75.0,0.9229237724784612,40.0,0.9999999999999994,68.0,0.8877847086656916,67.0,0.8839197341287569,3_3,3,3,natural,102.850990295,52.1018333435,1.5860652292,0,467.03127259,0.204794630408
UBFC_A1/Eval_On_COHFACE,COHFACE,old,COHFACE_s03_session3_natural,1,72.0,67.0,large_error,72.0,0.9999999999999999,71.0,0.9576313179336267,73.0,0.9379618139837669,67.0,0.9999999999999991,66.0,0.967000361885776,68.0,0.9643271150600651,3_3,3,3,natural,102.850990295,52.1018333435,1.5860652292,0,467.03127259,0.204794630408
UBFC_A1/Eval_On_COHFACE,COHFACE,old,COHFACE_s03_session3_natural,2,72.0,59.0,large_error,72.0,0.9999999999999999,73.0,0.9831899924431163,71.0,0.904562840589179,59.0,0.9999999999999999,60.0,0.9731014459201027,58.0,0.8899081519729005,3_3,3,3,natural,102.850990295,52.1018333435,1.5860652292,0,467.03127259,0.204794630408
UBFC_A1/Eval_On_COHFACE,COHFACE,old,COHFACE_s03_session3_natural,3,73.0,72.0,correct,73.0,1.0,72.0,0.9770709519556439,74.0,0.8994913038684162,72.0,0.9999999999999993,73.0,0.9874652215683042,71.0,0.8826707804117464,3_3,3,3,natural,102.850990295,52.1018333435,1.5860652292,0,467.03127259,0.204794630408
UBFC_A1/Eval_On_COHFACE,COHFACE,old,COHFACE_s03_session3_natural,4,73.0,74.0,correct,73.0,1.0,72.0,0.9757553275901866,74.0,0.9019287062728247,74.0,0.9999999999999999,73.0,0.9528294547595626,75.0,0.9446442256591124,3_3,3,3,natural,102.850990295,52.1018333435,1.5860652292,0,467.03127259,0.204794630408
UBFC_A1/Eval_On_COHFACE,COHFACE,old,COHFACE_s03_session3_natural,5,73.0,75.0,correct,73.0,0.9999999999999999,72.0,0.9502368901455752,74.0,0.9323275561443217,75.0,0.9999999999999998,76.0,0.9780893206467367,44.0,0.9649142275659264,3_3,3,3,natural,102.850990295,52.1018333435,1.5860652292,0,467.03127259,0.204794630408
UBFC_A1/Eval_On_COHFACE,COHFACE,old,COHFACE_s03_session3_natural,6,73.0,70.0,correct,73.0,0.9999999999999999,74.0,0.9639915435122653,72.0,0.9256519934828703,70.0,0.9999999999999997,71.0,0.9845163075207338,69.0,0.9494714868299962,3_3,3,3,natural,102.850990295,52.1018333435,1.5860652292,0,467.03127259,0.204794630408
UBFC_A1/Eval_On_COHFACE,COHFACE,old,COHFACE_s03_session3_natural,7,73.0,42.0,sub_harmonic_half,73.0,0.9999999999999999,74.0,0.9994566032205223,72.0,0.8886270270062098,42.0,0.9999999999999997,43.0,0.9709156132169627,41.0,0.9518217775178884,3_3,3,3,natural,102.850990295,52.1018333435,1.5860652292,0,467.03127259,0.204794630408
UBFC_A1/Eval_On_COHFACE,COHFACE,old,COHFACE_s03_session3_natural,8,73.0,43.0,large_error,73.0,0.9999999999999999,74.0,0.9816237909162278,72.0,0.9119958854529272,43.0,0.9999999999999998,44.0,0.9742032312346548,42.0,0.9258772661754993,3_3,3,3,natural,102.850990295,52.1018333435,1.5860652292,0,467.03127259,0.204794630408
UBFC_A1/Eval_On_COHFACE,COHFACE,old,COHFACE_s03_session3_natural,9,73.0,83.0,large_error,73.0,1.0,72.0,0.952060315221346,74.0,0.9361380047199496,83.0,0.9999999999999998,82.0,0.9373996577202427,84.0,0.9045808718969631,3_3,3,3,natural,102.850990295,52.1018333435,1.5860652292,0,467.03127259,0.204794630408
UBFC_A1/Eval_On_COHFACE,COHFACE,old,COHFACE_s03_session3_natural,10,72.0,83.0,large_error,72.0,0.9999999999999999,73.0,0.9933711274138495,71.0,0.8930329688772719,83.0,0.9999999999999997,84.0,0.9401779063895729,82.0,0.9372376227433842,3_3,3,3,natural,102.850990295,52.1018333435,1.5860652292,0,467.03127259,0.204794630408
UBFC_A1/Eval_On_COHFACE,COHFACE,old,COHFACE_s03_session3_natural,11,72.0,43.0,large_error,72.0,0.9999999999999999,71.0,0.9816387869811279,73.0,0.9168160862705488,43.0,0.9999999999999998,42.0,0.9789090634580183,44.0,0.9233500170653961,3_3,3,3,natural,102.850990295,52.1018333435,1.5860652292,0,467.03127259,0.204794630408
UBFC_A1/Eval_On_COHFACE,COHFACE,old,COHFACE_s03_session3_natural,12,71.0,40.0,sub_harmonic_half,71.0,0.9999999999999999,72.0,0.9944751449366503,70.0,0.8985158840344176,40.0,0.9999999999999997,56.0,0.8901454522081975,55.0,0.8762993976564597,3_3,3,3,natural,102.850990295,52.1018333435,1.5860652292,0,467.03127259,0.204794630408
UBFC_A1/Eval_On_COHFACE,COHFACE,old,COHFACE_s03_session3_natural,13,71.0,53.0,large_error,71.0,0.9999999999999999,72.0,0.9980688650326085,70.0,0.890462424504346,53.0,0.9999999999999998,52.0,0.981989840406458,54.0,0.9289717911218349,3_3,3,3,natural,102.850990295,52.1018333435,1.5860652292,0,467.03127259,0.204794630408
UBFC_A1/Eval_On_COHFACE,COHFACE,old,COHFACE_s03_session3_natural,14,71.0,53.0,large_error,71.0,0.9999999999999999,72.0,0.9748373454325792,70.0,0.9067923905885675,53.0,0.9999999999999998,54.0,0.956401490994881,52.0,0.927255140715582,3_3,3,3,natural,102.850990295,52.1018333435,1.5860652292,0,467.03127259,0.204794630408
UBFC_A1/Eval_On_COHFACE,COHFACE,old,COHFACE_s03_session3_natural,15,72.0,57.0,large_error,72.0,0.9999999999999999,71.0,0.9936756059195916,73.0,0.9007753551279648,57.0,0.9999999999999998,56.0,0.9820124689535579,58.0,0.9216652249777622,3_3,3,3,natural,102.850990295,52.1018333435,1.5860652292,0,467.03127259,0.204794630408
UBFC_A1/Eval_On_COHFACE,COHFACE,old,COHFACE_s03_session3_natural,16,72.0,56.0,large_error,72.0,0.9999999999999999,71.0,0.982324634938985,73.0,0.90496738971551,56.0,0.9999999999999998,57.0,0.9722739794890667,55.0,0.9568816482533901,3_3,3,3,natural,102.850990295,52.1018333435,1.5860652292,0,467.03127259,0.204794630408
UBFC_A1/Eval_On_COHFACE,COHFACE,old,COHFACE_s03_session3_natural,17,73.0,44.0,large_error,73.0,0.9999999999999999,72.0,0.9823679217144224,74.0,0.8893294365946176,44.0,0.9999999999999997,43.0,0.9798325634053635,45.0,0.9138311950266788,3_3,3,3,natural,102.850990295,52.1018333435,1.5860652292,0,467.03127259,0.204794630408
UBFC_A1/Eval_On_COHFACE,COHFACE,old,COHFACE_s03_session3_natural,18,73.0,60.0,large_error,73.0,0.9999999999999999,74.0,0.9576536137089504,72.0,0.9226797802080159,60.0,0.9999999999999999,61.0,0.9693963000172051,59.0,0.9084221790858983,3_3,3,3,natural,102.850990295,52.1018333435,1.5860652292,0,467.03127259,0.204794630408
UBFC_A1/Eval_On_COHFACE,COHFACE,old,COHFACE_s03_session3_natural,19,74.0,61.0,large_error,74.0,0.9999999999999999,73.0,0.999879519902867,75.0,0.8897788212098614,61.0,0.9999999999999998,60.0,0.9289628633614134,61.99999999999999,0.9277480613339034,3_3,3,3,natural,102.850990295,52.1018333435,1.5860652292,0,467.03127259,0.204794630408
UBFC_A1/Eval_On_COHFACE,COHFACE,old,COHFACE_s03_session3_natural,20,74.0,76.0,correct,74.0,0.9999999999999999,73.0,0.9824998764662087,75.0,0.9147692006366739,76.0,0.9999999999999998,75.0,0.9615662886635308,77.0,0.9453467755322882,3_3,3,3,natural,102.850990295,52.1018333435,1.5860652292,0,467.03127259,0.204794630408
UBFC_A1/Eval_On_COHFACE,COHFACE,old,COHFACE_s03_session3_natural,21,74.0,76.0,correct,74.0,0.9999999999999999,75.0,0.945673002578468,73.0,0.9387271659915052,76.0,0.9999999999999999,75.0,0.9869760010943545,77.0,0.9152235904413202,3_3,3,3,natural,102.850990295,52.1018333435,1.5860652292,0,467.03127259,0.204794630408
UBFC_A1/Eval_On_COHFACE,COHFACE,old,COHFACE_s03_session3_natural,22,74.0,59.0,large_error,74.0,0.9999999999999999,73.0,0.9628063845945382,75.0,0.91918467496561,59.0,0.9999999999999999,60.0,0.9655460620133545,58.0,0.912039210422664,3_3,3,3,natural,102.850990295,52.1018333435,1.5860652292,0,467.03127259,0.204794630408
UBFC_A1/Eval_On_COHFACE,COHFACE,old,COHFACE_s03_session3_natural,23,73.0,61.0,large_error,73.0,0.9999999999999999,74.0,0.9465830794685368,72.0,0.9390510136096645,61.0,0.9999999999999999,60.0,0.9964114207372112,59.0,0.9170231848906417,3_3,3,3,natural,102.850990295,52.1018333435,1.5860652292,0,467.03127259,0.204794630408
UBFC_A1/Eval_On_COHFACE,COHFACE,old,COHFACE_s03_session3_natural,24,72.0,60.0,large_error,72.0,0.9999999999999999,71.0,0.9515307423014349,73.0,0.9333101116941891,60.0,0.9999999999999999,59.0,0.9870617604031229,61.0,0.9050992895507392,3_3,3,3,natural,102.850990295,52.1018333435,1.5860652292,0,467.03127259,0.204794630408
UBFC_A1/Eval_On_COHFACE,COHFACE,old,COHFACE_s03_session3_natural,25,71.0,61.0,large_error,71.0,0.9999999999999999,70.0,0.9958677477642094,72.0,0.9095907846168132,61.0,0.9999999999999999,61.99999999999999,0.9610494468789551,60.0,0.9530614994245257,3_3,3,3,natural,102.850990295,52.1018333435,1.5860652292,0,467.03127259,0.204794630408
UBFC_A1/Eval_On_COHFACE,COHFACE,old,COHFACE_s03_session3_natural,26,69.0,65.0,large_error,69.0,0.9999999999999999,70.0,0.9546225139123788,68.0,0.946385574949203,65.0,1.0,64.0,0.9838470596015962,66.0,0.9342380871525567,3_3,3,3,natural,102.850990295,52.1018333435,1.5860652292,0,467.03127259,0.204794630408
UBFC_A1/Eval_On_COHFACE,COHFACE,old,COHFACE_s03_session3_natural,27,68.0,63.0,large_error,68.0,0.9999999999999999,67.0,0.9522788858404178,69.0,0.9455587658966591,63.0,0.9999999999999998,64.0,0.9764685483019019,61.99999999999999,0.9398919305260126,3_3,3,3,natural,102.850990295,52.1018333435,1.5860652292,0,467.03127259,0.204794630408
UBFC_A1/Eval_On_COHFACE,COHFACE,old,COHFACE_s03_session3_natural,28,68.0,63.0,large_error,68.0,0.9999999999999999,67.0,0.9645382824253981,69.0,0.914739414117265,63.0,0.9999999999999999,61.99999999999999,0.9929826370504493,64.0,0.929137857099365,3_3,3,3,natural,102.850990295,52.1018333435,1.5860652292,0,467.03127259,0.204794630408
UBFC_A1/Eval_On_COHFACE,COHFACE,old,COHFACE_s03_session3_natural,29,68.0,65.0,correct,68.0,0.9999999999999999,69.0,0.9515434914628901,67.0,0.9287610624949155,65.0,0.9999999999999998,64.0,0.9663365252299629,66.0,0.9526761822684364,3_3,3,3,natural,102.850990295,52.1018333435,1.5860652292,0,467.03127259,0.204794630408
UBFC_A1/Eval_On_COHFACE,COHFACE,old,COHFACE_s03_session3_natural,30,69.0,43.0,large_error,69.0,0.9999999999999998,68.0,0.95809042632713,70.0,0.9355514049785482,43.0,0.9999999999999998,44.0,0.9957848827238983,42.0,0.896579320950245,3_3,3,3,natural,102.850990295,52.1018333435,1.5860652292,0,467.03127259,0.204794630408
UBFC_A1/Eval_On_COHFACE,COHFACE,old,COHFACE_s03_session3_natural,31,70.0,41.0,sub_harmonic_half,70.0,0.9999999999999998,71.0,0.9952749737584824,69.0,0.9041529898060907,41.0,0.9999999999999998,42.0,0.9611777149912284,40.0,0.9269903463813954,3_3,3,3,natural,102.850990295,52.1018333435,1.5860652292,0,467.03127259,0.204794630408
UBFC_A1/Eval_On_COHFACE,COHFACE,old,COHFACE_s03_session3_natural,32,73.0,44.0,large_error,73.0,0.9999999999999998,72.0,0.9483435868074916,74.0,0.9363030363028805,44.0,0.9999999999999999,43.0,0.9736790568395736,45.0,0.9125092407707865,3_3,3,3,natural,102.850990295,52.1018333435,1.5860652292,0,467.03127259,0.204794630408
UBFC_A1/Eval_On_COHFACE,COHFACE,old,COHFACE_s03_session3_natural,33,74.0,79.0,large_error,74.0,0.9999999999999998,75.0,0.9630502312278371,73.0,0.9144768347547633,79.0,0.9999999999999997,78.0,0.9844030417249914,41.0,0.9513541298075565,3_3,3,3,natural,102.850990295,52.1018333435,1.5860652292,0,467.03127259,0.204794630408
UBFC_A1/Eval_On_COHFACE,COHFACE,old,COHFACE_s03_session3_natural,34,75.0,80.0,large_error,75.0,0.9999999999999999,74.0,0.965359110435035,76.0,0.9140459946342868,80.0,0.9999999999999998,79.0,0.9955316737575856,67.0,0.9225369765979897,3_3,3,3,natural,102.850990295,52.1018333435,1.5860652292,0,467.03127259,0.204794630408
UBFC_A1/Eval_On_COHFACE,COHFACE,old,COHFACE_s03_session3_natural,35,74.0,76.0,correct,74.0,0.9999999999999998,75.0,0.967232288177396,73.0,0.9149921360224181,76.0,0.9999999999999999,75.0,0.9738901608342669,77.0,0.945119588439432,3_3,3,3,natural,102.850990295,52.1018333435,1.5860652292,0,467.03127259,0.204794630408
UBFC_A1/Eval_On_COHFACE,COHFACE,old,COHFACE_s03_session3_natural,36,73.0,74.0,correct,73.0,0.9999999999999999,74.0,0.9748009437946058,72.0,0.9262050957085456,74.0,0.9999999999999998,75.0,0.9641804630548251,73.0,0.9633637003119438,3_3,3,3,natural,102.850990295,52.1018333435,1.5860652292,0,467.03127259,0.204794630408
UBFC_A1/Eval_On_COHFACE,COHFACE,old,COHFACE_s03_session3_natural,37,71.0,55.0,large_error,71.0,0.9999999999999999,70.0,0.9819960408210264,72.0,0.9290081813520318,55.0,0.9999999999999998,56.0,0.982582851911196,45.0,0.94775113995564,3_3,3,3,natural,102.850990295,52.1018333435,1.5860652292,0,467.03127259,0.204794630408
UBFC_A1/Eval_On_COHFACE,COHFACE,old,COHFACE_s03_session3_natural,38,69.0,68.0,correct,69.0,0.9999999999999998,68.0,0.9701561453986471,70.0,0.9342807208891822,68.0,0.9999999999999998,67.0,0.9788989693854429,69.0,0.9140545743929988,3_3,3,3,natural,102.850990295,52.1018333435,1.5860652292,0,467.03127259,0.204794630408
UBFC_A1/Eval_On_COHFACE,COHFACE,old,COHFACE_s03_session3_natural,39,67.0,53.0,large_error,67.0,0.9999999999999998,68.0,0.9736220729609653,66.0,0.9223522540403845,53.0,0.9999999999999998,52.0,0.971843742403898,54.0,0.9452959537806258,3_3,3,3,natural,102.850990295,52.1018333435,1.5860652292,0,467.03127259,0.204794630408
UBFC_A1/Eval_On_COHFACE,COHFACE,old,COHFACE_s03_session3_natural,40,66.0,52.0,large_error,66.0,0.9999999999999998,65.0,0.9464809151647973,67.0,0.9457070601397647,52.0,0.9999999999999999,53.0,0.9883398160319321,51.0,0.9564782206301073,3_3,3,3,natural,102.850990295,52.1018333435,1.5860652292,0,467.03127259,0.204794630408
UBFC_A1/Eval_On_COHFACE,COHFACE,old,COHFACE_s03_session3_natural,41,66.0,58.0,large_error,66.0,0.9999999999999998,65.0,0.9926756411552083,67.0,0.8849781111909537,58.0,0.9999999999999999,59.0,0.9957637779168791,57.0,0.9776424001293699,3_3,3,3,natural,102.850990295,52.1018333435,1.5860652292,0,467.03127259,0.204794630408
UBFC_A1/Eval_On_COHFACE,COHFACE,old,COHFACE_s03_session3_natural,42,66.0,55.0,large_error,66.0,0.9999999999999998,65.0,0.9840759708197239,67.0,0.8934154024335306,55.0,0.9999999999999999,56.0,0.9845234556691859,54.0,0.9007949342292181,3_3,3,3,natural,102.850990295,52.1018333435,1.5860652292,0,467.03127259,0.204794630408
UBFC_A1/Eval_On_COHFACE,COHFACE,old,COHFACE_s03_session3_natural,43,66.0,66.0,correct,66.0,0.9999999999999998,65.0,0.9524679256026876,67.0,0.9346967695456777,66.0,0.9999999999999998,67.0,0.9398940279680633,65.0,0.8915675625444289,3_3,3,3,natural,102.850990295,52.1018333435,1.5860652292,0,467.03127259,0.204794630408
UBFC_A1/Eval_On_COHFACE,COHFACE,old,COHFACE_s03_session3_natural,44,67.0,67.0,correct,67.0,0.9999999999999998,66.0,0.9968440135829645,68.0,0.8973069000352002,67.0,0.9999999999999999,66.0,0.9791131780181856,68.0,0.890243534708703,3_3,3,3,natural,102.850990295,52.1018333435,1.5860652292,0,467.03127259,0.204794630408
UBFC_A1/Eval_On_COHFACE,COHFACE,old,COHFACE_s03_session3_natural,45,68.0,68.0,correct,68.0,0.9999999999999999,67.0,0.9744650803794396,69.0,0.9226303576022513,68.0,0.9999999999999998,69.0,0.9699905588458643,67.0,0.9565938486637534,3_3,3,3,natural,102.850990295,52.1018333435,1.5860652292,0,467.03127259,0.204794630408
UBFC_A1/Eval_On_COHFACE,COHFACE,old,COHFACE_s03_session3_natural,46,70.0,72.0,correct,70.0,0.9999999999999999,71.0,0.9570005603484475,69.0,0.9362925618071496,72.0,0.9999999999999998,71.0,0.9703215685796345,73.0,0.9539831264171672,3_3,3,3,natural,102.850990295,52.1018333435,1.5860652292,0,467.03127259,0.204794630408
UBFC_A1/Eval_On_COHFACE,COHFACE,old,COHFACE_s03_session3_natural,47,71.0,73.0,correct,71.0,0.9999999999999999,72.0,0.9844549140942414,70.0,0.9025373395279832,73.0,0.9999999999999999,72.0,0.9913017032163077,74.0,0.9184464439298106,3_3,3,3,natural,102.850990295,52.1018333435,1.5860652292,0,467.03127259,0.204794630408
UBFC_A1/Eval_On_COHFACE,COHFACE,old,COHFACE_s03_session3_natural,48,73.0,71.0,correct,73.0,0.9999999999999998,72.0,0.9812244686827237,74.0,0.9069321999092523,71.0,0.9999999999999998,70.0,0.9577158245258528,72.0,0.9334578881120204,3_3,3,3,natural,102.850990295,52.1018333435,1.5860652292,0,467.03127259,0.204794630408
UBFC_A1/Eval_On_COHFACE,COHFACE,old,COHFACE_s03_session3_natural,49,74.0,71.0,correct,74.0,0.9999999999999998,73.0,0.9643609031380279,75.0,0.928923495701161,71.0,0.9999999999999999,72.0,0.9539328967864528,70.0,0.9395274062188699,3_3,3,3,natural,102.850990295,52.1018333435,1.5860652292,0,467.03127259,0.204794630408
UBFC_A1/Eval_On_COHFACE,COHFACE,old,COHFACE_s03_session3_natural,50,75.0,74.0,correct,75.0,0.9999999999999998,76.0,0.9488345490366171,74.0,0.940964306989744,74.0,0.9999999999999998,73.0,0.999416478919574,72.0,0.9002486578859606,3_3,3,3,natural,102.850990295,52.1018333435,1.5860652292,0,467.03127259,0.204794630408
UBFC_A1/Eval_On_COHFACE,COHFACE,old,COHFACE_s04_session0_lamp,0,64.0,81.0,super_harmonic_1p5x,64.0,0.9999999999999998,65.0,0.9989477853371038,66.0,0.9004039720114272,81.0,0.9999999999999998,82.0,0.9905239285190319,80.0,0.8989065150596627,4_0,4,0,lamp,112.447952271,46.5667610168,1.33125128919,0,456.393173433,0.167182072997
UBFC_A1/Eval_On_COHFACE,COHFACE,old,COHFACE_s04_session0_lamp,1,61.0,82.0,super_harmonic_1p5x,61.0,0.9999999999999996,60.0,0.9634071554443617,61.99999999999999,0.930871575478688,82.0,0.9999999999999997,81.0,0.9886985303137218,83.0,0.9067884500705188,4_0,4,0,lamp,112.447952271,46.5667610168,1.33125128919,0,456.393173433,0.167182072997
UBFC_A1/Eval_On_COHFACE,COHFACE,old,COHFACE_s04_session0_lamp,2,48.0,77.0,super_harmonic_1p5x,48.0,0.9999999999999997,47.0,0.9530304808538275,49.0,0.9521425585869483,77.0,0.9999999999999996,78.0,0.9580809334920352,76.0,0.9403361416884971,4_0,4,0,lamp,112.447952271,46.5667610168,1.33125128919,0,456.393173433,0.167182072997
UBFC_A1/Eval_On_COHFACE,COHFACE,old,COHFACE_s04_session0_lamp,3,45.0,81.0,super_harmonic_2x,45.0,0.9999999999999997,46.0,0.9837578085342069,44.0,0.975672866465476,81.0,0.9999999999999997,80.0,0.9492459030047556,82.0,0.9448309093297329,4_0,4,0,lamp,112.447952271,46.5667610168,1.33125128919,0,456.393173433,0.167182072997
UBFC_A1/Eval_On_COHFACE,COHFACE,old,COHFACE_s04_session0_lamp,4,43.0,79.0,super_harmonic_2x,43.0,0.9999999999999997,44.0,0.9974023507266943,42.0,0.9090181057334137,79.0,0.9999999999999986,78.0,0.9932069253605346,80.0,0.9073474575486029,4_0,4,0,lamp,112.447952271,46.5667610168,1.33125128919,0,456.393173433,0.167182072997
UBFC_A1/Eval_On_COHFACE,COHFACE,old,COHFACE_s04_session0_lamp,5,45.0,76.0,super_harmonic_2x,45.0,0.9999999999999996,44.0,0.9673541579967817,46.0,0.927374988578986,76.0,0.9999999999999996,77.0,0.962675361305003,75.0,0.912602752629581,4_0,4,0,lamp,112.447952271,46.5667610168,1.33125128919,0,456.393173433,0.167182072997
UBFC_A1/Eval_On_COHFACE,COHFACE,old,COHFACE_s04_session0_lamp,6,45.0,120.0,super_harmonic_2x,45.0,0.9999999999999994,46.0,0.9592636169322668,44.0,0.9479171619971005,120.0,0.9999999999999994,119.0,0.9643774048341288,121.0,0.907884462075486,4_0,4,0,lamp,112.447952271,46.5667610168,1.33125128919,0,456.393173433,0.167182072997
UBFC_A1/Eval_On_COHFACE,COHFACE,old,COHFACE_s04_session0_lamp,7,58.0,46.0,large_error,58.0,0.9999999999999996,59.0,0.9457457152025216,57.0,0.8886321972522762,46.0,0.9999999999999994,47.0,0.9304132359573538,45.0,0.9185239744584801,4_0,4,0,lamp,112.447952271,46.5667610168,1.33125128919,0,456.393173433,0.167182072997
UBFC_A1/Eval_On_COHFACE,COHFACE,old,COHFACE_s04_session0_lamp,8,59.0,44.0,large_error,59.0,0.9999999999999992,58.0,0.9676515603030549,60.0,0.8977058594897968,44.0,0.9999999999999998,43.0,0.9735520720073849,45.0,0.9122909898077209,4_0,4,0,lamp,112.447952271,46.5667610168,1.33125128919,0,456.393173433,0.167182072997
UBFC_A1/Eval_On_COHFACE,COHFACE,old,COHFACE_s04_session0_lamp,9,58.0,40.0,large_error,58.0,0.999999999999999,59.0,0.999879122123313,57.0,0.9045476324634182,40.0,0.9999999999999997,41.0,0.7844000395920897,55.0,0.750397170724314,4_0,4,0,lamp,112.447952271,46.5667610168,1.33125128919,0,456.393173433,0.167182072997
UBFC_A1/Eval_On_COHFACE,COHFACE,old,COHFACE_s04_session0_lamp,10,57.0,82.0,super_harmonic_1p5x,57.0,0.9999999999999993,58.0,0.982956465452038,56.0,0.9144362765615317,82.0,0.9999999999999997,83.0,0.9495235864693283,81.0,0.9330360126852181,4_0,4,0,lamp,112.447952271,46.5667610168,1.33125128919,0,456.393173433,0.167182072997
UBFC_A1/Eval_On_COHFACE,COHFACE,old,COHFACE_s04_session0_lamp,11,57.0,43.0,large_error,57.0,0.9999999999999994,58.0,0.9456140464921446,56.0,0.9354850445913221,43.0,0.9999999999999998,42.0,0.9484199062086215,44.0,0.9247506752976391,4_0,4,0,lamp,112.447952271,46.5667610168,1.33125128919,0,456.393173433,0.167182072997
UBFC_A1/Eval_On_COHFACE,COHFACE,old,COHFACE_s04_session0_lamp,12,58.0,40.0,large_error,58.0,0.9999999999999994,57.0,0.9725968422903943,59.0,0.9139619274175185,40.0,0.9999999999999998,80.0,0.8626198295203368,81.0,0.8031391988856121,4_0,4,0,lamp,112.447952271,46.5667610168,1.33125128919,0,456.393173433,0.167182072997
UBFC_A1/Eval_On_COHFACE,COHFACE,old,COHFACE_s04_session0_lamp,13,58.0,81.0,super_harmonic_1p5x,58.0,0.9999999999999994,57.0,0.9899073606158498,59.0,0.9029178326727614,81.0,0.9999999999999996,80.0,0.99354388344923,82.0,0.9244099462889445,4_0,4,0,lamp,112.447952271,46.5667610168,1.33125128919,0,456.393173433,0.167182072997
UBFC_A1/Eval_On_COHFACE,COHFACE,old,COHFACE_s04_session0_lamp,14,57.0,43.0,large_error,57.0,0.9999999999999996,58.0,0.959171980088782,56.0,0.9307389937816883,43.0,0.9999999999999997,42.0,0.9305115653828737,44.0,0.9286004794864432,4_0,4,0,lamp,112.447952271,46.5667610168,1.33125128919,0,456.393173433,0.167182072997
UBFC_A1/Eval_On_COHFACE,COHFACE,old,COHFACE_s04_session0_lamp,15,57.0,40.0,large_error,57.0,0.9999999999999996,58.0,0.9445357513469418,56.0,0.9435931739303506,40.0,0.9999999999999997,80.0,0.875632223902411,81.0,0.8474144488198868,4_0,4,0,lamp,112.447952271,46.5667610168,1.33125128919,0,456.393173433,0.167182072997
UBFC_A1/Eval_On_COHFACE,COHFACE,old,COHFACE_s04_session0_lamp,16,57.0,80.0,super_harmonic_1p5x,57.0,0.9999999999999996,58.0,0.9424262895751594,56.0,0.9368320919753551,80.0,0.9999999999999997,79.0,0.9611829947710432,81.0,0.9529745810414397,4_0,4,0,lamp,112.447952271,46.5667610168,1.33125128919,0,456.393173433,0.167182072997
UBFC_A1/Eval_On_COHFACE,COHFACE,old,COHFACE_s04_session0_lamp,17,57.0,43.0,large_error,57.0,0.9999999999999993,58.0,0.9973576785421258,56.0,0.9425908100627386,43.0,0.9999999999999999,42.0,0.9639490754525859,53.0,0.93053545193768,4_0,4,0,lamp,112.447952271,46.5667610168,1.33125128919,0,456.393173433,0.167182072997
UBFC_A1/Eval_On_COHFACE,COHFACE,old,COHFACE_s04_session0_lamp,18,59.0,41.0,large_error,59.0,0.9999999999999993,58.0,0.998426143139261,60.0,0.8810099060586492,41.0,0.9999999999999998,40.0,0.9997279954264723,42.0,0.8987830352881693,4_0,4,0,lamp,112.447952271,46.5667610168,1.33125128919,0,456.393173433,0.167182072997
UBFC_A1/Eval_On_COHFACE,COHFACE,old,COHFACE_s04_session0_lamp,19,59.0,82.0,super_harmonic_1p5x,59.0,0.9999999999999994,58.0,0.9882368863605532,60.0,0.8844676508198185,82.0,0.9999999999999997,83.0,0.9468793354760785,81.0,0.943832732553851,4_0,4,0,lamp,112.447952271,46.5667610168,1.33125128919,0,456.393173433,0.167182072997
UBFC_A1/Eval_On_COHFACE,COHFACE,old,COHFACE_s04_session0_lamp,20,59.0,44.0,large_error,59.0,0.9999999999999994,58.0,0.9613900581018752,60.0,0.9034036973697198,44.0,0.9999999999999998,45.0,0.9849839781894274,43.0,0.9134728297640207,4_0,4,0,lamp,112.447952271,46.5667610168,1.33125128919,0,456.393173433,0.167182072997
UBFC_A1/Eval_On_COHFACE,COHFACE,old,COHFACE_s04_session0_lamp,21,58.0,42.0,large_error,58.0,0.9999999999999996,59.0,0.9487957126494037,57.0,0.9230850914967116,42.0,0.9999999999999997,43.0,0.9946098492549013,41.0,0.9696380045644475,4_0,4,0,lamp,112.447952271,46.5667610168,1.33125128919,0,456.393173433,0.167182072997
UBFC_A1/Eval_On_COHFACE,COHFACE,old,COHFACE_s04_session0_lamp,22,57.0,41.0,large_error,57.0,0.9999999999999996,58.0,0.9960897702851131,56.0,0.9023637257523601,41.0,0.9999999999999996,40.0,0.9997401503478355,42.0,0.9510769473595466,4_0,4,0,lamp,112.447952271,46.5667610168,1.33125128919,0,456.393173433,0.167182072997
UBFC_A1/Eval_On_COHFACE,COHFACE,old,COHFACE_s04_session0_lamp,23,56.0,60.0,large_error,56.0,0.9999999999999997,57.0,0.970671784850765,55.0,0.9513017187250531,60.0,0.9999999999999998,40.0,0.9946720000235054,59.0,0.9509721842017457,4_0,4,0,lamp,112.447952271,46.5667610168,1.33125128919,0,456.393173433,0.167182072997
UBFC_A1/Eval_On_COHFACE,COHFACE,old,COHFACE_s04_session0_lamp,24,55.0,40.0,large_error,55.0,0.9999999999999998,54.0,0.9790993941379835,56.0,0.9385947232692707,40.0,0.9999999999999997,41.0,0.8407233511357661,42.0,0.5996408718149175,4_0,4,0,lamp,112.447952271,46.5667610168,1.33125128919,0,456.393173433,0.167182072997
UBFC_A1/Eval_On_COHFACE,COHFACE,old,COHFACE_s04_session0_lamp,25,56.0,40.0,large_error,56.0,0.9999999999999998,55.0,0.9724019685696466,57.0,0.9145764309252407,40.0,0.9999999999999996,41.0,0.9174169360647323,42.0,0.7830452985879726,4_0,4,0,lamp,112.447952271,46.5667610168,1.33125128919,0,456.393173433,0.167182072997
UBFC_A1/Eval_On_COHFACE,COHFACE,old,COHFACE_s04_session0_lamp,26,55.0,76.0,super_harmonic_1p5x,55.0,0.9999999999999999,56.0,0.9965430116140687,54.0,0.8986394543178081,76.0,0.9999999999999998,75.0,0.9812595676173155,77.0,0.9356269457454593,4_0,4,0,lamp,112.447952271,46.5667610168,1.33125128919,0,456.393173433,0.167182072997
UBFC_A1/Eval_On_COHFACE,COHFACE,old,COHFACE_s04_session0_lamp,27,55.0,81.0,super_harmonic_1p5x,55.0,0.9999999999999999,54.0,0.9671812100167223,56.0,0.9312534040437456,81.0,0.9999999999999998,82.0,0.9660585524013386,80.0,0.9190253348123406,4_0,4,0,lamp,112.447952271,46.5667610168,1.33125128919,0,456.393173433,0.167182072997
UBFC_A1/Eval_On_COHFACE,COHFACE,old,COHFACE_s04_session0_lamp,28,55.0,52.0,correct,55.0,0.9999999999999999,56.0,0.9837037983519353,54.0,0.9106720059324406,52.0,0.9999999999999998,51.0,0.9540711491563577,53.0,0.9097249699445605,4_0,4,0,lamp,112.447952271,46.5667610168,1.33125128919,0,456.393173433,0.167182072997
UBFC_A1/Eval_On_COHFACE,COHFACE,old,COHFACE_s04_session0_lamp,29,55.0,66.0,large_error,55.0,0.9999999999999999,56.0,0.9828808122168227,54.0,0.9124737922626983,66.0,0.9999999999999999,67.0,0.9994166199939456,65.0,0.837606157948754,4_0,4,0,lamp,112.447952271,46.5667610168,1.33125128919,0,456.393173433,0.167182072997
UBFC_A1/Eval_On_COHFACE,COHFACE,old,COHFACE_s04_session0_lamp,30,56.0,66.0,large_error,56.0,0.9999999999999999,57.0,0.9602173508738303,55.0,0.9263592885638161,66.0,0.9999999999999997,67.0,0.9593289773948738,65.0,0.9449638012353302,4_0,4,0,lamp,112.447952271,46.5667610168,1.33125128919,0,456.393173433,0.167182072997
UBFC_A1/Eval_On_COHFACE,COHFACE,old,COHFACE_s04_session0_lamp,31,57.0,76.0,super_harmonic_1p5x,57.0,0.9999999999999999,58.0,0.9465903368201912,56.0,0.9434047879428721,76.0,0.9999999999999997,77.0,0.9693953958963958,75.0,0.9649256884694134,4_0,4,0,lamp,112.447952271,46.5667610168,1.33125128919,0,456.393173433,0.167182072997
UBFC_A1/Eval_On_COHFACE,COHFACE,old,COHFACE_s04_session0_lamp,32,58.0,75.0,super_harmonic_1p5x,58.0,0.9999999999999999,59.0,0.9723792430181128,57.0,0.9116720137783618,75.0,0.9999999999999997,74.0,0.9630135572960663,76.0,0.9026481247035544,4_0,4,0,lamp,112.447952271,46.5667610168,1.33125128919,0,456.393173433,0.167182072997
UBFC_A1/Eval_On_COHFACE,COHFACE,old,COHFACE_s04_session0_lamp,33,59.0,49.0,large_error,59.0,0.9999999999999999,60.0,0.9802381796168983,58.0,0.8979631624384139,49.0,0.9999999999999994,40.0,0.9532434894980342,60.0,0.9311615424484951,4_0,4,0,lamp,112.447952271,46.5667610168,1.33125128919,0,456.393173433,0.167182072997
UBFC_A1/Eval_On_COHFACE,COHFACE,old,COHFACE_s04_session0_lamp,34,59.0,60.0,correct,59.0,0.9999999999999999,60.0,0.9560914086874938,58.0,0.9312839967695652,60.0,0.9999999999999998,61.0,0.9498884718625409,59.0,0.9149243946872068,4_0,4,0,lamp,112.447952271,46.5667610168,1.33125128919,0,456.393173433,0.167182072997
UBFC_A1/Eval_On_COHFACE,COHFACE,old,COHFACE_s04_session0_lamp,35,58.0,43.0,large_error,58.0,0.9999999999999999,59.0,0.9613155199230952,57.0,0.9279298690637984,43.0,0.9999999999999998,42.0,0.950022676153983,44.0,0.9252145783018065,4_0,4,0,lamp,112.447952271,46.5667610168,1.33125128919,0,456.393173433,0.167182072997
UBFC_A1/Eval_On_COHFACE,COHFACE,old,COHFACE_s04_session0_lamp,36,57.0,52.0,large_error,57.0,0.9999999999999999,58.0,0.9946118129734839,56.0,0.899233697780207,52.0,0.9999999999999997,53.0,0.9778733729580829,51.0,0.9499330144023534,4_0,4,0,lamp,112.447952271,46.5667610168,1.33125128919,0,456.393173433,0.167182072997
UBFC_A1/Eval_On_COHFACE,COHFACE,old,COHFACE_s04_session0_lamp,37,56.0,50.0,large_error,56.0,0.9999999999999999,57.0,0.9958700057646618,55.0,0.9047063998110307,50.0,0.9999999999999997,51.0,0.9802276662112174,49.0,0.9796580245942447,4_0,4,0,lamp,112.447952271,46.5667610168,1.33125128919,0,456.393173433,0.167182072997
UBFC_A1/Eval_On_COHFACE,COHFACE,old,COHFACE_s04_session0_lamp,38,55.0,44.0,large_error,55.0,0.9999999999999999,56.0,0.9946899790275266,54.0,0.9152471154877521,44.0,0.9999999999999999,43.0,0.9715515298181258,45.0,0.9299473705553185,4_0,4,0,lamp,112.447952271,46.5667610168,1.33125128919,0,456.393173433,0.167182072997
UBFC_A1/Eval_On_COHFACE,COHFACE,old,COHFACE_s04_session0_lamp,39,55.0,50.0,large_error,55.0,0.9999999999999999,54.0,0.9906308978369273,56.0,0.9097994840407339,50.0,0.9999999999999993,51.0,0.9748064077175457,49.0,0.8650792299582951,4_0,4,0,lamp,112.447952271,46.5667610168,1.33125128919,0,456.393173433,0.167182072997
UBFC_A1/Eval_On_COHFACE,COHFACE,old,COHFACE_s04_session0_lamp,40,55.0,40.0,large_error,55.0,0.9999999999999999,54.0,0.994310274559078,56.0,0.8906120553657099,40.0,0.9999999999999993,81.0,0.899822201171285,80.0,0.8486978860640294,4_0,4,0,lamp,112.447952271,46.5667610168,1.33125128919,0,456.393173433,0.167182072997
UBFC_A1/Eval_On_COHFACE,COHFACE,old,COHFACE_s04_session0_lamp,41,55.0,42.0,large_error,55.0,0.9999999999999999,54.0,0.9704376694062327,56.0,0.9116411999370504,42.0,0.9999999999999998,43.0,0.9588145987683536,41.0,0.9329611635400396,4_0,4,0,lamp,112.447952271,46.5667610168,1.33125128919,0,456.393173433,0.167182072997
UBFC_A1/Eval_On_COHFACE,COHFACE,old,COHFACE_s04_session0_lamp,42,55.0,40.0,large_error,55.0,0.9999999999999998,54.0,0.9594973056375324,56.0,0.9216788243281057,40.0,0.9999999999999998,41.0,0.9919832978552413,42.0,0.9086818812505851,4_0,4,0,lamp,112.447952271,46.5667610168,1.33125128919,0,456.393173433,0.167182072997
UBFC_A1/Eval_On_COHFACE,COHFACE,old,COHFACE_s04_session0_lamp,43,55.0,81.0,super_harmonic_1p5x,55.0,0.9999999999999998,56.0,0.9641880251027464,54.0,0.9172089286229606,81.0,0.9999999999999996,82.0,0.9791987501624642,80.0,0.9525213009532016,4_0,4,0,lamp,112.447952271,46.5667610168,1.33125128919,0,456.393173433,0.167182072997
UBFC_A1/Eval_On_COHFACE,COHFACE,old,COHFACE_s04_session0_lamp,44,55.0,77.0,super_harmonic_1p5x,55.0,0.9999999999999998,56.0,0.9987235220786433,54.0,0.8906585584820798,77.0,0.9999999999999998,43.0,0.999752424253414,78.0,0.9864895275351218,4_0,4,0,lamp,112.447952271,46.5667610168,1.33125128919,0,456.393173433,0.167182072997
UBFC_A1/Eval_On_COHFACE,COHFACE,old,COHFACE_s04_session0_lamp,45,55.0,80.0,super_harmonic_1p5x,55.0,0.9999999999999998,54.0,0.9514151020475267,56.0,0.9319616225772513,80.0,0.9999999999999997,81.0,0.9473492362445465,79.0,0.9236504525396158,4_0,4,0,lamp,112.447952271,46.5667610168,1.33125128919,0,456.393173433,0.167182072997
UBFC_A1/Eval_On_COHFACE,COHFACE,old,COHFACE_s04_session0_lamp,46,54.0,81.0,super_harmonic_1p5x,54.0,0.9999999999999999,55.0,0.9655585526926538,53.0,0.9175368390816204,81.0,0.9999999999999997,80.0,0.9819323637620712,82.0,0.8979628390114799,4_0,4,0,lamp,112.447952271,46.5667610168,1.33125128919,0,456.393173433,0.167182072997
UBFC_A1/Eval_On_COHFACE,COHFACE,old,COHFACE_s04_session0_lamp,47,54.0,52.0,correct,54.0,0.9999999999999999,55.0,0.9479947509505778,53.0,0.9315827839664423,52.0,0.9999999999999999,51.0,0.9383853232889625,53.0,0.929506019319618,4_0,4,0,lamp,112.447952271,46.5667610168,1.33125128919,0,456.393173433,0.167182072997
UBFC_A1/Eval_On_COHFACE,COHFACE,old,COHFACE_s04_session0_lamp,48,54.0,51.0,correct,54.0,0.9999999999999999,55.0,0.9939006963958008,53.0,0.8982253591005142,51.0,0.9999999999999998,52.0,0.9629612895074277,50.0,0.9217988741399744,4_0,4,0,lamp,112.447952271,46.5667610168,1.33125128919,0,456.393173433,0.167182072997
UBFC_A1/Eval_On_COHFACE,COHFACE,old,COHFACE_s04_session0_lamp,49,55.0,83.0,super_harmonic_1p5x,55.0,0.9999999999999999,56.0,0.9667160297454817,54.0,0.9117279368793547,83.0,0.9999999999999997,84.0,0.9627320772254759,82.0,0.9373621578798462,4_0,4,0,lamp,112.447952271,46.5667610168,1.33125128919,0,456.393173433,0.167182072997
UBFC_A1/Eval_On_COHFACE,COHFACE,old,COHFACE_s04_session0_lamp,50,56.0,51.0,large_error,56.0,0.9999999999999999,55.0,0.9655759475496808,57.0,0.914232342827692,51.0,0.9999999999999996,52.0,0.9972581015088963,58.0,0.9634048487309858,4_0,4,0,lamp,112.447952271,46.5667610168,1.33125128919,0,456.393173433,0.167182072997
UBFC_A1/Eval_On_COHFACE,COHFACE,old,COHFACE_s04_session1_lamp,0,58.0,69.0,large_error,58.0,0.9999999999999999,57.0,0.9705838569350003,59.0,0.8833217364019917,69.0,0.9999999999999998,70.0,0.9651476185614449,68.0,0.9418917354375262,4_1,4,1,lamp,109.114250183,51.0108337402,1.35524320287,0,345.075869374,0.231326147914
UBFC_A1/Eval_On_COHFACE,COHFACE,old,COHFACE_s04_session1_lamp,1,57.0,67.0,large_error,57.0,0.9999999999999998,58.0,0.9880839963544438,56.0,0.8894741550559003,67.0,0.9999999999999996,66.0,0.9826901249409062,68.0,0.8578409055756206,4_1,4,1,lamp,109.114250183,51.0108337402,1.35524320287,0,345.075869374,0.231326147914
UBFC_A1/Eval_On_COHFACE,COHFACE,old,COHFACE_s04_session1_lamp,2,57.0,52.0,large_error,57.0,0.9999999999999998,58.0,0.9750112592152004,56.0,0.8932944559055687,52.0,0.9999999999999997,51.0,0.9555887149068664,53.0,0.9345196024792232,4_1,4,1,lamp,109.114250183,51.0108337402,1.35524320287,0,345.075869374,0.231326147914
UBFC_A1/Eval_On_COHFACE,COHFACE,old,COHFACE_s04_session1_lamp,3,57.0,52.0,large_error,57.0,0.9999999999999998,58.0,0.9433647468074489,56.0,0.9358968602271965,52.0,0.9999999999999998,53.0,0.9978423716086855,51.0,0.8967192231728836,4_1,4,1,lamp,109.114250183,51.0108337402,1.35524320287,0,345.075869374,0.231326147914
UBFC_A1/Eval_On_COHFACE,COHFACE,old,COHFACE_s04_session1_lamp,4,57.0,58.0,correct,57.0,0.9999999999999997,56.0,0.9961426380454831,58.0,0.9038902758556498,58.0,0.9999999999999994,57.0,0.995558858689542,59.0,0.9820421338990674,4_1,4,1,lamp,109.114250183,51.0108337402,1.35524320287,0,345.075869374,0.231326147914
UBFC_A1/Eval_On_COHFACE,COHFACE,old,COHFACE_s04_session1_lamp,5,56.0,52.0,large_error,56.0,0.9999999999999998,55.0,0.9485267878324452,57.0,0.9441489136463487,52.0,0.9999999999999998,53.0,0.9839524720184981,51.0,0.9404501459366996,4_1,4,1,lamp,109.114250183,51.0108337402,1.35524320287,0,345.075869374,0.231326147914
UBFC_A1/Eval_On_COHFACE,COHFACE,old,COHFACE_s04_session1_lamp,6,56.0,53.0,correct,56.0,0.9999999999999998,55.0,0.9777542376081086,57.0,0.9140846378719276,53.0,0.9999999999999998,52.0,0.9891349835747175,54.0,0.9037093709550823,4_1,4,1,lamp,109.114250183,51.0108337402,1.35524320287,0,345.075869374,0.231326147914
UBFC_A1/Eval_On_COHFACE,COHFACE,old,COHFACE_s04_session1_lamp,7,55.0,53.0,correct,55.0,0.9999999999999998,56.0,0.9774341070449803,54.0,0.9123502546751551,53.0,0.9999999999999999,54.0,0.9557843192021799,52.0,0.9365481222459505,4_1,4,1,lamp,109.114250183,51.0108337402,1.35524320287,0,345.075869374,0.231326147914
UBFC_A1/Eval_On_COHFACE,COHFACE,old,COHFACE_s04_session1_lamp,8,55.0,54.0,correct,55.0,0.9999999999999998,54.0,0.9777020341214132,56.0,0.9097052851526122,54.0,0.9999999999999999,55.0,0.9408280294295527,53.0,0.9329525541158816,4_1,4,1,lamp,109.114250183,51.0108337402,1.35524320287,0,345.075869374,0.231326147914
UBFC_A1/Eval_On_COHFACE,COHFACE,old,COHFACE_s04_session1_lamp,9,54.0,52.0,correct,54.0,0.9999999999999998,53.0,0.9492988983670775,55.0,0.9354985551451992,52.0,0.9999999999999999,53.0,0.9981959918593113,51.0,0.9223267042633699,4_1,4,1,lamp,109.114250183,51.0108337402,1.35524320287,0,345.075869374,0.231326147914
UBFC_A1/Eval_On_COHFACE,COHFACE,old,COHFACE_s04_session1_lamp,10,54.0,53.0,correct,54.0,0.9999999999999998,53.0,0.9970232065065948,55.0,0.8965032936513299,53.0,0.9999999999999998,54.0,0.97066963579718,52.0,0.9316617408410557,4_1,4,1,lamp,109.114250183,51.0108337402,1.35524320287,0,345.075869374,0.231326147914
UBFC_A1/Eval_On_COHFACE,COHFACE,old,COHFACE_s04_session1_lamp,11,54.0,53.0,correct,54.0,0.9999999999999998,53.0,0.9737154436230352,55.0,0.9260219038561088,53.0,0.9999999999999999,54.0,0.975405901369114,52.0,0.9318891189241362,4_1,4,1,lamp,109.114250183,51.0108337402,1.35524320287,0,345.075869374,0.231326147914
UBFC_A1/Eval_On_COHFACE,COHFACE,old,COHFACE_s04_session1_lamp,12,54.0,55.0,correct,54.0,0.9999999999999998,55.0,0.9723681731324044,53.0,0.9178111130152194,55.0,0.9999999999999998,54.0,0.9725475323018425,56.0,0.914827063419574,4_1,4,1,lamp,109.114250183,51.0108337402,1.35524320287,0,345.075869374,0.231326147914
UBFC_A1/Eval_On_COHFACE,COHFACE,old,COHFACE_s04_session1_lamp,13,55.0,55.0,correct,55.0,0.9999999999999998,54.0,0.9835246356625682,56.0,0.8932501559207865,55.0,0.9999999999999999,56.0,0.9720894551566274,54.0,0.9264973241873351,4_1,4,1,lamp,109.114250183,51.0108337402,1.35524320287,0,345.075869374,0.231326147914
UBFC_A1/Eval_On_COHFACE,COHFACE,old,COHFACE_s04_session1_lamp,14,55.0,55.0,correct,55.0,0.9999999999999998,56.0,0.9627071258632799,54.0,0.9032884425409637,55.0,0.9999999999999999,54.0,0.9786806928983091,56.0,0.9023736688504274,4_1,4,1,lamp,109.114250183,51.0108337402,1.35524320287,0,345.075869374,0.231326147914
UBFC_A1/Eval_On_COHFACE,COHFACE,old,COHFACE_s04_session1_lamp,15,56.0,55.0,correct,56.0,0.9999999999999998,55.0,0.983797817160462,57.0,0.8920362054046763,55.0,0.9999999999999999,56.0,0.9970195955694201,54.0,0.9251247198883354,4_1,4,1,lamp,109.114250183,51.0108337402,1.35524320287,0,345.075869374,0.231326147914
UBFC_A1/Eval_On_COHFACE,COHFACE,old,COHFACE_s04_session1_lamp,16,56.0,57.0,correct,56.0,0.9999999999999998,57.0,0.9589707121041471,55.0,0.9215814009096059,57.0,0.9999999999999998,58.0,0.9852595301406927,56.0,0.9164606497236197,4_1,4,1,lamp,109.114250183,51.0108337402,1.35524320287,0,345.075869374,0.231326147914
UBFC_A1/Eval_On_COHFACE,COHFACE,old,COHFACE_s04_session1_lamp,17,56.0,55.0,correct,56.0,0.9999999999999998,57.0,0.9625183866171015,55.0,0.9259530683316141,55.0,0.9999999999999998,54.0,0.9545033641306645,56.0,0.940241025649318,4_1,4,1,lamp,109.114250183,51.0108337402,1.35524320287,0,345.075869374,0.231326147914
UBFC_A1/Eval_On_COHFACE,COHFACE,old,COHFACE_s04_session1_lamp,18,56.0,55.0,correct,56.0,0.9999999999999999,55.0,0.9813063788679959,57.0,0.9149602199458717,55.0,0.9999999999999999,54.0,0.9693929683844358,56.0,0.9383817158868867,4_1,4,1,lamp,109.114250183,51.0108337402,1.35524320287,0,345.075869374,0.231326147914
UBFC_A1/Eval_On_COHFACE,COHFACE,old,COHFACE_s04_session1_lamp,19,56.0,56.0,correct,56.0,0.9999999999999998,55.0,0.9559199125780213,57.0,0.9344642113241335,56.0,0.9999999999999999,57.0,0.9892953052986693,55.0,0.8930720811816809,4_1,4,1,lamp,109.114250183,51.0108337402,1.35524320287,0,345.075869374,0.231326147914
UBFC_A1/Eval_On_COHFACE,COHFACE,old,COHFACE_s04_session1_lamp,20,56.0,59.0,correct,56.0,0.9999999999999999,57.0,0.9554865021016455,55.0,0.9395568935662814,59.0,0.9999999999999999,58.0,0.9545040918263781,60.0,0.9446185155814508,4_1,4,1,lamp,109.114250183,51.0108337402,1.35524320287,0,345.075869374,0.231326147914
UBFC_A1/Eval_On_COHFACE,COHFACE,old,COHFACE_s04_session1_lamp,21,56.0,56.0,correct,56.0,0.9999999999999999,57.0,0.9790021331888802,55.0,0.9226858803265716,56.0,0.9999999999999999,57.0,0.9602412787778735,55.0,0.9374914156911556,4_1,4,1,lamp,109.114250183,51.0108337402,1.35524320287,0,345.075869374,0.231326147914
UBFC_A1/Eval_On_COHFACE,COHFACE,old,COHFACE_s04_session1_lamp,22,55.0,56.0,correct,55.0,0.9999999999999998,56.0,0.9914158234294574,54.0,0.9737830925218255,56.0,0.9999999999999999,57.0,0.9760881419202146,55.0,0.9555677696430093,4_1,4,1,lamp,109.114250183,51.0108337402,1.35524320287,0,345.075869374,0.231326147914
UBFC_A1/Eval_On_COHFACE,COHFACE,old,COHFACE_s04_session1_lamp,23,59.0,60.0,correct,59.0,0.9999999999999999,60.0,0.9940159393164527,52.0,0.9812852945917503,60.0,0.9999999999999999,61.0,0.980843958256514,59.0,0.9018443530950032,4_1,4,1,lamp,109.114250183,51.0108337402,1.35524320287,0,345.075869374,0.231326147914
UBFC_A1/Eval_On_COHFACE,COHFACE,old,COHFACE_s04_session1_lamp,24,50.0,59.0,large_error,50.0,0.9999999999999998,49.0,0.9776386746916382,60.0,0.9382826472157744,59.0,0.9999999999999999,60.0,0.9688920328863845,58.0,0.9034217507287168,4_1,4,1,lamp,109.114250183,51.0108337402,1.35524320287,0,345.075869374,0.231326147914
UBFC_A1/Eval_On_COHFACE,COHFACE,old,COHFACE_s04_session1_lamp,25,49.0,44.0,large_error,49.0,0.9999999999999998,50.0,0.9960717409640133,48.0,0.8803988349078,44.0,0.9999999999999998,45.0,0.9815876484290215,43.0,0.9531492452735043,4_1,4,1,lamp,109.114250183,51.0108337402,1.35524320287,0,345.075869374,0.231326147914
UBFC_A1/Eval_On_COHFACE,COHFACE,old,COHFACE_s04_session1_lamp,26,50.0,60.0,large_error,50.0,0.9999999999999998,49.0,0.9935118668580699,51.0,0.8546558489182269,60.0,0.9999999999999998,61.0,0.9418070064776689,59.0,0.939960071574801,4_1,4,1,lamp,109.114250183,51.0108337402,1.35524320287,0,345.075869374,0.231326147914
UBFC_A1/Eval_On_COHFACE,COHFACE,old,COHFACE_s04_session1_lamp,27,50.0,41.0,large_error,50.0,0.9999999999999998,51.0,0.961408575328414,49.0,0.8917972953977634,41.0,0.9999999999999998,60.0,0.9533825193554746,40.0,0.9434812071239486,4_1,4,1,lamp,109.114250183,51.0108337402,1.35524320287,0,345.075869374,0.231326147914
UBFC_A1/Eval_On_COHFACE,COHFACE,old,COHFACE_s04_session1_lamp,28,53.0,58.0,large_error,53.0,0.9999999999999998,54.0,0.9876905001657662,52.0,0.9689389556392031,58.0,0.9999999999999998,59.0,0.9796350955146171,57.0,0.9415890140128257,4_1,4,1,lamp,109.114250183,51.0108337402,1.35524320287,0,345.075869374,0.231326147914
UBFC_A1/Eval_On_COHFACE,COHFACE,old,COHFACE_s04_session1_lamp,29,54.0,57.0,correct,54.0,1.0,55.0,0.9580788652184867,53.0,0.9279678675370149,57.0,0.9999999999999998,56.0,0.967129097357103,58.0,0.956513096749338,4_1,4,1,lamp,109.114250183,51.0108337402,1.35524320287,0,345.075869374,0.231326147914
UBFC_A1/Eval_On_COHFACE,COHFACE,old,COHFACE_s04_session1_lamp,30,54.0,55.0,correct,54.0,1.0,55.0,0.997101929314382,53.0,0.8966446075653406,55.0,0.9999999999999999,54.0,0.9691414858880429,56.0,0.866309556844756,4_1,4,1,lamp,109.114250183,51.0108337402,1.35524320287,0,345.075869374,0.231326147914
UBFC_A1/Eval_On_COHFACE,COHFACE,old,COHFACE_s04_session1_lamp,31,54.0,40.0,large_error,54.0,1.0,55.0,0.9507735630275477,53.0,0.9396507330770272,40.0,0.9999999999999993,55.0,0.9540632167408828,56.0,0.9411755855193368,4_1,4,1,lamp,109.114250183,51.0108337402,1.35524320287,0,345.075869374,0.231326147914
UBFC_A1/Eval_On_COHFACE,COHFACE,old,COHFACE_s04_session1_lamp,32,54.0,52.0,correct,54.0,1.0,53.0,0.9684959069837649,55.0,0.9251183408123959,52.0,0.9999999999999998,53.0,0.9857181478789738,51.0,0.9151715832344403,4_1,4,1,lamp,109.114250183,51.0108337402,1.35524320287,0,345.075869374,0.231326147914
UBFC_A1/Eval_On_COHFACE,COHFACE,old,COHFACE_s04_session1_lamp,33,54.0,52.0,correct,54.0,1.0,53.0,0.9463720044952377,55.0,0.9453879297917102,52.0,0.9999999999999999,53.0,0.9603808340728437,51.0,0.9531064800363508,4_1,4,1,lamp,109.114250183,51.0108337402,1.35524320287,0,345.075869374,0.231326147914
UBFC_A1/Eval_On_COHFACE,COHFACE,old,COHFACE_s04_session1_lamp,34,54.0,53.0,correct,54.0,1.0,55.0,0.954606733323749,53.0,0.940741145332513,53.0,0.9999999999999998,52.0,0.9845574718463314,54.0,0.9215722481982713,4_1,4,1,lamp,109.114250183,51.0108337402,1.35524320287,0,345.075869374,0.231326147914
UBFC_A1/Eval_On_COHFACE,COHFACE,old,COHFACE_s04_session1_lamp,35,54.0,54.0,correct,54.0,1.0,55.0,0.9626118800001336,53.0,0.9250741694603296,54.0,0.9999999999999998,55.0,0.9636317662386341,53.0,0.9243660176990715,4_1,4,1,lamp,109.114250183,51.0108337402,1.35524320287,0,345.075869374,0.231326147914
UBFC_A1/Eval_On_COHFACE,COHFACE,old,COHFACE_s04_session1_lamp,36,54.0,54.0,correct,54.0,1.0,55.0,0.956348777690643,53.0,0.9227671578335412,54.0,0.9999999999999999,55.0,0.9811931369334516,53.0,0.9027688513174716,4_1,4,1,lamp,109.114250183,51.0108337402,1.35524320287,0,345.075869374,0.231326147914
UBFC_A1/Eval_On_COHFACE,COHFACE,old,COHFACE_s04_session1_lamp,37,54.0,54.0,correct,54.0,1.0,53.0,0.9453980222069333,55.0,0.9364041681153634,54.0,0.9999999999999996,53.0,0.9912495104520149,55.0,0.9315439721601172,4_1,4,1,lamp,109.114250183,51.0108337402,1.35524320287,0,345.075869374,0.231326147914
UBFC_A1/Eval_On_COHFACE,COHFACE,old,COHFACE_s04_session1_lamp,38,54.0,41.0,large_error,54.0,1.0,53.0,0.9718852887973167,55.0,0.9197177913615332,41.0,0.9999999999999997,42.0,0.9780416917836245,40.0,0.9433797532357313,4_1,4,1,lamp,109.114250183,51.0108337402,1.35524320287,0,345.075869374,0.231326147914
UBFC_A1/Eval_On_COHFACE,COHFACE,old,COHFACE_s04_session1_lamp,39,54.0,40.0,large_error,54.0,1.0,53.0,0.9991898732555244,52.0,0.8954730423942794,40.0,0.9999999999999997,41.0,0.8262734729922443,53.0,0.7423087031148831,4_1,4,1,lamp,109.114250183,51.0108337402,1.35524320287,0,345.075869374,0.231326147914
UBFC_A1/Eval_On_COHFACE,COHFACE,old,COHFACE_s04_session1_lamp,40,53.0,53.0,correct,53.0,1.0,54.0,0.9986261782429288,52.0,0.8898067827951778,53.0,0.9999999999999999,54.0,0.975181222022859,52.0,0.8930779691261351,4_1,4,1,lamp,109.114250183,51.0108337402,1.35524320287,0,345.075869374,0.231326147914
UBFC_A1/Eval_On_COHFACE,COHFACE,old,COHFACE_s04_session1_lamp,41,54.0,54.0,correct,54.0,1.0,53.0,0.976432281513588,55.0,0.9041060358671901,54.0,0.9999999999999999,53.0,0.985654643718837,55.0,0.8794547840463707,4_1,4,1,lamp,109.114250183,51.0108337402,1.35524320287,0,345.075869374,0.231326147914
UBFC_A1/Eval_On_COHFACE,COHFACE,old,COHFACE_s04_session1_lamp,42,54.0,53.0,correct,54.0,1.0,53.0,0.9696670342755707,55.0,0.907533086816138,53.0,0.9999999999999998,52.0,0.9529854005021828,54.0,0.9446353851628984,4_1,4,1,lamp,109.114250183,51.0108337402,1.35524320287,0,345.075869374,0.231326147914
UBFC_A1/Eval_On_COHFACE,COHFACE,old,COHFACE_s04_session1_lamp,43,54.0,53.0,correct,54.0,1.0,53.0,0.9479771109605779,55.0,0.9439262142643421,53.0,0.9999999999999999,52.0,0.9853082370983299,54.0,0.9283466254822303,4_1,4,1,lamp,109.114250183,51.0108337402,1.35524320287,0,345.075869374,0.231326147914
UBFC_A1/Eval_On_COHFACE,COHFACE,old,COHFACE_s04_session1_lamp,44,54.0,53.0,correct,54.0,1.0,55.0,0.9532974577161664,53.0,0.9482624610824177,53.0,0.9999999999999999,52.0,0.9850708821881374,54.0,0.9334430320661924,4_1,4,1,lamp,109.114250183,51.0108337402,1.35524320287,0,345.075869374,0.231326147914
UBFC_A1/Eval_On_COHFACE,COHFACE,old,COHFACE_s04_session1_lamp,45,54.0,52.0,correct,54.0,1.0,55.0,0.9609755477341475,53.0,0.9433982741231468,52.0,0.9999999999999999,53.0,0.9975840459441222,51.0,0.9352652894670699,4_1,4,1,lamp,109.114250183,51.0108337402,1.35524320287,0,345.075869374,0.231326147914
UBFC_A1/Eval_On_COHFACE,COHFACE,old,COHFACE_s04_session1_lamp,46,54.0,53.0,correct,54.0,1.0,53.0,0.9595699192436625,55.0,0.94662646628788,53.0,0.9999999999999998,52.0,0.9663796126567725,54.0,0.9599910751852209,4_1,4,1,lamp,109.114250183,51.0108337402,1.35524320287,0,345.075869374,0.231326147914
UBFC_A1/Eval_On_COHFACE,COHFACE,old,COHFACE_s04_session1_lamp,47,54.0,51.0,correct,54.0,1.0,53.0,0.9740143807742618,55.0,0.9317169200991907,51.0,0.9999999999999998,52.0,0.9973417004805549,50.0,0.9744406422181784,4_1,4,1,lamp,109.114250183,51.0108337402,1.35524320287,0,345.075869374,0.231326147914
UBFC_A1/Eval_On_COHFACE,COHFACE,old,COHFACE_s04_session1_lamp,48,54.0,81.0,super_harmonic_1p5x,54.0,0.9999999999999999,53.0,0.9814744890984533,55.0,0.9150288048488636,81.0,0.9999999999999998,80.0,0.9521218881796204,82.0,0.9432799372513185,4_1,4,1,lamp,109.114250183,51.0108337402,1.35524320287,0,345.075869374,0.231326147914
UBFC_A1/Eval_On_COHFACE,COHFACE,old,COHFACE_s04_session1_lamp,49,53.0,42.0,large_error,53.0,0.9999999999999998,54.0,0.9911302941251792,52.0,0.8903353386565243,42.0,0.9999999999999998,43.0,0.9406943727461137,41.0,0.9167528347759015,4_1,4,1,lamp,109.114250183,51.0108337402,1.35524320287,0,345.075869374,0.231326147914
UBFC_A1/Eval_On_COHFACE,COHFACE,old,COHFACE_s04_session1_lamp,50,53.0,43.0,large_error,53.0,0.9999999999999999,54.0,0.9730774061136822,52.0,0.9013688674283542,43.0,0.9999999999999998,44.0,0.9688633491568368,42.0,0.9056605608186313,4_1,4,1,lamp,109.114250183,51.0108337402,1.35524320287,0,345.075869374,0.231326147914
UBFC_A1/Eval_On_COHFACE,COHFACE,old,COHFACE_s04_session2_natural,0,57.0,40.0,large_error,57.0,0.9999999999999999,56.0,0.9883381811924469,58.0,0.9327890286812837,40.0,0.9999999999999998,79.0,0.9919466686340441,80.0,0.9615512429544107,4_2,4,2,natural,99.3140106201,60.0477790833,6.41210694976,0,440.043347049,0.263986080885
UBFC_A1/Eval_On_COHFACE,COHFACE,old,COHFACE_s04_session2_natural,1,56.0,52.0,large_error,56.0,1.0,57.0,0.9610229499340567,55.0,0.9271378982069652,52.0,0.9999999999999998,51.0,0.9554397339902492,53.0,0.9036796947884009,4_2,4,2,natural,99.3140106201,60.0477790833,6.41210694976,0,440.043347049,0.263986080885
UBFC_A1/Eval_On_COHFACE,COHFACE,old,COHFACE_s04_session2_natural,2,55.0,54.0,correct,55.0,1.0,56.0,0.9974373104551737,54.0,0.8936732285978994,54.0,0.9999999999999998,55.0,0.9983694796675949,80.0,0.992666315302669,4_2,4,2,natural,99.3140106201,60.0477790833,6.41210694976,0,440.043347049,0.263986080885
UBFC_A1/Eval_On_COHFACE,COHFACE,old,COHFACE_s04_session2_natural,3,55.0,81.0,super_harmonic_1p5x,55.0,1.0,54.0,0.9579608862569373,56.0,0.9247773629344477,81.0,0.9999999999999998,82.0,0.9712387620443828,80.0,0.920203348097006,4_2,4,2,natural,99.3140106201,60.0477790833,6.41210694976,0,440.043347049,0.263986080885
UBFC_A1/Eval_On_COHFACE,COHFACE,old,COHFACE_s04_session2_natural,4,55.0,80.0,super_harmonic_1p5x,55.0,1.0,54.0,0.9895716965842984,56.0,0.8929245955185671,80.0,0.9999999999999998,81.0,0.9939380707513603,79.0,0.9584220719301231,4_2,4,2,natural,99.3140106201,60.0477790833,6.41210694976,0,440.043347049,0.263986080885
UBFC_A1/Eval_On_COHFACE,COHFACE,old,COHFACE_s04_session2_natural,5,55.0,51.0,large_error,55.0,1.0,54.0,0.9843453393542403,56.0,0.8969884494652439,51.0,0.9999999999999998,52.0,0.9648520266137051,50.0,0.8748418140294548,4_2,4,2,natural,99.3140106201,60.0477790833,6.41210694976,0,440.043347049,0.263986080885
UBFC_A1/Eval_On_COHFACE,COHFACE,old,COHFACE_s04_session2_natural,6,54.0,61.0,large_error,54.0,1.0,55.0,0.9912017664877879,53.0,0.8999241052864337,61.0,0.9999999999999982,60.0,0.9592512448478191,61.99999999999999,0.9203482685959316,4_2,4,2,natural,99.3140106201,60.0477790833,6.41210694976,0,440.043347049,0.263986080885
UBFC_A1/Eval_On_COHFACE,COHFACE,old,COHFACE_s04_session2_natural,7,54.0,61.99999999999999,large_error,54.0,1.0,55.0,0.9519594115668502,53.0,0.9392894609155098,61.99999999999999,0.9999999999999989,63.0,0.980566235435816,61.0,0.9782929740931399,4_2,4,2,natural,99.3140106201,60.0477790833,6.41210694976,0,440.043347049,0.263986080885
UBFC_A1/Eval_On_COHFACE,COHFACE,old,COHFACE_s04_session2_natural,8,54.0,64.0,large_error,54.0,1.0,53.0,0.9628841351689398,55.0,0.922116389996191,64.0,0.9999999999999993,63.0,0.9915032273415928,65.0,0.9681720091096202,4_2,4,2,natural,99.3140106201,60.0477790833,6.41210694976,0,440.043347049,0.263986080885
UBFC_A1/Eval_On_COHFACE,COHFACE,old,COHFACE_s04_session2_natural,9,54.0,61.99999999999999,large_error,54.0,1.0,53.0,0.946185761208973,55.0,0.9349321419044287,61.99999999999999,0.9999999999999997,61.0,0.9806034418090029,63.0,0.9665594970033548,4_2,4,2,natural,99.3140106201,60.0477790833,6.41210694976,0,440.043347049,0.263986080885
UBFC_A1/Eval_On_COHFACE,COHFACE,old,COHFACE_s04_session2_natural,10,54.0,66.0,large_error,54.0,1.0,53.0,0.943082576938458,55.0,0.9402680218065184,66.0,0.9999999999999994,65.0,0.9835954627954032,67.0,0.9506035450478708,4_2,4,2,natural,99.3140106201,60.0477790833,6.41210694976,0,440.043347049,0.263986080885
UBFC_A1/Eval_On_COHFACE,COHFACE,old,COHFACE_s04_session2_natural,11,54.0,67.0,large_error,54.0,1.0,53.0,0.9805982715804639,55.0,0.9111855849547525,67.0,0.9999999999999996,66.0,0.9850775801601862,68.0,0.9299982377805583,4_2,4,2,natural,99.3140106201,60.0477790833,6.41210694976,0,440.043347049,0.263986080885
UBFC_A1/Eval_On_COHFACE,COHFACE,old,COHFACE_s04_session2_natural,12,53.0,66.0,large_error,53.0,1.0,54.0,0.9890595361430558,52.0,0.9015053478904282,66.0,0.9999999999999997,67.0,0.9835452413816637,65.0,0.9044095416097065,4_2,4,2,natural,99.3140106201,60.0477790833,6.41210694976,0,440.043347049,0.263986080885
UBFC_A1/Eval_On_COHFACE,COHFACE,old,COHFACE_s04_session2_natural,13,53.0,54.0,correct,53.0,1.0,54.0,0.9868714486596697,52.0,0.8991002140344792,54.0,0.9999999999999998,55.0,0.9474800365243391,53.0,0.9009065766006101,4_2,4,2,natural,99.3140106201,60.0477790833,6.41210694976,0,440.043347049,0.263986080885
UBFC_A1/Eval_On_COHFACE,COHFACE,old,COHFACE_s04_session2_natural,14,53.0,53.0,correct,53.0,1.0,52.0,0.9527791696550216,54.0,0.9312274318035823,53.0,0.9999999999999998,52.0,0.9537231199644214,54.0,0.9380699226500909,4_2,4,2,natural,99.3140106201,60.0477790833,6.41210694976,0,440.043347049,0.263986080885
UBFC_A1/Eval_On_COHFACE,COHFACE,old,COHFACE_s04_session2_natural,15,53.0,51.0,correct,53.0,1.0,52.0,0.9908472083164674,54.0,0.8977241628198374,51.0,0.9999999999999999,52.0,0.9713712392223746,50.0,0.9206007595951684,4_2,4,2,natural,99.3140106201,60.0477790833,6.41210694976,0,440.043347049,0.263986080885
UBFC_A1/Eval_On_COHFACE,COHFACE,old,COHFACE_s04_session2_natural,16,53.0,52.0,correct,53.0,1.0,52.0,0.9841940999567922,54.0,0.9048367698968568,52.0,0.9999999999999998,53.0,0.9958754513629811,51.0,0.8999398921692396,4_2,4,2,natural,99.3140106201,60.0477790833,6.41210694976,0,440.043347049,0.263986080885
UBFC_A1/Eval_On_COHFACE,COHFACE,old,COHFACE_s04_session2_natural,17,53.0,54.0,correct,53.0,1.0,54.0,0.961992705871274,52.0,0.9238005079350915,54.0,0.9999999999999998,53.0,0.9804149860586095,55.0,0.9237352680244733,4_2,4,2,natural,99.3140106201,60.0477790833,6.41210694976,0,440.043347049,0.263986080885
UBFC_A1/Eval_On_COHFACE,COHFACE,old,COHFACE_s04_session2_natural,18,54.0,53.0,correct,54.0,1.0,53.0,0.9800559398186959,55.0,0.9015225905924399,53.0,0.9999999999999999,54.0,0.9605616594595582,52.0,0.9391350496151191,4_2,4,2,natural,99.3140106201,60.0477790833,6.41210694976,0,440.043347049,0.263986080885
UBFC_A1/Eval_On_COHFACE,COHFACE,old,COHFACE_s04_session2_natural,19,54.0,53.0,correct,54.0,1.0,53.0,0.9680158512635548,55.0,0.9180558085514895,53.0,1.0,54.0,0.9523043954428537,52.0,0.9451891815899975,4_2,4,2,natural,99.3140106201,60.0477790833,6.41210694976,0,440.043347049,0.263986080885
UBFC_A1/Eval_On_COHFACE,COHFACE,old,COHFACE_s04_session2_natural,20,54.0,55.0,correct,54.0,1.0,55.0,0.961033619337122,53.0,0.9277645709293153,55.0,0.9999999999999998,56.0,0.9777865384250012,54.0,0.9208561419909136,4_2,4,2,natural,99.3140106201,60.0477790833,6.41210694976,0,440.043347049,0.263986080885
UBFC_A1/Eval_On_COHFACE,COHFACE,old,COHFACE_s04_session2_natural,21,54.0,57.0,correct,54.0,1.0,55.0,0.9861668079220337,53.0,0.9059385551775772,57.0,0.9999999999999999,56.0,0.9687630828564626,58.0,0.9488619475187529,4_2,4,2,natural,99.3140106201,60.0477790833,6.41210694976,0,440.043347049,0.263986080885
UBFC_A1/Eval_On_COHFACE,COHFACE,old,COHFACE_s04_session2_natural,22,54.0,54.0,correct,54.0,1.0,55.0,0.9459417120123583,53.0,0.9442383927317172,54.0,0.9999999999999999,55.0,0.986476982336432,53.0,0.9069772198053249,4_2,4,2,natural,99.3140106201,60.0477790833,6.41210694976,0,440.043347049,0.263986080885
UBFC_A1/Eval_On_COHFACE,COHFACE,old,COHFACE_s04_session2_natural,23,54.0,54.0,correct,54.0,1.0,53.0,0.9616337134220604,55.0,0.9217926029974284,54.0,0.9999999999999999,53.0,0.9967558796353204,55.0,0.8835820581843378,4_2,4,2,natural,99.3140106201,60.0477790833,6.41210694976,0,440.043347049,0.263986080885
UBFC_A1/Eval_On_COHFACE,COHFACE,old,COHFACE_s04_session2_natural,24,54.0,54.0,correct,54.0,1.0,53.0,0.9574621332920307,55.0,0.9210181116405949,54.0,0.9999999999999998,55.0,0.9425029330784769,53.0,0.9321866958922255,4_2,4,2,natural,99.3140106201,60.0477790833,6.41210694976,0,440.043347049,0.263986080885
UBFC_A1/Eval_On_COHFACE,COHFACE,old,COHFACE_s04_session2_natural,25,54.0,53.0,correct,54.0,1.0,53.0,0.9793018105581133,55.0,0.9071767057342184,53.0,0.9999999999999999,52.0,0.9642351187747598,54.0,0.9366229320861241,4_2,4,2,natural,99.3140106201,60.0477790833,6.41210694976,0,440.043347049,0.263986080885
UBFC_A1/Eval_On_COHFACE,COHFACE,old,COHFACE_s04_session2_natural,26,54.0,53.0,correct,54.0,1.0,53.0,0.9848116688401151,55.0,0.9044655140379333,53.0,0.9999999999999999,52.0,0.9966692250356298,54.0,0.8967976889094287,4_2,4,2,natural,99.3140106201,60.0477790833,6.41210694976,0,440.043347049,0.263986080885
UBFC_A1/Eval_On_COHFACE,COHFACE,old,COHFACE_s04_session2_natural,27,54.0,52.0,correct,54.0,1.0,53.0,0.9815976737730226,55.0,0.9032882725656056,52.0,0.9999999999999998,53.0,0.9716165551492021,51.0,0.9482131409268644,4_2,4,2,natural,99.3140106201,60.0477790833,6.41210694976,0,440.043347049,0.263986080885
UBFC_A1/Eval_On_COHFACE,COHFACE,old,COHFACE_s04_session2_natural,28,54.0,54.0,correct,54.0,1.0,53.0,0.9664398814572305,55.0,0.9165427959902356,54.0,0.9999999999999999,53.0,0.9951269800845309,55.0,0.9635307101580549,4_2,4,2,natural,99.3140106201,60.0477790833,6.41210694976,0,440.043347049,0.263986080885
UBFC_A1/Eval_On_COHFACE,COHFACE,old,COHFACE_s04_session2_natural,29,54.0,52.0,correct,54.0,1.0,53.0,0.9656365695393051,55.0,0.9208600695545681,52.0,0.9999999999999999,51.0,0.9436419795427641,53.0,0.9408796578682781,4_2,4,2,natural,99.3140106201,60.0477790833,6.41210694976,0,440.043347049,0.263986080885
UBFC_A1/Eval_On_COHFACE,COHFACE,old,COHFACE_s04_session2_natural,30,53.0,51.0,correct,53.0,1.0,54.0,0.9698287368089301,52.0,0.9221274686331798,51.0,0.9999999999999999,52.0,0.9902248869671155,50.0,0.9097751572322489,4_2,4,2,natural,99.3140106201,60.0477790833,6.41210694976,0,440.043347049,0.263986080885
UBFC_A1/Eval_On_COHFACE,COHFACE,old,COHFACE_s04_session2_natural,31,53.0,51.0,correct,53.0,1.0,54.0,0.9441495237629981,52.0,0.9402501314501427,51.0,0.9999999999999998,50.0,0.9740634586685023,52.0,0.9106991701395222,4_2,4,2,natural,99.3140106201,60.0477790833,6.41210694976,0,440.043347049,0.263986080885
UBFC_A1/Eval_On_COHFACE,COHFACE,old,COHFACE_s04_session2_natural,32,53.0,66.0,large_error,53.0,1.0,52.0,0.9445110508784241,54.0,0.9404904051574599,66.0,0.9999999999999997,65.0,0.9640422277460261,67.0,0.9038700606744332,4_2,4,2,natural,99.3140106201,60.0477790833,6.41210694976,0,440.043347049,0.263986080885
UBFC_A1/Eval_On_COHFACE,COHFACE,old,COHFACE_s04_session2_natural,33,53.0,58.0,large_error,53.0,1.0,52.0,0.9873223390716199,54.0,0.902300159959813,58.0,0.9999999999999997,59.0,0.980825819765487,57.0,0.9023159111339407,4_2,4,2,natural,99.3140106201,60.0477790833,6.41210694976,0,440.043347049,0.263986080885
UBFC_A1/Eval_On_COHFACE,COHFACE,old,COHFACE_s04_session2_natural,34,52.0,41.0,large_error,52.0,1.0,53.0,0.9605038577421596,51.0,0.9279508897538273,41.0,0.9999999999999996,42.0,0.9661234855628452,40.0,0.9499061186215491,4_2,4,2,natural,99.3140106201,60.0477790833,6.41210694976,0,440.043347049,0.263986080885
UBFC_A1/Eval_On_COHFACE,COHFACE,old,COHFACE_s04_session2_natural,35,52.0,43.0,large_error,52.0,1.0,53.0,0.9802117398449074,51.0,0.9036049880511217,43.0,0.9999999999999998,44.0,0.9341577250712161,42.0,0.9261611159027199,4_2,4,2,natural,99.3140106201,60.0477790833,6.41210694976,0,440.043347049,0.263986080885
UBFC_A1/Eval_On_COHFACE,COHFACE,old,COHFACE_s04_session2_natural,36,53.0,44.0,large_error,53.0,1.0,52.0,0.9977190579961358,54.0,0.8903482953124233,44.0,0.9999999999999999,45.0,0.9903429236202337,43.0,0.9067112190458746,4_2,4,2,natural,99.3140106201,60.0477790833,6.41210694976,0,440.043347049,0.263986080885
UBFC_A1/Eval_On_COHFACE,COHFACE,old,COHFACE_s04_session2_natural,37,53.0,46.0,large_error,53.0,1.0,52.0,0.9717866767321488,54.0,0.9135795816044022,46.0,0.9999999999999998,45.0,0.9947461350767346,47.0,0.9485213077820381,4_2,4,2,natural,99.3140106201,60.0477790833,6.41210694976,0,440.043347049,0.263986080885
UBFC_A1/Eval_On_COHFACE,COHFACE,old,COHFACE_s04_session2_natural,38,53.0,45.0,large_error,53.0,1.0,52.0,0.9580877880507247,54.0,0.9246996735038461,45.0,0.9999999999999999,46.0,0.999543026147313,44.0,0.9345186208451555,4_2,4,2,natural,99.3140106201,60.0477790833,6.41210694976,0,440.043347049,0.263986080885
UBFC_A1/Eval_On_COHFACE,COHFACE,old,COHFACE_s04_session2_natural,39,53.0,49.0,large_error,53.0,1.0,54.0,0.9642211866530982,52.0,0.9251950141763363,49.0,0.9999999999999997,48.0,0.9830014259955845,50.0,0.9784972336832233,4_2,4,2,natural,99.3140106201,60.0477790833,6.41210694976,0,440.043347049,0.263986080885
UBFC_A1/Eval_On_COHFACE,COHFACE,old,COHFACE_s04_session2_natural,40,53.0,52.0,correct,53.0,1.0,54.0,0.9672237731279942,52.0,0.9219863288674189,52.0,0.9999999999999998,53.0,0.9300805411165762,51.0,0.925626078208958,4_2,4,2,natural,99.3140106201,60.0477790833,6.41210694976,0,440.043347049,0.263986080885
UBFC_A1/Eval_On_COHFACE,COHFACE,old,COHFACE_s04_session2_natural,41,53.0,54.0,correct,53.0,1.0,54.0,0.9855001631717374,52.0,0.8991178978161836,54.0,0.9999999999999998,53.0,0.966323889756023,55.0,0.9039181853157068,4_2,4,2,natural,99.3140106201,60.0477790833,6.41210694976,0,440.043347049,0.263986080885
UBFC_A1/Eval_On_COHFACE,COHFACE,old,COHFACE_s04_session2_natural,42,53.0,54.0,correct,53.0,1.0,54.0,0.9716712543984765,52.0,0.9132491453186672,54.0,0.9999999999999998,55.0,0.9714993643757623,53.0,0.9092942969200369,4_2,4,2,natural,99.3140106201,60.0477790833,6.41210694976,0,440.043347049,0.263986080885
UBFC_A1/Eval_On_COHFACE,COHFACE,old,COHFACE_s04_session2_natural,43,53.0,55.0,correct,53.0,1.0,54.0,0.965813078487401,52.0,0.9229184110304111,55.0,0.9999999999999998,56.0,0.9605578353278081,54.0,0.9602638129291315,4_2,4,2,natural,99.3140106201,60.0477790833,6.41210694976,0,440.043347049,0.263986080885
UBFC_A1/Eval_On_COHFACE,COHFACE,old,COHFACE_s04_session2_natural,44,53.0,52.0,correct,53.0,1.0,54.0,0.9710954881772325,52.0,0.9148645176493435,52.0,0.9999999999999999,51.0,0.9489036473033188,53.0,0.9473396210600958,4_2,4,2,natural,99.3140106201,60.0477790833,6.41210694976,0,440.043347049,0.263986080885
UBFC_A1/Eval_On_COHFACE,COHFACE,old,COHFACE_s04_session2_natural,45,53.0,53.0,correct,53.0,1.0,54.0,0.9729685725614154,52.0,0.9132802181645249,53.0,0.9999999999999999,52.0,0.9890410653038738,54.0,0.9424882053705379,4_2,4,2,natural,99.3140106201,60.0477790833,6.41210694976,0,440.043347049,0.263986080885
UBFC_A1/Eval_On_COHFACE,COHFACE,old,COHFACE_s04_session2_natural,46,54.0,53.0,correct,54.0,1.0,53.0,0.9805154668086687,55.0,0.9041978349110005,53.0,0.9999999999999998,54.0,0.9602899018545767,52.0,0.9390264840685906,4_2,4,2,natural,99.3140106201,60.0477790833,6.41210694976,0,440.043347049,0.263986080885
UBFC_A1/Eval_On_COHFACE,COHFACE,old,COHFACE_s04_session2_natural,47,54.0,54.0,correct,54.0,1.0,53.0,0.9565379616273617,55.0,0.9304570474047192,54.0,0.9999999999999998,55.0,0.9630597750459333,53.0,0.9043343216423025,4_2,4,2,natural,99.3140106201,60.0477790833,6.41210694976,0,440.043347049,0.263986080885
UBFC_A1/Eval_On_COHFACE,COHFACE,old,COHFACE_s04_session2_natural,48,54.0,57.0,correct,54.0,1.0,53.0,0.9663987653169447,55.0,0.9249038819114666,57.0,0.9999999999999998,58.0,0.992863508459315,56.0,0.9169455577177155,4_2,4,2,natural,99.3140106201,60.0477790833,6.41210694976,0,440.043347049,0.263986080885
UBFC_A1/Eval_On_COHFACE,COHFACE,old,COHFACE_s04_session2_natural,49,54.0,59.0,large_error,54.0,1.0,55.0,0.9517661618617385,53.0,0.9349901852972272,59.0,0.9999999999999996,60.0,0.9913333506228215,58.0,0.9514502210616388,4_2,4,2,natural,99.3140106201,60.0477790833,6.41210694976,0,440.043347049,0.263986080885
UBFC_A1/Eval_On_COHFACE,COHFACE,old,COHFACE_s04_session2_natural,50,54.0,60.0,large_error,54.0,1.0,55.0,0.9652550468805916,53.0,0.9133588206048059,60.0,0.9999999999999998,61.0,0.9895925892988038,59.0,0.9607646971443551,4_2,4,2,natural,99.3140106201,60.0477790833,6.41210694976,0,440.043347049,0.263986080885
UBFC_A1/Eval_On_COHFACE,COHFACE,old,COHFACE_s04_session3_natural,0,57.0,40.0,large_error,57.0,1.0,58.0,0.9601873017874356,56.0,0.9406730948714799,40.0,0.9999999999999997,41.0,0.7820208639046935,67.0,0.5186946541975209,4_3,4,3,natural,103.284492493,61.1000137329,5.04694268255,0,495.954050707,0.25749117136
UBFC_A1/Eval_On_COHFACE,COHFACE,old,COHFACE_s04_session3_natural,1,56.0,67.0,large_error,56.0,1.0,55.0,0.9557182460710041,57.0,0.9289980970010115,67.0,0.9999999999999994,66.0,0.9297548120807848,68.0,0.9271546774689635,4_3,4,3,natural,103.284492493,61.1000137329,5.04694268255,0,495.954050707,0.25749117136
UBFC_A1/Eval_On_COHFACE,COHFACE,old,COHFACE_s04_session3_natural,2,56.0,54.0,correct,56.0,1.0,55.0,0.9784809047239914,57.0,0.905181265500614,54.0,0.9999999999999997,55.0,0.9672573986061495,53.0,0.9178228656469095,4_3,4,3,natural,103.284492493,61.1000137329,5.04694268255,0,495.954050707,0.25749117136
UBFC_A1/Eval_On_COHFACE,COHFACE,old,COHFACE_s04_session3_natural,3,56.0,44.0,large_error,56.0,1.0,57.0,0.9721193623586116,55.0,0.9088060091226462,44.0,0.9999999999999993,45.0,0.9989277744401784,46.0,0.9690476299227184,4_3,4,3,natural,103.284492493,61.1000137329,5.04694268255,0,495.954050707,0.25749117136
UBFC_A1/Eval_On_COHFACE,COHFACE,old,COHFACE_s04_session3_natural,4,57.0,43.0,large_error,57.0,1.0,56.0,0.959575700266986,58.0,0.9166735442337266,43.0,0.9999999999999992,44.0,0.9967456484076394,42.0,0.9808758742448088,4_3,4,3,natural,103.284492493,61.1000137329,5.04694268255,0,495.954050707,0.25749117136
UBFC_A1/Eval_On_COHFACE,COHFACE,old,COHFACE_s04_session3_natural,5,57.0,53.0,large_error,57.0,1.0,58.0,0.9487224833612572,56.0,0.924820590370215,53.0,0.9999999999999997,54.0,0.9747775376072695,52.0,0.9588151403088057,4_3,4,3,natural,103.284492493,61.1000137329,5.04694268255,0,495.954050707,0.25749117136
UBFC_A1/Eval_On_COHFACE,COHFACE,old,COHFACE_s04_session3_natural,6,56.0,54.0,correct,56.0,1.0,57.0,0.9934315709554589,55.0,0.8870337744404153,54.0,0.9999999999999994,53.0,0.9671576195817516,55.0,0.9358584672370722,4_3,4,3,natural,103.284492493,61.1000137329,5.04694268255,0,495.954050707,0.25749117136
UBFC_A1/Eval_On_COHFACE,COHFACE,old,COHFACE_s04_session3_natural,7,56.0,56.0,correct,56.0,1.0,57.0,0.9545306113723779,55.0,0.9287998019599243,56.0,0.9999999999999993,55.0,0.9644369560452805,57.0,0.9290788269329522,4_3,4,3,natural,103.284492493,61.1000137329,5.04694268255,0,495.954050707,0.25749117136
UBFC_A1/Eval_On_COHFACE,COHFACE,old,COHFACE_s04_session3_natural,8,56.0,55.0,correct,56.0,1.0,55.0,0.9620309081197642,57.0,0.929756899253506,55.0,0.9999999999999994,56.0,0.9425591546560839,54.0,0.9119585928511608,4_3,4,3,natural,103.284492493,61.1000137329,5.04694268255,0,495.954050707,0.25749117136
UBFC_A1/Eval_On_COHFACE,COHFACE,old,COHFACE_s04_session3_natural,9,55.0,59.0,large_error,55.0,1.0,56.0,0.9852128926679456,54.0,0.9111225047691655,59.0,0.9999999999999998,60.0,0.9458811464162106,58.0,0.938928961495935,4_3,4,3,natural,103.284492493,61.1000137329,5.04694268255,0,495.954050707,0.25749117136
UBFC_A1/Eval_On_COHFACE,COHFACE,old,COHFACE_s04_session3_natural,10,55.0,56.0,correct,55.0,1.0,54.0,0.9492883741910317,56.0,0.9379939068073513,56.0,0.9999999999999999,57.0,0.9883544920723676,55.0,0.9417874560951306,4_3,4,3,natural,103.284492493,61.1000137329,5.04694268255,0,495.954050707,0.25749117136
UBFC_A1/Eval_On_COHFACE,COHFACE,old,COHFACE_s04_session3_natural,11,55.0,59.0,large_error,55.0,1.0,54.0,0.9535803770206882,56.0,0.9346649679278046,59.0,1.0,60.0,0.9507827761935183,58.0,0.9481895008438279,4_3,4,3,natural,103.284492493,61.1000137329,5.04694268255,0,495.954050707,0.25749117136
UBFC_A1/Eval_On_COHFACE,COHFACE,old,COHFACE_s04_session3_natural,12,55.0,55.0,correct,55.0,1.0,56.0,0.9573049033470107,54.0,0.9326940580137593,55.0,0.9999999999999999,56.0,0.9756748243530677,54.0,0.9597093679844882,4_3,4,3,natural,103.284492493,61.1000137329,5.04694268255,0,495.954050707,0.25749117136
UBFC_A1/Eval_On_COHFACE,COHFACE,old,COHFACE_s04_session3_natural,13,56.0,56.0,correct,56.0,1.0,55.0,0.9887209280978507,57.0,0.8956568438475522,56.0,0.9999999999999999,55.0,0.9651996156460388,57.0,0.9598295916117148,4_3,4,3,natural,103.284492493,61.1000137329,5.04694268255,0,495.954050707,0.25749117136
UBFC_A1/Eval_On_COHFACE,COHFACE,old,COHFACE_s04_session3_natural,14,55.0,55.0,correct,55.0,1.0,56.0,0.9563753364344248,54.0,0.9299732342643823,55.0,0.9999999999999999,54.0,0.9757737842622783,56.0,0.952064469697444,4_3,4,3,natural,103.284492493,61.1000137329,5.04694268255,0,495.954050707,0.25749117136
UBFC_A1/Eval_On_COHFACE,COHFACE,old,COHFACE_s04_session3_natural,15,55.0,56.0,correct,55.0,1.0,54.0,0.9854069545928508,56.0,0.9049470120440117,56.0,0.9999999999999998,55.0,0.9864423413657698,57.0,0.861630052273929,4_3,4,3,natural,103.284492493,61.1000137329,5.04694268255,0,495.954050707,0.25749117136
UBFC_A1/Eval_On_COHFACE,COHFACE,old,COHFACE_s04_session3_natural,16,55.0,55.0,correct,55.0,1.0,54.0,0.9849542057115773,56.0,0.8957354103905542,55.0,0.9999999999999998,54.0,0.9400688908103628,56.0,0.9054033442323246,4_3,4,3,natural,103.284492493,61.1000137329,5.04694268255,0,495.954050707,0.25749117136
UBFC_A1/Eval_On_COHFACE,COHFACE,old,COHFACE_s04_session3_natural,17,55.0,54.0,correct,55.0,1.0,54.0,0.9753821171432835,56.0,0.9071862532684363,54.0,0.9999999999999999,53.0,0.9480613609467156,55.0,0.9254183712076124,4_3,4,3,natural,103.284492493,61.1000137329,5.04694268255,0,495.954050707,0.25749117136
UBFC_A1/Eval_On_COHFACE,COHFACE,old,COHFACE_s04_session3_natural,18,54.0,53.0,correct,54.0,1.0,55.0,0.9864057648611285,53.0,0.9020725377055795,53.0,0.9999999999999999,54.0,0.9929689978508138,52.0,0.9256066265738998,4_3,4,3,natural,103.284492493,61.1000137329,5.04694268255,0,495.954050707,0.25749117136
UBFC_A1/Eval_On_COHFACE,COHFACE,old,COHFACE_s04_session3_natural,19,54.0,54.0,correct,54.0,1.0,55.0,0.9551909858069764,53.0,0.9281495299454291,54.0,0.9999999999999999,55.0,0.9819070839099345,53.0,0.9642062049834538,4_3,4,3,natural,103.284492493,61.1000137329,5.04694268255,0,495.954050707,0.25749117136
UBFC_A1/Eval_On_COHFACE,COHFACE,old,COHFACE_s04_session3_natural,20,54.0,52.0,correct,54.0,1.0,55.0,0.9505607334980886,53.0,0.9325418966976728,52.0,0.9999999999999998,53.0,0.9940093458548661,51.0,0.8819683835000593,4_3,4,3,natural,103.284492493,61.1000137329,5.04694268255,0,495.954050707,0.25749117136
UBFC_A1/Eval_On_COHFACE,COHFACE,old,COHFACE_s04_session3_natural,21,54.0,54.0,correct,54.0,1.0,55.0,0.9701538600721081,53.0,0.9152650830061003,54.0,0.9999999999999999,55.0,0.9742747657325055,53.0,0.9104187242075775,4_3,4,3,natural,103.284492493,61.1000137329,5.04694268255,0,495.954050707,0.25749117136
UBFC_A1/Eval_On_COHFACE,COHFACE,old,COHFACE_s04_session3_natural,22,54.0,54.0,correct,54.0,1.0,55.0,0.9667347289492146,53.0,0.9237630499983309,54.0,0.9999999999999998,53.0,0.9532715788089334,55.0,0.9182305397085143,4_3,4,3,natural,103.284492493,61.1000137329,5.04694268255,0,495.954050707,0.25749117136
UBFC_A1/Eval_On_COHFACE,COHFACE,old,COHFACE_s04_session3_natural,23,54.0,54.0,correct,54.0,1.0,53.0,0.9547109850606768,55.0,0.9382925386126207,54.0,0.9999999999999999,55.0,0.9543083758322072,53.0,0.9518642297547872,4_3,4,3,natural,103.284492493,61.1000137329,5.04694268255,0,495.954050707,0.25749117136
UBFC_A1/Eval_On_COHFACE,COHFACE,old,COHFACE_s04_session3_natural,24,54.0,53.0,correct,54.0,1.0,53.0,0.9528525651614467,55.0,0.9405520862488775,53.0,0.9999999999999999,52.0,0.9951583116955327,54.0,0.9006139230666836,4_3,4,3,natural,103.284492493,61.1000137329,5.04694268255,0,495.954050707,0.25749117136
UBFC_A1/Eval_On_COHFACE,COHFACE,old,COHFACE_s04_session3_natural,25,54.0,53.0,correct,54.0,1.0,55.0,0.9735341550407758,53.0,0.9125172615084354,53.0,0.9999999999999999,52.0,0.990926877801598,54.0,0.9102229890534453,4_3,4,3,natural,103.284492493,61.1000137329,5.04694268255,0,495.954050707,0.25749117136
UBFC_A1/Eval_On_COHFACE,COHFACE,old,COHFACE_s04_session3_natural,26,54.0,53.0,correct,54.0,1.0,55.0,0.962417199874178,53.0,0.9191956321888233,53.0,0.9999999999999999,52.0,0.9893500752022526,54.0,0.9186825086384812,4_3,4,3,natural,103.284492493,61.1000137329,5.04694268255,0,495.954050707,0.25749117136
UBFC_A1/Eval_On_COHFACE,COHFACE,old,COHFACE_s04_session3_natural,27,54.0,53.0,correct,54.0,1.0,55.0,0.9603085204750814,53.0,0.923338014633647,53.0,0.9999999999999999,54.0,0.9990901332402227,52.0,0.8922102592730536,4_3,4,3,natural,103.284492493,61.1000137329,5.04694268255,0,495.954050707,0.25749117136
UBFC_A1/Eval_On_COHFACE,COHFACE,old,COHFACE_s04_session3_natural,28,54.0,54.0,correct,54.0,1.0,55.0,0.9988396946507425,53.0,0.8864590525827915,54.0,0.9999999999999999,55.0,0.9942283821174372,53.0,0.9091764989015323,4_3,4,3,natural,103.284492493,61.1000137329,5.04694268255,0,495.954050707,0.25749117136
UBFC_A1/Eval_On_COHFACE,COHFACE,old,COHFACE_s04_session3_natural,29,55.0,54.0,correct,55.0,1.0,54.0,0.9460326005973313,56.0,0.9427779044584561,54.0,0.9999999999999999,53.0,0.9640512297677861,55.0,0.9252968058270644,4_3,4,3,natural,103.284492493,61.1000137329,5.04694268255,0,495.954050707,0.25749117136
UBFC_A1/Eval_On_COHFACE,COHFACE,old,COHFACE_s04_session3_natural,30,55.0,55.0,correct,55.0,1.0,56.0,0.9489780637305972,54.0,0.9387395425296868,55.0,0.9999999999999999,56.0,0.982475092825563,54.0,0.9425654554577839,4_3,4,3,natural,103.284492493,61.1000137329,5.04694268255,0,495.954050707,0.25749117136
UBFC_A1/Eval_On_COHFACE,COHFACE,old,COHFACE_s04_session3_natural,31,55.0,57.0,correct,55.0,1.0,56.0,0.9588323277086543,54.0,0.9240394000241395,57.0,0.9999999999999998,58.0,0.9943463082210706,56.0,0.9421968510266845,4_3,4,3,natural,103.284492493,61.1000137329,5.04694268255,0,495.954050707,0.25749117136
UBFC_A1/Eval_On_COHFACE,COHFACE,old,COHFACE_s04_session3_natural,32,55.0,56.0,correct,55.0,1.0,56.0,0.9592057277919969,54.0,0.9270381147254821,56.0,0.9999999999999999,57.0,0.9763671419941807,55.0,0.932733070049414,4_3,4,3,natural,103.284492493,61.1000137329,5.04694268255,0,495.954050707,0.25749117136
UBFC_A1/Eval_On_COHFACE,COHFACE,old,COHFACE_s04_session3_natural,33,55.0,53.0,correct,55.0,1.0,56.0,0.995723014395884,54.0,0.895668413177692,53.0,0.9999999999999998,54.0,0.9978194958894608,55.0,0.952525920281228,4_3,4,3,natural,103.284492493,61.1000137329,5.04694268255,0,495.954050707,0.25749117136
UBFC_A1/Eval_On_COHFACE,COHFACE,old,COHFACE_s04_session3_natural,34,56.0,54.0,correct,56.0,1.0,55.0,0.9850557681793043,57.0,0.9037761267983532,54.0,0.9999999999999999,55.0,0.9609467339689373,53.0,0.9174162765388864,4_3,4,3,natural,103.284492493,61.1000137329,5.04694268255,0,495.954050707,0.25749117136
UBFC_A1/Eval_On_COHFACE,COHFACE,old,COHFACE_s04_session3_natural,35,55.0,54.0,correct,55.0,1.0,56.0,0.9647701265883889,54.0,0.9246685554689477,54.0,0.9999999999999998,55.0,0.9898594084123302,53.0,0.9181634702963857,4_3,4,3,natural,103.284492493,61.1000137329,5.04694268255,0,495.954050707,0.25749117136
UBFC_A1/Eval_On_COHFACE,COHFACE,old,COHFACE_s04_session3_natural,36,55.0,53.0,correct,55.0,1.0,54.0,0.9816814250795516,56.0,0.9080877996281361,53.0,0.9999999999999998,52.0,0.9734900806268362,54.0,0.9394439598987545,4_3,4,3,natural,103.284492493,61.1000137329,5.04694268255,0,495.954050707,0.25749117136
UBFC_A1/Eval_On_COHFACE,COHFACE,old,COHFACE_s04_session3_natural,37,54.0,86.0,super_harmonic_1p5x,54.0,1.0,55.0,0.9878007746797226,53.0,0.89804870013039,86.0,0.9999999999999987,87.0,0.9503407771240757,85.0,0.9050588901614882,4_3,4,3,natural,103.284492493,61.1000137329,5.04694268255,0,495.954050707,0.25749117136
UBFC_A1/Eval_On_COHFACE,COHFACE,old,COHFACE_s04_session3_natural,38,54.0,55.0,correct,54.0,1.0,55.0,0.9844871318479425,53.0,0.9017384965465954,55.0,0.9999999999999997,54.0,0.9700926230090218,56.0,0.9423796491436276,4_3,4,3,natural,103.284492493,61.1000137329,5.04694268255,0,495.954050707,0.25749117136
UBFC_A1/Eval_On_COHFACE,COHFACE,old,COHFACE_s04_session3_natural,39,55.0,56.0,correct,55.0,1.0,54.0,0.9733230291722037,56.0,0.9140853896864156,56.0,0.9999999999999998,57.0,0.9574260192715589,55.0,0.9189402872717704,4_3,4,3,natural,103.284492493,61.1000137329,5.04694268255,0,495.954050707,0.25749117136
UBFC_A1/Eval_On_COHFACE,COHFACE,old,COHFACE_s04_session3_natural,40,55.0,55.0,correct,55.0,1.0,56.0,0.9421243816221196,54.0,0.9415375735444341,55.0,0.9999999999999999,56.0,0.9881809224023995,54.0,0.8894266038333515,4_3,4,3,natural,103.284492493,61.1000137329,5.04694268255,0,495.954050707,0.25749117136
UBFC_A1/Eval_On_COHFACE,COHFACE,old,COHFACE_s04_session3_natural,41,56.0,54.0,correct,56.0,1.0,55.0,0.9945125406478543,57.0,0.8916050830037578,54.0,0.9999999999999997,55.0,0.9619045164657745,53.0,0.960231663461456,4_3,4,3,natural,103.284492493,61.1000137329,5.04694268255,0,495.954050707,0.25749117136
UBFC_A1/Eval_On_COHFACE,COHFACE,old,COHFACE_s04_session3_natural,42,56.0,58.0,correct,56.0,1.0,57.0,0.9843753008054656,55.0,0.9029774323184607,58.0,0.9999999999999998,59.0,0.9644889407339035,57.0,0.9622713436559803,4_3,4,3,natural,103.284492493,61.1000137329,5.04694268255,0,495.954050707,0.25749117136
UBFC_A1/Eval_On_COHFACE,COHFACE,old,COHFACE_s04_session3_natural,43,57.0,57.0,correct,57.0,1.0,56.0,0.9985862542531929,58.0,0.892414176289759,57.0,0.9999999999999998,56.0,0.9694913057776875,58.0,0.9484264739664039,4_3,4,3,natural,103.284492493,61.1000137329,5.04694268255,0,495.954050707,0.25749117136
UBFC_A1/Eval_On_COHFACE,COHFACE,old,COHFACE_s04_session3_natural,44,56.0,56.0,correct,56.0,1.0,57.0,0.965256645161743,55.0,0.9207916609965585,56.0,0.9999999999999998,55.0,0.9903894214790785,57.0,0.8931706633095742,4_3,4,3,natural,103.284492493,61.1000137329,5.04694268255,0,495.954050707,0.25749117136
UBFC_A1/Eval_On_COHFACE,COHFACE,old,COHFACE_s04_session3_natural,45,56.0,56.0,correct,56.0,1.0,55.0,0.9639012750375684,57.0,0.9218221641691458,56.0,0.9999999999999998,55.0,0.9829439943974625,57.0,0.9295242080218983,4_3,4,3,natural,103.284492493,61.1000137329,5.04694268255,0,495.954050707,0.25749117136
UBFC_A1/Eval_On_COHFACE,COHFACE,old,COHFACE_s04_session3_natural,46,56.0,54.0,correct,56.0,0.9999999999999999,55.0,0.9654310055802626,57.0,0.9224135756072173,54.0,0.9999999999999997,55.0,0.9932459823012285,53.0,0.9471426062293787,4_3,4,3,natural,103.284492493,61.1000137329,5.04694268255,0,495.954050707,0.25749117136
UBFC_A1/Eval_On_COHFACE,COHFACE,old,COHFACE_s04_session3_natural,47,56.0,45.0,large_error,56.0,0.9999999999999999,55.0,0.9698782892194233,57.0,0.9200035930377652,45.0,0.9999999999999997,46.0,0.989144845749865,44.0,0.9624041642222441,4_3,4,3,natural,103.284492493,61.1000137329,5.04694268255,0,495.954050707,0.25749117136
UBFC_A1/Eval_On_COHFACE,COHFACE,old,COHFACE_s04_session3_natural,48,55.0,51.0,large_error,55.0,0.9999999999999999,56.0,0.9972474891894577,54.0,0.8980412437429441,51.0,0.9999999999999998,52.0,0.9898746592221072,50.0,0.8976224728382722,4_3,4,3,natural,103.284492493,61.1000137329,5.04694268255,0,495.954050707,0.25749117136
UBFC_A1/Eval_On_COHFACE,COHFACE,old,COHFACE_s04_session3_natural,49,55.0,52.0,correct,55.0,0.9999999999999999,56.0,0.9793555621690367,54.0,0.9176518095246174,52.0,0.9999999999999997,53.0,0.9329898531857439,51.0,0.929465881065852,4_3,4,3,natural,103.284492493,61.1000137329,5.04694268255,0,495.954050707,0.25749117136
UBFC_A1/Eval_On_COHFACE,COHFACE,old,COHFACE_s04_session3_natural,50,55.0,76.0,super_harmonic_1p5x,55.0,1.0,56.0,0.994002005110301,54.0,0.9009277921394327,76.0,0.9999999999999997,75.0,0.9366591793954618,77.0,0.935911023229114,4_3,4,3,natural,103.284492493,61.1000137329,5.04694268255,0,495.954050707,0.25749117136
UBFC_A1/Eval_On_COHFACE,COHFACE,old,COHFACE_s05_session0_lamp,0,71.0,74.0,correct,71.0,0.9999999999999999,70.0,0.9831587249972337,72.0,0.9071434054912482,74.0,0.9999999999999998,73.0,0.9778795400280449,75.0,0.9145682254594345,5_0,5,0,lamp,120.63331604,65.1467514038,5.89001343982,0.0474382155012,523.783911151,0.399429440498
UBFC_A1/Eval_On_COHFACE,COHFACE,old,COHFACE_s05_session0_lamp,1,71.0,71.0,correct,71.0,0.9999999999999999,72.0,0.9930005336159843,70.0,0.9065542758094459,71.0,0.9999999999999994,72.0,0.996854080120688,70.0,0.9386994274521728,5_0,5,0,lamp,120.63331604,65.1467514038,5.89001343982,0.0474382155012,523.783911151,0.399429440498
UBFC_A1/Eval_On_COHFACE,COHFACE,old,COHFACE_s05_session0_lamp,2,72.0,45.0,large_error,72.0,0.9999999999999999,73.0,0.9568578914655222,71.0,0.9399555051912616,45.0,0.9999999999999997,44.0,0.9590424528121951,46.0,0.955743003883965,5_0,5,0,lamp,120.63331604,65.1467514038,5.89001343982,0.0474382155012,523.783911151,0.399429440498
UBFC_A1/Eval_On_COHFACE,COHFACE,old,COHFACE_s05_session0_lamp,3,73.0,71.0,correct,73.0,0.9999999999999999,74.0,0.9913719054120834,72.0,0.8910572101214781,71.0,0.9999999999999996,70.0,0.9818822393289454,72.0,0.9591184740214522,5_0,5,0,lamp,120.63331604,65.1467514038,5.89001343982,0.0474382155012,523.783911151,0.399429440498
UBFC_A1/Eval_On_COHFACE,COHFACE,old,COHFACE_s05_session0_lamp,4,74.0,74.0,correct,74.0,0.9999999999999999,73.0,0.961748052677811,75.0,0.9245458508429252,74.0,0.9999999999999994,75.0,0.9686613573835479,66.0,0.9459730073370219,5_0,5,0,lamp,120.63331604,65.1467514038,5.89001343982,0.0474382155012,523.783911151,0.399429440498
UBFC_A1/Eval_On_COHFACE,COHFACE,old,COHFACE_s05_session0_lamp,5,73.0,66.0,large_error,73.0,0.9999999999999999,74.0,0.9894501197310578,72.0,0.8993089279333459,66.0,0.9999999999999984,67.0,0.9703915879486854,65.0,0.9224398484544112,5_0,5,0,lamp,120.63331604,65.1467514038,5.89001343982,0.0474382155012,523.783911151,0.399429440498
UBFC_A1/Eval_On_COHFACE,COHFACE,old,COHFACE_s05_session0_lamp,6,72.0,78.0,large_error,72.0,0.9999999999999999,73.0,0.988082596314018,71.0,0.8971457440179031,78.0,0.9999999999999988,77.0,0.9858182223995703,79.0,0.9431637783657856,5_0,5,0,lamp,120.63331604,65.1467514038,5.89001343982,0.0474382155012,523.783911151,0.399429440498
UBFC_A1/Eval_On_COHFACE,COHFACE,old,COHFACE_s05_session0_lamp,7,71.0,59.0,large_error,71.0,0.9999999999999999,72.0,0.9762988105580371,70.0,0.9314556152041725,59.0,0.9999999999999983,60.0,0.9924704043412765,58.0,0.9281417416553303,5_0,5,0,lamp,120.63331604,65.1467514038,5.89001343982,0.0474382155012,523.783911151,0.399429440498
UBFC_A1/Eval_On_COHFACE,COHFACE,old,COHFACE_s05_session0_lamp,8,71.0,60.0,large_error,71.0,0.9999999999999999,72.0,0.9540644479747519,70.0,0.9453068717408056,60.0,0.9999999999999998,59.0,0.9808318542391976,61.0,0.9080861927143689,5_0,5,0,lamp,120.63331604,65.1467514038,5.89001343982,0.0474382155012,523.783911151,0.399429440498
UBFC_A1/Eval_On_COHFACE,COHFACE,old,COHFACE_s05_session0_lamp,9,73.0,60.0,large_error,73.0,0.9999999999999999,72.0,0.9872249889106208,74.0,0.9267842238312914,60.0,0.9999999999999998,59.0,0.9912467612683384,61.0,0.9321673030639367,5_0,5,0,lamp,120.63331604,65.1467514038,5.89001343982,0.0474382155012,523.783911151,0.399429440498
UBFC_A1/Eval_On_COHFACE,COHFACE,old,COHFACE_s05_session0_lamp,10,75.0,46.0,large_error,75.0,0.9999999999999999,76.0,0.9455142019130103,74.0,0.9352951827527098,46.0,0.9999999999999998,45.0,0.9712689389050563,47.0,0.8887961472730487,5_0,5,0,lamp,120.63331604,65.1467514038,5.89001343982,0.0474382155012,523.783911151,0.399429440498
UBFC_A1/Eval_On_COHFACE,COHFACE,old,COHFACE_s05_session0_lamp,11,76.0,44.0,sub_harmonic_half,76.0,0.9999999999999998,77.0,0.9917232237232119,75.0,0.8801178381421155,44.0,0.9999999999999998,43.0,0.9554492348118745,45.0,0.9170150580614873,5_0,5,0,lamp,120.63331604,65.1467514038,5.89001343982,0.0474382155012,523.783911151,0.399429440498
UBFC_A1/Eval_On_COHFACE,COHFACE,old,COHFACE_s05_session0_lamp,12,76.0,46.0,large_error,76.0,0.9999999999999998,77.0,0.9629156201487892,75.0,0.9144594101095846,46.0,0.9999999999999997,45.0,0.9882551540582454,47.0,0.9835548366553825,5_0,5,0,lamp,120.63331604,65.1467514038,5.89001343982,0.0474382155012,523.783911151,0.399429440498
UBFC_A1/Eval_On_COHFACE,COHFACE,old,COHFACE_s05_session0_lamp,13,65.0,49.0,large_error,65.0,0.9999999999999999,64.0,0.9932634292281094,66.0,0.8657090298114513,49.0,0.9999999999999996,50.0,0.9932002610543503,48.0,0.9611490141706595,5_0,5,0,lamp,120.63331604,65.1467514038,5.89001343982,0.0474382155012,523.783911151,0.399429440498
UBFC_A1/Eval_On_COHFACE,COHFACE,old,COHFACE_s05_session0_lamp,14,64.0,44.0,large_error,64.0,0.9999999999999999,63.0,0.9802405726356674,65.0,0.9579030786317202,44.0,0.9999999999999997,45.0,0.9968368069530528,46.0,0.9465641244601439,5_0,5,0,lamp,120.63331604,65.1467514038,5.89001343982,0.0474382155012,523.783911151,0.399429440498
UBFC_A1/Eval_On_COHFACE,COHFACE,old,COHFACE_s05_session0_lamp,15,67.0,47.0,large_error,67.0,0.9999999999999998,68.0,0.983139131277826,66.0,0.9723125131342897,47.0,0.9999999999999994,48.0,0.9595399819907575,46.0,0.9437074147493638,5_0,5,0,lamp,120.63331604,65.1467514038,5.89001343982,0.0474382155012,523.783911151,0.399429440498
UBFC_A1/Eval_On_COHFACE,COHFACE,old,COHFACE_s05_session0_lamp,16,68.0,61.0,large_error,68.0,0.9999999999999999,67.0,0.9974947227102988,66.0,0.9018078004160403,61.0,0.9999999999999989,61.99999999999999,0.9739838587569548,60.0,0.9362139364933829,5_0,5,0,lamp,120.63331604,65.1467514038,5.89001343982,0.0474382155012,523.783911151,0.399429440498
UBFC_A1/Eval_On_COHFACE,COHFACE,old,COHFACE_s05_session0_lamp,17,68.0,49.0,large_error,68.0,0.9999999999999999,69.0,0.96833101193415,67.0,0.9392688287006793,49.0,0.9999999999999996,50.0,0.9801005749402028,48.0,0.8476994050096914,5_0,5,0,lamp,120.63331604,65.1467514038,5.89001343982,0.0474382155012,523.783911151,0.399429440498
UBFC_A1/Eval_On_COHFACE,COHFACE,old,COHFACE_s05_session0_lamp,18,70.0,43.0,large_error,70.0,0.9999999999999998,71.0,0.9776391765442762,69.0,0.906484754908444,43.0,0.999999999999999,42.0,0.9945601650864827,44.0,0.9528901525326385,5_0,5,0,lamp,120.63331604,65.1467514038,5.89001343982,0.0474382155012,523.783911151,0.399429440498
UBFC_A1/Eval_On_COHFACE,COHFACE,old,COHFACE_s05_session0_lamp,19,72.0,51.0,large_error,72.0,0.9999999999999999,73.0,0.959144148697515,71.0,0.9218372380469244,51.0,0.9999999999999998,50.0,0.9706149234106155,52.0,0.9574420444169937,5_0,5,0,lamp,120.63331604,65.1467514038,5.89001343982,0.0474382155012,523.783911151,0.399429440498
UBFC_A1/Eval_On_COHFACE,COHFACE,old,COHFACE_s05_session0_lamp,20,73.0,59.0,large_error,73.0,1.0,74.0,0.985875902255147,72.0,0.8902823113356197,59.0,0.9999999999999994,58.0,0.9807209595809042,60.0,0.9583643207852901,5_0,5,0,lamp,120.63331604,65.1467514038,5.89001343982,0.0474382155012,523.783911151,0.399429440498
UBFC_A1/Eval_On_COHFACE,COHFACE,old,COHFACE_s05_session0_lamp,21,74.0,55.0,large_error,74.0,0.9999999999999999,73.0,0.9756529272824406,75.0,0.9107414518980113,55.0,0.9999999999999996,56.0,0.993800521535886,54.0,0.9446812495731459,5_0,5,0,lamp,120.63331604,65.1467514038,5.89001343982,0.0474382155012,523.783911151,0.399429440498
UBFC_A1/Eval_On_COHFACE,COHFACE,old,COHFACE_s05_session0_lamp,22,74.0,55.0,large_error,74.0,0.9999999999999999,73.0,0.9887051782087801,75.0,0.9104924769901874,55.0,0.9999999999999992,56.0,0.9761738186986557,54.0,0.9155320401451605,5_0,5,0,lamp,120.63331604,65.1467514038,5.89001343982,0.0474382155012,523.783911151,0.399429440498
UBFC_A1/Eval_On_COHFACE,COHFACE,old,COHFACE_s05_session0_lamp,23,74.0,59.0,large_error,74.0,0.9999999999999999,75.0,0.9559724961005774,73.0,0.952583426430193,59.0,0.9999999999999999,58.0,0.9572442376846604,60.0,0.876755051062771,5_0,5,0,lamp,120.63331604,65.1467514038,5.89001343982,0.0474382155012,523.783911151,0.399429440498
UBFC_A1/Eval_On_COHFACE,COHFACE,old,COHFACE_s05_session0_lamp,24,75.0,81.0,large_error,75.0,0.9999999999999998,76.0,0.9964581180196649,74.0,0.9254372380129721,81.0,0.9999999999999997,80.0,0.9812118297833649,82.0,0.8910483915057027,5_0,5,0,lamp,120.63331604,65.1467514038,5.89001343982,0.0474382155012,523.783911151,0.399429440498
UBFC_A1/Eval_On_COHFACE,COHFACE,old,COHFACE_s05_session0_lamp,25,77.0,82.0,large_error,77.0,0.9999999999999999,78.0,0.9984812214060881,76.0,0.8661030103169767,82.0,0.9999999999999998,81.0,0.9982955107070898,80.0,0.8869749998116739,5_0,5,0,lamp,120.63331604,65.1467514038,5.89001343982,0.0474382155012,523.783911151,0.399429440498
UBFC_A1/Eval_On_COHFACE,COHFACE,old,COHFACE_s05_session0_lamp,26,78.0,88.0,large_error,78.0,0.9999999999999998,77.0,0.98216276110041,79.0,0.8964890281767005,88.0,0.9999999999999997,87.0,0.9927849817157454,89.0,0.9344556746498833,5_0,5,0,lamp,120.63331604,65.1467514038,5.89001343982,0.0474382155012,523.783911151,0.399429440498
UBFC_A1/Eval_On_COHFACE,COHFACE,old,COHFACE_s05_session0_lamp,27,66.0,82.0,large_error,66.0,0.9999999999999998,65.0,0.921205466076209,67.0,0.9087529726863026,82.0,0.9999999999999997,83.0,0.9879685590137822,81.0,0.9678331761677974,5_0,5,0,lamp,120.63331604,65.1467514038,5.89001343982,0.0474382155012,523.783911151,0.399429440498
UBFC_A1/Eval_On_COHFACE,COHFACE,old,COHFACE_s05_session0_lamp,28,65.0,82.0,super_harmonic_1p5x,65.0,0.9999999999999999,64.0,0.9713318515256051,66.0,0.9226116936385771,82.0,0.9999999999999998,81.0,0.9677457715374482,83.0,0.9661673467242775,5_0,5,0,lamp,120.63331604,65.1467514038,5.89001343982,0.0474382155012,523.783911151,0.399429440498
UBFC_A1/Eval_On_COHFACE,COHFACE,old,COHFACE_s05_session0_lamp,29,63.0,49.0,large_error,63.0,0.9999999999999998,61.99999999999999,0.9941226324444852,64.0,0.942585259053981,49.0,0.9999999999999993,48.0,0.9616929540162849,50.0,0.8984940157177084,5_0,5,0,lamp,120.63331604,65.1467514038,5.89001343982,0.0474382155012,523.783911151,0.399429440498
UBFC_A1/Eval_On_COHFACE,COHFACE,old,COHFACE_s05_session0_lamp,30,65.0,48.0,large_error,65.0,0.9999999999999998,66.0,0.9935072189698144,64.0,0.9698748050982391,48.0,0.9999999999999993,49.0,0.9954630698729892,47.0,0.8896875674135897,5_0,5,0,lamp,120.63331604,65.1467514038,5.89001343982,0.0474382155012,523.783911151,0.399429440498
UBFC_A1/Eval_On_COHFACE,COHFACE,old,COHFACE_s05_session0_lamp,31,66.0,87.0,super_harmonic_1p5x,66.0,0.9999999999999998,67.0,0.96388298012969,65.0,0.9619021416706809,87.0,0.999999999999999,86.0,0.9559053745451935,88.0,0.8966017382207129,5_0,5,0,lamp,120.63331604,65.1467514038,5.89001343982,0.0474382155012,523.783911151,0.399429440498
UBFC_A1/Eval_On_COHFACE,COHFACE,old,COHFACE_s05_session0_lamp,32,60.0,53.0,large_error,60.0,0.9999999999999998,61.0,0.9781871998337848,59.0,0.9274307502752803,53.0,0.9999999999999996,52.0,0.9587021073622481,54.0,0.9438659496448146,5_0,5,0,lamp,120.63331604,65.1467514038,5.89001343982,0.0474382155012,523.783911151,0.399429440498
UBFC_A1/Eval_On_COHFACE,COHFACE,old,COHFACE_s05_session0_lamp,33,61.0,60.0,correct,61.0,0.9999999999999999,61.99999999999999,0.97346509089731,71.0,0.9127804804557921,60.0,0.9999999999999961,46.0,0.9953017254998644,47.0,0.9892418832957593,5_0,5,0,lamp,120.63331604,65.1467514038,5.89001343982,0.0474382155012,523.783911151,0.399429440498
UBFC_A1/Eval_On_COHFACE,COHFACE,old,COHFACE_s05_session0_lamp,34,73.0,53.0,large_error,73.0,0.9999999999999999,72.0,0.9641915895549439,74.0,0.9134158576624047,53.0,0.9999999999999978,52.0,0.9757853778970432,54.0,0.9022238852396948,5_0,5,0,lamp,120.63331604,65.1467514038,5.89001343982,0.0474382155012,523.783911151,0.399429440498
UBFC_A1/Eval_On_COHFACE,COHFACE,old,COHFACE_s05_session0_lamp,35,73.0,65.0,large_error,73.0,0.9999999999999999,74.0,0.9702226031132244,72.0,0.9057985383977534,65.0,0.9999999999999971,66.0,0.9403371848658872,54.0,0.9160259268549474,5_0,5,0,lamp,120.63331604,65.1467514038,5.89001343982,0.0474382155012,523.783911151,0.399429440498
UBFC_A1/Eval_On_COHFACE,COHFACE,old,COHFACE_s05_session0_lamp,36,73.0,67.0,large_error,73.0,0.9999999999999998,72.0,0.9508021977521237,74.0,0.9440583899136614,67.0,0.9999999999999984,66.0,0.951025463519256,68.0,0.8843718246980861,5_0,5,0,lamp,120.63331604,65.1467514038,5.89001343982,0.0474382155012,523.783911151,0.399429440498
UBFC_A1/Eval_On_COHFACE,COHFACE,old,COHFACE_s05_session0_lamp,37,72.0,63.0,large_error,72.0,0.9999999999999999,71.0,0.9925032871634183,73.0,0.8984011018002485,63.0,0.9999999999999994,61.99999999999999,0.9928911284204818,64.0,0.9684752081861249,5_0,5,0,lamp,120.63331604,65.1467514038,5.89001343982,0.0474382155012,523.783911151,0.399429440498
UBFC_A1/Eval_On_COHFACE,COHFACE,old,COHFACE_s05_session0_lamp,38,70.0,63.0,large_error,70.0,0.9999999999999999,71.0,0.9909855859279476,69.0,0.9062040711278386,63.0,0.9999999999999993,64.0,0.9990774139274343,65.0,0.9819994146799157,5_0,5,0,lamp,120.63331604,65.1467514038,5.89001343982,0.0474382155012,523.783911151,0.399429440498
UBFC_A1/Eval_On_COHFACE,COHFACE,old,COHFACE_s05_session0_lamp,39,70.0,66.0,large_error,70.0,1.0,69.0,0.9720845554612906,71.0,0.9114842735974551,66.0,0.9999999999999992,65.0,0.9975344797514245,67.0,0.9712582400784739,5_0,5,0,lamp,120.63331604,65.1467514038,5.89001343982,0.0474382155012,523.783911151,0.399429440498
UBFC_A1/Eval_On_COHFACE,COHFACE,old,COHFACE_s05_session0_lamp,40,70.0,67.0,correct,70.0,1.0,69.0,0.9883591560908578,71.0,0.8910501817250734,67.0,0.9999999999999996,66.0,0.9941640042080708,68.0,0.9470301648544042,5_0,5,0,lamp,120.63331604,65.1467514038,5.89001343982,0.0474382155012,523.783911151,0.399429440498
UBFC_A1/Eval_On_COHFACE,COHFACE,old,COHFACE_s05_session0_lamp,41,70.0,46.0,large_error,70.0,1.0,71.0,0.9446968476413447,69.0,0.940521931942931,46.0,0.9999999999999996,45.0,0.9744322882616618,47.0,0.9550621734613186,5_0,5,0,lamp,120.63331604,65.1467514038,5.89001343982,0.0474382155012,523.783911151,0.399429440498
UBFC_A1/Eval_On_COHFACE,COHFACE,old,COHFACE_s05_session0_lamp,42,71.0,74.0,correct,71.0,0.9999999999999999,70.0,0.9510246634591336,72.0,0.9485874295916461,74.0,0.9999999999999998,73.0,0.9396981180905669,75.0,0.9003452974529214,5_0,5,0,lamp,120.63331604,65.1467514038,5.89001343982,0.0474382155012,523.783911151,0.399429440498
UBFC_A1/Eval_On_COHFACE,COHFACE,old,COHFACE_s05_session0_lamp,43,72.0,74.0,correct,72.0,0.9999999999999998,73.0,0.9968587821637779,71.0,0.9175649283622178,74.0,0.9999999999999992,73.0,0.9196277079865228,75.0,0.9155297749865388,5_0,5,0,lamp,120.63331604,65.1467514038,5.89001343982,0.0474382155012,523.783911151,0.399429440498
UBFC_A1/Eval_On_COHFACE,COHFACE,old,COHFACE_s05_session0_lamp,44,74.0,72.0,correct,74.0,0.9999999999999998,73.0,0.9456365128926576,75.0,0.9263825476145738,72.0,0.9999999999999997,73.0,0.9596834107416177,71.0,0.9383198226354851,5_0,5,0,lamp,120.63331604,65.1467514038,5.89001343982,0.0474382155012,523.783911151,0.399429440498
UBFC_A1/Eval_On_COHFACE,COHFACE,old,COHFACE_s05_session0_lamp,45,75.0,73.0,correct,75.0,0.9999999999999999,74.0,0.9639881782444415,76.0,0.9128357168538563,73.0,0.9999999999999998,74.0,0.9756748427876106,72.0,0.9214476615845326,5_0,5,0,lamp,120.63331604,65.1467514038,5.89001343982,0.0474382155012,523.783911151,0.399429440498
UBFC_A1/Eval_On_COHFACE,COHFACE,old,COHFACE_s05_session0_lamp,46,75.0,74.0,correct,75.0,0.9999999999999999,76.0,0.9586381197162479,74.0,0.9193196103982364,74.0,0.9999999999999999,75.0,0.9601348658375608,73.0,0.9530855406866018,5_0,5,0,lamp,120.63331604,65.1467514038,5.89001343982,0.0474382155012,523.783911151,0.399429440498
UBFC_A1/Eval_On_COHFACE,COHFACE,old,COHFACE_s05_session0_lamp,47,75.0,74.0,correct,75.0,0.9999999999999999,74.0,0.9989411078035895,76.0,0.8883746254233156,74.0,0.9999999999999999,75.0,0.9685519664537844,73.0,0.9548397427794254,5_0,5,0,lamp,120.63331604,65.1467514038,5.89001343982,0.0474382155012,523.783911151,0.399429440498
UBFC_A1/Eval_On_COHFACE,COHFACE,old,COHFACE_s05_session0_lamp,48,74.0,73.0,correct,74.0,0.9999999999999998,75.0,0.9635584007790124,73.0,0.93798328945911,73.0,0.9999999999999999,72.0,0.9664136914192306,74.0,0.9631432161827517,5_0,5,0,lamp,120.63331604,65.1467514038,5.89001343982,0.0474382155012,523.783911151,0.399429440498
UBFC_A1/Eval_On_COHFACE,COHFACE,old,COHFACE_s05_session0_lamp,49,74.0,72.0,correct,74.0,0.9999999999999999,73.0,0.9635806480559265,75.0,0.9362113016655406,72.0,0.9999999999999999,73.0,0.9757499958995582,71.0,0.9626583752778691,5_0,5,0,lamp,120.63331604,65.1467514038,5.89001343982,0.0474382155012,523.783911151,0.399429440498
UBFC_A1/Eval_On_COHFACE,COHFACE,old,COHFACE_s05_session0_lamp,50,74.0,68.0,large_error,74.0,0.9999999999999999,75.0,0.9885082005199038,73.0,0.8947788443419487,68.0,0.9999999999999999,67.0,0.9409591153748038,69.0,0.9132514990271636,5_0,5,0,lamp,120.63331604,65.1467514038,5.89001343982,0.0474382155012,523.783911151,0.399429440498
UBFC_A1/Eval_On_COHFACE,COHFACE,old,COHFACE_s05_session1_lamp,0,75.0,82.0,large_error,75.0,0.9999999999999999,74.0,0.9777887116219982,76.0,0.9195728342669659,82.0,0.9999999999999998,83.0,0.9984818222232268,81.0,0.9218256505704996,5_1,5,1,lamp,106.841629028,58.8681106567,8.79425955291,0,430.440251666,0.242724850774
UBFC_A1/Eval_On_COHFACE,COHFACE,old,COHFACE_s05_session1_lamp,1,74.0,84.0,large_error,74.0,0.9999999999999999,73.0,0.9998945375980546,72.0,0.9071253351474594,84.0,0.9999999999999997,85.0,0.9617784186857622,83.0,0.9447167174276629,5_1,5,1,lamp,106.841629028,58.8681106567,8.79425955291,0,430.440251666,0.242724850774
UBFC_A1/Eval_On_COHFACE,COHFACE,old,COHFACE_s05_session1_lamp,2,73.0,43.0,large_error,73.0,0.9999999999999999,74.0,0.9803859266511961,72.0,0.9222184680258759,43.0,0.9999999999999986,42.0,0.9500476395002834,44.0,0.9402947745040273,5_1,5,1,lamp,106.841629028,58.8681106567,8.79425955291,0,430.440251666,0.242724850774
UBFC_A1/Eval_On_COHFACE,COHFACE,old,COHFACE_s05_session1_lamp,3,74.0,40.0,sub_harmonic_half,74.0,0.9999999999999999,75.0,0.9587981057639159,73.0,0.9264546895049569,40.0,0.9999999999999996,41.0,0.6988135932740501,48.0,0.6970755414677139,5_1,5,1,lamp,106.841629028,58.8681106567,8.79425955291,0,430.440251666,0.242724850774
UBFC_A1/Eval_On_COHFACE,COHFACE,old,COHFACE_s05_session1_lamp,4,75.0,70.0,large_error,75.0,0.9999999999999999,76.0,0.9501817360140185,74.0,0.926766875094852,70.0,0.9999999999999994,69.0,0.9652909651443541,71.0,0.8995419386946175,5_1,5,1,lamp,106.841629028,58.8681106567,8.79425955291,0,430.440251666,0.242724850774
UBFC_A1/Eval_On_COHFACE,COHFACE,old,COHFACE_s05_session1_lamp,5,76.0,75.0,correct,76.0,0.9999999999999999,75.0,0.9864300860419472,77.0,0.8960741899508949,75.0,0.9999999999999998,74.0,0.9913066029974428,76.0,0.930389889522269,5_1,5,1,lamp,106.841629028,58.8681106567,8.79425955291,0,430.440251666,0.242724850774
UBFC_A1/Eval_On_COHFACE,COHFACE,old,COHFACE_s05_session1_lamp,6,75.0,75.0,correct,75.0,0.9999999999999999,76.0,0.9442074906484377,74.0,0.9358744334524464,75.0,0.9999999999999999,74.0,0.9875687729856596,76.0,0.9321463853148455,5_1,5,1,lamp,106.841629028,58.8681106567,8.79425955291,0,430.440251666,0.242724850774
UBFC_A1/Eval_On_COHFACE,COHFACE,old,COHFACE_s05_session1_lamp,7,74.0,73.0,correct,74.0,0.9999999999999998,75.0,0.9623076928051301,73.0,0.9381238599551383,73.0,0.9999999999999998,74.0,0.9889267784188712,72.0,0.923651923703304,5_1,5,1,lamp,106.841629028,58.8681106567,8.79425955291,0,430.440251666,0.242724850774
UBFC_A1/Eval_On_COHFACE,COHFACE,old,COHFACE_s05_session1_lamp,8,72.0,74.0,correct,72.0,0.9999999999999999,73.0,0.9770649789147875,71.0,0.936715999820608,74.0,0.9999999999999998,75.0,0.9640574370803126,73.0,0.94375747155423,5_1,5,1,lamp,106.841629028,58.8681106567,8.79425955291,0,430.440251666,0.242724850774
UBFC_A1/Eval_On_COHFACE,COHFACE,old,COHFACE_s05_session1_lamp,9,72.0,43.0,large_error,72.0,0.9999999999999999,71.0,0.9773735064492788,73.0,0.9211725833878438,43.0,0.9999999999999996,44.0,0.9900912988581857,72.0,0.982280122679642,5_1,5,1,lamp,106.841629028,58.8681106567,8.79425955291,0,430.440251666,0.242724850774
UBFC_A1/Eval_On_COHFACE,COHFACE,old,COHFACE_s05_session1_lamp,10,72.0,71.0,correct,72.0,0.9999999999999999,73.0,0.9791089117763192,71.0,0.8966126897374594,71.0,0.9999999999999994,70.0,0.9675992656357759,90.0,0.9536963579056397,5_1,5,1,lamp,106.841629028,58.8681106567,8.79425955291,0,430.440251666,0.242724850774
UBFC_A1/Eval_On_COHFACE,COHFACE,old,COHFACE_s05_session1_lamp,11,73.0,69.0,large_error,73.0,0.9999999999999999,72.0,0.9475811904661434,74.0,0.9261750171142953,69.0,0.9999999999999997,43.0,0.9605494053026167,68.0,0.9601720872488027,5_1,5,1,lamp,106.841629028,58.8681106567,8.79425955291,0,430.440251666,0.242724850774
UBFC_A1/Eval_On_COHFACE,COHFACE,old,COHFACE_s05_session1_lamp,12,73.0,73.0,correct,73.0,0.9999999999999999,74.0,0.9944098476232088,72.0,0.8841599326151404,73.0,0.9999999999999997,74.0,0.9608972210388663,72.0,0.9030273412703632,5_1,5,1,lamp,106.841629028,58.8681106567,8.79425955291,0,430.440251666,0.242724850774
UBFC_A1/Eval_On_COHFACE,COHFACE,old,COHFACE_s05_session1_lamp,13,74.0,74.0,correct,74.0,0.9999999999999999,73.0,0.9588303822243399,75.0,0.9294304545029551,74.0,0.9999999999999998,73.0,0.9744944123332145,75.0,0.9039566434815375,5_1,5,1,lamp,106.841629028,58.8681106567,8.79425955291,0,430.440251666,0.242724850774
UBFC_A1/Eval_On_COHFACE,COHFACE,old,COHFACE_s05_session1_lamp,14,74.0,75.0,correct,74.0,0.9999999999999999,73.0,0.9815168574026097,75.0,0.9160733714039292,75.0,0.9999999999999997,76.0,0.9698849679505658,74.0,0.9286985514385252,5_1,5,1,lamp,106.841629028,58.8681106567,8.79425955291,0,430.440251666,0.242724850774
UBFC_A1/Eval_On_COHFACE,COHFACE,old,COHFACE_s05_session1_lamp,15,74.0,40.0,sub_harmonic_half,74.0,0.9999999999999999,73.0,0.9982824400798787,72.0,0.8964899807011874,40.0,0.9999999999999996,79.0,0.8388361066581048,80.0,0.8157772438340537,5_1,5,1,lamp,106.841629028,58.8681106567,8.79425955291,0,430.440251666,0.242724850774
UBFC_A1/Eval_On_COHFACE,COHFACE,old,COHFACE_s05_session1_lamp,16,74.0,61.99999999999999,large_error,74.0,0.9999999999999999,75.0,0.9471729004348433,73.0,0.9396220502545838,61.99999999999999,0.9999999999999996,63.0,0.9934278470844459,61.0,0.9548169280380254,5_1,5,1,lamp,106.841629028,58.8681106567,8.79425955291,0,430.440251666,0.242724850774
UBFC_A1/Eval_On_COHFACE,COHFACE,old,COHFACE_s05_session1_lamp,17,75.0,67.0,large_error,75.0,0.9999999999999999,74.0,0.9994053366281818,76.0,0.8821565924815238,67.0,0.9999999999999998,66.0,0.9899634555526104,78.0,0.9204851614713845,5_1,5,1,lamp,106.841629028,58.8681106567,8.79425955291,0,430.440251666,0.242724850774
UBFC_A1/Eval_On_COHFACE,COHFACE,old,COHFACE_s05_session1_lamp,18,75.0,79.0,large_error,75.0,0.9999999999999999,76.0,0.9615740442302818,74.0,0.9176720236655987,79.0,0.9999999999999997,80.0,0.9856719616224298,78.0,0.9211978454790524,5_1,5,1,lamp,106.841629028,58.8681106567,8.79425955291,0,430.440251666,0.242724850774
UBFC_A1/Eval_On_COHFACE,COHFACE,old,COHFACE_s05_session1_lamp,19,75.0,79.0,large_error,75.0,0.9999999999999999,74.0,0.9880342453576058,76.0,0.8964090549660172,79.0,0.9999999999999997,80.0,0.9944512636634528,78.0,0.9298009115296972,5_1,5,1,lamp,106.841629028,58.8681106567,8.79425955291,0,430.440251666,0.242724850774
UBFC_A1/Eval_On_COHFACE,COHFACE,old,COHFACE_s05_session1_lamp,20,74.0,45.0,large_error,74.0,0.9999999999999999,73.0,0.972103453317584,75.0,0.9231137554542793,45.0,0.9999999999999998,44.0,0.9727369595614513,46.0,0.9384795446018266,5_1,5,1,lamp,106.841629028,58.8681106567,8.79425955291,0,430.440251666,0.242724850774
UBFC_A1/Eval_On_COHFACE,COHFACE,old,COHFACE_s05_session1_lamp,21,72.0,82.0,large_error,72.0,0.9999999999999999,73.0,0.9570152972381886,71.0,0.9521539270510018,82.0,0.9999999999999997,81.0,0.9590657185699241,83.0,0.9489066705899956,5_1,5,1,lamp,106.841629028,58.8681106567,8.79425955291,0,430.440251666,0.242724850774
UBFC_A1/Eval_On_COHFACE,COHFACE,old,COHFACE_s05_session1_lamp,22,71.0,69.0,correct,71.0,0.9999999999999999,72.0,0.9736162947572575,70.0,0.927670949793913,69.0,0.9999999999999998,68.0,0.9672319843309262,70.0,0.9277398162510945,5_1,5,1,lamp,106.841629028,58.8681106567,8.79425955291,0,430.440251666,0.242724850774
UBFC_A1/Eval_On_COHFACE,COHFACE,old,COHFACE_s05_session1_lamp,23,72.0,50.0,large_error,72.0,0.9999999999999999,71.0,0.9639272395374355,73.0,0.9147262851641508,50.0,0.9999999999999998,51.0,0.9573234810469685,69.0,0.8771792901435763,5_1,5,1,lamp,106.841629028,58.8681106567,8.79425955291,0,430.440251666,0.242724850774
UBFC_A1/Eval_On_COHFACE,COHFACE,old,COHFACE_s05_session1_lamp,24,72.0,72.0,correct,72.0,1.0,73.0,0.9630829402052029,71.0,0.9089156847734458,72.0,0.9999999999999997,73.0,0.9996494926424632,74.0,0.9339535786832762,5_1,5,1,lamp,106.841629028,58.8681106567,8.79425955291,0,430.440251666,0.242724850774
UBFC_A1/Eval_On_COHFACE,COHFACE,old,COHFACE_s05_session1_lamp,25,72.0,73.0,correct,72.0,0.9999999999999999,73.0,0.9783088063542668,71.0,0.8981162098506639,73.0,0.9999999999999998,74.0,0.9897381397751857,72.0,0.9103094717323282,5_1,5,1,lamp,106.841629028,58.8681106567,8.79425955291,0,430.440251666,0.242724850774
UBFC_A1/Eval_On_COHFACE,COHFACE,old,COHFACE_s05_session1_lamp,26,73.0,76.0,correct,73.0,0.9999999999999999,72.0,0.9627310765961592,74.0,0.9258639908428675,76.0,0.9999999999999997,75.0,0.987770246073971,77.0,0.9439544762736747,5_1,5,1,lamp,106.841629028,58.8681106567,8.79425955291,0,430.440251666,0.242724850774
UBFC_A1/Eval_On_COHFACE,COHFACE,old,COHFACE_s05_session1_lamp,27,73.0,44.0,large_error,73.0,0.9999999999999999,72.0,0.9730903102716824,74.0,0.9230999473849743,44.0,0.9999999999999998,45.0,0.9893544695228078,43.0,0.9455331883971994,5_1,5,1,lamp,106.841629028,58.8681106567,8.79425955291,0,430.440251666,0.242724850774
UBFC_A1/Eval_On_COHFACE,COHFACE,old,COHFACE_s05_session1_lamp,28,73.0,42.0,sub_harmonic_half,73.0,1.0,72.0,0.9897133047516401,74.0,0.8943358193067888,42.0,0.9999999999999997,41.0,0.9701852828776768,43.0,0.965507259976306,5_1,5,1,lamp,106.841629028,58.8681106567,8.79425955291,0,430.440251666,0.242724850774
UBFC_A1/Eval_On_COHFACE,COHFACE,old,COHFACE_s05_session1_lamp,29,72.0,42.0,sub_harmonic_half,72.0,1.0,71.0,0.944954848512685,73.0,0.9318430648811459,42.0,0.9999999999999998,43.0,0.9624101710313296,41.0,0.9240455055822641,5_1,5,1,lamp,106.841629028,58.8681106567,8.79425955291,0,430.440251666,0.242724850774
UBFC_A1/Eval_On_COHFACE,COHFACE,old,COHFACE_s05_session1_lamp,30,71.0,82.0,large_error,71.0,1.0,72.0,0.9624022596342052,70.0,0.9129629299837483,82.0,0.9999999999999998,83.0,0.955083300957744,81.0,0.9282838084494013,5_1,5,1,lamp,106.841629028,58.8681106567,8.79425955291,0,430.440251666,0.242724850774
UBFC_A1/Eval_On_COHFACE,COHFACE,old,COHFACE_s05_session1_lamp,31,71.0,41.0,sub_harmonic_half,71.0,1.0,72.0,0.9849169380702693,70.0,0.9046092784136907,41.0,0.9999999999999998,42.0,0.9748458805435665,40.0,0.9255619209395852,5_1,5,1,lamp,106.841629028,58.8681106567,8.79425955291,0,430.440251666,0.242724850774
UBFC_A1/Eval_On_COHFACE,COHFACE,old,COHFACE_s05_session1_lamp,32,71.0,76.0,large_error,71.0,0.9999999999999999,72.0,0.987625338507345,70.0,0.9076447035606914,76.0,0.9999999999999998,77.0,0.9819145540437011,75.0,0.9122334741639273,5_1,5,1,lamp,106.841629028,58.8681106567,8.79425955291,0,430.440251666,0.242724850774
UBFC_A1/Eval_On_COHFACE,COHFACE,old,COHFACE_s05_session1_lamp,33,72.0,77.0,large_error,72.0,1.0,71.0,0.9573528680833266,73.0,0.9288643405697831,77.0,0.9999999999999998,76.0,0.984172762057657,78.0,0.9250388255116673,5_1,5,1,lamp,106.841629028,58.8681106567,8.79425955291,0,430.440251666,0.242724850774
UBFC_A1/Eval_On_COHFACE,COHFACE,old,COHFACE_s05_session1_lamp,34,72.0,75.0,correct,72.0,1.0,71.0,0.9701798301475268,73.0,0.9061860115866751,75.0,0.9999999999999999,74.0,0.9749617142439944,76.0,0.928386871064548,5_1,5,1,lamp,106.841629028,58.8681106567,8.79425955291,0,430.440251666,0.242724850774
UBFC_A1/Eval_On_COHFACE,COHFACE,old,COHFACE_s05_session1_lamp,35,71.0,75.0,large_error,71.0,1.0,72.0,0.9610205722367381,70.0,0.9114767760650834,75.0,0.9999999999999999,76.0,0.9972008065094549,74.0,0.9060062275517133,5_1,5,1,lamp,106.841629028,58.8681106567,8.79425955291,0,430.440251666,0.242724850774
UBFC_A1/Eval_On_COHFACE,COHFACE,old,COHFACE_s05_session1_lamp,36,71.0,79.0,large_error,71.0,0.9999999999999999,70.0,0.9478301543812271,72.0,0.9387875437363588,79.0,0.9999999999999997,78.0,0.9882955229939786,80.0,0.917608641788313,5_1,5,1,lamp,106.841629028,58.8681106567,8.79425955291,0,430.440251666,0.242724850774
UBFC_A1/Eval_On_COHFACE,COHFACE,old,COHFACE_s05_session1_lamp,37,70.0,79.0,large_error,70.0,0.9999999999999999,71.0,0.9796086629435751,69.0,0.9163695739138158,79.0,0.9999999999999997,80.0,0.98566020125995,78.0,0.9051661574764854,5_1,5,1,lamp,106.841629028,58.8681106567,8.79425955291,0,430.440251666,0.242724850774
UBFC_A1/Eval_On_COHFACE,COHFACE,old,COHFACE_s05_session1_lamp,38,69.0,66.0,correct,69.0,0.9999999999999999,70.0,0.9974394413029407,68.0,0.9047938678517191,66.0,0.9999999999999999,67.0,0.9858524872098727,65.0,0.8796746447501806,5_1,5,1,lamp,106.841629028,58.8681106567,8.79425955291,0,430.440251666,0.242724850774
UBFC_A1/Eval_On_COHFACE,COHFACE,old,COHFACE_s05_session1_lamp,39,70.0,80.0,large_error,70.0,0.9999999999999999,71.0,0.9437097900267237,69.0,0.9412731732436277,80.0,0.9999999999999994,79.0,0.9116920332878566,81.0,0.8913218072252848,5_1,5,1,lamp,106.841629028,58.8681106567,8.79425955291,0,430.440251666,0.242724850774
UBFC_A1/Eval_On_COHFACE,COHFACE,old,COHFACE_s05_session1_lamp,40,70.0,60.0,large_error,70.0,0.9999999999999999,69.0,0.9374509434768086,71.0,0.9297072833803981,60.0,0.9999999999999997,59.0,0.9464227191389353,61.0,0.938408465538798,5_1,5,1,lamp,106.841629028,58.8681106567,8.79425955291,0,430.440251666,0.242724850774
UBFC_A1/Eval_On_COHFACE,COHFACE,old,COHFACE_s05_session1_lamp,41,70.0,50.0,large_error,70.0,1.0,71.0,0.9960080448747959,69.0,0.8757334097170185,50.0,0.9999999999999997,51.0,0.9565698341222327,49.0,0.9535644655143075,5_1,5,1,lamp,106.841629028,58.8681106567,8.79425955291,0,430.440251666,0.242724850774
UBFC_A1/Eval_On_COHFACE,COHFACE,old,COHFACE_s05_session1_lamp,42,71.0,82.0,large_error,71.0,0.9999999999999999,70.0,0.9622671924998726,72.0,0.9249258190245744,82.0,0.9999999999999998,81.0,0.9954490991766682,83.0,0.9152504564566925,5_1,5,1,lamp,106.841629028,58.8681106567,8.79425955291,0,430.440251666,0.242724850774
UBFC_A1/Eval_On_COHFACE,COHFACE,old,COHFACE_s05_session1_lamp,43,71.0,82.0,large_error,71.0,0.9999999999999999,70.0,0.9542528510268712,72.0,0.9377705145959107,82.0,0.9999999999999998,83.0,0.9958568641114905,81.0,0.918114045254177,5_1,5,1,lamp,106.841629028,58.8681106567,8.79425955291,0,430.440251666,0.242724850774
UBFC_A1/Eval_On_COHFACE,COHFACE,old,COHFACE_s05_session1_lamp,44,71.0,81.0,large_error,71.0,0.9999999999999999,72.0,0.9763705068825695,70.0,0.925729711590227,81.0,0.9999999999999998,82.0,0.965342760009343,80.0,0.944034358863235,5_1,5,1,lamp,106.841629028,58.8681106567,8.79425955291,0,430.440251666,0.242724850774
UBFC_A1/Eval_On_COHFACE,COHFACE,old,COHFACE_s05_session1_lamp,45,72.0,81.0,large_error,72.0,0.9999999999999999,71.0,0.9450517909313617,73.0,0.9401855310841548,81.0,0.9999999999999998,80.0,0.963372672026925,41.0,0.9442748991697971,5_1,5,1,lamp,106.841629028,58.8681106567,8.79425955291,0,430.440251666,0.242724850774
UBFC_A1/Eval_On_COHFACE,COHFACE,old,COHFACE_s05_session1_lamp,46,73.0,42.0,sub_harmonic_half,73.0,0.9999999999999999,72.0,0.9972572913804889,74.0,0.8840469429289435,42.0,0.9999999999999998,41.0,0.9852808322807816,43.0,0.9258846116713431,5_1,5,1,lamp,106.841629028,58.8681106567,8.79425955291,0,430.440251666,0.242724850774
UBFC_A1/Eval_On_COHFACE,COHFACE,old,COHFACE_s05_session1_lamp,47,74.0,77.0,correct,74.0,1.0,73.0,0.9821766384335479,75.0,0.9008492701417911,77.0,0.9999999999999999,78.0,0.9759205238818865,76.0,0.9440322337971776,5_1,5,1,lamp,106.841629028,58.8681106567,8.79425955291,0,430.440251666,0.242724850774
UBFC_A1/Eval_On_COHFACE,COHFACE,old,COHFACE_s05_session1_lamp,48,74.0,76.0,correct,74.0,0.9999999999999999,75.0,0.9500448462498351,73.0,0.939132365957353,76.0,0.9999999999999997,75.0,0.9885146783627364,77.0,0.9396376887475241,5_1,5,1,lamp,106.841629028,58.8681106567,8.79425955291,0,430.440251666,0.242724850774
UBFC_A1/Eval_On_COHFACE,COHFACE,old,COHFACE_s05_session1_lamp,49,75.0,74.0,correct,75.0,1.0,74.0,0.9857480455074481,76.0,0.9026122182776922,74.0,0.9999999999999997,75.0,0.9949681310333985,76.0,0.8502420431377902,5_1,5,1,lamp,106.841629028,58.8681106567,8.79425955291,0,430.440251666,0.242724850774
UBFC_A1/Eval_On_COHFACE,COHFACE,old,COHFACE_s05_session1_lamp,50,75.0,61.99999999999999,large_error,75.0,1.0,74.0,0.9629592604942109,76.0,0.9268162331214991,61.99999999999999,0.9999999999999998,61.0,0.9540676861670558,63.0,0.9033941158610375,5_1,5,1,lamp,106.841629028,58.8681106567,8.79425955291,0,430.440251666,0.242724850774
UBFC_A1/Eval_On_COHFACE,COHFACE,old,COHFACE_s05_session2_natural,0,76.0,81.0,large_error,76.0,0.9999999999999999,77.0,0.9602969994482236,75.0,0.9522723986005345,81.0,0.9999999999999997,82.0,0.964705890966964,80.0,0.9352044826177711,5_2,5,2,natural,96.7811889648,65.7038269043,10.6044051671,0,529.962868819,0.246060714126
UBFC_A1/Eval_On_COHFACE,COHFACE,old,COHFACE_s05_session2_natural,1,76.0,68.0,large_error,76.0,0.9999999999999998,75.0,0.9579062045127275,77.0,0.9427616551951962,68.0,0.9999999999999998,67.0,0.9735583395157975,69.0,0.924671312960872,5_2,5,2,natural,96.7811889648,65.7038269043,10.6044051671,0,529.962868819,0.246060714126
UBFC_A1/Eval_On_COHFACE,COHFACE,old,COHFACE_s05_session2_natural,2,77.0,81.0,large_error,77.0,0.9999999999999998,76.0,0.980584947508714,78.0,0.9132959416120411,81.0,0.9999999999999998,82.0,0.9777599650196359,80.0,0.8860684924123313,5_2,5,2,natural,96.7811889648,65.7038269043,10.6044051671,0,529.962868819,0.246060714126
UBFC_A1/Eval_On_COHFACE,COHFACE,old,COHFACE_s05_session2_natural,3,78.0,40.0,sub_harmonic_half,78.0,0.9999999999999998,79.0,0.9443609276550791,77.0,0.942817967577412,40.0,0.9999999999999998,41.0,0.9906213461237486,42.0,0.8890671578963428,5_2,5,2,natural,96.7811889648,65.7038269043,10.6044051671,0,529.962868819,0.246060714126
UBFC_A1/Eval_On_COHFACE,COHFACE,old,COHFACE_s05_session2_natural,4,79.0,44.0,sub_harmonic_half,79.0,0.9999999999999998,78.0,0.9957531188364256,80.0,0.886098731258605,44.0,0.9999999999999998,45.0,0.9707723523737906,43.0,0.9570414952536287,5_2,5,2,natural,96.7811889648,65.7038269043,10.6044051671,0,529.962868819,0.246060714126
UBFC_A1/Eval_On_COHFACE,COHFACE,old,COHFACE_s05_session2_natural,5,79.0,44.0,sub_harmonic_half,79.0,0.9999999999999998,78.0,0.995228350969204,80.0,0.8966311577000158,44.0,0.9999999999999999,43.0,0.9636070174211616,45.0,0.9534305696157352,5_2,5,2,natural,96.7811889648,65.7038269043,10.6044051671,0,529.962868819,0.246060714126
UBFC_A1/Eval_On_COHFACE,COHFACE,old,COHFACE_s05_session2_natural,6,78.0,83.0,large_error,78.0,0.9999999999999998,77.0,0.9687043110071849,79.0,0.9108897368300061,83.0,0.9999999999999998,82.0,0.9714061592198147,43.0,0.9641980726645232,5_2,5,2,natural,96.7811889648,65.7038269043,10.6044051671,0,529.962868819,0.246060714126
UBFC_A1/Eval_On_COHFACE,COHFACE,old,COHFACE_s05_session2_natural,7,77.0,53.0,large_error,77.0,0.9999999999999998,76.0,0.965073449217454,78.0,0.9384912951352679,53.0,0.9999999999999998,54.0,0.9616246671388253,52.0,0.9152219584376738,5_2,5,2,natural,96.7811889648,65.7038269043,10.6044051671,0,529.962868819,0.246060714126
UBFC_A1/Eval_On_COHFACE,COHFACE,old,COHFACE_s05_session2_natural,8,76.0,44.0,sub_harmonic_half,76.0,0.9999999999999999,75.0,0.9849487920868456,77.0,0.9191533236730923,44.0,0.9999999999999998,45.0,0.9994678870099828,74.0,0.8993484346431507,5_2,5,2,natural,96.7811889648,65.7038269043,10.6044051671,0,529.962868819,0.246060714126
UBFC_A1/Eval_On_COHFACE,COHFACE,old,COHFACE_s05_session2_natural,9,76.0,55.0,large_error,76.0,0.9999999999999999,75.0,0.9631124991917541,77.0,0.9183890419680211,55.0,0.9999999999999997,56.0,0.9812313198249081,89.0,0.8460374167824581,5_2,5,2,natural,96.7811889648,65.7038269043,10.6044051671,0,529.962868819,0.246060714126
UBFC_A1/Eval_On_COHFACE,COHFACE,old,COHFACE_s05_session2_natural,10,76.0,53.0,large_error,76.0,0.9999999999999999,77.0,0.960393265040686,75.0,0.9202035761514811,53.0,0.9999999999999999,54.0,0.982226104256491,52.0,0.9144464743507833,5_2,5,2,natural,96.7811889648,65.7038269043,10.6044051671,0,529.962868819,0.246060714126
UBFC_A1/Eval_On_COHFACE,COHFACE,old,COHFACE_s05_session2_natural,11,77.0,52.0,large_error,77.0,0.9999999999999999,76.0,0.9859834825061186,78.0,0.8946558296238708,52.0,0.9999999999999998,51.0,0.9781176349259332,53.0,0.9399861819564564,5_2,5,2,natural,96.7811889648,65.7038269043,10.6044051671,0,529.962868819,0.246060714126
UBFC_A1/Eval_On_COHFACE,COHFACE,old,COHFACE_s05_session2_natural,12,76.0,50.0,large_error,76.0,0.9999999999999999,77.0,0.9883630992421888,75.0,0.8930971778669312,50.0,0.9999999999999999,49.0,0.9776128840447249,51.0,0.9654387685333791,5_2,5,2,natural,96.7811889648,65.7038269043,10.6044051671,0,529.962868819,0.246060714126
UBFC_A1/Eval_On_COHFACE,COHFACE,old,COHFACE_s05_session2_natural,13,75.0,49.0,large_error,75.0,0.9999999999999999,76.0,0.9970866332648529,74.0,0.8968583865373848,49.0,0.9999999999999998,48.0,0.9999021283764761,50.0,0.9665943768033868,5_2,5,2,natural,96.7811889648,65.7038269043,10.6044051671,0,529.962868819,0.246060714126
UBFC_A1/Eval_On_COHFACE,COHFACE,old,COHFACE_s05_session2_natural,14,74.0,45.0,large_error,74.0,0.9999999999999999,75.0,0.9875757953999974,73.0,0.919774753911162,45.0,0.9999999999999999,44.0,0.9890088601236128,46.0,0.9091784605282447,5_2,5,2,natural,96.7811889648,65.7038269043,10.6044051671,0,529.962868819,0.246060714126
UBFC_A1/Eval_On_COHFACE,COHFACE,old,COHFACE_s05_session2_natural,15,74.0,44.0,large_error,74.0,0.9999999999999999,75.0,0.9571462354132603,73.0,0.9369019049874701,44.0,0.9999999999999998,43.0,0.974825957862914,45.0,0.9039862098180383,5_2,5,2,natural,96.7811889648,65.7038269043,10.6044051671,0,529.962868819,0.246060714126
UBFC_A1/Eval_On_COHFACE,COHFACE,old,COHFACE_s05_session2_natural,16,74.0,44.0,large_error,74.0,1.0,73.0,0.9613912581953705,75.0,0.9139555078114262,44.0,0.9999999999999998,43.0,0.9815882270007695,45.0,0.9248635732239554,5_2,5,2,natural,96.7811889648,65.7038269043,10.6044051671,0,529.962868819,0.246060714126
UBFC_A1/Eval_On_COHFACE,COHFACE,old,COHFACE_s05_session2_natural,17,75.0,43.0,sub_harmonic_half,75.0,1.0,74.0,0.9861565414828487,76.0,0.8941866284767434,43.0,0.9999999999999998,44.0,0.9674109205994385,42.0,0.9249352304347295,5_2,5,2,natural,96.7811889648,65.7038269043,10.6044051671,0,529.962868819,0.246060714126
UBFC_A1/Eval_On_COHFACE,COHFACE,old,COHFACE_s05_session2_natural,18,75.0,80.0,large_error,75.0,1.0,74.0,0.9637383081858507,76.0,0.916532788200961,80.0,0.9999999999999998,81.0,0.9614762189286155,79.0,0.9540911662012351,5_2,5,2,natural,96.7811889648,65.7038269043,10.6044051671,0,529.962868819,0.246060714126
UBFC_A1/Eval_On_COHFACE,COHFACE,old,COHFACE_s05_session2_natural,19,75.0,81.0,large_error,75.0,1.0,76.0,0.9617862910315869,74.0,0.927351320499031,81.0,0.9999999999999999,82.0,0.9886641405498114,80.0,0.9221798897355851,5_2,5,2,natural,96.7811889648,65.7038269043,10.6044051671,0,529.962868819,0.246060714126
UBFC_A1/Eval_On_COHFACE,COHFACE,old,COHFACE_s05_session2_natural,20,75.0,76.0,correct,75.0,0.9999999999999999,74.0,0.9504492211862368,76.0,0.9466018970864709,76.0,0.9999999999999999,75.0,0.9609517239331652,77.0,0.93692366598088,5_2,5,2,natural,96.7811889648,65.7038269043,10.6044051671,0,529.962868819,0.246060714126
UBFC_A1/Eval_On_COHFACE,COHFACE,old,COHFACE_s05_session2_natural,21,76.0,75.0,correct,76.0,0.9999999999999999,75.0,0.9982610862754958,74.0,0.8896079384117399,75.0,0.9999999999999997,76.0,0.9789096115665515,74.0,0.9294668776510068,5_2,5,2,natural,96.7811889648,65.7038269043,10.6044051671,0,529.962868819,0.246060714126
UBFC_A1/Eval_On_COHFACE,COHFACE,old,COHFACE_s05_session2_natural,22,76.0,75.0,correct,76.0,0.9999999999999999,75.0,0.9552118250016594,77.0,0.9259644230815901,75.0,0.9999999999999998,76.0,0.9595967874057765,74.0,0.9321508182650623,5_2,5,2,natural,96.7811889648,65.7038269043,10.6044051671,0,529.962868819,0.246060714126
UBFC_A1/Eval_On_COHFACE,COHFACE,old,COHFACE_s05_session2_natural,23,76.0,74.0,correct,76.0,0.9999999999999999,75.0,0.9394504472248735,77.0,0.934187781525391,74.0,0.9999999999999998,73.0,0.9922181373678253,75.0,0.9043201544061975,5_2,5,2,natural,96.7811889648,65.7038269043,10.6044051671,0,529.962868819,0.246060714126
UBFC_A1/Eval_On_COHFACE,COHFACE,old,COHFACE_s05_session2_natural,24,75.0,73.0,correct,75.0,0.9999999999999999,76.0,0.98395744232331,74.0,0.8924304141881001,73.0,0.9999999999999999,74.0,0.9452134858779115,72.0,0.9362126778570726,5_2,5,2,natural,96.7811889648,65.7038269043,10.6044051671,0,529.962868819,0.246060714126
UBFC_A1/Eval_On_COHFACE,COHFACE,old,COHFACE_s05_session2_natural,25,75.0,74.0,correct,75.0,0.9999999999999999,74.0,0.9668697443496418,76.0,0.9265280871317746,74.0,0.9999999999999998,73.0,0.9641355749325444,75.0,0.9553217474632676,5_2,5,2,natural,96.7811889648,65.7038269043,10.6044051671,0,529.962868819,0.246060714126
UBFC_A1/Eval_On_COHFACE,COHFACE,old,COHFACE_s05_session2_natural,26,74.0,74.0,correct,74.0,0.9999999999999999,73.0,0.9537413208881363,75.0,0.9434537761992291,74.0,0.9999999999999997,73.0,0.9992057511235637,75.0,0.912426089928604,5_2,5,2,natural,96.7811889648,65.7038269043,10.6044051671,0,529.962868819,0.246060714126
UBFC_A1/Eval_On_COHFACE,COHFACE,old,COHFACE_s05_session2_natural,27,73.0,75.0,correct,73.0,0.9999999999999999,74.0,0.9944624464599703,72.0,0.9034336539444657,75.0,0.9999999999999998,74.0,0.9898668182597781,76.0,0.867792450524744,5_2,5,2,natural,96.7811889648,65.7038269043,10.6044051671,0,529.962868819,0.246060714126
UBFC_A1/Eval_On_COHFACE,COHFACE,old,COHFACE_s05_session2_natural,28,73.0,74.0,correct,73.0,1.0,72.0,0.9496637528106294,74.0,0.9261779119061836,74.0,0.9999999999999998,73.0,0.9478945434268692,75.0,0.9299400598911298,5_2,5,2,natural,96.7811889648,65.7038269043,10.6044051671,0,529.962868819,0.246060714126
UBFC_A1/Eval_On_COHFACE,COHFACE,old,COHFACE_s05_session2_natural,29,73.0,75.0,correct,73.0,0.9999999999999999,74.0,0.9442798537259118,72.0,0.9372655385594104,75.0,0.9999999999999998,74.0,0.953804241140144,76.0,0.9399022347702137,5_2,5,2,natural,96.7811889648,65.7038269043,10.6044051671,0,529.962868819,0.246060714126
UBFC_A1/Eval_On_COHFACE,COHFACE,old,COHFACE_s05_session2_natural,30,73.0,75.0,correct,73.0,0.9999999999999999,74.0,0.9457573787280714,72.0,0.938534378721862,75.0,0.9999999999999998,74.0,0.9735926099088664,76.0,0.9604216236385794,5_2,5,2,natural,96.7811889648,65.7038269043,10.6044051671,0,529.962868819,0.246060714126
UBFC_A1/Eval_On_COHFACE,COHFACE,old,COHFACE_s05_session2_natural,31,73.0,71.0,correct,73.0,0.9999999999999999,72.0,0.9508807852920482,74.0,0.9345097092344996,71.0,0.9999999999999998,72.0,0.9852273416429149,70.0,0.9832113349629423,5_2,5,2,natural,96.7811889648,65.7038269043,10.6044051671,0,529.962868819,0.246060714126
UBFC_A1/Eval_On_COHFACE,COHFACE,old,COHFACE_s05_session2_natural,32,73.0,68.0,large_error,73.0,0.9999999999999999,72.0,0.9955407913742387,74.0,0.9070297729825394,68.0,0.9999999999999999,69.0,0.9399228228465917,67.0,0.9324380116113038,5_2,5,2,natural,96.7811889648,65.7038269043,10.6044051671,0,529.962868819,0.246060714126
UBFC_A1/Eval_On_COHFACE,COHFACE,old,COHFACE_s05_session2_natural,33,72.0,67.0,large_error,72.0,0.9999999999999999,73.0,0.9929302464729742,71.0,0.9011544530362677,67.0,0.9999999999999998,66.0,0.9680174540216809,68.0,0.8964620508045202,5_2,5,2,natural,96.7811889648,65.7038269043,10.6044051671,0,529.962868819,0.246060714126
UBFC_A1/Eval_On_COHFACE,COHFACE,old,COHFACE_s05_session2_natural,34,74.0,67.0,large_error,74.0,0.9999999999999999,73.0,0.9598194617865844,75.0,0.9181709697946728,67.0,0.9999999999999998,68.0,0.9501437799302852,66.0,0.9152901719711175,5_2,5,2,natural,96.7811889648,65.7038269043,10.6044051671,0,529.962868819,0.246060714126
UBFC_A1/Eval_On_COHFACE,COHFACE,old,COHFACE_s05_session2_natural,35,74.0,60.0,large_error,74.0,0.9999999999999999,75.0,0.9733032349388158,73.0,0.8931778497444501,60.0,0.9999999999999998,61.0,0.9927338366236023,59.0,0.9230262213215464,5_2,5,2,natural,96.7811889648,65.7038269043,10.6044051671,0,529.962868819,0.246060714126
UBFC_A1/Eval_On_COHFACE,COHFACE,old,COHFACE_s05_session2_natural,36,74.0,65.0,large_error,74.0,0.9999999999999999,75.0,0.9906533316021455,73.0,0.8855621717213641,65.0,0.9999999999999998,66.0,0.9552129251640805,64.0,0.9354897543205132,5_2,5,2,natural,96.7811889648,65.7038269043,10.6044051671,0,529.962868819,0.246060714126
UBFC_A1/Eval_On_COHFACE,COHFACE,old,COHFACE_s05_session2_natural,37,74.0,53.0,large_error,74.0,0.9999999999999999,73.0,0.953925286352931,75.0,0.9353846840832183,53.0,0.9999999999999998,54.0,0.9956047888681194,52.0,0.8968175570303897,5_2,5,2,natural,96.7811889648,65.7038269043,10.6044051671,0,529.962868819,0.246060714126
UBFC_A1/Eval_On_COHFACE,COHFACE,old,COHFACE_s05_session2_natural,38,73.0,53.0,large_error,73.0,0.9999999999999999,72.0,0.9695265434819168,74.0,0.9242115359566675,53.0,0.9999999999999999,54.0,0.9465001883672953,52.0,0.9398920271259811,5_2,5,2,natural,96.7811889648,65.7038269043,10.6044051671,0,529.962868819,0.246060714126
UBFC_A1/Eval_On_COHFACE,COHFACE,old,COHFACE_s05_session2_natural,39,72.0,67.0,large_error,72.0,0.9999999999999999,71.0,0.9564371008963843,73.0,0.9416149347648908,67.0,0.9999999999999998,68.0,0.9900290448462824,66.0,0.9099490749679656,5_2,5,2,natural,96.7811889648,65.7038269043,10.6044051671,0,529.962868819,0.246060714126
UBFC_A1/Eval_On_COHFACE,COHFACE,old,COHFACE_s05_session2_natural,40,72.0,69.0,correct,72.0,1.0,71.0,0.9545170064107117,73.0,0.9247442881169722,69.0,0.9999999999999997,70.0,0.9708737155670508,68.0,0.9310772576720587,5_2,5,2,natural,96.7811889648,65.7038269043,10.6044051671,0,529.962868819,0.246060714126
UBFC_A1/Eval_On_COHFACE,COHFACE,old,COHFACE_s05_session2_natural,41,72.0,43.0,large_error,72.0,1.0,71.0,0.9989068829198767,73.0,0.8789959357338719,43.0,0.9999999999999998,42.0,0.9498804009019557,44.0,0.900614698184882,5_2,5,2,natural,96.7811889648,65.7038269043,10.6044051671,0,529.962868819,0.246060714126
UBFC_A1/Eval_On_COHFACE,COHFACE,old,COHFACE_s05_session2_natural,42,72.0,41.0,sub_harmonic_half,72.0,1.0,71.0,0.9479176183727052,73.0,0.9339525854723426,41.0,0.9999999999999998,40.0,0.9935170078370971,42.0,0.8877784668431166,5_2,5,2,natural,96.7811889648,65.7038269043,10.6044051671,0,529.962868819,0.246060714126
UBFC_A1/Eval_On_COHFACE,COHFACE,old,COHFACE_s05_session2_natural,43,72.0,69.0,correct,72.0,0.9999999999999999,71.0,0.9737593047587345,73.0,0.9146799941428352,69.0,0.9999999999999998,70.0,0.9821949910188054,42.0,0.9264883841830708,5_2,5,2,natural,96.7811889648,65.7038269043,10.6044051671,0,529.962868819,0.246060714126
UBFC_A1/Eval_On_COHFACE,COHFACE,old,COHFACE_s05_session2_natural,44,71.0,44.0,large_error,71.0,0.9999999999999999,72.0,0.9624558209573657,70.0,0.9327510721485504,44.0,0.9999999999999998,43.0,0.9801663381632131,45.0,0.9317142993897733,5_2,5,2,natural,96.7811889648,65.7038269043,10.6044051671,0,529.962868819,0.246060714126
UBFC_A1/Eval_On_COHFACE,COHFACE,old,COHFACE_s05_session2_natural,45,71.0,44.0,large_error,71.0,0.9999999999999999,72.0,0.9973138299542359,70.0,0.901126850870338,44.0,0.9999999999999998,45.0,0.9710962260752127,43.0,0.9561063812880876,5_2,5,2,natural,96.7811889648,65.7038269043,10.6044051671,0,529.962868819,0.246060714126
UBFC_A1/Eval_On_COHFACE,COHFACE,old,COHFACE_s05_session2_natural,46,72.0,47.0,large_error,72.0,0.9999999999999999,71.0,0.9788729272426329,73.0,0.9129620591457505,47.0,0.9999999999999998,48.0,0.9924121192161012,69.0,0.9882928816116583,5_2,5,2,natural,96.7811889648,65.7038269043,10.6044051671,0,529.962868819,0.246060714126
UBFC_A1/Eval_On_COHFACE,COHFACE,old,COHFACE_s05_session2_natural,47,73.0,74.0,correct,73.0,0.9999999999999999,72.0,0.9641555177532468,74.0,0.9134222229275096,74.0,0.9999999999999998,75.0,0.9840561238859781,73.0,0.976542489017704,5_2,5,2,natural,96.7811889648,65.7038269043,10.6044051671,0,529.962868819,0.246060714126
UBFC_A1/Eval_On_COHFACE,COHFACE,old,COHFACE_s05_session2_natural,48,73.0,69.0,large_error,73.0,0.9999999999999999,74.0,0.9833630295018292,72.0,0.8940896531119337,69.0,0.9999999999999997,68.0,0.9906742198130515,70.0,0.9342685661502035,5_2,5,2,natural,96.7811889648,65.7038269043,10.6044051671,0,529.962868819,0.246060714126
UBFC_A1/Eval_On_COHFACE,COHFACE,old,COHFACE_s05_session2_natural,49,73.0,46.0,large_error,73.0,0.9999999999999999,74.0,0.981977258002043,72.0,0.9046348470408798,46.0,0.9999999999999996,47.0,0.9695609556698662,45.0,0.9260146753704367,5_2,5,2,natural,96.7811889648,65.7038269043,10.6044051671,0,529.962868819,0.246060714126
UBFC_A1/Eval_On_COHFACE,COHFACE,old,COHFACE_s05_session2_natural,50,73.0,58.0,large_error,73.0,0.9999999999999999,72.0,0.9789586185160037,74.0,0.9095255874631472,58.0,0.9999999999999999,59.0,0.9889758224472331,57.0,0.9016155264160544,5_2,5,2,natural,96.7811889648,65.7038269043,10.6044051671,0,529.962868819,0.246060714126
UBFC_A1/Eval_On_COHFACE,COHFACE,old,COHFACE_s05_session3_natural,0,73.0,56.0,large_error,73.0,0.9999999999999998,74.0,0.9911693239314721,72.0,0.8968550607286484,56.0,0.9999999999999994,55.0,0.9396710156124083,57.0,0.9319358029986254,5_3,5,3,natural,97.8287811279,66.4123153687,10.5721783164,0,538.75209925,0.222788318992
UBFC_A1/Eval_On_COHFACE,COHFACE,old,COHFACE_s05_session3_natural,1,73.0,58.0,large_error,73.0,0.9999999999999999,72.0,0.9960908337397696,71.0,0.893102141999187,58.0,0.9999999999999993,57.0,0.9814615462990565,59.0,0.9229103268659086,5_3,5,3,natural,97.8287811279,66.4123153687,10.5721783164,0,538.75209925,0.222788318992
UBFC_A1/Eval_On_COHFACE,COHFACE,old,COHFACE_s05_session3_natural,2,72.0,44.0,large_error,72.0,0.9999999999999999,73.0,0.9654139620916856,71.0,0.9127991522928112,44.0,0.9999999999999997,43.0,0.9714223637452081,45.0,0.904918820868805,5_3,5,3,natural,97.8287811279,66.4123153687,10.5721783164,0,538.75209925,0.222788318992
UBFC_A1/Eval_On_COHFACE,COHFACE,old,COHFACE_s05_session3_natural,3,73.0,44.0,large_error,73.0,0.9999999999999999,72.0,0.967755967113666,74.0,0.9067736798150358,44.0,0.9999999999999996,43.0,0.9543784436435856,45.0,0.930922074730431,5_3,5,3,natural,97.8287811279,66.4123153687,10.5721783164,0,538.75209925,0.222788318992
UBFC_A1/Eval_On_COHFACE,COHFACE,old,COHFACE_s05_session3_natural,4,74.0,81.0,large_error,74.0,0.9999999999999999,73.0,0.9961378268331037,75.0,0.8898609296862219,81.0,0.9999999999999998,82.0,0.9594413564841543,80.0,0.9496326236734658,5_3,5,3,natural,97.8287811279,66.4123153687,10.5721783164,0,538.75209925,0.222788318992
UBFC_A1/Eval_On_COHFACE,COHFACE,old,COHFACE_s05_session3_natural,5,74.0,47.0,large_error,74.0,0.9999999999999999,75.0,0.9943162828170994,73.0,0.9014557437058544,47.0,0.9999999999999998,46.0,0.960766414169857,48.0,0.9334341316117365,5_3,5,3,natural,97.8287811279,66.4123153687,10.5721783164,0,538.75209925,0.222788318992
UBFC_A1/Eval_On_COHFACE,COHFACE,old,COHFACE_s05_session3_natural,6,76.0,73.0,correct,76.0,0.9999999999999999,75.0,0.9972772878471382,74.0,0.9033937151264908,73.0,0.9999999999999996,74.0,0.979274422473062,72.0,0.8982982027860308,5_3,5,3,natural,97.8287811279,66.4123153687,10.5721783164,0,538.75209925,0.222788318992
UBFC_A1/Eval_On_COHFACE,COHFACE,old,COHFACE_s05_session3_natural,7,77.0,51.0,large_error,77.0,0.9999999999999998,76.0,0.9888932146664839,78.0,0.9024406934094874,51.0,0.9999999999999998,52.0,0.9827688309065847,50.0,0.8996634699438314,5_3,5,3,natural,97.8287811279,66.4123153687,10.5721783164,0,538.75209925,0.222788318992
UBFC_A1/Eval_On_COHFACE,COHFACE,old,COHFACE_s05_session3_natural,8,78.0,52.0,large_error,78.0,0.9999999999999999,77.0,0.9733659721069251,79.0,0.9034619128492237,52.0,0.9999999999999999,51.0,0.9643486992530621,53.0,0.9046917608204489,5_3,5,3,natural,97.8287811279,66.4123153687,10.5721783164,0,538.75209925,0.222788318992
UBFC_A1/Eval_On_COHFACE,COHFACE,old,COHFACE_s05_session3_natural,9,78.0,51.0,large_error,78.0,0.9999999999999999,79.0,0.9847920060378111,77.0,0.8919185326953093,51.0,0.9999999999999998,50.0,0.9668538532143738,52.0,0.9262784565845411,5_3,5,3,natural,97.8287811279,66.4123153687,10.5721783164,0,538.75209925,0.222788318992
UBFC_A1/Eval_On_COHFACE,COHFACE,old,COHFACE_s05_session3_natural,10,79.0,69.0,large_error,79.0,0.9999999999999999,78.0,0.9620480334660845,80.0,0.9260710006215358,69.0,0.9999999999999996,68.0,0.9698513278482547,70.0,0.9441164639559748,5_3,5,3,natural,97.8287811279,66.4123153687,10.5721783164,0,538.75209925,0.222788318992
UBFC_A1/Eval_On_COHFACE,COHFACE,old,COHFACE_s05_session3_natural,11,79.0,45.0,sub_harmonic_half,79.0,0.9999999999999999,80.0,0.965814329403537,78.0,0.9316869321790461,45.0,0.9999999999999997,46.0,0.9906348181451295,44.0,0.932348547101184,5_3,5,3,natural,97.8287811279,66.4123153687,10.5721783164,0,538.75209925,0.222788318992
UBFC_A1/Eval_On_COHFACE,COHFACE,old,COHFACE_s05_session3_natural,12,78.0,68.0,large_error,78.0,0.9999999999999999,79.0,0.9627143583158737,77.0,0.9359179107886546,68.0,0.9999999999999999,67.0,0.9510491268279767,69.0,0.9301766690197938,5_3,5,3,natural,97.8287811279,66.4123153687,10.5721783164,0,538.75209925,0.222788318992
UBFC_A1/Eval_On_COHFACE,COHFACE,old,COHFACE_s05_session3_natural,13,77.0,63.0,large_error,77.0,0.9999999999999999,78.0,0.9889861911238962,76.0,0.8957176968114676,63.0,0.9999999999999996,64.0,0.9920259021706503,61.99999999999999,0.9193613711039343,5_3,5,3,natural,97.8287811279,66.4123153687,10.5721783164,0,538.75209925,0.222788318992
UBFC_A1/Eval_On_COHFACE,COHFACE,old,COHFACE_s05_session3_natural,14,76.0,51.0,large_error,76.0,0.9999999999999999,77.0,0.9629640173494792,75.0,0.9160026814433587,51.0,0.9999999999999998,52.0,0.987150282353016,50.0,0.8662232191120217,5_3,5,3,natural,97.8287811279,66.4123153687,10.5721783164,0,538.75209925,0.222788318992
UBFC_A1/Eval_On_COHFACE,COHFACE,old,COHFACE_s05_session3_natural,15,75.0,63.0,large_error,75.0,0.9999999999999999,76.0,0.9469516455536103,74.0,0.9333340404435455,63.0,0.9999999999999996,61.99999999999999,0.9965438167330176,61.0,0.8621577740685545,5_3,5,3,natural,97.8287811279,66.4123153687,10.5721783164,0,538.75209925,0.222788318992
UBFC_A1/Eval_On_COHFACE,COHFACE,old,COHFACE_s05_session3_natural,16,74.0,45.0,large_error,74.0,0.9999999999999999,73.0,0.9519648069631519,75.0,0.9409006035295537,45.0,0.9999999999999998,46.0,0.9921871740629955,44.0,0.9046510251245558,5_3,5,3,natural,97.8287811279,66.4123153687,10.5721783164,0,538.75209925,0.222788318992
UBFC_A1/Eval_On_COHFACE,COHFACE,old,COHFACE_s05_session3_natural,17,73.0,45.0,large_error,73.0,0.9999999999999999,72.0,0.9905926250037058,74.0,0.9035657793922172,45.0,0.9999999999999998,46.0,0.9761740524688387,44.0,0.9440552649724558,5_3,5,3,natural,97.8287811279,66.4123153687,10.5721783164,0,538.75209925,0.222788318992
UBFC_A1/Eval_On_COHFACE,COHFACE,old,COHFACE_s05_session3_natural,18,73.0,51.0,large_error,73.0,0.9999999999999999,72.0,0.9482441773189506,74.0,0.9480708787639938,51.0,0.9999999999999996,52.0,0.9960547715164103,44.0,0.9671822640133835,5_3,5,3,natural,97.8287811279,66.4123153687,10.5721783164,0,538.75209925,0.222788318992
UBFC_A1/Eval_On_COHFACE,COHFACE,old,COHFACE_s05_session3_natural,19,74.0,43.0,sub_harmonic_half,74.0,0.9999999999999999,73.0,0.9932442322411467,75.0,0.8861912977948906,43.0,0.9999999999999994,42.0,0.9644568363964353,44.0,0.9530585705112606,5_3,5,3,natural,97.8287811279,66.4123153687,10.5721783164,0,538.75209925,0.222788318992
UBFC_A1/Eval_On_COHFACE,COHFACE,old,COHFACE_s05_session3_natural,20,74.0,66.0,large_error,74.0,0.9999999999999999,75.0,0.9623449237830387,73.0,0.9125724505727214,66.0,0.9999999999999999,67.0,0.962981844588754,65.0,0.8925284280953397,5_3,5,3,natural,97.8287811279,66.4123153687,10.5721783164,0,538.75209925,0.222788318992
UBFC_A1/Eval_On_COHFACE,COHFACE,old,COHFACE_s05_session3_natural,21,75.0,60.0,large_error,75.0,0.9999999999999999,74.0,0.9813863113437079,76.0,0.9019042207090788,60.0,0.9999999999999998,59.0,0.9727333026543966,61.0,0.9575821438953116,5_3,5,3,natural,97.8287811279,66.4123153687,10.5721783164,0,538.75209925,0.222788318992
UBFC_A1/Eval_On_COHFACE,COHFACE,old,COHFACE_s05_session3_natural,22,75.0,61.0,large_error,75.0,0.9999999999999999,74.0,0.9656142348441973,76.0,0.9241908653510971,61.0,0.9999999999999999,60.0,0.9825138826888634,61.99999999999999,0.901416625905191,5_3,5,3,natural,97.8287811279,66.4123153687,10.5721783164,0,538.75209925,0.222788318992
UBFC_A1/Eval_On_COHFACE,COHFACE,old,COHFACE_s05_session3_natural,23,75.0,59.0,large_error,75.0,0.9999999999999999,74.0,0.9834045790236845,76.0,0.9066071064799295,59.0,0.9999999999999998,58.0,0.9954397708934594,60.0,0.9574210924185151,5_3,5,3,natural,97.8287811279,66.4123153687,10.5721783164,0,538.75209925,0.222788318992
UBFC_A1/Eval_On_COHFACE,COHFACE,old,COHFACE_s05_session3_natural,24,74.0,57.0,large_error,74.0,0.9999999999999999,75.0,0.9815761497534831,73.0,0.9112365234453788,57.0,0.9999999999999998,58.0,0.9804622393174871,56.0,0.9346655164821251,5_3,5,3,natural,97.8287811279,66.4123153687,10.5721783164,0,538.75209925,0.222788318992
UBFC_A1/Eval_On_COHFACE,COHFACE,old,COHFACE_s05_session3_natural,25,74.0,57.0,large_error,74.0,0.9999999999999999,73.0,0.9743450672283018,75.0,0.8990711994452343,57.0,0.9999999999999998,56.0,0.9721697493500602,58.0,0.9342024884332347,5_3,5,3,natural,97.8287811279,66.4123153687,10.5721783164,0,538.75209925,0.222788318992
UBFC_A1/Eval_On_COHFACE,COHFACE,old,COHFACE_s05_session3_natural,26,74.0,55.0,large_error,74.0,0.9999999999999999,73.0,0.9867860815131498,75.0,0.9008699172305736,55.0,0.9999999999999999,54.0,0.9704156233461018,56.0,0.9143412577337217,5_3,5,3,natural,97.8287811279,66.4123153687,10.5721783164,0,538.75209925,0.222788318992
UBFC_A1/Eval_On_COHFACE,COHFACE,old,COHFACE_s05_session3_natural,27,74.0,56.0,large_error,74.0,0.9999999999999999,73.0,0.9887752613180416,75.0,0.8938433973824291,56.0,0.9999999999999997,55.0,0.9668719650958495,57.0,0.9550573271742563,5_3,5,3,natural,97.8287811279,66.4123153687,10.5721783164,0,538.75209925,0.222788318992
UBFC_A1/Eval_On_COHFACE,COHFACE,old,COHFACE_s05_session3_natural,28,74.0,59.0,large_error,74.0,0.9999999999999999,73.0,0.9480780334946779,75.0,0.9430798794855626,59.0,0.9999999999999999,60.0,0.943478347585501,58.0,0.9394897206097182,5_3,5,3,natural,97.8287811279,66.4123153687,10.5721783164,0,538.75209925,0.222788318992
UBFC_A1/Eval_On_COHFACE,COHFACE,old,COHFACE_s05_session3_natural,29,74.0,52.0,large_error,74.0,0.9999999999999999,75.0,0.9557471963194685,73.0,0.942561963480296,52.0,0.9999999999999998,51.0,0.9667175686443419,53.0,0.9436096228710203,5_3,5,3,natural,97.8287811279,66.4123153687,10.5721783164,0,538.75209925,0.222788318992
UBFC_A1/Eval_On_COHFACE,COHFACE,old,COHFACE_s05_session3_natural,30,75.0,40.0,sub_harmonic_half,75.0,0.9999999999999999,76.0,0.9480539335869371,74.0,0.936434100790354,40.0,0.9999999999999997,52.0,0.9222524817358427,53.0,0.9124898661369166,5_3,5,3,natural,97.8287811279,66.4123153687,10.5721783164,0,538.75209925,0.222788318992
UBFC_A1/Eval_On_COHFACE,COHFACE,old,COHFACE_s05_session3_natural,31,76.0,40.0,sub_harmonic_half,76.0,0.9999999999999999,75.0,0.9817944859943986,77.0,0.8954781510012291,40.0,0.9999999999999997,41.0,0.8015838781868461,77.0,0.6309161849747358,5_3,5,3,natural,97.8287811279,66.4123153687,10.5721783164,0,538.75209925,0.222788318992
UBFC_A1/Eval_On_COHFACE,COHFACE,old,COHFACE_s05_session3_natural,32,76.0,40.0,sub_harmonic_half,76.0,0.9999999999999999,77.0,0.9659680637134221,75.0,0.909291198619686,40.0,0.9999999999999996,41.0,0.9404621634532258,42.0,0.808162481733884,5_3,5,3,natural,97.8287811279,66.4123153687,10.5721783164,0,538.75209925,0.222788318992
UBFC_A1/Eval_On_COHFACE,COHFACE,old,COHFACE_s05_session3_natural,33,76.0,40.0,sub_harmonic_half,76.0,0.9999999999999999,77.0,0.9952880214924824,75.0,0.8891866548490357,40.0,0.9999999999999996,41.0,0.8702038988949303,75.0,0.7730338152468172,5_3,5,3,natural,97.8287811279,66.4123153687,10.5721783164,0,538.75209925,0.222788318992
UBFC_A1/Eval_On_COHFACE,COHFACE,old,COHFACE_s05_session3_natural,34,77.0,40.0,sub_harmonic_half,77.0,0.9999999999999999,76.0,0.985556441144554,78.0,0.8973009553073773,40.0,0.9999999999999997,41.0,0.8429235910461298,42.0,0.6267500151096654,5_3,5,3,natural,97.8287811279,66.4123153687,10.5721783164,0,538.75209925,0.222788318992
UBFC_A1/Eval_On_COHFACE,COHFACE,old,COHFACE_s05_session3_natural,35,76.0,61.0,large_error,76.0,0.9999999999999999,77.0,0.9653265597887601,75.0,0.9317654921146534,61.0,0.9999999999999998,61.99999999999999,0.9576999849910678,60.0,0.9439480235840325,5_3,5,3,natural,97.8287811279,66.4123153687,10.5721783164,0,538.75209925,0.222788318992
UBFC_A1/Eval_On_COHFACE,COHFACE,old,COHFACE_s05_session3_natural,36,76.0,73.0,correct,76.0,1.0,75.0,0.9793503019240495,77.0,0.9055084830670996,73.0,0.9999999999999993,72.0,0.9845807238924283,61.99999999999999,0.9732886501405921,5_3,5,3,natural,97.8287811279,66.4123153687,10.5721783164,0,538.75209925,0.222788318992
UBFC_A1/Eval_On_COHFACE,COHFACE,old,COHFACE_s05_session3_natural,37,75.0,61.0,large_error,75.0,1.0,74.0,0.9612667788943765,76.0,0.9186003746105695,61.0,0.9999999999999996,60.0,0.9931266029948043,61.99999999999999,0.9438807097747819,5_3,5,3,natural,97.8287811279,66.4123153687,10.5721783164,0,538.75209925,0.222788318992
UBFC_A1/Eval_On_COHFACE,COHFACE,old,COHFACE_s05_session3_natural,38,75.0,60.0,large_error,75.0,0.9999999999999999,76.0,0.9835450768730836,74.0,0.90240542768558,60.0,0.9999999999999998,59.0,0.9880902052493076,61.0,0.8705696506008598,5_3,5,3,natural,97.8287811279,66.4123153687,10.5721783164,0,538.75209925,0.222788318992
UBFC_A1/Eval_On_COHFACE,COHFACE,old,COHFACE_s05_session3_natural,39,76.0,77.0,correct,76.0,0.9999999999999999,75.0,0.9711834423413938,77.0,0.9214101518011125,77.0,0.9999999999999998,78.0,0.9866265245885348,76.0,0.9450608079658558,5_3,5,3,natural,97.8287811279,66.4123153687,10.5721783164,0,538.75209925,0.222788318992
UBFC_A1/Eval_On_COHFACE,COHFACE,old,COHFACE_s05_session3_natural,40,76.0,75.0,correct,76.0,0.9999999999999999,77.0,0.9750038725587816,75.0,0.9131713995734069,75.0,0.9999999999999998,74.0,0.9778806602141598,76.0,0.9509382968520076,5_3,5,3,natural,97.8287811279,66.4123153687,10.5721783164,0,538.75209925,0.222788318992
UBFC_A1/Eval_On_COHFACE,COHFACE,old,COHFACE_s05_session3_natural,41,77.0,77.0,correct,77.0,0.9999999999999999,76.0,0.9805546186723066,78.0,0.8989271755803213,77.0,0.9999999999999998,76.0,0.96291918198734,78.0,0.9375406177711948,5_3,5,3,natural,97.8287811279,66.4123153687,10.5721783164,0,538.75209925,0.222788318992
UBFC_A1/Eval_On_COHFACE,COHFACE,old,COHFACE_s05_session3_natural,42,77.0,60.0,large_error,77.0,0.9999999999999999,78.0,0.9416995409361932,76.0,0.939552381189887,60.0,0.9999999999999999,61.0,0.9546993322061836,59.0,0.9387484102618676,5_3,5,3,natural,97.8287811279,66.4123153687,10.5721783164,0,538.75209925,0.222788318992
UBFC_A1/Eval_On_COHFACE,COHFACE,old,COHFACE_s05_session3_natural,43,77.0,61.0,large_error,77.0,0.9999999999999999,76.0,0.9445952002939373,78.0,0.939559289133678,61.0,0.9999999999999999,60.0,0.960661424170083,61.99999999999999,0.9392611828816096,5_3,5,3,natural,97.8287811279,66.4123153687,10.5721783164,0,538.75209925,0.222788318992
UBFC_A1/Eval_On_COHFACE,COHFACE,old,COHFACE_s05_session3_natural,44,77.0,61.0,large_error,77.0,0.9999999999999999,76.0,0.9866601609623021,78.0,0.9030273265202593,61.0,0.9999999999999999,61.99999999999999,0.9712532164571144,60.0,0.9462692631592975,5_3,5,3,natural,97.8287811279,66.4123153687,10.5721783164,0,538.75209925,0.222788318992
UBFC_A1/Eval_On_COHFACE,COHFACE,old,COHFACE_s05_session3_natural,45,76.0,61.0,large_error,76.0,0.9999999999999999,77.0,0.9992472041119399,75.0,0.8988897286169794,61.0,0.9999999999999999,60.0,0.9610451624771775,61.99999999999999,0.9325351881080376,5_3,5,3,natural,97.8287811279,66.4123153687,10.5721783164,0,538.75209925,0.222788318992
UBFC_A1/Eval_On_COHFACE,COHFACE,old,COHFACE_s05_session3_natural,46,77.0,60.0,large_error,77.0,0.9999999999999999,76.0,0.9699687343599627,78.0,0.9245251194907599,60.0,0.9999999999999999,61.0,0.9783559241061782,59.0,0.9354378235838954,5_3,5,3,natural,97.8287811279,66.4123153687,10.5721783164,0,538.75209925,0.222788318992
UBFC_A1/Eval_On_COHFACE,COHFACE,old,COHFACE_s05_session3_natural,47,77.0,60.0,large_error,77.0,0.9999999999999999,78.0,0.9694691651242306,76.0,0.9043603468977246,60.0,0.9999999999999999,59.0,0.9884199693840591,61.0,0.9221303655731576,5_3,5,3,natural,97.8287811279,66.4123153687,10.5721783164,0,538.75209925,0.222788318992
UBFC_A1/Eval_On_COHFACE,COHFACE,old,COHFACE_s05_session3_natural,48,77.0,47.0,large_error,77.0,0.9999999999999999,78.0,0.9818464786173541,76.0,0.891302242241523,47.0,0.9999999999999999,58.0,0.9745098041183259,46.0,0.9654670030154907,5_3,5,3,natural,97.8287811279,66.4123153687,10.5721783164,0,538.75209925,0.222788318992
UBFC_A1/Eval_On_COHFACE,COHFACE,old,COHFACE_s05_session3_natural,49,78.0,55.0,large_error,78.0,0.9999999999999999,77.0,0.9913291825381039,79.0,0.8948452190129907,55.0,0.9999999999999999,56.0,0.9923513963333648,54.0,0.9621441881693635,5_3,5,3,natural,97.8287811279,66.4123153687,10.5721783164,0,538.75209925,0.222788318992
UBFC_A1/Eval_On_COHFACE,COHFACE,old,COHFACE_s05_session3_natural,50,77.0,53.0,large_error,77.0,0.9999999999999999,78.0,0.9819191735850529,76.0,0.9139183199129167,53.0,0.9999999999999999,54.0,0.9846962600099082,52.0,0.963312486827127,5_3,5,3,natural,97.8287811279,66.4123153687,10.5721783164,0,538.75209925,0.222788318992
UBFC_A1/Eval_On_COHFACE,COHFACE,old,COHFACE_s06_session0_lamp,0,66.0,80.0,large_error,66.0,0.9999999999999999,67.0,0.9328902871520002,65.0,0.9325435664054823,80.0,0.9999999999999997,79.0,0.9900963154517762,81.0,0.9107653370041487,6_0,6,0,lamp,102.96698761,50.7914009094,1.06787271058,0,309.509057569,0.167584404349
UBFC_A1/Eval_On_COHFACE,COHFACE,old,COHFACE_s06_session0_lamp,1,65.0,78.0,large_error,65.0,0.9999999999999999,66.0,0.9939121031275243,64.0,0.8907354500079623,78.0,0.9999999999999996,79.0,0.9624922444763823,77.0,0.9494584824665088,6_0,6,0,lamp,102.96698761,50.7914009094,1.06787271058,0,309.509057569,0.167584404349
UBFC_A1/Eval_On_COHFACE,COHFACE,old,COHFACE_s06_session0_lamp,2,65.0,43.0,large_error,65.0,0.9999999999999999,64.0,0.9756782871226677,66.0,0.9121686895129854,43.0,0.9999999999999994,44.0,0.9786139443322779,77.0,0.9384183838379729,6_0,6,0,lamp,102.96698761,50.7914009094,1.06787271058,0,309.509057569,0.167584404349
UBFC_A1/Eval_On_COHFACE,COHFACE,old,COHFACE_s06_session0_lamp,3,64.0,80.0,large_error,64.0,0.9999999999999999,63.0,0.9522682278520702,65.0,0.933985711559728,80.0,0.9999999999999996,81.0,0.9436334739385258,79.0,0.8900471217743806,6_0,6,0,lamp,102.96698761,50.7914009094,1.06787271058,0,309.509057569,0.167584404349
UBFC_A1/Eval_On_COHFACE,COHFACE,old,COHFACE_s06_session0_lamp,4,64.0,81.0,super_harmonic_1p5x,64.0,0.9999999999999999,63.0,0.9964518807302386,65.0,0.8906562785263543,81.0,0.999999999999999,82.0,0.9493456937467959,80.0,0.8992141771307879,6_0,6,0,lamp,102.96698761,50.7914009094,1.06787271058,0,309.509057569,0.167584404349
UBFC_A1/Eval_On_COHFACE,COHFACE,old,COHFACE_s06_session0_lamp,5,64.0,42.0,large_error,64.0,0.9999999999999999,63.0,0.990618716767043,65.0,0.8995129877718547,42.0,0.9999999999999998,43.0,0.9825722175607116,41.0,0.8771191513588259,6_0,6,0,lamp,102.96698761,50.7914009094,1.06787271058,0,309.509057569,0.167584404349
UBFC_A1/Eval_On_COHFACE,COHFACE,old,COHFACE_s06_session0_lamp,6,64.0,41.0,large_error,64.0,0.9999999999999999,63.0,0.9908770295460333,65.0,0.9006678279938943,41.0,0.9999999999999997,42.0,0.9821041420768378,40.0,0.9501604351380608,6_0,6,0,lamp,102.96698761,50.7914009094,1.06787271058,0,309.509057569,0.167584404349
UBFC_A1/Eval_On_COHFACE,COHFACE,old,COHFACE_s06_session0_lamp,7,64.0,43.0,large_error,64.0,0.9999999999999999,63.0,0.9958265319051383,65.0,0.8952173046373406,43.0,0.9999999999999996,42.0,0.992738665406389,81.0,0.9911653427999573,6_0,6,0,lamp,102.96698761,50.7914009094,1.06787271058,0,309.509057569,0.167584404349
UBFC_A1/Eval_On_COHFACE,COHFACE,old,COHFACE_s06_session0_lamp,8,64.0,43.0,large_error,64.0,1.0,63.0,0.9784696745393071,65.0,0.9108893094371726,43.0,0.9999999999999997,44.0,0.9882779636191491,42.0,0.9539359031464365,6_0,6,0,lamp,102.96698761,50.7914009094,1.06787271058,0,309.509057569,0.167584404349
UBFC_A1/Eval_On_COHFACE,COHFACE,old,COHFACE_s06_session0_lamp,9,64.0,82.0,super_harmonic_1p5x,64.0,1.0,63.0,0.9870183680057527,65.0,0.9048646012802097,82.0,0.9999999999999996,81.0,0.9919552380287936,83.0,0.9437292017546406,6_0,6,0,lamp,102.96698761,50.7914009094,1.06787271058,0,309.509057569,0.167584404349
UBFC_A1/Eval_On_COHFACE,COHFACE,old,COHFACE_s06_session0_lamp,10,63.0,45.0,large_error,63.0,1.0,64.0,0.9739620343896248,61.99999999999999,0.9134193373268881,45.0,0.9999999999999996,44.0,0.9962660805041504,43.0,0.9710889092014132,6_0,6,0,lamp,102.96698761,50.7914009094,1.06787271058,0,309.509057569,0.167584404349
UBFC_A1/Eval_On_COHFACE,COHFACE,old,COHFACE_s06_session0_lamp,11,63.0,120.0,super_harmonic_2x,63.0,1.0,61.99999999999999,0.9548654560392337,64.0,0.9328181583198933,120.0,0.9999999999999998,121.0,0.9706714667670469,119.0,0.921437887660388,6_0,6,0,lamp,102.96698761,50.7914009094,1.06787271058,0,309.509057569,0.167584404349
UBFC_A1/Eval_On_COHFACE,COHFACE,old,COHFACE_s06_session0_lamp,12,61.99999999999999,120.0,super_harmonic_2x,61.99999999999999,1.0,63.0,0.9839152570040072,61.0,0.9030354277797203,120.0,0.9999999999999998,119.0,0.9828848875669772,121.0,0.9316197997121044,6_0,6,0,lamp,102.96698761,50.7914009094,1.06787271058,0,309.509057569,0.167584404349
UBFC_A1/Eval_On_COHFACE,COHFACE,old,COHFACE_s06_session0_lamp,13,61.99999999999999,120.0,super_harmonic_2x,61.99999999999999,1.0,61.0,0.9634409438033479,63.0,0.9212767015457912,120.0,0.9999999999999996,119.0,0.9652593686096498,121.0,0.9274381750130369,6_0,6,0,lamp,102.96698761,50.7914009094,1.06787271058,0,309.509057569,0.167584404349
UBFC_A1/Eval_On_COHFACE,COHFACE,old,COHFACE_s06_session0_lamp,14,61.0,120.0,super_harmonic_2x,61.0,1.0,61.99999999999999,0.9934274321280419,60.0,0.8950477048835744,120.0,0.9999999999999997,119.0,0.9539221293622672,121.0,0.9282086337022778,6_0,6,0,lamp,102.96698761,50.7914009094,1.06787271058,0,309.509057569,0.167584404349
UBFC_A1/Eval_On_COHFACE,COHFACE,old,COHFACE_s06_session0_lamp,15,61.0,119.0,super_harmonic_2x,61.0,1.0,61.99999999999999,0.9692531801688656,60.0,0.918660649121685,119.0,0.9999999999999994,120.0,0.9955422278959298,118.0,0.8802945160758343,6_0,6,0,lamp,102.96698761,50.7914009094,1.06787271058,0,309.509057569,0.167584404349
UBFC_A1/Eval_On_COHFACE,COHFACE,old,COHFACE_s06_session0_lamp,16,61.0,72.0,large_error,61.0,1.0,61.99999999999999,0.9817238936125241,60.0,0.9067779303340565,72.0,0.9999999999999993,71.0,0.9358792064549938,73.0,0.91793051333387,6_0,6,0,lamp,102.96698761,50.7914009094,1.06787271058,0,309.509057569,0.167584404349
UBFC_A1/Eval_On_COHFACE,COHFACE,old,COHFACE_s06_session0_lamp,17,61.99999999999999,61.0,correct,61.99999999999999,1.0,61.0,0.9650051814960813,63.0,0.9224574809368801,61.0,0.9999999999999993,61.99999999999999,0.9662474790784973,60.0,0.888692394770485,6_0,6,0,lamp,102.96698761,50.7914009094,1.06787271058,0,309.509057569,0.167584404349
UBFC_A1/Eval_On_COHFACE,COHFACE,old,COHFACE_s06_session0_lamp,18,61.99999999999999,65.0,correct,61.99999999999999,1.0,63.0,0.9524530020115567,61.0,0.9331883952485065,65.0,0.9999999999999996,66.0,0.9631142103248327,64.0,0.9539224879780748,6_0,6,0,lamp,102.96698761,50.7914009094,1.06787271058,0,309.509057569,0.167584404349
UBFC_A1/Eval_On_COHFACE,COHFACE,old,COHFACE_s06_session0_lamp,19,61.99999999999999,66.0,large_error,61.99999999999999,1.0,63.0,0.9665445707176312,61.0,0.9192528847330617,66.0,0.9999999999999997,65.0,0.9642436981294517,67.0,0.953837904500798,6_0,6,0,lamp,102.96698761,50.7914009094,1.06787271058,0,309.509057569,0.167584404349
UBFC_A1/Eval_On_COHFACE,COHFACE,old,COHFACE_s06_session0_lamp,20,61.99999999999999,66.0,large_error,61.99999999999999,1.0,63.0,0.9825184097260239,61.0,0.9063905306839998,66.0,0.9999999999999997,67.0,0.9952432558282565,65.0,0.9129840837916524,6_0,6,0,lamp,102.96698761,50.7914009094,1.06787271058,0,309.509057569,0.167584404349
UBFC_A1/Eval_On_COHFACE,COHFACE,old,COHFACE_s06_session0_lamp,21,61.99999999999999,40.0,large_error,61.99999999999999,1.0,63.0,0.9660199977689561,61.0,0.9221307477203781,40.0,0.9999999999999994,41.0,0.7840151253044496,63.0,0.5984889142065762,6_0,6,0,lamp,102.96698761,50.7914009094,1.06787271058,0,309.509057569,0.167584404349
UBFC_A1/Eval_On_COHFACE,COHFACE,old,COHFACE_s06_session0_lamp,22,61.99999999999999,82.0,super_harmonic_1p5x,61.99999999999999,1.0,61.0,0.9601532816276843,63.0,0.9261876169831562,82.0,0.9999999999999989,81.0,0.9319781923688706,83.0,0.9259823691272141,6_0,6,0,lamp,102.96698761,50.7914009094,1.06787271058,0,309.509057569,0.167584404349
UBFC_A1/Eval_On_COHFACE,COHFACE,old,COHFACE_s06_session0_lamp,23,61.99999999999999,42.0,large_error,61.99999999999999,1.0,61.0,0.9771912875301098,63.0,0.9088392126181918,42.0,0.9999999999999997,43.0,0.9755161333532695,41.0,0.9011341495285494,6_0,6,0,lamp,102.96698761,50.7914009094,1.06787271058,0,309.509057569,0.167584404349
UBFC_A1/Eval_On_COHFACE,COHFACE,old,COHFACE_s06_session0_lamp,24,61.99999999999999,40.0,large_error,61.99999999999999,1.0,61.0,0.9937719582384211,63.0,0.8909249012711038,40.0,0.9999999999999997,41.0,0.9348184428498238,42.0,0.7755833895277678,6_0,6,0,lamp,102.96698761,50.7914009094,1.06787271058,0,309.509057569,0.167584404349
UBFC_A1/Eval_On_COHFACE,COHFACE,old,COHFACE_s06_session0_lamp,25,61.0,81.0,super_harmonic_1p5x,61.0,1.0,61.99999999999999,0.9916025713154247,60.0,0.8904863719540219,81.0,0.9999999999999996,82.0,0.9588683077844851,80.0,0.9504335589465304,6_0,6,0,lamp,102.96698761,50.7914009094,1.06787271058,0,309.509057569,0.167584404349
UBFC_A1/Eval_On_COHFACE,COHFACE,old,COHFACE_s06_session0_lamp,26,61.0,43.0,large_error,61.0,1.0,61.99999999999999,0.9793847269723065,60.0,0.9043402679353626,43.0,0.9999999999999999,42.0,0.9785448291534129,44.0,0.9094051434675637,6_0,6,0,lamp,102.96698761,50.7914009094,1.06787271058,0,309.509057569,0.167584404349
UBFC_A1/Eval_On_COHFACE,COHFACE,old,COHFACE_s06_session0_lamp,27,61.0,41.0,large_error,61.0,1.0,61.99999999999999,0.9629211616079482,60.0,0.9214986260726501,41.0,0.9999999999999997,42.0,0.9954807486517538,40.0,0.9277907397317126,6_0,6,0,lamp,102.96698761,50.7914009094,1.06787271058,0,309.509057569,0.167584404349
UBFC_A1/Eval_On_COHFACE,COHFACE,old,COHFACE_s06_session0_lamp,28,61.0,81.0,super_harmonic_1p5x,61.0,1.0,60.0,0.941461290658086,61.99999999999999,0.9401670684552103,81.0,0.9999999999999996,80.0,0.9840531607914178,41.0,0.9810632847370542,6_0,6,0,lamp,102.96698761,50.7914009094,1.06787271058,0,309.509057569,0.167584404349
UBFC_A1/Eval_On_COHFACE,COHFACE,old,COHFACE_s06_session0_lamp,29,61.0,60.0,correct,61.0,1.0,60.0,0.9546235204966906,61.99999999999999,0.9291306669267085,60.0,0.9999999999999997,61.0,0.9637239892029991,59.0,0.9447213046259121,6_0,6,0,lamp,102.96698761,50.7914009094,1.06787271058,0,309.509057569,0.167584404349
UBFC_A1/Eval_On_COHFACE,COHFACE,old,COHFACE_s06_session0_lamp,30,61.0,82.0,super_harmonic_1p5x,61.0,1.0,60.0,0.9786849354739545,61.99999999999999,0.9054772332687135,82.0,0.9999999999999996,81.0,0.9921598716808135,83.0,0.9328837600975882,6_0,6,0,lamp,102.96698761,50.7914009094,1.06787271058,0,309.509057569,0.167584404349
UBFC_A1/Eval_On_COHFACE,COHFACE,old,COHFACE_s06_session0_lamp,31,61.0,58.0,correct,61.0,1.0,60.0,0.9937270394823965,61.99999999999999,0.8876755830429944,58.0,0.9999999999999993,59.0,0.9752243043758657,57.0,0.9741802931723057,6_0,6,0,lamp,102.96698761,50.7914009094,1.06787271058,0,309.509057569,0.167584404349
UBFC_A1/Eval_On_COHFACE,COHFACE,old,COHFACE_s06_session0_lamp,32,61.0,59.0,correct,61.0,1.0,60.0,0.9907050453528724,61.99999999999999,0.8932301463330519,59.0,0.9999999999999998,60.0,0.9909123763037009,58.0,0.9044066833971622,6_0,6,0,lamp,102.96698761,50.7914009094,1.06787271058,0,309.509057569,0.167584404349
UBFC_A1/Eval_On_COHFACE,COHFACE,old,COHFACE_s06_session0_lamp,33,61.0,63.0,correct,61.0,1.0,60.0,0.9718024845705787,61.99999999999999,0.9120877539039123,63.0,0.9999999999999989,64.0,0.9265558237367147,61.99999999999999,0.9013678100057343,6_0,6,0,lamp,102.96698761,50.7914009094,1.06787271058,0,309.509057569,0.167584404349
UBFC_A1/Eval_On_COHFACE,COHFACE,old,COHFACE_s06_session0_lamp,34,61.0,91.0,super_harmonic_1p5x,61.0,1.0,60.0,0.9713429756240312,61.99999999999999,0.9106353138182525,91.0,0.9999999999999992,90.0,0.9733615732574278,92.0,0.9038700682242315,6_0,6,0,lamp,102.96698761,50.7914009094,1.06787271058,0,309.509057569,0.167584404349
UBFC_A1/Eval_On_COHFACE,COHFACE,old,COHFACE_s06_session0_lamp,35,61.0,53.0,large_error,61.0,1.0,60.0,0.9692630942461189,61.99999999999999,0.9195160946151459,53.0,0.9999999999999996,52.0,0.9788433019108613,54.0,0.9009186741509744,6_0,6,0,lamp,102.96698761,50.7914009094,1.06787271058,0,309.509057569,0.167584404349
UBFC_A1/Eval_On_COHFACE,COHFACE,old,COHFACE_s06_session0_lamp,36,61.0,118.0,super_harmonic_2x,61.0,1.0,60.0,0.981585906082764,61.99999999999999,0.9140126074934446,118.0,0.9999999999999992,119.0,0.9892318524681567,40.0,0.9290160202091311,6_0,6,0,lamp,102.96698761,50.7914009094,1.06787271058,0,309.509057569,0.167584404349
UBFC_A1/Eval_On_COHFACE,COHFACE,old,COHFACE_s06_session0_lamp,37,60.0,80.0,super_harmonic_1p5x,60.0,1.0,61.0,0.9915384432049675,59.0,0.9028074052994502,80.0,0.9999999999999996,79.0,0.98782380020268,81.0,0.9256409622088215,6_0,6,0,lamp,102.96698761,50.7914009094,1.06787271058,0,309.509057569,0.167584404349
UBFC_A1/Eval_On_COHFACE,COHFACE,old,COHFACE_s06_session0_lamp,38,60.0,76.0,super_harmonic_1p5x,60.0,1.0,61.0,0.9707932748547258,59.0,0.9247617463879589,76.0,0.9999999999999996,75.0,0.9807761046270519,77.0,0.921270838079971,6_0,6,0,lamp,102.96698761,50.7914009094,1.06787271058,0,309.509057569,0.167584404349
UBFC_A1/Eval_On_COHFACE,COHFACE,old,COHFACE_s06_session0_lamp,39,60.0,60.0,correct,60.0,1.0,61.0,0.9551559317971412,59.0,0.939037436536798,60.0,0.9999999999999998,61.0,0.9642431025168722,59.0,0.9125860080286812,6_0,6,0,lamp,102.96698761,50.7914009094,1.06787271058,0,309.509057569,0.167584404349
UBFC_A1/Eval_On_COHFACE,COHFACE,old,COHFACE_s06_session0_lamp,40,60.0,60.0,correct,60.0,1.0,59.0,0.9417589302436834,61.0,0.9406578868398161,60.0,0.9999999999999997,61.0,0.9972554401713902,59.0,0.8750277369634176,6_0,6,0,lamp,102.96698761,50.7914009094,1.06787271058,0,309.509057569,0.167584404349
UBFC_A1/Eval_On_COHFACE,COHFACE,old,COHFACE_s06_session0_lamp,41,60.0,44.0,large_error,60.0,1.0,61.0,0.9579706361664448,59.0,0.9221350722334037,44.0,0.9999999999999997,43.0,0.9972588858455068,45.0,0.9072389899975041,6_0,6,0,lamp,102.96698761,50.7914009094,1.06787271058,0,309.509057569,0.167584404349
UBFC_A1/Eval_On_COHFACE,COHFACE,old,COHFACE_s06_session0_lamp,42,60.0,42.0,large_error,60.0,1.0,61.0,0.998156231740376,59.0,0.8877540479663922,42.0,0.9999999999999993,41.0,0.9837363745897633,43.0,0.9757725556489919,6_0,6,0,lamp,102.96698761,50.7914009094,1.06787271058,0,309.509057569,0.167584404349
UBFC_A1/Eval_On_COHFACE,COHFACE,old,COHFACE_s06_session0_lamp,43,61.0,44.0,large_error,61.0,1.0,60.0,0.9892003271432032,61.99999999999999,0.8941921154077386,44.0,0.9999999999999993,81.0,0.9923950953386249,82.0,0.9908239953249254,6_0,6,0,lamp,102.96698761,50.7914009094,1.06787271058,0,309.509057569,0.167584404349
UBFC_A1/Eval_On_COHFACE,COHFACE,old,COHFACE_s06_session0_lamp,44,61.0,44.0,large_error,61.0,1.0,60.0,0.9750159401884518,61.99999999999999,0.9116949049056381,44.0,0.9999999999999997,45.0,0.9784949855790948,43.0,0.9423795653156534,6_0,6,0,lamp,102.96698761,50.7914009094,1.06787271058,0,309.509057569,0.167584404349
UBFC_A1/Eval_On_COHFACE,COHFACE,old,COHFACE_s06_session0_lamp,45,61.0,49.0,large_error,61.0,1.0,60.0,0.9644596000033923,61.99999999999999,0.9258704283732699,49.0,0.9999999999999993,50.0,0.9845986304632233,48.0,0.8539900205814082,6_0,6,0,lamp,102.96698761,50.7914009094,1.06787271058,0,309.509057569,0.167584404349
UBFC_A1/Eval_On_COHFACE,COHFACE,old,COHFACE_s06_session0_lamp,46,61.0,51.0,large_error,61.0,1.0,60.0,0.9645270128033799,61.99999999999999,0.9235011427626891,51.0,0.9999999999999996,52.0,0.9642068511573734,50.0,0.8456253003686035,6_0,6,0,lamp,102.96698761,50.7914009094,1.06787271058,0,309.509057569,0.167584404349
UBFC_A1/Eval_On_COHFACE,COHFACE,old,COHFACE_s06_session0_lamp,47,61.0,42.0,large_error,61.0,1.0,61.99999999999999,0.9586762280815927,60.0,0.9354966614932736,42.0,0.9999999999999997,43.0,0.9967911550988413,41.0,0.8997665631454412,6_0,6,0,lamp,102.96698761,50.7914009094,1.06787271058,0,309.509057569,0.167584404349
UBFC_A1/Eval_On_COHFACE,COHFACE,old,COHFACE_s06_session0_lamp,48,61.99999999999999,40.0,large_error,61.99999999999999,1.0,61.0,0.9921113776346291,63.0,0.9055363135922954,40.0,0.9999999999999997,41.0,0.8602219333457285,79.0,0.7231456763069691,6_0,6,0,lamp,102.96698761,50.7914009094,1.06787271058,0,309.509057569,0.167584404349
UBFC_A1/Eval_On_COHFACE,COHFACE,old,COHFACE_s06_session0_lamp,49,61.99999999999999,81.0,super_harmonic_1p5x,61.99999999999999,1.0,61.0,0.9671558016056577,63.0,0.9282087088451412,81.0,0.9999999999999997,82.0,0.9625904092361496,80.0,0.9614110713552019,6_0,6,0,lamp,102.96698761,50.7914009094,1.06787271058,0,309.509057569,0.167584404349
UBFC_A1/Eval_On_COHFACE,COHFACE,old,COHFACE_s06_session0_lamp,50,61.99999999999999,42.0,large_error,61.99999999999999,1.0,63.0,0.9732682031402256,61.0,0.9203936709925493,42.0,0.9999999999999997,43.0,0.9814844760266875,78.0,0.9727414570132298,6_0,6,0,lamp,102.96698761,50.7914009094,1.06787271058,0,309.509057569,0.167584404349
UBFC_A1/Eval_On_COHFACE,COHFACE,old,COHFACE_s06_session1_lamp,0,66.0,50.0,large_error,66.0,1.0,65.0,0.9934023001608913,67.0,0.8840768665737115,50.0,0.9999999999999997,49.0,0.9927241785503007,51.0,0.9062343266256173,6_1,6,1,lamp,106.824485779,52.7376289368,0.850470334489,0,343.69309222,0.178907260299
UBFC_A1/Eval_On_COHFACE,COHFACE,old,COHFACE_s06_session1_lamp,1,65.0,52.0,large_error,65.0,1.0,64.0,0.9960774254362913,66.0,0.8963611797015432,52.0,0.9999999999999998,51.0,0.9258504728867029,53.0,0.9231505294657795,6_1,6,1,lamp,106.824485779,52.7376289368,0.850470334489,0,343.69309222,0.178907260299
UBFC_A1/Eval_On_COHFACE,COHFACE,old,COHFACE_s06_session1_lamp,2,64.0,77.0,large_error,64.0,1.0,63.0,0.965044658678361,65.0,0.9225196871010729,77.0,0.9999999999999998,78.0,0.9890077383483239,76.0,0.9122246308629933,6_1,6,1,lamp,106.824485779,52.7376289368,0.850470334489,0,343.69309222,0.178907260299
UBFC_A1/Eval_On_COHFACE,COHFACE,old,COHFACE_s06_session1_lamp,3,63.0,80.0,super_harmonic_1p5x,63.0,1.0,64.0,0.9692628519930218,61.99999999999999,0.9155430523442246,80.0,0.9999999999999998,81.0,0.977072853093632,79.0,0.9049090677965653,6_1,6,1,lamp,106.824485779,52.7376289368,0.850470334489,0,343.69309222,0.178907260299
UBFC_A1/Eval_On_COHFACE,COHFACE,old,COHFACE_s06_session1_lamp,4,63.0,80.0,super_harmonic_1p5x,63.0,1.0,61.99999999999999,0.9683879670905691,64.0,0.9213628893464414,80.0,0.9999999999999997,81.0,0.9989432439300315,79.0,0.9471874362014486,6_1,6,1,lamp,106.824485779,52.7376289368,0.850470334489,0,343.69309222,0.178907260299
UBFC_A1/Eval_On_COHFACE,COHFACE,old,COHFACE_s06_session1_lamp,5,63.0,78.0,large_error,63.0,1.0,61.99999999999999,0.9861198944442588,64.0,0.9094385794370273,78.0,0.9999999999999998,77.0,0.9939033552653206,79.0,0.9206300606111723,6_1,6,1,lamp,106.824485779,52.7376289368,0.850470334489,0,343.69309222,0.178907260299
UBFC_A1/Eval_On_COHFACE,COHFACE,old,COHFACE_s06_session1_lamp,6,61.99999999999999,81.0,super_harmonic_1p5x,61.99999999999999,1.0,63.0,0.9935243216022108,61.0,0.9051722928602379,81.0,0.9999999999999998,80.0,0.9852292004697928,82.0,0.9273305903889449,6_1,6,1,lamp,106.824485779,52.7376289368,0.850470334489,0,343.69309222,0.178907260299
UBFC_A1/Eval_On_COHFACE,COHFACE,old,COHFACE_s06_session1_lamp,7,63.0,81.0,super_harmonic_1p5x,63.0,1.0,61.99999999999999,0.9778108096010837,64.0,0.9150407288438748,81.0,0.9999999999999998,82.0,0.9624301091554667,80.0,0.9435906684554013,6_1,6,1,lamp,106.824485779,52.7376289368,0.850470334489,0,343.69309222,0.178907260299
UBFC_A1/Eval_On_COHFACE,COHFACE,old,COHFACE_s06_session1_lamp,8,63.0,80.0,super_harmonic_1p5x,63.0,1.0,64.0,0.9563427823158047,61.99999999999999,0.9341740092337206,80.0,0.9999999999999998,79.0,0.9668222132560714,81.0,0.9430115573329876,6_1,6,1,lamp,106.824485779,52.7376289368,0.850470334489,0,343.69309222,0.178907260299
UBFC_A1/Eval_On_COHFACE,COHFACE,old,COHFACE_s06_session1_lamp,9,63.0,80.0,super_harmonic_1p5x,63.0,1.0,64.0,0.96135880513947,61.99999999999999,0.9228487660630948,80.0,0.9999999999999998,81.0,0.9878271963610961,79.0,0.9111068295920858,6_1,6,1,lamp,106.824485779,52.7376289368,0.850470334489,0,343.69309222,0.178907260299
UBFC_A1/Eval_On_COHFACE,COHFACE,old,COHFACE_s06_session1_lamp,10,63.0,81.0,super_harmonic_1p5x,63.0,1.0,64.0,0.9593542159919215,61.99999999999999,0.9215277040479304,81.0,0.9999999999999998,80.0,0.9740546326466887,82.0,0.9151832785073242,6_1,6,1,lamp,106.824485779,52.7376289368,0.850470334489,0,343.69309222,0.178907260299
UBFC_A1/Eval_On_COHFACE,COHFACE,old,COHFACE_s06_session1_lamp,11,63.0,77.0,large_error,63.0,1.0,61.99999999999999,0.9718121956875304,64.0,0.9124159787140773,77.0,0.9999999999999997,78.0,0.9938598559983581,120.0,0.9741880130332703,6_1,6,1,lamp,106.824485779,52.7376289368,0.850470334489,0,343.69309222,0.178907260299
UBFC_A1/Eval_On_COHFACE,COHFACE,old,COHFACE_s06_session1_lamp,12,61.99999999999999,80.0,super_harmonic_1p5x,61.99999999999999,1.0,61.0,0.9446056186324724,63.0,0.9394656097749751,80.0,0.9999999999999997,81.0,0.9811922755610607,79.0,0.8947066185179918,6_1,6,1,lamp,106.824485779,52.7376289368,0.850470334489,0,343.69309222,0.178907260299
UBFC_A1/Eval_On_COHFACE,COHFACE,old,COHFACE_s06_session1_lamp,13,61.0,80.0,super_harmonic_1p5x,61.0,1.0,61.99999999999999,0.9450214953303668,60.0,0.9430099445563529,80.0,0.9999999999999997,81.0,0.9665224542305081,120.0,0.9381046690792689,6_1,6,1,lamp,106.824485779,52.7376289368,0.850470334489,0,343.69309222,0.178907260299
UBFC_A1/Eval_On_COHFACE,COHFACE,old,COHFACE_s06_session1_lamp,14,60.0,42.0,large_error,60.0,1.0,59.0,0.94854950788564,61.0,0.9419423471667336,42.0,0.9999999999999997,120.0,0.9767681724755374,43.0,0.9591046625444682,6_1,6,1,lamp,106.824485779,52.7376289368,0.850470334489,0,343.69309222,0.178907260299
UBFC_A1/Eval_On_COHFACE,COHFACE,old,COHFACE_s06_session1_lamp,15,59.0,81.0,super_harmonic_1p5x,59.0,1.0,60.0,0.9720557389432811,58.0,0.917145255127497,81.0,0.9999999999999996,80.0,0.9755165829112377,40.0,0.9219627037538592,6_1,6,1,lamp,106.824485779,52.7376289368,0.850470334489,0,343.69309222,0.178907260299
UBFC_A1/Eval_On_COHFACE,COHFACE,old,COHFACE_s06_session1_lamp,16,59.0,81.0,super_harmonic_1p5x,59.0,1.0,60.0,0.948061728621471,58.0,0.9369377509102434,81.0,0.9999999999999998,82.0,0.961877413187449,80.0,0.927900753073997,6_1,6,1,lamp,106.824485779,52.7376289368,0.850470334489,0,343.69309222,0.178907260299
UBFC_A1/Eval_On_COHFACE,COHFACE,old,COHFACE_s06_session1_lamp,17,59.0,43.0,large_error,59.0,1.0,60.0,0.9605852132954523,58.0,0.9224411255741632,43.0,0.9999999999999997,44.0,0.971619059238097,42.0,0.9196614579129194,6_1,6,1,lamp,106.824485779,52.7376289368,0.850470334489,0,343.69309222,0.178907260299
UBFC_A1/Eval_On_COHFACE,COHFACE,old,COHFACE_s06_session1_lamp,18,60.0,82.0,super_harmonic_1p5x,60.0,1.0,59.0,0.9575545643073944,61.0,0.9258411239085264,82.0,0.9999999999999994,81.0,0.9825147186704851,83.0,0.9099783845461501,6_1,6,1,lamp,106.824485779,52.7376289368,0.850470334489,0,343.69309222,0.178907260299
UBFC_A1/Eval_On_COHFACE,COHFACE,old,COHFACE_s06_session1_lamp,19,61.0,121.0,super_harmonic_2x,61.0,1.0,60.0,0.9611102427012221,61.99999999999999,0.9228199812586854,121.0,0.9999999999999993,122.0,0.9379824258305942,120.0,0.9361341826792832,6_1,6,1,lamp,106.824485779,52.7376289368,0.850470334489,0,343.69309222,0.178907260299
UBFC_A1/Eval_On_COHFACE,COHFACE,old,COHFACE_s06_session1_lamp,20,61.99999999999999,60.0,correct,61.99999999999999,1.0,61.0,0.9813919715609736,63.0,0.9023284619094489,60.0,0.9999999999999998,59.0,0.9776624199604098,61.0,0.8500330271477903,6_1,6,1,lamp,106.824485779,52.7376289368,0.850470334489,0,343.69309222,0.178907260299
UBFC_A1/Eval_On_COHFACE,COHFACE,old,COHFACE_s06_session1_lamp,21,61.99999999999999,59.0,correct,61.99999999999999,1.0,61.0,0.9485383064813623,63.0,0.9379871028824416,59.0,0.9999999999999996,60.0,0.9682762054201833,58.0,0.9109643829157098,6_1,6,1,lamp,106.824485779,52.7376289368,0.850470334489,0,343.69309222,0.178907260299
UBFC_A1/Eval_On_COHFACE,COHFACE,old,COHFACE_s06_session1_lamp,22,61.99999999999999,59.0,correct,61.99999999999999,1.0,63.0,0.9447392774557685,61.0,0.9412067603103129,59.0,0.9999999999999996,60.0,0.9909536865626455,58.0,0.9493797433409129,6_1,6,1,lamp,106.824485779,52.7376289368,0.850470334489,0,343.69309222,0.178907260299
UBFC_A1/Eval_On_COHFACE,COHFACE,old,COHFACE_s06_session1_lamp,23,61.99999999999999,59.0,correct,61.99999999999999,1.0,61.0,0.9798073604667379,63.0,0.9084998652333834,59.0,0.9999999999999997,60.0,0.9591742093577613,58.0,0.9394276756335895,6_1,6,1,lamp,106.824485779,52.7376289368,0.850470334489,0,343.69309222,0.178907260299
UBFC_A1/Eval_On_COHFACE,COHFACE,old,COHFACE_s06_session1_lamp,24,61.0,40.0,large_error,61.0,1.0,61.99999999999999,0.9766228206853921,60.0,0.913763961230561,40.0,0.9999999999999994,41.0,0.8652308896063662,58.0,0.8311390586578317,6_1,6,1,lamp,106.824485779,52.7376289368,0.850470334489,0,343.69309222,0.178907260299
UBFC_A1/Eval_On_COHFACE,COHFACE,old,COHFACE_s06_session1_lamp,25,61.0,58.0,correct,61.0,1.0,60.0,0.9584184463884674,61.99999999999999,0.932493113686075,58.0,0.9999999999999992,59.0,0.9746550196154411,57.0,0.9521983167282522,6_1,6,1,lamp,106.824485779,52.7376289368,0.850470334489,0,343.69309222,0.178907260299
UBFC_A1/Eval_On_COHFACE,COHFACE,old,COHFACE_s06_session1_lamp,26,61.0,60.0,correct,61.0,1.0,60.0,0.9924030263843597,61.99999999999999,0.8972976154693566,60.0,0.9999999999999998,61.0,0.9507462369293098,59.0,0.919428922816742,6_1,6,1,lamp,106.824485779,52.7376289368,0.850470334489,0,343.69309222,0.178907260299
UBFC_A1/Eval_On_COHFACE,COHFACE,old,COHFACE_s06_session1_lamp,27,61.0,82.0,super_harmonic_1p5x,61.0,1.0,60.0,0.9909481458902469,61.99999999999999,0.8974977361468222,82.0,0.9999999999999997,81.0,0.999690276654657,83.0,0.8637611339458133,6_1,6,1,lamp,106.824485779,52.7376289368,0.850470334489,0,343.69309222,0.178907260299
UBFC_A1/Eval_On_COHFACE,COHFACE,old,COHFACE_s06_session1_lamp,28,61.0,82.0,super_harmonic_1p5x,61.0,1.0,60.0,0.9686284172291997,61.99999999999999,0.919838709085895,82.0,0.9999999999999993,83.0,0.95423055044985,81.0,0.9253407571025914,6_1,6,1,lamp,106.824485779,52.7376289368,0.850470334489,0,343.69309222,0.178907260299
UBFC_A1/Eval_On_COHFACE,COHFACE,old,COHFACE_s06_session1_lamp,29,61.0,43.0,large_error,61.0,1.0,61.99999999999999,0.9439852850750893,60.0,0.9413429823322357,43.0,0.9999999999999997,42.0,0.9856101394590344,44.0,0.8511352623661875,6_1,6,1,lamp,106.824485779,52.7376289368,0.850470334489,0,343.69309222,0.178907260299
UBFC_A1/Eval_On_COHFACE,COHFACE,old,COHFACE_s06_session1_lamp,30,61.0,80.0,super_harmonic_1p5x,61.0,1.0,61.99999999999999,0.9784535167181213,60.0,0.9063546993279039,80.0,0.9999999999999994,79.0,0.9802630726907959,81.0,0.9195839416557395,6_1,6,1,lamp,106.824485779,52.7376289368,0.850470334489,0,343.69309222,0.178907260299
UBFC_A1/Eval_On_COHFACE,COHFACE,old,COHFACE_s06_session1_lamp,31,61.0,81.0,super_harmonic_1p5x,61.0,1.0,61.99999999999999,0.9887046487727654,60.0,0.898152871319007,81.0,0.9999999999999994,82.0,0.9875485028589167,80.0,0.933202912990511,6_1,6,1,lamp,106.824485779,52.7376289368,0.850470334489,0,343.69309222,0.178907260299
UBFC_A1/Eval_On_COHFACE,COHFACE,old,COHFACE_s06_session1_lamp,32,61.99999999999999,42.0,large_error,61.99999999999999,1.0,61.0,0.9924188843983991,63.0,0.8945076692677854,42.0,0.9999999999999994,43.0,0.9941447098846395,41.0,0.9177378579772852,6_1,6,1,lamp,106.824485779,52.7376289368,0.850470334489,0,343.69309222,0.178907260299
UBFC_A1/Eval_On_COHFACE,COHFACE,old,COHFACE_s06_session1_lamp,33,61.99999999999999,79.0,super_harmonic_1p5x,61.99999999999999,1.0,61.0,0.9587813412594935,63.0,0.9300216618294936,79.0,0.9999999999999994,40.0,0.9707447666318323,78.0,0.942349967111521,6_1,6,1,lamp,106.824485779,52.7376289368,0.850470334489,0,343.69309222,0.178907260299
UBFC_A1/Eval_On_COHFACE,COHFACE,old,COHFACE_s06_session1_lamp,34,61.99999999999999,40.0,large_error,61.99999999999999,1.0,63.0,0.9785480055711059,61.0,0.918231702788809,40.0,0.9999999999999994,41.0,0.940525910955531,78.0,0.9175838406913693,6_1,6,1,lamp,106.824485779,52.7376289368,0.850470334489,0,343.69309222,0.178907260299
UBFC_A1/Eval_On_COHFACE,COHFACE,old,COHFACE_s06_session1_lamp,35,63.0,77.0,large_error,63.0,1.0,61.99999999999999,0.9492139670736833,64.0,0.9454498365625458,77.0,0.9999999999999997,76.0,0.9874506645587057,78.0,0.9048220298360458,6_1,6,1,lamp,106.824485779,52.7376289368,0.850470334489,0,343.69309222,0.178907260299
UBFC_A1/Eval_On_COHFACE,COHFACE,old,COHFACE_s06_session1_lamp,36,64.0,40.0,large_error,64.0,1.0,63.0,0.9644317599440064,65.0,0.9300072121445287,40.0,0.9999999999999994,79.0,0.8143414535812908,41.0,0.7685383883551776,6_1,6,1,lamp,106.824485779,52.7376289368,0.850470334489,0,343.69309222,0.178907260299
UBFC_A1/Eval_On_COHFACE,COHFACE,old,COHFACE_s06_session1_lamp,37,65.0,79.0,large_error,65.0,1.0,64.0,0.9680920831980712,66.0,0.9196062959208434,79.0,0.9999999999999997,78.0,0.9605980188256568,80.0,0.9221912010009061,6_1,6,1,lamp,106.824485779,52.7376289368,0.850470334489,0,343.69309222,0.178907260299
UBFC_A1/Eval_On_COHFACE,COHFACE,old,COHFACE_s06_session1_lamp,38,65.0,76.0,large_error,65.0,1.0,66.0,0.9669707482560423,64.0,0.9113254391249968,76.0,0.9999999999999996,77.0,0.9812811435401646,75.0,0.9021217170716181,6_1,6,1,lamp,106.824485779,52.7376289368,0.850470334489,0,343.69309222,0.178907260299
UBFC_A1/Eval_On_COHFACE,COHFACE,old,COHFACE_s06_session1_lamp,39,65.0,80.0,large_error,65.0,1.0,66.0,0.9958669400680784,64.0,0.8836182938397737,80.0,0.9999999999999997,81.0,0.9914508633704991,40.0,0.9238493087012761,6_1,6,1,lamp,106.824485779,52.7376289368,0.850470334489,0,343.69309222,0.178907260299
UBFC_A1/Eval_On_COHFACE,COHFACE,old,COHFACE_s06_session1_lamp,40,65.0,81.0,large_error,65.0,1.0,66.0,0.9843731194173292,64.0,0.8989931636391845,81.0,0.9999999999999998,82.0,0.9640195988835891,80.0,0.9383962709875044,6_1,6,1,lamp,106.824485779,52.7376289368,0.850470334489,0,343.69309222,0.178907260299
UBFC_A1/Eval_On_COHFACE,COHFACE,old,COHFACE_s06_session1_lamp,41,65.0,43.0,large_error,65.0,1.0,64.0,0.9672561736320991,66.0,0.9235767602952014,43.0,0.9999999999999997,42.0,0.999574350183853,41.0,0.8856313137612619,6_1,6,1,lamp,106.824485779,52.7376289368,0.850470334489,0,343.69309222,0.178907260299
UBFC_A1/Eval_On_COHFACE,COHFACE,old,COHFACE_s06_session1_lamp,42,64.0,40.0,large_error,64.0,1.0,65.0,0.9983723486969922,63.0,0.8972423851285368,40.0,0.9999999999999998,41.0,0.9271610858572066,80.0,0.7997379757146919,6_1,6,1,lamp,106.824485779,52.7376289368,0.850470334489,0,343.69309222,0.178907260299
UBFC_A1/Eval_On_COHFACE,COHFACE,old,COHFACE_s06_session1_lamp,43,64.0,81.0,super_harmonic_1p5x,64.0,1.0,65.0,0.9799793269645686,63.0,0.9180113651785127,81.0,0.9999999999999998,80.0,0.940039666766661,82.0,0.9323492865796139,6_1,6,1,lamp,106.824485779,52.7376289368,0.850470334489,0,343.69309222,0.178907260299
UBFC_A1/Eval_On_COHFACE,COHFACE,old,COHFACE_s06_session1_lamp,44,64.0,42.0,large_error,64.0,1.0,65.0,0.970917629596241,63.0,0.9209746359413311,42.0,0.9999999999999997,43.0,0.9998881152551191,41.0,0.8939268787880477,6_1,6,1,lamp,106.824485779,52.7376289368,0.850470334489,0,343.69309222,0.178907260299
UBFC_A1/Eval_On_COHFACE,COHFACE,old,COHFACE_s06_session1_lamp,45,64.0,80.0,large_error,64.0,0.9999999999999999,65.0,0.973885690867735,63.0,0.9098519783288758,80.0,0.9999999999999998,81.0,0.9941671814601061,79.0,0.8950213819540139,6_1,6,1,lamp,106.824485779,52.7376289368,0.850470334489,0,343.69309222,0.178907260299
UBFC_A1/Eval_On_COHFACE,COHFACE,old,COHFACE_s06_session1_lamp,46,64.0,80.0,large_error,64.0,0.9999999999999999,63.0,0.9419367051271446,65.0,0.9374789577311947,80.0,0.9999999999999998,81.0,0.9962503795520079,79.0,0.9184131799945722,6_1,6,1,lamp,106.824485779,52.7376289368,0.850470334489,0,343.69309222,0.178907260299
UBFC_A1/Eval_On_COHFACE,COHFACE,old,COHFACE_s06_session1_lamp,47,64.0,79.0,large_error,64.0,0.9999999999999999,63.0,0.9543249266652972,65.0,0.9240401349878234,79.0,0.9999999999999998,80.0,0.9842900178932916,42.0,0.963149367084323,6_1,6,1,lamp,106.824485779,52.7376289368,0.850470334489,0,343.69309222,0.178907260299
UBFC_A1/Eval_On_COHFACE,COHFACE,old,COHFACE_s06_session1_lamp,48,64.0,81.0,super_harmonic_1p5x,64.0,0.9999999999999998,63.0,0.9390671839001417,65.0,0.9385026784703686,81.0,0.9999999999999998,82.0,0.9985061197568734,80.0,0.9017552141517559,6_1,6,1,lamp,106.824485779,52.7376289368,0.850470334489,0,343.69309222,0.178907260299
UBFC_A1/Eval_On_COHFACE,COHFACE,old,COHFACE_s06_session1_lamp,49,64.0,80.0,large_error,64.0,0.9999999999999998,63.0,0.9464032397909921,65.0,0.9329289232853955,80.0,0.9999999999999998,81.0,0.9933812766446787,79.0,0.9101224501178422,6_1,6,1,lamp,106.824485779,52.7376289368,0.850470334489,0,343.69309222,0.178907260299
UBFC_A1/Eval_On_COHFACE,COHFACE,old,COHFACE_s06_session1_lamp,50,64.0,44.0,large_error,64.0,0.9999999999999998,65.0,0.9809581724233907,63.0,0.906434748264171,44.0,0.9999999999999998,43.0,0.9722746235912797,45.0,0.925557340200584,6_1,6,1,lamp,106.824485779,52.7376289368,0.850470334489,0,343.69309222,0.178907260299
UBFC_A1/Eval_On_COHFACE,COHFACE,old,COHFACE_s06_session2_natural,0,63.0,40.0,large_error,63.0,1.0,64.0,0.9961308275645183,61.99999999999999,0.8981752908385192,40.0,0.9999999999999997,79.0,0.8486320765595361,78.0,0.8409199933379802,6_2,6,2,natural,100.778015137,62.8120079041,10.4543150848,0.0010071807962,516.894786108,0.183659374714
UBFC_A1/Eval_On_COHFACE,COHFACE,old,COHFACE_s06_session2_natural,1,63.0,80.0,super_harmonic_1p5x,63.0,1.0,64.0,0.9706542745177489,61.99999999999999,0.9177340094546291,80.0,0.9999999999999993,79.0,0.98231942702721,81.0,0.9203976883671164,6_2,6,2,natural,100.778015137,62.8120079041,10.4543150848,0.0010071807962,516.894786108,0.183659374714
UBFC_A1/Eval_On_COHFACE,COHFACE,old,COHFACE_s06_session2_natural,2,63.0,67.0,large_error,63.0,1.0,64.0,0.9952198273143897,61.99999999999999,0.8980044519491291,67.0,0.9999999999999998,66.0,0.9306721381816915,68.0,0.901339991687434,6_2,6,2,natural,100.778015137,62.8120079041,10.4543150848,0.0010071807962,516.894786108,0.183659374714
UBFC_A1/Eval_On_COHFACE,COHFACE,old,COHFACE_s06_session2_natural,3,63.0,40.0,large_error,63.0,1.0,64.0,0.9825285989368636,61.99999999999999,0.9062551561088541,40.0,0.9999999999999996,41.0,0.9768559530882689,42.0,0.8559724673527442,6_2,6,2,natural,100.778015137,62.8120079041,10.4543150848,0.0010071807962,516.894786108,0.183659374714
UBFC_A1/Eval_On_COHFACE,COHFACE,old,COHFACE_s06_session2_natural,4,63.0,82.0,super_harmonic_1p5x,63.0,1.0,61.99999999999999,0.951282009972347,64.0,0.9435837870260769,82.0,0.9999999999999998,81.0,0.9734348021079022,83.0,0.8821827806863046,6_2,6,2,natural,100.778015137,62.8120079041,10.4543150848,0.0010071807962,516.894786108,0.183659374714
UBFC_A1/Eval_On_COHFACE,COHFACE,old,COHFACE_s06_session2_natural,5,61.99999999999999,66.0,large_error,61.99999999999999,1.0,63.0,0.9940705010951816,61.0,0.907970925435497,66.0,0.9999999999999998,65.0,0.9493993374349494,67.0,0.9244564255149585,6_2,6,2,natural,100.778015137,62.8120079041,10.4543150848,0.0010071807962,516.894786108,0.183659374714
UBFC_A1/Eval_On_COHFACE,COHFACE,old,COHFACE_s06_session2_natural,6,61.99999999999999,40.0,large_error,61.99999999999999,1.0,63.0,0.9474202354827855,61.0,0.9458547105006644,40.0,0.9999999999999998,41.0,0.8681151539610835,42.0,0.6619440763530839,6_2,6,2,natural,100.778015137,62.8120079041,10.4543150848,0.0010071807962,516.894786108,0.183659374714
UBFC_A1/Eval_On_COHFACE,COHFACE,old,COHFACE_s06_session2_natural,7,61.99999999999999,81.0,super_harmonic_1p5x,61.99999999999999,1.0,61.0,0.9615419398732571,63.0,0.9278416745133024,81.0,0.9999999999999998,82.0,0.9777711563704536,80.0,0.9068433501733404,6_2,6,2,natural,100.778015137,62.8120079041,10.4543150848,0.0010071807962,516.894786108,0.183659374714
UBFC_A1/Eval_On_COHFACE,COHFACE,old,COHFACE_s06_session2_natural,8,61.99999999999999,77.0,large_error,61.99999999999999,1.0,61.0,0.9552218581170909,63.0,0.9369349359525043,77.0,0.9999999999999998,78.0,0.9995821109612143,79.0,0.9274173730442462,6_2,6,2,natural,100.778015137,62.8120079041,10.4543150848,0.0010071807962,516.894786108,0.183659374714
UBFC_A1/Eval_On_COHFACE,COHFACE,old,COHFACE_s06_session2_natural,9,61.99999999999999,40.0,large_error,61.99999999999999,1.0,63.0,0.9615076407910371,61.0,0.9225527595911751,40.0,0.9999999999999997,79.0,0.8751237621951318,41.0,0.8696904810538357,6_2,6,2,natural,100.778015137,62.8120079041,10.4543150848,0.0010071807962,516.894786108,0.183659374714
UBFC_A1/Eval_On_COHFACE,COHFACE,old,COHFACE_s06_session2_natural,10,63.0,80.0,super_harmonic_1p5x,63.0,1.0,61.99999999999999,0.9911030227021688,64.0,0.8895405908005315,80.0,0.9999999999999998,81.0,0.9836767355524768,79.0,0.9284832509313066,6_2,6,2,natural,100.778015137,62.8120079041,10.4543150848,0.0010071807962,516.894786108,0.183659374714
UBFC_A1/Eval_On_COHFACE,COHFACE,old,COHFACE_s06_session2_natural,11,63.0,43.0,large_error,63.0,1.0,61.99999999999999,0.9551006942105338,64.0,0.9283451312826303,43.0,0.9999999999999998,42.0,0.9482136623453963,44.0,0.9235240353256001,6_2,6,2,natural,100.778015137,62.8120079041,10.4543150848,0.0010071807962,516.894786108,0.183659374714
UBFC_A1/Eval_On_COHFACE,COHFACE,old,COHFACE_s06_session2_natural,12,63.0,77.0,large_error,63.0,1.0,64.0,0.9727865183128183,61.99999999999999,0.9139311693591009,77.0,0.9999999999999998,76.0,0.9552961201880158,78.0,0.9310709220650946,6_2,6,2,natural,100.778015137,62.8120079041,10.4543150848,0.0010071807962,516.894786108,0.183659374714
UBFC_A1/Eval_On_COHFACE,COHFACE,old,COHFACE_s06_session2_natural,13,64.0,55.0,large_error,64.0,1.0,63.0,0.981338231886414,65.0,0.9019289936977586,55.0,0.9999999999999998,54.0,0.964382436262677,56.0,0.9461507056605107,6_2,6,2,natural,100.778015137,62.8120079041,10.4543150848,0.0010071807962,516.894786108,0.183659374714
UBFC_A1/Eval_On_COHFACE,COHFACE,old,COHFACE_s06_session2_natural,14,64.0,60.0,large_error,64.0,1.0,63.0,0.9760006716819166,65.0,0.9083929944060366,60.0,0.9999999999999999,59.0,0.9425100841637019,61.0,0.9319715891035294,6_2,6,2,natural,100.778015137,62.8120079041,10.4543150848,0.0010071807962,516.894786108,0.183659374714
UBFC_A1/Eval_On_COHFACE,COHFACE,old,COHFACE_s06_session2_natural,15,64.0,61.0,correct,64.0,1.0,63.0,0.9878739414217932,65.0,0.8998483276503815,61.0,0.9999999999999994,60.0,0.9820938765708581,61.99999999999999,0.9412137111270311,6_2,6,2,natural,100.778015137,62.8120079041,10.4543150848,0.0010071807962,516.894786108,0.183659374714
UBFC_A1/Eval_On_COHFACE,COHFACE,old,COHFACE_s06_session2_natural,16,63.0,65.0,correct,63.0,1.0,64.0,0.987003865790137,61.99999999999999,0.895623109867347,65.0,0.9999999999999998,66.0,0.9985659765997689,64.0,0.9600500478466942,6_2,6,2,natural,100.778015137,62.8120079041,10.4543150848,0.0010071807962,516.894786108,0.183659374714
UBFC_A1/Eval_On_COHFACE,COHFACE,old,COHFACE_s06_session2_natural,17,63.0,65.0,correct,63.0,1.0,64.0,0.9493041915597906,61.99999999999999,0.9334593403491621,65.0,0.9999999999999998,64.0,0.9893087937785847,66.0,0.9419644293317445,6_2,6,2,natural,100.778015137,62.8120079041,10.4543150848,0.0010071807962,516.894786108,0.183659374714
UBFC_A1/Eval_On_COHFACE,COHFACE,old,COHFACE_s06_session2_natural,18,63.0,64.0,correct,63.0,1.0,61.99999999999999,0.9782024739353813,64.0,0.903747164470517,64.0,0.9999999999999999,63.0,0.957570735710709,65.0,0.904142826898701,6_2,6,2,natural,100.778015137,62.8120079041,10.4543150848,0.0010071807962,516.894786108,0.183659374714
UBFC_A1/Eval_On_COHFACE,COHFACE,old,COHFACE_s06_session2_natural,19,61.99999999999999,63.0,correct,61.99999999999999,1.0,63.0,0.9627277039024499,61.0,0.9180759712711377,63.0,0.9999999999999998,64.0,0.9413278698161679,61.99999999999999,0.9034357567429434,6_2,6,2,natural,100.778015137,62.8120079041,10.4543150848,0.0010071807962,516.894786108,0.183659374714
UBFC_A1/Eval_On_COHFACE,COHFACE,old,COHFACE_s06_session2_natural,20,61.99999999999999,63.0,correct,61.99999999999999,1.0,63.0,0.9439217292266339,61.0,0.9395747187176723,63.0,0.9999999999999999,64.0,0.9499913116689547,61.99999999999999,0.9018831922327266,6_2,6,2,natural,100.778015137,62.8120079041,10.4543150848,0.0010071807962,516.894786108,0.183659374714
UBFC_A1/Eval_On_COHFACE,COHFACE,old,COHFACE_s06_session2_natural,21,61.99999999999999,60.0,correct,61.99999999999999,1.0,63.0,0.9605878550193317,61.0,0.9195689264099619,60.0,0.9999999999999998,61.0,0.9837169547174881,59.0,0.9123201359489106,6_2,6,2,natural,100.778015137,62.8120079041,10.4543150848,0.0010071807962,516.894786108,0.183659374714
UBFC_A1/Eval_On_COHFACE,COHFACE,old,COHFACE_s06_session2_natural,22,61.99999999999999,60.0,correct,61.99999999999999,1.0,63.0,0.9529136399917799,61.0,0.9260048676886484,60.0,1.0,61.0,0.9521750815051501,59.0,0.9405434690767495,6_2,6,2,natural,100.778015137,62.8120079041,10.4543150848,0.0010071807962,516.894786108,0.183659374714
UBFC_A1/Eval_On_COHFACE,COHFACE,old,COHFACE_s06_session2_natural,23,61.99999999999999,60.0,correct,61.99999999999999,1.0,63.0,0.9650621455759466,61.0,0.924145550178475,60.0,0.9999999999999999,61.0,0.9793529094903854,59.0,0.9656479076773685,6_2,6,2,natural,100.778015137,62.8120079041,10.4543150848,0.0010071807962,516.894786108,0.183659374714
UBFC_A1/Eval_On_COHFACE,COHFACE,old,COHFACE_s06_session2_natural,24,61.99999999999999,59.0,correct,61.99999999999999,1.0,63.0,0.9795544101658715,61.0,0.9084963212044042,59.0,0.9999999999999999,60.0,0.9984916158961765,58.0,0.9415247167172397,6_2,6,2,natural,100.778015137,62.8120079041,10.4543150848,0.0010071807962,516.894786108,0.183659374714
UBFC_A1/Eval_On_COHFACE,COHFACE,old,COHFACE_s06_session2_natural,25,61.99999999999999,59.0,correct,61.99999999999999,1.0,63.0,0.9595169677034557,61.0,0.9245069043526138,59.0,0.9999999999999999,60.0,0.9909172567431436,58.0,0.9391062693984564,6_2,6,2,natural,100.778015137,62.8120079041,10.4543150848,0.0010071807962,516.894786108,0.183659374714
UBFC_A1/Eval_On_COHFACE,COHFACE,old,COHFACE_s06_session2_natural,26,61.99999999999999,58.0,correct,61.99999999999999,1.0,63.0,0.9701912327431488,61.0,0.9250465443068386,58.0,0.9999999999999999,59.0,0.9915424775141471,57.0,0.9825776443272671,6_2,6,2,natural,100.778015137,62.8120079041,10.4543150848,0.0010071807962,516.894786108,0.183659374714
UBFC_A1/Eval_On_COHFACE,COHFACE,old,COHFACE_s06_session2_natural,27,61.99999999999999,52.0,large_error,61.99999999999999,1.0,61.0,0.9538587410188185,63.0,0.9413613127497074,52.0,0.9999999999999999,53.0,0.9987207907677205,54.0,0.8883703306510626,6_2,6,2,natural,100.778015137,62.8120079041,10.4543150848,0.0010071807962,516.894786108,0.183659374714
UBFC_A1/Eval_On_COHFACE,COHFACE,old,COHFACE_s06_session2_natural,28,61.99999999999999,52.0,large_error,61.99999999999999,1.0,61.0,0.9944136220597025,63.0,0.8986410245823816,52.0,0.9999999999999998,53.0,0.9959088428664106,51.0,0.878534796913252,6_2,6,2,natural,100.778015137,62.8120079041,10.4543150848,0.0010071807962,516.894786108,0.183659374714
UBFC_A1/Eval_On_COHFACE,COHFACE,old,COHFACE_s06_session2_natural,29,61.99999999999999,66.0,large_error,61.99999999999999,1.0,61.0,0.9790156883133948,63.0,0.9165244286266052,66.0,0.9999999999999998,67.0,0.9599127874573096,65.0,0.8844148709667824,6_2,6,2,natural,100.778015137,62.8120079041,10.4543150848,0.0010071807962,516.894786108,0.183659374714
UBFC_A1/Eval_On_COHFACE,COHFACE,old,COHFACE_s06_session2_natural,30,61.99999999999999,40.0,large_error,61.99999999999999,1.0,61.0,0.9724586904184215,63.0,0.9213316574915473,40.0,0.9999999999999996,41.0,0.7865289356789409,57.0,0.7628163751178154,6_2,6,2,natural,100.778015137,62.8120079041,10.4543150848,0.0010071807962,516.894786108,0.183659374714
UBFC_A1/Eval_On_COHFACE,COHFACE,old,COHFACE_s06_session2_natural,31,61.99999999999999,57.0,large_error,61.99999999999999,1.0,63.0,0.9434861876683511,61.0,0.9425569502554025,57.0,0.9999999999999997,58.0,0.9956509256539249,56.0,0.8956785860480254,6_2,6,2,natural,100.778015137,62.8120079041,10.4543150848,0.0010071807962,516.894786108,0.183659374714
UBFC_A1/Eval_On_COHFACE,COHFACE,old,COHFACE_s06_session2_natural,32,61.99999999999999,60.0,correct,61.99999999999999,0.9999999999999999,63.0,0.9910011400401203,61.0,0.8981654360699938,60.0,0.9999999999999998,61.0,0.9607511285705758,59.0,0.9582916570276261,6_2,6,2,natural,100.778015137,62.8120079041,10.4543150848,0.0010071807962,516.894786108,0.183659374714
UBFC_A1/Eval_On_COHFACE,COHFACE,old,COHFACE_s06_session2_natural,33,63.0,60.0,correct,63.0,0.9999999999999999,61.99999999999999,0.9726694304941403,64.0,0.9205738369778024,60.0,0.9999999999999999,61.0,0.9795225814344385,59.0,0.9023369066351756,6_2,6,2,natural,100.778015137,62.8120079041,10.4543150848,0.0010071807962,516.894786108,0.183659374714
UBFC_A1/Eval_On_COHFACE,COHFACE,old,COHFACE_s06_session2_natural,34,63.0,60.0,correct,63.0,0.9999999999999999,64.0,0.953891000542117,61.99999999999999,0.9288245892669135,60.0,0.9999999999999999,59.0,0.9812266904575768,61.0,0.9057779990738714,6_2,6,2,natural,100.778015137,62.8120079041,10.4543150848,0.0010071807962,516.894786108,0.183659374714
UBFC_A1/Eval_On_COHFACE,COHFACE,old,COHFACE_s06_session2_natural,35,63.0,60.0,correct,63.0,0.9999999999999999,64.0,0.9817081354590407,61.99999999999999,0.9046000450285319,60.0,0.9999999999999999,61.0,0.9594612632586498,59.0,0.9291028082863154,6_2,6,2,natural,100.778015137,62.8120079041,10.4543150848,0.0010071807962,516.894786108,0.183659374714
UBFC_A1/Eval_On_COHFACE,COHFACE,old,COHFACE_s06_session2_natural,36,64.0,60.0,large_error,64.0,0.9999999999999999,63.0,0.9952692925068842,65.0,0.8943124939511605,60.0,0.9999999999999999,59.0,0.953259754173126,61.0,0.9495691333540086,6_2,6,2,natural,100.778015137,62.8120079041,10.4543150848,0.0010071807962,516.894786108,0.183659374714
UBFC_A1/Eval_On_COHFACE,COHFACE,old,COHFACE_s06_session2_natural,37,64.0,60.0,large_error,64.0,0.9999999999999999,65.0,0.9527429507250511,63.0,0.9274500984788581,60.0,0.9999999999999998,59.0,0.9808617706845827,61.0,0.9365429443756038,6_2,6,2,natural,100.778015137,62.8120079041,10.4543150848,0.0010071807962,516.894786108,0.183659374714
UBFC_A1/Eval_On_COHFACE,COHFACE,old,COHFACE_s06_session2_natural,38,64.0,59.0,large_error,64.0,0.9999999999999999,65.0,0.9880357810034293,63.0,0.8918470608961466,59.0,1.0,60.0,0.9961518854518955,58.0,0.8944886791302687,6_2,6,2,natural,100.778015137,62.8120079041,10.4543150848,0.0010071807962,516.894786108,0.183659374714
UBFC_A1/Eval_On_COHFACE,COHFACE,old,COHFACE_s06_session2_natural,39,65.0,59.0,large_error,65.0,0.9999999999999999,64.0,0.9981478696597703,66.0,0.8819676225850812,59.0,0.9999999999999999,58.0,0.9552948676572803,60.0,0.9362583595914037,6_2,6,2,natural,100.778015137,62.8120079041,10.4543150848,0.0010071807962,516.894786108,0.183659374714
UBFC_A1/Eval_On_COHFACE,COHFACE,old,COHFACE_s06_session2_natural,40,65.0,58.0,large_error,65.0,0.9999999999999999,64.0,0.9936172692449912,66.0,0.8893364093586338,58.0,0.9999999999999998,59.0,0.9676651102338659,57.0,0.9427659871452992,6_2,6,2,natural,100.778015137,62.8120079041,10.4543150848,0.0010071807962,516.894786108,0.183659374714
UBFC_A1/Eval_On_COHFACE,COHFACE,old,COHFACE_s06_session2_natural,41,65.0,58.0,large_error,65.0,0.9999999999999999,64.0,0.9943875994935923,66.0,0.8907021467320223,58.0,0.9999999999999999,59.0,0.9976400540099718,57.0,0.9064572590941595,6_2,6,2,natural,100.778015137,62.8120079041,10.4543150848,0.0010071807962,516.894786108,0.183659374714
UBFC_A1/Eval_On_COHFACE,COHFACE,old,COHFACE_s06_session2_natural,42,65.0,58.0,large_error,65.0,0.9999999999999999,64.0,0.9996415652502111,66.0,0.8861208208855058,58.0,0.9999999999999999,57.0,0.9791660310788763,59.0,0.9392516562354655,6_2,6,2,natural,100.778015137,62.8120079041,10.4543150848,0.0010071807962,516.894786108,0.183659374714
UBFC_A1/Eval_On_COHFACE,COHFACE,old,COHFACE_s06_session2_natural,43,64.0,59.0,large_error,64.0,0.9999999999999999,65.0,0.9807541539624078,63.0,0.9132368529328609,59.0,0.9999999999999999,60.0,0.9590735941088715,58.0,0.9375626351591696,6_2,6,2,natural,100.778015137,62.8120079041,10.4543150848,0.0010071807962,516.894786108,0.183659374714
UBFC_A1/Eval_On_COHFACE,COHFACE,old,COHFACE_s06_session2_natural,44,64.0,60.0,large_error,64.0,0.9999999999999999,65.0,0.9752570030996366,63.0,0.922813300911478,60.0,0.9999999999999999,59.0,0.9726176262633779,61.0,0.9065509206226818,6_2,6,2,natural,100.778015137,62.8120079041,10.4543150848,0.0010071807962,516.894786108,0.183659374714
UBFC_A1/Eval_On_COHFACE,COHFACE,old,COHFACE_s06_session2_natural,45,64.0,60.0,large_error,64.0,0.9999999999999999,65.0,0.9743694207973996,63.0,0.9226339241199908,60.0,0.9999999999999999,59.0,0.9806167525972637,61.0,0.9128493497467707,6_2,6,2,natural,100.778015137,62.8120079041,10.4543150848,0.0010071807962,516.894786108,0.183659374714
UBFC_A1/Eval_On_COHFACE,COHFACE,old,COHFACE_s06_session2_natural,46,64.0,60.0,large_error,64.0,0.9999999999999999,65.0,0.9598414748614973,63.0,0.9393613763608293,60.0,0.9999999999999999,59.0,0.9853227403064987,61.0,0.924783189346043,6_2,6,2,natural,100.778015137,62.8120079041,10.4543150848,0.0010071807962,516.894786108,0.183659374714
UBFC_A1/Eval_On_COHFACE,COHFACE,old,COHFACE_s06_session2_natural,47,64.0,59.0,large_error,64.0,0.9999999999999999,63.0,0.9598485099784082,65.0,0.9378663914956689,59.0,0.9999999999999999,60.0,0.9673017050837625,58.0,0.9503188429475578,6_2,6,2,natural,100.778015137,62.8120079041,10.4543150848,0.0010071807962,516.894786108,0.183659374714
UBFC_A1/Eval_On_COHFACE,COHFACE,old,COHFACE_s06_session2_natural,48,64.0,59.0,large_error,64.0,0.9999999999999999,63.0,0.9539264864005808,65.0,0.9346700792939636,59.0,0.9999999999999998,60.0,0.9645430100210927,58.0,0.9584331452892998,6_2,6,2,natural,100.778015137,62.8120079041,10.4543150848,0.0010071807962,516.894786108,0.183659374714
UBFC_A1/Eval_On_COHFACE,COHFACE,old,COHFACE_s06_session2_natural,49,64.0,60.0,large_error,64.0,0.9999999999999998,65.0,0.9772371279464335,63.0,0.906262141039724,60.0,0.9999999999999999,59.0,0.993070973732955,61.0,0.9345049769919302,6_2,6,2,natural,100.778015137,62.8120079041,10.4543150848,0.0010071807962,516.894786108,0.183659374714
UBFC_A1/Eval_On_COHFACE,COHFACE,old,COHFACE_s06_session2_natural,50,65.0,51.0,large_error,65.0,0.9999999999999998,66.0,0.9624952037453178,64.0,0.9187842297910817,51.0,0.9999999999999999,52.0,0.985655666081214,50.0,0.8583712078932555,6_2,6,2,natural,100.778015137,62.8120079041,10.4543150848,0.0010071807962,516.894786108,0.183659374714
UBFC_A1/Eval_On_COHFACE,COHFACE,old,COHFACE_s06_session3_natural,0,65.0,51.0,large_error,65.0,1.0,64.0,0.9626910029462903,66.0,0.9208638543303829,51.0,0.9999999999999998,50.0,0.9879389865486546,52.0,0.8511803261795091,6_3,6,3,natural,102.864402771,67.6546401978,11.3458292374,0.000343575382864,516.437101375,0.181826546788
UBFC_A1/Eval_On_COHFACE,COHFACE,old,COHFACE_s06_session3_natural,1,64.0,51.0,large_error,64.0,1.0,65.0,0.9710894234741246,63.0,0.9151230521387417,51.0,0.9999999999999998,61.0,0.9785969786773173,52.0,0.9710225721308828,6_3,6,3,natural,102.864402771,67.6546401978,11.3458292374,0.000343575382864,516.437101375,0.181826546788
UBFC_A1/Eval_On_COHFACE,COHFACE,old,COHFACE_s06_session3_natural,2,64.0,68.0,large_error,64.0,1.0,65.0,0.9974183629498761,63.0,0.8958771935436801,68.0,0.9999999999999999,67.0,0.9886599826299275,69.0,0.9037065563552458,6_3,6,3,natural,102.864402771,67.6546401978,11.3458292374,0.000343575382864,516.437101375,0.181826546788
UBFC_A1/Eval_On_COHFACE,COHFACE,old,COHFACE_s06_session3_natural,3,65.0,60.0,large_error,65.0,1.0,64.0,0.9937054293215619,66.0,0.8996939893531175,60.0,0.9999999999999999,59.0,0.9964314678396069,61.0,0.9447078152842081,6_3,6,3,natural,102.864402771,67.6546401978,11.3458292374,0.000343575382864,516.437101375,0.181826546788
UBFC_A1/Eval_On_COHFACE,COHFACE,old,COHFACE_s06_session3_natural,4,65.0,61.0,large_error,65.0,1.0,64.0,0.9852232386305461,66.0,0.9090400433560176,61.0,0.9999999999999998,60.0,0.9962380852024109,61.99999999999999,0.9354790574731069,6_3,6,3,natural,102.864402771,67.6546401978,11.3458292374,0.000343575382864,516.437101375,0.181826546788
UBFC_A1/Eval_On_COHFACE,COHFACE,old,COHFACE_s06_session3_natural,5,64.0,60.0,large_error,64.0,1.0,65.0,0.9807725075125516,63.0,0.9144038987240605,60.0,0.9999999999999999,61.0,0.9964468736152667,59.0,0.8894191440843374,6_3,6,3,natural,102.864402771,67.6546401978,11.3458292374,0.000343575382864,516.437101375,0.181826546788
UBFC_A1/Eval_On_COHFACE,COHFACE,old,COHFACE_s06_session3_natural,6,64.0,61.99999999999999,correct,64.0,1.0,63.0,0.9604527666297749,65.0,0.9268968919071456,61.99999999999999,0.9999999999999998,61.0,0.9807823340070959,63.0,0.9106513236987497,6_3,6,3,natural,102.864402771,67.6546401978,11.3458292374,0.000343575382864,516.437101375,0.181826546788
UBFC_A1/Eval_On_COHFACE,COHFACE,old,COHFACE_s06_session3_natural,7,64.0,61.0,correct,64.0,1.0,63.0,0.9746861541446301,65.0,0.9102429548478382,61.0,0.9999999999999998,61.99999999999999,0.993725575389288,60.0,0.9368758731308907,6_3,6,3,natural,102.864402771,67.6546401978,11.3458292374,0.000343575382864,516.437101375,0.181826546788
UBFC_A1/Eval_On_COHFACE,COHFACE,old,COHFACE_s06_session3_natural,8,64.0,61.0,correct,64.0,0.9999999999999999,63.0,0.9852487496603278,65.0,0.9018790305156783,61.0,0.9999999999999999,60.0,0.995702864879178,61.99999999999999,0.9338054560913932,6_3,6,3,natural,102.864402771,67.6546401978,11.3458292374,0.000343575382864,516.437101375,0.181826546788
UBFC_A1/Eval_On_COHFACE,COHFACE,old,COHFACE_s06_session3_natural,9,64.0,60.0,large_error,64.0,0.9999999999999999,63.0,0.9554151883290528,65.0,0.9256115918386886,60.0,0.9999999999999999,61.0,0.9848318559149136,59.0,0.9374151208871616,6_3,6,3,natural,102.864402771,67.6546401978,11.3458292374,0.000343575382864,516.437101375,0.181826546788
UBFC_A1/Eval_On_COHFACE,COHFACE,old,COHFACE_s06_session3_natural,10,64.0,65.0,correct,64.0,0.9999999999999999,65.0,0.985361525323142,63.0,0.8949442333555377,65.0,0.9999999999999997,66.0,0.9601420924923563,64.0,0.9179911903025869,6_3,6,3,natural,102.864402771,67.6546401978,11.3458292374,0.000343575382864,516.437101375,0.181826546788
UBFC_A1/Eval_On_COHFACE,COHFACE,old,COHFACE_s06_session3_natural,11,65.0,65.0,correct,65.0,0.9999999999999999,64.0,0.9639138171278443,66.0,0.9160117592477609,65.0,0.9999999999999999,64.0,0.9531918281229578,66.0,0.9132770536798255,6_3,6,3,natural,102.864402771,67.6546401978,11.3458292374,0.000343575382864,516.437101375,0.181826546788
UBFC_A1/Eval_On_COHFACE,COHFACE,old,COHFACE_s06_session3_natural,12,65.0,65.0,correct,65.0,0.9999999999999999,64.0,0.9429376906528778,66.0,0.941274212878527,65.0,0.9999999999999999,64.0,0.9550288399969207,66.0,0.898355660891054,6_3,6,3,natural,102.864402771,67.6546401978,11.3458292374,0.000343575382864,516.437101375,0.181826546788
UBFC_A1/Eval_On_COHFACE,COHFACE,old,COHFACE_s06_session3_natural,13,65.0,65.0,correct,65.0,0.9999999999999999,64.0,0.9610298346983434,66.0,0.9244262120559845,65.0,0.9999999999999998,66.0,0.9595162562487318,64.0,0.9193371690512927,6_3,6,3,natural,102.864402771,67.6546401978,11.3458292374,0.000343575382864,516.437101375,0.181826546788
UBFC_A1/Eval_On_COHFACE,COHFACE,old,COHFACE_s06_session3_natural,14,64.0,65.0,correct,64.0,0.9999999999999999,65.0,0.9930107503402666,63.0,0.8918816689460957,65.0,0.9999999999999997,64.0,0.9915971976150346,66.0,0.8924694195973125,6_3,6,3,natural,102.864402771,67.6546401978,11.3458292374,0.000343575382864,516.437101375,0.181826546788
UBFC_A1/Eval_On_COHFACE,COHFACE,old,COHFACE_s06_session3_natural,15,64.0,61.0,correct,64.0,0.9999999999999999,65.0,0.9812083710351515,63.0,0.9069030540959347,61.0,0.9999999999999998,61.99999999999999,0.9769748610077037,60.0,0.9452833986382198,6_3,6,3,natural,102.864402771,67.6546401978,11.3458292374,0.000343575382864,516.437101375,0.181826546788
UBFC_A1/Eval_On_COHFACE,COHFACE,old,COHFACE_s06_session3_natural,16,64.0,61.0,correct,64.0,1.0,65.0,0.9632971805499659,63.0,0.9232716987853374,61.0,0.9999999999999998,61.99999999999999,0.99531598765725,60.0,0.9384803742223122,6_3,6,3,natural,102.864402771,67.6546401978,11.3458292374,0.000343575382864,516.437101375,0.181826546788
UBFC_A1/Eval_On_COHFACE,COHFACE,old,COHFACE_s06_session3_natural,17,64.0,61.99999999999999,correct,64.0,1.0,63.0,0.9481182664469983,65.0,0.9385047553577754,61.99999999999999,0.9999999999999998,63.0,0.9897835972358268,61.0,0.8977083785548372,6_3,6,3,natural,102.864402771,67.6546401978,11.3458292374,0.000343575382864,516.437101375,0.181826546788
UBFC_A1/Eval_On_COHFACE,COHFACE,old,COHFACE_s06_session3_natural,18,64.0,64.0,correct,64.0,1.0,65.0,0.9572771297418207,63.0,0.932756512097328,64.0,0.9999999999999997,65.0,0.9897721123219239,63.0,0.9342310071178581,6_3,6,3,natural,102.864402771,67.6546401978,11.3458292374,0.000343575382864,516.437101375,0.181826546788
UBFC_A1/Eval_On_COHFACE,COHFACE,old,COHFACE_s06_session3_natural,19,64.0,65.0,correct,64.0,1.0,65.0,0.9506445285288557,63.0,0.9405554957619118,65.0,0.9999999999999998,66.0,0.9780647249720572,40.0,0.9746407881469363,6_3,6,3,natural,102.864402771,67.6546401978,11.3458292374,0.000343575382864,516.437101375,0.181826546788
UBFC_A1/Eval_On_COHFACE,COHFACE,old,COHFACE_s06_session3_natural,20,64.0,43.0,large_error,64.0,1.0,63.0,0.9612571350163991,65.0,0.9287993749287783,43.0,0.9999999999999998,42.0,0.9748582885010156,44.0,0.924328245284933,6_3,6,3,natural,102.864402771,67.6546401978,11.3458292374,0.000343575382864,516.437101375,0.181826546788
UBFC_A1/Eval_On_COHFACE,COHFACE,old,COHFACE_s06_session3_natural,21,64.0,43.0,large_error,64.0,1.0,63.0,0.9995005815796825,65.0,0.8929877335573453,43.0,0.9999999999999998,42.0,0.9810074578571721,44.0,0.9222427750661785,6_3,6,3,natural,102.864402771,67.6546401978,11.3458292374,0.000343575382864,516.437101375,0.181826546788
UBFC_A1/Eval_On_COHFACE,COHFACE,old,COHFACE_s06_session3_natural,22,63.0,44.0,large_error,63.0,1.0,64.0,0.9757558823606584,61.99999999999999,0.9163145503355308,44.0,0.9999999999999998,43.0,0.9667472445956232,45.0,0.9620195150873571,6_3,6,3,natural,102.864402771,67.6546401978,11.3458292374,0.000343575382864,516.437101375,0.181826546788
UBFC_A1/Eval_On_COHFACE,COHFACE,old,COHFACE_s06_session3_natural,23,63.0,45.0,large_error,63.0,1.0,64.0,0.9712937301055707,61.99999999999999,0.913026592347589,45.0,0.9999999999999998,44.0,0.984045730450573,46.0,0.9146620724966957,6_3,6,3,natural,102.864402771,67.6546401978,11.3458292374,0.000343575382864,516.437101375,0.181826546788
UBFC_A1/Eval_On_COHFACE,COHFACE,old,COHFACE_s06_session3_natural,24,63.0,65.0,correct,63.0,1.0,64.0,0.9619718983603939,61.99999999999999,0.9176996505376801,65.0,0.9999999999999996,64.0,0.9477785524020438,66.0,0.9369287626089473,6_3,6,3,natural,102.864402771,67.6546401978,11.3458292374,0.000343575382864,516.437101375,0.181826546788
UBFC_A1/Eval_On_COHFACE,COHFACE,old,COHFACE_s06_session3_natural,25,63.0,53.0,large_error,63.0,1.0,64.0,0.9569398273219583,61.99999999999999,0.9300422697322787,53.0,0.9999999999999998,52.0,0.9598566277431682,54.0,0.9320898546436812,6_3,6,3,natural,102.864402771,67.6546401978,11.3458292374,0.000343575382864,516.437101375,0.181826546788
UBFC_A1/Eval_On_COHFACE,COHFACE,old,COHFACE_s06_session3_natural,26,64.0,53.0,large_error,64.0,1.0,63.0,0.9846053574122885,65.0,0.9019528685047825,53.0,0.9999999999999998,52.0,0.9969828429128375,54.0,0.8812420054822813,6_3,6,3,natural,102.864402771,67.6546401978,11.3458292374,0.000343575382864,516.437101375,0.181826546788
UBFC_A1/Eval_On_COHFACE,COHFACE,old,COHFACE_s06_session3_natural,27,64.0,65.0,correct,64.0,1.0,65.0,0.9731967142838582,63.0,0.9126298220111103,65.0,0.9999999999999997,64.0,0.9872527658190168,66.0,0.8995277881159426,6_3,6,3,natural,102.864402771,67.6546401978,11.3458292374,0.000343575382864,516.437101375,0.181826546788
UBFC_A1/Eval_On_COHFACE,COHFACE,old,COHFACE_s06_session3_natural,28,65.0,64.0,correct,65.0,1.0,64.0,0.9855323315828317,66.0,0.8988062784831972,64.0,0.9999999999999997,65.0,0.9751565432297484,63.0,0.8772814285690586,6_3,6,3,natural,102.864402771,67.6546401978,11.3458292374,0.000343575382864,516.437101375,0.181826546788
UBFC_A1/Eval_On_COHFACE,COHFACE,old,COHFACE_s06_session3_natural,29,65.0,65.0,correct,65.0,1.0,64.0,0.9848866879398448,66.0,0.9093571731799226,65.0,0.9999999999999998,64.0,0.9682088476710897,66.0,0.918733990998368,6_3,6,3,natural,102.864402771,67.6546401978,11.3458292374,0.000343575382864,516.437101375,0.181826546788
UBFC_A1/Eval_On_COHFACE,COHFACE,old,COHFACE_s06_session3_natural,30,65.0,64.0,correct,65.0,1.0,64.0,0.9670054112922855,66.0,0.9249631063281457,64.0,0.9999999999999997,65.0,0.9784403097957705,63.0,0.8949092282384523,6_3,6,3,natural,102.864402771,67.6546401978,11.3458292374,0.000343575382864,516.437101375,0.181826546788
UBFC_A1/Eval_On_COHFACE,COHFACE,old,COHFACE_s06_session3_natural,31,65.0,63.0,correct,65.0,1.0,64.0,0.9720973942408674,66.0,0.9152200070778889,63.0,0.9999999999999996,61.99999999999999,0.9834102699917658,80.0,0.9507620393808606,6_3,6,3,natural,102.864402771,67.6546401978,11.3458292374,0.000343575382864,516.437101375,0.181826546788
UBFC_A1/Eval_On_COHFACE,COHFACE,old,COHFACE_s06_session3_natural,32,64.0,68.0,large_error,64.0,1.0,65.0,0.9842422291101218,63.0,0.9079996536691862,68.0,0.9999999999999999,67.0,0.9955065645724827,69.0,0.8493835234049631,6_3,6,3,natural,102.864402771,67.6546401978,11.3458292374,0.000343575382864,516.437101375,0.181826546788
UBFC_A1/Eval_On_COHFACE,COHFACE,old,COHFACE_s06_session3_natural,33,64.0,67.0,correct,64.0,1.0,63.0,0.9462279555789086,65.0,0.945285752732016,67.0,0.9999999999999997,68.0,0.9983801453059877,66.0,0.8901172732056977,6_3,6,3,natural,102.864402771,67.6546401978,11.3458292374,0.000343575382864,516.437101375,0.181826546788
UBFC_A1/Eval_On_COHFACE,COHFACE,old,COHFACE_s06_session3_natural,34,64.0,68.0,large_error,64.0,1.0,63.0,0.9594977401029819,65.0,0.9276029434002404,68.0,0.9999999999999998,67.0,0.9459019475330955,69.0,0.9403809683752123,6_3,6,3,natural,102.864402771,67.6546401978,11.3458292374,0.000343575382864,516.437101375,0.181826546788
UBFC_A1/Eval_On_COHFACE,COHFACE,old,COHFACE_s06_session3_natural,35,64.0,43.0,large_error,64.0,1.0,63.0,0.9596677037632526,65.0,0.9249767136752872,43.0,0.9999999999999997,44.0,0.9840058432917416,42.0,0.9090395978849006,6_3,6,3,natural,102.864402771,67.6546401978,11.3458292374,0.000343575382864,516.437101375,0.181826546788
UBFC_A1/Eval_On_COHFACE,COHFACE,old,COHFACE_s06_session3_natural,36,64.0,66.0,correct,64.0,1.0,65.0,0.9678158313341648,63.0,0.9246219841843619,66.0,0.9999999999999997,67.0,0.9889133678797154,65.0,0.9544731778398297,6_3,6,3,natural,102.864402771,67.6546401978,11.3458292374,0.000343575382864,516.437101375,0.181826546788
UBFC_A1/Eval_On_COHFACE,COHFACE,old,COHFACE_s06_session3_natural,37,64.0,65.0,correct,64.0,1.0,65.0,0.997149014507971,63.0,0.8949731115608329,65.0,0.9999999999999999,66.0,0.9862624481406068,64.0,0.9497792578814115,6_3,6,3,natural,102.864402771,67.6546401978,11.3458292374,0.000343575382864,516.437101375,0.181826546788
UBFC_A1/Eval_On_COHFACE,COHFACE,old,COHFACE_s06_session3_natural,38,65.0,64.0,correct,65.0,1.0,64.0,0.9810533449241274,66.0,0.9033614570699136,64.0,0.9999999999999999,63.0,0.9607467103073207,65.0,0.9512355509578885,6_3,6,3,natural,102.864402771,67.6546401978,11.3458292374,0.000343575382864,516.437101375,0.181826546788
UBFC_A1/Eval_On_COHFACE,COHFACE,old,COHFACE_s06_session3_natural,39,65.0,61.99999999999999,correct,65.0,1.0,64.0,0.997257527567709,66.0,0.887589656691742,61.99999999999999,0.9999999999999999,63.0,0.9819899829399354,61.0,0.9252788488311217,6_3,6,3,natural,102.864402771,67.6546401978,11.3458292374,0.000343575382864,516.437101375,0.181826546788
UBFC_A1/Eval_On_COHFACE,COHFACE,old,COHFACE_s06_session3_natural,40,64.0,61.0,correct,64.0,1.0,63.0,0.9461735919299793,65.0,0.9397412986173451,61.0,0.9999999999999998,61.99999999999999,0.977576007024786,60.0,0.9374576906904396,6_3,6,3,natural,102.864402771,67.6546401978,11.3458292374,0.000343575382864,516.437101375,0.181826546788
UBFC_A1/Eval_On_COHFACE,COHFACE,old,COHFACE_s06_session3_natural,41,64.0,60.0,large_error,64.0,1.0,63.0,0.9743646699881963,65.0,0.9059939567454265,60.0,0.9999999999999998,61.0,0.9892127565548994,59.0,0.9386197052115844,6_3,6,3,natural,102.864402771,67.6546401978,11.3458292374,0.000343575382864,516.437101375,0.181826546788
UBFC_A1/Eval_On_COHFACE,COHFACE,old,COHFACE_s06_session3_natural,42,64.0,61.0,correct,64.0,1.0,63.0,0.9986607399070234,65.0,0.8786713473364203,61.0,0.9999999999999998,61.99999999999999,0.9462453262375373,60.0,0.9294210410100495,6_3,6,3,natural,102.864402771,67.6546401978,11.3458292374,0.000343575382864,516.437101375,0.181826546788
UBFC_A1/Eval_On_COHFACE,COHFACE,old,COHFACE_s06_session3_natural,43,63.0,61.0,correct,63.0,1.0,64.0,0.9617195135197557,61.99999999999999,0.9145509163803506,61.0,0.9999999999999998,61.99999999999999,0.9921681777678049,81.0,0.9542284393225453,6_3,6,3,natural,102.864402771,67.6546401978,11.3458292374,0.000343575382864,516.437101375,0.181826546788
UBFC_A1/Eval_On_COHFACE,COHFACE,old,COHFACE_s06_session3_natural,44,64.0,64.0,correct,64.0,1.0,63.0,0.9907300504250213,65.0,0.897454560770223,64.0,0.9999999999999997,63.0,0.9732111225264606,65.0,0.8725608540479765,6_3,6,3,natural,102.864402771,67.6546401978,11.3458292374,0.000343575382864,516.437101375,0.181826546788
UBFC_A1/Eval_On_COHFACE,COHFACE,old,COHFACE_s06_session3_natural,45,64.0,63.0,correct,64.0,1.0,65.0,0.9719801501847045,63.0,0.9173740178993481,63.0,0.9999999999999997,61.99999999999999,0.9460598097292175,64.0,0.9098712607397713,6_3,6,3,natural,102.864402771,67.6546401978,11.3458292374,0.000343575382864,516.437101375,0.181826546788
UBFC_A1/Eval_On_COHFACE,COHFACE,old,COHFACE_s06_session3_natural,46,65.0,52.0,large_error,65.0,1.0,64.0,0.9794869274769348,66.0,0.9127395366991469,52.0,0.9999999999999994,51.0,0.9404701480336001,53.0,0.928753344437036,6_3,6,3,natural,102.864402771,67.6546401978,11.3458292374,0.000343575382864,516.437101375,0.181826546788
UBFC_A1/Eval_On_COHFACE,COHFACE,old,COHFACE_s06_session3_natural,47,65.0,67.0,correct,65.0,1.0,64.0,0.9646765752964385,66.0,0.9286634511422083,67.0,0.9999999999999998,68.0,0.9500953227973397,51.0,0.9487358372738531,6_3,6,3,natural,102.864402771,67.6546401978,11.3458292374,0.000343575382864,516.437101375,0.181826546788
UBFC_A1/Eval_On_COHFACE,COHFACE,old,COHFACE_s06_session3_natural,48,64.0,40.0,large_error,64.0,1.0,65.0,0.9824236970015705,63.0,0.9120639343584105,40.0,0.9999999999999994,41.0,0.7582675488069494,121.0,0.6200560047069428,6_3,6,3,natural,102.864402771,67.6546401978,11.3458292374,0.000343575382864,516.437101375,0.181826546788
UBFC_A1/Eval_On_COHFACE,COHFACE,old,COHFACE_s06_session3_natural,49,64.0,120.0,super_harmonic_2x,64.0,1.0,63.0,0.9495532445759236,65.0,0.9414057772681791,120.0,0.9999999999999994,121.0,0.9687113124591082,119.0,0.9245321631531819,6_3,6,3,natural,102.864402771,67.6546401978,11.3458292374,0.000343575382864,516.437101375,0.181826546788
UBFC_A1/Eval_On_COHFACE,COHFACE,old,COHFACE_s06_session3_natural,50,64.0,44.0,large_error,64.0,1.0,63.0,0.9689165347431614,65.0,0.9212587592667474,44.0,0.9999999999999998,43.0,0.9592326120877167,45.0,0.9338712663395417,6_3,6,3,natural,102.864402771,67.6546401978,11.3458292374,0.000343575382864,516.437101375,0.181826546788
UBFC_A1/Eval_On_COHFACE,COHFACE,old,COHFACE_s07_session0_lamp,0,64.0,75.0,large_error,64.0,0.9999999999999999,63.0,0.9293473391697812,65.0,0.9065761891041967,75.0,0.999999999999999,76.0,0.993064782275691,74.0,0.9858074610468959,7_0,7,0,lamp,101.429534912,52.5997848511,3.8311143126,0,444.89405426,0.173167213798
UBFC_A1/Eval_On_COHFACE,COHFACE,old,COHFACE_s07_session0_lamp,1,61.99999999999999,81.0,super_harmonic_1p5x,61.99999999999999,0.9999999999999999,61.0,0.979596551703514,63.0,0.9166223295469671,81.0,0.9999999999999984,82.0,0.9820117749829766,80.0,0.9536678430513965,7_0,7,0,lamp,101.429534912,52.5997848511,3.8311143126,0,444.89405426,0.173167213798
UBFC_A1/Eval_On_COHFACE,COHFACE,old,COHFACE_s07_session0_lamp,2,60.0,60.0,correct,60.0,0.9999999999999999,61.0,0.9641744516524273,59.0,0.9222096708708936,60.0,0.9999999999999998,61.0,0.9697290806597639,59.0,0.8635925231984006,7_0,7,0,lamp,101.429534912,52.5997848511,3.8311143126,0,444.89405426,0.173167213798
UBFC_A1/Eval_On_COHFACE,COHFACE,old,COHFACE_s07_session0_lamp,3,59.0,81.0,super_harmonic_1p5x,59.0,0.9999999999999999,60.0,0.9423900456339005,58.0,0.9346630486288299,81.0,0.9999999999999994,80.0,0.9230371005042037,82.0,0.9177627249190441,7_0,7,0,lamp,101.429534912,52.5997848511,3.8311143126,0,444.89405426,0.173167213798
UBFC_A1/Eval_On_COHFACE,COHFACE,old,COHFACE_s07_session0_lamp,4,58.0,41.0,large_error,58.0,0.9999999999999999,59.0,0.9565169213855548,57.0,0.9232307100142094,41.0,0.9999999999999993,40.0,0.9680667311876622,42.0,0.9655655449377166,7_0,7,0,lamp,101.429534912,52.5997848511,3.8311143126,0,444.89405426,0.173167213798
UBFC_A1/Eval_On_COHFACE,COHFACE,old,COHFACE_s07_session0_lamp,5,57.0,42.0,large_error,57.0,0.9999999999999999,56.0,0.9507646509214119,58.0,0.9428371397366452,42.0,0.9999999999999997,43.0,0.970735836658358,41.0,0.930367441719379,7_0,7,0,lamp,101.429534912,52.5997848511,3.8311143126,0,444.89405426,0.173167213798
UBFC_A1/Eval_On_COHFACE,COHFACE,old,COHFACE_s07_session0_lamp,6,56.0,40.0,large_error,56.0,0.9999999999999999,57.0,0.965161461702023,55.0,0.9266750068635724,40.0,0.9999999999999996,41.0,0.7577724926153696,79.0,0.6672650189044353,7_0,7,0,lamp,101.429534912,52.5997848511,3.8311143126,0,444.89405426,0.173167213798
UBFC_A1/Eval_On_COHFACE,COHFACE,old,COHFACE_s07_session0_lamp,7,57.0,77.0,super_harmonic_1p5x,57.0,0.9999999999999999,56.0,0.9914988855121523,58.0,0.8951486169987966,77.0,0.9999999999999996,76.0,0.9882350494050753,78.0,0.9638303025103933,7_0,7,0,lamp,101.429534912,52.5997848511,3.8311143126,0,444.89405426,0.173167213798
UBFC_A1/Eval_On_COHFACE,COHFACE,old,COHFACE_s07_session0_lamp,8,58.0,76.0,super_harmonic_1p5x,58.0,0.9999999999999999,57.0,0.968596990758073,59.0,0.9127681504094446,76.0,0.9999999999999997,77.0,0.9501215670463514,75.0,0.940849221897872,7_0,7,0,lamp,101.429534912,52.5997848511,3.8311143126,0,444.89405426,0.173167213798
UBFC_A1/Eval_On_COHFACE,COHFACE,old,COHFACE_s07_session0_lamp,9,58.0,41.0,large_error,58.0,0.9999999999999999,59.0,0.9951886440234599,57.0,0.888407562189736,41.0,0.9999999999999994,40.0,0.9881577212071808,42.0,0.8984654220101181,7_0,7,0,lamp,101.429534912,52.5997848511,3.8311143126,0,444.89405426,0.173167213798
UBFC_A1/Eval_On_COHFACE,COHFACE,old,COHFACE_s07_session0_lamp,10,59.0,43.0,large_error,59.0,0.9999999999999998,60.0,0.9753630900171235,58.0,0.9131544085371204,43.0,0.9999999999999992,44.0,0.9941834879144548,42.0,0.9731362544429119,7_0,7,0,lamp,101.429534912,52.5997848511,3.8311143126,0,444.89405426,0.173167213798
UBFC_A1/Eval_On_COHFACE,COHFACE,old,COHFACE_s07_session0_lamp,11,60.0,44.0,large_error,60.0,0.9999999999999998,59.0,0.9746624321028715,61.0,0.9154000801155113,44.0,0.9999999999999997,45.0,0.9877473849598418,43.0,0.9168216408236505,7_0,7,0,lamp,101.429534912,52.5997848511,3.8311143126,0,444.89405426,0.173167213798
UBFC_A1/Eval_On_COHFACE,COHFACE,old,COHFACE_s07_session0_lamp,12,60.0,40.0,large_error,60.0,0.9999999999999998,61.0,0.9530659800579478,59.0,0.9373964022087361,40.0,0.9999999999999997,41.0,0.8466385438631132,42.0,0.6125827730658818,7_0,7,0,lamp,101.429534912,52.5997848511,3.8311143126,0,444.89405426,0.173167213798
UBFC_A1/Eval_On_COHFACE,COHFACE,old,COHFACE_s07_session0_lamp,13,60.0,40.0,large_error,60.0,0.9999999999999998,59.0,0.947380730278931,61.0,0.9446950742393366,40.0,0.9999999999999994,41.0,0.9467791184303852,42.0,0.7998817004895347,7_0,7,0,lamp,101.429534912,52.5997848511,3.8311143126,0,444.89405426,0.173167213798
UBFC_A1/Eval_On_COHFACE,COHFACE,old,COHFACE_s07_session0_lamp,14,60.0,40.0,large_error,60.0,0.9999999999999998,61.0,0.9870041498479207,59.0,0.9061257793594794,40.0,0.9999999999999997,41.0,0.9030624154824276,51.0,0.7888065661820584,7_0,7,0,lamp,101.429534912,52.5997848511,3.8311143126,0,444.89405426,0.173167213798
UBFC_A1/Eval_On_COHFACE,COHFACE,old,COHFACE_s07_session0_lamp,15,61.0,40.0,large_error,61.0,0.9999999999999998,61.99999999999999,0.9873877949442659,60.0,0.8952520738910783,40.0,0.9999999999999997,41.0,0.8757984553283322,42.0,0.662117948820252,7_0,7,0,lamp,101.429534912,52.5997848511,3.8311143126,0,444.89405426,0.173167213798
UBFC_A1/Eval_On_COHFACE,COHFACE,old,COHFACE_s07_session0_lamp,16,61.99999999999999,40.0,large_error,61.99999999999999,0.9999999999999999,63.0,0.9466298009394626,61.0,0.9244853965913608,40.0,0.9999999999999989,41.0,0.9406463576351322,79.0,0.8730059954196336,7_0,7,0,lamp,101.429534912,52.5997848511,3.8311143126,0,444.89405426,0.173167213798
UBFC_A1/Eval_On_COHFACE,COHFACE,old,COHFACE_s07_session0_lamp,17,61.0,60.0,correct,61.0,0.9999999999999998,61.99999999999999,0.9705103490362723,60.0,0.9051954834843653,60.0,0.9999999999999999,59.0,0.9828371029413039,61.0,0.8878270184574376,7_0,7,0,lamp,101.429534912,52.5997848511,3.8311143126,0,444.89405426,0.173167213798
UBFC_A1/Eval_On_COHFACE,COHFACE,old,COHFACE_s07_session0_lamp,18,60.0,80.0,super_harmonic_1p5x,60.0,0.9999999999999999,61.0,0.9629274519865771,59.0,0.9225258582786766,80.0,0.9999999999999997,40.0,0.9870525180797602,79.0,0.9686762004014874,7_0,7,0,lamp,101.429534912,52.5997848511,3.8311143126,0,444.89405426,0.173167213798
UBFC_A1/Eval_On_COHFACE,COHFACE,old,COHFACE_s07_session0_lamp,19,59.0,58.0,correct,59.0,0.9999999999999999,60.0,0.9936843181302062,58.0,0.9104066466444161,58.0,0.9999999999999997,57.0,0.9702925389816222,59.0,0.9693586396606373,7_0,7,0,lamp,101.429534912,52.5997848511,3.8311143126,0,444.89405426,0.173167213798
UBFC_A1/Eval_On_COHFACE,COHFACE,old,COHFACE_s07_session0_lamp,20,59.0,60.0,correct,59.0,0.9999999999999998,60.0,0.9887092063003659,58.0,0.9194203148235094,60.0,0.9999999999999999,59.0,0.9908190985275717,61.0,0.8941474641502627,7_0,7,0,lamp,101.429534912,52.5997848511,3.8311143126,0,444.89405426,0.173167213798
UBFC_A1/Eval_On_COHFACE,COHFACE,old,COHFACE_s07_session0_lamp,21,60.0,40.0,large_error,60.0,0.9999999999999998,59.0,0.997624901530717,61.0,0.8788270030084562,40.0,0.9999999999999997,41.0,0.8671730755374243,80.0,0.692420818749689,7_0,7,0,lamp,101.429534912,52.5997848511,3.8311143126,0,444.89405426,0.173167213798
UBFC_A1/Eval_On_COHFACE,COHFACE,old,COHFACE_s07_session0_lamp,22,59.0,55.0,large_error,59.0,0.9999999999999998,58.0,0.9777627497225122,60.0,0.8926472527503476,55.0,0.9999999999999993,56.0,0.9552943128988185,54.0,0.9063399997226187,7_0,7,0,lamp,101.429534912,52.5997848511,3.8311143126,0,444.89405426,0.173167213798
UBFC_A1/Eval_On_COHFACE,COHFACE,old,COHFACE_s07_session0_lamp,23,58.0,43.0,large_error,58.0,0.9999999999999998,59.0,0.972517141174403,47.0,0.9528328700025605,43.0,0.9999999999999998,54.0,0.9965538833572536,42.0,0.9532281229722852,7_0,7,0,lamp,101.429534912,52.5997848511,3.8311143126,0,444.89405426,0.173167213798
UBFC_A1/Eval_On_COHFACE,COHFACE,old,COHFACE_s07_session0_lamp,24,59.0,80.0,super_harmonic_1p5x,59.0,0.9999999999999998,60.0,0.9533391558422554,58.0,0.9194668927822619,80.0,0.9999999999999997,81.0,0.9848771554217147,79.0,0.8904416116621227,7_0,7,0,lamp,101.429534912,52.5997848511,3.8311143126,0,444.89405426,0.173167213798
UBFC_A1/Eval_On_COHFACE,COHFACE,old,COHFACE_s07_session0_lamp,25,59.0,81.0,super_harmonic_1p5x,59.0,0.9999999999999999,60.0,0.9456181879686822,58.0,0.9412889328822924,81.0,0.9999999999999994,80.0,0.9870141707543612,82.0,0.92397055974312,7_0,7,0,lamp,101.429534912,52.5997848511,3.8311143126,0,444.89405426,0.173167213798
UBFC_A1/Eval_On_COHFACE,COHFACE,old,COHFACE_s07_session0_lamp,26,58.0,52.0,large_error,58.0,0.9999999999999998,59.0,0.9783643254476685,57.0,0.9138659091906087,52.0,0.9999999999999996,42.0,0.9904623772064036,41.0,0.9903307527765257,7_0,7,0,lamp,101.429534912,52.5997848511,3.8311143126,0,444.89405426,0.173167213798
UBFC_A1/Eval_On_COHFACE,COHFACE,old,COHFACE_s07_session0_lamp,27,58.0,40.0,large_error,58.0,0.9999999999999998,59.0,0.9543175610207711,57.0,0.9277917644282169,40.0,0.9999999999999997,80.0,0.99656990965046,81.0,0.934218450138071,7_0,7,0,lamp,101.429534912,52.5997848511,3.8311143126,0,444.89405426,0.173167213798
UBFC_A1/Eval_On_COHFACE,COHFACE,old,COHFACE_s07_session0_lamp,28,60.0,61.0,correct,60.0,0.9999999999999998,59.0,0.9956383307843544,61.0,0.9151078907980006,61.0,0.9999999999999997,60.0,0.9941103427662994,61.99999999999999,0.8607239387385476,7_0,7,0,lamp,101.429534912,52.5997848511,3.8311143126,0,444.89405426,0.173167213798
UBFC_A1/Eval_On_COHFACE,COHFACE,old,COHFACE_s07_session0_lamp,29,61.0,43.0,large_error,61.0,0.9999999999999999,61.99999999999999,0.9514727912502243,60.0,0.9253647932202457,43.0,0.9999999999999998,44.0,0.9779404872880746,42.0,0.9142460730881138,7_0,7,0,lamp,101.429534912,52.5997848511,3.8311143126,0,444.89405426,0.173167213798
UBFC_A1/Eval_On_COHFACE,COHFACE,old,COHFACE_s07_session0_lamp,30,61.0,120.0,super_harmonic_2x,61.0,0.9999999999999999,60.0,0.9806663575224394,61.99999999999999,0.9078361514794921,120.0,0.9999999999999996,121.0,0.9666403256202702,119.0,0.9337809865194925,7_0,7,0,lamp,101.429534912,52.5997848511,3.8311143126,0,444.89405426,0.173167213798
UBFC_A1/Eval_On_COHFACE,COHFACE,old,COHFACE_s07_session0_lamp,31,59.0,81.0,super_harmonic_1p5x,59.0,0.9999999999999998,60.0,0.9763742731942122,58.0,0.9186588846100686,81.0,0.9999999999999997,82.0,0.9617416461172752,80.0,0.9300917793099787,7_0,7,0,lamp,101.429534912,52.5997848511,3.8311143126,0,444.89405426,0.173167213798
UBFC_A1/Eval_On_COHFACE,COHFACE,old,COHFACE_s07_session0_lamp,32,58.0,51.0,large_error,58.0,0.9999999999999998,59.0,0.9937568942312383,57.0,0.8972768309817308,51.0,0.9999999999999997,52.0,0.993867520268697,41.0,0.8731412373012766,7_0,7,0,lamp,101.429534912,52.5997848511,3.8311143126,0,444.89405426,0.173167213798
UBFC_A1/Eval_On_COHFACE,COHFACE,old,COHFACE_s07_session0_lamp,33,58.0,80.0,super_harmonic_1p5x,58.0,0.9999999999999998,57.0,0.9549445417337458,59.0,0.9335465375165617,80.0,0.9999999999999996,81.0,0.9957609152259375,79.0,0.8615385801301104,7_0,7,0,lamp,101.429534912,52.5997848511,3.8311143126,0,444.89405426,0.173167213798
UBFC_A1/Eval_On_COHFACE,COHFACE,old,COHFACE_s07_session0_lamp,34,57.0,81.0,super_harmonic_1p5x,57.0,0.9999999999999998,58.0,0.9823319736299307,56.0,0.9083006349329413,81.0,0.9999999999999996,80.0,0.9642903500386132,82.0,0.9375456331558619,7_0,7,0,lamp,101.429534912,52.5997848511,3.8311143126,0,444.89405426,0.173167213798
UBFC_A1/Eval_On_COHFACE,COHFACE,old,COHFACE_s07_session0_lamp,35,57.0,44.0,large_error,57.0,0.9999999999999998,58.0,0.949147974073256,56.0,0.9371866448111102,44.0,0.9999999999999998,43.0,0.9904591434956428,45.0,0.910421115403832,7_0,7,0,lamp,101.429534912,52.5997848511,3.8311143126,0,444.89405426,0.173167213798
UBFC_A1/Eval_On_COHFACE,COHFACE,old,COHFACE_s07_session0_lamp,36,58.0,80.0,super_harmonic_1p5x,58.0,0.9999999999999998,59.0,0.9547052097665965,57.0,0.9360334975119133,80.0,0.9999999999999997,81.0,0.962942330274272,79.0,0.9446680810343184,7_0,7,0,lamp,101.429534912,52.5997848511,3.8311143126,0,444.89405426,0.173167213798
UBFC_A1/Eval_On_COHFACE,COHFACE,old,COHFACE_s07_session0_lamp,37,60.0,79.0,super_harmonic_1p5x,60.0,0.9999999999999998,59.0,0.9407256018090406,61.0,0.9385501659701501,79.0,0.9999999999999996,80.0,0.9824602666740588,78.0,0.9447128777273803,7_0,7,0,lamp,101.429534912,52.5997848511,3.8311143126,0,444.89405426,0.173167213798
UBFC_A1/Eval_On_COHFACE,COHFACE,old,COHFACE_s07_session0_lamp,38,61.0,40.0,large_error,61.0,0.9999999999999998,61.99999999999999,0.9940701646198519,60.0,0.8896504057647803,40.0,0.9999999999999998,41.0,0.9832013196737681,79.0,0.9463730512071908,7_0,7,0,lamp,101.429534912,52.5997848511,3.8311143126,0,444.89405426,0.173167213798
UBFC_A1/Eval_On_COHFACE,COHFACE,old,COHFACE_s07_session0_lamp,39,63.0,52.0,large_error,63.0,0.9999999999999998,61.99999999999999,0.9907432606456706,64.0,0.8941509595657957,52.0,0.9999999999999997,53.0,0.9798126735684431,79.0,0.9696373554770793,7_0,7,0,lamp,101.429534912,52.5997848511,3.8311143126,0,444.89405426,0.173167213798
UBFC_A1/Eval_On_COHFACE,COHFACE,old,COHFACE_s07_session0_lamp,40,63.0,54.0,large_error,63.0,0.9999999999999998,64.0,0.9905693025743759,61.99999999999999,0.8939616506286022,54.0,0.9999999999999997,53.0,0.9963256652222177,80.0,0.9653577541547463,7_0,7,0,lamp,101.429534912,52.5997848511,3.8311143126,0,444.89405426,0.173167213798
UBFC_A1/Eval_On_COHFACE,COHFACE,old,COHFACE_s07_session0_lamp,41,64.0,75.0,large_error,64.0,0.9999999999999998,63.0,0.9823599406755237,65.0,0.9115206831389656,75.0,0.9999999999999997,76.0,0.9984404925746616,77.0,0.9152418367695523,7_0,7,0,lamp,101.429534912,52.5997848511,3.8311143126,0,444.89405426,0.173167213798
UBFC_A1/Eval_On_COHFACE,COHFACE,old,COHFACE_s07_session0_lamp,42,63.0,40.0,large_error,63.0,0.9999999999999999,64.0,0.9589928021482224,61.99999999999999,0.9427078003607311,40.0,0.9999999999999997,80.0,0.7948286601453605,41.0,0.7680764467638199,7_0,7,0,lamp,101.429534912,52.5997848511,3.8311143126,0,444.89405426,0.173167213798
UBFC_A1/Eval_On_COHFACE,COHFACE,old,COHFACE_s07_session0_lamp,43,61.99999999999999,80.0,super_harmonic_1p5x,61.99999999999999,0.9999999999999999,63.0,0.962684950261339,61.0,0.9285174494058953,80.0,0.9999999999999997,81.0,0.9967900537277934,53.0,0.8906565222687723,7_0,7,0,lamp,101.429534912,52.5997848511,3.8311143126,0,444.89405426,0.173167213798
UBFC_A1/Eval_On_COHFACE,COHFACE,old,COHFACE_s07_session0_lamp,44,61.99999999999999,52.0,large_error,61.99999999999999,0.9999999999999999,63.0,0.9539913499641532,61.0,0.9253003041559312,52.0,0.9999999999999998,53.0,0.9786961396892822,41.0,0.9088807896504096,7_0,7,0,lamp,101.429534912,52.5997848511,3.8311143126,0,444.89405426,0.173167213798
UBFC_A1/Eval_On_COHFACE,COHFACE,old,COHFACE_s07_session0_lamp,45,63.0,40.0,large_error,63.0,0.9999999999999999,61.99999999999999,0.9762263251439492,64.0,0.8960060736104343,40.0,0.9999999999999997,41.0,0.8848413810774032,42.0,0.7042145767526113,7_0,7,0,lamp,101.429534912,52.5997848511,3.8311143126,0,444.89405426,0.173167213798
UBFC_A1/Eval_On_COHFACE,COHFACE,old,COHFACE_s07_session0_lamp,46,63.0,44.0,large_error,63.0,0.9999999999999999,64.0,0.9741482830333604,61.99999999999999,0.9062772352365687,44.0,0.9999999999999996,45.0,0.962197445873087,43.0,0.953702315039132,7_0,7,0,lamp,101.429534912,52.5997848511,3.8311143126,0,444.89405426,0.173167213798
UBFC_A1/Eval_On_COHFACE,COHFACE,old,COHFACE_s07_session0_lamp,47,64.0,43.0,large_error,64.0,0.9999999999999999,65.0,0.9896462749009219,63.0,0.9035382567119126,43.0,0.9999999999999998,42.0,0.9869723147464278,44.0,0.8922716543163055,7_0,7,0,lamp,101.429534912,52.5997848511,3.8311143126,0,444.89405426,0.173167213798
UBFC_A1/Eval_On_COHFACE,COHFACE,old,COHFACE_s07_session0_lamp,48,66.0,40.0,large_error,66.0,0.9999999999999999,65.0,0.9858469458459719,67.0,0.9071155615928046,40.0,0.9999999999999998,41.0,0.8641818867277025,60.0,0.6832808282750141,7_0,7,0,lamp,101.429534912,52.5997848511,3.8311143126,0,444.89405426,0.173167213798
UBFC_A1/Eval_On_COHFACE,COHFACE,old,COHFACE_s07_session0_lamp,49,65.0,60.0,large_error,65.0,0.9999999999999999,66.0,0.9729982089970708,64.0,0.920743997072198,60.0,0.9999999999999998,41.0,0.9384908223347276,61.0,0.934551952467003,7_0,7,0,lamp,101.429534912,52.5997848511,3.8311143126,0,444.89405426,0.173167213798
UBFC_A1/Eval_On_COHFACE,COHFACE,old,COHFACE_s07_session0_lamp,50,64.0,44.0,large_error,64.0,0.9999999999999999,63.0,0.952753247137889,65.0,0.9454979734490163,44.0,0.9999999999999999,43.0,0.9818896985976339,45.0,0.9189212932982884,7_0,7,0,lamp,101.429534912,52.5997848511,3.8311143126,0,444.89405426,0.173167213798
UBFC_A1/Eval_On_COHFACE,COHFACE,old,COHFACE_s07_session1_lamp,0,63.0,40.0,large_error,63.0,0.9999999999999999,61.99999999999999,0.9444631221672493,64.0,0.9162748769655196,40.0,0.9999999999999996,41.0,0.8879955590570169,42.0,0.7101140054190499,7_1,7,1,lamp,116.117958069,45.4890632629,1.88125257838,0,421.746405648,0.131804198027
UBFC_A1/Eval_On_COHFACE,COHFACE,old,COHFACE_s07_session1_lamp,1,61.99999999999999,78.0,super_harmonic_1p5x,61.99999999999999,0.9999999999999998,63.0,0.9863572308184149,61.0,0.9077266308594193,78.0,0.9999999999999993,79.0,0.9603627247050106,77.0,0.8998820514396434,7_1,7,1,lamp,116.117958069,45.4890632629,1.88125257838,0,421.746405648,0.131804198027
UBFC_A1/Eval_On_COHFACE,COHFACE,old,COHFACE_s07_session1_lamp,2,63.0,51.0,large_error,63.0,0.9999999999999999,61.99999999999999,0.9915797342362187,64.0,0.8972699671980192,51.0,0.9999999999999998,52.0,0.9779458078216644,42.0,0.8820989042923503,7_1,7,1,lamp,116.117958069,45.4890632629,1.88125257838,0,421.746405648,0.131804198027
UBFC_A1/Eval_On_COHFACE,COHFACE,old,COHFACE_s07_session1_lamp,3,61.99999999999999,40.0,large_error,61.99999999999999,0.9999999999999999,61.0,0.9786458339357353,63.0,0.9062025480996366,40.0,0.9999999999999997,41.0,0.8043237715606002,80.0,0.7634504873002461,7_1,7,1,lamp,116.117958069,45.4890632629,1.88125257838,0,421.746405648,0.131804198027
UBFC_A1/Eval_On_COHFACE,COHFACE,old,COHFACE_s07_session1_lamp,4,61.0,80.0,super_harmonic_1p5x,61.0,0.9999999999999999,60.0,0.9575207336810005,61.99999999999999,0.9194374371105944,80.0,0.9999999999999996,81.0,0.9976640432919821,79.0,0.9307106955825205,7_1,7,1,lamp,116.117958069,45.4890632629,1.88125257838,0,421.746405648,0.131804198027
UBFC_A1/Eval_On_COHFACE,COHFACE,old,COHFACE_s07_session1_lamp,5,61.0,43.0,large_error,61.0,0.9999999999999999,61.99999999999999,0.9406266211139626,60.0,0.933947005707242,43.0,0.9999999999999998,42.0,0.9960133606620203,44.0,0.9219921678223595,7_1,7,1,lamp,116.117958069,45.4890632629,1.88125257838,0,421.746405648,0.131804198027
UBFC_A1/Eval_On_COHFACE,COHFACE,old,COHFACE_s07_session1_lamp,6,61.0,80.0,super_harmonic_1p5x,61.0,0.9999999999999999,60.0,0.9439324165550378,61.99999999999999,0.9310306901116949,80.0,0.9999999999999998,81.0,0.9696917584602287,40.0,0.9482884910053018,7_1,7,1,lamp,116.117958069,45.4890632629,1.88125257838,0,421.746405648,0.131804198027
UBFC_A1/Eval_On_COHFACE,COHFACE,old,COHFACE_s07_session1_lamp,7,60.0,80.0,super_harmonic_1p5x,60.0,0.9999999999999999,61.0,0.9597448024780751,59.0,0.925754436679186,80.0,0.9999999999999997,81.0,0.9837742664297676,79.0,0.912245407920356,7_1,7,1,lamp,116.117958069,45.4890632629,1.88125257838,0,421.746405648,0.131804198027
UBFC_A1/Eval_On_COHFACE,COHFACE,old,COHFACE_s07_session1_lamp,8,59.0,42.0,large_error,59.0,0.9999999999999999,60.0,0.9649858057795238,58.0,0.9257686284364517,42.0,0.9999999999999998,41.0,0.9433665078441175,43.0,0.9165147661800848,7_1,7,1,lamp,116.117958069,45.4890632629,1.88125257838,0,421.746405648,0.131804198027
UBFC_A1/Eval_On_COHFACE,COHFACE,old,COHFACE_s07_session1_lamp,9,59.0,40.0,large_error,59.0,0.9999999999999999,60.0,0.9486281658292093,58.0,0.9393065798437286,40.0,0.9999999999999997,41.0,0.9276285966427366,80.0,0.9251638394511693,7_1,7,1,lamp,116.117958069,45.4890632629,1.88125257838,0,421.746405648,0.131804198027
UBFC_A1/Eval_On_COHFACE,COHFACE,old,COHFACE_s07_session1_lamp,10,60.0,81.0,super_harmonic_1p5x,60.0,0.9999999999999999,59.0,0.9514545831066588,61.0,0.9303285360669095,81.0,0.9999999999999997,82.0,0.9705485522450195,80.0,0.9400900353594379,7_1,7,1,lamp,116.117958069,45.4890632629,1.88125257838,0,421.746405648,0.131804198027
UBFC_A1/Eval_On_COHFACE,COHFACE,old,COHFACE_s07_session1_lamp,11,60.0,43.0,large_error,60.0,0.9999999999999999,61.0,0.9951680461209078,59.0,0.8874051230499543,43.0,0.9999999999999998,44.0,0.997470749736053,42.0,0.9025067002996321,7_1,7,1,lamp,116.117958069,45.4890632629,1.88125257838,0,421.746405648,0.131804198027
UBFC_A1/Eval_On_COHFACE,COHFACE,old,COHFACE_s07_session1_lamp,12,61.0,80.0,super_harmonic_1p5x,61.0,0.9999999999999999,60.0,0.976914088357111,61.99999999999999,0.9063580832885867,80.0,0.9999999999999997,40.0,0.9955894872977008,81.0,0.9788094703574246,7_1,7,1,lamp,116.117958069,45.4890632629,1.88125257838,0,421.746405648,0.131804198027
UBFC_A1/Eval_On_COHFACE,COHFACE,old,COHFACE_s07_session1_lamp,13,61.99999999999999,80.0,super_harmonic_1p5x,61.99999999999999,0.9999999999999999,61.0,0.9811824349376651,63.0,0.9117045463462993,80.0,0.9999999999999996,81.0,0.9938030491023873,79.0,0.8934109518149422,7_1,7,1,lamp,116.117958069,45.4890632629,1.88125257838,0,421.746405648,0.131804198027
UBFC_A1/Eval_On_COHFACE,COHFACE,old,COHFACE_s07_session1_lamp,14,63.0,60.0,correct,63.0,0.9999999999999999,64.0,0.9462502023552174,61.99999999999999,0.9432950383163653,60.0,0.9999999999999998,42.0,0.9339071092250367,41.0,0.9215935195221248,7_1,7,1,lamp,116.117958069,45.4890632629,1.88125257838,0,421.746405648,0.131804198027
UBFC_A1/Eval_On_COHFACE,COHFACE,old,COHFACE_s07_session1_lamp,15,63.0,80.0,super_harmonic_1p5x,63.0,0.9999999999999999,61.99999999999999,0.9542541351615931,64.0,0.9374869648515152,80.0,0.9999999999999996,40.0,0.9605623668542254,81.0,0.9539091550550254,7_1,7,1,lamp,116.117958069,45.4890632629,1.88125257838,0,421.746405648,0.131804198027
UBFC_A1/Eval_On_COHFACE,COHFACE,old,COHFACE_s07_session1_lamp,16,61.99999999999999,59.0,correct,61.99999999999999,0.9999999999999999,63.0,0.9770744433438154,61.0,0.9239261717015927,59.0,0.9999999999999996,60.0,0.9932150651236125,58.0,0.9232664947868441,7_1,7,1,lamp,116.117958069,45.4890632629,1.88125257838,0,421.746405648,0.131804198027
UBFC_A1/Eval_On_COHFACE,COHFACE,old,COHFACE_s07_session1_lamp,17,61.0,60.0,correct,61.0,0.9999999999999998,61.99999999999999,0.9918672853038789,60.0,0.9084323753983083,60.0,0.9999999999999999,61.0,0.9652767016022857,59.0,0.9033813578457017,7_1,7,1,lamp,116.117958069,45.4890632629,1.88125257838,0,421.746405648,0.131804198027
UBFC_A1/Eval_On_COHFACE,COHFACE,old,COHFACE_s07_session1_lamp,18,60.0,60.0,correct,60.0,0.9999999999999998,61.0,0.984281702869419,59.0,0.9142817035961727,60.0,0.9999999999999997,61.0,0.9660649273214997,59.0,0.9567946184197754,7_1,7,1,lamp,116.117958069,45.4890632629,1.88125257838,0,421.746405648,0.131804198027
UBFC_A1/Eval_On_COHFACE,COHFACE,old,COHFACE_s07_session1_lamp,19,59.0,59.0,correct,59.0,0.9999999999999999,58.0,0.9932360340435901,60.0,0.9304396832186458,59.0,0.9999999999999996,60.0,0.9978228476401174,58.0,0.9373307467566163,7_1,7,1,lamp,116.117958069,45.4890632629,1.88125257838,0,421.746405648,0.131804198027
UBFC_A1/Eval_On_COHFACE,COHFACE,old,COHFACE_s07_session1_lamp,20,56.0,60.0,large_error,56.0,0.9999999999999999,57.0,0.9810910545745946,55.0,0.9271991299151257,60.0,0.9999999999999999,59.0,0.943576696071861,61.0,0.9259112075460321,7_1,7,1,lamp,116.117958069,45.4890632629,1.88125257838,0,421.746405648,0.131804198027
UBFC_A1/Eval_On_COHFACE,COHFACE,old,COHFACE_s07_session1_lamp,21,56.0,40.0,large_error,56.0,0.9999999999999999,55.0,0.9937359707086795,57.0,0.8961187319304666,40.0,0.9999999999999996,41.0,0.9491880623237647,61.99999999999999,0.8660076776275506,7_1,7,1,lamp,116.117958069,45.4890632629,1.88125257838,0,421.746405648,0.131804198027
UBFC_A1/Eval_On_COHFACE,COHFACE,old,COHFACE_s07_session1_lamp,22,56.0,80.0,super_harmonic_1p5x,56.0,0.9999999999999999,57.0,0.9448365889916137,55.0,0.9335646246896796,80.0,0.9999999999999994,81.0,0.9967801451966576,79.0,0.9262564214784993,7_1,7,1,lamp,116.117958069,45.4890632629,1.88125257838,0,421.746405648,0.131804198027
UBFC_A1/Eval_On_COHFACE,COHFACE,old,COHFACE_s07_session1_lamp,23,57.0,77.0,super_harmonic_1p5x,57.0,0.9999999999999998,56.0,0.9848658799212407,58.0,0.8995518249481947,77.0,0.9999999999999998,76.0,0.9628551033887099,78.0,0.9603330265379639,7_1,7,1,lamp,116.117958069,45.4890632629,1.88125257838,0,421.746405648,0.131804198027
UBFC_A1/Eval_On_COHFACE,COHFACE,old,COHFACE_s07_session1_lamp,24,58.0,40.0,large_error,58.0,0.9999999999999998,57.0,0.9657370217074339,59.0,0.9336743716017931,40.0,0.9999999999999996,41.0,0.7854235506295618,80.0,0.660430618342428,7_1,7,1,lamp,116.117958069,45.4890632629,1.88125257838,0,421.746405648,0.131804198027
UBFC_A1/Eval_On_COHFACE,COHFACE,old,COHFACE_s07_session1_lamp,25,61.0,80.0,super_harmonic_1p5x,61.0,0.9999999999999998,60.0,0.9598076640841386,61.99999999999999,0.9483286461103245,80.0,0.9999999999999996,81.0,0.9783675602873428,79.0,0.8952851030435821,7_1,7,1,lamp,116.117958069,45.4890632629,1.88125257838,0,421.746405648,0.131804198027
UBFC_A1/Eval_On_COHFACE,COHFACE,old,COHFACE_s07_session1_lamp,26,63.0,67.0,large_error,63.0,0.9999999999999999,61.99999999999999,0.9465382895366428,64.0,0.944341000404403,67.0,0.9999999999999998,68.0,0.9580332262140782,66.0,0.8897696701431135,7_1,7,1,lamp,116.117958069,45.4890632629,1.88125257838,0,421.746405648,0.131804198027
UBFC_A1/Eval_On_COHFACE,COHFACE,old,COHFACE_s07_session1_lamp,27,63.0,40.0,large_error,63.0,0.9999999999999999,64.0,0.9787615996327167,61.99999999999999,0.9075002595650946,40.0,0.9999999999999997,41.0,0.9462164734510479,42.0,0.8124266651414699,7_1,7,1,lamp,116.117958069,45.4890632629,1.88125257838,0,421.746405648,0.131804198027
UBFC_A1/Eval_On_COHFACE,COHFACE,old,COHFACE_s07_session1_lamp,28,63.0,81.0,super_harmonic_1p5x,63.0,0.9999999999999998,64.0,0.9838013402532502,61.99999999999999,0.9098448899458502,81.0,0.9999999999999994,80.0,0.979093664343788,82.0,0.9301759655168121,7_1,7,1,lamp,116.117958069,45.4890632629,1.88125257838,0,421.746405648,0.131804198027
UBFC_A1/Eval_On_COHFACE,COHFACE,old,COHFACE_s07_session1_lamp,29,63.0,43.0,large_error,63.0,0.9999999999999998,64.0,0.9771360062475253,61.99999999999999,0.9152433341666647,43.0,0.9999999999999998,44.0,0.9663727789333436,42.0,0.9375979207810653,7_1,7,1,lamp,116.117958069,45.4890632629,1.88125257838,0,421.746405648,0.131804198027
UBFC_A1/Eval_On_COHFACE,COHFACE,old,COHFACE_s07_session1_lamp,30,63.0,40.0,large_error,63.0,0.9999999999999999,61.99999999999999,0.9496145813631927,64.0,0.9431850018366109,40.0,0.9999999999999997,41.0,0.8902256203203375,80.0,0.7234402884241861,7_1,7,1,lamp,116.117958069,45.4890632629,1.88125257838,0,421.746405648,0.131804198027
UBFC_A1/Eval_On_COHFACE,COHFACE,old,COHFACE_s07_session1_lamp,31,61.99999999999999,80.0,super_harmonic_1p5x,61.99999999999999,0.9999999999999999,63.0,0.9685274134395531,61.0,0.9232227144233535,80.0,0.9999999999999994,81.0,0.9611140148442764,79.0,0.9303546729102617,7_1,7,1,lamp,116.117958069,45.4890632629,1.88125257838,0,421.746405648,0.131804198027
UBFC_A1/Eval_On_COHFACE,COHFACE,old,COHFACE_s07_session1_lamp,32,61.99999999999999,43.0,large_error,61.99999999999999,0.9999999999999999,61.0,0.9894046827282321,63.0,0.9074622624192815,43.0,0.9999999999999998,42.0,0.962043156472539,44.0,0.909457350617578,7_1,7,1,lamp,116.117958069,45.4890632629,1.88125257838,0,421.746405648,0.131804198027
UBFC_A1/Eval_On_COHFACE,COHFACE,old,COHFACE_s07_session1_lamp,33,61.0,40.0,large_error,61.0,0.9999999999999999,61.99999999999999,0.9824359255840678,60.0,0.9123537568332766,40.0,0.9999999999999997,41.0,0.8630222975779072,42.0,0.6565709340018958,7_1,7,1,lamp,116.117958069,45.4890632629,1.88125257838,0,421.746405648,0.131804198027
UBFC_A1/Eval_On_COHFACE,COHFACE,old,COHFACE_s07_session1_lamp,34,61.0,61.99999999999999,correct,61.0,0.9999999999999999,60.0,0.960700729736553,61.99999999999999,0.9297522064943274,61.99999999999999,0.9999999999999989,61.0,0.9687899340351366,63.0,0.9075966861789325,7_1,7,1,lamp,116.117958069,45.4890632629,1.88125257838,0,421.746405648,0.131804198027
UBFC_A1/Eval_On_COHFACE,COHFACE,old,COHFACE_s07_session1_lamp,35,60.0,42.0,large_error,60.0,0.9999999999999999,59.0,0.9696557773431015,61.0,0.923882882104332,42.0,0.9999999999999997,43.0,0.9692671712573026,41.0,0.923945158444841,7_1,7,1,lamp,116.117958069,45.4890632629,1.88125257838,0,421.746405648,0.131804198027
UBFC_A1/Eval_On_COHFACE,COHFACE,old,COHFACE_s07_session1_lamp,36,59.0,40.0,large_error,59.0,0.9999999999999999,58.0,0.9700155296356494,60.0,0.9176365453903462,40.0,0.9999999999999994,41.0,0.7607709865883415,63.0,0.6718158031669502,7_1,7,1,lamp,116.117958069,45.4890632629,1.88125257838,0,421.746405648,0.131804198027
UBFC_A1/Eval_On_COHFACE,COHFACE,old,COHFACE_s07_session1_lamp,37,58.0,61.0,correct,58.0,0.9999999999999999,59.0,0.9829250119859095,57.0,0.9029168177777679,61.0,0.9999999999999993,61.99999999999999,0.9703451678371433,60.0,0.8996144411588268,7_1,7,1,lamp,116.117958069,45.4890632629,1.88125257838,0,421.746405648,0.131804198027
UBFC_A1/Eval_On_COHFACE,COHFACE,old,COHFACE_s07_session1_lamp,38,59.0,43.0,large_error,59.0,0.9999999999999998,58.0,0.9747640216282978,60.0,0.905815066721038,43.0,0.9999999999999997,44.0,0.9496348938219021,42.0,0.922058275795463,7_1,7,1,lamp,116.117958069,45.4890632629,1.88125257838,0,421.746405648,0.131804198027
UBFC_A1/Eval_On_COHFACE,COHFACE,old,COHFACE_s07_session1_lamp,39,59.0,40.0,large_error,59.0,0.9999999999999998,60.0,0.9485332910931529,58.0,0.9336131113225058,40.0,0.9999999999999994,41.0,0.8433444043350494,80.0,0.717540351973985,7_1,7,1,lamp,116.117958069,45.4890632629,1.88125257838,0,421.746405648,0.131804198027
UBFC_A1/Eval_On_COHFACE,COHFACE,old,COHFACE_s07_session1_lamp,40,59.0,82.0,super_harmonic_1p5x,59.0,0.9999999999999998,60.0,0.9769341758587005,58.0,0.9109756419065419,82.0,0.999999999999999,81.0,0.9897912821594581,83.0,0.9251372755567346,7_1,7,1,lamp,116.117958069,45.4890632629,1.88125257838,0,421.746405648,0.131804198027
UBFC_A1/Eval_On_COHFACE,COHFACE,old,COHFACE_s07_session1_lamp,41,60.0,43.0,large_error,60.0,0.9999999999999999,61.0,0.9523457026890909,59.0,0.9389080559750815,43.0,0.9999999999999997,42.0,0.9626939112072397,44.0,0.9032957066291888,7_1,7,1,lamp,116.117958069,45.4890632629,1.88125257838,0,421.746405648,0.131804198027
UBFC_A1/Eval_On_COHFACE,COHFACE,old,COHFACE_s07_session1_lamp,42,61.0,40.0,large_error,61.0,0.9999999999999999,61.99999999999999,0.9932613303854454,60.0,0.8989989164759418,40.0,0.9999999999999997,80.0,0.8176242807891052,41.0,0.8080762246521862,7_1,7,1,lamp,116.117958069,45.4890632629,1.88125257838,0,421.746405648,0.131804198027
UBFC_A1/Eval_On_COHFACE,COHFACE,old,COHFACE_s07_session1_lamp,43,61.99999999999999,80.0,super_harmonic_1p5x,61.99999999999999,0.9999999999999998,63.0,0.975718979682127,61.0,0.9090709067827764,80.0,0.9999999999999996,81.0,0.9845231330566456,79.0,0.866951400875666,7_1,7,1,lamp,116.117958069,45.4890632629,1.88125257838,0,421.746405648,0.131804198027
UBFC_A1/Eval_On_COHFACE,COHFACE,old,COHFACE_s07_session1_lamp,44,61.99999999999999,43.0,large_error,61.99999999999999,0.9999999999999998,63.0,0.9778265021494285,61.0,0.9059071471690009,43.0,0.9999999999999998,44.0,0.9745932184048364,42.0,0.9190998523491607,7_1,7,1,lamp,116.117958069,45.4890632629,1.88125257838,0,421.746405648,0.131804198027
UBFC_A1/Eval_On_COHFACE,COHFACE,old,COHFACE_s07_session1_lamp,45,61.99999999999999,40.0,large_error,61.99999999999999,0.9999999999999998,63.0,0.9719228201360915,61.0,0.9154383515594429,40.0,0.9999999999999996,41.0,0.8848781740301207,81.0,0.8125831921404414,7_1,7,1,lamp,116.117958069,45.4890632629,1.88125257838,0,421.746405648,0.131804198027
UBFC_A1/Eval_On_COHFACE,COHFACE,old,COHFACE_s07_session1_lamp,46,63.0,120.0,super_harmonic_2x,63.0,0.9999999999999998,61.99999999999999,0.9526050013726713,64.0,0.9396757407262107,120.0,0.9999999999999994,119.0,0.9577188708079067,121.0,0.9385942023670003,7_1,7,1,lamp,116.117958069,45.4890632629,1.88125257838,0,421.746405648,0.131804198027
UBFC_A1/Eval_On_COHFACE,COHFACE,old,COHFACE_s07_session1_lamp,47,64.0,77.0,large_error,64.0,0.9999999999999998,63.0,0.9858657306365538,65.0,0.9060693086215612,77.0,0.9999999999999997,119.0,0.9859774846351619,78.0,0.9828079661468091,7_1,7,1,lamp,116.117958069,45.4890632629,1.88125257838,0,421.746405648,0.131804198027
UBFC_A1/Eval_On_COHFACE,COHFACE,old,COHFACE_s07_session1_lamp,48,64.0,120.0,super_harmonic_2x,64.0,0.9999999999999998,63.0,0.9521428051100285,65.0,0.9371488810592283,120.0,0.9999999999999996,119.0,0.9544123907356568,80.0,0.9483595107244361,7_1,7,1,lamp,116.117958069,45.4890632629,1.88125257838,0,421.746405648,0.131804198027
UBFC_A1/Eval_On_COHFACE,COHFACE,old,COHFACE_s07_session1_lamp,49,64.0,81.0,super_harmonic_1p5x,64.0,0.9999999999999998,65.0,0.9497024504521964,63.0,0.9345273728672119,81.0,0.9999999999999996,80.0,0.9885491162218787,120.0,0.9008698402139158,7_1,7,1,lamp,116.117958069,45.4890632629,1.88125257838,0,421.746405648,0.131804198027
UBFC_A1/Eval_On_COHFACE,COHFACE,old,COHFACE_s07_session1_lamp,50,65.0,120.0,super_harmonic_2x,65.0,0.9999999999999999,64.0,0.9674000034746197,66.0,0.9191440773869768,120.0,0.9999999999999996,119.0,0.9676072465694168,121.0,0.925178558865731,7_1,7,1,lamp,116.117958069,45.4890632629,1.88125257838,0,421.746405648,0.131804198027
UBFC_A1/Eval_On_COHFACE,COHFACE,old,COHFACE_s07_session2_natural,0,53.0,40.0,large_error,53.0,0.9999999999999999,61.99999999999999,0.9927777063572475,63.0,0.9428878515014919,40.0,0.9999999999999997,41.0,0.8746027373200796,78.0,0.8349424074519501,7_2,7,2,natural,103.690948486,59.6122207642,7.52452319821,0,541.692067643,0.181632727385
UBFC_A1/Eval_On_COHFACE,COHFACE,old,COHFACE_s07_session2_natural,1,58.0,79.0,super_harmonic_1p5x,58.0,0.9999999999999998,57.0,0.9900193511733121,59.0,0.9718516442959751,79.0,0.9999999999999997,78.0,0.9663199769437908,80.0,0.9509087862592159,7_2,7,2,natural,103.690948486,59.6122207642,7.52452319821,0,541.692067643,0.181632727385
UBFC_A1/Eval_On_COHFACE,COHFACE,old,COHFACE_s07_session2_natural,2,59.0,76.0,super_harmonic_1p5x,59.0,0.9999999999999998,58.0,0.9977832634057483,60.0,0.9549094383367969,76.0,0.9999999999999999,75.0,0.9517932289212043,77.0,0.9331029635471153,7_2,7,2,natural,103.690948486,59.6122207642,7.52452319821,0,541.692067643,0.181632727385
UBFC_A1/Eval_On_COHFACE,COHFACE,old,COHFACE_s07_session2_natural,3,61.99999999999999,76.0,large_error,61.99999999999999,0.9999999999999998,61.0,0.9668331202464565,63.0,0.9283862815359886,76.0,0.9999999999999997,77.0,0.9773543142164608,75.0,0.9290519968983084,7_2,7,2,natural,103.690948486,59.6122207642,7.52452319821,0,541.692067643,0.181632727385
UBFC_A1/Eval_On_COHFACE,COHFACE,old,COHFACE_s07_session2_natural,4,61.99999999999999,76.0,large_error,61.99999999999999,0.9999999999999999,63.0,0.9426642014757797,61.0,0.9218416174173337,76.0,0.9999999999999996,77.0,0.9852385879803143,75.0,0.8760945090665266,7_2,7,2,natural,103.690948486,59.6122207642,7.52452319821,0,541.692067643,0.181632727385
UBFC_A1/Eval_On_COHFACE,COHFACE,old,COHFACE_s07_session2_natural,5,63.0,51.0,large_error,63.0,0.9999999999999998,61.99999999999999,0.9566373329213466,64.0,0.9237883422777385,51.0,0.9999999999999999,52.0,0.9138939043881762,50.0,0.9061741065659339,7_2,7,2,natural,103.690948486,59.6122207642,7.52452319821,0,541.692067643,0.181632727385
UBFC_A1/Eval_On_COHFACE,COHFACE,old,COHFACE_s07_session2_natural,6,64.0,61.0,correct,64.0,0.9999999999999998,63.0,0.99592959019403,65.0,0.9003828526829546,61.0,0.9999999999999997,60.0,0.9886011872964128,61.99999999999999,0.9333302797365522,7_2,7,2,natural,103.690948486,59.6122207642,7.52452319821,0,541.692067643,0.181632727385
UBFC_A1/Eval_On_COHFACE,COHFACE,old,COHFACE_s07_session2_natural,7,64.0,61.99999999999999,correct,64.0,0.9999999999999998,65.0,0.9695199247848667,63.0,0.9273547147988261,61.99999999999999,0.9999999999999998,63.0,0.9958115745044978,61.0,0.9853273772866418,7_2,7,2,natural,103.690948486,59.6122207642,7.52452319821,0,541.692067643,0.181632727385
UBFC_A1/Eval_On_COHFACE,COHFACE,old,COHFACE_s07_session2_natural,8,64.0,60.0,large_error,64.0,0.9999999999999998,63.0,0.9753593019688063,65.0,0.9207349954255444,60.0,0.9999999999999999,59.0,0.9712954205275486,61.0,0.9623341056899082,7_2,7,2,natural,103.690948486,59.6122207642,7.52452319821,0,541.692067643,0.181632727385
UBFC_A1/Eval_On_COHFACE,COHFACE,old,COHFACE_s07_session2_natural,9,63.0,61.0,correct,63.0,0.9999999999999999,61.99999999999999,0.9932294776155035,64.0,0.8971511383805949,61.0,0.9999999999999999,61.99999999999999,0.9912834828496417,60.0,0.9541345111451985,7_2,7,2,natural,103.690948486,59.6122207642,7.52452319821,0,541.692067643,0.181632727385
UBFC_A1/Eval_On_COHFACE,COHFACE,old,COHFACE_s07_session2_natural,10,61.99999999999999,60.0,correct,61.99999999999999,0.9999999999999999,61.0,0.9924532818865837,63.0,0.8901613945482515,60.0,0.9999999999999998,59.0,0.9966819590734808,61.0,0.9415458068286289,7_2,7,2,natural,103.690948486,59.6122207642,7.52452319821,0,541.692067643,0.181632727385
UBFC_A1/Eval_On_COHFACE,COHFACE,old,COHFACE_s07_session2_natural,11,61.0,60.0,correct,61.0,0.9999999999999998,61.99999999999999,0.9660842795776544,60.0,0.9212167448298112,60.0,0.9999999999999999,59.0,0.9300063319126385,61.0,0.9235276505659716,7_2,7,2,natural,103.690948486,59.6122207642,7.52452319821,0,541.692067643,0.181632727385
UBFC_A1/Eval_On_COHFACE,COHFACE,old,COHFACE_s07_session2_natural,12,61.0,81.0,super_harmonic_1p5x,61.0,0.9999999999999998,61.99999999999999,0.9911958135882242,60.0,0.9002003412452614,81.0,0.9999999999999998,82.0,0.989711743853352,80.0,0.8878044968759211,7_2,7,2,natural,103.690948486,59.6122207642,7.52452319821,0,541.692067643,0.181632727385
UBFC_A1/Eval_On_COHFACE,COHFACE,old,COHFACE_s07_session2_natural,13,61.99999999999999,81.0,super_harmonic_1p5x,61.99999999999999,0.9999999999999998,61.0,0.9540266092439498,63.0,0.9341654728788592,81.0,0.9999999999999998,82.0,0.9628875153118774,80.0,0.933146310741121,7_2,7,2,natural,103.690948486,59.6122207642,7.52452319821,0,541.692067643,0.181632727385
UBFC_A1/Eval_On_COHFACE,COHFACE,old,COHFACE_s07_session2_natural,14,61.99999999999999,43.0,large_error,61.99999999999999,0.9999999999999998,63.0,0.9774237003323913,61.0,0.9126516618860521,43.0,0.9999999999999998,44.0,0.9874612993913806,42.0,0.909710963879615,7_2,7,2,natural,103.690948486,59.6122207642,7.52452319821,0,541.692067643,0.181632727385
UBFC_A1/Eval_On_COHFACE,COHFACE,old,COHFACE_s07_session2_natural,15,63.0,79.0,super_harmonic_1p5x,63.0,0.9999999999999998,61.99999999999999,0.9763096692620616,64.0,0.9129713720533488,79.0,0.9999999999999997,80.0,0.9965901476223,40.0,0.9180875455633807,7_2,7,2,natural,103.690948486,59.6122207642,7.52452319821,0,541.692067643,0.181632727385
UBFC_A1/Eval_On_COHFACE,COHFACE,old,COHFACE_s07_session2_natural,16,64.0,79.0,large_error,64.0,0.9999999999999998,63.0,0.9902516365336659,65.0,0.9093373471978892,79.0,0.9999999999999998,80.0,0.9828459088917348,78.0,0.9174580180949858,7_2,7,2,natural,103.690948486,59.6122207642,7.52452319821,0,541.692067643,0.181632727385
UBFC_A1/Eval_On_COHFACE,COHFACE,old,COHFACE_s07_session2_natural,17,64.0,78.0,large_error,64.0,0.9999999999999999,65.0,0.9644905861587427,63.0,0.9378415193161567,78.0,0.9999999999999998,77.0,0.969927666379044,79.0,0.9154545000495468,7_2,7,2,natural,103.690948486,59.6122207642,7.52452319821,0,541.692067643,0.181632727385
UBFC_A1/Eval_On_COHFACE,COHFACE,old,COHFACE_s07_session2_natural,18,64.0,81.0,super_harmonic_1p5x,64.0,0.9999999999999999,63.0,0.978028410852747,65.0,0.9223370913452563,81.0,0.9999999999999998,80.0,0.9698411476773308,82.0,0.9377604809649887,7_2,7,2,natural,103.690948486,59.6122207642,7.52452319821,0,541.692067643,0.181632727385
UBFC_A1/Eval_On_COHFACE,COHFACE,old,COHFACE_s07_session2_natural,19,63.0,81.0,super_harmonic_1p5x,63.0,0.9999999999999999,64.0,0.9692891967682153,61.99999999999999,0.9200695211705764,81.0,0.9999999999999998,82.0,0.9816897187317934,80.0,0.9226076405316871,7_2,7,2,natural,103.690948486,59.6122207642,7.52452319821,0,541.692067643,0.181632727385
UBFC_A1/Eval_On_COHFACE,COHFACE,old,COHFACE_s07_session2_natural,20,63.0,44.0,large_error,63.0,0.9999999999999999,61.99999999999999,0.9463152263094927,64.0,0.9324586891639396,44.0,0.9999999999999999,45.0,0.9876492863227943,43.0,0.9308996131075786,7_2,7,2,natural,103.690948486,59.6122207642,7.52452319821,0,541.692067643,0.181632727385
UBFC_A1/Eval_On_COHFACE,COHFACE,old,COHFACE_s07_session2_natural,21,63.0,41.0,large_error,63.0,0.9999999999999999,64.0,0.9430483495406683,61.99999999999999,0.9347755192025473,41.0,0.9999999999999997,42.0,0.9871228044149238,82.0,0.9593895032155756,7_2,7,2,natural,103.690948486,59.6122207642,7.52452319821,0,541.692067643,0.181632727385
UBFC_A1/Eval_On_COHFACE,COHFACE,old,COHFACE_s07_session2_natural,22,63.0,90.0,super_harmonic_1p5x,63.0,0.9999999999999998,64.0,0.9820808026889988,61.99999999999999,0.8997080703716304,90.0,0.9999999999999996,91.0,0.9584908212717909,89.0,0.9510035791066253,7_2,7,2,natural,103.690948486,59.6122207642,7.52452319821,0,541.692067643,0.181632727385
UBFC_A1/Eval_On_COHFACE,COHFACE,old,COHFACE_s07_session2_natural,23,63.0,59.0,large_error,63.0,0.9999999999999998,64.0,0.9489459391131277,61.99999999999999,0.9461114926291464,59.0,0.9999999999999998,60.0,0.9889682812997681,58.0,0.8534402951852703,7_2,7,2,natural,103.690948486,59.6122207642,7.52452319821,0,541.692067643,0.181632727385
UBFC_A1/Eval_On_COHFACE,COHFACE,old,COHFACE_s07_session2_natural,24,61.99999999999999,40.0,large_error,61.99999999999999,0.9999999999999998,63.0,0.9701898947547896,61.0,0.9294797607806221,40.0,0.9999999999999997,41.0,0.7212122597680773,80.0,0.42016006505992176,7_2,7,2,natural,103.690948486,59.6122207642,7.52452319821,0,541.692067643,0.181632727385
UBFC_A1/Eval_On_COHFACE,COHFACE,old,COHFACE_s07_session2_natural,25,61.0,45.0,large_error,61.0,0.9999999999999998,61.99999999999999,0.9813279057727614,60.0,0.9106204433508374,45.0,0.9999999999999994,46.0,0.98356937081886,82.0,0.9397399184401121,7_2,7,2,natural,103.690948486,59.6122207642,7.52452319821,0,541.692067643,0.181632727385
UBFC_A1/Eval_On_COHFACE,COHFACE,old,COHFACE_s07_session2_natural,26,61.0,43.0,large_error,61.0,0.9999999999999998,60.0,0.9764374022792324,61.99999999999999,0.9080805828296883,43.0,0.9999999999999998,42.0,0.9952672782895627,44.0,0.9033206193734866,7_2,7,2,natural,103.690948486,59.6122207642,7.52452319821,0,541.692067643,0.181632727385
UBFC_A1/Eval_On_COHFACE,COHFACE,old,COHFACE_s07_session2_natural,27,60.0,41.0,large_error,60.0,0.9999999999999998,61.0,0.9751054390526399,59.0,0.9014317661932307,41.0,0.9999999999999997,40.0,0.9739646723752933,42.0,0.9560220714670424,7_2,7,2,natural,103.690948486,59.6122207642,7.52452319821,0,541.692067643,0.181632727385
UBFC_A1/Eval_On_COHFACE,COHFACE,old,COHFACE_s07_session2_natural,28,60.0,83.0,super_harmonic_1p5x,60.0,0.9999999999999999,59.0,0.9609545637950082,61.0,0.9180385970156019,83.0,0.9999999999999993,82.0,0.9936946320701388,84.0,0.9225500299360865,7_2,7,2,natural,103.690948486,59.6122207642,7.52452319821,0,541.692067643,0.181632727385
UBFC_A1/Eval_On_COHFACE,COHFACE,old,COHFACE_s07_session2_natural,29,59.0,42.0,large_error,59.0,0.9999999999999999,60.0,0.9889565805897795,58.0,0.8942070848224821,42.0,0.9999999999999997,41.0,0.9545223632383365,43.0,0.9063417894881547,7_2,7,2,natural,103.690948486,59.6122207642,7.52452319821,0,541.692067643,0.181632727385
UBFC_A1/Eval_On_COHFACE,COHFACE,old,COHFACE_s07_session2_natural,30,60.0,40.0,large_error,60.0,0.9999999999999999,59.0,0.9941090599575366,61.0,0.9039836226671034,40.0,0.9999999999999996,41.0,0.8880832651412676,42.0,0.6774743478194464,7_2,7,2,natural,103.690948486,59.6122207642,7.52452319821,0,541.692067643,0.181632727385
UBFC_A1/Eval_On_COHFACE,COHFACE,old,COHFACE_s07_session2_natural,31,60.0,41.0,large_error,60.0,0.9999999999999999,59.0,0.954487182776449,61.0,0.9449953324148076,41.0,0.9999999999999992,40.0,0.9568472940684821,42.0,0.9450702459788844,7_2,7,2,natural,103.690948486,59.6122207642,7.52452319821,0,541.692067643,0.181632727385
UBFC_A1/Eval_On_COHFACE,COHFACE,old,COHFACE_s07_session2_natural,32,60.0,59.0,correct,60.0,0.9999999999999998,59.0,0.9555677461979107,61.0,0.9416887528452286,59.0,0.9999999999999992,60.0,0.9939689160186097,43.0,0.923451700459848,7_2,7,2,natural,103.690948486,59.6122207642,7.52452319821,0,541.692067643,0.181632727385
UBFC_A1/Eval_On_COHFACE,COHFACE,old,COHFACE_s07_session2_natural,33,60.0,59.0,correct,60.0,0.9999999999999999,59.0,0.9921491069140547,61.0,0.9001368507249231,59.0,0.9999999999999993,60.0,0.973639379701496,58.0,0.9675035388322237,7_2,7,2,natural,103.690948486,59.6122207642,7.52452319821,0,541.692067643,0.181632727385
UBFC_A1/Eval_On_COHFACE,COHFACE,old,COHFACE_s07_session2_natural,34,60.0,59.0,correct,60.0,0.9999999999999999,59.0,0.981660975973712,61.0,0.9046964470195338,59.0,0.9999999999999992,58.0,0.9800708609982303,60.0,0.9593011707519984,7_2,7,2,natural,103.690948486,59.6122207642,7.52452319821,0,541.692067643,0.181632727385
UBFC_A1/Eval_On_COHFACE,COHFACE,old,COHFACE_s07_session2_natural,35,60.0,60.0,correct,60.0,0.9999999999999999,59.0,0.9584825537030807,61.0,0.9298273723702863,60.0,0.9999999999999998,59.0,0.9389373522486347,61.0,0.9238763379928334,7_2,7,2,natural,103.690948486,59.6122207642,7.52452319821,0,541.692067643,0.181632727385
UBFC_A1/Eval_On_COHFACE,COHFACE,old,COHFACE_s07_session2_natural,36,60.0,60.0,correct,60.0,0.9999999999999999,59.0,0.9535369744249201,61.0,0.936907045479075,60.0,0.9999999999999999,61.0,0.9851172797391513,59.0,0.9215108477511934,7_2,7,2,natural,103.690948486,59.6122207642,7.52452319821,0,541.692067643,0.181632727385
UBFC_A1/Eval_On_COHFACE,COHFACE,old,COHFACE_s07_session2_natural,37,59.0,59.0,correct,59.0,0.9999999999999999,60.0,0.9697621256806176,58.0,0.9172657028584054,59.0,0.9999999999999999,58.0,0.9741092315616426,60.0,0.9198083918906192,7_2,7,2,natural,103.690948486,59.6122207642,7.52452319821,0,541.692067643,0.181632727385
UBFC_A1/Eval_On_COHFACE,COHFACE,old,COHFACE_s07_session2_natural,38,59.0,59.0,correct,59.0,0.9999999999999999,58.0,0.9806616484748756,60.0,0.9022097127594442,59.0,0.9999999999999999,60.0,0.9635279627294869,58.0,0.9201500533179798,7_2,7,2,natural,103.690948486,59.6122207642,7.52452319821,0,541.692067643,0.181632727385
UBFC_A1/Eval_On_COHFACE,COHFACE,old,COHFACE_s07_session2_natural,39,58.0,58.0,correct,58.0,0.9999999999999999,59.0,0.9894591750750655,57.0,0.8900537716514398,58.0,0.9999999999999999,59.0,0.9894993708539532,57.0,0.9177060255017672,7_2,7,2,natural,103.690948486,59.6122207642,7.52452319821,0,541.692067643,0.181632727385
UBFC_A1/Eval_On_COHFACE,COHFACE,old,COHFACE_s07_session2_natural,40,58.0,58.0,correct,58.0,0.9999999999999999,59.0,0.9976258785987607,57.0,0.8861114533320366,58.0,0.9999999999999998,59.0,0.974920127769115,57.0,0.9457433822332451,7_2,7,2,natural,103.690948486,59.6122207642,7.52452319821,0,541.692067643,0.181632727385
UBFC_A1/Eval_On_COHFACE,COHFACE,old,COHFACE_s07_session2_natural,41,58.0,59.0,correct,58.0,0.9999999999999999,59.0,0.9413572886466326,57.0,0.9401555081609985,59.0,0.9999999999999999,60.0,0.9823728708936721,58.0,0.8599685576719933,7_2,7,2,natural,103.690948486,59.6122207642,7.52452319821,0,541.692067643,0.181632727385
UBFC_A1/Eval_On_COHFACE,COHFACE,old,COHFACE_s07_session2_natural,42,58.0,40.0,large_error,58.0,0.9999999999999999,57.0,0.9733223449928501,59.0,0.9102112501073949,40.0,0.9999999999999996,80.0,0.9548981020801819,79.0,0.9310940948810943,7_2,7,2,natural,103.690948486,59.6122207642,7.52452319821,0,541.692067643,0.181632727385
UBFC_A1/Eval_On_COHFACE,COHFACE,old,COHFACE_s07_session2_natural,43,58.0,46.0,large_error,58.0,0.9999999999999999,57.0,0.9884541688631747,59.0,0.8952207795375534,46.0,0.9999999999999998,47.0,0.9441818763844606,45.0,0.9379160996514162,7_2,7,2,natural,103.690948486,59.6122207642,7.52452319821,0,541.692067643,0.181632727385
UBFC_A1/Eval_On_COHFACE,COHFACE,old,COHFACE_s07_session2_natural,44,58.0,44.0,large_error,58.0,0.9999999999999999,57.0,0.9667474871668654,59.0,0.9182713189401273,44.0,0.9999999999999998,45.0,0.9660329551561759,43.0,0.933914541060626,7_2,7,2,natural,103.690948486,59.6122207642,7.52452319821,0,541.692067643,0.181632727385
UBFC_A1/Eval_On_COHFACE,COHFACE,old,COHFACE_s07_session2_natural,45,57.0,55.0,correct,57.0,0.9999999999999999,58.0,0.9961299702236059,56.0,0.8989875763596589,55.0,0.9999999999999997,54.0,0.968705057268512,40.0,0.9011088702924848,7_2,7,2,natural,103.690948486,59.6122207642,7.52452319821,0,541.692067643,0.181632727385
UBFC_A1/Eval_On_COHFACE,COHFACE,old,COHFACE_s07_session2_natural,46,57.0,81.0,super_harmonic_1p5x,57.0,0.9999999999999999,58.0,0.9914190711663391,56.0,0.9062361084320009,81.0,0.9999999999999997,82.0,0.9931129052902078,80.0,0.9138736205590944,7_2,7,2,natural,103.690948486,59.6122207642,7.52452319821,0,541.692067643,0.181632727385
UBFC_A1/Eval_On_COHFACE,COHFACE,old,COHFACE_s07_session2_natural,47,58.0,54.0,large_error,58.0,0.9999999999999999,59.0,0.9521274221052017,57.0,0.9396896796672527,54.0,0.9999999999999998,53.0,0.9604379159299373,55.0,0.9283392932609241,7_2,7,2,natural,103.690948486,59.6122207642,7.52452319821,0,541.692067643,0.181632727385
UBFC_A1/Eval_On_COHFACE,COHFACE,old,COHFACE_s07_session2_natural,48,59.0,59.0,correct,59.0,0.9999999999999999,60.0,0.9748723420453111,58.0,0.9124532342207778,59.0,0.9999999999999998,58.0,0.9973435259001819,60.0,0.9828861778363442,7_2,7,2,natural,103.690948486,59.6122207642,7.52452319821,0,541.692067643,0.181632727385
UBFC_A1/Eval_On_COHFACE,COHFACE,old,COHFACE_s07_session2_natural,49,60.0,60.0,correct,60.0,0.9999999999999999,61.0,0.9567628943322475,59.0,0.9282390120856843,60.0,0.9999999999999998,61.0,0.9811020564456451,59.0,0.9343015135438846,7_2,7,2,natural,103.690948486,59.6122207642,7.52452319821,0,541.692067643,0.181632727385
UBFC_A1/Eval_On_COHFACE,COHFACE,old,COHFACE_s07_session2_natural,50,60.0,64.0,large_error,60.0,0.9999999999999999,61.0,0.9936167339011598,59.0,0.8908857748838391,64.0,0.9999999999999994,63.0,0.9882059727847707,65.0,0.9616129365003961,7_2,7,2,natural,103.690948486,59.6122207642,7.52452319821,0,541.692067643,0.181632727385
UBFC_A1/Eval_On_COHFACE,COHFACE,old,COHFACE_s07_session3_natural,0,68.0,48.0,large_error,68.0,0.9999999999999999,69.0,0.9496757107796,67.0,0.8949243427107476,48.0,0.9999999999999997,47.0,0.9616977713105679,49.0,0.9316111361036307,7_3,7,3,natural,94.0288772583,56.9622459412,11.4832308426,0,494.539493181,0.179576933384
UBFC_A1/Eval_On_COHFACE,COHFACE,old,COHFACE_s07_session3_natural,1,69.0,52.0,large_error,69.0,0.9999999999999999,68.0,0.9862770041556592,70.0,0.9011393076843389,52.0,0.9999999999999997,53.0,0.965983145649986,51.0,0.9313408338295623,7_3,7,3,natural,94.0288772583,56.9622459412,11.4832308426,0,494.539493181,0.179576933384
UBFC_A1/Eval_On_COHFACE,COHFACE,old,COHFACE_s07_session3_natural,2,69.0,60.0,large_error,69.0,0.9999999999999999,70.0,0.9569088465242392,68.0,0.9233474461661524,60.0,0.9999999999999998,59.0,0.9886653456089343,50.0,0.9843146886212512,7_3,7,3,natural,94.0288772583,56.9622459412,11.4832308426,0,494.539493181,0.179576933384
UBFC_A1/Eval_On_COHFACE,COHFACE,old,COHFACE_s07_session3_natural,3,70.0,82.0,large_error,70.0,0.9999999999999998,69.0,0.9463737896726,71.0,0.9407132586737511,82.0,0.9999999999999996,81.0,0.9688873183392102,83.0,0.9404052917514306,7_3,7,3,natural,94.0288772583,56.9622459412,11.4832308426,0,494.539493181,0.179576933384
UBFC_A1/Eval_On_COHFACE,COHFACE,old,COHFACE_s07_session3_natural,4,70.0,46.0,large_error,70.0,0.9999999999999998,69.0,0.965059916616234,71.0,0.9264914785432182,46.0,0.9999999999999997,45.0,0.949754838631355,47.0,0.9182762144073674,7_3,7,3,natural,94.0288772583,56.9622459412,11.4832308426,0,494.539493181,0.179576933384
UBFC_A1/Eval_On_COHFACE,COHFACE,old,COHFACE_s07_session3_natural,5,68.0,44.0,large_error,68.0,0.9999999999999998,69.0,0.9981517137956057,67.0,0.8979073143443216,44.0,0.9999999999999998,45.0,0.9515465228989468,43.0,0.9491004555035449,7_3,7,3,natural,94.0288772583,56.9622459412,11.4832308426,0,494.539493181,0.179576933384
UBFC_A1/Eval_On_COHFACE,COHFACE,old,COHFACE_s07_session3_natural,6,67.0,41.0,large_error,67.0,0.9999999999999998,66.0,0.9485747815509726,68.0,0.9464467792318224,41.0,0.9999999999999997,40.0,0.9743472001995107,42.0,0.9635439775457839,7_3,7,3,natural,94.0288772583,56.9622459412,11.4832308426,0,494.539493181,0.179576933384
UBFC_A1/Eval_On_COHFACE,COHFACE,old,COHFACE_s07_session3_natural,7,66.0,80.0,large_error,66.0,0.9999999999999998,65.0,0.9852920124813019,67.0,0.9053326317538,80.0,0.9999999999999994,79.0,0.9930244541939335,81.0,0.9307935975786031,7_3,7,3,natural,94.0288772583,56.9622459412,11.4832308426,0,494.539493181,0.179576933384
UBFC_A1/Eval_On_COHFACE,COHFACE,old,COHFACE_s07_session3_natural,8,65.0,42.0,large_error,65.0,0.9999999999999998,64.0,0.9672771983327237,66.0,0.9175560614644452,42.0,0.9999999999999997,43.0,0.9553678266909595,51.0,0.9544733905456011,7_3,7,3,natural,94.0288772583,56.9622459412,11.4832308426,0,494.539493181,0.179576933384
UBFC_A1/Eval_On_COHFACE,COHFACE,old,COHFACE_s07_session3_natural,9,65.0,40.0,large_error,65.0,0.9999999999999999,64.0,0.9898453959358866,66.0,0.8925172613316668,40.0,0.9999999999999996,41.0,0.772165833262087,81.0,0.7327812697641134,7_3,7,3,natural,94.0288772583,56.9622459412,11.4832308426,0,494.539493181,0.179576933384
UBFC_A1/Eval_On_COHFACE,COHFACE,old,COHFACE_s07_session3_natural,10,65.0,82.0,super_harmonic_1p5x,65.0,0.9999999999999998,64.0,0.9691260581867464,66.0,0.9201084842597469,82.0,0.9999999999999996,81.0,0.9812118293399185,83.0,0.8924773938971635,7_3,7,3,natural,94.0288772583,56.9622459412,11.4832308426,0,494.539493181,0.179576933384
UBFC_A1/Eval_On_COHFACE,COHFACE,old,COHFACE_s07_session3_natural,11,65.0,43.0,large_error,65.0,0.9999999999999999,66.0,0.9900260776186013,64.0,0.8974534641921773,43.0,0.9999999999999997,44.0,0.9857703970095947,42.0,0.930199373204007,7_3,7,3,natural,94.0288772583,56.9622459412,11.4832308426,0,494.539493181,0.179576933384
UBFC_A1/Eval_On_COHFACE,COHFACE,old,COHFACE_s07_session3_natural,12,66.0,41.0,large_error,66.0,0.9999999999999999,67.0,0.9563969195294139,65.0,0.9355361945919837,41.0,0.9999999999999996,42.0,0.9966099760601634,40.0,0.9498912929765145,7_3,7,3,natural,94.0288772583,56.9622459412,11.4832308426,0,494.539493181,0.179576933384
UBFC_A1/Eval_On_COHFACE,COHFACE,old,COHFACE_s07_session3_natural,13,66.0,81.0,large_error,66.0,0.9999999999999998,65.0,0.9965530478946512,67.0,0.905387764897447,81.0,0.9999999999999993,82.0,0.9689938062985051,80.0,0.96481345743794,7_3,7,3,natural,94.0288772583,56.9622459412,11.4832308426,0,494.539493181,0.179576933384
UBFC_A1/Eval_On_COHFACE,COHFACE,old,COHFACE_s07_session3_natural,14,64.0,42.0,large_error,64.0,0.9999999999999998,63.0,0.970023183024479,65.0,0.9318132452933892,42.0,0.9999999999999997,43.0,0.9805584683542702,41.0,0.8976056196319058,7_3,7,3,natural,94.0288772583,56.9622459412,11.4832308426,0,494.539493181,0.179576933384
UBFC_A1/Eval_On_COHFACE,COHFACE,old,COHFACE_s07_session3_natural,15,61.99999999999999,40.0,large_error,61.99999999999999,0.9999999999999998,63.0,0.9497535280126149,61.0,0.9372469577985528,40.0,0.9999999999999997,50.0,0.8688404164997532,49.0,0.8285236236507051,7_3,7,3,natural,94.0288772583,56.9622459412,11.4832308426,0,494.539493181,0.179576933384
UBFC_A1/Eval_On_COHFACE,COHFACE,old,COHFACE_s07_session3_natural,16,61.0,81.0,super_harmonic_1p5x,61.0,0.9999999999999998,60.0,0.9453582114011173,61.99999999999999,0.9424042284194722,81.0,0.9999999999999997,80.0,0.9644116149360615,82.0,0.8905034902917615,7_3,7,3,natural,94.0288772583,56.9622459412,11.4832308426,0,494.539493181,0.179576933384
UBFC_A1/Eval_On_COHFACE,COHFACE,old,COHFACE_s07_session3_natural,17,61.0,42.0,large_error,61.0,0.9999999999999998,61.99999999999999,0.9799669572674649,60.0,0.9097730947294798,42.0,0.9999999999999998,78.0,0.9957125998373303,77.0,0.9720324355458624,7_3,7,3,natural,94.0288772583,56.9622459412,11.4832308426,0,494.539493181,0.179576933384
UBFC_A1/Eval_On_COHFACE,COHFACE,old,COHFACE_s07_session3_natural,18,61.99999999999999,41.0,large_error,61.99999999999999,0.9999999999999998,61.0,0.9760125293208216,63.0,0.8983726497392315,41.0,0.9999999999999998,40.0,0.9653137388284637,42.0,0.9643878665031214,7_3,7,3,natural,94.0288772583,56.9622459412,11.4832308426,0,494.539493181,0.179576933384
UBFC_A1/Eval_On_COHFACE,COHFACE,old,COHFACE_s07_session3_natural,19,63.0,80.0,super_harmonic_1p5x,63.0,0.9999999999999999,61.99999999999999,0.9914159932832921,64.0,0.9020347661377547,80.0,0.9999999999999997,79.0,0.9987880233599454,78.0,0.945314523478788,7_3,7,3,natural,94.0288772583,56.9622459412,11.4832308426,0,494.539493181,0.179576933384
UBFC_A1/Eval_On_COHFACE,COHFACE,old,COHFACE_s07_session3_natural,20,64.0,77.0,large_error,64.0,0.9999999999999998,65.0,0.9910217667267988,63.0,0.9025121491219534,77.0,0.9999999999999998,76.0,0.982153353575881,78.0,0.9428427850922383,7_3,7,3,natural,94.0288772583,56.9622459412,11.4832308426,0,494.539493181,0.179576933384
UBFC_A1/Eval_On_COHFACE,COHFACE,old,COHFACE_s07_session3_natural,21,66.0,40.0,large_error,66.0,0.9999999999999998,67.0,0.9499418287638158,65.0,0.9353715903379495,40.0,0.9999999999999998,41.0,0.8946137415069468,79.0,0.7936793048970195,7_3,7,3,natural,94.0288772583,56.9622459412,11.4832308426,0,494.539493181,0.179576933384
UBFC_A1/Eval_On_COHFACE,COHFACE,old,COHFACE_s07_session3_natural,22,67.0,41.0,large_error,67.0,0.9999999999999998,66.0,0.9929821665524226,68.0,0.895078550254237,41.0,0.9999999999999998,42.0,0.9839278483873413,40.0,0.9201205344807615,7_3,7,3,natural,94.0288772583,56.9622459412,11.4832308426,0,494.539493181,0.179576933384
UBFC_A1/Eval_On_COHFACE,COHFACE,old,COHFACE_s07_session3_natural,23,66.0,67.0,correct,66.0,0.9999999999999998,67.0,0.9924974316827699,65.0,0.8982337509875508,67.0,0.9999999999999998,66.0,0.9930083218002699,68.0,0.8917618946585456,7_3,7,3,natural,94.0288772583,56.9622459412,11.4832308426,0,494.539493181,0.179576933384
UBFC_A1/Eval_On_COHFACE,COHFACE,old,COHFACE_s07_session3_natural,24,66.0,40.0,large_error,66.0,0.9999999999999999,67.0,0.9950322915578244,65.0,0.8878401123655218,40.0,0.9999999999999997,81.0,0.9550543293391457,41.0,0.9294246121745269,7_3,7,3,natural,94.0288772583,56.9622459412,11.4832308426,0,494.539493181,0.179576933384
UBFC_A1/Eval_On_COHFACE,COHFACE,old,COHFACE_s07_session3_natural,25,67.0,81.0,large_error,67.0,0.9999999999999999,68.0,0.9764392015963886,66.0,0.9131669697742264,81.0,0.9999999999999992,82.0,0.9609041930150255,80.0,0.9468130619096115,7_3,7,3,natural,94.0288772583,56.9622459412,11.4832308426,0,494.539493181,0.179576933384
UBFC_A1/Eval_On_COHFACE,COHFACE,old,COHFACE_s07_session3_natural,26,67.0,52.0,large_error,67.0,0.9999999999999999,68.0,0.9852760196585516,66.0,0.9071375782846164,52.0,0.9999999999999998,51.0,0.9861015989183204,53.0,0.8933509089520931,7_3,7,3,natural,94.0288772583,56.9622459412,11.4832308426,0,494.539493181,0.179576933384
UBFC_A1/Eval_On_COHFACE,COHFACE,old,COHFACE_s07_session3_natural,27,67.0,40.0,large_error,67.0,0.9999999999999999,66.0,0.9748794864643427,68.0,0.9126852273007409,40.0,0.9999999999999994,79.0,0.9561267753813836,80.0,0.9073369048708194,7_3,7,3,natural,94.0288772583,56.9622459412,11.4832308426,0,494.539493181,0.179576933384
UBFC_A1/Eval_On_COHFACE,COHFACE,old,COHFACE_s07_session3_natural,28,66.0,66.0,correct,66.0,0.9999999999999999,67.0,0.9581022921535578,65.0,0.92228736600415,66.0,0.9999999999999994,67.0,0.9974545878972053,65.0,0.8753592652680565,7_3,7,3,natural,94.0288772583,56.9622459412,11.4832308426,0,494.539493181,0.179576933384
UBFC_A1/Eval_On_COHFACE,COHFACE,old,COHFACE_s07_session3_natural,29,66.0,44.0,large_error,66.0,0.9999999999999999,65.0,0.9859668085844581,67.0,0.8941920299288588,44.0,0.9999999999999996,43.0,0.9492989162894547,45.0,0.948845497233127,7_3,7,3,natural,94.0288772583,56.9622459412,11.4832308426,0,494.539493181,0.179576933384
UBFC_A1/Eval_On_COHFACE,COHFACE,old,COHFACE_s07_session3_natural,30,65.0,63.0,correct,65.0,0.9999999999999999,64.0,0.9746522575666273,66.0,0.9134022946488732,63.0,0.9999999999999996,64.0,0.9725746778302177,61.99999999999999,0.9371795849239675,7_3,7,3,natural,94.0288772583,56.9622459412,11.4832308426,0,494.539493181,0.179576933384
UBFC_A1/Eval_On_COHFACE,COHFACE,old,COHFACE_s07_session3_natural,31,64.0,63.0,correct,64.0,0.9999999999999999,63.0,0.955663236832616,65.0,0.9344307829938141,63.0,0.9999999999999997,61.99999999999999,0.9827425801101141,64.0,0.9414479669998858,7_3,7,3,natural,94.0288772583,56.9622459412,11.4832308426,0,494.539493181,0.179576933384
UBFC_A1/Eval_On_COHFACE,COHFACE,old,COHFACE_s07_session3_natural,32,64.0,61.99999999999999,correct,64.0,0.9999999999999999,63.0,0.9965565614050941,65.0,0.8921311454672683,61.99999999999999,0.9999999999999999,61.0,0.9491566585861982,63.0,0.9379111740860668,7_3,7,3,natural,94.0288772583,56.9622459412,11.4832308426,0,494.539493181,0.179576933384
UBFC_A1/Eval_On_COHFACE,COHFACE,old,COHFACE_s07_session3_natural,33,64.0,63.0,correct,64.0,0.9999999999999999,63.0,0.9539854244096568,65.0,0.930797206385791,63.0,0.9999999999999997,64.0,0.981890997794497,61.99999999999999,0.8601396848950058,7_3,7,3,natural,94.0288772583,56.9622459412,11.4832308426,0,494.539493181,0.179576933384
UBFC_A1/Eval_On_COHFACE,COHFACE,old,COHFACE_s07_session3_natural,34,64.0,64.0,correct,64.0,0.9999999999999999,65.0,0.9906959248527698,63.0,0.8971077081963201,64.0,0.9999999999999997,63.0,0.9666759339057192,46.0,0.9137377392628322,7_3,7,3,natural,94.0288772583,56.9622459412,11.4832308426,0,494.539493181,0.179576933384
UBFC_A1/Eval_On_COHFACE,COHFACE,old,COHFACE_s07_session3_natural,35,65.0,66.0,correct,65.0,0.9999999999999999,64.0,0.9828481554224096,66.0,0.9087278760712554,66.0,0.9999999999999998,65.0,0.9587896250231831,67.0,0.9217061415457904,7_3,7,3,natural,94.0288772583,56.9622459412,11.4832308426,0,494.539493181,0.179576933384
UBFC_A1/Eval_On_COHFACE,COHFACE,old,COHFACE_s07_session3_natural,36,65.0,66.0,correct,65.0,0.9999999999999999,66.0,0.9556789444925361,64.0,0.9347338118835854,66.0,0.9999999999999997,67.0,0.9572012251109482,65.0,0.9548346703581808,7_3,7,3,natural,94.0288772583,56.9622459412,11.4832308426,0,494.539493181,0.179576933384
UBFC_A1/Eval_On_COHFACE,COHFACE,old,COHFACE_s07_session3_natural,37,66.0,42.0,large_error,66.0,0.9999999999999999,65.0,0.9721253640974465,67.0,0.920978985315514,42.0,0.9999999999999997,43.0,0.9775035067677438,41.0,0.942518587240599,7_3,7,3,natural,94.0288772583,56.9622459412,11.4832308426,0,494.539493181,0.179576933384
UBFC_A1/Eval_On_COHFACE,COHFACE,old,COHFACE_s07_session3_natural,38,66.0,43.0,large_error,66.0,0.9999999999999999,67.0,0.9829789550263153,65.0,0.9053320892750925,43.0,0.9999999999999999,44.0,0.9599187602887076,42.0,0.9031901957221434,7_3,7,3,natural,94.0288772583,56.9622459412,11.4832308426,0,494.539493181,0.179576933384
UBFC_A1/Eval_On_COHFACE,COHFACE,old,COHFACE_s07_session3_natural,39,66.0,42.0,large_error,66.0,0.9999999999999999,67.0,0.9651971375678143,65.0,0.9168400941724659,42.0,0.9999999999999997,43.0,0.9922244311071364,41.0,0.949025626354789,7_3,7,3,natural,94.0288772583,56.9622459412,11.4832308426,0,494.539493181,0.179576933384
UBFC_A1/Eval_On_COHFACE,COHFACE,old,COHFACE_s07_session3_natural,40,66.0,45.0,large_error,66.0,0.9999999999999999,67.0,0.958777247403012,65.0,0.9219277570660742,45.0,0.9999999999999998,44.0,0.9724394289192719,46.0,0.9402909391658743,7_3,7,3,natural,94.0288772583,56.9622459412,11.4832308426,0,494.539493181,0.179576933384
UBFC_A1/Eval_On_COHFACE,COHFACE,old,COHFACE_s07_session3_natural,41,66.0,52.0,large_error,66.0,0.9999999999999999,67.0,0.9783370680278954,65.0,0.9028685153750275,52.0,0.9999999999999999,51.0,0.9968663758171861,53.0,0.9303969992862114,7_3,7,3,natural,94.0288772583,56.9622459412,11.4832308426,0,494.539493181,0.179576933384
UBFC_A1/Eval_On_COHFACE,COHFACE,old,COHFACE_s07_session3_natural,42,67.0,52.0,large_error,67.0,0.9999999999999999,66.0,0.9853821198776422,68.0,0.9008151970320524,52.0,0.9999999999999998,51.0,0.9727402454348384,53.0,0.9532123026089688,7_3,7,3,natural,94.0288772583,56.9622459412,11.4832308426,0,494.539493181,0.179576933384
UBFC_A1/Eval_On_COHFACE,COHFACE,old,COHFACE_s07_session3_natural,43,67.0,53.0,large_error,67.0,0.9999999999999999,66.0,0.9680347276529463,68.0,0.9206681437274031,53.0,0.9999999999999999,54.0,0.9918743546441937,52.0,0.9015633207354529,7_3,7,3,natural,94.0288772583,56.9622459412,11.4832308426,0,494.539493181,0.179576933384
UBFC_A1/Eval_On_COHFACE,COHFACE,old,COHFACE_s07_session3_natural,44,67.0,59.0,large_error,67.0,0.9999999999999999,68.0,0.9546244684291304,66.0,0.9317627320879394,59.0,0.9999999999999998,60.0,0.9579986851827225,58.0,0.9231457344493973,7_3,7,3,natural,94.0288772583,56.9622459412,11.4832308426,0,494.539493181,0.179576933384
UBFC_A1/Eval_On_COHFACE,COHFACE,old,COHFACE_s07_session3_natural,45,67.0,58.0,large_error,67.0,0.9999999999999999,68.0,0.9876405447077042,66.0,0.8935570267181835,58.0,0.9999999999999998,57.0,0.9929207813745935,59.0,0.8861009504916659,7_3,7,3,natural,94.0288772583,56.9622459412,11.4832308426,0,494.539493181,0.179576933384
UBFC_A1/Eval_On_COHFACE,COHFACE,old,COHFACE_s07_session3_natural,46,67.0,58.0,large_error,67.0,0.9999999999999998,68.0,0.9717633814268298,66.0,0.9265376704159556,58.0,0.9999999999999998,59.0,0.9578686533930315,57.0,0.9331282888050128,7_3,7,3,natural,94.0288772583,56.9622459412,11.4832308426,0,494.539493181,0.179576933384
UBFC_A1/Eval_On_COHFACE,COHFACE,old,COHFACE_s07_session3_natural,47,66.0,58.0,large_error,66.0,0.9999999999999999,67.0,0.960715178091155,65.0,0.957275445316253,58.0,0.9999999999999998,59.0,0.994082607906625,57.0,0.849931935601991,7_3,7,3,natural,94.0288772583,56.9622459412,11.4832308426,0,494.539493181,0.179576933384
UBFC_A1/Eval_On_COHFACE,COHFACE,old,COHFACE_s07_session3_natural,48,64.0,59.0,large_error,64.0,0.9999999999999998,63.0,0.9531627496295781,65.0,0.9470329344588835,59.0,0.9999999999999999,58.0,0.9571618727039672,60.0,0.9498963995431027,7_3,7,3,natural,94.0288772583,56.9622459412,11.4832308426,0,494.539493181,0.179576933384
UBFC_A1/Eval_On_COHFACE,COHFACE,old,COHFACE_s07_session3_natural,49,61.99999999999999,59.0,correct,61.99999999999999,0.9999999999999998,61.0,0.9520428605822654,63.0,0.9347326111220724,59.0,0.9999999999999999,60.0,0.9878388845911238,58.0,0.9306997544505867,7_3,7,3,natural,94.0288772583,56.9622459412,11.4832308426,0,494.539493181,0.179576933384
UBFC_A1/Eval_On_COHFACE,COHFACE,old,COHFACE_s07_session3_natural,50,61.0,60.0,correct,61.0,0.9999999999999999,60.0,0.9843444949058684,61.99999999999999,0.8994786984681276,60.0,0.9999999999999999,61.0,0.9399854665447359,59.0,0.9389492164259703,7_3,7,3,natural,94.0288772583,56.9622459412,11.4832308426,0,494.539493181,0.179576933384
UBFC_A1/Eval_On_COHFACE,COHFACE,old,COHFACE_s08_session0_lamp,0,75.0,69.0,large_error,75.0,0.9999999999999998,76.0,0.9875765184324422,77.0,0.9343183037914641,69.0,0.9999999999999997,68.0,0.9981935749802741,70.0,0.8957122703513888,8_0,8,0,lamp,103.348052979,46.8995475769,2.27612788134,0,228.423650369,0.37036421895
UBFC_A1/Eval_On_COHFACE,COHFACE,old,COHFACE_s08_session0_lamp,1,72.0,69.0,correct,72.0,0.9999999999999998,71.0,0.9822177040940445,73.0,0.9093530298190062,69.0,0.9999999999999997,70.0,0.9732537674305749,68.0,0.9314881446283511,8_0,8,0,lamp,103.348052979,46.8995475769,2.27612788134,0,228.423650369,0.37036421895
UBFC_A1/Eval_On_COHFACE,COHFACE,old,COHFACE_s08_session0_lamp,2,70.0,72.0,correct,70.0,0.9999999999999999,71.0,0.9821952949565944,69.0,0.9145629691585636,72.0,0.9999999999999997,71.0,0.9874365405534149,73.0,0.9823688345602758,8_0,8,0,lamp,103.348052979,46.8995475769,2.27612788134,0,228.423650369,0.37036421895
UBFC_A1/Eval_On_COHFACE,COHFACE,old,COHFACE_s08_session0_lamp,3,71.0,40.0,sub_harmonic_half,71.0,0.9999999999999999,70.0,0.9976220414848094,69.0,0.8815174015269683,40.0,0.9999999999999997,41.0,0.8903060596851305,42.0,0.6971035429793356,8_0,8,0,lamp,103.348052979,46.8995475769,2.27612788134,0,228.423650369,0.37036421895
UBFC_A1/Eval_On_COHFACE,COHFACE,old,COHFACE_s08_session0_lamp,4,70.0,40.0,sub_harmonic_half,70.0,0.9999999999999998,71.0,0.9883224169861591,69.0,0.8973990684447514,40.0,0.9999999999999997,41.0,0.9989068262966384,42.0,0.9087786752701448,8_0,8,0,lamp,103.348052979,46.8995475769,2.27612788134,0,228.423650369,0.37036421895
UBFC_A1/Eval_On_COHFACE,COHFACE,old,COHFACE_s08_session0_lamp,5,71.0,41.0,sub_harmonic_half,71.0,0.9999999999999998,70.0,0.9471258838620273,72.0,0.9467601702286071,41.0,0.9999999999999998,42.0,0.9570957423540855,40.0,0.9390194199702799,8_0,8,0,lamp,103.348052979,46.8995475769,2.27612788134,0,228.423650369,0.37036421895
UBFC_A1/Eval_On_COHFACE,COHFACE,old,COHFACE_s08_session0_lamp,6,71.0,40.0,sub_harmonic_half,71.0,0.9999999999999998,72.0,0.9994129679273552,73.0,0.8953893682932049,40.0,0.9999999999999997,41.0,0.9903040400563378,42.0,0.9005557917911199,8_0,8,0,lamp,103.348052979,46.8995475769,2.27612788134,0,228.423650369,0.37036421895
UBFC_A1/Eval_On_COHFACE,COHFACE,old,COHFACE_s08_session0_lamp,7,72.0,82.0,large_error,72.0,0.9999999999999998,71.0,0.9602456405158967,73.0,0.9161443699579146,82.0,0.9999999999999999,81.0,0.981970108395935,83.0,0.8878641519276208,8_0,8,0,lamp,103.348052979,46.8995475769,2.27612788134,0,228.423650369,0.37036421895
UBFC_A1/Eval_On_COHFACE,COHFACE,old,COHFACE_s08_session0_lamp,8,71.0,83.0,large_error,71.0,0.9999999999999998,72.0,0.962589342855175,70.0,0.9244846478808451,83.0,0.9999999999999999,82.0,0.99891791728333,84.0,0.8812002828379557,8_0,8,0,lamp,103.348052979,46.8995475769,2.27612788134,0,228.423650369,0.37036421895
UBFC_A1/Eval_On_COHFACE,COHFACE,old,COHFACE_s08_session0_lamp,9,71.0,67.0,large_error,71.0,0.9999999999999998,70.0,0.9509716467205157,72.0,0.9377174294657133,67.0,0.9999999999999997,68.0,0.9914620405121489,78.0,0.9788954867787791,8_0,8,0,lamp,103.348052979,46.8995475769,2.27612788134,0,228.423650369,0.37036421895
UBFC_A1/Eval_On_COHFACE,COHFACE,old,COHFACE_s08_session0_lamp,10,71.0,68.0,correct,71.0,0.9999999999999998,72.0,0.977511104246404,70.0,0.8962543225697491,68.0,0.9999999999999998,69.0,0.9825691508662648,67.0,0.8968359986952107,8_0,8,0,lamp,103.348052979,46.8995475769,2.27612788134,0,228.423650369,0.37036421895
UBFC_A1/Eval_On_COHFACE,COHFACE,old,COHFACE_s08_session0_lamp,11,72.0,74.0,correct,72.0,0.9999999999999998,71.0,0.9723273308673638,73.0,0.9094100304315041,74.0,0.9999999999999998,75.0,0.9940427770709869,73.0,0.9359416361630999,8_0,8,0,lamp,103.348052979,46.8995475769,2.27612788134,0,228.423650369,0.37036421895
UBFC_A1/Eval_On_COHFACE,COHFACE,old,COHFACE_s08_session0_lamp,12,72.0,72.0,correct,72.0,0.9999999999999998,71.0,0.9812701462613084,73.0,0.9075611398779708,72.0,0.9999999999999997,73.0,0.9870013260434363,71.0,0.9824170578603203,8_0,8,0,lamp,103.348052979,46.8995475769,2.27612788134,0,228.423650369,0.37036421895
UBFC_A1/Eval_On_COHFACE,COHFACE,old,COHFACE_s08_session0_lamp,13,72.0,66.0,large_error,72.0,0.9999999999999999,73.0,0.9597121256634307,71.0,0.9250642727754064,66.0,0.9999999999999998,67.0,0.9994726841604485,75.0,0.9921396964216905,8_0,8,0,lamp,103.348052979,46.8995475769,2.27612788134,0,228.423650369,0.37036421895
UBFC_A1/Eval_On_COHFACE,COHFACE,old,COHFACE_s08_session0_lamp,14,72.0,45.0,large_error,72.0,0.9999999999999999,73.0,0.9545802150938226,71.0,0.9282317120466578,45.0,0.9999999999999998,66.0,0.9709740148649753,44.0,0.9585586254003512,8_0,8,0,lamp,103.348052979,46.8995475769,2.27612788134,0,228.423650369,0.37036421895
UBFC_A1/Eval_On_COHFACE,COHFACE,old,COHFACE_s08_session0_lamp,15,72.0,60.0,large_error,72.0,0.9999999999999999,71.0,0.9949850576753464,73.0,0.9054351484598923,60.0,0.9999999999999998,61.0,0.9619037389407255,59.0,0.8958132979609096,8_0,8,0,lamp,103.348052979,46.8995475769,2.27612788134,0,228.423650369,0.37036421895
UBFC_A1/Eval_On_COHFACE,COHFACE,old,COHFACE_s08_session0_lamp,16,72.0,60.0,large_error,72.0,0.9999999999999999,71.0,0.9855785920246543,73.0,0.9245519998421429,60.0,0.9999999999999998,61.0,0.9637557569846265,59.0,0.9007302129152748,8_0,8,0,lamp,103.348052979,46.8995475769,2.27612788134,0,228.423650369,0.37036421895
UBFC_A1/Eval_On_COHFACE,COHFACE,old,COHFACE_s08_session0_lamp,17,71.0,52.0,large_error,71.0,0.9999999999999999,72.0,0.9664340312225626,70.0,0.9302940016773029,52.0,0.9999999999999997,53.0,0.9544476277440416,51.0,0.949794463087276,8_0,8,0,lamp,103.348052979,46.8995475769,2.27612788134,0,228.423650369,0.37036421895
UBFC_A1/Eval_On_COHFACE,COHFACE,old,COHFACE_s08_session0_lamp,18,71.0,60.0,large_error,71.0,0.9999999999999999,72.0,0.9665839186002289,70.0,0.9292530178876514,60.0,0.9999999999999997,61.0,0.9793479699693548,59.0,0.9351070672147054,8_0,8,0,lamp,103.348052979,46.8995475769,2.27612788134,0,228.423650369,0.37036421895
UBFC_A1/Eval_On_COHFACE,COHFACE,old,COHFACE_s08_session0_lamp,19,70.0,83.0,large_error,70.0,0.9999999999999999,71.0,0.937630862821378,69.0,0.9362292272389029,83.0,0.9999999999999994,82.0,0.9673658014475235,121.0,0.9217940050780983,8_0,8,0,lamp,103.348052979,46.8995475769,2.27612788134,0,228.423650369,0.37036421895
UBFC_A1/Eval_On_COHFACE,COHFACE,old,COHFACE_s08_session0_lamp,20,70.0,66.0,large_error,70.0,0.9999999999999999,69.0,0.9821726424732957,71.0,0.8917070193739672,66.0,0.9999999999999997,67.0,0.9528402824674501,65.0,0.9076029808241743,8_0,8,0,lamp,103.348052979,46.8995475769,2.27612788134,0,228.423650369,0.37036421895
UBFC_A1/Eval_On_COHFACE,COHFACE,old,COHFACE_s08_session0_lamp,21,70.0,40.0,sub_harmonic_half,70.0,0.9999999999999999,71.0,0.9456511423696728,69.0,0.9313203960456802,40.0,0.9999999999999998,41.0,0.9858207018553556,42.0,0.876858286438643,8_0,8,0,lamp,103.348052979,46.8995475769,2.27612788134,0,228.423650369,0.37036421895
UBFC_A1/Eval_On_COHFACE,COHFACE,old,COHFACE_s08_session0_lamp,22,70.0,82.0,large_error,70.0,0.9999999999999998,69.0,0.9530986989299515,71.0,0.9426359287299954,82.0,0.9999999999999998,81.0,0.9788620473447552,83.0,0.9147953421588744,8_0,8,0,lamp,103.348052979,46.8995475769,2.27612788134,0,228.423650369,0.37036421895
UBFC_A1/Eval_On_COHFACE,COHFACE,old,COHFACE_s08_session0_lamp,23,69.0,78.0,large_error,69.0,0.9999999999999998,70.0,0.9553048921985299,68.0,0.952610289685742,78.0,0.9999999999999998,79.0,0.9916527842063532,77.0,0.9484258606574757,8_0,8,0,lamp,103.348052979,46.8995475769,2.27612788134,0,228.423650369,0.37036421895
UBFC_A1/Eval_On_COHFACE,COHFACE,old,COHFACE_s08_session0_lamp,24,69.0,40.0,sub_harmonic_half,69.0,0.9999999999999998,68.0,0.9769124055455618,70.0,0.9136428367610484,40.0,0.9999999999999998,41.0,0.7983034412594157,80.0,0.6603997544627519,8_0,8,0,lamp,103.348052979,46.8995475769,2.27612788134,0,228.423650369,0.37036421895
UBFC_A1/Eval_On_COHFACE,COHFACE,old,COHFACE_s08_session0_lamp,25,68.0,81.0,large_error,68.0,0.9999999999999998,69.0,0.9873827544058014,67.0,0.8929358356522857,81.0,0.9999999999999998,80.0,0.9410980332146965,82.0,0.9248187235997745,8_0,8,0,lamp,103.348052979,46.8995475769,2.27612788134,0,228.423650369,0.37036421895
UBFC_A1/Eval_On_COHFACE,COHFACE,old,COHFACE_s08_session0_lamp,26,69.0,68.0,correct,69.0,0.9999999999999999,68.0,0.9517336650634323,70.0,0.9087375033984354,68.0,0.9999999999999998,69.0,0.941051763146728,67.0,0.9179571866014284,8_0,8,0,lamp,103.348052979,46.8995475769,2.27612788134,0,228.423650369,0.37036421895
UBFC_A1/Eval_On_COHFACE,COHFACE,old,COHFACE_s08_session0_lamp,27,68.0,68.0,correct,68.0,0.9999999999999998,69.0,0.9810892351258328,67.0,0.9045807692891663,68.0,0.9999999999999999,67.0,0.9909708641485706,69.0,0.8956852935333647,8_0,8,0,lamp,103.348052979,46.8995475769,2.27612788134,0,228.423650369,0.37036421895
UBFC_A1/Eval_On_COHFACE,COHFACE,old,COHFACE_s08_session0_lamp,28,68.0,76.0,large_error,68.0,0.9999999999999998,69.0,0.9919629266491263,67.0,0.8955524573218575,76.0,0.9999999999999998,75.0,0.9755018064130431,77.0,0.9570823210445598,8_0,8,0,lamp,103.348052979,46.8995475769,2.27612788134,0,228.423650369,0.37036421895
UBFC_A1/Eval_On_COHFACE,COHFACE,old,COHFACE_s08_session0_lamp,29,69.0,74.0,large_error,69.0,0.9999999999999999,70.0,0.9755311500489224,68.0,0.9084329433735375,74.0,0.9999999999999998,75.0,0.9873212920467443,73.0,0.933477994498036,8_0,8,0,lamp,103.348052979,46.8995475769,2.27612788134,0,228.423650369,0.37036421895
UBFC_A1/Eval_On_COHFACE,COHFACE,old,COHFACE_s08_session0_lamp,30,70.0,72.0,correct,70.0,0.9999999999999999,69.0,0.9724269417472501,71.0,0.9115783320770993,72.0,0.9999999999999999,71.0,0.9894999344603194,73.0,0.9618477099446694,8_0,8,0,lamp,103.348052979,46.8995475769,2.27612788134,0,228.423650369,0.37036421895
UBFC_A1/Eval_On_COHFACE,COHFACE,old,COHFACE_s08_session0_lamp,31,70.0,71.0,correct,70.0,0.9999999999999999,69.0,0.9908881631672545,71.0,0.9002184101456837,71.0,0.9999999999999999,72.0,0.9789565260329477,70.0,0.9745776428692551,8_0,8,0,lamp,103.348052979,46.8995475769,2.27612788134,0,228.423650369,0.37036421895
UBFC_A1/Eval_On_COHFACE,COHFACE,old,COHFACE_s08_session0_lamp,32,69.0,68.0,correct,69.0,0.9999999999999999,70.0,0.9845756576445917,68.0,0.906793840000203,68.0,0.9999999999999998,69.0,0.9997883312694921,70.0,0.8620607924601755,8_0,8,0,lamp,103.348052979,46.8995475769,2.27612788134,0,228.423650369,0.37036421895
UBFC_A1/Eval_On_COHFACE,COHFACE,old,COHFACE_s08_session0_lamp,33,69.0,81.0,large_error,69.0,0.9999999999999999,70.0,0.9421650878189347,68.0,0.9397262928792397,81.0,0.9999999999999999,82.0,0.9664102673308785,80.0,0.9000428473876897,8_0,8,0,lamp,103.348052979,46.8995475769,2.27612788134,0,228.423650369,0.37036421895
UBFC_A1/Eval_On_COHFACE,COHFACE,old,COHFACE_s08_session0_lamp,34,69.0,81.0,large_error,69.0,0.9999999999999999,68.0,0.9906342787187635,70.0,0.8981308046228879,81.0,0.9999999999999998,82.0,0.9540943986528123,80.0,0.9307690003262605,8_0,8,0,lamp,103.348052979,46.8995475769,2.27612788134,0,228.423650369,0.37036421895
UBFC_A1/Eval_On_COHFACE,COHFACE,old,COHFACE_s08_session0_lamp,35,68.0,83.0,large_error,68.0,0.9999999999999999,67.0,0.9495397647302549,69.0,0.9447100056228945,83.0,0.9999999999999999,82.0,0.9972789362247976,84.0,0.8966937766924297,8_0,8,0,lamp,103.348052979,46.8995475769,2.27612788134,0,228.423650369,0.37036421895
UBFC_A1/Eval_On_COHFACE,COHFACE,old,COHFACE_s08_session0_lamp,36,68.0,81.0,large_error,68.0,0.9999999999999999,69.0,0.9492359555030879,67.0,0.9414767228748999,81.0,0.9999999999999998,82.0,0.9951129737736222,80.0,0.9020847172662972,8_0,8,0,lamp,103.348052979,46.8995475769,2.27612788134,0,228.423650369,0.37036421895
UBFC_A1/Eval_On_COHFACE,COHFACE,old,COHFACE_s08_session0_lamp,37,69.0,81.0,large_error,69.0,1.0,68.0,0.9937270248382403,70.0,0.8887996188090294,81.0,0.9999999999999998,82.0,0.9847955634960349,80.0,0.9141672306253227,8_0,8,0,lamp,103.348052979,46.8995475769,2.27612788134,0,228.423650369,0.37036421895
UBFC_A1/Eval_On_COHFACE,COHFACE,old,COHFACE_s08_session0_lamp,38,69.0,68.0,correct,69.0,0.9999999999999999,68.0,0.9612788905584491,70.0,0.9280680908250469,68.0,0.9999999999999998,67.0,0.993772330658528,69.0,0.8830487553582547,8_0,8,0,lamp,103.348052979,46.8995475769,2.27612788134,0,228.423650369,0.37036421895
UBFC_A1/Eval_On_COHFACE,COHFACE,old,COHFACE_s08_session0_lamp,39,70.0,67.0,correct,70.0,0.9999999999999999,69.0,0.9712325391285195,71.0,0.934208056230079,67.0,0.9999999999999998,68.0,0.9611068117403041,66.0,0.9595329560426795,8_0,8,0,lamp,103.348052979,46.8995475769,2.27612788134,0,228.423650369,0.37036421895
UBFC_A1/Eval_On_COHFACE,COHFACE,old,COHFACE_s08_session0_lamp,40,72.0,80.0,large_error,72.0,0.9999999999999998,73.0,0.9695611865857728,71.0,0.945066561014596,80.0,0.9999999999999997,79.0,0.983846451088523,81.0,0.9661376061149364,8_0,8,0,lamp,103.348052979,46.8995475769,2.27612788134,0,228.423650369,0.37036421895
UBFC_A1/Eval_On_COHFACE,COHFACE,old,COHFACE_s08_session0_lamp,41,74.0,66.0,large_error,74.0,0.9999999999999999,75.0,0.9793354022423872,73.0,0.9009320151403538,66.0,0.9999999999999998,65.0,0.9913088407385611,67.0,0.9094933115281837,8_0,8,0,lamp,103.348052979,46.8995475769,2.27612788134,0,228.423650369,0.37036421895
UBFC_A1/Eval_On_COHFACE,COHFACE,old,COHFACE_s08_session0_lamp,42,75.0,63.0,large_error,75.0,0.9999999999999999,74.0,0.9912328615346149,76.0,0.8989523334074349,63.0,0.9999999999999998,64.0,0.9755644323443179,61.99999999999999,0.926220525863204,8_0,8,0,lamp,103.348052979,46.8995475769,2.27612788134,0,228.423650369,0.37036421895
UBFC_A1/Eval_On_COHFACE,COHFACE,old,COHFACE_s08_session0_lamp,43,74.0,63.0,large_error,74.0,0.9999999999999999,75.0,0.9626545590312923,73.0,0.9064573658464906,63.0,0.9999999999999997,61.99999999999999,0.9791498032296722,64.0,0.9038921893289241,8_0,8,0,lamp,103.348052979,46.8995475769,2.27612788134,0,228.423650369,0.37036421895
UBFC_A1/Eval_On_COHFACE,COHFACE,old,COHFACE_s08_session0_lamp,44,73.0,61.0,large_error,73.0,0.9999999999999999,74.0,0.9448700656155511,72.0,0.9222611699371177,61.0,0.9999999999999992,60.0,0.9991743264288714,61.99999999999999,0.9273632100745635,8_0,8,0,lamp,103.348052979,46.8995475769,2.27612788134,0,228.423650369,0.37036421895
UBFC_A1/Eval_On_COHFACE,COHFACE,old,COHFACE_s08_session0_lamp,45,72.0,63.0,large_error,72.0,0.9999999999999999,71.0,0.965845511982797,73.0,0.9431714482349105,63.0,0.9999999999999981,64.0,0.977008290659082,61.99999999999999,0.9498329061015334,8_0,8,0,lamp,103.348052979,46.8995475769,2.27612788134,0,228.423650369,0.37036421895
UBFC_A1/Eval_On_COHFACE,COHFACE,old,COHFACE_s08_session0_lamp,46,70.0,66.0,large_error,70.0,1.0,71.0,0.9888363450225878,69.0,0.9245226844151188,66.0,0.9999999999999993,67.0,0.9759787909286131,65.0,0.9175747304092422,8_0,8,0,lamp,103.348052979,46.8995475769,2.27612788134,0,228.423650369,0.37036421895
UBFC_A1/Eval_On_COHFACE,COHFACE,old,COHFACE_s08_session0_lamp,47,70.0,61.99999999999999,large_error,70.0,1.0,69.0,0.9971064731532249,71.0,0.9098249420151754,61.99999999999999,0.9999999999999992,61.0,0.9867252323290656,63.0,0.9111117129564456,8_0,8,0,lamp,103.348052979,46.8995475769,2.27612788134,0,228.423650369,0.37036421895
UBFC_A1/Eval_On_COHFACE,COHFACE,old,COHFACE_s08_session0_lamp,48,70.0,61.0,large_error,70.0,1.0,71.0,0.97727733349019,69.0,0.9257976906895494,61.0,0.9999999999999994,60.0,0.9450662852935188,61.99999999999999,0.8914585963066232,8_0,8,0,lamp,103.348052979,46.8995475769,2.27612788134,0,228.423650369,0.37036421895
UBFC_A1/Eval_On_COHFACE,COHFACE,old,COHFACE_s08_session0_lamp,49,71.0,74.0,correct,71.0,1.0,72.0,0.9608690691780535,70.0,0.931540452441219,74.0,0.9999999999999994,73.0,0.9759261748898956,75.0,0.9118650891144556,8_0,8,0,lamp,103.348052979,46.8995475769,2.27612788134,0,228.423650369,0.37036421895
UBFC_A1/Eval_On_COHFACE,COHFACE,old,COHFACE_s08_session0_lamp,50,72.0,74.0,correct,72.0,1.0,71.0,0.982435518091759,73.0,0.9023372232508626,74.0,0.9999999999999998,75.0,0.9918711515688653,73.0,0.8987498994653889,8_0,8,0,lamp,103.348052979,46.8995475769,2.27612788134,0,228.423650369,0.37036421895
UBFC_A1/Eval_On_COHFACE,COHFACE,old,COHFACE_s08_session1_lamp,0,77.0,73.0,large_error,77.0,0.9999999999999999,78.0,0.9711550212143344,76.0,0.8999571238832711,73.0,0.9999999999999998,72.0,0.9520704744431987,74.0,0.9481050698332645,8_1,8,1,lamp,113.105674744,51.1976737976,1.76178079234,0,245.578724634,0.311582297087
UBFC_A1/Eval_On_COHFACE,COHFACE,old,COHFACE_s08_session1_lamp,1,76.0,51.0,large_error,76.0,0.9999999999999999,77.0,0.9654114577043922,75.0,0.9138705884336786,51.0,0.9999999999999998,52.0,0.9679858336638917,50.0,0.9472592787833242,8_1,8,1,lamp,113.105674744,51.1976737976,1.76178079234,0,245.578724634,0.311582297087
UBFC_A1/Eval_On_COHFACE,COHFACE,old,COHFACE_s08_session1_lamp,2,76.0,52.0,large_error,76.0,0.9999999999999999,75.0,0.9738689764624839,77.0,0.9118234885634758,52.0,0.9999999999999999,51.0,0.9555928809308467,53.0,0.9407588989011263,8_1,8,1,lamp,113.105674744,51.1976737976,1.76178079234,0,245.578724634,0.311582297087
UBFC_A1/Eval_On_COHFACE,COHFACE,old,COHFACE_s08_session1_lamp,3,75.0,74.0,correct,75.0,0.9999999999999999,74.0,0.9795667500838641,76.0,0.9041922430210415,74.0,0.9999999999999999,75.0,0.9745428047483503,73.0,0.9132251370672306,8_1,8,1,lamp,113.105674744,51.1976737976,1.76178079234,0,245.578724634,0.311582297087
UBFC_A1/Eval_On_COHFACE,COHFACE,old,COHFACE_s08_session1_lamp,4,74.0,74.0,correct,74.0,0.9999999999999999,75.0,0.9592430096984629,73.0,0.918895446214757,74.0,0.9999999999999999,75.0,0.964816514265644,73.0,0.9412085892128748,8_1,8,1,lamp,113.105674744,51.1976737976,1.76178079234,0,245.578724634,0.311582297087
UBFC_A1/Eval_On_COHFACE,COHFACE,old,COHFACE_s08_session1_lamp,5,74.0,75.0,correct,74.0,0.9999999999999999,75.0,0.9855281573544034,73.0,0.9054569001125127,75.0,0.9999999999999998,74.0,0.9491049096587372,76.0,0.9375914288039399,8_1,8,1,lamp,113.105674744,51.1976737976,1.76178079234,0,245.578724634,0.311582297087
UBFC_A1/Eval_On_COHFACE,COHFACE,old,COHFACE_s08_session1_lamp,6,74.0,76.0,correct,74.0,0.9999999999999999,73.0,0.9508209632056218,75.0,0.9409001238433743,76.0,0.9999999999999999,75.0,0.9978229444211961,77.0,0.8912813741776562,8_1,8,1,lamp,113.105674744,51.1976737976,1.76178079234,0,245.578724634,0.311582297087
UBFC_A1/Eval_On_COHFACE,COHFACE,old,COHFACE_s08_session1_lamp,7,74.0,75.0,correct,74.0,0.9999999999999999,73.0,0.9734371069106453,75.0,0.917056884290876,75.0,0.9999999999999999,74.0,0.9861677536869305,76.0,0.902202055209062,8_1,8,1,lamp,113.105674744,51.1976737976,1.76178079234,0,245.578724634,0.311582297087
UBFC_A1/Eval_On_COHFACE,COHFACE,old,COHFACE_s08_session1_lamp,8,73.0,75.0,correct,73.0,0.9999999999999999,74.0,0.9854510253827682,72.0,0.8985280897798181,75.0,0.9999999999999998,74.0,0.9694052903719745,76.0,0.9236670830487453,8_1,8,1,lamp,113.105674744,51.1976737976,1.76178079234,0,245.578724634,0.311582297087
UBFC_A1/Eval_On_COHFACE,COHFACE,old,COHFACE_s08_session1_lamp,9,74.0,60.0,large_error,74.0,0.9999999999999999,73.0,0.9877783791243765,75.0,0.9056051794071739,60.0,0.9999999999999997,59.0,0.9605251750336269,61.0,0.9326965700212522,8_1,8,1,lamp,113.105674744,51.1976737976,1.76178079234,0,245.578724634,0.311582297087
UBFC_A1/Eval_On_COHFACE,COHFACE,old,COHFACE_s08_session1_lamp,10,74.0,91.0,large_error,74.0,0.9999999999999999,73.0,0.9680159721289908,75.0,0.9154624452855167,91.0,0.9999999999999996,92.0,0.9219781955125896,90.0,0.9164335645636968,8_1,8,1,lamp,113.105674744,51.1976737976,1.76178079234,0,245.578724634,0.311582297087
UBFC_A1/Eval_On_COHFACE,COHFACE,old,COHFACE_s08_session1_lamp,11,74.0,51.0,large_error,74.0,0.9999999999999999,73.0,0.967517949371515,75.0,0.9134830319090794,51.0,0.9999999999999997,52.0,0.9953110772961689,50.0,0.9123387501114482,8_1,8,1,lamp,113.105674744,51.1976737976,1.76178079234,0,245.578724634,0.311582297087
UBFC_A1/Eval_On_COHFACE,COHFACE,old,COHFACE_s08_session1_lamp,12,74.0,73.0,correct,74.0,0.9999999999999999,73.0,0.9998661652413418,75.0,0.8917485581018283,73.0,0.9999999999999994,72.0,0.9679413740016862,74.0,0.8932890957128445,8_1,8,1,lamp,113.105674744,51.1976737976,1.76178079234,0,245.578724634,0.311582297087
UBFC_A1/Eval_On_COHFACE,COHFACE,old,COHFACE_s08_session1_lamp,13,74.0,70.0,large_error,74.0,0.9999999999999999,75.0,0.9941560075692387,73.0,0.8979220298439523,70.0,0.9999999999999993,120.0,0.9956557460135587,71.0,0.9910960413687598,8_1,8,1,lamp,113.105674744,51.1976737976,1.76178079234,0,245.578724634,0.311582297087
UBFC_A1/Eval_On_COHFACE,COHFACE,old,COHFACE_s08_session1_lamp,14,75.0,96.0,super_harmonic_1p5x,75.0,0.9999999999999999,76.0,0.9728285802406508,74.0,0.9071889548286636,96.0,0.9999999999999992,97.0,0.9946837664408066,95.0,0.920018013659149,8_1,8,1,lamp,113.105674744,51.1976737976,1.76178079234,0,245.578724634,0.311582297087
UBFC_A1/Eval_On_COHFACE,COHFACE,old,COHFACE_s08_session1_lamp,15,75.0,78.0,correct,75.0,0.9999999999999999,76.0,0.9872550460996111,74.0,0.9018104405216038,78.0,0.9999999999999993,79.0,0.9444725343950949,77.0,0.9242744713845258,8_1,8,1,lamp,113.105674744,51.1976737976,1.76178079234,0,245.578724634,0.311582297087
UBFC_A1/Eval_On_COHFACE,COHFACE,old,COHFACE_s08_session1_lamp,16,76.0,75.0,correct,76.0,0.9999999999999999,75.0,0.9627141172316016,77.0,0.9182712277080884,75.0,0.9999999999999997,76.0,0.9883312570303959,74.0,0.915246371985492,8_1,8,1,lamp,113.105674744,51.1976737976,1.76178079234,0,245.578724634,0.311582297087
UBFC_A1/Eval_On_COHFACE,COHFACE,old,COHFACE_s08_session1_lamp,17,76.0,76.0,correct,76.0,0.9999999999999999,77.0,0.9794663829625994,75.0,0.9054011157229864,76.0,0.9999999999999998,77.0,0.9353445089017994,75.0,0.9301849586821088,8_1,8,1,lamp,113.105674744,51.1976737976,1.76178079234,0,245.578724634,0.311582297087
UBFC_A1/Eval_On_COHFACE,COHFACE,old,COHFACE_s08_session1_lamp,18,77.0,40.0,sub_harmonic_half,77.0,0.9999999999999999,78.0,0.9679469365515904,76.0,0.9207693426469319,40.0,0.9999999999999997,79.0,0.9994056126420916,78.0,0.9895963783837441,8_1,8,1,lamp,113.105674744,51.1976737976,1.76178079234,0,245.578724634,0.311582297087
UBFC_A1/Eval_On_COHFACE,COHFACE,old,COHFACE_s08_session1_lamp,19,78.0,75.0,correct,78.0,0.9999999999999999,77.0,0.9984753470020167,79.0,0.8923919207005757,75.0,0.9999999999999998,74.0,0.9881110165182607,76.0,0.9418537336874991,8_1,8,1,lamp,113.105674744,51.1976737976,1.76178079234,0,245.578724634,0.311582297087
UBFC_A1/Eval_On_COHFACE,COHFACE,old,COHFACE_s08_session1_lamp,20,77.0,76.0,correct,77.0,0.9999999999999999,76.0,0.9771964831973279,78.0,0.9103592490041618,76.0,0.9999999999999998,75.0,0.9828827490288407,77.0,0.9100623435620687,8_1,8,1,lamp,113.105674744,51.1976737976,1.76178079234,0,245.578724634,0.311582297087
UBFC_A1/Eval_On_COHFACE,COHFACE,old,COHFACE_s08_session1_lamp,21,77.0,77.0,correct,77.0,0.9999999999999999,76.0,0.9996031346501544,78.0,0.8918691781752969,77.0,0.9999999999999998,76.0,0.9984373281583512,78.0,0.9346609737218324,8_1,8,1,lamp,113.105674744,51.1976737976,1.76178079234,0,245.578724634,0.311582297087
UBFC_A1/Eval_On_COHFACE,COHFACE,old,COHFACE_s08_session1_lamp,22,76.0,77.0,correct,76.0,0.9999999999999998,77.0,0.9727821846647092,75.0,0.9296131441568748,77.0,0.9999999999999997,76.0,0.9820058448300554,66.0,0.9570189821216978,8_1,8,1,lamp,113.105674744,51.1976737976,1.76178079234,0,245.578724634,0.311582297087
UBFC_A1/Eval_On_COHFACE,COHFACE,old,COHFACE_s08_session1_lamp,23,75.0,71.0,large_error,75.0,0.9999999999999999,76.0,0.9646941707819916,74.0,0.9207216054275271,71.0,0.9999999999999996,70.0,0.9930414596672603,72.0,0.958769762131208,8_1,8,1,lamp,113.105674744,51.1976737976,1.76178079234,0,245.578724634,0.311582297087
UBFC_A1/Eval_On_COHFACE,COHFACE,old,COHFACE_s08_session1_lamp,24,74.0,40.0,sub_harmonic_half,74.0,0.9999999999999999,75.0,0.9525220024658271,73.0,0.9342320249214515,40.0,0.9999999999999996,119.0,0.9839589471095196,120.0,0.9550121093028797,8_1,8,1,lamp,113.105674744,51.1976737976,1.76178079234,0,245.578724634,0.311582297087
UBFC_A1/Eval_On_COHFACE,COHFACE,old,COHFACE_s08_session1_lamp,25,74.0,120.0,super_harmonic_1p5x,74.0,0.9999999999999999,73.0,0.9565989759030739,75.0,0.9209365325858581,120.0,0.9999999999999997,119.0,0.9772035976101758,121.0,0.9385212587284083,8_1,8,1,lamp,113.105674744,51.1976737976,1.76178079234,0,245.578724634,0.311582297087
UBFC_A1/Eval_On_COHFACE,COHFACE,old,COHFACE_s08_session1_lamp,26,74.0,61.0,large_error,74.0,0.9999999999999999,73.0,0.9589736748933045,75.0,0.9211839905934711,61.0,0.9999999999999999,60.0,0.948342849011109,61.99999999999999,0.9290243394463478,8_1,8,1,lamp,113.105674744,51.1976737976,1.76178079234,0,245.578724634,0.311582297087
UBFC_A1/Eval_On_COHFACE,COHFACE,old,COHFACE_s08_session1_lamp,27,75.0,60.0,large_error,75.0,0.9999999999999998,74.0,0.9652531825653787,76.0,0.9259119006806937,60.0,0.9999999999999999,59.0,0.9748967908818752,61.0,0.9397788952614387,8_1,8,1,lamp,113.105674744,51.1976737976,1.76178079234,0,245.578724634,0.311582297087
UBFC_A1/Eval_On_COHFACE,COHFACE,old,COHFACE_s08_session1_lamp,28,76.0,45.0,large_error,76.0,0.9999999999999998,77.0,0.9620956527386693,75.0,0.9333571778359983,45.0,0.9999999999999998,46.0,0.9587102100990338,44.0,0.942904396809598,8_1,8,1,lamp,113.105674744,51.1976737976,1.76178079234,0,245.578724634,0.311582297087
UBFC_A1/Eval_On_COHFACE,COHFACE,old,COHFACE_s08_session1_lamp,29,77.0,44.0,sub_harmonic_half,77.0,0.9999999999999998,78.0,0.9634570352414727,76.0,0.9273858195679889,44.0,0.9999999999999998,43.0,0.9416008282088638,45.0,0.9406119624700516,8_1,8,1,lamp,113.105674744,51.1976737976,1.76178079234,0,245.578724634,0.311582297087
UBFC_A1/Eval_On_COHFACE,COHFACE,old,COHFACE_s08_session1_lamp,30,78.0,47.0,large_error,78.0,0.9999999999999998,77.0,0.9677405602291367,79.0,0.915454315278842,47.0,0.9999999999999998,46.0,0.9950116068702692,48.0,0.9107840323736239,8_1,8,1,lamp,113.105674744,51.1976737976,1.76178079234,0,245.578724634,0.311582297087
UBFC_A1/Eval_On_COHFACE,COHFACE,old,COHFACE_s08_session1_lamp,31,78.0,45.0,sub_harmonic_half,78.0,0.9999999999999998,79.0,0.9947314904218832,77.0,0.8952799400414354,45.0,0.9999999999999999,46.0,0.9940868864670421,44.0,0.9230753332599061,8_1,8,1,lamp,113.105674744,51.1976737976,1.76178079234,0,245.578724634,0.311582297087
UBFC_A1/Eval_On_COHFACE,COHFACE,old,COHFACE_s08_session1_lamp,32,78.0,45.0,sub_harmonic_half,78.0,0.9999999999999998,79.0,0.9863772764947525,77.0,0.8954376841611286,45.0,0.9999999999999998,46.0,0.99887742954404,44.0,0.9170899689560129,8_1,8,1,lamp,113.105674744,51.1976737976,1.76178079234,0,245.578724634,0.311582297087
UBFC_A1/Eval_On_COHFACE,COHFACE,old,COHFACE_s08_session1_lamp,33,78.0,48.0,large_error,78.0,0.9999999999999999,79.0,0.9639283210078069,77.0,0.9333424690166544,48.0,0.9999999999999997,47.0,0.9692757678268017,49.0,0.9362378847692733,8_1,8,1,lamp,113.105674744,51.1976737976,1.76178079234,0,245.578724634,0.311582297087
UBFC_A1/Eval_On_COHFACE,COHFACE,old,COHFACE_s08_session1_lamp,34,77.0,49.0,large_error,77.0,0.9999999999999998,76.0,0.9473642709597287,78.0,0.9356116844073141,49.0,0.9999999999999996,50.0,0.9802826598070348,48.0,0.932124128475855,8_1,8,1,lamp,113.105674744,51.1976737976,1.76178079234,0,245.578724634,0.311582297087
UBFC_A1/Eval_On_COHFACE,COHFACE,old,COHFACE_s08_session1_lamp,35,77.0,49.0,large_error,77.0,0.9999999999999998,76.0,0.9465908560641045,78.0,0.9262477951820094,49.0,0.9999999999999997,48.0,0.9572882631798877,50.0,0.8891257830084599,8_1,8,1,lamp,113.105674744,51.1976737976,1.76178079234,0,245.578724634,0.311582297087
UBFC_A1/Eval_On_COHFACE,COHFACE,old,COHFACE_s08_session1_lamp,36,77.0,51.0,large_error,77.0,0.9999999999999998,78.0,0.9814578820670152,76.0,0.8921412673035262,51.0,0.9999999999999993,50.0,0.9836573846439515,52.0,0.9138783125327122,8_1,8,1,lamp,113.105674744,51.1976737976,1.76178079234,0,245.578724634,0.311582297087
UBFC_A1/Eval_On_COHFACE,COHFACE,old,COHFACE_s08_session1_lamp,37,77.0,74.0,correct,77.0,0.9999999999999999,76.0,0.9444574344020821,78.0,0.9357579181304909,74.0,0.9999999999999997,75.0,0.9848419628523677,73.0,0.9100668544304084,8_1,8,1,lamp,113.105674744,51.1976737976,1.76178079234,0,245.578724634,0.311582297087
UBFC_A1/Eval_On_COHFACE,COHFACE,old,COHFACE_s08_session1_lamp,38,76.0,76.0,correct,76.0,0.9999999999999999,77.0,0.990512098804627,75.0,0.905213996114877,76.0,0.9999999999999998,75.0,0.995276288294051,77.0,0.920301273307572,8_1,8,1,lamp,113.105674744,51.1976737976,1.76178079234,0,245.578724634,0.311582297087
UBFC_A1/Eval_On_COHFACE,COHFACE,old,COHFACE_s08_session1_lamp,39,76.0,40.0,sub_harmonic_half,76.0,0.9999999999999999,75.0,0.9703125051223052,77.0,0.9322131695337069,40.0,0.9999999999999997,41.0,0.9660874406354586,42.0,0.8278710007801209,8_1,8,1,lamp,113.105674744,51.1976737976,1.76178079234,0,245.578724634,0.311582297087
UBFC_A1/Eval_On_COHFACE,COHFACE,old,COHFACE_s08_session1_lamp,40,75.0,56.0,large_error,75.0,0.9999999999999999,76.0,0.9637772305482833,74.0,0.9505707133464232,56.0,0.9999999999999996,55.0,0.979878897974856,57.0,0.9186334436945975,8_1,8,1,lamp,113.105674744,51.1976737976,1.76178079234,0,245.578724634,0.311582297087
UBFC_A1/Eval_On_COHFACE,COHFACE,old,COHFACE_s08_session1_lamp,41,75.0,58.0,large_error,75.0,0.9999999999999999,74.0,0.9825223316303564,76.0,0.9079324324791588,58.0,0.9999999999999998,59.0,0.9560772635861648,57.0,0.9269422463475336,8_1,8,1,lamp,113.105674744,51.1976737976,1.76178079234,0,245.578724634,0.311582297087
UBFC_A1/Eval_On_COHFACE,COHFACE,old,COHFACE_s08_session1_lamp,42,74.0,53.0,large_error,74.0,1.0,73.0,0.9748400286164502,75.0,0.911066929478982,53.0,0.9999999999999993,52.0,0.9880233840091837,54.0,0.9203052251966403,8_1,8,1,lamp,113.105674744,51.1976737976,1.76178079234,0,245.578724634,0.311582297087
UBFC_A1/Eval_On_COHFACE,COHFACE,old,COHFACE_s08_session1_lamp,43,73.0,53.0,large_error,73.0,1.0,74.0,0.9495821567780326,72.0,0.9323221532556107,53.0,0.9999999999999997,54.0,0.9997761516994134,55.0,0.8815598696390183,8_1,8,1,lamp,113.105674744,51.1976737976,1.76178079234,0,245.578724634,0.311582297087
UBFC_A1/Eval_On_COHFACE,COHFACE,old,COHFACE_s08_session1_lamp,44,73.0,42.0,sub_harmonic_half,73.0,0.9999999999999999,74.0,0.960093131760259,72.0,0.9191771111489245,42.0,0.9999999999999998,41.0,0.9792273564125679,43.0,0.9296728494312201,8_1,8,1,lamp,113.105674744,51.1976737976,1.76178079234,0,245.578724634,0.311582297087
UBFC_A1/Eval_On_COHFACE,COHFACE,old,COHFACE_s08_session1_lamp,45,73.0,40.0,sub_harmonic_half,73.0,1.0,72.0,0.9453697499783875,74.0,0.9215392208162289,40.0,0.9999999999999996,41.0,0.7293820272146428,42.0,0.4257992293607252,8_1,8,1,lamp,113.105674744,51.1976737976,1.76178079234,0,245.578724634,0.311582297087
UBFC_A1/Eval_On_COHFACE,COHFACE,old,COHFACE_s08_session1_lamp,46,73.0,64.0,large_error,73.0,0.9999999999999999,74.0,0.9675634280814973,72.0,0.9566201538957868,64.0,0.9999999999999992,65.0,0.9177353668325815,63.0,0.9127824130157716,8_1,8,1,lamp,113.105674744,51.1976737976,1.76178079234,0,245.578724634,0.311582297087
UBFC_A1/Eval_On_COHFACE,COHFACE,old,COHFACE_s08_session1_lamp,47,73.0,43.0,large_error,73.0,0.9999999999999998,72.0,0.9762369819798096,74.0,0.9412889422448443,43.0,0.9999999999999998,42.0,0.9477585115164515,44.0,0.9236439109830737,8_1,8,1,lamp,113.105674744,51.1976737976,1.76178079234,0,245.578724634,0.311582297087
UBFC_A1/Eval_On_COHFACE,COHFACE,old,COHFACE_s08_session1_lamp,48,72.0,41.0,sub_harmonic_half,72.0,0.9999999999999999,73.0,0.996077405214824,71.0,0.8968637055562112,41.0,0.9999999999999998,40.0,0.9968379140440999,42.0,0.9135082483141598,8_1,8,1,lamp,113.105674744,51.1976737976,1.76178079234,0,245.578724634,0.311582297087
UBFC_A1/Eval_On_COHFACE,COHFACE,old,COHFACE_s08_session1_lamp,49,73.0,41.0,sub_harmonic_half,73.0,0.9999999999999998,74.0,0.9470311087533481,72.0,0.9300149202548489,41.0,0.9999999999999997,42.0,0.9717950327659645,40.0,0.9612987599293995,8_1,8,1,lamp,113.105674744,51.1976737976,1.76178079234,0,245.578724634,0.311582297087
UBFC_A1/Eval_On_COHFACE,COHFACE,old,COHFACE_s08_session1_lamp,50,74.0,45.0,large_error,74.0,0.9999999999999999,73.0,0.977330316336882,75.0,0.8938361422760697,45.0,0.9999999999999998,46.0,0.9676110130355636,44.0,0.9457874332545487,8_1,8,1,lamp,113.105674744,51.1976737976,1.76178079234,0,245.578724634,0.311582297087
UBFC_A1/Eval_On_COHFACE,COHFACE,old,COHFACE_s08_session2_natural,0,68.0,59.0,large_error,68.0,0.9999999999999999,69.0,0.9806536406121947,67.0,0.883350451532268,59.0,0.9999999999999997,60.0,0.9497316461964977,58.0,0.942341308007773,8_2,8,2,natural,102.447410583,57.6128730774,8.6977313454,0,364.051334569,0.375145375729
UBFC_A1/Eval_On_COHFACE,COHFACE,old,COHFACE_s08_session2_natural,1,69.0,60.0,large_error,69.0,0.9999999999999999,68.0,0.9445964746537905,70.0,0.9274176861678313,60.0,0.9999999999999997,59.0,0.9593849534652432,61.0,0.9305116107968557,8_2,8,2,natural,102.447410583,57.6128730774,8.6977313454,0,364.051334569,0.375145375729
UBFC_A1/Eval_On_COHFACE,COHFACE,old,COHFACE_s08_session2_natural,2,69.0,67.0,correct,69.0,0.9999999999999999,68.0,0.9516076546279341,70.0,0.9365304068008338,67.0,0.9999999999999999,68.0,0.9593881023748934,66.0,0.9509099064642668,8_2,8,2,natural,102.447410583,57.6128730774,8.6977313454,0,364.051334569,0.375145375729
UBFC_A1/Eval_On_COHFACE,COHFACE,old,COHFACE_s08_session2_natural,3,69.0,66.0,correct,69.0,0.9999999999999999,68.0,0.9461424838230127,70.0,0.9398709355697856,66.0,0.9999999999999998,67.0,0.9964469871615237,65.0,0.9137906401974097,8_2,8,2,natural,102.447410583,57.6128730774,8.6977313454,0,364.051334569,0.375145375729
UBFC_A1/Eval_On_COHFACE,COHFACE,old,COHFACE_s08_session2_natural,4,69.0,67.0,correct,69.0,1.0,68.0,0.9602589721040525,70.0,0.930536506062697,67.0,0.9999999999999999,68.0,0.9840673418226284,66.0,0.915905516763028,8_2,8,2,natural,102.447410583,57.6128730774,8.6977313454,0,364.051334569,0.375145375729
UBFC_A1/Eval_On_COHFACE,COHFACE,old,COHFACE_s08_session2_natural,5,70.0,69.0,correct,70.0,0.9999999999999999,69.0,0.9750795280572745,71.0,0.9307966428140496,69.0,0.9999999999999998,68.0,0.9801407941398645,70.0,0.961322328531306,8_2,8,2,natural,102.447410583,57.6128730774,8.6977313454,0,364.051334569,0.375145375729
UBFC_A1/Eval_On_COHFACE,COHFACE,old,COHFACE_s08_session2_natural,6,70.0,70.0,correct,70.0,0.9999999999999999,71.0,0.9742692929448664,69.0,0.9386779436724493,70.0,0.9999999999999997,71.0,0.9417593755201048,69.0,0.9344306579514903,8_2,8,2,natural,102.447410583,57.6128730774,8.6977313454,0,364.051334569,0.375145375729
UBFC_A1/Eval_On_COHFACE,COHFACE,old,COHFACE_s08_session2_natural,7,70.0,73.0,correct,70.0,0.9999999999999999,71.0,0.9964631132561507,69.0,0.9048572939322421,73.0,0.9999999999999998,72.0,0.9564706547219618,74.0,0.8981123453786111,8_2,8,2,natural,102.447410583,57.6128730774,8.6977313454,0,364.051334569,0.375145375729
UBFC_A1/Eval_On_COHFACE,COHFACE,old,COHFACE_s08_session2_natural,8,70.0,46.0,large_error,70.0,1.0,71.0,0.9855423784830695,69.0,0.8990466907561508,46.0,0.9999999999999997,47.0,0.9628561071652438,45.0,0.9255481497884803,8_2,8,2,natural,102.447410583,57.6128730774,8.6977313454,0,364.051334569,0.375145375729
UBFC_A1/Eval_On_COHFACE,COHFACE,old,COHFACE_s08_session2_natural,9,70.0,75.0,large_error,70.0,1.0,71.0,0.9873136728740268,69.0,0.8876497176805687,75.0,0.9999999999999998,74.0,0.9536079500608782,76.0,0.9499922384213726,8_2,8,2,natural,102.447410583,57.6128730774,8.6977313454,0,364.051334569,0.375145375729
UBFC_A1/Eval_On_COHFACE,COHFACE,old,COHFACE_s08_session2_natural,10,70.0,75.0,large_error,70.0,0.9999999999999999,71.0,0.9975263550185293,69.0,0.872816762787237,75.0,0.9999999999999997,74.0,0.9993902310028506,76.0,0.9125043779898572,8_2,8,2,natural,102.447410583,57.6128730774,8.6977313454,0,364.051334569,0.375145375729
UBFC_A1/Eval_On_COHFACE,COHFACE,old,COHFACE_s08_session2_natural,11,71.0,76.0,large_error,71.0,0.9999999999999999,72.0,0.9584730948097625,70.0,0.9101925090450262,76.0,0.9999999999999994,75.0,0.9728430792426044,77.0,0.9286889333356942,8_2,8,2,natural,102.447410583,57.6128730774,8.6977313454,0,364.051334569,0.375145375729
UBFC_A1/Eval_On_COHFACE,COHFACE,old,COHFACE_s08_session2_natural,12,71.0,78.0,large_error,71.0,0.9999999999999999,70.0,0.9709565247592069,72.0,0.9306940457498849,78.0,0.9999999999999992,79.0,0.9916697966973201,77.0,0.9750721697953887,8_2,8,2,natural,102.447410583,57.6128730774,8.6977313454,0,364.051334569,0.375145375729
UBFC_A1/Eval_On_COHFACE,COHFACE,old,COHFACE_s08_session2_natural,13,70.0,53.0,large_error,70.0,0.9999999999999999,71.0,0.9605325676499701,69.0,0.9332682215721785,53.0,0.9999999999999998,54.0,0.9915535769519759,52.0,0.8829247945832691,8_2,8,2,natural,102.447410583,57.6128730774,8.6977313454,0,364.051334569,0.375145375729
UBFC_A1/Eval_On_COHFACE,COHFACE,old,COHFACE_s08_session2_natural,14,69.0,55.0,large_error,69.0,0.9999999999999999,70.0,0.9758064657630143,68.0,0.9124993623425829,55.0,0.999999999999997,54.0,0.9860358587548672,56.0,0.9099184602256716,8_2,8,2,natural,102.447410583,57.6128730774,8.6977313454,0,364.051334569,0.375145375729
UBFC_A1/Eval_On_COHFACE,COHFACE,old,COHFACE_s08_session2_natural,15,69.0,51.0,large_error,69.0,0.9999999999999999,70.0,0.9815020477031673,68.0,0.9028220358197572,51.0,0.9999999999999999,52.0,0.9663284929654308,50.0,0.9482744071348851,8_2,8,2,natural,102.447410583,57.6128730774,8.6977313454,0,364.051334569,0.375145375729
UBFC_A1/Eval_On_COHFACE,COHFACE,old,COHFACE_s08_session2_natural,16,69.0,52.0,large_error,69.0,0.9999999999999999,70.0,0.9928950368186328,68.0,0.8852628365821203,52.0,0.9999999999999999,51.0,0.9679280058563018,53.0,0.9376821633123645,8_2,8,2,natural,102.447410583,57.6128730774,8.6977313454,0,364.051334569,0.375145375729
UBFC_A1/Eval_On_COHFACE,COHFACE,old,COHFACE_s08_session2_natural,17,70.0,54.0,large_error,70.0,0.9999999999999999,71.0,0.9904689984983779,69.0,0.903112640691735,54.0,0.9999999999999998,53.0,0.9963033643173539,52.0,0.9072675354725322,8_2,8,2,natural,102.447410583,57.6128730774,8.6977313454,0,364.051334569,0.375145375729
UBFC_A1/Eval_On_COHFACE,COHFACE,old,COHFACE_s08_session2_natural,18,72.0,70.0,correct,72.0,0.9999999999999999,71.0,0.9737440237413604,73.0,0.9061273833713425,70.0,0.9999999999999994,71.0,0.9901381156383096,69.0,0.9585320100941461,8_2,8,2,natural,102.447410583,57.6128730774,8.6977313454,0,364.051334569,0.375145375729
UBFC_A1/Eval_On_COHFACE,COHFACE,old,COHFACE_s08_session2_natural,19,72.0,43.0,large_error,72.0,1.0,71.0,0.9867175661878735,73.0,0.8994694069314861,43.0,0.9999999999999997,44.0,0.9736049124358458,42.0,0.9114422813656892,8_2,8,2,natural,102.447410583,57.6128730774,8.6977313454,0,364.051334569,0.375145375729
UBFC_A1/Eval_On_COHFACE,COHFACE,old,COHFACE_s08_session2_natural,20,72.0,71.0,correct,72.0,1.0,71.0,0.9513893848544102,73.0,0.9297466630606538,71.0,0.9999999999999999,72.0,0.9859492941496236,70.0,0.9394347632632244,8_2,8,2,natural,102.447410583,57.6128730774,8.6977313454,0,364.051334569,0.375145375729
UBFC_A1/Eval_On_COHFACE,COHFACE,old,COHFACE_s08_session2_natural,21,71.0,69.0,correct,71.0,1.0,72.0,0.9607533261832352,70.0,0.9296382188777701,69.0,0.9999999999999996,70.0,0.9912705091398656,68.0,0.9132872609473581,8_2,8,2,natural,102.447410583,57.6128730774,8.6977313454,0,364.051334569,0.375145375729
UBFC_A1/Eval_On_COHFACE,COHFACE,old,COHFACE_s08_session2_natural,22,70.0,67.0,correct,70.0,1.0,71.0,0.949170348457273,69.0,0.9479641801247034,67.0,0.9999999999999997,68.0,0.9488438208224333,66.0,0.9038731268391617,8_2,8,2,natural,102.447410583,57.6128730774,8.6977313454,0,364.051334569,0.375145375729
UBFC_A1/Eval_On_COHFACE,COHFACE,old,COHFACE_s08_session2_natural,23,69.0,53.0,large_error,69.0,1.0,70.0,0.9759348424136544,68.0,0.9258106505752082,53.0,0.9999999999999998,54.0,0.984400676593455,52.0,0.8766825781498869,8_2,8,2,natural,102.447410583,57.6128730774,8.6977313454,0,364.051334569,0.375145375729
UBFC_A1/Eval_On_COHFACE,COHFACE,old,COHFACE_s08_session2_natural,24,69.0,43.0,large_error,69.0,1.0,68.0,0.9895889111427877,70.0,0.9036061130270442,43.0,0.9999999999999998,42.0,0.9374969994878676,44.0,0.9102666860242661,8_2,8,2,natural,102.447410583,57.6128730774,8.6977313454,0,364.051334569,0.375145375729
UBFC_A1/Eval_On_COHFACE,COHFACE,old,COHFACE_s08_session2_natural,25,69.0,45.0,large_error,69.0,1.0,68.0,0.9879011924197135,70.0,0.8926879283981697,45.0,0.9999999999999997,46.0,0.9992168147855841,44.0,0.8987608162292793,8_2,8,2,natural,102.447410583,57.6128730774,8.6977313454,0,364.051334569,0.375145375729
UBFC_A1/Eval_On_COHFACE,COHFACE,old,COHFACE_s08_session2_natural,26,69.0,44.0,large_error,69.0,1.0,70.0,0.9770049979561535,68.0,0.9140450110833948,44.0,0.9999999999999997,43.0,0.9937761248646866,45.0,0.9057054669227995,8_2,8,2,natural,102.447410583,57.6128730774,8.6977313454,0,364.051334569,0.375145375729
UBFC_A1/Eval_On_COHFACE,COHFACE,old,COHFACE_s08_session2_natural,27,68.0,45.0,large_error,68.0,0.9999999999999999,69.0,0.9925362644033864,67.0,0.9035575098371951,45.0,0.9999999999999998,44.0,0.9938159157737778,46.0,0.9153556619992851,8_2,8,2,natural,102.447410583,57.6128730774,8.6977313454,0,364.051334569,0.375145375729
UBFC_A1/Eval_On_COHFACE,COHFACE,old,COHFACE_s08_session2_natural,28,68.0,45.0,large_error,68.0,0.9999999999999999,69.0,0.9836735023739438,67.0,0.9028272944388226,45.0,0.9999999999999998,44.0,0.9732296626773055,46.0,0.9305039663012906,8_2,8,2,natural,102.447410583,57.6128730774,8.6977313454,0,364.051334569,0.375145375729
UBFC_A1/Eval_On_COHFACE,COHFACE,old,COHFACE_s08_session2_natural,29,68.0,44.0,large_error,68.0,0.9999999999999999,67.0,0.9661341806700516,69.0,0.9197692123858372,44.0,0.9999999999999997,43.0,0.9785419017259386,45.0,0.9444972295074199,8_2,8,2,natural,102.447410583,57.6128730774,8.6977313454,0,364.051334569,0.375145375729
UBFC_A1/Eval_On_COHFACE,COHFACE,old,COHFACE_s08_session2_natural,30,67.0,42.0,large_error,67.0,0.9999999999999999,68.0,0.992062303562689,66.0,0.8880094854673305,42.0,0.9999999999999996,41.0,0.9462587246162374,43.0,0.9294733606058915,8_2,8,2,natural,102.447410583,57.6128730774,8.6977313454,0,364.051334569,0.375145375729
UBFC_A1/Eval_On_COHFACE,COHFACE,old,COHFACE_s08_session2_natural,31,67.0,73.0,large_error,67.0,0.9999999999999999,68.0,0.9669749683896142,66.0,0.9109450643459744,73.0,0.9999999999999997,74.0,0.9935549443006677,72.0,0.8769387743775271,8_2,8,2,natural,102.447410583,57.6128730774,8.6977313454,0,364.051334569,0.375145375729
UBFC_A1/Eval_On_COHFACE,COHFACE,old,COHFACE_s08_session2_natural,32,68.0,58.0,large_error,68.0,0.9999999999999998,67.0,0.9968387723338484,69.0,0.8825886647415279,58.0,0.9999999999999999,57.0,0.9369901812902562,59.0,0.922925236799677,8_2,8,2,natural,102.447410583,57.6128730774,8.6977313454,0,364.051334569,0.375145375729
UBFC_A1/Eval_On_COHFACE,COHFACE,old,COHFACE_s08_session2_natural,33,68.0,54.0,large_error,68.0,0.9999999999999998,69.0,0.9778625291004249,67.0,0.9162300820074591,54.0,0.9999999999999998,55.0,0.9908915964757993,53.0,0.9532416007742263,8_2,8,2,natural,102.447410583,57.6128730774,8.6977313454,0,364.051334569,0.375145375729
UBFC_A1/Eval_On_COHFACE,COHFACE,old,COHFACE_s08_session2_natural,34,70.0,54.0,large_error,70.0,0.9999999999999999,69.0,0.9693428961875367,71.0,0.9313985143484032,54.0,0.9999999999999998,53.0,0.9701754161154066,55.0,0.9399089067183138,8_2,8,2,natural,102.447410583,57.6128730774,8.6977313454,0,364.051334569,0.375145375729
UBFC_A1/Eval_On_COHFACE,COHFACE,old,COHFACE_s08_session2_natural,35,71.0,53.0,large_error,71.0,0.9999999999999998,70.0,0.9614589566907952,72.0,0.9247352665239683,53.0,0.9999999999999998,54.0,0.9535538237506472,52.0,0.9534833721612578,8_2,8,2,natural,102.447410583,57.6128730774,8.6977313454,0,364.051334569,0.375145375729
UBFC_A1/Eval_On_COHFACE,COHFACE,old,COHFACE_s08_session2_natural,36,72.0,54.0,large_error,72.0,0.9999999999999998,73.0,0.9748642967291945,71.0,0.9099122047669513,54.0,0.9999999999999999,53.0,0.9825689878331016,55.0,0.9299391044301412,8_2,8,2,natural,102.447410583,57.6128730774,8.6977313454,0,364.051334569,0.375145375729
UBFC_A1/Eval_On_COHFACE,COHFACE,old,COHFACE_s08_session2_natural,37,73.0,58.0,large_error,73.0,0.9999999999999998,74.0,0.9814404869749926,72.0,0.9039974764604847,58.0,0.9999999999999997,59.0,0.9909362854034924,57.0,0.8824229847405538,8_2,8,2,natural,102.447410583,57.6128730774,8.6977313454,0,364.051334569,0.375145375729
UBFC_A1/Eval_On_COHFACE,COHFACE,old,COHFACE_s08_session2_natural,38,73.0,50.0,large_error,73.0,0.9999999999999998,74.0,0.9948575817120225,72.0,0.8897360182186422,50.0,0.9999999999999998,49.0,0.9385081595647843,51.0,0.9226271198082461,8_2,8,2,natural,102.447410583,57.6128730774,8.6977313454,0,364.051334569,0.375145375729
UBFC_A1/Eval_On_COHFACE,COHFACE,old,COHFACE_s08_session2_natural,39,73.0,73.0,correct,73.0,0.9999999999999998,72.0,0.9735130166108205,74.0,0.920497820017177,73.0,0.9999999999999998,74.0,0.9615871879246576,72.0,0.943707244447784,8_2,8,2,natural,102.447410583,57.6128730774,8.6977313454,0,364.051334569,0.375145375729
UBFC_A1/Eval_On_COHFACE,COHFACE,old,COHFACE_s08_session2_natural,40,71.0,69.0,correct,71.0,0.9999999999999998,70.0,0.9511296464549046,72.0,0.9474882379007131,69.0,0.9999999999999998,70.0,0.9829004641746238,68.0,0.9726161675721642,8_2,8,2,natural,102.447410583,57.6128730774,8.6977313454,0,364.051334569,0.375145375729
UBFC_A1/Eval_On_COHFACE,COHFACE,old,COHFACE_s08_session2_natural,41,70.0,69.0,correct,70.0,0.9999999999999998,69.0,0.9976930905535798,71.0,0.8917547235409999,69.0,0.9999999999999999,70.0,0.956287437877208,68.0,0.9548963152148401,8_2,8,2,natural,102.447410583,57.6128730774,8.6977313454,0,364.051334569,0.375145375729
UBFC_A1/Eval_On_COHFACE,COHFACE,old,COHFACE_s08_session2_natural,42,69.0,68.0,correct,69.0,0.9999999999999998,68.0,0.9879636526606326,70.0,0.91680755202572,68.0,0.9999999999999999,69.0,0.9451983444651241,67.0,0.9391927196290166,8_2,8,2,natural,102.447410583,57.6128730774,8.6977313454,0,364.051334569,0.375145375729
UBFC_A1/Eval_On_COHFACE,COHFACE,old,COHFACE_s08_session2_natural,43,67.0,68.0,correct,67.0,0.9999999999999999,68.0,0.9907565998014799,66.0,0.9019892538484149,68.0,0.9999999999999998,67.0,0.9605885718970675,69.0,0.9456876967924012,8_2,8,2,natural,102.447410583,57.6128730774,8.6977313454,0,364.051334569,0.375145375729
UBFC_A1/Eval_On_COHFACE,COHFACE,old,COHFACE_s08_session2_natural,44,67.0,67.0,correct,67.0,0.9999999999999999,66.0,0.9668303586895767,68.0,0.9157156370019035,67.0,0.9999999999999999,68.0,0.9908016258189261,66.0,0.9262637804776166,8_2,8,2,natural,102.447410583,57.6128730774,8.6977313454,0,364.051334569,0.375145375729
UBFC_A1/Eval_On_COHFACE,COHFACE,old,COHFACE_s08_session2_natural,45,67.0,68.0,correct,67.0,0.9999999999999999,66.0,0.9803200501687822,68.0,0.8964013186152613,68.0,0.9999999999999999,69.0,0.9676999789053444,67.0,0.9641653357422152,8_2,8,2,natural,102.447410583,57.6128730774,8.6977313454,0,364.051334569,0.375145375729
UBFC_A1/Eval_On_COHFACE,COHFACE,old,COHFACE_s08_session2_natural,46,67.0,68.0,correct,67.0,0.9999999999999999,68.0,0.9436746200816124,66.0,0.9425076055904309,68.0,0.9999999999999997,69.0,0.9966212611699444,67.0,0.9153430915951323,8_2,8,2,natural,102.447410583,57.6128730774,8.6977313454,0,364.051334569,0.375145375729
UBFC_A1/Eval_On_COHFACE,COHFACE,old,COHFACE_s08_session2_natural,47,68.0,70.0,correct,68.0,0.9999999999999999,69.0,0.9474478984265057,67.0,0.9348247125752029,70.0,0.9999999999999998,71.0,0.996886281508501,69.0,0.9004144045013527,8_2,8,2,natural,102.447410583,57.6128730774,8.6977313454,0,364.051334569,0.375145375729
UBFC_A1/Eval_On_COHFACE,COHFACE,old,COHFACE_s08_session2_natural,48,69.0,73.0,large_error,69.0,0.9999999999999999,68.0,0.9973760030269305,70.0,0.8931011695558729,73.0,0.9999999999999998,74.0,0.9657875237842534,72.0,0.889332054581925,8_2,8,2,natural,102.447410583,57.6128730774,8.6977313454,0,364.051334569,0.375145375729
UBFC_A1/Eval_On_COHFACE,COHFACE,old,COHFACE_s08_session2_natural,49,70.0,72.0,correct,70.0,0.9999999999999999,71.0,0.9573106562742322,69.0,0.9382054330007412,72.0,0.9999999999999994,46.0,0.9517684091930979,83.0,0.9450149332467931,8_2,8,2,natural,102.447410583,57.6128730774,8.6977313454,0,364.051334569,0.375145375729
UBFC_A1/Eval_On_COHFACE,COHFACE,old,COHFACE_s08_session2_natural,50,71.0,74.0,correct,71.0,0.9999999999999999,70.0,0.9799173068311406,72.0,0.9048761793915809,74.0,0.9999999999999994,73.0,0.991064983252177,75.0,0.9682201016353102,8_2,8,2,natural,102.447410583,57.6128730774,8.6977313454,0,364.051334569,0.375145375729
UBFC_A1/Eval_On_COHFACE,COHFACE,old,COHFACE_s08_session3_natural,0,73.0,48.0,large_error,73.0,1.0,74.0,0.9833468202641953,72.0,0.8885607269541813,48.0,0.9999999999999996,49.0,0.9646622678288038,47.0,0.8553643341222454,8_3,8,3,natural,98.8823928833,56.6223754883,9.48116479331,0,327.922666263,0.373319417238
UBFC_A1/Eval_On_COHFACE,COHFACE,old,COHFACE_s08_session3_natural,1,73.0,60.0,large_error,73.0,0.9999999999999999,72.0,0.9658792161070362,74.0,0.9253089934572659,60.0,0.9999999999999998,61.0,0.9907824382312128,59.0,0.848501366399023,8_3,8,3,natural,98.8823928833,56.6223754883,9.48116479331,0,327.922666263,0.373319417238
UBFC_A1/Eval_On_COHFACE,COHFACE,old,COHFACE_s08_session3_natural,2,73.0,76.0,correct,73.0,0.9999999999999999,74.0,0.9594648680382555,72.0,0.9265388876982931,76.0,0.9999999999999997,75.0,0.9640949842343169,77.0,0.9583445654296555,8_3,8,3,natural,98.8823928833,56.6223754883,9.48116479331,0,327.922666263,0.373319417238
UBFC_A1/Eval_On_COHFACE,COHFACE,old,COHFACE_s08_session3_natural,3,73.0,74.0,correct,73.0,1.0,74.0,0.9560635303149554,72.0,0.9116435825885579,74.0,0.9999999999999997,75.0,0.9895903922535889,73.0,0.9652797509886295,8_3,8,3,natural,98.8823928833,56.6223754883,9.48116479331,0,327.922666263,0.373319417238
UBFC_A1/Eval_On_COHFACE,COHFACE,old,COHFACE_s08_session3_natural,4,72.0,67.0,large_error,72.0,0.9999999999999999,71.0,0.9500742729709187,73.0,0.9440944161572298,67.0,0.9999999999999997,68.0,0.9790771793974501,66.0,0.9699536233099578,8_3,8,3,natural,98.8823928833,56.6223754883,9.48116479331,0,327.922666263,0.373319417238
UBFC_A1/Eval_On_COHFACE,COHFACE,old,COHFACE_s08_session3_natural,5,72.0,68.0,large_error,72.0,0.9999999999999999,71.0,0.9689209101452597,73.0,0.9189714900898558,68.0,0.9999999999999998,67.0,0.9899761248826137,69.0,0.9412239591319793,8_3,8,3,natural,98.8823928833,56.6223754883,9.48116479331,0,327.922666263,0.373319417238
UBFC_A1/Eval_On_COHFACE,COHFACE,old,COHFACE_s08_session3_natural,6,72.0,51.0,large_error,72.0,0.9999999999999999,71.0,0.987457911055476,73.0,0.9017437565378467,51.0,0.9999999999999997,52.0,0.9825313314631233,50.0,0.8888601733712413,8_3,8,3,natural,98.8823928833,56.6223754883,9.48116479331,0,327.922666263,0.373319417238
UBFC_A1/Eval_On_COHFACE,COHFACE,old,COHFACE_s08_session3_natural,7,70.0,53.0,large_error,70.0,0.9999999999999999,71.0,0.9466791192343476,69.0,0.9444858938090008,53.0,0.9999999999999996,52.0,0.9642082502741196,54.0,0.8948624620554807,8_3,8,3,natural,98.8823928833,56.6223754883,9.48116479331,0,327.922666263,0.373319417238
UBFC_A1/Eval_On_COHFACE,COHFACE,old,COHFACE_s08_session3_natural,8,70.0,57.0,large_error,70.0,0.9999999999999999,69.0,0.959822339565913,71.0,0.9323289995141013,57.0,0.9999999999999989,56.0,0.9798736175051844,58.0,0.9641244811823971,8_3,8,3,natural,98.8823928833,56.6223754883,9.48116479331,0,327.922666263,0.373319417238
UBFC_A1/Eval_On_COHFACE,COHFACE,old,COHFACE_s08_session3_natural,9,70.0,56.0,large_error,70.0,0.9999999999999999,69.0,0.9380802537539759,71.0,0.9340483914815458,56.0,0.9999999999999988,57.0,0.9783408692269752,55.0,0.9103268239950205,8_3,8,3,natural,98.8823928833,56.6223754883,9.48116479331,0,327.922666263,0.373319417238
UBFC_A1/Eval_On_COHFACE,COHFACE,old,COHFACE_s08_session3_natural,10,71.0,57.0,large_error,71.0,0.9999999999999998,72.0,0.9434284137127602,70.0,0.9355142874996353,57.0,0.9999999999999993,58.0,0.9674123462260178,56.0,0.8984633908228997,8_3,8,3,natural,98.8823928833,56.6223754883,9.48116479331,0,327.922666263,0.373319417238
UBFC_A1/Eval_On_COHFACE,COHFACE,old,COHFACE_s08_session3_natural,11,73.0,60.0,large_error,73.0,0.9999999999999999,72.0,0.9962128875828629,74.0,0.8816603042705103,60.0,0.9999999999999996,61.0,0.9630602880520958,59.0,0.9512331168755686,8_3,8,3,natural,98.8823928833,56.6223754883,9.48116479331,0,327.922666263,0.373319417238
UBFC_A1/Eval_On_COHFACE,COHFACE,old,COHFACE_s08_session3_natural,12,74.0,60.0,large_error,74.0,0.9999999999999999,75.0,0.9637972100975072,73.0,0.925822659594349,60.0,0.9999999999999997,59.0,0.9793656644182823,61.0,0.9086046733816521,8_3,8,3,natural,98.8823928833,56.6223754883,9.48116479331,0,327.922666263,0.373319417238
UBFC_A1/Eval_On_COHFACE,COHFACE,old,COHFACE_s08_session3_natural,13,75.0,60.0,large_error,75.0,0.9999999999999998,74.0,0.9821461129649207,76.0,0.9133506609233157,60.0,0.9999999999999997,61.0,0.9768358467858902,59.0,0.9443618365174171,8_3,8,3,natural,98.8823928833,56.6223754883,9.48116479331,0,327.922666263,0.373319417238
UBFC_A1/Eval_On_COHFACE,COHFACE,old,COHFACE_s08_session3_natural,14,75.0,55.0,large_error,75.0,0.9999999999999998,76.0,0.9856848703078845,74.0,0.900502069932325,55.0,0.9999999999999996,56.0,0.9495312909294333,54.0,0.9404719895540874,8_3,8,3,natural,98.8823928833,56.6223754883,9.48116479331,0,327.922666263,0.373319417238
UBFC_A1/Eval_On_COHFACE,COHFACE,old,COHFACE_s08_session3_natural,15,74.0,67.0,large_error,74.0,0.9999999999999999,73.0,0.9936165216350553,75.0,0.9195965381228102,67.0,0.9999999999999998,68.0,0.9532699247041491,66.0,0.9306868193419456,8_3,8,3,natural,98.8823928833,56.6223754883,9.48116479331,0,327.922666263,0.373319417238
UBFC_A1/Eval_On_COHFACE,COHFACE,old,COHFACE_s08_session3_natural,16,72.0,68.0,large_error,72.0,0.9999999999999998,73.0,0.9890826810328116,71.0,0.9140890688915619,68.0,0.9999999999999999,67.0,0.989781516000581,69.0,0.8993814600989891,8_3,8,3,natural,98.8823928833,56.6223754883,9.48116479331,0,327.922666263,0.373319417238
UBFC_A1/Eval_On_COHFACE,COHFACE,old,COHFACE_s08_session3_natural,17,71.0,51.0,large_error,71.0,0.9999999999999998,70.0,0.968662628400383,72.0,0.9244650610090542,51.0,0.9999999999999998,52.0,0.9634939896702437,50.0,0.917169198049121,8_3,8,3,natural,98.8823928833,56.6223754883,9.48116479331,0,327.922666263,0.373319417238
UBFC_A1/Eval_On_COHFACE,COHFACE,old,COHFACE_s08_session3_natural,18,71.0,50.0,large_error,71.0,0.9999999999999998,72.0,0.954186042990438,70.0,0.9327833629635488,50.0,0.9999999999999997,49.0,0.9715978423155324,74.0,0.9121987714705949,8_3,8,3,natural,98.8823928833,56.6223754883,9.48116479331,0,327.922666263,0.373319417238
UBFC_A1/Eval_On_COHFACE,COHFACE,old,COHFACE_s08_session3_natural,19,71.0,75.0,large_error,71.0,0.9999999999999998,72.0,0.9727491627795044,70.0,0.9148267910452302,75.0,0.9999999999999999,74.0,0.9947070896744988,76.0,0.9007796658992446,8_3,8,3,natural,98.8823928833,56.6223754883,9.48116479331,0,327.922666263,0.373319417238
UBFC_A1/Eval_On_COHFACE,COHFACE,old,COHFACE_s08_session3_natural,20,73.0,75.0,correct,73.0,0.9999999999999998,72.0,0.9659751078784445,74.0,0.9140525208591253,75.0,0.9999999999999998,76.0,0.9640262426814805,74.0,0.9330936411271156,8_3,8,3,natural,98.8823928833,56.6223754883,9.48116479331,0,327.922666263,0.373319417238
UBFC_A1/Eval_On_COHFACE,COHFACE,old,COHFACE_s08_session3_natural,21,73.0,51.0,large_error,73.0,0.9999999999999998,74.0,0.9538071374133082,72.0,0.940918626302078,51.0,0.9999999999999998,52.0,0.9994549843267841,50.0,0.9130648009761188,8_3,8,3,natural,98.8823928833,56.6223754883,9.48116479331,0,327.922666263,0.373319417238
UBFC_A1/Eval_On_COHFACE,COHFACE,old,COHFACE_s08_session3_natural,22,73.0,53.0,large_error,73.0,0.9999999999999998,72.0,0.9466426612263356,74.0,0.946024724915389,53.0,0.9999999999999999,54.0,0.9893643472029622,52.0,0.9526645772368556,8_3,8,3,natural,98.8823928833,56.6223754883,9.48116479331,0,327.922666263,0.373319417238
UBFC_A1/Eval_On_COHFACE,COHFACE,old,COHFACE_s08_session3_natural,23,72.0,52.0,large_error,72.0,0.9999999999999998,73.0,0.957195289458227,71.0,0.9199924312733551,52.0,0.9999999999999999,53.0,0.9968051185459471,51.0,0.8934135528338484,8_3,8,3,natural,98.8823928833,56.6223754883,9.48116479331,0,327.922666263,0.373319417238
UBFC_A1/Eval_On_COHFACE,COHFACE,old,COHFACE_s08_session3_natural,24,70.0,54.0,large_error,70.0,0.9999999999999998,71.0,0.9929521488106701,69.0,0.9001948706009528,54.0,0.9999999999999997,53.0,0.9474821583279659,55.0,0.9381009655835545,8_3,8,3,natural,98.8823928833,56.6223754883,9.48116479331,0,327.922666263,0.373319417238
UBFC_A1/Eval_On_COHFACE,COHFACE,old,COHFACE_s08_session3_natural,25,69.0,67.0,correct,69.0,0.9999999999999998,70.0,0.957234387761265,68.0,0.9281292056777406,67.0,0.9999999999999997,68.0,0.9534450333797414,66.0,0.8865763534061307,8_3,8,3,natural,98.8823928833,56.6223754883,9.48116479331,0,327.922666263,0.373319417238
UBFC_A1/Eval_On_COHFACE,COHFACE,old,COHFACE_s08_session3_natural,26,69.0,68.0,correct,69.0,0.9999999999999998,68.0,0.9679481939832808,70.0,0.9292214705103741,68.0,0.9999999999999994,67.0,0.9958683431342387,69.0,0.8947577054499096,8_3,8,3,natural,98.8823928833,56.6223754883,9.48116479331,0,327.922666263,0.373319417238
UBFC_A1/Eval_On_COHFACE,COHFACE,old,COHFACE_s08_session3_natural,27,69.0,61.99999999999999,large_error,69.0,0.9999999999999999,68.0,0.9959444914739759,70.0,0.8910280749148101,61.99999999999999,0.9999999999999996,61.0,0.9913519773521802,63.0,0.9582907822538376,8_3,8,3,natural,98.8823928833,56.6223754883,9.48116479331,0,327.922666263,0.373319417238
UBFC_A1/Eval_On_COHFACE,COHFACE,old,COHFACE_s08_session3_natural,28,69.0,67.0,correct,69.0,0.9999999999999998,68.0,0.9994540960898136,70.0,0.9005371466967833,67.0,0.9999999999999998,66.0,0.9928806405455991,68.0,0.977672286741344,8_3,8,3,natural,98.8823928833,56.6223754883,9.48116479331,0,327.922666263,0.373319417238
UBFC_A1/Eval_On_COHFACE,COHFACE,old,COHFACE_s08_session3_natural,29,70.0,44.0,large_error,70.0,0.9999999999999998,69.0,0.9676959595010547,71.0,0.931859427121344,44.0,0.9999999999999997,45.0,0.99237215249114,63.0,0.9617928048028642,8_3,8,3,natural,98.8823928833,56.6223754883,9.48116479331,0,327.922666263,0.373319417238
UBFC_A1/Eval_On_COHFACE,COHFACE,old,COHFACE_s08_session3_natural,30,71.0,61.99999999999999,large_error,71.0,0.9999999999999998,70.0,0.9751230467083851,72.0,0.9033371201961884,61.99999999999999,0.9999999999999999,63.0,0.9979027966790879,61.0,0.90935302647632,8_3,8,3,natural,98.8823928833,56.6223754883,9.48116479331,0,327.922666263,0.373319417238
UBFC_A1/Eval_On_COHFACE,COHFACE,old,COHFACE_s08_session3_natural,31,72.0,61.99999999999999,large_error,72.0,0.9999999999999998,71.0,0.9961616143910396,73.0,0.8805994423548963,61.99999999999999,0.9999999999999999,61.0,0.9901501362833237,63.0,0.9353860056112698,8_3,8,3,natural,98.8823928833,56.6223754883,9.48116479331,0,327.922666263,0.373319417238
UBFC_A1/Eval_On_COHFACE,COHFACE,old,COHFACE_s08_session3_natural,32,72.0,61.0,large_error,72.0,0.9999999999999998,71.0,0.9850939446365083,73.0,0.8980023401131607,61.0,0.9999999999999999,61.99999999999999,0.9831184895550139,60.0,0.9467660416701349,8_3,8,3,natural,98.8823928833,56.6223754883,9.48116479331,0,327.922666263,0.373319417238
UBFC_A1/Eval_On_COHFACE,COHFACE,old,COHFACE_s08_session3_natural,33,71.0,61.0,large_error,71.0,0.9999999999999998,72.0,0.963638757589874,70.0,0.9138637282702153,61.0,0.9999999999999998,61.99999999999999,0.9765590196619227,60.0,0.9102347273116018,8_3,8,3,natural,98.8823928833,56.6223754883,9.48116479331,0,327.922666263,0.373319417238
UBFC_A1/Eval_On_COHFACE,COHFACE,old,COHFACE_s08_session3_natural,34,71.0,81.0,large_error,71.0,0.9999999999999998,70.0,0.9566322821416297,72.0,0.9265077792196587,81.0,0.9999999999999999,82.0,0.9950039264599073,80.0,0.8722211529492796,8_3,8,3,natural,98.8823928833,56.6223754883,9.48116479331,0,327.922666263,0.373319417238
UBFC_A1/Eval_On_COHFACE,COHFACE,old,COHFACE_s08_session3_natural,35,70.0,67.0,correct,70.0,0.9999999999999998,69.0,0.9627048141435588,71.0,0.9436102021120351,67.0,0.9999999999999999,68.0,0.9693385697905639,66.0,0.9218071108743456,8_3,8,3,natural,98.8823928833,56.6223754883,9.48116479331,0,327.922666263,0.373319417238
UBFC_A1/Eval_On_COHFACE,COHFACE,old,COHFACE_s08_session3_natural,36,69.0,67.0,correct,69.0,0.9999999999999999,68.0,0.9880730339624663,70.0,0.8972343076829303,67.0,0.9999999999999999,68.0,0.9948836117372312,66.0,0.9040076449701564,8_3,8,3,natural,98.8823928833,56.6223754883,9.48116479331,0,327.922666263,0.373319417238
UBFC_A1/Eval_On_COHFACE,COHFACE,old,COHFACE_s08_session3_natural,37,68.0,68.0,correct,68.0,0.9999999999999999,69.0,0.9484581838981075,67.0,0.9360254387140791,68.0,0.9999999999999999,67.0,0.9897179728302953,69.0,0.9134791989510224,8_3,8,3,natural,98.8823928833,56.6223754883,9.48116479331,0,327.922666263,0.373319417238
UBFC_A1/Eval_On_COHFACE,COHFACE,old,COHFACE_s08_session3_natural,38,68.0,70.0,correct,68.0,0.9999999999999998,67.0,0.9849248771321426,69.0,0.9069593222428789,70.0,0.9999999999999998,69.0,0.9920517305078128,71.0,0.9659678543233927,8_3,8,3,natural,98.8823928833,56.6223754883,9.48116479331,0,327.922666263,0.373319417238
UBFC_A1/Eval_On_COHFACE,COHFACE,old,COHFACE_s08_session3_natural,39,68.0,69.0,correct,68.0,0.9999999999999999,67.0,0.9717660837982369,69.0,0.9156856234838883,69.0,0.9999999999999998,68.0,0.9983026876772148,70.0,0.9163384971286437,8_3,8,3,natural,98.8823928833,56.6223754883,9.48116479331,0,327.922666263,0.373319417238
UBFC_A1/Eval_On_COHFACE,COHFACE,old,COHFACE_s08_session3_natural,40,68.0,76.0,large_error,68.0,0.9999999999999999,69.0,0.9685488341151174,67.0,0.9072963117457004,76.0,0.9999999999999996,77.0,0.9339381845939337,75.0,0.9187528574597063,8_3,8,3,natural,98.8823928833,56.6223754883,9.48116479331,0,327.922666263,0.373319417238
UBFC_A1/Eval_On_COHFACE,COHFACE,old,COHFACE_s08_session3_natural,41,69.0,76.0,large_error,69.0,0.9999999999999999,68.0,0.9995014882955648,70.0,0.8877412492825633,76.0,0.9999999999999997,77.0,0.9892862338126996,65.0,0.8926439231523577,8_3,8,3,natural,98.8823928833,56.6223754883,9.48116479331,0,327.922666263,0.373319417238
UBFC_A1/Eval_On_COHFACE,COHFACE,old,COHFACE_s08_session3_natural,42,69.0,89.0,super_harmonic_1p5x,69.0,0.9999999999999999,68.0,0.9474029584247563,70.0,0.9436768495230188,89.0,0.9999999999999996,88.0,0.9637807360057882,90.0,0.9060801358489788,8_3,8,3,natural,98.8823928833,56.6223754883,9.48116479331,0,327.922666263,0.373319417238
UBFC_A1/Eval_On_COHFACE,COHFACE,old,COHFACE_s08_session3_natural,43,69.0,89.0,super_harmonic_1p5x,69.0,0.9999999999999999,70.0,0.977008119780334,68.0,0.9127301331359837,89.0,0.9999999999999982,88.0,0.9851090249441041,90.0,0.9511613306682989,8_3,8,3,natural,98.8823928833,56.6223754883,9.48116479331,0,327.922666263,0.373319417238
UBFC_A1/Eval_On_COHFACE,COHFACE,old,COHFACE_s08_session3_natural,44,69.0,85.0,large_error,69.0,0.9999999999999999,70.0,0.9627395675717101,68.0,0.9290400863229791,85.0,0.9999999999999994,86.0,0.9912784032599566,84.0,0.9632044640816535,8_3,8,3,natural,98.8823928833,56.6223754883,9.48116479331,0,327.922666263,0.373319417238
UBFC_A1/Eval_On_COHFACE,COHFACE,old,COHFACE_s08_session3_natural,45,69.0,86.0,large_error,69.0,0.9999999999999998,68.0,0.9871493443206262,70.0,0.9128243626633017,86.0,0.9999999999999992,87.0,0.9804781062320135,85.0,0.9439985667046333,8_3,8,3,natural,98.8823928833,56.6223754883,9.48116479331,0,327.922666263,0.373319417238
UBFC_A1/Eval_On_COHFACE,COHFACE,old,COHFACE_s08_session3_natural,46,68.0,84.0,large_error,68.0,0.9999999999999999,69.0,0.9542103913556674,67.0,0.9359753530488787,84.0,0.9999999999999996,85.0,0.9635375733168584,83.0,0.9474653670951628,8_3,8,3,natural,98.8823928833,56.6223754883,9.48116479331,0,327.922666263,0.373319417238
UBFC_A1/Eval_On_COHFACE,COHFACE,old,COHFACE_s08_session3_natural,47,68.0,51.0,large_error,68.0,0.9999999999999999,69.0,0.9499343984603993,67.0,0.9315341656878502,51.0,0.9999999999999997,52.0,0.9913929275677377,50.0,0.8881869590876915,8_3,8,3,natural,98.8823928833,56.6223754883,9.48116479331,0,327.922666263,0.373319417238
UBFC_A1/Eval_On_COHFACE,COHFACE,old,COHFACE_s08_session3_natural,48,69.0,50.0,large_error,69.0,0.9999999999999999,68.0,0.9568985460047501,70.0,0.9233824324439032,50.0,0.9999999999999999,49.0,0.9659265031589747,51.0,0.9432045656388333,8_3,8,3,natural,98.8823928833,56.6223754883,9.48116479331,0,327.922666263,0.373319417238
UBFC_A1/Eval_On_COHFACE,COHFACE,old,COHFACE_s08_session3_natural,49,69.0,51.0,large_error,69.0,0.9999999999999999,70.0,0.9923320916454128,68.0,0.8857686743635234,51.0,0.9999999999999999,52.0,0.9871563701758773,50.0,0.8995826155645947,8_3,8,3,natural,98.8823928833,56.6223754883,9.48116479331,0,327.922666263,0.373319417238
UBFC_A1/Eval_On_COHFACE,COHFACE,old,COHFACE_s08_session3_natural,50,70.0,51.0,large_error,70.0,0.9999999999999999,69.0,0.9634197892235512,71.0,0.9217124261358359,51.0,0.9999999999999999,52.0,0.9838621237379267,50.0,0.9177131233089496,8_3,8,3,natural,98.8823928833,56.6223754883,9.48116479331,0,327.922666263,0.373319417238
UBFC_A1/Eval_On_COHFACE,COHFACE,old,COHFACE_s09_session0_lamp,0,74.0,40.0,sub_harmonic_half,74.0,0.9999999999999999,73.0,0.9944989326253955,75.0,0.8715291098613646,40.0,0.9999999999999994,41.0,0.7667990663259159,72.0,0.6637527854520111,9_0,9,0,lamp,98.8866500854,58.0340652466,7.64947450122,0,294.797655884,0.222339585423
UBFC_A1/Eval_On_COHFACE,COHFACE,old,COHFACE_s09_session0_lamp,1,72.0,72.0,correct,72.0,0.9999999999999999,73.0,0.9528918049819283,71.0,0.9377487996487545,72.0,0.9999999999999993,73.0,0.9308514804408765,71.0,0.9290946144899453,9_0,9,0,lamp,98.8866500854,58.0340652466,7.64947450122,0,294.797655884,0.222339585423
UBFC_A1/Eval_On_COHFACE,COHFACE,old,COHFACE_s09_session0_lamp,2,72.0,44.0,large_error,72.0,0.9999999999999999,71.0,0.9910842621625882,73.0,0.8978437387032754,44.0,0.9999999999999998,45.0,0.9907051233056361,75.0,0.9895199637913281,9_0,9,0,lamp,98.8866500854,58.0340652466,7.64947450122,0,294.797655884,0.222339585423
UBFC_A1/Eval_On_COHFACE,COHFACE,old,COHFACE_s09_session0_lamp,3,71.0,43.0,large_error,71.0,0.9999999999999999,72.0,0.9498071326370384,70.0,0.9418620965701562,43.0,0.9999999999999998,44.0,0.9684968356676518,42.0,0.9684702828204441,9_0,9,0,lamp,98.8866500854,58.0340652466,7.64947450122,0,294.797655884,0.222339585423
UBFC_A1/Eval_On_COHFACE,COHFACE,old,COHFACE_s09_session0_lamp,4,71.0,67.0,large_error,71.0,0.9999999999999999,72.0,0.9641993254921505,70.0,0.9185469732292095,67.0,0.9999999999999996,66.0,0.9761466429782,68.0,0.9659451648525496,9_0,9,0,lamp,98.8866500854,58.0340652466,7.64947450122,0,294.797655884,0.222339585423
UBFC_A1/Eval_On_COHFACE,COHFACE,old,COHFACE_s09_session0_lamp,5,71.0,43.0,large_error,71.0,0.9999999999999999,72.0,0.968259423837629,70.0,0.9158084011735285,43.0,0.9999999999999998,44.0,0.9460166891307413,42.0,0.9403494675271227,9_0,9,0,lamp,98.8866500854,58.0340652466,7.64947450122,0,294.797655884,0.222339585423
UBFC_A1/Eval_On_COHFACE,COHFACE,old,COHFACE_s09_session0_lamp,6,72.0,40.0,sub_harmonic_half,72.0,0.9999999999999999,71.0,0.9793783110678731,73.0,0.9104998105851712,40.0,0.9999999999999997,41.0,0.8234453913378705,81.0,0.686859845657926,9_0,9,0,lamp,98.8866500854,58.0340652466,7.64947450122,0,294.797655884,0.222339585423
UBFC_A1/Eval_On_COHFACE,COHFACE,old,COHFACE_s09_session0_lamp,7,72.0,40.0,sub_harmonic_half,72.0,0.9999999999999999,73.0,0.9592188363847081,71.0,0.9270621641590117,40.0,0.9999999999999996,72.0,0.8799128420028641,73.0,0.8429226386951579,9_0,9,0,lamp,98.8866500854,58.0340652466,7.64947450122,0,294.797655884,0.222339585423
UBFC_A1/Eval_On_COHFACE,COHFACE,old,COHFACE_s09_session0_lamp,8,73.0,42.0,sub_harmonic_half,73.0,0.9999999999999999,72.0,0.9974695955113414,74.0,0.8910497419881781,42.0,0.9999999999999998,41.0,0.9748114324112274,43.0,0.9491526855540597,9_0,9,0,lamp,98.8866500854,58.0340652466,7.64947450122,0,294.797655884,0.222339585423
UBFC_A1/Eval_On_COHFACE,COHFACE,old,COHFACE_s09_session0_lamp,9,73.0,40.0,sub_harmonic_half,73.0,0.9999999999999999,72.0,0.9729948510391687,74.0,0.9113708731212012,40.0,0.9999999999999997,41.0,0.81217186411482,76.0,0.7821689523957573,9_0,9,0,lamp,98.8866500854,58.0340652466,7.64947450122,0,294.797655884,0.222339585423
UBFC_A1/Eval_On_COHFACE,COHFACE,old,COHFACE_s09_session0_lamp,10,73.0,74.0,correct,73.0,0.9999999999999999,72.0,0.9780573336262468,74.0,0.9097383685501459,74.0,0.9999999999999998,75.0,0.9812719132006735,73.0,0.9189937309397024,9_0,9,0,lamp,98.8866500854,58.0340652466,7.64947450122,0,294.797655884,0.222339585423
UBFC_A1/Eval_On_COHFACE,COHFACE,old,COHFACE_s09_session0_lamp,11,72.0,75.0,correct,72.0,0.9999999999999999,73.0,0.9661333592439227,71.0,0.9211480451792555,75.0,0.9999999999999999,76.0,0.9649090328910616,74.0,0.940059594883451,9_0,9,0,lamp,98.8866500854,58.0340652466,7.64947450122,0,294.797655884,0.222339585423
UBFC_A1/Eval_On_COHFACE,COHFACE,old,COHFACE_s09_session0_lamp,12,72.0,40.0,sub_harmonic_half,72.0,0.9999999999999999,71.0,0.9706414345516815,73.0,0.9194823358140155,40.0,0.9999999999999997,41.0,0.8959816620038268,77.0,0.8712168833554336,9_0,9,0,lamp,98.8866500854,58.0340652466,7.64947450122,0,294.797655884,0.222339585423
UBFC_A1/Eval_On_COHFACE,COHFACE,old,COHFACE_s09_session0_lamp,13,71.0,81.0,large_error,71.0,0.9999999999999999,70.0,0.9790937464471001,72.0,0.9104067772417825,81.0,0.9999999999999997,80.0,0.9426952572281653,55.0,0.9408934626606213,9_0,9,0,lamp,98.8866500854,58.0340652466,7.64947450122,0,294.797655884,0.222339585423
UBFC_A1/Eval_On_COHFACE,COHFACE,old,COHFACE_s09_session0_lamp,14,71.0,69.0,correct,71.0,0.9999999999999999,70.0,0.9990538195386033,72.0,0.8933745901409459,69.0,0.9999999999999998,68.0,0.9926909973801477,70.0,0.8877940048481235,9_0,9,0,lamp,98.8866500854,58.0340652466,7.64947450122,0,294.797655884,0.222339585423
UBFC_A1/Eval_On_COHFACE,COHFACE,old,COHFACE_s09_session0_lamp,15,71.0,70.0,correct,71.0,0.9999999999999999,70.0,0.9571333244659328,72.0,0.9332134517543951,70.0,0.9999999999999999,69.0,0.9502851888221507,71.0,0.9269172547380531,9_0,9,0,lamp,98.8866500854,58.0340652466,7.64947450122,0,294.797655884,0.222339585423
UBFC_A1/Eval_On_COHFACE,COHFACE,old,COHFACE_s09_session0_lamp,16,72.0,72.0,correct,72.0,0.9999999999999999,71.0,0.9996607279732272,70.0,0.8808916653867532,72.0,0.9999999999999999,71.0,0.9882747870165135,82.0,0.933289720370264,9_0,9,0,lamp,98.8866500854,58.0340652466,7.64947450122,0,294.797655884,0.222339585423
UBFC_A1/Eval_On_COHFACE,COHFACE,old,COHFACE_s09_session0_lamp,17,72.0,75.0,correct,72.0,0.9999999999999999,71.0,0.9386232565116357,73.0,0.9350120910225705,75.0,0.9999999999999999,74.0,0.975845971443196,76.0,0.9726376883596597,9_0,9,0,lamp,98.8866500854,58.0340652466,7.64947450122,0,294.797655884,0.222339585423
UBFC_A1/Eval_On_COHFACE,COHFACE,old,COHFACE_s09_session0_lamp,18,72.0,77.0,large_error,72.0,0.9999999999999999,71.0,0.9601896123443759,73.0,0.915452651201585,77.0,0.9999999999999999,76.0,0.9908995739216561,78.0,0.9605096960804025,9_0,9,0,lamp,98.8866500854,58.0340652466,7.64947450122,0,294.797655884,0.222339585423
UBFC_A1/Eval_On_COHFACE,COHFACE,old,COHFACE_s09_session0_lamp,19,72.0,80.0,large_error,72.0,0.9999999999999999,71.0,0.9625773442965877,73.0,0.9185501666816964,80.0,0.9999999999999998,79.0,0.9841663986617193,81.0,0.9485238969173378,9_0,9,0,lamp,98.8866500854,58.0340652466,7.64947450122,0,294.797655884,0.222339585423
UBFC_A1/Eval_On_COHFACE,COHFACE,old,COHFACE_s09_session0_lamp,20,72.0,69.0,correct,72.0,0.9999999999999999,73.0,0.9532017925397481,71.0,0.9383673112414604,69.0,0.9999999999999999,68.0,0.9794726758581903,70.0,0.8767132695047897,9_0,9,0,lamp,98.8866500854,58.0340652466,7.64947450122,0,294.797655884,0.222339585423
UBFC_A1/Eval_On_COHFACE,COHFACE,old,COHFACE_s09_session0_lamp,21,72.0,81.0,large_error,72.0,0.9999999999999999,71.0,0.9721283453681603,73.0,0.9290426607364877,81.0,0.9999999999999999,82.0,0.9842295573380508,80.0,0.9097138564962249,9_0,9,0,lamp,98.8866500854,58.0340652466,7.64947450122,0,294.797655884,0.222339585423
UBFC_A1/Eval_On_COHFACE,COHFACE,old,COHFACE_s09_session0_lamp,22,72.0,82.0,large_error,72.0,0.9999999999999999,73.0,0.9488715803895665,71.0,0.938152983330698,82.0,0.9999999999999998,81.0,0.9618849042082431,83.0,0.9263854184941174,9_0,9,0,lamp,98.8866500854,58.0340652466,7.64947450122,0,294.797655884,0.222339585423
UBFC_A1/Eval_On_COHFACE,COHFACE,old,COHFACE_s09_session0_lamp,23,72.0,76.0,large_error,72.0,1.0,73.0,0.9958682825567217,71.0,0.8856607829581798,76.0,0.9999999999999998,59.0,0.9759627442640813,77.0,0.9538118060548357,9_0,9,0,lamp,98.8866500854,58.0340652466,7.64947450122,0,294.797655884,0.222339585423
UBFC_A1/Eval_On_COHFACE,COHFACE,old,COHFACE_s09_session0_lamp,24,73.0,77.0,large_error,73.0,1.0,72.0,0.9440511855428027,74.0,0.9375177210029533,77.0,0.9999999999999998,76.0,0.9699342120456996,78.0,0.9406480057704968,9_0,9,0,lamp,98.8866500854,58.0340652466,7.64947450122,0,294.797655884,0.222339585423
UBFC_A1/Eval_On_COHFACE,COHFACE,old,COHFACE_s09_session0_lamp,25,73.0,74.0,correct,73.0,1.0,74.0,0.9959176557259969,72.0,0.8998807266700144,74.0,0.9999999999999999,75.0,0.9984092980475804,76.0,0.9288221901857077,9_0,9,0,lamp,98.8866500854,58.0340652466,7.64947450122,0,294.797655884,0.222339585423
UBFC_A1/Eval_On_COHFACE,COHFACE,old,COHFACE_s09_session0_lamp,26,74.0,59.0,large_error,74.0,0.9999999999999999,73.0,0.9745305682630717,75.0,0.9202279376054264,59.0,0.9999999999999999,76.0,0.9890818564241135,75.0,0.9816361103582765,9_0,9,0,lamp,98.8866500854,58.0340652466,7.64947450122,0,294.797655884,0.222339585423
UBFC_A1/Eval_On_COHFACE,COHFACE,old,COHFACE_s09_session0_lamp,27,74.0,59.0,large_error,74.0,1.0,73.0,0.9862330059039797,75.0,0.9016371009926427,59.0,0.9999999999999999,60.0,0.9960906884033549,58.0,0.8985665310217846,9_0,9,0,lamp,98.8866500854,58.0340652466,7.64947450122,0,294.797655884,0.222339585423
UBFC_A1/Eval_On_COHFACE,COHFACE,old,COHFACE_s09_session0_lamp,28,74.0,74.0,correct,74.0,1.0,73.0,0.9706017314694598,75.0,0.9082792272809386,74.0,0.9999999999999998,75.0,0.9886502599483574,61.0,0.9540794615632129,9_0,9,0,lamp,98.8866500854,58.0340652466,7.64947450122,0,294.797655884,0.222339585423
UBFC_A1/Eval_On_COHFACE,COHFACE,old,COHFACE_s09_session0_lamp,29,74.0,61.99999999999999,large_error,74.0,1.0,73.0,0.9867157539915009,75.0,0.8962653648755363,61.99999999999999,0.9999999999999999,61.0,0.9969977457753396,63.0,0.888141749268751,9_0,9,0,lamp,98.8866500854,58.0340652466,7.64947450122,0,294.797655884,0.222339585423
UBFC_A1/Eval_On_COHFACE,COHFACE,old,COHFACE_s09_session0_lamp,30,74.0,73.0,correct,74.0,1.0,73.0,0.9766122901179253,75.0,0.9117786085583502,73.0,0.9999999999999998,72.0,0.9793591913242796,74.0,0.9099981347923207,9_0,9,0,lamp,98.8866500854,58.0340652466,7.64947450122,0,294.797655884,0.222339585423
UBFC_A1/Eval_On_COHFACE,COHFACE,old,COHFACE_s09_session0_lamp,31,73.0,69.0,large_error,73.0,1.0,74.0,0.9885598209908569,72.0,0.8986295769309056,69.0,0.9999999999999998,70.0,0.9933196575609394,68.0,0.9805011575481046,9_0,9,0,lamp,98.8866500854,58.0340652466,7.64947450122,0,294.797655884,0.222339585423
UBFC_A1/Eval_On_COHFACE,COHFACE,old,COHFACE_s09_session0_lamp,32,73.0,71.0,correct,73.0,1.0,74.0,0.9510784121402474,72.0,0.944159577322871,71.0,0.9999999999999998,72.0,0.981251938302855,70.0,0.9452230884212657,9_0,9,0,lamp,98.8866500854,58.0340652466,7.64947450122,0,294.797655884,0.222339585423
UBFC_A1/Eval_On_COHFACE,COHFACE,old,COHFACE_s09_session0_lamp,33,73.0,73.0,correct,73.0,1.0,72.0,0.9656360124105626,74.0,0.9161626212253183,73.0,0.9999999999999998,72.0,0.9459360240740072,74.0,0.936617997000851,9_0,9,0,lamp,98.8866500854,58.0340652466,7.64947450122,0,294.797655884,0.222339585423
UBFC_A1/Eval_On_COHFACE,COHFACE,old,COHFACE_s09_session0_lamp,34,73.0,73.0,correct,73.0,1.0,72.0,0.9670967258052341,74.0,0.9203013070654998,73.0,0.9999999999999998,74.0,0.9988087809160815,72.0,0.8874686007382353,9_0,9,0,lamp,98.8866500854,58.0340652466,7.64947450122,0,294.797655884,0.222339585423
UBFC_A1/Eval_On_COHFACE,COHFACE,old,COHFACE_s09_session0_lamp,35,73.0,75.0,correct,73.0,1.0,74.0,0.9774967280830383,72.0,0.9121751174678244,75.0,0.9999999999999999,74.0,0.9645278240981544,76.0,0.9220300907680088,9_0,9,0,lamp,98.8866500854,58.0340652466,7.64947450122,0,294.797655884,0.222339585423
UBFC_A1/Eval_On_COHFACE,COHFACE,old,COHFACE_s09_session0_lamp,36,74.0,77.0,correct,74.0,1.0,75.0,0.9547789203987918,73.0,0.9341898831766949,77.0,0.9999999999999998,78.0,0.9760045702570068,76.0,0.9407174266341416,9_0,9,0,lamp,98.8866500854,58.0340652466,7.64947450122,0,294.797655884,0.222339585423
UBFC_A1/Eval_On_COHFACE,COHFACE,old,COHFACE_s09_session0_lamp,37,74.0,77.0,correct,74.0,1.0,75.0,0.9552813221065409,73.0,0.9236933941926099,77.0,0.9999999999999998,76.0,0.9756878732430145,78.0,0.9681084164199095,9_0,9,0,lamp,98.8866500854,58.0340652466,7.64947450122,0,294.797655884,0.222339585423
UBFC_A1/Eval_On_COHFACE,COHFACE,old,COHFACE_s09_session0_lamp,38,74.0,42.0,sub_harmonic_half,74.0,1.0,73.0,0.9560764309315074,75.0,0.9225698909473279,42.0,0.9999999999999998,53.0,0.9939409227515407,43.0,0.9918610131510712,9_0,9,0,lamp,98.8866500854,58.0340652466,7.64947450122,0,294.797655884,0.222339585423
UBFC_A1/Eval_On_COHFACE,COHFACE,old,COHFACE_s09_session0_lamp,39,74.0,61.0,large_error,74.0,1.0,73.0,0.9785370052471506,75.0,0.9107744915038855,61.0,0.9999999999999998,61.99999999999999,0.9577056198781608,60.0,0.9213399289424665,9_0,9,0,lamp,98.8866500854,58.0340652466,7.64947450122,0,294.797655884,0.222339585423
UBFC_A1/Eval_On_COHFACE,COHFACE,old,COHFACE_s09_session0_lamp,40,74.0,60.0,large_error,74.0,1.0,73.0,0.9787227916176792,75.0,0.9085483295870047,60.0,0.9999999999999999,59.0,0.9506179966313705,61.0,0.9475306428195353,9_0,9,0,lamp,98.8866500854,58.0340652466,7.64947450122,0,294.797655884,0.222339585423
UBFC_A1/Eval_On_COHFACE,COHFACE,old,COHFACE_s09_session0_lamp,41,74.0,58.0,large_error,74.0,1.0,75.0,0.9714095418101008,73.0,0.9159370912169433,58.0,0.9999999999999998,57.0,0.9677365055487831,59.0,0.9639746070495441,9_0,9,0,lamp,98.8866500854,58.0340652466,7.64947450122,0,294.797655884,0.222339585423
UBFC_A1/Eval_On_COHFACE,COHFACE,old,COHFACE_s09_session0_lamp,42,74.0,76.0,correct,74.0,1.0,73.0,0.9479257443919293,75.0,0.9301863893229768,76.0,0.9999999999999999,75.0,0.9932470083666471,77.0,0.9368571251687281,9_0,9,0,lamp,98.8866500854,58.0340652466,7.64947450122,0,294.797655884,0.222339585423
UBFC_A1/Eval_On_COHFACE,COHFACE,old,COHFACE_s09_session0_lamp,43,74.0,74.0,correct,74.0,1.0,73.0,0.9512451934239958,75.0,0.9337918050006274,74.0,0.9999999999999999,75.0,0.986600658554587,73.0,0.9386915941191332,9_0,9,0,lamp,98.8866500854,58.0340652466,7.64947450122,0,294.797655884,0.222339585423
UBFC_A1/Eval_On_COHFACE,COHFACE,old,COHFACE_s09_session0_lamp,44,74.0,75.0,correct,74.0,1.0,73.0,0.952198955487361,75.0,0.9324551393273312,75.0,0.9999999999999999,76.0,0.967796543405195,74.0,0.9340972545521293,9_0,9,0,lamp,98.8866500854,58.0340652466,7.64947450122,0,294.797655884,0.222339585423
UBFC_A1/Eval_On_COHFACE,COHFACE,old,COHFACE_s09_session0_lamp,45,74.0,77.0,correct,74.0,1.0,75.0,0.9489850439281318,73.0,0.9464525054043614,77.0,0.9999999999999999,78.0,0.9967256404693844,76.0,0.9528351080192647,9_0,9,0,lamp,98.8866500854,58.0340652466,7.64947450122,0,294.797655884,0.222339585423
UBFC_A1/Eval_On_COHFACE,COHFACE,old,COHFACE_s09_session0_lamp,46,73.0,75.0,correct,73.0,1.0,74.0,0.9933127826990621,72.0,0.8998399578363558,75.0,0.9999999999999998,76.0,0.9879468682526555,74.0,0.9223449083518351,9_0,9,0,lamp,98.8866500854,58.0340652466,7.64947450122,0,294.797655884,0.222339585423
UBFC_A1/Eval_On_COHFACE,COHFACE,old,COHFACE_s09_session0_lamp,47,73.0,73.0,correct,73.0,1.0,72.0,0.9836421141296725,74.0,0.9054944676281699,73.0,0.9999999999999999,72.0,0.9564284813577908,74.0,0.9384622171478276,9_0,9,0,lamp,98.8866500854,58.0340652466,7.64947450122,0,294.797655884,0.222339585423
UBFC_A1/Eval_On_COHFACE,COHFACE,old,COHFACE_s09_session0_lamp,48,72.0,61.0,large_error,72.0,1.0,73.0,0.9521904729719124,71.0,0.9339054378468887,61.0,0.9999999999999998,73.0,0.9943383647794116,72.0,0.9803202616748362,9_0,9,0,lamp,98.8866500854,58.0340652466,7.64947450122,0,294.797655884,0.222339585423
UBFC_A1/Eval_On_COHFACE,COHFACE,old,COHFACE_s09_session0_lamp,49,72.0,70.0,correct,72.0,1.0,71.0,0.9435093300328194,73.0,0.9380320909390025,70.0,0.9999999999999998,71.0,0.9646197604812741,69.0,0.9327412457735225,9_0,9,0,lamp,98.8866500854,58.0340652466,7.64947450122,0,294.797655884,0.222339585423
UBFC_A1/Eval_On_COHFACE,COHFACE,old,COHFACE_s09_session0_lamp,50,71.0,70.0,correct,71.0,1.0,72.0,0.9711164685820999,70.0,0.9160718482689529,70.0,0.9999999999999997,69.0,0.9848936805335516,71.0,0.9045030433354602,9_0,9,0,lamp,98.8866500854,58.0340652466,7.64947450122,0,294.797655884,0.222339585423
UBFC_A1/Eval_On_COHFACE,COHFACE,old,COHFACE_s09_session1_lamp,0,73.0,81.0,large_error,73.0,0.9999999999999998,72.0,0.997895206093958,71.0,0.9264090690957122,81.0,0.9999999999999997,80.0,0.9309424794194956,82.0,0.9221093612154369,9_1,9,1,lamp,93.0397949219,57.0252189636,9.05799007109,0,329.569232004,0.20491759479
UBFC_A1/Eval_On_COHFACE,COHFACE,old,COHFACE_s09_session1_lamp,1,72.0,81.0,large_error,72.0,0.9999999999999999,71.0,0.9653712777935717,73.0,0.9262924774158435,81.0,0.9999999999999994,82.0,0.9525547391128171,80.0,0.8975259862563776,9_1,9,1,lamp,93.0397949219,57.0252189636,9.05799007109,0,329.569232004,0.20491759479
UBFC_A1/Eval_On_COHFACE,COHFACE,old,COHFACE_s09_session1_lamp,2,72.0,43.0,large_error,72.0,0.9999999999999999,71.0,0.9575445874052168,73.0,0.930339807776525,43.0,0.9999999999999997,67.0,0.9983374523864933,44.0,0.9729161893653487,9_1,9,1,lamp,93.0397949219,57.0252189636,9.05799007109,0,329.569232004,0.20491759479
UBFC_A1/Eval_On_COHFACE,COHFACE,old,COHFACE_s09_session1_lamp,3,73.0,55.0,large_error,73.0,0.9999999999999999,72.0,0.9992945422945693,71.0,0.8906541836983819,55.0,0.9999999999999994,40.0,0.9993244985287376,56.0,0.9338179908916495,9_1,9,1,lamp,93.0397949219,57.0252189636,9.05799007109,0,329.569232004,0.20491759479
UBFC_A1/Eval_On_COHFACE,COHFACE,old,COHFACE_s09_session1_lamp,4,74.0,74.0,correct,74.0,0.9999999999999998,73.0,0.9942862496333338,75.0,0.9168513472418748,74.0,0.9999999999999994,75.0,0.9955028619185988,76.0,0.9266170349696378,9_1,9,1,lamp,93.0397949219,57.0252189636,9.05799007109,0,329.569232004,0.20491759479
UBFC_A1/Eval_On_COHFACE,COHFACE,old,COHFACE_s09_session1_lamp,5,77.0,77.0,correct,77.0,0.9999999999999998,76.0,0.9899690100558288,75.0,0.9276415772279624,77.0,0.9999999999999998,78.0,0.9754177433136146,52.0,0.9297467651486242,9_1,9,1,lamp,93.0397949219,57.0252189636,9.05799007109,0,329.569232004,0.20491759479
UBFC_A1/Eval_On_COHFACE,COHFACE,old,COHFACE_s09_session1_lamp,6,70.0,80.0,large_error,70.0,0.9999999999999999,80.0,0.9639491224934922,69.0,0.9420957300394096,80.0,0.9999999999999997,81.0,0.9674231918900367,79.0,0.9307396434589256,9_1,9,1,lamp,93.0397949219,57.0252189636,9.05799007109,0,329.569232004,0.20491759479
UBFC_A1/Eval_On_COHFACE,COHFACE,old,COHFACE_s09_session1_lamp,7,80.0,82.0,correct,80.0,0.9999999999999998,81.0,0.9621196186905635,79.0,0.9043947306492909,82.0,0.9999999999999994,83.0,0.998266210338958,81.0,0.9457041707092776,9_1,9,1,lamp,93.0397949219,57.0252189636,9.05799007109,0,329.569232004,0.20491759479
UBFC_A1/Eval_On_COHFACE,COHFACE,old,COHFACE_s09_session1_lamp,8,69.0,44.0,large_error,69.0,0.9999999999999999,68.0,0.953722700311808,70.0,0.8954493990679263,44.0,0.9999999999999999,43.0,0.9550568389159205,45.0,0.9415738489705862,9_1,9,1,lamp,93.0397949219,57.0252189636,9.05799007109,0,329.569232004,0.20491759479
UBFC_A1/Eval_On_COHFACE,COHFACE,old,COHFACE_s09_session1_lamp,9,68.0,40.0,large_error,68.0,0.9999999999999998,67.0,0.9734873385462656,69.0,0.9071117099301463,40.0,0.9999999999999996,41.0,0.8866606405979381,80.0,0.725099681002118,9_1,9,1,lamp,93.0397949219,57.0252189636,9.05799007109,0,329.569232004,0.20491759479
UBFC_A1/Eval_On_COHFACE,COHFACE,old,COHFACE_s09_session1_lamp,10,68.0,60.0,large_error,68.0,0.9999999999999999,67.0,0.9927918462891999,69.0,0.9427028530369583,60.0,0.9999999999999997,59.0,0.9612079455231279,61.0,0.8959726027552499,9_1,9,1,lamp,93.0397949219,57.0252189636,9.05799007109,0,329.569232004,0.20491759479
UBFC_A1/Eval_On_COHFACE,COHFACE,old,COHFACE_s09_session1_lamp,11,71.0,76.0,large_error,71.0,0.9999999999999998,72.0,0.9723028244622042,70.0,0.9713507327502925,76.0,0.9999999999999998,75.0,0.9644079058529366,77.0,0.9174015952267105,9_1,9,1,lamp,93.0397949219,57.0252189636,9.05799007109,0,329.569232004,0.20491759479
UBFC_A1/Eval_On_COHFACE,COHFACE,old,COHFACE_s09_session1_lamp,12,71.0,64.0,large_error,71.0,0.9999999999999999,70.0,0.9465364480973605,72.0,0.9420938144515916,64.0,0.9999999999999996,65.0,0.9991053916663807,66.0,0.9093571169275684,9_1,9,1,lamp,93.0397949219,57.0252189636,9.05799007109,0,329.569232004,0.20491759479
UBFC_A1/Eval_On_COHFACE,COHFACE,old,COHFACE_s09_session1_lamp,13,71.0,66.0,large_error,71.0,0.9999999999999999,72.0,0.9550654413441843,70.0,0.9238154690515609,66.0,0.9999999999999996,65.0,0.9585753012096253,67.0,0.9527360208969003,9_1,9,1,lamp,93.0397949219,57.0252189636,9.05799007109,0,329.569232004,0.20491759479
UBFC_A1/Eval_On_COHFACE,COHFACE,old,COHFACE_s09_session1_lamp,14,72.0,68.0,large_error,72.0,0.9999999999999999,73.0,0.9478354848130027,71.0,0.9300510979636585,68.0,0.9999999999999998,67.0,0.9651681309595411,69.0,0.911352168630207,9_1,9,1,lamp,93.0397949219,57.0252189636,9.05799007109,0,329.569232004,0.20491759479
UBFC_A1/Eval_On_COHFACE,COHFACE,old,COHFACE_s09_session1_lamp,15,73.0,44.0,large_error,73.0,0.9999999999999999,72.0,0.9488930239120893,74.0,0.9444997493210315,44.0,0.9999999999999998,43.0,0.9969096010514771,45.0,0.9283560750381225,9_1,9,1,lamp,93.0397949219,57.0252189636,9.05799007109,0,329.569232004,0.20491759479
UBFC_A1/Eval_On_COHFACE,COHFACE,old,COHFACE_s09_session1_lamp,16,74.0,43.0,sub_harmonic_half,74.0,0.9999999999999999,73.0,0.9725193322353373,75.0,0.9229315074328481,43.0,0.9999999999999999,44.0,0.9715053957776211,42.0,0.9437670315465695,9_1,9,1,lamp,93.0397949219,57.0252189636,9.05799007109,0,329.569232004,0.20491759479
UBFC_A1/Eval_On_COHFACE,COHFACE,old,COHFACE_s09_session1_lamp,17,75.0,44.0,sub_harmonic_half,75.0,0.9999999999999999,74.0,0.9800936310950457,76.0,0.9112321478101412,44.0,0.9999999999999999,45.0,0.9981573311544188,43.0,0.9278459096195666,9_1,9,1,lamp,93.0397949219,57.0252189636,9.05799007109,0,329.569232004,0.20491759479
UBFC_A1/Eval_On_COHFACE,COHFACE,old,COHFACE_s09_session1_lamp,18,75.0,40.0,sub_harmonic_half,75.0,1.0,74.0,0.9549005980721071,76.0,0.9220763460446612,40.0,0.9999999999999997,41.0,0.8202480915756275,48.0,0.7911199574563162,9_1,9,1,lamp,93.0397949219,57.0252189636,9.05799007109,0,329.569232004,0.20491759479
UBFC_A1/Eval_On_COHFACE,COHFACE,old,COHFACE_s09_session1_lamp,19,75.0,52.0,large_error,75.0,1.0,74.0,0.9494258235267306,76.0,0.929205211873762,52.0,0.9999999999999994,53.0,0.9696433138546762,51.0,0.9119637582754843,9_1,9,1,lamp,93.0397949219,57.0252189636,9.05799007109,0,329.569232004,0.20491759479
UBFC_A1/Eval_On_COHFACE,COHFACE,old,COHFACE_s09_session1_lamp,20,75.0,51.0,large_error,75.0,0.9999999999999999,74.0,0.972746936232175,76.0,0.9121190141976464,51.0,0.9999999999999999,76.0,0.9899338483352759,50.0,0.9452794606801663,9_1,9,1,lamp,93.0397949219,57.0252189636,9.05799007109,0,329.569232004,0.20491759479
UBFC_A1/Eval_On_COHFACE,COHFACE,old,COHFACE_s09_session1_lamp,21,75.0,76.0,correct,75.0,0.9999999999999999,74.0,0.9694043256238658,76.0,0.9182520200690137,76.0,0.9999999999999997,77.0,0.9678885628048778,75.0,0.9473783687600603,9_1,9,1,lamp,93.0397949219,57.0252189636,9.05799007109,0,329.569232004,0.20491759479
UBFC_A1/Eval_On_COHFACE,COHFACE,old,COHFACE_s09_session1_lamp,22,75.0,75.0,correct,75.0,0.9999999999999999,76.0,0.9505128797513903,74.0,0.9405127488376526,75.0,0.9999999999999999,76.0,0.9566172236164342,74.0,0.9218872907858218,9_1,9,1,lamp,93.0397949219,57.0252189636,9.05799007109,0,329.569232004,0.20491759479
UBFC_A1/Eval_On_COHFACE,COHFACE,old,COHFACE_s09_session1_lamp,23,75.0,75.0,correct,75.0,0.9999999999999999,76.0,0.9654823279639159,74.0,0.9169530077714504,75.0,0.9999999999999998,74.0,0.9643158347094934,76.0,0.9052421675005032,9_1,9,1,lamp,93.0397949219,57.0252189636,9.05799007109,0,329.569232004,0.20491759479
UBFC_A1/Eval_On_COHFACE,COHFACE,old,COHFACE_s09_session1_lamp,24,75.0,76.0,correct,75.0,1.0,76.0,0.9793270549866537,74.0,0.8966269056504109,76.0,0.9999999999999998,75.0,0.964823128695288,77.0,0.9376486801397619,9_1,9,1,lamp,93.0397949219,57.0252189636,9.05799007109,0,329.569232004,0.20491759479
UBFC_A1/Eval_On_COHFACE,COHFACE,old,COHFACE_s09_session1_lamp,25,76.0,75.0,correct,76.0,1.0,75.0,0.9764992733185934,77.0,0.9058775547319987,75.0,0.9999999999999997,76.0,0.9776106934157488,74.0,0.9245661146706566,9_1,9,1,lamp,93.0397949219,57.0252189636,9.05799007109,0,329.569232004,0.20491759479
UBFC_A1/Eval_On_COHFACE,COHFACE,old,COHFACE_s09_session1_lamp,26,76.0,74.0,correct,76.0,1.0,75.0,0.9698965386864913,77.0,0.919750936397644,74.0,0.9999999999999998,73.0,0.9730004250110402,75.0,0.9376875991050978,9_1,9,1,lamp,93.0397949219,57.0252189636,9.05799007109,0,329.569232004,0.20491759479
UBFC_A1/Eval_On_COHFACE,COHFACE,old,COHFACE_s09_session1_lamp,27,75.0,74.0,correct,75.0,1.0,76.0,0.9806112928438658,74.0,0.9124023331177024,74.0,0.9999999999999998,73.0,0.9992176735454827,75.0,0.8895793524278782,9_1,9,1,lamp,93.0397949219,57.0252189636,9.05799007109,0,329.569232004,0.20491759479
UBFC_A1/Eval_On_COHFACE,COHFACE,old,COHFACE_s09_session1_lamp,28,75.0,73.0,correct,75.0,1.0,74.0,0.9927660708711997,76.0,0.9020872715029068,73.0,0.9999999999999999,74.0,0.9423762657644341,72.0,0.9341198315090226,9_1,9,1,lamp,93.0397949219,57.0252189636,9.05799007109,0,329.569232004,0.20491759479
UBFC_A1/Eval_On_COHFACE,COHFACE,old,COHFACE_s09_session1_lamp,29,73.0,73.0,correct,73.0,1.0,74.0,0.9962404184016209,72.0,0.8924836970881816,73.0,0.9999999999999999,74.0,0.9401385279247265,72.0,0.928919430484049,9_1,9,1,lamp,93.0397949219,57.0252189636,9.05799007109,0,329.569232004,0.20491759479
UBFC_A1/Eval_On_COHFACE,COHFACE,old,COHFACE_s09_session1_lamp,30,73.0,74.0,correct,73.0,1.0,72.0,0.9557589183916347,74.0,0.9343350256931168,74.0,0.9999999999999999,73.0,0.9701796776951271,75.0,0.9377889493842468,9_1,9,1,lamp,93.0397949219,57.0252189636,9.05799007109,0,329.569232004,0.20491759479
UBFC_A1/Eval_On_COHFACE,COHFACE,old,COHFACE_s09_session1_lamp,31,73.0,72.0,correct,73.0,1.0,72.0,0.9979779319532049,74.0,0.8941076509638879,72.0,0.9999999999999998,73.0,0.9981110436631927,71.0,0.9345991767981594,9_1,9,1,lamp,93.0397949219,57.0252189636,9.05799007109,0,329.569232004,0.20491759479
UBFC_A1/Eval_On_COHFACE,COHFACE,old,COHFACE_s09_session1_lamp,32,72.0,74.0,correct,72.0,1.0,73.0,0.950516644600115,71.0,0.9412409151926051,74.0,0.9999999999999999,75.0,0.9910293535164131,73.0,0.9428040498014841,9_1,9,1,lamp,93.0397949219,57.0252189636,9.05799007109,0,329.569232004,0.20491759479
UBFC_A1/Eval_On_COHFACE,COHFACE,old,COHFACE_s09_session1_lamp,33,72.0,79.0,large_error,72.0,1.0,71.0,0.986123658117566,73.0,0.9019910017467422,79.0,0.9999999999999997,68.0,0.9986731837719441,80.0,0.9933903753212675,9_1,9,1,lamp,93.0397949219,57.0252189636,9.05799007109,0,329.569232004,0.20491759479
UBFC_A1/Eval_On_COHFACE,COHFACE,old,COHFACE_s09_session1_lamp,34,71.0,69.0,correct,71.0,1.0,70.0,0.9475968325569684,72.0,0.9331918288458448,69.0,0.9999999999999998,68.0,0.9640811909095527,70.0,0.9143124374610831,9_1,9,1,lamp,93.0397949219,57.0252189636,9.05799007109,0,329.569232004,0.20491759479
UBFC_A1/Eval_On_COHFACE,COHFACE,old,COHFACE_s09_session1_lamp,35,70.0,68.0,correct,70.0,1.0,71.0,0.9658382805108742,69.0,0.9132059360728058,68.0,0.9999999999999998,69.0,0.9506270753245937,67.0,0.8951759367175972,9_1,9,1,lamp,93.0397949219,57.0252189636,9.05799007109,0,329.569232004,0.20491759479
UBFC_A1/Eval_On_COHFACE,COHFACE,old,COHFACE_s09_session1_lamp,36,70.0,40.0,sub_harmonic_half,70.0,1.0,71.0,0.9744975311653539,69.0,0.9098669543653741,40.0,0.9999999999999998,41.0,0.8107700756141957,79.0,0.7097050148255042,9_1,9,1,lamp,93.0397949219,57.0252189636,9.05799007109,0,329.569232004,0.20491759479
UBFC_A1/Eval_On_COHFACE,COHFACE,old,COHFACE_s09_session1_lamp,37,70.0,74.0,large_error,70.0,1.0,71.0,0.9740996966741794,69.0,0.9131812811590494,74.0,0.9999999999999998,73.0,0.983820814649361,75.0,0.9262659064425826,9_1,9,1,lamp,93.0397949219,57.0252189636,9.05799007109,0,329.569232004,0.20491759479
UBFC_A1/Eval_On_COHFACE,COHFACE,old,COHFACE_s09_session1_lamp,38,70.0,44.0,large_error,70.0,1.0,71.0,0.9907454042483825,69.0,0.9001851910777164,44.0,0.9999999999999999,43.0,0.9560453758381271,45.0,0.9280016735067484,9_1,9,1,lamp,93.0397949219,57.0252189636,9.05799007109,0,329.569232004,0.20491759479
UBFC_A1/Eval_On_COHFACE,COHFACE,old,COHFACE_s09_session1_lamp,39,71.0,70.0,correct,71.0,1.0,70.0,0.9736514084014684,72.0,0.9130332443819572,70.0,0.9999999999999998,71.0,0.9715274592865354,69.0,0.9345791130296628,9_1,9,1,lamp,93.0397949219,57.0252189636,9.05799007109,0,329.569232004,0.20491759479
UBFC_A1/Eval_On_COHFACE,COHFACE,old,COHFACE_s09_session1_lamp,40,71.0,71.0,correct,71.0,1.0,72.0,0.9599861085941441,70.0,0.925620447057452,71.0,0.9999999999999999,70.0,0.9651900993893165,72.0,0.9173949168592119,9_1,9,1,lamp,93.0397949219,57.0252189636,9.05799007109,0,329.569232004,0.20491759479
UBFC_A1/Eval_On_COHFACE,COHFACE,old,COHFACE_s09_session1_lamp,41,72.0,46.0,large_error,72.0,1.0,73.0,0.9873679515292205,71.0,0.8991171504473642,46.0,0.9999999999999999,45.0,0.9819136884614132,47.0,0.9306139223899705,9_1,9,1,lamp,93.0397949219,57.0252189636,9.05799007109,0,329.569232004,0.20491759479
UBFC_A1/Eval_On_COHFACE,COHFACE,old,COHFACE_s09_session1_lamp,42,73.0,73.0,correct,73.0,1.0,74.0,0.9567103288166211,72.0,0.9288763051333242,73.0,0.9999999999999999,72.0,0.9783212993731476,74.0,0.9012869025112563,9_1,9,1,lamp,93.0397949219,57.0252189636,9.05799007109,0,329.569232004,0.20491759479
UBFC_A1/Eval_On_COHFACE,COHFACE,old,COHFACE_s09_session1_lamp,43,73.0,73.0,correct,73.0,1.0,74.0,0.9514328020869486,72.0,0.9365509056997418,73.0,0.9999999999999998,74.0,0.9867454444817496,72.0,0.906206345625323,9_1,9,1,lamp,93.0397949219,57.0252189636,9.05799007109,0,329.569232004,0.20491759479
UBFC_A1/Eval_On_COHFACE,COHFACE,old,COHFACE_s09_session1_lamp,44,73.0,75.0,correct,73.0,1.0,72.0,0.9816177868326535,74.0,0.9038427312347874,75.0,0.9999999999999999,74.0,0.9690109394925438,76.0,0.9145224660589595,9_1,9,1,lamp,93.0397949219,57.0252189636,9.05799007109,0,329.569232004,0.20491759479
UBFC_A1/Eval_On_COHFACE,COHFACE,old,COHFACE_s09_session1_lamp,45,72.0,74.0,correct,72.0,1.0,71.0,0.9699573874489004,73.0,0.9175338656223195,74.0,0.9999999999999999,75.0,0.9692012528311047,73.0,0.9396107944688621,9_1,9,1,lamp,93.0397949219,57.0252189636,9.05799007109,0,329.569232004,0.20491759479
UBFC_A1/Eval_On_COHFACE,COHFACE,old,COHFACE_s09_session1_lamp,46,71.0,75.0,large_error,71.0,1.0,72.0,0.9680189456258396,70.0,0.9212841429509334,75.0,0.9999999999999999,76.0,0.9731747842878028,74.0,0.9401233017177535,9_1,9,1,lamp,93.0397949219,57.0252189636,9.05799007109,0,329.569232004,0.20491759479
UBFC_A1/Eval_On_COHFACE,COHFACE,old,COHFACE_s09_session1_lamp,47,71.0,45.0,large_error,71.0,1.0,72.0,0.9485989731357057,70.0,0.9404048738387915,45.0,0.9999999999999998,44.0,0.9667826248632357,46.0,0.9367466175845355,9_1,9,1,lamp,93.0397949219,57.0252189636,9.05799007109,0,329.569232004,0.20491759479
UBFC_A1/Eval_On_COHFACE,COHFACE,old,COHFACE_s09_session1_lamp,48,71.0,70.0,correct,71.0,1.0,72.0,0.9623073925225972,70.0,0.9274317863931109,70.0,0.9999999999999999,69.0,0.9894108156185255,71.0,0.8954082092538083,9_1,9,1,lamp,93.0397949219,57.0252189636,9.05799007109,0,329.569232004,0.20491759479
UBFC_A1/Eval_On_COHFACE,COHFACE,old,COHFACE_s09_session1_lamp,49,72.0,71.0,correct,72.0,1.0,73.0,0.9786457950138701,71.0,0.9107585910238298,71.0,0.9999999999999998,70.0,0.9972481013513647,69.0,0.8918210153577755,9_1,9,1,lamp,93.0397949219,57.0252189636,9.05799007109,0,329.569232004,0.20491759479
UBFC_A1/Eval_On_COHFACE,COHFACE,old,COHFACE_s09_session1_lamp,50,74.0,71.0,correct,74.0,1.0,73.0,0.9509150290781415,75.0,0.945028356683165,71.0,0.9999999999999997,70.0,0.9479974315920336,72.0,0.9453507674001351,9_1,9,1,lamp,93.0397949219,57.0252189636,9.05799007109,0,329.569232004,0.20491759479
UBFC_A1/Eval_On_COHFACE,COHFACE,old,COHFACE_s09_session2_natural,0,75.0,81.0,large_error,75.0,0.9999999999999998,74.0,0.9797448077106201,76.0,0.8995476515429115,81.0,0.9999999999999998,82.0,0.9638386289433202,80.0,0.9519548300740162,9_2,9,2,natural,82.8581466675,59.0410995483,17.1545251623,0,426.098068913,0.20604903996
UBFC_A1/Eval_On_COHFACE,COHFACE,old,COHFACE_s09_session2_natural,1,77.0,81.0,large_error,77.0,0.9999999999999998,76.0,0.9478575674478344,78.0,0.9337726750985769,81.0,0.9999999999999997,80.0,0.9921633105132258,82.0,0.9236023121277155,9_2,9,2,natural,82.8581466675,59.0410995483,17.1545251623,0,426.098068913,0.20604903996
UBFC_A1/Eval_On_COHFACE,COHFACE,old,COHFACE_s09_session2_natural,2,77.0,78.0,correct,77.0,0.9999999999999998,76.0,0.9726890163803612,78.0,0.9190005977693365,78.0,0.9999999999999998,77.0,0.9881081178069294,79.0,0.9060201710219674,9_2,9,2,natural,82.8581466675,59.0410995483,17.1545251623,0,426.098068913,0.20604903996
UBFC_A1/Eval_On_COHFACE,COHFACE,old,COHFACE_s09_session2_natural,3,76.0,80.0,large_error,76.0,0.9999999999999998,77.0,0.957655819460397,75.0,0.9285370892822689,80.0,0.9999999999999998,79.0,0.9669554389361079,81.0,0.8944062291481553,9_2,9,2,natural,82.8581466675,59.0410995483,17.1545251623,0,426.098068913,0.20604903996
UBFC_A1/Eval_On_COHFACE,COHFACE,old,COHFACE_s09_session2_natural,4,74.0,79.0,large_error,74.0,0.9999999999999999,75.0,0.983383877371642,73.0,0.9216934291760319,79.0,0.9999999999999997,91.0,0.9713899059641217,80.0,0.9647976936615458,9_2,9,2,natural,82.8581466675,59.0410995483,17.1545251623,0,426.098068913,0.20604903996
UBFC_A1/Eval_On_COHFACE,COHFACE,old,COHFACE_s09_session2_natural,5,72.0,42.0,sub_harmonic_half,72.0,0.9999999999999998,73.0,0.9832240460200633,71.0,0.9282584494800353,42.0,0.9999999999999997,76.0,0.9781068890513499,61.99999999999999,0.9761911826377815,9_2,9,2,natural,82.8581466675,59.0410995483,17.1545251623,0,426.098068913,0.20604903996
UBFC_A1/Eval_On_COHFACE,COHFACE,old,COHFACE_s09_session2_natural,6,71.0,66.0,large_error,71.0,0.9999999999999999,70.0,0.9457036536067809,72.0,0.9425587791178192,66.0,0.9999999999999998,65.0,0.9828255780621971,67.0,0.9324195993063046,9_2,9,2,natural,82.8581466675,59.0410995483,17.1545251623,0,426.098068913,0.20604903996
UBFC_A1/Eval_On_COHFACE,COHFACE,old,COHFACE_s09_session2_natural,7,70.0,67.0,correct,70.0,0.9999999999999999,71.0,0.9850312645351952,69.0,0.9052549032833993,67.0,0.9999999999999998,68.0,0.9675354698886113,66.0,0.9367507076003845,9_2,9,2,natural,82.8581466675,59.0410995483,17.1545251623,0,426.098068913,0.20604903996
UBFC_A1/Eval_On_COHFACE,COHFACE,old,COHFACE_s09_session2_natural,8,71.0,67.0,large_error,71.0,0.9999999999999999,70.0,0.9665861789847532,72.0,0.9214633015061067,67.0,0.9999999999999998,68.0,0.9769903241447947,66.0,0.9038757799947712,9_2,9,2,natural,82.8581466675,59.0410995483,17.1545251623,0,426.098068913,0.20604903996
UBFC_A1/Eval_On_COHFACE,COHFACE,old,COHFACE_s09_session2_natural,9,72.0,77.0,large_error,72.0,0.9999999999999999,73.0,0.949387969339612,71.0,0.9320209261414287,77.0,0.9999999999999998,76.0,0.9997864540231785,75.0,0.9740797663004704,9_2,9,2,natural,82.8581466675,59.0410995483,17.1545251623,0,426.098068913,0.20604903996
UBFC_A1/Eval_On_COHFACE,COHFACE,old,COHFACE_s09_session2_natural,10,73.0,75.0,correct,73.0,0.9999999999999999,72.0,0.9718514612164596,74.0,0.9151146513038111,75.0,0.9999999999999998,74.0,0.9679745773592603,76.0,0.9646705108469056,9_2,9,2,natural,82.8581466675,59.0410995483,17.1545251623,0,426.098068913,0.20604903996
UBFC_A1/Eval_On_COHFACE,COHFACE,old,COHFACE_s09_session2_natural,11,73.0,75.0,correct,73.0,0.9999999999999999,74.0,0.9754998924308097,72.0,0.9072770456127555,75.0,1.0,76.0,0.9616648588366926,74.0,0.9398667245788392,9_2,9,2,natural,82.8581466675,59.0410995483,17.1545251623,0,426.098068913,0.20604903996
UBFC_A1/Eval_On_COHFACE,COHFACE,old,COHFACE_s09_session2_natural,12,74.0,75.0,correct,74.0,1.0,73.0,0.9497841425879897,75.0,0.9374474628893512,75.0,1.0,76.0,0.9946063665292298,74.0,0.9114595505532133,9_2,9,2,natural,82.8581466675,59.0410995483,17.1545251623,0,426.098068913,0.20604903996
UBFC_A1/Eval_On_COHFACE,COHFACE,old,COHFACE_s09_session2_natural,13,75.0,76.0,correct,75.0,1.0,74.0,0.9859980479750041,76.0,0.8986015909604754,76.0,1.0,75.0,0.9726205110581705,77.0,0.9193333951440927,9_2,9,2,natural,82.8581466675,59.0410995483,17.1545251623,0,426.098068913,0.20604903996
UBFC_A1/Eval_On_COHFACE,COHFACE,old,COHFACE_s09_session2_natural,14,75.0,75.0,correct,75.0,1.0,74.0,0.9741270462464088,76.0,0.911414973943464,75.0,0.9999999999999999,76.0,0.9992042266123115,74.0,0.9127350889676403,9_2,9,2,natural,82.8581466675,59.0410995483,17.1545251623,0,426.098068913,0.20604903996
UBFC_A1/Eval_On_COHFACE,COHFACE,old,COHFACE_s09_session2_natural,15,74.0,74.0,correct,74.0,1.0,75.0,0.9661631058562219,73.0,0.9264477356562336,74.0,0.9999999999999999,75.0,0.9901836980267836,73.0,0.938351343726958,9_2,9,2,natural,82.8581466675,59.0410995483,17.1545251623,0,426.098068913,0.20604903996
UBFC_A1/Eval_On_COHFACE,COHFACE,old,COHFACE_s09_session2_natural,16,73.0,72.0,correct,73.0,1.0,74.0,0.9726723716347881,72.0,0.9143154087890969,72.0,0.9999999999999998,73.0,0.9775669752552862,71.0,0.8876940987137238,9_2,9,2,natural,82.8581466675,59.0410995483,17.1545251623,0,426.098068913,0.20604903996
UBFC_A1/Eval_On_COHFACE,COHFACE,old,COHFACE_s09_session2_natural,17,73.0,73.0,correct,73.0,1.0,72.0,0.9802896590859989,74.0,0.9120346445651508,73.0,0.9999999999999999,72.0,0.9763600097969578,83.0,0.8922096885450522,9_2,9,2,natural,82.8581466675,59.0410995483,17.1545251623,0,426.098068913,0.20604903996
UBFC_A1/Eval_On_COHFACE,COHFACE,old,COHFACE_s09_session2_natural,18,72.0,73.0,correct,72.0,1.0,73.0,0.9609962129128746,71.0,0.9229898691508845,73.0,0.9999999999999999,72.0,0.9443716156188301,74.0,0.9392314416603372,9_2,9,2,natural,82.8581466675,59.0410995483,17.1545251623,0,426.098068913,0.20604903996
UBFC_A1/Eval_On_COHFACE,COHFACE,old,COHFACE_s09_session2_natural,19,71.0,72.0,correct,71.0,1.0,72.0,0.9839471938496401,70.0,0.9097852043318294,72.0,0.9999999999999998,73.0,0.96574099340443,71.0,0.929226227900269,9_2,9,2,natural,82.8581466675,59.0410995483,17.1545251623,0,426.098068913,0.20604903996
UBFC_A1/Eval_On_COHFACE,COHFACE,old,COHFACE_s09_session2_natural,20,71.0,73.0,correct,71.0,1.0,70.0,0.9868905377341308,72.0,0.9064683022847293,73.0,0.9999999999999999,74.0,0.9972959620295235,72.0,0.9476761833237997,9_2,9,2,natural,82.8581466675,59.0410995483,17.1545251623,0,426.098068913,0.20604903996
UBFC_A1/Eval_On_COHFACE,COHFACE,old,COHFACE_s09_session2_natural,21,70.0,71.0,correct,70.0,1.0,71.0,0.9855041416592488,69.0,0.9124292001945964,71.0,0.9999999999999999,70.0,0.9980143636167131,72.0,0.9478335489009081,9_2,9,2,natural,82.8581466675,59.0410995483,17.1545251623,0,426.098068913,0.20604903996
UBFC_A1/Eval_On_COHFACE,COHFACE,old,COHFACE_s09_session2_natural,22,70.0,71.0,correct,70.0,1.0,71.0,0.9588146610765202,69.0,0.9342750154580881,71.0,0.9999999999999999,72.0,0.9749474715186364,70.0,0.9398874283857982,9_2,9,2,natural,82.8581466675,59.0410995483,17.1545251623,0,426.098068913,0.20604903996
UBFC_A1/Eval_On_COHFACE,COHFACE,old,COHFACE_s09_session2_natural,23,70.0,69.0,correct,70.0,1.0,71.0,0.9869049773380009,69.0,0.9054998000152086,69.0,0.9999999999999998,70.0,0.9703549125214188,68.0,0.900071115719323,9_2,9,2,natural,82.8581466675,59.0410995483,17.1545251623,0,426.098068913,0.20604903996
UBFC_A1/Eval_On_COHFACE,COHFACE,old,COHFACE_s09_session2_natural,24,70.0,69.0,correct,70.0,1.0,71.0,0.9706030367627524,69.0,0.90653386478597,69.0,0.9999999999999999,70.0,0.9959767040457885,68.0,0.8964266165501689,9_2,9,2,natural,82.8581466675,59.0410995483,17.1545251623,0,426.098068913,0.20604903996
UBFC_A1/Eval_On_COHFACE,COHFACE,old,COHFACE_s09_session2_natural,25,70.0,70.0,correct,70.0,1.0,69.0,0.9523397227030312,71.0,0.9173898169369011,70.0,0.9999999999999999,69.0,0.9521674955624785,71.0,0.9413112537315643,9_2,9,2,natural,82.8581466675,59.0410995483,17.1545251623,0,426.098068913,0.20604903996
UBFC_A1/Eval_On_COHFACE,COHFACE,old,COHFACE_s09_session2_natural,26,70.0,70.0,correct,70.0,1.0,69.0,0.9686896375084568,71.0,0.9154902076869718,70.0,0.9999999999999998,71.0,0.9805273037593722,69.0,0.9572145830069761,9_2,9,2,natural,82.8581466675,59.0410995483,17.1545251623,0,426.098068913,0.20604903996
UBFC_A1/Eval_On_COHFACE,COHFACE,old,COHFACE_s09_session2_natural,27,69.0,67.0,correct,69.0,1.0,70.0,0.9981826225741236,68.0,0.8915305808866868,67.0,0.9999999999999999,66.0,0.9598807005590485,68.0,0.9337504227021096,9_2,9,2,natural,82.8581466675,59.0410995483,17.1545251623,0,426.098068913,0.20604903996
UBFC_A1/Eval_On_COHFACE,COHFACE,old,COHFACE_s09_session2_natural,28,69.0,67.0,correct,69.0,1.0,70.0,0.9610408294744777,68.0,0.925115497106534,67.0,0.9999999999999998,66.0,0.9745603179037194,68.0,0.9249939460565618,9_2,9,2,natural,82.8581466675,59.0410995483,17.1545251623,0,426.098068913,0.20604903996
UBFC_A1/Eval_On_COHFACE,COHFACE,old,COHFACE_s09_session2_natural,29,69.0,67.0,correct,69.0,1.0,68.0,0.980139449417094,70.0,0.9070340264607935,67.0,0.9999999999999998,68.0,0.986511481783808,66.0,0.8873212843655509,9_2,9,2,natural,82.8581466675,59.0410995483,17.1545251623,0,426.098068913,0.20604903996
UBFC_A1/Eval_On_COHFACE,COHFACE,old,COHFACE_s09_session2_natural,30,68.0,67.0,correct,68.0,1.0,69.0,0.9971181611433405,67.0,0.8927455591866585,67.0,0.9999999999999998,68.0,0.99207568204021,80.0,0.9651229340633263,9_2,9,2,natural,82.8581466675,59.0410995483,17.1545251623,0,426.098068913,0.20604903996
UBFC_A1/Eval_On_COHFACE,COHFACE,old,COHFACE_s09_session2_natural,31,69.0,81.0,large_error,69.0,1.0,68.0,0.9567141103640545,70.0,0.9230643309514831,81.0,0.9999999999999998,82.0,0.9862849523889133,80.0,0.9244299415122151,9_2,9,2,natural,82.8581466675,59.0410995483,17.1545251623,0,426.098068913,0.20604903996
UBFC_A1/Eval_On_COHFACE,COHFACE,old,COHFACE_s09_session2_natural,32,69.0,43.0,large_error,69.0,1.0,70.0,0.9445381653049275,68.0,0.9368529578206157,43.0,0.9999999999999998,42.0,0.9722597420571002,76.0,0.9394695810642287,9_2,9,2,natural,82.8581466675,59.0410995483,17.1545251623,0,426.098068913,0.20604903996
UBFC_A1/Eval_On_COHFACE,COHFACE,old,COHFACE_s09_session2_natural,33,69.0,40.0,sub_harmonic_half,69.0,1.0,68.0,0.9835159854963239,70.0,0.9063316839776577,40.0,0.9999999999999997,41.0,0.8913945916538512,42.0,0.6882911299817622,9_2,9,2,natural,82.8581466675,59.0410995483,17.1545251623,0,426.098068913,0.20604903996
UBFC_A1/Eval_On_COHFACE,COHFACE,old,COHFACE_s09_session2_natural,34,68.0,68.0,correct,68.0,1.0,69.0,0.9729078936108454,67.0,0.9185197058550025,68.0,0.9999999999999997,40.0,0.9729752466877193,67.0,0.9524699003405867,9_2,9,2,natural,82.8581466675,59.0410995483,17.1545251623,0,426.098068913,0.20604903996
UBFC_A1/Eval_On_COHFACE,COHFACE,old,COHFACE_s09_session2_natural,35,68.0,41.0,large_error,68.0,1.0,69.0,0.9759501432582651,67.0,0.9144907963125294,41.0,0.9999999999999998,40.0,0.9366779632426198,42.0,0.9082606309568152,9_2,9,2,natural,82.8581466675,59.0410995483,17.1545251623,0,426.098068913,0.20604903996
UBFC_A1/Eval_On_COHFACE,COHFACE,old,COHFACE_s09_session2_natural,36,68.0,40.0,large_error,68.0,1.0,69.0,0.9780985129342794,67.0,0.912200223711468,40.0,0.9999999999999997,41.0,0.9176377429189495,42.0,0.7503249517116225,9_2,9,2,natural,82.8581466675,59.0410995483,17.1545251623,0,426.098068913,0.20604903996
UBFC_A1/Eval_On_COHFACE,COHFACE,old,COHFACE_s09_session2_natural,37,68.0,43.0,large_error,68.0,1.0,69.0,0.9812800656544196,67.0,0.9095676032447393,43.0,0.9999999999999998,42.0,0.9783146872680701,44.0,0.9557971823444221,9_2,9,2,natural,82.8581466675,59.0410995483,17.1545251623,0,426.098068913,0.20604903996
UBFC_A1/Eval_On_COHFACE,COHFACE,old,COHFACE_s09_session2_natural,38,69.0,43.0,large_error,69.0,1.0,68.0,0.9973649242065183,70.0,0.8890723140807572,43.0,0.9999999999999998,44.0,0.952794050371131,42.0,0.941244739142199,9_2,9,2,natural,82.8581466675,59.0410995483,17.1545251623,0,426.098068913,0.20604903996
UBFC_A1/Eval_On_COHFACE,COHFACE,old,COHFACE_s09_session2_natural,39,69.0,40.0,sub_harmonic_half,69.0,1.0,68.0,0.9470482661661928,70.0,0.9362870621455149,40.0,0.9999999999999997,41.0,0.9070638138487187,80.0,0.8955247162699697,9_2,9,2,natural,82.8581466675,59.0410995483,17.1545251623,0,426.098068913,0.20604903996
UBFC_A1/Eval_On_COHFACE,COHFACE,old,COHFACE_s09_session2_natural,40,69.0,80.0,large_error,69.0,1.0,70.0,0.9528840707681856,68.0,0.931803732897054,80.0,0.9999999999999998,81.0,0.9970937548627232,79.0,0.8630217025416063,9_2,9,2,natural,82.8581466675,59.0410995483,17.1545251623,0,426.098068913,0.20604903996
UBFC_A1/Eval_On_COHFACE,COHFACE,old,COHFACE_s09_session2_natural,41,69.0,67.0,correct,69.0,1.0,70.0,0.9456297809626393,68.0,0.9446095755238598,67.0,0.9999999999999999,66.0,0.987496636134103,68.0,0.9131882388030937,9_2,9,2,natural,82.8581466675,59.0410995483,17.1545251623,0,426.098068913,0.20604903996
UBFC_A1/Eval_On_COHFACE,COHFACE,old,COHFACE_s09_session2_natural,42,69.0,66.0,correct,69.0,1.0,70.0,0.949498452956873,68.0,0.9373876335306934,66.0,0.9999999999999997,65.0,0.992896816343308,67.0,0.9035745090385293,9_2,9,2,natural,82.8581466675,59.0410995483,17.1545251623,0,426.098068913,0.20604903996
UBFC_A1/Eval_On_COHFACE,COHFACE,old,COHFACE_s09_session2_natural,43,70.0,68.0,correct,70.0,1.0,69.0,0.9753226592243428,71.0,0.9145797131487956,68.0,0.9999999999999996,67.0,0.9837646627935149,84.0,0.9439004519321874,9_2,9,2,natural,82.8581466675,59.0410995483,17.1545251623,0,426.098068913,0.20604903996
UBFC_A1/Eval_On_COHFACE,COHFACE,old,COHFACE_s09_session2_natural,44,70.0,53.0,large_error,70.0,1.0,71.0,0.995150614904629,69.0,0.8953902549021733,53.0,0.9999999999999998,54.0,0.9942702395246729,83.0,0.9677450432261008,9_2,9,2,natural,82.8581466675,59.0410995483,17.1545251623,0,426.098068913,0.20604903996
UBFC_A1/Eval_On_COHFACE,COHFACE,old,COHFACE_s09_session2_natural,45,71.0,72.0,correct,71.0,1.0,70.0,0.9578724909514836,72.0,0.9264128495215832,72.0,0.9999999999999998,71.0,0.9304728302973976,73.0,0.9091089343803175,9_2,9,2,natural,82.8581466675,59.0410995483,17.1545251623,0,426.098068913,0.20604903996
UBFC_A1/Eval_On_COHFACE,COHFACE,old,COHFACE_s09_session2_natural,46,70.0,60.0,large_error,70.0,1.0,71.0,0.9897347139528415,69.0,0.8953888283717651,60.0,0.9999999999999999,59.0,0.9873248077399182,72.0,0.9734039075752311,9_2,9,2,natural,82.8581466675,59.0410995483,17.1545251623,0,426.098068913,0.20604903996
UBFC_A1/Eval_On_COHFACE,COHFACE,old,COHFACE_s09_session2_natural,47,69.0,74.0,large_error,69.0,0.9999999999999999,70.0,0.9654679928786366,68.0,0.9204110276556682,74.0,0.9999999999999998,75.0,0.9930693153283742,73.0,0.9557758587488725,9_2,9,2,natural,82.8581466675,59.0410995483,17.1545251623,0,426.098068913,0.20604903996
UBFC_A1/Eval_On_COHFACE,COHFACE,old,COHFACE_s09_session2_natural,48,67.0,61.0,large_error,67.0,0.9999999999999999,68.0,0.9875587429872993,66.0,0.9087296451726058,61.0,0.9999999999999998,61.99999999999999,0.956273736893482,60.0,0.9390319402709274,9_2,9,2,natural,82.8581466675,59.0410995483,17.1545251623,0,426.098068913,0.20604903996
UBFC_A1/Eval_On_COHFACE,COHFACE,old,COHFACE_s09_session2_natural,49,65.0,64.0,correct,65.0,0.9999999999999999,66.0,0.9789319513733503,64.0,0.9283288902947449,64.0,0.9999999999999998,63.0,0.9965794277958211,65.0,0.943849255600115,9_2,9,2,natural,82.8581466675,59.0410995483,17.1545251623,0,426.098068913,0.20604903996
UBFC_A1/Eval_On_COHFACE,COHFACE,old,COHFACE_s09_session2_natural,50,64.0,67.0,correct,64.0,1.0,63.0,0.9633157540113699,65.0,0.9296778218563433,67.0,0.9999999999999999,66.0,0.9728064505030204,68.0,0.8930284948504155,9_2,9,2,natural,82.8581466675,59.0410995483,17.1545251623,0,426.098068913,0.20604903996
UBFC_A1/Eval_On_COHFACE,COHFACE,old,COHFACE_s09_session3_natural,0,68.0,46.0,large_error,68.0,0.9999999999999999,67.0,0.9669761776772872,69.0,0.9403842101625223,46.0,0.9999999999999996,45.0,0.9932532642710296,47.0,0.9481156429732607,9_3,9,3,natural,102.590057373,65.2493133545,10.4016228805,0.00315765477129,442.87027489,0.188791051507
UBFC_A1/Eval_On_COHFACE,COHFACE,old,COHFACE_s09_session3_natural,1,67.0,66.0,correct,67.0,1.0,68.0,0.9589112945970357,66.0,0.9331825879024289,66.0,0.9999999999999997,67.0,0.9326970706352639,65.0,0.9085416448335832,9_3,9,3,natural,102.590057373,65.2493133545,10.4016228805,0.00315765477129,442.87027489,0.188791051507
UBFC_A1/Eval_On_COHFACE,COHFACE,old,COHFACE_s09_session3_natural,2,67.0,60.0,large_error,67.0,1.0,68.0,0.9889915802386632,66.0,0.8975562627769663,60.0,0.9999999999999997,59.0,0.9799709401075033,61.0,0.9335715229984288,9_3,9,3,natural,102.590057373,65.2493133545,10.4016228805,0.00315765477129,442.87027489,0.188791051507
UBFC_A1/Eval_On_COHFACE,COHFACE,old,COHFACE_s09_session3_natural,3,68.0,66.0,correct,68.0,1.0,67.0,0.9630392157045794,69.0,0.9193067294077575,66.0,0.9999999999999992,67.0,0.9701272697238832,65.0,0.9550590968845428,9_3,9,3,natural,102.590057373,65.2493133545,10.4016228805,0.00315765477129,442.87027489,0.188791051507
UBFC_A1/Eval_On_COHFACE,COHFACE,old,COHFACE_s09_session3_natural,4,69.0,68.0,correct,69.0,1.0,68.0,0.9915314404850077,70.0,0.8974760757184369,68.0,0.9999999999999997,67.0,0.982981171701274,69.0,0.9458947055924017,9_3,9,3,natural,102.590057373,65.2493133545,10.4016228805,0.00315765477129,442.87027489,0.188791051507
UBFC_A1/Eval_On_COHFACE,COHFACE,old,COHFACE_s09_session3_natural,5,69.0,68.0,correct,69.0,1.0,70.0,0.9472193914165349,68.0,0.9293243327499744,68.0,0.9999999999999998,67.0,0.9774183731456554,69.0,0.9310662267159734,9_3,9,3,natural,102.590057373,65.2493133545,10.4016228805,0.00315765477129,442.87027489,0.188791051507
UBFC_A1/Eval_On_COHFACE,COHFACE,old,COHFACE_s09_session3_natural,6,69.0,68.0,correct,69.0,1.0,70.0,0.9436110605410897,68.0,0.9352098368274977,68.0,0.9999999999999998,69.0,0.9555880830040799,67.0,0.9424800745705062,9_3,9,3,natural,102.590057373,65.2493133545,10.4016228805,0.00315765477129,442.87027489,0.188791051507
UBFC_A1/Eval_On_COHFACE,COHFACE,old,COHFACE_s09_session3_natural,7,69.0,69.0,correct,69.0,1.0,68.0,0.9833574839952242,70.0,0.9090337420387679,69.0,0.9999999999999993,70.0,0.9650114451625788,52.0,0.9479901586737507,9_3,9,3,natural,102.590057373,65.2493133545,10.4016228805,0.00315765477129,442.87027489,0.188791051507
UBFC_A1/Eval_On_COHFACE,COHFACE,old,COHFACE_s09_session3_natural,8,69.0,69.0,correct,69.0,1.0,68.0,0.9846442081322767,70.0,0.9096410527571566,69.0,0.9999999999999997,70.0,0.9525699755604433,68.0,0.9419081678895649,9_3,9,3,natural,102.590057373,65.2493133545,10.4016228805,0.00315765477129,442.87027489,0.188791051507
UBFC_A1/Eval_On_COHFACE,COHFACE,old,COHFACE_s09_session3_natural,9,69.0,68.0,correct,69.0,1.0,70.0,0.9851279524719601,68.0,0.909958386017259,68.0,0.9999999999999999,69.0,0.963421270265865,67.0,0.9117353083100757,9_3,9,3,natural,102.590057373,65.2493133545,10.4016228805,0.00315765477129,442.87027489,0.188791051507
UBFC_A1/Eval_On_COHFACE,COHFACE,old,COHFACE_s09_session3_natural,10,70.0,68.0,correct,70.0,0.9999999999999999,71.0,0.952547419460533,69.0,0.9383858420569449,68.0,0.9999999999999998,69.0,0.9978839403981337,67.0,0.8908291934349293,9_3,9,3,natural,102.590057373,65.2493133545,10.4016228805,0.00315765477129,442.87027489,0.188791051507
UBFC_A1/Eval_On_COHFACE,COHFACE,old,COHFACE_s09_session3_natural,11,70.0,68.0,correct,70.0,0.9999999999999999,71.0,0.963745925351222,69.0,0.9232605354808712,68.0,0.9999999999999999,67.0,0.9930021155883647,69.0,0.9470372913353726,9_3,9,3,natural,102.590057373,65.2493133545,10.4016228805,0.00315765477129,442.87027489,0.188791051507
UBFC_A1/Eval_On_COHFACE,COHFACE,old,COHFACE_s09_session3_natural,12,70.0,64.0,large_error,70.0,0.9999999999999999,71.0,0.9752319740035492,69.0,0.9061596488320166,64.0,0.9999999999999998,65.0,0.9935369846784824,63.0,0.9464395237737763,9_3,9,3,natural,102.590057373,65.2493133545,10.4016228805,0.00315765477129,442.87027489,0.188791051507
UBFC_A1/Eval_On_COHFACE,COHFACE,old,COHFACE_s09_session3_natural,13,70.0,61.99999999999999,large_error,70.0,0.9999999999999999,71.0,0.9778188104648509,69.0,0.9055088092421034,61.99999999999999,0.9999999999999998,61.0,0.94495570544361,63.0,0.9068142327366303,9_3,9,3,natural,102.590057373,65.2493133545,10.4016228805,0.00315765477129,442.87027489,0.188791051507
UBFC_A1/Eval_On_COHFACE,COHFACE,old,COHFACE_s09_session3_natural,14,70.0,61.99999999999999,large_error,70.0,0.9999999999999999,69.0,0.9708364754556784,71.0,0.9173497047445821,61.99999999999999,0.9999999999999998,61.0,0.9742108667655714,63.0,0.881623793249999,9_3,9,3,natural,102.590057373,65.2493133545,10.4016228805,0.00315765477129,442.87027489,0.188791051507
UBFC_A1/Eval_On_COHFACE,COHFACE,old,COHFACE_s09_session3_natural,15,69.0,49.0,large_error,69.0,0.9999999999999999,70.0,0.969230080368553,68.0,0.9206007847509817,49.0,0.9999999999999998,48.0,0.9811113415871435,50.0,0.940084968720265,9_3,9,3,natural,102.590057373,65.2493133545,10.4016228805,0.00315765477129,442.87027489,0.188791051507
UBFC_A1/Eval_On_COHFACE,COHFACE,old,COHFACE_s09_session3_natural,16,69.0,52.0,large_error,69.0,0.9999999999999999,70.0,0.9538098694065106,68.0,0.930178575119055,52.0,0.9999999999999996,53.0,0.9971772336830175,51.0,0.9526370945418574,9_3,9,3,natural,102.590057373,65.2493133545,10.4016228805,0.00315765477129,442.87027489,0.188791051507
UBFC_A1/Eval_On_COHFACE,COHFACE,old,COHFACE_s09_session3_natural,17,69.0,53.0,large_error,69.0,0.9999999999999999,70.0,0.9892956109457736,68.0,0.8898994048217385,53.0,0.9999999999999998,54.0,0.9917765498179044,52.0,0.9377804247588998,9_3,9,3,natural,102.590057373,65.2493133545,10.4016228805,0.00315765477129,442.87027489,0.188791051507
UBFC_A1/Eval_On_COHFACE,COHFACE,old,COHFACE_s09_session3_natural,18,70.0,61.0,large_error,70.0,0.9999999999999999,69.0,0.9489050791051233,71.0,0.9313778747153006,61.0,0.9999999999999997,61.99999999999999,0.9749842983079264,60.0,0.9470666513460406,9_3,9,3,natural,102.590057373,65.2493133545,10.4016228805,0.00315765477129,442.87027489,0.188791051507
UBFC_A1/Eval_On_COHFACE,COHFACE,old,COHFACE_s09_session3_natural,19,71.0,60.0,large_error,71.0,0.9999999999999998,70.0,0.9642139511483986,72.0,0.9277861286281244,60.0,0.9999999999999999,59.0,0.9490854028822873,61.0,0.9470195494635854,9_3,9,3,natural,102.590057373,65.2493133545,10.4016228805,0.00315765477129,442.87027489,0.188791051507
UBFC_A1/Eval_On_COHFACE,COHFACE,old,COHFACE_s09_session3_natural,20,72.0,59.0,large_error,72.0,0.9999999999999998,71.0,0.9856339922276868,73.0,0.9064740112067983,59.0,0.9999999999999997,60.0,0.9633060207246891,58.0,0.954351393563209,9_3,9,3,natural,102.590057373,65.2493133545,10.4016228805,0.00315765477129,442.87027489,0.188791051507
UBFC_A1/Eval_On_COHFACE,COHFACE,old,COHFACE_s09_session3_natural,21,73.0,88.0,large_error,73.0,0.9999999999999999,72.0,0.9941181617427551,74.0,0.8940285901346714,88.0,0.9999999999999994,87.0,0.9972648473525585,61.99999999999999,0.9179899618057031,9_3,9,3,natural,102.590057373,65.2493133545,10.4016228805,0.00315765477129,442.87027489,0.188791051507
UBFC_A1/Eval_On_COHFACE,COHFACE,old,COHFACE_s09_session3_natural,22,73.0,61.99999999999999,large_error,73.0,0.9999999999999999,72.0,0.9945114060182301,74.0,0.8914455747563301,61.99999999999999,0.9999999999999992,73.0,0.9663565888086006,63.0,0.92793922364157,9_3,9,3,natural,102.590057373,65.2493133545,10.4016228805,0.00315765477129,442.87027489,0.188791051507
UBFC_A1/Eval_On_COHFACE,COHFACE,old,COHFACE_s09_session3_natural,23,72.0,41.0,sub_harmonic_half,72.0,0.9999999999999999,73.0,0.9752878845097365,71.0,0.906220548092033,41.0,0.9999999999999997,42.0,0.9862895443389681,40.0,0.9259574238813146,9_3,9,3,natural,102.590057373,65.2493133545,10.4016228805,0.00315765477129,442.87027489,0.188791051507
UBFC_A1/Eval_On_COHFACE,COHFACE,old,COHFACE_s09_session3_natural,24,72.0,40.0,sub_harmonic_half,72.0,0.9999999999999999,73.0,0.9699279761116407,71.0,0.9122957062713878,40.0,0.9999999999999997,41.0,0.9253910293808334,42.0,0.7830744292290893,9_3,9,3,natural,102.590057373,65.2493133545,10.4016228805,0.00315765477129,442.87027489,0.188791051507
UBFC_A1/Eval_On_COHFACE,COHFACE,old,COHFACE_s09_session3_natural,25,72.0,82.0,large_error,72.0,0.9999999999999999,71.0,0.9895386202107059,73.0,0.8999659410991862,82.0,0.9999999999999993,81.0,0.9817335071916188,119.0,0.9538139031454141,9_3,9,3,natural,102.590057373,65.2493133545,10.4016228805,0.00315765477129,442.87027489,0.188791051507
UBFC_A1/Eval_On_COHFACE,COHFACE,old,COHFACE_s09_session3_natural,26,70.0,75.0,large_error,70.0,0.9999999999999999,71.0,0.9893716770683806,69.0,0.908310681025953,75.0,0.9999999999999998,76.0,0.9594359326652337,74.0,0.9526858406727787,9_3,9,3,natural,102.590057373,65.2493133545,10.4016228805,0.00315765477129,442.87027489,0.188791051507
UBFC_A1/Eval_On_COHFACE,COHFACE,old,COHFACE_s09_session3_natural,27,70.0,74.0,large_error,70.0,0.9999999999999999,69.0,0.9628320259121902,71.0,0.932728109106128,74.0,0.9999999999999997,75.0,0.9978474703108767,40.0,0.9345624542867776,9_3,9,3,natural,102.590057373,65.2493133545,10.4016228805,0.00315765477129,442.87027489,0.188791051507
UBFC_A1/Eval_On_COHFACE,COHFACE,old,COHFACE_s09_session3_natural,28,69.0,40.0,sub_harmonic_half,69.0,1.0,70.0,0.9777203354748779,68.0,0.9080637737991841,40.0,0.9999999999999993,98.0,0.9853910056580033,99.0,0.9841305283161499,9_3,9,3,natural,102.590057373,65.2493133545,10.4016228805,0.00315765477129,442.87027489,0.188791051507
UBFC_A1/Eval_On_COHFACE,COHFACE,old,COHFACE_s09_session3_natural,29,69.0,67.0,correct,69.0,1.0,68.0,0.9503535148180486,70.0,0.930076292755841,67.0,0.9999999999999998,68.0,0.9692782502283114,66.0,0.9420680498245335,9_3,9,3,natural,102.590057373,65.2493133545,10.4016228805,0.00315765477129,442.87027489,0.188791051507
UBFC_A1/Eval_On_COHFACE,COHFACE,old,COHFACE_s09_session3_natural,30,69.0,68.0,correct,69.0,1.0,68.0,0.9776350682277569,70.0,0.9104418243227381,68.0,0.9999999999999997,69.0,0.9994101923063847,67.0,0.943019041148261,9_3,9,3,natural,102.590057373,65.2493133545,10.4016228805,0.00315765477129,442.87027489,0.188791051507
UBFC_A1/Eval_On_COHFACE,COHFACE,old,COHFACE_s09_session3_natural,31,69.0,71.0,correct,69.0,1.0,68.0,0.9714479159399187,70.0,0.9130043553841984,71.0,0.9999999999999984,70.0,0.9891988244098435,72.0,0.8557198352308014,9_3,9,3,natural,102.590057373,65.2493133545,10.4016228805,0.00315765477129,442.87027489,0.188791051507
UBFC_A1/Eval_On_COHFACE,COHFACE,old,COHFACE_s09_session3_natural,32,69.0,55.0,large_error,69.0,1.0,70.0,0.9486408871976085,68.0,0.9332946072074784,55.0,0.9999999999999959,54.0,0.906209763602124,56.0,0.8897847907774964,9_3,9,3,natural,102.590057373,65.2493133545,10.4016228805,0.00315765477129,442.87027489,0.188791051507
UBFC_A1/Eval_On_COHFACE,COHFACE,old,COHFACE_s09_session3_natural,33,69.0,64.0,large_error,69.0,1.0,70.0,0.9694073568918504,68.0,0.9221519162850479,64.0,0.9999999999999978,63.0,0.9964709455623804,55.0,0.9691690501689209,9_3,9,3,natural,102.590057373,65.2493133545,10.4016228805,0.00315765477129,442.87027489,0.188791051507
UBFC_A1/Eval_On_COHFACE,COHFACE,old,COHFACE_s09_session3_natural,34,69.0,60.0,large_error,69.0,1.0,70.0,0.9799358488983269,68.0,0.911170035218772,60.0,0.9999999999999947,59.0,0.997462389171015,61.0,0.996320829592464,9_3,9,3,natural,102.590057373,65.2493133545,10.4016228805,0.00315765477129,442.87027489,0.188791051507
UBFC_A1/Eval_On_COHFACE,COHFACE,old,COHFACE_s09_session3_natural,35,69.0,53.0,large_error,69.0,1.0,70.0,0.9764056149091909,68.0,0.9040650184068716,53.0,0.9999999999999949,52.0,0.9951096670073956,54.0,0.9782287247750802,9_3,9,3,natural,102.590057373,65.2493133545,10.4016228805,0.00315765477129,442.87027489,0.188791051507
UBFC_A1/Eval_On_COHFACE,COHFACE,old,COHFACE_s09_session3_natural,36,69.0,60.0,large_error,69.0,1.0,68.0,0.9452526498235072,70.0,0.9368152782830366,60.0,0.9999999999999961,61.0,0.9867572946952161,59.0,0.931359244015156,9_3,9,3,natural,102.590057373,65.2493133545,10.4016228805,0.00315765477129,442.87027489,0.188791051507
UBFC_A1/Eval_On_COHFACE,COHFACE,old,COHFACE_s09_session3_natural,37,68.0,52.0,large_error,68.0,1.0,69.0,0.9810067212921123,67.0,0.9089076982235492,52.0,0.9999999999999974,53.0,0.9846905577473484,66.0,0.9748508056209652,9_3,9,3,natural,102.590057373,65.2493133545,10.4016228805,0.00315765477129,442.87027489,0.188791051507
UBFC_A1/Eval_On_COHFACE,COHFACE,old,COHFACE_s09_session3_natural,38,68.0,122.0,super_harmonic_2x,68.0,1.0,67.0,0.9459229045740359,69.0,0.941808675039915,122.0,0.999999999999994,121.0,0.9449979808528088,122.99999999999999,0.9400334492795064,9_3,9,3,natural,102.590057373,65.2493133545,10.4016228805,0.00315765477129,442.87027489,0.188791051507
UBFC_A1/Eval_On_COHFACE,COHFACE,old,COHFACE_s09_session3_natural,39,68.0,40.0,large_error,68.0,1.0,67.0,0.9874845962585846,69.0,0.8990527263494074,40.0,0.9999999999999963,77.0,0.9518965322210456,78.0,0.9111371484551611,9_3,9,3,natural,102.590057373,65.2493133545,10.4016228805,0.00315765477129,442.87027489,0.188791051507
UBFC_A1/Eval_On_COHFACE,COHFACE,old,COHFACE_s09_session3_natural,40,67.0,79.0,large_error,67.0,1.0,68.0,0.9566917245586991,66.0,0.9308189989673358,79.0,0.9999999999999996,78.0,0.9660926840009477,80.0,0.9214125737474614,9_3,9,3,natural,102.590057373,65.2493133545,10.4016228805,0.00315765477129,442.87027489,0.188791051507
UBFC_A1/Eval_On_COHFACE,COHFACE,old,COHFACE_s09_session3_natural,41,67.0,53.0,large_error,67.0,1.0,66.0,0.9709589871553262,68.0,0.913792662077612,53.0,0.9999999999999996,52.0,0.9487685424680637,54.0,0.9187608840813888,9_3,9,3,natural,102.590057373,65.2493133545,10.4016228805,0.00315765477129,442.87027489,0.188791051507
UBFC_A1/Eval_On_COHFACE,COHFACE,old,COHFACE_s09_session3_natural,42,67.0,120.0,super_harmonic_2x,67.0,1.0,66.0,0.9732668679178882,68.0,0.913889202757582,120.0,0.9999999999999997,121.0,0.9622286099937365,119.0,0.9182221073772018,9_3,9,3,natural,102.590057373,65.2493133545,10.4016228805,0.00315765477129,442.87027489,0.188791051507
UBFC_A1/Eval_On_COHFACE,COHFACE,old,COHFACE_s09_session3_natural,43,67.0,121.0,super_harmonic_2x,67.0,1.0,66.0,0.9570307609027482,68.0,0.9317616759898998,121.0,0.9999999999999993,120.0,0.9802607167680604,65.0,0.9080655377121337,9_3,9,3,natural,102.590057373,65.2493133545,10.4016228805,0.00315765477129,442.87027489,0.188791051507
UBFC_A1/Eval_On_COHFACE,COHFACE,old,COHFACE_s09_session3_natural,44,67.0,68.0,correct,67.0,1.0,66.0,0.9617194361246556,68.0,0.9256250142371584,68.0,0.9999999999999999,67.0,0.955732969636687,69.0,0.9031432956264853,9_3,9,3,natural,102.590057373,65.2493133545,10.4016228805,0.00315765477129,442.87027489,0.188791051507
UBFC_A1/Eval_On_COHFACE,COHFACE,old,COHFACE_s09_session3_natural,45,67.0,80.0,large_error,67.0,1.0,66.0,0.9775814435308805,68.0,0.9077801442656283,80.0,0.9999999999999997,81.0,0.9865720122737143,40.0,0.9025885300111565,9_3,9,3,natural,102.590057373,65.2493133545,10.4016228805,0.00315765477129,442.87027489,0.188791051507
UBFC_A1/Eval_On_COHFACE,COHFACE,old,COHFACE_s09_session3_natural,46,67.0,82.0,large_error,67.0,1.0,66.0,0.9608152395151239,68.0,0.9241434636993534,82.0,0.9999999999999997,81.0,0.987831688023861,83.0,0.9099092702245537,9_3,9,3,natural,102.590057373,65.2493133545,10.4016228805,0.00315765477129,442.87027489,0.188791051507
UBFC_A1/Eval_On_COHFACE,COHFACE,old,COHFACE_s09_session3_natural,47,67.0,43.0,large_error,67.0,1.0,66.0,0.9443553646861603,68.0,0.9417567082037794,43.0,0.9999999999999997,42.0,0.9750801684933895,44.0,0.9019776448801051,9_3,9,3,natural,102.590057373,65.2493133545,10.4016228805,0.00315765477129,442.87027489,0.188791051507
UBFC_A1/Eval_On_COHFACE,COHFACE,old,COHFACE_s09_session3_natural,48,67.0,40.0,large_error,67.0,1.0,66.0,0.954811879848082,68.0,0.9299829974135936,40.0,0.9999999999999997,64.0,0.8007082822634164,63.0,0.7823576139051371,9_3,9,3,natural,102.590057373,65.2493133545,10.4016228805,0.00315765477129,442.87027489,0.188791051507
UBFC_A1/Eval_On_COHFACE,COHFACE,old,COHFACE_s09_session3_natural,49,67.0,65.0,correct,67.0,1.0,66.0,0.9968916643300764,68.0,0.8888202129776955,65.0,0.9999999999999997,66.0,0.956251025463255,64.0,0.9381503526874356,9_3,9,3,natural,102.590057373,65.2493133545,10.4016228805,0.00315765477129,442.87027489,0.188791051507
UBFC_A1/Eval_On_COHFACE,COHFACE,old,COHFACE_s09_session3_natural,50,66.0,42.0,large_error,66.0,1.0,67.0,0.9518043213146316,65.0,0.9332371480289721,42.0,0.9999999999999998,43.0,0.9340719327245149,41.0,0.9085985262696661,9_3,9,3,natural,102.590057373,65.2493133545,10.4016228805,0.00315765477129,442.87027489,0.188791051507
UBFC_A1/Eval_On_COHFACE,COHFACE,old,COHFACE_s10_session0_lamp,0,87.0,90.0,correct,87.0,0.9999999999999998,88.0,0.9503594387751788,86.0,0.9430980178723426,90.0,0.9999999999999997,91.0,0.9437140647734458,89.0,0.9343752051467442,10_0,10,0,lamp,113.185173035,60.061920166,3.37230172918,0,512.401539134,0.263680785894
UBFC_A1/Eval_On_COHFACE,COHFACE,old,COHFACE_s10_session0_lamp,1,88.0,74.0,large_error,88.0,0.9999999999999999,89.0,0.95969572422677,87.0,0.9062624539679577,74.0,0.9999999999999988,91.0,0.9765646534084558,73.0,0.965767584831402,10_0,10,0,lamp,113.185173035,60.061920166,3.37230172918,0,512.401539134,0.263680785894
UBFC_A1/Eval_On_COHFACE,COHFACE,old,COHFACE_s10_session0_lamp,2,88.0,88.0,correct,88.0,0.9999999999999999,89.0,0.9412615413580097,87.0,0.9410615876540199,88.0,0.9999999999999994,89.0,0.9697049730521033,87.0,0.8989183509029114,10_0,10,0,lamp,113.185173035,60.061920166,3.37230172918,0,512.401539134,0.263680785894
UBFC_A1/Eval_On_COHFACE,COHFACE,old,COHFACE_s10_session0_lamp,3,88.0,73.0,large_error,88.0,0.9999999999999999,87.0,0.9439339849765311,89.0,0.9355021033730951,73.0,0.9999999999999997,74.0,0.9775634503699896,72.0,0.8790652025513251,10_0,10,0,lamp,113.185173035,60.061920166,3.37230172918,0,512.401539134,0.263680785894
UBFC_A1/Eval_On_COHFACE,COHFACE,old,COHFACE_s10_session0_lamp,4,87.0,88.0,correct,87.0,0.9999999999999999,88.0,0.9709147400583596,86.0,0.9264270053806593,88.0,0.9999999999999997,89.0,0.9762021751908508,87.0,0.9301296840085255,10_0,10,0,lamp,113.185173035,60.061920166,3.37230172918,0,512.401539134,0.263680785894
UBFC_A1/Eval_On_COHFACE,COHFACE,old,COHFACE_s10_session0_lamp,5,86.0,48.0,sub_harmonic_half,86.0,0.9999999999999998,87.0,0.9930730473499652,85.0,0.9016177472581122,48.0,0.9999999999999997,47.0,0.9900574179659603,49.0,0.9168472332776225,10_0,10,0,lamp,113.185173035,60.061920166,3.37230172918,0,512.401539134,0.263680785894
UBFC_A1/Eval_On_COHFACE,COHFACE,old,COHFACE_s10_session0_lamp,6,86.0,47.0,sub_harmonic_half,86.0,0.9999999999999998,85.0,0.9981533433523423,87.0,0.896114870938436,47.0,0.9999999999999998,48.0,0.9664186815088962,46.0,0.9587673960902213,10_0,10,0,lamp,113.185173035,60.061920166,3.37230172918,0,512.401539134,0.263680785894
UBFC_A1/Eval_On_COHFACE,COHFACE,old,COHFACE_s10_session0_lamp,7,85.0,47.0,sub_harmonic_half,85.0,0.9999999999999998,86.0,0.9560320735407236,84.0,0.9340024546151375,47.0,0.9999999999999998,48.0,0.9781829339810824,46.0,0.9531530001884095,10_0,10,0,lamp,113.185173035,60.061920166,3.37230172918,0,512.401539134,0.263680785894
UBFC_A1/Eval_On_COHFACE,COHFACE,old,COHFACE_s10_session0_lamp,8,86.0,44.0,sub_harmonic_half,86.0,0.9999999999999999,85.0,0.9990390764039768,87.0,0.9047876785312536,44.0,0.9999999999999999,45.0,0.9637310277191233,43.0,0.9216499457678267,10_0,10,0,lamp,113.185173035,60.061920166,3.37230172918,0,512.401539134,0.263680785894
UBFC_A1/Eval_On_COHFACE,COHFACE,old,COHFACE_s10_session0_lamp,9,87.0,47.0,sub_harmonic_half,87.0,0.9999999999999999,88.0,0.9932365302347067,86.0,0.9305956586457643,47.0,0.9999999999999999,46.0,0.9961967787262838,48.0,0.8799808507477292,10_0,10,0,lamp,113.185173035,60.061920166,3.37230172918,0,512.401539134,0.263680785894
UBFC_A1/Eval_On_COHFACE,COHFACE,old,COHFACE_s10_session0_lamp,10,89.0,44.0,sub_harmonic_half,89.0,0.9999999999999998,88.0,0.9423051378485764,90.0,0.9357951537871038,44.0,0.9999999999999998,45.0,0.9860191208588329,43.0,0.91856282418492,10_0,10,0,lamp,113.185173035,60.061920166,3.37230172918,0,512.401539134,0.263680785894
UBFC_A1/Eval_On_COHFACE,COHFACE,old,COHFACE_s10_session0_lamp,11,91.0,45.0,sub_harmonic_half,91.0,0.9999999999999998,90.0,0.9707004833099325,92.0,0.8947791801567505,45.0,0.9999999999999999,46.0,0.9560123608446809,44.0,0.9387888095365501,10_0,10,0,lamp,113.185173035,60.061920166,3.37230172918,0,512.401539134,0.263680785894
UBFC_A1/Eval_On_COHFACE,COHFACE,old,COHFACE_s10_session0_lamp,12,92.0,46.0,sub_harmonic_half,92.0,0.9999999999999999,91.0,0.9828476457427219,93.0,0.895741026475761,46.0,0.9999999999999998,45.0,0.9661466273229483,47.0,0.9400128483539455,10_0,10,0,lamp,113.185173035,60.061920166,3.37230172918,0,512.401539134,0.263680785894
UBFC_A1/Eval_On_COHFACE,COHFACE,old,COHFACE_s10_session0_lamp,13,92.0,64.0,large_error,92.0,0.9999999999999999,91.0,0.9774274865009436,93.0,0.9121428530452561,64.0,0.9999999999999996,65.0,0.9878378717545062,63.0,0.9572652728659496,10_0,10,0,lamp,113.185173035,60.061920166,3.37230172918,0,512.401539134,0.263680785894
UBFC_A1/Eval_On_COHFACE,COHFACE,old,COHFACE_s10_session0_lamp,14,91.0,74.0,large_error,91.0,0.9999999999999999,92.0,0.9544895735775062,90.0,0.9439275483720619,74.0,0.9999999999999998,73.0,0.9719915917180653,75.0,0.8790771287674478,10_0,10,0,lamp,113.185173035,60.061920166,3.37230172918,0,512.401539134,0.263680785894
UBFC_A1/Eval_On_COHFACE,COHFACE,old,COHFACE_s10_session0_lamp,15,90.0,61.99999999999999,large_error,90.0,0.9999999999999998,89.0,0.9824929954894156,91.0,0.9121440157107334,61.99999999999999,0.9999999999999999,61.0,0.9348163703104951,63.0,0.9299536423314033,10_0,10,0,lamp,113.185173035,60.061920166,3.37230172918,0,512.401539134,0.263680785894
UBFC_A1/Eval_On_COHFACE,COHFACE,old,COHFACE_s10_session0_lamp,16,89.0,89.0,correct,89.0,0.9999999999999999,88.0,0.9749891964848694,90.0,0.9143582325454203,89.0,0.9999999999999997,90.0,0.9521489091862954,88.0,0.9377692222807067,10_0,10,0,lamp,113.185173035,60.061920166,3.37230172918,0,512.401539134,0.263680785894
UBFC_A1/Eval_On_COHFACE,COHFACE,old,COHFACE_s10_session0_lamp,17,87.0,66.0,large_error,87.0,0.9999999999999999,88.0,0.994090302406475,86.0,0.8936774994572544,66.0,0.9999999999999997,65.0,0.9976734896495604,67.0,0.9295038563751331,10_0,10,0,lamp,113.185173035,60.061920166,3.37230172918,0,512.401539134,0.263680785894
UBFC_A1/Eval_On_COHFACE,COHFACE,old,COHFACE_s10_session0_lamp,18,86.0,88.0,correct,86.0,0.9999999999999999,87.0,0.9538085904764002,85.0,0.9305911839922021,88.0,0.9999999999999994,87.0,0.9758202005857,65.0,0.9717766498596627,10_0,10,0,lamp,113.185173035,60.061920166,3.37230172918,0,512.401539134,0.263680785894
UBFC_A1/Eval_On_COHFACE,COHFACE,old,COHFACE_s10_session0_lamp,19,85.0,69.0,large_error,85.0,0.9999999999999998,84.0,0.9673221052338722,86.0,0.9324092002575619,69.0,0.9999999999999997,70.0,0.9555231609049861,68.0,0.9120210529916427,10_0,10,0,lamp,113.185173035,60.061920166,3.37230172918,0,512.401539134,0.263680785894
UBFC_A1/Eval_On_COHFACE,COHFACE,old,COHFACE_s10_session0_lamp,20,84.0,75.0,large_error,84.0,0.9999999999999999,83.0,0.9956747663941303,85.0,0.9027197858896406,75.0,0.9999999999999997,74.0,0.9884249074014216,76.0,0.866696445998353,10_0,10,0,lamp,113.185173035,60.061920166,3.37230172918,0,512.401539134,0.263680785894
UBFC_A1/Eval_On_COHFACE,COHFACE,old,COHFACE_s10_session0_lamp,21,82.0,119.0,super_harmonic_1p5x,82.0,1.0,83.0,0.9824872525337792,81.0,0.9108370525663538,119.0,0.9999999999999996,120.0,0.983923788519017,118.0,0.8762253928404852,10_0,10,0,lamp,113.185173035,60.061920166,3.37230172918,0,512.401539134,0.263680785894
UBFC_A1/Eval_On_COHFACE,COHFACE,old,COHFACE_s10_session0_lamp,22,82.0,81.0,correct,82.0,1.0,81.0,0.9945939535901449,83.0,0.8944872621510533,81.0,0.9999999999999998,80.0,0.9496325455541977,82.0,0.9255641131442992,10_0,10,0,lamp,113.185173035,60.061920166,3.37230172918,0,512.401539134,0.263680785894
UBFC_A1/Eval_On_COHFACE,COHFACE,old,COHFACE_s10_session0_lamp,23,81.0,63.0,large_error,81.0,1.0,82.0,0.9740222910700863,80.0,0.9120374036427903,63.0,0.9999999999999994,64.0,0.9742348922586743,61.99999999999999,0.9141400062035222,10_0,10,0,lamp,113.185173035,60.061920166,3.37230172918,0,512.401539134,0.263680785894
UBFC_A1/Eval_On_COHFACE,COHFACE,old,COHFACE_s10_session0_lamp,24,82.0,81.0,correct,82.0,1.0,81.0,0.9524683017307778,83.0,0.9330852273401781,81.0,0.9999999999999997,82.0,0.986627387866221,80.0,0.9251199452927098,10_0,10,0,lamp,113.185173035,60.061920166,3.37230172918,0,512.401539134,0.263680785894
UBFC_A1/Eval_On_COHFACE,COHFACE,old,COHFACE_s10_session0_lamp,25,82.0,82.0,correct,82.0,1.0,83.0,0.9806980627527722,81.0,0.9047989401251486,82.0,0.9999999999999999,81.0,0.9502501033114795,83.0,0.9479295874011512,10_0,10,0,lamp,113.185173035,60.061920166,3.37230172918,0,512.401539134,0.263680785894
UBFC_A1/Eval_On_COHFACE,COHFACE,old,COHFACE_s10_session0_lamp,26,82.0,82.0,correct,82.0,1.0,81.0,0.9607449299403649,83.0,0.9246032991972702,82.0,0.9999999999999998,81.0,0.9797476740053366,83.0,0.9397328206344563,10_0,10,0,lamp,113.185173035,60.061920166,3.37230172918,0,512.401539134,0.263680785894
UBFC_A1/Eval_On_COHFACE,COHFACE,old,COHFACE_s10_session0_lamp,27,81.0,81.0,correct,81.0,1.0,82.0,0.9752774650576044,80.0,0.9000836970467595,81.0,0.9999999999999998,82.0,0.9449000634226007,80.0,0.936784972198132,10_0,10,0,lamp,113.185173035,60.061920166,3.37230172918,0,512.401539134,0.263680785894
UBFC_A1/Eval_On_COHFACE,COHFACE,old,COHFACE_s10_session0_lamp,28,80.0,81.0,correct,80.0,0.9999999999999999,81.0,0.9911987363116402,79.0,0.8954561697668838,81.0,0.9999999999999998,82.0,0.9499657419562254,80.0,0.9414096867196498,10_0,10,0,lamp,113.185173035,60.061920166,3.37230172918,0,512.401539134,0.263680785894
UBFC_A1/Eval_On_COHFACE,COHFACE,old,COHFACE_s10_session0_lamp,29,79.0,79.0,correct,79.0,0.9999999999999999,80.0,0.9731509547182173,78.0,0.9259621631848373,79.0,0.9999999999999999,80.0,0.977217041533866,78.0,0.9770172547074434,10_0,10,0,lamp,113.185173035,60.061920166,3.37230172918,0,512.401539134,0.263680785894
UBFC_A1/Eval_On_COHFACE,COHFACE,old,COHFACE_s10_session0_lamp,30,78.0,83.0,large_error,78.0,1.0,77.0,0.973019854511835,79.0,0.923429514035364,83.0,0.9999999999999998,82.0,0.9717634888629934,84.0,0.9216824015844948,10_0,10,0,lamp,113.185173035,60.061920166,3.37230172918,0,512.401539134,0.263680785894
UBFC_A1/Eval_On_COHFACE,COHFACE,old,COHFACE_s10_session0_lamp,31,77.0,75.0,correct,77.0,1.0,76.0,0.9757790077150666,78.0,0.9081598671463594,75.0,0.9999999999999997,84.0,0.9686096105368802,76.0,0.9446739971321879,10_0,10,0,lamp,113.185173035,60.061920166,3.37230172918,0,512.401539134,0.263680785894
UBFC_A1/Eval_On_COHFACE,COHFACE,old,COHFACE_s10_session0_lamp,32,76.0,74.0,correct,76.0,1.0,77.0,0.9575348684431112,75.0,0.9322128413546877,74.0,0.9999999999999998,73.0,0.9883790249089683,75.0,0.9006969074450089,10_0,10,0,lamp,113.185173035,60.061920166,3.37230172918,0,512.401539134,0.263680785894
UBFC_A1/Eval_On_COHFACE,COHFACE,old,COHFACE_s10_session0_lamp,33,76.0,73.0,correct,76.0,1.0,75.0,0.9582643890211822,77.0,0.924950554469809,73.0,0.9999999999999998,74.0,0.9554895665662855,72.0,0.9349980509750666,10_0,10,0,lamp,113.185173035,60.061920166,3.37230172918,0,512.401539134,0.263680785894
UBFC_A1/Eval_On_COHFACE,COHFACE,old,COHFACE_s10_session0_lamp,34,76.0,44.0,sub_harmonic_half,76.0,1.0,75.0,0.9630295785656899,77.0,0.922966858216072,44.0,0.9999999999999996,43.0,0.9950847032365558,45.0,0.9673032132874028,10_0,10,0,lamp,113.185173035,60.061920166,3.37230172918,0,512.401539134,0.263680785894
UBFC_A1/Eval_On_COHFACE,COHFACE,old,COHFACE_s10_session0_lamp,35,76.0,40.0,sub_harmonic_half,76.0,1.0,77.0,0.9708831348877263,75.0,0.9175873222962898,40.0,0.9999999999999996,41.0,0.9951801823376478,51.0,0.9602939196505594,10_0,10,0,lamp,113.185173035,60.061920166,3.37230172918,0,512.401539134,0.263680785894
UBFC_A1/Eval_On_COHFACE,COHFACE,old,COHFACE_s10_session0_lamp,36,76.0,76.0,correct,76.0,1.0,77.0,0.9645067165881933,75.0,0.9232488761624483,76.0,0.9999999999999997,77.0,0.9597362818566569,75.0,0.9290013153763752,10_0,10,0,lamp,113.185173035,60.061920166,3.37230172918,0,512.401539134,0.263680785894
UBFC_A1/Eval_On_COHFACE,COHFACE,old,COHFACE_s10_session0_lamp,37,76.0,75.0,correct,76.0,1.0,75.0,0.9428701734634153,77.0,0.9427868156789873,75.0,0.9999999999999998,76.0,0.9653993388724962,74.0,0.9302752410856793,10_0,10,0,lamp,113.185173035,60.061920166,3.37230172918,0,512.401539134,0.263680785894
UBFC_A1/Eval_On_COHFACE,COHFACE,old,COHFACE_s10_session0_lamp,38,76.0,75.0,correct,76.0,1.0,77.0,0.9699449208027022,75.0,0.9147869757920122,75.0,0.9999999999999999,76.0,0.9705338085280888,74.0,0.9226202588413236,10_0,10,0,lamp,113.185173035,60.061920166,3.37230172918,0,512.401539134,0.263680785894
UBFC_A1/Eval_On_COHFACE,COHFACE,old,COHFACE_s10_session0_lamp,39,77.0,80.0,correct,77.0,1.0,76.0,0.9636682034799132,78.0,0.9261297420812723,80.0,0.9999999999999997,81.0,0.9850923014532438,79.0,0.9247764814417346,10_0,10,0,lamp,113.185173035,60.061920166,3.37230172918,0,512.401539134,0.263680785894
UBFC_A1/Eval_On_COHFACE,COHFACE,old,COHFACE_s10_session0_lamp,40,77.0,82.0,large_error,77.0,1.0,78.0,0.9579216534043131,76.0,0.9205662264449817,82.0,0.9999999999999997,83.0,0.9576606730062269,81.0,0.944591678799391,10_0,10,0,lamp,113.185173035,60.061920166,3.37230172918,0,512.401539134,0.263680785894
UBFC_A1/Eval_On_COHFACE,COHFACE,old,COHFACE_s10_session0_lamp,41,77.0,67.0,large_error,77.0,1.0,76.0,0.9667772631101723,78.0,0.9198806725118367,67.0,0.9999999999999999,68.0,0.939204020484738,66.0,0.9313167843023671,10_0,10,0,lamp,113.185173035,60.061920166,3.37230172918,0,512.401539134,0.263680785894
UBFC_A1/Eval_On_COHFACE,COHFACE,old,COHFACE_s10_session0_lamp,42,77.0,79.0,correct,77.0,1.0,76.0,0.9974936943366618,78.0,0.8913836167330634,79.0,0.9999999999999998,80.0,0.9454284268601666,78.0,0.9405951987408656,10_0,10,0,lamp,113.185173035,60.061920166,3.37230172918,0,512.401539134,0.263680785894
UBFC_A1/Eval_On_COHFACE,COHFACE,old,COHFACE_s10_session0_lamp,43,77.0,77.0,correct,77.0,1.0,76.0,0.9866280559391233,78.0,0.9093319355498227,77.0,0.9999999999999997,76.0,0.9851471342910142,78.0,0.9170391959538086,10_0,10,0,lamp,113.185173035,60.061920166,3.37230172918,0,512.401539134,0.263680785894
UBFC_A1/Eval_On_COHFACE,COHFACE,old,COHFACE_s10_session0_lamp,44,78.0,76.0,correct,78.0,1.0,77.0,0.9587720661177136,79.0,0.9427920900818352,76.0,0.9999999999999998,75.0,0.9987047163504107,77.0,0.9034522490621589,10_0,10,0,lamp,113.185173035,60.061920166,3.37230172918,0,512.401539134,0.263680785894
UBFC_A1/Eval_On_COHFACE,COHFACE,old,COHFACE_s10_session0_lamp,45,79.0,77.0,correct,79.0,0.9999999999999999,80.0,0.9835751743661472,78.0,0.9171596855875673,77.0,0.9999999999999998,78.0,0.9985191141660575,76.0,0.897260436652651,10_0,10,0,lamp,113.185173035,60.061920166,3.37230172918,0,512.401539134,0.263680785894
UBFC_A1/Eval_On_COHFACE,COHFACE,old,COHFACE_s10_session0_lamp,46,81.0,79.0,correct,81.0,0.9999999999999999,80.0,0.9833160773502391,82.0,0.8899971758667767,79.0,0.9999999999999998,80.0,0.9934005194142739,78.0,0.9109559970207242,10_0,10,0,lamp,113.185173035,60.061920166,3.37230172918,0,512.401539134,0.263680785894
UBFC_A1/Eval_On_COHFACE,COHFACE,old,COHFACE_s10_session0_lamp,47,81.0,81.0,correct,81.0,1.0,80.0,0.9680994604091488,82.0,0.9098729029150805,81.0,0.9999999999999999,82.0,0.9905911879763079,80.0,0.9262062005591166,10_0,10,0,lamp,113.185173035,60.061920166,3.37230172918,0,512.401539134,0.263680785894
UBFC_A1/Eval_On_COHFACE,COHFACE,old,COHFACE_s10_session0_lamp,48,81.0,82.0,correct,81.0,0.9999999999999999,80.0,0.9522586851828263,82.0,0.9272678085788145,82.0,0.9999999999999998,81.0,0.9933841862625203,83.0,0.9151988179204457,10_0,10,0,lamp,113.185173035,60.061920166,3.37230172918,0,512.401539134,0.263680785894
UBFC_A1/Eval_On_COHFACE,COHFACE,old,COHFACE_s10_session0_lamp,49,80.0,82.0,correct,80.0,0.9999999999999999,81.0,0.953472633718788,79.0,0.9364940834351712,82.0,0.9999999999999999,81.0,0.9616645593184954,83.0,0.942581380628631,10_0,10,0,lamp,113.185173035,60.061920166,3.37230172918,0,512.401539134,0.263680785894
UBFC_A1/Eval_On_COHFACE,COHFACE,old,COHFACE_s10_session0_lamp,50,79.0,82.0,correct,79.0,0.9999999999999999,80.0,0.9689267096374199,78.0,0.9407717971480283,82.0,0.9999999999999998,81.0,0.9830429520174896,83.0,0.9000491658990243,10_0,10,0,lamp,113.185173035,60.061920166,3.37230172918,0,512.401539134,0.263680785894
UBFC_A1/Eval_On_COHFACE,COHFACE,old,COHFACE_s10_session1_lamp,0,88.0,59.0,large_error,88.0,1.0,87.0,0.9899605292917486,89.0,0.8933516377799982,59.0,0.9999999999999996,60.0,0.9729429175678452,58.0,0.9060765718421185,10_1,10,1,lamp,118.55796814,60.5635986328,2.81966516948,0,536.058851824,0.234553724527
UBFC_A1/Eval_On_COHFACE,COHFACE,old,COHFACE_s10_session1_lamp,1,88.0,90.0,correct,88.0,1.0,87.0,0.969270001508699,89.0,0.9175737866733181,90.0,0.9999999999999996,89.0,0.9758432907441974,91.0,0.8763540512035047,10_1,10,1,lamp,118.55796814,60.5635986328,2.81966516948,0,536.058851824,0.234553724527
UBFC_A1/Eval_On_COHFACE,COHFACE,old,COHFACE_s10_session1_lamp,2,88.0,87.0,correct,88.0,1.0,89.0,0.952215146893126,87.0,0.9346909814691557,87.0,0.9999999999999997,88.0,0.9763595878504546,43.0,0.9113719919205038,10_1,10,1,lamp,118.55796814,60.5635986328,2.81966516948,0,536.058851824,0.234553724527
UBFC_A1/Eval_On_COHFACE,COHFACE,old,COHFACE_s10_session1_lamp,3,88.0,88.0,correct,88.0,1.0,87.0,0.9968131772316069,89.0,0.8979557708463706,88.0,0.9999999999999997,87.0,0.960022099842257,89.0,0.9372426553693757,10_1,10,1,lamp,118.55796814,60.5635986328,2.81966516948,0,536.058851824,0.234553724527
UBFC_A1/Eval_On_COHFACE,COHFACE,old,COHFACE_s10_session1_lamp,4,88.0,82.0,large_error,88.0,1.0,87.0,0.9670992448133543,89.0,0.9276831163137,82.0,0.9999999999999997,83.0,0.9887694043758498,81.0,0.9222809276275338,10_1,10,1,lamp,118.55796814,60.5635986328,2.81966516948,0,536.058851824,0.234553724527
UBFC_A1/Eval_On_COHFACE,COHFACE,old,COHFACE_s10_session1_lamp,5,88.0,76.0,large_error,88.0,1.0,89.0,0.9500662314785472,87.0,0.9496629940666469,76.0,0.9999999999999997,77.0,0.9756857851108228,75.0,0.9012649602598276,10_1,10,1,lamp,118.55796814,60.5635986328,2.81966516948,0,536.058851824,0.234553724527
UBFC_A1/Eval_On_COHFACE,COHFACE,old,COHFACE_s10_session1_lamp,6,88.0,40.0,sub_harmonic_half,88.0,1.0,87.0,0.9729061715560264,89.0,0.9224212824426203,40.0,0.9999999999999998,41.0,0.8953697353803569,79.0,0.7094780105057289,10_1,10,1,lamp,118.55796814,60.5635986328,2.81966516948,0,536.058851824,0.234553724527
UBFC_A1/Eval_On_COHFACE,COHFACE,old,COHFACE_s10_session1_lamp,7,87.0,43.0,sub_harmonic_half,87.0,1.0,88.0,0.9985114295506318,86.0,0.8956001701385532,43.0,0.9999999999999996,44.0,0.9338842624705205,42.0,0.9072957106256941,10_1,10,1,lamp,118.55796814,60.5635986328,2.81966516948,0,536.058851824,0.234553724527
UBFC_A1/Eval_On_COHFACE,COHFACE,old,COHFACE_s10_session1_lamp,8,88.0,45.0,sub_harmonic_half,88.0,0.9999999999999999,89.0,0.9511488081346575,87.0,0.9339196651561138,45.0,0.9999999999999998,44.0,0.9583898069908122,46.0,0.927667424673716,10_1,10,1,lamp,118.55796814,60.5635986328,2.81966516948,0,536.058851824,0.234553724527
UBFC_A1/Eval_On_COHFACE,COHFACE,old,COHFACE_s10_session1_lamp,9,89.0,55.0,large_error,89.0,0.9999999999999999,88.0,0.9413538717304382,90.0,0.9319409457817592,55.0,0.9999999999999996,56.0,0.9856127664296294,54.0,0.9451640782783204,10_1,10,1,lamp,118.55796814,60.5635986328,2.81966516948,0,536.058851824,0.234553724527
UBFC_A1/Eval_On_COHFACE,COHFACE,old,COHFACE_s10_session1_lamp,10,90.0,61.0,large_error,90.0,0.9999999999999998,91.0,0.9649173260878495,89.0,0.9149092506323356,61.0,0.9999999999999996,60.0,0.9998194882947555,59.0,0.9645780805193315,10_1,10,1,lamp,118.55796814,60.5635986328,2.81966516948,0,536.058851824,0.234553724527
UBFC_A1/Eval_On_COHFACE,COHFACE,old,COHFACE_s10_session1_lamp,11,90.0,55.0,large_error,90.0,0.9999999999999998,91.0,0.9696815193517719,89.0,0.9156581517018045,55.0,0.9999999999999997,56.0,0.9947127063167185,54.0,0.9270707655486476,10_1,10,1,lamp,118.55796814,60.5635986328,2.81966516948,0,536.058851824,0.234553724527
UBFC_A1/Eval_On_COHFACE,COHFACE,old,COHFACE_s10_session1_lamp,12,90.0,46.0,sub_harmonic_half,90.0,0.9999999999999999,91.0,0.9745965037189284,89.0,0.9127622413676978,46.0,0.9999999999999997,47.0,0.9636956114457432,45.0,0.887270732782724,10_1,10,1,lamp,118.55796814,60.5635986328,2.81966516948,0,536.058851824,0.234553724527
UBFC_A1/Eval_On_COHFACE,COHFACE,old,COHFACE_s10_session1_lamp,13,90.0,58.0,large_error,90.0,0.9999999999999999,91.0,0.9474065605269388,89.0,0.9407170273010859,58.0,0.9999999999999998,59.0,0.9579991353869142,57.0,0.902408091694634,10_1,10,1,lamp,118.55796814,60.5635986328,2.81966516948,0,536.058851824,0.234553724527
UBFC_A1/Eval_On_COHFACE,COHFACE,old,COHFACE_s10_session1_lamp,14,89.0,58.0,large_error,89.0,0.9999999999999999,90.0,0.9557951817088532,88.0,0.9306728282282671,58.0,0.9999999999999996,59.0,0.9731540343981728,57.0,0.9073646755484777,10_1,10,1,lamp,118.55796814,60.5635986328,2.81966516948,0,536.058851824,0.234553724527
UBFC_A1/Eval_On_COHFACE,COHFACE,old,COHFACE_s10_session1_lamp,15,88.0,40.0,sub_harmonic_half,88.0,0.9999999999999998,87.0,0.9794417627556257,89.0,0.904427132218839,40.0,0.9999999999999996,56.0,0.8968188631174003,57.0,0.8750329565377148,10_1,10,1,lamp,118.55796814,60.5635986328,2.81966516948,0,536.058851824,0.234553724527
UBFC_A1/Eval_On_COHFACE,COHFACE,old,COHFACE_s10_session1_lamp,16,86.0,81.0,large_error,86.0,0.9999999999999998,87.0,0.9612480336074557,85.0,0.9218038886991755,81.0,0.9999999999999998,82.0,0.9684066438248852,80.0,0.9435732020488773,10_1,10,1,lamp,118.55796814,60.5635986328,2.81966516948,0,536.058851824,0.234553724527
UBFC_A1/Eval_On_COHFACE,COHFACE,old,COHFACE_s10_session1_lamp,17,86.0,45.0,sub_harmonic_half,86.0,0.9999999999999998,85.0,0.9536765063840325,87.0,0.9289691435100531,45.0,0.9999999999999998,44.0,0.9771075009139238,46.0,0.942710902598526,10_1,10,1,lamp,118.55796814,60.5635986328,2.81966516948,0,536.058851824,0.234553724527
UBFC_A1/Eval_On_COHFACE,COHFACE,old,COHFACE_s10_session1_lamp,18,87.0,82.0,large_error,87.0,0.9999999999999998,86.0,0.975991037502795,88.0,0.9141575166667614,82.0,0.9999999999999999,81.0,0.9568030107825395,83.0,0.9476693648438458,10_1,10,1,lamp,118.55796814,60.5635986328,2.81966516948,0,536.058851824,0.234553724527
UBFC_A1/Eval_On_COHFACE,COHFACE,old,COHFACE_s10_session1_lamp,19,88.0,85.0,correct,88.0,0.9999999999999998,87.0,0.9978324788157433,89.0,0.8875989936814509,85.0,0.9999999999999998,86.0,0.948776362833451,84.0,0.9333107418872381,10_1,10,1,lamp,118.55796814,60.5635986328,2.81966516948,0,536.058851824,0.234553724527
UBFC_A1/Eval_On_COHFACE,COHFACE,old,COHFACE_s10_session1_lamp,20,87.0,89.0,correct,87.0,0.9999999999999999,88.0,0.9758717928138636,86.0,0.9032811197685084,89.0,0.9999999999999999,88.0,0.9669098208812474,90.0,0.9515440360430872,10_1,10,1,lamp,118.55796814,60.5635986328,2.81966516948,0,536.058851824,0.234553724527
UBFC_A1/Eval_On_COHFACE,COHFACE,old,COHFACE_s10_session1_lamp,21,87.0,86.0,correct,87.0,0.9999999999999999,88.0,0.9761460014981214,86.0,0.9049465947078288,86.0,0.9999999999999998,87.0,0.9675602983350685,85.0,0.914768971322874,10_1,10,1,lamp,118.55796814,60.5635986328,2.81966516948,0,536.058851824,0.234553724527
UBFC_A1/Eval_On_COHFACE,COHFACE,old,COHFACE_s10_session1_lamp,22,88.0,88.0,correct,88.0,0.9999999999999999,87.0,0.970721463951517,89.0,0.9191339356632983,88.0,0.9999999999999998,87.0,0.9571856142607474,89.0,0.9473274474817626,10_1,10,1,lamp,118.55796814,60.5635986328,2.81966516948,0,536.058851824,0.234553724527
UBFC_A1/Eval_On_COHFACE,COHFACE,old,COHFACE_s10_session1_lamp,23,88.0,59.0,large_error,88.0,0.9999999999999999,89.0,0.9456817906578832,87.0,0.9372074596212284,59.0,0.9999999999999999,58.0,0.9701022552459738,60.0,0.9407643668977799,10_1,10,1,lamp,118.55796814,60.5635986328,2.81966516948,0,536.058851824,0.234553724527
UBFC_A1/Eval_On_COHFACE,COHFACE,old,COHFACE_s10_session1_lamp,24,87.0,58.0,large_error,87.0,0.9999999999999999,88.0,0.9937407168839314,86.0,0.8989647177411855,58.0,0.9999999999999997,89.0,0.9869052254437373,57.0,0.9831785579267366,10_1,10,1,lamp,118.55796814,60.5635986328,2.81966516948,0,536.058851824,0.234553724527
UBFC_A1/Eval_On_COHFACE,COHFACE,old,COHFACE_s10_session1_lamp,25,87.0,54.0,large_error,87.0,1.0,86.0,0.9516075337404025,88.0,0.9331446641135236,54.0,0.9999999999999997,53.0,0.9766293630234283,55.0,0.9268733634611769,10_1,10,1,lamp,118.55796814,60.5635986328,2.81966516948,0,536.058851824,0.234553724527
UBFC_A1/Eval_On_COHFACE,COHFACE,old,COHFACE_s10_session1_lamp,26,87.0,88.0,correct,87.0,0.9999999999999999,86.0,0.9606373178477792,88.0,0.9291540791968024,88.0,0.9999999999999996,87.0,0.9805935067019125,53.0,0.9491520611200864,10_1,10,1,lamp,118.55796814,60.5635986328,2.81966516948,0,536.058851824,0.234553724527
UBFC_A1/Eval_On_COHFACE,COHFACE,old,COHFACE_s10_session1_lamp,27,88.0,53.0,large_error,88.0,0.9999999999999999,87.0,0.998996532203038,89.0,0.8933860822669681,53.0,0.9999999999999996,52.0,0.9885812307502929,54.0,0.958827606021809,10_1,10,1,lamp,118.55796814,60.5635986328,2.81966516948,0,536.058851824,0.234553724527
UBFC_A1/Eval_On_COHFACE,COHFACE,old,COHFACE_s10_session1_lamp,28,88.0,88.0,correct,88.0,0.9999999999999999,87.0,0.9710202120768967,89.0,0.9172452583011537,88.0,0.9999999999999994,87.0,0.9425932029027765,89.0,0.9065499624541705,10_1,10,1,lamp,118.55796814,60.5635986328,2.81966516948,0,536.058851824,0.234553724527
UBFC_A1/Eval_On_COHFACE,COHFACE,old,COHFACE_s10_session1_lamp,29,87.0,74.0,large_error,87.0,0.9999999999999999,88.0,0.9626308302982339,86.0,0.9210600967002547,74.0,0.9999999999999998,75.0,0.9887959410888382,73.0,0.8701739780243197,10_1,10,1,lamp,118.55796814,60.5635986328,2.81966516948,0,536.058851824,0.234553724527
UBFC_A1/Eval_On_COHFACE,COHFACE,old,COHFACE_s10_session1_lamp,30,87.0,74.0,large_error,87.0,0.9999999999999999,86.0,0.9955304448623061,88.0,0.8852130234736947,74.0,0.9999999999999997,75.0,0.9524356364215507,73.0,0.9247240725898404,10_1,10,1,lamp,118.55796814,60.5635986328,2.81966516948,0,536.058851824,0.234553724527
UBFC_A1/Eval_On_COHFACE,COHFACE,old,COHFACE_s10_session1_lamp,31,86.0,88.0,correct,86.0,0.9999999999999999,87.0,0.9516137297063433,85.0,0.9352664530438086,88.0,0.9999999999999997,87.0,0.9848443524864363,89.0,0.9286498059776047,10_1,10,1,lamp,118.55796814,60.5635986328,2.81966516948,0,536.058851824,0.234553724527
UBFC_A1/Eval_On_COHFACE,COHFACE,old,COHFACE_s10_session1_lamp,32,85.0,69.0,large_error,85.0,0.9999999999999999,86.0,0.9527105341109324,84.0,0.9344227042123987,69.0,0.9999999999999998,68.0,0.9920939769111017,70.0,0.9201160473088084,10_1,10,1,lamp,118.55796814,60.5635986328,2.81966516948,0,536.058851824,0.234553724527
UBFC_A1/Eval_On_COHFACE,COHFACE,old,COHFACE_s10_session1_lamp,33,84.0,83.0,correct,84.0,0.9999999999999999,83.0,0.9796423658350325,85.0,0.9172687705354193,83.0,0.9999999999999998,84.0,0.9740555310535813,82.0,0.9362640755850852,10_1,10,1,lamp,118.55796814,60.5635986328,2.81966516948,0,536.058851824,0.234553724527
UBFC_A1/Eval_On_COHFACE,COHFACE,old,COHFACE_s10_session1_lamp,34,83.0,82.0,correct,83.0,0.9999999999999999,84.0,0.9577020873919584,82.0,0.9301645699880388,82.0,0.9999999999999998,83.0,0.9701947658157282,81.0,0.9235410590358443,10_1,10,1,lamp,118.55796814,60.5635986328,2.81966516948,0,536.058851824,0.234553724527
UBFC_A1/Eval_On_COHFACE,COHFACE,old,COHFACE_s10_session1_lamp,35,83.0,84.0,correct,83.0,1.0,84.0,0.9556956817910636,82.0,0.9240283298631811,84.0,0.9999999999999999,83.0,0.9983786459183092,82.0,0.8976795632161939,10_1,10,1,lamp,118.55796814,60.5635986328,2.81966516948,0,536.058851824,0.234553724527
UBFC_A1/Eval_On_COHFACE,COHFACE,old,COHFACE_s10_session1_lamp,36,83.0,83.0,correct,83.0,1.0,84.0,0.9606041538869906,82.0,0.9245110755577308,83.0,0.9999999999999999,82.0,0.9833158471669547,84.0,0.9189395884499878,10_1,10,1,lamp,118.55796814,60.5635986328,2.81966516948,0,536.058851824,0.234553724527
UBFC_A1/Eval_On_COHFACE,COHFACE,old,COHFACE_s10_session1_lamp,37,83.0,82.0,correct,83.0,1.0,82.0,0.9577088220685266,84.0,0.9328214793669375,82.0,0.9999999999999998,83.0,0.9588224074669208,81.0,0.9503787883083443,10_1,10,1,lamp,118.55796814,60.5635986328,2.81966516948,0,536.058851824,0.234553724527
UBFC_A1/Eval_On_COHFACE,COHFACE,old,COHFACE_s10_session1_lamp,38,83.0,83.0,correct,83.0,1.0,84.0,0.9502183269693819,82.0,0.9448891146890485,83.0,0.9999999999999999,82.0,0.9712728690236279,84.0,0.9455233501694668,10_1,10,1,lamp,118.55796814,60.5635986328,2.81966516948,0,536.058851824,0.234553724527
UBFC_A1/Eval_On_COHFACE,COHFACE,old,COHFACE_s10_session1_lamp,39,83.0,82.0,correct,83.0,1.0,84.0,0.9522788912728103,82.0,0.9330435567870465,82.0,0.9999999999999998,81.0,0.979611947085199,83.0,0.914477423709389,10_1,10,1,lamp,118.55796814,60.5635986328,2.81966516948,0,536.058851824,0.234553724527
UBFC_A1/Eval_On_COHFACE,COHFACE,old,COHFACE_s10_session1_lamp,40,83.0,82.0,correct,83.0,1.0,82.0,0.9608427344201892,84.0,0.9195373702917388,82.0,0.9999999999999998,81.0,0.9496631377238692,83.0,0.9445256463658599,10_1,10,1,lamp,118.55796814,60.5635986328,2.81966516948,0,536.058851824,0.234553724527
UBFC_A1/Eval_On_COHFACE,COHFACE,old,COHFACE_s10_session1_lamp,41,82.0,81.0,correct,82.0,1.0,83.0,0.9799873218186358,81.0,0.9046719666218188,81.0,0.9999999999999998,82.0,0.9971846715661664,80.0,0.9131855158573857,10_1,10,1,lamp,118.55796814,60.5635986328,2.81966516948,0,536.058851824,0.234553724527
UBFC_A1/Eval_On_COHFACE,COHFACE,old,COHFACE_s10_session1_lamp,42,82.0,80.0,correct,82.0,1.0,81.0,0.9945419229315944,83.0,0.8950950317422743,80.0,0.9999999999999998,40.0,0.9692833903090079,81.0,0.9637101868920834,10_1,10,1,lamp,118.55796814,60.5635986328,2.81966516948,0,536.058851824,0.234553724527
UBFC_A1/Eval_On_COHFACE,COHFACE,old,COHFACE_s10_session1_lamp,43,81.0,80.0,correct,81.0,0.9999999999999999,80.0,0.988042013464215,82.0,0.9077835263313123,80.0,0.9999999999999998,81.0,0.9423704936016823,79.0,0.9368203735818148,10_1,10,1,lamp,118.55796814,60.5635986328,2.81966516948,0,536.058851824,0.234553724527
UBFC_A1/Eval_On_COHFACE,COHFACE,old,COHFACE_s10_session1_lamp,44,80.0,77.0,correct,80.0,1.0,79.0,0.982495360634393,81.0,0.9007264913583993,77.0,0.9999999999999998,76.0,0.9444730133232706,78.0,0.9376604616480354,10_1,10,1,lamp,118.55796814,60.5635986328,2.81966516948,0,536.058851824,0.234553724527
UBFC_A1/Eval_On_COHFACE,COHFACE,old,COHFACE_s10_session1_lamp,45,78.0,80.0,correct,78.0,1.0,79.0,0.9545774920890008,77.0,0.9350583267696314,80.0,0.9999999999999998,81.0,0.9976722893723161,79.0,0.8666210698306508,10_1,10,1,lamp,118.55796814,60.5635986328,2.81966516948,0,536.058851824,0.234553724527
UBFC_A1/Eval_On_COHFACE,COHFACE,old,COHFACE_s10_session1_lamp,46,77.0,80.0,correct,77.0,1.0,78.0,0.9720695214763607,76.0,0.9134500065622042,80.0,0.9999999999999999,81.0,0.9869436129568528,79.0,0.901939778235226,10_1,10,1,lamp,118.55796814,60.5635986328,2.81966516948,0,536.058851824,0.234553724527
UBFC_A1/Eval_On_COHFACE,COHFACE,old,COHFACE_s10_session1_lamp,47,76.0,77.0,correct,76.0,1.0,77.0,0.9876175984499307,75.0,0.8959116310043727,77.0,0.9999999999999998,76.0,0.9657481600552381,78.0,0.9385654829703987,10_1,10,1,lamp,118.55796814,60.5635986328,2.81966516948,0,536.058851824,0.234553724527
UBFC_A1/Eval_On_COHFACE,COHFACE,old,COHFACE_s10_session1_lamp,48,76.0,79.0,correct,76.0,1.0,75.0,0.9581218072935442,77.0,0.9283958882680589,79.0,0.9999999999999999,80.0,0.9686948573391599,78.0,0.9378652748350553,10_1,10,1,lamp,118.55796814,60.5635986328,2.81966516948,0,536.058851824,0.234553724527
UBFC_A1/Eval_On_COHFACE,COHFACE,old,COHFACE_s10_session1_lamp,49,75.0,79.0,large_error,75.0,1.0,76.0,0.98030805435475,74.0,0.9106409925249996,79.0,0.9999999999999999,80.0,0.998698415826314,78.0,0.9138856757488932,10_1,10,1,lamp,118.55796814,60.5635986328,2.81966516948,0,536.058851824,0.234553724527
UBFC_A1/Eval_On_COHFACE,COHFACE,old,COHFACE_s10_session1_lamp,50,75.0,78.0,correct,75.0,1.0,74.0,0.9549093556147594,76.0,0.9337148848442016,78.0,0.9999999999999998,77.0,0.9938885215345772,79.0,0.9215808121837067,10_1,10,1,lamp,118.55796814,60.5635986328,2.81966516948,0,536.058851824,0.234553724527
UBFC_A1/Eval_On_COHFACE,COHFACE,old,COHFACE_s10_session2_natural,0,83.0,81.0,correct,83.0,0.9999999999999999,82.0,0.939209809362826,84.0,0.9304273818042946,81.0,0.9999999999999998,80.0,0.999604024288116,40.0,0.9050836178254184,10_2,10,2,natural,110.702285767,67.4710769653,7.20611771727,0,654.046432598,0.191064342856
UBFC_A1/Eval_On_COHFACE,COHFACE,old,COHFACE_s10_session2_natural,1,83.0,81.0,correct,83.0,0.9999999999999999,82.0,0.9508891039522414,84.0,0.9380416129174903,81.0,0.9999999999999998,80.0,0.9609832983027755,82.0,0.93014418242833,10_2,10,2,natural,110.702285767,67.4710769653,7.20611771727,0,654.046432598,0.191064342856
UBFC_A1/Eval_On_COHFACE,COHFACE,old,COHFACE_s10_session2_natural,2,83.0,81.0,correct,83.0,0.9999999999999999,82.0,0.9865077481493864,84.0,0.9041986051408138,81.0,0.9999999999999999,80.0,0.9663567166095018,82.0,0.955000541342925,10_2,10,2,natural,110.702285767,67.4710769653,7.20611771727,0,654.046432598,0.191064342856
UBFC_A1/Eval_On_COHFACE,COHFACE,old,COHFACE_s10_session2_natural,3,82.0,81.0,correct,82.0,0.9999999999999999,81.0,0.9485618782398527,83.0,0.9402110903267384,81.0,0.9999999999999999,80.0,0.990349682948858,82.0,0.8974678429120142,10_2,10,2,natural,110.702285767,67.4710769653,7.20611771727,0,654.046432598,0.191064342856
UBFC_A1/Eval_On_COHFACE,COHFACE,old,COHFACE_s10_session2_natural,4,81.0,81.0,correct,81.0,0.9999999999999999,82.0,0.9484125414198481,80.0,0.9426312807385544,81.0,0.9999999999999999,82.0,0.9970477345491737,80.0,0.9027580751704558,10_2,10,2,natural,110.702285767,67.4710769653,7.20611771727,0,654.046432598,0.191064342856
UBFC_A1/Eval_On_COHFACE,COHFACE,old,COHFACE_s10_session2_natural,5,81.0,80.0,correct,81.0,0.9999999999999999,80.0,0.9781012559353535,82.0,0.9103113026391447,80.0,0.9999999999999999,81.0,0.9825788734142097,79.0,0.934579598639063,10_2,10,2,natural,110.702285767,67.4710769653,7.20611771727,0,654.046432598,0.191064342856
UBFC_A1/Eval_On_COHFACE,COHFACE,old,COHFACE_s10_session2_natural,6,80.0,81.0,correct,80.0,0.9999999999999999,81.0,0.9985274845900199,79.0,0.8985499181991458,81.0,0.9999999999999999,80.0,0.9788831212694395,82.0,0.9144378218561923,10_2,10,2,natural,110.702285767,67.4710769653,7.20611771727,0,654.046432598,0.191064342856
UBFC_A1/Eval_On_COHFACE,COHFACE,old,COHFACE_s10_session2_natural,7,81.0,81.0,correct,81.0,0.9999999999999999,80.0,0.9494207781193158,82.0,0.9358557235899876,81.0,0.9999999999999998,80.0,0.9819650803846472,82.0,0.9286488772642472,10_2,10,2,natural,110.702285767,67.4710769653,7.20611771727,0,654.046432598,0.191064342856
UBFC_A1/Eval_On_COHFACE,COHFACE,old,COHFACE_s10_session2_natural,8,81.0,82.0,correct,81.0,1.0,82.0,0.9592658963099652,80.0,0.9180364866979626,82.0,0.9999999999999998,83.0,0.956965840320268,81.0,0.9429301706349805,10_2,10,2,natural,110.702285767,67.4710769653,7.20611771727,0,654.046432598,0.191064342856
UBFC_A1/Eval_On_COHFACE,COHFACE,old,COHFACE_s10_session2_natural,9,81.0,82.0,correct,81.0,1.0,82.0,0.9834505113523604,80.0,0.8977597345155218,82.0,0.9999999999999999,81.0,0.9925929408899344,83.0,0.886965056823202,10_2,10,2,natural,110.702285767,67.4710769653,7.20611771727,0,654.046432598,0.191064342856
UBFC_A1/Eval_On_COHFACE,COHFACE,old,COHFACE_s10_session2_natural,10,81.0,82.0,correct,81.0,1.0,82.0,0.9890572825827353,80.0,0.9002180579902791,82.0,0.9999999999999999,83.0,0.979799060739655,81.0,0.9201598308045618,10_2,10,2,natural,110.702285767,67.4710769653,7.20611771727,0,654.046432598,0.191064342856
UBFC_A1/Eval_On_COHFACE,COHFACE,old,COHFACE_s10_session2_natural,11,81.0,82.0,correct,81.0,1.0,82.0,0.9749362741859814,80.0,0.9154879670338739,82.0,0.9999999999999999,81.0,0.9756730550924216,83.0,0.9684130172370139,10_2,10,2,natural,110.702285767,67.4710769653,7.20611771727,0,654.046432598,0.191064342856
UBFC_A1/Eval_On_COHFACE,COHFACE,old,COHFACE_s10_session2_natural,12,81.0,82.0,correct,81.0,1.0,82.0,0.9577375461154101,80.0,0.9337145811548654,82.0,0.9999999999999998,83.0,0.9876907295579871,81.0,0.8988271205952835,10_2,10,2,natural,110.702285767,67.4710769653,7.20611771727,0,654.046432598,0.191064342856
UBFC_A1/Eval_On_COHFACE,COHFACE,old,COHFACE_s10_session2_natural,13,82.0,84.0,correct,82.0,0.9999999999999999,83.0,0.9553859181041439,81.0,0.9299339525223882,84.0,0.9999999999999998,83.0,0.9625686104514597,85.0,0.9026765202145652,10_2,10,2,natural,110.702285767,67.4710769653,7.20611771727,0,654.046432598,0.191064342856
UBFC_A1/Eval_On_COHFACE,COHFACE,old,COHFACE_s10_session2_natural,14,83.0,83.0,correct,83.0,1.0,82.0,0.9836932216249671,84.0,0.8953859951906568,83.0,0.9999999999999998,82.0,0.987716050160435,72.0,0.9853227415257632,10_2,10,2,natural,110.702285767,67.4710769653,7.20611771727,0,654.046432598,0.191064342856
UBFC_A1/Eval_On_COHFACE,COHFACE,old,COHFACE_s10_session2_natural,15,83.0,61.0,large_error,83.0,1.0,84.0,0.9492893015838176,82.0,0.9308728447100906,61.0,0.9999999999999997,61.99999999999999,0.9764065839690403,60.0,0.8869198552002906,10_2,10,2,natural,110.702285767,67.4710769653,7.20611771727,0,654.046432598,0.191064342856
UBFC_A1/Eval_On_COHFACE,COHFACE,old,COHFACE_s10_session2_natural,16,84.0,50.0,large_error,84.0,1.0,83.0,0.9974187189366077,85.0,0.8957628820157083,50.0,0.9999999999999998,51.0,0.9766599040607353,49.0,0.9650833706304763,10_2,10,2,natural,110.702285767,67.4710769653,7.20611771727,0,654.046432598,0.191064342856
UBFC_A1/Eval_On_COHFACE,COHFACE,old,COHFACE_s10_session2_natural,17,84.0,49.0,sub_harmonic_half,84.0,1.0,83.0,0.9466970808170474,85.0,0.9407888142037655,49.0,0.9999999999999998,48.0,0.9669112345285918,50.0,0.9566724688625132,10_2,10,2,natural,110.702285767,67.4710769653,7.20611771727,0,654.046432598,0.191064342856
UBFC_A1/Eval_On_COHFACE,COHFACE,old,COHFACE_s10_session2_natural,18,84.0,96.0,large_error,84.0,1.0,85.0,0.9822537774384665,83.0,0.9098919943132134,96.0,0.9999999999999998,95.0,0.972143146052252,97.0,0.9091845512779498,10_2,10,2,natural,110.702285767,67.4710769653,7.20611771727,0,654.046432598,0.191064342856
UBFC_A1/Eval_On_COHFACE,COHFACE,old,COHFACE_s10_session2_natural,19,84.0,82.0,correct,84.0,1.0,85.0,0.9975633784708898,83.0,0.8850627137302617,82.0,0.9999999999999996,83.0,0.9846758029787228,96.0,0.9660150716807995,10_2,10,2,natural,110.702285767,67.4710769653,7.20611771727,0,654.046432598,0.191064342856
UBFC_A1/Eval_On_COHFACE,COHFACE,old,COHFACE_s10_session2_natural,20,84.0,84.0,correct,84.0,1.0,83.0,0.9465456418082837,85.0,0.9300868241298498,84.0,0.9999999999999997,83.0,0.960571669901748,85.0,0.8800318988915433,10_2,10,2,natural,110.702285767,67.4710769653,7.20611771727,0,654.046432598,0.191064342856
UBFC_A1/Eval_On_COHFACE,COHFACE,old,COHFACE_s10_session2_natural,21,84.0,60.0,large_error,84.0,1.0,83.0,0.9487816632940944,85.0,0.9367669722141181,60.0,0.9999999999999996,61.0,0.9916342144242077,91.0,0.9325644306705517,10_2,10,2,natural,110.702285767,67.4710769653,7.20611771727,0,654.046432598,0.191064342856
UBFC_A1/Eval_On_COHFACE,COHFACE,old,COHFACE_s10_session2_natural,22,84.0,82.0,correct,84.0,0.9999999999999999,83.0,0.9974654503192426,85.0,0.8913843412973305,82.0,0.9999999999999998,81.0,0.9906113564809653,83.0,0.922224877909783,10_2,10,2,natural,110.702285767,67.4710769653,7.20611771727,0,654.046432598,0.191064342856
UBFC_A1/Eval_On_COHFACE,COHFACE,old,COHFACE_s10_session2_natural,23,83.0,59.0,large_error,83.0,0.9999999999999999,84.0,0.9463140798069188,82.0,0.9413243311950783,59.0,0.9999999999999998,58.0,0.9940014319164276,60.0,0.8653141724488603,10_2,10,2,natural,110.702285767,67.4710769653,7.20611771727,0,654.046432598,0.191064342856
UBFC_A1/Eval_On_COHFACE,COHFACE,old,COHFACE_s10_session2_natural,24,83.0,82.0,correct,83.0,1.0,82.0,0.9937274932112183,84.0,0.8940863971080578,82.0,0.9999999999999998,81.0,0.9826370384457591,83.0,0.9108029298759942,10_2,10,2,natural,110.702285767,67.4710769653,7.20611771727,0,654.046432598,0.191064342856
UBFC_A1/Eval_On_COHFACE,COHFACE,old,COHFACE_s10_session2_natural,25,83.0,81.0,correct,83.0,1.0,82.0,0.9969618137276973,84.0,0.8874080985467512,81.0,0.9999999999999999,82.0,0.974708250955935,80.0,0.8848653216551482,10_2,10,2,natural,110.702285767,67.4710769653,7.20611771727,0,654.046432598,0.191064342856
UBFC_A1/Eval_On_COHFACE,COHFACE,old,COHFACE_s10_session2_natural,26,83.0,81.0,correct,83.0,0.9999999999999999,84.0,0.9903278135513444,82.0,0.8990753418023043,81.0,0.9999999999999998,82.0,0.995630771775927,80.0,0.9055922424137294,10_2,10,2,natural,110.702285767,67.4710769653,7.20611771727,0,654.046432598,0.191064342856
UBFC_A1/Eval_On_COHFACE,COHFACE,old,COHFACE_s10_session2_natural,27,85.0,82.0,correct,85.0,0.9999999999999999,84.0,0.9928133403950546,86.0,0.8964657960820209,82.0,0.9999999999999998,81.0,0.9692482023833754,83.0,0.9569527857036335,10_2,10,2,natural,110.702285767,67.4710769653,7.20611771727,0,654.046432598,0.191064342856
UBFC_A1/Eval_On_COHFACE,COHFACE,old,COHFACE_s10_session2_natural,28,86.0,84.0,correct,86.0,0.9999999999999999,85.0,0.9671700265560426,87.0,0.9246547090604306,84.0,0.9999999999999998,83.0,0.9779779296157203,85.0,0.8922282184669109,10_2,10,2,natural,110.702285767,67.4710769653,7.20611771727,0,654.046432598,0.191064342856
UBFC_A1/Eval_On_COHFACE,COHFACE,old,COHFACE_s10_session2_natural,29,87.0,48.0,sub_harmonic_half,87.0,0.9999999999999999,86.0,0.9899607730586449,88.0,0.8951517509664643,48.0,0.9999999999999998,47.0,0.9313129867080273,49.0,0.8796175264104783,10_2,10,2,natural,110.702285767,67.4710769653,7.20611771727,0,654.046432598,0.191064342856
UBFC_A1/Eval_On_COHFACE,COHFACE,old,COHFACE_s10_session2_natural,30,87.0,48.0,sub_harmonic_half,87.0,1.0,86.0,0.9412777229832414,88.0,0.9376014198708327,48.0,0.9999999999999996,47.0,0.9516232563242222,49.0,0.9209121423188149,10_2,10,2,natural,110.702285767,67.4710769653,7.20611771727,0,654.046432598,0.191064342856
UBFC_A1/Eval_On_COHFACE,COHFACE,old,COHFACE_s10_session2_natural,31,87.0,89.0,correct,87.0,1.0,86.0,0.9479744488088157,88.0,0.935131306517952,89.0,0.9999999999999998,88.0,0.9949870586788583,90.0,0.9001114239649237,10_2,10,2,natural,110.702285767,67.4710769653,7.20611771727,0,654.046432598,0.191064342856
UBFC_A1/Eval_On_COHFACE,COHFACE,old,COHFACE_s10_session2_natural,32,86.0,48.0,sub_harmonic_half,86.0,1.0,87.0,0.9520791458971896,85.0,0.932427129761021,48.0,0.9999999999999999,47.0,0.9880924831676622,49.0,0.9593616477883798,10_2,10,2,natural,110.702285767,67.4710769653,7.20611771727,0,654.046432598,0.191064342856
UBFC_A1/Eval_On_COHFACE,COHFACE,old,COHFACE_s10_session2_natural,33,85.0,90.0,large_error,85.0,0.9999999999999999,86.0,0.9836749196401643,84.0,0.9138948313615,90.0,0.9999999999999997,89.0,0.9687585775572697,91.0,0.9259560754912292,10_2,10,2,natural,110.702285767,67.4710769653,7.20611771727,0,654.046432598,0.191064342856
UBFC_A1/Eval_On_COHFACE,COHFACE,old,COHFACE_s10_session2_natural,34,85.0,45.0,sub_harmonic_half,85.0,1.0,84.0,0.9761513029824123,86.0,0.9188832146307736,45.0,0.9999999999999999,46.0,0.996888162853944,44.0,0.928587831321911,10_2,10,2,natural,110.702285767,67.4710769653,7.20611771727,0,654.046432598,0.191064342856
UBFC_A1/Eval_On_COHFACE,COHFACE,old,COHFACE_s10_session2_natural,35,85.0,45.0,sub_harmonic_half,85.0,1.0,84.0,0.986459559286946,86.0,0.9007342885277698,45.0,0.9999999999999999,44.0,0.9913420760071441,46.0,0.9036412771363381,10_2,10,2,natural,110.702285767,67.4710769653,7.20611771727,0,654.046432598,0.191064342856
UBFC_A1/Eval_On_COHFACE,COHFACE,old,COHFACE_s10_session2_natural,36,85.0,79.0,large_error,85.0,1.0,84.0,0.9880115797735669,86.0,0.898421529945581,79.0,0.9999999999999997,78.0,0.9885631302528717,80.0,0.9099989736190754,10_2,10,2,natural,110.702285767,67.4710769653,7.20611771727,0,654.046432598,0.191064342856
UBFC_A1/Eval_On_COHFACE,COHFACE,old,COHFACE_s10_session2_natural,37,84.0,82.0,correct,84.0,1.0,85.0,0.9962770358043711,83.0,0.8851454576752197,82.0,0.9999999999999999,83.0,0.9922399488123905,81.0,0.906977928502714,10_2,10,2,natural,110.702285767,67.4710769653,7.20611771727,0,654.046432598,0.191064342856
UBFC_A1/Eval_On_COHFACE,COHFACE,old,COHFACE_s10_session2_natural,38,85.0,82.0,correct,85.0,1.0,84.0,0.9832994567591208,86.0,0.9061967636955754,82.0,0.9999999999999999,81.0,0.9635346943501465,83.0,0.9486127423434786,10_2,10,2,natural,110.702285767,67.4710769653,7.20611771727,0,654.046432598,0.191064342856
UBFC_A1/Eval_On_COHFACE,COHFACE,old,COHFACE_s10_session2_natural,39,84.0,82.0,correct,84.0,0.9999999999999999,85.0,0.9737237995800081,83.0,0.9076215494276355,82.0,0.9999999999999999,83.0,0.9770649242923878,81.0,0.9304205151250968,10_2,10,2,natural,110.702285767,67.4710769653,7.20611771727,0,654.046432598,0.191064342856
UBFC_A1/Eval_On_COHFACE,COHFACE,old,COHFACE_s10_session2_natural,40,83.0,84.0,correct,83.0,1.0,84.0,0.977553747433954,82.0,0.9054896200542716,84.0,0.9999999999999999,83.0,0.9787755579873194,85.0,0.9552731299036699,10_2,10,2,natural,110.702285767,67.4710769653,7.20611771727,0,654.046432598,0.191064342856
UBFC_A1/Eval_On_COHFACE,COHFACE,old,COHFACE_s10_session2_natural,41,82.0,82.0,correct,82.0,1.0,83.0,0.9684955572779693,81.0,0.9180551394629483,82.0,0.9999999999999998,81.0,0.9535286058445265,83.0,0.939462358066811,10_2,10,2,natural,110.702285767,67.4710769653,7.20611771727,0,654.046432598,0.191064342856
UBFC_A1/Eval_On_COHFACE,COHFACE,old,COHFACE_s10_session2_natural,42,81.0,82.0,correct,81.0,1.0,82.0,0.9511099900812694,80.0,0.9283585784658505,82.0,0.9999999999999998,83.0,0.9266393980687485,81.0,0.9119270583477745,10_2,10,2,natural,110.702285767,67.4710769653,7.20611771727,0,654.046432598,0.191064342856
UBFC_A1/Eval_On_COHFACE,COHFACE,old,COHFACE_s10_session2_natural,43,81.0,82.0,correct,81.0,1.0,80.0,0.9529894645641338,82.0,0.9352513203707439,82.0,0.9999999999999997,81.0,0.9815960928681781,91.0,0.8804907349789597,10_2,10,2,natural,110.702285767,67.4710769653,7.20611771727,0,654.046432598,0.191064342856
UBFC_A1/Eval_On_COHFACE,COHFACE,old,COHFACE_s10_session2_natural,44,81.0,79.0,correct,81.0,1.0,82.0,0.9524250635068897,80.0,0.9400973445507967,79.0,0.9999999999999999,80.0,0.9816134356684104,78.0,0.8956750062371518,10_2,10,2,natural,110.702285767,67.4710769653,7.20611771727,0,654.046432598,0.191064342856
UBFC_A1/Eval_On_COHFACE,COHFACE,old,COHFACE_s10_session2_natural,45,81.0,80.0,correct,81.0,1.0,82.0,0.9488947389887189,80.0,0.9386791630637741,80.0,0.9999999999999998,79.0,0.9989614417700863,78.0,0.9391961497147323,10_2,10,2,natural,110.702285767,67.4710769653,7.20611771727,0,654.046432598,0.191064342856
UBFC_A1/Eval_On_COHFACE,COHFACE,old,COHFACE_s10_session2_natural,46,81.0,82.0,correct,81.0,1.0,82.0,0.9666086084365629,80.0,0.9120070402380509,82.0,0.9999999999999996,83.0,0.988816198859322,81.0,0.9777017328259616,10_2,10,2,natural,110.702285767,67.4710769653,7.20611771727,0,654.046432598,0.191064342856
UBFC_A1/Eval_On_COHFACE,COHFACE,old,COHFACE_s10_session2_natural,47,81.0,82.0,correct,81.0,1.0,82.0,0.9645730482679508,80.0,0.920937907218987,82.0,0.9999999999999998,83.0,0.9622888334147525,81.0,0.9386406267204783,10_2,10,2,natural,110.702285767,67.4710769653,7.20611771727,0,654.046432598,0.191064342856
UBFC_A1/Eval_On_COHFACE,COHFACE,old,COHFACE_s10_session2_natural,48,81.0,59.0,large_error,81.0,1.0,80.0,0.9471658404995396,82.0,0.9430118668011342,59.0,0.9999999999999998,60.0,0.9685681045256996,82.0,0.9597590039267581,10_2,10,2,natural,110.702285767,67.4710769653,7.20611771727,0,654.046432598,0.191064342856
UBFC_A1/Eval_On_COHFACE,COHFACE,old,COHFACE_s10_session2_natural,49,81.0,60.0,large_error,81.0,1.0,80.0,0.9650404178886026,82.0,0.9220059505750444,60.0,0.9999999999999999,61.0,0.9584622037088316,59.0,0.936525982674805,10_2,10,2,natural,110.702285767,67.4710769653,7.20611771727,0,654.046432598,0.191064342856
UBFC_A1/Eval_On_COHFACE,COHFACE,old,COHFACE_s10_session2_natural,50,81.0,59.0,large_error,81.0,1.0,80.0,0.9853488251739679,82.0,0.9066248607387692,59.0,0.9999999999999999,60.0,0.9800223295472269,58.0,0.9017580938065634,10_2,10,2,natural,110.702285767,67.4710769653,7.20611771727,0,654.046432598,0.191064342856
UBFC_A1/Eval_On_COHFACE,COHFACE,old,COHFACE_s10_session3_natural,0,84.0,82.0,correct,84.0,0.9999999999999999,83.0,0.9667927829946801,85.0,0.921067100405913,82.0,0.9999999999999998,81.0,0.9622146219780252,83.0,0.9391612122403461,10_3,10,3,natural,108.201499939,67.31665802,8.01654032853,0,638.791926248,0.207592114806
UBFC_A1/Eval_On_COHFACE,COHFACE,old,COHFACE_s10_session3_natural,1,83.0,82.0,correct,83.0,0.9999999999999999,84.0,0.9480979974195711,82.0,0.9462049223929924,82.0,0.9999999999999999,83.0,0.9837377684988909,81.0,0.8985724073756883,10_3,10,3,natural,108.201499939,67.31665802,8.01654032853,0,638.791926248,0.207592114806
UBFC_A1/Eval_On_COHFACE,COHFACE,old,COHFACE_s10_session3_natural,2,84.0,48.0,sub_harmonic_half,84.0,0.9999999999999999,83.0,0.9983991831113163,82.0,0.8925848593976982,48.0,0.9999999999999999,47.0,0.988012038514148,49.0,0.8780147627218388,10_3,10,3,natural,108.201499939,67.31665802,8.01654032853,0,638.791926248,0.207592114806
UBFC_A1/Eval_On_COHFACE,COHFACE,old,COHFACE_s10_session3_natural,3,85.0,48.0,sub_harmonic_half,85.0,0.9999999999999999,84.0,0.9938663622404629,86.0,0.8948944007201927,48.0,0.9999999999999998,49.0,0.9464262666774999,47.0,0.9393888494035185,10_3,10,3,natural,108.201499939,67.31665802,8.01654032853,0,638.791926248,0.207592114806
UBFC_A1/Eval_On_COHFACE,COHFACE,old,COHFACE_s10_session3_natural,4,86.0,50.0,sub_harmonic_half,86.0,0.9999999999999999,85.0,0.9995303514957503,87.0,0.8854984720223297,50.0,0.9999999999999998,51.0,0.9593833886389291,49.0,0.9404674309022651,10_3,10,3,natural,108.201499939,67.31665802,8.01654032853,0,638.791926248,0.207592114806
UBFC_A1/Eval_On_COHFACE,COHFACE,old,COHFACE_s10_session3_natural,5,87.0,49.0,sub_harmonic_half,87.0,0.9999999999999999,86.0,0.9787022555171451,88.0,0.904303100149212,49.0,0.9999999999999999,48.0,0.9775391828591962,50.0,0.9279994696387348,10_3,10,3,natural,108.201499939,67.31665802,8.01654032853,0,638.791926248,0.207592114806
UBFC_A1/Eval_On_COHFACE,COHFACE,old,COHFACE_s10_session3_natural,6,87.0,45.0,sub_harmonic_half,87.0,0.9999999999999999,88.0,0.9626665453849405,86.0,0.919604044352602,45.0,0.9999999999999999,44.0,0.9993305249533886,43.0,0.9039094444500738,10_3,10,3,natural,108.201499939,67.31665802,8.01654032853,0,638.791926248,0.207592114806
UBFC_A1/Eval_On_COHFACE,COHFACE,old,COHFACE_s10_session3_natural,7,86.0,45.0,sub_harmonic_half,86.0,0.9999999999999998,87.0,0.9623588423807278,85.0,0.9232024428233302,45.0,0.9999999999999998,44.0,0.95734947033721,46.0,0.9427496165495931,10_3,10,3,natural,108.201499939,67.31665802,8.01654032853,0,638.791926248,0.207592114806
UBFC_A1/Eval_On_COHFACE,COHFACE,old,COHFACE_s10_session3_natural,8,84.0,44.0,sub_harmonic_half,84.0,0.9999999999999998,85.0,0.9695808988855515,83.0,0.9201461539311993,44.0,0.9999999999999999,45.0,0.9666401980521538,43.0,0.9331303321766815,10_3,10,3,natural,108.201499939,67.31665802,8.01654032853,0,638.791926248,0.207592114806
UBFC_A1/Eval_On_COHFACE,COHFACE,old,COHFACE_s10_session3_natural,9,83.0,42.0,sub_harmonic_half,83.0,0.9999999999999999,82.0,0.9734019352843014,84.0,0.9208117766193415,42.0,0.9999999999999998,41.0,0.9458799957414344,43.0,0.9455804232085141,10_3,10,3,natural,108.201499939,67.31665802,8.01654032853,0,638.791926248,0.207592114806
UBFC_A1/Eval_On_COHFACE,COHFACE,old,COHFACE_s10_session3_natural,10,81.0,82.0,correct,81.0,0.9999999999999999,82.0,0.9514331536190818,80.0,0.9370631360286269,82.0,0.9999999999999999,81.0,0.950405783435931,83.0,0.9376078152764394,10_3,10,3,natural,108.201499939,67.31665802,8.01654032853,0,638.791926248,0.207592114806
UBFC_A1/Eval_On_COHFACE,COHFACE,old,COHFACE_s10_session3_natural,11,80.0,83.0,correct,80.0,1.0,81.0,0.9865276762487776,79.0,0.9077004084890137,83.0,0.9999999999999998,82.0,0.9838203254202381,84.0,0.9241456128567745,10_3,10,3,natural,108.201499939,67.31665802,8.01654032853,0,638.791926248,0.207592114806
UBFC_A1/Eval_On_COHFACE,COHFACE,old,COHFACE_s10_session3_natural,12,80.0,82.0,correct,80.0,1.0,81.0,0.9904898548773027,79.0,0.9024627836694556,82.0,0.9999999999999998,83.0,0.9504284488592277,81.0,0.9426342094634673,10_3,10,3,natural,108.201499939,67.31665802,8.01654032853,0,638.791926248,0.207592114806
UBFC_A1/Eval_On_COHFACE,COHFACE,old,COHFACE_s10_session3_natural,13,82.0,82.0,correct,82.0,0.9999999999999999,81.0,0.9632148015117127,83.0,0.924911299859066,82.0,0.9999999999999999,83.0,0.9424323113185966,81.0,0.9327545515097909,10_3,10,3,natural,108.201499939,67.31665802,8.01654032853,0,638.791926248,0.207592114806
UBFC_A1/Eval_On_COHFACE,COHFACE,old,COHFACE_s10_session3_natural,14,83.0,81.0,correct,83.0,0.9999999999999999,82.0,0.9990809068752285,84.0,0.8881820716391177,81.0,0.9999999999999999,82.0,0.9838557335205341,80.0,0.929676268165919,10_3,10,3,natural,108.201499939,67.31665802,8.01654032853,0,638.791926248,0.207592114806
UBFC_A1/Eval_On_COHFACE,COHFACE,old,COHFACE_s10_session3_natural,15,83.0,82.0,correct,83.0,1.0,82.0,0.9656260438687324,84.0,0.9217348926768509,82.0,0.9999999999999999,81.0,0.9648681521292669,83.0,0.9039493894543641,10_3,10,3,natural,108.201499939,67.31665802,8.01654032853,0,638.791926248,0.207592114806
UBFC_A1/Eval_On_COHFACE,COHFACE,old,COHFACE_s10_session3_natural,16,83.0,82.0,correct,83.0,1.0,84.0,0.9880992721089147,82.0,0.8965264340877357,82.0,0.9999999999999999,83.0,0.9433356605712568,81.0,0.9255005106967633,10_3,10,3,natural,108.201499939,67.31665802,8.01654032853,0,638.791926248,0.207592114806
UBFC_A1/Eval_On_COHFACE,COHFACE,old,COHFACE_s10_session3_natural,17,83.0,81.0,correct,83.0,1.0,84.0,0.9814014902715266,82.0,0.9006995833002979,81.0,0.9999999999999999,82.0,0.965226608425219,80.0,0.9348676062220159,10_3,10,3,natural,108.201499939,67.31665802,8.01654032853,0,638.791926248,0.207592114806
UBFC_A1/Eval_On_COHFACE,COHFACE,old,COHFACE_s10_session3_natural,18,82.0,82.0,correct,82.0,1.0,83.0,0.9856636001753828,81.0,0.9035951903289181,82.0,0.9999999999999999,83.0,0.9785928814776883,81.0,0.9296010253579802,10_3,10,3,natural,108.201499939,67.31665802,8.01654032853,0,638.791926248,0.207592114806
UBFC_A1/Eval_On_COHFACE,COHFACE,old,COHFACE_s10_session3_natural,19,82.0,83.0,correct,82.0,1.0,81.0,0.9882152062954535,83.0,0.9035663748651763,83.0,0.9999999999999998,84.0,0.9883712722873895,82.0,0.9302202995288289,10_3,10,3,natural,108.201499939,67.31665802,8.01654032853,0,638.791926248,0.207592114806
UBFC_A1/Eval_On_COHFACE,COHFACE,old,COHFACE_s10_session3_natural,20,81.0,82.0,correct,81.0,1.0,82.0,0.9581657306242412,80.0,0.9320481589561377,82.0,0.9999999999999999,81.0,0.9885486637042528,83.0,0.8945609829261127,10_3,10,3,natural,108.201499939,67.31665802,8.01654032853,0,638.791926248,0.207592114806
UBFC_A1/Eval_On_COHFACE,COHFACE,old,COHFACE_s10_session3_natural,21,81.0,67.0,large_error,81.0,1.0,82.0,0.9608444199638952,80.0,0.9289079380600904,67.0,0.9999999999999998,68.0,0.9668920532647471,66.0,0.9230663817204962,10_3,10,3,natural,108.201499939,67.31665802,8.01654032853,0,638.791926248,0.207592114806
UBFC_A1/Eval_On_COHFACE,COHFACE,old,COHFACE_s10_session3_natural,22,81.0,84.0,correct,81.0,1.0,82.0,0.9687637662976869,80.0,0.9112245245099154,84.0,0.9999999999999999,83.0,0.9844299561450996,85.0,0.8972917112944153,10_3,10,3,natural,108.201499939,67.31665802,8.01654032853,0,638.791926248,0.207592114806
UBFC_A1/Eval_On_COHFACE,COHFACE,old,COHFACE_s10_session3_natural,23,81.0,66.0,large_error,81.0,1.0,80.0,0.9469155186506538,82.0,0.9386926594995035,66.0,0.9999999999999998,65.0,0.9510599034773818,67.0,0.9249427435580442,10_3,10,3,natural,108.201499939,67.31665802,8.01654032853,0,638.791926248,0.207592114806
UBFC_A1/Eval_On_COHFACE,COHFACE,old,COHFACE_s10_session3_natural,24,81.0,67.0,large_error,81.0,1.0,82.0,0.9874089637682708,80.0,0.900104838926556,67.0,0.9999999999999998,68.0,0.9924820248121855,66.0,0.9121190164819037,10_3,10,3,natural,108.201499939,67.31665802,8.01654032853,0,638.791926248,0.207592114806
UBFC_A1/Eval_On_COHFACE,COHFACE,old,COHFACE_s10_session3_natural,25,82.0,68.0,large_error,82.0,1.0,81.0,0.9891795388439504,83.0,0.8950785246318684,68.0,0.9999999999999998,67.0,0.950457054195792,69.0,0.9498342837565767,10_3,10,3,natural,108.201499939,67.31665802,8.01654032853,0,638.791926248,0.207592114806
UBFC_A1/Eval_On_COHFACE,COHFACE,old,COHFACE_s10_session3_natural,26,81.0,53.0,large_error,81.0,1.0,82.0,0.99939109215773,80.0,0.8898435972949015,53.0,0.9999999999999998,54.0,0.9956198714028143,52.0,0.9192528600579633,10_3,10,3,natural,108.201499939,67.31665802,8.01654032853,0,638.791926248,0.207592114806
UBFC_A1/Eval_On_COHFACE,COHFACE,old,COHFACE_s10_session3_natural,27,81.0,69.0,large_error,81.0,1.0,82.0,0.9957357790693329,80.0,0.895452156900759,69.0,0.9999999999999997,40.0,0.9577981179762993,68.0,0.9517055658317969,10_3,10,3,natural,108.201499939,67.31665802,8.01654032853,0,638.791926248,0.207592114806
UBFC_A1/Eval_On_COHFACE,COHFACE,old,COHFACE_s10_session3_natural,28,82.0,51.0,large_error,82.0,1.0,81.0,0.9861278268404261,83.0,0.9019620215774261,51.0,0.9999999999999998,52.0,0.9998522708717931,50.0,0.8593786025427211,10_3,10,3,natural,108.201499939,67.31665802,8.01654032853,0,638.791926248,0.207592114806
UBFC_A1/Eval_On_COHFACE,COHFACE,old,COHFACE_s10_session3_natural,29,82.0,65.0,large_error,82.0,1.0,81.0,0.9580485681426021,83.0,0.9247492269296921,65.0,0.9999999999999998,66.0,0.9575975258011588,64.0,0.9506751449377198,10_3,10,3,natural,108.201499939,67.31665802,8.01654032853,0,638.791926248,0.207592114806
UBFC_A1/Eval_On_COHFACE,COHFACE,old,COHFACE_s10_session3_natural,30,82.0,64.0,large_error,82.0,1.0,81.0,0.9531182754197329,83.0,0.9303062741054768,64.0,0.9999999999999996,65.0,0.9785576912157866,53.0,0.9340053852826949,10_3,10,3,natural,108.201499939,67.31665802,8.01654032853,0,638.791926248,0.207592114806
UBFC_A1/Eval_On_COHFACE,COHFACE,old,COHFACE_s10_session3_natural,31,81.0,61.99999999999999,large_error,81.0,1.0,82.0,0.9515239231084015,80.0,0.936530797413796,61.99999999999999,0.9999999999999997,61.0,0.9522208015997511,63.0,0.934444423716538,10_3,10,3,natural,108.201499939,67.31665802,8.01654032853,0,638.791926248,0.207592114806
UBFC_A1/Eval_On_COHFACE,COHFACE,old,COHFACE_s10_session3_natural,32,80.0,89.0,large_error,80.0,1.0,81.0,0.9786495799825733,79.0,0.9062531220239967,89.0,0.9999999999999999,90.0,0.9477901659558411,88.0,0.9373302013673273,10_3,10,3,natural,108.201499939,67.31665802,8.01654032853,0,638.791926248,0.207592114806
UBFC_A1/Eval_On_COHFACE,COHFACE,old,COHFACE_s10_session3_natural,33,80.0,61.0,large_error,80.0,1.0,81.0,0.9671841292565623,79.0,0.9164947870795893,61.0,0.9999999999999998,60.0,0.9925479739904376,61.99999999999999,0.9085565438984277,10_3,10,3,natural,108.201499939,67.31665802,8.01654032853,0,638.791926248,0.207592114806
UBFC_A1/Eval_On_COHFACE,COHFACE,old,COHFACE_s10_session3_natural,34,80.0,61.0,large_error,80.0,1.0,79.0,0.9699990949272043,81.0,0.9191720120234316,61.0,0.9999999999999998,60.0,0.9872012280897762,61.99999999999999,0.900320181473419,10_3,10,3,natural,108.201499939,67.31665802,8.01654032853,0,638.791926248,0.207592114806
UBFC_A1/Eval_On_COHFACE,COHFACE,old,COHFACE_s10_session3_natural,35,79.0,67.0,large_error,79.0,1.0,80.0,0.9592009844680682,78.0,0.9295904959822787,67.0,0.9999999999999999,68.0,0.9751522988617325,66.0,0.9180258962122435,10_3,10,3,natural,108.201499939,67.31665802,8.01654032853,0,638.791926248,0.207592114806
UBFC_A1/Eval_On_COHFACE,COHFACE,old,COHFACE_s10_session3_natural,36,78.0,89.0,large_error,78.0,1.0,79.0,0.987227625474237,77.0,0.8962852136323581,89.0,0.9999999999999997,88.0,0.9610300553026943,90.0,0.9164028750190498,10_3,10,3,natural,108.201499939,67.31665802,8.01654032853,0,638.791926248,0.207592114806
UBFC_A1/Eval_On_COHFACE,COHFACE,old,COHFACE_s10_session3_natural,37,79.0,51.0,large_error,79.0,1.0,78.0,0.9763739589865141,80.0,0.9120265451606837,51.0,0.9999999999999996,50.0,0.9971997437061815,49.0,0.9384671685783773,10_3,10,3,natural,108.201499939,67.31665802,8.01654032853,0,638.791926248,0.207592114806
UBFC_A1/Eval_On_COHFACE,COHFACE,old,COHFACE_s10_session3_natural,38,79.0,89.0,large_error,79.0,1.0,80.0,0.9967668477724939,78.0,0.8968638695568923,89.0,0.9999999999999998,90.0,0.951356851048383,88.0,0.9319084357440113,10_3,10,3,natural,108.201499939,67.31665802,8.01654032853,0,638.791926248,0.207592114806
UBFC_A1/Eval_On_COHFACE,COHFACE,old,COHFACE_s10_session3_natural,39,80.0,44.0,sub_harmonic_half,80.0,1.0,79.0,0.9519454469491426,81.0,0.9253204528495272,44.0,0.9999999999999998,45.0,0.9757256493044834,43.0,0.9489089632513118,10_3,10,3,natural,108.201499939,67.31665802,8.01654032853,0,638.791926248,0.207592114806
UBFC_A1/Eval_On_COHFACE,COHFACE,old,COHFACE_s10_session3_natural,40,80.0,88.0,large_error,80.0,1.0,79.0,0.9823481696740288,81.0,0.8987108054247157,88.0,0.9999999999999997,87.0,0.9699144936092752,89.0,0.922084491135137,10_3,10,3,natural,108.201499939,67.31665802,8.01654032853,0,638.791926248,0.207592114806
UBFC_A1/Eval_On_COHFACE,COHFACE,old,COHFACE_s10_session3_natural,41,80.0,45.0,sub_harmonic_half,80.0,0.9999999999999999,79.0,0.9636817487485348,81.0,0.9232263600098455,45.0,0.9999999999999998,44.0,0.9841585667748007,46.0,0.9515178465866713,10_3,10,3,natural,108.201499939,67.31665802,8.01654032853,0,638.791926248,0.207592114806
UBFC_A1/Eval_On_COHFACE,COHFACE,old,COHFACE_s10_session3_natural,42,79.0,91.0,large_error,79.0,0.9999999999999999,80.0,0.9542884042771229,78.0,0.9295546702554746,91.0,0.9999999999999994,90.0,0.9487942212310242,92.0,0.9473093194592981,10_3,10,3,natural,108.201499939,67.31665802,8.01654032853,0,638.791926248,0.207592114806
UBFC_A1/Eval_On_COHFACE,COHFACE,old,COHFACE_s10_session3_natural,43,78.0,67.0,large_error,78.0,0.9999999999999999,79.0,0.9853256427799518,77.0,0.9061122079279968,67.0,0.9999999999999996,66.0,0.9877266731957969,68.0,0.9183264489214358,10_3,10,3,natural,108.201499939,67.31665802,8.01654032853,0,638.791926248,0.207592114806
UBFC_A1/Eval_On_COHFACE,COHFACE,old,COHFACE_s10_session3_natural,44,77.0,90.0,large_error,77.0,1.0,76.0,0.9696456362144567,78.0,0.9191102607833211,90.0,0.9999999999999998,89.0,0.962487855592043,91.0,0.9039523514462863,10_3,10,3,natural,108.201499939,67.31665802,8.01654032853,0,638.791926248,0.207592114806
UBFC_A1/Eval_On_COHFACE,COHFACE,old,COHFACE_s10_session3_natural,45,76.0,79.0,correct,76.0,1.0,75.0,0.9554771243715141,77.0,0.9329432428067459,79.0,0.9999999999999998,78.0,0.9311435157429468,80.0,0.9178064468640276,10_3,10,3,natural,108.201499939,67.31665802,8.01654032853,0,638.791926248,0.207592114806
UBFC_A1/Eval_On_COHFACE,COHFACE,old,COHFACE_s10_session3_natural,46,75.0,89.0,large_error,75.0,1.0,76.0,0.9643061762685237,74.0,0.9191890979431878,89.0,0.9999999999999997,90.0,0.9653781995130639,88.0,0.9604111289151486,10_3,10,3,natural,108.201499939,67.31665802,8.01654032853,0,638.791926248,0.207592114806
UBFC_A1/Eval_On_COHFACE,COHFACE,old,COHFACE_s10_session3_natural,47,76.0,70.0,large_error,76.0,1.0,75.0,0.9695530685397726,77.0,0.9191575943073927,70.0,0.9999999999999997,71.0,0.9706460602530613,69.0,0.9599379619421762,10_3,10,3,natural,108.201499939,67.31665802,8.01654032853,0,638.791926248,0.207592114806
UBFC_A1/Eval_On_COHFACE,COHFACE,old,COHFACE_s10_session3_natural,48,76.0,74.0,correct,76.0,1.0,77.0,0.9792991463741292,75.0,0.9161910775767806,74.0,0.9999999999999999,73.0,0.9574803646196445,75.0,0.9517218476049856,10_3,10,3,natural,108.201499939,67.31665802,8.01654032853,0,638.791926248,0.207592114806
UBFC_A1/Eval_On_COHFACE,COHFACE,old,COHFACE_s10_session3_natural,49,78.0,72.0,large_error,78.0,0.9999999999999999,77.0,0.9990823915319637,76.0,0.893262523935384,72.0,0.9999999999999997,71.0,0.9846687566376956,73.0,0.9758714992203096,10_3,10,3,natural,108.201499939,67.31665802,8.01654032853,0,638.791926248,0.207592114806
UBFC_A1/Eval_On_COHFACE,COHFACE,old,COHFACE_s10_session3_natural,50,78.0,89.0,large_error,78.0,0.9999999999999999,79.0,0.998520606548297,77.0,0.8855302051988359,89.0,0.9999999999999998,88.0,0.969044283353606,90.0,0.9281553512881019,10_3,10,3,natural,108.201499939,67.31665802,8.01654032853,0,638.791926248,0.207592114806
UBFC_A1/Eval_On_COHFACE,COHFACE,old,COHFACE_s11_session0_lamp,0,65.0,67.0,correct,65.0,0.9999999999999999,66.0,0.9543163188522832,64.0,0.8982057464414054,67.0,0.9999999999999998,66.0,0.9822079947761205,68.0,0.9263256385525327,11_0,11,0,lamp,107.472618103,43.2166023254,2.35593715009,0,363.437528556,0.121800735593
UBFC_A1/Eval_On_COHFACE,COHFACE,old,COHFACE_s11_session0_lamp,1,66.0,66.0,correct,66.0,0.9999999999999998,65.0,0.9689425132599299,67.0,0.9240568237963374,66.0,0.9999999999999998,67.0,0.9799748909270901,65.0,0.9291302981298458,11_0,11,0,lamp,107.472618103,43.2166023254,2.35593715009,0,363.437528556,0.121800735593
UBFC_A1/Eval_On_COHFACE,COHFACE,old,COHFACE_s11_session0_lamp,2,65.0,60.0,large_error,65.0,0.9999999999999999,66.0,0.944310419048901,64.0,0.94305336388393,60.0,0.9999999999999999,61.0,0.9740938351649657,59.0,0.9254130261133034,11_0,11,0,lamp,107.472618103,43.2166023254,2.35593715009,0,363.437528556,0.121800735593
UBFC_A1/Eval_On_COHFACE,COHFACE,old,COHFACE_s11_session0_lamp,3,65.0,64.0,correct,65.0,0.9999999999999999,64.0,0.9836046582995058,66.0,0.897713282294972,64.0,0.9999999999999999,65.0,0.9965089466741921,63.0,0.9009323750652887,11_0,11,0,lamp,107.472618103,43.2166023254,2.35593715009,0,363.437528556,0.121800735593
UBFC_A1/Eval_On_COHFACE,COHFACE,old,COHFACE_s11_session0_lamp,4,64.0,65.0,correct,64.0,0.9999999999999999,65.0,0.9674147228587834,63.0,0.9135226596392594,65.0,0.9999999999999999,64.0,0.9614795337513666,66.0,0.9353298238634487,11_0,11,0,lamp,107.472618103,43.2166023254,2.35593715009,0,363.437528556,0.121800735593
UBFC_A1/Eval_On_COHFACE,COHFACE,old,COHFACE_s11_session0_lamp,5,64.0,65.0,correct,64.0,0.9999999999999999,63.0,0.9563416544419092,65.0,0.9241827252595861,65.0,0.9999999999999998,66.0,0.9998958552273333,67.0,0.9063378424905794,11_0,11,0,lamp,107.472618103,43.2166023254,2.35593715009,0,363.437528556,0.121800735593
UBFC_A1/Eval_On_COHFACE,COHFACE,old,COHFACE_s11_session0_lamp,6,64.0,66.0,correct,64.0,0.9999999999999998,63.0,0.9638949371160902,65.0,0.9226017842841547,66.0,0.9999999999999999,65.0,0.9593467421958748,67.0,0.9498656480235129,11_0,11,0,lamp,107.472618103,43.2166023254,2.35593715009,0,363.437528556,0.121800735593
UBFC_A1/Eval_On_COHFACE,COHFACE,old,COHFACE_s11_session0_lamp,7,64.0,66.0,correct,64.0,0.9999999999999998,63.0,0.9797281205889558,65.0,0.9114531208423522,66.0,0.9999999999999998,67.0,0.9806470719763692,65.0,0.9426808115209181,11_0,11,0,lamp,107.472618103,43.2166023254,2.35593715009,0,363.437528556,0.121800735593
UBFC_A1/Eval_On_COHFACE,COHFACE,old,COHFACE_s11_session0_lamp,8,64.0,76.0,large_error,64.0,0.9999999999999998,63.0,0.9891450395676625,65.0,0.8996587577223163,76.0,0.9999999999999998,77.0,0.9750878458522859,75.0,0.9176563314333473,11_0,11,0,lamp,107.472618103,43.2166023254,2.35593715009,0,363.437528556,0.121800735593
UBFC_A1/Eval_On_COHFACE,COHFACE,old,COHFACE_s11_session0_lamp,9,63.0,63.0,correct,63.0,0.9999999999999998,64.0,0.9683221888383022,61.99999999999999,0.9165037648908271,63.0,0.9999999999999997,61.99999999999999,0.9868681026772799,51.0,0.9709917534175292,11_0,11,0,lamp,107.472618103,43.2166023254,2.35593715009,0,363.437528556,0.121800735593
UBFC_A1/Eval_On_COHFACE,COHFACE,old,COHFACE_s11_session0_lamp,10,63.0,61.99999999999999,correct,63.0,0.9999999999999999,61.99999999999999,0.9441741462145559,64.0,0.9356772865771207,61.99999999999999,0.9999999999999998,61.0,0.9856830920162869,63.0,0.8703047228642518,11_0,11,0,lamp,107.472618103,43.2166023254,2.35593715009,0,363.437528556,0.121800735593
UBFC_A1/Eval_On_COHFACE,COHFACE,old,COHFACE_s11_session0_lamp,11,63.0,67.0,large_error,63.0,0.9999999999999999,64.0,0.9448993691911491,61.99999999999999,0.9386587521265954,67.0,0.9999999999999998,66.0,0.9878115425047166,68.0,0.9450891438159407,11_0,11,0,lamp,107.472618103,43.2166023254,2.35593715009,0,363.437528556,0.121800735593
UBFC_A1/Eval_On_COHFACE,COHFACE,old,COHFACE_s11_session0_lamp,12,63.0,60.0,correct,63.0,0.9999999999999999,64.0,0.9836966146028491,61.99999999999999,0.9045016954389403,60.0,0.9999999999999997,59.0,0.9914673561369284,61.0,0.967548222784936,11_0,11,0,lamp,107.472618103,43.2166023254,2.35593715009,0,363.437528556,0.121800735593
UBFC_A1/Eval_On_COHFACE,COHFACE,old,COHFACE_s11_session0_lamp,13,64.0,61.0,correct,64.0,0.9999999999999999,63.0,0.9825569877548003,65.0,0.9079388702091264,61.0,0.9999999999999994,61.99999999999999,0.9874119288457189,60.0,0.9842083831917889,11_0,11,0,lamp,107.472618103,43.2166023254,2.35593715009,0,363.437528556,0.121800735593
UBFC_A1/Eval_On_COHFACE,COHFACE,old,COHFACE_s11_session0_lamp,14,63.0,51.0,large_error,63.0,0.9999999999999999,64.0,0.9879609322825544,61.99999999999999,0.9017347374669018,51.0,0.9999999999999998,52.0,0.9950848762682125,50.0,0.8419207799498005,11_0,11,0,lamp,107.472618103,43.2166023254,2.35593715009,0,363.437528556,0.121800735593
UBFC_A1/Eval_On_COHFACE,COHFACE,old,COHFACE_s11_session0_lamp,15,63.0,51.0,large_error,63.0,0.9999999999999999,61.99999999999999,0.961821044894913,64.0,0.9249394796654479,51.0,0.9999999999999996,50.0,0.9376629955979203,52.0,0.9223690231633223,11_0,11,0,lamp,107.472618103,43.2166023254,2.35593715009,0,363.437528556,0.121800735593
UBFC_A1/Eval_On_COHFACE,COHFACE,old,COHFACE_s11_session0_lamp,16,63.0,50.0,large_error,63.0,0.9999999999999999,61.99999999999999,0.98885321578705,64.0,0.8974061903935754,50.0,0.999999999999999,49.0,0.9935289119593411,51.0,0.9449982951162588,11_0,11,0,lamp,107.472618103,43.2166023254,2.35593715009,0,363.437528556,0.121800735593
UBFC_A1/Eval_On_COHFACE,COHFACE,old,COHFACE_s11_session0_lamp,17,63.0,43.0,large_error,63.0,0.9999999999999999,61.99999999999999,0.984278853406116,64.0,0.8987538702069959,43.0,0.9999999999999998,42.0,0.9393385567635535,60.0,0.9387872780029322,11_0,11,0,lamp,107.472618103,43.2166023254,2.35593715009,0,363.437528556,0.121800735593
UBFC_A1/Eval_On_COHFACE,COHFACE,old,COHFACE_s11_session0_lamp,18,63.0,60.0,correct,63.0,0.9999999999999999,61.99999999999999,0.9994565673454067,61.0,0.8860038502788925,60.0,0.9999999999999999,59.0,0.9732136254308728,61.0,0.9284629058072056,11_0,11,0,lamp,107.472618103,43.2166023254,2.35593715009,0,363.437528556,0.121800735593
UBFC_A1/Eval_On_COHFACE,COHFACE,old,COHFACE_s11_session0_lamp,19,61.99999999999999,60.0,correct,61.99999999999999,0.9999999999999999,63.0,0.9648159005437444,61.0,0.9144764861500083,60.0,0.9999999999999999,59.0,0.9766376648442046,61.0,0.930054125938997,11_0,11,0,lamp,107.472618103,43.2166023254,2.35593715009,0,363.437528556,0.121800735593
UBFC_A1/Eval_On_COHFACE,COHFACE,old,COHFACE_s11_session0_lamp,20,61.99999999999999,60.0,correct,61.99999999999999,0.9999999999999999,63.0,0.9557731522940479,61.0,0.922550150290989,60.0,0.9999999999999999,59.0,0.9790326569863156,61.0,0.9279659839116675,11_0,11,0,lamp,107.472618103,43.2166023254,2.35593715009,0,363.437528556,0.121800735593
UBFC_A1/Eval_On_COHFACE,COHFACE,old,COHFACE_s11_session0_lamp,21,63.0,61.99999999999999,correct,63.0,0.9999999999999999,61.99999999999999,0.9886537004561579,64.0,0.8994503422262626,61.99999999999999,0.9999999999999998,61.0,0.9659543040797389,63.0,0.9540641140567288,11_0,11,0,lamp,107.472618103,43.2166023254,2.35593715009,0,363.437528556,0.121800735593
UBFC_A1/Eval_On_COHFACE,COHFACE,old,COHFACE_s11_session0_lamp,22,63.0,64.0,correct,63.0,0.9999999999999999,64.0,0.9857638820950884,61.99999999999999,0.9027224354243355,64.0,0.9999999999999999,65.0,0.9578947354244717,63.0,0.9563596216172705,11_0,11,0,lamp,107.472618103,43.2166023254,2.35593715009,0,363.437528556,0.121800735593
UBFC_A1/Eval_On_COHFACE,COHFACE,old,COHFACE_s11_session0_lamp,23,64.0,64.0,correct,64.0,0.9999999999999999,63.0,0.9824897078846427,65.0,0.9041887937807751,64.0,0.9999999999999998,65.0,0.9618415689378128,63.0,0.9589981565775796,11_0,11,0,lamp,107.472618103,43.2166023254,2.35593715009,0,363.437528556,0.121800735593
UBFC_A1/Eval_On_COHFACE,COHFACE,old,COHFACE_s11_session0_lamp,24,64.0,63.0,correct,64.0,0.9999999999999999,63.0,0.9851072314177413,65.0,0.9034138584587413,63.0,0.9999999999999998,64.0,0.9343876462819121,61.99999999999999,0.9102710329320469,11_0,11,0,lamp,107.472618103,43.2166023254,2.35593715009,0,363.437528556,0.121800735593
UBFC_A1/Eval_On_COHFACE,COHFACE,old,COHFACE_s11_session0_lamp,25,64.0,61.99999999999999,correct,64.0,0.9999999999999999,63.0,0.961058790609879,65.0,0.9293403588168377,61.99999999999999,0.9999999999999998,63.0,0.9840362029421046,61.0,0.9145979282625941,11_0,11,0,lamp,107.472618103,43.2166023254,2.35593715009,0,363.437528556,0.121800735593
UBFC_A1/Eval_On_COHFACE,COHFACE,old,COHFACE_s11_session0_lamp,26,64.0,65.0,correct,64.0,0.9999999999999999,65.0,0.9947657001025775,63.0,0.8987679852985152,65.0,0.9999999999999997,66.0,0.9764811303156863,64.0,0.9507692898702155,11_0,11,0,lamp,107.472618103,43.2166023254,2.35593715009,0,363.437528556,0.121800735593
UBFC_A1/Eval_On_COHFACE,COHFACE,old,COHFACE_s11_session0_lamp,27,65.0,66.0,correct,65.0,0.9999999999999998,66.0,0.9521992781510514,64.0,0.9350805233531794,66.0,0.9999999999999998,65.0,0.986596513105972,67.0,0.9223860034115876,11_0,11,0,lamp,107.472618103,43.2166023254,2.35593715009,0,363.437528556,0.121800735593
UBFC_A1/Eval_On_COHFACE,COHFACE,old,COHFACE_s11_session0_lamp,28,65.0,67.0,correct,65.0,0.9999999999999998,66.0,0.9788740198003593,64.0,0.9092358961646158,67.0,0.9999999999999998,66.0,0.9788893980627896,68.0,0.9284095413427136,11_0,11,0,lamp,107.472618103,43.2166023254,2.35593715009,0,363.437528556,0.121800735593
UBFC_A1/Eval_On_COHFACE,COHFACE,old,COHFACE_s11_session0_lamp,29,65.0,67.0,correct,65.0,0.9999999999999998,66.0,0.9796929497570585,64.0,0.9026216890104988,67.0,0.9999999999999998,68.0,0.9913638610209606,66.0,0.9038634126928868,11_0,11,0,lamp,107.472618103,43.2166023254,2.35593715009,0,363.437528556,0.121800735593
UBFC_A1/Eval_On_COHFACE,COHFACE,old,COHFACE_s11_session0_lamp,30,66.0,68.0,correct,66.0,0.9999999999999999,65.0,0.9746363584356498,67.0,0.908485711614091,68.0,0.9999999999999998,69.0,0.9497869798424933,67.0,0.9457894139167664,11_0,11,0,lamp,107.472618103,43.2166023254,2.35593715009,0,363.437528556,0.121800735593
UBFC_A1/Eval_On_COHFACE,COHFACE,old,COHFACE_s11_session0_lamp,31,66.0,68.0,correct,66.0,0.9999999999999999,65.0,0.9715415635247293,67.0,0.9107580752177978,68.0,0.9999999999999999,67.0,0.9394704964558633,69.0,0.9363050628198809,11_0,11,0,lamp,107.472618103,43.2166023254,2.35593715009,0,363.437528556,0.121800735593
UBFC_A1/Eval_On_COHFACE,COHFACE,old,COHFACE_s11_session0_lamp,32,65.0,63.0,correct,65.0,0.9999999999999998,64.0,0.9516675018430472,66.0,0.9380104491274641,63.0,0.9999999999999998,61.99999999999999,0.9482054630323538,64.0,0.9304464204455262,11_0,11,0,lamp,107.472618103,43.2166023254,2.35593715009,0,363.437528556,0.121800735593
UBFC_A1/Eval_On_COHFACE,COHFACE,old,COHFACE_s11_session0_lamp,33,64.0,65.0,correct,64.0,0.9999999999999999,65.0,0.9487538352617046,63.0,0.9377471662046165,65.0,0.9999999999999998,66.0,0.9697990266748524,64.0,0.9074879434512507,11_0,11,0,lamp,107.472618103,43.2166023254,2.35593715009,0,363.437528556,0.121800735593
UBFC_A1/Eval_On_COHFACE,COHFACE,old,COHFACE_s11_session0_lamp,34,63.0,64.0,correct,63.0,0.9999999999999999,64.0,0.9806418219422859,61.99999999999999,0.9051396295489994,64.0,0.9999999999999998,65.0,0.9680336950294873,63.0,0.9359347168330843,11_0,11,0,lamp,107.472618103,43.2166023254,2.35593715009,0,363.437528556,0.121800735593
UBFC_A1/Eval_On_COHFACE,COHFACE,old,COHFACE_s11_session0_lamp,35,63.0,42.0,large_error,63.0,0.9999999999999999,64.0,0.9850824398675566,61.99999999999999,0.9026133307812341,42.0,0.9999999999999999,43.0,0.9762756620710699,41.0,0.8971367401485836,11_0,11,0,lamp,107.472618103,43.2166023254,2.35593715009,0,363.437528556,0.121800735593
UBFC_A1/Eval_On_COHFACE,COHFACE,old,COHFACE_s11_session0_lamp,36,64.0,80.0,large_error,64.0,0.9999999999999999,63.0,0.9575656059460974,65.0,0.9251906796560178,80.0,0.9999999999999998,81.0,0.9631098094904498,79.0,0.9246864606110844,11_0,11,0,lamp,107.472618103,43.2166023254,2.35593715009,0,363.437528556,0.121800735593
UBFC_A1/Eval_On_COHFACE,COHFACE,old,COHFACE_s11_session0_lamp,37,64.0,79.0,large_error,64.0,0.9999999999999998,65.0,0.954284854066862,63.0,0.9306545948414602,79.0,0.9999999999999998,78.0,0.9929481987908999,80.0,0.949038468626105,11_0,11,0,lamp,107.472618103,43.2166023254,2.35593715009,0,363.437528556,0.121800735593
UBFC_A1/Eval_On_COHFACE,COHFACE,old,COHFACE_s11_session0_lamp,38,64.0,77.0,large_error,64.0,0.9999999999999998,65.0,0.988087661068694,63.0,0.8993570060907359,77.0,0.9999999999999999,76.0,0.976503947626924,78.0,0.9159322266037608,11_0,11,0,lamp,107.472618103,43.2166023254,2.35593715009,0,363.437528556,0.121800735593
UBFC_A1/Eval_On_COHFACE,COHFACE,old,COHFACE_s11_session0_lamp,39,65.0,80.0,large_error,65.0,0.9999999999999998,64.0,0.9815828673932506,66.0,0.9073504207656676,80.0,0.9999999999999998,79.0,0.9669178951381346,81.0,0.9322300479122557,11_0,11,0,lamp,107.472618103,43.2166023254,2.35593715009,0,363.437528556,0.121800735593
UBFC_A1/Eval_On_COHFACE,COHFACE,old,COHFACE_s11_session0_lamp,40,65.0,80.0,large_error,65.0,0.9999999999999998,64.0,0.9910012537478443,66.0,0.9001251755355686,80.0,0.9999999999999997,79.0,0.9689368875859251,81.0,0.9457258421817357,11_0,11,0,lamp,107.472618103,43.2166023254,2.35593715009,0,363.437528556,0.121800735593
UBFC_A1/Eval_On_COHFACE,COHFACE,old,COHFACE_s11_session0_lamp,41,64.0,79.0,large_error,64.0,0.9999999999999998,65.0,0.9733841324169278,63.0,0.9184754218635792,79.0,0.9999999999999998,67.0,0.9958810701918953,68.0,0.9934676298628415,11_0,11,0,lamp,107.472618103,43.2166023254,2.35593715009,0,363.437528556,0.121800735593
UBFC_A1/Eval_On_COHFACE,COHFACE,old,COHFACE_s11_session0_lamp,42,64.0,41.0,large_error,64.0,0.9999999999999999,63.0,0.9897682153473728,65.0,0.89941125131831,41.0,0.9999999999999998,40.0,0.9680935330786093,42.0,0.934933045798584,11_0,11,0,lamp,107.472618103,43.2166023254,2.35593715009,0,363.437528556,0.121800735593
UBFC_A1/Eval_On_COHFACE,COHFACE,old,COHFACE_s11_session0_lamp,43,63.0,81.0,super_harmonic_1p5x,63.0,0.9999999999999999,64.0,0.9741767545644476,61.99999999999999,0.9074660700184042,81.0,0.9999999999999997,82.0,0.9747874572728371,80.0,0.9316447002560307,11_0,11,0,lamp,107.472618103,43.2166023254,2.35593715009,0,363.437528556,0.121800735593
UBFC_A1/Eval_On_COHFACE,COHFACE,old,COHFACE_s11_session0_lamp,44,64.0,42.0,large_error,64.0,0.9999999999999999,63.0,0.9984375306858906,65.0,0.889888050941281,42.0,0.9999999999999998,43.0,0.9756965053671579,41.0,0.9297247078825995,11_0,11,0,lamp,107.472618103,43.2166023254,2.35593715009,0,363.437528556,0.121800735593
UBFC_A1/Eval_On_COHFACE,COHFACE,old,COHFACE_s11_session0_lamp,45,64.0,80.0,large_error,64.0,0.9999999999999999,63.0,0.9652772664533007,65.0,0.9179687582800062,80.0,0.9999999999999997,40.0,0.9939183211793136,81.0,0.9777637426816292,11_0,11,0,lamp,107.472618103,43.2166023254,2.35593715009,0,363.437528556,0.121800735593
UBFC_A1/Eval_On_COHFACE,COHFACE,old,COHFACE_s11_session0_lamp,46,64.0,80.0,large_error,64.0,0.9999999999999999,63.0,0.9566013641602168,65.0,0.9292321954194934,80.0,0.9999999999999997,79.0,0.9795455571552749,81.0,0.927561381070402,11_0,11,0,lamp,107.472618103,43.2166023254,2.35593715009,0,363.437528556,0.121800735593
UBFC_A1/Eval_On_COHFACE,COHFACE,old,COHFACE_s11_session0_lamp,47,64.0,60.0,large_error,64.0,0.9999999999999999,65.0,0.9631985377093398,63.0,0.9263387052630274,60.0,0.9999999999999999,61.0,0.9790593320108117,59.0,0.9129627075923314,11_0,11,0,lamp,107.472618103,43.2166023254,2.35593715009,0,363.437528556,0.121800735593
UBFC_A1/Eval_On_COHFACE,COHFACE,old,COHFACE_s11_session0_lamp,48,65.0,65.0,correct,65.0,0.9999999999999999,64.0,0.952295739461913,66.0,0.9357257345184523,65.0,0.9999999999999998,66.0,0.9511037834186744,64.0,0.9241028981432127,11_0,11,0,lamp,107.472618103,43.2166023254,2.35593715009,0,363.437528556,0.121800735593
UBFC_A1/Eval_On_COHFACE,COHFACE,old,COHFACE_s11_session0_lamp,49,66.0,66.0,correct,66.0,0.9999999999999998,67.0,0.9819724519139711,65.0,0.9147102367904637,66.0,0.9999999999999999,65.0,0.9462997458069378,67.0,0.9291660605683646,11_0,11,0,lamp,107.472618103,43.2166023254,2.35593715009,0,363.437528556,0.121800735593
UBFC_A1/Eval_On_COHFACE,COHFACE,old,COHFACE_s11_session0_lamp,50,68.0,66.0,correct,68.0,0.9999999999999998,67.0,0.9549263974136774,69.0,0.9394789531184623,66.0,0.9999999999999999,67.0,0.9553225591839466,65.0,0.9193462184391388,11_0,11,0,lamp,107.472618103,43.2166023254,2.35593715009,0,363.437528556,0.121800735593
UBFC_A1/Eval_On_COHFACE,COHFACE,old,COHFACE_s11_session1_lamp,0,70.0,44.0,large_error,70.0,0.9999999999999999,69.0,0.9728142698213006,71.0,0.9128281497909193,44.0,0.9999999999999997,43.0,0.9815973629445152,45.0,0.9355646140377639,11_1,11,1,lamp,113.896270752,54.4633026123,2.87760545027,0,441.514521296,0.221539661288
UBFC_A1/Eval_On_COHFACE,COHFACE,old,COHFACE_s11_session1_lamp,1,66.0,65.0,correct,66.0,0.9999999999999998,65.0,0.9668896497716751,67.0,0.9281849816352934,65.0,0.9999999999999999,66.0,0.9324787517289042,64.0,0.9304278007562072,11_1,11,1,lamp,113.896270752,54.4633026123,2.87760545027,0,441.514521296,0.221539661288
UBFC_A1/Eval_On_COHFACE,COHFACE,old,COHFACE_s11_session1_lamp,2,65.0,65.0,correct,65.0,0.9999999999999999,64.0,0.9524502060892386,66.0,0.9417541992788314,65.0,0.9999999999999999,66.0,0.9805925324201074,64.0,0.8770383620647085,11_1,11,1,lamp,113.896270752,54.4633026123,2.87760545027,0,441.514521296,0.221539661288
UBFC_A1/Eval_On_COHFACE,COHFACE,old,COHFACE_s11_session1_lamp,3,64.0,65.0,correct,64.0,0.9999999999999999,65.0,0.958537689349779,63.0,0.9334355104648487,65.0,0.9999999999999997,64.0,0.9903980107213822,66.0,0.9242407658388102,11_1,11,1,lamp,113.896270752,54.4633026123,2.87760545027,0,441.514521296,0.221539661288
UBFC_A1/Eval_On_COHFACE,COHFACE,old,COHFACE_s11_session1_lamp,4,64.0,65.0,correct,64.0,0.9999999999999999,65.0,0.9518023003000133,63.0,0.9323631168830708,65.0,0.9999999999999997,66.0,0.9593355537424944,64.0,0.9452804366668315,11_1,11,1,lamp,113.896270752,54.4633026123,2.87760545027,0,441.514521296,0.221539661288
UBFC_A1/Eval_On_COHFACE,COHFACE,old,COHFACE_s11_session1_lamp,5,65.0,63.0,correct,65.0,0.9999999999999999,64.0,0.988437648964055,66.0,0.8928094865386369,63.0,0.9999999999999998,61.99999999999999,0.9969969227989757,64.0,0.92275554970317,11_1,11,1,lamp,113.896270752,54.4633026123,2.87760545027,0,441.514521296,0.221539661288
UBFC_A1/Eval_On_COHFACE,COHFACE,old,COHFACE_s11_session1_lamp,6,65.0,65.0,correct,65.0,0.9999999999999999,64.0,0.9512694162234169,66.0,0.9296233128070678,65.0,0.9999999999999999,64.0,0.9656570147549431,66.0,0.9247439801538978,11_1,11,1,lamp,113.896270752,54.4633026123,2.87760545027,0,441.514521296,0.221539661288
UBFC_A1/Eval_On_COHFACE,COHFACE,old,COHFACE_s11_session1_lamp,7,65.0,65.0,correct,65.0,0.9999999999999999,64.0,0.9638474598460495,66.0,0.9212515422910841,65.0,0.9999999999999998,64.0,0.9913998502818477,66.0,0.902441234237135,11_1,11,1,lamp,113.896270752,54.4633026123,2.87760545027,0,441.514521296,0.221539661288
UBFC_A1/Eval_On_COHFACE,COHFACE,old,COHFACE_s11_session1_lamp,8,64.0,65.0,correct,64.0,0.9999999999999999,65.0,0.9823739200256342,63.0,0.9017910345495092,65.0,0.9999999999999999,64.0,0.9850049708996683,66.0,0.923642662808952,11_1,11,1,lamp,113.896270752,54.4633026123,2.87760545027,0,441.514521296,0.221539661288
UBFC_A1/Eval_On_COHFACE,COHFACE,old,COHFACE_s11_session1_lamp,9,64.0,65.0,correct,64.0,0.9999999999999999,65.0,0.9456481427122846,63.0,0.9398726200137761,65.0,0.9999999999999998,64.0,0.9649455334653894,66.0,0.9424790122738226,11_1,11,1,lamp,113.896270752,54.4633026123,2.87760545027,0,441.514521296,0.221539661288
UBFC_A1/Eval_On_COHFACE,COHFACE,old,COHFACE_s11_session1_lamp,10,64.0,64.0,correct,64.0,0.9999999999999999,63.0,0.9451958986141409,65.0,0.9423900420763862,64.0,0.9999999999999998,63.0,0.9612482462224163,65.0,0.9561851318178444,11_1,11,1,lamp,113.896270752,54.4633026123,2.87760545027,0,441.514521296,0.221539661288
UBFC_A1/Eval_On_COHFACE,COHFACE,old,COHFACE_s11_session1_lamp,11,64.0,66.0,correct,64.0,0.9999999999999999,65.0,0.9604671489236845,63.0,0.9305787982932545,66.0,0.9999999999999999,67.0,0.9616697592077885,65.0,0.9074630900747498,11_1,11,1,lamp,113.896270752,54.4633026123,2.87760545027,0,441.514521296,0.221539661288
UBFC_A1/Eval_On_COHFACE,COHFACE,old,COHFACE_s11_session1_lamp,12,65.0,66.0,correct,65.0,0.9999999999999998,66.0,0.9827864898123775,64.0,0.9347324675294737,66.0,0.9999999999999998,67.0,0.9940056208668585,65.0,0.9176158143360613,11_1,11,1,lamp,113.896270752,54.4633026123,2.87760545027,0,441.514521296,0.221539661288
UBFC_A1/Eval_On_COHFACE,COHFACE,old,COHFACE_s11_session1_lamp,13,68.0,68.0,correct,68.0,0.9999999999999999,67.0,0.9901679088649574,69.0,0.9255865265345085,68.0,0.9999999999999997,67.0,0.9846917719876355,41.0,0.9194313180218112,11_1,11,1,lamp,113.896270752,54.4633026123,2.87760545027,0,441.514521296,0.221539661288
UBFC_A1/Eval_On_COHFACE,COHFACE,old,COHFACE_s11_session1_lamp,14,71.0,75.0,large_error,71.0,0.9999999999999998,70.0,0.980302323282356,72.0,0.9306169907946475,75.0,0.9999999999999996,74.0,0.9882461743270529,76.0,0.9745372975914545,11_1,11,1,lamp,113.896270752,54.4633026123,2.87760545027,0,441.514521296,0.221539661288
UBFC_A1/Eval_On_COHFACE,COHFACE,old,COHFACE_s11_session1_lamp,15,73.0,74.0,correct,73.0,0.9999999999999999,74.0,0.986019310879281,72.0,0.9126888278894809,74.0,0.9999999999999996,75.0,0.9809891467861784,73.0,0.9784039108626721,11_1,11,1,lamp,113.896270752,54.4633026123,2.87760545027,0,441.514521296,0.221539661288
UBFC_A1/Eval_On_COHFACE,COHFACE,old,COHFACE_s11_session1_lamp,16,74.0,74.0,correct,74.0,0.9999999999999998,75.0,0.9979095301401292,76.0,0.8847044716783006,74.0,0.9999999999999997,73.0,0.996217540321108,75.0,0.9415423137742837,11_1,11,1,lamp,113.896270752,54.4633026123,2.87760545027,0,441.514521296,0.221539661288
UBFC_A1/Eval_On_COHFACE,COHFACE,old,COHFACE_s11_session1_lamp,17,74.0,51.0,large_error,74.0,0.9999999999999998,75.0,0.9483659061437086,73.0,0.9351171500612536,51.0,0.9999999999999998,52.0,0.9691434983726557,50.0,0.8458418739685393,11_1,11,1,lamp,113.896270752,54.4633026123,2.87760545027,0,441.514521296,0.221539661288
UBFC_A1/Eval_On_COHFACE,COHFACE,old,COHFACE_s11_session1_lamp,18,72.0,72.0,correct,72.0,0.9999999999999998,73.0,0.9821654096676035,71.0,0.9136904707943502,72.0,0.9999999999999997,71.0,0.9809988929256521,73.0,0.8642914381162685,11_1,11,1,lamp,113.896270752,54.4633026123,2.87760545027,0,441.514521296,0.221539661288
UBFC_A1/Eval_On_COHFACE,COHFACE,old,COHFACE_s11_session1_lamp,19,69.0,81.0,large_error,69.0,0.9999999999999998,70.0,0.9603149436451031,60.0,0.95523730084813,81.0,0.9999999999999994,82.0,0.9459912411351122,80.0,0.9437882371685159,11_1,11,1,lamp,113.896270752,54.4633026123,2.87760545027,0,441.514521296,0.221539661288
UBFC_A1/Eval_On_COHFACE,COHFACE,old,COHFACE_s11_session1_lamp,20,66.0,60.0,large_error,66.0,0.9999999999999999,67.0,0.9887156899409074,65.0,0.9473421988048424,60.0,0.9999999999999998,61.0,0.964979906914796,59.0,0.9170414915839077,11_1,11,1,lamp,113.896270752,54.4633026123,2.87760545027,0,441.514521296,0.221539661288
UBFC_A1/Eval_On_COHFACE,COHFACE,old,COHFACE_s11_session1_lamp,21,65.0,65.0,correct,65.0,0.9999999999999998,66.0,0.9951841482187649,64.0,0.9144093124071081,65.0,0.9999999999999998,66.0,0.9801811167186857,64.0,0.910059756945763,11_1,11,1,lamp,113.896270752,54.4633026123,2.87760545027,0,441.514521296,0.221539661288
UBFC_A1/Eval_On_COHFACE,COHFACE,old,COHFACE_s11_session1_lamp,22,65.0,81.0,large_error,65.0,0.9999999999999998,66.0,0.9829687908654634,64.0,0.9105453620861651,81.0,0.9999999999999997,82.0,0.9907675761175275,66.0,0.9765889191904273,11_1,11,1,lamp,113.896270752,54.4633026123,2.87760545027,0,441.514521296,0.221539661288
UBFC_A1/Eval_On_COHFACE,COHFACE,old,COHFACE_s11_session1_lamp,23,66.0,66.0,correct,66.0,0.9999999999999998,65.0,0.9677549395075867,67.0,0.9144195677701235,66.0,0.9999999999999999,67.0,0.9774733676295901,43.0,0.9092280069308073,11_1,11,1,lamp,113.896270752,54.4633026123,2.87760545027,0,441.514521296,0.221539661288
UBFC_A1/Eval_On_COHFACE,COHFACE,old,COHFACE_s11_session1_lamp,24,67.0,81.0,large_error,67.0,0.9999999999999999,66.0,0.9875228338783387,68.0,0.8976901352595582,81.0,0.9999999999999998,82.0,0.9835092463275218,80.0,0.9367904723647501,11_1,11,1,lamp,113.896270752,54.4633026123,2.87760545027,0,441.514521296,0.221539661288
UBFC_A1/Eval_On_COHFACE,COHFACE,old,COHFACE_s11_session1_lamp,25,67.0,40.0,large_error,67.0,0.9999999999999999,68.0,0.9867882227963151,66.0,0.9011368138677466,40.0,0.9999999999999997,41.0,0.9885409958475898,42.0,0.9081232961745392,11_1,11,1,lamp,113.896270752,54.4633026123,2.87760545027,0,441.514521296,0.221539661288
UBFC_A1/Eval_On_COHFACE,COHFACE,old,COHFACE_s11_session1_lamp,26,68.0,51.0,large_error,68.0,0.9999999999999999,67.0,0.943867075202686,69.0,0.9420520320073488,51.0,0.9999999999999998,52.0,0.9578446221977689,68.0,0.9171720513968933,11_1,11,1,lamp,113.896270752,54.4633026123,2.87760545027,0,441.514521296,0.221539661288
UBFC_A1/Eval_On_COHFACE,COHFACE,old,COHFACE_s11_session1_lamp,27,68.0,68.0,correct,68.0,0.9999999999999999,67.0,0.9689315977738006,69.0,0.9170229167227432,68.0,0.9999999999999997,69.0,0.9564877905113668,40.0,0.9518287230259093,11_1,11,1,lamp,113.896270752,54.4633026123,2.87760545027,0,441.514521296,0.221539661288
UBFC_A1/Eval_On_COHFACE,COHFACE,old,COHFACE_s11_session1_lamp,28,67.0,68.0,correct,67.0,0.9999999999999999,68.0,0.9632418342722088,66.0,0.918693457354726,68.0,0.9999999999999999,69.0,0.9496601208978632,67.0,0.9172697806636936,11_1,11,1,lamp,113.896270752,54.4633026123,2.87760545027,0,441.514521296,0.221539661288
UBFC_A1/Eval_On_COHFACE,COHFACE,old,COHFACE_s11_session1_lamp,29,66.0,44.0,large_error,66.0,0.9999999999999998,67.0,0.9889355986614814,65.0,0.8974427385264269,44.0,0.9999999999999998,43.0,0.9679838466170488,45.0,0.9462944258103114,11_1,11,1,lamp,113.896270752,54.4633026123,2.87760545027,0,441.514521296,0.221539661288
UBFC_A1/Eval_On_COHFACE,COHFACE,old,COHFACE_s11_session1_lamp,30,66.0,40.0,large_error,66.0,0.9999999999999998,65.0,0.9731684587937907,67.0,0.9109776382202571,40.0,0.9999999999999996,65.0,0.9639268765336511,66.0,0.9215552340805997,11_1,11,1,lamp,113.896270752,54.4633026123,2.87760545027,0,441.514521296,0.221539661288
UBFC_A1/Eval_On_COHFACE,COHFACE,old,COHFACE_s11_session1_lamp,31,65.0,65.0,correct,65.0,0.9999999999999998,64.0,0.9616365992126124,66.0,0.9259469525075877,65.0,0.9999999999999998,64.0,0.9977908051139707,66.0,0.8751606682142145,11_1,11,1,lamp,113.896270752,54.4633026123,2.87760545027,0,441.514521296,0.221539661288
UBFC_A1/Eval_On_COHFACE,COHFACE,old,COHFACE_s11_session1_lamp,32,64.0,65.0,correct,64.0,0.9999999999999999,63.0,0.9745046266234495,65.0,0.915715861749778,65.0,0.9999999999999998,64.0,0.9970796188937061,66.0,0.867895481730094,11_1,11,1,lamp,113.896270752,54.4633026123,2.87760545027,0,441.514521296,0.221539661288
UBFC_A1/Eval_On_COHFACE,COHFACE,old,COHFACE_s11_session1_lamp,33,63.0,61.0,correct,63.0,0.9999999999999999,64.0,0.9650085285149523,61.99999999999999,0.9226799511106247,61.0,0.9999999999999998,61.99999999999999,0.9973558888146865,60.0,0.9167096438302497,11_1,11,1,lamp,113.896270752,54.4633026123,2.87760545027,0,441.514521296,0.221539661288
UBFC_A1/Eval_On_COHFACE,COHFACE,old,COHFACE_s11_session1_lamp,34,64.0,60.0,large_error,64.0,0.9999999999999999,63.0,0.9994305397218901,61.99999999999999,0.8957018087357494,60.0,0.9999999999999999,61.0,0.9550215107731787,59.0,0.9250142884484509,11_1,11,1,lamp,113.896270752,54.4633026123,2.87760545027,0,441.514521296,0.221539661288
UBFC_A1/Eval_On_COHFACE,COHFACE,old,COHFACE_s11_session1_lamp,35,64.0,61.0,correct,64.0,0.9999999999999998,65.0,0.9983500441991233,63.0,0.8998043806625278,61.0,0.9999999999999999,60.0,0.9843878536398727,61.99999999999999,0.975438073606533,11_1,11,1,lamp,113.896270752,54.4633026123,2.87760545027,0,441.514521296,0.221539661288
UBFC_A1/Eval_On_COHFACE,COHFACE,old,COHFACE_s11_session1_lamp,36,66.0,60.0,large_error,66.0,0.9999999999999998,65.0,0.9623302041269869,67.0,0.9259042568720377,60.0,0.9999999999999998,61.0,0.9915552459239876,59.0,0.9518396662405565,11_1,11,1,lamp,113.896270752,54.4633026123,2.87760545027,0,441.514521296,0.221539661288
UBFC_A1/Eval_On_COHFACE,COHFACE,old,COHFACE_s11_session1_lamp,37,66.0,57.0,large_error,66.0,0.9999999999999998,67.0,0.9746486728642143,65.0,0.9059088848154203,57.0,0.9999999999999998,64.0,0.9913579090894892,58.0,0.9894805640326159,11_1,11,1,lamp,113.896270752,54.4633026123,2.87760545027,0,441.514521296,0.221539661288
UBFC_A1/Eval_On_COHFACE,COHFACE,old,COHFACE_s11_session1_lamp,38,66.0,66.0,correct,66.0,0.9999999999999998,67.0,0.9725463991146673,65.0,0.909345557703822,66.0,0.9999999999999999,55.0,0.9635020666063412,65.0,0.9472387074394008,11_1,11,1,lamp,113.896270752,54.4633026123,2.87760545027,0,441.514521296,0.221539661288
UBFC_A1/Eval_On_COHFACE,COHFACE,old,COHFACE_s11_session1_lamp,39,66.0,53.0,large_error,66.0,0.9999999999999998,65.0,0.97335078101649,67.0,0.9139139769586684,53.0,0.9999999999999998,54.0,0.9788742664321777,68.0,0.9341155208917352,11_1,11,1,lamp,113.896270752,54.4633026123,2.87760545027,0,441.514521296,0.221539661288
UBFC_A1/Eval_On_COHFACE,COHFACE,old,COHFACE_s11_session1_lamp,40,65.0,68.0,correct,65.0,0.9999999999999998,66.0,0.9581881177631038,64.0,0.9311347186513571,68.0,0.9999999999999998,69.0,0.9560132596012305,67.0,0.9382690196483886,11_1,11,1,lamp,113.896270752,54.4633026123,2.87760545027,0,441.514521296,0.221539661288
UBFC_A1/Eval_On_COHFACE,COHFACE,old,COHFACE_s11_session1_lamp,41,64.0,60.0,large_error,64.0,0.9999999999999998,65.0,0.99300056944014,63.0,0.9042064924252331,60.0,0.9999999999999999,61.0,0.9612426425772523,59.0,0.9253367669274166,11_1,11,1,lamp,113.896270752,54.4633026123,2.87760545027,0,441.514521296,0.221539661288
UBFC_A1/Eval_On_COHFACE,COHFACE,old,COHFACE_s11_session1_lamp,42,64.0,64.0,correct,64.0,0.9999999999999999,65.0,0.9480221822909762,63.0,0.9390361182422303,64.0,0.9999999999999997,65.0,0.9808895693884868,63.0,0.8719034622887136,11_1,11,1,lamp,113.896270752,54.4633026123,2.87760545027,0,441.514521296,0.221539661288
UBFC_A1/Eval_On_COHFACE,COHFACE,old,COHFACE_s11_session1_lamp,43,64.0,65.0,correct,64.0,0.9999999999999999,65.0,0.956872369883611,63.0,0.9251115949432329,65.0,0.9999999999999999,64.0,0.9640069963493688,66.0,0.8607714476133645,11_1,11,1,lamp,113.896270752,54.4633026123,2.87760545027,0,441.514521296,0.221539661288
UBFC_A1/Eval_On_COHFACE,COHFACE,old,COHFACE_s11_session1_lamp,44,65.0,65.0,correct,65.0,0.9999999999999999,64.0,0.9762195884341793,66.0,0.9096224195487378,65.0,0.9999999999999998,66.0,0.9576649872055066,64.0,0.9026801347579516,11_1,11,1,lamp,113.896270752,54.4633026123,2.87760545027,0,441.514521296,0.221539661288
UBFC_A1/Eval_On_COHFACE,COHFACE,old,COHFACE_s11_session1_lamp,45,65.0,66.0,correct,65.0,0.9999999999999999,66.0,0.9737921396615067,64.0,0.9130567342696232,66.0,0.9999999999999998,67.0,0.950599291280839,65.0,0.9479394090828235,11_1,11,1,lamp,113.896270752,54.4633026123,2.87760545027,0,441.514521296,0.221539661288
UBFC_A1/Eval_On_COHFACE,COHFACE,old,COHFACE_s11_session1_lamp,46,65.0,66.0,correct,65.0,0.9999999999999999,66.0,0.9804997869168972,64.0,0.9082304247527484,66.0,0.9999999999999999,65.0,0.9872799930390213,67.0,0.9375790444284338,11_1,11,1,lamp,113.896270752,54.4633026123,2.87760545027,0,441.514521296,0.221539661288
UBFC_A1/Eval_On_COHFACE,COHFACE,old,COHFACE_s11_session1_lamp,47,65.0,67.0,correct,65.0,0.9999999999999998,64.0,0.9711525989866839,66.0,0.9197360102243244,67.0,0.9999999999999998,66.0,0.9526683797289026,68.0,0.9294324265403444,11_1,11,1,lamp,113.896270752,54.4633026123,2.87760545027,0,441.514521296,0.221539661288
UBFC_A1/Eval_On_COHFACE,COHFACE,old,COHFACE_s11_session1_lamp,48,64.0,65.0,correct,64.0,0.9999999999999998,65.0,0.9818876261116752,63.0,0.9085837758159746,65.0,0.9999999999999999,64.0,0.9926302565104149,66.0,0.9179171260563994,11_1,11,1,lamp,113.896270752,54.4633026123,2.87760545027,0,441.514521296,0.221539661288
UBFC_A1/Eval_On_COHFACE,COHFACE,old,COHFACE_s11_session1_lamp,49,64.0,65.0,correct,64.0,0.9999999999999999,65.0,0.9459778856263238,63.0,0.9424435501265629,65.0,0.9999999999999999,64.0,0.9833594377480863,66.0,0.9178327526585821,11_1,11,1,lamp,113.896270752,54.4633026123,2.87760545027,0,441.514521296,0.221539661288
UBFC_A1/Eval_On_COHFACE,COHFACE,old,COHFACE_s11_session1_lamp,50,64.0,64.0,correct,64.0,0.9999999999999999,63.0,0.9590556148158851,65.0,0.9282704452384973,64.0,0.9999999999999999,63.0,0.9898520329384132,65.0,0.9308402877294113,11_1,11,1,lamp,113.896270752,54.4633026123,2.87760545027,0,441.514521296,0.221539661288
UBFC_A1/Eval_On_COHFACE,COHFACE,old,COHFACE_s11_session2_natural,0,71.0,74.0,correct,71.0,1.0,72.0,0.9688194786085744,70.0,0.8795068999056433,74.0,0.9999999999999999,73.0,0.9712344754532513,75.0,0.9551141519939901,11_2,11,2,natural,95.4377822876,54.6704978943,10.3017999606,0,611.605302561,0.211130872369
UBFC_A1/Eval_On_COHFACE,COHFACE,old,COHFACE_s11_session2_natural,1,70.0,75.0,large_error,70.0,0.9999999999999998,69.0,0.9802747191428177,71.0,0.9097069536430942,75.0,0.9999999999999998,76.0,0.9671953977365887,74.0,0.9502951251685485,11_2,11,2,natural,95.4377822876,54.6704978943,10.3017999606,0,611.605302561,0.211130872369
UBFC_A1/Eval_On_COHFACE,COHFACE,old,COHFACE_s11_session2_natural,2,69.0,68.0,correct,69.0,0.9999999999999998,70.0,0.956912673364296,68.0,0.9309693532833341,68.0,0.9999999999999999,69.0,0.9683181612044369,67.0,0.9120086945435559,11_2,11,2,natural,95.4377822876,54.6704978943,10.3017999606,0,611.605302561,0.211130872369
UBFC_A1/Eval_On_COHFACE,COHFACE,old,COHFACE_s11_session2_natural,3,69.0,68.0,correct,69.0,0.9999999999999998,70.0,0.9508437052457092,68.0,0.939869389234921,68.0,0.9999999999999998,67.0,0.9759190688791185,69.0,0.9213746976922079,11_2,11,2,natural,95.4377822876,54.6704978943,10.3017999606,0,611.605302561,0.211130872369
UBFC_A1/Eval_On_COHFACE,COHFACE,old,COHFACE_s11_session2_natural,4,69.0,68.0,correct,69.0,0.9999999999999998,70.0,0.9788635305104598,68.0,0.9102483214375554,68.0,0.9999999999999999,69.0,0.9552431031941062,67.0,0.9259768126302168,11_2,11,2,natural,95.4377822876,54.6704978943,10.3017999606,0,611.605302561,0.211130872369
UBFC_A1/Eval_On_COHFACE,COHFACE,old,COHFACE_s11_session2_natural,5,69.0,67.0,correct,69.0,0.9999999999999998,70.0,0.9867989861511721,68.0,0.8959718964391986,67.0,0.9999999999999998,66.0,0.9815162480340517,68.0,0.934971599966579,11_2,11,2,natural,95.4377822876,54.6704978943,10.3017999606,0,611.605302561,0.211130872369
UBFC_A1/Eval_On_COHFACE,COHFACE,old,COHFACE_s11_session2_natural,6,70.0,67.0,correct,70.0,0.9999999999999998,69.0,0.9798673799560469,71.0,0.9044447703434397,67.0,0.9999999999999999,68.0,0.9838203290387203,66.0,0.9377411477734405,11_2,11,2,natural,95.4377822876,54.6704978943,10.3017999606,0,611.605302561,0.211130872369
UBFC_A1/Eval_On_COHFACE,COHFACE,old,COHFACE_s11_session2_natural,7,70.0,58.0,large_error,70.0,0.9999999999999998,69.0,0.9528304298326226,71.0,0.9297470581462388,58.0,0.9999999999999999,69.0,0.945911198610571,59.0,0.935792806906158,11_2,11,2,natural,95.4377822876,54.6704978943,10.3017999606,0,611.605302561,0.211130872369
UBFC_A1/Eval_On_COHFACE,COHFACE,old,COHFACE_s11_session2_natural,8,70.0,70.0,correct,70.0,0.9999999999999998,71.0,0.9626410684653469,69.0,0.9203687128137125,70.0,0.9999999999999999,71.0,0.993209005532731,69.0,0.8858124865082808,11_2,11,2,natural,95.4377822876,54.6704978943,10.3017999606,0,611.605302561,0.211130872369
UBFC_A1/Eval_On_COHFACE,COHFACE,old,COHFACE_s11_session2_natural,9,70.0,71.0,correct,70.0,0.9999999999999998,69.0,0.9860635869515922,71.0,0.9068915954769299,71.0,0.9999999999999998,70.0,0.9561420569168826,72.0,0.8893737629868688,11_2,11,2,natural,95.4377822876,54.6704978943,10.3017999606,0,611.605302561,0.211130872369
UBFC_A1/Eval_On_COHFACE,COHFACE,old,COHFACE_s11_session2_natural,10,69.0,69.0,correct,69.0,0.9999999999999998,68.0,0.9567745836591615,70.0,0.935632920844561,69.0,0.9999999999999999,68.0,0.9905876009420097,70.0,0.915632582331044,11_2,11,2,natural,95.4377822876,54.6704978943,10.3017999606,0,611.605302561,0.211130872369
UBFC_A1/Eval_On_COHFACE,COHFACE,old,COHFACE_s11_session2_natural,11,68.0,68.0,correct,68.0,0.9999999999999998,69.0,0.9968544004907447,67.0,0.8906847679059376,68.0,0.9999999999999999,67.0,0.9930928982601032,69.0,0.9230649867349556,11_2,11,2,natural,95.4377822876,54.6704978943,10.3017999606,0,611.605302561,0.211130872369
UBFC_A1/Eval_On_COHFACE,COHFACE,old,COHFACE_s11_session2_natural,12,68.0,67.0,correct,68.0,0.9999999999999998,69.0,0.9716995041448628,67.0,0.9139276269606175,67.0,1.0,66.0,0.9616183385053261,68.0,0.9462417997908694,11_2,11,2,natural,95.4377822876,54.6704978943,10.3017999606,0,611.605302561,0.211130872369
UBFC_A1/Eval_On_COHFACE,COHFACE,old,COHFACE_s11_session2_natural,13,68.0,67.0,correct,68.0,0.9999999999999998,69.0,0.9897861123075687,67.0,0.8995089129643268,67.0,1.0,68.0,0.9743755861024255,66.0,0.9440591727919704,11_2,11,2,natural,95.4377822876,54.6704978943,10.3017999606,0,611.605302561,0.211130872369
UBFC_A1/Eval_On_COHFACE,COHFACE,old,COHFACE_s11_session2_natural,14,69.0,68.0,correct,69.0,0.9999999999999998,70.0,0.9520864272522935,68.0,0.9365305389010294,68.0,0.9999999999999999,67.0,0.9792251712991857,69.0,0.9144279064647576,11_2,11,2,natural,95.4377822876,54.6704978943,10.3017999606,0,611.605302561,0.211130872369
UBFC_A1/Eval_On_COHFACE,COHFACE,old,COHFACE_s11_session2_natural,15,70.0,69.0,correct,70.0,0.9999999999999998,69.0,0.9677548539101765,71.0,0.9182114636740631,69.0,0.9999999999999999,70.0,0.9571880931941387,68.0,0.9468349710173412,11_2,11,2,natural,95.4377822876,54.6704978943,10.3017999606,0,611.605302561,0.211130872369
UBFC_A1/Eval_On_COHFACE,COHFACE,old,COHFACE_s11_session2_natural,16,70.0,70.0,correct,70.0,0.9999999999999998,69.0,0.9516625682751141,71.0,0.9363982552161058,70.0,0.9999999999999999,71.0,0.9870905332002362,69.0,0.9210100341599711,11_2,11,2,natural,95.4377822876,54.6704978943,10.3017999606,0,611.605302561,0.211130872369
UBFC_A1/Eval_On_COHFACE,COHFACE,old,COHFACE_s11_session2_natural,17,70.0,45.0,large_error,70.0,0.9999999999999998,69.0,0.9950143581265505,71.0,0.893414199456067,45.0,0.9999999999999999,44.0,0.9696322229713806,46.0,0.934023025354312,11_2,11,2,natural,95.4377822876,54.6704978943,10.3017999606,0,611.605302561,0.211130872369
UBFC_A1/Eval_On_COHFACE,COHFACE,old,COHFACE_s11_session2_natural,18,69.0,69.0,correct,69.0,0.9999999999999998,68.0,0.9606667232945021,70.0,0.9216177419116685,69.0,0.9999999999999998,68.0,0.9846340152727744,70.0,0.9156092390104174,11_2,11,2,natural,95.4377822876,54.6704978943,10.3017999606,0,611.605302561,0.211130872369
UBFC_A1/Eval_On_COHFACE,COHFACE,old,COHFACE_s11_session2_natural,19,68.0,68.0,correct,68.0,0.9999999999999998,69.0,0.9450541503218938,67.0,0.9414178591538017,68.0,0.9999999999999997,67.0,0.9776906123174873,82.0,0.9511265699786544,11_2,11,2,natural,95.4377822876,54.6704978943,10.3017999606,0,611.605302561,0.211130872369
UBFC_A1/Eval_On_COHFACE,COHFACE,old,COHFACE_s11_session2_natural,20,68.0,68.0,correct,68.0,0.9999999999999998,67.0,0.9545047254365527,69.0,0.9282550173663761,68.0,0.9999999999999999,69.0,0.9878393875105005,67.0,0.8892526755666456,11_2,11,2,natural,95.4377822876,54.6704978943,10.3017999606,0,611.605302561,0.211130872369
UBFC_A1/Eval_On_COHFACE,COHFACE,old,COHFACE_s11_session2_natural,21,68.0,80.0,large_error,68.0,0.9999999999999998,67.0,0.9622603137175071,69.0,0.9193513912429037,80.0,0.9999999999999998,81.0,0.9462084968066106,79.0,0.9264818122816776,11_2,11,2,natural,95.4377822876,54.6704978943,10.3017999606,0,611.605302561,0.211130872369
UBFC_A1/Eval_On_COHFACE,COHFACE,old,COHFACE_s11_session2_natural,22,68.0,68.0,correct,68.0,0.9999999999999998,67.0,0.9730978756419187,69.0,0.9105602958507745,68.0,0.9999999999999998,69.0,0.9547735442602435,67.0,0.9269738704308926,11_2,11,2,natural,95.4377822876,54.6704978943,10.3017999606,0,611.605302561,0.211130872369
UBFC_A1/Eval_On_COHFACE,COHFACE,old,COHFACE_s11_session2_natural,23,68.0,76.0,large_error,68.0,0.9999999999999998,69.0,0.9435994785271535,67.0,0.942999475797141,76.0,0.9999999999999998,77.0,0.9995581402345546,75.0,0.9282357129709343,11_2,11,2,natural,95.4377822876,54.6704978943,10.3017999606,0,611.605302561,0.211130872369
UBFC_A1/Eval_On_COHFACE,COHFACE,old,COHFACE_s11_session2_natural,24,69.0,79.0,large_error,69.0,0.9999999999999998,68.0,0.9770291316793089,70.0,0.9129779846023014,79.0,0.9999999999999998,78.0,0.9680312721976688,80.0,0.9242386665264548,11_2,11,2,natural,95.4377822876,54.6704978943,10.3017999606,0,611.605302561,0.211130872369
UBFC_A1/Eval_On_COHFACE,COHFACE,old,COHFACE_s11_session2_natural,25,70.0,79.0,large_error,70.0,0.9999999999999999,71.0,0.9667283929370959,69.0,0.940375006179035,79.0,0.9999999999999999,80.0,0.9793104070384029,78.0,0.9157320329893849,11_2,11,2,natural,95.4377822876,54.6704978943,10.3017999606,0,611.605302561,0.211130872369
UBFC_A1/Eval_On_COHFACE,COHFACE,old,COHFACE_s11_session2_natural,26,72.0,42.0,sub_harmonic_half,72.0,0.9999999999999999,71.0,0.9828875070549488,73.0,0.9029052410310224,42.0,0.9999999999999999,43.0,0.9935933722711511,41.0,0.8847880661263849,11_2,11,2,natural,95.4377822876,54.6704978943,10.3017999606,0,611.605302561,0.211130872369
UBFC_A1/Eval_On_COHFACE,COHFACE,old,COHFACE_s11_session2_natural,27,72.0,40.0,sub_harmonic_half,72.0,0.9999999999999999,73.0,0.9929920704313876,71.0,0.8957885465850081,40.0,0.9999999999999998,41.0,0.9314621052473201,80.0,0.8917195204931837,11_2,11,2,natural,95.4377822876,54.6704978943,10.3017999606,0,611.605302561,0.211130872369
UBFC_A1/Eval_On_COHFACE,COHFACE,old,COHFACE_s11_session2_natural,28,74.0,41.0,sub_harmonic_half,74.0,0.9999999999999999,75.0,0.9425101113585314,73.0,0.9421361069613142,41.0,0.9999999999999997,40.0,0.9879248257501198,42.0,0.9236150082639586,11_2,11,2,natural,95.4377822876,54.6704978943,10.3017999606,0,611.605302561,0.211130872369
UBFC_A1/Eval_On_COHFACE,COHFACE,old,COHFACE_s11_session2_natural,29,74.0,75.0,correct,74.0,0.9999999999999999,75.0,0.9685600421660182,73.0,0.9133734103801007,75.0,0.9999999999999999,76.0,0.9692259388637381,74.0,0.9204267244323157,11_2,11,2,natural,95.4377822876,54.6704978943,10.3017999606,0,611.605302561,0.211130872369
UBFC_A1/Eval_On_COHFACE,COHFACE,old,COHFACE_s11_session2_natural,30,73.0,75.0,correct,73.0,0.9999999999999999,72.0,0.9545937197796481,74.0,0.9414374237730635,75.0,0.9999999999999997,76.0,0.983552060693189,74.0,0.9291460152069215,11_2,11,2,natural,95.4377822876,54.6704978943,10.3017999606,0,611.605302561,0.211130872369
UBFC_A1/Eval_On_COHFACE,COHFACE,old,COHFACE_s11_session2_natural,31,71.0,75.0,large_error,71.0,0.9999999999999999,70.0,0.9770888039742284,72.0,0.9243657787102956,75.0,0.9999999999999998,76.0,0.9865285884459929,74.0,0.9288041736812537,11_2,11,2,natural,95.4377822876,54.6704978943,10.3017999606,0,611.605302561,0.211130872369
UBFC_A1/Eval_On_COHFACE,COHFACE,old,COHFACE_s11_session2_natural,32,69.0,70.0,correct,69.0,0.9999999999999999,70.0,0.9646473314703434,68.0,0.9261574057072621,70.0,0.9999999999999998,42.0,0.975321863474914,69.0,0.9708714804366272,11_2,11,2,natural,95.4377822876,54.6704978943,10.3017999606,0,611.605302561,0.211130872369
UBFC_A1/Eval_On_COHFACE,COHFACE,old,COHFACE_s11_session2_natural,33,68.0,70.0,correct,68.0,0.9999999999999998,69.0,0.9953280237655749,67.0,0.8955441798168898,70.0,0.9999999999999997,69.0,0.9716479546359847,71.0,0.9007672604111416,11_2,11,2,natural,95.4377822876,54.6704978943,10.3017999606,0,611.605302561,0.211130872369
UBFC_A1/Eval_On_COHFACE,COHFACE,old,COHFACE_s11_session2_natural,34,68.0,69.0,correct,68.0,0.9999999999999998,67.0,0.9466212598169459,69.0,0.9430270210582572,69.0,0.9999999999999998,70.0,0.948799175431139,68.0,0.9288775749803093,11_2,11,2,natural,95.4377822876,54.6704978943,10.3017999606,0,611.605302561,0.211130872369
UBFC_A1/Eval_On_COHFACE,COHFACE,old,COHFACE_s11_session2_natural,35,68.0,67.0,correct,68.0,0.9999999999999998,67.0,0.9590937917406992,69.0,0.9271094778564547,67.0,0.9999999999999999,66.0,0.9645754708601729,68.0,0.9412019857585666,11_2,11,2,natural,95.4377822876,54.6704978943,10.3017999606,0,611.605302561,0.211130872369
UBFC_A1/Eval_On_COHFACE,COHFACE,old,COHFACE_s11_session2_natural,36,68.0,66.0,correct,68.0,0.9999999999999998,69.0,0.9661142117197018,67.0,0.9191153948309012,66.0,0.9999999999999998,67.0,0.9934158735335524,65.0,0.9003892231221432,11_2,11,2,natural,95.4377822876,54.6704978943,10.3017999606,0,611.605302561,0.211130872369
UBFC_A1/Eval_On_COHFACE,COHFACE,old,COHFACE_s11_session2_natural,37,69.0,67.0,correct,69.0,0.9999999999999998,68.0,0.9865794028826222,70.0,0.9005884955435507,67.0,0.9999999999999999,66.0,0.95660505710283,68.0,0.9322010672509811,11_2,11,2,natural,95.4377822876,54.6704978943,10.3017999606,0,611.605302561,0.211130872369
UBFC_A1/Eval_On_COHFACE,COHFACE,old,COHFACE_s11_session2_natural,38,69.0,67.0,correct,69.0,0.9999999999999998,68.0,0.956100792852635,70.0,0.9311691987487782,67.0,0.9999999999999999,68.0,0.9887704596478761,66.0,0.8950451665340231,11_2,11,2,natural,95.4377822876,54.6704978943,10.3017999606,0,611.605302561,0.211130872369
UBFC_A1/Eval_On_COHFACE,COHFACE,old,COHFACE_s11_session2_natural,39,68.0,68.0,correct,68.0,0.9999999999999998,69.0,0.9883831693004562,67.0,0.8968191760905605,68.0,0.9999999999999998,69.0,0.9803408191104174,67.0,0.9344074370392976,11_2,11,2,natural,95.4377822876,54.6704978943,10.3017999606,0,611.605302561,0.211130872369
UBFC_A1/Eval_On_COHFACE,COHFACE,old,COHFACE_s11_session2_natural,40,69.0,67.0,correct,69.0,0.9999999999999998,68.0,0.9944176330466309,70.0,0.8931864488395078,67.0,0.9999999999999998,66.0,0.9737048862292639,68.0,0.9158852919923537,11_2,11,2,natural,95.4377822876,54.6704978943,10.3017999606,0,611.605302561,0.211130872369
UBFC_A1/Eval_On_COHFACE,COHFACE,old,COHFACE_s11_session2_natural,41,68.0,66.0,correct,68.0,0.9999999999999998,69.0,0.9835646240532199,67.0,0.906259449073765,66.0,0.9999999999999999,67.0,0.9766377906536973,65.0,0.9442677927038352,11_2,11,2,natural,95.4377822876,54.6704978943,10.3017999606,0,611.605302561,0.211130872369
UBFC_A1/Eval_On_COHFACE,COHFACE,old,COHFACE_s11_session2_natural,42,68.0,68.0,correct,68.0,0.9999999999999999,69.0,0.9544746172649056,67.0,0.9354538948391699,68.0,0.9999999999999998,67.0,0.9856945422696853,69.0,0.9081841180335617,11_2,11,2,natural,95.4377822876,54.6704978943,10.3017999606,0,611.605302561,0.211130872369
UBFC_A1/Eval_On_COHFACE,COHFACE,old,COHFACE_s11_session2_natural,43,68.0,68.0,correct,68.0,0.9999999999999999,67.0,0.9633581264490325,69.0,0.9247683980280358,68.0,0.9999999999999999,67.0,0.9955633464047251,69.0,0.8976318303018075,11_2,11,2,natural,95.4377822876,54.6704978943,10.3017999606,0,611.605302561,0.211130872369
UBFC_A1/Eval_On_COHFACE,COHFACE,old,COHFACE_s11_session2_natural,44,67.0,68.0,correct,67.0,0.9999999999999999,68.0,0.9965927283373743,66.0,0.8912319861183599,68.0,0.9999999999999999,67.0,0.9522459642373495,69.0,0.93795553866691,11_2,11,2,natural,95.4377822876,54.6704978943,10.3017999606,0,611.605302561,0.211130872369
UBFC_A1/Eval_On_COHFACE,COHFACE,old,COHFACE_s11_session2_natural,45,67.0,69.0,correct,67.0,0.9999999999999999,68.0,0.9906831287381428,66.0,0.8958696781117179,69.0,0.9999999999999998,68.0,0.9960355030904731,70.0,0.9245555785911689,11_2,11,2,natural,95.4377822876,54.6704978943,10.3017999606,0,611.605302561,0.211130872369
UBFC_A1/Eval_On_COHFACE,COHFACE,old,COHFACE_s11_session2_natural,46,68.0,68.0,correct,68.0,0.9999999999999999,69.0,0.9528198337822859,67.0,0.9281796396184848,68.0,0.9999999999999998,69.0,0.9626003470492928,67.0,0.9185173947911179,11_2,11,2,natural,95.4377822876,54.6704978943,10.3017999606,0,611.605302561,0.211130872369
UBFC_A1/Eval_On_COHFACE,COHFACE,old,COHFACE_s11_session2_natural,47,68.0,68.0,correct,68.0,0.9999999999999999,67.0,0.9554367084349551,69.0,0.9307833221367148,68.0,0.9999999999999998,69.0,0.9614844277105713,67.0,0.9110714027914946,11_2,11,2,natural,95.4377822876,54.6704978943,10.3017999606,0,611.605302561,0.211130872369
UBFC_A1/Eval_On_COHFACE,COHFACE,old,COHFACE_s11_session2_natural,48,68.0,67.0,correct,68.0,0.9999999999999999,69.0,0.952468968654347,67.0,0.9303110450352056,67.0,0.9999999999999998,68.0,0.993612108550613,66.0,0.9048188926342862,11_2,11,2,natural,95.4377822876,54.6704978943,10.3017999606,0,611.605302561,0.211130872369
UBFC_A1/Eval_On_COHFACE,COHFACE,old,COHFACE_s11_session2_natural,49,68.0,67.0,correct,68.0,0.9999999999999999,67.0,0.9515920097600415,69.0,0.9315369966826185,67.0,0.9999999999999999,68.0,0.9988941380519201,66.0,0.888820900432395,11_2,11,2,natural,95.4377822876,54.6704978943,10.3017999606,0,611.605302561,0.211130872369
UBFC_A1/Eval_On_COHFACE,COHFACE,old,COHFACE_s11_session2_natural,50,67.0,67.0,correct,67.0,0.9999999999999999,68.0,0.9883489511805598,66.0,0.8994101868051616,67.0,0.9999999999999999,66.0,0.9489696573364428,68.0,0.9486230941880943,11_2,11,2,natural,95.4377822876,54.6704978943,10.3017999606,0,611.605302561,0.211130872369
UBFC_A1/Eval_On_COHFACE,COHFACE,old,COHFACE_s11_session3_natural,0,75.0,47.0,large_error,75.0,0.9999999999999998,74.0,0.9609067917266437,76.0,0.8888120559406409,47.0,0.9999999999999997,48.0,0.965522392427648,46.0,0.8413011916110724,11_3,11,3,natural,111.595146179,61.4682807922,4.49509014912,0,588.71924067,0.234276145697
UBFC_A1/Eval_On_COHFACE,COHFACE,old,COHFACE_s11_session3_natural,1,72.0,47.0,large_error,72.0,0.9999999999999998,73.0,0.9584182765608248,71.0,0.9286645699510596,47.0,0.9999999999999996,46.0,0.9953877628971337,71.0,0.9241788682175185,11_3,11,3,natural,111.595146179,61.4682807922,4.49509014912,0,588.71924067,0.234276145697
UBFC_A1/Eval_On_COHFACE,COHFACE,old,COHFACE_s11_session3_natural,2,72.0,74.0,correct,72.0,0.9999999999999998,71.0,0.9454625918190307,73.0,0.9381553284788571,74.0,0.9999999999999998,73.0,0.9865725773856958,75.0,0.924730932685912,11_3,11,3,natural,111.595146179,61.4682807922,4.49509014912,0,588.71924067,0.234276145697
UBFC_A1/Eval_On_COHFACE,COHFACE,old,COHFACE_s11_session3_natural,3,72.0,73.0,correct,72.0,0.9999999999999998,71.0,0.9613177421661802,73.0,0.9200494258976459,73.0,0.9999999999999998,74.0,0.9643314011272028,72.0,0.9469516591970863,11_3,11,3,natural,111.595146179,61.4682807922,4.49509014912,0,588.71924067,0.234276145697
UBFC_A1/Eval_On_COHFACE,COHFACE,old,COHFACE_s11_session3_natural,4,71.0,72.0,correct,71.0,0.9999999999999998,72.0,0.9959424551129685,70.0,0.8962071373603953,72.0,0.9999999999999999,73.0,0.9853318929077937,71.0,0.9301954244229074,11_3,11,3,natural,111.595146179,61.4682807922,4.49509014912,0,588.71924067,0.234276145697
UBFC_A1/Eval_On_COHFACE,COHFACE,old,COHFACE_s11_session3_natural,5,71.0,72.0,correct,71.0,0.9999999999999998,72.0,0.9909256180084884,70.0,0.9043619626192635,72.0,0.9999999999999998,73.0,0.9871461772620316,71.0,0.9282050601723728,11_3,11,3,natural,111.595146179,61.4682807922,4.49509014912,0,588.71924067,0.234276145697
UBFC_A1/Eval_On_COHFACE,COHFACE,old,COHFACE_s11_session3_natural,6,71.0,73.0,correct,71.0,0.9999999999999998,72.0,0.9937895364891327,70.0,0.8988361621375094,73.0,0.9999999999999998,74.0,0.9549340170907066,72.0,0.9459616756037127,11_3,11,3,natural,111.595146179,61.4682807922,4.49509014912,0,588.71924067,0.234276145697
UBFC_A1/Eval_On_COHFACE,COHFACE,old,COHFACE_s11_session3_natural,7,71.0,72.0,correct,71.0,0.9999999999999998,72.0,0.9930914666040764,70.0,0.8882908760225032,72.0,0.9999999999999998,73.0,0.970073833471768,71.0,0.9114506560542942,11_3,11,3,natural,111.595146179,61.4682807922,4.49509014912,0,588.71924067,0.234276145697
UBFC_A1/Eval_On_COHFACE,COHFACE,old,COHFACE_s11_session3_natural,8,71.0,59.0,large_error,71.0,0.9999999999999998,72.0,0.9930676144041837,70.0,0.8839134597264824,59.0,0.9999999999999999,60.0,0.9648772138853162,58.0,0.9021113230638889,11_3,11,3,natural,111.595146179,61.4682807922,4.49509014912,0,588.71924067,0.234276145697
UBFC_A1/Eval_On_COHFACE,COHFACE,old,COHFACE_s11_session3_natural,9,71.0,73.0,correct,71.0,0.9999999999999998,72.0,0.9472620625115565,70.0,0.9352610128137537,73.0,0.9999999999999999,59.0,0.9604612114145977,72.0,0.9509642068502733,11_3,11,3,natural,111.595146179,61.4682807922,4.49509014912,0,588.71924067,0.234276145697
UBFC_A1/Eval_On_COHFACE,COHFACE,old,COHFACE_s11_session3_natural,10,71.0,73.0,correct,71.0,0.9999999999999998,70.0,0.9694439681301603,72.0,0.9226469768687848,73.0,0.9999999999999998,74.0,0.9742071259119326,72.0,0.9213477173052537,11_3,11,3,natural,111.595146179,61.4682807922,4.49509014912,0,588.71924067,0.234276145697
UBFC_A1/Eval_On_COHFACE,COHFACE,old,COHFACE_s11_session3_natural,11,71.0,74.0,correct,71.0,0.9999999999999998,70.0,0.9588666186187567,72.0,0.9385842618358802,74.0,0.9999999999999998,73.0,0.9605756048481335,75.0,0.94016953680035,11_3,11,3,natural,111.595146179,61.4682807922,4.49509014912,0,588.71924067,0.234276145697
UBFC_A1/Eval_On_COHFACE,COHFACE,old,COHFACE_s11_session3_natural,12,72.0,74.0,correct,72.0,0.9999999999999998,71.0,0.9686108178691921,73.0,0.9149971805057155,74.0,0.9999999999999999,73.0,0.9953027393976726,75.0,0.9282053839942106,11_3,11,3,natural,111.595146179,61.4682807922,4.49509014912,0,588.71924067,0.234276145697
UBFC_A1/Eval_On_COHFACE,COHFACE,old,COHFACE_s11_session3_natural,13,72.0,75.0,correct,72.0,0.9999999999999998,73.0,0.9828801793670462,71.0,0.8860937150452671,75.0,0.9999999999999998,74.0,0.9669323923496012,76.0,0.9256832020614002,11_3,11,3,natural,111.595146179,61.4682807922,4.49509014912,0,588.71924067,0.234276145697
UBFC_A1/Eval_On_COHFACE,COHFACE,old,COHFACE_s11_session3_natural,14,72.0,52.0,large_error,72.0,0.9999999999999998,73.0,0.9989705661194195,74.0,0.8858699026846972,52.0,0.9999999999999999,53.0,0.9513854192262826,51.0,0.9088968850318465,11_3,11,3,natural,111.595146179,61.4682807922,4.49509014912,0,588.71924067,0.234276145697
UBFC_A1/Eval_On_COHFACE,COHFACE,old,COHFACE_s11_session3_natural,15,72.0,61.99999999999999,large_error,72.0,0.9999999999999999,73.0,0.9640012922982483,71.0,0.9201792767577126,61.99999999999999,0.9999999999999996,63.0,0.9609489143302553,61.0,0.9124313398865244,11_3,11,3,natural,111.595146179,61.4682807922,4.49509014912,0,588.71924067,0.234276145697
UBFC_A1/Eval_On_COHFACE,COHFACE,old,COHFACE_s11_session3_natural,16,71.0,60.0,large_error,71.0,0.9999999999999998,72.0,0.9737842484411757,70.0,0.9261301138063432,60.0,0.9999999999999998,61.0,0.9490659188291545,59.0,0.9437650035814568,11_3,11,3,natural,111.595146179,61.4682807922,4.49509014912,0,588.71924067,0.234276145697
UBFC_A1/Eval_On_COHFACE,COHFACE,old,COHFACE_s11_session3_natural,17,68.0,61.99999999999999,large_error,68.0,0.9999999999999999,69.0,0.9848409929325697,67.0,0.9430685774548817,61.99999999999999,0.9999999999999998,61.0,0.9996093608281994,63.0,0.9162591723549085,11_3,11,3,natural,111.595146179,61.4682807922,4.49509014912,0,588.71924067,0.234276145697
UBFC_A1/Eval_On_COHFACE,COHFACE,old,COHFACE_s11_session3_natural,18,67.0,66.0,correct,67.0,0.9999999999999998,68.0,0.954948468661165,66.0,0.9432533440828025,66.0,0.9999999999999999,65.0,0.9999098845608422,64.0,0.9136015992615928,11_3,11,3,natural,111.595146179,61.4682807922,4.49509014912,0,588.71924067,0.234276145697
UBFC_A1/Eval_On_COHFACE,COHFACE,old,COHFACE_s11_session3_natural,19,66.0,65.0,correct,66.0,0.9999999999999998,67.0,0.9703423616739859,65.0,0.9121711332135338,65.0,0.9999999999999998,66.0,0.989160997716289,64.0,0.9212697480911429,11_3,11,3,natural,111.595146179,61.4682807922,4.49509014912,0,588.71924067,0.234276145697
UBFC_A1/Eval_On_COHFACE,COHFACE,old,COHFACE_s11_session3_natural,20,66.0,67.0,correct,66.0,0.9999999999999998,67.0,0.9920993454435765,65.0,0.8925218232329595,67.0,0.9999999999999998,68.0,0.9646201438078754,66.0,0.9285804596920454,11_3,11,3,natural,111.595146179,61.4682807922,4.49509014912,0,588.71924067,0.234276145697
UBFC_A1/Eval_On_COHFACE,COHFACE,old,COHFACE_s11_session3_natural,21,67.0,67.0,correct,67.0,0.9999999999999998,68.0,0.9683571374654905,66.0,0.9160500975174336,67.0,0.9999999999999998,68.0,0.9555315307748662,66.0,0.9455163588917858,11_3,11,3,natural,111.595146179,61.4682807922,4.49509014912,0,588.71924067,0.234276145697
UBFC_A1/Eval_On_COHFACE,COHFACE,old,COHFACE_s11_session3_natural,22,67.0,67.0,correct,67.0,0.9999999999999998,68.0,0.9868984487263408,66.0,0.8976424584586081,67.0,0.9999999999999999,66.0,0.9418570843854556,68.0,0.9363822170581633,11_3,11,3,natural,111.595146179,61.4682807922,4.49509014912,0,588.71924067,0.234276145697
UBFC_A1/Eval_On_COHFACE,COHFACE,old,COHFACE_s11_session3_natural,23,67.0,67.0,correct,67.0,0.9999999999999998,68.0,0.9974431419259214,66.0,0.8904433037870831,67.0,0.9999999999999999,68.0,0.9897501649780369,66.0,0.9053852858181552,11_3,11,3,natural,111.595146179,61.4682807922,4.49509014912,0,588.71924067,0.234276145697
UBFC_A1/Eval_On_COHFACE,COHFACE,old,COHFACE_s11_session3_natural,24,68.0,68.0,correct,68.0,0.9999999999999998,69.0,0.948854631635456,67.0,0.9398811246131568,68.0,0.9999999999999999,67.0,0.979408911660623,69.0,0.8859998347114103,11_3,11,3,natural,111.595146179,61.4682807922,4.49509014912,0,588.71924067,0.234276145697
UBFC_A1/Eval_On_COHFACE,COHFACE,old,COHFACE_s11_session3_natural,25,69.0,67.0,correct,69.0,0.9999999999999998,68.0,0.9698366296114618,70.0,0.9117972330722361,67.0,0.9999999999999999,68.0,0.970807434136404,66.0,0.9328344915715733,11_3,11,3,natural,111.595146179,61.4682807922,4.49509014912,0,588.71924067,0.234276145697
UBFC_A1/Eval_On_COHFACE,COHFACE,old,COHFACE_s11_session3_natural,26,69.0,67.0,correct,69.0,0.9999999999999998,70.0,0.9634647217435643,68.0,0.9165185733021765,67.0,0.9999999999999998,68.0,0.9660314198488483,66.0,0.9647263910283933,11_3,11,3,natural,111.595146179,61.4682807922,4.49509014912,0,588.71924067,0.234276145697
UBFC_A1/Eval_On_COHFACE,COHFACE,old,COHFACE_s11_session3_natural,27,69.0,68.0,correct,69.0,0.9999999999999998,70.0,0.9761142385770954,68.0,0.908218755448554,68.0,0.9999999999999999,69.0,0.9728174614917696,67.0,0.9573601012790363,11_3,11,3,natural,111.595146179,61.4682807922,4.49509014912,0,588.71924067,0.234276145697
UBFC_A1/Eval_On_COHFACE,COHFACE,old,COHFACE_s11_session3_natural,28,69.0,69.0,correct,69.0,0.9999999999999998,68.0,0.9580027474638839,70.0,0.9302985599190944,69.0,0.9999999999999998,68.0,0.9665303453925317,70.0,0.9558224469911311,11_3,11,3,natural,111.595146179,61.4682807922,4.49509014912,0,588.71924067,0.234276145697
UBFC_A1/Eval_On_COHFACE,COHFACE,old,COHFACE_s11_session3_natural,29,68.0,69.0,correct,68.0,0.9999999999999998,69.0,0.9632478124382106,67.0,0.9277354162727562,69.0,0.9999999999999998,70.0,0.9225910836598308,68.0,0.921743040504617,11_3,11,3,natural,111.595146179,61.4682807922,4.49509014912,0,588.71924067,0.234276145697
UBFC_A1/Eval_On_COHFACE,COHFACE,old,COHFACE_s11_session3_natural,30,66.0,68.0,correct,66.0,0.9999999999999998,67.0,0.9843914675035095,65.0,0.9216977283240091,68.0,0.9999999999999997,69.0,0.9768019146678398,67.0,0.8950008245259437,11_3,11,3,natural,111.595146179,61.4682807922,4.49509014912,0,588.71924067,0.234276145697
UBFC_A1/Eval_On_COHFACE,COHFACE,old,COHFACE_s11_session3_natural,31,65.0,68.0,correct,65.0,0.9999999999999999,64.0,0.9610584355447792,66.0,0.9323154339327354,68.0,0.9999999999999998,67.0,0.9907570514859754,69.0,0.8875308608571573,11_3,11,3,natural,111.595146179,61.4682807922,4.49509014912,0,588.71924067,0.234276145697
UBFC_A1/Eval_On_COHFACE,COHFACE,old,COHFACE_s11_session3_natural,32,64.0,64.0,correct,64.0,0.9999999999999999,65.0,0.9727670436436008,63.0,0.9206858222254422,64.0,0.9999999999999998,65.0,0.9563226423848326,63.0,0.9487616275652621,11_3,11,3,natural,111.595146179,61.4682807922,4.49509014912,0,588.71924067,0.234276145697
UBFC_A1/Eval_On_COHFACE,COHFACE,old,COHFACE_s11_session3_natural,33,65.0,66.0,correct,65.0,0.9999999999999998,64.0,0.9822446138163878,66.0,0.9253836394447092,66.0,0.9999999999999999,67.0,0.9506285858192272,65.0,0.9379453749945349,11_3,11,3,natural,111.595146179,61.4682807922,4.49509014912,0,588.71924067,0.234276145697
UBFC_A1/Eval_On_COHFACE,COHFACE,old,COHFACE_s11_session3_natural,34,61.99999999999999,67.0,large_error,61.99999999999999,0.9999999999999998,63.0,0.9793848883864512,61.0,0.9704531511171789,67.0,0.9999999999999998,68.0,0.9544298321229733,66.0,0.9374091791178921,11_3,11,3,natural,111.595146179,61.4682807922,4.49509014912,0,588.71924067,0.234276145697
UBFC_A1/Eval_On_COHFACE,COHFACE,old,COHFACE_s11_session3_natural,35,61.0,68.0,large_error,61.0,0.9999999999999999,61.99999999999999,0.9359832656780384,60.0,0.9190565618163653,68.0,0.9999999999999999,69.0,0.9656740645359566,67.0,0.9139923862738996,11_3,11,3,natural,111.595146179,61.4682807922,4.49509014912,0,588.71924067,0.234276145697
UBFC_A1/Eval_On_COHFACE,COHFACE,old,COHFACE_s11_session3_natural,36,72.0,70.0,correct,72.0,0.9999999999999999,71.0,0.9499039652986765,73.0,0.9351234060333439,70.0,0.9999999999999999,71.0,0.9934853850188674,69.0,0.9403757394146761,11_3,11,3,natural,111.595146179,61.4682807922,4.49509014912,0,588.71924067,0.234276145697
UBFC_A1/Eval_On_COHFACE,COHFACE,old,COHFACE_s11_session3_natural,37,72.0,71.0,correct,72.0,0.9999999999999999,73.0,0.9734511972325425,71.0,0.9110210980774732,71.0,0.9999999999999998,72.0,0.965160757421361,70.0,0.960410760468858,11_3,11,3,natural,111.595146179,61.4682807922,4.49509014912,0,588.71924067,0.234276145697
UBFC_A1/Eval_On_COHFACE,COHFACE,old,COHFACE_s11_session3_natural,38,72.0,73.0,correct,72.0,0.9999999999999999,71.0,0.9819779485245086,73.0,0.9144100882901318,73.0,0.9999999999999998,72.0,0.9958850922636687,74.0,0.9382117539583172,11_3,11,3,natural,111.595146179,61.4682807922,4.49509014912,0,588.71924067,0.234276145697
UBFC_A1/Eval_On_COHFACE,COHFACE,old,COHFACE_s11_session3_natural,39,70.0,69.0,correct,70.0,0.9999999999999999,69.0,0.9789199384218894,71.0,0.9351711743074292,69.0,0.9999999999999998,68.0,0.9540386199985881,70.0,0.9186948508762667,11_3,11,3,natural,111.595146179,61.4682807922,4.49509014912,0,588.71924067,0.234276145697
UBFC_A1/Eval_On_COHFACE,COHFACE,old,COHFACE_s11_session3_natural,40,68.0,68.0,correct,68.0,0.9999999999999998,69.0,0.9727867044261781,67.0,0.9302810281864524,68.0,0.9999999999999998,69.0,0.9868232434660692,67.0,0.8875770972995639,11_3,11,3,natural,111.595146179,61.4682807922,4.49509014912,0,588.71924067,0.234276145697
UBFC_A1/Eval_On_COHFACE,COHFACE,old,COHFACE_s11_session3_natural,41,67.0,68.0,correct,67.0,0.9999999999999999,68.0,0.9832221418076447,66.0,0.8992244596355639,68.0,0.9999999999999999,67.0,0.9938646847823717,69.0,0.886199283354085,11_3,11,3,natural,111.595146179,61.4682807922,4.49509014912,0,588.71924067,0.234276145697
UBFC_A1/Eval_On_COHFACE,COHFACE,old,COHFACE_s11_session3_natural,42,68.0,67.0,correct,68.0,0.9999999999999999,67.0,0.9730621567038384,69.0,0.9043971492042538,67.0,0.9999999999999999,68.0,0.9853937354222532,66.0,0.9206837359566071,11_3,11,3,natural,111.595146179,61.4682807922,4.49509014912,0,588.71924067,0.234276145697
UBFC_A1/Eval_On_COHFACE,COHFACE,old,COHFACE_s11_session3_natural,43,68.0,68.0,correct,68.0,0.9999999999999999,69.0,0.9888265954334339,67.0,0.8986564169825654,68.0,0.9999999999999998,67.0,0.9862500940154303,69.0,0.943112414221367,11_3,11,3,natural,111.595146179,61.4682807922,4.49509014912,0,588.71924067,0.234276145697
UBFC_A1/Eval_On_COHFACE,COHFACE,old,COHFACE_s11_session3_natural,44,69.0,68.0,correct,69.0,0.9999999999999999,70.0,0.9850950009141649,68.0,0.9140245200568752,68.0,0.9999999999999999,69.0,0.9709571793455813,67.0,0.9279493773165225,11_3,11,3,natural,111.595146179,61.4682807922,4.49509014912,0,588.71924067,0.234276145697
UBFC_A1/Eval_On_COHFACE,COHFACE,old,COHFACE_s11_session3_natural,45,71.0,68.0,correct,71.0,0.9999999999999999,70.0,0.9752913736563904,72.0,0.9492207233153052,68.0,0.9999999999999999,69.0,0.9985249144969127,67.0,0.8989410766097798,11_3,11,3,natural,111.595146179,61.4682807922,4.49509014912,0,588.71924067,0.234276145697
UBFC_A1/Eval_On_COHFACE,COHFACE,old,COHFACE_s11_session3_natural,46,72.0,68.0,large_error,72.0,0.9999999999999998,71.0,0.9970607521994603,70.0,0.990702531551723,68.0,0.9999999999999998,67.0,0.9849655650539475,69.0,0.9161778959485702,11_3,11,3,natural,111.595146179,61.4682807922,4.49509014912,0,588.71924067,0.234276145697
UBFC_A1/Eval_On_COHFACE,COHFACE,old,COHFACE_s11_session3_natural,47,68.0,67.0,correct,68.0,0.9999999999999998,69.0,0.9447949253486164,67.0,0.9181504868225697,67.0,0.9999999999999998,68.0,0.9958421273368538,66.0,0.9021229262997265,11_3,11,3,natural,111.595146179,61.4682807922,4.49509014912,0,588.71924067,0.234276145697
UBFC_A1/Eval_On_COHFACE,COHFACE,old,COHFACE_s11_session3_natural,48,80.0,89.0,large_error,80.0,0.9999999999999999,79.0,0.9929484030105044,81.0,0.9168141550839011,89.0,0.9999999999999997,88.0,0.978553301561049,90.0,0.8939184513663998,11_3,11,3,natural,111.595146179,61.4682807922,4.49509014912,0,588.71924067,0.234276145697
UBFC_A1/Eval_On_COHFACE,COHFACE,old,COHFACE_s11_session3_natural,49,80.0,60.0,large_error,80.0,0.9999999999999999,81.0,0.997456185501243,82.0,0.8969722380937406,60.0,0.9999999999999998,61.0,0.9962904928520392,59.0,0.8968736022227378,11_3,11,3,natural,111.595146179,61.4682807922,4.49509014912,0,588.71924067,0.234276145697
UBFC_A1/Eval_On_COHFACE,COHFACE,old,COHFACE_s11_session3_natural,50,80.0,60.0,large_error,80.0,0.9999999999999999,81.0,0.9944842733156178,79.0,0.8930314038150013,60.0,0.9999999999999998,61.0,0.9830435310256886,59.0,0.8909731750757577,11_3,11,3,natural,111.595146179,61.4682807922,4.49509014912,0,588.71924067,0.234276145697
UBFC_A1/Eval_On_COHFACE,COHFACE,old,COHFACE_s12_session0_lamp,0,53.0,40.0,large_error,53.0,0.9999999999999999,52.0,0.9359360806145908,54.0,0.9264966301532224,40.0,0.9999999999999998,41.0,0.8941577311339743,51.0,0.7566371284808304,12_0,12,0,lamp,95.4115142822,56.5404777527,5.67578197231,0,416.713745713,0.217833206058
UBFC_A1/Eval_On_COHFACE,COHFACE,old,COHFACE_s12_session0_lamp,1,52.0,52.0,correct,52.0,0.9999999999999998,53.0,0.9891654459800603,51.0,0.9102850396454746,52.0,0.9999999999999997,53.0,0.9943139890996435,51.0,0.8572359705763994,12_0,12,0,lamp,95.4115142822,56.5404777527,5.67578197231,0,416.713745713,0.217833206058
UBFC_A1/Eval_On_COHFACE,COHFACE,old,COHFACE_s12_session0_lamp,2,53.0,45.0,large_error,53.0,0.9999999999999998,52.0,0.9470000555914616,54.0,0.938691267153999,45.0,0.9999999999999998,46.0,0.983925481797292,44.0,0.9397933148293021,12_0,12,0,lamp,95.4115142822,56.5404777527,5.67578197231,0,416.713745713,0.217833206058
UBFC_A1/Eval_On_COHFACE,COHFACE,old,COHFACE_s12_session0_lamp,3,53.0,53.0,correct,53.0,0.9999999999999998,54.0,0.9639043790964006,52.0,0.9185152375305699,53.0,0.9999999999999999,52.0,0.9961264181338708,54.0,0.9124075621775677,12_0,12,0,lamp,95.4115142822,56.5404777527,5.67578197231,0,416.713745713,0.217833206058
UBFC_A1/Eval_On_COHFACE,COHFACE,old,COHFACE_s12_session0_lamp,4,53.0,53.0,correct,53.0,0.9999999999999998,54.0,0.9826500057435118,52.0,0.9074039858504408,53.0,0.9999999999999998,52.0,0.9705543189940088,54.0,0.9511793138592699,12_0,12,0,lamp,95.4115142822,56.5404777527,5.67578197231,0,416.713745713,0.217833206058
UBFC_A1/Eval_On_COHFACE,COHFACE,old,COHFACE_s12_session0_lamp,5,54.0,52.0,correct,54.0,0.9999999999999998,53.0,0.9995947954739703,55.0,0.890552191389343,52.0,0.9999999999999999,51.0,0.9705351208606948,53.0,0.92357312259433,12_0,12,0,lamp,95.4115142822,56.5404777527,5.67578197231,0,416.713745713,0.217833206058
UBFC_A1/Eval_On_COHFACE,COHFACE,old,COHFACE_s12_session0_lamp,6,53.0,54.0,correct,53.0,0.9999999999999998,54.0,0.9856869156808584,52.0,0.9054708632599293,54.0,0.9999999999999998,55.0,0.9863899088236749,53.0,0.947896501998938,12_0,12,0,lamp,95.4115142822,56.5404777527,5.67578197231,0,416.713745713,0.217833206058
UBFC_A1/Eval_On_COHFACE,COHFACE,old,COHFACE_s12_session0_lamp,7,53.0,76.0,super_harmonic_1p5x,53.0,0.9999999999999998,54.0,0.9813348014017748,52.0,0.9091262769322997,76.0,0.9999999999999998,77.0,0.9830799402144823,75.0,0.9567482483708749,12_0,12,0,lamp,95.4115142822,56.5404777527,5.67578197231,0,416.713745713,0.217833206058
UBFC_A1/Eval_On_COHFACE,COHFACE,old,COHFACE_s12_session0_lamp,8,53.0,43.0,large_error,53.0,0.9999999999999998,54.0,0.9986728843823045,52.0,0.8889676706732424,43.0,0.9999999999999998,44.0,0.9871319990401838,42.0,0.9060707493741078,12_0,12,0,lamp,95.4115142822,56.5404777527,5.67578197231,0,416.713745713,0.217833206058
UBFC_A1/Eval_On_COHFACE,COHFACE,old,COHFACE_s12_session0_lamp,9,54.0,42.0,large_error,54.0,0.9999999999999998,53.0,0.9816011333015604,55.0,0.8999451778158097,42.0,0.9999999999999998,43.0,0.9642350585565398,41.0,0.954369079639633,12_0,12,0,lamp,95.4115142822,56.5404777527,5.67578197231,0,416.713745713,0.217833206058
UBFC_A1/Eval_On_COHFACE,COHFACE,old,COHFACE_s12_session0_lamp,10,54.0,82.0,super_harmonic_1p5x,54.0,0.9999999999999998,53.0,0.9512956443549131,55.0,0.930085372516387,82.0,0.9999999999999998,81.0,0.9611395568269587,83.0,0.9040345730934164,12_0,12,0,lamp,95.4115142822,56.5404777527,5.67578197231,0,416.713745713,0.217833206058
UBFC_A1/Eval_On_COHFACE,COHFACE,old,COHFACE_s12_session0_lamp,11,54.0,69.0,super_harmonic_1p5x,54.0,0.9999999999999998,55.0,0.9462915425827436,53.0,0.9424103561909625,69.0,0.9999999999999998,70.0,0.979150541275426,68.0,0.9163776582533915,12_0,12,0,lamp,95.4115142822,56.5404777527,5.67578197231,0,416.713745713,0.217833206058
UBFC_A1/Eval_On_COHFACE,COHFACE,old,COHFACE_s12_session0_lamp,12,54.0,51.0,correct,54.0,0.9999999999999998,53.0,0.9499149847921192,55.0,0.9423434722602103,51.0,0.9999999999999999,52.0,0.991788158376176,50.0,0.895882863510497,12_0,12,0,lamp,95.4115142822,56.5404777527,5.67578197231,0,416.713745713,0.217833206058
UBFC_A1/Eval_On_COHFACE,COHFACE,old,COHFACE_s12_session0_lamp,13,54.0,52.0,correct,54.0,0.9999999999999998,55.0,0.9661837442232817,53.0,0.9295150850184053,52.0,0.9999999999999999,51.0,0.9411257215429655,53.0,0.9365855501467377,12_0,12,0,lamp,95.4115142822,56.5404777527,5.67578197231,0,416.713745713,0.217833206058
UBFC_A1/Eval_On_COHFACE,COHFACE,old,COHFACE_s12_session0_lamp,14,55.0,53.0,correct,55.0,0.9999999999999998,54.0,0.9992676534303461,56.0,0.8954898859210088,53.0,0.9999999999999998,54.0,0.9862710756750497,52.0,0.9288488430069796,12_0,12,0,lamp,95.4115142822,56.5404777527,5.67578197231,0,416.713745713,0.217833206058
UBFC_A1/Eval_On_COHFACE,COHFACE,old,COHFACE_s12_session0_lamp,15,55.0,53.0,correct,55.0,0.9999999999999998,54.0,0.972739088605,56.0,0.9156963016360354,53.0,0.9999999999999998,54.0,0.9935695547013179,52.0,0.9229514901157264,12_0,12,0,lamp,95.4115142822,56.5404777527,5.67578197231,0,416.713745713,0.217833206058
UBFC_A1/Eval_On_COHFACE,COHFACE,old,COHFACE_s12_session0_lamp,16,55.0,54.0,correct,55.0,0.9999999999999999,56.0,0.9515897542530316,54.0,0.9271963583219072,54.0,0.9999999999999998,53.0,0.9586711406595616,55.0,0.9539617178689296,12_0,12,0,lamp,95.4115142822,56.5404777527,5.67578197231,0,416.713745713,0.217833206058
UBFC_A1/Eval_On_COHFACE,COHFACE,old,COHFACE_s12_session0_lamp,17,55.0,54.0,correct,55.0,0.9999999999999998,56.0,0.955161436569066,54.0,0.9225566664694207,54.0,0.9999999999999997,53.0,0.9719017616030088,55.0,0.9068883315337847,12_0,12,0,lamp,95.4115142822,56.5404777527,5.67578197231,0,416.713745713,0.217833206058
UBFC_A1/Eval_On_COHFACE,COHFACE,old,COHFACE_s12_session0_lamp,18,55.0,57.0,correct,55.0,0.9999999999999998,56.0,0.9752612034659944,54.0,0.9079321806900903,57.0,0.9999999999999998,56.0,0.9966283110988724,58.0,0.9018543126349745,12_0,12,0,lamp,95.4115142822,56.5404777527,5.67578197231,0,416.713745713,0.217833206058
UBFC_A1/Eval_On_COHFACE,COHFACE,old,COHFACE_s12_session0_lamp,19,55.0,57.0,correct,55.0,0.9999999999999998,56.0,0.9643863634151629,54.0,0.9179859794878374,57.0,0.9999999999999999,56.0,0.9901421633932658,58.0,0.9152688642858775,12_0,12,0,lamp,95.4115142822,56.5404777527,5.67578197231,0,416.713745713,0.217833206058
UBFC_A1/Eval_On_COHFACE,COHFACE,old,COHFACE_s12_session0_lamp,20,55.0,54.0,correct,55.0,0.9999999999999999,56.0,0.9459924372334679,54.0,0.9369639029204255,54.0,0.9999999999999999,55.0,0.9799544399267676,53.0,0.9679237239559426,12_0,12,0,lamp,95.4115142822,56.5404777527,5.67578197231,0,416.713745713,0.217833206058
UBFC_A1/Eval_On_COHFACE,COHFACE,old,COHFACE_s12_session0_lamp,21,55.0,53.0,correct,55.0,0.9999999999999999,54.0,0.9778521430062456,56.0,0.9085996628584408,53.0,0.9999999999999998,52.0,0.9808283265648061,54.0,0.9307449198746116,12_0,12,0,lamp,95.4115142822,56.5404777527,5.67578197231,0,416.713745713,0.217833206058
UBFC_A1/Eval_On_COHFACE,COHFACE,old,COHFACE_s12_session0_lamp,22,55.0,52.0,correct,55.0,0.9999999999999999,54.0,0.9633886150692136,56.0,0.9248821672064736,52.0,0.9999999999999998,53.0,0.9968431478420492,51.0,0.9055271033501903,12_0,12,0,lamp,95.4115142822,56.5404777527,5.67578197231,0,416.713745713,0.217833206058
UBFC_A1/Eval_On_COHFACE,COHFACE,old,COHFACE_s12_session0_lamp,23,55.0,49.0,large_error,55.0,0.9999999999999999,54.0,0.9612720329331635,56.0,0.9300910622481431,49.0,0.9999999999999998,50.0,0.9983295139939785,48.0,0.9871369102462743,12_0,12,0,lamp,95.4115142822,56.5404777527,5.67578197231,0,416.713745713,0.217833206058
UBFC_A1/Eval_On_COHFACE,COHFACE,old,COHFACE_s12_session0_lamp,24,54.0,53.0,correct,54.0,0.9999999999999999,55.0,0.9942793707189828,53.0,0.8989747358161216,53.0,0.9999999999999998,54.0,0.9418505787405672,52.0,0.9367127286582012,12_0,12,0,lamp,95.4115142822,56.5404777527,5.67578197231,0,416.713745713,0.217833206058
UBFC_A1/Eval_On_COHFACE,COHFACE,old,COHFACE_s12_session0_lamp,25,54.0,54.0,correct,54.0,0.9999999999999999,55.0,0.9514730820475579,53.0,0.9382580795079625,54.0,0.9999999999999997,53.0,0.9755443258322443,55.0,0.9094933132203361,12_0,12,0,lamp,95.4115142822,56.5404777527,5.67578197231,0,416.713745713,0.217833206058
UBFC_A1/Eval_On_COHFACE,COHFACE,old,COHFACE_s12_session0_lamp,26,54.0,53.0,correct,54.0,1.0,55.0,0.9423017586936777,53.0,0.9384709566667234,53.0,0.9999999999999998,52.0,0.9560952094553377,54.0,0.9261542940335888,12_0,12,0,lamp,95.4115142822,56.5404777527,5.67578197231,0,416.713745713,0.217833206058
UBFC_A1/Eval_On_COHFACE,COHFACE,old,COHFACE_s12_session0_lamp,27,54.0,58.0,large_error,54.0,1.0,53.0,0.949394220300899,55.0,0.9304231355155547,58.0,0.9999999999999997,40.0,0.9893678872515991,59.0,0.9469299464673573,12_0,12,0,lamp,95.4115142822,56.5404777527,5.67578197231,0,416.713745713,0.217833206058
UBFC_A1/Eval_On_COHFACE,COHFACE,old,COHFACE_s12_session0_lamp,28,54.0,58.0,large_error,54.0,1.0,53.0,0.9517336563189845,55.0,0.9346593794241093,58.0,0.9999999999999993,57.0,0.9936358199182109,40.0,0.9528582688588254,12_0,12,0,lamp,95.4115142822,56.5404777527,5.67578197231,0,416.713745713,0.217833206058
UBFC_A1/Eval_On_COHFACE,COHFACE,old,COHFACE_s12_session0_lamp,29,54.0,54.0,correct,54.0,1.0,53.0,0.9665290792351413,55.0,0.9207660889234192,54.0,0.9999999999999998,53.0,0.9694882479229201,55.0,0.9187091371537481,12_0,12,0,lamp,95.4115142822,56.5404777527,5.67578197231,0,416.713745713,0.217833206058
UBFC_A1/Eval_On_COHFACE,COHFACE,old,COHFACE_s12_session0_lamp,30,54.0,41.0,large_error,54.0,1.0,55.0,0.9723219306011155,53.0,0.91066948419651,41.0,0.9999999999999998,40.0,0.9594183430339577,42.0,0.9418746907399952,12_0,12,0,lamp,95.4115142822,56.5404777527,5.67578197231,0,416.713745713,0.217833206058
UBFC_A1/Eval_On_COHFACE,COHFACE,old,COHFACE_s12_session0_lamp,31,55.0,41.0,large_error,55.0,1.0,54.0,0.9710127109049813,56.0,0.9112611987522165,41.0,0.9999999999999997,42.0,0.9620833896007571,40.0,0.9482217064237151,12_0,12,0,lamp,95.4115142822,56.5404777527,5.67578197231,0,416.713745713,0.217833206058
UBFC_A1/Eval_On_COHFACE,COHFACE,old,COHFACE_s12_session0_lamp,32,55.0,42.0,large_error,55.0,1.0,54.0,0.9619567692120178,56.0,0.9275979102924881,42.0,0.9999999999999998,41.0,0.9813931395359076,43.0,0.9422069782994456,12_0,12,0,lamp,95.4115142822,56.5404777527,5.67578197231,0,416.713745713,0.217833206058
UBFC_A1/Eval_On_COHFACE,COHFACE,old,COHFACE_s12_session0_lamp,33,55.0,40.0,large_error,55.0,1.0,54.0,0.9607350309598655,56.0,0.9350959415709,40.0,0.9999999999999998,41.0,0.9998318801910403,42.0,0.902838921188963,12_0,12,0,lamp,95.4115142822,56.5404777527,5.67578197231,0,416.713745713,0.217833206058
UBFC_A1/Eval_On_COHFACE,COHFACE,old,COHFACE_s12_session0_lamp,34,55.0,41.0,large_error,55.0,1.0,56.0,0.9578509346046512,54.0,0.9387817088877796,41.0,0.9999999999999998,40.0,0.975799213056612,42.0,0.9248621170904296,12_0,12,0,lamp,95.4115142822,56.5404777527,5.67578197231,0,416.713745713,0.217833206058
UBFC_A1/Eval_On_COHFACE,COHFACE,old,COHFACE_s12_session0_lamp,35,55.0,59.0,large_error,55.0,1.0,56.0,0.9598957839405688,54.0,0.928899082385898,59.0,0.9999999999999998,60.0,0.9590510822292013,58.0,0.8809191482974625,12_0,12,0,lamp,95.4115142822,56.5404777527,5.67578197231,0,416.713745713,0.217833206058
UBFC_A1/Eval_On_COHFACE,COHFACE,old,COHFACE_s12_session0_lamp,36,55.0,40.0,large_error,55.0,1.0,54.0,0.9460531609189223,56.0,0.9380823671755861,40.0,0.9999999999999998,41.0,0.8816238572425291,81.0,0.8575681471054473,12_0,12,0,lamp,95.4115142822,56.5404777527,5.67578197231,0,416.713745713,0.217833206058
UBFC_A1/Eval_On_COHFACE,COHFACE,old,COHFACE_s12_session0_lamp,37,55.0,81.0,super_harmonic_1p5x,55.0,1.0,54.0,0.9659068670773898,56.0,0.9182057312972393,81.0,0.9999999999999997,42.0,0.9820214581380411,80.0,0.963959772218282,12_0,12,0,lamp,95.4115142822,56.5404777527,5.67578197231,0,416.713745713,0.217833206058
UBFC_A1/Eval_On_COHFACE,COHFACE,old,COHFACE_s12_session0_lamp,38,55.0,43.0,large_error,55.0,1.0,56.0,0.9448590658132685,54.0,0.9367919554544736,43.0,0.9999999999999999,42.0,0.9615099249165397,44.0,0.9448342199856302,12_0,12,0,lamp,95.4115142822,56.5404777527,5.67578197231,0,416.713745713,0.217833206058
UBFC_A1/Eval_On_COHFACE,COHFACE,old,COHFACE_s12_session0_lamp,39,55.0,40.0,large_error,55.0,1.0,56.0,0.9720188765195401,54.0,0.9101177232681603,40.0,0.9999999999999997,79.0,0.9510681316723305,80.0,0.9080768179257797,12_0,12,0,lamp,95.4115142822,56.5404777527,5.67578197231,0,416.713745713,0.217833206058
UBFC_A1/Eval_On_COHFACE,COHFACE,old,COHFACE_s12_session0_lamp,40,55.0,80.0,super_harmonic_1p5x,55.0,1.0,56.0,0.9660700426050921,54.0,0.919625350518244,80.0,0.9999999999999996,79.0,0.9946481189768901,40.0,0.952266456746718,12_0,12,0,lamp,95.4115142822,56.5404777527,5.67578197231,0,416.713745713,0.217833206058
UBFC_A1/Eval_On_COHFACE,COHFACE,old,COHFACE_s12_session0_lamp,41,55.0,52.0,correct,55.0,1.0,54.0,0.9476759687906432,56.0,0.9347814197248593,52.0,0.9999999999999998,51.0,0.9832822837176703,79.0,0.9217584512234452,12_0,12,0,lamp,95.4115142822,56.5404777527,5.67578197231,0,416.713745713,0.217833206058
UBFC_A1/Eval_On_COHFACE,COHFACE,old,COHFACE_s12_session0_lamp,42,55.0,40.0,large_error,55.0,1.0,54.0,0.9398851314094948,56.0,0.9378415969210334,40.0,0.9999999999999997,41.0,0.9759867940650809,79.0,0.8829074528423182,12_0,12,0,lamp,95.4115142822,56.5404777527,5.67578197231,0,416.713745713,0.217833206058
UBFC_A1/Eval_On_COHFACE,COHFACE,old,COHFACE_s12_session0_lamp,43,55.0,81.0,super_harmonic_1p5x,55.0,1.0,56.0,0.9785076247323569,54.0,0.9109624846162055,81.0,0.9999999999999996,80.0,0.9967121762055943,82.0,0.9225300941401109,12_0,12,0,lamp,95.4115142822,56.5404777527,5.67578197231,0,416.713745713,0.217833206058
UBFC_A1/Eval_On_COHFACE,COHFACE,old,COHFACE_s12_session0_lamp,44,56.0,44.0,large_error,56.0,0.9999999999999999,57.0,0.9964921945721681,55.0,0.9229173584409857,44.0,0.9999999999999999,45.0,0.9747433171493767,43.0,0.9354433624264035,12_0,12,0,lamp,95.4115142822,56.5404777527,5.67578197231,0,416.713745713,0.217833206058
UBFC_A1/Eval_On_COHFACE,COHFACE,old,COHFACE_s12_session0_lamp,45,59.0,44.0,large_error,59.0,0.9999999999999999,58.0,0.9981490101241025,57.0,0.9048885516671081,44.0,0.9999999999999997,45.0,0.9888235667880907,43.0,0.9627098227984059,12_0,12,0,lamp,95.4115142822,56.5404777527,5.67578197231,0,416.713745713,0.217833206058
UBFC_A1/Eval_On_COHFACE,COHFACE,old,COHFACE_s12_session0_lamp,46,59.0,45.0,large_error,59.0,0.9999999999999999,60.0,0.9762531017100818,58.0,0.9063133314295386,45.0,0.9999999999999996,90.0,0.9997953702387512,78.0,0.993382107745701,12_0,12,0,lamp,95.4115142822,56.5404777527,5.67578197231,0,416.713745713,0.217833206058
UBFC_A1/Eval_On_COHFACE,COHFACE,old,COHFACE_s12_session0_lamp,47,59.0,61.0,correct,59.0,0.9999999999999999,60.0,0.996331022595855,61.0,0.876265704357641,61.0,0.9999999999999999,60.0,0.998785736894827,61.99999999999999,0.8465354818604844,12_0,12,0,lamp,95.4115142822,56.5404777527,5.67578197231,0,416.713745713,0.217833206058
UBFC_A1/Eval_On_COHFACE,COHFACE,old,COHFACE_s12_session0_lamp,48,59.0,60.0,correct,59.0,0.9999999999999999,60.0,0.9518763516923254,58.0,0.9154075284528892,60.0,0.9999999999999999,59.0,0.9882285912401417,61.0,0.9034802974688755,12_0,12,0,lamp,95.4115142822,56.5404777527,5.67578197231,0,416.713745713,0.217833206058
UBFC_A1/Eval_On_COHFACE,COHFACE,old,COHFACE_s12_session0_lamp,49,58.0,56.0,correct,58.0,0.9999999999999999,59.0,0.9627051830655922,57.0,0.9129023888768903,56.0,0.9999999999999999,55.0,0.9817011646561141,57.0,0.9761307576531075,12_0,12,0,lamp,95.4115142822,56.5404777527,5.67578197231,0,416.713745713,0.217833206058
UBFC_A1/Eval_On_COHFACE,COHFACE,old,COHFACE_s12_session0_lamp,50,57.0,57.0,correct,57.0,0.9999999999999999,56.0,0.9914257480146611,58.0,0.9078426524942983,57.0,0.9999999999999999,58.0,0.9977976925654555,56.0,0.9285917514531881,12_0,12,0,lamp,95.4115142822,56.5404777527,5.67578197231,0,416.713745713,0.217833206058
UBFC_A1/Eval_On_COHFACE,COHFACE,old,COHFACE_s12_session0_lamp,51,55.0,53.0,correct,55.0,0.9999999999999999,56.0,0.9698249058121462,54.0,0.9199204326653602,53.0,0.9999999999999999,52.0,0.9951217552533379,54.0,0.911866506676597,12_0,12,0,lamp,95.4115142822,56.5404777527,5.67578197231,0,416.713745713,0.217833206058
UBFC_A1/Eval_On_COHFACE,COHFACE,old,COHFACE_s12_session0_lamp,52,55.0,53.0,correct,55.0,1.0,56.0,0.9389055750862709,54.0,0.9374290077046857,53.0,0.9999999999999999,52.0,0.9973268029808587,54.0,0.898844705000875,12_0,12,0,lamp,95.4115142822,56.5404777527,5.67578197231,0,416.713745713,0.217833206058
UBFC_A1/Eval_On_COHFACE,COHFACE,old,COHFACE_s12_session0_lamp,53,55.0,53.0,correct,55.0,1.0,56.0,0.9930659650003509,54.0,0.8852365684607713,53.0,0.9999999999999999,54.0,0.9836177976968321,52.0,0.9337770059654895,12_0,12,0,lamp,95.4115142822,56.5404777527,5.67578197231,0,416.713745713,0.217833206058
UBFC_A1/Eval_On_COHFACE,COHFACE,old,COHFACE_s12_session0_lamp,54,56.0,55.0,correct,56.0,1.0,55.0,0.9848531609508526,57.0,0.9023966955028934,55.0,0.9999999999999998,54.0,0.951073402046962,56.0,0.9020351930271163,12_0,12,0,lamp,95.4115142822,56.5404777527,5.67578197231,0,416.713745713,0.217833206058
UBFC_A1/Eval_On_COHFACE,COHFACE,old,COHFACE_s12_session0_lamp,55,56.0,55.0,correct,56.0,1.0,57.0,0.9504796070395428,55.0,0.9423774406827017,55.0,0.9999999999999998,56.0,0.9644153767395204,54.0,0.9207718273530217,12_0,12,0,lamp,95.4115142822,56.5404777527,5.67578197231,0,416.713745713,0.217833206058
UBFC_A1/Eval_On_COHFACE,COHFACE,old,COHFACE_s12_session0_lamp,56,56.0,43.0,large_error,56.0,1.0,57.0,0.9779937735172719,55.0,0.9130865660858382,43.0,0.9999999999999998,42.0,0.9404633975932988,44.0,0.9377975200461813,12_0,12,0,lamp,95.4115142822,56.5404777527,5.67578197231,0,416.713745713,0.217833206058
UBFC_A1/Eval_On_COHFACE,COHFACE,old,COHFACE_s12_session0_lamp,57,56.0,58.0,correct,56.0,1.0,57.0,0.9710394652970251,55.0,0.9154639608833719,58.0,0.9999999999999996,57.0,0.9628435017684109,59.0,0.9163072668987291,12_0,12,0,lamp,95.4115142822,56.5404777527,5.67578197231,0,416.713745713,0.217833206058
UBFC_A1/Eval_On_COHFACE,COHFACE,old,COHFACE_s12_session0_lamp,58,56.0,59.0,correct,56.0,1.0,57.0,0.9680872919536894,55.0,0.9172189735800537,59.0,0.9999999999999998,60.0,0.9601851360993476,58.0,0.9189179181605269,12_0,12,0,lamp,95.4115142822,56.5404777527,5.67578197231,0,416.713745713,0.217833206058
UBFC_A1/Eval_On_COHFACE,COHFACE,old,COHFACE_s12_session0_lamp,59,56.0,53.0,correct,56.0,1.0,57.0,0.9739980569121397,55.0,0.9135509385921391,53.0,0.9999999999999998,52.0,0.951327419232951,54.0,0.941698061871652,12_0,12,0,lamp,95.4115142822,56.5404777527,5.67578197231,0,416.713745713,0.217833206058
UBFC_A1/Eval_On_COHFACE,COHFACE,old,COHFACE_s12_session0_lamp,60,56.0,53.0,correct,56.0,1.0,57.0,0.9526652368069963,55.0,0.9389189223084158,53.0,0.9999999999999997,54.0,0.9859384724236526,52.0,0.9244151787454535,12_0,12,0,lamp,95.4115142822,56.5404777527,5.67578197231,0,416.713745713,0.217833206058
UBFC_A1/Eval_On_COHFACE,COHFACE,old,COHFACE_s12_session0_lamp,61,56.0,54.0,correct,56.0,1.0,57.0,0.9457537200892162,55.0,0.9454106693978658,54.0,0.9999999999999997,55.0,0.999980663217946,53.0,0.9030700266230586,12_0,12,0,lamp,95.4115142822,56.5404777527,5.67578197231,0,416.713745713,0.217833206058
UBFC_A1/Eval_On_COHFACE,COHFACE,old,COHFACE_s12_session0_lamp,62,56.0,42.0,large_error,56.0,1.0,55.0,0.956480421454049,57.0,0.936921330109563,42.0,0.9999999999999998,43.0,0.9920305793132836,41.0,0.9083789837601769,12_0,12,0,lamp,95.4115142822,56.5404777527,5.67578197231,0,416.713745713,0.217833206058
UBFC_A1/Eval_On_COHFACE,COHFACE,old,COHFACE_s12_session0_lamp,63,56.0,42.0,large_error,56.0,1.0,55.0,0.9580247880557402,57.0,0.9325805967014004,42.0,0.9999999999999998,41.0,0.9789487351348444,43.0,0.9370511945144923,12_0,12,0,lamp,95.4115142822,56.5404777527,5.67578197231,0,416.713745713,0.217833206058
UBFC_A1/Eval_On_COHFACE,COHFACE,old,COHFACE_s12_session0_lamp,64,56.0,41.0,large_error,56.0,1.0,55.0,0.9795822254004862,57.0,0.9096300206089045,41.0,0.9999999999999998,42.0,0.9969916967480349,40.0,0.9332143570758649,12_0,12,0,lamp,95.4115142822,56.5404777527,5.67578197231,0,416.713745713,0.217833206058
UBFC_A1/Eval_On_COHFACE,COHFACE,old,COHFACE_s12_session0_lamp,65,55.0,59.0,large_error,55.0,1.0,56.0,0.9905826604339613,54.0,0.898945283861993,59.0,0.9999999999999999,58.0,0.9427645528343355,60.0,0.9237677883445238,12_0,12,0,lamp,95.4115142822,56.5404777527,5.67578197231,0,416.713745713,0.217833206058
UBFC_A1/Eval_On_COHFACE,COHFACE,old,COHFACE_s12_session0_lamp,66,55.0,40.0,large_error,55.0,1.0,56.0,0.9475057063978819,54.0,0.9368513904788439,40.0,0.9999999999999997,53.0,0.875273403984637,54.0,0.8731582087063975,12_0,12,0,lamp,95.4115142822,56.5404777527,5.67578197231,0,416.713745713,0.217833206058
UBFC_A1/Eval_On_COHFACE,COHFACE,old,COHFACE_s12_session1_lamp,0,55.0,53.0,correct,55.0,1.0,54.0,0.9448931609404498,56.0,0.9234936721724123,53.0,0.9999999999999998,54.0,0.9533139429156032,52.0,0.9477161670551035,12_1,12,1,lamp,100.981971741,60.5844612122,4.55094879749,0,444.39265438,0.228205561638
UBFC_A1/Eval_On_COHFACE,COHFACE,old,COHFACE_s12_session1_lamp,1,56.0,54.0,correct,56.0,0.9999999999999999,55.0,0.9995112664835171,57.0,0.888410518095541,54.0,0.9999999999999998,53.0,0.9830899519292422,55.0,0.930141360051538,12_1,12,1,lamp,100.981971741,60.5844612122,4.55094879749,0,444.39265438,0.228205561638
UBFC_A1/Eval_On_COHFACE,COHFACE,old,COHFACE_s12_session1_lamp,2,56.0,46.0,large_error,56.0,0.9999999999999999,55.0,0.9962339918676174,57.0,0.8914166648107027,46.0,0.9999999999999998,45.0,0.9740711146718478,47.0,0.9704466104515195,12_1,12,1,lamp,100.981971741,60.5844612122,4.55094879749,0,444.39265438,0.228205561638
UBFC_A1/Eval_On_COHFACE,COHFACE,old,COHFACE_s12_session1_lamp,3,55.0,51.0,large_error,55.0,0.9999999999999999,56.0,0.9898952023598168,54.0,0.8952087391680238,51.0,0.9999999999999999,52.0,0.9750688994278995,50.0,0.922337815872783,12_1,12,1,lamp,100.981971741,60.5844612122,4.55094879749,0,444.39265438,0.228205561638
UBFC_A1/Eval_On_COHFACE,COHFACE,old,COHFACE_s12_session1_lamp,4,55.0,52.0,correct,55.0,0.9999999999999999,56.0,0.9788351202522364,54.0,0.9164184072514625,52.0,0.9999999999999998,53.0,0.954232139702317,51.0,0.9254142117920624,12_1,12,1,lamp,100.981971741,60.5844612122,4.55094879749,0,444.39265438,0.228205561638
UBFC_A1/Eval_On_COHFACE,COHFACE,old,COHFACE_s12_session1_lamp,5,55.0,52.0,correct,55.0,0.9999999999999999,56.0,0.9597336730625265,54.0,0.9268801257801503,52.0,0.9999999999999999,51.0,0.9679883846996374,53.0,0.9192637703067061,12_1,12,1,lamp,100.981971741,60.5844612122,4.55094879749,0,444.39265438,0.228205561638
UBFC_A1/Eval_On_COHFACE,COHFACE,old,COHFACE_s12_session1_lamp,6,55.0,81.0,super_harmonic_1p5x,55.0,1.0,54.0,0.9779835835222458,56.0,0.913223758122881,81.0,0.9999999999999997,80.0,0.9643143271930428,82.0,0.9053942616531747,12_1,12,1,lamp,100.981971741,60.5844612122,4.55094879749,0,444.39265438,0.228205561638
UBFC_A1/Eval_On_COHFACE,COHFACE,old,COHFACE_s12_session1_lamp,7,55.0,82.0,super_harmonic_1p5x,55.0,1.0,54.0,0.9608560265565026,56.0,0.9288471148126467,82.0,0.9999999999999997,83.0,0.9866558854662181,81.0,0.9074400749158082,12_1,12,1,lamp,100.981971741,60.5844612122,4.55094879749,0,444.39265438,0.228205561638
UBFC_A1/Eval_On_COHFACE,COHFACE,old,COHFACE_s12_session1_lamp,8,55.0,44.0,large_error,55.0,1.0,54.0,0.9707626736768097,56.0,0.9155619211978987,44.0,0.9999999999999996,43.0,0.9720252227362433,58.0,0.96644326271891,12_1,12,1,lamp,100.981971741,60.5844612122,4.55094879749,0,444.39265438,0.228205561638
UBFC_A1/Eval_On_COHFACE,COHFACE,old,COHFACE_s12_session1_lamp,9,55.0,59.0,large_error,55.0,1.0,54.0,0.9591068021762893,56.0,0.927619680378833,59.0,0.9999999999999997,60.0,0.9606359286006708,58.0,0.9447218361790535,12_1,12,1,lamp,100.981971741,60.5844612122,4.55094879749,0,444.39265438,0.228205561638
UBFC_A1/Eval_On_COHFACE,COHFACE,old,COHFACE_s12_session1_lamp,10,55.0,60.0,large_error,55.0,1.0,56.0,0.9515571455571323,54.0,0.935789997578544,60.0,0.9999999999999999,59.0,0.9759948199482418,61.0,0.9039418969119319,12_1,12,1,lamp,100.981971741,60.5844612122,4.55094879749,0,444.39265438,0.228205561638
UBFC_A1/Eval_On_COHFACE,COHFACE,old,COHFACE_s12_session1_lamp,11,55.0,57.0,correct,55.0,1.0,56.0,0.9538155511389279,54.0,0.9339662870785028,57.0,0.9999999999999998,56.0,0.9954735019580255,58.0,0.9623424394700912,12_1,12,1,lamp,100.981971741,60.5844612122,4.55094879749,0,444.39265438,0.228205561638
UBFC_A1/Eval_On_COHFACE,COHFACE,old,COHFACE_s12_session1_lamp,12,55.0,59.0,large_error,55.0,1.0,54.0,0.967375229637136,56.0,0.9196000966953622,59.0,0.9999999999999998,58.0,0.99342490042251,60.0,0.9376283802930366,12_1,12,1,lamp,100.981971741,60.5844612122,4.55094879749,0,444.39265438,0.228205561638
UBFC_A1/Eval_On_COHFACE,COHFACE,old,COHFACE_s12_session1_lamp,13,55.0,57.0,correct,55.0,1.0,54.0,0.9643086252979182,56.0,0.9217893820201052,57.0,0.9999999999999998,58.0,0.991301510997517,56.0,0.9317314549809991,12_1,12,1,lamp,100.981971741,60.5844612122,4.55094879749,0,444.39265438,0.228205561638
UBFC_A1/Eval_On_COHFACE,COHFACE,old,COHFACE_s12_session1_lamp,14,55.0,54.0,correct,55.0,1.0,54.0,0.9441402989375258,56.0,0.9421367419905872,54.0,0.9999999999999999,53.0,0.9915744345763909,55.0,0.9374917483651974,12_1,12,1,lamp,100.981971741,60.5844612122,4.55094879749,0,444.39265438,0.228205561638
UBFC_A1/Eval_On_COHFACE,COHFACE,old,COHFACE_s12_session1_lamp,15,55.0,53.0,correct,55.0,1.0,56.0,0.9481913611408088,54.0,0.9394097579814432,53.0,0.9999999999999999,52.0,0.9679016875675124,54.0,0.9413334956633241,12_1,12,1,lamp,100.981971741,60.5844612122,4.55094879749,0,444.39265438,0.228205561638
UBFC_A1/Eval_On_COHFACE,COHFACE,old,COHFACE_s12_session1_lamp,16,55.0,52.0,correct,55.0,1.0,54.0,0.9496313077684952,56.0,0.9428479518869686,52.0,0.9999999999999999,53.0,0.9762096763985445,51.0,0.8971041252837243,12_1,12,1,lamp,100.981971741,60.5844612122,4.55094879749,0,444.39265438,0.228205561638
UBFC_A1/Eval_On_COHFACE,COHFACE,old,COHFACE_s12_session1_lamp,17,55.0,52.0,correct,55.0,1.0,54.0,0.9584519630344036,56.0,0.9406432279601676,52.0,0.9999999999999999,53.0,0.9561386910775369,51.0,0.936224309372716,12_1,12,1,lamp,100.981971741,60.5844612122,4.55094879749,0,444.39265438,0.228205561638
UBFC_A1/Eval_On_COHFACE,COHFACE,old,COHFACE_s12_session1_lamp,18,55.0,53.0,correct,55.0,1.0,54.0,0.961007909609969,56.0,0.9301045667156502,53.0,0.9999999999999998,54.0,0.9876220052508592,52.0,0.9064574124456597,12_1,12,1,lamp,100.981971741,60.5844612122,4.55094879749,0,444.39265438,0.228205561638
UBFC_A1/Eval_On_COHFACE,COHFACE,old,COHFACE_s12_session1_lamp,19,55.0,53.0,correct,55.0,1.0,54.0,0.9647739189595032,56.0,0.9187971168142983,53.0,0.9999999999999999,54.0,0.953053412260868,52.0,0.9458428989995011,12_1,12,1,lamp,100.981971741,60.5844612122,4.55094879749,0,444.39265438,0.228205561638
UBFC_A1/Eval_On_COHFACE,COHFACE,old,COHFACE_s12_session1_lamp,20,55.0,54.0,correct,55.0,1.0,54.0,0.9764894533941982,56.0,0.9102026135381351,54.0,0.9999999999999998,53.0,0.9366242000909288,55.0,0.9220477055719428,12_1,12,1,lamp,100.981971741,60.5844612122,4.55094879749,0,444.39265438,0.228205561638
UBFC_A1/Eval_On_COHFACE,COHFACE,old,COHFACE_s12_session1_lamp,21,55.0,58.0,correct,55.0,1.0,56.0,0.9506891597150618,54.0,0.9298748983297069,58.0,0.9999999999999998,59.0,0.9868998759666601,57.0,0.9433685957563661,12_1,12,1,lamp,100.981971741,60.5844612122,4.55094879749,0,444.39265438,0.228205561638
UBFC_A1/Eval_On_COHFACE,COHFACE,old,COHFACE_s12_session1_lamp,22,55.0,57.0,correct,55.0,1.0,56.0,0.9796265106689743,54.0,0.8978124445792816,57.0,0.9999999999999998,56.0,0.9826874572915014,58.0,0.9800178134027883,12_1,12,1,lamp,100.981971741,60.5844612122,4.55094879749,0,444.39265438,0.228205561638
UBFC_A1/Eval_On_COHFACE,COHFACE,old,COHFACE_s12_session1_lamp,23,55.0,53.0,correct,55.0,1.0,56.0,0.9831087796672578,54.0,0.8985181344352565,53.0,0.9999999999999998,52.0,0.9728104240219845,54.0,0.9465015945553276,12_1,12,1,lamp,100.981971741,60.5844612122,4.55094879749,0,444.39265438,0.228205561638
UBFC_A1/Eval_On_COHFACE,COHFACE,old,COHFACE_s12_session1_lamp,24,55.0,58.0,correct,55.0,1.0,56.0,0.9801966736922947,54.0,0.9086635660035197,58.0,0.9999999999999998,59.0,0.9752981886092468,57.0,0.956828854924373,12_1,12,1,lamp,100.981971741,60.5844612122,4.55094879749,0,444.39265438,0.228205561638
UBFC_A1/Eval_On_COHFACE,COHFACE,old,COHFACE_s12_session1_lamp,25,55.0,59.0,large_error,55.0,1.0,56.0,0.9864152695957474,54.0,0.8959672978449851,59.0,0.9999999999999998,58.0,0.9644614047139535,60.0,0.9366752155746362,12_1,12,1,lamp,100.981971741,60.5844612122,4.55094879749,0,444.39265438,0.228205561638
UBFC_A1/Eval_On_COHFACE,COHFACE,old,COHFACE_s12_session1_lamp,26,56.0,43.0,large_error,56.0,1.0,55.0,0.9956947213475262,57.0,0.8881283119267606,43.0,0.9999999999999998,44.0,0.9842173221229377,42.0,0.9107740154831718,12_1,12,1,lamp,100.981971741,60.5844612122,4.55094879749,0,444.39265438,0.228205561638
UBFC_A1/Eval_On_COHFACE,COHFACE,old,COHFACE_s12_session1_lamp,27,56.0,44.0,large_error,56.0,1.0,55.0,0.9612367534807416,57.0,0.929089282847654,44.0,0.9999999999999999,45.0,0.9392012513561314,43.0,0.931070306018642,12_1,12,1,lamp,100.981971741,60.5844612122,4.55094879749,0,444.39265438,0.228205561638
UBFC_A1/Eval_On_COHFACE,COHFACE,old,COHFACE_s12_session1_lamp,28,57.0,43.0,large_error,57.0,1.0,56.0,0.980099358086943,58.0,0.9164049534924416,43.0,0.9999999999999998,42.0,0.98603522990656,44.0,0.9158552882442442,12_1,12,1,lamp,100.981971741,60.5844612122,4.55094879749,0,444.39265438,0.228205561638
UBFC_A1/Eval_On_COHFACE,COHFACE,old,COHFACE_s12_session1_lamp,29,58.0,42.0,large_error,58.0,0.9999999999999999,57.0,0.9589091920338856,59.0,0.9449806553369695,42.0,0.9999999999999998,43.0,0.9890871888040518,41.0,0.9152497710676694,12_1,12,1,lamp,100.981971741,60.5844612122,4.55094879749,0,444.39265438,0.228205561638
UBFC_A1/Eval_On_COHFACE,COHFACE,old,COHFACE_s12_session1_lamp,30,59.0,42.0,large_error,59.0,0.9999999999999999,60.0,0.9725807694588223,58.0,0.9286965237945476,42.0,0.9999999999999997,41.0,0.9931903466475062,43.0,0.9385520687822282,12_1,12,1,lamp,100.981971741,60.5844612122,4.55094879749,0,444.39265438,0.228205561638
UBFC_A1/Eval_On_COHFACE,COHFACE,old,COHFACE_s12_session1_lamp,31,60.0,66.0,large_error,60.0,0.9999999999999999,59.0,0.9640510990199677,61.0,0.9256048288636674,66.0,0.9999999999999997,65.0,0.9898995875915197,67.0,0.9315760886887552,12_1,12,1,lamp,100.981971741,60.5844612122,4.55094879749,0,444.39265438,0.228205561638
UBFC_A1/Eval_On_COHFACE,COHFACE,old,COHFACE_s12_session1_lamp,32,60.0,61.0,correct,60.0,0.9999999999999999,59.0,0.9468188498694604,61.0,0.9304345511722976,61.0,0.9999999999999998,60.0,0.9658078338499004,61.99999999999999,0.9087538455925092,12_1,12,1,lamp,100.981971741,60.5844612122,4.55094879749,0,444.39265438,0.228205561638
UBFC_A1/Eval_On_COHFACE,COHFACE,old,COHFACE_s12_session1_lamp,33,60.0,61.0,correct,60.0,0.9999999999999998,59.0,0.9775487146534674,61.0,0.8999031186166447,61.0,0.9999999999999999,60.0,0.9690726376935422,61.99999999999999,0.9372635066854283,12_1,12,1,lamp,100.981971741,60.5844612122,4.55094879749,0,444.39265438,0.228205561638
UBFC_A1/Eval_On_COHFACE,COHFACE,old,COHFACE_s12_session1_lamp,34,59.0,61.0,correct,59.0,0.9999999999999999,58.0,0.989178011145658,60.0,0.8999263357804619,61.0,0.9999999999999997,60.0,0.9781066615740615,61.99999999999999,0.9681897448556799,12_1,12,1,lamp,100.981971741,60.5844612122,4.55094879749,0,444.39265438,0.228205561638
UBFC_A1/Eval_On_COHFACE,COHFACE,old,COHFACE_s12_session1_lamp,35,57.0,59.0,correct,57.0,0.9999999999999998,56.0,0.981746355064763,58.0,0.9114916383752607,59.0,0.9999999999999999,58.0,0.9722996403149898,60.0,0.8868101577891502,12_1,12,1,lamp,100.981971741,60.5844612122,4.55094879749,0,444.39265438,0.228205561638
UBFC_A1/Eval_On_COHFACE,COHFACE,old,COHFACE_s12_session1_lamp,36,56.0,40.0,large_error,56.0,0.9999999999999998,55.0,0.9844051992192814,57.0,0.911295460586554,40.0,0.9999999999999998,41.0,0.8653770521255536,53.0,0.8620424760252376,12_1,12,1,lamp,100.981971741,60.5844612122,4.55094879749,0,444.39265438,0.228205561638
UBFC_A1/Eval_On_COHFACE,COHFACE,old,COHFACE_s12_session1_lamp,37,56.0,81.0,super_harmonic_1p5x,56.0,0.9999999999999998,55.0,0.9978177639463107,57.0,0.8955372074126378,81.0,0.9999999999999998,54.0,0.9913562529985743,53.0,0.9814712880985218,12_1,12,1,lamp,100.981971741,60.5844612122,4.55094879749,0,444.39265438,0.228205561638
UBFC_A1/Eval_On_COHFACE,COHFACE,old,COHFACE_s12_session1_lamp,38,56.0,77.0,super_harmonic_1p5x,56.0,0.9999999999999999,55.0,0.976663284110096,57.0,0.9037541808421189,77.0,0.9999999999999998,78.0,0.9739959258028514,76.0,0.9578237070323066,12_1,12,1,lamp,100.981971741,60.5844612122,4.55094879749,0,444.39265438,0.228205561638
UBFC_A1/Eval_On_COHFACE,COHFACE,old,COHFACE_s12_session1_lamp,39,56.0,40.0,large_error,56.0,0.9999999999999999,55.0,0.9667110752816452,57.0,0.9169440063623109,40.0,0.9999999999999997,41.0,0.8706193006486321,81.0,0.8351204010152548,12_1,12,1,lamp,100.981971741,60.5844612122,4.55094879749,0,444.39265438,0.228205561638
UBFC_A1/Eval_On_COHFACE,COHFACE,old,COHFACE_s12_session1_lamp,40,56.0,82.0,super_harmonic_1p5x,56.0,0.9999999999999999,55.0,0.948706963331051,57.0,0.9444142273347705,82.0,0.9999999999999998,83.0,0.9598409645477329,81.0,0.9496047452428008,12_1,12,1,lamp,100.981971741,60.5844612122,4.55094879749,0,444.39265438,0.228205561638
UBFC_A1/Eval_On_COHFACE,COHFACE,old,COHFACE_s12_session1_lamp,41,56.0,43.0,large_error,56.0,0.9999999999999999,57.0,0.9632996525128019,55.0,0.9280327396484229,43.0,0.9999999999999997,44.0,0.9708205241996773,42.0,0.9280572405175286,12_1,12,1,lamp,100.981971741,60.5844612122,4.55094879749,0,444.39265438,0.228205561638
UBFC_A1/Eval_On_COHFACE,COHFACE,old,COHFACE_s12_session1_lamp,42,56.0,60.0,large_error,56.0,0.9999999999999999,57.0,0.9965717227323798,55.0,0.896032815665247,60.0,0.9999999999999997,61.0,0.9824500873377292,59.0,0.9592994292682192,12_1,12,1,lamp,100.981971741,60.5844612122,4.55094879749,0,444.39265438,0.228205561638
UBFC_A1/Eval_On_COHFACE,COHFACE,old,COHFACE_s12_session1_lamp,43,57.0,59.0,correct,57.0,0.9999999999999999,56.0,0.9903266933484081,58.0,0.9019908040011917,59.0,0.9999999999999997,58.0,0.9611885461402552,60.0,0.9539586442835136,12_1,12,1,lamp,100.981971741,60.5844612122,4.55094879749,0,444.39265438,0.228205561638
UBFC_A1/Eval_On_COHFACE,COHFACE,old,COHFACE_s12_session1_lamp,44,56.0,55.0,correct,56.0,0.9999999999999999,57.0,0.9900023981649001,55.0,0.9017565447267613,55.0,0.9999999999999997,56.0,0.9806954921017316,54.0,0.9024361529814332,12_1,12,1,lamp,100.981971741,60.5844612122,4.55094879749,0,444.39265438,0.228205561638
UBFC_A1/Eval_On_COHFACE,COHFACE,old,COHFACE_s12_session1_lamp,45,56.0,57.0,correct,56.0,0.9999999999999999,57.0,0.9567488202047788,55.0,0.9282897317845932,57.0,0.9999999999999998,58.0,0.9970230340279033,56.0,0.883592992606352,12_1,12,1,lamp,100.981971741,60.5844612122,4.55094879749,0,444.39265438,0.228205561638
UBFC_A1/Eval_On_COHFACE,COHFACE,old,COHFACE_s12_session1_lamp,46,56.0,57.0,correct,56.0,0.9999999999999999,55.0,0.9586397072245731,57.0,0.9260684572514097,57.0,0.9999999999999997,58.0,0.9599356348586942,56.0,0.9305274774472332,12_1,12,1,lamp,100.981971741,60.5844612122,4.55094879749,0,444.39265438,0.228205561638
UBFC_A1/Eval_On_COHFACE,COHFACE,old,COHFACE_s12_session1_lamp,47,56.0,53.0,correct,56.0,0.9999999999999999,55.0,0.9617999406884574,57.0,0.9237690875535023,53.0,0.9999999999999998,54.0,0.9939770734917005,52.0,0.9170015291484727,12_1,12,1,lamp,100.981971741,60.5844612122,4.55094879749,0,444.39265438,0.228205561638
UBFC_A1/Eval_On_COHFACE,COHFACE,old,COHFACE_s12_session1_lamp,48,56.0,53.0,correct,56.0,0.9999999999999999,55.0,0.9717369661973644,57.0,0.9168639605811018,53.0,0.9999999999999999,54.0,0.9684976786573537,52.0,0.9314923094374903,12_1,12,1,lamp,100.981971741,60.5844612122,4.55094879749,0,444.39265438,0.228205561638
UBFC_A1/Eval_On_COHFACE,COHFACE,old,COHFACE_s12_session1_lamp,49,56.0,53.0,correct,56.0,0.9999999999999999,55.0,0.9726052330023971,57.0,0.9224701428041353,53.0,0.9999999999999998,54.0,0.9560838805509583,52.0,0.9458725590088363,12_1,12,1,lamp,100.981971741,60.5844612122,4.55094879749,0,444.39265438,0.228205561638
UBFC_A1/Eval_On_COHFACE,COHFACE,old,COHFACE_s12_session1_lamp,50,56.0,55.0,correct,56.0,0.9999999999999999,57.0,0.9508849628427379,55.0,0.9415246262945467,55.0,0.9999999999999999,54.0,0.990481705359228,56.0,0.9194189606952612,12_1,12,1,lamp,100.981971741,60.5844612122,4.55094879749,0,444.39265438,0.228205561638
UBFC_A1/Eval_On_COHFACE,COHFACE,old,COHFACE_s12_session2_natural,0,55.0,56.0,correct,55.0,1.0,54.0,0.9672853530740058,56.0,0.9176234666430018,56.0,0.9999999999999998,57.0,0.9746512981343626,55.0,0.9383416309912621,12_2,12,2,natural,96.23853302,65.4911804199,13.3043940763,0,629.900040468,0.209564700723
UBFC_A1/Eval_On_COHFACE,COHFACE,old,COHFACE_s12_session2_natural,1,54.0,59.0,large_error,54.0,1.0,55.0,0.9687989216717217,53.0,0.9211071728245859,59.0,0.9999999999999998,60.0,0.9572099083409571,58.0,0.9522964332240719,12_2,12,2,natural,96.23853302,65.4911804199,13.3043940763,0,629.900040468,0.209564700723
UBFC_A1/Eval_On_COHFACE,COHFACE,old,COHFACE_s12_session2_natural,2,54.0,53.0,correct,54.0,1.0,53.0,0.9495940528672461,55.0,0.9373829423294762,53.0,0.9999999999999998,52.0,0.9627170338046561,54.0,0.9550204936447675,12_2,12,2,natural,96.23853302,65.4911804199,13.3043940763,0,629.900040468,0.209564700723
UBFC_A1/Eval_On_COHFACE,COHFACE,old,COHFACE_s12_session2_natural,3,54.0,54.0,correct,54.0,0.9999999999999999,55.0,0.9418589595725437,53.0,0.9408291713280527,54.0,0.9999999999999998,55.0,0.9598529847549105,53.0,0.9525292521579977,12_2,12,2,natural,96.23853302,65.4911804199,13.3043940763,0,629.900040468,0.209564700723
UBFC_A1/Eval_On_COHFACE,COHFACE,old,COHFACE_s12_session2_natural,4,54.0,53.0,correct,54.0,0.9999999999999999,53.0,0.9550477867555712,55.0,0.930701878434446,53.0,0.9999999999999999,54.0,0.9747531431245405,52.0,0.9345889740600631,12_2,12,2,natural,96.23853302,65.4911804199,13.3043940763,0,629.900040468,0.209564700723
UBFC_A1/Eval_On_COHFACE,COHFACE,old,COHFACE_s12_session2_natural,5,54.0,54.0,correct,54.0,0.9999999999999999,53.0,0.9695939766276888,55.0,0.9169705863950767,54.0,0.9999999999999998,55.0,0.9899819929413789,53.0,0.8882319230601352,12_2,12,2,natural,96.23853302,65.4911804199,13.3043940763,0,629.900040468,0.209564700723
UBFC_A1/Eval_On_COHFACE,COHFACE,old,COHFACE_s12_session2_natural,6,54.0,52.0,correct,54.0,0.9999999999999999,53.0,0.9715071304400348,55.0,0.9102431153134509,52.0,0.9999999999999999,53.0,0.9631078628258066,51.0,0.9230322671404794,12_2,12,2,natural,96.23853302,65.4911804199,13.3043940763,0,629.900040468,0.209564700723
UBFC_A1/Eval_On_COHFACE,COHFACE,old,COHFACE_s12_session2_natural,7,54.0,53.0,correct,54.0,0.9999999999999999,53.0,0.9674546995925475,55.0,0.9128386740814527,53.0,0.9999999999999999,52.0,0.9556071291926338,54.0,0.9255318722088777,12_2,12,2,natural,96.23853302,65.4911804199,13.3043940763,0,629.900040468,0.209564700723
UBFC_A1/Eval_On_COHFACE,COHFACE,old,COHFACE_s12_session2_natural,8,54.0,54.0,correct,54.0,0.9999999999999999,53.0,0.964759255445237,55.0,0.9193742430989547,54.0,0.9999999999999998,55.0,0.9891432804049327,53.0,0.8941803646905029,12_2,12,2,natural,96.23853302,65.4911804199,13.3043940763,0,629.900040468,0.209564700723
UBFC_A1/Eval_On_COHFACE,COHFACE,old,COHFACE_s12_session2_natural,9,54.0,53.0,correct,54.0,0.9999999999999999,53.0,0.9665590473822706,55.0,0.9221522277677883,53.0,0.9999999999999998,54.0,0.9875758858305094,52.0,0.9198683936772024,12_2,12,2,natural,96.23853302,65.4911804199,13.3043940763,0,629.900040468,0.209564700723
UBFC_A1/Eval_On_COHFACE,COHFACE,old,COHFACE_s12_session2_natural,10,54.0,53.0,correct,54.0,1.0,53.0,0.9693105230634383,55.0,0.9232931155761214,53.0,0.9999999999999999,54.0,0.9579971887822231,52.0,0.9513900973291446,12_2,12,2,natural,96.23853302,65.4911804199,13.3043940763,0,629.900040468,0.209564700723
UBFC_A1/Eval_On_COHFACE,COHFACE,old,COHFACE_s12_session2_natural,11,54.0,52.0,correct,54.0,1.0,53.0,0.9883961899387752,55.0,0.9054525987782401,52.0,0.9999999999999999,53.0,0.9919638859147575,51.0,0.9082559948118502,12_2,12,2,natural,96.23853302,65.4911804199,13.3043940763,0,629.900040468,0.209564700723
UBFC_A1/Eval_On_COHFACE,COHFACE,old,COHFACE_s12_session2_natural,12,54.0,52.0,correct,54.0,1.0,53.0,0.9858456976612924,55.0,0.8995254438150079,52.0,0.9999999999999999,53.0,0.9863181563784836,51.0,0.9177082846458554,12_2,12,2,natural,96.23853302,65.4911804199,13.3043940763,0,629.900040468,0.209564700723
UBFC_A1/Eval_On_COHFACE,COHFACE,old,COHFACE_s12_session2_natural,13,54.0,53.0,correct,54.0,1.0,53.0,0.9937419697032309,55.0,0.8916996358132211,53.0,0.9999999999999999,52.0,0.9669560182918143,54.0,0.9455322800693052,12_2,12,2,natural,96.23853302,65.4911804199,13.3043940763,0,629.900040468,0.209564700723
UBFC_A1/Eval_On_COHFACE,COHFACE,old,COHFACE_s12_session2_natural,14,53.0,52.0,correct,53.0,1.0,54.0,0.9934838517579649,52.0,0.9018634971553143,52.0,0.9999999999999998,53.0,0.9904453744202011,51.0,0.949984919849036,12_2,12,2,natural,96.23853302,65.4911804199,13.3043940763,0,629.900040468,0.209564700723
UBFC_A1/Eval_On_COHFACE,COHFACE,old,COHFACE_s12_session2_natural,15,53.0,52.0,correct,53.0,1.0,54.0,0.9818709901393369,52.0,0.9204535714611702,52.0,0.9999999999999998,53.0,0.9741641322162051,51.0,0.9197809223083838,12_2,12,2,natural,96.23853302,65.4911804199,13.3043940763,0,629.900040468,0.209564700723
UBFC_A1/Eval_On_COHFACE,COHFACE,old,COHFACE_s12_session2_natural,16,53.0,53.0,correct,53.0,1.0,54.0,0.9832247875490283,52.0,0.9115227677769648,53.0,0.9999999999999999,52.0,0.9945834562650322,54.0,0.8888881141449331,12_2,12,2,natural,96.23853302,65.4911804199,13.3043940763,0,629.900040468,0.209564700723
UBFC_A1/Eval_On_COHFACE,COHFACE,old,COHFACE_s12_session2_natural,17,54.0,53.0,correct,54.0,1.0,53.0,0.9738567369959484,55.0,0.9065482379342762,53.0,0.9999999999999998,54.0,0.9431887918068715,52.0,0.9247934935715849,12_2,12,2,natural,96.23853302,65.4911804199,13.3043940763,0,629.900040468,0.209564700723
UBFC_A1/Eval_On_COHFACE,COHFACE,old,COHFACE_s12_session2_natural,18,54.0,65.0,large_error,54.0,1.0,53.0,0.9578349773760853,55.0,0.9117270156267138,65.0,0.9999999999999996,64.0,0.9795193657378342,55.0,0.9031769863411666,12_2,12,2,natural,96.23853302,65.4911804199,13.3043940763,0,629.900040468,0.209564700723
UBFC_A1/Eval_On_COHFACE,COHFACE,old,COHFACE_s12_session2_natural,19,53.0,65.0,large_error,53.0,1.0,54.0,0.9893702401703968,52.0,0.8859074037796628,65.0,0.9999999999999994,64.0,0.9471169878159003,66.0,0.9012239323312209,12_2,12,2,natural,96.23853302,65.4911804199,13.3043940763,0,629.900040468,0.209564700723
UBFC_A1/Eval_On_COHFACE,COHFACE,old,COHFACE_s12_session2_natural,20,53.0,52.0,correct,53.0,1.0,54.0,0.9552097217340801,52.0,0.9312813969965209,52.0,0.9999999999999998,53.0,0.958229876188831,51.0,0.8904643863574863,12_2,12,2,natural,96.23853302,65.4911804199,13.3043940763,0,629.900040468,0.209564700723
UBFC_A1/Eval_On_COHFACE,COHFACE,old,COHFACE_s12_session2_natural,21,53.0,52.0,correct,53.0,1.0,54.0,0.9589017252013794,52.0,0.9349048456522784,52.0,0.9999999999999999,51.0,0.9823331413956595,53.0,0.9017035034871271,12_2,12,2,natural,96.23853302,65.4911804199,13.3043940763,0,629.900040468,0.209564700723
UBFC_A1/Eval_On_COHFACE,COHFACE,old,COHFACE_s12_session2_natural,22,53.0,53.0,correct,53.0,1.0,54.0,0.9536143832147415,52.0,0.9409122026255283,53.0,0.9999999999999998,52.0,0.9832784832935216,54.0,0.9242440250445864,12_2,12,2,natural,96.23853302,65.4911804199,13.3043940763,0,629.900040468,0.209564700723
UBFC_A1/Eval_On_COHFACE,COHFACE,old,COHFACE_s12_session2_natural,23,53.0,52.0,correct,53.0,1.0,54.0,0.9520317873767636,52.0,0.9354516161036162,52.0,0.9999999999999999,51.0,0.9947517085343995,53.0,0.9546323369770472,12_2,12,2,natural,96.23853302,65.4911804199,13.3043940763,0,629.900040468,0.209564700723
UBFC_A1/Eval_On_COHFACE,COHFACE,old,COHFACE_s12_session2_natural,24,53.0,52.0,correct,53.0,1.0,52.0,0.9505122813450739,54.0,0.9381606488607196,52.0,0.9999999999999999,51.0,0.9939581772983481,53.0,0.9074719166465025,12_2,12,2,natural,96.23853302,65.4911804199,13.3043940763,0,629.900040468,0.209564700723
UBFC_A1/Eval_On_COHFACE,COHFACE,old,COHFACE_s12_session2_natural,25,53.0,52.0,correct,53.0,1.0,54.0,0.9517098137104925,52.0,0.9357996424289298,52.0,0.9999999999999999,51.0,0.9741143611206319,53.0,0.9155830707764443,12_2,12,2,natural,96.23853302,65.4911804199,13.3043940763,0,629.900040468,0.209564700723
UBFC_A1/Eval_On_COHFACE,COHFACE,old,COHFACE_s12_session2_natural,26,53.0,53.0,correct,53.0,1.0,54.0,0.9782606435904306,52.0,0.9111781496328963,53.0,0.9999999999999999,52.0,0.97531566291311,54.0,0.9218570951158167,12_2,12,2,natural,96.23853302,65.4911804199,13.3043940763,0,629.900040468,0.209564700723
UBFC_A1/Eval_On_COHFACE,COHFACE,old,COHFACE_s12_session2_natural,27,53.0,54.0,correct,53.0,1.0,54.0,0.9689150378263304,52.0,0.9183481792255185,54.0,0.9999999999999999,53.0,0.9988311952669657,52.0,0.8869272840463651,12_2,12,2,natural,96.23853302,65.4911804199,13.3043940763,0,629.900040468,0.209564700723
UBFC_A1/Eval_On_COHFACE,COHFACE,old,COHFACE_s12_session2_natural,28,53.0,53.0,correct,53.0,1.0,52.0,0.9634518146521517,54.0,0.9267783483708897,53.0,0.9999999999999998,52.0,0.9642613948379293,54.0,0.9369526356100691,12_2,12,2,natural,96.23853302,65.4911804199,13.3043940763,0,629.900040468,0.209564700723
UBFC_A1/Eval_On_COHFACE,COHFACE,old,COHFACE_s12_session2_natural,29,53.0,52.0,correct,53.0,1.0,52.0,0.9766665971170236,54.0,0.9096384140486166,52.0,0.9999999999999998,53.0,0.940458678502548,51.0,0.9353544212909081,12_2,12,2,natural,96.23853302,65.4911804199,13.3043940763,0,629.900040468,0.209564700723
UBFC_A1/Eval_On_COHFACE,COHFACE,old,COHFACE_s12_session2_natural,30,53.0,51.0,correct,53.0,1.0,52.0,0.940889396012421,54.0,0.936576960025549,51.0,0.9999999999999998,52.0,0.9844330178108525,50.0,0.9210851797729537,12_2,12,2,natural,96.23853302,65.4911804199,13.3043940763,0,629.900040468,0.209564700723
UBFC_A1/Eval_On_COHFACE,COHFACE,old,COHFACE_s12_session2_natural,31,53.0,54.0,correct,53.0,1.0,54.0,0.9579141586016893,52.0,0.9211657867344685,54.0,0.9999999999999998,53.0,0.9738520440450885,55.0,0.9484070878834401,12_2,12,2,natural,96.23853302,65.4911804199,13.3043940763,0,629.900040468,0.209564700723
UBFC_A1/Eval_On_COHFACE,COHFACE,old,COHFACE_s12_session2_natural,32,53.0,75.0,super_harmonic_1p5x,53.0,0.9999999999999999,54.0,0.9425853835071869,52.0,0.941070021266047,75.0,0.9999999999999999,76.0,0.9936012442102814,74.0,0.9060910058467168,12_2,12,2,natural,96.23853302,65.4911804199,13.3043940763,0,629.900040468,0.209564700723
UBFC_A1/Eval_On_COHFACE,COHFACE,old,COHFACE_s12_session2_natural,33,53.0,52.0,correct,53.0,0.9999999999999999,52.0,0.9714997290094174,54.0,0.9225505856278967,52.0,0.9999999999999999,51.0,0.9625256847207544,53.0,0.9026153219845415,12_2,12,2,natural,96.23853302,65.4911804199,13.3043940763,0,629.900040468,0.209564700723
UBFC_A1/Eval_On_COHFACE,COHFACE,old,COHFACE_s12_session2_natural,34,53.0,51.0,correct,53.0,0.9999999999999999,52.0,0.9665774385105254,54.0,0.9264897804726009,51.0,0.9999999999999998,52.0,0.9879201490267572,50.0,0.8733531009110905,12_2,12,2,natural,96.23853302,65.4911804199,13.3043940763,0,629.900040468,0.209564700723
UBFC_A1/Eval_On_COHFACE,COHFACE,old,COHFACE_s12_session2_natural,35,53.0,53.0,correct,53.0,0.9999999999999999,54.0,0.9598725771819043,52.0,0.9199225628451584,53.0,0.9999999999999999,54.0,0.9807279800007053,52.0,0.8662249116640524,12_2,12,2,natural,96.23853302,65.4911804199,13.3043940763,0,629.900040468,0.209564700723
UBFC_A1/Eval_On_COHFACE,COHFACE,old,COHFACE_s12_session2_natural,36,54.0,40.0,large_error,54.0,0.9999999999999999,53.0,0.9879969244105002,55.0,0.8835847966606871,40.0,0.9999999999999996,41.0,0.8696875859561758,54.0,0.7119882572651887,12_2,12,2,natural,96.23853302,65.4911804199,13.3043940763,0,629.900040468,0.209564700723
UBFC_A1/Eval_On_COHFACE,COHFACE,old,COHFACE_s12_session2_natural,37,54.0,57.0,correct,54.0,0.9999999999999999,53.0,0.9401321657118222,55.0,0.9370262082178741,57.0,0.9999999999999998,56.0,0.9981888113344558,55.0,0.9588566633458759,12_2,12,2,natural,96.23853302,65.4911804199,13.3043940763,0,629.900040468,0.209564700723
UBFC_A1/Eval_On_COHFACE,COHFACE,old,COHFACE_s12_session2_natural,38,54.0,53.0,correct,54.0,1.0,55.0,0.985997325429015,53.0,0.8973951637352846,53.0,0.9999999999999998,52.0,0.9544181334251925,54.0,0.9166346999012497,12_2,12,2,natural,96.23853302,65.4911804199,13.3043940763,0,629.900040468,0.209564700723
UBFC_A1/Eval_On_COHFACE,COHFACE,old,COHFACE_s12_session2_natural,39,55.0,55.0,correct,55.0,1.0,54.0,0.9830908830961665,56.0,0.9032255478470873,55.0,0.9999999999999999,54.0,0.9747275003547661,56.0,0.9737696334759642,12_2,12,2,natural,96.23853302,65.4911804199,13.3043940763,0,629.900040468,0.209564700723
UBFC_A1/Eval_On_COHFACE,COHFACE,old,COHFACE_s12_session2_natural,40,54.0,55.0,correct,54.0,1.0,55.0,0.9940314234650229,53.0,0.9014754728976095,55.0,0.9999999999999999,54.0,0.9802084900813626,56.0,0.9671644090573319,12_2,12,2,natural,96.23853302,65.4911804199,13.3043940763,0,629.900040468,0.209564700723
UBFC_A1/Eval_On_COHFACE,COHFACE,old,COHFACE_s12_session2_natural,41,54.0,75.0,super_harmonic_1p5x,54.0,1.0,55.0,0.9624114832694962,53.0,0.9384820835743308,75.0,0.9999999999999998,56.0,0.9719322560845723,76.0,0.9455964150037305,12_2,12,2,natural,96.23853302,65.4911804199,13.3043940763,0,629.900040468,0.209564700723
UBFC_A1/Eval_On_COHFACE,COHFACE,old,COHFACE_s12_session2_natural,42,54.0,53.0,correct,54.0,1.0,53.0,0.9752920764434095,55.0,0.9215071568907719,53.0,0.9999999999999998,52.0,0.9833959174005574,54.0,0.9284625916037104,12_2,12,2,natural,96.23853302,65.4911804199,13.3043940763,0,629.900040468,0.209564700723
UBFC_A1/Eval_On_COHFACE,COHFACE,old,COHFACE_s12_session2_natural,43,53.0,53.0,correct,53.0,1.0,54.0,0.9881425095765568,52.0,0.903736767269822,53.0,0.9999999999999998,52.0,0.9673941834584102,54.0,0.9256671282575041,12_2,12,2,natural,96.23853302,65.4911804199,13.3043940763,0,629.900040468,0.209564700723
UBFC_A1/Eval_On_COHFACE,COHFACE,old,COHFACE_s12_session2_natural,44,53.0,53.0,correct,53.0,1.0,54.0,0.9843731650675825,52.0,0.897298535282771,53.0,0.9999999999999999,54.0,0.9855761727441417,52.0,0.9038960744053173,12_2,12,2,natural,96.23853302,65.4911804199,13.3043940763,0,629.900040468,0.209564700723
UBFC_A1/Eval_On_COHFACE,COHFACE,old,COHFACE_s12_session2_natural,45,53.0,54.0,correct,53.0,1.0,54.0,0.9931755914866875,52.0,0.8867379498856036,54.0,0.9999999999999998,53.0,0.989216369453205,55.0,0.9164606852502228,12_2,12,2,natural,96.23853302,65.4911804199,13.3043940763,0,629.900040468,0.209564700723
UBFC_A1/Eval_On_COHFACE,COHFACE,old,COHFACE_s12_session2_natural,46,53.0,53.0,correct,53.0,1.0,54.0,0.9840426782389816,52.0,0.900438388465212,53.0,0.9999999999999999,52.0,0.9731436990569249,54.0,0.9204937495567401,12_2,12,2,natural,96.23853302,65.4911804199,13.3043940763,0,629.900040468,0.209564700723
UBFC_A1/Eval_On_COHFACE,COHFACE,old,COHFACE_s12_session2_natural,47,54.0,53.0,correct,54.0,1.0,53.0,0.9699065404202403,55.0,0.9256055132052055,53.0,0.9999999999999999,54.0,0.9781469163884109,52.0,0.8932980397941506,12_2,12,2,natural,96.23853302,65.4911804199,13.3043940763,0,629.900040468,0.209564700723
UBFC_A1/Eval_On_COHFACE,COHFACE,old,COHFACE_s12_session2_natural,48,54.0,53.0,correct,54.0,1.0,53.0,0.9645411559744739,55.0,0.9277177129513177,53.0,0.9999999999999999,52.0,0.9664936303395272,54.0,0.9390643228478252,12_2,12,2,natural,96.23853302,65.4911804199,13.3043940763,0,629.900040468,0.209564700723
UBFC_A1/Eval_On_COHFACE,COHFACE,old,COHFACE_s12_session2_natural,49,54.0,54.0,correct,54.0,1.0,55.0,0.954080920418635,53.0,0.9218280405069592,54.0,0.9999999999999999,53.0,0.9718608473507637,55.0,0.9496772461696371,12_2,12,2,natural,96.23853302,65.4911804199,13.3043940763,0,629.900040468,0.209564700723
UBFC_A1/Eval_On_COHFACE,COHFACE,old,COHFACE_s12_session2_natural,50,54.0,55.0,correct,54.0,1.0,55.0,0.9774783552958383,53.0,0.8969927704386652,55.0,0.9999999999999998,56.0,0.9726673291423102,54.0,0.9563168662775317,12_2,12,2,natural,96.23853302,65.4911804199,13.3043940763,0,629.900040468,0.209564700723
UBFC_A1/Eval_On_COHFACE,COHFACE,old,COHFACE_s12_session2_natural,51,54.0,52.0,correct,54.0,1.0,55.0,0.9771196616413864,53.0,0.9065968743456281,52.0,0.9999999999999999,53.0,0.9952628708102295,51.0,0.9317149756625843,12_2,12,2,natural,96.23853302,65.4911804199,13.3043940763,0,629.900040468,0.209564700723
UBFC_A1/Eval_On_COHFACE,COHFACE,old,COHFACE_s12_session2_natural,52,54.0,53.0,correct,54.0,1.0,55.0,0.9791265006534295,53.0,0.9185372954758492,53.0,0.9999999999999999,52.0,0.9992394978103967,54.0,0.8855442093906797,12_2,12,2,natural,96.23853302,65.4911804199,13.3043940763,0,629.900040468,0.209564700723
UBFC_A1/Eval_On_COHFACE,COHFACE,old,COHFACE_s12_session2_natural,53,54.0,75.0,super_harmonic_1p5x,54.0,1.0,55.0,0.9694227470078263,53.0,0.9283256854900568,75.0,0.9999999999999999,74.0,0.9907471029631475,76.0,0.8942599978785162,12_2,12,2,natural,96.23853302,65.4911804199,13.3043940763,0,629.900040468,0.209564700723
UBFC_A1/Eval_On_COHFACE,COHFACE,old,COHFACE_s12_session2_natural,54,54.0,54.0,correct,54.0,1.0,55.0,0.9522336118026415,53.0,0.9407046640525947,54.0,0.9999999999999999,53.0,0.9967908616356197,55.0,0.8868310335487365,12_2,12,2,natural,96.23853302,65.4911804199,13.3043940763,0,629.900040468,0.209564700723
UBFC_A1/Eval_On_COHFACE,COHFACE,old,COHFACE_s12_session2_natural,55,54.0,53.0,correct,54.0,1.0,55.0,0.9473537034306011,53.0,0.939894576045723,53.0,0.9999999999999999,54.0,0.9717583110603398,52.0,0.9286016549745771,12_2,12,2,natural,96.23853302,65.4911804199,13.3043940763,0,629.900040468,0.209564700723
UBFC_A1/Eval_On_COHFACE,COHFACE,old,COHFACE_s12_session2_natural,56,54.0,53.0,correct,54.0,1.0,55.0,0.9590714151366441,53.0,0.9264207250827425,53.0,0.9999999999999999,52.0,0.9924933124491537,54.0,0.8878552080419685,12_2,12,2,natural,96.23853302,65.4911804199,13.3043940763,0,629.900040468,0.209564700723
UBFC_A1/Eval_On_COHFACE,COHFACE,old,COHFACE_s12_session3_natural,0,55.0,81.0,super_harmonic_1p5x,55.0,1.0,56.0,0.9717334163894928,54.0,0.9073798117323502,81.0,0.9999999999999998,80.0,0.9910878765724386,82.0,0.893330272568145,12_3,12,3,natural,95.2584533691,66.2590179443,13.2389599451,0,498.146925022,0.206279546022
UBFC_A1/Eval_On_COHFACE,COHFACE,old,COHFACE_s12_session3_natural,1,57.0,82.0,super_harmonic_1p5x,57.0,0.9999999999999999,56.0,0.9701828939759599,58.0,0.9318455820422588,82.0,0.9999999999999998,81.0,0.9837194593494086,54.0,0.9391212194906352,12_3,12,3,natural,95.2584533691,66.2590179443,13.2389599451,0,498.146925022,0.206279546022
UBFC_A1/Eval_On_COHFACE,COHFACE,old,COHFACE_s12_session3_natural,2,58.0,43.0,large_error,58.0,0.9999999999999999,57.0,0.9674014189350887,59.0,0.9260779596700521,43.0,0.9999999999999998,44.0,0.9730179513950261,42.0,0.9459983301794768,12_3,12,3,natural,95.2584533691,66.2590179443,13.2389599451,0,498.146925022,0.206279546022
UBFC_A1/Eval_On_COHFACE,COHFACE,old,COHFACE_s12_session3_natural,3,58.0,40.0,large_error,58.0,0.9999999999999999,59.0,0.9822347130715334,57.0,0.899951415523164,40.0,0.9999999999999998,80.0,0.9101156279802712,41.0,0.9074933895573023,12_3,12,3,natural,95.2584533691,66.2590179443,13.2389599451,0,498.146925022,0.206279546022
UBFC_A1/Eval_On_COHFACE,COHFACE,old,COHFACE_s12_session3_natural,4,59.0,81.0,super_harmonic_1p5x,59.0,0.9999999999999999,58.0,0.9762535169470149,60.0,0.9085658514778775,81.0,0.9999999999999998,41.0,0.980195982135037,80.0,0.9689164502564663,12_3,12,3,natural,95.2584533691,66.2590179443,13.2389599451,0,498.146925022,0.206279546022
UBFC_A1/Eval_On_COHFACE,COHFACE,old,COHFACE_s12_session3_natural,5,59.0,77.0,super_harmonic_1p5x,59.0,0.9999999999999999,58.0,0.9831547224043432,60.0,0.9042295687082297,77.0,0.9999999999999998,76.0,0.9978262736830252,78.0,0.9085660298043206,12_3,12,3,natural,95.2584533691,66.2590179443,13.2389599451,0,498.146925022,0.206279546022
UBFC_A1/Eval_On_COHFACE,COHFACE,old,COHFACE_s12_session3_natural,6,58.0,82.0,super_harmonic_1p5x,58.0,0.9999999999999998,59.0,0.9570118921368698,57.0,0.9320913521157285,82.0,0.9999999999999998,81.0,0.981791911485955,83.0,0.917532472162617,12_3,12,3,natural,95.2584533691,66.2590179443,13.2389599451,0,498.146925022,0.206279546022
UBFC_A1/Eval_On_COHFACE,COHFACE,old,COHFACE_s12_session3_natural,7,57.0,82.0,super_harmonic_1p5x,57.0,0.9999999999999998,58.0,0.9670634925688116,56.0,0.9272758003843538,82.0,0.9999999999999998,81.0,0.9475459940325136,83.0,0.9284348946865614,12_3,12,3,natural,95.2584533691,66.2590179443,13.2389599451,0,498.146925022,0.206279546022
UBFC_A1/Eval_On_COHFACE,COHFACE,old,COHFACE_s12_session3_natural,8,56.0,68.0,large_error,56.0,0.9999999999999999,57.0,0.9743572526824894,55.0,0.9118988547379363,68.0,0.9999999999999999,67.0,0.9340562834713949,69.0,0.9317093729372108,12_3,12,3,natural,95.2584533691,66.2590179443,13.2389599451,0,498.146925022,0.206279546022
UBFC_A1/Eval_On_COHFACE,COHFACE,old,COHFACE_s12_session3_natural,9,56.0,82.0,super_harmonic_1p5x,56.0,0.9999999999999999,55.0,0.9599065203612014,57.0,0.909157503423719,82.0,0.9999999999999998,83.0,0.9400828292939236,81.0,0.9319732297619576,12_3,12,3,natural,95.2584533691,66.2590179443,13.2389599451,0,498.146925022,0.206279546022
UBFC_A1/Eval_On_COHFACE,COHFACE,old,COHFACE_s12_session3_natural,10,56.0,54.0,correct,56.0,0.9999999999999999,55.0,0.9659294714168292,57.0,0.9043452078657547,54.0,0.9999999999999999,55.0,0.9965444263317065,53.0,0.9279486909830046,12_3,12,3,natural,95.2584533691,66.2590179443,13.2389599451,0,498.146925022,0.206279546022
UBFC_A1/Eval_On_COHFACE,COHFACE,old,COHFACE_s12_session3_natural,11,56.0,55.0,correct,56.0,0.9999999999999999,55.0,0.978157631864269,57.0,0.9064154722620567,55.0,0.9999999999999999,54.0,0.9617886128446871,56.0,0.9553601344502816,12_3,12,3,natural,95.2584533691,66.2590179443,13.2389599451,0,498.146925022,0.206279546022
UBFC_A1/Eval_On_COHFACE,COHFACE,old,COHFACE_s12_session3_natural,12,56.0,57.0,correct,56.0,0.9999999999999999,55.0,0.97387937467673,57.0,0.9243255283856965,57.0,0.9999999999999999,58.0,0.951677531652741,56.0,0.9260313565846114,12_3,12,3,natural,95.2584533691,66.2590179443,13.2389599451,0,498.146925022,0.206279546022
UBFC_A1/Eval_On_COHFACE,COHFACE,old,COHFACE_s12_session3_natural,13,56.0,58.0,correct,56.0,0.9999999999999999,55.0,0.9686858248535575,57.0,0.9315230835210558,58.0,0.9999999999999999,57.0,0.9680792422454336,59.0,0.9078798625362761,12_3,12,3,natural,95.2584533691,66.2590179443,13.2389599451,0,498.146925022,0.206279546022
UBFC_A1/Eval_On_COHFACE,COHFACE,old,COHFACE_s12_session3_natural,14,56.0,56.0,correct,56.0,0.9999999999999999,55.0,0.9620569134703669,57.0,0.9306864532056859,56.0,0.9999999999999999,55.0,0.9996844762125853,57.0,0.8949803812101936,12_3,12,3,natural,95.2584533691,66.2590179443,13.2389599451,0,498.146925022,0.206279546022
UBFC_A1/Eval_On_COHFACE,COHFACE,old,COHFACE_s12_session3_natural,15,56.0,59.0,correct,56.0,1.0,57.0,0.9606064181836449,55.0,0.9225048368836654,59.0,0.9999999999999999,60.0,0.9588383888648007,58.0,0.9343016699136573,12_3,12,3,natural,95.2584533691,66.2590179443,13.2389599451,0,498.146925022,0.206279546022
UBFC_A1/Eval_On_COHFACE,COHFACE,old,COHFACE_s12_session3_natural,16,57.0,59.0,correct,57.0,1.0,58.0,0.9375317373168683,56.0,0.9344108902961991,59.0,0.9999999999999999,60.0,0.9981774856500027,58.0,0.8962966394807033,12_3,12,3,natural,95.2584533691,66.2590179443,13.2389599451,0,498.146925022,0.206279546022
UBFC_A1/Eval_On_COHFACE,COHFACE,old,COHFACE_s12_session3_natural,17,57.0,59.0,correct,57.0,1.0,58.0,0.9692123537178109,56.0,0.9020159851035695,59.0,0.9999999999999998,60.0,0.9713600721310289,58.0,0.970037625249703,12_3,12,3,natural,95.2584533691,66.2590179443,13.2389599451,0,498.146925022,0.206279546022
UBFC_A1/Eval_On_COHFACE,COHFACE,old,COHFACE_s12_session3_natural,18,57.0,59.0,correct,57.0,1.0,56.0,0.9615792406190398,58.0,0.9212922171647295,59.0,0.9999999999999999,60.0,0.9816812156907253,58.0,0.9349274355652648,12_3,12,3,natural,95.2584533691,66.2590179443,13.2389599451,0,498.146925022,0.206279546022
UBFC_A1/Eval_On_COHFACE,COHFACE,old,COHFACE_s12_session3_natural,19,56.0,59.0,correct,56.0,1.0,57.0,0.9940104518572406,55.0,0.8963660681645893,59.0,0.9999999999999998,60.0,0.9751305439766685,58.0,0.9542239547479132,12_3,12,3,natural,95.2584533691,66.2590179443,13.2389599451,0,498.146925022,0.206279546022
UBFC_A1/Eval_On_COHFACE,COHFACE,old,COHFACE_s12_session3_natural,20,56.0,55.0,correct,56.0,1.0,55.0,0.9550655680076924,57.0,0.9411822694793363,55.0,0.9999999999999999,56.0,0.9956213039548292,54.0,0.9210474336368886,12_3,12,3,natural,95.2584533691,66.2590179443,13.2389599451,0,498.146925022,0.206279546022
UBFC_A1/Eval_On_COHFACE,COHFACE,old,COHFACE_s12_session3_natural,21,55.0,55.0,correct,55.0,1.0,56.0,0.9853457598925304,54.0,0.9229677337530904,55.0,0.9999999999999999,54.0,0.9731909400908758,56.0,0.9250976063536624,12_3,12,3,natural,95.2584533691,66.2590179443,13.2389599451,0,498.146925022,0.206279546022
UBFC_A1/Eval_On_COHFACE,COHFACE,old,COHFACE_s12_session3_natural,22,54.0,54.0,correct,54.0,1.0,55.0,0.9988921512338578,53.0,0.9189245760222428,54.0,0.9999999999999999,55.0,0.9986258313002998,53.0,0.8894054322843966,12_3,12,3,natural,95.2584533691,66.2590179443,13.2389599451,0,498.146925022,0.206279546022
UBFC_A1/Eval_On_COHFACE,COHFACE,old,COHFACE_s12_session3_natural,23,54.0,57.0,correct,54.0,1.0,53.0,0.9635986163414119,55.0,0.9421073724762465,57.0,0.9999999999999996,56.0,0.9866225344276663,58.0,0.900790888345507,12_3,12,3,natural,95.2584533691,66.2590179443,13.2389599451,0,498.146925022,0.206279546022
UBFC_A1/Eval_On_COHFACE,COHFACE,old,COHFACE_s12_session3_natural,24,54.0,56.0,correct,54.0,1.0,55.0,0.9671158912447488,53.0,0.9232544154932264,56.0,0.9999999999999994,55.0,0.9742649258739967,57.0,0.8832099832013616,12_3,12,3,natural,95.2584533691,66.2590179443,13.2389599451,0,498.146925022,0.206279546022
UBFC_A1/Eval_On_COHFACE,COHFACE,old,COHFACE_s12_session3_natural,25,54.0,54.0,correct,54.0,1.0,55.0,0.9842359241823465,53.0,0.8886895646748083,54.0,0.9999999999999998,53.0,0.9700491224891103,55.0,0.9184746083879292,12_3,12,3,natural,95.2584533691,66.2590179443,13.2389599451,0,498.146925022,0.206279546022
UBFC_A1/Eval_On_COHFACE,COHFACE,old,COHFACE_s12_session3_natural,26,54.0,53.0,correct,54.0,1.0,55.0,0.9483812554295769,53.0,0.9231782754056704,53.0,0.9999999999999999,52.0,0.9481003015299262,54.0,0.9364491331673654,12_3,12,3,natural,95.2584533691,66.2590179443,13.2389599451,0,498.146925022,0.206279546022
UBFC_A1/Eval_On_COHFACE,COHFACE,old,COHFACE_s12_session3_natural,27,54.0,51.0,correct,54.0,1.0,55.0,0.9529207233723345,53.0,0.9299184488381242,51.0,0.9999999999999997,50.0,0.9645718198284067,52.0,0.9563764528508178,12_3,12,3,natural,95.2584533691,66.2590179443,13.2389599451,0,498.146925022,0.206279546022
UBFC_A1/Eval_On_COHFACE,COHFACE,old,COHFACE_s12_session3_natural,28,54.0,49.0,large_error,54.0,1.0,55.0,0.9827511362095278,53.0,0.9133075173341235,49.0,0.9999999999999994,50.0,0.9972444600148592,48.0,0.945404391113621,12_3,12,3,natural,95.2584533691,66.2590179443,13.2389599451,0,498.146925022,0.206279546022
UBFC_A1/Eval_On_COHFACE,COHFACE,old,COHFACE_s12_session3_natural,29,55.0,42.0,large_error,55.0,1.0,54.0,0.9515022748813106,56.0,0.9464381695959636,42.0,0.9999999999999998,43.0,0.9829018397182997,41.0,0.8892844562491984,12_3,12,3,natural,95.2584533691,66.2590179443,13.2389599451,0,498.146925022,0.206279546022
UBFC_A1/Eval_On_COHFACE,COHFACE,old,COHFACE_s12_session3_natural,30,55.0,40.0,large_error,55.0,1.0,56.0,0.9813302201872338,54.0,0.9107960440485091,40.0,0.9999999999999998,41.0,0.8327691958274399,78.0,0.6876191078525025,12_3,12,3,natural,95.2584533691,66.2590179443,13.2389599451,0,498.146925022,0.206279546022
UBFC_A1/Eval_On_COHFACE,COHFACE,old,COHFACE_s12_session3_natural,31,56.0,79.0,super_harmonic_1p5x,56.0,1.0,55.0,0.9822455881194876,57.0,0.8974300878825167,79.0,0.9999999999999997,80.0,0.9906215218605768,78.0,0.9081696829823376,12_3,12,3,natural,95.2584533691,66.2590179443,13.2389599451,0,498.146925022,0.206279546022
UBFC_A1/Eval_On_COHFACE,COHFACE,old,COHFACE_s12_session3_natural,32,56.0,60.0,large_error,56.0,1.0,57.0,0.9623464643408406,55.0,0.9097642438353141,60.0,0.9999999999999999,59.0,0.9917667553246202,61.0,0.8736887465661529,12_3,12,3,natural,95.2584533691,66.2590179443,13.2389599451,0,498.146925022,0.206279546022
UBFC_A1/Eval_On_COHFACE,COHFACE,old,COHFACE_s12_session3_natural,33,57.0,58.0,correct,57.0,0.9999999999999999,56.0,0.9859648454912381,58.0,0.9004427670703561,58.0,0.9999999999999998,57.0,0.9547980093842419,59.0,0.9360581737860817,12_3,12,3,natural,95.2584533691,66.2590179443,13.2389599451,0,498.146925022,0.206279546022
UBFC_A1/Eval_On_COHFACE,COHFACE,old,COHFACE_s12_session3_natural,34,57.0,58.0,correct,57.0,0.9999999999999999,56.0,0.9799908776831258,58.0,0.9155551662858479,58.0,0.9999999999999997,57.0,0.9995620375122989,45.0,0.8997341128354196,12_3,12,3,natural,95.2584533691,66.2590179443,13.2389599451,0,498.146925022,0.206279546022
UBFC_A1/Eval_On_COHFACE,COHFACE,old,COHFACE_s12_session3_natural,35,56.0,58.0,correct,56.0,0.9999999999999999,57.0,0.9940387752949205,55.0,0.9081920189934894,58.0,0.9999999999999998,59.0,0.9827338888916403,44.0,0.9754555360909973,12_3,12,3,natural,95.2584533691,66.2590179443,13.2389599451,0,498.146925022,0.206279546022
UBFC_A1/Eval_On_COHFACE,COHFACE,old,COHFACE_s12_session3_natural,36,56.0,57.0,correct,56.0,0.9999999999999999,57.0,0.9562439873178716,55.0,0.9352874161379021,57.0,0.9999999999999998,56.0,0.9873838240567729,58.0,0.9281252861493555,12_3,12,3,natural,95.2584533691,66.2590179443,13.2389599451,0,498.146925022,0.206279546022
UBFC_A1/Eval_On_COHFACE,COHFACE,old,COHFACE_s12_session3_natural,37,56.0,53.0,correct,56.0,0.9999999999999999,55.0,0.9733180722197591,57.0,0.9058915846940844,53.0,0.9999999999999999,52.0,0.944224432186241,54.0,0.9440558589478895,12_3,12,3,natural,95.2584533691,66.2590179443,13.2389599451,0,498.146925022,0.206279546022
UBFC_A1/Eval_On_COHFACE,COHFACE,old,COHFACE_s12_session3_natural,38,55.0,53.0,correct,55.0,0.9999999999999999,56.0,0.9601964611775125,54.0,0.9070838401920743,53.0,0.9999999999999999,54.0,0.9976957769749818,52.0,0.8854397834483922,12_3,12,3,natural,95.2584533691,66.2590179443,13.2389599451,0,498.146925022,0.206279546022
UBFC_A1/Eval_On_COHFACE,COHFACE,old,COHFACE_s12_session3_natural,39,55.0,53.0,correct,55.0,0.9999999999999999,54.0,0.962848820877615,56.0,0.9125704376710149,53.0,0.9999999999999998,52.0,0.96337217129186,54.0,0.924587318373847,12_3,12,3,natural,95.2584533691,66.2590179443,13.2389599451,0,498.146925022,0.206279546022
UBFC_A1/Eval_On_COHFACE,COHFACE,old,COHFACE_s12_session3_natural,40,55.0,52.0,correct,55.0,0.9999999999999999,54.0,0.9933043006450658,56.0,0.8969376086853241,52.0,0.9999999999999998,53.0,0.9718879007716468,51.0,0.9304072645531026,12_3,12,3,natural,95.2584533691,66.2590179443,13.2389599451,0,498.146925022,0.206279546022
UBFC_A1/Eval_On_COHFACE,COHFACE,old,COHFACE_s12_session3_natural,41,55.0,52.0,correct,55.0,0.9999999999999999,54.0,0.997044071913523,56.0,0.8955205834306309,52.0,0.9999999999999998,51.0,0.9788669593449848,53.0,0.8860426741440378,12_3,12,3,natural,95.2584533691,66.2590179443,13.2389599451,0,498.146925022,0.206279546022
UBFC_A1/Eval_On_COHFACE,COHFACE,old,COHFACE_s12_session3_natural,42,55.0,52.0,correct,55.0,0.9999999999999999,54.0,0.9916557910553876,56.0,0.8922735823448621,52.0,0.9999999999999999,51.0,0.9637709933847631,53.0,0.9268595257074209,12_3,12,3,natural,95.2584533691,66.2590179443,13.2389599451,0,498.146925022,0.206279546022
UBFC_A1/Eval_On_COHFACE,COHFACE,old,COHFACE_s12_session3_natural,43,55.0,54.0,correct,55.0,0.9999999999999999,54.0,0.9516410077678931,56.0,0.9241618391181081,54.0,0.9999999999999999,53.0,0.9814627124410779,55.0,0.9522203690395292,12_3,12,3,natural,95.2584533691,66.2590179443,13.2389599451,0,498.146925022,0.206279546022
UBFC_A1/Eval_On_COHFACE,COHFACE,old,COHFACE_s12_session3_natural,44,55.0,56.0,correct,55.0,0.9999999999999999,56.0,0.9941052193993211,54.0,0.8883714696622043,56.0,0.9999999999999998,55.0,0.993512247458012,57.0,0.9321201080456227,12_3,12,3,natural,95.2584533691,66.2590179443,13.2389599451,0,498.146925022,0.206279546022
UBFC_A1/Eval_On_COHFACE,COHFACE,old,COHFACE_s12_session3_natural,45,56.0,54.0,correct,56.0,0.9999999999999999,55.0,0.9615919083772125,57.0,0.935118927684275,54.0,0.9999999999999999,53.0,0.976934977676892,55.0,0.9645714901464526,12_3,12,3,natural,95.2584533691,66.2590179443,13.2389599451,0,498.146925022,0.206279546022
UBFC_A1/Eval_On_COHFACE,COHFACE,old,COHFACE_s12_session3_natural,46,56.0,57.0,correct,56.0,0.9999999999999999,57.0,0.95433073424806,55.0,0.9499820542622447,57.0,0.9999999999999998,58.0,0.9892835134444793,56.0,0.9199066560959155,12_3,12,3,natural,95.2584533691,66.2590179443,13.2389599451,0,498.146925022,0.206279546022
UBFC_A1/Eval_On_COHFACE,COHFACE,old,COHFACE_s12_session3_natural,47,56.0,58.0,correct,56.0,0.9999999999999998,55.0,0.9524587447088887,57.0,0.9400484997446298,58.0,0.9999999999999998,59.0,0.9443477084877747,57.0,0.9096836328586848,12_3,12,3,natural,95.2584533691,66.2590179443,13.2389599451,0,498.146925022,0.206279546022
UBFC_A1/Eval_On_COHFACE,COHFACE,old,COHFACE_s12_session3_natural,48,56.0,55.0,correct,56.0,0.9999999999999999,55.0,0.9743988822275115,57.0,0.9039341744588724,55.0,0.9999999999999998,54.0,0.9838350728721698,56.0,0.8778232399404188,12_3,12,3,natural,95.2584533691,66.2590179443,13.2389599451,0,498.146925022,0.206279546022
UBFC_A1/Eval_On_COHFACE,COHFACE,old,COHFACE_s12_session3_natural,49,56.0,56.0,correct,56.0,0.9999999999999999,55.0,0.9794320463568847,57.0,0.8894249876143743,56.0,0.9999999999999998,55.0,0.9584825629911757,57.0,0.917047160010139,12_3,12,3,natural,95.2584533691,66.2590179443,13.2389599451,0,498.146925022,0.206279546022
UBFC_A1/Eval_On_COHFACE,COHFACE,old,COHFACE_s12_session3_natural,50,55.0,43.0,large_error,55.0,0.9999999999999998,56.0,0.9827406984229504,54.0,0.8942726697772587,43.0,0.9999999999999997,55.0,0.9735482256590916,44.0,0.9620740704492211,12_3,12,3,natural,95.2584533691,66.2590179443,13.2389599451,0,498.146925022,0.206279546022
UBFC_A1/Eval_On_COHFACE,COHFACE,old,COHFACE_s13_session0_lamp,0,61.99999999999999,80.0,super_harmonic_1p5x,61.99999999999999,0.9999999999999997,61.0,0.9705734248778132,63.0,0.8593840099944237,80.0,0.9999999999999997,79.0,0.9974707738100286,81.0,0.9272967308484561,13_0,13,0,lamp,106.943191528,67.5407791138,4.82373206444,0,473.3595202,0.233900874853
UBFC_A1/Eval_On_COHFACE,COHFACE,old,COHFACE_s13_session0_lamp,1,66.0,81.0,large_error,66.0,0.9999999999999998,65.0,0.971313046077866,67.0,0.9194536933462946,81.0,0.9999999999999993,80.0,0.9636737716932731,82.0,0.9606882800837633,13_0,13,0,lamp,106.943191528,67.5407791138,4.82373206444,0,473.3595202,0.233900874853
UBFC_A1/Eval_On_COHFACE,COHFACE,old,COHFACE_s13_session0_lamp,2,66.0,44.0,large_error,66.0,0.9999999999999998,65.0,0.9935355068439005,67.0,0.8917768608398948,44.0,0.9999999999999997,45.0,0.9642501566980248,43.0,0.9338695013000525,13_0,13,0,lamp,106.943191528,67.5407791138,4.82373206444,0,473.3595202,0.233900874853
UBFC_A1/Eval_On_COHFACE,COHFACE,old,COHFACE_s13_session0_lamp,3,66.0,46.0,large_error,66.0,0.9999999999999998,65.0,0.9750275673847326,67.0,0.89940739558588,46.0,0.9999999999999993,45.0,0.9836794930865719,47.0,0.9376724549514103,13_0,13,0,lamp,106.943191528,67.5407791138,4.82373206444,0,473.3595202,0.233900874853
UBFC_A1/Eval_On_COHFACE,COHFACE,old,COHFACE_s13_session0_lamp,4,66.0,69.0,correct,66.0,0.9999999999999998,67.0,0.9409767940353185,65.0,0.9302101588670271,69.0,0.9999999999999992,68.0,0.939499749392757,70.0,0.9071945222077028,13_0,13,0,lamp,106.943191528,67.5407791138,4.82373206444,0,473.3595202,0.233900874853
UBFC_A1/Eval_On_COHFACE,COHFACE,old,COHFACE_s13_session0_lamp,5,66.0,66.0,correct,66.0,0.9999999999999998,67.0,0.9895608003620806,65.0,0.8881581246586525,66.0,0.9999999999999998,65.0,0.9883080683969684,67.0,0.9185284442563901,13_0,13,0,lamp,106.943191528,67.5407791138,4.82373206444,0,473.3595202,0.233900874853
UBFC_A1/Eval_On_COHFACE,COHFACE,old,COHFACE_s13_session0_lamp,6,67.0,64.0,correct,67.0,0.9999999999999998,66.0,0.9836663069248474,68.0,0.9038192476824276,64.0,0.9999999999999994,63.0,0.996051506982068,65.0,0.8152899624764955,13_0,13,0,lamp,106.943191528,67.5407791138,4.82373206444,0,473.3595202,0.233900874853
UBFC_A1/Eval_On_COHFACE,COHFACE,old,COHFACE_s13_session0_lamp,7,67.0,45.0,large_error,67.0,0.9999999999999998,66.0,0.9989696371112629,68.0,0.8969916910985558,45.0,0.9999999999999996,63.0,0.9953702405475258,46.0,0.931384761545647,13_0,13,0,lamp,106.943191528,67.5407791138,4.82373206444,0,473.3595202,0.233900874853
UBFC_A1/Eval_On_COHFACE,COHFACE,old,COHFACE_s13_session0_lamp,8,66.0,52.0,large_error,66.0,0.9999999999999999,67.0,0.9618751302249662,65.0,0.9304778215397832,52.0,0.9999999999999996,51.0,0.9664534473549364,53.0,0.9161614689514216,13_0,13,0,lamp,106.943191528,67.5407791138,4.82373206444,0,473.3595202,0.233900874853
UBFC_A1/Eval_On_COHFACE,COHFACE,old,COHFACE_s13_session0_lamp,9,66.0,49.0,large_error,66.0,0.9999999999999999,65.0,0.9662018068194091,67.0,0.9233236994498973,49.0,0.9999999999999996,50.0,0.9760327601625823,48.0,0.957331345620633,13_0,13,0,lamp,106.943191528,67.5407791138,4.82373206444,0,473.3595202,0.233900874853
UBFC_A1/Eval_On_COHFACE,COHFACE,old,COHFACE_s13_session0_lamp,10,65.0,51.0,large_error,65.0,0.9999999999999998,66.0,0.9794438515243502,64.0,0.91252403051085,51.0,0.9999999999999997,50.0,0.9691031047911025,52.0,0.9577779128139994,13_0,13,0,lamp,106.943191528,67.5407791138,4.82373206444,0,473.3595202,0.233900874853
UBFC_A1/Eval_On_COHFACE,COHFACE,old,COHFACE_s13_session0_lamp,11,65.0,69.0,large_error,65.0,0.9999999999999998,66.0,0.9687883301505782,64.0,0.9253456739868408,69.0,0.9999999999999998,68.0,0.9638222748538161,70.0,0.9037580920706961,13_0,13,0,lamp,106.943191528,67.5407791138,4.82373206444,0,473.3595202,0.233900874853
UBFC_A1/Eval_On_COHFACE,COHFACE,old,COHFACE_s13_session0_lamp,12,65.0,69.0,large_error,65.0,0.9999999999999998,66.0,0.9844081604919934,64.0,0.9071362697062445,69.0,0.9999999999999997,70.0,0.9608715740238405,68.0,0.9218691858892415,13_0,13,0,lamp,106.943191528,67.5407791138,4.82373206444,0,473.3595202,0.233900874853
UBFC_A1/Eval_On_COHFACE,COHFACE,old,COHFACE_s13_session0_lamp,13,66.0,68.0,correct,66.0,0.9999999999999999,65.0,0.9925593129494911,67.0,0.894815596273505,68.0,0.9999999999999999,69.0,0.9503556284247906,67.0,0.9367399212040066,13_0,13,0,lamp,106.943191528,67.5407791138,4.82373206444,0,473.3595202,0.233900874853
UBFC_A1/Eval_On_COHFACE,COHFACE,old,COHFACE_s13_session0_lamp,14,66.0,65.0,correct,66.0,0.9999999999999999,65.0,0.9773216012305334,67.0,0.9031617783047338,65.0,0.9999999999999999,66.0,0.9725900799651231,64.0,0.9646849794924478,13_0,13,0,lamp,106.943191528,67.5407791138,4.82373206444,0,473.3595202,0.233900874853
UBFC_A1/Eval_On_COHFACE,COHFACE,old,COHFACE_s13_session0_lamp,15,66.0,66.0,correct,66.0,0.9999999999999999,67.0,0.9461673986891241,65.0,0.9346665586785704,66.0,0.9999999999999998,67.0,0.9642156363375691,65.0,0.9578425844003914,13_0,13,0,lamp,106.943191528,67.5407791138,4.82373206444,0,473.3595202,0.233900874853
UBFC_A1/Eval_On_COHFACE,COHFACE,old,COHFACE_s13_session0_lamp,16,67.0,66.0,correct,67.0,0.9999999999999999,66.0,0.9683705231788873,68.0,0.9172255756618861,66.0,0.9999999999999998,65.0,0.9576868224247175,67.0,0.9484175259865975,13_0,13,0,lamp,106.943191528,67.5407791138,4.82373206444,0,473.3595202,0.233900874853
UBFC_A1/Eval_On_COHFACE,COHFACE,old,COHFACE_s13_session0_lamp,17,67.0,68.0,correct,67.0,0.9999999999999999,68.0,0.9791115648185608,66.0,0.9094078985988815,68.0,0.9999999999999998,69.0,0.9542766122770908,67.0,0.9224847738039318,13_0,13,0,lamp,106.943191528,67.5407791138,4.82373206444,0,473.3595202,0.233900874853
UBFC_A1/Eval_On_COHFACE,COHFACE,old,COHFACE_s13_session0_lamp,18,67.0,68.0,correct,67.0,1.0,68.0,0.9763831122275208,66.0,0.9130363915128341,68.0,0.9999999999999999,67.0,0.9931457294632858,69.0,0.8853160626281571,13_0,13,0,lamp,106.943191528,67.5407791138,4.82373206444,0,473.3595202,0.233900874853
UBFC_A1/Eval_On_COHFACE,COHFACE,old,COHFACE_s13_session0_lamp,19,67.0,56.0,large_error,67.0,1.0,68.0,0.996120767776523,66.0,0.8952018798900362,56.0,0.9999999999999998,55.0,0.9472813611583277,68.0,0.9144776626923887,13_0,13,0,lamp,106.943191528,67.5407791138,4.82373206444,0,473.3595202,0.233900874853
UBFC_A1/Eval_On_COHFACE,COHFACE,old,COHFACE_s13_session0_lamp,20,68.0,58.0,large_error,68.0,1.0,67.0,0.9624115700473335,69.0,0.9289412638186941,58.0,0.9999999999999998,57.0,0.9679313676550212,59.0,0.9296982026146003,13_0,13,0,lamp,106.943191528,67.5407791138,4.82373206444,0,473.3595202,0.233900874853
UBFC_A1/Eval_On_COHFACE,COHFACE,old,COHFACE_s13_session0_lamp,21,68.0,66.0,correct,68.0,1.0,67.0,0.9755978717412116,69.0,0.9154373115253316,66.0,0.9999999999999998,67.0,0.9872575736060394,65.0,0.9485564439473405,13_0,13,0,lamp,106.943191528,67.5407791138,4.82373206444,0,473.3595202,0.233900874853
UBFC_A1/Eval_On_COHFACE,COHFACE,old,COHFACE_s13_session0_lamp,22,67.0,67.0,correct,67.0,1.0,68.0,0.9673273324936313,66.0,0.9271902170899183,67.0,0.9999999999999998,66.0,0.9632367188588752,68.0,0.9490284929651625,13_0,13,0,lamp,106.943191528,67.5407791138,4.82373206444,0,473.3595202,0.233900874853
UBFC_A1/Eval_On_COHFACE,COHFACE,old,COHFACE_s13_session0_lamp,23,67.0,64.0,correct,67.0,1.0,66.0,0.983429019031899,68.0,0.9084691835502654,64.0,0.9999999999999998,65.0,0.9839275886946883,63.0,0.8960772526164903,13_0,13,0,lamp,106.943191528,67.5407791138,4.82373206444,0,473.3595202,0.233900874853
UBFC_A1/Eval_On_COHFACE,COHFACE,old,COHFACE_s13_session0_lamp,24,66.0,65.0,correct,66.0,1.0,67.0,0.9630945037413267,65.0,0.9239900215095745,65.0,0.9999999999999999,64.0,0.9600751996011038,66.0,0.8944552469224009,13_0,13,0,lamp,106.943191528,67.5407791138,4.82373206444,0,473.3595202,0.233900874853
UBFC_A1/Eval_On_COHFACE,COHFACE,old,COHFACE_s13_session0_lamp,25,66.0,65.0,correct,66.0,1.0,65.0,0.9814318980234493,67.0,0.9066944935189201,65.0,0.9999999999999999,66.0,0.9450990376823116,64.0,0.9340958869541193,13_0,13,0,lamp,106.943191528,67.5407791138,4.82373206444,0,473.3595202,0.233900874853
UBFC_A1/Eval_On_COHFACE,COHFACE,old,COHFACE_s13_session0_lamp,26,65.0,64.0,correct,65.0,1.0,66.0,0.9487060442666145,64.0,0.9381512988508842,64.0,0.9999999999999998,65.0,0.9869377807939407,63.0,0.9369071824011951,13_0,13,0,lamp,106.943191528,67.5407791138,4.82373206444,0,473.3595202,0.233900874853
UBFC_A1/Eval_On_COHFACE,COHFACE,old,COHFACE_s13_session0_lamp,27,65.0,66.0,correct,65.0,1.0,64.0,0.9662002227875532,66.0,0.9177786362823374,66.0,0.9999999999999998,65.0,0.9876126040516455,67.0,0.9256295798105891,13_0,13,0,lamp,106.943191528,67.5407791138,4.82373206444,0,473.3595202,0.233900874853
UBFC_A1/Eval_On_COHFACE,COHFACE,old,COHFACE_s13_session0_lamp,28,65.0,65.0,correct,65.0,1.0,66.0,0.9489956831527623,64.0,0.9373773018634726,65.0,0.9999999999999998,66.0,0.9593402140271247,64.0,0.9546189327883717,13_0,13,0,lamp,106.943191528,67.5407791138,4.82373206444,0,473.3595202,0.233900874853
UBFC_A1/Eval_On_COHFACE,COHFACE,old,COHFACE_s13_session0_lamp,29,66.0,51.0,large_error,66.0,1.0,65.0,0.9594827842229275,67.0,0.9335123527880622,51.0,0.9999999999999998,50.0,0.9851497875631907,52.0,0.938944080763144,13_0,13,0,lamp,106.943191528,67.5407791138,4.82373206444,0,473.3595202,0.233900874853
UBFC_A1/Eval_On_COHFACE,COHFACE,old,COHFACE_s13_session0_lamp,30,67.0,51.0,large_error,67.0,1.0,66.0,0.9800428797748616,68.0,0.9118396929112242,51.0,0.9999999999999998,52.0,0.9645659683625942,50.0,0.8907992772178948,13_0,13,0,lamp,106.943191528,67.5407791138,4.82373206444,0,473.3595202,0.233900874853
UBFC_A1/Eval_On_COHFACE,COHFACE,old,COHFACE_s13_session0_lamp,31,67.0,50.0,large_error,67.0,1.0,68.0,0.974784706580982,66.0,0.9216178384697291,50.0,0.9999999999999998,49.0,0.9657206632547325,51.0,0.9417060855589588,13_0,13,0,lamp,106.943191528,67.5407791138,4.82373206444,0,473.3595202,0.233900874853
UBFC_A1/Eval_On_COHFACE,COHFACE,old,COHFACE_s13_session0_lamp,32,68.0,48.0,large_error,68.0,0.9999999999999999,67.0,0.9656526018712566,69.0,0.938856519763056,48.0,0.9999999999999998,49.0,0.9984795226532819,47.0,0.9332818201754209,13_0,13,0,lamp,106.943191528,67.5407791138,4.82373206444,0,473.3595202,0.233900874853
UBFC_A1/Eval_On_COHFACE,COHFACE,old,COHFACE_s13_session0_lamp,33,68.0,50.0,large_error,68.0,0.9999999999999999,69.0,0.9852796126602981,67.0,0.9190093774026014,50.0,0.9999999999999998,51.0,0.9910564576402199,49.0,0.955291960733823,13_0,13,0,lamp,106.943191528,67.5407791138,4.82373206444,0,473.3595202,0.233900874853
UBFC_A1/Eval_On_COHFACE,COHFACE,old,COHFACE_s13_session0_lamp,34,68.0,48.0,large_error,68.0,0.9999999999999999,69.0,0.9786201753341388,67.0,0.9216020493266365,48.0,0.9999999999999997,49.0,0.9841326772077568,47.0,0.9740502415087441,13_0,13,0,lamp,106.943191528,67.5407791138,4.82373206444,0,473.3595202,0.233900874853
UBFC_A1/Eval_On_COHFACE,COHFACE,old,COHFACE_s13_session0_lamp,35,68.0,43.0,large_error,68.0,0.9999999999999998,67.0,0.9995999693201612,69.0,0.8991801998219433,43.0,0.9999999999999998,42.0,0.9803840373945211,44.0,0.8725132889748363,13_0,13,0,lamp,106.943191528,67.5407791138,4.82373206444,0,473.3595202,0.233900874853
UBFC_A1/Eval_On_COHFACE,COHFACE,old,COHFACE_s13_session0_lamp,36,66.0,54.0,large_error,66.0,0.9999999999999999,67.0,0.9825305772266293,65.0,0.9034628351850524,54.0,0.9999999999999998,53.0,0.9203438919880993,55.0,0.9013484554405536,13_0,13,0,lamp,106.943191528,67.5407791138,4.82373206444,0,473.3595202,0.233900874853
UBFC_A1/Eval_On_COHFACE,COHFACE,old,COHFACE_s13_session0_lamp,37,66.0,57.0,large_error,66.0,0.9999999999999999,65.0,0.9655873927523706,67.0,0.9118284287779299,57.0,0.9999999999999997,58.0,0.9683227525027756,56.0,0.9565491382618098,13_0,13,0,lamp,106.943191528,67.5407791138,4.82373206444,0,473.3595202,0.233900874853
UBFC_A1/Eval_On_COHFACE,COHFACE,old,COHFACE_s13_session0_lamp,38,65.0,44.0,large_error,65.0,0.9999999999999998,66.0,0.9988910870424006,64.0,0.8794211425921592,44.0,0.9999999999999998,43.0,0.9496047526996706,45.0,0.9433184005910582,13_0,13,0,lamp,106.943191528,67.5407791138,4.82373206444,0,473.3595202,0.233900874853
UBFC_A1/Eval_On_COHFACE,COHFACE,old,COHFACE_s13_session0_lamp,39,65.0,54.0,large_error,65.0,0.9999999999999999,66.0,0.9697293010326924,64.0,0.9062368361136672,54.0,0.9999999999999997,53.0,0.9890146117603669,55.0,0.9170298160991635,13_0,13,0,lamp,106.943191528,67.5407791138,4.82373206444,0,473.3595202,0.233900874853
UBFC_A1/Eval_On_COHFACE,COHFACE,old,COHFACE_s13_session0_lamp,40,65.0,53.0,large_error,65.0,0.9999999999999999,66.0,0.965410012342704,64.0,0.9095142667439136,53.0,0.9999999999999998,54.0,0.9583182219078522,52.0,0.9463601101405146,13_0,13,0,lamp,106.943191528,67.5407791138,4.82373206444,0,473.3595202,0.233900874853
UBFC_A1/Eval_On_COHFACE,COHFACE,old,COHFACE_s13_session0_lamp,41,66.0,53.0,large_error,66.0,0.9999999999999998,65.0,0.9958416277186782,67.0,0.8840462074927745,53.0,0.9999999999999998,54.0,0.9639774198810405,52.0,0.9295080647184913,13_0,13,0,lamp,106.943191528,67.5407791138,4.82373206444,0,473.3595202,0.233900874853
UBFC_A1/Eval_On_COHFACE,COHFACE,old,COHFACE_s13_session0_lamp,42,66.0,53.0,large_error,66.0,0.9999999999999998,65.0,0.9490860410465126,67.0,0.9315684692693701,53.0,0.9999999999999997,54.0,0.9858453375853159,52.0,0.9529046173527385,13_0,13,0,lamp,106.943191528,67.5407791138,4.82373206444,0,473.3595202,0.233900874853
UBFC_A1/Eval_On_COHFACE,COHFACE,old,COHFACE_s13_session0_lamp,43,66.0,67.0,correct,66.0,0.9999999999999999,67.0,0.9569710243164296,65.0,0.932769493872993,67.0,0.9999999999999998,66.0,0.9529193506441087,68.0,0.9311305974573089,13_0,13,0,lamp,106.943191528,67.5407791138,4.82373206444,0,473.3595202,0.233900874853
UBFC_A1/Eval_On_COHFACE,COHFACE,old,COHFACE_s13_session0_lamp,44,66.0,66.0,correct,66.0,0.9999999999999999,65.0,0.9551476355892107,67.0,0.9400773822828344,66.0,0.9999999999999999,67.0,0.949631944261662,65.0,0.9438983667841129,13_0,13,0,lamp,106.943191528,67.5407791138,4.82373206444,0,473.3595202,0.233900874853
UBFC_A1/Eval_On_COHFACE,COHFACE,old,COHFACE_s13_session0_lamp,45,66.0,63.0,correct,66.0,0.9999999999999999,65.0,0.9940922018633356,67.0,0.902080784890755,63.0,0.9999999999999998,64.0,0.9514922304964607,61.99999999999999,0.9265319031746648,13_0,13,0,lamp,106.943191528,67.5407791138,4.82373206444,0,473.3595202,0.233900874853
UBFC_A1/Eval_On_COHFACE,COHFACE,old,COHFACE_s13_session0_lamp,46,65.0,52.0,large_error,65.0,1.0,66.0,0.9979261620050093,64.0,0.8940754835593621,52.0,0.9999999999999997,61.99999999999999,0.9803037814097147,63.0,0.950649965170106,13_0,13,0,lamp,106.943191528,67.5407791138,4.82373206444,0,473.3595202,0.233900874853
UBFC_A1/Eval_On_COHFACE,COHFACE,old,COHFACE_s13_session0_lamp,47,65.0,66.0,correct,65.0,1.0,66.0,0.9654421192156203,64.0,0.9235876124386957,66.0,0.9999999999999998,65.0,0.9348898457557726,67.0,0.9156403954834762,13_0,13,0,lamp,106.943191528,67.5407791138,4.82373206444,0,473.3595202,0.233900874853
UBFC_A1/Eval_On_COHFACE,COHFACE,old,COHFACE_s13_session0_lamp,48,65.0,63.0,correct,65.0,1.0,64.0,0.982746280608524,66.0,0.906286039830639,63.0,0.9999999999999997,61.99999999999999,0.9854337857712735,64.0,0.953862349580395,13_0,13,0,lamp,106.943191528,67.5407791138,4.82373206444,0,473.3595202,0.233900874853
UBFC_A1/Eval_On_COHFACE,COHFACE,old,COHFACE_s13_session0_lamp,49,64.0,60.0,large_error,64.0,1.0,65.0,0.9555724554325313,63.0,0.9337100060282887,60.0,0.9999999999999998,61.0,0.9964560834018541,59.0,0.9162981211495299,13_0,13,0,lamp,106.943191528,67.5407791138,4.82373206444,0,473.3595202,0.233900874853
UBFC_A1/Eval_On_COHFACE,COHFACE,old,COHFACE_s13_session0_lamp,50,64.0,43.0,large_error,64.0,1.0,63.0,0.9622464512851909,65.0,0.930186640503091,43.0,0.9999999999999998,42.0,0.9429848497992256,44.0,0.9389158980821052,13_0,13,0,lamp,106.943191528,67.5407791138,4.82373206444,0,473.3595202,0.233900874853
UBFC_A1/Eval_On_COHFACE,COHFACE,old,COHFACE_s13_session1_lamp,0,70.0,64.0,large_error,70.0,0.9999999999999999,69.0,0.9387136330023155,71.0,0.9249499548648674,64.0,0.9999999999999996,65.0,0.9995971322439003,63.0,0.9376798388008626,13_1,13,1,lamp,106.510726929,67.8572616577,4.70386219335,0,436.07456503,0.224906593561
UBFC_A1/Eval_On_COHFACE,COHFACE,old,COHFACE_s13_session1_lamp,1,67.0,68.0,correct,67.0,0.9999999999999998,68.0,0.971050058936062,66.0,0.9119682033031076,68.0,0.9999999999999987,69.0,0.9909347934345837,67.0,0.9397462974036251,13_1,13,1,lamp,106.510726929,67.8572616577,4.70386219335,0,436.07456503,0.224906593561
UBFC_A1/Eval_On_COHFACE,COHFACE,old,COHFACE_s13_session1_lamp,2,66.0,43.0,large_error,66.0,0.9999999999999999,65.0,0.9799967537783106,67.0,0.9162859619687787,43.0,0.9999999999999993,44.0,0.9862503122311077,42.0,0.9212221755660205,13_1,13,1,lamp,106.510726929,67.8572616577,4.70386219335,0,436.07456503,0.224906593561
UBFC_A1/Eval_On_COHFACE,COHFACE,old,COHFACE_s13_session1_lamp,3,64.0,68.0,large_error,64.0,0.9999999999999998,65.0,0.9969589480437813,63.0,0.9158002054569381,68.0,0.9999999999999994,67.0,0.9709741133750963,57.0,0.9306253315441113,13_1,13,1,lamp,106.510726929,67.8572616577,4.70386219335,0,436.07456503,0.224906593561
UBFC_A1/Eval_On_COHFACE,COHFACE,old,COHFACE_s13_session1_lamp,4,64.0,68.0,large_error,64.0,0.9999999999999999,65.0,0.9620260494544295,63.0,0.9267207024481481,68.0,0.9999999999999994,67.0,0.9953226017014376,69.0,0.871626956994293,13_1,13,1,lamp,106.510726929,67.8572616577,4.70386219335,0,436.07456503,0.224906593561
UBFC_A1/Eval_On_COHFACE,COHFACE,old,COHFACE_s13_session1_lamp,5,64.0,66.0,correct,64.0,0.9999999999999999,65.0,0.9829879808572135,63.0,0.8967984087537599,66.0,0.9999999999999998,67.0,0.9831272526119936,65.0,0.9132734648143777,13_1,13,1,lamp,106.510726929,67.8572616577,4.70386219335,0,436.07456503,0.224906593561
UBFC_A1/Eval_On_COHFACE,COHFACE,old,COHFACE_s13_session1_lamp,6,65.0,66.0,correct,65.0,0.9999999999999999,66.0,0.9721495258465699,64.0,0.9077486126846049,66.0,0.9999999999999999,67.0,0.9900003886591058,65.0,0.9102216689710668,13_1,13,1,lamp,106.510726929,67.8572616577,4.70386219335,0,436.07456503,0.224906593561
UBFC_A1/Eval_On_COHFACE,COHFACE,old,COHFACE_s13_session1_lamp,7,66.0,66.0,correct,66.0,0.9999999999999999,67.0,0.9557798206761567,65.0,0.934948915274024,66.0,0.9999999999999999,67.0,0.9643761620113085,65.0,0.9414700597573068,13_1,13,1,lamp,106.510726929,67.8572616577,4.70386219335,0,436.07456503,0.224906593561
UBFC_A1/Eval_On_COHFACE,COHFACE,old,COHFACE_s13_session1_lamp,8,67.0,65.0,correct,67.0,0.9999999999999999,66.0,0.9513741483506182,68.0,0.9416629570751291,65.0,0.9999999999999999,64.0,0.9644400554001467,66.0,0.9445437861274232,13_1,13,1,lamp,106.510726929,67.8572616577,4.70386219335,0,436.07456503,0.224906593561
UBFC_A1/Eval_On_COHFACE,COHFACE,old,COHFACE_s13_session1_lamp,9,67.0,64.0,correct,67.0,0.9999999999999999,68.0,0.960208315199095,66.0,0.9302878799392179,64.0,0.9999999999999999,65.0,0.998474949809534,63.0,0.9150552615778623,13_1,13,1,lamp,106.510726929,67.8572616577,4.70386219335,0,436.07456503,0.224906593561
UBFC_A1/Eval_On_COHFACE,COHFACE,old,COHFACE_s13_session1_lamp,10,67.0,64.0,correct,67.0,0.9999999999999999,66.0,0.9680394857730862,68.0,0.9160903097577673,64.0,0.9999999999999998,63.0,0.9984971064573781,65.0,0.9413361851122202,13_1,13,1,lamp,106.510726929,67.8572616577,4.70386219335,0,436.07456503,0.224906593561
UBFC_A1/Eval_On_COHFACE,COHFACE,old,COHFACE_s13_session1_lamp,11,67.0,65.0,correct,67.0,0.9999999999999999,66.0,0.9799602283180994,68.0,0.9025236344703328,65.0,0.9999999999999999,66.0,0.9800595570732502,64.0,0.9060415106897395,13_1,13,1,lamp,106.510726929,67.8572616577,4.70386219335,0,436.07456503,0.224906593561
UBFC_A1/Eval_On_COHFACE,COHFACE,old,COHFACE_s13_session1_lamp,12,67.0,66.0,correct,67.0,0.9999999999999999,66.0,0.9974399550918709,68.0,0.8900891810875197,66.0,0.9999999999999999,65.0,0.9586068529852017,67.0,0.9284688915671355,13_1,13,1,lamp,106.510726929,67.8572616577,4.70386219335,0,436.07456503,0.224906593561
UBFC_A1/Eval_On_COHFACE,COHFACE,old,COHFACE_s13_session1_lamp,13,66.0,66.0,correct,66.0,0.9999999999999999,67.0,0.9753159893461842,65.0,0.9137134075354761,66.0,0.9999999999999999,67.0,0.9813193580381826,65.0,0.9064284008130874,13_1,13,1,lamp,106.510726929,67.8572616577,4.70386219335,0,436.07456503,0.224906593561
UBFC_A1/Eval_On_COHFACE,COHFACE,old,COHFACE_s13_session1_lamp,14,66.0,67.0,correct,66.0,0.9999999999999999,65.0,0.9443400053095303,67.0,0.9410511391010397,67.0,0.9999999999999999,68.0,0.9695640289803283,66.0,0.9274888378171765,13_1,13,1,lamp,106.510726929,67.8572616577,4.70386219335,0,436.07456503,0.224906593561
UBFC_A1/Eval_On_COHFACE,COHFACE,old,COHFACE_s13_session1_lamp,15,66.0,67.0,correct,66.0,0.9999999999999999,65.0,0.9644960630861948,67.0,0.9169740395365744,67.0,0.9999999999999999,68.0,0.9890538254325114,66.0,0.903766373227755,13_1,13,1,lamp,106.510726929,67.8572616577,4.70386219335,0,436.07456503,0.224906593561
UBFC_A1/Eval_On_COHFACE,COHFACE,old,COHFACE_s13_session1_lamp,16,66.0,67.0,correct,66.0,1.0,65.0,0.9688053252506593,67.0,0.913108516520198,67.0,0.9999999999999999,66.0,0.9957843341117697,68.0,0.9328285891280486,13_1,13,1,lamp,106.510726929,67.8572616577,4.70386219335,0,436.07456503,0.224906593561
UBFC_A1/Eval_On_COHFACE,COHFACE,old,COHFACE_s13_session1_lamp,17,66.0,67.0,correct,66.0,1.0,65.0,0.9808362035777579,67.0,0.9072717570629731,67.0,0.9999999999999999,66.0,0.967124972225761,68.0,0.9467530163626909,13_1,13,1,lamp,106.510726929,67.8572616577,4.70386219335,0,436.07456503,0.224906593561
UBFC_A1/Eval_On_COHFACE,COHFACE,old,COHFACE_s13_session1_lamp,18,65.0,65.0,correct,65.0,1.0,66.0,0.9890801961528985,64.0,0.9018543306865139,65.0,0.9999999999999999,64.0,0.9968927184916313,66.0,0.873375448833106,13_1,13,1,lamp,106.510726929,67.8572616577,4.70386219335,0,436.07456503,0.224906593561
UBFC_A1/Eval_On_COHFACE,COHFACE,old,COHFACE_s13_session1_lamp,19,65.0,65.0,correct,65.0,1.0,64.0,0.9541713654415089,66.0,0.9351849785395113,65.0,0.9999999999999998,64.0,0.9929583689708944,75.0,0.893347912325001,13_1,13,1,lamp,106.510726929,67.8572616577,4.70386219335,0,436.07456503,0.224906593561
UBFC_A1/Eval_On_COHFACE,COHFACE,old,COHFACE_s13_session1_lamp,20,64.0,76.0,large_error,64.0,1.0,65.0,0.9759783098717566,63.0,0.9161171496439673,76.0,0.9999999999999999,65.0,0.9788371475809119,66.0,0.9503913503786368,13_1,13,1,lamp,106.510726929,67.8572616577,4.70386219335,0,436.07456503,0.224906593561
UBFC_A1/Eval_On_COHFACE,COHFACE,old,COHFACE_s13_session1_lamp,21,64.0,63.0,correct,64.0,1.0,63.0,0.9702716662410423,65.0,0.9231982244488538,63.0,0.9999999999999998,61.99999999999999,0.9786796951581918,64.0,0.9715457774319695,13_1,13,1,lamp,106.510726929,67.8572616577,4.70386219335,0,436.07456503,0.224906593561
UBFC_A1/Eval_On_COHFACE,COHFACE,old,COHFACE_s13_session1_lamp,22,64.0,67.0,correct,64.0,1.0,63.0,0.9895207768491786,65.0,0.9067449438909307,67.0,0.9999999999999998,66.0,0.9641116278850659,68.0,0.9530416256299906,13_1,13,1,lamp,106.510726929,67.8572616577,4.70386219335,0,436.07456503,0.224906593561
UBFC_A1/Eval_On_COHFACE,COHFACE,old,COHFACE_s13_session1_lamp,23,64.0,66.0,correct,64.0,1.0,65.0,0.9965487663029506,63.0,0.9092783173768683,66.0,0.9999999999999998,67.0,0.9985189020656868,65.0,0.9340856145388019,13_1,13,1,lamp,106.510726929,67.8572616577,4.70386219335,0,436.07456503,0.224906593561
UBFC_A1/Eval_On_COHFACE,COHFACE,old,COHFACE_s13_session1_lamp,24,66.0,68.0,correct,66.0,0.9999999999999999,65.0,0.9745366938291877,67.0,0.9165273975130857,68.0,0.9999999999999998,67.0,0.9916425700440464,69.0,0.923942535981558,13_1,13,1,lamp,106.510726929,67.8572616577,4.70386219335,0,436.07456503,0.224906593561
UBFC_A1/Eval_On_COHFACE,COHFACE,old,COHFACE_s13_session1_lamp,25,66.0,67.0,correct,66.0,0.9999999999999999,67.0,0.9700772191281719,65.0,0.9204817070212086,67.0,0.9999999999999998,68.0,0.9665748268972542,66.0,0.9381313413206844,13_1,13,1,lamp,106.510726929,67.8572616577,4.70386219335,0,436.07456503,0.224906593561
UBFC_A1/Eval_On_COHFACE,COHFACE,old,COHFACE_s13_session1_lamp,26,67.0,61.0,large_error,67.0,0.9999999999999999,66.0,0.9693925647908725,68.0,0.9343154147821842,61.0,0.9999999999999998,44.0,0.9997127363056498,45.0,0.9911090695545879,13_1,13,1,lamp,106.510726929,67.8572616577,4.70386219335,0,436.07456503,0.224906593561
UBFC_A1/Eval_On_COHFACE,COHFACE,old,COHFACE_s13_session1_lamp,27,67.0,61.0,large_error,67.0,0.9999999999999998,68.0,0.9632261442607144,66.0,0.9515598744428211,61.0,0.9999999999999996,49.0,0.9993020429575331,50.0,0.9753535762552212,13_1,13,1,lamp,106.510726929,67.8572616577,4.70386219335,0,436.07456503,0.224906593561
UBFC_A1/Eval_On_COHFACE,COHFACE,old,COHFACE_s13_session1_lamp,28,66.0,61.99999999999999,large_error,66.0,0.9999999999999999,67.0,0.9969634338341576,68.0,0.9225819500668874,61.99999999999999,0.9999999999999998,61.0,0.9294448232592059,63.0,0.9207642685432154,13_1,13,1,lamp,106.510726929,67.8572616577,4.70386219335,0,436.07456503,0.224906593561
UBFC_A1/Eval_On_COHFACE,COHFACE,old,COHFACE_s13_session1_lamp,29,65.0,76.0,large_error,65.0,0.9999999999999999,66.0,0.9662001592360024,64.0,0.9437991843196845,76.0,0.9999999999999998,77.0,0.9391874051907512,75.0,0.9210163996954972,13_1,13,1,lamp,106.510726929,67.8572616577,4.70386219335,0,436.07456503,0.224906593561
UBFC_A1/Eval_On_COHFACE,COHFACE,old,COHFACE_s13_session1_lamp,30,64.0,40.0,large_error,64.0,0.9999999999999999,65.0,0.9721271446540719,63.0,0.9303462377101044,40.0,0.9999999999999998,41.0,0.9297078067423241,42.0,0.7536247832178475,13_1,13,1,lamp,106.510726929,67.8572616577,4.70386219335,0,436.07456503,0.224906593561
UBFC_A1/Eval_On_COHFACE,COHFACE,old,COHFACE_s13_session1_lamp,31,64.0,40.0,large_error,64.0,0.9999999999999998,65.0,0.9765898135883113,63.0,0.9198882520970435,40.0,0.9999999999999998,41.0,0.9749203222336003,42.0,0.8420537227602886,13_1,13,1,lamp,106.510726929,67.8572616577,4.70386219335,0,436.07456503,0.224906593561
UBFC_A1/Eval_On_COHFACE,COHFACE,old,COHFACE_s13_session1_lamp,32,65.0,69.0,large_error,65.0,0.9999999999999996,66.0,0.9553409842921831,64.0,0.9307324990554746,69.0,0.9999999999999998,68.0,0.9883618685423303,70.0,0.89186814313034,13_1,13,1,lamp,106.510726929,67.8572616577,4.70386219335,0,436.07456503,0.224906593561
UBFC_A1/Eval_On_COHFACE,COHFACE,old,COHFACE_s13_session1_lamp,33,66.0,44.0,large_error,66.0,0.9999999999999993,65.0,0.9516994071616144,67.0,0.9371820183182117,44.0,0.9999999999999998,43.0,0.9865864692636813,45.0,0.959542959197653,13_1,13,1,lamp,106.510726929,67.8572616577,4.70386219335,0,436.07456503,0.224906593561
UBFC_A1/Eval_On_COHFACE,COHFACE,old,COHFACE_s13_session1_lamp,34,67.0,69.0,correct,67.0,0.9999999999999993,66.0,0.9716948264441861,68.0,0.9045891809376051,69.0,0.9999999999999998,70.0,0.9925323739200677,68.0,0.9267980813133597,13_1,13,1,lamp,106.510726929,67.8572616577,4.70386219335,0,436.07456503,0.224906593561
UBFC_A1/Eval_On_COHFACE,COHFACE,old,COHFACE_s13_session1_lamp,35,67.0,43.0,large_error,67.0,0.9999999999999996,66.0,0.9522407383847677,68.0,0.9123859443111478,43.0,0.9999999999999998,44.0,0.986522937123435,42.0,0.9046913713936927,13_1,13,1,lamp,106.510726929,67.8572616577,4.70386219335,0,436.07456503,0.224906593561
UBFC_A1/Eval_On_COHFACE,COHFACE,old,COHFACE_s13_session1_lamp,36,67.0,68.0,correct,67.0,0.9999999999999997,66.0,0.9731246166163792,68.0,0.891954103502275,68.0,0.9999999999999998,67.0,0.968428267188746,69.0,0.9574547841270376,13_1,13,1,lamp,106.510726929,67.8572616577,4.70386219335,0,436.07456503,0.224906593561
UBFC_A1/Eval_On_COHFACE,COHFACE,old,COHFACE_s13_session1_lamp,37,66.0,67.0,correct,66.0,0.9999999999999997,67.0,0.9995711801077355,65.0,0.8816573458673281,67.0,0.9999999999999999,68.0,0.9914483867124674,66.0,0.9210526009259579,13_1,13,1,lamp,106.510726929,67.8572616577,4.70386219335,0,436.07456503,0.224906593561
UBFC_A1/Eval_On_COHFACE,COHFACE,old,COHFACE_s13_session1_lamp,38,67.0,67.0,correct,67.0,0.9999999999999998,66.0,0.981059916832583,68.0,0.9098484296752949,67.0,0.9999999999999998,66.0,0.9785318157821016,68.0,0.946218538012072,13_1,13,1,lamp,106.510726929,67.8572616577,4.70386219335,0,436.07456503,0.224906593561
UBFC_A1/Eval_On_COHFACE,COHFACE,old,COHFACE_s13_session1_lamp,39,67.0,40.0,large_error,67.0,0.9999999999999998,68.0,0.952808295238332,66.0,0.949205040455339,40.0,0.9999999999999993,64.0,0.8532797533696865,81.0,0.8086476233080254,13_1,13,1,lamp,106.510726929,67.8572616577,4.70386219335,0,436.07456503,0.224906593561
UBFC_A1/Eval_On_COHFACE,COHFACE,old,COHFACE_s13_session1_lamp,40,67.0,81.0,large_error,67.0,0.9999999999999998,66.0,0.9541043429662885,68.0,0.9531748587272163,81.0,0.9999999999999992,80.0,0.941000267893746,82.0,0.912727134313949,13_1,13,1,lamp,106.510726929,67.8572616577,4.70386219335,0,436.07456503,0.224906593561
UBFC_A1/Eval_On_COHFACE,COHFACE,old,COHFACE_s13_session1_lamp,41,67.0,42.0,large_error,67.0,0.9999999999999999,66.0,0.9534580928829433,68.0,0.9458207546138857,42.0,0.9999999999999998,43.0,0.9663064106242881,41.0,0.9212559936168647,13_1,13,1,lamp,106.510726929,67.8572616577,4.70386219335,0,436.07456503,0.224906593561
UBFC_A1/Eval_On_COHFACE,COHFACE,old,COHFACE_s13_session1_lamp,42,67.0,42.0,large_error,67.0,0.9999999999999998,68.0,0.989641967463835,66.0,0.9051405513259658,42.0,0.9999999999999997,43.0,0.9854993847308122,41.0,0.9601833124816563,13_1,13,1,lamp,106.510726929,67.8572616577,4.70386219335,0,436.07456503,0.224906593561
UBFC_A1/Eval_On_COHFACE,COHFACE,old,COHFACE_s13_session1_lamp,43,68.0,81.0,large_error,68.0,0.9999999999999999,67.0,0.991985311588528,69.0,0.8989153865516288,81.0,0.9999999999999996,80.0,0.9977336461017776,43.0,0.9966002453038267,13_1,13,1,lamp,106.510726929,67.8572616577,4.70386219335,0,436.07456503,0.224906593561
UBFC_A1/Eval_On_COHFACE,COHFACE,old,COHFACE_s13_session1_lamp,44,67.0,43.0,large_error,67.0,0.9999999999999999,68.0,0.9902560312979916,66.0,0.9009792130648168,43.0,0.9999999999999998,42.0,0.9626902214095675,44.0,0.9429943355377696,13_1,13,1,lamp,106.510726929,67.8572616577,4.70386219335,0,436.07456503,0.224906593561
UBFC_A1/Eval_On_COHFACE,COHFACE,old,COHFACE_s13_session1_lamp,45,67.0,40.0,large_error,67.0,0.9999999999999999,68.0,0.9525573651220801,66.0,0.9385706313559288,40.0,0.9999999999999997,80.0,0.9058729763113399,79.0,0.8731204560410909,13_1,13,1,lamp,106.510726929,67.8572616577,4.70386219335,0,436.07456503,0.224906593561
UBFC_A1/Eval_On_COHFACE,COHFACE,old,COHFACE_s13_session1_lamp,46,67.0,68.0,correct,67.0,1.0,66.0,0.9804563505356428,68.0,0.9120209251533101,68.0,0.9999999999999998,67.0,0.981337772036156,69.0,0.8874504751023355,13_1,13,1,lamp,106.510726929,67.8572616577,4.70386219335,0,436.07456503,0.224906593561
UBFC_A1/Eval_On_COHFACE,COHFACE,old,COHFACE_s13_session1_lamp,47,66.0,66.0,correct,66.0,1.0,67.0,0.9730393044499631,65.0,0.9235950861084012,66.0,0.9999999999999999,67.0,0.9510187346924498,65.0,0.9190024158722229,13_1,13,1,lamp,106.510726929,67.8572616577,4.70386219335,0,436.07456503,0.224906593561
UBFC_A1/Eval_On_COHFACE,COHFACE,old,COHFACE_s13_session1_lamp,48,66.0,55.0,large_error,66.0,1.0,65.0,0.9510049841733975,67.0,0.9428611754340995,55.0,0.9999999999999997,65.0,0.9584350475819964,54.0,0.9519308914449467,13_1,13,1,lamp,106.510726929,67.8572616577,4.70386219335,0,436.07456503,0.224906593561
UBFC_A1/Eval_On_COHFACE,COHFACE,old,COHFACE_s13_session1_lamp,49,66.0,65.0,correct,66.0,1.0,65.0,0.9434444178561288,67.0,0.9408820458381248,65.0,0.9999999999999997,66.0,0.9826804329840938,82.0,0.980875153681375,13_1,13,1,lamp,106.510726929,67.8572616577,4.70386219335,0,436.07456503,0.224906593561
UBFC_A1/Eval_On_COHFACE,COHFACE,old,COHFACE_s13_session1_lamp,50,66.0,67.0,correct,66.0,1.0,67.0,0.961883197881538,65.0,0.9164447699828565,67.0,0.9999999999999998,68.0,0.9897785599958607,51.0,0.9359196493007573,13_1,13,1,lamp,106.510726929,67.8572616577,4.70386219335,0,436.07456503,0.224906593561
UBFC_A1/Eval_On_COHFACE,COHFACE,old,COHFACE_s13_session2_natural,0,64.0,51.0,large_error,64.0,0.9999999999999999,63.0,0.9628748486221417,65.0,0.9004763661173502,51.0,0.9999999999999996,52.0,0.9993189901425853,50.0,0.9772809950777257,13_2,13,2,natural,109.732002258,75.1510238647,9.10336411651,0.347370503416,620.403280246,0.217493340373
UBFC_A1/Eval_On_COHFACE,COHFACE,old,COHFACE_s13_session2_natural,1,63.0,85.0,super_harmonic_1p5x,63.0,0.9999999999999999,61.99999999999999,0.9796598111184794,64.0,0.9171232817391329,85.0,0.9999999999999993,86.0,0.9970955197042128,43.0,0.9452447464581812,13_2,13,2,natural,109.732002258,75.1510238647,9.10336411651,0.347370503416,620.403280246,0.217493340373
UBFC_A1/Eval_On_COHFACE,COHFACE,old,COHFACE_s13_session2_natural,2,61.99999999999999,60.0,correct,61.99999999999999,0.9999999999999998,63.0,0.9669392385218814,61.0,0.9165277044246383,60.0,0.9999999999999998,59.0,0.9795063886912704,61.0,0.8654516440398522,13_2,13,2,natural,109.732002258,75.1510238647,9.10336411651,0.347370503416,620.403280246,0.217493340373
UBFC_A1/Eval_On_COHFACE,COHFACE,old,COHFACE_s13_session2_natural,3,63.0,61.0,correct,63.0,0.9999999999999998,61.99999999999999,0.9815830338004328,64.0,0.8989912509780157,61.0,0.9999999999999998,60.0,0.9802949630817173,61.99999999999999,0.938702365208464,13_2,13,2,natural,109.732002258,75.1510238647,9.10336411651,0.347370503416,620.403280246,0.217493340373
UBFC_A1/Eval_On_COHFACE,COHFACE,old,COHFACE_s13_session2_natural,4,64.0,66.0,correct,64.0,0.9999999999999999,65.0,0.9498833380417306,63.0,0.9403004583068311,66.0,0.9999999999999998,67.0,0.9725348235526667,65.0,0.9511884815874249,13_2,13,2,natural,109.732002258,75.1510238647,9.10336411651,0.347370503416,620.403280246,0.217493340373
UBFC_A1/Eval_On_COHFACE,COHFACE,old,COHFACE_s13_session2_natural,5,66.0,65.0,correct,66.0,0.9999999999999999,65.0,0.9955581418166036,67.0,0.9047324442783653,65.0,0.9999999999999998,66.0,0.9940907632265837,64.0,0.9396138794785635,13_2,13,2,natural,109.732002258,75.1510238647,9.10336411651,0.347370503416,620.403280246,0.217493340373
UBFC_A1/Eval_On_COHFACE,COHFACE,old,COHFACE_s13_session2_natural,6,66.0,66.0,correct,66.0,0.9999999999999999,67.0,0.9924174383150798,65.0,0.8981980611260261,66.0,0.9999999999999999,65.0,0.9693132668533936,67.0,0.9070847168720041,13_2,13,2,natural,109.732002258,75.1510238647,9.10336411651,0.347370503416,620.403280246,0.217493340373
UBFC_A1/Eval_On_COHFACE,COHFACE,old,COHFACE_s13_session2_natural,7,66.0,66.0,correct,66.0,0.9999999999999998,67.0,0.9969043289824338,65.0,0.8835686304590028,66.0,0.9999999999999998,67.0,0.999359210725022,68.0,0.8626171400028442,13_2,13,2,natural,109.732002258,75.1510238647,9.10336411651,0.347370503416,620.403280246,0.217493340373
UBFC_A1/Eval_On_COHFACE,COHFACE,old,COHFACE_s13_session2_natural,8,67.0,67.0,correct,67.0,0.9999999999999998,66.0,0.9493115907068744,68.0,0.934941107349425,67.0,0.9999999999999999,68.0,0.9593957584260399,66.0,0.9223709855323792,13_2,13,2,natural,109.732002258,75.1510238647,9.10336411651,0.347370503416,620.403280246,0.217493340373
UBFC_A1/Eval_On_COHFACE,COHFACE,old,COHFACE_s13_session2_natural,9,68.0,70.0,correct,68.0,0.9999999999999998,67.0,0.9555044518226417,69.0,0.9339889253857672,70.0,0.9999999999999993,69.0,0.9936216145718193,71.0,0.9044527385929372,13_2,13,2,natural,109.732002258,75.1510238647,9.10336411651,0.347370503416,620.403280246,0.217493340373
UBFC_A1/Eval_On_COHFACE,COHFACE,old,COHFACE_s13_session2_natural,10,69.0,69.0,correct,69.0,0.9999999999999999,68.0,0.9739493344695765,70.0,0.916457836631731,69.0,0.9999999999999994,68.0,0.9793756450325058,70.0,0.9375185626626048,13_2,13,2,natural,109.732002258,75.1510238647,9.10336411651,0.347370503416,620.403280246,0.217493340373
UBFC_A1/Eval_On_COHFACE,COHFACE,old,COHFACE_s13_session2_natural,11,69.0,53.0,large_error,69.0,0.9999999999999998,70.0,0.9758648121812978,68.0,0.9132516535463361,53.0,0.9999999999999996,52.0,0.9927952992069173,54.0,0.9267069897430175,13_2,13,2,natural,109.732002258,75.1510238647,9.10336411651,0.347370503416,620.403280246,0.217493340373
UBFC_A1/Eval_On_COHFACE,COHFACE,old,COHFACE_s13_session2_natural,12,69.0,70.0,correct,69.0,0.9999999999999998,70.0,0.9925304308465202,68.0,0.8906098329299704,70.0,0.9999999999999997,69.0,0.9745853514230689,71.0,0.9502187747047026,13_2,13,2,natural,109.732002258,75.1510238647,9.10336411651,0.347370503416,620.403280246,0.217493340373
UBFC_A1/Eval_On_COHFACE,COHFACE,old,COHFACE_s13_session2_natural,13,69.0,71.0,correct,69.0,0.9999999999999998,70.0,0.9865201432719081,68.0,0.8923428905921129,71.0,0.9999999999999992,70.0,0.9978431298717051,72.0,0.9442697129057189,13_2,13,2,natural,109.732002258,75.1510238647,9.10336411651,0.347370503416,620.403280246,0.217493340373
UBFC_A1/Eval_On_COHFACE,COHFACE,old,COHFACE_s13_session2_natural,14,69.0,69.0,correct,69.0,0.9999999999999998,70.0,0.9493949191003523,68.0,0.9358112777608474,69.0,0.9999999999999997,43.0,0.9858597840678436,68.0,0.9462566332530792,13_2,13,2,natural,109.732002258,75.1510238647,9.10336411651,0.347370503416,620.403280246,0.217493340373
UBFC_A1/Eval_On_COHFACE,COHFACE,old,COHFACE_s13_session2_natural,15,69.0,70.0,correct,69.0,0.9999999999999998,68.0,0.9582791030593725,70.0,0.9318554014645117,70.0,0.9999999999999992,69.0,0.9464471644432868,71.0,0.9085468138760825,13_2,13,2,natural,109.732002258,75.1510238647,9.10336411651,0.347370503416,620.403280246,0.217493340373
UBFC_A1/Eval_On_COHFACE,COHFACE,old,COHFACE_s13_session2_natural,16,69.0,70.0,correct,69.0,0.9999999999999999,68.0,0.9650642023862321,70.0,0.9205573510156441,70.0,0.9999999999999994,71.0,0.9908313959708187,69.0,0.8689659955584044,13_2,13,2,natural,109.732002258,75.1510238647,9.10336411651,0.347370503416,620.403280246,0.217493340373
UBFC_A1/Eval_On_COHFACE,COHFACE,old,COHFACE_s13_session2_natural,17,69.0,44.0,large_error,69.0,0.9999999999999999,70.0,0.9717791441737784,68.0,0.9180005493433004,44.0,0.9999999999999997,43.0,0.9948953491786563,45.0,0.8946841381236225,13_2,13,2,natural,109.732002258,75.1510238647,9.10336411651,0.347370503416,620.403280246,0.217493340373
UBFC_A1/Eval_On_COHFACE,COHFACE,old,COHFACE_s13_session2_natural,18,70.0,44.0,large_error,70.0,0.9999999999999999,71.0,0.9456868290984397,69.0,0.9381017898275209,44.0,0.9999999999999998,43.0,0.9844972933471919,45.0,0.9502709475790072,13_2,13,2,natural,109.732002258,75.1510238647,9.10336411651,0.347370503416,620.403280246,0.217493340373
UBFC_A1/Eval_On_COHFACE,COHFACE,old,COHFACE_s13_session2_natural,19,70.0,67.0,correct,70.0,0.9999999999999999,71.0,0.9971903389939402,69.0,0.8819054827368555,67.0,0.9999999999999994,66.0,0.9721930278153873,68.0,0.9368066168048403,13_2,13,2,natural,109.732002258,75.1510238647,9.10336411651,0.347370503416,620.403280246,0.217493340373
UBFC_A1/Eval_On_COHFACE,COHFACE,old,COHFACE_s13_session2_natural,20,71.0,68.0,correct,71.0,1.0,70.0,0.9913319856302681,72.0,0.8950150668295832,68.0,0.9999999999999998,67.0,0.9750823670197574,69.0,0.906165277923525,13_2,13,2,natural,109.732002258,75.1510238647,9.10336411651,0.347370503416,620.403280246,0.217493340373
UBFC_A1/Eval_On_COHFACE,COHFACE,old,COHFACE_s13_session2_natural,21,70.0,40.0,sub_harmonic_half,70.0,1.0,71.0,0.9727892458168268,69.0,0.917093443377861,40.0,0.999999999999999,70.0,0.8027828167277165,71.0,0.7895847902129005,13_2,13,2,natural,109.732002258,75.1510238647,9.10336411651,0.347370503416,620.403280246,0.217493340373
UBFC_A1/Eval_On_COHFACE,COHFACE,old,COHFACE_s13_session2_natural,22,69.0,53.0,large_error,69.0,1.0,70.0,0.984940608951764,68.0,0.9060162041532319,53.0,0.9999999999999998,54.0,0.9910375512342228,52.0,0.8702960904657382,13_2,13,2,natural,109.732002258,75.1510238647,9.10336411651,0.347370503416,620.403280246,0.217493340373
UBFC_A1/Eval_On_COHFACE,COHFACE,old,COHFACE_s13_session2_natural,23,69.0,54.0,large_error,69.0,1.0,68.0,0.9591218737863056,70.0,0.9370335279101877,54.0,0.9999999999999999,55.0,0.9994280088045221,56.0,0.8741376931087262,13_2,13,2,natural,109.732002258,75.1510238647,9.10336411651,0.347370503416,620.403280246,0.217493340373
UBFC_A1/Eval_On_COHFACE,COHFACE,old,COHFACE_s13_session2_natural,24,69.0,66.0,correct,69.0,1.0,68.0,0.9819222974598235,70.0,0.9137298816376479,66.0,0.9999999999999998,67.0,0.9766792571874261,65.0,0.9575236446498079,13_2,13,2,natural,109.732002258,75.1510238647,9.10336411651,0.347370503416,620.403280246,0.217493340373
UBFC_A1/Eval_On_COHFACE,COHFACE,old,COHFACE_s13_session2_natural,25,69.0,66.0,correct,69.0,1.0,68.0,0.9779079294791263,70.0,0.9091734092677283,66.0,0.9999999999999998,67.0,0.9774999525036082,65.0,0.9511326996054712,13_2,13,2,natural,109.732002258,75.1510238647,9.10336411651,0.347370503416,620.403280246,0.217493340373
UBFC_A1/Eval_On_COHFACE,COHFACE,old,COHFACE_s13_session2_natural,26,69.0,68.0,correct,69.0,1.0,68.0,0.9860246122272678,70.0,0.8988420132952999,68.0,0.9999999999999998,67.0,0.9496945198333463,69.0,0.9364523027421864,13_2,13,2,natural,109.732002258,75.1510238647,9.10336411651,0.347370503416,620.403280246,0.217493340373
UBFC_A1/Eval_On_COHFACE,COHFACE,old,COHFACE_s13_session2_natural,27,68.0,68.0,correct,68.0,1.0,69.0,0.9836356152140189,67.0,0.9037250685900375,68.0,0.9999999999999999,67.0,0.9750977831506473,69.0,0.9269355775729151,13_2,13,2,natural,109.732002258,75.1510238647,9.10336411651,0.347370503416,620.403280246,0.217493340373
UBFC_A1/Eval_On_COHFACE,COHFACE,old,COHFACE_s13_session2_natural,28,69.0,67.0,correct,69.0,1.0,68.0,0.9946917209963645,70.0,0.8943384854065289,67.0,0.9999999999999999,68.0,0.9717114247202343,66.0,0.9175703603553804,13_2,13,2,natural,109.732002258,75.1510238647,9.10336411651,0.347370503416,620.403280246,0.217493340373
UBFC_A1/Eval_On_COHFACE,COHFACE,old,COHFACE_s13_session2_natural,29,69.0,68.0,correct,69.0,1.0,68.0,0.9750251191967373,70.0,0.9134369827375819,68.0,0.9999999999999998,67.0,0.9631913307931751,69.0,0.9293584901749792,13_2,13,2,natural,109.732002258,75.1510238647,9.10336411651,0.347370503416,620.403280246,0.217493340373
UBFC_A1/Eval_On_COHFACE,COHFACE,old,COHFACE_s13_session2_natural,30,68.0,68.0,correct,68.0,1.0,69.0,0.9943071224552273,67.0,0.8994371528160156,68.0,0.9999999999999999,67.0,0.9481141120836827,69.0,0.9291776681650081,13_2,13,2,natural,109.732002258,75.1510238647,9.10336411651,0.347370503416,620.403280246,0.217493340373
UBFC_A1/Eval_On_COHFACE,COHFACE,old,COHFACE_s13_session2_natural,31,68.0,67.0,correct,68.0,1.0,69.0,0.9566272188711789,67.0,0.9325359721975706,67.0,0.9999999999999999,68.0,0.9655949427058942,66.0,0.9429615557743725,13_2,13,2,natural,109.732002258,75.1510238647,9.10336411651,0.347370503416,620.403280246,0.217493340373
UBFC_A1/Eval_On_COHFACE,COHFACE,old,COHFACE_s13_session2_natural,32,68.0,67.0,correct,68.0,1.0,67.0,0.9465392642811664,69.0,0.9373591914676727,67.0,0.9999999999999999,66.0,0.9810724609142866,68.0,0.9254612689140388,13_2,13,2,natural,109.732002258,75.1510238647,9.10336411651,0.347370503416,620.403280246,0.217493340373
UBFC_A1/Eval_On_COHFACE,COHFACE,old,COHFACE_s13_session2_natural,33,68.0,67.0,correct,68.0,1.0,67.0,0.9630582093474045,69.0,0.921936531573681,67.0,0.9999999999999999,68.0,0.9729582102677806,66.0,0.9103337631699665,13_2,13,2,natural,109.732002258,75.1510238647,9.10336411651,0.347370503416,620.403280246,0.217493340373
UBFC_A1/Eval_On_COHFACE,COHFACE,old,COHFACE_s13_session2_natural,34,68.0,67.0,correct,68.0,1.0,67.0,0.9937619754981466,69.0,0.8943687925661667,67.0,0.9999999999999999,68.0,0.9637086629234523,66.0,0.9157174637253421,13_2,13,2,natural,109.732002258,75.1510238647,9.10336411651,0.347370503416,620.403280246,0.217493340373
UBFC_A1/Eval_On_COHFACE,COHFACE,old,COHFACE_s13_session2_natural,35,68.0,68.0,correct,68.0,1.0,67.0,0.9849313837906662,69.0,0.8992433199757056,68.0,0.9999999999999999,67.0,0.9870893948972392,69.0,0.9040098158971643,13_2,13,2,natural,109.732002258,75.1510238647,9.10336411651,0.347370503416,620.403280246,0.217493340373
UBFC_A1/Eval_On_COHFACE,COHFACE,old,COHFACE_s13_session2_natural,36,68.0,68.0,correct,68.0,1.0,69.0,0.9545704912918048,67.0,0.9245248550933766,68.0,0.9999999999999998,69.0,0.9541715204411474,67.0,0.952681395278822,13_2,13,2,natural,109.732002258,75.1510238647,9.10336411651,0.347370503416,620.403280246,0.217493340373
UBFC_A1/Eval_On_COHFACE,COHFACE,old,COHFACE_s13_session2_natural,37,68.0,68.0,correct,68.0,1.0,69.0,0.9635867920867843,67.0,0.9159941281449613,68.0,0.9999999999999999,67.0,0.9347717514915178,69.0,0.9346439435094278,13_2,13,2,natural,109.732002258,75.1510238647,9.10336411651,0.347370503416,620.403280246,0.217493340373
UBFC_A1/Eval_On_COHFACE,COHFACE,old,COHFACE_s13_session2_natural,38,68.0,53.0,large_error,68.0,1.0,69.0,0.9470987005357032,67.0,0.935351138859591,53.0,0.9999999999999998,54.0,0.9758659384459947,52.0,0.9261268299257228,13_2,13,2,natural,109.732002258,75.1510238647,9.10336411651,0.347370503416,620.403280246,0.217493340373
UBFC_A1/Eval_On_COHFACE,COHFACE,old,COHFACE_s13_session2_natural,39,68.0,66.0,correct,68.0,1.0,67.0,0.9551937797192361,69.0,0.928813699880766,66.0,0.9999999999999999,67.0,0.9826881041999225,65.0,0.9012429633379526,13_2,13,2,natural,109.732002258,75.1510238647,9.10336411651,0.347370503416,620.403280246,0.217493340373
UBFC_A1/Eval_On_COHFACE,COHFACE,old,COHFACE_s13_session2_natural,40,68.0,67.0,correct,68.0,1.0,67.0,0.9769216186890899,69.0,0.9106717999145735,67.0,0.9999999999999999,66.0,0.9739505264123639,68.0,0.9192944646997206,13_2,13,2,natural,109.732002258,75.1510238647,9.10336411651,0.347370503416,620.403280246,0.217493340373
UBFC_A1/Eval_On_COHFACE,COHFACE,old,COHFACE_s13_session2_natural,41,67.0,67.0,correct,67.0,1.0,68.0,0.9548895785283096,66.0,0.9328823779711566,67.0,0.9999999999999999,68.0,0.9676813242455258,66.0,0.9369117221668276,13_2,13,2,natural,109.732002258,75.1510238647,9.10336411651,0.347370503416,620.403280246,0.217493340373
UBFC_A1/Eval_On_COHFACE,COHFACE,old,COHFACE_s13_session2_natural,42,66.0,67.0,correct,66.0,1.0,67.0,0.9991091458328077,65.0,0.8874498979205312,67.0,0.9999999999999999,66.0,0.9662452367865314,68.0,0.9576479595803525,13_2,13,2,natural,109.732002258,75.1510238647,9.10336411651,0.347370503416,620.403280246,0.217493340373
UBFC_A1/Eval_On_COHFACE,COHFACE,old,COHFACE_s13_session2_natural,43,66.0,67.0,correct,66.0,1.0,67.0,0.9683969205374441,65.0,0.9181582332762163,67.0,0.9999999999999998,66.0,0.9776788091587493,68.0,0.8995216206995155,13_2,13,2,natural,109.732002258,75.1510238647,9.10336411651,0.347370503416,620.403280246,0.217493340373
UBFC_A1/Eval_On_COHFACE,COHFACE,old,COHFACE_s13_session2_natural,44,67.0,67.0,correct,67.0,1.0,66.0,0.9693542567694948,68.0,0.9246735167451001,67.0,0.9999999999999999,68.0,0.9402364969790282,66.0,0.9362705050481984,13_2,13,2,natural,109.732002258,75.1510238647,9.10336411651,0.347370503416,620.403280246,0.217493340373
UBFC_A1/Eval_On_COHFACE,COHFACE,old,COHFACE_s13_session2_natural,45,67.0,68.0,correct,67.0,1.0,68.0,0.9922132634531718,66.0,0.9074659064644438,68.0,0.9999999999999999,67.0,0.9970674426193608,69.0,0.8861375485729066,13_2,13,2,natural,109.732002258,75.1510238647,9.10336411651,0.347370503416,620.403280246,0.217493340373
UBFC_A1/Eval_On_COHFACE,COHFACE,old,COHFACE_s13_session2_natural,46,68.0,68.0,correct,68.0,1.0,69.0,0.9523711571306852,67.0,0.9404654278852844,68.0,0.9999999999999998,67.0,0.9816901524640829,69.0,0.9131612765618798,13_2,13,2,natural,109.732002258,75.1510238647,9.10336411651,0.347370503416,620.403280246,0.217493340373
UBFC_A1/Eval_On_COHFACE,COHFACE,old,COHFACE_s13_session2_natural,47,69.0,59.0,large_error,69.0,1.0,68.0,0.984958869934536,70.0,0.9049334445054509,59.0,0.9999999999999998,58.0,0.9551611166781777,60.0,0.9371270860544931,13_2,13,2,natural,109.732002258,75.1510238647,9.10336411651,0.347370503416,620.403280246,0.217493340373
UBFC_A1/Eval_On_COHFACE,COHFACE,old,COHFACE_s13_session2_natural,48,69.0,43.0,large_error,69.0,1.0,68.0,0.9531459076802955,70.0,0.9293305624777987,43.0,0.9999999999999998,42.0,0.9836441098017149,44.0,0.9553300870945418,13_2,13,2,natural,109.732002258,75.1510238647,9.10336411651,0.347370503416,620.403280246,0.217493340373
UBFC_A1/Eval_On_COHFACE,COHFACE,old,COHFACE_s13_session2_natural,49,69.0,43.0,large_error,69.0,1.0,68.0,0.991149599293792,70.0,0.8941925819111998,43.0,0.9999999999999998,44.0,0.9599063783492695,42.0,0.9273002634858767,13_2,13,2,natural,109.732002258,75.1510238647,9.10336411651,0.347370503416,620.403280246,0.217493340373
UBFC_A1/Eval_On_COHFACE,COHFACE,old,COHFACE_s13_session2_natural,50,68.0,75.0,large_error,68.0,1.0,67.0,0.9505490709322492,69.0,0.93754684766376,75.0,0.9999999999999998,76.0,0.9616360103895405,74.0,0.9332317563422847,13_2,13,2,natural,109.732002258,75.1510238647,9.10336411651,0.347370503416,620.403280246,0.217493340373
UBFC_A1/Eval_On_COHFACE,COHFACE,old,COHFACE_s13_session3_natural,0,71.0,76.0,large_error,71.0,0.9999999999999998,70.0,0.9653631893510117,72.0,0.8480883624956889,76.0,0.9999999999999999,77.0,0.9679489941046081,75.0,0.955571849863182,13_3,13,3,natural,103.502372742,74.2231674194,12.5564624898,0.0299807868485,456.900207478,0.214032277465
UBFC_A1/Eval_On_COHFACE,COHFACE,old,COHFACE_s13_session3_natural,1,69.0,77.0,large_error,69.0,0.9999999999999996,68.0,0.9989646733911123,67.0,0.9774025737287277,77.0,0.9999999999999999,76.0,0.98630101149781,78.0,0.9437451327379298,13_3,13,3,natural,103.502372742,74.2231674194,12.5564624898,0.0299807868485,456.900207478,0.214032277465
UBFC_A1/Eval_On_COHFACE,COHFACE,old,COHFACE_s13_session3_natural,2,68.0,59.0,large_error,68.0,0.9999999999999998,69.0,0.9786737498309944,67.0,0.9406938925863125,59.0,0.9999999999999998,60.0,0.9642118882668461,58.0,0.892792918913471,13_3,13,3,natural,103.502372742,74.2231674194,12.5564624898,0.0299807868485,456.900207478,0.214032277465
UBFC_A1/Eval_On_COHFACE,COHFACE,old,COHFACE_s13_session3_natural,3,68.0,81.0,large_error,68.0,0.9999999999999999,69.0,0.9717362266590669,67.0,0.9230068708327765,81.0,0.9999999999999999,82.0,0.9649415203558036,80.0,0.9265958652170205,13_3,13,3,natural,103.502372742,74.2231674194,12.5564624898,0.0299807868485,456.900207478,0.214032277465
UBFC_A1/Eval_On_COHFACE,COHFACE,old,COHFACE_s13_session3_natural,4,68.0,46.0,large_error,68.0,0.9999999999999999,69.0,0.9953111468495193,67.0,0.8956288138710546,46.0,0.9999999999999999,47.0,0.9497431925639614,45.0,0.9443242070313639,13_3,13,3,natural,103.502372742,74.2231674194,12.5564624898,0.0299807868485,456.900207478,0.214032277465
UBFC_A1/Eval_On_COHFACE,COHFACE,old,COHFACE_s13_session3_natural,5,69.0,46.0,large_error,69.0,0.9999999999999999,70.0,0.9581690173801245,68.0,0.9290000946640002,46.0,0.9999999999999998,45.0,0.9782105078268767,47.0,0.9132180898812282,13_3,13,3,natural,103.502372742,74.2231674194,12.5564624898,0.0299807868485,456.900207478,0.214032277465
UBFC_A1/Eval_On_COHFACE,COHFACE,old,COHFACE_s13_session3_natural,6,70.0,53.0,large_error,70.0,0.9999999999999998,69.0,0.957724939259538,71.0,0.9307034571435584,53.0,0.9999999999999997,52.0,0.9721318758316293,54.0,0.9652893861603502,13_3,13,3,natural,103.502372742,74.2231674194,12.5564624898,0.0299807868485,456.900207478,0.214032277465
UBFC_A1/Eval_On_COHFACE,COHFACE,old,COHFACE_s13_session3_natural,7,70.0,50.0,large_error,70.0,0.9999999999999999,71.0,0.9858710999893117,69.0,0.9057168008125956,50.0,0.9999999999999998,51.0,0.9916976023632292,49.0,0.9246425168310541,13_3,13,3,natural,103.502372742,74.2231674194,12.5564624898,0.0299807868485,456.900207478,0.214032277465
UBFC_A1/Eval_On_COHFACE,COHFACE,old,COHFACE_s13_session3_natural,8,70.0,51.0,large_error,70.0,0.9999999999999999,71.0,0.9695838424472305,69.0,0.9212208037137041,51.0,0.9999999999999999,52.0,0.9533389434902566,50.0,0.9238367303254549,13_3,13,3,natural,103.502372742,74.2231674194,12.5564624898,0.0299807868485,456.900207478,0.214032277465
UBFC_A1/Eval_On_COHFACE,COHFACE,old,COHFACE_s13_session3_natural,9,70.0,47.0,large_error,70.0,0.9999999999999999,71.0,0.9645655678259905,69.0,0.9295995705280039,47.0,0.9999999999999998,48.0,0.9473807143603339,46.0,0.9019933474413144,13_3,13,3,natural,103.502372742,74.2231674194,12.5564624898,0.0299807868485,456.900207478,0.214032277465
UBFC_A1/Eval_On_COHFACE,COHFACE,old,COHFACE_s13_session3_natural,10,70.0,47.0,large_error,70.0,0.9999999999999999,69.0,0.9572143990930211,71.0,0.9384095406726443,47.0,0.9999999999999998,70.0,0.9841515834649309,48.0,0.980430700923027,13_3,13,3,natural,103.502372742,74.2231674194,12.5564624898,0.0299807868485,456.900207478,0.214032277465
UBFC_A1/Eval_On_COHFACE,COHFACE,old,COHFACE_s13_session3_natural,11,69.0,46.0,large_error,69.0,0.9999999999999999,70.0,0.9899304176011401,68.0,0.9080780093518378,46.0,0.9999999999999998,45.0,0.9811005657709138,47.0,0.8864502014489607,13_3,13,3,natural,103.502372742,74.2231674194,12.5564624898,0.0299807868485,456.900207478,0.214032277465
UBFC_A1/Eval_On_COHFACE,COHFACE,old,COHFACE_s13_session3_natural,12,69.0,73.0,large_error,69.0,1.0,68.0,0.9714465174804109,70.0,0.918482384307614,73.0,0.9999999999999999,72.0,0.9995987540454452,74.0,0.9712158479920091,13_3,13,3,natural,103.502372742,74.2231674194,12.5564624898,0.0299807868485,456.900207478,0.214032277465
UBFC_A1/Eval_On_COHFACE,COHFACE,old,COHFACE_s13_session3_natural,13,68.0,72.0,large_error,68.0,1.0,69.0,0.9983194517432933,67.0,0.8904539486121088,72.0,0.9999999999999998,73.0,0.986583084197246,71.0,0.9434117902642105,13_3,13,3,natural,103.502372742,74.2231674194,12.5564624898,0.0299807868485,456.900207478,0.214032277465
UBFC_A1/Eval_On_COHFACE,COHFACE,old,COHFACE_s13_session3_natural,14,69.0,70.0,correct,69.0,1.0,68.0,0.9942597144847711,70.0,0.8932290873701723,70.0,0.9999999999999999,69.0,0.9594183218401235,71.0,0.9348675714491836,13_3,13,3,natural,103.502372742,74.2231674194,12.5564624898,0.0299807868485,456.900207478,0.214032277465
UBFC_A1/Eval_On_COHFACE,COHFACE,old,COHFACE_s13_session3_natural,15,68.0,68.0,correct,68.0,0.9999999999999999,69.0,0.9987016324398396,67.0,0.888619551130386,68.0,0.9999999999999998,69.0,0.9553172024988401,67.0,0.9475857174276809,13_3,13,3,natural,103.502372742,74.2231674194,12.5564624898,0.0299807868485,456.900207478,0.214032277465
UBFC_A1/Eval_On_COHFACE,COHFACE,old,COHFACE_s13_session3_natural,16,68.0,68.0,correct,68.0,0.9999999999999999,67.0,0.9494777455212383,69.0,0.9368025471348804,68.0,0.9999999999999999,67.0,0.9831655346466427,69.0,0.9168517279193331,13_3,13,3,natural,103.502372742,74.2231674194,12.5564624898,0.0299807868485,456.900207478,0.214032277465
UBFC_A1/Eval_On_COHFACE,COHFACE,old,COHFACE_s13_session3_natural,17,67.0,67.0,correct,67.0,0.9999999999999999,68.0,0.9741157608367589,66.0,0.9100743781767212,67.0,0.9999999999999999,66.0,0.9675367378011851,68.0,0.9361770704496825,13_3,13,3,natural,103.502372742,74.2231674194,12.5564624898,0.0299807868485,456.900207478,0.214032277465
UBFC_A1/Eval_On_COHFACE,COHFACE,old,COHFACE_s13_session3_natural,18,67.0,66.0,correct,67.0,0.9999999999999999,66.0,0.9445136412623474,68.0,0.9399815213629732,66.0,0.9999999999999998,67.0,0.9872965375676563,65.0,0.90433388421713,13_3,13,3,natural,103.502372742,74.2231674194,12.5564624898,0.0299807868485,456.900207478,0.214032277465
UBFC_A1/Eval_On_COHFACE,COHFACE,old,COHFACE_s13_session3_natural,19,67.0,66.0,correct,67.0,0.9999999999999999,66.0,0.9679599190553679,68.0,0.9147051809310718,66.0,0.9999999999999998,67.0,0.9879966715278756,65.0,0.9055762304910455,13_3,13,3,natural,103.502372742,74.2231674194,12.5564624898,0.0299807868485,456.900207478,0.214032277465
UBFC_A1/Eval_On_COHFACE,COHFACE,old,COHFACE_s13_session3_natural,20,66.0,68.0,correct,66.0,0.9999999999999998,67.0,0.986587963280791,65.0,0.8990521452283244,68.0,0.9999999999999999,67.0,0.9277005384569339,69.0,0.9274585252175777,13_3,13,3,natural,103.502372742,74.2231674194,12.5564624898,0.0299807868485,456.900207478,0.214032277465
UBFC_A1/Eval_On_COHFACE,COHFACE,old,COHFACE_s13_session3_natural,21,67.0,69.0,correct,67.0,0.9999999999999998,66.0,0.9722291672911744,68.0,0.919517689214425,69.0,0.9999999999999998,68.0,0.9975731417218401,70.0,0.8841227814586698,13_3,13,3,natural,103.502372742,74.2231674194,12.5564624898,0.0299807868485,456.900207478,0.214032277465
UBFC_A1/Eval_On_COHFACE,COHFACE,old,COHFACE_s13_session3_natural,22,68.0,68.0,correct,68.0,0.9999999999999998,69.0,0.9792713914141584,67.0,0.9090001349805398,68.0,0.9999999999999999,69.0,0.9437781977632579,67.0,0.9411315364012933,13_3,13,3,natural,103.502372742,74.2231674194,12.5564624898,0.0299807868485,456.900207478,0.214032277465
UBFC_A1/Eval_On_COHFACE,COHFACE,old,COHFACE_s13_session3_natural,23,69.0,43.0,large_error,69.0,0.9999999999999998,70.0,0.998217968043671,68.0,0.8865611743269202,43.0,0.9999999999999999,44.0,0.9673451384024822,42.0,0.9057072856651154,13_3,13,3,natural,103.502372742,74.2231674194,12.5564624898,0.0299807868485,456.900207478,0.214032277465
UBFC_A1/Eval_On_COHFACE,COHFACE,old,COHFACE_s13_session3_natural,24,70.0,66.0,large_error,70.0,0.9999999999999999,69.0,0.9622200480131955,71.0,0.9240548010015218,66.0,0.9999999999999999,67.0,0.9899955876236964,65.0,0.9704627038587348,13_3,13,3,natural,103.502372742,74.2231674194,12.5564624898,0.0299807868485,456.900207478,0.214032277465
UBFC_A1/Eval_On_COHFACE,COHFACE,old,COHFACE_s13_session3_natural,25,69.0,63.0,large_error,69.0,0.9999999999999999,70.0,0.9923123305657903,68.0,0.8949394034153763,63.0,0.9999999999999999,61.99999999999999,0.9936985777160006,64.0,0.9661220300184811,13_3,13,3,natural,103.502372742,74.2231674194,12.5564624898,0.0299807868485,456.900207478,0.214032277465
UBFC_A1/Eval_On_COHFACE,COHFACE,old,COHFACE_s13_session3_natural,26,69.0,65.0,large_error,69.0,0.9999999999999999,68.0,0.9689544740883268,70.0,0.919652402660991,65.0,0.9999999999999999,66.0,0.999401137405625,64.0,0.9715516171970854,13_3,13,3,natural,103.502372742,74.2231674194,12.5564624898,0.0299807868485,456.900207478,0.214032277465
UBFC_A1/Eval_On_COHFACE,COHFACE,old,COHFACE_s13_session3_natural,27,68.0,55.0,large_error,68.0,0.9999999999999999,67.0,0.9857665714528335,69.0,0.9070347378665893,55.0,0.9999999999999999,54.0,0.9935760059299859,56.0,0.9070457502276645,13_3,13,3,natural,103.502372742,74.2231674194,12.5564624898,0.0299807868485,456.900207478,0.214032277465
UBFC_A1/Eval_On_COHFACE,COHFACE,old,COHFACE_s13_session3_natural,28,66.0,66.0,correct,66.0,0.9999999999999999,65.0,0.9545035904850488,67.0,0.9462657171451353,66.0,0.9999999999999999,67.0,0.938329725047673,65.0,0.9073936111073437,13_3,13,3,natural,103.502372742,74.2231674194,12.5564624898,0.0299807868485,456.900207478,0.214032277465
UBFC_A1/Eval_On_COHFACE,COHFACE,old,COHFACE_s13_session3_natural,29,65.0,68.0,correct,65.0,1.0,64.0,0.9441715651459553,66.0,0.9422904392983702,68.0,0.9999999999999999,67.0,0.9723499175083042,69.0,0.883567368020072,13_3,13,3,natural,103.502372742,74.2231674194,12.5564624898,0.0299807868485,456.900207478,0.214032277465
UBFC_A1/Eval_On_COHFACE,COHFACE,old,COHFACE_s13_session3_natural,30,64.0,68.0,large_error,64.0,1.0,65.0,0.9984782229760734,63.0,0.8907647799232374,68.0,0.9999999999999999,67.0,0.9938039321533684,69.0,0.9149895880253942,13_3,13,3,natural,103.502372742,74.2231674194,12.5564624898,0.0299807868485,456.900207478,0.214032277465
UBFC_A1/Eval_On_COHFACE,COHFACE,old,COHFACE_s13_session3_natural,31,65.0,68.0,correct,65.0,1.0,66.0,0.9468524214400146,64.0,0.9401958038588574,68.0,0.9999999999999999,67.0,0.972563253975462,69.0,0.9692150573923182,13_3,13,3,natural,103.502372742,74.2231674194,12.5564624898,0.0299807868485,456.900207478,0.214032277465
UBFC_A1/Eval_On_COHFACE,COHFACE,old,COHFACE_s13_session3_natural,32,66.0,67.0,correct,66.0,1.0,65.0,0.966437371149627,67.0,0.9160221753729606,67.0,0.9999999999999999,66.0,0.9875098117449523,68.0,0.9817247066620068,13_3,13,3,natural,103.502372742,74.2231674194,12.5564624898,0.0299807868485,456.900207478,0.214032277465
UBFC_A1/Eval_On_COHFACE,COHFACE,old,COHFACE_s13_session3_natural,33,66.0,67.0,correct,66.0,1.0,67.0,0.964858709835087,65.0,0.9155029716803745,67.0,0.9999999999999999,66.0,0.9766145919291898,68.0,0.9583916612493873,13_3,13,3,natural,103.502372742,74.2231674194,12.5564624898,0.0299807868485,456.900207478,0.214032277465
UBFC_A1/Eval_On_COHFACE,COHFACE,old,COHFACE_s13_session3_natural,34,66.0,66.0,correct,66.0,1.0,67.0,0.9642430785554417,65.0,0.9145377644022167,66.0,0.9999999999999999,65.0,0.9747101161316436,67.0,0.9225370575417207,13_3,13,3,natural,103.502372742,74.2231674194,12.5564624898,0.0299807868485,456.900207478,0.214032277465
UBFC_A1/Eval_On_COHFACE,COHFACE,old,COHFACE_s13_session3_natural,35,66.0,66.0,correct,66.0,1.0,65.0,0.9563184935308201,67.0,0.9280310340334853,66.0,0.9999999999999998,67.0,0.9875766029811347,65.0,0.8929224589798888,13_3,13,3,natural,103.502372742,74.2231674194,12.5564624898,0.0299807868485,456.900207478,0.214032277465
UBFC_A1/Eval_On_COHFACE,COHFACE,old,COHFACE_s13_session3_natural,36,66.0,61.99999999999999,large_error,66.0,1.0,65.0,0.9958223921793121,67.0,0.894274021267506,61.99999999999999,0.9999999999999999,61.0,0.9642373009011928,63.0,0.8990219947355014,13_3,13,3,natural,103.502372742,74.2231674194,12.5564624898,0.0299807868485,456.900207478,0.214032277465
UBFC_A1/Eval_On_COHFACE,COHFACE,old,COHFACE_s13_session3_natural,37,65.0,61.0,large_error,65.0,1.0,66.0,0.973722923353402,64.0,0.9179844824098448,61.0,0.9999999999999998,61.99999999999999,0.9532438056770605,60.0,0.9070929999430374,13_3,13,3,natural,103.502372742,74.2231674194,12.5564624898,0.0299807868485,456.900207478,0.214032277465
UBFC_A1/Eval_On_COHFACE,COHFACE,old,COHFACE_s13_session3_natural,38,65.0,77.0,large_error,65.0,1.0,66.0,0.9443014637345445,64.0,0.9417802466014367,77.0,0.9999999999999998,78.0,0.9414997569985434,76.0,0.9168896674822122,13_3,13,3,natural,103.502372742,74.2231674194,12.5564624898,0.0299807868485,456.900207478,0.214032277465
UBFC_A1/Eval_On_COHFACE,COHFACE,old,COHFACE_s13_session3_natural,39,65.0,80.0,large_error,65.0,1.0,66.0,0.9690589692983095,64.0,0.9180893131110995,80.0,0.9999999999999999,81.0,0.9556353211112002,79.0,0.949369046443674,13_3,13,3,natural,103.502372742,74.2231674194,12.5564624898,0.0299807868485,456.900207478,0.214032277465
UBFC_A1/Eval_On_COHFACE,COHFACE,old,COHFACE_s13_session3_natural,40,66.0,81.0,large_error,66.0,1.0,67.0,0.9746305084228186,65.0,0.9226571967655247,81.0,0.9999999999999999,82.0,0.9641542399683117,80.0,0.948462377761571,13_3,13,3,natural,103.502372742,74.2231674194,12.5564624898,0.0299807868485,456.900207478,0.214032277465
UBFC_A1/Eval_On_COHFACE,COHFACE,old,COHFACE_s13_session3_natural,41,68.0,44.0,large_error,68.0,1.0,67.0,0.9878831007114149,69.0,0.9072124719709214,44.0,0.9999999999999997,43.0,0.9828641608943691,45.0,0.9258027446213349,13_3,13,3,natural,103.502372742,74.2231674194,12.5564624898,0.0299807868485,456.900207478,0.214032277465
UBFC_A1/Eval_On_COHFACE,COHFACE,old,COHFACE_s13_session3_natural,42,69.0,81.0,large_error,69.0,1.0,68.0,0.9958742530975842,70.0,0.8967236385766466,81.0,0.9999999999999996,80.0,0.9955904292781733,82.0,0.8609501967579563,13_3,13,3,natural,103.502372742,74.2231674194,12.5564624898,0.0299807868485,456.900207478,0.214032277465
UBFC_A1/Eval_On_COHFACE,COHFACE,old,COHFACE_s13_session3_natural,43,69.0,81.0,large_error,69.0,1.0,68.0,0.9779726268296388,70.0,0.9106894205560776,81.0,0.9999999999999999,82.0,0.9874678985335587,80.0,0.8581578628660922,13_3,13,3,natural,103.502372742,74.2231674194,12.5564624898,0.0299807868485,456.900207478,0.214032277465
UBFC_A1/Eval_On_COHFACE,COHFACE,old,COHFACE_s13_session3_natural,44,69.0,68.0,correct,69.0,1.0,68.0,0.9837704006351614,70.0,0.9015521530338105,68.0,0.9999999999999998,67.0,0.9845210599720498,69.0,0.8997024309536032,13_3,13,3,natural,103.502372742,74.2231674194,12.5564624898,0.0299807868485,456.900207478,0.214032277465
UBFC_A1/Eval_On_COHFACE,COHFACE,old,COHFACE_s13_session3_natural,45,69.0,56.0,large_error,69.0,1.0,68.0,0.9727870465020397,70.0,0.9059300844959345,56.0,0.9999999999999996,55.0,0.9156714113777729,57.0,0.9109619346112273,13_3,13,3,natural,103.502372742,74.2231674194,12.5564624898,0.0299807868485,456.900207478,0.214032277465
UBFC_A1/Eval_On_COHFACE,COHFACE,old,COHFACE_s13_session3_natural,46,69.0,53.0,large_error,69.0,1.0,68.0,0.9987850003079746,70.0,0.8837695126652787,53.0,0.9999999999999997,54.0,0.9495759626539406,52.0,0.9355276968391489,13_3,13,3,natural,103.502372742,74.2231674194,12.5564624898,0.0299807868485,456.900207478,0.214032277465
UBFC_A1/Eval_On_COHFACE,COHFACE,old,COHFACE_s13_session3_natural,47,68.0,44.0,large_error,68.0,1.0,69.0,0.9454038591334637,67.0,0.9410394205679353,44.0,0.9999999999999998,43.0,0.9725074387333996,45.0,0.9478955615709056,13_3,13,3,natural,103.502372742,74.2231674194,12.5564624898,0.0299807868485,456.900207478,0.214032277465
UBFC_A1/Eval_On_COHFACE,COHFACE,old,COHFACE_s13_session3_natural,48,68.0,68.0,correct,68.0,1.0,69.0,0.9656090104319897,67.0,0.9240749505457869,68.0,0.9999999999999997,69.0,0.9861272787487028,67.0,0.8978818863403868,13_3,13,3,natural,103.502372742,74.2231674194,12.5564624898,0.0299807868485,456.900207478,0.214032277465
UBFC_A1/Eval_On_COHFACE,COHFACE,old,COHFACE_s13_session3_natural,49,68.0,68.0,correct,68.0,1.0,69.0,0.99795087032188,67.0,0.8975408822248108,68.0,0.9999999999999999,69.0,0.9560834615027739,67.0,0.9245248693124928,13_3,13,3,natural,103.502372742,74.2231674194,12.5564624898,0.0299807868485,456.900207478,0.214032277465
UBFC_A1/Eval_On_COHFACE,COHFACE,old,COHFACE_s13_session3_natural,50,69.0,67.0,correct,69.0,1.0,68.0,0.9727309907328197,70.0,0.9209614907464466,67.0,0.9999999999999999,66.0,0.9949345511893033,68.0,0.905218394073661,13_3,13,3,natural,103.502372742,74.2231674194,12.5564624898,0.0299807868485,456.900207478,0.214032277465
UBFC_A1/Eval_On_COHFACE,COHFACE,old,COHFACE_s14_session0_lamp,0,79.0,40.0,sub_harmonic_half,79.0,0.9999999999999999,80.0,0.9567648031722774,78.0,0.8931674306100026,40.0,0.9999999999999994,41.0,0.9410153707459246,42.0,0.833304940143451,14_0,14,0,lamp,112.407341003,50.0651741028,0.950544308393,0,246.484853912,0.223727688193
UBFC_A1/Eval_On_COHFACE,COHFACE,old,COHFACE_s14_session0_lamp,1,80.0,41.0,sub_harmonic_half,80.0,0.9999999999999998,81.0,0.9924327210319938,79.0,0.8981304504023413,41.0,0.999999999999999,42.0,0.9658144346989987,40.0,0.9574977184931094,14_0,14,0,lamp,112.407341003,50.0651741028,0.950544308393,0,246.484853912,0.223727688193
UBFC_A1/Eval_On_COHFACE,COHFACE,old,COHFACE_s14_session0_lamp,2,80.0,40.0,sub_harmonic_half,80.0,0.9999999999999998,81.0,0.9908664046680297,79.0,0.899085748565416,40.0,0.9999999999999998,41.0,0.8524547076907835,77.0,0.6240101720203128,14_0,14,0,lamp,112.407341003,50.0651741028,0.950544308393,0,246.484853912,0.223727688193
UBFC_A1/Eval_On_COHFACE,COHFACE,old,COHFACE_s14_session0_lamp,3,81.0,40.0,sub_harmonic_half,81.0,0.9999999999999998,80.0,0.9650203115514909,82.0,0.9149442416091985,40.0,0.9999999999999992,41.0,0.8781881020403254,77.0,0.851795349892671,14_0,14,0,lamp,112.407341003,50.0651741028,0.950544308393,0,246.484853912,0.223727688193
UBFC_A1/Eval_On_COHFACE,COHFACE,old,COHFACE_s14_session0_lamp,4,81.0,77.0,large_error,81.0,0.9999999999999998,80.0,0.9491472097448054,82.0,0.938789533625987,77.0,0.9999999999999996,76.0,0.9846977804104194,78.0,0.9027850423676558,14_0,14,0,lamp,112.407341003,50.0651741028,0.950544308393,0,246.484853912,0.223727688193
UBFC_A1/Eval_On_COHFACE,COHFACE,old,COHFACE_s14_session0_lamp,5,81.0,60.0,large_error,81.0,0.9999999999999998,82.0,0.9983358699992642,80.0,0.8924722748310013,60.0,0.9999999999999994,59.0,0.9964117106345413,61.0,0.9070120808955676,14_0,14,0,lamp,112.407341003,50.0651741028,0.950544308393,0,246.484853912,0.223727688193
UBFC_A1/Eval_On_COHFACE,COHFACE,old,COHFACE_s14_session0_lamp,6,82.0,80.0,correct,82.0,0.9999999999999998,83.0,0.9564873791315828,81.0,0.926057959635989,80.0,0.9999999999999994,81.0,0.9596715231209054,79.0,0.9344765970936589,14_0,14,0,lamp,112.407341003,50.0651741028,0.950544308393,0,246.484853912,0.223727688193
UBFC_A1/Eval_On_COHFACE,COHFACE,old,COHFACE_s14_session0_lamp,7,83.0,80.0,correct,83.0,0.9999999999999998,82.0,0.9831221793870429,84.0,0.9062137116679084,80.0,0.9999999999999988,79.0,0.9930464156909338,120.0,0.9751673747489854,14_0,14,0,lamp,112.407341003,50.0651741028,0.950544308393,0,246.484853912,0.223727688193
UBFC_A1/Eval_On_COHFACE,COHFACE,old,COHFACE_s14_session0_lamp,8,83.0,60.0,large_error,83.0,0.9999999999999998,84.0,0.9630335460418002,82.0,0.9241198486399279,60.0,0.9999999999999998,61.0,0.9738353864866031,59.0,0.881789152279394,14_0,14,0,lamp,112.407341003,50.0651741028,0.950544308393,0,246.484853912,0.223727688193
UBFC_A1/Eval_On_COHFACE,COHFACE,old,COHFACE_s14_session0_lamp,9,83.0,81.0,correct,83.0,0.9999999999999998,84.0,0.9664289740627978,82.0,0.9179801269536288,81.0,0.9999999999999994,82.0,0.9796877900079766,80.0,0.9060985217213605,14_0,14,0,lamp,112.407341003,50.0651741028,0.950544308393,0,246.484853912,0.223727688193
UBFC_A1/Eval_On_COHFACE,COHFACE,old,COHFACE_s14_session0_lamp,10,83.0,81.0,correct,83.0,0.9999999999999998,82.0,0.9638668934869059,84.0,0.9222027172555042,81.0,0.9999999999999993,80.0,0.962731551086217,82.0,0.9262832700052955,14_0,14,0,lamp,112.407341003,50.0651741028,0.950544308393,0,246.484853912,0.223727688193
UBFC_A1/Eval_On_COHFACE,COHFACE,old,COHFACE_s14_session0_lamp,11,83.0,60.0,large_error,83.0,0.9999999999999998,84.0,0.9598873532627712,82.0,0.9300410222829634,60.0,0.9999999999999998,59.0,0.9917694839417613,61.0,0.8842980857397414,14_0,14,0,lamp,112.407341003,50.0651741028,0.950544308393,0,246.484853912,0.223727688193
UBFC_A1/Eval_On_COHFACE,COHFACE,old,COHFACE_s14_session0_lamp,12,83.0,81.0,correct,83.0,0.9999999999999998,84.0,0.9519040908550118,82.0,0.9346458806769296,81.0,0.9999999999999999,82.0,0.9806083203010769,80.0,0.9095744370352287,14_0,14,0,lamp,112.407341003,50.0651741028,0.950544308393,0,246.484853912,0.223727688193
UBFC_A1/Eval_On_COHFACE,COHFACE,old,COHFACE_s14_session0_lamp,13,83.0,81.0,correct,83.0,0.9999999999999998,84.0,0.9502420219861176,82.0,0.9319964367977064,81.0,0.9999999999999994,80.0,0.9997732644058636,79.0,0.9393389911364225,14_0,14,0,lamp,112.407341003,50.0651741028,0.950544308393,0,246.484853912,0.223727688193
UBFC_A1/Eval_On_COHFACE,COHFACE,old,COHFACE_s14_session0_lamp,14,83.0,41.0,sub_harmonic_half,83.0,0.9999999999999998,84.0,0.9582348230157138,82.0,0.9246638391494394,41.0,0.9999999999999998,42.0,0.9928618359150456,40.0,0.9242941148845106,14_0,14,0,lamp,112.407341003,50.0651741028,0.950544308393,0,246.484853912,0.223727688193
UBFC_A1/Eval_On_COHFACE,COHFACE,old,COHFACE_s14_session0_lamp,15,83.0,40.0,sub_harmonic_half,83.0,0.9999999999999998,82.0,0.9473251242817158,84.0,0.935406911370476,40.0,0.9999999999999997,41.0,0.888957881665311,79.0,0.7841099340936643,14_0,14,0,lamp,112.407341003,50.0651741028,0.950544308393,0,246.484853912,0.223727688193
UBFC_A1/Eval_On_COHFACE,COHFACE,old,COHFACE_s14_session0_lamp,16,83.0,79.0,large_error,83.0,0.9999999999999998,82.0,0.9593633936348068,84.0,0.9287487214891292,79.0,0.9999999999999996,78.0,0.9911112237874683,40.0,0.9550768845292468,14_0,14,0,lamp,112.407341003,50.0651741028,0.950544308393,0,246.484853912,0.223727688193
UBFC_A1/Eval_On_COHFACE,COHFACE,old,COHFACE_s14_session0_lamp,17,82.0,81.0,correct,82.0,0.9999999999999998,83.0,0.9895152365291504,81.0,0.9043533647352938,81.0,0.9999999999999996,80.0,0.9850129345016143,82.0,0.936763666847628,14_0,14,0,lamp,112.407341003,50.0651741028,0.950544308393,0,246.484853912,0.223727688193
UBFC_A1/Eval_On_COHFACE,COHFACE,old,COHFACE_s14_session0_lamp,18,81.0,60.0,large_error,81.0,0.9999999999999998,82.0,0.9866825850067756,80.0,0.9021414881536686,60.0,0.9999999999999998,61.0,0.9865660321566194,59.0,0.9131895283535718,14_0,14,0,lamp,112.407341003,50.0651741028,0.950544308393,0,246.484853912,0.223727688193
UBFC_A1/Eval_On_COHFACE,COHFACE,old,COHFACE_s14_session0_lamp,19,81.0,61.0,large_error,81.0,0.9999999999999998,82.0,0.9662295022231746,80.0,0.9205254447168757,61.0,0.9999999999999999,60.0,0.9751560453519471,61.99999999999999,0.9366379322738321,14_0,14,0,lamp,112.407341003,50.0651741028,0.950544308393,0,246.484853912,0.223727688193
UBFC_A1/Eval_On_COHFACE,COHFACE,old,COHFACE_s14_session0_lamp,20,81.0,68.0,large_error,81.0,0.9999999999999998,80.0,0.9555857925104345,82.0,0.9305167299071435,68.0,0.9999999999999998,67.0,0.9740384365710087,52.0,0.9436526845468263,14_0,14,0,lamp,112.407341003,50.0651741028,0.950544308393,0,246.484853912,0.223727688193
UBFC_A1/Eval_On_COHFACE,COHFACE,old,COHFACE_s14_session0_lamp,21,81.0,60.0,large_error,81.0,0.9999999999999998,80.0,0.9642464270821075,82.0,0.9218535967928727,60.0,0.9999999999999998,61.0,0.9904765333485919,59.0,0.9504161677498163,14_0,14,0,lamp,112.407341003,50.0651741028,0.950544308393,0,246.484853912,0.223727688193
UBFC_A1/Eval_On_COHFACE,COHFACE,old,COHFACE_s14_session0_lamp,22,81.0,61.0,large_error,81.0,0.9999999999999999,82.0,0.9709050519774962,80.0,0.9061873713213741,61.0,0.9999999999999998,60.0,0.9987127623780079,61.99999999999999,0.9120397819319338,14_0,14,0,lamp,112.407341003,50.0651741028,0.950544308393,0,246.484853912,0.223727688193
UBFC_A1/Eval_On_COHFACE,COHFACE,old,COHFACE_s14_session0_lamp,23,82.0,44.0,sub_harmonic_half,82.0,0.9999999999999998,81.0,0.988280097020554,83.0,0.9002900791152141,44.0,0.9999999999999998,45.0,0.9697311967425234,43.0,0.9390541473463786,14_0,14,0,lamp,112.407341003,50.0651741028,0.950544308393,0,246.484853912,0.223727688193
UBFC_A1/Eval_On_COHFACE,COHFACE,old,COHFACE_s14_session0_lamp,24,82.0,43.0,sub_harmonic_half,82.0,0.9999999999999999,83.0,0.9738550476766444,81.0,0.9174061890988569,43.0,0.9999999999999997,42.0,0.9677463034186368,44.0,0.9487483489685757,14_0,14,0,lamp,112.407341003,50.0651741028,0.950544308393,0,246.484853912,0.223727688193
UBFC_A1/Eval_On_COHFACE,COHFACE,old,COHFACE_s14_session0_lamp,25,82.0,80.0,correct,82.0,0.9999999999999999,83.0,0.9991102662051913,81.0,0.891767127912308,80.0,0.9999999999999996,40.0,0.9700673164155139,41.0,0.9675383369695497,14_0,14,0,lamp,112.407341003,50.0651741028,0.950544308393,0,246.484853912,0.223727688193
UBFC_A1/Eval_On_COHFACE,COHFACE,old,COHFACE_s14_session0_lamp,26,82.0,41.0,sub_harmonic_half,82.0,0.9999999999999999,83.0,0.9911366179853954,81.0,0.8986080752735918,41.0,0.9999999999999998,42.0,0.9884256122834275,40.0,0.9194417626209537,14_0,14,0,lamp,112.407341003,50.0651741028,0.950544308393,0,246.484853912,0.223727688193
UBFC_A1/Eval_On_COHFACE,COHFACE,old,COHFACE_s14_session0_lamp,27,83.0,120.0,super_harmonic_1p5x,83.0,0.9999999999999999,82.0,0.9462257769254501,84.0,0.9453317124021936,120.0,0.9999999999999997,119.0,0.9955911842527247,121.0,0.9093642713380827,14_0,14,0,lamp,112.407341003,50.0651741028,0.950544308393,0,246.484853912,0.223727688193
UBFC_A1/Eval_On_COHFACE,COHFACE,old,COHFACE_s14_session0_lamp,28,83.0,80.0,correct,83.0,0.9999999999999999,84.0,0.9934965298965648,82.0,0.896930112745901,80.0,0.9999999999999996,79.0,0.9548615801851317,81.0,0.9438527337171548,14_0,14,0,lamp,112.407341003,50.0651741028,0.950544308393,0,246.484853912,0.223727688193
UBFC_A1/Eval_On_COHFACE,COHFACE,old,COHFACE_s14_session0_lamp,29,83.0,41.0,sub_harmonic_half,83.0,0.9999999999999999,84.0,0.9729764309842306,82.0,0.912176987645894,41.0,0.9999999999999998,40.0,0.9680262244165748,42.0,0.9103658924068436,14_0,14,0,lamp,112.407341003,50.0651741028,0.950544308393,0,246.484853912,0.223727688193
UBFC_A1/Eval_On_COHFACE,COHFACE,old,COHFACE_s14_session0_lamp,30,84.0,81.0,correct,84.0,0.9999999999999999,83.0,0.9789035104692871,85.0,0.9152820281790462,81.0,0.9999999999999998,80.0,0.9777337596628528,82.0,0.9012767631394638,14_0,14,0,lamp,112.407341003,50.0651741028,0.950544308393,0,246.484853912,0.223727688193
UBFC_A1/Eval_On_COHFACE,COHFACE,old,COHFACE_s14_session0_lamp,31,84.0,81.0,correct,84.0,0.9999999999999999,83.0,0.9918456920290493,85.0,0.8929570992870466,81.0,0.9999999999999998,80.0,0.9645652714137258,82.0,0.9267843690943276,14_0,14,0,lamp,112.407341003,50.0651741028,0.950544308393,0,246.484853912,0.223727688193
UBFC_A1/Eval_On_COHFACE,COHFACE,old,COHFACE_s14_session0_lamp,32,84.0,81.0,correct,84.0,0.9999999999999999,83.0,0.9482913146378319,85.0,0.9316450264456946,81.0,0.9999999999999998,82.0,0.9998544088114688,80.0,0.8897457750990814,14_0,14,0,lamp,112.407341003,50.0651741028,0.950544308393,0,246.484853912,0.223727688193
UBFC_A1/Eval_On_COHFACE,COHFACE,old,COHFACE_s14_session0_lamp,33,84.0,81.0,correct,84.0,0.9999999999999998,83.0,0.9836872700223732,85.0,0.9010702974305624,81.0,0.9999999999999999,82.0,0.9681930138683357,80.0,0.9198812980364183,14_0,14,0,lamp,112.407341003,50.0651741028,0.950544308393,0,246.484853912,0.223727688193
UBFC_A1/Eval_On_COHFACE,COHFACE,old,COHFACE_s14_session0_lamp,34,83.0,81.0,correct,83.0,0.9999999999999999,84.0,0.9973212656671678,82.0,0.8845211733334661,81.0,0.9999999999999998,82.0,0.9661647573101085,80.0,0.9476157060247611,14_0,14,0,lamp,112.407341003,50.0651741028,0.950544308393,0,246.484853912,0.223727688193
UBFC_A1/Eval_On_COHFACE,COHFACE,old,COHFACE_s14_session0_lamp,35,83.0,81.0,correct,83.0,0.9999999999999999,84.0,0.9791558239317196,82.0,0.9041259455434277,81.0,0.9999999999999999,80.0,0.9935163424602657,82.0,0.9241734172111908,14_0,14,0,lamp,112.407341003,50.0651741028,0.950544308393,0,246.484853912,0.223727688193
UBFC_A1/Eval_On_COHFACE,COHFACE,old,COHFACE_s14_session0_lamp,36,83.0,81.0,correct,83.0,0.9999999999999999,84.0,0.9571685655046382,82.0,0.9287614028564366,81.0,0.9999999999999999,80.0,0.9950051955949667,82.0,0.9218199822029944,14_0,14,0,lamp,112.407341003,50.0651741028,0.950544308393,0,246.484853912,0.223727688193
UBFC_A1/Eval_On_COHFACE,COHFACE,old,COHFACE_s14_session0_lamp,37,82.0,78.0,large_error,82.0,0.9999999999999999,83.0,0.9890880989322388,81.0,0.9021330475689455,78.0,0.9999999999999999,79.0,0.991130404915153,77.0,0.9290201926012245,14_0,14,0,lamp,112.407341003,50.0651741028,0.950544308393,0,246.484853912,0.223727688193
UBFC_A1/Eval_On_COHFACE,COHFACE,old,COHFACE_s14_session0_lamp,38,82.0,77.0,large_error,82.0,0.9999999999999999,83.0,0.9787543901626083,81.0,0.9125942201429887,77.0,0.9999999999999999,78.0,0.9708888859249349,76.0,0.9552056025610849,14_0,14,0,lamp,112.407341003,50.0651741028,0.950544308393,0,246.484853912,0.223727688193
UBFC_A1/Eval_On_COHFACE,COHFACE,old,COHFACE_s14_session0_lamp,39,82.0,51.0,large_error,82.0,0.9999999999999999,81.0,0.9539923955391527,83.0,0.9327651346540881,51.0,0.9999999999999998,52.0,0.9677583427668732,50.0,0.9275562918478315,14_0,14,0,lamp,112.407341003,50.0651741028,0.950544308393,0,246.484853912,0.223727688193
UBFC_A1/Eval_On_COHFACE,COHFACE,old,COHFACE_s14_session0_lamp,40,82.0,51.0,large_error,82.0,0.9999999999999999,83.0,0.9676813267196008,81.0,0.9281181193197665,51.0,0.9999999999999998,50.0,0.9667926481627455,52.0,0.9421663505086775,14_0,14,0,lamp,112.407341003,50.0651741028,0.950544308393,0,246.484853912,0.223727688193
UBFC_A1/Eval_On_COHFACE,COHFACE,old,COHFACE_s14_session0_lamp,41,82.0,50.0,large_error,82.0,0.9999999999999999,83.0,0.9823471274578529,81.0,0.9026727386551533,50.0,0.9999999999999998,49.0,0.9626186368966625,51.0,0.9582077365579627,14_0,14,0,lamp,112.407341003,50.0651741028,0.950544308393,0,246.484853912,0.223727688193
UBFC_A1/Eval_On_COHFACE,COHFACE,old,COHFACE_s14_session0_lamp,42,83.0,48.0,sub_harmonic_half,83.0,0.9999999999999999,84.0,0.9881683144356975,82.0,0.896664459936521,48.0,0.9999999999999998,49.0,0.9685250274259912,47.0,0.8876080607045969,14_0,14,0,lamp,112.407341003,50.0651741028,0.950544308393,0,246.484853912,0.223727688193
UBFC_A1/Eval_On_COHFACE,COHFACE,old,COHFACE_s14_session0_lamp,43,84.0,51.0,large_error,84.0,0.9999999999999999,85.0,0.9730331389655245,83.0,0.9201080150247548,51.0,0.9999999999999998,52.0,0.9498222608617487,50.0,0.9468093453511879,14_0,14,0,lamp,112.407341003,50.0651741028,0.950544308393,0,246.484853912,0.223727688193
UBFC_A1/Eval_On_COHFACE,COHFACE,old,COHFACE_s14_session0_lamp,44,85.0,46.0,sub_harmonic_half,85.0,0.9999999999999999,84.0,0.9845202125834318,86.0,0.9056473798003147,46.0,0.9999999999999991,47.0,0.9855415469564309,45.0,0.9722350027569442,14_0,14,0,lamp,112.407341003,50.0651741028,0.950544308393,0,246.484853912,0.223727688193
UBFC_A1/Eval_On_COHFACE,COHFACE,old,COHFACE_s14_session0_lamp,45,85.0,68.0,large_error,85.0,0.9999999999999999,84.0,0.965843749555198,86.0,0.9221330590259836,68.0,0.9999999999999996,69.0,0.9699733265849103,67.0,0.9471743834198777,14_0,14,0,lamp,112.407341003,50.0651741028,0.950544308393,0,246.484853912,0.223727688193
UBFC_A1/Eval_On_COHFACE,COHFACE,old,COHFACE_s14_session0_lamp,46,84.0,69.0,large_error,84.0,0.9999999999999999,85.0,0.9953414259055128,83.0,0.8947165111221421,69.0,0.9999999999999994,68.0,0.9628671739896948,70.0,0.9192895991104312,14_0,14,0,lamp,112.407341003,50.0651741028,0.950544308393,0,246.484853912,0.223727688193
UBFC_A1/Eval_On_COHFACE,COHFACE,old,COHFACE_s14_session0_lamp,47,84.0,61.99999999999999,large_error,84.0,0.9999999999999999,83.0,0.9567588228293267,85.0,0.9296659062176967,61.99999999999999,0.9999999999999992,63.0,0.9926140643495626,61.0,0.9788595999880642,14_0,14,0,lamp,112.407341003,50.0651741028,0.950544308393,0,246.484853912,0.223727688193
UBFC_A1/Eval_On_COHFACE,COHFACE,old,COHFACE_s14_session0_lamp,48,83.0,82.0,correct,83.0,0.9999999999999999,84.0,0.9911681145685511,82.0,0.8901438469376041,82.0,0.9999999999999998,81.0,0.9534200479100448,83.0,0.9080744711226054,14_0,14,0,lamp,112.407341003,50.0651741028,0.950544308393,0,246.484853912,0.223727688193
UBFC_A1/Eval_On_COHFACE,COHFACE,old,COHFACE_s14_session0_lamp,49,83.0,82.0,correct,83.0,0.9999999999999999,82.0,0.9637403873028094,84.0,0.9149486672457505,82.0,0.9999999999999994,81.0,0.9833205492286633,83.0,0.8937786530751133,14_0,14,0,lamp,112.407341003,50.0651741028,0.950544308393,0,246.484853912,0.223727688193
UBFC_A1/Eval_On_COHFACE,COHFACE,old,COHFACE_s14_session0_lamp,50,83.0,51.0,large_error,83.0,0.9999999999999999,82.0,0.9444224086702652,84.0,0.9412984072628447,51.0,0.9999999999999998,52.0,0.9566147497848714,81.0,0.9466198414352174,14_0,14,0,lamp,112.407341003,50.0651741028,0.950544308393,0,246.484853912,0.223727688193
UBFC_A1/Eval_On_COHFACE,COHFACE,old,COHFACE_s14_session1_lamp,0,84.0,40.0,sub_harmonic_half,84.0,0.9999999999999999,83.0,0.998781307132723,85.0,0.9422145635978697,40.0,0.9999999999999994,80.0,0.8679202843969119,79.0,0.8650923378095012,14_1,14,1,lamp,118.957550049,52.0256195068,0.593640966323,0.00023702973301,284.160097573,0.165259033442
UBFC_A1/Eval_On_COHFACE,COHFACE,old,COHFACE_s14_session1_lamp,1,86.0,80.0,large_error,86.0,0.9999999999999999,85.0,0.9483024643368729,87.0,0.9404750325083886,80.0,0.9999999999999993,81.0,0.9582822179305663,41.0,0.9343850516192019,14_1,14,1,lamp,118.957550049,52.0256195068,0.593640966323,0.00023702973301,284.160097573,0.165259033442
UBFC_A1/Eval_On_COHFACE,COHFACE,old,COHFACE_s14_session1_lamp,2,85.0,85.0,correct,85.0,0.9999999999999999,86.0,0.9975826270179086,84.0,0.895076293406439,85.0,0.9999999999999993,86.0,0.9771170822008104,41.0,0.9592055440980307,14_1,14,1,lamp,118.957550049,52.0256195068,0.593640966323,0.00023702973301,284.160097573,0.165259033442
UBFC_A1/Eval_On_COHFACE,COHFACE,old,COHFACE_s14_session1_lamp,3,85.0,82.0,correct,85.0,0.9999999999999999,86.0,0.9758120142762476,84.0,0.9079478838319412,82.0,0.9999999999999999,81.0,0.9536346317768133,83.0,0.9454238663036956,14_1,14,1,lamp,118.957550049,52.0256195068,0.593640966323,0.00023702973301,284.160097573,0.165259033442
UBFC_A1/Eval_On_COHFACE,COHFACE,old,COHFACE_s14_session1_lamp,4,85.0,82.0,correct,85.0,0.9999999999999999,86.0,0.9786444480393268,84.0,0.9061658494366605,82.0,0.9999999999999996,83.0,0.979379726494834,81.0,0.9305465593836875,14_1,14,1,lamp,118.957550049,52.0256195068,0.593640966323,0.00023702973301,284.160097573,0.165259033442
UBFC_A1/Eval_On_COHFACE,COHFACE,old,COHFACE_s14_session1_lamp,5,86.0,60.0,large_error,86.0,0.9999999999999999,85.0,0.9590047995842399,87.0,0.9302615513618349,60.0,0.9999999999999997,59.0,0.9675893423281154,80.0,0.8488821619497392,14_1,14,1,lamp,118.957550049,52.0256195068,0.593640966323,0.00023702973301,284.160097573,0.165259033442
UBFC_A1/Eval_On_COHFACE,COHFACE,old,COHFACE_s14_session1_lamp,6,86.0,81.0,large_error,86.0,0.9999999999999999,87.0,0.9542064642990451,85.0,0.9307029832555888,81.0,0.9999999999999996,80.0,0.9598818946210532,82.0,0.9247615288558657,14_1,14,1,lamp,118.957550049,52.0256195068,0.593640966323,0.00023702973301,284.160097573,0.165259033442
UBFC_A1/Eval_On_COHFACE,COHFACE,old,COHFACE_s14_session1_lamp,7,86.0,56.0,large_error,86.0,0.9999999999999998,87.0,0.962167098923792,85.0,0.9290459693057193,56.0,0.9999999999999992,55.0,0.9988502186910205,119.0,0.9771045526620217,14_1,14,1,lamp,118.957550049,52.0256195068,0.593640966323,0.00023702973301,284.160097573,0.165259033442
UBFC_A1/Eval_On_COHFACE,COHFACE,old,COHFACE_s14_session1_lamp,8,86.0,59.0,large_error,86.0,0.9999999999999998,85.0,0.9503438487578647,87.0,0.9333357929769279,59.0,0.9999999999999996,60.0,0.9944775215576332,43.0,0.9217371045464268,14_1,14,1,lamp,118.957550049,52.0256195068,0.593640966323,0.00023702973301,284.160097573,0.165259033442
UBFC_A1/Eval_On_COHFACE,COHFACE,old,COHFACE_s14_session1_lamp,9,85.0,120.0,super_harmonic_1p5x,85.0,0.9999999999999998,86.0,0.9893519613531836,84.0,0.8919930473957769,120.0,0.9999999999999993,119.0,0.9770289019395872,78.0,0.9283003522467621,14_1,14,1,lamp,118.957550049,52.0256195068,0.593640966323,0.00023702973301,284.160097573,0.165259033442
UBFC_A1/Eval_On_COHFACE,COHFACE,old,COHFACE_s14_session1_lamp,10,85.0,45.0,sub_harmonic_half,85.0,0.9999999999999998,84.0,0.9479368783467579,86.0,0.9394354454544911,45.0,0.9999999999999996,46.0,0.9864727947753168,44.0,0.9135354600831432,14_1,14,1,lamp,118.957550049,52.0256195068,0.593640966323,0.00023702973301,284.160097573,0.165259033442
UBFC_A1/Eval_On_COHFACE,COHFACE,old,COHFACE_s14_session1_lamp,11,85.0,59.0,large_error,85.0,0.9999999999999998,84.0,0.972147870753419,86.0,0.909691407169491,59.0,0.9999999999999997,60.0,0.9957379470226081,58.0,0.826377437421543,14_1,14,1,lamp,118.957550049,52.0256195068,0.593640966323,0.00023702973301,284.160097573,0.165259033442
UBFC_A1/Eval_On_COHFACE,COHFACE,old,COHFACE_s14_session1_lamp,12,85.0,81.0,large_error,85.0,0.9999999999999998,84.0,0.9818604064060353,86.0,0.9029081282292957,81.0,0.9999999999999996,80.0,0.9912414997637331,82.0,0.9504621665305135,14_1,14,1,lamp,118.957550049,52.0256195068,0.593640966323,0.00023702973301,284.160097573,0.165259033442
UBFC_A1/Eval_On_COHFACE,COHFACE,old,COHFACE_s14_session1_lamp,13,85.0,82.0,correct,85.0,0.9999999999999998,84.0,0.9692495626540495,86.0,0.9156991305780806,82.0,0.9999999999999997,81.0,0.9727042086173552,83.0,0.9235478596738587,14_1,14,1,lamp,118.957550049,52.0256195068,0.593640966323,0.00023702973301,284.160097573,0.165259033442
UBFC_A1/Eval_On_COHFACE,COHFACE,old,COHFACE_s14_session1_lamp,14,84.0,77.0,large_error,84.0,0.9999999999999998,85.0,0.9937918464916827,83.0,0.8944343310716044,77.0,0.9999999999999997,78.0,0.9794795861750255,76.0,0.962931232802912,14_1,14,1,lamp,118.957550049,52.0256195068,0.593640966323,0.00023702973301,284.160097573,0.165259033442
UBFC_A1/Eval_On_COHFACE,COHFACE,old,COHFACE_s14_session1_lamp,15,84.0,81.0,correct,84.0,0.9999999999999998,85.0,0.9662083844231867,83.0,0.9168440819818511,81.0,0.9999999999999999,82.0,0.9472654211323691,80.0,0.9432335694345156,14_1,14,1,lamp,118.957550049,52.0256195068,0.593640966323,0.00023702973301,284.160097573,0.165259033442
UBFC_A1/Eval_On_COHFACE,COHFACE,old,COHFACE_s14_session1_lamp,16,84.0,81.0,correct,84.0,0.9999999999999998,83.0,0.9896619413401846,85.0,0.9001371752888454,81.0,0.9999999999999997,80.0,0.9745953541830789,82.0,0.9374134158989353,14_1,14,1,lamp,118.957550049,52.0256195068,0.593640966323,0.00023702973301,284.160097573,0.165259033442
UBFC_A1/Eval_On_COHFACE,COHFACE,old,COHFACE_s14_session1_lamp,17,83.0,43.0,sub_harmonic_half,83.0,0.9999999999999998,84.0,0.9510462269801342,82.0,0.9418038084075196,43.0,0.9999999999999997,42.0,0.9815135010312199,44.0,0.9307727461102828,14_1,14,1,lamp,118.957550049,52.0256195068,0.593640966323,0.00023702973301,284.160097573,0.165259033442
UBFC_A1/Eval_On_COHFACE,COHFACE,old,COHFACE_s14_session1_lamp,18,83.0,82.0,correct,83.0,0.9999999999999998,82.0,0.9912589901490244,84.0,0.897937384077383,82.0,0.9999999999999997,83.0,0.9681236050140414,81.0,0.9324967708531049,14_1,14,1,lamp,118.957550049,52.0256195068,0.593640966323,0.00023702973301,284.160097573,0.165259033442
UBFC_A1/Eval_On_COHFACE,COHFACE,old,COHFACE_s14_session1_lamp,19,83.0,42.0,sub_harmonic_half,83.0,0.9999999999999998,82.0,0.9592605365271603,84.0,0.9196485885571845,42.0,0.9999999999999994,43.0,0.996953134365412,41.0,0.9240731257016624,14_1,14,1,lamp,118.957550049,52.0256195068,0.593640966323,0.00023702973301,284.160097573,0.165259033442
UBFC_A1/Eval_On_COHFACE,COHFACE,old,COHFACE_s14_session1_lamp,20,83.0,43.0,sub_harmonic_half,83.0,0.9999999999999999,84.0,0.9493674305865623,82.0,0.9278821770461351,43.0,0.9999999999999997,42.0,0.9706691118887939,44.0,0.9378178612365803,14_1,14,1,lamp,118.957550049,52.0256195068,0.593640966323,0.00023702973301,284.160097573,0.165259033442
UBFC_A1/Eval_On_COHFACE,COHFACE,old,COHFACE_s14_session1_lamp,21,83.0,41.0,sub_harmonic_half,83.0,0.9999999999999999,84.0,0.9945278926908181,82.0,0.8901100159025566,41.0,0.9999999999999994,40.0,0.9990076449408338,42.0,0.9298888201268586,14_1,14,1,lamp,118.957550049,52.0256195068,0.593640966323,0.00023702973301,284.160097573,0.165259033442
UBFC_A1/Eval_On_COHFACE,COHFACE,old,COHFACE_s14_session1_lamp,22,84.0,41.0,sub_harmonic_half,84.0,0.9999999999999999,85.0,0.9503418406284307,83.0,0.9410096027344381,41.0,0.9999999999999993,42.0,0.995600555070026,40.0,0.898840277333162,14_1,14,1,lamp,118.957550049,52.0256195068,0.593640966323,0.00023702973301,284.160097573,0.165259033442
UBFC_A1/Eval_On_COHFACE,COHFACE,old,COHFACE_s14_session1_lamp,23,84.0,60.0,large_error,84.0,0.9999999999999999,85.0,0.9652441520159288,83.0,0.9261632130047951,60.0,0.9999999999999996,59.0,0.9399832674820608,61.0,0.9323752521469784,14_1,14,1,lamp,118.957550049,52.0256195068,0.593640966323,0.00023702973301,284.160097573,0.165259033442
UBFC_A1/Eval_On_COHFACE,COHFACE,old,COHFACE_s14_session1_lamp,24,84.0,40.0,sub_harmonic_half,84.0,0.9999999999999999,85.0,0.9751642135118598,83.0,0.9183007239172759,40.0,0.9999999999999994,79.0,0.7814508502972893,78.0,0.7774013761573761,14_1,14,1,lamp,118.957550049,52.0256195068,0.593640966323,0.00023702973301,284.160097573,0.165259033442
UBFC_A1/Eval_On_COHFACE,COHFACE,old,COHFACE_s14_session1_lamp,25,84.0,65.0,large_error,84.0,0.9999999999999999,85.0,0.9749612906405724,83.0,0.9111550757300201,65.0,0.9999999999999994,64.0,0.9667094255453181,66.0,0.9183300137501963,14_1,14,1,lamp,118.957550049,52.0256195068,0.593640966323,0.00023702973301,284.160097573,0.165259033442
UBFC_A1/Eval_On_COHFACE,COHFACE,old,COHFACE_s14_session1_lamp,26,84.0,78.0,large_error,84.0,0.9999999999999999,85.0,0.9779383037674724,83.0,0.90409356056752,78.0,0.9999999999999998,79.0,0.9591798344115653,77.0,0.9509014153499059,14_1,14,1,lamp,118.957550049,52.0256195068,0.593640966323,0.00023702973301,284.160097573,0.165259033442
UBFC_A1/Eval_On_COHFACE,COHFACE,old,COHFACE_s14_session1_lamp,27,85.0,80.0,large_error,85.0,0.9999999999999999,84.0,0.9790245304707308,86.0,0.9127838158588674,80.0,0.9999999999999998,79.0,0.9532824126048877,81.0,0.9509331104931188,14_1,14,1,lamp,118.957550049,52.0256195068,0.593640966323,0.00023702973301,284.160097573,0.165259033442
UBFC_A1/Eval_On_COHFACE,COHFACE,old,COHFACE_s14_session1_lamp,28,85.0,81.0,large_error,85.0,0.9999999999999999,84.0,0.9523524746051645,86.0,0.9314219097444973,81.0,0.9999999999999997,82.0,0.9647131525440695,80.0,0.9553976581168743,14_1,14,1,lamp,118.957550049,52.0256195068,0.593640966323,0.00023702973301,284.160097573,0.165259033442
UBFC_A1/Eval_On_COHFACE,COHFACE,old,COHFACE_s14_session1_lamp,29,85.0,42.0,sub_harmonic_half,85.0,0.9999999999999999,86.0,0.9521142100121328,84.0,0.9340014167000984,42.0,0.9999999999999998,80.0,0.9957174719257341,79.0,0.9944299924281383,14_1,14,1,lamp,118.957550049,52.0256195068,0.593640966323,0.00023702973301,284.160097573,0.165259033442
UBFC_A1/Eval_On_COHFACE,COHFACE,old,COHFACE_s14_session1_lamp,30,85.0,81.0,large_error,85.0,0.9999999999999999,84.0,0.9429012553267985,86.0,0.9388804393129643,81.0,0.9999999999999998,80.0,0.9682066618362356,82.0,0.955997749477786,14_1,14,1,lamp,118.957550049,52.0256195068,0.593640966323,0.00023702973301,284.160097573,0.165259033442
UBFC_A1/Eval_On_COHFACE,COHFACE,old,COHFACE_s14_session1_lamp,31,85.0,80.0,large_error,85.0,0.9999999999999999,84.0,0.9672940014350142,86.0,0.9188548371903567,80.0,0.9999999999999997,79.0,0.9886221755247144,81.0,0.9439179323603116,14_1,14,1,lamp,118.957550049,52.0256195068,0.593640966323,0.00023702973301,284.160097573,0.165259033442
UBFC_A1/Eval_On_COHFACE,COHFACE,old,COHFACE_s14_session1_lamp,32,85.0,43.0,sub_harmonic_half,85.0,0.9999999999999999,84.0,0.9825605320110261,86.0,0.9084821922860945,43.0,0.9999999999999998,44.0,0.9615854974265322,42.0,0.9583705759323107,14_1,14,1,lamp,118.957550049,52.0256195068,0.593640966323,0.00023702973301,284.160097573,0.165259033442
UBFC_A1/Eval_On_COHFACE,COHFACE,old,COHFACE_s14_session1_lamp,33,85.0,50.0,large_error,85.0,0.9999999999999999,84.0,0.9942041801094974,86.0,0.8941147025798412,50.0,0.9999999999999997,40.0,0.9596581454868319,51.0,0.9579588687611145,14_1,14,1,lamp,118.957550049,52.0256195068,0.593640966323,0.00023702973301,284.160097573,0.165259033442
UBFC_A1/Eval_On_COHFACE,COHFACE,old,COHFACE_s14_session1_lamp,34,84.0,80.0,large_error,84.0,0.9999999999999999,85.0,0.9748451527069655,83.0,0.9131584826610882,80.0,0.9999999999999996,81.0,0.9615823759656429,79.0,0.9086115730227368,14_1,14,1,lamp,118.957550049,52.0256195068,0.593640966323,0.00023702973301,284.160097573,0.165259033442
UBFC_A1/Eval_On_COHFACE,COHFACE,old,COHFACE_s14_session1_lamp,35,84.0,41.0,sub_harmonic_half,84.0,0.9999999999999999,85.0,0.951431995311845,83.0,0.9314040332072223,41.0,0.9999999999999996,42.0,0.9370752461780858,40.0,0.9298640460466473,14_1,14,1,lamp,118.957550049,52.0256195068,0.593640966323,0.00023702973301,284.160097573,0.165259033442
UBFC_A1/Eval_On_COHFACE,COHFACE,old,COHFACE_s14_session1_lamp,36,84.0,120.0,super_harmonic_1p5x,84.0,0.9999999999999999,85.0,0.9741835393678735,83.0,0.9083173031154614,120.0,0.9999999999999992,119.0,0.9809613555051787,121.0,0.9285811250573911,14_1,14,1,lamp,118.957550049,52.0256195068,0.593640966323,0.00023702973301,284.160097573,0.165259033442
UBFC_A1/Eval_On_COHFACE,COHFACE,old,COHFACE_s14_session1_lamp,37,84.0,120.0,super_harmonic_1p5x,84.0,0.9999999999999999,85.0,0.9914973010253724,83.0,0.8934911275500947,120.0,0.9999999999999991,121.0,0.9638831565343684,119.0,0.9269059089278884,14_1,14,1,lamp,118.957550049,52.0256195068,0.593640966323,0.00023702973301,284.160097573,0.165259033442
UBFC_A1/Eval_On_COHFACE,COHFACE,old,COHFACE_s14_session1_lamp,38,84.0,41.0,sub_harmonic_half,84.0,0.9999999999999999,85.0,0.9546693664396092,83.0,0.9337240939198416,41.0,0.9999999999999997,42.0,0.9742042420084489,68.0,0.9519023235177684,14_1,14,1,lamp,118.957550049,52.0256195068,0.593640966323,0.00023702973301,284.160097573,0.165259033442
UBFC_A1/Eval_On_COHFACE,COHFACE,old,COHFACE_s14_session1_lamp,39,84.0,79.0,large_error,84.0,0.9999999999999999,83.0,0.9713080140840609,85.0,0.9190140606084947,79.0,0.9999999999999994,120.0,0.968951571094549,121.0,0.9644376108799039,14_1,14,1,lamp,118.957550049,52.0256195068,0.593640966323,0.00023702973301,284.160097573,0.165259033442
UBFC_A1/Eval_On_COHFACE,COHFACE,old,COHFACE_s14_session1_lamp,40,83.0,120.0,super_harmonic_1p5x,83.0,0.9999999999999999,84.0,0.9670299059338991,82.0,0.9184059318951531,120.0,0.9999999999999994,121.0,0.9940535099842369,80.0,0.9710145484471433,14_1,14,1,lamp,118.957550049,52.0256195068,0.593640966323,0.00023702973301,284.160097573,0.165259033442
UBFC_A1/Eval_On_COHFACE,COHFACE,old,COHFACE_s14_session1_lamp,41,82.0,60.0,large_error,82.0,0.9999999999999999,83.0,0.9712041140969184,81.0,0.920265234320251,60.0,0.9999999999999997,59.0,0.9667172011926214,61.0,0.9281260892008405,14_1,14,1,lamp,118.957550049,52.0256195068,0.593640966323,0.00023702973301,284.160097573,0.165259033442
UBFC_A1/Eval_On_COHFACE,COHFACE,old,COHFACE_s14_session1_lamp,42,81.0,81.0,correct,81.0,0.9999999999999999,82.0,0.9652088650394113,80.0,0.927079340764171,81.0,0.9999999999999997,80.0,0.9707077981421234,82.0,0.951768446188046,14_1,14,1,lamp,118.957550049,52.0256195068,0.593640966323,0.00023702973301,284.160097573,0.165259033442
UBFC_A1/Eval_On_COHFACE,COHFACE,old,COHFACE_s14_session1_lamp,43,80.0,58.0,large_error,80.0,0.9999999999999999,81.0,0.9812604649791468,79.0,0.9096660442568414,58.0,0.9999999999999998,59.0,0.9839722166372996,57.0,0.9242649542232587,14_1,14,1,lamp,118.957550049,52.0256195068,0.593640966323,0.00023702973301,284.160097573,0.165259033442
UBFC_A1/Eval_On_COHFACE,COHFACE,old,COHFACE_s14_session1_lamp,44,80.0,60.0,large_error,80.0,0.9999999999999999,79.0,0.9556280869378032,81.0,0.9359393572567697,60.0,0.9999999999999998,59.0,0.967452602616856,61.0,0.8945631057583201,14_1,14,1,lamp,118.957550049,52.0256195068,0.593640966323,0.00023702973301,284.160097573,0.165259033442
UBFC_A1/Eval_On_COHFACE,COHFACE,old,COHFACE_s14_session1_lamp,45,80.0,81.0,correct,80.0,0.9999999999999999,79.0,0.9509248458023353,81.0,0.9288495413995509,81.0,0.9999999999999998,80.0,0.9378562649810364,82.0,0.928885384632138,14_1,14,1,lamp,118.957550049,52.0256195068,0.593640966323,0.00023702973301,284.160097573,0.165259033442
UBFC_A1/Eval_On_COHFACE,COHFACE,old,COHFACE_s14_session1_lamp,46,80.0,81.0,correct,80.0,0.9999999999999999,81.0,0.9636690087817711,79.0,0.9197007585216479,81.0,0.9999999999999997,82.0,0.9591418923726325,80.0,0.92595623159625,14_1,14,1,lamp,118.957550049,52.0256195068,0.593640966323,0.00023702973301,284.160097573,0.165259033442
UBFC_A1/Eval_On_COHFACE,COHFACE,old,COHFACE_s14_session1_lamp,47,81.0,43.0,sub_harmonic_half,81.0,0.9999999999999999,80.0,0.9665843849934819,82.0,0.917724439450791,43.0,0.9999999999999994,42.0,0.9998952418955703,61.0,0.9239971672197088,14_1,14,1,lamp,118.957550049,52.0256195068,0.593640966323,0.00023702973301,284.160097573,0.165259033442
UBFC_A1/Eval_On_COHFACE,COHFACE,old,COHFACE_s14_session1_lamp,48,82.0,81.0,correct,82.0,0.9999999999999999,81.0,0.9996907573961812,83.0,0.8868966519664503,81.0,0.9999999999999997,82.0,0.9683781552668675,80.0,0.9349542179623808,14_1,14,1,lamp,118.957550049,52.0256195068,0.593640966323,0.00023702973301,284.160097573,0.165259033442
UBFC_A1/Eval_On_COHFACE,COHFACE,old,COHFACE_s14_session1_lamp,49,82.0,83.0,correct,82.0,0.9999999999999999,83.0,0.962553167461866,81.0,0.9245646276849928,83.0,0.9999999999999988,84.0,0.9868781240099402,82.0,0.9509119134104461,14_1,14,1,lamp,118.957550049,52.0256195068,0.593640966323,0.00023702973301,284.160097573,0.165259033442
UBFC_A1/Eval_On_COHFACE,COHFACE,old,COHFACE_s14_session1_lamp,50,83.0,79.0,large_error,83.0,0.9999999999999999,84.0,0.9544613430103656,82.0,0.9315789759774235,79.0,0.9999999999999996,80.0,0.959260510607179,42.0,0.9214361120310335,14_1,14,1,lamp,118.957550049,52.0256195068,0.593640966323,0.00023702973301,284.160097573,0.165259033442
UBFC_A1/Eval_On_COHFACE,COHFACE,old,COHFACE_s14_session2_natural,0,77.0,81.0,large_error,77.0,0.9999999999999999,76.0,0.9860361548914646,78.0,0.8950644838152704,81.0,0.9999999999999997,40.0,0.9870608067304883,80.0,0.9829652893241455,14_2,14,2,natural,93.6923141479,55.8834571838,16.6976487138,0,342.57870808,0.16868750751
UBFC_A1/Eval_On_COHFACE,COHFACE,old,COHFACE_s14_session2_natural,1,80.0,80.0,correct,80.0,0.9999999999999998,81.0,0.9665599480873875,79.0,0.9211036969884403,80.0,0.9999999999999996,79.0,0.9560222710225987,81.0,0.9077645166211384,14_2,14,2,natural,93.6923141479,55.8834571838,16.6976487138,0,342.57870808,0.16868750751
UBFC_A1/Eval_On_COHFACE,COHFACE,old,COHFACE_s14_session2_natural,2,81.0,41.0,sub_harmonic_half,81.0,0.9999999999999999,80.0,0.9937405050448003,82.0,0.895961110054714,41.0,0.9999999999999998,40.0,0.9927823013824805,42.0,0.8747448373268162,14_2,14,2,natural,93.6923141479,55.8834571838,16.6976487138,0,342.57870808,0.16868750751
UBFC_A1/Eval_On_COHFACE,COHFACE,old,COHFACE_s14_session2_natural,3,82.0,40.0,sub_harmonic_half,82.0,0.9999999999999999,81.0,0.9576230731501111,83.0,0.9284630679702011,40.0,0.9999999999999998,41.0,0.9503993682862075,42.0,0.8296192161676389,14_2,14,2,natural,93.6923141479,55.8834571838,16.6976487138,0,342.57870808,0.16868750751
UBFC_A1/Eval_On_COHFACE,COHFACE,old,COHFACE_s14_session2_natural,4,82.0,43.0,sub_harmonic_half,82.0,0.9999999999999999,83.0,0.9949314469523111,81.0,0.8850528259780884,43.0,0.9999999999999997,44.0,0.9858339877706711,42.0,0.98048856338309,14_2,14,2,natural,93.6923141479,55.8834571838,16.6976487138,0,342.57870808,0.16868750751
UBFC_A1/Eval_On_COHFACE,COHFACE,old,COHFACE_s14_session2_natural,5,83.0,43.0,sub_harmonic_half,83.0,0.9999999999999999,82.0,0.9462059564370454,84.0,0.9376704012585105,43.0,0.9999999999999998,44.0,0.9776103488893009,42.0,0.9418580796656641,14_2,14,2,natural,93.6923141479,55.8834571838,16.6976487138,0,342.57870808,0.16868750751
UBFC_A1/Eval_On_COHFACE,COHFACE,old,COHFACE_s14_session2_natural,6,83.0,41.0,sub_harmonic_half,83.0,0.9999999999999999,84.0,0.9988097136866055,82.0,0.8906662574755649,41.0,0.9999999999999998,42.0,0.9778166200023509,40.0,0.9534721309497385,14_2,14,2,natural,93.6923141479,55.8834571838,16.6976487138,0,342.57870808,0.16868750751
UBFC_A1/Eval_On_COHFACE,COHFACE,old,COHFACE_s14_session2_natural,7,84.0,42.0,sub_harmonic_half,84.0,0.9999999999999999,83.0,0.9855953429216878,85.0,0.9061592284339365,42.0,0.9999999999999998,41.0,0.9891699581956702,43.0,0.9435153388422117,14_2,14,2,natural,93.6923141479,55.8834571838,16.6976487138,0,342.57870808,0.16868750751
UBFC_A1/Eval_On_COHFACE,COHFACE,old,COHFACE_s14_session2_natural,8,83.0,41.0,sub_harmonic_half,83.0,0.9999999999999999,84.0,0.9924904536394629,82.0,0.9011651998352536,41.0,0.9999999999999998,42.0,0.9507910752741403,40.0,0.9248791382946346,14_2,14,2,natural,93.6923141479,55.8834571838,16.6976487138,0,342.57870808,0.16868750751
UBFC_A1/Eval_On_COHFACE,COHFACE,old,COHFACE_s14_session2_natural,9,83.0,40.0,sub_harmonic_half,83.0,0.9999999999999999,84.0,0.9851661389169643,82.0,0.8961166952429783,40.0,0.9999999999999997,41.0,0.8690930589480698,79.0,0.823395023794207,14_2,14,2,natural,93.6923141479,55.8834571838,16.6976487138,0,342.57870808,0.16868750751
UBFC_A1/Eval_On_COHFACE,COHFACE,old,COHFACE_s14_session2_natural,10,83.0,80.0,correct,83.0,0.9999999999999999,84.0,0.9769103393284698,82.0,0.9019362699982489,80.0,0.9999999999999996,81.0,0.9480665656239182,79.0,0.9138272332217409,14_2,14,2,natural,93.6923141479,55.8834571838,16.6976487138,0,342.57870808,0.16868750751
UBFC_A1/Eval_On_COHFACE,COHFACE,old,COHFACE_s14_session2_natural,11,83.0,40.0,sub_harmonic_half,83.0,0.9999999999999999,84.0,0.9616429997333423,82.0,0.9187569743437337,40.0,0.9999999999999997,58.0,0.9293818264812772,59.0,0.9242682472164061,14_2,14,2,natural,93.6923141479,55.8834571838,16.6976487138,0,342.57870808,0.16868750751
UBFC_A1/Eval_On_COHFACE,COHFACE,old,COHFACE_s14_session2_natural,12,83.0,81.0,correct,83.0,0.9999999999999999,84.0,0.9571450119571917,82.0,0.9314451615745647,81.0,0.9999999999999998,80.0,0.9732838647696423,82.0,0.9232603970945422,14_2,14,2,natural,93.6923141479,55.8834571838,16.6976487138,0,342.57870808,0.16868750751
UBFC_A1/Eval_On_COHFACE,COHFACE,old,COHFACE_s14_session2_natural,13,83.0,81.0,correct,83.0,0.9999999999999999,82.0,0.9866990281053445,84.0,0.9025653356774619,81.0,0.9999999999999998,82.0,0.9909688243642828,80.0,0.9028136300546853,14_2,14,2,natural,93.6923141479,55.8834571838,16.6976487138,0,342.57870808,0.16868750751
UBFC_A1/Eval_On_COHFACE,COHFACE,old,COHFACE_s14_session2_natural,14,83.0,79.0,large_error,83.0,0.9999999999999999,84.0,0.9689665354830405,82.0,0.9229919363596937,79.0,0.9999999999999998,78.0,0.9735782436479173,80.0,0.973548389225865,14_2,14,2,natural,93.6923141479,55.8834571838,16.6976487138,0,342.57870808,0.16868750751
UBFC_A1/Eval_On_COHFACE,COHFACE,old,COHFACE_s14_session2_natural,15,83.0,55.0,large_error,83.0,0.9999999999999999,84.0,0.9873124605033214,82.0,0.8982733644633653,55.0,0.9999999999999997,54.0,0.9521274627872109,56.0,0.9474913894569875,14_2,14,2,natural,93.6923141479,55.8834571838,16.6976487138,0,342.57870808,0.16868750751
UBFC_A1/Eval_On_COHFACE,COHFACE,old,COHFACE_s14_session2_natural,16,83.0,53.0,large_error,83.0,0.9999999999999998,84.0,0.9875473413731704,82.0,0.8887274060508175,53.0,0.9999999999999998,52.0,0.9842868660258768,54.0,0.9367645667599074,14_2,14,2,natural,93.6923141479,55.8834571838,16.6976487138,0,342.57870808,0.16868750751
UBFC_A1/Eval_On_COHFACE,COHFACE,old,COHFACE_s14_session2_natural,17,83.0,52.0,large_error,83.0,0.9999999999999999,84.0,0.9746425659999169,82.0,0.911249437295523,52.0,0.9999999999999999,53.0,0.9950543088998178,51.0,0.8864185477964757,14_2,14,2,natural,93.6923141479,55.8834571838,16.6976487138,0,342.57870808,0.16868750751
UBFC_A1/Eval_On_COHFACE,COHFACE,old,COHFACE_s14_session2_natural,18,83.0,51.0,large_error,83.0,0.9999999999999999,82.0,0.9422174394085457,84.0,0.9406681097762163,51.0,0.9999999999999998,52.0,0.9936026612788978,50.0,0.9271601908462623,14_2,14,2,natural,93.6923141479,55.8834571838,16.6976487138,0,342.57870808,0.16868750751
UBFC_A1/Eval_On_COHFACE,COHFACE,old,COHFACE_s14_session2_natural,19,83.0,47.0,sub_harmonic_half,83.0,0.9999999999999999,82.0,0.9621073225548387,84.0,0.9227914532574307,47.0,0.9999999999999998,46.0,0.997081542178344,48.0,0.9320673171247335,14_2,14,2,natural,93.6923141479,55.8834571838,16.6976487138,0,342.57870808,0.16868750751
UBFC_A1/Eval_On_COHFACE,COHFACE,old,COHFACE_s14_session2_natural,20,82.0,44.0,sub_harmonic_half,82.0,0.9999999999999999,83.0,0.9631597003043403,81.0,0.9259470865414529,44.0,0.9999999999999999,45.0,0.9964308952957008,43.0,0.9062231086395851,14_2,14,2,natural,93.6923141479,55.8834571838,16.6976487138,0,342.57870808,0.16868750751
UBFC_A1/Eval_On_COHFACE,COHFACE,old,COHFACE_s14_session2_natural,21,81.0,41.0,sub_harmonic_half,81.0,0.9999999999999998,82.0,0.9512090939099584,80.0,0.9367140998348298,41.0,0.9999999999999997,42.0,0.984891275996428,40.0,0.966551503280303,14_2,14,2,natural,93.6923141479,55.8834571838,16.6976487138,0,342.57870808,0.16868750751
UBFC_A1/Eval_On_COHFACE,COHFACE,old,COHFACE_s14_session2_natural,22,81.0,42.0,sub_harmonic_half,81.0,0.9999999999999998,82.0,0.9992680899814133,80.0,0.8915109413815092,42.0,0.9999999999999996,43.0,0.9986259458404526,44.0,0.9551216701004005,14_2,14,2,natural,93.6923141479,55.8834571838,16.6976487138,0,342.57870808,0.16868750751
UBFC_A1/Eval_On_COHFACE,COHFACE,old,COHFACE_s14_session2_natural,23,82.0,42.0,sub_harmonic_half,82.0,0.9999999999999998,81.0,0.9879398848222339,83.0,0.9000248331292998,42.0,0.9999999999999997,41.0,0.9655724158400557,43.0,0.9056464482178653,14_2,14,2,natural,93.6923141479,55.8834571838,16.6976487138,0,342.57870808,0.16868750751
UBFC_A1/Eval_On_COHFACE,COHFACE,old,COHFACE_s14_session2_natural,24,82.0,120.0,super_harmonic_1p5x,82.0,0.9999999999999998,81.0,0.977995989242488,83.0,0.9119207844242407,120.0,0.9999999999999997,121.0,0.9664385795862329,119.0,0.9256197179705661,14_2,14,2,natural,93.6923141479,55.8834571838,16.6976487138,0,342.57870808,0.16868750751
UBFC_A1/Eval_On_COHFACE,COHFACE,old,COHFACE_s14_session2_natural,25,82.0,120.0,super_harmonic_1p5x,82.0,0.9999999999999998,81.0,0.9563043579819921,83.0,0.9249797734870089,120.0,0.9999999999999997,119.0,0.9536291511199008,121.0,0.9377021673351661,14_2,14,2,natural,93.6923141479,55.8834571838,16.6976487138,0,342.57870808,0.16868750751
UBFC_A1/Eval_On_COHFACE,COHFACE,old,COHFACE_s14_session2_natural,26,82.0,120.0,super_harmonic_1p5x,82.0,0.9999999999999998,83.0,0.9598425900646194,81.0,0.9247331750475063,120.0,0.9999999999999998,119.0,0.963656867611931,121.0,0.9258745315921459,14_2,14,2,natural,93.6923141479,55.8834571838,16.6976487138,0,342.57870808,0.16868750751
UBFC_A1/Eval_On_COHFACE,COHFACE,old,COHFACE_s14_session2_natural,27,83.0,40.0,sub_harmonic_half,83.0,0.9999999999999998,82.0,0.9630267579719947,84.0,0.9217994770058497,40.0,0.9999999999999994,119.0,0.8353276245026718,120.0,0.8247067452396859,14_2,14,2,natural,93.6923141479,55.8834571838,16.6976487138,0,342.57870808,0.16868750751
UBFC_A1/Eval_On_COHFACE,COHFACE,old,COHFACE_s14_session2_natural,28,83.0,119.0,super_harmonic_1p5x,83.0,0.9999999999999998,84.0,0.9597108056706934,82.0,0.9265735238369238,119.0,0.9999999999999992,80.0,0.9968932118869596,79.0,0.961948463103583,14_2,14,2,natural,93.6923141479,55.8834571838,16.6976487138,0,342.57870808,0.16868750751
UBFC_A1/Eval_On_COHFACE,COHFACE,old,COHFACE_s14_session2_natural,29,83.0,42.0,sub_harmonic_half,83.0,0.9999999999999998,82.0,0.9451547029010108,84.0,0.9413960195873138,42.0,0.9999999999999998,43.0,0.9468673340740175,41.0,0.9379276218156815,14_2,14,2,natural,93.6923141479,55.8834571838,16.6976487138,0,342.57870808,0.16868750751
UBFC_A1/Eval_On_COHFACE,COHFACE,old,COHFACE_s14_session2_natural,30,83.0,41.0,sub_harmonic_half,83.0,0.9999999999999999,84.0,0.9711371378238742,82.0,0.917354840454505,41.0,0.9999999999999998,42.0,0.9911991919717039,40.0,0.9436919411818484,14_2,14,2,natural,93.6923141479,55.8834571838,16.6976487138,0,342.57870808,0.16868750751
UBFC_A1/Eval_On_COHFACE,COHFACE,old,COHFACE_s14_session2_natural,31,83.0,43.0,sub_harmonic_half,83.0,0.9999999999999999,84.0,0.9640337867447224,82.0,0.9243697191766512,43.0,0.9999999999999997,44.0,0.9806362438315329,81.0,0.9769713802118168,14_2,14,2,natural,93.6923141479,55.8834571838,16.6976487138,0,342.57870808,0.16868750751
UBFC_A1/Eval_On_COHFACE,COHFACE,old,COHFACE_s14_session2_natural,32,83.0,43.0,sub_harmonic_half,83.0,0.9999999999999999,82.0,0.9646257559112187,84.0,0.9232969186245324,43.0,0.9999999999999998,42.0,0.9659521600965615,44.0,0.9413060556699773,14_2,14,2,natural,93.6923141479,55.8834571838,16.6976487138,0,342.57870808,0.16868750751
UBFC_A1/Eval_On_COHFACE,COHFACE,old,COHFACE_s14_session2_natural,33,83.0,80.0,correct,83.0,0.9999999999999999,82.0,0.9881013918275935,84.0,0.9009281693713321,80.0,0.9999999999999998,81.0,0.9963940141383616,79.0,0.8933076907460984,14_2,14,2,natural,93.6923141479,55.8834571838,16.6976487138,0,342.57870808,0.16868750751
UBFC_A1/Eval_On_COHFACE,COHFACE,old,COHFACE_s14_session2_natural,34,82.0,81.0,correct,82.0,0.9999999999999999,83.0,0.9972733901627757,81.0,0.8870826702361672,81.0,0.9999999999999998,80.0,0.9699125298218636,82.0,0.9146971541227185,14_2,14,2,natural,93.6923141479,55.8834571838,16.6976487138,0,342.57870808,0.16868750751
UBFC_A1/Eval_On_COHFACE,COHFACE,old,COHFACE_s14_session2_natural,35,83.0,80.0,correct,83.0,0.9999999999999999,82.0,0.9729584398039839,84.0,0.9087474620638284,80.0,0.9999999999999999,81.0,0.9593231056997571,79.0,0.940079871841403,14_2,14,2,natural,93.6923141479,55.8834571838,16.6976487138,0,342.57870808,0.16868750751
UBFC_A1/Eval_On_COHFACE,COHFACE,old,COHFACE_s14_session2_natural,36,83.0,81.0,correct,83.0,0.9999999999999999,82.0,0.9633729714077754,84.0,0.9215529495045245,81.0,0.9999999999999998,82.0,0.9764594064229678,80.0,0.9297299818877324,14_2,14,2,natural,93.6923141479,55.8834571838,16.6976487138,0,342.57870808,0.16868750751
UBFC_A1/Eval_On_COHFACE,COHFACE,old,COHFACE_s14_session2_natural,37,83.0,81.0,correct,83.0,0.9999999999999999,82.0,0.9998152801356555,84.0,0.8924420188539939,81.0,0.9999999999999999,80.0,0.9619133732565023,82.0,0.9550000444728124,14_2,14,2,natural,93.6923141479,55.8834571838,16.6976487138,0,342.57870808,0.16868750751
UBFC_A1/Eval_On_COHFACE,COHFACE,old,COHFACE_s14_session2_natural,38,83.0,82.0,correct,83.0,0.9999999999999999,82.0,0.968564866343816,84.0,0.9190418009013299,82.0,0.9999999999999999,81.0,0.9944517828791806,83.0,0.939071775116489,14_2,14,2,natural,93.6923141479,55.8834571838,16.6976487138,0,342.57870808,0.16868750751
UBFC_A1/Eval_On_COHFACE,COHFACE,old,COHFACE_s14_session2_natural,39,83.0,82.0,correct,83.0,0.9999999999999999,82.0,0.9730236973682669,84.0,0.9139017462792599,82.0,0.9999999999999998,83.0,0.957876413825422,81.0,0.9404437629015212,14_2,14,2,natural,93.6923141479,55.8834571838,16.6976487138,0,342.57870808,0.16868750751
UBFC_A1/Eval_On_COHFACE,COHFACE,old,COHFACE_s14_session2_natural,40,82.0,82.0,correct,82.0,0.9999999999999999,83.0,0.9635449253156404,81.0,0.9232280399560887,82.0,0.9999999999999998,81.0,0.9603644763007336,83.0,0.9436689694084273,14_2,14,2,natural,93.6923141479,55.8834571838,16.6976487138,0,342.57870808,0.16868750751
UBFC_A1/Eval_On_COHFACE,COHFACE,old,COHFACE_s14_session2_natural,41,82.0,60.0,large_error,82.0,0.9999999999999999,81.0,0.9544168224316187,83.0,0.9358333200477523,60.0,0.9999999999999998,61.0,0.9721000991542815,59.0,0.8562217560267389,14_2,14,2,natural,93.6923141479,55.8834571838,16.6976487138,0,342.57870808,0.16868750751
UBFC_A1/Eval_On_COHFACE,COHFACE,old,COHFACE_s14_session2_natural,42,82.0,81.0,correct,82.0,0.9999999999999999,81.0,0.9632007541188983,83.0,0.9246229414205392,81.0,0.9999999999999998,80.0,0.9765546128543303,82.0,0.8893712889553161,14_2,14,2,natural,93.6923141479,55.8834571838,16.6976487138,0,342.57870808,0.16868750751
UBFC_A1/Eval_On_COHFACE,COHFACE,old,COHFACE_s14_session2_natural,43,82.0,78.0,large_error,82.0,0.9999999999999999,83.0,0.9823284218728655,81.0,0.9039833956568979,78.0,0.9999999999999997,79.0,0.9874000794897605,77.0,0.962029376053095,14_2,14,2,natural,93.6923141479,55.8834571838,16.6976487138,0,342.57870808,0.16868750751
UBFC_A1/Eval_On_COHFACE,COHFACE,old,COHFACE_s14_session2_natural,44,83.0,43.0,sub_harmonic_half,83.0,0.9999999999999999,82.0,0.9971856306141677,84.0,0.8862719286632185,43.0,0.9999999999999998,44.0,0.9872884880935016,42.0,0.8955878286454454,14_2,14,2,natural,93.6923141479,55.8834571838,16.6976487138,0,342.57870808,0.16868750751
UBFC_A1/Eval_On_COHFACE,COHFACE,old,COHFACE_s14_session2_natural,45,83.0,81.0,correct,83.0,0.9999999999999999,82.0,0.977273649455525,84.0,0.9053807608351929,81.0,0.9999999999999997,80.0,0.9559225942572173,82.0,0.9475157525762427,14_2,14,2,natural,93.6923141479,55.8834571838,16.6976487138,0,342.57870808,0.16868750751
UBFC_A1/Eval_On_COHFACE,COHFACE,old,COHFACE_s14_session2_natural,46,84.0,81.0,correct,84.0,0.9999999999999999,83.0,0.9941396736861114,85.0,0.900433204391528,81.0,0.9999999999999994,80.0,0.9633933292906388,82.0,0.9588088378533378,14_2,14,2,natural,93.6923141479,55.8834571838,16.6976487138,0,342.57870808,0.16868750751
UBFC_A1/Eval_On_COHFACE,COHFACE,old,COHFACE_s14_session2_natural,47,84.0,41.0,sub_harmonic_half,84.0,0.9999999999999999,85.0,0.9701648628731544,83.0,0.91595119858751,41.0,0.9999999999999998,42.0,0.9992547185412421,40.0,0.9020625623748562,14_2,14,2,natural,93.6923141479,55.8834571838,16.6976487138,0,342.57870808,0.16868750751
UBFC_A1/Eval_On_COHFACE,COHFACE,old,COHFACE_s14_session2_natural,48,85.0,40.0,sub_harmonic_half,85.0,0.9999999999999999,84.0,0.9687323811545216,86.0,0.9201093572747173,40.0,0.9999999999999997,41.0,0.8454569373636007,42.0,0.6151289495796302,14_2,14,2,natural,93.6923141479,55.8834571838,16.6976487138,0,342.57870808,0.16868750751
UBFC_A1/Eval_On_COHFACE,COHFACE,old,COHFACE_s14_session2_natural,49,85.0,40.0,sub_harmonic_half,85.0,0.9999999999999999,86.0,0.945199869307866,84.0,0.9406937810985596,40.0,0.9999999999999993,41.0,0.904694878144368,42.0,0.7486623222399265,14_2,14,2,natural,93.6923141479,55.8834571838,16.6976487138,0,342.57870808,0.16868750751
UBFC_A1/Eval_On_COHFACE,COHFACE,old,COHFACE_s14_session2_natural,50,85.0,41.0,sub_harmonic_half,85.0,0.9999999999999999,84.0,0.9663512294931867,86.0,0.9184233345804138,41.0,0.9999999999999998,40.0,0.96294223070473,42.0,0.9038500284612454,14_2,14,2,natural,93.6923141479,55.8834571838,16.6976487138,0,342.57870808,0.16868750751
UBFC_A1/Eval_On_COHFACE,COHFACE,old,COHFACE_s14_session3_natural,0,86.0,76.0,large_error,86.0,0.9999999999999999,85.0,0.9751588413540075,87.0,0.9043569421457602,76.0,0.9999999999999998,75.0,0.9919709086564977,77.0,0.9235227491884349,14_3,14,3,natural,103.678741455,62.1724357605,14.8314639588,0,373.35948733,0.181985244155
UBFC_A1/Eval_On_COHFACE,COHFACE,old,COHFACE_s14_session3_natural,1,84.0,77.0,large_error,84.0,0.9999999999999999,83.0,0.9942015619266793,85.0,0.8989914365032927,77.0,0.9999999999999996,76.0,0.96668945493516,40.0,0.952610502056343,14_3,14,3,natural,103.678741455,62.1724357605,14.8314639588,0,373.35948733,0.181985244155
UBFC_A1/Eval_On_COHFACE,COHFACE,old,COHFACE_s14_session3_natural,2,83.0,42.0,sub_harmonic_half,83.0,0.9999999999999999,84.0,0.9718858644119861,82.0,0.9216057731923784,42.0,0.9999999999999998,41.0,0.9973370851352411,43.0,0.8868620101120854,14_3,14,3,natural,103.678741455,62.1724357605,14.8314639588,0,373.35948733,0.181985244155
UBFC_A1/Eval_On_COHFACE,COHFACE,old,COHFACE_s14_session3_natural,3,83.0,41.0,sub_harmonic_half,83.0,0.9999999999999999,84.0,0.9880458176804314,82.0,0.9009716303887185,41.0,0.9999999999999997,40.0,0.9625957402098011,42.0,0.9572944053629029,14_3,14,3,natural,103.678741455,62.1724357605,14.8314639588,0,373.35948733,0.181985244155
UBFC_A1/Eval_On_COHFACE,COHFACE,old,COHFACE_s14_session3_natural,4,83.0,81.0,correct,83.0,0.9999999999999999,84.0,0.9892571592636421,82.0,0.8933390983804662,81.0,0.9999999999999996,80.0,0.9636281302905272,82.0,0.9352412302967823,14_3,14,3,natural,103.678741455,62.1724357605,14.8314639588,0,373.35948733,0.181985244155
UBFC_A1/Eval_On_COHFACE,COHFACE,old,COHFACE_s14_session3_natural,5,83.0,43.0,sub_harmonic_half,83.0,0.9999999999999999,84.0,0.9750421394566252,82.0,0.9051296756393007,43.0,0.9999999999999998,42.0,0.9442969870526524,44.0,0.9410533719991377,14_3,14,3,natural,103.678741455,62.1724357605,14.8314639588,0,373.35948733,0.181985244155
UBFC_A1/Eval_On_COHFACE,COHFACE,old,COHFACE_s14_session3_natural,6,83.0,64.0,large_error,83.0,0.9999999999999999,84.0,0.962173152364488,82.0,0.9256584319860189,64.0,0.9999999999999996,65.0,0.9417392495850946,63.0,0.9322842605960164,14_3,14,3,natural,103.678741455,62.1724357605,14.8314639588,0,373.35948733,0.181985244155
UBFC_A1/Eval_On_COHFACE,COHFACE,old,COHFACE_s14_session3_natural,7,83.0,80.0,correct,83.0,0.9999999999999999,84.0,0.9528362825844304,82.0,0.9340761999921288,80.0,0.9999999999999997,81.0,0.9940500161204575,79.0,0.909694469917756,14_3,14,3,natural,103.678741455,62.1724357605,14.8314639588,0,373.35948733,0.181985244155
UBFC_A1/Eval_On_COHFACE,COHFACE,old,COHFACE_s14_session3_natural,8,83.0,61.0,large_error,83.0,0.9999999999999999,84.0,0.992958250655215,82.0,0.8936840345772216,61.0,0.9999999999999999,60.0,0.9831323700238,61.99999999999999,0.898639277689474,14_3,14,3,natural,103.678741455,62.1724357605,14.8314639588,0,373.35948733,0.181985244155
UBFC_A1/Eval_On_COHFACE,COHFACE,old,COHFACE_s14_session3_natural,9,84.0,81.0,correct,84.0,1.0,83.0,0.9844893762879504,85.0,0.8988937060916165,81.0,0.9999999999999998,82.0,0.9890339190507058,80.0,0.9000804425815538,14_3,14,3,natural,103.678741455,62.1724357605,14.8314639588,0,373.35948733,0.181985244155
UBFC_A1/Eval_On_COHFACE,COHFACE,old,COHFACE_s14_session3_natural,10,84.0,82.0,correct,84.0,1.0,83.0,0.9995890487266491,85.0,0.8881387897630427,82.0,0.9999999999999998,81.0,0.9522833492978029,83.0,0.9473942185318116,14_3,14,3,natural,103.678741455,62.1724357605,14.8314639588,0,373.35948733,0.181985244155
UBFC_A1/Eval_On_COHFACE,COHFACE,old,COHFACE_s14_session3_natural,11,84.0,81.0,correct,84.0,1.0,85.0,0.9496553267961958,83.0,0.9424834071394421,81.0,0.9999999999999999,80.0,0.9650454747416947,82.0,0.9362845261726745,14_3,14,3,natural,103.678741455,62.1724357605,14.8314639588,0,373.35948733,0.181985244155
UBFC_A1/Eval_On_COHFACE,COHFACE,old,COHFACE_s14_session3_natural,12,84.0,82.0,correct,84.0,1.0,85.0,0.986610630107618,83.0,0.9041032414052913,82.0,0.9999999999999998,81.0,0.9886096861166443,83.0,0.9042394206066634,14_3,14,3,natural,103.678741455,62.1724357605,14.8314639588,0,373.35948733,0.181985244155
UBFC_A1/Eval_On_COHFACE,COHFACE,old,COHFACE_s14_session3_natural,13,85.0,82.0,correct,85.0,1.0,84.0,0.9919954020775065,86.0,0.8993797124537202,82.0,0.9999999999999997,81.0,0.9877888575831046,83.0,0.9322017358981164,14_3,14,3,natural,103.678741455,62.1724357605,14.8314639588,0,373.35948733,0.181985244155
UBFC_A1/Eval_On_COHFACE,COHFACE,old,COHFACE_s14_session3_natural,14,84.0,42.0,sub_harmonic_half,84.0,1.0,85.0,0.9976835638972164,83.0,0.8895831905600616,42.0,0.9999999999999998,43.0,0.9764566217969812,41.0,0.9253236153128782,14_3,14,3,natural,103.678741455,62.1724357605,14.8314639588,0,373.35948733,0.181985244155
UBFC_A1/Eval_On_COHFACE,COHFACE,old,COHFACE_s14_session3_natural,15,84.0,40.0,sub_harmonic_half,84.0,1.0,83.0,0.9486975984317326,85.0,0.9356311537935321,40.0,0.9999999999999998,41.0,0.9771427580190404,42.0,0.8579855793275177,14_3,14,3,natural,103.678741455,62.1724357605,14.8314639588,0,373.35948733,0.181985244155
UBFC_A1/Eval_On_COHFACE,COHFACE,old,COHFACE_s14_session3_natural,16,84.0,79.0,large_error,84.0,0.9999999999999999,83.0,0.9861116009924388,85.0,0.9084818340055058,79.0,0.9999999999999997,80.0,0.9969398160272398,78.0,0.8997377882480034,14_3,14,3,natural,103.678741455,62.1724357605,14.8314639588,0,373.35948733,0.181985244155
UBFC_A1/Eval_On_COHFACE,COHFACE,old,COHFACE_s14_session3_natural,17,83.0,78.0,large_error,83.0,0.9999999999999999,84.0,0.9504126100472147,82.0,0.937581453797271,78.0,0.9999999999999998,77.0,0.9935577730865455,79.0,0.9119813322630214,14_3,14,3,natural,103.678741455,62.1724357605,14.8314639588,0,373.35948733,0.181985244155
UBFC_A1/Eval_On_COHFACE,COHFACE,old,COHFACE_s14_session3_natural,18,83.0,79.0,large_error,83.0,0.9999999999999999,82.0,0.9710117767835814,84.0,0.9138804609307916,79.0,0.9999999999999998,78.0,0.9963410484074525,80.0,0.9224922627348342,14_3,14,3,natural,103.678741455,62.1724357605,14.8314639588,0,373.35948733,0.181985244155
UBFC_A1/Eval_On_COHFACE,COHFACE,old,COHFACE_s14_session3_natural,19,83.0,81.0,correct,83.0,0.9999999999999999,82.0,0.9758310259378006,84.0,0.9055619066756065,81.0,0.9999999999999997,80.0,0.9942676684895353,82.0,0.9320785736401659,14_3,14,3,natural,103.678741455,62.1724357605,14.8314639588,0,373.35948733,0.181985244155
UBFC_A1/Eval_On_COHFACE,COHFACE,old,COHFACE_s14_session3_natural,20,83.0,80.0,correct,83.0,0.9999999999999999,82.0,0.9650119081344787,84.0,0.9148499517114657,80.0,0.9999999999999998,79.0,0.9833304111931755,81.0,0.9343479020526934,14_3,14,3,natural,103.678741455,62.1724357605,14.8314639588,0,373.35948733,0.181985244155
UBFC_A1/Eval_On_COHFACE,COHFACE,old,COHFACE_s14_session3_natural,21,83.0,80.0,correct,83.0,0.9999999999999999,84.0,0.9773529135655318,82.0,0.9104884170376188,80.0,0.9999999999999999,81.0,0.9712487763757642,79.0,0.9361593288809155,14_3,14,3,natural,103.678741455,62.1724357605,14.8314639588,0,373.35948733,0.181985244155
UBFC_A1/Eval_On_COHFACE,COHFACE,old,COHFACE_s14_session3_natural,22,84.0,79.0,large_error,84.0,0.9999999999999999,83.0,0.9876024949991312,85.0,0.9003932012855177,79.0,0.9999999999999999,78.0,0.9871690019953027,80.0,0.9269082615038446,14_3,14,3,natural,103.678741455,62.1724357605,14.8314639588,0,373.35948733,0.181985244155
UBFC_A1/Eval_On_COHFACE,COHFACE,old,COHFACE_s14_session3_natural,23,84.0,77.0,large_error,84.0,0.9999999999999999,83.0,0.9947298340473932,85.0,0.8928726045584683,77.0,0.9999999999999998,78.0,0.999087190270065,79.0,0.9408565711750289,14_3,14,3,natural,103.678741455,62.1724357605,14.8314639588,0,373.35948733,0.181985244155
UBFC_A1/Eval_On_COHFACE,COHFACE,old,COHFACE_s14_session3_natural,24,83.0,80.0,correct,83.0,0.9999999999999999,84.0,0.9622642153177763,82.0,0.9265735774679936,80.0,0.9999999999999997,81.0,0.926365967439908,79.0,0.9148097349859425,14_3,14,3,natural,103.678741455,62.1724357605,14.8314639588,0,373.35948733,0.181985244155
UBFC_A1/Eval_On_COHFACE,COHFACE,old,COHFACE_s14_session3_natural,25,83.0,80.0,correct,83.0,0.9999999999999999,82.0,0.9989019173634252,84.0,0.8928442595381294,80.0,0.9999999999999997,81.0,0.999142296681258,82.0,0.8993831215050546,14_3,14,3,natural,103.678741455,62.1724357605,14.8314639588,0,373.35948733,0.181985244155
UBFC_A1/Eval_On_COHFACE,COHFACE,old,COHFACE_s14_session3_natural,26,82.0,43.0,sub_harmonic_half,82.0,0.9999999999999999,83.0,0.9788811058695693,81.0,0.907959356599006,43.0,0.9999999999999998,42.0,0.9953192164252476,44.0,0.8664900000833001,14_3,14,3,natural,103.678741455,62.1724357605,14.8314639588,0,373.35948733,0.181985244155
UBFC_A1/Eval_On_COHFACE,COHFACE,old,COHFACE_s14_session3_natural,27,82.0,81.0,correct,82.0,0.9999999999999999,83.0,0.9572861410398016,81.0,0.9250836885773518,81.0,0.9999999999999998,82.0,0.9470372679349812,80.0,0.9340529965227283,14_3,14,3,natural,103.678741455,62.1724357605,14.8314639588,0,373.35948733,0.181985244155
UBFC_A1/Eval_On_COHFACE,COHFACE,old,COHFACE_s14_session3_natural,28,82.0,81.0,correct,82.0,0.9999999999999999,83.0,0.9465284962758325,81.0,0.9346385468194909,81.0,0.9999999999999998,82.0,0.9763274945519517,80.0,0.9193792212448467,14_3,14,3,natural,103.678741455,62.1724357605,14.8314639588,0,373.35948733,0.181985244155
UBFC_A1/Eval_On_COHFACE,COHFACE,old,COHFACE_s14_session3_natural,29,82.0,44.0,sub_harmonic_half,82.0,0.9999999999999999,83.0,0.9595769723449963,81.0,0.920615119917997,44.0,0.9999999999999998,43.0,0.9668940851453052,45.0,0.9497518214709588,14_3,14,3,natural,103.678741455,62.1724357605,14.8314639588,0,373.35948733,0.181985244155
UBFC_A1/Eval_On_COHFACE,COHFACE,old,COHFACE_s14_session3_natural,30,82.0,81.0,correct,82.0,0.9999999999999999,83.0,0.9770123900981217,81.0,0.9093336119658144,81.0,0.9999999999999998,80.0,0.9644316535130786,82.0,0.9246717893722645,14_3,14,3,natural,103.678741455,62.1724357605,14.8314639588,0,373.35948733,0.181985244155
UBFC_A1/Eval_On_COHFACE,COHFACE,old,COHFACE_s14_session3_natural,31,83.0,81.0,correct,83.0,0.9999999999999999,82.0,0.9980638727893809,84.0,0.8913902678391903,81.0,0.9999999999999998,82.0,0.937688684070333,80.0,0.9353857357565826,14_3,14,3,natural,103.678741455,62.1724357605,14.8314639588,0,373.35948733,0.181985244155
UBFC_A1/Eval_On_COHFACE,COHFACE,old,COHFACE_s14_session3_natural,32,83.0,76.0,large_error,83.0,0.9999999999999999,82.0,0.9858361705069045,84.0,0.9022005627730867,76.0,0.999999999999998,77.0,0.9822382699781,75.0,0.9149021532758583,14_3,14,3,natural,103.678741455,62.1724357605,14.8314639588,0,373.35948733,0.181985244155
UBFC_A1/Eval_On_COHFACE,COHFACE,old,COHFACE_s14_session3_natural,33,83.0,79.0,large_error,83.0,0.9999999999999999,82.0,0.9990568752495242,84.0,0.8908273230394347,79.0,0.9999999999999988,40.0,0.9933165790764092,78.0,0.9660633786944236,14_3,14,3,natural,103.678741455,62.1724357605,14.8314639588,0,373.35948733,0.181985244155
UBFC_A1/Eval_On_COHFACE,COHFACE,old,COHFACE_s14_session3_natural,34,83.0,56.0,large_error,83.0,0.9999999999999999,82.0,0.9721270560306281,84.0,0.9175530546648959,56.0,0.9999999999999973,55.0,0.9955200651173345,57.0,0.9086110429579294,14_3,14,3,natural,103.678741455,62.1724357605,14.8314639588,0,373.35948733,0.181985244155
UBFC_A1/Eval_On_COHFACE,COHFACE,old,COHFACE_s14_session3_natural,35,83.0,42.0,sub_harmonic_half,83.0,1.0,82.0,0.9482731635548639,84.0,0.9393498770769644,42.0,0.9999999999999982,43.0,0.9578090230129014,41.0,0.9290671535293912,14_3,14,3,natural,103.678741455,62.1724357605,14.8314639588,0,373.35948733,0.181985244155
UBFC_A1/Eval_On_COHFACE,COHFACE,old,COHFACE_s14_session3_natural,36,83.0,42.0,sub_harmonic_half,83.0,1.0,84.0,0.9803366509443119,82.0,0.905906211746259,42.0,0.9999999999999976,41.0,0.98829319812132,43.0,0.9361772213547833,14_3,14,3,natural,103.678741455,62.1724357605,14.8314639588,0,373.35948733,0.181985244155
UBFC_A1/Eval_On_COHFACE,COHFACE,old,COHFACE_s14_session3_natural,37,84.0,48.0,sub_harmonic_half,84.0,1.0,83.0,0.9726347033076592,85.0,0.9180539655510125,48.0,0.9999999999999992,47.0,0.9779327349174617,49.0,0.9539501605908923,14_3,14,3,natural,103.678741455,62.1724357605,14.8314639588,0,373.35948733,0.181985244155
UBFC_A1/Eval_On_COHFACE,COHFACE,old,COHFACE_s14_session3_natural,38,84.0,46.0,sub_harmonic_half,84.0,1.0,83.0,0.9537178941209458,85.0,0.9318109537360695,46.0,0.9999999999999994,45.0,0.9618386406664045,47.0,0.9538217656072132,14_3,14,3,natural,103.678741455,62.1724357605,14.8314639588,0,373.35948733,0.181985244155
UBFC_A1/Eval_On_COHFACE,COHFACE,old,COHFACE_s14_session3_natural,39,84.0,51.0,large_error,84.0,1.0,85.0,0.9773812613209713,83.0,0.9118438243023431,51.0,0.9999999999999974,52.0,0.9586694825235785,50.0,0.9058119331365434,14_3,14,3,natural,103.678741455,62.1724357605,14.8314639588,0,373.35948733,0.181985244155
UBFC_A1/Eval_On_COHFACE,COHFACE,old,COHFACE_s14_session3_natural,40,85.0,52.0,large_error,85.0,1.0,84.0,0.9938148288013301,86.0,0.8963430943216799,52.0,0.9999999999999989,53.0,0.987583788036046,51.0,0.9014793557161973,14_3,14,3,natural,103.678741455,62.1724357605,14.8314639588,0,373.35948733,0.181985244155
UBFC_A1/Eval_On_COHFACE,COHFACE,old,COHFACE_s14_session3_natural,41,85.0,51.0,large_error,85.0,1.0,84.0,0.9699886893386721,86.0,0.9164653525717211,51.0,0.9999999999999997,52.0,0.9465182004271467,50.0,0.8926773366101085,14_3,14,3,natural,103.678741455,62.1724357605,14.8314639588,0,373.35948733,0.181985244155
UBFC_A1/Eval_On_COHFACE,COHFACE,old,COHFACE_s14_session3_natural,42,85.0,64.0,large_error,85.0,0.9999999999999999,84.0,0.9520033928282677,86.0,0.9379101450508863,64.0,0.9999999999999987,49.0,0.9889832770899678,63.0,0.9770232474329357,14_3,14,3,natural,103.678741455,62.1724357605,14.8314639588,0,373.35948733,0.181985244155
UBFC_A1/Eval_On_COHFACE,COHFACE,old,COHFACE_s14_session3_natural,43,85.0,50.0,large_error,85.0,0.9999999999999999,84.0,0.9723328012863547,86.0,0.915456878628353,50.0,0.9999999999999997,51.0,0.9500207950337215,49.0,0.9123702831804015,14_3,14,3,natural,103.678741455,62.1724357605,14.8314639588,0,373.35948733,0.181985244155
UBFC_A1/Eval_On_COHFACE,COHFACE,old,COHFACE_s14_session3_natural,44,85.0,69.0,large_error,85.0,0.9999999999999999,84.0,0.9707438624665148,86.0,0.9169134892336059,69.0,0.9999999999999994,68.0,0.9781355195850524,70.0,0.8833075689513228,14_3,14,3,natural,103.678741455,62.1724357605,14.8314639588,0,373.35948733,0.181985244155
UBFC_A1/Eval_On_COHFACE,COHFACE,old,COHFACE_s14_session3_natural,45,85.0,68.0,large_error,85.0,0.9999999999999999,84.0,0.9725472473729608,86.0,0.9101671958013858,68.0,0.9999999999999996,67.0,0.9735231034685108,69.0,0.9545442757648782,14_3,14,3,natural,103.678741455,62.1724357605,14.8314639588,0,373.35948733,0.181985244155
UBFC_A1/Eval_On_COHFACE,COHFACE,old,COHFACE_s14_session3_natural,46,85.0,68.0,large_error,85.0,0.9999999999999999,84.0,0.9477127941524692,86.0,0.9311349178586875,68.0,0.9999999999999997,67.0,0.984245451612628,69.0,0.9741294831791344,14_3,14,3,natural,103.678741455,62.1724357605,14.8314639588,0,373.35948733,0.181985244155
UBFC_A1/Eval_On_COHFACE,COHFACE,old,COHFACE_s14_session3_natural,47,85.0,70.0,large_error,85.0,0.9999999999999999,86.0,0.9497712802258959,84.0,0.9311134630780797,70.0,0.9999999999999996,71.0,0.9995719444037628,69.0,0.990790069828594,14_3,14,3,natural,103.678741455,62.1724357605,14.8314639588,0,373.35948733,0.181985244155
UBFC_A1/Eval_On_COHFACE,COHFACE,old,COHFACE_s14_session3_natural,48,85.0,66.0,large_error,85.0,0.9999999999999999,84.0,0.9612564055733608,86.0,0.9217303163125641,66.0,0.9999999999999997,67.0,0.9882418414927315,65.0,0.9775387746455055,14_3,14,3,natural,103.678741455,62.1724357605,14.8314639588,0,373.35948733,0.181985244155
UBFC_A1/Eval_On_COHFACE,COHFACE,old,COHFACE_s14_session3_natural,49,84.0,67.0,large_error,84.0,0.9999999999999999,85.0,0.9883502829910397,83.0,0.90162107839588,67.0,0.9999999999999997,66.0,0.9774595099618402,68.0,0.9698569803823106,14_3,14,3,natural,103.678741455,62.1724357605,14.8314639588,0,373.35948733,0.181985244155
UBFC_A1/Eval_On_COHFACE,COHFACE,old,COHFACE_s14_session3_natural,50,84.0,67.0,large_error,84.0,0.9999999999999999,83.0,0.9823483199502038,85.0,0.911159207825924,67.0,0.9999999999999996,66.0,0.9867951959033153,68.0,0.9376663653279043,14_3,14,3,natural,103.678741455,62.1724357605,14.8314639588,0,373.35948733,0.181985244155
UBFC_A1/Eval_On_COHFACE,COHFACE,old,COHFACE_s15_session0_lamp,0,81.0,49.0,large_error,81.0,1.0,82.0,0.9542222680362605,80.0,0.9261978694799997,49.0,0.9999999999999997,48.0,0.9733466065124841,50.0,0.8993294496099339,15_0,15,0,lamp,124.068389893,47.3510780334,0.488638070913,0.00484525240385,500.038647663,0.269061923027
UBFC_A1/Eval_On_COHFACE,COHFACE,old,COHFACE_s15_session0_lamp,1,82.0,51.0,large_error,82.0,0.9999999999999999,83.0,0.944988967758322,81.0,0.9386909373558218,51.0,0.9999999999999998,50.0,0.9684465898391145,52.0,0.8898285118778576,15_0,15,0,lamp,124.068389893,47.3510780334,0.488638070913,0.00484525240385,500.038647663,0.269061923027
UBFC_A1/Eval_On_COHFACE,COHFACE,old,COHFACE_s15_session0_lamp,2,83.0,52.0,large_error,83.0,0.9999999999999999,82.0,0.9748203062736007,84.0,0.9148687122422158,52.0,0.9999999999999998,51.0,0.9552517975541811,53.0,0.9418986832087773,15_0,15,0,lamp,124.068389893,47.3510780334,0.488638070913,0.00484525240385,500.038647663,0.269061923027
UBFC_A1/Eval_On_COHFACE,COHFACE,old,COHFACE_s15_session0_lamp,3,83.0,51.0,large_error,83.0,0.9999999999999999,84.0,0.9683177454923869,82.0,0.9241859972786376,51.0,0.9999999999999998,52.0,0.9964338690291257,50.0,0.9643200350018805,15_0,15,0,lamp,124.068389893,47.3510780334,0.488638070913,0.00484525240385,500.038647663,0.269061923027
UBFC_A1/Eval_On_COHFACE,COHFACE,old,COHFACE_s15_session0_lamp,4,84.0,53.0,large_error,84.0,0.9999999999999998,83.0,0.9639244143773262,85.0,0.9284189934716106,53.0,0.9999999999999999,52.0,0.9979337133970462,54.0,0.9256007532244087,15_0,15,0,lamp,124.068389893,47.3510780334,0.488638070913,0.00484525240385,500.038647663,0.269061923027
UBFC_A1/Eval_On_COHFACE,COHFACE,old,COHFACE_s15_session0_lamp,5,84.0,53.0,large_error,84.0,0.9999999999999998,85.0,0.9973265319459919,83.0,0.8945207615195379,53.0,0.9999999999999998,54.0,0.9862596902853706,52.0,0.918458744606281,15_0,15,0,lamp,124.068389893,47.3510780334,0.488638070913,0.00484525240385,500.038647663,0.269061923027
UBFC_A1/Eval_On_COHFACE,COHFACE,old,COHFACE_s15_session0_lamp,6,85.0,53.0,large_error,85.0,0.9999999999999998,84.0,0.9867183944511527,86.0,0.8919588623922072,53.0,0.9999999999999998,52.0,0.9793428815330093,54.0,0.8990171733516839,15_0,15,0,lamp,124.068389893,47.3510780334,0.488638070913,0.00484525240385,500.038647663,0.269061923027
UBFC_A1/Eval_On_COHFACE,COHFACE,old,COHFACE_s15_session0_lamp,7,85.0,53.0,large_error,85.0,0.9999999999999998,84.0,0.9500823964193872,86.0,0.9164868528701177,53.0,0.9999999999999999,54.0,0.9372958591455155,52.0,0.925191068909356,15_0,15,0,lamp,124.068389893,47.3510780334,0.488638070913,0.00484525240385,500.038647663,0.269061923027
UBFC_A1/Eval_On_COHFACE,COHFACE,old,COHFACE_s15_session0_lamp,8,85.0,75.0,large_error,85.0,0.9999999999999998,84.0,0.9540117049518676,86.0,0.9233729925270457,75.0,0.9999999999999999,76.0,0.9685185953988337,74.0,0.9316975621967896,15_0,15,0,lamp,124.068389893,47.3510780334,0.488638070913,0.00484525240385,500.038647663,0.269061923027
UBFC_A1/Eval_On_COHFACE,COHFACE,old,COHFACE_s15_session0_lamp,9,85.0,75.0,large_error,85.0,0.9999999999999998,84.0,0.9912967233267399,86.0,0.9009491998907271,75.0,0.9999999999999998,76.0,0.9802903610496568,74.0,0.9354214194693737,15_0,15,0,lamp,124.068389893,47.3510780334,0.488638070913,0.00484525240385,500.038647663,0.269061923027
UBFC_A1/Eval_On_COHFACE,COHFACE,old,COHFACE_s15_session0_lamp,10,84.0,75.0,large_error,84.0,0.9999999999999998,85.0,0.9522631339572716,83.0,0.9414820779017619,75.0,0.9999999999999998,74.0,0.9930524350038269,76.0,0.8929542351367622,15_0,15,0,lamp,124.068389893,47.3510780334,0.488638070913,0.00484525240385,500.038647663,0.269061923027
UBFC_A1/Eval_On_COHFACE,COHFACE,old,COHFACE_s15_session0_lamp,11,84.0,75.0,large_error,84.0,0.9999999999999999,83.0,0.9627454466780636,85.0,0.9240749670133618,75.0,0.9999999999999999,74.0,0.9469293005654373,76.0,0.9425458744684634,15_0,15,0,lamp,124.068389893,47.3510780334,0.488638070913,0.00484525240385,500.038647663,0.269061923027
UBFC_A1/Eval_On_COHFACE,COHFACE,old,COHFACE_s15_session0_lamp,12,83.0,68.0,large_error,83.0,0.9999999999999999,84.0,0.9986169781766493,82.0,0.8882712612460005,68.0,0.9999999999999998,67.0,0.9781967837462767,69.0,0.8904119447102048,15_0,15,0,lamp,124.068389893,47.3510780334,0.488638070913,0.00484525240385,500.038647663,0.269061923027
UBFC_A1/Eval_On_COHFACE,COHFACE,old,COHFACE_s15_session0_lamp,13,83.0,79.0,large_error,83.0,0.9999999999999999,84.0,0.9760509858553641,82.0,0.9110655551790191,79.0,0.9999999999999998,80.0,0.9907765104591231,78.0,0.9088415432650309,15_0,15,0,lamp,124.068389893,47.3510780334,0.488638070913,0.00484525240385,500.038647663,0.269061923027
UBFC_A1/Eval_On_COHFACE,COHFACE,old,COHFACE_s15_session0_lamp,14,83.0,52.0,large_error,83.0,0.9999999999999999,82.0,0.9626506069850194,84.0,0.9245624756439643,52.0,0.9999999999999999,53.0,0.9792908891694796,51.0,0.9018645294937999,15_0,15,0,lamp,124.068389893,47.3510780334,0.488638070913,0.00484525240385,500.038647663,0.269061923027
UBFC_A1/Eval_On_COHFACE,COHFACE,old,COHFACE_s15_session0_lamp,15,83.0,83.0,correct,83.0,0.9999999999999999,84.0,0.9802392208894264,82.0,0.9116771798341097,83.0,0.9999999999999999,84.0,0.9708297389154609,82.0,0.9226380531470507,15_0,15,0,lamp,124.068389893,47.3510780334,0.488638070913,0.00484525240385,500.038647663,0.269061923027
UBFC_A1/Eval_On_COHFACE,COHFACE,old,COHFACE_s15_session0_lamp,16,83.0,83.0,correct,83.0,0.9999999999999999,84.0,0.9984930094193454,82.0,0.8926856475455116,83.0,0.9999999999999999,82.0,0.9942111770983333,84.0,0.9100834617119252,15_0,15,0,lamp,124.068389893,47.3510780334,0.488638070913,0.00484525240385,500.038647663,0.269061923027
UBFC_A1/Eval_On_COHFACE,COHFACE,old,COHFACE_s15_session0_lamp,17,84.0,83.0,correct,84.0,0.9999999999999999,85.0,0.9649169729554604,83.0,0.921372789593645,83.0,0.9999999999999998,82.0,0.9704827622333445,84.0,0.9680387763271866,15_0,15,0,lamp,124.068389893,47.3510780334,0.488638070913,0.00484525240385,500.038647663,0.269061923027
UBFC_A1/Eval_On_COHFACE,COHFACE,old,COHFACE_s15_session0_lamp,18,85.0,81.0,large_error,85.0,0.9999999999999999,84.0,0.9559830036874999,86.0,0.926367750392744,81.0,0.9999999999999998,80.0,0.958145850503887,82.0,0.9317873081380738,15_0,15,0,lamp,124.068389893,47.3510780334,0.488638070913,0.00484525240385,500.038647663,0.269061923027
UBFC_A1/Eval_On_COHFACE,COHFACE,old,COHFACE_s15_session0_lamp,19,85.0,80.0,large_error,85.0,0.9999999999999999,86.0,0.9475094893678201,84.0,0.9342374740143148,80.0,0.9999999999999998,79.0,0.9450042820034421,81.0,0.9375247031062135,15_0,15,0,lamp,124.068389893,47.3510780334,0.488638070913,0.00484525240385,500.038647663,0.269061923027
UBFC_A1/Eval_On_COHFACE,COHFACE,old,COHFACE_s15_session0_lamp,20,85.0,78.0,large_error,85.0,0.9999999999999999,86.0,0.9565354846685415,84.0,0.9346021272573779,78.0,0.9999999999999998,79.0,0.9596120410356275,77.0,0.9515370948352276,15_0,15,0,lamp,124.068389893,47.3510780334,0.488638070913,0.00484525240385,500.038647663,0.269061923027
UBFC_A1/Eval_On_COHFACE,COHFACE,old,COHFACE_s15_session0_lamp,21,84.0,81.0,correct,84.0,0.9999999999999999,85.0,0.9912837701043274,83.0,0.8987157841182828,81.0,0.9999999999999998,82.0,0.951288196186539,80.0,0.9330036155191797,15_0,15,0,lamp,124.068389893,47.3510780334,0.488638070913,0.00484525240385,500.038647663,0.269061923027
UBFC_A1/Eval_On_COHFACE,COHFACE,old,COHFACE_s15_session0_lamp,22,83.0,82.0,correct,83.0,0.9999999999999999,84.0,0.9737199621464622,82.0,0.9111073112185231,82.0,0.9999999999999998,81.0,0.9487824349099986,83.0,0.9430508990745375,15_0,15,0,lamp,124.068389893,47.3510780334,0.488638070913,0.00484525240385,500.038647663,0.269061923027
UBFC_A1/Eval_On_COHFACE,COHFACE,old,COHFACE_s15_session0_lamp,23,83.0,44.0,sub_harmonic_half,83.0,1.0,82.0,0.9814854966838945,84.0,0.910029107798907,44.0,0.9999999999999998,43.0,0.9582293538620045,45.0,0.9559432436249009,15_0,15,0,lamp,124.068389893,47.3510780334,0.488638070913,0.00484525240385,500.038647663,0.269061923027
UBFC_A1/Eval_On_COHFACE,COHFACE,old,COHFACE_s15_session0_lamp,24,82.0,81.0,correct,82.0,1.0,83.0,0.9714660475871394,81.0,0.9117725557435711,81.0,0.9999999999999998,82.0,0.9910523969487662,80.0,0.8994492137115405,15_0,15,0,lamp,124.068389893,47.3510780334,0.488638070913,0.00484525240385,500.038647663,0.269061923027
UBFC_A1/Eval_On_COHFACE,COHFACE,old,COHFACE_s15_session0_lamp,25,83.0,82.0,correct,83.0,1.0,82.0,0.9735063911049969,84.0,0.9134107996849663,82.0,0.9999999999999996,83.0,0.9700833605842744,81.0,0.940605219297326,15_0,15,0,lamp,124.068389893,47.3510780334,0.488638070913,0.00484525240385,500.038647663,0.269061923027
UBFC_A1/Eval_On_COHFACE,COHFACE,old,COHFACE_s15_session0_lamp,26,83.0,75.0,large_error,83.0,1.0,84.0,0.9640152061744868,82.0,0.9234023340640758,75.0,0.9999999999999998,74.0,0.9667271202018416,76.0,0.9508455958567852,15_0,15,0,lamp,124.068389893,47.3510780334,0.488638070913,0.00484525240385,500.038647663,0.269061923027
UBFC_A1/Eval_On_COHFACE,COHFACE,old,COHFACE_s15_session0_lamp,27,84.0,74.0,large_error,84.0,1.0,83.0,0.9507753394502914,85.0,0.9389860429444048,74.0,0.9999999999999996,75.0,0.9799991272835545,73.0,0.9620468683765386,15_0,15,0,lamp,124.068389893,47.3510780334,0.488638070913,0.00484525240385,500.038647663,0.269061923027
UBFC_A1/Eval_On_COHFACE,COHFACE,old,COHFACE_s15_session0_lamp,28,84.0,41.0,sub_harmonic_half,84.0,1.0,85.0,0.9964458879281743,83.0,0.8974031871238674,41.0,0.9999999999999992,40.0,0.966865472090162,42.0,0.9476202350802488,15_0,15,0,lamp,124.068389893,47.3510780334,0.488638070913,0.00484525240385,500.038647663,0.269061923027
UBFC_A1/Eval_On_COHFACE,COHFACE,old,COHFACE_s15_session0_lamp,29,85.0,68.0,large_error,85.0,1.0,84.0,0.9976887153988757,86.0,0.8877721708738688,68.0,0.9999999999999997,69.0,0.9126621445030157,67.0,0.8974627216992271,15_0,15,0,lamp,124.068389893,47.3510780334,0.488638070913,0.00484525240385,500.038647663,0.269061923027
UBFC_A1/Eval_On_COHFACE,COHFACE,old,COHFACE_s15_session0_lamp,30,84.0,82.0,correct,84.0,1.0,85.0,0.9911282265208587,83.0,0.8940162662248021,82.0,0.9999999999999994,81.0,0.9992434908369905,42.0,0.9259126604213705,15_0,15,0,lamp,124.068389893,47.3510780334,0.488638070913,0.00484525240385,500.038647663,0.269061923027
UBFC_A1/Eval_On_COHFACE,COHFACE,old,COHFACE_s15_session0_lamp,31,84.0,81.0,correct,84.0,1.0,85.0,0.9591469224026179,83.0,0.9200990598612245,81.0,0.9999999999999998,82.0,0.9669894793589728,80.0,0.9289324254625505,15_0,15,0,lamp,124.068389893,47.3510780334,0.488638070913,0.00484525240385,500.038647663,0.269061923027
UBFC_A1/Eval_On_COHFACE,COHFACE,old,COHFACE_s15_session0_lamp,32,84.0,61.0,large_error,84.0,0.9999999999999999,83.0,0.978328732685056,85.0,0.9045832923987829,61.0,0.9999999999999998,61.99999999999999,0.9434022560076557,60.0,0.9350066923850177,15_0,15,0,lamp,124.068389893,47.3510780334,0.488638070913,0.00484525240385,500.038647663,0.269061923027
UBFC_A1/Eval_On_COHFACE,COHFACE,old,COHFACE_s15_session0_lamp,33,84.0,81.0,correct,84.0,0.9999999999999999,83.0,0.9927002057691544,85.0,0.903058424091531,81.0,0.9999999999999998,82.0,0.9874987864599934,80.0,0.9101313446526945,15_0,15,0,lamp,124.068389893,47.3510780334,0.488638070913,0.00484525240385,500.038647663,0.269061923027
UBFC_A1/Eval_On_COHFACE,COHFACE,old,COHFACE_s15_session0_lamp,34,84.0,81.0,correct,84.0,0.9999999999999999,83.0,0.9649059422080081,85.0,0.9259032758464907,81.0,0.9999999999999998,80.0,0.9595200998882888,82.0,0.9568508356175557,15_0,15,0,lamp,124.068389893,47.3510780334,0.488638070913,0.00484525240385,500.038647663,0.269061923027
UBFC_A1/Eval_On_COHFACE,COHFACE,old,COHFACE_s15_session0_lamp,35,84.0,61.0,large_error,84.0,0.9999999999999999,85.0,0.9999188716921243,83.0,0.896516083664738,61.0,0.9999999999999998,81.0,0.9788706501404763,61.99999999999999,0.9637634192185573,15_0,15,0,lamp,124.068389893,47.3510780334,0.488638070913,0.00484525240385,500.038647663,0.269061923027
UBFC_A1/Eval_On_COHFACE,COHFACE,old,COHFACE_s15_session0_lamp,36,85.0,82.0,correct,85.0,0.9999999999999999,86.0,0.9964797234251513,84.0,0.8820533944263146,82.0,0.9999999999999999,81.0,0.9752270709583071,83.0,0.9315422825934524,15_0,15,0,lamp,124.068389893,47.3510780334,0.488638070913,0.00484525240385,500.038647663,0.269061923027
UBFC_A1/Eval_On_COHFACE,COHFACE,old,COHFACE_s15_session0_lamp,37,86.0,82.0,large_error,86.0,0.9999999999999999,87.0,0.9701758871958954,85.0,0.9102723699180378,82.0,0.9999999999999997,81.0,0.9651193252423337,83.0,0.9540500491227261,15_0,15,0,lamp,124.068389893,47.3510780334,0.488638070913,0.00484525240385,500.038647663,0.269061923027
UBFC_A1/Eval_On_COHFACE,COHFACE,old,COHFACE_s15_session0_lamp,38,87.0,61.0,large_error,87.0,0.9999999999999999,86.0,0.9984650174786687,88.0,0.8957662067846275,61.0,0.9999999999999997,61.99999999999999,0.9668356504109192,60.0,0.9386399963857158,15_0,15,0,lamp,124.068389893,47.3510780334,0.488638070913,0.00484525240385,500.038647663,0.269061923027
UBFC_A1/Eval_On_COHFACE,COHFACE,old,COHFACE_s15_session0_lamp,39,86.0,59.0,large_error,86.0,0.9999999999999999,85.0,0.9443652605058219,87.0,0.943009592971953,59.0,0.9999999999999993,58.0,0.9901817462586747,60.0,0.9531239034086776,15_0,15,0,lamp,124.068389893,47.3510780334,0.488638070913,0.00484525240385,500.038647663,0.269061923027
UBFC_A1/Eval_On_COHFACE,COHFACE,old,COHFACE_s15_session0_lamp,40,85.0,60.0,large_error,85.0,0.9999999999999999,84.0,0.9481287453938902,86.0,0.9477062083955675,60.0,0.9999999999999996,61.0,0.9553557579439544,59.0,0.9462508764863083,15_0,15,0,lamp,124.068389893,47.3510780334,0.488638070913,0.00484525240385,500.038647663,0.269061923027
UBFC_A1/Eval_On_COHFACE,COHFACE,old,COHFACE_s15_session0_lamp,41,84.0,60.0,large_error,84.0,0.9999999999999999,83.0,0.951896270572725,85.0,0.9362863365630025,60.0,0.9999999999999994,59.0,0.9811366736161082,61.0,0.8562986973980542,15_0,15,0,lamp,124.068389893,47.3510780334,0.488638070913,0.00484525240385,500.038647663,0.269061923027
UBFC_A1/Eval_On_COHFACE,COHFACE,old,COHFACE_s15_session0_lamp,42,83.0,61.0,large_error,83.0,1.0,84.0,0.9791015953233758,82.0,0.9052462441250327,61.0,0.9999999999999996,60.0,0.9423193238221015,61.99999999999999,0.8526219609477101,15_0,15,0,lamp,124.068389893,47.3510780334,0.488638070913,0.00484525240385,500.038647663,0.269061923027
UBFC_A1/Eval_On_COHFACE,COHFACE,old,COHFACE_s15_session0_lamp,43,83.0,63.0,large_error,83.0,1.0,82.0,0.9442429977708143,84.0,0.9395363839677582,63.0,0.9999999999999994,64.0,0.9806990836657945,82.0,0.9179316709936741,15_0,15,0,lamp,124.068389893,47.3510780334,0.488638070913,0.00484525240385,500.038647663,0.269061923027
UBFC_A1/Eval_On_COHFACE,COHFACE,old,COHFACE_s15_session0_lamp,44,83.0,76.0,large_error,83.0,1.0,82.0,0.9554732020796063,84.0,0.9318856691708219,76.0,0.9999999999999998,75.0,0.9928419316185623,77.0,0.9090882940221273,15_0,15,0,lamp,124.068389893,47.3510780334,0.488638070913,0.00484525240385,500.038647663,0.269061923027
UBFC_A1/Eval_On_COHFACE,COHFACE,old,COHFACE_s15_session0_lamp,45,83.0,80.0,correct,83.0,1.0,84.0,0.994326907353571,82.0,0.900435190681564,80.0,0.9999999999999996,81.0,0.9945755435269069,79.0,0.8934230914630445,15_0,15,0,lamp,124.068389893,47.3510780334,0.488638070913,0.00484525240385,500.038647663,0.269061923027
UBFC_A1/Eval_On_COHFACE,COHFACE,old,COHFACE_s15_session0_lamp,46,84.0,82.0,correct,84.0,1.0,83.0,0.9522517321062332,85.0,0.9356891942354679,82.0,0.9999999999999997,81.0,0.9647651666599806,83.0,0.9533244310142932,15_0,15,0,lamp,124.068389893,47.3510780334,0.488638070913,0.00484525240385,500.038647663,0.269061923027
UBFC_A1/Eval_On_COHFACE,COHFACE,old,COHFACE_s15_session0_lamp,47,85.0,82.0,correct,85.0,1.0,84.0,0.9717545967631176,86.0,0.91321843942078,82.0,0.9999999999999998,81.0,0.9824045347176399,83.0,0.9329030508280991,15_0,15,0,lamp,124.068389893,47.3510780334,0.488638070913,0.00484525240385,500.038647663,0.269061923027
UBFC_A1/Eval_On_COHFACE,COHFACE,old,COHFACE_s15_session0_lamp,48,85.0,81.0,large_error,85.0,1.0,86.0,0.9580949036862294,84.0,0.9195455878799238,81.0,0.9999999999999999,82.0,0.9838577517581797,80.0,0.9041778620077902,15_0,15,0,lamp,124.068389893,47.3510780334,0.488638070913,0.00484525240385,500.038647663,0.269061923027
UBFC_A1/Eval_On_COHFACE,COHFACE,old,COHFACE_s15_session0_lamp,49,85.0,81.0,large_error,85.0,1.0,86.0,0.9681177573773797,84.0,0.9134851831587064,81.0,0.9999999999999998,82.0,0.9904424589637651,80.0,0.9094929584667343,15_0,15,0,lamp,124.068389893,47.3510780334,0.488638070913,0.00484525240385,500.038647663,0.269061923027
UBFC_A1/Eval_On_COHFACE,COHFACE,old,COHFACE_s15_session0_lamp,50,86.0,44.0,sub_harmonic_half,86.0,1.0,85.0,0.9880312413911823,87.0,0.9073596126542562,44.0,0.9999999999999998,43.0,0.9952387381361915,45.0,0.9244365812563574,15_0,15,0,lamp,124.068389893,47.3510780334,0.488638070913,0.00484525240385,500.038647663,0.269061923027
UBFC_A1/Eval_On_COHFACE,COHFACE,old,COHFACE_s15_session0_lamp,51,85.0,80.0,large_error,85.0,1.0,86.0,0.970275867950074,84.0,0.9207006865578637,80.0,0.9999999999999997,79.0,0.9735350558722858,81.0,0.9570836399948369,15_0,15,0,lamp,124.068389893,47.3510780334,0.488638070913,0.00484525240385,500.038647663,0.269061923027
UBFC_A1/Eval_On_COHFACE,COHFACE,old,COHFACE_s15_session0_lamp,52,85.0,78.0,large_error,85.0,1.0,84.0,0.9872428273332068,86.0,0.9014479650184953,78.0,0.9999999999999997,79.0,0.9622854330454822,77.0,0.961932871604874,15_0,15,0,lamp,124.068389893,47.3510780334,0.488638070913,0.00484525240385,500.038647663,0.269061923027
UBFC_A1/Eval_On_COHFACE,COHFACE,old,COHFACE_s15_session0_lamp,53,84.0,76.0,large_error,84.0,1.0,83.0,0.9484585003665414,85.0,0.9362481435373584,76.0,0.9999999999999998,75.0,0.9847658536086844,77.0,0.9359022353471248,15_0,15,0,lamp,124.068389893,47.3510780334,0.488638070913,0.00484525240385,500.038647663,0.269061923027
UBFC_A1/Eval_On_COHFACE,COHFACE,old,COHFACE_s15_session0_lamp,54,83.0,40.0,sub_harmonic_half,83.0,1.0,84.0,0.9663400398918893,82.0,0.9138596262807409,40.0,0.9999999999999994,41.0,0.7907304321435833,80.0,0.7856030190301339,15_0,15,0,lamp,124.068389893,47.3510780334,0.488638070913,0.00484525240385,500.038647663,0.269061923027
UBFC_A1/Eval_On_COHFACE,COHFACE,old,COHFACE_s15_session0_lamp,55,83.0,80.0,correct,83.0,1.0,84.0,0.9661994183398794,82.0,0.9261269291384646,80.0,0.9999999999999993,81.0,0.9263950382812318,79.0,0.8946304606252,15_0,15,0,lamp,124.068389893,47.3510780334,0.488638070913,0.00484525240385,500.038647663,0.269061923027
UBFC_A1/Eval_On_COHFACE,COHFACE,old,COHFACE_s15_session0_lamp,56,84.0,42.0,sub_harmonic_half,84.0,1.0,83.0,0.9979132812895667,85.0,0.8945526474860143,42.0,0.9999999999999998,43.0,0.9896467128812048,41.0,0.8817489480617369,15_0,15,0,lamp,124.068389893,47.3510780334,0.488638070913,0.00484525240385,500.038647663,0.269061923027
UBFC_A1/Eval_On_COHFACE,COHFACE,old,COHFACE_s15_session1_lamp,0,86.0,52.0,large_error,86.0,1.0,85.0,0.9961652797417617,87.0,0.8880957889335533,52.0,0.9999999999999998,51.0,0.9853328946587964,53.0,0.9211089608006214,15_1,15,1,lamp,124.935073853,46.6512298584,0.445277394812,0.00143612132353,459.134335934,0.283848494291
UBFC_A1/Eval_On_COHFACE,COHFACE,old,COHFACE_s15_session1_lamp,1,85.0,52.0,large_error,85.0,0.9999999999999999,86.0,0.9796528792397635,84.0,0.9135306585440921,52.0,0.9999999999999994,53.0,0.9615658956510844,51.0,0.9431346982625242,15_1,15,1,lamp,124.935073853,46.6512298584,0.445277394812,0.00143612132353,459.134335934,0.283848494291
UBFC_A1/Eval_On_COHFACE,COHFACE,old,COHFACE_s15_session1_lamp,2,85.0,59.0,large_error,85.0,0.9999999999999999,84.0,0.9587883463904807,86.0,0.9418861200859304,59.0,0.9999999999999998,58.0,0.9699189746118518,60.0,0.9560041648195767,15_1,15,1,lamp,124.935073853,46.6512298584,0.445277394812,0.00143612132353,459.134335934,0.283848494291
UBFC_A1/Eval_On_COHFACE,COHFACE,old,COHFACE_s15_session1_lamp,3,85.0,58.0,large_error,85.0,0.9999999999999999,86.0,0.9433298800462061,84.0,0.9366726948381714,58.0,0.9999999999999997,59.0,0.9607925280907433,57.0,0.9186767282944812,15_1,15,1,lamp,124.935073853,46.6512298584,0.445277394812,0.00143612132353,459.134335934,0.283848494291
UBFC_A1/Eval_On_COHFACE,COHFACE,old,COHFACE_s15_session1_lamp,4,85.0,56.0,large_error,85.0,0.9999999999999998,84.0,0.9431525465370276,86.0,0.9372930832895742,56.0,0.9999999999999994,55.0,0.9862100645136849,57.0,0.9140096391078282,15_1,15,1,lamp,124.935073853,46.6512298584,0.445277394812,0.00143612132353,459.134335934,0.283848494291
UBFC_A1/Eval_On_COHFACE,COHFACE,old,COHFACE_s15_session1_lamp,5,85.0,54.0,large_error,85.0,0.9999999999999998,84.0,0.9602984454452754,86.0,0.9159908662147329,54.0,0.9999999999999998,55.0,0.9990194135482718,53.0,0.8468473016648782,15_1,15,1,lamp,124.935073853,46.6512298584,0.445277394812,0.00143612132353,459.134335934,0.283848494291
UBFC_A1/Eval_On_COHFACE,COHFACE,old,COHFACE_s15_session1_lamp,6,85.0,53.0,large_error,85.0,0.9999999999999998,84.0,0.9667022917029422,86.0,0.9068848917998806,53.0,0.9999999999999998,54.0,0.9988780573890869,52.0,0.8941630585867874,15_1,15,1,lamp,124.935073853,46.6512298584,0.445277394812,0.00143612132353,459.134335934,0.283848494291
UBFC_A1/Eval_On_COHFACE,COHFACE,old,COHFACE_s15_session1_lamp,7,84.0,53.0,large_error,84.0,0.9999999999999998,85.0,0.9845992842917958,83.0,0.8959794858973807,53.0,0.9999999999999997,52.0,0.981566292569768,54.0,0.9331140046817931,15_1,15,1,lamp,124.935073853,46.6512298584,0.445277394812,0.00143612132353,459.134335934,0.283848494291
UBFC_A1/Eval_On_COHFACE,COHFACE,old,COHFACE_s15_session1_lamp,8,83.0,51.0,large_error,83.0,0.9999999999999998,82.0,0.994521487228657,84.0,0.9100175437107243,51.0,0.9999999999999999,52.0,0.994358096211717,50.0,0.9230357529848962,15_1,15,1,lamp,124.935073853,46.6512298584,0.445277394812,0.00143612132353,459.134335934,0.283848494291
UBFC_A1/Eval_On_COHFACE,COHFACE,old,COHFACE_s15_session1_lamp,9,82.0,48.0,sub_harmonic_half,82.0,0.9999999999999999,81.0,0.9570502244206891,83.0,0.9377653643091274,48.0,0.9999999999999986,49.0,0.9773031375397705,47.0,0.8561341714304541,15_1,15,1,lamp,124.935073853,46.6512298584,0.445277394812,0.00143612132353,459.134335934,0.283848494291
UBFC_A1/Eval_On_COHFACE,COHFACE,old,COHFACE_s15_session1_lamp,10,81.0,83.0,correct,81.0,0.9999999999999999,82.0,0.9942385252159085,80.0,0.9023563013543163,83.0,0.999999999999998,84.0,0.9982758499982755,93.0,0.9310563839586296,15_1,15,1,lamp,124.935073853,46.6512298584,0.445277394812,0.00143612132353,459.134335934,0.283848494291
UBFC_A1/Eval_On_COHFACE,COHFACE,old,COHFACE_s15_session1_lamp,11,81.0,66.0,large_error,81.0,0.9999999999999999,82.0,0.9859051633524105,80.0,0.9138677136487637,66.0,0.9999999999999996,67.0,0.942360883255428,65.0,0.9269454150553315,15_1,15,1,lamp,124.935073853,46.6512298584,0.445277394812,0.00143612132353,459.134335934,0.283848494291
UBFC_A1/Eval_On_COHFACE,COHFACE,old,COHFACE_s15_session1_lamp,12,82.0,43.0,sub_harmonic_half,82.0,0.9999999999999999,81.0,0.9833721196747044,83.0,0.9115365036419744,43.0,0.9999999999999996,44.0,0.9484224375194307,68.0,0.9378596066037149,15_1,15,1,lamp,124.935073853,46.6512298584,0.445277394812,0.00143612132353,459.134335934,0.283848494291
UBFC_A1/Eval_On_COHFACE,COHFACE,old,COHFACE_s15_session1_lamp,13,82.0,80.0,correct,82.0,0.9999999999999999,81.0,0.9508671014166518,83.0,0.9329425198163969,80.0,0.9999999999999998,81.0,0.9672443756321621,79.0,0.8668177534249291,15_1,15,1,lamp,124.935073853,46.6512298584,0.445277394812,0.00143612132353,459.134335934,0.283848494291
UBFC_A1/Eval_On_COHFACE,COHFACE,old,COHFACE_s15_session1_lamp,14,82.0,53.0,large_error,82.0,0.9999999999999999,83.0,0.9928122186762531,81.0,0.8853779098881934,53.0,0.9999999999999998,52.0,0.99224339412553,54.0,0.8844951187207531,15_1,15,1,lamp,124.935073853,46.6512298584,0.445277394812,0.00143612132353,459.134335934,0.283848494291
UBFC_A1/Eval_On_COHFACE,COHFACE,old,COHFACE_s15_session1_lamp,15,82.0,80.0,correct,82.0,0.9999999999999999,83.0,0.9490868813465466,81.0,0.9260755905534165,80.0,0.9999999999999998,81.0,0.961942981613951,79.0,0.9619172040282575,15_1,15,1,lamp,124.935073853,46.6512298584,0.445277394812,0.00143612132353,459.134335934,0.283848494291
UBFC_A1/Eval_On_COHFACE,COHFACE,old,COHFACE_s15_session1_lamp,16,81.0,80.0,correct,81.0,0.9999999999999999,82.0,0.9730497432714765,80.0,0.9064264374279511,80.0,0.9999999999999999,79.0,0.9744654173679316,81.0,0.960492062138829,15_1,15,1,lamp,124.935073853,46.6512298584,0.445277394812,0.00143612132353,459.134335934,0.283848494291
UBFC_A1/Eval_On_COHFACE,COHFACE,old,COHFACE_s15_session1_lamp,17,81.0,44.0,sub_harmonic_half,81.0,0.9999999999999999,80.0,0.9629234561974991,82.0,0.9203042378634193,44.0,0.9999999999999998,45.0,0.969204494246108,43.0,0.9355102320686635,15_1,15,1,lamp,124.935073853,46.6512298584,0.445277394812,0.00143612132353,459.134335934,0.283848494291
UBFC_A1/Eval_On_COHFACE,COHFACE,old,COHFACE_s15_session1_lamp,18,80.0,81.0,correct,80.0,0.9999999999999999,81.0,0.9832182049016345,79.0,0.9135372737896892,81.0,0.9999999999999999,80.0,0.9596331645230651,82.0,0.9410724603688463,15_1,15,1,lamp,124.935073853,46.6512298584,0.445277394812,0.00143612132353,459.134335934,0.283848494291
UBFC_A1/Eval_On_COHFACE,COHFACE,old,COHFACE_s15_session1_lamp,19,80.0,81.0,correct,80.0,0.9999999999999999,79.0,0.950228446699285,81.0,0.9356065721492665,81.0,0.9999999999999999,80.0,0.9822769042357316,82.0,0.9072771027238478,15_1,15,1,lamp,124.935073853,46.6512298584,0.445277394812,0.00143612132353,459.134335934,0.283848494291
UBFC_A1/Eval_On_COHFACE,COHFACE,old,COHFACE_s15_session1_lamp,20,80.0,51.0,large_error,80.0,0.9999999999999999,81.0,0.9835882348727056,79.0,0.8970125126062003,51.0,0.9999999999999999,50.0,0.9901403419114361,52.0,0.8466537899186535,15_1,15,1,lamp,124.935073853,46.6512298584,0.445277394812,0.00143612132353,459.134335934,0.283848494291
UBFC_A1/Eval_On_COHFACE,COHFACE,old,COHFACE_s15_session1_lamp,21,81.0,81.0,correct,81.0,0.9999999999999999,80.0,0.9628532722621831,82.0,0.9299654748129803,81.0,0.9999999999999998,80.0,0.9812561872378522,82.0,0.8946451828512494,15_1,15,1,lamp,124.935073853,46.6512298584,0.445277394812,0.00143612132353,459.134335934,0.283848494291
UBFC_A1/Eval_On_COHFACE,COHFACE,old,COHFACE_s15_session1_lamp,22,82.0,81.0,correct,82.0,0.9999999999999999,81.0,0.9840768977884742,83.0,0.9117571708659196,81.0,0.9999999999999998,80.0,0.9840846993951072,82.0,0.9167058940349986,15_1,15,1,lamp,124.935073853,46.6512298584,0.445277394812,0.00143612132353,459.134335934,0.283848494291
UBFC_A1/Eval_On_COHFACE,COHFACE,old,COHFACE_s15_session1_lamp,23,82.0,45.0,sub_harmonic_half,82.0,0.9999999999999999,83.0,0.9692409787680903,81.0,0.9177465789331368,45.0,0.9999999999999998,46.0,0.9868219351470306,44.0,0.9493034018851546,15_1,15,1,lamp,124.935073853,46.6512298584,0.445277394812,0.00143612132353,459.134335934,0.283848494291
UBFC_A1/Eval_On_COHFACE,COHFACE,old,COHFACE_s15_session1_lamp,24,82.0,80.0,correct,82.0,1.0,83.0,0.9754529669778432,81.0,0.9102392084228316,80.0,0.9999999999999997,81.0,0.9566651890415976,79.0,0.9389156511736282,15_1,15,1,lamp,124.935073853,46.6512298584,0.445277394812,0.00143612132353,459.134335934,0.283848494291
UBFC_A1/Eval_On_COHFACE,COHFACE,old,COHFACE_s15_session1_lamp,25,82.0,80.0,correct,82.0,0.9999999999999999,81.0,0.97959799706029,83.0,0.9140047066125864,80.0,0.9999999999999997,79.0,0.994850373581905,81.0,0.9292549446987386,15_1,15,1,lamp,124.935073853,46.6512298584,0.445277394812,0.00143612132353,459.134335934,0.283848494291
UBFC_A1/Eval_On_COHFACE,COHFACE,old,COHFACE_s15_session1_lamp,26,81.0,78.0,correct,81.0,1.0,82.0,0.9613484363742311,80.0,0.9226626217396812,78.0,0.9999999999999997,79.0,0.9553013935277017,77.0,0.9516475600208611,15_1,15,1,lamp,124.935073853,46.6512298584,0.445277394812,0.00143612132353,459.134335934,0.283848494291
UBFC_A1/Eval_On_COHFACE,COHFACE,old,COHFACE_s15_session1_lamp,27,81.0,60.0,large_error,81.0,0.9999999999999999,80.0,0.999133257408498,82.0,0.8917258820889161,60.0,0.9999999999999996,81.0,0.9531009141143324,59.0,0.9505151550435408,15_1,15,1,lamp,124.935073853,46.6512298584,0.445277394812,0.00143612132353,459.134335934,0.283848494291
UBFC_A1/Eval_On_COHFACE,COHFACE,old,COHFACE_s15_session1_lamp,28,80.0,61.0,large_error,80.0,0.9999999999999999,79.0,0.9643024793733532,81.0,0.9317613794965903,61.0,0.9999999999999998,60.0,0.9785591203327438,61.99999999999999,0.8917395501666491,15_1,15,1,lamp,124.935073853,46.6512298584,0.445277394812,0.00143612132353,459.134335934,0.283848494291
UBFC_A1/Eval_On_COHFACE,COHFACE,old,COHFACE_s15_session1_lamp,29,80.0,44.0,sub_harmonic_half,80.0,1.0,79.0,0.9643404732398131,81.0,0.9181537065131634,44.0,0.9999999999999997,43.0,0.9895267324224747,45.0,0.8973831118955594,15_1,15,1,lamp,124.935073853,46.6512298584,0.445277394812,0.00143612132353,459.134335934,0.283848494291
UBFC_A1/Eval_On_COHFACE,COHFACE,old,COHFACE_s15_session1_lamp,30,80.0,81.0,correct,80.0,1.0,79.0,0.9748653626927368,81.0,0.908406596612453,81.0,0.9999999999999998,80.0,0.9584553700997583,82.0,0.9553756522943601,15_1,15,1,lamp,124.935073853,46.6512298584,0.445277394812,0.00143612132353,459.134335934,0.283848494291
UBFC_A1/Eval_On_COHFACE,COHFACE,old,COHFACE_s15_session1_lamp,31,80.0,82.0,correct,80.0,1.0,81.0,0.9915577434151203,79.0,0.8966791638698254,82.0,0.9999999999999996,81.0,0.9843161883594999,83.0,0.9335046577606017,15_1,15,1,lamp,124.935073853,46.6512298584,0.445277394812,0.00143612132353,459.134335934,0.283848494291
UBFC_A1/Eval_On_COHFACE,COHFACE,old,COHFACE_s15_session1_lamp,32,81.0,44.0,sub_harmonic_half,81.0,1.0,82.0,0.9838797752543795,80.0,0.9048719197340096,44.0,0.9999999999999998,43.0,0.9856021430475194,45.0,0.927977713211869,15_1,15,1,lamp,124.935073853,46.6512298584,0.445277394812,0.00143612132353,459.134335934,0.283848494291
UBFC_A1/Eval_On_COHFACE,COHFACE,old,COHFACE_s15_session1_lamp,33,82.0,40.0,sub_harmonic_half,82.0,1.0,81.0,0.9585175256285698,83.0,0.926588317367112,40.0,0.9999999999999997,41.0,0.8958916952666653,42.0,0.6883664338931097,15_1,15,1,lamp,124.935073853,46.6512298584,0.445277394812,0.00143612132353,459.134335934,0.283848494291
UBFC_A1/Eval_On_COHFACE,COHFACE,old,COHFACE_s15_session1_lamp,34,83.0,41.0,sub_harmonic_half,83.0,1.0,82.0,0.9615321146473775,84.0,0.9231895523093988,41.0,0.9999999999999996,40.0,0.9506200546561177,42.0,0.9233989972005603,15_1,15,1,lamp,124.935073853,46.6512298584,0.445277394812,0.00143612132353,459.134335934,0.283848494291
UBFC_A1/Eval_On_COHFACE,COHFACE,old,COHFACE_s15_session1_lamp,35,83.0,66.0,large_error,83.0,1.0,84.0,0.9756883760614091,82.0,0.9097523889410427,66.0,0.9999999999999997,67.0,0.9698997732723199,65.0,0.9390531964866529,15_1,15,1,lamp,124.935073853,46.6512298584,0.445277394812,0.00143612132353,459.134335934,0.283848494291
UBFC_A1/Eval_On_COHFACE,COHFACE,old,COHFACE_s15_session1_lamp,36,84.0,67.0,large_error,84.0,1.0,83.0,0.9875804809558433,85.0,0.8991111062865579,67.0,0.9999999999999997,68.0,0.9837295186567684,66.0,0.938884538689845,15_1,15,1,lamp,124.935073853,46.6512298584,0.445277394812,0.00143612132353,459.134335934,0.283848494291
UBFC_A1/Eval_On_COHFACE,COHFACE,old,COHFACE_s15_session1_lamp,37,84.0,43.0,sub_harmonic_half,84.0,1.0,85.0,0.9770059397075848,83.0,0.9167073058297067,43.0,0.9999999999999998,44.0,0.956366344166816,42.0,0.9396884164609048,15_1,15,1,lamp,124.935073853,46.6512298584,0.445277394812,0.00143612132353,459.134335934,0.283848494291
UBFC_A1/Eval_On_COHFACE,COHFACE,old,COHFACE_s15_session1_lamp,38,84.0,43.0,sub_harmonic_half,84.0,1.0,85.0,0.9852324226067668,83.0,0.9028250031033229,43.0,0.9999999999999996,42.0,0.9702812947339781,44.0,0.9588640518246896,15_1,15,1,lamp,124.935073853,46.6512298584,0.445277394812,0.00143612132353,459.134335934,0.283848494291
UBFC_A1/Eval_On_COHFACE,COHFACE,old,COHFACE_s15_session1_lamp,39,85.0,48.0,sub_harmonic_half,85.0,1.0,84.0,0.9833746456643692,86.0,0.9022422350590479,48.0,0.9999999999999996,49.0,0.9234470788937337,47.0,0.9063397974872399,15_1,15,1,lamp,124.935073853,46.6512298584,0.445277394812,0.00143612132353,459.134335934,0.283848494291
UBFC_A1/Eval_On_COHFACE,COHFACE,old,COHFACE_s15_session1_lamp,40,85.0,50.0,large_error,85.0,1.0,84.0,0.9902302097286073,86.0,0.8969019363862014,50.0,0.9999999999999992,78.0,0.9833561017021075,79.0,0.9712043924275859,15_1,15,1,lamp,124.935073853,46.6512298584,0.445277394812,0.00143612132353,459.134335934,0.283848494291
UBFC_A1/Eval_On_COHFACE,COHFACE,old,COHFACE_s15_session1_lamp,41,85.0,51.0,large_error,85.0,1.0,84.0,0.9991422854635761,86.0,0.8871305999322704,51.0,0.9999999999999998,52.0,0.9772004117513251,50.0,0.9269098996716687,15_1,15,1,lamp,124.935073853,46.6512298584,0.445277394812,0.00143612132353,459.134335934,0.283848494291
UBFC_A1/Eval_On_COHFACE,COHFACE,old,COHFACE_s15_session1_lamp,42,85.0,83.0,correct,85.0,1.0,84.0,0.9652930853727474,86.0,0.92759034563816,83.0,0.9999999999999998,82.0,0.9747709179370011,84.0,0.9469823097500719,15_1,15,1,lamp,124.935073853,46.6512298584,0.445277394812,0.00143612132353,459.134335934,0.283848494291
UBFC_A1/Eval_On_COHFACE,COHFACE,old,COHFACE_s15_session1_lamp,43,85.0,83.0,correct,85.0,1.0,84.0,0.9656464298615112,86.0,0.9186940491072109,83.0,0.9999999999999998,52.0,0.9676492259735293,82.0,0.9464299912914186,15_1,15,1,lamp,124.935073853,46.6512298584,0.445277394812,0.00143612132353,459.134335934,0.283848494291
UBFC_A1/Eval_On_COHFACE,COHFACE,old,COHFACE_s15_session1_lamp,44,85.0,83.0,correct,85.0,1.0,84.0,0.9574356123345118,86.0,0.929596399472726,83.0,0.9999999999999997,84.0,0.9748895844080363,82.0,0.9478679094140079,15_1,15,1,lamp,124.935073853,46.6512298584,0.445277394812,0.00143612132353,459.134335934,0.283848494291
UBFC_A1/Eval_On_COHFACE,COHFACE,old,COHFACE_s15_session1_lamp,45,85.0,82.0,correct,85.0,1.0,84.0,0.9579712189787333,86.0,0.9253816372786721,82.0,0.9999999999999998,83.0,0.9966004760111603,81.0,0.9028794504155675,15_1,15,1,lamp,124.935073853,46.6512298584,0.445277394812,0.00143612132353,459.134335934,0.283848494291
UBFC_A1/Eval_On_COHFACE,COHFACE,old,COHFACE_s15_session1_lamp,46,85.0,55.0,large_error,85.0,1.0,86.0,0.9559210411572153,84.0,0.9272340249435996,55.0,0.9999999999999998,56.0,0.9866803467817286,84.0,0.96847958442093,15_1,15,1,lamp,124.935073853,46.6512298584,0.445277394812,0.00143612132353,459.134335934,0.283848494291
UBFC_A1/Eval_On_COHFACE,COHFACE,old,COHFACE_s15_session1_lamp,47,86.0,58.0,large_error,86.0,1.0,85.0,0.9913273298162236,87.0,0.8991121034074946,58.0,0.9999999999999998,57.0,0.9852387966087348,90.0,0.8606105271800991,15_1,15,1,lamp,124.935073853,46.6512298584,0.445277394812,0.00143612132353,459.134335934,0.283848494291
UBFC_A1/Eval_On_COHFACE,COHFACE,old,COHFACE_s15_session1_lamp,48,86.0,56.0,large_error,86.0,1.0,85.0,0.9952061709972158,87.0,0.8866336392186478,56.0,0.9999999999999998,55.0,0.94819625677525,57.0,0.9248716821047727,15_1,15,1,lamp,124.935073853,46.6512298584,0.445277394812,0.00143612132353,459.134335934,0.283848494291
UBFC_A1/Eval_On_COHFACE,COHFACE,old,COHFACE_s15_session1_lamp,49,85.0,90.0,large_error,85.0,1.0,86.0,0.9824163488528322,84.0,0.9059538260019794,90.0,0.9999999999999997,91.0,0.958877073499915,89.0,0.9419223821975413,15_1,15,1,lamp,124.935073853,46.6512298584,0.445277394812,0.00143612132353,459.134335934,0.283848494291
UBFC_A1/Eval_On_COHFACE,COHFACE,old,COHFACE_s15_session1_lamp,50,85.0,54.0,large_error,85.0,1.0,84.0,0.9611323713787522,86.0,0.922927996366823,54.0,0.9999999999999996,55.0,0.991267052918141,53.0,0.9539531132268172,15_1,15,1,lamp,124.935073853,46.6512298584,0.445277394812,0.00143612132353,459.134335934,0.283848494291
UBFC_A1/Eval_On_COHFACE,COHFACE,old,COHFACE_s15_session2_natural,0,78.0,82.0,large_error,78.0,1.0,79.0,0.9722302308180727,77.0,0.9250809342254183,82.0,0.9999999999999998,81.0,0.9782396107848774,83.0,0.9215182964520041,15_2,15,2,natural,114.383407593,56.1793365479,1.0411563836,0,353.316221508,0.219758599997
UBFC_A1/Eval_On_COHFACE,COHFACE,old,COHFACE_s15_session2_natural,1,79.0,84.0,large_error,79.0,0.9999999999999999,80.0,0.9998896760773317,78.0,0.8989451387023586,84.0,0.9999999999999994,85.0,0.9359362811209907,83.0,0.9311088357998639,15_2,15,2,natural,114.383407593,56.1793365479,1.0411563836,0,353.316221508,0.219758599997
UBFC_A1/Eval_On_COHFACE,COHFACE,old,COHFACE_s15_session2_natural,2,80.0,76.0,large_error,80.0,0.9999999999999999,81.0,0.9985717934671142,79.0,0.902032008237653,76.0,0.9999999999999992,77.0,0.9915964174637587,64.0,0.9875766408042432,15_2,15,2,natural,114.383407593,56.1793365479,1.0411563836,0,353.316221508,0.219758599997
UBFC_A1/Eval_On_COHFACE,COHFACE,old,COHFACE_s15_session2_natural,3,83.0,60.0,large_error,83.0,0.9999999999999998,82.0,0.9930727516470311,84.0,0.8786683708092656,60.0,0.9999999999999999,59.0,0.9690780153959292,61.0,0.9049888777382615,15_2,15,2,natural,114.383407593,56.1793365479,1.0411563836,0,353.316221508,0.219758599997
UBFC_A1/Eval_On_COHFACE,COHFACE,old,COHFACE_s15_session2_natural,4,84.0,60.0,large_error,84.0,0.9999999999999998,83.0,0.9491083698895235,85.0,0.9206972222157707,60.0,0.9999999999999999,61.0,0.9673636249180301,59.0,0.9360856863850959,15_2,15,2,natural,114.383407593,56.1793365479,1.0411563836,0,353.316221508,0.219758599997
UBFC_A1/Eval_On_COHFACE,COHFACE,old,COHFACE_s15_session2_natural,5,85.0,59.0,large_error,85.0,0.9999999999999998,86.0,0.9546293951222632,84.0,0.9328450060850362,59.0,0.9999999999999997,58.0,0.9947755354252955,60.0,0.9286229266506715,15_2,15,2,natural,114.383407593,56.1793365479,1.0411563836,0,353.316221508,0.219758599997
UBFC_A1/Eval_On_COHFACE,COHFACE,old,COHFACE_s15_session2_natural,6,86.0,60.0,large_error,86.0,0.9999999999999999,85.0,0.9590465463417736,87.0,0.9338773306687744,60.0,0.9999999999999999,59.0,0.9736970343546437,61.0,0.8943712815212951,15_2,15,2,natural,114.383407593,56.1793365479,1.0411563836,0,353.316221508,0.219758599997
UBFC_A1/Eval_On_COHFACE,COHFACE,old,COHFACE_s15_session2_natural,7,86.0,82.0,large_error,86.0,0.9999999999999999,85.0,0.9683457374459697,87.0,0.9192602789110539,82.0,0.9999999999999998,83.0,0.9854383824579905,81.0,0.9142765434919451,15_2,15,2,natural,114.383407593,56.1793365479,1.0411563836,0,353.316221508,0.219758599997
UBFC_A1/Eval_On_COHFACE,COHFACE,old,COHFACE_s15_session2_natural,8,85.0,81.0,large_error,85.0,0.9999999999999999,86.0,0.9529789435322713,84.0,0.9374373508705964,81.0,0.9999999999999997,82.0,0.9934058744512938,80.0,0.9648010016760118,15_2,15,2,natural,114.383407593,56.1793365479,1.0411563836,0,353.316221508,0.219758599997
UBFC_A1/Eval_On_COHFACE,COHFACE,old,COHFACE_s15_session2_natural,9,84.0,40.0,sub_harmonic_half,84.0,0.9999999999999999,85.0,0.9742803111881351,83.0,0.9157925239792672,40.0,0.9999999999999998,41.0,0.9363698683213131,80.0,0.9135206771183332,15_2,15,2,natural,114.383407593,56.1793365479,1.0411563836,0,353.316221508,0.219758599997
UBFC_A1/Eval_On_COHFACE,COHFACE,old,COHFACE_s15_session2_natural,10,83.0,81.0,correct,83.0,0.9999999999999999,84.0,0.9739678161008498,82.0,0.9120988313760604,81.0,0.9999999999999998,82.0,0.9651699745231732,80.0,0.925795006481489,15_2,15,2,natural,114.383407593,56.1793365479,1.0411563836,0,353.316221508,0.219758599997
UBFC_A1/Eval_On_COHFACE,COHFACE,old,COHFACE_s15_session2_natural,11,83.0,79.0,large_error,83.0,0.9999999999999999,82.0,0.9861125139385083,84.0,0.9073306101687013,79.0,0.9999999999999998,78.0,0.9783649371571431,80.0,0.9256874654891243,15_2,15,2,natural,114.383407593,56.1793365479,1.0411563836,0,353.316221508,0.219758599997
UBFC_A1/Eval_On_COHFACE,COHFACE,old,COHFACE_s15_session2_natural,12,82.0,80.0,correct,82.0,0.9999999999999999,83.0,0.9485693088191904,81.0,0.9393643384933239,80.0,0.9999999999999998,79.0,0.9528412821141722,81.0,0.9465323199322394,15_2,15,2,natural,114.383407593,56.1793365479,1.0411563836,0,353.316221508,0.219758599997
UBFC_A1/Eval_On_COHFACE,COHFACE,old,COHFACE_s15_session2_natural,13,82.0,81.0,correct,82.0,0.9999999999999999,83.0,0.9817463826954502,81.0,0.9002265796005293,81.0,0.9999999999999999,82.0,0.995849485320805,80.0,0.9118910721125683,15_2,15,2,natural,114.383407593,56.1793365479,1.0411563836,0,353.316221508,0.219758599997
UBFC_A1/Eval_On_COHFACE,COHFACE,old,COHFACE_s15_session2_natural,14,82.0,82.0,correct,82.0,0.9999999999999999,83.0,0.9926310205897839,81.0,0.8871291134067832,82.0,0.9999999999999999,81.0,0.9812399601870817,83.0,0.9208880240167394,15_2,15,2,natural,114.383407593,56.1793365479,1.0411563836,0,353.316221508,0.219758599997
UBFC_A1/Eval_On_COHFACE,COHFACE,old,COHFACE_s15_session2_natural,15,82.0,82.0,correct,82.0,0.9999999999999999,83.0,0.9604811114768481,81.0,0.9214939342302709,82.0,0.9999999999999998,81.0,0.9920048754799315,83.0,0.9078182086649917,15_2,15,2,natural,114.383407593,56.1793365479,1.0411563836,0,353.316221508,0.219758599997
UBFC_A1/Eval_On_COHFACE,COHFACE,old,COHFACE_s15_session2_natural,16,82.0,82.0,correct,82.0,0.9999999999999999,83.0,0.9598119075698573,81.0,0.923510695278509,82.0,0.9999999999999998,81.0,0.9699637329618844,83.0,0.9270824153607968,15_2,15,2,natural,114.383407593,56.1793365479,1.0411563836,0,353.316221508,0.219758599997
UBFC_A1/Eval_On_COHFACE,COHFACE,old,COHFACE_s15_session2_natural,17,82.0,82.0,correct,82.0,0.9999999999999999,81.0,0.9616739230274701,83.0,0.9303654586827312,82.0,0.9999999999999999,83.0,0.999180948035272,84.0,0.8918465607553822,15_2,15,2,natural,114.383407593,56.1793365479,1.0411563836,0,353.316221508,0.219758599997
UBFC_A1/Eval_On_COHFACE,COHFACE,old,COHFACE_s15_session2_natural,18,81.0,82.0,correct,81.0,1.0,80.0,0.9924205353714755,82.0,0.8982299778798929,82.0,0.9999999999999998,83.0,0.9898346873912081,45.0,0.9450880907484913,15_2,15,2,natural,114.383407593,56.1793365479,1.0411563836,0,353.316221508,0.219758599997
UBFC_A1/Eval_On_COHFACE,COHFACE,old,COHFACE_s15_session2_natural,19,80.0,83.0,correct,80.0,1.0,79.0,0.9495765973198258,81.0,0.9347623089263449,83.0,0.9999999999999998,82.0,0.9973721960352274,84.0,0.9053375613282072,15_2,15,2,natural,114.383407593,56.1793365479,1.0411563836,0,353.316221508,0.219758599997
UBFC_A1/Eval_On_COHFACE,COHFACE,old,COHFACE_s15_session2_natural,20,79.0,61.0,large_error,79.0,1.0,80.0,0.9745981294792941,78.0,0.9126303292212115,61.0,0.9999999999999999,61.99999999999999,0.9936920392799551,60.0,0.865461841991539,15_2,15,2,natural,114.383407593,56.1793365479,1.0411563836,0,353.316221508,0.219758599997
UBFC_A1/Eval_On_COHFACE,COHFACE,old,COHFACE_s15_session2_natural,21,79.0,60.0,large_error,79.0,1.0,80.0,0.9607144863006734,78.0,0.9303342140457845,60.0,0.9999999999999998,59.0,0.9721186181466709,61.0,0.9647407995097758,15_2,15,2,natural,114.383407593,56.1793365479,1.0411563836,0,353.316221508,0.219758599997
UBFC_A1/Eval_On_COHFACE,COHFACE,old,COHFACE_s15_session2_natural,22,80.0,57.0,large_error,80.0,1.0,79.0,0.9717373685739367,81.0,0.9145612017027147,57.0,0.9999999999999999,58.0,0.9751517156425175,56.0,0.9303370465251772,15_2,15,2,natural,114.383407593,56.1793365479,1.0411563836,0,353.316221508,0.219758599997
UBFC_A1/Eval_On_COHFACE,COHFACE,old,COHFACE_s15_session2_natural,23,80.0,60.0,large_error,80.0,1.0,81.0,0.9858749374838701,79.0,0.9090020429235354,60.0,0.9999999999999999,59.0,0.966077071651107,61.0,0.9247176350542297,15_2,15,2,natural,114.383407593,56.1793365479,1.0411563836,0,353.316221508,0.219758599997
UBFC_A1/Eval_On_COHFACE,COHFACE,old,COHFACE_s15_session2_natural,24,81.0,75.0,large_error,81.0,1.0,82.0,0.984002507814498,80.0,0.9045252336052807,75.0,0.9999999999999999,76.0,0.9460143542620372,74.0,0.9439797977227095,15_2,15,2,natural,114.383407593,56.1793365479,1.0411563836,0,353.316221508,0.219758599997
UBFC_A1/Eval_On_COHFACE,COHFACE,old,COHFACE_s15_session2_natural,25,82.0,75.0,large_error,82.0,1.0,81.0,0.9469936000748944,83.0,0.9317384549337462,75.0,0.9999999999999998,74.0,0.9802797034788742,76.0,0.8964119626728153,15_2,15,2,natural,114.383407593,56.1793365479,1.0411563836,0,353.316221508,0.219758599997
UBFC_A1/Eval_On_COHFACE,COHFACE,old,COHFACE_s15_session2_natural,26,82.0,64.0,large_error,82.0,1.0,83.0,0.9733126793601086,81.0,0.9108295469163531,64.0,0.9999999999999994,63.0,0.9911285686894857,65.0,0.9536608453597455,15_2,15,2,natural,114.383407593,56.1793365479,1.0411563836,0,353.316221508,0.219758599997
UBFC_A1/Eval_On_COHFACE,COHFACE,old,COHFACE_s15_session2_natural,27,83.0,66.0,large_error,83.0,1.0,82.0,0.9984952030667436,84.0,0.8945861733562194,66.0,0.9999999999999998,65.0,0.9657281758349826,67.0,0.941911099488324,15_2,15,2,natural,114.383407593,56.1793365479,1.0411563836,0,353.316221508,0.219758599997
UBFC_A1/Eval_On_COHFACE,COHFACE,old,COHFACE_s15_session2_natural,28,82.0,72.0,large_error,82.0,1.0,83.0,0.9997028234127088,81.0,0.8945562961662595,72.0,0.9999999999999994,73.0,0.9981884282817576,53.0,0.9710567428523813,15_2,15,2,natural,114.383407593,56.1793365479,1.0411563836,0,353.316221508,0.219758599997
UBFC_A1/Eval_On_COHFACE,COHFACE,old,COHFACE_s15_session2_natural,29,82.0,51.0,large_error,82.0,1.0,83.0,0.96669225893322,81.0,0.9217033059723324,51.0,0.9999999999999998,52.0,0.9422346598288595,50.0,0.9198088255561941,15_2,15,2,natural,114.383407593,56.1793365479,1.0411563836,0,353.316221508,0.219758599997
UBFC_A1/Eval_On_COHFACE,COHFACE,old,COHFACE_s15_session2_natural,30,83.0,40.0,sub_harmonic_half,83.0,1.0,82.0,0.9857467621630918,84.0,0.9024426711506618,40.0,0.9999999999999996,41.0,0.8716277672882483,42.0,0.6591792708672998,15_2,15,2,natural,114.383407593,56.1793365479,1.0411563836,0,353.316221508,0.219758599997
UBFC_A1/Eval_On_COHFACE,COHFACE,old,COHFACE_s15_session2_natural,31,83.0,90.0,large_error,83.0,1.0,82.0,0.9466125944207623,84.0,0.9368152915526881,90.0,0.9999999999999989,91.0,0.9956262834459116,89.0,0.8640726847331107,15_2,15,2,natural,114.383407593,56.1793365479,1.0411563836,0,353.316221508,0.219758599997
UBFC_A1/Eval_On_COHFACE,COHFACE,old,COHFACE_s15_session2_natural,32,83.0,76.0,large_error,83.0,1.0,84.0,0.9866251672445575,82.0,0.898314206961929,76.0,0.9999999999999998,77.0,0.9896273988419146,75.0,0.8704592195011382,15_2,15,2,natural,114.383407593,56.1793365479,1.0411563836,0,353.316221508,0.219758599997
UBFC_A1/Eval_On_COHFACE,COHFACE,old,COHFACE_s15_session2_natural,33,84.0,40.0,sub_harmonic_half,84.0,1.0,85.0,0.9516134409398525,83.0,0.943770708934459,40.0,0.9999999999999997,41.0,0.9466704085203792,42.0,0.8053740605391567,15_2,15,2,natural,114.383407593,56.1793365479,1.0411563836,0,353.316221508,0.219758599997
UBFC_A1/Eval_On_COHFACE,COHFACE,old,COHFACE_s15_session2_natural,34,85.0,81.0,large_error,85.0,1.0,84.0,0.9632344125417152,86.0,0.9273365570094428,81.0,0.9999999999999997,82.0,0.9997680119218401,80.0,0.914008283436525,15_2,15,2,natural,114.383407593,56.1793365479,1.0411563836,0,353.316221508,0.219758599997
UBFC_A1/Eval_On_COHFACE,COHFACE,old,COHFACE_s15_session2_natural,35,85.0,42.0,sub_harmonic_half,85.0,1.0,86.0,0.9896039712609759,84.0,0.8981958311676964,42.0,0.9999999999999998,43.0,0.965862901061848,41.0,0.9575461200271912,15_2,15,2,natural,114.383407593,56.1793365479,1.0411563836,0,353.316221508,0.219758599997
UBFC_A1/Eval_On_COHFACE,COHFACE,old,COHFACE_s15_session2_natural,36,86.0,81.0,large_error,86.0,1.0,85.0,0.9819922159759961,87.0,0.8967086313849463,81.0,0.9999999999999998,80.0,0.9526675265547554,82.0,0.9501137482929765,15_2,15,2,natural,114.383407593,56.1793365479,1.0411563836,0,353.316221508,0.219758599997
UBFC_A1/Eval_On_COHFACE,COHFACE,old,COHFACE_s15_session2_natural,37,86.0,81.0,large_error,86.0,1.0,85.0,0.9635215402001376,87.0,0.9155595511648398,81.0,0.9999999999999998,80.0,0.9756433713073358,82.0,0.9452346223647795,15_2,15,2,natural,114.383407593,56.1793365479,1.0411563836,0,353.316221508,0.219758599997
UBFC_A1/Eval_On_COHFACE,COHFACE,old,COHFACE_s15_session2_natural,38,86.0,43.0,sub_harmonic_half,86.0,1.0,85.0,0.9527721416351396,87.0,0.9350641509552249,43.0,0.9999999999999998,42.0,0.9995424797063575,41.0,0.922805210709715,15_2,15,2,natural,114.383407593,56.1793365479,1.0411563836,0,353.316221508,0.219758599997
UBFC_A1/Eval_On_COHFACE,COHFACE,old,COHFACE_s15_session2_natural,39,86.0,40.0,sub_harmonic_half,86.0,1.0,85.0,0.9631943377881563,87.0,0.9232478475517293,40.0,0.9999999999999998,41.0,0.9659836093670605,81.0,0.941938351052074,15_2,15,2,natural,114.383407593,56.1793365479,1.0411563836,0,353.316221508,0.219758599997
UBFC_A1/Eval_On_COHFACE,COHFACE,old,COHFACE_s15_session2_natural,40,86.0,41.0,sub_harmonic_half,86.0,0.9999999999999999,85.0,0.9894209359913181,87.0,0.9058723645645578,41.0,0.9999999999999997,42.0,0.9641497559760748,40.0,0.9580151584062759,15_2,15,2,natural,114.383407593,56.1793365479,1.0411563836,0,353.316221508,0.219758599997
UBFC_A1/Eval_On_COHFACE,COHFACE,old,COHFACE_s15_session2_natural,41,86.0,42.0,sub_harmonic_half,86.0,1.0,85.0,0.9649611760165662,87.0,0.9166901642637201,42.0,0.9999999999999998,43.0,0.9803904784822044,41.0,0.9326756343870416,15_2,15,2,natural,114.383407593,56.1793365479,1.0411563836,0,353.316221508,0.219758599997
UBFC_A1/Eval_On_COHFACE,COHFACE,old,COHFACE_s15_session2_natural,42,86.0,40.0,sub_harmonic_half,86.0,1.0,87.0,0.9599390028393355,85.0,0.9248324114982708,40.0,0.9999999999999997,59.0,0.9096231044867944,60.0,0.8987176398355118,15_2,15,2,natural,114.383407593,56.1793365479,1.0411563836,0,353.316221508,0.219758599997
UBFC_A1/Eval_On_COHFACE,COHFACE,old,COHFACE_s15_session2_natural,43,86.0,90.0,large_error,86.0,1.0,87.0,0.9813151587413421,85.0,0.9012620534569726,90.0,0.9999999999999996,60.0,0.9696467061383098,89.0,0.9390123312168314,15_2,15,2,natural,114.383407593,56.1793365479,1.0411563836,0,353.316221508,0.219758599997
UBFC_A1/Eval_On_COHFACE,COHFACE,old,COHFACE_s15_session2_natural,44,87.0,43.0,sub_harmonic_half,87.0,1.0,86.0,0.9873291502914072,88.0,0.9026890085018406,43.0,0.9999999999999998,44.0,0.9403488215471649,42.0,0.9332268853513759,15_2,15,2,natural,114.383407593,56.1793365479,1.0411563836,0,353.316221508,0.219758599997
UBFC_A1/Eval_On_COHFACE,COHFACE,old,COHFACE_s15_session2_natural,45,87.0,81.0,large_error,87.0,0.9999999999999999,86.0,0.9758081482719446,88.0,0.9196179928472185,81.0,0.9999999999999998,82.0,0.9778130573165873,80.0,0.9369418768356905,15_2,15,2,natural,114.383407593,56.1793365479,1.0411563836,0,353.316221508,0.219758599997
UBFC_A1/Eval_On_COHFACE,COHFACE,old,COHFACE_s15_session2_natural,46,87.0,82.0,large_error,87.0,1.0,86.0,0.973446448254812,88.0,0.9110612592954191,82.0,0.9999999999999998,81.0,0.9663037763005259,83.0,0.9461144163769596,15_2,15,2,natural,114.383407593,56.1793365479,1.0411563836,0,353.316221508,0.219758599997
UBFC_A1/Eval_On_COHFACE,COHFACE,old,COHFACE_s15_session2_natural,47,87.0,43.0,sub_harmonic_half,87.0,0.9999999999999999,86.0,0.9854222800027963,88.0,0.9005007750419924,43.0,0.9999999999999998,44.0,0.9637545370071883,42.0,0.945048915384404,15_2,15,2,natural,114.383407593,56.1793365479,1.0411563836,0,353.316221508,0.219758599997
UBFC_A1/Eval_On_COHFACE,COHFACE,old,COHFACE_s15_session2_natural,48,87.0,82.0,large_error,87.0,1.0,86.0,0.9402329529722403,88.0,0.9318560200552584,82.0,0.9999999999999999,83.0,0.9530601447093127,81.0,0.9529033520301268,15_2,15,2,natural,114.383407593,56.1793365479,1.0411563836,0,353.316221508,0.219758599997
UBFC_A1/Eval_On_COHFACE,COHFACE,old,COHFACE_s15_session2_natural,49,87.0,80.0,large_error,87.0,1.0,86.0,0.9422179806397354,88.0,0.9409939099064306,80.0,0.9999999999999998,81.0,0.9940191296802346,79.0,0.9184852846638077,15_2,15,2,natural,114.383407593,56.1793365479,1.0411563836,0,353.316221508,0.219758599997
UBFC_A1/Eval_On_COHFACE,COHFACE,old,COHFACE_s15_session2_natural,50,87.0,76.0,large_error,87.0,1.0,86.0,0.9953066986476673,88.0,0.8950170792159429,76.0,0.9999999999999998,77.0,0.9872620120572437,75.0,0.9204117591933056,15_2,15,2,natural,114.383407593,56.1793365479,1.0411563836,0,353.316221508,0.219758599997
UBFC_A1/Eval_On_COHFACE,COHFACE,old,COHFACE_s15_session3_natural,0,83.0,81.0,correct,83.0,0.9999999999999999,84.0,0.9812099256371453,82.0,0.89264759652788,81.0,0.9999999999999999,82.0,0.9577057270293318,80.0,0.9189008853212629,15_3,15,3,natural,107.108505249,54.2120552063,1.17218600717,0,311.186778791,0.208337426186
UBFC_A1/Eval_On_COHFACE,COHFACE,old,COHFACE_s15_session3_natural,1,83.0,52.0,large_error,83.0,0.9999999999999999,82.0,0.969506690699967,84.0,0.9224859136587107,52.0,0.9999999999999998,53.0,0.944480250531453,51.0,0.9351482705554055,15_3,15,3,natural,107.108505249,54.2120552063,1.17218600717,0,311.186778791,0.208337426186
UBFC_A1/Eval_On_COHFACE,COHFACE,old,COHFACE_s15_session3_natural,2,83.0,54.0,large_error,83.0,0.9999999999999999,84.0,0.9976269223152512,82.0,0.8933254461853167,54.0,0.9999999999999998,55.0,0.9362024449365589,53.0,0.9280560017456896,15_3,15,3,natural,107.108505249,54.2120552063,1.17218600717,0,311.186778791,0.208337426186
UBFC_A1/Eval_On_COHFACE,COHFACE,old,COHFACE_s15_session3_natural,3,84.0,66.0,large_error,84.0,0.9999999999999999,85.0,0.9791109030615114,83.0,0.9084471909949433,66.0,0.9999999999999999,65.0,0.966041019201944,67.0,0.9064540364245166,15_3,15,3,natural,107.108505249,54.2120552063,1.17218600717,0,311.186778791,0.208337426186
UBFC_A1/Eval_On_COHFACE,COHFACE,old,COHFACE_s15_session3_natural,4,85.0,51.0,large_error,85.0,0.9999999999999999,86.0,0.9828378641376249,84.0,0.9095466423861611,51.0,0.9999999999999999,50.0,0.9591795274611169,52.0,0.9222059689262118,15_3,15,3,natural,107.108505249,54.2120552063,1.17218600717,0,311.186778791,0.208337426186
UBFC_A1/Eval_On_COHFACE,COHFACE,old,COHFACE_s15_session3_natural,5,85.0,50.0,large_error,85.0,1.0,86.0,0.9620816449322603,84.0,0.9194731148583184,50.0,0.9999999999999998,51.0,0.9943940643924215,49.0,0.864188788204297,15_3,15,3,natural,107.108505249,54.2120552063,1.17218600717,0,311.186778791,0.208337426186
UBFC_A1/Eval_On_COHFACE,COHFACE,old,COHFACE_s15_session3_natural,6,85.0,52.0,large_error,85.0,1.0,84.0,0.9656861518060481,86.0,0.9185421900751033,52.0,0.9999999999999998,51.0,0.9788515505841875,67.0,0.9568731558597411,15_3,15,3,natural,107.108505249,54.2120552063,1.17218600717,0,311.186778791,0.208337426186
UBFC_A1/Eval_On_COHFACE,COHFACE,old,COHFACE_s15_session3_natural,7,84.0,68.0,large_error,84.0,0.9999999999999999,85.0,0.9703493692911075,83.0,0.9234106831680389,68.0,0.9999999999999999,49.0,0.9990778715251937,48.0,0.9821346995229462,15_3,15,3,natural,107.108505249,54.2120552063,1.17218600717,0,311.186778791,0.208337426186
UBFC_A1/Eval_On_COHFACE,COHFACE,old,COHFACE_s15_session3_natural,8,83.0,46.0,sub_harmonic_half,83.0,0.9999999999999999,82.0,0.9525047469527423,84.0,0.941816402448582,46.0,0.9999999999999999,45.0,0.982259244913474,47.0,0.9403215326200793,15_3,15,3,natural,107.108505249,54.2120552063,1.17218600717,0,311.186778791,0.208337426186
UBFC_A1/Eval_On_COHFACE,COHFACE,old,COHFACE_s15_session3_natural,9,82.0,43.0,sub_harmonic_half,82.0,1.0,83.0,0.9809466141632904,81.0,0.9121528298807229,43.0,0.9999999999999998,44.0,0.9489771630935283,42.0,0.9151078629187366,15_3,15,3,natural,107.108505249,54.2120552063,1.17218600717,0,311.186778791,0.208337426186
UBFC_A1/Eval_On_COHFACE,COHFACE,old,COHFACE_s15_session3_natural,10,82.0,65.0,large_error,82.0,1.0,83.0,0.9437897688670145,81.0,0.9396572837707081,65.0,0.9999999999999999,66.0,0.9360863933144566,64.0,0.9098678100217433,15_3,15,3,natural,107.108505249,54.2120552063,1.17218600717,0,311.186778791,0.208337426186
UBFC_A1/Eval_On_COHFACE,COHFACE,old,COHFACE_s15_session3_natural,11,82.0,67.0,large_error,82.0,1.0,83.0,0.9560005809218639,81.0,0.928336614922246,67.0,0.9999999999999998,66.0,0.9870060205246342,68.0,0.8692239333926262,15_3,15,3,natural,107.108505249,54.2120552063,1.17218600717,0,311.186778791,0.208337426186
UBFC_A1/Eval_On_COHFACE,COHFACE,old,COHFACE_s15_session3_natural,12,83.0,81.0,correct,83.0,1.0,82.0,0.9974648826822291,84.0,0.8940319509098197,81.0,0.9999999999999999,80.0,0.9785296092036694,82.0,0.9371169175508873,15_3,15,3,natural,107.108505249,54.2120552063,1.17218600717,0,311.186778791,0.208337426186
UBFC_A1/Eval_On_COHFACE,COHFACE,old,COHFACE_s15_session3_natural,13,84.0,81.0,correct,84.0,1.0,83.0,0.9994084301246872,85.0,0.8984703265138064,81.0,0.9999999999999999,82.0,0.9957152988452801,80.0,0.9112838457453248,15_3,15,3,natural,107.108505249,54.2120552063,1.17218600717,0,311.186778791,0.208337426186
UBFC_A1/Eval_On_COHFACE,COHFACE,old,COHFACE_s15_session3_natural,14,85.0,83.0,correct,85.0,1.0,84.0,0.9624372098777615,86.0,0.9312135613369847,83.0,0.9999999999999998,84.0,0.9656110808100592,82.0,0.9643264974489864,15_3,15,3,natural,107.108505249,54.2120552063,1.17218600717,0,311.186778791,0.208337426186
UBFC_A1/Eval_On_COHFACE,COHFACE,old,COHFACE_s15_session3_natural,15,85.0,82.0,correct,85.0,1.0,86.0,0.9992280279113396,84.0,0.8823769566013397,82.0,0.9999999999999998,81.0,0.9672979950550269,70.0,0.9634322994168655,15_3,15,3,natural,107.108505249,54.2120552063,1.17218600717,0,311.186778791,0.208337426186
UBFC_A1/Eval_On_COHFACE,COHFACE,old,COHFACE_s15_session3_natural,16,86.0,70.0,large_error,86.0,1.0,87.0,0.943460647839829,85.0,0.9385489071861017,70.0,0.9999999999999998,71.0,0.9794745737650069,69.0,0.8983425519069788,15_3,15,3,natural,107.108505249,54.2120552063,1.17218600717,0,311.186778791,0.208337426186
UBFC_A1/Eval_On_COHFACE,COHFACE,old,COHFACE_s15_session3_natural,17,87.0,82.0,large_error,87.0,1.0,86.0,0.9980307267009345,88.0,0.8941782162231923,82.0,0.9999999999999998,81.0,0.9876069387227022,83.0,0.8951562723599678,15_3,15,3,natural,107.108505249,54.2120552063,1.17218600717,0,311.186778791,0.208337426186
UBFC_A1/Eval_On_COHFACE,COHFACE,old,COHFACE_s15_session3_natural,18,87.0,69.0,large_error,87.0,1.0,86.0,0.9764026247594424,88.0,0.9088966317856643,69.0,0.9999999999999998,70.0,0.9382932412172095,68.0,0.9366712529946457,15_3,15,3,natural,107.108505249,54.2120552063,1.17218600717,0,311.186778791,0.208337426186
UBFC_A1/Eval_On_COHFACE,COHFACE,old,COHFACE_s15_session3_natural,19,87.0,46.0,sub_harmonic_half,87.0,1.0,86.0,0.9811120332268648,88.0,0.910597548279756,46.0,0.9999999999999997,45.0,0.981895330016276,47.0,0.9714929696108381,15_3,15,3,natural,107.108505249,54.2120552063,1.17218600717,0,311.186778791,0.208337426186
UBFC_A1/Eval_On_COHFACE,COHFACE,old,COHFACE_s15_session3_natural,20,86.0,75.0,large_error,86.0,1.0,87.0,0.9918122774841356,85.0,0.8916552027996182,75.0,0.9999999999999999,74.0,0.9572049210496365,76.0,0.9425908199603927,15_3,15,3,natural,107.108505249,54.2120552063,1.17218600717,0,311.186778791,0.208337426186
UBFC_A1/Eval_On_COHFACE,COHFACE,old,COHFACE_s15_session3_natural,21,86.0,50.0,sub_harmonic_half,86.0,1.0,87.0,0.9679140893950149,85.0,0.9196119661271852,50.0,0.9999999999999998,51.0,0.9822211076515641,49.0,0.9282644892222097,15_3,15,3,natural,107.108505249,54.2120552063,1.17218600717,0,311.186778791,0.208337426186
UBFC_A1/Eval_On_COHFACE,COHFACE,old,COHFACE_s15_session3_natural,22,86.0,80.0,large_error,86.0,1.0,87.0,0.9550668097752463,85.0,0.9311000403489117,80.0,0.9999999999999998,51.0,0.9555070351269933,79.0,0.9410159757435851,15_3,15,3,natural,107.108505249,54.2120552063,1.17218600717,0,311.186778791,0.208337426186
UBFC_A1/Eval_On_COHFACE,COHFACE,old,COHFACE_s15_session3_natural,23,86.0,51.0,large_error,86.0,1.0,87.0,0.9555547499476873,85.0,0.9301833109063273,51.0,0.9999999999999999,50.0,0.9429791110212024,52.0,0.9094670992214369,15_3,15,3,natural,107.108505249,54.2120552063,1.17218600717,0,311.186778791,0.208337426186
UBFC_A1/Eval_On_COHFACE,COHFACE,old,COHFACE_s15_session3_natural,24,86.0,82.0,large_error,86.0,1.0,87.0,0.9535160230433525,85.0,0.9335652152385427,82.0,0.9999999999999999,81.0,0.962487654337121,83.0,0.9198276991506316,15_3,15,3,natural,107.108505249,54.2120552063,1.17218600717,0,311.186778791,0.208337426186
UBFC_A1/Eval_On_COHFACE,COHFACE,old,COHFACE_s15_session3_natural,25,86.0,83.0,correct,86.0,1.0,85.0,0.9690651452367791,87.0,0.9120266048222048,83.0,0.9999999999999998,82.0,0.9784988848284852,84.0,0.932034803969751,15_3,15,3,natural,107.108505249,54.2120552063,1.17218600717,0,311.186778791,0.208337426186
UBFC_A1/Eval_On_COHFACE,COHFACE,old,COHFACE_s15_session3_natural,26,85.0,83.0,correct,85.0,1.0,86.0,0.9796386086796789,84.0,0.9098849981163891,83.0,0.9999999999999999,82.0,0.9847828558558585,84.0,0.9307400925991356,15_3,15,3,natural,107.108505249,54.2120552063,1.17218600717,0,311.186778791,0.208337426186
UBFC_A1/Eval_On_COHFACE,COHFACE,old,COHFACE_s15_session3_natural,27,85.0,82.0,correct,85.0,1.0,84.0,0.9927742283150424,86.0,0.8996408242846826,82.0,0.9999999999999999,83.0,0.983428101717953,81.0,0.9166005387599901,15_3,15,3,natural,107.108505249,54.2120552063,1.17218600717,0,311.186778791,0.208337426186
UBFC_A1/Eval_On_COHFACE,COHFACE,old,COHFACE_s15_session3_natural,28,84.0,83.0,correct,84.0,1.0,85.0,0.9726223992115544,83.0,0.9220056962851807,83.0,0.9999999999999999,84.0,0.961548938273218,82.0,0.9453669048569717,15_3,15,3,natural,107.108505249,54.2120552063,1.17218600717,0,311.186778791,0.208337426186
UBFC_A1/Eval_On_COHFACE,COHFACE,old,COHFACE_s15_session3_natural,29,84.0,83.0,correct,84.0,1.0,85.0,0.9618237196462638,83.0,0.9247767085095596,83.0,0.9999999999999998,82.0,0.9993275991603825,84.0,0.9092861846982025,15_3,15,3,natural,107.108505249,54.2120552063,1.17218600717,0,311.186778791,0.208337426186
UBFC_A1/Eval_On_COHFACE,COHFACE,old,COHFACE_s15_session3_natural,30,85.0,59.0,large_error,85.0,1.0,84.0,0.9857236219454973,86.0,0.8967741063066565,59.0,0.9999999999999996,58.0,0.9486409216370225,60.0,0.9455903637413658,15_3,15,3,natural,107.108505249,54.2120552063,1.17218600717,0,311.186778791,0.208337426186
UBFC_A1/Eval_On_COHFACE,COHFACE,old,COHFACE_s15_session3_natural,31,85.0,88.0,correct,85.0,1.0,86.0,0.9725848239781407,84.0,0.9089101437177859,88.0,0.9999999999999998,87.0,0.9550117905965625,89.0,0.9221475521516429,15_3,15,3,natural,107.108505249,54.2120552063,1.17218600717,0,311.186778791,0.208337426186
UBFC_A1/Eval_On_COHFACE,COHFACE,old,COHFACE_s15_session3_natural,32,86.0,76.0,large_error,86.0,1.0,85.0,0.9821597994673232,87.0,0.9031109678633502,76.0,0.9999999999999998,77.0,0.9901336506918347,75.0,0.8721823618632287,15_3,15,3,natural,107.108505249,54.2120552063,1.17218600717,0,311.186778791,0.208337426186
UBFC_A1/Eval_On_COHFACE,COHFACE,old,COHFACE_s15_session3_natural,33,86.0,88.0,correct,86.0,0.9999999999999999,85.0,0.9571870367632545,87.0,0.9381561073526913,88.0,0.9999999999999999,87.0,0.9629058904713267,89.0,0.9227962894491122,15_3,15,3,natural,107.108505249,54.2120552063,1.17218600717,0,311.186778791,0.208337426186
UBFC_A1/Eval_On_COHFACE,COHFACE,old,COHFACE_s15_session3_natural,34,85.0,84.0,correct,85.0,0.9999999999999999,86.0,0.9764007613454462,84.0,0.9153727527846769,84.0,0.9999999999999997,85.0,0.9943072026483806,83.0,0.9575000340975724,15_3,15,3,natural,107.108505249,54.2120552063,1.17218600717,0,311.186778791,0.208337426186
UBFC_A1/Eval_On_COHFACE,COHFACE,old,COHFACE_s15_session3_natural,35,85.0,42.0,sub_harmonic_half,85.0,1.0,84.0,0.9843524933819161,86.0,0.8976048957948626,42.0,0.9999999999999998,43.0,0.9849707902979529,41.0,0.9375283241208614,15_3,15,3,natural,107.108505249,54.2120552063,1.17218600717,0,311.186778791,0.208337426186
UBFC_A1/Eval_On_COHFACE,COHFACE,old,COHFACE_s15_session3_natural,36,84.0,81.0,correct,84.0,1.0,85.0,0.9571911212685716,83.0,0.9271538717765284,81.0,0.9999999999999999,82.0,0.9997296726776308,83.0,0.9171301779368068,15_3,15,3,natural,107.108505249,54.2120552063,1.17218600717,0,311.186778791,0.208337426186
UBFC_A1/Eval_On_COHFACE,COHFACE,old,COHFACE_s15_session3_natural,37,84.0,82.0,correct,84.0,1.0,83.0,0.9833732400352745,85.0,0.8938510771949661,82.0,0.9999999999999999,81.0,0.9660464501248094,83.0,0.9410435208317502,15_3,15,3,natural,107.108505249,54.2120552063,1.17218600717,0,311.186778791,0.208337426186
UBFC_A1/Eval_On_COHFACE,COHFACE,old,COHFACE_s15_session3_natural,38,84.0,81.0,correct,84.0,1.0,83.0,0.9811863088482724,85.0,0.9071088740657379,81.0,0.9999999999999999,82.0,0.9959199132379941,80.0,0.9112028784624675,15_3,15,3,natural,107.108505249,54.2120552063,1.17218600717,0,311.186778791,0.208337426186
UBFC_A1/Eval_On_COHFACE,COHFACE,old,COHFACE_s15_session3_natural,39,84.0,82.0,correct,84.0,1.0,83.0,0.995310181592958,85.0,0.8971435693203986,82.0,0.9999999999999999,81.0,0.987609467797034,83.0,0.909094195866614,15_3,15,3,natural,107.108505249,54.2120552063,1.17218600717,0,311.186778791,0.208337426186
UBFC_A1/Eval_On_COHFACE,COHFACE,old,COHFACE_s15_session3_natural,40,84.0,82.0,correct,84.0,1.0,83.0,0.9477956557978203,85.0,0.9443617661488303,82.0,0.9999999999999998,81.0,0.9594155749816147,83.0,0.9586143625721908,15_3,15,3,natural,107.108505249,54.2120552063,1.17218600717,0,311.186778791,0.208337426186
UBFC_A1/Eval_On_COHFACE,COHFACE,old,COHFACE_s15_session3_natural,41,84.0,63.0,large_error,84.0,1.0,85.0,0.9554591803753752,83.0,0.9297307737274028,63.0,0.9999999999999998,64.0,0.944565407045792,61.99999999999999,0.9439218621685092,15_3,15,3,natural,107.108505249,54.2120552063,1.17218600717,0,311.186778791,0.208337426186
UBFC_A1/Eval_On_COHFACE,COHFACE,old,COHFACE_s15_session3_natural,42,84.0,53.0,large_error,84.0,1.0,85.0,0.94128205070784,83.0,0.9357533055558462,53.0,0.9999999999999997,54.0,0.9759202349516006,52.0,0.9125179869698653,15_3,15,3,natural,107.108505249,54.2120552063,1.17218600717,0,311.186778791,0.208337426186
UBFC_A1/Eval_On_COHFACE,COHFACE,old,COHFACE_s15_session3_natural,43,84.0,54.0,large_error,84.0,1.0,83.0,0.9510171784615866,85.0,0.9333235536682369,54.0,0.9999999999999998,53.0,0.9928050344170615,55.0,0.8802604709304156,15_3,15,3,natural,107.108505249,54.2120552063,1.17218600717,0,311.186778791,0.208337426186
UBFC_A1/Eval_On_COHFACE,COHFACE,old,COHFACE_s15_session3_natural,44,83.0,67.0,large_error,83.0,1.0,84.0,0.9482162848397439,82.0,0.9402438882748005,67.0,0.9999999999999998,66.0,0.9809145351683412,53.0,0.9669316930438808,15_3,15,3,natural,107.108505249,54.2120552063,1.17218600717,0,311.186778791,0.208337426186
UBFC_A1/Eval_On_COHFACE,COHFACE,old,COHFACE_s15_session3_natural,45,81.0,61.0,large_error,81.0,0.9999999999999999,82.0,0.985670689130586,80.0,0.9141645024877694,61.0,0.9999999999999998,60.0,0.9771905383639559,61.99999999999999,0.953663735770406,15_3,15,3,natural,107.108505249,54.2120552063,1.17218600717,0,311.186778791,0.208337426186
UBFC_A1/Eval_On_COHFACE,COHFACE,old,COHFACE_s15_session3_natural,46,80.0,61.0,large_error,80.0,0.9999999999999999,79.0,0.9650553305063064,81.0,0.9229515912517982,61.0,0.9999999999999997,61.99999999999999,0.9831666556452681,60.0,0.9373676329817737,15_3,15,3,natural,107.108505249,54.2120552063,1.17218600717,0,311.186778791,0.208337426186
UBFC_A1/Eval_On_COHFACE,COHFACE,old,COHFACE_s15_session3_natural,47,78.0,44.0,sub_harmonic_half,78.0,1.0,79.0,0.9668138460514003,77.0,0.9260238731422005,44.0,0.9999999999999998,43.0,0.9593968742139467,45.0,0.9346444562000752,15_3,15,3,natural,107.108505249,54.2120552063,1.17218600717,0,311.186778791,0.208337426186
UBFC_A1/Eval_On_COHFACE,COHFACE,old,COHFACE_s15_session3_natural,48,77.0,60.0,large_error,77.0,1.0,78.0,0.9665351476102327,76.0,0.923991401099192,60.0,0.9999999999999998,61.0,0.9616678534067168,59.0,0.8624098701979439,15_3,15,3,natural,107.108505249,54.2120552063,1.17218600717,0,311.186778791,0.208337426186
UBFC_A1/Eval_On_COHFACE,COHFACE,old,COHFACE_s15_session3_natural,49,77.0,120.0,super_harmonic_1p5x,77.0,1.0,78.0,0.9590022065089681,76.0,0.9249980967700894,120.0,0.9999999999999996,40.0,0.9920191938847085,41.0,0.9647060263176835,15_3,15,3,natural,107.108505249,54.2120552063,1.17218600717,0,311.186778791,0.208337426186
UBFC_A1/Eval_On_COHFACE,COHFACE,old,COHFACE_s15_session3_natural,50,78.0,42.0,sub_harmonic_half,78.0,1.0,77.0,0.9719261195450838,79.0,0.9232672875952728,42.0,0.9999999999999998,43.0,0.9526247456273785,41.0,0.9319940216037617,15_3,15,3,natural,107.108505249,54.2120552063,1.17218600717,0,311.186778791,0.208337426186
UBFC_A1/Eval_On_COHFACE,COHFACE,old,COHFACE_s16_session0_lamp,0,56.0,83.0,super_harmonic_1p5x,56.0,1.0,55.0,0.9581925022979983,57.0,0.9430911627065152,83.0,0.9999999999999992,82.0,0.9672922002434464,84.0,0.9457792460446102,16_0,16,0,lamp,110.520568848,52.5791435242,1.44379851106,0,287.129709083,0.239164024591
UBFC_A1/Eval_On_COHFACE,COHFACE,old,COHFACE_s16_session0_lamp,1,57.0,90.0,super_harmonic_1p5x,57.0,1.0,56.0,0.9837612992361854,58.0,0.9066474309701711,90.0,0.9999999999999987,89.0,0.9231992586626463,55.0,0.9084564207797039,16_0,16,0,lamp,110.520568848,52.5791435242,1.44379851106,0,287.129709083,0.239164024591
UBFC_A1/Eval_On_COHFACE,COHFACE,old,COHFACE_s16_session0_lamp,2,57.0,68.0,large_error,57.0,1.0,58.0,0.9624807230776701,56.0,0.928076215135598,68.0,0.9999999999999997,58.0,0.9813325178157924,67.0,0.9705560483841957,16_0,16,0,lamp,110.520568848,52.5791435242,1.44379851106,0,287.129709083,0.239164024591
UBFC_A1/Eval_On_COHFACE,COHFACE,old,COHFACE_s16_session0_lamp,3,58.0,54.0,large_error,58.0,1.0,57.0,0.9710869892152934,59.0,0.9145075853740265,54.0,0.9999999999999996,55.0,0.9962029707456171,53.0,0.9867731731443006,16_0,16,0,lamp,110.520568848,52.5791435242,1.44379851106,0,287.129709083,0.239164024591
UBFC_A1/Eval_On_COHFACE,COHFACE,old,COHFACE_s16_session0_lamp,4,59.0,53.0,large_error,59.0,1.0,58.0,0.9993987119130119,60.0,0.8865639926952128,53.0,0.9999999999999996,54.0,0.9941441159169515,52.0,0.9353932846654077,16_0,16,0,lamp,110.520568848,52.5791435242,1.44379851106,0,287.129709083,0.239164024591
UBFC_A1/Eval_On_COHFACE,COHFACE,old,COHFACE_s16_session0_lamp,5,59.0,53.0,large_error,59.0,1.0,60.0,0.970638986318884,58.0,0.9104785383552761,53.0,0.9999999999999997,54.0,0.9882357419842527,52.0,0.9388812800275653,16_0,16,0,lamp,110.520568848,52.5791435242,1.44379851106,0,287.129709083,0.239164024591
UBFC_A1/Eval_On_COHFACE,COHFACE,old,COHFACE_s16_session0_lamp,6,60.0,80.0,super_harmonic_1p5x,60.0,1.0,59.0,0.9542362762867223,61.0,0.9309380512384211,80.0,0.9999999999999996,81.0,0.9800144130529687,55.0,0.9366520288662715,16_0,16,0,lamp,110.520568848,52.5791435242,1.44379851106,0,287.129709083,0.239164024591
UBFC_A1/Eval_On_COHFACE,COHFACE,old,COHFACE_s16_session0_lamp,7,60.0,81.0,super_harmonic_1p5x,60.0,1.0,61.0,0.9706042254441778,59.0,0.9165203879396744,81.0,0.9999999999999994,80.0,0.9758439976202612,82.0,0.9404252331078969,16_0,16,0,lamp,110.520568848,52.5791435242,1.44379851106,0,287.129709083,0.239164024591
UBFC_A1/Eval_On_COHFACE,COHFACE,old,COHFACE_s16_session0_lamp,8,60.0,43.0,large_error,60.0,1.0,61.0,0.9469920099065927,59.0,0.944446673588212,43.0,0.9999999999999997,42.0,0.9973206509274076,41.0,0.8947538477723079,16_0,16,0,lamp,110.520568848,52.5791435242,1.44379851106,0,287.129709083,0.239164024591
UBFC_A1/Eval_On_COHFACE,COHFACE,old,COHFACE_s16_session0_lamp,9,59.0,81.0,super_harmonic_1p5x,59.0,1.0,60.0,0.991992029097678,58.0,0.9025114569707556,81.0,0.9999999999999997,80.0,0.9540011580117985,82.0,0.904634074085628,16_0,16,0,lamp,110.520568848,52.5791435242,1.44379851106,0,287.129709083,0.239164024591
UBFC_A1/Eval_On_COHFACE,COHFACE,old,COHFACE_s16_session0_lamp,10,59.0,81.0,super_harmonic_1p5x,59.0,1.0,58.0,0.9604844665662484,60.0,0.9315702791615151,81.0,0.9999999999999996,82.0,0.9538878692250584,80.0,0.9295984951756905,16_0,16,0,lamp,110.520568848,52.5791435242,1.44379851106,0,287.129709083,0.239164024591
UBFC_A1/Eval_On_COHFACE,COHFACE,old,COHFACE_s16_session0_lamp,11,58.0,43.0,large_error,58.0,1.0,59.0,0.9902116139178306,57.0,0.9038082221517344,43.0,0.9999999999999997,44.0,0.9695367569055393,42.0,0.9687840842020924,16_0,16,0,lamp,110.520568848,52.5791435242,1.44379851106,0,287.129709083,0.239164024591
UBFC_A1/Eval_On_COHFACE,COHFACE,old,COHFACE_s16_session0_lamp,12,58.0,80.0,super_harmonic_1p5x,58.0,1.0,59.0,0.956294565414132,57.0,0.9321852148367819,80.0,0.9999999999999997,81.0,0.9666903652965824,79.0,0.9250311219170784,16_0,16,0,lamp,110.520568848,52.5791435242,1.44379851106,0,287.129709083,0.239164024591
UBFC_A1/Eval_On_COHFACE,COHFACE,old,COHFACE_s16_session0_lamp,13,58.0,40.0,large_error,58.0,1.0,59.0,0.9469878369130343,57.0,0.9362048199983936,40.0,0.9999999999999993,80.0,0.9726024858314544,41.0,0.9579505201184879,16_0,16,0,lamp,110.520568848,52.5791435242,1.44379851106,0,287.129709083,0.239164024591
UBFC_A1/Eval_On_COHFACE,COHFACE,old,COHFACE_s16_session0_lamp,14,58.0,77.0,super_harmonic_1p5x,58.0,1.0,59.0,0.9701268421376882,57.0,0.9116196237010956,77.0,0.9999999999999998,78.0,0.948838122093358,76.0,0.9106351728483539,16_0,16,0,lamp,110.520568848,52.5791435242,1.44379851106,0,287.129709083,0.239164024591
UBFC_A1/Eval_On_COHFACE,COHFACE,old,COHFACE_s16_session0_lamp,15,59.0,40.0,large_error,59.0,1.0,58.0,0.98414783111959,60.0,0.8996567103146326,40.0,0.9999999999999997,41.0,0.8187740393633705,42.0,0.5703605223172308,16_0,16,0,lamp,110.520568848,52.5791435242,1.44379851106,0,287.129709083,0.239164024591
UBFC_A1/Eval_On_COHFACE,COHFACE,old,COHFACE_s16_session0_lamp,16,59.0,81.0,super_harmonic_1p5x,59.0,1.0,60.0,0.952261846448495,58.0,0.9344870555804021,81.0,0.9999999999999997,80.0,0.9960571162696839,82.0,0.9026611236348575,16_0,16,0,lamp,110.520568848,52.5791435242,1.44379851106,0,287.129709083,0.239164024591
UBFC_A1/Eval_On_COHFACE,COHFACE,old,COHFACE_s16_session0_lamp,17,60.0,44.0,large_error,60.0,1.0,59.0,0.9828700631399792,61.0,0.9089765530429454,44.0,0.9999999999999997,45.0,0.9818014194280216,43.0,0.9503030338377558,16_0,16,0,lamp,110.520568848,52.5791435242,1.44379851106,0,287.129709083,0.239164024591
UBFC_A1/Eval_On_COHFACE,COHFACE,old,COHFACE_s16_session0_lamp,18,60.0,81.0,super_harmonic_1p5x,60.0,1.0,61.0,0.9705485899596608,59.0,0.9250053069931541,81.0,0.9999999999999998,82.0,0.9563454826233467,80.0,0.9540613356582095,16_0,16,0,lamp,110.520568848,52.5791435242,1.44379851106,0,287.129709083,0.239164024591
UBFC_A1/Eval_On_COHFACE,COHFACE,old,COHFACE_s16_session0_lamp,19,61.0,82.0,super_harmonic_1p5x,61.0,1.0,60.0,0.9530892813057018,61.99999999999999,0.9353425048454749,82.0,0.9999999999999998,81.0,0.9787756395124633,83.0,0.9435159158420032,16_0,16,0,lamp,110.520568848,52.5791435242,1.44379851106,0,287.129709083,0.239164024591
UBFC_A1/Eval_On_COHFACE,COHFACE,old,COHFACE_s16_session0_lamp,20,61.99999999999999,82.0,super_harmonic_1p5x,61.99999999999999,1.0,61.0,0.9979186737972604,63.0,0.8850392729980654,82.0,0.9999999999999996,81.0,0.9795571290447871,83.0,0.9572095293410783,16_0,16,0,lamp,110.520568848,52.5791435242,1.44379851106,0,287.129709083,0.239164024591
UBFC_A1/Eval_On_COHFACE,COHFACE,old,COHFACE_s16_session0_lamp,21,61.99999999999999,82.0,super_harmonic_1p5x,61.99999999999999,1.0,61.0,0.9625055854785474,63.0,0.9138560522792933,82.0,0.9999999999999997,83.0,0.9776581887060914,81.0,0.9284103735813537,16_0,16,0,lamp,110.520568848,52.5791435242,1.44379851106,0,287.129709083,0.239164024591
UBFC_A1/Eval_On_COHFACE,COHFACE,old,COHFACE_s16_session0_lamp,22,61.99999999999999,86.0,super_harmonic_1p5x,61.99999999999999,1.0,61.0,0.9775024136892195,63.0,0.899565200858975,86.0,0.9999999999999984,85.0,0.9521955633925344,87.0,0.9302850003909781,16_0,16,0,lamp,110.520568848,52.5791435242,1.44379851106,0,287.129709083,0.239164024591
UBFC_A1/Eval_On_COHFACE,COHFACE,old,COHFACE_s16_session0_lamp,23,61.0,58.0,correct,61.0,1.0,61.99999999999999,0.9509465798766444,60.0,0.9307349086792951,58.0,0.9999999999999989,59.0,0.999569245544188,60.0,0.915279066266734,16_0,16,0,lamp,110.520568848,52.5791435242,1.44379851106,0,287.129709083,0.239164024591
UBFC_A1/Eval_On_COHFACE,COHFACE,old,COHFACE_s16_session0_lamp,24,60.0,55.0,large_error,60.0,1.0,61.0,0.9622536998300486,59.0,0.9287255302003699,55.0,0.9999999999999994,120.0,0.9900350032491486,119.0,0.9499861777617483,16_0,16,0,lamp,110.520568848,52.5791435242,1.44379851106,0,287.129709083,0.239164024591
UBFC_A1/Eval_On_COHFACE,COHFACE,old,COHFACE_s16_session0_lamp,25,59.0,92.0,super_harmonic_1p5x,59.0,1.0,60.0,0.9649678600141504,58.0,0.9344045887814625,92.0,0.9999999999999989,93.0,0.9936531905723602,91.0,0.8663640739506707,16_0,16,0,lamp,110.520568848,52.5791435242,1.44379851106,0,287.129709083,0.239164024591
UBFC_A1/Eval_On_COHFACE,COHFACE,old,COHFACE_s16_session0_lamp,26,59.0,119.0,super_harmonic_2x,59.0,1.0,58.0,0.9763348531725657,60.0,0.9250481419492061,119.0,0.9999999999999993,118.0,0.9681718681537944,120.0,0.9096544030525534,16_0,16,0,lamp,110.520568848,52.5791435242,1.44379851106,0,287.129709083,0.239164024591
UBFC_A1/Eval_On_COHFACE,COHFACE,old,COHFACE_s16_session0_lamp,27,59.0,119.0,super_harmonic_2x,59.0,1.0,58.0,0.9627272008130077,60.0,0.9302751397678026,119.0,0.9999999999999997,118.0,0.989868129569031,120.0,0.9016023928657165,16_0,16,0,lamp,110.520568848,52.5791435242,1.44379851106,0,287.129709083,0.239164024591
UBFC_A1/Eval_On_COHFACE,COHFACE,old,COHFACE_s16_session0_lamp,28,59.0,88.0,super_harmonic_1p5x,59.0,1.0,60.0,0.9833171060476231,58.0,0.9005706613321949,88.0,0.9999999999999996,89.0,0.9963963461525539,87.0,0.913335738017611,16_0,16,0,lamp,110.520568848,52.5791435242,1.44379851106,0,287.129709083,0.239164024591
UBFC_A1/Eval_On_COHFACE,COHFACE,old,COHFACE_s16_session0_lamp,29,60.0,120.0,super_harmonic_2x,60.0,1.0,59.0,0.9509358374697654,61.0,0.9255251846072206,120.0,0.9999999999999997,119.0,0.9659306918150004,121.0,0.9083128116298924,16_0,16,0,lamp,110.520568848,52.5791435242,1.44379851106,0,287.129709083,0.239164024591
UBFC_A1/Eval_On_COHFACE,COHFACE,old,COHFACE_s16_session0_lamp,30,60.0,120.0,super_harmonic_2x,60.0,1.0,61.0,0.9684550314576811,59.0,0.9089848574096228,120.0,0.9999999999999993,121.0,0.9947959030521188,119.0,0.8738710018177275,16_0,16,0,lamp,110.520568848,52.5791435242,1.44379851106,0,287.129709083,0.239164024591
UBFC_A1/Eval_On_COHFACE,COHFACE,old,COHFACE_s16_session0_lamp,31,60.0,121.0,super_harmonic_2x,60.0,1.0,61.0,0.9628735565238252,59.0,0.9197336663646004,121.0,0.9999999999999996,122.0,0.941295574276536,120.0,0.9138539886951572,16_0,16,0,lamp,110.520568848,52.5791435242,1.44379851106,0,287.129709083,0.239164024591
UBFC_A1/Eval_On_COHFACE,COHFACE,old,COHFACE_s16_session0_lamp,32,60.0,44.0,large_error,60.0,1.0,59.0,0.9925590758412791,61.0,0.900141433236314,44.0,0.9999999999999994,54.0,0.9984678242886913,55.0,0.9869845639409244,16_0,16,0,lamp,110.520568848,52.5791435242,1.44379851106,0,287.129709083,0.239164024591
UBFC_A1/Eval_On_COHFACE,COHFACE,old,COHFACE_s16_session0_lamp,33,58.0,121.0,super_harmonic_2x,58.0,1.0,59.0,0.9752107588380374,57.0,0.9246673500491682,121.0,0.9999999999999997,122.0,0.9934697506883672,120.0,0.8817560887962383,16_0,16,0,lamp,110.520568848,52.5791435242,1.44379851106,0,287.129709083,0.239164024591
UBFC_A1/Eval_On_COHFACE,COHFACE,old,COHFACE_s16_session0_lamp,34,57.0,53.0,large_error,57.0,1.0,58.0,0.9833056898556417,56.0,0.9104998304568516,53.0,0.9999999999999994,52.0,0.9860582361939304,54.0,0.9786704373337777,16_0,16,0,lamp,110.520568848,52.5791435242,1.44379851106,0,287.129709083,0.239164024591
UBFC_A1/Eval_On_COHFACE,COHFACE,old,COHFACE_s16_session0_lamp,35,57.0,52.0,large_error,57.0,1.0,56.0,0.9768776985127154,58.0,0.9082192160428194,52.0,0.9999999999999997,53.0,0.9849002739172521,121.0,0.9845533032262055,16_0,16,0,lamp,110.520568848,52.5791435242,1.44379851106,0,287.129709083,0.239164024591
UBFC_A1/Eval_On_COHFACE,COHFACE,old,COHFACE_s16_session0_lamp,36,56.0,120.0,super_harmonic_2x,56.0,1.0,57.0,0.9868565646710871,55.0,0.8936505517785047,120.0,0.9999999999999996,121.0,0.9628248455919938,119.0,0.9276425353650998,16_0,16,0,lamp,110.520568848,52.5791435242,1.44379851106,0,287.129709083,0.239164024591
UBFC_A1/Eval_On_COHFACE,COHFACE,old,COHFACE_s16_session0_lamp,37,56.0,60.0,large_error,56.0,1.0,57.0,0.9703123961944481,55.0,0.9067359540829205,60.0,0.9999999999999992,61.0,0.9810943820858057,121.0,0.9290750587120822,16_0,16,0,lamp,110.520568848,52.5791435242,1.44379851106,0,287.129709083,0.239164024591
UBFC_A1/Eval_On_COHFACE,COHFACE,old,COHFACE_s16_session0_lamp,38,56.0,120.0,super_harmonic_2x,56.0,1.0,57.0,0.9585905701147172,55.0,0.9200272527212849,120.0,0.9999999999999994,119.0,0.9895386138869944,121.0,0.8902822690601045,16_0,16,0,lamp,110.520568848,52.5791435242,1.44379851106,0,287.129709083,0.239164024591
UBFC_A1/Eval_On_COHFACE,COHFACE,old,COHFACE_s16_session0_lamp,39,56.0,120.0,super_harmonic_2x,56.0,1.0,55.0,0.9451683106543916,57.0,0.9379352433348845,120.0,0.9999999999999994,119.0,0.9723550136423464,121.0,0.9303995143199689,16_0,16,0,lamp,110.520568848,52.5791435242,1.44379851106,0,287.129709083,0.239164024591
UBFC_A1/Eval_On_COHFACE,COHFACE,old,COHFACE_s16_session0_lamp,40,56.0,80.0,super_harmonic_1p5x,56.0,1.0,55.0,0.972808378673679,57.0,0.9156198383243915,80.0,0.9999999999999994,81.0,0.9957418040699015,79.0,0.9281199563119013,16_0,16,0,lamp,110.520568848,52.5791435242,1.44379851106,0,287.129709083,0.239164024591
UBFC_A1/Eval_On_COHFACE,COHFACE,old,COHFACE_s16_session0_lamp,41,56.0,59.0,correct,56.0,1.0,55.0,0.9885014748013031,57.0,0.9049604717151347,59.0,0.9999999999999996,42.0,0.9685415349579122,60.0,0.946100933793879,16_0,16,0,lamp,110.520568848,52.5791435242,1.44379851106,0,287.129709083,0.239164024591
UBFC_A1/Eval_On_COHFACE,COHFACE,old,COHFACE_s16_session0_lamp,42,56.0,81.0,super_harmonic_1p5x,56.0,1.0,55.0,0.9793442851894407,57.0,0.9137757303391514,81.0,0.9999999999999996,80.0,0.9905734954071458,82.0,0.9266604309511518,16_0,16,0,lamp,110.520568848,52.5791435242,1.44379851106,0,287.129709083,0.239164024591
UBFC_A1/Eval_On_COHFACE,COHFACE,old,COHFACE_s16_session0_lamp,43,56.0,80.0,super_harmonic_1p5x,56.0,1.0,55.0,0.9560307330008587,57.0,0.9316043698366798,80.0,0.9999999999999998,81.0,0.9571542729072836,79.0,0.9235384376833135,16_0,16,0,lamp,110.520568848,52.5791435242,1.44379851106,0,287.129709083,0.239164024591
UBFC_A1/Eval_On_COHFACE,COHFACE,old,COHFACE_s16_session0_lamp,44,56.0,58.0,correct,56.0,1.0,57.0,0.960557042749442,55.0,0.9248378855064229,58.0,0.9999999999999998,59.0,0.9892634540118492,57.0,0.8949603593383595,16_0,16,0,lamp,110.520568848,52.5791435242,1.44379851106,0,287.129709083,0.239164024591
UBFC_A1/Eval_On_COHFACE,COHFACE,old,COHFACE_s16_session0_lamp,45,56.0,57.0,correct,56.0,1.0,57.0,0.968341849111314,55.0,0.9162760944684746,57.0,0.9999999999999994,56.0,0.9866223766464562,58.0,0.9651846039750769,16_0,16,0,lamp,110.520568848,52.5791435242,1.44379851106,0,287.129709083,0.239164024591
UBFC_A1/Eval_On_COHFACE,COHFACE,old,COHFACE_s16_session0_lamp,46,56.0,77.0,super_harmonic_1p5x,56.0,1.0,57.0,0.9530756214249705,55.0,0.9317617183810808,77.0,0.9999999999999994,76.0,0.9698339841180492,78.0,0.9493332579687537,16_0,16,0,lamp,110.520568848,52.5791435242,1.44379851106,0,287.129709083,0.239164024591
UBFC_A1/Eval_On_COHFACE,COHFACE,old,COHFACE_s16_session0_lamp,47,56.0,52.0,large_error,56.0,1.0,55.0,0.9645100738244924,57.0,0.9236411323881158,52.0,0.9999999999999998,51.0,0.9891715483353707,53.0,0.9238918143805229,16_0,16,0,lamp,110.520568848,52.5791435242,1.44379851106,0,287.129709083,0.239164024591
UBFC_A1/Eval_On_COHFACE,COHFACE,old,COHFACE_s16_session0_lamp,48,56.0,54.0,correct,56.0,1.0,55.0,0.9975966469908525,57.0,0.8974982127177894,54.0,0.9999999999999993,55.0,0.9647695023442914,53.0,0.8889244970289601,16_0,16,0,lamp,110.520568848,52.5791435242,1.44379851106,0,287.129709083,0.239164024591
UBFC_A1/Eval_On_COHFACE,COHFACE,old,COHFACE_s16_session0_lamp,49,56.0,45.0,large_error,56.0,1.0,55.0,0.9911102794076004,57.0,0.9042956131641856,45.0,0.9999999999999996,46.0,0.9345440905787199,44.0,0.9107295242884854,16_0,16,0,lamp,110.520568848,52.5791435242,1.44379851106,0,287.129709083,0.239164024591
UBFC_A1/Eval_On_COHFACE,COHFACE,old,COHFACE_s16_session0_lamp,50,56.0,44.0,large_error,56.0,1.0,57.0,0.9422133999721588,55.0,0.941906762285307,44.0,0.9999999999999999,43.0,0.9427193402296182,45.0,0.9222964847497583,16_0,16,0,lamp,110.520568848,52.5791435242,1.44379851106,0,287.129709083,0.239164024591
UBFC_A1/Eval_On_COHFACE,COHFACE,old,COHFACE_s16_session1_lamp,0,56.0,81.0,super_harmonic_1p5x,56.0,1.0,55.0,0.9893218422704302,57.0,0.8833779203764763,81.0,0.9999999999999999,82.0,0.9864406538760555,80.0,0.9052359799292454,16_1,16,1,lamp,104.135902405,50.5137176514,2.31791834677,0,280.467601134,0.193863600492
UBFC_A1/Eval_On_COHFACE,COHFACE,old,COHFACE_s16_session1_lamp,1,56.0,54.0,correct,56.0,1.0,55.0,0.9953051360098861,57.0,0.8903776803774016,54.0,0.9999999999999998,53.0,0.9558583059390116,55.0,0.9549911587304231,16_1,16,1,lamp,104.135902405,50.5137176514,2.31791834677,0,280.467601134,0.193863600492
UBFC_A1/Eval_On_COHFACE,COHFACE,old,COHFACE_s16_session1_lamp,2,55.0,56.0,correct,55.0,1.0,56.0,0.995351102341215,54.0,0.8959581836747212,56.0,0.9999999999999998,55.0,0.9802772471858645,57.0,0.9351755372346283,16_1,16,1,lamp,104.135902405,50.5137176514,2.31791834677,0,280.467601134,0.193863600492
UBFC_A1/Eval_On_COHFACE,COHFACE,old,COHFACE_s16_session1_lamp,3,55.0,55.0,correct,55.0,1.0,56.0,0.9966983247011095,54.0,0.9005291694563552,55.0,0.9999999999999999,56.0,0.981097181107757,54.0,0.8689804789936291,16_1,16,1,lamp,104.135902405,50.5137176514,2.31791834677,0,280.467601134,0.193863600492
UBFC_A1/Eval_On_COHFACE,COHFACE,old,COHFACE_s16_session1_lamp,4,55.0,57.0,correct,55.0,1.0,56.0,0.9927223147446214,54.0,0.9013689084045697,57.0,0.9999999999999996,58.0,0.9504367408047152,56.0,0.93512762220145,16_1,16,1,lamp,104.135902405,50.5137176514,2.31791834677,0,280.467601134,0.193863600492
UBFC_A1/Eval_On_COHFACE,COHFACE,old,COHFACE_s16_session1_lamp,5,55.0,59.0,large_error,55.0,1.0,56.0,0.990063827447619,54.0,0.8998782288924144,59.0,0.9999999999999999,58.0,0.957622586814279,60.0,0.8874981194985873,16_1,16,1,lamp,104.135902405,50.5137176514,2.31791834677,0,280.467601134,0.193863600492
UBFC_A1/Eval_On_COHFACE,COHFACE,old,COHFACE_s16_session1_lamp,6,55.0,56.0,correct,55.0,1.0,56.0,0.987301881088453,54.0,0.899263445364639,56.0,0.9999999999999997,57.0,0.9690041573613366,55.0,0.9068773873915106,16_1,16,1,lamp,104.135902405,50.5137176514,2.31791834677,0,280.467601134,0.193863600492
UBFC_A1/Eval_On_COHFACE,COHFACE,old,COHFACE_s16_session1_lamp,7,55.0,55.0,correct,55.0,1.0,56.0,0.9567288716887533,54.0,0.9271984024948261,55.0,0.9999999999999999,56.0,0.9666590522042003,54.0,0.9498577111603331,16_1,16,1,lamp,104.135902405,50.5137176514,2.31791834677,0,280.467601134,0.193863600492
UBFC_A1/Eval_On_COHFACE,COHFACE,old,COHFACE_s16_session1_lamp,8,55.0,55.0,correct,55.0,1.0,54.0,0.9510830024447937,56.0,0.9363589156291654,55.0,0.9999999999999999,54.0,0.9816864783200827,56.0,0.9242428531251597,16_1,16,1,lamp,104.135902405,50.5137176514,2.31791834677,0,280.467601134,0.193863600492
UBFC_A1/Eval_On_COHFACE,COHFACE,old,COHFACE_s16_session1_lamp,9,55.0,56.0,correct,55.0,1.0,56.0,0.9537357777863149,54.0,0.9343230291393693,56.0,0.9999999999999998,55.0,0.9832195535373859,57.0,0.8967816687315552,16_1,16,1,lamp,104.135902405,50.5137176514,2.31791834677,0,280.467601134,0.193863600492
UBFC_A1/Eval_On_COHFACE,COHFACE,old,COHFACE_s16_session1_lamp,10,56.0,55.0,correct,56.0,1.0,55.0,0.9942660238689595,57.0,0.8884400923625025,55.0,0.9999999999999998,54.0,0.9576866571323219,56.0,0.9503019014370814,16_1,16,1,lamp,104.135902405,50.5137176514,2.31791834677,0,280.467601134,0.193863600492
UBFC_A1/Eval_On_COHFACE,COHFACE,old,COHFACE_s16_session1_lamp,11,56.0,54.0,correct,56.0,1.0,55.0,0.9408337198383729,57.0,0.934188237971943,54.0,0.9999999999999998,55.0,0.9574025063186933,53.0,0.9522306355663298,16_1,16,1,lamp,104.135902405,50.5137176514,2.31791834677,0,280.467601134,0.193863600492
UBFC_A1/Eval_On_COHFACE,COHFACE,old,COHFACE_s16_session1_lamp,12,56.0,40.0,large_error,56.0,1.0,57.0,0.9636417952078329,55.0,0.9121660861168356,40.0,0.9999999999999997,57.0,0.9334697413196641,58.0,0.9225431119267145,16_1,16,1,lamp,104.135902405,50.5137176514,2.31791834677,0,280.467601134,0.193863600492
UBFC_A1/Eval_On_COHFACE,COHFACE,old,COHFACE_s16_session1_lamp,13,56.0,40.0,large_error,56.0,1.0,57.0,0.965816048624696,55.0,0.9162235524268121,40.0,0.9999999999999996,41.0,0.9373528039561951,80.0,0.9116968684309518,16_1,16,1,lamp,104.135902405,50.5137176514,2.31791834677,0,280.467601134,0.193863600492
UBFC_A1/Eval_On_COHFACE,COHFACE,old,COHFACE_s16_session1_lamp,14,56.0,40.0,large_error,56.0,1.0,57.0,0.9538343457334674,55.0,0.9355347141956777,40.0,0.9999999999999997,41.0,0.938091406248933,42.0,0.783506596414609,16_1,16,1,lamp,104.135902405,50.5137176514,2.31791834677,0,280.467601134,0.193863600492
UBFC_A1/Eval_On_COHFACE,COHFACE,old,COHFACE_s16_session1_lamp,15,56.0,40.0,large_error,56.0,1.0,55.0,0.9542821560781864,57.0,0.9401658972448221,40.0,0.9999999999999998,41.0,0.8802379157452989,80.0,0.835573401898432,16_1,16,1,lamp,104.135902405,50.5137176514,2.31791834677,0,280.467601134,0.193863600492
UBFC_A1/Eval_On_COHFACE,COHFACE,old,COHFACE_s16_session1_lamp,16,56.0,80.0,super_harmonic_1p5x,56.0,1.0,55.0,0.9462798044403425,57.0,0.9461123591530421,80.0,0.9999999999999998,81.0,0.9700583669025898,79.0,0.9176132164350651,16_1,16,1,lamp,104.135902405,50.5137176514,2.31791834677,0,280.467601134,0.193863600492
UBFC_A1/Eval_On_COHFACE,COHFACE,old,COHFACE_s16_session1_lamp,17,56.0,43.0,large_error,56.0,1.0,57.0,0.9755337099595811,55.0,0.9131314284154741,43.0,0.9999999999999998,42.0,0.95929890092551,44.0,0.9590885280728418,16_1,16,1,lamp,104.135902405,50.5137176514,2.31791834677,0,280.467601134,0.193863600492
UBFC_A1/Eval_On_COHFACE,COHFACE,old,COHFACE_s16_session1_lamp,18,57.0,81.0,super_harmonic_1p5x,57.0,1.0,56.0,0.9824176959137492,58.0,0.9038863127170299,81.0,0.9999999999999997,80.0,0.964452082816162,82.0,0.9559104580895517,16_1,16,1,lamp,104.135902405,50.5137176514,2.31791834677,0,280.467601134,0.193863600492
UBFC_A1/Eval_On_COHFACE,COHFACE,old,COHFACE_s16_session1_lamp,19,57.0,81.0,super_harmonic_1p5x,57.0,1.0,56.0,0.9487779799202306,58.0,0.9357428031775965,81.0,0.9999999999999997,80.0,0.9605757227943783,82.0,0.9593211531997555,16_1,16,1,lamp,104.135902405,50.5137176514,2.31791834677,0,280.467601134,0.193863600492
UBFC_A1/Eval_On_COHFACE,COHFACE,old,COHFACE_s16_session1_lamp,20,57.0,68.0,large_error,57.0,1.0,58.0,0.9592396942341225,56.0,0.9282319783998594,68.0,0.9999999999999998,69.0,0.9818585029623501,67.0,0.8626729921725748,16_1,16,1,lamp,104.135902405,50.5137176514,2.31791834677,0,280.467601134,0.193863600492
UBFC_A1/Eval_On_COHFACE,COHFACE,old,COHFACE_s16_session1_lamp,21,57.0,41.0,large_error,57.0,1.0,58.0,0.9666519623952453,56.0,0.9273709505023118,41.0,0.9999999999999996,40.0,0.9714730923435821,42.0,0.9197325888023732,16_1,16,1,lamp,104.135902405,50.5137176514,2.31791834677,0,280.467601134,0.193863600492
UBFC_A1/Eval_On_COHFACE,COHFACE,old,COHFACE_s16_session1_lamp,22,57.0,54.0,correct,57.0,1.0,58.0,0.979764831476585,56.0,0.918972935136379,54.0,0.9999999999999993,53.0,0.9423161938246059,120.0,0.9408211451855102,16_1,16,1,lamp,104.135902405,50.5137176514,2.31791834677,0,280.467601134,0.193863600492
UBFC_A1/Eval_On_COHFACE,COHFACE,old,COHFACE_s16_session1_lamp,23,58.0,44.0,large_error,58.0,1.0,57.0,0.9793239930060025,59.0,0.9116241498431479,44.0,0.9999999999999996,43.0,0.9755729423753896,45.0,0.9222262944939612,16_1,16,1,lamp,104.135902405,50.5137176514,2.31791834677,0,280.467601134,0.193863600492
UBFC_A1/Eval_On_COHFACE,COHFACE,old,COHFACE_s16_session1_lamp,24,58.0,40.0,large_error,58.0,1.0,59.0,0.9549697258888218,57.0,0.9257192032947362,40.0,0.9999999999999994,57.0,0.9166063330736983,41.0,0.8921732156249451,16_1,16,1,lamp,104.135902405,50.5137176514,2.31791834677,0,280.467601134,0.193863600492
UBFC_A1/Eval_On_COHFACE,COHFACE,old,COHFACE_s16_session1_lamp,25,58.0,57.0,correct,58.0,1.0,59.0,0.9914304200606898,57.0,0.8878320878773776,57.0,0.9999999999999997,56.0,0.9548809388455027,58.0,0.9362848278323798,16_1,16,1,lamp,104.135902405,50.5137176514,2.31791834677,0,280.467601134,0.193863600492
UBFC_A1/Eval_On_COHFACE,COHFACE,old,COHFACE_s16_session1_lamp,26,58.0,53.0,large_error,58.0,1.0,59.0,0.9944280484365807,57.0,0.8892055866725616,53.0,0.9999999999999997,52.0,0.9793597963867064,54.0,0.9457642844424757,16_1,16,1,lamp,104.135902405,50.5137176514,2.31791834677,0,280.467601134,0.193863600492
UBFC_A1/Eval_On_COHFACE,COHFACE,old,COHFACE_s16_session1_lamp,27,58.0,80.0,super_harmonic_1p5x,58.0,1.0,59.0,0.9745324849361149,57.0,0.9173077747360405,80.0,0.9999999999999996,81.0,0.9881335909172854,79.0,0.8710209021449633,16_1,16,1,lamp,104.135902405,50.5137176514,2.31791834677,0,280.467601134,0.193863600492
UBFC_A1/Eval_On_COHFACE,COHFACE,old,COHFACE_s16_session1_lamp,28,58.0,73.0,super_harmonic_1p5x,58.0,0.9999999999999999,59.0,0.9541938252428057,57.0,0.9432533711276049,73.0,0.9999999999999993,74.0,0.9795985480297879,72.0,0.912748249961201,16_1,16,1,lamp,104.135902405,50.5137176514,2.31791834677,0,280.467601134,0.193863600492
UBFC_A1/Eval_On_COHFACE,COHFACE,old,COHFACE_s16_session1_lamp,29,58.0,77.0,super_harmonic_1p5x,58.0,0.9999999999999999,57.0,0.9498690076942106,59.0,0.9423906235361877,77.0,0.9999999999999996,78.0,0.9789751542753116,76.0,0.9644473276462554,16_1,16,1,lamp,104.135902405,50.5137176514,2.31791834677,0,280.467601134,0.193863600492
UBFC_A1/Eval_On_COHFACE,COHFACE,old,COHFACE_s16_session1_lamp,30,58.0,80.0,super_harmonic_1p5x,58.0,1.0,59.0,0.9475483794248173,57.0,0.931466307169591,80.0,0.9999999999999997,81.0,0.9397208012668872,79.0,0.9215218327025881,16_1,16,1,lamp,104.135902405,50.5137176514,2.31791834677,0,280.467601134,0.193863600492
UBFC_A1/Eval_On_COHFACE,COHFACE,old,COHFACE_s16_session1_lamp,31,58.0,67.0,large_error,58.0,1.0,59.0,0.9596563383460538,57.0,0.9116727857517093,67.0,0.9999999999999996,79.0,0.9980846686296277,68.0,0.9822876277488596,16_1,16,1,lamp,104.135902405,50.5137176514,2.31791834677,0,280.467601134,0.193863600492
UBFC_A1/Eval_On_COHFACE,COHFACE,old,COHFACE_s16_session1_lamp,32,58.0,42.0,large_error,58.0,1.0,59.0,0.9607092987369963,57.0,0.9097126016833236,42.0,0.9999999999999997,43.0,0.9422190564114179,41.0,0.9396571487858159,16_1,16,1,lamp,104.135902405,50.5137176514,2.31791834677,0,280.467601134,0.193863600492
UBFC_A1/Eval_On_COHFACE,COHFACE,old,COHFACE_s16_session1_lamp,33,58.0,40.0,large_error,58.0,1.0,59.0,0.9402945964456055,57.0,0.9357609448795678,40.0,0.9999999999999997,41.0,0.9273790440330147,79.0,0.891960009783668,16_1,16,1,lamp,104.135902405,50.5137176514,2.31791834677,0,280.467601134,0.193863600492
UBFC_A1/Eval_On_COHFACE,COHFACE,old,COHFACE_s16_session1_lamp,34,58.0,79.0,super_harmonic_1p5x,58.0,0.9999999999999999,57.0,0.9885690908498678,59.0,0.8983546817139674,79.0,0.9999999999999997,80.0,0.9977044008226429,78.0,0.9458982668831659,16_1,16,1,lamp,104.135902405,50.5137176514,2.31791834677,0,280.467601134,0.193863600492
UBFC_A1/Eval_On_COHFACE,COHFACE,old,COHFACE_s16_session1_lamp,35,57.0,43.0,large_error,57.0,1.0,58.0,0.9630607531685192,56.0,0.9291682577427817,43.0,0.9999999999999998,42.0,0.9857547799496637,44.0,0.9318333655777536,16_1,16,1,lamp,104.135902405,50.5137176514,2.31791834677,0,280.467601134,0.193863600492
UBFC_A1/Eval_On_COHFACE,COHFACE,old,COHFACE_s16_session1_lamp,36,57.0,80.0,super_harmonic_1p5x,57.0,1.0,58.0,0.9527495026690345,56.0,0.9344821577543235,80.0,0.9999999999999998,81.0,0.9927149094641438,40.0,0.9411162762881435,16_1,16,1,lamp,104.135902405,50.5137176514,2.31791834677,0,280.467601134,0.193863600492
UBFC_A1/Eval_On_COHFACE,COHFACE,old,COHFACE_s16_session1_lamp,37,57.0,80.0,super_harmonic_1p5x,57.0,1.0,58.0,0.9506470344956317,56.0,0.9312564420005544,80.0,0.9999999999999997,81.0,0.9694047771920732,79.0,0.9153336725775708,16_1,16,1,lamp,104.135902405,50.5137176514,2.31791834677,0,280.467601134,0.193863600492
UBFC_A1/Eval_On_COHFACE,COHFACE,old,COHFACE_s16_session1_lamp,38,57.0,41.0,large_error,57.0,1.0,58.0,0.9557396919529115,56.0,0.9253655670217952,41.0,0.9999999999999998,40.0,0.9547082168858768,42.0,0.9298006188054841,16_1,16,1,lamp,104.135902405,50.5137176514,2.31791834677,0,280.467601134,0.193863600492
UBFC_A1/Eval_On_COHFACE,COHFACE,old,COHFACE_s16_session1_lamp,39,57.0,81.0,super_harmonic_1p5x,57.0,1.0,58.0,0.9592177430562366,56.0,0.9246443542630604,81.0,0.9999999999999998,80.0,0.9605731574810846,82.0,0.9589527081897804,16_1,16,1,lamp,104.135902405,50.5137176514,2.31791834677,0,280.467601134,0.193863600492
UBFC_A1/Eval_On_COHFACE,COHFACE,old,COHFACE_s16_session1_lamp,40,57.0,80.0,super_harmonic_1p5x,57.0,1.0,58.0,0.9577350853334962,56.0,0.9314049152546363,80.0,0.9999999999999997,79.0,0.971309116531783,81.0,0.9500829051155676,16_1,16,1,lamp,104.135902405,50.5137176514,2.31791834677,0,280.467601134,0.193863600492
UBFC_A1/Eval_On_COHFACE,COHFACE,old,COHFACE_s16_session1_lamp,41,57.0,78.0,super_harmonic_1p5x,57.0,1.0,56.0,0.9517213477647621,58.0,0.9440815090911295,78.0,0.9999999999999998,77.0,0.998985061673447,79.0,0.9154094653113107,16_1,16,1,lamp,104.135902405,50.5137176514,2.31791834677,0,280.467601134,0.193863600492
UBFC_A1/Eval_On_COHFACE,COHFACE,old,COHFACE_s16_session1_lamp,42,57.0,80.0,super_harmonic_1p5x,57.0,1.0,56.0,0.9724725276497568,58.0,0.9252124481615075,80.0,0.9999999999999998,81.0,0.9883303864755356,79.0,0.9231062646828334,16_1,16,1,lamp,104.135902405,50.5137176514,2.31791834677,0,280.467601134,0.193863600492
UBFC_A1/Eval_On_COHFACE,COHFACE,old,COHFACE_s16_session1_lamp,43,57.0,79.0,super_harmonic_1p5x,57.0,1.0,56.0,0.9805585238602139,58.0,0.9112076208713562,79.0,0.9999999999999998,78.0,0.9735740148643568,80.0,0.9266287898310285,16_1,16,1,lamp,104.135902405,50.5137176514,2.31791834677,0,280.467601134,0.193863600492
UBFC_A1/Eval_On_COHFACE,COHFACE,old,COHFACE_s16_session1_lamp,44,57.0,43.0,large_error,57.0,1.0,56.0,0.959427033845794,58.0,0.9238257748194723,43.0,0.9999999999999998,78.0,0.9951994384156864,77.0,0.9924850605481425,16_1,16,1,lamp,104.135902405,50.5137176514,2.31791834677,0,280.467601134,0.193863600492
UBFC_A1/Eval_On_COHFACE,COHFACE,old,COHFACE_s16_session1_lamp,45,57.0,80.0,super_harmonic_1p5x,57.0,1.0,56.0,0.9529097603663016,58.0,0.9266736842924459,80.0,0.9999999999999998,81.0,0.9959939919036984,79.0,0.9079944007877211,16_1,16,1,lamp,104.135902405,50.5137176514,2.31791834677,0,280.467601134,0.193863600492
UBFC_A1/Eval_On_COHFACE,COHFACE,old,COHFACE_s16_session1_lamp,46,57.0,80.0,super_harmonic_1p5x,57.0,1.0,56.0,0.9524765387637014,58.0,0.928825898473267,80.0,0.9999999999999997,81.0,0.9524005792276085,79.0,0.9420018529931771,16_1,16,1,lamp,104.135902405,50.5137176514,2.31791834677,0,280.467601134,0.193863600492
UBFC_A1/Eval_On_COHFACE,COHFACE,old,COHFACE_s16_session1_lamp,47,57.0,42.0,large_error,57.0,1.0,56.0,0.9629001608346244,58.0,0.9260439837636154,42.0,0.9999999999999997,41.0,0.9764547213032093,43.0,0.9040592635449927,16_1,16,1,lamp,104.135902405,50.5137176514,2.31791834677,0,280.467601134,0.193863600492
UBFC_A1/Eval_On_COHFACE,COHFACE,old,COHFACE_s16_session1_lamp,48,57.0,40.0,large_error,57.0,1.0,56.0,0.9532749995721558,58.0,0.9474587123758291,40.0,0.9999999999999997,41.0,0.7446334762252127,58.0,0.714957426308761,16_1,16,1,lamp,104.135902405,50.5137176514,2.31791834677,0,280.467601134,0.193863600492
UBFC_A1/Eval_On_COHFACE,COHFACE,old,COHFACE_s16_session1_lamp,49,57.0,60.0,correct,57.0,1.0,58.0,0.980170088061219,56.0,0.9187536443703532,60.0,0.9999999999999996,61.0,0.9583114274509645,59.0,0.9296045518908314,16_1,16,1,lamp,104.135902405,50.5137176514,2.31791834677,0,280.467601134,0.193863600492
UBFC_A1/Eval_On_COHFACE,COHFACE,old,COHFACE_s16_session1_lamp,50,58.0,42.0,large_error,58.0,1.0,57.0,0.973941515784419,59.0,0.9120755921996483,42.0,0.9999999999999996,43.0,0.9683688150005906,41.0,0.9264289029577554,16_1,16,1,lamp,104.135902405,50.5137176514,2.31791834677,0,280.467601134,0.193863600492
UBFC_A1/Eval_On_COHFACE,COHFACE,old,COHFACE_s16_session2_natural,0,57.0,41.0,large_error,57.0,1.0,58.0,0.9531218424455933,56.0,0.9117274008988313,41.0,0.9999999999999997,40.0,0.995306926319774,42.0,0.9291662913208258,16_2,16,2,natural,107.813079834,60.5763931274,2.51256769354,0,345.389445171,0.201720491052
UBFC_A1/Eval_On_COHFACE,COHFACE,old,COHFACE_s16_session2_natural,1,57.0,42.0,large_error,57.0,1.0,56.0,0.9590450123453199,58.0,0.9227495023806774,42.0,0.9999999999999993,41.0,0.9840211734097805,43.0,0.931256844542778,16_2,16,2,natural,107.813079834,60.5763931274,2.51256769354,0,345.389445171,0.201720491052
UBFC_A1/Eval_On_COHFACE,COHFACE,old,COHFACE_s16_session2_natural,2,56.0,41.0,large_error,56.0,1.0,57.0,0.983133266610551,55.0,0.8999051103646651,41.0,0.9999999999999997,42.0,0.9872002583797848,40.0,0.9078966617170241,16_2,16,2,natural,107.813079834,60.5763931274,2.51256769354,0,345.389445171,0.201720491052
UBFC_A1/Eval_On_COHFACE,COHFACE,old,COHFACE_s16_session2_natural,3,56.0,40.0,large_error,56.0,1.0,55.0,0.9531179577320672,57.0,0.9302199926924417,40.0,0.9999999999999996,120.0,0.9999547184964072,119.0,0.9863001208233849,16_2,16,2,natural,107.813079834,60.5763931274,2.51256769354,0,345.389445171,0.201720491052
UBFC_A1/Eval_On_COHFACE,COHFACE,old,COHFACE_s16_session2_natural,4,56.0,120.0,super_harmonic_2x,56.0,1.0,55.0,0.9895398059193292,57.0,0.900017340558137,120.0,0.9999999999999996,119.0,0.9673378586801206,121.0,0.9340683886963337,16_2,16,2,natural,107.813079834,60.5763931274,2.51256769354,0,345.389445171,0.201720491052
UBFC_A1/Eval_On_COHFACE,COHFACE,old,COHFACE_s16_session2_natural,5,56.0,57.0,correct,56.0,1.0,55.0,0.9916417571485233,57.0,0.8993819401205785,57.0,0.9999999999999997,56.0,0.9646490183914633,58.0,0.8744899280351414,16_2,16,2,natural,107.813079834,60.5763931274,2.51256769354,0,345.389445171,0.201720491052
UBFC_A1/Eval_On_COHFACE,COHFACE,old,COHFACE_s16_session2_natural,6,56.0,56.0,correct,56.0,1.0,55.0,0.9894369324420045,57.0,0.9006184377245807,56.0,0.9999999999999997,55.0,0.9942467149226996,57.0,0.9384076975702873,16_2,16,2,natural,107.813079834,60.5763931274,2.51256769354,0,345.389445171,0.201720491052
UBFC_A1/Eval_On_COHFACE,COHFACE,old,COHFACE_s16_session2_natural,7,56.0,55.0,correct,56.0,1.0,55.0,0.9717685069324106,57.0,0.9160434267426977,55.0,0.9999999999999997,54.0,0.9783085912361559,56.0,0.9581634871578506,16_2,16,2,natural,107.813079834,60.5763931274,2.51256769354,0,345.389445171,0.201720491052
UBFC_A1/Eval_On_COHFACE,COHFACE,old,COHFACE_s16_session2_natural,8,56.0,59.0,correct,56.0,1.0,55.0,0.950325583733267,57.0,0.9391101492829163,59.0,0.9999999999999999,58.0,0.9638384827895575,60.0,0.8978462075846849,16_2,16,2,natural,107.813079834,60.5763931274,2.51256769354,0,345.389445171,0.201720491052
UBFC_A1/Eval_On_COHFACE,COHFACE,old,COHFACE_s16_session2_natural,9,56.0,41.0,large_error,56.0,1.0,57.0,0.9656550653313997,55.0,0.9267970441698828,41.0,0.9999999999999998,40.0,0.9838646662588807,42.0,0.9318526253247043,16_2,16,2,natural,107.813079834,60.5763931274,2.51256769354,0,345.389445171,0.201720491052
UBFC_A1/Eval_On_COHFACE,COHFACE,old,COHFACE_s16_session2_natural,10,56.0,57.0,correct,56.0,1.0,57.0,0.996976177736074,55.0,0.8990166952565631,57.0,0.9999999999999998,56.0,0.9716222075525146,58.0,0.9453528997798413,16_2,16,2,natural,107.813079834,60.5763931274,2.51256769354,0,345.389445171,0.201720491052
UBFC_A1/Eval_On_COHFACE,COHFACE,old,COHFACE_s16_session2_natural,11,57.0,43.0,large_error,57.0,1.0,56.0,0.9806519681117646,58.0,0.9077299949568148,43.0,0.9999999999999998,44.0,0.9733907272155979,42.0,0.9168963402645589,16_2,16,2,natural,107.813079834,60.5763931274,2.51256769354,0,345.389445171,0.201720491052
UBFC_A1/Eval_On_COHFACE,COHFACE,old,COHFACE_s16_session2_natural,12,57.0,55.0,correct,57.0,1.0,56.0,0.967413426996267,58.0,0.915225432938995,55.0,0.9999999999999997,54.0,0.9777975928067308,56.0,0.943050696831639,16_2,16,2,natural,107.813079834,60.5763931274,2.51256769354,0,345.389445171,0.201720491052
UBFC_A1/Eval_On_COHFACE,COHFACE,old,COHFACE_s16_session2_natural,13,57.0,52.0,large_error,57.0,1.0,56.0,0.9568958166386007,58.0,0.9245000312036433,52.0,0.9999999999999994,53.0,0.9970930728609135,51.0,0.92390386900421,16_2,16,2,natural,107.813079834,60.5763931274,2.51256769354,0,345.389445171,0.201720491052
UBFC_A1/Eval_On_COHFACE,COHFACE,old,COHFACE_s16_session2_natural,14,57.0,52.0,large_error,57.0,1.0,56.0,0.9681933028884818,58.0,0.9163477471921581,52.0,0.9999999999999999,51.0,0.9477331156017689,53.0,0.9189193323283565,16_2,16,2,natural,107.813079834,60.5763931274,2.51256769354,0,345.389445171,0.201720491052
UBFC_A1/Eval_On_COHFACE,COHFACE,old,COHFACE_s16_session2_natural,15,57.0,50.0,large_error,57.0,1.0,56.0,0.9973661453372307,58.0,0.8942089421611951,50.0,0.9999999999999993,51.0,0.9523943895334355,49.0,0.9390739348911169,16_2,16,2,natural,107.813079834,60.5763931274,2.51256769354,0,345.389445171,0.201720491052
UBFC_A1/Eval_On_COHFACE,COHFACE,old,COHFACE_s16_session2_natural,16,56.0,48.0,large_error,56.0,1.0,57.0,0.961875041515524,55.0,0.9320928808191218,48.0,0.9999999999999984,49.0,0.9876719023366247,47.0,0.904941596089293,16_2,16,2,natural,107.813079834,60.5763931274,2.51256769354,0,345.389445171,0.201720491052
UBFC_A1/Eval_On_COHFACE,COHFACE,old,COHFACE_s16_session2_natural,17,56.0,59.0,correct,56.0,1.0,55.0,0.9598590073354908,57.0,0.9288136043748545,59.0,0.9999999999999996,58.0,0.9493075155329986,60.0,0.9386566741814283,16_2,16,2,natural,107.813079834,60.5763931274,2.51256769354,0,345.389445171,0.201720491052
UBFC_A1/Eval_On_COHFACE,COHFACE,old,COHFACE_s16_session2_natural,18,56.0,57.0,correct,56.0,1.0,55.0,0.9905895609975565,57.0,0.8941450028243025,57.0,0.9999999999999997,58.0,0.9643689790294836,56.0,0.9631779514037696,16_2,16,2,natural,107.813079834,60.5763931274,2.51256769354,0,345.389445171,0.201720491052
UBFC_A1/Eval_On_COHFACE,COHFACE,old,COHFACE_s16_session2_natural,19,55.0,59.0,large_error,55.0,1.0,56.0,0.9835815385480917,54.0,0.8973117093491917,59.0,0.9999999999999993,60.0,0.9761988237410666,58.0,0.9761622225056817,16_2,16,2,natural,107.813079834,60.5763931274,2.51256769354,0,345.389445171,0.201720491052
UBFC_A1/Eval_On_COHFACE,COHFACE,old,COHFACE_s16_session2_natural,20,55.0,42.0,large_error,55.0,1.0,56.0,0.9879744310663371,54.0,0.8958032891919788,42.0,0.9999999999999996,59.0,0.9887916028610683,41.0,0.9633688784820125,16_2,16,2,natural,107.813079834,60.5763931274,2.51256769354,0,345.389445171,0.201720491052
UBFC_A1/Eval_On_COHFACE,COHFACE,old,COHFACE_s16_session2_natural,21,56.0,40.0,large_error,56.0,1.0,55.0,0.9957382023889273,57.0,0.8964682694486171,40.0,0.9999999999999994,120.0,0.971680902926061,41.0,0.951458385309815,16_2,16,2,natural,107.813079834,60.5763931274,2.51256769354,0,345.389445171,0.201720491052
UBFC_A1/Eval_On_COHFACE,COHFACE,old,COHFACE_s16_session2_natural,22,56.0,121.0,super_harmonic_2x,56.0,1.0,55.0,0.9667546674908148,57.0,0.9288734266903866,121.0,0.9999999999999992,120.0,0.9902257635174035,122.0,0.887597887687697,16_2,16,2,natural,107.813079834,60.5763931274,2.51256769354,0,345.389445171,0.201720491052
UBFC_A1/Eval_On_COHFACE,COHFACE,old,COHFACE_s16_session2_natural,23,56.0,60.0,large_error,56.0,1.0,57.0,0.9580807148443069,55.0,0.93316010680154,60.0,0.9999999999999998,61.0,0.9832045521058995,59.0,0.8551295647714938,16_2,16,2,natural,107.813079834,60.5763931274,2.51256769354,0,345.389445171,0.201720491052
UBFC_A1/Eval_On_COHFACE,COHFACE,old,COHFACE_s16_session2_natural,24,56.0,40.0,large_error,56.0,1.0,57.0,0.9960864610434353,55.0,0.8912645209155067,40.0,0.9999999999999994,41.0,0.7678058795401592,119.0,0.7484978601638712,16_2,16,2,natural,107.813079834,60.5763931274,2.51256769354,0,345.389445171,0.201720491052
UBFC_A1/Eval_On_COHFACE,COHFACE,old,COHFACE_s16_session2_natural,25,57.0,119.0,super_harmonic_2x,57.0,1.0,56.0,0.9631397205106726,58.0,0.9198593471032768,119.0,0.9999999999999994,118.0,0.968100486920094,120.0,0.9415045889969684,16_2,16,2,natural,107.813079834,60.5763931274,2.51256769354,0,345.389445171,0.201720491052
UBFC_A1/Eval_On_COHFACE,COHFACE,old,COHFACE_s16_session2_natural,26,57.0,43.0,large_error,57.0,1.0,56.0,0.9558288380491317,58.0,0.9298926902311697,43.0,0.9999999999999996,42.0,0.9624739890014099,44.0,0.919106175278774,16_2,16,2,natural,107.813079834,60.5763931274,2.51256769354,0,345.389445171,0.201720491052
UBFC_A1/Eval_On_COHFACE,COHFACE,old,COHFACE_s16_session2_natural,27,57.0,81.0,super_harmonic_1p5x,57.0,1.0,58.0,0.9498391417232612,56.0,0.9443060063061713,81.0,0.9999999999999997,80.0,0.9823990813047178,82.0,0.9107731571810836,16_2,16,2,natural,107.813079834,60.5763931274,2.51256769354,0,345.389445171,0.201720491052
UBFC_A1/Eval_On_COHFACE,COHFACE,old,COHFACE_s16_session2_natural,28,57.0,81.0,super_harmonic_1p5x,57.0,1.0,58.0,0.9943671998085957,56.0,0.9057437296474884,81.0,0.9999999999999996,82.0,0.9608863095731321,80.0,0.9375015838727072,16_2,16,2,natural,107.813079834,60.5763931274,2.51256769354,0,345.389445171,0.201720491052
UBFC_A1/Eval_On_COHFACE,COHFACE,old,COHFACE_s16_session2_natural,29,58.0,78.0,super_harmonic_1p5x,58.0,1.0,57.0,0.9740089595246547,59.0,0.9176186069454029,78.0,0.9999999999999996,77.0,0.9711322281875256,79.0,0.9631376304026342,16_2,16,2,natural,107.813079834,60.5763931274,2.51256769354,0,345.389445171,0.201720491052
UBFC_A1/Eval_On_COHFACE,COHFACE,old,COHFACE_s16_session2_natural,30,58.0,81.0,super_harmonic_1p5x,58.0,1.0,57.0,0.9528540289419312,59.0,0.9313347859718869,81.0,0.9999999999999996,82.0,0.9475368067715169,80.0,0.9139112579224595,16_2,16,2,natural,107.813079834,60.5763931274,2.51256769354,0,345.389445171,0.201720491052
UBFC_A1/Eval_On_COHFACE,COHFACE,old,COHFACE_s16_session2_natural,31,58.0,82.0,super_harmonic_1p5x,58.0,1.0,57.0,0.9414880747890334,59.0,0.9409007526599366,82.0,0.9999999999999998,81.0,0.9553239965459037,83.0,0.9392402916500263,16_2,16,2,natural,107.813079834,60.5763931274,2.51256769354,0,345.389445171,0.201720491052
UBFC_A1/Eval_On_COHFACE,COHFACE,old,COHFACE_s16_session2_natural,32,58.0,44.0,large_error,58.0,1.0,57.0,0.9584362177967035,59.0,0.9265381209542544,44.0,0.9999999999999994,43.0,0.948687115252972,45.0,0.9208784400911686,16_2,16,2,natural,107.813079834,60.5763931274,2.51256769354,0,345.389445171,0.201720491052
UBFC_A1/Eval_On_COHFACE,COHFACE,old,COHFACE_s16_session2_natural,33,58.0,81.0,super_harmonic_1p5x,58.0,1.0,57.0,0.9796834024326718,59.0,0.9100002900848525,81.0,0.9999999999999994,80.0,0.9504378827788345,82.0,0.8874538974541538,16_2,16,2,natural,107.813079834,60.5763931274,2.51256769354,0,345.389445171,0.201720491052
UBFC_A1/Eval_On_COHFACE,COHFACE,old,COHFACE_s16_session2_natural,34,58.0,60.0,correct,58.0,1.0,57.0,0.9994533028836665,56.0,0.8899718985066916,60.0,0.9999999999999997,61.0,0.9688653202081415,59.0,0.9387827649645523,16_2,16,2,natural,107.813079834,60.5763931274,2.51256769354,0,345.389445171,0.201720491052
UBFC_A1/Eval_On_COHFACE,COHFACE,old,COHFACE_s16_session2_natural,35,58.0,57.0,correct,58.0,1.0,57.0,0.9988218896090214,59.0,0.8789673795469134,57.0,0.9999999999999994,58.0,0.9944575145472875,43.0,0.9868534543319321,16_2,16,2,natural,107.813079834,60.5763931274,2.51256769354,0,345.389445171,0.201720491052
UBFC_A1/Eval_On_COHFACE,COHFACE,old,COHFACE_s16_session2_natural,36,58.0,58.0,correct,58.0,1.0,57.0,0.9985798318165701,59.0,0.8737600558303831,58.0,0.9999999999999996,57.0,0.974679449909909,59.0,0.9729801861687039,16_2,16,2,natural,107.813079834,60.5763931274,2.51256769354,0,345.389445171,0.201720491052
UBFC_A1/Eval_On_COHFACE,COHFACE,old,COHFACE_s16_session2_natural,37,57.0,58.0,correct,57.0,1.0,58.0,0.9937065527396172,56.0,0.8804479984159789,58.0,0.9999999999999991,59.0,0.9989986064798969,57.0,0.9896829437588167,16_2,16,2,natural,107.813079834,60.5763931274,2.51256769354,0,345.389445171,0.201720491052
UBFC_A1/Eval_On_COHFACE,COHFACE,old,COHFACE_s16_session2_natural,38,57.0,76.0,super_harmonic_1p5x,57.0,1.0,58.0,0.9687985710255225,56.0,0.9125612257689433,76.0,0.9999999999999996,75.0,0.9725252088566069,77.0,0.9361206867841072,16_2,16,2,natural,107.813079834,60.5763931274,2.51256769354,0,345.389445171,0.201720491052
UBFC_A1/Eval_On_COHFACE,COHFACE,old,COHFACE_s16_session2_natural,39,57.0,78.0,super_harmonic_1p5x,57.0,1.0,58.0,0.9455804075621407,56.0,0.945349285563624,78.0,0.9999999999999993,79.0,0.968352658500044,77.0,0.948678477450837,16_2,16,2,natural,107.813079834,60.5763931274,2.51256769354,0,345.389445171,0.201720491052
UBFC_A1/Eval_On_COHFACE,COHFACE,old,COHFACE_s16_session2_natural,40,57.0,56.0,correct,57.0,1.0,56.0,0.9737138423527809,58.0,0.9237318640924079,56.0,0.9999999999999991,57.0,0.9969272275031608,78.0,0.9934677732760672,16_2,16,2,natural,107.813079834,60.5763931274,2.51256769354,0,345.389445171,0.201720491052
UBFC_A1/Eval_On_COHFACE,COHFACE,old,COHFACE_s16_session2_natural,41,57.0,53.0,large_error,57.0,1.0,56.0,0.9888416998383298,58.0,0.9046558918131422,53.0,0.9999999999999996,52.0,0.9754109129821043,54.0,0.9429847154164875,16_2,16,2,natural,107.813079834,60.5763931274,2.51256769354,0,345.389445171,0.201720491052
UBFC_A1/Eval_On_COHFACE,COHFACE,old,COHFACE_s16_session2_natural,42,57.0,81.0,super_harmonic_1p5x,57.0,1.0,56.0,0.9703365735180342,58.0,0.9150531382898082,81.0,0.9999999999999996,80.0,0.9514888697831063,82.0,0.946242480790708,16_2,16,2,natural,107.813079834,60.5763931274,2.51256769354,0,345.389445171,0.201720491052
UBFC_A1/Eval_On_COHFACE,COHFACE,old,COHFACE_s16_session2_natural,43,57.0,80.0,super_harmonic_1p5x,57.0,1.0,58.0,0.9495664860018661,56.0,0.9339372084773535,80.0,0.9999999999999993,81.0,0.9999631946337149,79.0,0.8946571222178612,16_2,16,2,natural,107.813079834,60.5763931274,2.51256769354,0,345.389445171,0.201720491052
UBFC_A1/Eval_On_COHFACE,COHFACE,old,COHFACE_s16_session2_natural,44,57.0,42.0,large_error,57.0,1.0,58.0,0.971895992012804,56.0,0.9152371638137984,42.0,0.9999999999999994,41.0,0.9768631296266107,43.0,0.8905395579400923,16_2,16,2,natural,107.813079834,60.5763931274,2.51256769354,0,345.389445171,0.201720491052
UBFC_A1/Eval_On_COHFACE,COHFACE,old,COHFACE_s16_session2_natural,45,57.0,81.0,super_harmonic_1p5x,57.0,1.0,58.0,0.9718279590135741,56.0,0.9209830445678039,81.0,0.9999999999999998,82.0,0.9464141160727471,80.0,0.9416172121965046,16_2,16,2,natural,107.813079834,60.5763931274,2.51256769354,0,345.389445171,0.201720491052
UBFC_A1/Eval_On_COHFACE,COHFACE,old,COHFACE_s16_session2_natural,46,57.0,81.0,super_harmonic_1p5x,57.0,1.0,58.0,0.9637376886042383,56.0,0.9319645325066672,81.0,0.9999999999999997,80.0,0.9657068454078004,82.0,0.9299736226866031,16_2,16,2,natural,107.813079834,60.5763931274,2.51256769354,0,345.389445171,0.201720491052
UBFC_A1/Eval_On_COHFACE,COHFACE,old,COHFACE_s16_session2_natural,47,57.0,42.0,large_error,57.0,1.0,58.0,0.9465703002396272,56.0,0.9448663984546889,42.0,0.9999999999999997,43.0,0.9613115271103142,41.0,0.9412447633605674,16_2,16,2,natural,107.813079834,60.5763931274,2.51256769354,0,345.389445171,0.201720491052
UBFC_A1/Eval_On_COHFACE,COHFACE,old,COHFACE_s16_session2_natural,48,57.0,40.0,large_error,57.0,1.0,56.0,0.9563017490266038,58.0,0.9273164018190257,40.0,0.9999999999999996,41.0,0.8372100365823639,81.0,0.7886619628548721,16_2,16,2,natural,107.813079834,60.5763931274,2.51256769354,0,345.389445171,0.201720491052
UBFC_A1/Eval_On_COHFACE,COHFACE,old,COHFACE_s16_session2_natural,49,57.0,81.0,super_harmonic_1p5x,57.0,1.0,56.0,0.9857372964142904,58.0,0.8945858595131452,81.0,0.9999999999999994,80.0,0.9951283057342551,82.0,0.8828646080764954,16_2,16,2,natural,107.813079834,60.5763931274,2.51256769354,0,345.389445171,0.201720491052
UBFC_A1/Eval_On_COHFACE,COHFACE,old,COHFACE_s16_session2_natural,50,56.0,44.0,large_error,56.0,1.0,57.0,0.9810108105970292,55.0,0.900051267824349,44.0,0.9999999999999994,45.0,0.9915305667475568,43.0,0.9049649202385512,16_2,16,2,natural,107.813079834,60.5763931274,2.51256769354,0,345.389445171,0.201720491052
UBFC_A1/Eval_On_COHFACE,COHFACE,old,COHFACE_s16_session3_natural,0,59.0,41.0,large_error,59.0,1.0,58.0,0.9900333111096564,60.0,0.8876047027224689,41.0,0.9999999999999998,42.0,0.962764655562808,40.0,0.906765934439655,16_3,16,3,natural,96.9843063354,55.1808128357,4.00480090213,0,262.455656363,0.182182177901
UBFC_A1/Eval_On_COHFACE,COHFACE,old,COHFACE_s16_session3_natural,1,58.0,40.0,large_error,58.0,1.0,59.0,0.9732093416755767,57.0,0.9200967090330736,40.0,0.9999999999999994,41.0,0.9609886504556179,53.0,0.825770689523057,16_3,16,3,natural,96.9843063354,55.1808128357,4.00480090213,0,262.455656363,0.182182177901
UBFC_A1/Eval_On_COHFACE,COHFACE,old,COHFACE_s16_session3_natural,2,58.0,58.0,correct,58.0,1.0,59.0,0.9606439478900055,57.0,0.9235194891653793,58.0,0.9999999999999997,59.0,0.995488279301568,57.0,0.9279921498164646,16_3,16,3,natural,96.9843063354,55.1808128357,4.00480090213,0,262.455656363,0.182182177901
UBFC_A1/Eval_On_COHFACE,COHFACE,old,COHFACE_s16_session3_natural,3,58.0,61.0,correct,58.0,1.0,59.0,0.9550679694090077,57.0,0.9212389455052178,61.0,0.9999999999999993,61.99999999999999,0.9959504528597503,60.0,0.9746565189537681,16_3,16,3,natural,96.9843063354,55.1808128357,4.00480090213,0,262.455656363,0.182182177901
UBFC_A1/Eval_On_COHFACE,COHFACE,old,COHFACE_s16_session3_natural,4,58.0,63.0,large_error,58.0,1.0,59.0,0.9459186460471354,57.0,0.9292660290322543,63.0,0.9999999999999994,61.99999999999999,0.999638415702913,64.0,0.9916850263117665,16_3,16,3,natural,96.9843063354,55.1808128357,4.00480090213,0,262.455656363,0.182182177901
UBFC_A1/Eval_On_COHFACE,COHFACE,old,COHFACE_s16_session3_natural,5,58.0,60.0,correct,58.0,1.0,57.0,0.947288914518339,59.0,0.9320791907632753,60.0,0.9999999999999999,61.0,0.988056912585479,59.0,0.900841265758012,16_3,16,3,natural,96.9843063354,55.1808128357,4.00480090213,0,262.455656363,0.182182177901
UBFC_A1/Eval_On_COHFACE,COHFACE,old,COHFACE_s16_session3_natural,6,58.0,61.99999999999999,correct,58.0,1.0,57.0,0.9776989585426571,59.0,0.9096240590703402,61.99999999999999,0.9999999999999996,63.0,0.9674049685325211,61.0,0.9366655535600771,16_3,16,3,natural,96.9843063354,55.1808128357,4.00480090213,0,262.455656363,0.182182177901
UBFC_A1/Eval_On_COHFACE,COHFACE,old,COHFACE_s16_session3_natural,7,57.0,61.0,large_error,57.0,1.0,58.0,0.9840355836092037,56.0,0.9104171934961334,61.0,0.9999999999999991,61.99999999999999,0.9838285985323232,60.0,0.8931390564524915,16_3,16,3,natural,96.9843063354,55.1808128357,4.00480090213,0,262.455656363,0.182182177901
UBFC_A1/Eval_On_COHFACE,COHFACE,old,COHFACE_s16_session3_natural,8,57.0,60.0,correct,57.0,1.0,58.0,0.9772842489182582,56.0,0.9119368293292627,60.0,0.9999999999999998,61.0,0.9613853414852972,59.0,0.9254172056026458,16_3,16,3,natural,96.9843063354,55.1808128357,4.00480090213,0,262.455656363,0.182182177901
UBFC_A1/Eval_On_COHFACE,COHFACE,old,COHFACE_s16_session3_natural,9,57.0,42.0,large_error,57.0,1.0,58.0,0.9812244685958749,56.0,0.9019140751654865,42.0,0.9999999999999996,41.0,0.969821312612713,43.0,0.965175372481956,16_3,16,3,natural,96.9843063354,55.1808128357,4.00480090213,0,262.455656363,0.182182177901
UBFC_A1/Eval_On_COHFACE,COHFACE,old,COHFACE_s16_session3_natural,10,57.0,63.0,large_error,57.0,1.0,58.0,0.9806208413506121,56.0,0.9014309491573091,63.0,0.9999999999999996,64.0,0.9573498843451289,61.99999999999999,0.9241063078181047,16_3,16,3,natural,96.9843063354,55.1808128357,4.00480090213,0,262.455656363,0.182182177901
UBFC_A1/Eval_On_COHFACE,COHFACE,old,COHFACE_s16_session3_natural,11,57.0,43.0,large_error,57.0,1.0,58.0,0.9716056625400808,56.0,0.912041550769486,43.0,0.9999999999999998,44.0,0.9524677485767749,42.0,0.9123344523421543,16_3,16,3,natural,96.9843063354,55.1808128357,4.00480090213,0,262.455656363,0.182182177901
UBFC_A1/Eval_On_COHFACE,COHFACE,old,COHFACE_s16_session3_natural,12,57.0,40.0,large_error,57.0,1.0,58.0,0.9614210382933297,56.0,0.9279786715841478,40.0,0.9999999999999996,41.0,0.8896550659256685,42.0,0.677375891200362,16_3,16,3,natural,96.9843063354,55.1808128357,4.00480090213,0,262.455656363,0.182182177901
UBFC_A1/Eval_On_COHFACE,COHFACE,old,COHFACE_s16_session3_natural,13,57.0,63.0,large_error,57.0,1.0,58.0,0.961078476810337,56.0,0.9347227772185982,63.0,0.9999999999999993,61.99999999999999,0.9791682372948677,82.0,0.9737110549731659,16_3,16,3,natural,96.9843063354,55.1808128357,4.00480090213,0,262.455656363,0.182182177901
UBFC_A1/Eval_On_COHFACE,COHFACE,old,COHFACE_s16_session3_natural,14,57.0,43.0,large_error,57.0,1.0,58.0,0.9615578580122491,56.0,0.9343841202419366,43.0,0.9999999999999997,44.0,0.9912448791276595,42.0,0.8989160065104832,16_3,16,3,natural,96.9843063354,55.1808128357,4.00480090213,0,262.455656363,0.182182177901
UBFC_A1/Eval_On_COHFACE,COHFACE,old,COHFACE_s16_session3_natural,15,57.0,40.0,large_error,57.0,1.0,58.0,0.971193452567942,56.0,0.917339256865807,40.0,0.9999999999999997,41.0,0.9996458236261219,42.0,0.9127574104877185,16_3,16,3,natural,96.9843063354,55.1808128357,4.00480090213,0,262.455656363,0.182182177901
UBFC_A1/Eval_On_COHFACE,COHFACE,old,COHFACE_s16_session3_natural,16,57.0,81.0,super_harmonic_1p5x,57.0,1.0,58.0,0.9953415535936054,56.0,0.8887246802715935,81.0,0.9999999999999994,82.0,0.9918532047580475,80.0,0.9286530813830747,16_3,16,3,natural,96.9843063354,55.1808128357,4.00480090213,0,262.455656363,0.182182177901
UBFC_A1/Eval_On_COHFACE,COHFACE,old,COHFACE_s16_session3_natural,17,58.0,42.0,large_error,58.0,1.0,57.0,0.9956625320835346,59.0,0.8873556316163638,42.0,0.9999999999999997,41.0,0.9612071918787527,43.0,0.9022857123381,16_3,16,3,natural,96.9843063354,55.1808128357,4.00480090213,0,262.455656363,0.182182177901
UBFC_A1/Eval_On_COHFACE,COHFACE,old,COHFACE_s16_session3_natural,18,57.0,80.0,super_harmonic_1p5x,57.0,1.0,58.0,0.997845450821171,56.0,0.888918219134947,80.0,0.9999999999999997,81.0,0.9913827231332263,40.0,0.9328110091462293,16_3,16,3,natural,96.9843063354,55.1808128357,4.00480090213,0,262.455656363,0.182182177901
UBFC_A1/Eval_On_COHFACE,COHFACE,old,COHFACE_s16_session3_natural,19,57.0,80.0,super_harmonic_1p5x,57.0,1.0,58.0,0.9742543680773246,56.0,0.9190388628044127,80.0,0.9999999999999994,81.0,0.9714120262154902,79.0,0.9132814105492912,16_3,16,3,natural,96.9843063354,55.1808128357,4.00480090213,0,262.455656363,0.182182177901
UBFC_A1/Eval_On_COHFACE,COHFACE,old,COHFACE_s16_session3_natural,20,57.0,44.0,large_error,57.0,1.0,58.0,0.9633051230956801,56.0,0.9353030532800303,44.0,0.9999999999999998,43.0,0.9896366143423957,45.0,0.9072619509161234,16_3,16,3,natural,96.9843063354,55.1808128357,4.00480090213,0,262.455656363,0.182182177901
UBFC_A1/Eval_On_COHFACE,COHFACE,old,COHFACE_s16_session3_natural,21,57.0,40.0,large_error,57.0,1.0,58.0,0.9768615233627098,56.0,0.9166571498610533,40.0,0.9999999999999997,41.0,0.854095481023615,66.0,0.690680515708394,16_3,16,3,natural,96.9843063354,55.1808128357,4.00480090213,0,262.455656363,0.182182177901
UBFC_A1/Eval_On_COHFACE,COHFACE,old,COHFACE_s16_session3_natural,22,58.0,81.0,super_harmonic_1p5x,58.0,1.0,57.0,0.986461948203618,59.0,0.8983755869194386,81.0,0.9999999999999993,82.0,0.9572250814559069,80.0,0.9482806929443992,16_3,16,3,natural,96.9843063354,55.1808128357,4.00480090213,0,262.455656363,0.182182177901
UBFC_A1/Eval_On_COHFACE,COHFACE,old,COHFACE_s16_session3_natural,23,58.0,42.0,large_error,58.0,1.0,57.0,0.9419625463439212,59.0,0.9394098306130245,42.0,0.9999999999999997,41.0,0.9538512521872032,43.0,0.9260962401438017,16_3,16,3,natural,96.9843063354,55.1808128357,4.00480090213,0,262.455656363,0.182182177901
UBFC_A1/Eval_On_COHFACE,COHFACE,old,COHFACE_s16_session3_natural,24,58.0,40.0,large_error,58.0,1.0,59.0,0.9799905610830533,57.0,0.9060164166891468,40.0,0.9999999999999996,60.0,0.9153045361294594,59.0,0.9100729324408897,16_3,16,3,natural,96.9843063354,55.1808128357,4.00480090213,0,262.455656363,0.182182177901
UBFC_A1/Eval_On_COHFACE,COHFACE,old,COHFACE_s16_session3_natural,25,58.0,60.0,correct,58.0,1.0,59.0,0.9952663156734906,57.0,0.8982314877236058,60.0,0.9999999999999994,59.0,0.9826797181526736,61.0,0.9195018381354156,16_3,16,3,natural,96.9843063354,55.1808128357,4.00480090213,0,262.455656363,0.182182177901
UBFC_A1/Eval_On_COHFACE,COHFACE,old,COHFACE_s16_session3_natural,26,59.0,41.0,large_error,59.0,1.0,58.0,0.9908350068191789,60.0,0.9078261624809658,41.0,0.9999999999999996,77.0,0.9878319117353649,42.0,0.9658722357677298,16_3,16,3,natural,96.9843063354,55.1808128357,4.00480090213,0,262.455656363,0.182182177901
UBFC_A1/Eval_On_COHFACE,COHFACE,old,COHFACE_s16_session3_natural,27,59.0,40.0,large_error,59.0,1.0,58.0,0.9903488933940328,60.0,0.9037683874127542,40.0,0.9999999999999997,41.0,0.8996363364831015,78.0,0.8150233920513438,16_3,16,3,natural,96.9843063354,55.1808128357,4.00480090213,0,262.455656363,0.182182177901
UBFC_A1/Eval_On_COHFACE,COHFACE,old,COHFACE_s16_session3_natural,28,59.0,78.0,super_harmonic_1p5x,59.0,1.0,58.0,0.9954160594819311,60.0,0.8868086098270415,78.0,0.9999999999999997,79.0,0.9740043930791913,77.0,0.9470381706277722,16_3,16,3,natural,96.9843063354,55.1808128357,4.00480090213,0,262.455656363,0.182182177901
UBFC_A1/Eval_On_COHFACE,COHFACE,old,COHFACE_s16_session3_natural,29,58.0,44.0,large_error,58.0,1.0,59.0,0.9796889375565935,57.0,0.8934040853547695,44.0,0.9999999999999998,43.0,0.9986326354867581,45.0,0.9060728837505446,16_3,16,3,natural,96.9843063354,55.1808128357,4.00480090213,0,262.455656363,0.182182177901
UBFC_A1/Eval_On_COHFACE,COHFACE,old,COHFACE_s16_session3_natural,30,58.0,40.0,large_error,58.0,1.0,59.0,0.942794762546569,57.0,0.9292014930525948,40.0,0.9999999999999997,41.0,0.9304234692069522,42.0,0.7751663162307683,16_3,16,3,natural,96.9843063354,55.1808128357,4.00480090213,0,262.455656363,0.182182177901
UBFC_A1/Eval_On_COHFACE,COHFACE,old,COHFACE_s16_session3_natural,31,58.0,81.0,super_harmonic_1p5x,58.0,1.0,57.0,0.9817163672929742,59.0,0.8983018526001931,81.0,0.9999999999999997,80.0,0.9742227601304211,82.0,0.9106694243384592,16_3,16,3,natural,96.9843063354,55.1808128357,4.00480090213,0,262.455656363,0.182182177901
UBFC_A1/Eval_On_COHFACE,COHFACE,old,COHFACE_s16_session3_natural,32,57.0,42.0,large_error,57.0,1.0,58.0,0.9618964566930515,56.0,0.9273045975067794,42.0,0.9999999999999998,43.0,0.9637458224272967,41.0,0.9260955661108082,16_3,16,3,natural,96.9843063354,55.1808128357,4.00480090213,0,262.455656363,0.182182177901
UBFC_A1/Eval_On_COHFACE,COHFACE,old,COHFACE_s16_session3_natural,33,57.0,40.0,large_error,57.0,1.0,56.0,0.9760934865851122,58.0,0.9172300086447729,40.0,0.9999999999999997,80.0,0.8787303612251504,79.0,0.8123508358585554,16_3,16,3,natural,96.9843063354,55.1808128357,4.00480090213,0,262.455656363,0.182182177901
UBFC_A1/Eval_On_COHFACE,COHFACE,old,COHFACE_s16_session3_natural,34,57.0,81.0,super_harmonic_1p5x,57.0,1.0,56.0,0.978030047158337,58.0,0.9104142392167319,81.0,0.9999999999999994,80.0,0.9979321065197624,79.0,0.8977818626031233,16_3,16,3,natural,96.9843063354,55.1808128357,4.00480090213,0,262.455656363,0.182182177901
UBFC_A1/Eval_On_COHFACE,COHFACE,old,COHFACE_s16_session3_natural,35,57.0,42.0,large_error,57.0,1.0,56.0,0.9547199690612882,58.0,0.928454289808441,42.0,0.9999999999999996,43.0,0.9955614919462612,41.0,0.9090129714794031,16_3,16,3,natural,96.9843063354,55.1808128357,4.00480090213,0,262.455656363,0.182182177901
UBFC_A1/Eval_On_COHFACE,COHFACE,old,COHFACE_s16_session3_natural,36,57.0,40.0,large_error,57.0,1.0,58.0,0.9660754537731535,56.0,0.9152636814900652,40.0,0.9999999999999997,41.0,0.8098316531986022,79.0,0.5902721979491223,16_3,16,3,natural,96.9843063354,55.1808128357,4.00480090213,0,262.455656363,0.182182177901
UBFC_A1/Eval_On_COHFACE,COHFACE,old,COHFACE_s16_session3_natural,37,58.0,41.0,large_error,58.0,1.0,57.0,0.992856297168775,59.0,0.8946011686144055,41.0,0.9999999999999996,40.0,0.9895390044977919,42.0,0.9144847339286949,16_3,16,3,natural,96.9843063354,55.1808128357,4.00480090213,0,262.455656363,0.182182177901
UBFC_A1/Eval_On_COHFACE,COHFACE,old,COHFACE_s16_session3_natural,38,58.0,41.0,large_error,58.0,1.0,57.0,0.9626847292575552,59.0,0.9288047146511238,41.0,0.9999999999999997,52.0,0.9813249147089294,42.0,0.9727254738935944,16_3,16,3,natural,96.9843063354,55.1808128357,4.00480090213,0,262.455656363,0.182182177901
UBFC_A1/Eval_On_COHFACE,COHFACE,old,COHFACE_s16_session3_natural,39,58.0,40.0,large_error,58.0,1.0,59.0,0.9543528169971739,57.0,0.9427321987452322,40.0,0.9999999999999997,41.0,0.9701703191067828,42.0,0.8379530376002907,16_3,16,3,natural,96.9843063354,55.1808128357,4.00480090213,0,262.455656363,0.182182177901
UBFC_A1/Eval_On_COHFACE,COHFACE,old,COHFACE_s16_session3_natural,40,58.0,41.0,large_error,58.0,1.0,59.0,0.9743769475439787,57.0,0.9250051758401542,41.0,0.9999999999999996,42.0,0.9935796776794783,54.0,0.9670613510102727,16_3,16,3,natural,96.9843063354,55.1808128357,4.00480090213,0,262.455656363,0.182182177901
UBFC_A1/Eval_On_COHFACE,COHFACE,old,COHFACE_s16_session3_natural,41,59.0,44.0,large_error,59.0,1.0,58.0,0.9969397449656979,60.0,0.896131068846809,44.0,0.9999999999999998,43.0,0.994797192846767,45.0,0.9198710648360967,16_3,16,3,natural,96.9843063354,55.1808128357,4.00480090213,0,262.455656363,0.182182177901
UBFC_A1/Eval_On_COHFACE,COHFACE,old,COHFACE_s16_session3_natural,42,59.0,80.0,super_harmonic_1p5x,59.0,1.0,58.0,0.9575722777893803,60.0,0.9245321428229578,80.0,0.9999999999999997,81.0,0.9879626989092393,79.0,0.9078457033079866,16_3,16,3,natural,96.9843063354,55.1808128357,4.00480090213,0,262.455656363,0.182182177901
UBFC_A1/Eval_On_COHFACE,COHFACE,old,COHFACE_s16_session3_natural,43,59.0,120.0,super_harmonic_2x,59.0,1.0,60.0,0.9470286139546532,58.0,0.9306525032303368,120.0,0.9999999999999996,121.0,0.9937446454112779,79.0,0.9917227968078769,16_3,16,3,natural,96.9843063354,55.1808128357,4.00480090213,0,262.455656363,0.182182177901
UBFC_A1/Eval_On_COHFACE,COHFACE,old,COHFACE_s16_session3_natural,44,59.0,60.0,correct,59.0,1.0,60.0,0.9607636411058221,58.0,0.9197527821288295,60.0,0.9999999999999999,59.0,0.9689644801458616,61.0,0.8840810444136158,16_3,16,3,natural,96.9843063354,55.1808128357,4.00480090213,0,262.455656363,0.182182177901
UBFC_A1/Eval_On_COHFACE,COHFACE,old,COHFACE_s16_session3_natural,45,59.0,80.0,super_harmonic_1p5x,59.0,1.0,60.0,0.9727251159854898,58.0,0.9140059175041111,80.0,0.9999999999999998,81.0,0.9460914662230262,79.0,0.9438983199826501,16_3,16,3,natural,96.9843063354,55.1808128357,4.00480090213,0,262.455656363,0.182182177901
UBFC_A1/Eval_On_COHFACE,COHFACE,old,COHFACE_s16_session3_natural,46,59.0,80.0,super_harmonic_1p5x,59.0,1.0,60.0,0.9727122346369611,58.0,0.916357952612545,80.0,0.9999999999999997,79.0,0.98699696326579,81.0,0.9518532682813327,16_3,16,3,natural,96.9843063354,55.1808128357,4.00480090213,0,262.455656363,0.182182177901
UBFC_A1/Eval_On_COHFACE,COHFACE,old,COHFACE_s16_session3_natural,47,59.0,60.0,correct,59.0,1.0,60.0,0.9583944359440727,58.0,0.9248812226792588,60.0,0.9999999999999998,59.0,0.9816506172719861,61.0,0.9313633570572362,16_3,16,3,natural,96.9843063354,55.1808128357,4.00480090213,0,262.455656363,0.182182177901
UBFC_A1/Eval_On_COHFACE,COHFACE,old,COHFACE_s16_session3_natural,48,59.0,81.0,super_harmonic_1p5x,59.0,1.0,60.0,0.944150494526034,58.0,0.9320548492895835,81.0,0.9999999999999998,80.0,0.9961611561242208,82.0,0.8740373854411233,16_3,16,3,natural,96.9843063354,55.1808128357,4.00480090213,0,262.455656363,0.182182177901
UBFC_A1/Eval_On_COHFACE,COHFACE,old,COHFACE_s16_session3_natural,49,59.0,80.0,super_harmonic_1p5x,59.0,1.0,58.0,0.9535796548558452,60.0,0.9233533600266028,80.0,0.9999999999999997,81.0,0.9935844188539269,79.0,0.8751967917411434,16_3,16,3,natural,96.9843063354,55.1808128357,4.00480090213,0,262.455656363,0.182182177901
UBFC_A1/Eval_On_COHFACE,COHFACE,old,COHFACE_s16_session3_natural,50,59.0,52.0,large_error,59.0,1.0,58.0,0.9772782996682107,60.0,0.9047034378536797,52.0,0.9999999999999998,51.0,0.9480504195348819,53.0,0.9040108360482669,16_3,16,3,natural,96.9843063354,55.1808128357,4.00480090213,0,262.455656363,0.182182177901
UBFC_A1/Eval_On_COHFACE,COHFACE,old,COHFACE_s17_session0_lamp,0,59.0,40.0,large_error,59.0,0.9999999999999999,58.0,0.9953413635974281,60.0,0.902768785545922,40.0,0.9999999999999997,78.0,0.8105863360009776,77.0,0.7904705950325845,17_0,17,0,lamp,90.4333877563,57.4937019348,11.3779869452,0,377.910269676,0.163861334324
UBFC_A1/Eval_On_COHFACE,COHFACE,old,COHFACE_s17_session0_lamp,1,57.0,77.0,super_harmonic_1p5x,57.0,1.0,58.0,0.97582069475187,56.0,0.9051457655730046,77.0,0.9999999999999998,78.0,0.9524832892840364,76.0,0.9135859354957158,17_0,17,0,lamp,90.4333877563,57.4937019348,11.3779869452,0,377.910269676,0.163861334324
UBFC_A1/Eval_On_COHFACE,COHFACE,old,COHFACE_s17_session0_lamp,2,56.0,55.0,correct,56.0,0.9999999999999999,57.0,0.9674399056416741,55.0,0.9180074255328426,55.0,0.9999999999999998,54.0,0.9150828030809427,56.0,0.9055376778818857,17_0,17,0,lamp,90.4333877563,57.4937019348,11.3779869452,0,377.910269676,0.163861334324
UBFC_A1/Eval_On_COHFACE,COHFACE,old,COHFACE_s17_session0_lamp,3,55.0,81.0,super_harmonic_1p5x,55.0,0.9999999999999999,56.0,0.9749624263159442,54.0,0.9119863619751939,81.0,0.9999999999999998,54.0,0.9746235259020678,80.0,0.9580463550242819,17_0,17,0,lamp,90.4333877563,57.4937019348,11.3779869452,0,377.910269676,0.163861334324
UBFC_A1/Eval_On_COHFACE,COHFACE,old,COHFACE_s17_session0_lamp,4,55.0,56.0,correct,55.0,0.9999999999999999,56.0,0.9477372936927291,54.0,0.9405285647804145,56.0,0.9999999999999998,57.0,0.9985476436547291,58.0,0.9860589607737329,17_0,17,0,lamp,90.4333877563,57.4937019348,11.3779869452,0,377.910269676,0.163861334324
UBFC_A1/Eval_On_COHFACE,COHFACE,old,COHFACE_s17_session0_lamp,5,56.0,54.0,correct,56.0,0.9999999999999999,55.0,0.9898192996388918,57.0,0.8926201943582377,54.0,0.9999999999999999,53.0,0.9724104842334563,55.0,0.9610763504424646,17_0,17,0,lamp,90.4333877563,57.4937019348,11.3779869452,0,377.910269676,0.163861334324
UBFC_A1/Eval_On_COHFACE,COHFACE,old,COHFACE_s17_session0_lamp,6,56.0,60.0,large_error,56.0,0.9999999999999999,55.0,0.961993807733676,57.0,0.9155332530571437,60.0,0.9999999999999999,59.0,0.985286554729547,61.0,0.9408453341952538,17_0,17,0,lamp,90.4333877563,57.4937019348,11.3779869452,0,377.910269676,0.163861334324
UBFC_A1/Eval_On_COHFACE,COHFACE,old,COHFACE_s17_session0_lamp,7,56.0,59.0,correct,56.0,0.9999999999999999,55.0,0.9641646095301216,57.0,0.9097752136153491,59.0,0.9999999999999999,60.0,0.9601811745637684,58.0,0.9509972878332322,17_0,17,0,lamp,90.4333877563,57.4937019348,11.3779869452,0,377.910269676,0.163861334324
UBFC_A1/Eval_On_COHFACE,COHFACE,old,COHFACE_s17_session0_lamp,8,55.0,57.0,correct,55.0,0.9999999999999999,56.0,0.9993600488431408,57.0,0.8866699288037412,57.0,0.9999999999999999,58.0,0.9617231589287878,56.0,0.9374809029639088,17_0,17,0,lamp,90.4333877563,57.4937019348,11.3779869452,0,377.910269676,0.163861334324
UBFC_A1/Eval_On_COHFACE,COHFACE,old,COHFACE_s17_session0_lamp,9,55.0,58.0,correct,55.0,0.9999999999999999,56.0,0.9757233253390492,54.0,0.9092609777629864,58.0,0.9999999999999998,57.0,0.9965002501058682,59.0,0.9142340720866473,17_0,17,0,lamp,90.4333877563,57.4937019348,11.3779869452,0,377.910269676,0.163861334324
UBFC_A1/Eval_On_COHFACE,COHFACE,old,COHFACE_s17_session0_lamp,10,54.0,54.0,correct,54.0,0.9999999999999999,55.0,0.9751992775739129,53.0,0.9235827128986377,54.0,0.9999999999999999,55.0,0.9792111223319244,53.0,0.9331981887307104,17_0,17,0,lamp,90.4333877563,57.4937019348,11.3779869452,0,377.910269676,0.163861334324
UBFC_A1/Eval_On_COHFACE,COHFACE,old,COHFACE_s17_session0_lamp,11,53.0,53.0,correct,53.0,0.9999999999999999,54.0,0.9792119379710496,52.0,0.9167789148304026,53.0,0.9999999999999998,54.0,0.9622615352030525,52.0,0.9433337752443846,17_0,17,0,lamp,90.4333877563,57.4937019348,11.3779869452,0,377.910269676,0.163861334324
UBFC_A1/Eval_On_COHFACE,COHFACE,old,COHFACE_s17_session0_lamp,12,53.0,52.0,correct,53.0,1.0,52.0,0.9942774858371712,54.0,0.8952418172326646,52.0,0.9999999999999999,53.0,0.9648396712511147,51.0,0.9197801293658223,17_0,17,0,lamp,90.4333877563,57.4937019348,11.3779869452,0,377.910269676,0.163861334324
UBFC_A1/Eval_On_COHFACE,COHFACE,old,COHFACE_s17_session0_lamp,13,53.0,52.0,correct,53.0,0.9999999999999999,52.0,0.9918551102065789,54.0,0.9036207803848973,52.0,0.9999999999999999,53.0,0.9660487030718942,51.0,0.9209267881052184,17_0,17,0,lamp,90.4333877563,57.4937019348,11.3779869452,0,377.910269676,0.163861334324
UBFC_A1/Eval_On_COHFACE,COHFACE,old,COHFACE_s17_session0_lamp,14,54.0,53.0,correct,54.0,0.9999999999999999,53.0,0.9923060690726003,55.0,0.899873778718579,53.0,0.9999999999999998,54.0,0.953040447501594,52.0,0.9520320658983862,17_0,17,0,lamp,90.4333877563,57.4937019348,11.3779869452,0,377.910269676,0.163861334324
UBFC_A1/Eval_On_COHFACE,COHFACE,old,COHFACE_s17_session0_lamp,15,55.0,55.0,correct,55.0,0.9999999999999999,54.0,0.9669276087075191,56.0,0.9174167086603382,55.0,0.9999999999999998,56.0,0.9587262060468462,54.0,0.943642000712192,17_0,17,0,lamp,90.4333877563,57.4937019348,11.3779869452,0,377.910269676,0.163861334324
UBFC_A1/Eval_On_COHFACE,COHFACE,old,COHFACE_s17_session0_lamp,16,56.0,56.0,correct,56.0,0.9999999999999999,55.0,0.9872775331387967,57.0,0.8971828042710445,56.0,0.9999999999999999,55.0,0.9935473865812915,57.0,0.9082619176714208,17_0,17,0,lamp,90.4333877563,57.4937019348,11.3779869452,0,377.910269676,0.163861334324
UBFC_A1/Eval_On_COHFACE,COHFACE,old,COHFACE_s17_session0_lamp,17,57.0,43.0,large_error,57.0,0.9999999999999999,56.0,0.9983810463154136,58.0,0.8841343827971669,43.0,0.9999999999999999,55.0,0.998215210263164,44.0,0.9980637887309939,17_0,17,0,lamp,90.4333877563,57.4937019348,11.3779869452,0,377.910269676,0.163861334324
UBFC_A1/Eval_On_COHFACE,COHFACE,old,COHFACE_s17_session0_lamp,18,57.0,58.0,correct,57.0,0.9999999999999999,58.0,0.9557232154487667,56.0,0.9268880766207493,58.0,0.9999999999999999,59.0,0.9489094377723559,57.0,0.9418406832180486,17_0,17,0,lamp,90.4333877563,57.4937019348,11.3779869452,0,377.910269676,0.163861334324
UBFC_A1/Eval_On_COHFACE,COHFACE,old,COHFACE_s17_session0_lamp,19,58.0,59.0,correct,58.0,0.9999999999999999,57.0,0.9712412298240732,59.0,0.9139795401106239,59.0,0.9999999999999998,60.0,0.9661186311094749,58.0,0.9272075968631812,17_0,17,0,lamp,90.4333877563,57.4937019348,11.3779869452,0,377.910269676,0.163861334324
UBFC_A1/Eval_On_COHFACE,COHFACE,old,COHFACE_s17_session0_lamp,20,58.0,55.0,correct,58.0,0.9999999999999999,59.0,0.9451592865331057,57.0,0.940024642016841,55.0,0.9999999999999998,56.0,0.9854556396177346,54.0,0.9396400756544177,17_0,17,0,lamp,90.4333877563,57.4937019348,11.3779869452,0,377.910269676,0.163861334324
UBFC_A1/Eval_On_COHFACE,COHFACE,old,COHFACE_s17_session0_lamp,21,58.0,59.0,correct,58.0,1.0,57.0,0.941627514481463,59.0,0.934534716435483,59.0,0.9999999999999998,60.0,0.9492838963152054,58.0,0.9366950786974051,17_0,17,0,lamp,90.4333877563,57.4937019348,11.3779869452,0,377.910269676,0.163861334324
UBFC_A1/Eval_On_COHFACE,COHFACE,old,COHFACE_s17_session0_lamp,22,58.0,59.0,correct,58.0,1.0,57.0,0.9596302406375679,59.0,0.9155469275339574,59.0,0.9999999999999999,60.0,0.985751867435948,58.0,0.885734369868764,17_0,17,0,lamp,90.4333877563,57.4937019348,11.3779869452,0,377.910269676,0.163861334324
UBFC_A1/Eval_On_COHFACE,COHFACE,old,COHFACE_s17_session0_lamp,23,58.0,60.0,correct,58.0,1.0,57.0,0.9829953822361689,59.0,0.9031501826108764,60.0,0.9999999999999998,59.0,0.9905371841249387,61.0,0.907333412032818,17_0,17,0,lamp,90.4333877563,57.4937019348,11.3779869452,0,377.910269676,0.163861334324
UBFC_A1/Eval_On_COHFACE,COHFACE,old,COHFACE_s17_session0_lamp,24,58.0,60.0,correct,58.0,0.9999999999999999,57.0,0.9715032494766307,59.0,0.9205823716037468,60.0,0.9999999999999998,59.0,0.9650148677177445,42.0,0.9475625137326814,17_0,17,0,lamp,90.4333877563,57.4937019348,11.3779869452,0,377.910269676,0.163861334324
UBFC_A1/Eval_On_COHFACE,COHFACE,old,COHFACE_s17_session0_lamp,25,58.0,60.0,correct,58.0,0.9999999999999999,59.0,0.9824542237794166,57.0,0.9169015506317252,60.0,0.9999999999999998,59.0,0.9532762051056539,61.0,0.9434993858546211,17_0,17,0,lamp,90.4333877563,57.4937019348,11.3779869452,0,377.910269676,0.163861334324
UBFC_A1/Eval_On_COHFACE,COHFACE,old,COHFACE_s17_session0_lamp,26,58.0,42.0,large_error,58.0,0.9999999999999999,59.0,0.9859323575471046,57.0,0.9085292299097129,42.0,0.9999999999999998,41.0,0.9655757750983273,43.0,0.909753978976042,17_0,17,0,lamp,90.4333877563,57.4937019348,11.3779869452,0,377.910269676,0.163861334324
UBFC_A1/Eval_On_COHFACE,COHFACE,old,COHFACE_s17_session0_lamp,27,58.0,57.0,correct,58.0,1.0,57.0,0.9453736819971063,59.0,0.9435863142468955,57.0,0.9999999999999998,56.0,0.9821067157118435,58.0,0.919847329506221,17_0,17,0,lamp,90.4333877563,57.4937019348,11.3779869452,0,377.910269676,0.163861334324
UBFC_A1/Eval_On_COHFACE,COHFACE,old,COHFACE_s17_session0_lamp,28,57.0,55.0,correct,57.0,0.9999999999999999,58.0,0.9845864764935333,56.0,0.8995428419314714,55.0,0.9999999999999998,56.0,0.9633027517768578,54.0,0.8764291601878442,17_0,17,0,lamp,90.4333877563,57.4937019348,11.3779869452,0,377.910269676,0.163861334324
UBFC_A1/Eval_On_COHFACE,COHFACE,old,COHFACE_s17_session0_lamp,29,57.0,56.0,correct,57.0,0.9999999999999999,56.0,0.9698178866321912,58.0,0.917249162793923,56.0,0.9999999999999999,57.0,0.9983266308664688,55.0,0.9388261308427348,17_0,17,0,lamp,90.4333877563,57.4937019348,11.3779869452,0,377.910269676,0.163861334324
UBFC_A1/Eval_On_COHFACE,COHFACE,old,COHFACE_s17_session0_lamp,30,56.0,52.0,large_error,56.0,0.9999999999999999,57.0,0.9612648150483063,55.0,0.926295333077574,52.0,0.9999999999999998,53.0,0.959029869697468,51.0,0.9549229462815593,17_0,17,0,lamp,90.4333877563,57.4937019348,11.3779869452,0,377.910269676,0.163861334324
UBFC_A1/Eval_On_COHFACE,COHFACE,old,COHFACE_s17_session0_lamp,31,56.0,53.0,correct,56.0,0.9999999999999999,55.0,0.9922386760159356,57.0,0.8933488807615175,53.0,0.9999999999999999,54.0,0.9521014028331778,52.0,0.9494524199288873,17_0,17,0,lamp,90.4333877563,57.4937019348,11.3779869452,0,377.910269676,0.163861334324
UBFC_A1/Eval_On_COHFACE,COHFACE,old,COHFACE_s17_session0_lamp,32,55.0,54.0,correct,55.0,0.9999999999999999,56.0,0.9596106165808245,54.0,0.9267218786079702,54.0,0.9999999999999999,55.0,0.9460487014126735,53.0,0.9341179580053449,17_0,17,0,lamp,90.4333877563,57.4937019348,11.3779869452,0,377.910269676,0.163861334324
UBFC_A1/Eval_On_COHFACE,COHFACE,old,COHFACE_s17_session0_lamp,33,56.0,54.0,correct,56.0,1.0,55.0,0.9949098998103915,57.0,0.8954481373008524,54.0,0.9999999999999998,55.0,0.9560090791340905,53.0,0.9372658677994801,17_0,17,0,lamp,90.4333877563,57.4937019348,11.3779869452,0,377.910269676,0.163861334324
UBFC_A1/Eval_On_COHFACE,COHFACE,old,COHFACE_s17_session0_lamp,34,57.0,56.0,correct,57.0,0.9999999999999999,56.0,0.9919086022991289,58.0,0.9088328248902335,56.0,0.9999999999999999,57.0,0.9959660903492622,55.0,0.9369961297662495,17_0,17,0,lamp,90.4333877563,57.4937019348,11.3779869452,0,377.910269676,0.163861334324
UBFC_A1/Eval_On_COHFACE,COHFACE,old,COHFACE_s17_session0_lamp,35,58.0,51.0,large_error,58.0,0.9999999999999999,59.0,0.9843393603187334,57.0,0.9130356285143387,51.0,0.9999999999999999,52.0,0.9585904898874863,50.0,0.9162618583782527,17_0,17,0,lamp,90.4333877563,57.4937019348,11.3779869452,0,377.910269676,0.163861334324
UBFC_A1/Eval_On_COHFACE,COHFACE,old,COHFACE_s17_session0_lamp,36,60.0,60.0,correct,60.0,0.9999999999999999,59.0,0.9691895586558994,61.0,0.9170929133312965,60.0,0.9999999999999998,59.0,0.9704750828648137,61.0,0.9383760108799684,17_0,17,0,lamp,90.4333877563,57.4937019348,11.3779869452,0,377.910269676,0.163861334324
UBFC_A1/Eval_On_COHFACE,COHFACE,old,COHFACE_s17_session0_lamp,37,60.0,60.0,correct,60.0,1.0,61.0,0.9574188179162787,59.0,0.922213261995239,60.0,0.9999999999999998,61.0,0.9546579657380767,59.0,0.936448700271896,17_0,17,0,lamp,90.4333877563,57.4937019348,11.3779869452,0,377.910269676,0.163861334324
UBFC_A1/Eval_On_COHFACE,COHFACE,old,COHFACE_s17_session0_lamp,38,60.0,60.0,correct,60.0,1.0,61.0,0.9558705612038968,59.0,0.9242281893845212,60.0,0.9999999999999998,59.0,0.9760490677969116,61.0,0.9201429838364416,17_0,17,0,lamp,90.4333877563,57.4937019348,11.3779869452,0,377.910269676,0.163861334324
UBFC_A1/Eval_On_COHFACE,COHFACE,old,COHFACE_s17_session0_lamp,39,60.0,60.0,correct,60.0,0.9999999999999999,61.0,0.978998288615637,59.0,0.9075840225508104,60.0,0.9999999999999998,59.0,0.9857498897729758,61.0,0.8874288922111572,17_0,17,0,lamp,90.4333877563,57.4937019348,11.3779869452,0,377.910269676,0.163861334324
UBFC_A1/Eval_On_COHFACE,COHFACE,old,COHFACE_s17_session0_lamp,40,60.0,57.0,correct,60.0,0.9999999999999999,61.0,0.9811742406246342,59.0,0.9066466175708876,57.0,0.9999999999999998,58.0,0.9960737916635958,56.0,0.9375983368433836,17_0,17,0,lamp,90.4333877563,57.4937019348,11.3779869452,0,377.910269676,0.163861334324
UBFC_A1/Eval_On_COHFACE,COHFACE,old,COHFACE_s17_session0_lamp,41,60.0,58.0,correct,60.0,1.0,59.0,0.979657472082049,61.0,0.9052519170773976,58.0,0.9999999999999999,57.0,0.9904736085816901,59.0,0.9549728953499997,17_0,17,0,lamp,90.4333877563,57.4937019348,11.3779869452,0,377.910269676,0.163861334324
UBFC_A1/Eval_On_COHFACE,COHFACE,old,COHFACE_s17_session0_lamp,42,59.0,59.0,correct,59.0,1.0,58.0,0.9916511382795459,60.0,0.8895644006401064,59.0,0.9999999999999998,58.0,0.9934491448938111,60.0,0.9015525424165163,17_0,17,0,lamp,90.4333877563,57.4937019348,11.3779869452,0,377.910269676,0.163861334324
UBFC_A1/Eval_On_COHFACE,COHFACE,old,COHFACE_s17_session0_lamp,43,58.0,59.0,correct,58.0,1.0,57.0,0.9725450733137937,59.0,0.907585701148076,59.0,0.9999999999999999,60.0,0.9710893337707108,58.0,0.9286277938891959,17_0,17,0,lamp,90.4333877563,57.4937019348,11.3779869452,0,377.910269676,0.163861334324
UBFC_A1/Eval_On_COHFACE,COHFACE,old,COHFACE_s17_session0_lamp,44,57.0,44.0,large_error,57.0,1.0,58.0,0.9908320629098714,56.0,0.8934672956056556,44.0,0.9999999999999998,45.0,0.9675167024973226,43.0,0.9416041952482006,17_0,17,0,lamp,90.4333877563,57.4937019348,11.3779869452,0,377.910269676,0.163861334324
UBFC_A1/Eval_On_COHFACE,COHFACE,old,COHFACE_s17_session0_lamp,45,57.0,59.0,correct,57.0,1.0,58.0,0.9700247942710635,56.0,0.9179707717717667,59.0,0.9999999999999998,60.0,0.9738626560774042,58.0,0.8990384811652787,17_0,17,0,lamp,90.4333877563,57.4937019348,11.3779869452,0,377.910269676,0.163861334324
UBFC_A1/Eval_On_COHFACE,COHFACE,old,COHFACE_s17_session0_lamp,46,57.0,60.0,correct,57.0,1.0,56.0,0.9966842305744492,58.0,0.8913973204003903,60.0,0.9999999999999999,59.0,0.9687165132659117,61.0,0.900963379548796,17_0,17,0,lamp,90.4333877563,57.4937019348,11.3779869452,0,377.910269676,0.163861334324
UBFC_A1/Eval_On_COHFACE,COHFACE,old,COHFACE_s17_session0_lamp,47,56.0,43.0,large_error,56.0,1.0,57.0,0.9460204369826871,55.0,0.9357066428198187,43.0,0.9999999999999998,42.0,0.953116425545829,44.0,0.9348978477540191,17_0,17,0,lamp,90.4333877563,57.4937019348,11.3779869452,0,377.910269676,0.163861334324
UBFC_A1/Eval_On_COHFACE,COHFACE,old,COHFACE_s17_session0_lamp,48,56.0,58.0,correct,56.0,1.0,57.0,0.9500449023839488,55.0,0.9341017927418366,58.0,0.9999999999999996,57.0,0.9997831968260165,41.0,0.9477267046126499,17_0,17,0,lamp,90.4333877563,57.4937019348,11.3779869452,0,377.910269676,0.163861334324
UBFC_A1/Eval_On_COHFACE,COHFACE,old,COHFACE_s17_session0_lamp,49,57.0,58.0,correct,57.0,1.0,56.0,0.9452959771464263,58.0,0.9431215407589867,58.0,0.9999999999999998,57.0,0.9503013841562499,59.0,0.939495819448726,17_0,17,0,lamp,90.4333877563,57.4937019348,11.3779869452,0,377.910269676,0.163861334324
UBFC_A1/Eval_On_COHFACE,COHFACE,old,COHFACE_s17_session0_lamp,50,58.0,57.0,correct,58.0,1.0,57.0,0.9792989324433916,59.0,0.9102288064865995,57.0,0.9999999999999998,56.0,0.9772825429266249,58.0,0.9755528379299594,17_0,17,0,lamp,90.4333877563,57.4937019348,11.3779869452,0,377.910269676,0.163861334324
UBFC_A1/Eval_On_COHFACE,COHFACE,old,COHFACE_s17_session1_lamp,0,59.0,59.0,correct,59.0,0.9999999999999999,58.0,0.9948128034431639,60.0,0.9074941828545161,59.0,0.9999999999999998,58.0,0.984438540679555,60.0,0.9027544160918557,17_1,17,1,lamp,90.6106796265,57.5569725037,10.9944327933,0,352.932880459,0.166437909007
UBFC_A1/Eval_On_COHFACE,COHFACE,old,COHFACE_s17_session1_lamp,1,59.0,59.0,correct,59.0,0.9999999999999999,58.0,0.9619968296041149,60.0,0.9190212882793517,59.0,0.9999999999999999,58.0,0.9893466579181058,60.0,0.883224604847309,17_1,17,1,lamp,90.6106796265,57.5569725037,10.9944327933,0,352.932880459,0.166437909007
UBFC_A1/Eval_On_COHFACE,COHFACE,old,COHFACE_s17_session1_lamp,2,59.0,60.0,correct,59.0,1.0,58.0,0.9943971823900157,60.0,0.8891176932195997,60.0,0.9999999999999999,59.0,0.999811522754097,61.0,0.9118735613408724,17_1,17,1,lamp,90.6106796265,57.5569725037,10.9944327933,0,352.932880459,0.166437909007
UBFC_A1/Eval_On_COHFACE,COHFACE,old,COHFACE_s17_session1_lamp,3,59.0,61.0,correct,59.0,0.9999999999999999,58.0,0.973981375963303,60.0,0.914347930733247,61.0,0.9999999999999999,60.0,0.9965310881404666,61.99999999999999,0.9381946382960836,17_1,17,1,lamp,90.6106796265,57.5569725037,10.9944327933,0,352.932880459,0.166437909007
UBFC_A1/Eval_On_COHFACE,COHFACE,old,COHFACE_s17_session1_lamp,4,59.0,61.0,correct,59.0,0.9999999999999999,58.0,0.9472557659399943,60.0,0.9436728670910548,61.0,0.9999999999999998,60.0,0.981087679429183,61.99999999999999,0.9702357843177511,17_1,17,1,lamp,90.6106796265,57.5569725037,10.9944327933,0,352.932880459,0.166437909007
UBFC_A1/Eval_On_COHFACE,COHFACE,old,COHFACE_s17_session1_lamp,5,59.0,58.0,correct,59.0,0.9999999999999999,60.0,0.9469996431821547,58.0,0.9464710382090322,58.0,0.9999999999999998,59.0,0.9512903349031527,57.0,0.9407267807326761,17_1,17,1,lamp,90.6106796265,57.5569725037,10.9944327933,0,352.932880459,0.166437909007
UBFC_A1/Eval_On_COHFACE,COHFACE,old,COHFACE_s17_session1_lamp,6,59.0,59.0,correct,59.0,0.9999999999999999,58.0,0.9651442542826748,60.0,0.9201912689427288,59.0,0.9999999999999999,58.0,0.9990436254866503,57.0,0.8733711010764154,17_1,17,1,lamp,90.6106796265,57.5569725037,10.9944327933,0,352.932880459,0.166437909007
UBFC_A1/Eval_On_COHFACE,COHFACE,old,COHFACE_s17_session1_lamp,7,59.0,58.0,correct,59.0,0.9999999999999999,58.0,0.991854879040454,60.0,0.8998158958461907,58.0,0.9999999999999999,57.0,0.9369874325440032,59.0,0.9265378415245004,17_1,17,1,lamp,90.6106796265,57.5569725037,10.9944327933,0,352.932880459,0.166437909007
UBFC_A1/Eval_On_COHFACE,COHFACE,old,COHFACE_s17_session1_lamp,8,59.0,59.0,correct,59.0,0.9999999999999999,58.0,0.9802292899992001,60.0,0.9094182345700929,59.0,0.9999999999999998,60.0,0.956209302422529,58.0,0.9239247109573803,17_1,17,1,lamp,90.6106796265,57.5569725037,10.9944327933,0,352.932880459,0.166437909007
UBFC_A1/Eval_On_COHFACE,COHFACE,old,COHFACE_s17_session1_lamp,9,58.0,82.0,super_harmonic_1p5x,58.0,0.9999999999999999,59.0,0.9985095022290568,57.0,0.8935120708460369,82.0,0.9999999999999998,81.0,0.9853619573126638,83.0,0.9400416062313082,17_1,17,1,lamp,90.6106796265,57.5569725037,10.9944327933,0,352.932880459,0.166437909007
UBFC_A1/Eval_On_COHFACE,COHFACE,old,COHFACE_s17_session1_lamp,10,58.0,57.0,correct,58.0,0.9999999999999999,59.0,0.9506770604343723,57.0,0.9439661083077187,57.0,0.9999999999999999,56.0,0.9727531389423476,58.0,0.9678122708946676,17_1,17,1,lamp,90.6106796265,57.5569725037,10.9944327933,0,352.932880459,0.166437909007
UBFC_A1/Eval_On_COHFACE,COHFACE,old,COHFACE_s17_session1_lamp,11,58.0,59.0,correct,58.0,0.9999999999999999,57.0,0.9599348076550129,59.0,0.9274206348762066,59.0,0.9999999999999998,60.0,0.9866960396289814,58.0,0.9009745296107715,17_1,17,1,lamp,90.6106796265,57.5569725037,10.9944327933,0,352.932880459,0.166437909007
UBFC_A1/Eval_On_COHFACE,COHFACE,old,COHFACE_s17_session1_lamp,12,58.0,58.0,correct,58.0,0.9999999999999999,59.0,0.9645779659991347,57.0,0.915750927751694,58.0,0.9999999999999999,59.0,0.9832814109371919,57.0,0.8902436018699208,17_1,17,1,lamp,90.6106796265,57.5569725037,10.9944327933,0,352.932880459,0.166437909007
UBFC_A1/Eval_On_COHFACE,COHFACE,old,COHFACE_s17_session1_lamp,13,59.0,59.0,correct,59.0,0.9999999999999999,58.0,0.994901059230371,60.0,0.8881973651641297,59.0,0.9999999999999998,60.0,0.9995758424495388,61.0,0.8866905936609327,17_1,17,1,lamp,90.6106796265,57.5569725037,10.9944327933,0,352.932880459,0.166437909007
UBFC_A1/Eval_On_COHFACE,COHFACE,old,COHFACE_s17_session1_lamp,14,58.0,59.0,correct,58.0,0.9999999999999999,57.0,0.9492801693930015,59.0,0.9329507273547334,59.0,0.9999999999999999,60.0,0.9405143730103798,58.0,0.9186013907038846,17_1,17,1,lamp,90.6106796265,57.5569725037,10.9944327933,0,352.932880459,0.166437909007
UBFC_A1/Eval_On_COHFACE,COHFACE,old,COHFACE_s17_session1_lamp,15,57.0,54.0,correct,57.0,0.9999999999999999,56.0,0.9786515909580175,58.0,0.907809202554551,54.0,0.9999999999999998,55.0,0.9851011823505098,53.0,0.9734768784590999,17_1,17,1,lamp,90.6106796265,57.5569725037,10.9944327933,0,352.932880459,0.166437909007
UBFC_A1/Eval_On_COHFACE,COHFACE,old,COHFACE_s17_session1_lamp,16,56.0,56.0,correct,56.0,0.9999999999999999,55.0,0.9809989805018854,57.0,0.9210429710619331,56.0,0.9999999999999999,55.0,0.9830636388435229,57.0,0.9601635352769136,17_1,17,1,lamp,90.6106796265,57.5569725037,10.9944327933,0,352.932880459,0.166437909007
UBFC_A1/Eval_On_COHFACE,COHFACE,old,COHFACE_s17_session1_lamp,17,56.0,56.0,correct,56.0,0.9999999999999999,55.0,0.9819156701162808,57.0,0.9199663240186877,56.0,0.9999999999999998,55.0,0.9910358526027412,57.0,0.9721984970463162,17_1,17,1,lamp,90.6106796265,57.5569725037,10.9944327933,0,352.932880459,0.166437909007
UBFC_A1/Eval_On_COHFACE,COHFACE,old,COHFACE_s17_session1_lamp,18,57.0,59.0,correct,57.0,0.9999999999999998,56.0,0.9632104317748714,58.0,0.9315825878174422,59.0,0.9999999999999999,58.0,0.9960057874647384,60.0,0.8931358117787964,17_1,17,1,lamp,90.6106796265,57.5569725037,10.9944327933,0,352.932880459,0.166437909007
UBFC_A1/Eval_On_COHFACE,COHFACE,old,COHFACE_s17_session1_lamp,19,59.0,60.0,correct,59.0,0.9999999999999999,58.0,0.9406135276721332,60.0,0.9394917610158263,60.0,0.9999999999999999,59.0,0.9869554789100123,61.0,0.8993163671795317,17_1,17,1,lamp,90.6106796265,57.5569725037,10.9944327933,0,352.932880459,0.166437909007
UBFC_A1/Eval_On_COHFACE,COHFACE,old,COHFACE_s17_session1_lamp,20,61.0,60.0,correct,61.0,0.9999999999999998,60.0,0.9544937577610588,61.99999999999999,0.9391062193634281,60.0,0.9999999999999998,61.0,0.9980093354698716,61.99999999999999,0.8697223750678355,17_1,17,1,lamp,90.6106796265,57.5569725037,10.9944327933,0,352.932880459,0.166437909007
UBFC_A1/Eval_On_COHFACE,COHFACE,old,COHFACE_s17_session1_lamp,21,61.0,60.0,correct,61.0,0.9999999999999999,61.99999999999999,0.9909569431180643,60.0,0.8841767189732099,60.0,0.9999999999999998,61.0,0.9801583529890974,59.0,0.9387348584049728,17_1,17,1,lamp,90.6106796265,57.5569725037,10.9944327933,0,352.932880459,0.166437909007
UBFC_A1/Eval_On_COHFACE,COHFACE,old,COHFACE_s17_session1_lamp,22,61.0,60.0,correct,61.0,0.9999999999999999,61.99999999999999,0.9709896655252488,60.0,0.9149687630396814,60.0,0.9999999999999999,61.0,0.9969230957932077,59.0,0.9592275263499674,17_1,17,1,lamp,90.6106796265,57.5569725037,10.9944327933,0,352.932880459,0.166437909007
UBFC_A1/Eval_On_COHFACE,COHFACE,old,COHFACE_s17_session1_lamp,23,60.0,60.0,correct,60.0,0.9999999999999998,61.0,0.9686880753791695,59.0,0.9308675180290178,60.0,0.9999999999999999,59.0,0.995764246521475,61.0,0.9255633862944826,17_1,17,1,lamp,90.6106796265,57.5569725037,10.9944327933,0,352.932880459,0.166437909007
UBFC_A1/Eval_On_COHFACE,COHFACE,old,COHFACE_s17_session1_lamp,24,60.0,59.0,correct,60.0,0.9999999999999999,59.0,0.9880302085305452,61.0,0.8971277666627512,59.0,0.9999999999999998,58.0,0.9520409141359935,60.0,0.9497653467185373,17_1,17,1,lamp,90.6106796265,57.5569725037,10.9944327933,0,352.932880459,0.166437909007
UBFC_A1/Eval_On_COHFACE,COHFACE,old,COHFACE_s17_session1_lamp,25,59.0,59.0,correct,59.0,0.9999999999999999,60.0,0.9438420930536551,58.0,0.9317021327648705,59.0,0.9999999999999999,58.0,0.9499313155923842,60.0,0.9141372356493735,17_1,17,1,lamp,90.6106796265,57.5569725037,10.9944327933,0,352.932880459,0.166437909007
UBFC_A1/Eval_On_COHFACE,COHFACE,old,COHFACE_s17_session1_lamp,26,59.0,59.0,correct,59.0,0.9999999999999999,58.0,0.9623024364549758,60.0,0.9143677176149689,59.0,0.9999999999999999,58.0,0.9716114769741625,60.0,0.8944907981642036,17_1,17,1,lamp,90.6106796265,57.5569725037,10.9944327933,0,352.932880459,0.166437909007
UBFC_A1/Eval_On_COHFACE,COHFACE,old,COHFACE_s17_session1_lamp,27,59.0,59.0,correct,59.0,0.9999999999999999,58.0,0.9581450084711526,60.0,0.9238998830582118,59.0,0.9999999999999999,60.0,0.9860312297716909,58.0,0.9271358390276214,17_1,17,1,lamp,90.6106796265,57.5569725037,10.9944327933,0,352.932880459,0.166437909007
UBFC_A1/Eval_On_COHFACE,COHFACE,old,COHFACE_s17_session1_lamp,28,59.0,59.0,correct,59.0,0.9999999999999999,60.0,0.9482898593186923,58.0,0.9442972623015169,59.0,0.9999999999999999,58.0,0.9603007292765128,60.0,0.9585573949974462,17_1,17,1,lamp,90.6106796265,57.5569725037,10.9944327933,0,352.932880459,0.166437909007
UBFC_A1/Eval_On_COHFACE,COHFACE,old,COHFACE_s17_session1_lamp,29,59.0,60.0,correct,59.0,0.9999999999999999,60.0,0.9707270783371118,58.0,0.9341992846437069,60.0,1.0,59.0,0.9980859029144397,61.0,0.9123270616339045,17_1,17,1,lamp,90.6106796265,57.5569725037,10.9944327933,0,352.932880459,0.166437909007
UBFC_A1/Eval_On_COHFACE,COHFACE,old,COHFACE_s17_session1_lamp,30,60.0,60.0,correct,60.0,0.9999999999999999,61.0,0.9497536848396241,59.0,0.9429928219852206,60.0,1.0,59.0,0.9939528220403371,61.0,0.9121436879086312,17_1,17,1,lamp,90.6106796265,57.5569725037,10.9944327933,0,352.932880459,0.166437909007
UBFC_A1/Eval_On_COHFACE,COHFACE,old,COHFACE_s17_session1_lamp,31,61.0,59.0,correct,61.0,0.9999999999999999,61.99999999999999,0.9607794027411698,60.0,0.9171934959221835,59.0,0.9999999999999999,60.0,0.9673590000150805,58.0,0.935695206053678,17_1,17,1,lamp,90.6106796265,57.5569725037,10.9944327933,0,352.932880459,0.166437909007
UBFC_A1/Eval_On_COHFACE,COHFACE,old,COHFACE_s17_session1_lamp,32,61.99999999999999,61.0,correct,61.99999999999999,0.9999999999999999,63.0,0.9546294624895204,61.0,0.918427033884138,61.0,0.9999999999999999,60.0,0.9422840411165544,61.99999999999999,0.9065686987286895,17_1,17,1,lamp,90.6106796265,57.5569725037,10.9944327933,0,352.932880459,0.166437909007
UBFC_A1/Eval_On_COHFACE,COHFACE,old,COHFACE_s17_session1_lamp,33,61.99999999999999,61.0,correct,61.99999999999999,0.9999999999999999,63.0,0.9592053734762837,61.0,0.9181234478654345,61.0,0.9999999999999998,61.99999999999999,0.9784668404734278,60.0,0.9218244454738097,17_1,17,1,lamp,90.6106796265,57.5569725037,10.9944327933,0,352.932880459,0.166437909007
UBFC_A1/Eval_On_COHFACE,COHFACE,old,COHFACE_s17_session1_lamp,34,61.99999999999999,46.0,large_error,61.99999999999999,0.9999999999999998,61.0,0.9874196986092183,63.0,0.9046819342877347,46.0,0.9999999999999998,47.0,0.9719637738379971,45.0,0.9382563886346282,17_1,17,1,lamp,90.6106796265,57.5569725037,10.9944327933,0,352.932880459,0.166437909007
UBFC_A1/Eval_On_COHFACE,COHFACE,old,COHFACE_s17_session1_lamp,35,60.0,43.0,large_error,60.0,0.9999999999999998,61.0,0.9989943348528718,59.0,0.90730288029119,43.0,0.9999999999999999,44.0,0.9955485941266367,42.0,0.9307968987857318,17_1,17,1,lamp,90.6106796265,57.5569725037,10.9944327933,0,352.932880459,0.166437909007
UBFC_A1/Eval_On_COHFACE,COHFACE,old,COHFACE_s17_session1_lamp,36,60.0,44.0,large_error,60.0,0.9999999999999999,61.0,0.946173278967986,59.0,0.9404447160324176,44.0,0.9999999999999999,43.0,0.9873225943407142,45.0,0.9324098406083593,17_1,17,1,lamp,90.6106796265,57.5569725037,10.9944327933,0,352.932880459,0.166437909007
UBFC_A1/Eval_On_COHFACE,COHFACE,old,COHFACE_s17_session1_lamp,37,60.0,46.0,large_error,60.0,0.9999999999999999,59.0,0.953462602243065,61.0,0.9173044753887184,46.0,0.9999999999999999,59.0,0.9839150507298291,60.0,0.956129331704162,17_1,17,1,lamp,90.6106796265,57.5569725037,10.9944327933,0,352.932880459,0.166437909007
UBFC_A1/Eval_On_COHFACE,COHFACE,old,COHFACE_s17_session1_lamp,38,59.0,59.0,correct,59.0,0.9999999999999999,60.0,0.9852354221661346,58.0,0.8854219713024803,59.0,0.9999999999999999,60.0,0.9466313235979761,58.0,0.9276052726401948,17_1,17,1,lamp,90.6106796265,57.5569725037,10.9944327933,0,352.932880459,0.166437909007
UBFC_A1/Eval_On_COHFACE,COHFACE,old,COHFACE_s17_session1_lamp,39,59.0,48.0,large_error,59.0,0.9999999999999999,58.0,0.9461326210251324,60.0,0.9342698510815826,48.0,0.9999999999999999,49.0,0.9513466750571922,47.0,0.9316785329687762,17_1,17,1,lamp,90.6106796265,57.5569725037,10.9944327933,0,352.932880459,0.166437909007
UBFC_A1/Eval_On_COHFACE,COHFACE,old,COHFACE_s17_session1_lamp,40,59.0,56.0,correct,59.0,0.9999999999999998,58.0,0.9852077444707465,60.0,0.9065191727651777,56.0,0.9999999999999998,57.0,0.9829115920943999,55.0,0.9318488412123846,17_1,17,1,lamp,90.6106796265,57.5569725037,10.9944327933,0,352.932880459,0.166437909007
UBFC_A1/Eval_On_COHFACE,COHFACE,old,COHFACE_s17_session1_lamp,41,58.0,52.0,large_error,58.0,0.9999999999999998,57.0,0.9667549246312501,59.0,0.9426946845523958,52.0,0.9999999999999999,53.0,0.9955295154155951,51.0,0.9605200191458036,17_1,17,1,lamp,90.6106796265,57.5569725037,10.9944327933,0,352.932880459,0.166437909007
UBFC_A1/Eval_On_COHFACE,COHFACE,old,COHFACE_s17_session1_lamp,42,58.0,57.0,correct,58.0,0.9999999999999999,57.0,0.9547727725470999,59.0,0.945525045637946,57.0,0.9999999999999997,56.0,0.9987085131646164,55.0,0.903387136881761,17_1,17,1,lamp,90.6106796265,57.5569725037,10.9944327933,0,352.932880459,0.166437909007
UBFC_A1/Eval_On_COHFACE,COHFACE,old,COHFACE_s17_session1_lamp,43,59.0,57.0,correct,59.0,0.9999999999999998,58.0,0.9541674858054849,60.0,0.9229376703732735,57.0,0.9999999999999998,58.0,0.9555727736171595,56.0,0.9273892153888962,17_1,17,1,lamp,90.6106796265,57.5569725037,10.9944327933,0,352.932880459,0.166437909007
UBFC_A1/Eval_On_COHFACE,COHFACE,old,COHFACE_s17_session1_lamp,44,60.0,45.0,large_error,60.0,0.9999999999999999,59.0,0.9686757025999694,61.0,0.9077457922417013,45.0,0.9999999999999997,44.0,0.9859405313063193,46.0,0.9306454320421322,17_1,17,1,lamp,90.6106796265,57.5569725037,10.9944327933,0,352.932880459,0.166437909007
UBFC_A1/Eval_On_COHFACE,COHFACE,old,COHFACE_s17_session1_lamp,45,60.0,60.0,correct,60.0,0.9999999999999999,61.0,0.9502690722003487,59.0,0.9229790780399505,60.0,0.9999999999999999,61.0,0.9827571801785283,59.0,0.9078840469217033,17_1,17,1,lamp,90.6106796265,57.5569725037,10.9944327933,0,352.932880459,0.166437909007
UBFC_A1/Eval_On_COHFACE,COHFACE,old,COHFACE_s17_session1_lamp,46,60.0,61.0,correct,60.0,0.9999999999999999,61.0,0.9473540545740069,59.0,0.9386632011561701,61.0,0.9999999999999998,60.0,0.9772532345480324,61.99999999999999,0.9058408528786317,17_1,17,1,lamp,90.6106796265,57.5569725037,10.9944327933,0,352.932880459,0.166437909007
UBFC_A1/Eval_On_COHFACE,COHFACE,old,COHFACE_s17_session1_lamp,47,59.0,58.0,correct,59.0,0.9999999999999998,60.0,0.9865121701763809,58.0,0.921442187894547,58.0,0.9999999999999997,57.0,0.9836964508228239,59.0,0.9536649636852756,17_1,17,1,lamp,90.6106796265,57.5569725037,10.9944327933,0,352.932880459,0.166437909007
UBFC_A1/Eval_On_COHFACE,COHFACE,old,COHFACE_s17_session1_lamp,48,59.0,59.0,correct,59.0,0.9999999999999999,60.0,0.9791812426817708,58.0,0.9196578521152691,59.0,0.9999999999999996,60.0,0.9549874780340893,58.0,0.9462595844870598,17_1,17,1,lamp,90.6106796265,57.5569725037,10.9944327933,0,352.932880459,0.166437909007
UBFC_A1/Eval_On_COHFACE,COHFACE,old,COHFACE_s17_session1_lamp,49,60.0,59.0,correct,60.0,0.9999999999999999,59.0,0.9726511720724067,61.0,0.8994797986657134,59.0,0.9999999999999996,60.0,0.9515906542571235,58.0,0.9480677054192412,17_1,17,1,lamp,90.6106796265,57.5569725037,10.9944327933,0,352.932880459,0.166437909007
UBFC_A1/Eval_On_COHFACE,COHFACE,old,COHFACE_s17_session1_lamp,50,60.0,51.0,large_error,60.0,0.9999999999999999,61.0,0.973349961249408,59.0,0.8966907531968137,51.0,0.9999999999999998,50.0,0.9683577078254448,52.0,0.8617743932896041,17_1,17,1,lamp,90.6106796265,57.5569725037,10.9944327933,0,352.932880459,0.166437909007
UBFC_A1/Eval_On_COHFACE,COHFACE,old,COHFACE_s17_session2_natural,0,74.0,73.0,correct,74.0,0.9999999999999998,73.0,0.9682532233806654,75.0,0.9500026601723152,73.0,0.9999999999999999,74.0,0.934954546517451,72.0,0.9247254784303238,17_2,17,2,natural,88.0217590332,61.2165641785,12.2003674116,0,348.854331282,0.228699937463
UBFC_A1/Eval_On_COHFACE,COHFACE,old,COHFACE_s17_session2_natural,1,74.0,73.0,correct,74.0,0.9999999999999999,75.0,0.9684935490879323,73.0,0.9139634131901703,73.0,0.9999999999999997,72.0,0.9362973812493662,74.0,0.92253502190074,17_2,17,2,natural,88.0217590332,61.2165641785,12.2003674116,0,348.854331282,0.228699937463
UBFC_A1/Eval_On_COHFACE,COHFACE,old,COHFACE_s17_session2_natural,2,74.0,73.0,correct,74.0,0.9999999999999999,75.0,0.9466974663996736,73.0,0.9207160527066344,73.0,0.9999999999999999,74.0,0.9761259383277037,72.0,0.9235554502381262,17_2,17,2,natural,88.0217590332,61.2165641785,12.2003674116,0,348.854331282,0.228699937463
UBFC_A1/Eval_On_COHFACE,COHFACE,old,COHFACE_s17_session2_natural,3,73.0,74.0,correct,73.0,0.9999999999999999,74.0,0.9900040384425354,72.0,0.8865396489119004,74.0,0.9999999999999998,75.0,0.954803571297991,73.0,0.951979096483464,17_2,17,2,natural,88.0217590332,61.2165641785,12.2003674116,0,348.854331282,0.228699937463
UBFC_A1/Eval_On_COHFACE,COHFACE,old,COHFACE_s17_session2_natural,4,72.0,73.0,correct,72.0,0.9999999999999998,71.0,0.9597207193630243,73.0,0.9324195315897559,73.0,0.9999999999999999,72.0,0.9746601837675156,74.0,0.9312617478293529,17_2,17,2,natural,88.0217590332,61.2165641785,12.2003674116,0,348.854331282,0.228699937463
UBFC_A1/Eval_On_COHFACE,COHFACE,old,COHFACE_s17_session2_natural,5,70.0,74.0,large_error,70.0,0.9999999999999999,71.0,0.9718288357880148,69.0,0.93602091891251,74.0,0.9999999999999999,75.0,0.9729171910822876,73.0,0.9357707651074669,17_2,17,2,natural,88.0217590332,61.2165641785,12.2003674116,0,348.854331282,0.228699937463
UBFC_A1/Eval_On_COHFACE,COHFACE,old,COHFACE_s17_session2_natural,6,69.0,69.0,correct,69.0,0.9999999999999998,68.0,0.988221526093641,70.0,0.913778084078037,69.0,0.9999999999999999,68.0,0.9776065023072283,70.0,0.9314771200168572,17_2,17,2,natural,88.0217590332,61.2165641785,12.2003674116,0,348.854331282,0.228699937463
UBFC_A1/Eval_On_COHFACE,COHFACE,old,COHFACE_s17_session2_natural,7,68.0,67.0,correct,68.0,0.9999999999999999,67.0,0.981131382995597,69.0,0.9026005484866356,67.0,0.9999999999999999,68.0,0.9894569533775855,66.0,0.9288540433146897,17_2,17,2,natural,88.0217590332,61.2165641785,12.2003674116,0,348.854331282,0.228699937463
UBFC_A1/Eval_On_COHFACE,COHFACE,old,COHFACE_s17_session2_natural,8,66.0,67.0,correct,66.0,0.9999999999999999,67.0,0.9678879430047663,65.0,0.9032220227869864,67.0,0.9999999999999999,68.0,0.986913114282614,66.0,0.9224175099261624,17_2,17,2,natural,88.0217590332,61.2165641785,12.2003674116,0,348.854331282,0.228699937463
UBFC_A1/Eval_On_COHFACE,COHFACE,old,COHFACE_s17_session2_natural,9,65.0,53.0,large_error,65.0,0.9999999999999998,64.0,0.9517798708223751,66.0,0.9367074056585248,53.0,0.9999999999999998,54.0,0.9561371265890811,52.0,0.9220890060466054,17_2,17,2,natural,88.0217590332,61.2165641785,12.2003674116,0,348.854331282,0.228699937463
UBFC_A1/Eval_On_COHFACE,COHFACE,old,COHFACE_s17_session2_natural,10,64.0,42.0,large_error,64.0,0.9999999999999998,63.0,0.9831894680747817,65.0,0.9131452963323925,42.0,0.9999999999999997,43.0,0.9956698154801712,41.0,0.8997173316860404,17_2,17,2,natural,88.0217590332,61.2165641785,12.2003674116,0,348.854331282,0.228699937463
UBFC_A1/Eval_On_COHFACE,COHFACE,old,COHFACE_s17_session2_natural,11,61.99999999999999,59.0,correct,61.99999999999999,0.9999999999999998,61.0,0.9608346950424838,63.0,0.9539632668327307,59.0,0.9999999999999997,60.0,0.9808908422780206,58.0,0.9456409028152336,17_2,17,2,natural,88.0217590332,61.2165641785,12.2003674116,0,348.854331282,0.228699937463
UBFC_A1/Eval_On_COHFACE,COHFACE,old,COHFACE_s17_session2_natural,12,61.99999999999999,58.0,correct,61.99999999999999,0.9999999999999999,61.0,0.9994703851934232,60.0,0.8984042622177184,58.0,0.9999999999999998,59.0,0.9567302826270806,40.0,0.9559239767197137,17_2,17,2,natural,88.0217590332,61.2165641785,12.2003674116,0,348.854331282,0.228699937463
UBFC_A1/Eval_On_COHFACE,COHFACE,old,COHFACE_s17_session2_natural,13,61.0,59.0,correct,61.0,0.9999999999999999,61.99999999999999,0.9564576052936244,60.0,0.9170019098361224,59.0,0.9999999999999998,60.0,0.9987950964170553,58.0,0.8869045874571062,17_2,17,2,natural,88.0217590332,61.2165641785,12.2003674116,0,348.854331282,0.228699937463
UBFC_A1/Eval_On_COHFACE,COHFACE,old,COHFACE_s17_session2_natural,14,60.0,75.0,large_error,60.0,0.9999999999999999,61.0,0.9793687189232069,59.0,0.8935982861879901,75.0,0.9999999999999998,76.0,0.9824032603639032,74.0,0.9146418465602539,17_2,17,2,natural,88.0217590332,61.2165641785,12.2003674116,0,348.854331282,0.228699937463
UBFC_A1/Eval_On_COHFACE,COHFACE,old,COHFACE_s17_session2_natural,15,60.0,58.0,correct,60.0,0.9999999999999999,59.0,0.9918121260853626,61.0,0.9002471925543584,58.0,0.9999999999999998,59.0,0.9816547278105094,40.0,0.938843609683416,17_2,17,2,natural,88.0217590332,61.2165641785,12.2003674116,0,348.854331282,0.228699937463
UBFC_A1/Eval_On_COHFACE,COHFACE,old,COHFACE_s17_session2_natural,16,59.0,59.0,correct,59.0,0.9999999999999998,60.0,0.9508784503294956,58.0,0.9429123941018371,59.0,0.9999999999999998,60.0,0.9562014193246787,58.0,0.8880466741147024,17_2,17,2,natural,88.0217590332,61.2165641785,12.2003674116,0,348.854331282,0.228699937463
UBFC_A1/Eval_On_COHFACE,COHFACE,old,COHFACE_s17_session2_natural,17,58.0,44.0,large_error,58.0,0.9999999999999998,57.0,0.9937894248398853,59.0,0.9094329535759618,44.0,0.9999999999999998,43.0,0.9815387926299836,45.0,0.9055902640919795,17_2,17,2,natural,88.0217590332,61.2165641785,12.2003674116,0,348.854331282,0.228699937463
UBFC_A1/Eval_On_COHFACE,COHFACE,old,COHFACE_s17_session2_natural,18,57.0,81.0,super_harmonic_1p5x,57.0,0.9999999999999999,58.0,0.9612339258826648,56.0,0.9245710418894814,81.0,0.9999999999999998,82.0,0.9798234587721535,80.0,0.9010181971696342,17_2,17,2,natural,88.0217590332,61.2165641785,12.2003674116,0,348.854331282,0.228699937463
UBFC_A1/Eval_On_COHFACE,COHFACE,old,COHFACE_s17_session2_natural,19,57.0,60.0,correct,57.0,1.0,56.0,0.9418828907166649,58.0,0.9269443559987373,60.0,0.9999999999999999,59.0,0.9496151653103195,61.0,0.9463179713319899,17_2,17,2,natural,88.0217590332,61.2165641785,12.2003674116,0,348.854331282,0.228699937463
UBFC_A1/Eval_On_COHFACE,COHFACE,old,COHFACE_s17_session2_natural,20,57.0,57.0,correct,57.0,1.0,58.0,0.988747737399349,56.0,0.8843857505988385,57.0,0.9999999999999998,58.0,0.9791821356282225,56.0,0.9545654326971877,17_2,17,2,natural,88.0217590332,61.2165641785,12.2003674116,0,348.854331282,0.228699937463
UBFC_A1/Eval_On_COHFACE,COHFACE,old,COHFACE_s17_session2_natural,21,58.0,59.0,correct,58.0,1.0,59.0,0.9634725280514884,57.0,0.9171243622675739,59.0,0.9999999999999999,60.0,0.9981046333236075,58.0,0.9094348889393257,17_2,17,2,natural,88.0217590332,61.2165641785,12.2003674116,0,348.854331282,0.228699937463
UBFC_A1/Eval_On_COHFACE,COHFACE,old,COHFACE_s17_session2_natural,22,59.0,60.0,correct,59.0,1.0,58.0,0.9725997665914936,60.0,0.9257059410273312,60.0,1.0,59.0,0.9807598512323451,61.0,0.9038406676428882,17_2,17,2,natural,88.0217590332,61.2165641785,12.2003674116,0,348.854331282,0.228699937463
UBFC_A1/Eval_On_COHFACE,COHFACE,old,COHFACE_s17_session2_natural,23,59.0,59.0,correct,59.0,0.9999999999999999,60.0,0.9835335766062797,58.0,0.9332347363823602,59.0,0.9999999999999999,58.0,0.9860193477134855,60.0,0.9610593141359433,17_2,17,2,natural,88.0217590332,61.2165641785,12.2003674116,0,348.854331282,0.228699937463
UBFC_A1/Eval_On_COHFACE,COHFACE,old,COHFACE_s17_session2_natural,24,61.0,60.0,correct,61.0,0.9999999999999999,60.0,0.9562217161965343,61.99999999999999,0.9365358532187424,60.0,0.9999999999999999,59.0,0.9509658507361227,61.0,0.9344537919379704,17_2,17,2,natural,88.0217590332,61.2165641785,12.2003674116,0,348.854331282,0.228699937463
UBFC_A1/Eval_On_COHFACE,COHFACE,old,COHFACE_s17_session2_natural,25,61.99999999999999,60.0,correct,61.99999999999999,0.9999999999999999,63.0,0.9678775095892341,61.0,0.9020326629626014,60.0,0.9999999999999999,61.0,0.9818482478979497,59.0,0.9040145919389372,17_2,17,2,natural,88.0217590332,61.2165641785,12.2003674116,0,348.854331282,0.228699937463
UBFC_A1/Eval_On_COHFACE,COHFACE,old,COHFACE_s17_session2_natural,26,61.99999999999999,61.0,correct,61.99999999999999,0.9999999999999999,63.0,0.972189276764063,61.0,0.8974772928260859,61.0,0.9999999999999998,60.0,0.9509545047443734,61.99999999999999,0.9318636343007854,17_2,17,2,natural,88.0217590332,61.2165641785,12.2003674116,0,348.854331282,0.228699937463
UBFC_A1/Eval_On_COHFACE,COHFACE,old,COHFACE_s17_session2_natural,27,61.0,60.0,correct,61.0,0.9999999999999998,61.99999999999999,0.9868783710666776,51.0,0.8958247737059951,60.0,0.9999999999999999,61.0,0.9861304196300616,59.0,0.9353053251190059,17_2,17,2,natural,88.0217590332,61.2165641785,12.2003674116,0,348.854331282,0.228699937463
UBFC_A1/Eval_On_COHFACE,COHFACE,old,COHFACE_s17_session2_natural,28,51.0,60.0,large_error,51.0,0.9999999999999999,50.0,0.9687342413370317,60.0,0.9371078993849726,60.0,0.9999999999999999,61.0,0.9878039921822189,59.0,0.9104634427058679,17_2,17,2,natural,88.0217590332,61.2165641785,12.2003674116,0,348.854331282,0.228699937463
UBFC_A1/Eval_On_COHFACE,COHFACE,old,COHFACE_s17_session2_natural,29,57.0,59.0,correct,57.0,0.9999999999999998,56.0,0.9716948699764317,58.0,0.9683520913522929,59.0,0.9999999999999998,58.0,0.9494042462892122,60.0,0.9485798388677006,17_2,17,2,natural,88.0217590332,61.2165641785,12.2003674116,0,348.854331282,0.228699937463
UBFC_A1/Eval_On_COHFACE,COHFACE,old,COHFACE_s17_session2_natural,30,57.0,59.0,correct,57.0,0.9999999999999999,58.0,0.9799491912713612,56.0,0.9320582756952833,59.0,0.9999999999999999,60.0,0.9768058584970791,58.0,0.8888085423663183,17_2,17,2,natural,88.0217590332,61.2165641785,12.2003674116,0,348.854331282,0.228699937463
UBFC_A1/Eval_On_COHFACE,COHFACE,old,COHFACE_s17_session2_natural,31,58.0,60.0,correct,58.0,0.9999999999999998,59.0,0.9920777287162947,57.0,0.9024303195191069,60.0,0.9999999999999999,59.0,0.9563563426518401,61.0,0.9293061825698571,17_2,17,2,natural,88.0217590332,61.2165641785,12.2003674116,0,348.854331282,0.228699937463
UBFC_A1/Eval_On_COHFACE,COHFACE,old,COHFACE_s17_session2_natural,32,60.0,64.0,large_error,60.0,0.9999999999999998,61.0,0.9688154409885239,59.0,0.9009733381249782,64.0,0.9999999999999999,63.0,0.9878708088546273,65.0,0.9432563484814301,17_2,17,2,natural,88.0217590332,61.2165641785,12.2003674116,0,348.854331282,0.228699937463
UBFC_A1/Eval_On_COHFACE,COHFACE,old,COHFACE_s17_session2_natural,33,61.99999999999999,64.0,correct,61.99999999999999,0.9999999999999999,61.0,0.9833648325792701,63.0,0.897890479152689,64.0,0.9999999999999999,65.0,0.9898086318705978,63.0,0.9449527963909087,17_2,17,2,natural,88.0217590332,61.2165641785,12.2003674116,0,348.854331282,0.228699937463
UBFC_A1/Eval_On_COHFACE,COHFACE,old,COHFACE_s17_session2_natural,34,61.99999999999999,65.0,correct,61.99999999999999,0.9999999999999999,63.0,0.9978149752405382,61.0,0.8903508623801544,65.0,0.9999999999999999,66.0,0.9780056252540913,64.0,0.9592636707975233,17_2,17,2,natural,88.0217590332,61.2165641785,12.2003674116,0,348.854331282,0.228699937463
UBFC_A1/Eval_On_COHFACE,COHFACE,old,COHFACE_s17_session2_natural,35,63.0,64.0,correct,63.0,0.9999999999999999,61.99999999999999,0.990981516169217,64.0,0.9129468435116135,64.0,0.9999999999999999,63.0,0.9870075774220046,65.0,0.9207148632606642,17_2,17,2,natural,88.0217590332,61.2165641785,12.2003674116,0,348.854331282,0.228699937463
UBFC_A1/Eval_On_COHFACE,COHFACE,old,COHFACE_s17_session2_natural,36,61.99999999999999,64.0,correct,61.99999999999999,0.9999999999999999,63.0,0.9713151216477326,61.0,0.9316670314096293,64.0,0.9999999999999999,63.0,0.9720661486745628,65.0,0.8910317554417853,17_2,17,2,natural,88.0217590332,61.2165641785,12.2003674116,0,348.854331282,0.228699937463
UBFC_A1/Eval_On_COHFACE,COHFACE,old,COHFACE_s17_session2_natural,37,61.99999999999999,63.0,correct,61.99999999999999,0.9999999999999999,63.0,0.9561509992296665,61.0,0.9247105409540972,63.0,0.9999999999999998,61.99999999999999,0.9490623043854018,64.0,0.9437658803315753,17_2,17,2,natural,88.0217590332,61.2165641785,12.2003674116,0,348.854331282,0.228699937463
UBFC_A1/Eval_On_COHFACE,COHFACE,old,COHFACE_s17_session2_natural,38,61.99999999999999,61.0,correct,61.99999999999999,0.9999999999999999,63.0,0.9534006448721433,61.0,0.917190367154171,61.0,0.9999999999999999,61.99999999999999,0.9602778817507285,60.0,0.9387117933853973,17_2,17,2,natural,88.0217590332,61.2165641785,12.2003674116,0,348.854331282,0.228699937463
UBFC_A1/Eval_On_COHFACE,COHFACE,old,COHFACE_s17_session2_natural,39,61.99999999999999,60.0,correct,61.99999999999999,0.9999999999999999,63.0,0.9519478885354796,61.0,0.9230505366053942,60.0,0.9999999999999998,61.0,0.9719686045317056,59.0,0.962575070323288,17_2,17,2,natural,88.0217590332,61.2165641785,12.2003674116,0,348.854331282,0.228699937463
UBFC_A1/Eval_On_COHFACE,COHFACE,old,COHFACE_s17_session2_natural,40,61.99999999999999,59.0,correct,61.99999999999999,0.9999999999999999,61.0,0.9691049776818125,63.0,0.9177955898596571,59.0,0.9999999999999997,58.0,0.9934966040939919,60.0,0.9670986509579326,17_2,17,2,natural,88.0217590332,61.2165641785,12.2003674116,0,348.854331282,0.228699937463
UBFC_A1/Eval_On_COHFACE,COHFACE,old,COHFACE_s17_session2_natural,41,61.0,61.0,correct,61.0,0.9999999999999998,61.99999999999999,0.9564304033775923,60.0,0.9435783803619392,61.0,0.9999999999999998,60.0,0.9788125703443725,61.99999999999999,0.9661161858142582,17_2,17,2,natural,88.0217590332,61.2165641785,12.2003674116,0,348.854331282,0.228699937463
UBFC_A1/Eval_On_COHFACE,COHFACE,old,COHFACE_s17_session2_natural,42,60.0,59.0,correct,60.0,0.9999999999999999,61.0,0.9763737085870761,59.0,0.9274724468971288,59.0,0.9999999999999998,60.0,0.9531222182509068,58.0,0.923343191687662,17_2,17,2,natural,88.0217590332,61.2165641785,12.2003674116,0,348.854331282,0.228699937463
UBFC_A1/Eval_On_COHFACE,COHFACE,old,COHFACE_s17_session2_natural,43,60.0,58.0,correct,60.0,0.9999999999999999,61.0,0.9486309916320486,59.0,0.930911394964432,58.0,0.9999999999999999,59.0,0.9583503960603127,57.0,0.9022682857126679,17_2,17,2,natural,88.0217590332,61.2165641785,12.2003674116,0,348.854331282,0.228699937463
UBFC_A1/Eval_On_COHFACE,COHFACE,old,COHFACE_s17_session2_natural,44,60.0,58.0,correct,60.0,0.9999999999999999,59.0,0.9487003466732986,61.0,0.9207602704660771,58.0,0.9999999999999999,59.0,0.9860809542985499,57.0,0.8665025753862121,17_2,17,2,natural,88.0217590332,61.2165641785,12.2003674116,0,348.854331282,0.228699937463
UBFC_A1/Eval_On_COHFACE,COHFACE,old,COHFACE_s17_session2_natural,45,59.0,49.0,large_error,59.0,0.9999999999999999,60.0,0.9925944650249674,58.0,0.8811022613755379,49.0,0.9999999999999997,50.0,0.975726111213271,58.0,0.9742862621464147,17_2,17,2,natural,88.0217590332,61.2165641785,12.2003674116,0,348.854331282,0.228699937463
UBFC_A1/Eval_On_COHFACE,COHFACE,old,COHFACE_s17_session2_natural,46,59.0,56.0,correct,59.0,0.9999999999999999,60.0,0.9570626586036782,58.0,0.9290727032205001,56.0,0.9999999999999998,55.0,0.9876534116287179,57.0,0.9592034019993495,17_2,17,2,natural,88.0217590332,61.2165641785,12.2003674116,0,348.854331282,0.228699937463
UBFC_A1/Eval_On_COHFACE,COHFACE,old,COHFACE_s17_session2_natural,47,59.0,56.0,correct,59.0,0.9999999999999998,58.0,0.9503125402988601,60.0,0.9476287965770418,56.0,0.9999999999999998,55.0,0.988790987446202,57.0,0.9656970706218714,17_2,17,2,natural,88.0217590332,61.2165641785,12.2003674116,0,348.854331282,0.228699937463
UBFC_A1/Eval_On_COHFACE,COHFACE,old,COHFACE_s17_session2_natural,48,59.0,57.0,correct,59.0,0.9999999999999999,58.0,0.9641899319022089,60.0,0.9309608130525184,57.0,0.9999999999999998,58.0,0.9824910510609136,56.0,0.9168810393948207,17_2,17,2,natural,88.0217590332,61.2165641785,12.2003674116,0,348.854331282,0.228699937463
UBFC_A1/Eval_On_COHFACE,COHFACE,old,COHFACE_s17_session2_natural,49,59.0,58.0,correct,59.0,0.9999999999999999,60.0,0.9551569599195306,58.0,0.925179296138903,58.0,0.9999999999999999,57.0,0.9643718645785544,59.0,0.943119787738593,17_2,17,2,natural,88.0217590332,61.2165641785,12.2003674116,0,348.854331282,0.228699937463
UBFC_A1/Eval_On_COHFACE,COHFACE,old,COHFACE_s17_session2_natural,50,59.0,43.0,large_error,59.0,0.9999999999999999,60.0,0.9820030884981705,58.0,0.8922514916008145,43.0,0.9999999999999998,44.0,0.9900903147972164,42.0,0.9130417234688915,17_2,17,2,natural,88.0217590332,61.2165641785,12.2003674116,0,348.854331282,0.228699937463
UBFC_A1/Eval_On_COHFACE,COHFACE,old,COHFACE_s17_session3_natural,0,59.0,59.0,correct,59.0,0.9999999999999999,60.0,0.9990502822178496,58.0,0.8704166271979696,59.0,0.9999999999999998,58.0,0.9739007416873823,60.0,0.911219967279743,17_3,17,3,natural,88.3384857178,60.3077659607,12.2364265688,0,346.19798269,0.210115686059
UBFC_A1/Eval_On_COHFACE,COHFACE,old,COHFACE_s17_session3_natural,1,59.0,60.0,correct,59.0,0.9999999999999999,58.0,0.9724426567922752,60.0,0.9096823543744257,60.0,0.9999999999999999,59.0,0.9766164327839346,61.0,0.911201962463234,17_3,17,3,natural,88.3384857178,60.3077659607,12.2364265688,0,346.19798269,0.210115686059
UBFC_A1/Eval_On_COHFACE,COHFACE,old,COHFACE_s17_session3_natural,2,58.0,58.0,correct,58.0,0.9999999999999999,59.0,0.9784498361149395,57.0,0.908541437233984,58.0,0.9999999999999998,59.0,0.989069501311459,57.0,0.938262851586894,17_3,17,3,natural,88.3384857178,60.3077659607,12.2364265688,0,346.19798269,0.210115686059
UBFC_A1/Eval_On_COHFACE,COHFACE,old,COHFACE_s17_session3_natural,3,58.0,59.0,correct,58.0,0.9999999999999999,59.0,0.9954878197506083,57.0,0.8948568332663097,59.0,0.9999999999999998,60.0,0.9940058533182283,58.0,0.9165324293329177,17_3,17,3,natural,88.3384857178,60.3077659607,12.2364265688,0,346.19798269,0.210115686059
UBFC_A1/Eval_On_COHFACE,COHFACE,old,COHFACE_s17_session3_natural,4,58.0,59.0,correct,58.0,0.9999999999999999,59.0,0.9574012045131908,57.0,0.9355101221580017,59.0,1.0,60.0,0.9846144307622697,58.0,0.9137800453610914,17_3,17,3,natural,88.3384857178,60.3077659607,12.2364265688,0,346.19798269,0.210115686059
UBFC_A1/Eval_On_COHFACE,COHFACE,old,COHFACE_s17_session3_natural,5,58.0,58.0,correct,58.0,1.0,59.0,0.943497263980047,57.0,0.9417469410622735,58.0,0.9999999999999999,59.0,0.9892143040307791,57.0,0.9657964784483389,17_3,17,3,natural,88.3384857178,60.3077659607,12.2364265688,0,346.19798269,0.210115686059
UBFC_A1/Eval_On_COHFACE,COHFACE,old,COHFACE_s17_session3_natural,6,58.0,60.0,correct,58.0,1.0,59.0,0.9771451227704414,57.0,0.9060412206032062,60.0,0.9999999999999999,59.0,0.967760573461437,61.0,0.9143880548711428,17_3,17,3,natural,88.3384857178,60.3077659607,12.2364265688,0,346.19798269,0.210115686059
UBFC_A1/Eval_On_COHFACE,COHFACE,old,COHFACE_s17_session3_natural,7,59.0,60.0,correct,59.0,1.0,58.0,0.9529476182592604,60.0,0.9353152421186386,60.0,1.0,59.0,0.9554076969217218,61.0,0.9290943334864357,17_3,17,3,natural,88.3384857178,60.3077659607,12.2364265688,0,346.19798269,0.210115686059
UBFC_A1/Eval_On_COHFACE,COHFACE,old,COHFACE_s17_session3_natural,8,60.0,60.0,correct,60.0,0.9999999999999999,59.0,0.9537196316644316,61.0,0.9478588618460092,60.0,0.9999999999999999,59.0,0.9723987365193244,61.0,0.9320310097590825,17_3,17,3,natural,88.3384857178,60.3077659607,12.2364265688,0,346.19798269,0.210115686059
UBFC_A1/Eval_On_COHFACE,COHFACE,old,COHFACE_s17_session3_natural,9,61.99999999999999,60.0,correct,61.99999999999999,0.9999999999999999,61.0,0.9996112867296225,60.0,0.8985577037557557,60.0,0.9999999999999999,61.0,0.9467767896201185,59.0,0.9447591942919134,17_3,17,3,natural,88.3384857178,60.3077659607,12.2364265688,0,346.19798269,0.210115686059
UBFC_A1/Eval_On_COHFACE,COHFACE,old,COHFACE_s17_session3_natural,10,61.99999999999999,60.0,correct,61.99999999999999,0.9999999999999999,63.0,0.9614619516893711,61.0,0.9143712964673535,60.0,0.9999999999999999,61.0,0.9807890536066561,59.0,0.9347834675537982,17_3,17,3,natural,88.3384857178,60.3077659607,12.2364265688,0,346.19798269,0.210115686059
UBFC_A1/Eval_On_COHFACE,COHFACE,old,COHFACE_s17_session3_natural,11,61.99999999999999,63.0,correct,61.99999999999999,0.9999999999999999,61.0,0.943710969415951,63.0,0.931215437534532,63.0,0.9999999999999998,61.99999999999999,0.992609842031747,64.0,0.9547088025298867,17_3,17,3,natural,88.3384857178,60.3077659607,12.2364265688,0,346.19798269,0.210115686059
UBFC_A1/Eval_On_COHFACE,COHFACE,old,COHFACE_s17_session3_natural,12,61.0,60.0,correct,61.0,0.9999999999999999,61.99999999999999,0.9549524983693628,60.0,0.9246247236435291,60.0,0.9999999999999999,61.0,0.9632513417652366,59.0,0.887663147679632,17_3,17,3,natural,88.3384857178,60.3077659607,12.2364265688,0,346.19798269,0.210115686059
UBFC_A1/Eval_On_COHFACE,COHFACE,old,COHFACE_s17_session3_natural,13,60.0,60.0,correct,60.0,0.9999999999999998,61.0,0.9774629529700954,59.0,0.9146543697095072,60.0,0.9999999999999999,61.0,0.9759996887030806,59.0,0.8734977908593738,17_3,17,3,natural,88.3384857178,60.3077659607,12.2364265688,0,346.19798269,0.210115686059
UBFC_A1/Eval_On_COHFACE,COHFACE,old,COHFACE_s17_session3_natural,14,60.0,74.0,large_error,60.0,0.9999999999999999,59.0,0.987503817319518,61.0,0.9090080956733443,74.0,0.9999999999999997,75.0,0.9838610029131131,73.0,0.8968376998102042,17_3,17,3,natural,88.3384857178,60.3077659607,12.2364265688,0,346.19798269,0.210115686059
UBFC_A1/Eval_On_COHFACE,COHFACE,old,COHFACE_s17_session3_natural,15,59.0,40.0,large_error,59.0,0.9999999999999999,60.0,0.9974405636098709,58.0,0.8998726598803746,40.0,0.9999999999999998,41.0,0.9190059684058006,42.0,0.7638243627206771,17_3,17,3,natural,88.3384857178,60.3077659607,12.2364265688,0,346.19798269,0.210115686059
UBFC_A1/Eval_On_COHFACE,COHFACE,old,COHFACE_s17_session3_natural,16,60.0,81.0,super_harmonic_1p5x,60.0,0.9999999999999999,59.0,0.9682847436569005,61.0,0.907343403869059,81.0,0.9999999999999997,80.0,0.9817799323258513,82.0,0.9365904964074033,17_3,17,3,natural,88.3384857178,60.3077659607,12.2364265688,0,346.19798269,0.210115686059
UBFC_A1/Eval_On_COHFACE,COHFACE,old,COHFACE_s17_session3_natural,17,60.0,44.0,large_error,60.0,0.9999999999999999,61.0,0.9652117654008747,59.0,0.9129755812980865,44.0,0.9999999999999998,45.0,0.9892361917366431,43.0,0.9655188528921226,17_3,17,3,natural,88.3384857178,60.3077659607,12.2364265688,0,346.19798269,0.210115686059
UBFC_A1/Eval_On_COHFACE,COHFACE,old,COHFACE_s17_session3_natural,18,61.0,40.0,large_error,61.0,0.9999999999999999,60.0,0.9511230340078632,61.99999999999999,0.934283301122012,40.0,0.9999999999999997,41.0,0.8326351940621735,75.0,0.7207544150387725,17_3,17,3,natural,88.3384857178,60.3077659607,12.2364265688,0,346.19798269,0.210115686059
UBFC_A1/Eval_On_COHFACE,COHFACE,old,COHFACE_s17_session3_natural,19,61.99999999999999,40.0,large_error,61.99999999999999,0.9999999999999999,61.0,0.9789644038646315,63.0,0.9118607766903031,40.0,0.9999999999999997,41.0,0.896567707638607,42.0,0.7296751506894874,17_3,17,3,natural,88.3384857178,60.3077659607,12.2364265688,0,346.19798269,0.210115686059
UBFC_A1/Eval_On_COHFACE,COHFACE,old,COHFACE_s17_session3_natural,20,61.99999999999999,68.0,large_error,61.99999999999999,0.9999999999999999,61.0,0.9532722624190769,63.0,0.9355463975921396,68.0,0.9999999999999998,69.0,0.9693465757839568,67.0,0.9154602869852967,17_3,17,3,natural,88.3384857178,60.3077659607,12.2364265688,0,346.19798269,0.210115686059
UBFC_A1/Eval_On_COHFACE,COHFACE,old,COHFACE_s17_session3_natural,21,61.99999999999999,63.0,correct,61.99999999999999,1.0,61.0,0.9400998536434064,63.0,0.9359669966643127,63.0,0.9999999999999997,64.0,0.9940024073348958,61.99999999999999,0.9599557967330619,17_3,17,3,natural,88.3384857178,60.3077659607,12.2364265688,0,346.19798269,0.210115686059
UBFC_A1/Eval_On_COHFACE,COHFACE,old,COHFACE_s17_session3_natural,22,61.99999999999999,61.99999999999999,correct,61.99999999999999,1.0,61.0,0.951586006864617,63.0,0.9243853983504304,61.99999999999999,0.9999999999999998,61.0,0.9871287402398107,63.0,0.9334085419005194,17_3,17,3,natural,88.3384857178,60.3077659607,12.2364265688,0,346.19798269,0.210115686059
UBFC_A1/Eval_On_COHFACE,COHFACE,old,COHFACE_s17_session3_natural,23,61.99999999999999,60.0,correct,61.99999999999999,0.9999999999999999,61.0,0.9811194546407335,63.0,0.9027836014492872,60.0,0.9999999999999998,61.0,0.9806212549931776,59.0,0.9048983853442458,17_3,17,3,natural,88.3384857178,60.3077659607,12.2364265688,0,346.19798269,0.210115686059
UBFC_A1/Eval_On_COHFACE,COHFACE,old,COHFACE_s17_session3_natural,24,61.0,60.0,correct,61.0,0.9999999999999999,61.99999999999999,0.9982123592919346,60.0,0.8926701542223134,60.0,0.9999999999999998,59.0,0.9661014466046,61.0,0.9361951036465409,17_3,17,3,natural,88.3384857178,60.3077659607,12.2364265688,0,346.19798269,0.210115686059
UBFC_A1/Eval_On_COHFACE,COHFACE,old,COHFACE_s17_session3_natural,25,61.0,59.0,correct,61.0,0.9999999999999999,61.99999999999999,0.9558248705752065,60.0,0.9386862224577499,59.0,0.9999999999999998,60.0,0.9784352576212911,58.0,0.9338828801376036,17_3,17,3,natural,88.3384857178,60.3077659607,12.2364265688,0,346.19798269,0.210115686059
UBFC_A1/Eval_On_COHFACE,COHFACE,old,COHFACE_s17_session3_natural,26,61.0,60.0,correct,61.0,0.9999999999999999,60.0,0.9530380298722938,61.99999999999999,0.9280841821359181,60.0,0.9999999999999999,59.0,0.9503909419433815,61.0,0.9418334019684668,17_3,17,3,natural,88.3384857178,60.3077659607,12.2364265688,0,346.19798269,0.210115686059
UBFC_A1/Eval_On_COHFACE,COHFACE,old,COHFACE_s17_session3_natural,27,61.0,60.0,correct,61.0,0.9999999999999999,60.0,0.9421068369232906,61.99999999999999,0.9307554140272996,60.0,0.9999999999999998,61.0,0.9770146119496271,59.0,0.9347917389259773,17_3,17,3,natural,88.3384857178,60.3077659607,12.2364265688,0,346.19798269,0.210115686059
UBFC_A1/Eval_On_COHFACE,COHFACE,old,COHFACE_s17_session3_natural,28,61.0,60.0,correct,61.0,0.9999999999999999,61.99999999999999,0.9679076793449692,60.0,0.9091611606324973,60.0,0.9999999999999999,61.0,0.9737024207262825,59.0,0.9439790677865105,17_3,17,3,natural,88.3384857178,60.3077659607,12.2364265688,0,346.19798269,0.210115686059
UBFC_A1/Eval_On_COHFACE,COHFACE,old,COHFACE_s17_session3_natural,29,61.0,60.0,correct,61.0,0.9999999999999999,61.99999999999999,0.9865128554961801,60.0,0.8985109470397681,60.0,0.9999999999999999,61.0,0.9860252143517091,59.0,0.8888028743165455,17_3,17,3,natural,88.3384857178,60.3077659607,12.2364265688,0,346.19798269,0.210115686059
UBFC_A1/Eval_On_COHFACE,COHFACE,old,COHFACE_s17_session3_natural,30,61.0,61.0,correct,61.0,0.9999999999999999,61.99999999999999,0.9955597191054434,60.0,0.9019679260207338,61.0,0.9999999999999997,61.99999999999999,0.995419905174935,40.0,0.9683679123708125,17_3,17,3,natural,88.3384857178,60.3077659607,12.2364265688,0,346.19798269,0.210115686059
UBFC_A1/Eval_On_COHFACE,COHFACE,old,COHFACE_s17_session3_natural,31,61.0,77.0,super_harmonic_1p5x,61.0,0.9999999999999999,61.99999999999999,0.9863929096477095,60.0,0.9133516543371862,77.0,0.9999999999999996,61.0,0.9886291129396374,76.0,0.9861455490987098,17_3,17,3,natural,88.3384857178,60.3077659607,12.2364265688,0,346.19798269,0.210115686059
UBFC_A1/Eval_On_COHFACE,COHFACE,old,COHFACE_s17_session3_natural,32,61.0,61.0,correct,61.0,0.9999999999999999,61.99999999999999,0.9469487675122755,60.0,0.9351695514201189,61.0,0.9999999999999999,60.0,0.9926707079221381,61.99999999999999,0.869866464407926,17_3,17,3,natural,88.3384857178,60.3077659607,12.2364265688,0,346.19798269,0.210115686059
UBFC_A1/Eval_On_COHFACE,COHFACE,old,COHFACE_s17_session3_natural,33,61.0,46.0,large_error,61.0,1.0,60.0,0.9637079884653641,61.99999999999999,0.9135603192749784,46.0,0.9999999999999998,47.0,0.9861296598783058,45.0,0.9686198466754682,17_3,17,3,natural,88.3384857178,60.3077659607,12.2364265688,0,346.19798269,0.210115686059
UBFC_A1/Eval_On_COHFACE,COHFACE,old,COHFACE_s17_session3_natural,34,60.0,60.0,correct,60.0,0.9999999999999999,61.0,0.9982765686816615,61.99999999999999,0.8826244569862465,60.0,0.9999999999999998,61.0,0.9633090435206606,59.0,0.9290744175243719,17_3,17,3,natural,88.3384857178,60.3077659607,12.2364265688,0,346.19798269,0.210115686059
UBFC_A1/Eval_On_COHFACE,COHFACE,old,COHFACE_s17_session3_natural,35,60.0,60.0,correct,60.0,0.9999999999999999,61.0,0.996911606291836,59.0,0.8950273288923469,60.0,0.9999999999999999,59.0,0.9393899683987248,61.0,0.9215718377668795,17_3,17,3,natural,88.3384857178,60.3077659607,12.2364265688,0,346.19798269,0.210115686059
UBFC_A1/Eval_On_COHFACE,COHFACE,old,COHFACE_s17_session3_natural,36,61.0,58.0,correct,61.0,0.9999999999999999,60.0,0.9517564221570631,61.99999999999999,0.941811266069173,58.0,0.9999999999999998,59.0,0.9832987006455339,57.0,0.9483430720750654,17_3,17,3,natural,88.3384857178,60.3077659607,12.2364265688,0,346.19798269,0.210115686059
UBFC_A1/Eval_On_COHFACE,COHFACE,old,COHFACE_s17_session3_natural,37,61.0,58.0,correct,61.0,0.9999999999999999,60.0,0.9822126348233684,61.99999999999999,0.9069353740346218,58.0,0.9999999999999999,57.0,0.9738375045888598,59.0,0.9275948567525549,17_3,17,3,natural,88.3384857178,60.3077659607,12.2364265688,0,346.19798269,0.210115686059
UBFC_A1/Eval_On_COHFACE,COHFACE,old,COHFACE_s17_session3_natural,38,60.0,60.0,correct,60.0,0.9999999999999999,61.0,0.9571833516124136,59.0,0.9205972311560743,60.0,1.0,59.0,0.9845803685252873,61.0,0.8962959805165184,17_3,17,3,natural,88.3384857178,60.3077659607,12.2364265688,0,346.19798269,0.210115686059
UBFC_A1/Eval_On_COHFACE,COHFACE,old,COHFACE_s17_session3_natural,39,60.0,60.0,correct,60.0,0.9999999999999999,61.0,0.944113712821787,59.0,0.9328591644338425,60.0,1.0,59.0,0.9683770679069663,61.0,0.9290227348252106,17_3,17,3,natural,88.3384857178,60.3077659607,12.2364265688,0,346.19798269,0.210115686059
UBFC_A1/Eval_On_COHFACE,COHFACE,old,COHFACE_s17_session3_natural,40,60.0,60.0,correct,60.0,0.9999999999999999,59.0,0.9782342493753449,61.0,0.9082349139528696,60.0,0.9999999999999999,59.0,0.9962882230083975,61.0,0.9172411234904224,17_3,17,3,natural,88.3384857178,60.3077659607,12.2364265688,0,346.19798269,0.210115686059
UBFC_A1/Eval_On_COHFACE,COHFACE,old,COHFACE_s17_session3_natural,41,59.0,60.0,correct,59.0,0.9999999999999999,60.0,0.9671147163842072,58.0,0.9306188836248986,60.0,1.0,59.0,0.9733522469407234,61.0,0.9311986333667235,17_3,17,3,natural,88.3384857178,60.3077659607,12.2364265688,0,346.19798269,0.210115686059
UBFC_A1/Eval_On_COHFACE,COHFACE,old,COHFACE_s17_session3_natural,42,59.0,59.0,correct,59.0,0.9999999999999999,58.0,0.9948796394837175,60.0,0.8958013124269417,59.0,1.0,60.0,0.9838786382720552,58.0,0.915381199888651,17_3,17,3,natural,88.3384857178,60.3077659607,12.2364265688,0,346.19798269,0.210115686059
UBFC_A1/Eval_On_COHFACE,COHFACE,old,COHFACE_s17_session3_natural,43,59.0,59.0,correct,59.0,0.9999999999999999,58.0,0.996026194701839,60.0,0.8781175018976826,59.0,1.0,60.0,0.97753869348611,58.0,0.8963292182536042,17_3,17,3,natural,88.3384857178,60.3077659607,12.2364265688,0,346.19798269,0.210115686059
UBFC_A1/Eval_On_COHFACE,COHFACE,old,COHFACE_s17_session3_natural,44,59.0,59.0,correct,59.0,0.9999999999999999,58.0,0.9585474990140773,60.0,0.913947464858947,59.0,0.9999999999999999,60.0,0.9832928395724274,58.0,0.8862172480420845,17_3,17,3,natural,88.3384857178,60.3077659607,12.2364265688,0,346.19798269,0.210115686059
UBFC_A1/Eval_On_COHFACE,COHFACE,old,COHFACE_s17_session3_natural,45,59.0,59.0,correct,59.0,0.9999999999999999,60.0,0.9463515384450631,58.0,0.9332394443824839,59.0,1.0,60.0,0.9988866444423136,58.0,0.9006754330073704,17_3,17,3,natural,88.3384857178,60.3077659607,12.2364265688,0,346.19798269,0.210115686059
UBFC_A1/Eval_On_COHFACE,COHFACE,old,COHFACE_s17_session3_natural,46,60.0,59.0,correct,60.0,0.9999999999999999,59.0,0.98965494125404,61.0,0.9064057947158368,59.0,0.9999999999999998,60.0,0.9856213994410994,58.0,0.945900947105345,17_3,17,3,natural,88.3384857178,60.3077659607,12.2364265688,0,346.19798269,0.210115686059
UBFC_A1/Eval_On_COHFACE,COHFACE,old,COHFACE_s17_session3_natural,47,61.0,60.0,correct,61.0,0.9999999999999999,60.0,0.9638428543613006,61.99999999999999,0.9325565141077954,60.0,0.9999999999999999,59.0,0.9709809924841127,61.0,0.9255455895830894,17_3,17,3,natural,88.3384857178,60.3077659607,12.2364265688,0,346.19798269,0.210115686059
UBFC_A1/Eval_On_COHFACE,COHFACE,old,COHFACE_s17_session3_natural,48,61.0,61.0,correct,61.0,0.9999999999999999,60.0,0.9570525177786421,61.99999999999999,0.9326584725953972,61.0,0.9999999999999999,60.0,0.9806947014362238,61.99999999999999,0.9239843739172909,17_3,17,3,natural,88.3384857178,60.3077659607,12.2364265688,0,346.19798269,0.210115686059
UBFC_A1/Eval_On_COHFACE,COHFACE,old,COHFACE_s17_session3_natural,49,61.0,61.99999999999999,correct,61.0,0.9999999999999999,60.0,0.9925120807404686,61.99999999999999,0.8899082023923538,61.99999999999999,0.9999999999999999,63.0,0.9749182743494941,61.0,0.950009338370912,17_3,17,3,natural,88.3384857178,60.3077659607,12.2364265688,0,346.19798269,0.210115686059
UBFC_A1/Eval_On_COHFACE,COHFACE,old,COHFACE_s17_session3_natural,50,60.0,60.0,correct,60.0,0.9999999999999999,61.0,0.9893367655961465,59.0,0.8848203494489615,60.0,0.9999999999999998,59.0,0.9514136615725068,61.0,0.8985521984177997,17_3,17,3,natural,88.3384857178,60.3077659607,12.2364265688,0,346.19798269,0.210115686059
UBFC_A1/Eval_On_COHFACE,COHFACE,old,COHFACE_s18_session0_lamp,0,82.0,80.0,correct,82.0,0.9999999999999999,81.0,0.9454232095565203,83.0,0.9427596424471989,80.0,0.9999999999999999,81.0,0.9852287243326275,79.0,0.8819075886271383,18_0,18,0,lamp,122.711029053,50.4989471436,1.90003815188,0,547.522774456,0.2884144485
UBFC_A1/Eval_On_COHFACE,COHFACE,old,COHFACE_s18_session0_lamp,1,80.0,81.0,correct,80.0,1.0,81.0,0.9659819667210265,79.0,0.9254218278921087,81.0,0.9999999999999998,82.0,0.9802490870881079,80.0,0.9053798568311353,18_0,18,0,lamp,122.711029053,50.4989471436,1.90003815188,0,547.522774456,0.2884144485
UBFC_A1/Eval_On_COHFACE,COHFACE,old,COHFACE_s18_session0_lamp,2,80.0,81.0,correct,80.0,1.0,81.0,0.9877357611753734,79.0,0.9010724078619452,81.0,0.9999999999999998,80.0,0.9944220263359911,82.0,0.9127934416136193,18_0,18,0,lamp,122.711029053,50.4989471436,1.90003815188,0,547.522774456,0.2884144485
UBFC_A1/Eval_On_COHFACE,COHFACE,old,COHFACE_s18_session0_lamp,3,80.0,81.0,correct,80.0,1.0,81.0,0.9821574247918375,79.0,0.9023718000057552,81.0,0.9999999999999999,82.0,0.9700976301674372,80.0,0.9312379200753448,18_0,18,0,lamp,122.711029053,50.4989471436,1.90003815188,0,547.522774456,0.2884144485
UBFC_A1/Eval_On_COHFACE,COHFACE,old,COHFACE_s18_session0_lamp,4,80.0,81.0,correct,80.0,1.0,81.0,0.976038365484855,79.0,0.9104470677072546,81.0,0.9999999999999998,82.0,0.9869170781238793,80.0,0.9333181953983213,18_0,18,0,lamp,122.711029053,50.4989471436,1.90003815188,0,547.522774456,0.2884144485
UBFC_A1/Eval_On_COHFACE,COHFACE,old,COHFACE_s18_session0_lamp,5,80.0,80.0,correct,80.0,1.0,81.0,0.980511494614206,79.0,0.9022720009371414,80.0,0.9999999999999999,81.0,0.9974178245032886,79.0,0.9058085949091782,18_0,18,0,lamp,122.711029053,50.4989471436,1.90003815188,0,547.522774456,0.2884144485
UBFC_A1/Eval_On_COHFACE,COHFACE,old,COHFACE_s18_session0_lamp,6,80.0,40.0,sub_harmonic_half,80.0,0.9999999999999999,81.0,0.9582239347288988,79.0,0.9276213483290581,40.0,0.9999999999999998,80.0,0.9113806535712247,41.0,0.8897348491007738,18_0,18,0,lamp,122.711029053,50.4989471436,1.90003815188,0,547.522774456,0.2884144485
UBFC_A1/Eval_On_COHFACE,COHFACE,old,COHFACE_s18_session0_lamp,7,80.0,79.0,correct,80.0,0.9999999999999999,81.0,0.9536456169019955,79.0,0.9302588311443116,79.0,0.9999999999999999,80.0,0.9974538847854793,78.0,0.9124801080664097,18_0,18,0,lamp,122.711029053,50.4989471436,1.90003815188,0,547.522774456,0.2884144485
UBFC_A1/Eval_On_COHFACE,COHFACE,old,COHFACE_s18_session0_lamp,8,80.0,43.0,sub_harmonic_half,80.0,0.9999999999999999,79.0,0.9460361167649618,81.0,0.9372920389269269,43.0,0.9999999999999999,44.0,0.9721233186445535,42.0,0.9260745059506574,18_0,18,0,lamp,122.711029053,50.4989471436,1.90003815188,0,547.522774456,0.2884144485
UBFC_A1/Eval_On_COHFACE,COHFACE,old,COHFACE_s18_session0_lamp,9,80.0,41.0,sub_harmonic_half,80.0,0.9999999999999999,79.0,0.9958085114235576,81.0,0.8921709304443836,41.0,0.9999999999999998,42.0,0.969027515006609,40.0,0.9510917294240371,18_0,18,0,lamp,122.711029053,50.4989471436,1.90003815188,0,547.522774456,0.2884144485
UBFC_A1/Eval_On_COHFACE,COHFACE,old,COHFACE_s18_session0_lamp,10,80.0,81.0,correct,80.0,1.0,79.0,0.9673618951087087,81.0,0.9166388421525193,81.0,0.9999999999999998,82.0,0.9612873338141518,80.0,0.9369834753971711,18_0,18,0,lamp,122.711029053,50.4989471436,1.90003815188,0,547.522774456,0.2884144485
UBFC_A1/Eval_On_COHFACE,COHFACE,old,COHFACE_s18_session0_lamp,11,80.0,81.0,correct,80.0,1.0,79.0,0.9530442603329592,81.0,0.9318884215469739,81.0,0.9999999999999998,42.0,0.9663464084997393,80.0,0.9497507979818959,18_0,18,0,lamp,122.711029053,50.4989471436,1.90003815188,0,547.522774456,0.2884144485
UBFC_A1/Eval_On_COHFACE,COHFACE,old,COHFACE_s18_session0_lamp,12,80.0,80.0,correct,80.0,1.0,81.0,0.9560338175270522,79.0,0.9314206004346376,80.0,0.9999999999999998,81.0,0.9897773816728072,79.0,0.8837188353415079,18_0,18,0,lamp,122.711029053,50.4989471436,1.90003815188,0,547.522774456,0.2884144485
UBFC_A1/Eval_On_COHFACE,COHFACE,old,COHFACE_s18_session0_lamp,13,80.0,78.0,correct,80.0,1.0,81.0,0.9467550715558662,79.0,0.9434150813141843,78.0,0.9999999999999998,77.0,0.982062600931179,79.0,0.9520956874987682,18_0,18,0,lamp,122.711029053,50.4989471436,1.90003815188,0,547.522774456,0.2884144485
UBFC_A1/Eval_On_COHFACE,COHFACE,old,COHFACE_s18_session0_lamp,14,80.0,76.0,large_error,80.0,1.0,79.0,0.9520716941565759,81.0,0.9345864633183913,76.0,0.9999999999999999,75.0,0.9972853893807541,77.0,0.940450453070476,18_0,18,0,lamp,122.711029053,50.4989471436,1.90003815188,0,547.522774456,0.2884144485
UBFC_A1/Eval_On_COHFACE,COHFACE,old,COHFACE_s18_session0_lamp,15,80.0,81.0,correct,80.0,1.0,81.0,0.9450062684981084,79.0,0.9413181927805305,81.0,0.9999999999999998,80.0,0.9697071296357289,82.0,0.9479347569645312,18_0,18,0,lamp,122.711029053,50.4989471436,1.90003815188,0,547.522774456,0.2884144485
UBFC_A1/Eval_On_COHFACE,COHFACE,old,COHFACE_s18_session0_lamp,16,80.0,80.0,correct,80.0,1.0,79.0,0.967728854246658,81.0,0.9214951757231852,80.0,0.9999999999999999,79.0,0.9869440426969495,81.0,0.9361700122645659,18_0,18,0,lamp,122.711029053,50.4989471436,1.90003815188,0,547.522774456,0.2884144485
UBFC_A1/Eval_On_COHFACE,COHFACE,old,COHFACE_s18_session0_lamp,17,80.0,42.0,sub_harmonic_half,80.0,1.0,79.0,0.9761019323621523,81.0,0.9081823410010982,42.0,0.9999999999999997,52.0,0.9418476905202395,43.0,0.9371597142446245,18_0,18,0,lamp,122.711029053,50.4989471436,1.90003815188,0,547.522774456,0.2884144485
UBFC_A1/Eval_On_COHFACE,COHFACE,old,COHFACE_s18_session0_lamp,18,80.0,82.0,correct,80.0,1.0,79.0,0.9509505815116539,81.0,0.9336368907886218,82.0,0.9999999999999998,81.0,0.9853421410056934,83.0,0.9066657250497208,18_0,18,0,lamp,122.711029053,50.4989471436,1.90003815188,0,547.522774456,0.2884144485
UBFC_A1/Eval_On_COHFACE,COHFACE,old,COHFACE_s18_session0_lamp,19,80.0,82.0,correct,80.0,1.0,79.0,0.993217577272878,81.0,0.899192369018642,82.0,0.9999999999999998,81.0,0.9932928060608,43.0,0.9566738038331383,18_0,18,0,lamp,122.711029053,50.4989471436,1.90003815188,0,547.522774456,0.2884144485
UBFC_A1/Eval_On_COHFACE,COHFACE,old,COHFACE_s18_session0_lamp,20,80.0,82.0,correct,80.0,1.0,79.0,0.981704369412637,81.0,0.902462940959893,82.0,0.9999999999999998,81.0,0.98112106417443,83.0,0.9401628059376858,18_0,18,0,lamp,122.711029053,50.4989471436,1.90003815188,0,547.522774456,0.2884144485
UBFC_A1/Eval_On_COHFACE,COHFACE,old,COHFACE_s18_session0_lamp,21,79.0,82.0,correct,79.0,1.0,80.0,0.9686051155818187,78.0,0.9179416009396529,82.0,0.9999999999999998,83.0,0.9556732515163269,81.0,0.954881829453766,18_0,18,0,lamp,122.711029053,50.4989471436,1.90003815188,0,547.522774456,0.2884144485
UBFC_A1/Eval_On_COHFACE,COHFACE,old,COHFACE_s18_session0_lamp,22,78.0,44.0,sub_harmonic_half,78.0,1.0,79.0,0.9898738742629938,77.0,0.8976274786225906,44.0,0.9999999999999998,45.0,0.9932074113527569,80.0,0.9775187949696139,18_0,18,0,lamp,122.711029053,50.4989471436,1.90003815188,0,547.522774456,0.2884144485
UBFC_A1/Eval_On_COHFACE,COHFACE,old,COHFACE_s18_session0_lamp,23,78.0,61.0,large_error,78.0,1.0,79.0,0.961853170201178,77.0,0.9221935604134224,61.0,0.9999999999999997,60.0,0.996155470411424,61.99999999999999,0.909200209724122,18_0,18,0,lamp,122.711029053,50.4989471436,1.90003815188,0,547.522774456,0.2884144485
UBFC_A1/Eval_On_COHFACE,COHFACE,old,COHFACE_s18_session0_lamp,24,78.0,79.0,correct,78.0,1.0,77.0,0.9808355527343192,79.0,0.9057781227503068,79.0,0.9999999999999997,80.0,0.9994120547824351,81.0,0.8711961705697193,18_0,18,0,lamp,122.711029053,50.4989471436,1.90003815188,0,547.522774456,0.2884144485
UBFC_A1/Eval_On_COHFACE,COHFACE,old,COHFACE_s18_session0_lamp,25,77.0,76.0,correct,77.0,1.0,78.0,0.9938621406832484,76.0,0.8960986288366319,76.0,0.9999999999999998,77.0,0.962877175175971,75.0,0.9191540231588903,18_0,18,0,lamp,122.711029053,50.4989471436,1.90003815188,0,547.522774456,0.2884144485
UBFC_A1/Eval_On_COHFACE,COHFACE,old,COHFACE_s18_session0_lamp,26,78.0,77.0,correct,78.0,1.0,77.0,0.9923600846126752,79.0,0.8950774431400966,77.0,0.9999999999999996,78.0,0.9610525528578556,76.0,0.9222374309887178,18_0,18,0,lamp,122.711029053,50.4989471436,1.90003815188,0,547.522774456,0.2884144485
UBFC_A1/Eval_On_COHFACE,COHFACE,old,COHFACE_s18_session0_lamp,27,77.0,49.0,large_error,77.0,1.0,78.0,0.9737299668264684,76.0,0.9071799836327973,49.0,0.9999999999999996,50.0,0.977486431813691,48.0,0.9141252493806555,18_0,18,0,lamp,122.711029053,50.4989471436,1.90003815188,0,547.522774456,0.2884144485
UBFC_A1/Eval_On_COHFACE,COHFACE,old,COHFACE_s18_session0_lamp,28,77.0,80.0,correct,77.0,1.0,78.0,0.9799852163964724,76.0,0.9100952726317184,80.0,0.9999999999999993,79.0,0.9679922522261838,51.0,0.9654346591228293,18_0,18,0,lamp,122.711029053,50.4989471436,1.90003815188,0,547.522774456,0.2884144485
UBFC_A1/Eval_On_COHFACE,COHFACE,old,COHFACE_s18_session0_lamp,29,77.0,51.0,large_error,77.0,1.0,78.0,0.9466690083013818,76.0,0.9358820492936976,51.0,0.9999999999999996,120.0,0.9726394242995763,52.0,0.971161611201331,18_0,18,0,lamp,122.711029053,50.4989471436,1.90003815188,0,547.522774456,0.2884144485
UBFC_A1/Eval_On_COHFACE,COHFACE,old,COHFACE_s18_session0_lamp,30,76.0,53.0,large_error,76.0,1.0,77.0,0.9592408327785593,75.0,0.9304500655905796,53.0,0.9999999999999996,52.0,0.9748974644598991,54.0,0.9279486933562173,18_0,18,0,lamp,122.711029053,50.4989471436,1.90003815188,0,547.522774456,0.2884144485
UBFC_A1/Eval_On_COHFACE,COHFACE,old,COHFACE_s18_session0_lamp,31,76.0,84.0,large_error,76.0,1.0,75.0,0.9624173577051558,77.0,0.9252655687752387,84.0,0.9999999999999993,83.0,0.9789347001714821,48.0,0.9288482089982351,18_0,18,0,lamp,122.711029053,50.4989471436,1.90003815188,0,547.522774456,0.2884144485
UBFC_A1/Eval_On_COHFACE,COHFACE,old,COHFACE_s18_session0_lamp,32,75.0,40.0,sub_harmonic_half,75.0,1.0,76.0,0.9965436194655601,74.0,0.8949759870879779,40.0,0.9999999999999996,41.0,0.8275771107840074,42.0,0.5960978016989438,18_0,18,0,lamp,122.711029053,50.4989471436,1.90003815188,0,547.522774456,0.2884144485
UBFC_A1/Eval_On_COHFACE,COHFACE,old,COHFACE_s18_session0_lamp,33,75.0,40.0,sub_harmonic_half,75.0,1.0,76.0,0.9553232754586499,74.0,0.9303561637252669,40.0,0.9999999999999997,41.0,0.8440388305816153,80.0,0.6788321683303423,18_0,18,0,lamp,122.711029053,50.4989471436,1.90003815188,0,547.522774456,0.2884144485
UBFC_A1/Eval_On_COHFACE,COHFACE,old,COHFACE_s18_session0_lamp,34,75.0,40.0,sub_harmonic_half,75.0,1.0,76.0,0.9621250332686946,74.0,0.9228890932794078,40.0,0.9999999999999996,80.0,0.9997946194274666,81.0,0.9879186200659795,18_0,18,0,lamp,122.711029053,50.4989471436,1.90003815188,0,547.522774456,0.2884144485
UBFC_A1/Eval_On_COHFACE,COHFACE,old,COHFACE_s18_session0_lamp,35,75.0,41.0,sub_harmonic_half,75.0,1.0,76.0,0.989176278424399,74.0,0.8972487815908263,41.0,0.9999999999999998,42.0,0.9908429643838451,79.0,0.9405650002863432,18_0,18,0,lamp,122.711029053,50.4989471436,1.90003815188,0,547.522774456,0.2884144485
UBFC_A1/Eval_On_COHFACE,COHFACE,old,COHFACE_s18_session0_lamp,36,75.0,40.0,sub_harmonic_half,75.0,1.0,76.0,0.9872589781652297,74.0,0.8967604168014314,40.0,0.9999999999999998,79.0,0.8584279638803726,41.0,0.8371649256073239,18_0,18,0,lamp,122.711029053,50.4989471436,1.90003815188,0,547.522774456,0.2884144485
UBFC_A1/Eval_On_COHFACE,COHFACE,old,COHFACE_s18_session0_lamp,37,76.0,79.0,correct,76.0,1.0,75.0,0.9990652259723071,77.0,0.8884865969897794,79.0,0.9999999999999997,80.0,0.9850237422246627,78.0,0.9709185621016914,18_0,18,0,lamp,122.711029053,50.4989471436,1.90003815188,0,547.522774456,0.2884144485
UBFC_A1/Eval_On_COHFACE,COHFACE,old,COHFACE_s18_session0_lamp,38,75.0,77.0,correct,75.0,1.0,76.0,0.9483021582992152,74.0,0.9373497228578204,77.0,0.9999999999999998,76.0,0.9932127273355176,78.0,0.9376408272576799,18_0,18,0,lamp,122.711029053,50.4989471436,1.90003815188,0,547.522774456,0.2884144485
UBFC_A1/Eval_On_COHFACE,COHFACE,old,COHFACE_s18_session0_lamp,39,75.0,78.0,correct,75.0,1.0,74.0,0.9446575170776255,76.0,0.9429608865031435,78.0,0.9999999999999997,79.0,0.9822463574369829,77.0,0.9475152366458895,18_0,18,0,lamp,122.711029053,50.4989471436,1.90003815188,0,547.522774456,0.2884144485
UBFC_A1/Eval_On_COHFACE,COHFACE,old,COHFACE_s18_session0_lamp,40,75.0,76.0,correct,75.0,1.0,76.0,0.9508039048663413,74.0,0.9373274338907918,76.0,0.9999999999999998,75.0,0.9556616845573295,77.0,0.937586213214582,18_0,18,0,lamp,122.711029053,50.4989471436,1.90003815188,0,547.522774456,0.2884144485
UBFC_A1/Eval_On_COHFACE,COHFACE,old,COHFACE_s18_session0_lamp,41,75.0,75.0,correct,75.0,1.0,74.0,0.9559575407523364,76.0,0.9313194752338898,75.0,0.9999999999999999,76.0,0.9758703300823994,74.0,0.9138691857558968,18_0,18,0,lamp,122.711029053,50.4989471436,1.90003815188,0,547.522774456,0.2884144485
UBFC_A1/Eval_On_COHFACE,COHFACE,old,COHFACE_s18_session0_lamp,42,75.0,74.0,correct,75.0,1.0,74.0,0.9581835795956666,76.0,0.9274923847994355,74.0,0.9999999999999998,75.0,0.959393713977095,73.0,0.9405315316870829,18_0,18,0,lamp,122.711029053,50.4989471436,1.90003815188,0,547.522774456,0.2884144485
UBFC_A1/Eval_On_COHFACE,COHFACE,old,COHFACE_s18_session0_lamp,43,75.0,121.0,super_harmonic_1p5x,75.0,1.0,76.0,0.9584376731011187,74.0,0.9282141037165024,121.0,0.9999999999999996,122.0,0.9678088322469101,120.0,0.9283444540237348,18_0,18,0,lamp,122.711029053,50.4989471436,1.90003815188,0,547.522774456,0.2884144485
UBFC_A1/Eval_On_COHFACE,COHFACE,old,COHFACE_s18_session0_lamp,44,75.0,70.0,large_error,75.0,1.0,76.0,0.9658472543512593,74.0,0.9198731608357861,70.0,0.9999999999999998,69.0,0.96382436189444,71.0,0.9624688345395574,18_0,18,0,lamp,122.711029053,50.4989471436,1.90003815188,0,547.522774456,0.2884144485
UBFC_A1/Eval_On_COHFACE,COHFACE,old,COHFACE_s18_session0_lamp,45,75.0,72.0,correct,75.0,1.0,76.0,0.9790724275112224,74.0,0.9056313833110637,72.0,0.9999999999999998,73.0,0.9937213073089648,71.0,0.8906743668004945,18_0,18,0,lamp,122.711029053,50.4989471436,1.90003815188,0,547.522774456,0.2884144485
UBFC_A1/Eval_On_COHFACE,COHFACE,old,COHFACE_s18_session0_lamp,46,76.0,74.0,correct,76.0,1.0,75.0,0.99287001496147,77.0,0.8910820884444498,74.0,0.9999999999999998,73.0,0.9984461920450314,75.0,0.8424120162086518,18_0,18,0,lamp,122.711029053,50.4989471436,1.90003815188,0,547.522774456,0.2884144485
UBFC_A1/Eval_On_COHFACE,COHFACE,old,COHFACE_s18_session0_lamp,47,76.0,75.0,correct,76.0,1.0,75.0,0.9852789498766843,77.0,0.9034637205110053,75.0,0.9999999999999998,76.0,0.9832330553788639,74.0,0.8892021920294193,18_0,18,0,lamp,122.711029053,50.4989471436,1.90003815188,0,547.522774456,0.2884144485
UBFC_A1/Eval_On_COHFACE,COHFACE,old,COHFACE_s18_session0_lamp,48,76.0,78.0,correct,76.0,1.0,75.0,0.9449224024961971,77.0,0.9414870513526675,78.0,0.9999999999999996,77.0,0.9777462391525717,79.0,0.9316618664670845,18_0,18,0,lamp,122.711029053,50.4989471436,1.90003815188,0,547.522774456,0.2884144485
UBFC_A1/Eval_On_COHFACE,COHFACE,old,COHFACE_s18_session0_lamp,49,76.0,79.0,correct,76.0,1.0,77.0,0.9690489957446725,75.0,0.9197992614807383,79.0,0.9999999999999998,80.0,0.9837352101700935,78.0,0.9427614006587325,18_0,18,0,lamp,122.711029053,50.4989471436,1.90003815188,0,547.522774456,0.2884144485
UBFC_A1/Eval_On_COHFACE,COHFACE,old,COHFACE_s18_session0_lamp,50,77.0,58.0,large_error,77.0,1.0,76.0,0.9871887906667326,78.0,0.9001636157044143,58.0,0.9999999999999998,57.0,0.9509260255067765,59.0,0.9307883188781932,18_0,18,0,lamp,122.711029053,50.4989471436,1.90003815188,0,547.522774456,0.2884144485
UBFC_A1/Eval_On_COHFACE,COHFACE,old,COHFACE_s18_session1_lamp,0,81.0,40.0,sub_harmonic_half,81.0,1.0,82.0,0.942094323818774,80.0,0.9101690907182005,40.0,0.9999999999999992,78.0,0.9963634227052729,79.0,0.9737311613482189,18_1,18,1,lamp,112.426879883,47.2711448669,1.91544071321,0,437.449356726,0.236075371504
UBFC_A1/Eval_On_COHFACE,COHFACE,old,COHFACE_s18_session1_lamp,1,80.0,40.0,sub_harmonic_half,80.0,0.9999999999999999,79.0,0.9912522707956657,81.0,0.8961152581999159,40.0,0.9999999999999981,41.0,0.9206375306784181,42.0,0.8205770383635704,18_1,18,1,lamp,112.426879883,47.2711448669,1.91544071321,0,437.449356726,0.236075371504
UBFC_A1/Eval_On_COHFACE,COHFACE,old,COHFACE_s18_session1_lamp,2,79.0,45.0,sub_harmonic_half,79.0,0.9999999999999999,78.0,0.975317376246985,80.0,0.9112020816722413,45.0,0.9999999999999992,46.0,0.9924706504032663,44.0,0.9541271708309537,18_1,18,1,lamp,112.426879883,47.2711448669,1.91544071321,0,437.449356726,0.236075371504
UBFC_A1/Eval_On_COHFACE,COHFACE,old,COHFACE_s18_session1_lamp,3,79.0,40.0,sub_harmonic_half,79.0,0.9999999999999999,78.0,0.9833718246420624,80.0,0.9030934965713366,40.0,0.9999999999999994,50.0,0.906969979133434,49.0,0.9042485870716179,18_1,18,1,lamp,112.426879883,47.2711448669,1.91544071321,0,437.449356726,0.236075371504
UBFC_A1/Eval_On_COHFACE,COHFACE,old,COHFACE_s18_session1_lamp,4,78.0,52.0,large_error,78.0,0.9999999999999999,79.0,0.9867842664095262,77.0,0.9067092795200056,52.0,0.9999999999999997,51.0,0.9577369460148536,53.0,0.9055255321564756,18_1,18,1,lamp,112.426879883,47.2711448669,1.91544071321,0,437.449356726,0.236075371504
UBFC_A1/Eval_On_COHFACE,COHFACE,old,COHFACE_s18_session1_lamp,5,78.0,53.0,large_error,78.0,1.0,79.0,0.9452280737897407,77.0,0.9403895662408185,53.0,0.9999999999999998,52.0,0.9811727488144159,54.0,0.9317355887024501,18_1,18,1,lamp,112.426879883,47.2711448669,1.91544071321,0,437.449356726,0.236075371504
UBFC_A1/Eval_On_COHFACE,COHFACE,old,COHFACE_s18_session1_lamp,6,78.0,52.0,large_error,78.0,1.0,79.0,0.9990458035825007,77.0,0.8868055148074356,52.0,0.9999999999999997,53.0,0.9688578271435658,51.0,0.9565336007284511,18_1,18,1,lamp,112.426879883,47.2711448669,1.91544071321,0,437.449356726,0.236075371504
UBFC_A1/Eval_On_COHFACE,COHFACE,old,COHFACE_s18_session1_lamp,7,79.0,50.0,large_error,79.0,1.0,78.0,0.9992330769736375,80.0,0.889777503060403,50.0,0.9999999999999993,49.0,0.9912109392874622,51.0,0.9684459685135258,18_1,18,1,lamp,112.426879883,47.2711448669,1.91544071321,0,437.449356726,0.236075371504
UBFC_A1/Eval_On_COHFACE,COHFACE,old,COHFACE_s18_session1_lamp,8,79.0,45.0,sub_harmonic_half,79.0,1.0,78.0,0.9957196744423625,80.0,0.8947471679731233,45.0,0.9999999999999998,46.0,0.9784030650567404,44.0,0.9533608999434274,18_1,18,1,lamp,112.426879883,47.2711448669,1.91544071321,0,437.449356726,0.236075371504
UBFC_A1/Eval_On_COHFACE,COHFACE,old,COHFACE_s18_session1_lamp,9,79.0,50.0,large_error,79.0,1.0,78.0,0.9847272715656719,80.0,0.9004389642580027,50.0,0.9999999999999994,49.0,0.9705330454723353,51.0,0.9119025514348957,18_1,18,1,lamp,112.426879883,47.2711448669,1.91544071321,0,437.449356726,0.236075371504
UBFC_A1/Eval_On_COHFACE,COHFACE,old,COHFACE_s18_session1_lamp,10,78.0,81.0,correct,78.0,1.0,79.0,0.9481887243138165,77.0,0.9346188862086251,81.0,0.9999999999999997,82.0,0.9947171666008205,80.0,0.8251667609498983,18_1,18,1,lamp,112.426879883,47.2711448669,1.91544071321,0,437.449356726,0.236075371504
UBFC_A1/Eval_On_COHFACE,COHFACE,old,COHFACE_s18_session1_lamp,11,78.0,119.0,super_harmonic_1p5x,78.0,0.9999999999999999,79.0,0.960054756598742,77.0,0.9288626181655251,119.0,0.9999999999999996,120.0,0.9626777056123191,118.0,0.9538608257074149,18_1,18,1,lamp,112.426879883,47.2711448669,1.91544071321,0,437.449356726,0.236075371504
UBFC_A1/Eval_On_COHFACE,COHFACE,old,COHFACE_s18_session1_lamp,12,78.0,74.0,large_error,78.0,0.9999999999999999,77.0,0.9818220465105676,79.0,0.9059226293054704,74.0,0.9999999999999997,73.0,0.9807562998448988,75.0,0.9314242137261382,18_1,18,1,lamp,112.426879883,47.2711448669,1.91544071321,0,437.449356726,0.236075371504
UBFC_A1/Eval_On_COHFACE,COHFACE,old,COHFACE_s18_session1_lamp,13,77.0,74.0,correct,77.0,1.0,76.0,0.9447196498705578,78.0,0.9347990917230938,74.0,0.9999999999999994,75.0,0.9656133426546685,73.0,0.9504761758624588,18_1,18,1,lamp,112.426879883,47.2711448669,1.91544071321,0,437.449356726,0.236075371504
UBFC_A1/Eval_On_COHFACE,COHFACE,old,COHFACE_s18_session1_lamp,14,76.0,77.0,correct,76.0,0.9999999999999999,77.0,0.9756466145672619,75.0,0.9136580841475661,77.0,0.9999999999999998,76.0,0.9729770038238852,78.0,0.953096116498699,18_1,18,1,lamp,112.426879883,47.2711448669,1.91544071321,0,437.449356726,0.236075371504
UBFC_A1/Eval_On_COHFACE,COHFACE,old,COHFACE_s18_session1_lamp,15,76.0,78.0,correct,76.0,0.9999999999999999,75.0,0.986108226826987,77.0,0.9017823860263504,78.0,0.9999999999999998,79.0,0.9676490971371049,77.0,0.9572940102355965,18_1,18,1,lamp,112.426879883,47.2711448669,1.91544071321,0,437.449356726,0.236075371504
UBFC_A1/Eval_On_COHFACE,COHFACE,old,COHFACE_s18_session1_lamp,16,75.0,77.0,correct,75.0,1.0,74.0,0.9561475071200157,76.0,0.92792478058507,77.0,0.9999999999999999,76.0,0.9928628627373021,78.0,0.9372221152755649,18_1,18,1,lamp,112.426879883,47.2711448669,1.91544071321,0,437.449356726,0.236075371504
UBFC_A1/Eval_On_COHFACE,COHFACE,old,COHFACE_s18_session1_lamp,17,75.0,77.0,correct,75.0,1.0,74.0,0.9714723850903116,76.0,0.9174391945009814,77.0,0.9999999999999999,76.0,0.9478579855651041,78.0,0.9249891702738497,18_1,18,1,lamp,112.426879883,47.2711448669,1.91544071321,0,437.449356726,0.236075371504
UBFC_A1/Eval_On_COHFACE,COHFACE,old,COHFACE_s18_session1_lamp,18,75.0,79.0,large_error,75.0,0.9999999999999999,74.0,0.9913632079584581,76.0,0.9016147579076431,79.0,0.9999999999999998,78.0,0.9670814288505579,80.0,0.9531478343457032,18_1,18,1,lamp,112.426879883,47.2711448669,1.91544071321,0,437.449356726,0.236075371504
UBFC_A1/Eval_On_COHFACE,COHFACE,old,COHFACE_s18_session1_lamp,19,75.0,78.0,correct,75.0,0.9999999999999999,74.0,0.9716357530379539,76.0,0.9190642510577804,78.0,0.9999999999999999,77.0,0.9739306748118377,79.0,0.9457211733702722,18_1,18,1,lamp,112.426879883,47.2711448669,1.91544071321,0,437.449356726,0.236075371504
UBFC_A1/Eval_On_COHFACE,COHFACE,old,COHFACE_s18_session1_lamp,20,75.0,76.0,correct,75.0,0.9999999999999999,74.0,0.9906471170142169,76.0,0.899239176812217,76.0,0.9999999999999998,75.0,0.9961213289643176,77.0,0.9225697523843657,18_1,18,1,lamp,112.426879883,47.2711448669,1.91544071321,0,437.449356726,0.236075371504
UBFC_A1/Eval_On_COHFACE,COHFACE,old,COHFACE_s18_session1_lamp,21,75.0,76.0,correct,75.0,0.9999999999999999,74.0,0.9700878194808099,76.0,0.9196736745334761,76.0,0.9999999999999998,77.0,0.9895367523242545,75.0,0.9602127900694843,18_1,18,1,lamp,112.426879883,47.2711448669,1.91544071321,0,437.449356726,0.236075371504
UBFC_A1/Eval_On_COHFACE,COHFACE,old,COHFACE_s18_session1_lamp,22,74.0,76.0,correct,74.0,0.9999999999999999,75.0,0.9577504712320651,73.0,0.9209944677352293,76.0,0.9999999999999994,75.0,0.9714755653507678,77.0,0.9195536034423317,18_1,18,1,lamp,112.426879883,47.2711448669,1.91544071321,0,437.449356726,0.236075371504
UBFC_A1/Eval_On_COHFACE,COHFACE,old,COHFACE_s18_session1_lamp,23,74.0,43.0,sub_harmonic_half,74.0,0.9999999999999999,73.0,0.9811935904778398,75.0,0.9003913026406811,43.0,0.9999999999999998,44.0,0.9827376665887938,42.0,0.9012487680807051,18_1,18,1,lamp,112.426879883,47.2711448669,1.91544071321,0,437.449356726,0.236075371504
UBFC_A1/Eval_On_COHFACE,COHFACE,old,COHFACE_s18_session1_lamp,24,73.0,72.0,correct,73.0,0.9999999999999999,74.0,0.9592187409839481,72.0,0.9269445351936882,72.0,0.9999999999999996,73.0,0.9974364731709616,71.0,0.8436637254326835,18_1,18,1,lamp,112.426879883,47.2711448669,1.91544071321,0,437.449356726,0.236075371504
UBFC_A1/Eval_On_COHFACE,COHFACE,old,COHFACE_s18_session1_lamp,25,73.0,42.0,sub_harmonic_half,73.0,0.9999999999999999,72.0,0.9807454415766282,74.0,0.9062175205323556,42.0,0.9999999999999996,41.0,0.9884727999743381,72.0,0.9386831033340878,18_1,18,1,lamp,112.426879883,47.2711448669,1.91544071321,0,437.449356726,0.236075371504
UBFC_A1/Eval_On_COHFACE,COHFACE,old,COHFACE_s18_session1_lamp,26,73.0,40.0,sub_harmonic_half,73.0,0.9999999999999999,74.0,0.9459813119564364,72.0,0.9423024929274287,40.0,0.9999999999999997,41.0,0.992125002463183,70.0,0.9554011521444705,18_1,18,1,lamp,112.426879883,47.2711448669,1.91544071321,0,437.449356726,0.236075371504
UBFC_A1/Eval_On_COHFACE,COHFACE,old,COHFACE_s18_session1_lamp,27,74.0,75.0,correct,74.0,0.9999999999999999,73.0,0.9857018252206563,75.0,0.9019997490875267,75.0,0.9999999999999998,76.0,0.9781293556490371,74.0,0.9453044132627727,18_1,18,1,lamp,112.426879883,47.2711448669,1.91544071321,0,437.449356726,0.236075371504
UBFC_A1/Eval_On_COHFACE,COHFACE,old,COHFACE_s18_session1_lamp,28,74.0,75.0,correct,74.0,0.9999999999999999,75.0,0.9731483136168523,73.0,0.918765781901712,75.0,0.9999999999999998,74.0,0.9911131113826736,76.0,0.9446771049563275,18_1,18,1,lamp,112.426879883,47.2711448669,1.91544071321,0,437.449356726,0.236075371504
UBFC_A1/Eval_On_COHFACE,COHFACE,old,COHFACE_s18_session1_lamp,29,75.0,76.0,correct,75.0,0.9999999999999999,74.0,0.9958880189784262,76.0,0.8936875718878362,76.0,0.9999999999999999,75.0,0.9902323106403084,77.0,0.9335949763875967,18_1,18,1,lamp,112.426879883,47.2711448669,1.91544071321,0,437.449356726,0.236075371504
UBFC_A1/Eval_On_COHFACE,COHFACE,old,COHFACE_s18_session1_lamp,30,75.0,79.0,large_error,75.0,0.9999999999999999,76.0,0.978858751382338,74.0,0.9060667936937563,79.0,0.9999999999999998,80.0,0.9989651955045361,78.0,0.9221315279424224,18_1,18,1,lamp,112.426879883,47.2711448669,1.91544071321,0,437.449356726,0.236075371504
UBFC_A1/Eval_On_COHFACE,COHFACE,old,COHFACE_s18_session1_lamp,31,75.0,79.0,large_error,75.0,0.9999999999999999,76.0,0.971525161438012,74.0,0.9104831239120967,79.0,0.9999999999999998,78.0,0.9863619266472374,80.0,0.9396078372626271,18_1,18,1,lamp,112.426879883,47.2711448669,1.91544071321,0,437.449356726,0.236075371504
UBFC_A1/Eval_On_COHFACE,COHFACE,old,COHFACE_s18_session1_lamp,32,76.0,79.0,correct,76.0,0.9999999999999999,75.0,0.9976592949658561,77.0,0.8862534897332669,79.0,0.9999999999999998,80.0,0.9847431345784757,78.0,0.9171109041801092,18_1,18,1,lamp,112.426879883,47.2711448669,1.91544071321,0,437.449356726,0.236075371504
UBFC_A1/Eval_On_COHFACE,COHFACE,old,COHFACE_s18_session1_lamp,33,75.0,81.0,large_error,75.0,0.9999999999999999,76.0,0.947847144603347,74.0,0.937394515859618,81.0,0.9999999999999998,82.0,0.9782564993716191,80.0,0.9105607108477307,18_1,18,1,lamp,112.426879883,47.2711448669,1.91544071321,0,437.449356726,0.236075371504
UBFC_A1/Eval_On_COHFACE,COHFACE,old,COHFACE_s18_session1_lamp,34,75.0,81.0,large_error,75.0,1.0,76.0,0.9830923559295242,74.0,0.9030918891705861,81.0,0.9999999999999998,82.0,0.9819370314921257,80.0,0.9068545417208007,18_1,18,1,lamp,112.426879883,47.2711448669,1.91544071321,0,437.449356726,0.236075371504
UBFC_A1/Eval_On_COHFACE,COHFACE,old,COHFACE_s18_session1_lamp,35,75.0,43.0,sub_harmonic_half,75.0,0.9999999999999999,76.0,0.9855376643827509,74.0,0.9068364949762145,43.0,0.9999999999999997,42.0,0.9685753532479359,80.0,0.9542101016031826,18_1,18,1,lamp,112.426879883,47.2711448669,1.91544071321,0,437.449356726,0.236075371504
UBFC_A1/Eval_On_COHFACE,COHFACE,old,COHFACE_s18_session1_lamp,36,76.0,81.0,large_error,76.0,1.0,75.0,0.9648336468449958,77.0,0.9245472694194581,81.0,0.9999999999999998,82.0,0.9425027142361503,80.0,0.9370863549073013,18_1,18,1,lamp,112.426879883,47.2711448669,1.91544071321,0,437.449356726,0.236075371504
UBFC_A1/Eval_On_COHFACE,COHFACE,old,COHFACE_s18_session1_lamp,37,76.0,81.0,large_error,76.0,1.0,77.0,0.9551557752507651,75.0,0.9324873525195426,81.0,0.9999999999999997,82.0,0.9862673379369633,80.0,0.9146779580601776,18_1,18,1,lamp,112.426879883,47.2711448669,1.91544071321,0,437.449356726,0.236075371504
UBFC_A1/Eval_On_COHFACE,COHFACE,old,COHFACE_s18_session1_lamp,38,77.0,41.0,sub_harmonic_half,77.0,0.9999999999999999,76.0,0.9859984234533171,78.0,0.9057338969564289,41.0,0.9999999999999998,42.0,0.9841634739058758,40.0,0.9429746750764871,18_1,18,1,lamp,112.426879883,47.2711448669,1.91544071321,0,437.449356726,0.236075371504
UBFC_A1/Eval_On_COHFACE,COHFACE,old,COHFACE_s18_session1_lamp,39,77.0,40.0,sub_harmonic_half,77.0,0.9999999999999999,76.0,0.9986676204896531,78.0,0.8924317363192966,40.0,0.9999999999999998,41.0,0.9268361133159205,42.0,0.7749752182625114,18_1,18,1,lamp,112.426879883,47.2711448669,1.91544071321,0,437.449356726,0.236075371504
UBFC_A1/Eval_On_COHFACE,COHFACE,old,COHFACE_s18_session1_lamp,40,76.0,41.0,sub_harmonic_half,76.0,0.9999999999999999,77.0,0.9434061329505494,75.0,0.9375492663840675,41.0,0.9999999999999996,42.0,0.9770042915270907,40.0,0.9648595620516263,18_1,18,1,lamp,112.426879883,47.2711448669,1.91544071321,0,437.449356726,0.236075371504
UBFC_A1/Eval_On_COHFACE,COHFACE,old,COHFACE_s18_session1_lamp,41,75.0,77.0,correct,75.0,0.9999999999999999,76.0,0.946875381642216,74.0,0.9321314761894637,77.0,0.9999999999999998,76.0,0.9791966255399663,78.0,0.9138876482407843,18_1,18,1,lamp,112.426879883,47.2711448669,1.91544071321,0,437.449356726,0.236075371504
UBFC_A1/Eval_On_COHFACE,COHFACE,old,COHFACE_s18_session1_lamp,42,75.0,77.0,correct,75.0,0.9999999999999999,74.0,0.9739192415412578,76.0,0.9108403164574745,77.0,0.9999999999999996,40.0,0.9869282347035295,76.0,0.9559359027598334,18_1,18,1,lamp,112.426879883,47.2711448669,1.91544071321,0,437.449356726,0.236075371504
UBFC_A1/Eval_On_COHFACE,COHFACE,old,COHFACE_s18_session1_lamp,43,74.0,77.0,correct,74.0,0.9999999999999999,75.0,0.9676596701932204,73.0,0.917951465159662,77.0,0.9999999999999996,76.0,0.9587607621191929,78.0,0.9351475360852476,18_1,18,1,lamp,112.426879883,47.2711448669,1.91544071321,0,437.449356726,0.236075371504
UBFC_A1/Eval_On_COHFACE,COHFACE,old,COHFACE_s18_session1_lamp,44,74.0,59.0,large_error,74.0,0.9999999999999999,75.0,0.9724478528784943,73.0,0.916996067672765,59.0,0.9999999999999998,60.0,0.9917224075049723,58.0,0.9146379285239739,18_1,18,1,lamp,112.426879883,47.2711448669,1.91544071321,0,437.449356726,0.236075371504
UBFC_A1/Eval_On_COHFACE,COHFACE,old,COHFACE_s18_session1_lamp,45,75.0,81.0,large_error,75.0,0.9999999999999999,74.0,0.9465622798058891,76.0,0.9445902017640767,81.0,0.9999999999999996,80.0,0.9461047424520939,82.0,0.9329499930866763,18_1,18,1,lamp,112.426879883,47.2711448669,1.91544071321,0,437.449356726,0.236075371504
UBFC_A1/Eval_On_COHFACE,COHFACE,old,COHFACE_s18_session1_lamp,46,76.0,121.0,super_harmonic_1p5x,76.0,0.9999999999999999,75.0,0.9994793859961029,77.0,0.8939290038553803,121.0,0.9999999999999993,120.0,0.9651285668767118,122.0,0.9425339833739824,18_1,18,1,lamp,112.426879883,47.2711448669,1.91544071321,0,437.449356726,0.236075371504
UBFC_A1/Eval_On_COHFACE,COHFACE,old,COHFACE_s18_session1_lamp,47,76.0,55.0,large_error,76.0,0.9999999999999999,77.0,0.9638471971754591,75.0,0.9241416004575471,55.0,0.9999999999999996,54.0,0.9945243799451048,56.0,0.8139917171037858,18_1,18,1,lamp,112.426879883,47.2711448669,1.91544071321,0,437.449356726,0.236075371504
UBFC_A1/Eval_On_COHFACE,COHFACE,old,COHFACE_s18_session1_lamp,48,76.0,54.0,large_error,76.0,0.9999999999999999,77.0,0.9805289334805176,75.0,0.9024635466775408,54.0,0.9999999999999996,82.0,0.990724956556238,81.0,0.9819175448822903,18_1,18,1,lamp,112.426879883,47.2711448669,1.91544071321,0,437.449356726,0.236075371504
UBFC_A1/Eval_On_COHFACE,COHFACE,old,COHFACE_s18_session1_lamp,49,76.0,120.0,super_harmonic_1p5x,76.0,0.9999999999999999,77.0,0.9475980345877275,75.0,0.9306078207450942,120.0,0.9999999999999994,121.0,0.9652865455837762,119.0,0.9210284747763926,18_1,18,1,lamp,112.426879883,47.2711448669,1.91544071321,0,437.449356726,0.236075371504
UBFC_A1/Eval_On_COHFACE,COHFACE,old,COHFACE_s18_session1_lamp,50,76.0,51.0,large_error,76.0,0.9999999999999999,77.0,0.9424611412187569,75.0,0.9412878598208309,51.0,0.9999999999999998,52.0,0.9563754947360559,50.0,0.9253741685290511,18_1,18,1,lamp,112.426879883,47.2711448669,1.91544071321,0,437.449356726,0.236075371504
UBFC_A1/Eval_On_COHFACE,COHFACE,old,COHFACE_s18_session2_natural,0,76.0,40.0,sub_harmonic_half,76.0,1.0,75.0,0.975203359571201,77.0,0.891925416968205,40.0,0.9999999999999998,41.0,0.8125431691025553,81.0,0.6707621868083655,18_2,18,2,natural,115.032852173,57.8896903992,4.42329928619,0,500.868561506,0.233198463917
UBFC_A1/Eval_On_COHFACE,COHFACE,old,COHFACE_s18_session2_natural,1,75.0,82.0,large_error,75.0,1.0,76.0,0.9709321181927768,74.0,0.9145284045610433,82.0,0.9999999999999989,81.0,0.9796146988609394,83.0,0.9133593483438868,18_2,18,2,natural,115.032852173,57.8896903992,4.42329928619,0,500.868561506,0.233198463917
UBFC_A1/Eval_On_COHFACE,COHFACE,old,COHFACE_s18_session2_natural,2,76.0,43.0,sub_harmonic_half,76.0,1.0,75.0,0.9536291103598058,77.0,0.9366540060539108,43.0,0.9999999999999998,42.0,0.9583296222951238,44.0,0.9047826465536272,18_2,18,2,natural,115.032852173,57.8896903992,4.42329928619,0,500.868561506,0.233198463917
UBFC_A1/Eval_On_COHFACE,COHFACE,old,COHFACE_s18_session2_natural,3,76.0,42.0,sub_harmonic_half,76.0,1.0,75.0,0.9574205444781547,77.0,0.9346563354692143,42.0,0.9999999999999997,41.0,0.9780620037997397,43.0,0.9446545661706611,18_2,18,2,natural,115.032852173,57.8896903992,4.42329928619,0,500.868561506,0.233198463917
UBFC_A1/Eval_On_COHFACE,COHFACE,old,COHFACE_s18_session2_natural,4,76.0,78.0,correct,76.0,1.0,75.0,0.9568757433049979,77.0,0.9317145373813638,78.0,0.9999999999999998,77.0,0.964788261663505,79.0,0.9632310238510486,18_2,18,2,natural,115.032852173,57.8896903992,4.42329928619,0,500.868561506,0.233198463917
UBFC_A1/Eval_On_COHFACE,COHFACE,old,COHFACE_s18_session2_natural,5,76.0,44.0,sub_harmonic_half,76.0,0.9999999999999999,75.0,0.9674033385768855,77.0,0.9200653919773869,44.0,0.9999999999999998,45.0,0.9620666252044651,43.0,0.9483435088231481,18_2,18,2,natural,115.032852173,57.8896903992,4.42329928619,0,500.868561506,0.233198463917
UBFC_A1/Eval_On_COHFACE,COHFACE,old,COHFACE_s18_session2_natural,6,76.0,77.0,correct,76.0,0.9999999999999999,75.0,0.9495966334928821,77.0,0.9367326880932195,77.0,0.9999999999999996,76.0,0.9538608196733865,78.0,0.9522891366922728,18_2,18,2,natural,115.032852173,57.8896903992,4.42329928619,0,500.868561506,0.233198463917
UBFC_A1/Eval_On_COHFACE,COHFACE,old,COHFACE_s18_session2_natural,7,76.0,58.0,large_error,76.0,0.9999999999999999,75.0,0.9989850116004808,77.0,0.8834064960585776,58.0,0.9999999999999998,59.0,0.9705102025548614,57.0,0.9000950838392633,18_2,18,2,natural,115.032852173,57.8896903992,4.42329928619,0,500.868561506,0.233198463917
UBFC_A1/Eval_On_COHFACE,COHFACE,old,COHFACE_s18_session2_natural,8,75.0,73.0,correct,75.0,0.9999999999999999,76.0,0.9898451902014185,74.0,0.8910662208781824,73.0,0.9999999999999999,74.0,0.9810185637789525,72.0,0.9118502541716944,18_2,18,2,natural,115.032852173,57.8896903992,4.42329928619,0,500.868561506,0.233198463917
UBFC_A1/Eval_On_COHFACE,COHFACE,old,COHFACE_s18_session2_natural,9,75.0,73.0,correct,75.0,0.9999999999999998,76.0,0.991338260056792,74.0,0.889691355835595,73.0,0.9999999999999996,72.0,0.9505493790363222,74.0,0.9249224575376246,18_2,18,2,natural,115.032852173,57.8896903992,4.42329928619,0,500.868561506,0.233198463917
UBFC_A1/Eval_On_COHFACE,COHFACE,old,COHFACE_s18_session2_natural,10,76.0,61.99999999999999,large_error,76.0,0.9999999999999998,75.0,0.9874923256528088,77.0,0.8954102656147581,61.99999999999999,0.9999999999999992,61.0,0.9976781624014042,40.0,0.9969729655992513,18_2,18,2,natural,115.032852173,57.8896903992,4.42329928619,0,500.868561506,0.233198463917
UBFC_A1/Eval_On_COHFACE,COHFACE,old,COHFACE_s18_session2_natural,11,76.0,40.0,sub_harmonic_half,76.0,0.9999999999999998,75.0,0.9506414209895221,77.0,0.9378227452247446,40.0,0.9999999999999997,41.0,0.9635915760699703,42.0,0.8551403393120176,18_2,18,2,natural,115.032852173,57.8896903992,4.42329928619,0,500.868561506,0.233198463917
UBFC_A1/Eval_On_COHFACE,COHFACE,old,COHFACE_s18_session2_natural,12,76.0,40.0,sub_harmonic_half,76.0,0.9999999999999998,77.0,0.9969689192731578,75.0,0.899198114132909,40.0,0.9999999999999997,63.0,0.9556455916586816,64.0,0.9555161149013865,18_2,18,2,natural,115.032852173,57.8896903992,4.42329928619,0,500.868561506,0.233198463917
UBFC_A1/Eval_On_COHFACE,COHFACE,old,COHFACE_s18_session2_natural,13,77.0,40.0,sub_harmonic_half,77.0,0.9999999999999999,76.0,0.9424068384388432,78.0,0.9416001116139845,40.0,0.9999999999999994,41.0,0.82209280062403,42.0,0.6341532134214252,18_2,18,2,natural,115.032852173,57.8896903992,4.42329928619,0,500.868561506,0.233198463917
UBFC_A1/Eval_On_COHFACE,COHFACE,old,COHFACE_s18_session2_natural,14,77.0,61.0,large_error,77.0,0.9999999999999999,76.0,0.9503968995792759,78.0,0.9351275528548499,61.0,0.9999999999999996,61.99999999999999,0.9894483278932603,40.0,0.9409729081322549,18_2,18,2,natural,115.032852173,57.8896903992,4.42329928619,0,500.868561506,0.233198463917
UBFC_A1/Eval_On_COHFACE,COHFACE,old,COHFACE_s18_session2_natural,15,77.0,61.0,large_error,77.0,0.9999999999999999,76.0,0.9934414483659757,78.0,0.8895764790649409,61.0,0.9999999999999997,61.99999999999999,0.9644353565498005,60.0,0.9534300858387453,18_2,18,2,natural,115.032852173,57.8896903992,4.42329928619,0,500.868561506,0.233198463917
UBFC_A1/Eval_On_COHFACE,COHFACE,old,COHFACE_s18_session2_natural,16,76.0,74.0,correct,76.0,0.9999999999999999,75.0,0.9978896749300556,77.0,0.8875747791900469,74.0,0.9999999999999996,73.0,0.9719589052430024,75.0,0.961182718585968,18_2,18,2,natural,115.032852173,57.8896903992,4.42329928619,0,500.868561506,0.233198463917
UBFC_A1/Eval_On_COHFACE,COHFACE,old,COHFACE_s18_session2_natural,17,75.0,76.0,correct,75.0,0.9999999999999999,76.0,0.9680533323140608,74.0,0.9216547508450594,76.0,0.9999999999999999,75.0,0.9479841900357208,77.0,0.9379269479356829,18_2,18,2,natural,115.032852173,57.8896903992,4.42329928619,0,500.868561506,0.233198463917
UBFC_A1/Eval_On_COHFACE,COHFACE,old,COHFACE_s18_session2_natural,18,75.0,78.0,correct,75.0,0.9999999999999999,74.0,0.9651456182702045,76.0,0.931690570614016,78.0,0.9999999999999998,79.0,0.9941732992718308,77.0,0.9855088354792817,18_2,18,2,natural,115.032852173,57.8896903992,4.42329928619,0,500.868561506,0.233198463917
UBFC_A1/Eval_On_COHFACE,COHFACE,old,COHFACE_s18_session2_natural,19,75.0,78.0,correct,75.0,0.9999999999999999,76.0,0.9613348768277914,74.0,0.930533608951946,78.0,0.9999999999999999,79.0,0.9673219149243099,77.0,0.963221933082857,18_2,18,2,natural,115.032852173,57.8896903992,4.42329928619,0,500.868561506,0.233198463917
UBFC_A1/Eval_On_COHFACE,COHFACE,old,COHFACE_s18_session2_natural,20,75.0,77.0,correct,75.0,0.9999999999999999,76.0,0.994518643195614,74.0,0.8941005132912572,77.0,0.9999999999999998,76.0,0.9985436059125656,78.0,0.9267747032470771,18_2,18,2,natural,115.032852173,57.8896903992,4.42329928619,0,500.868561506,0.233198463917
UBFC_A1/Eval_On_COHFACE,COHFACE,old,COHFACE_s18_session2_natural,21,76.0,78.0,correct,76.0,0.9999999999999999,75.0,0.9450178127570178,77.0,0.9431519545966973,78.0,0.9999999999999998,77.0,0.9932299808481553,79.0,0.9640375456934702,18_2,18,2,natural,115.032852173,57.8896903992,4.42329928619,0,500.868561506,0.233198463917
UBFC_A1/Eval_On_COHFACE,COHFACE,old,COHFACE_s18_session2_natural,22,76.0,80.0,large_error,76.0,0.9999999999999999,75.0,0.9511738844268427,77.0,0.9336863328630275,80.0,0.9999999999999997,79.0,0.9987049764241713,81.0,0.9560735639910706,18_2,18,2,natural,115.032852173,57.8896903992,4.42329928619,0,500.868561506,0.233198463917
UBFC_A1/Eval_On_COHFACE,COHFACE,old,COHFACE_s18_session2_natural,23,76.0,43.0,sub_harmonic_half,76.0,0.9999999999999999,75.0,0.9533861128381772,77.0,0.9245984014766864,43.0,0.9999999999999997,44.0,0.9744341632517558,42.0,0.9554466845745204,18_2,18,2,natural,115.032852173,57.8896903992,4.42329928619,0,500.868561506,0.233198463917
UBFC_A1/Eval_On_COHFACE,COHFACE,old,COHFACE_s18_session2_natural,24,75.0,40.0,sub_harmonic_half,75.0,0.9999999999999999,74.0,0.9521499196816413,76.0,0.9314566466700738,40.0,0.9999999999999996,41.0,0.8649539570881343,49.0,0.7222638703051706,18_2,18,2,natural,115.032852173,57.8896903992,4.42329928619,0,500.868561506,0.233198463917
UBFC_A1/Eval_On_COHFACE,COHFACE,old,COHFACE_s18_session2_natural,25,75.0,40.0,sub_harmonic_half,75.0,0.9999999999999999,74.0,0.9645393553424032,76.0,0.9208666795265007,40.0,0.9999999999999986,80.0,0.8479155852945977,81.0,0.8272568611866881,18_2,18,2,natural,115.032852173,57.8896903992,4.42329928619,0,500.868561506,0.233198463917
UBFC_A1/Eval_On_COHFACE,COHFACE,old,COHFACE_s18_session2_natural,26,75.0,61.0,large_error,75.0,0.9999999999999999,74.0,0.9825037338112522,76.0,0.9025791966865129,61.0,0.9999999999999998,60.0,0.9966453879762663,61.99999999999999,0.8427550020407477,18_2,18,2,natural,115.032852173,57.8896903992,4.42329928619,0,500.868561506,0.233198463917
UBFC_A1/Eval_On_COHFACE,COHFACE,old,COHFACE_s18_session2_natural,27,75.0,40.0,sub_harmonic_half,75.0,0.9999999999999999,74.0,0.9631104296517595,76.0,0.9226701409742247,40.0,0.9999999999999996,73.0,0.9691660927720843,74.0,0.9342587733165862,18_2,18,2,natural,115.032852173,57.8896903992,4.42329928619,0,500.868561506,0.233198463917
UBFC_A1/Eval_On_COHFACE,COHFACE,old,COHFACE_s18_session2_natural,28,75.0,83.0,large_error,75.0,0.9999999999999999,74.0,0.9504347554924564,76.0,0.9365547988341221,83.0,0.9999999999999996,82.0,0.9570704333323239,84.0,0.9255118018936711,18_2,18,2,natural,115.032852173,57.8896903992,4.42329928619,0,500.868561506,0.233198463917
UBFC_A1/Eval_On_COHFACE,COHFACE,old,COHFACE_s18_session2_natural,29,75.0,80.0,large_error,75.0,0.9999999999999999,76.0,0.9589015950849765,74.0,0.9272408272377347,80.0,0.9999999999999998,79.0,0.9814035340281072,81.0,0.96545719260552,18_2,18,2,natural,115.032852173,57.8896903992,4.42329928619,0,500.868561506,0.233198463917
UBFC_A1/Eval_On_COHFACE,COHFACE,old,COHFACE_s18_session2_natural,30,75.0,80.0,large_error,75.0,0.9999999999999999,76.0,0.9598399258098478,74.0,0.9294468732796666,80.0,0.9999999999999998,81.0,0.9762640169307895,79.0,0.9269025834890491,18_2,18,2,natural,115.032852173,57.8896903992,4.42329928619,0,500.868561506,0.233198463917
UBFC_A1/Eval_On_COHFACE,COHFACE,old,COHFACE_s18_session2_natural,31,75.0,78.0,correct,75.0,0.9999999999999999,76.0,0.9835280990371861,74.0,0.9051406880034925,78.0,0.9999999999999998,77.0,0.9850093375146075,79.0,0.9632194392516596,18_2,18,2,natural,115.032852173,57.8896903992,4.42329928619,0,500.868561506,0.233198463917
UBFC_A1/Eval_On_COHFACE,COHFACE,old,COHFACE_s18_session2_natural,32,75.0,76.0,correct,75.0,0.9999999999999999,76.0,0.9572715014730055,74.0,0.9260114012459042,76.0,0.9999999999999999,77.0,0.9969006991140807,75.0,0.8988742904409526,18_2,18,2,natural,115.032852173,57.8896903992,4.42329928619,0,500.868561506,0.233198463917
UBFC_A1/Eval_On_COHFACE,COHFACE,old,COHFACE_s18_session2_natural,33,76.0,77.0,correct,76.0,0.9999999999999999,75.0,0.9935543885662809,77.0,0.8946637428582863,77.0,0.9999999999999997,76.0,0.9805222232064261,78.0,0.9372898825518405,18_2,18,2,natural,115.032852173,57.8896903992,4.42329928619,0,500.868561506,0.233198463917
UBFC_A1/Eval_On_COHFACE,COHFACE,old,COHFACE_s18_session2_natural,34,76.0,77.0,correct,76.0,0.9999999999999999,75.0,0.950348667365786,77.0,0.9348250633096002,77.0,0.9999999999999994,78.0,0.9695686234213647,76.0,0.9292358868407747,18_2,18,2,natural,115.032852173,57.8896903992,4.42329928619,0,500.868561506,0.233198463917
UBFC_A1/Eval_On_COHFACE,COHFACE,old,COHFACE_s18_session2_natural,35,76.0,43.0,sub_harmonic_half,76.0,1.0,77.0,0.9431316242577694,75.0,0.9411583758054237,43.0,0.9999999999999998,44.0,0.9713212903650063,42.0,0.9071059637807575,18_2,18,2,natural,115.032852173,57.8896903992,4.42329928619,0,500.868561506,0.233198463917
UBFC_A1/Eval_On_COHFACE,COHFACE,old,COHFACE_s18_session2_natural,36,76.0,41.0,sub_harmonic_half,76.0,1.0,77.0,0.982226803113369,75.0,0.90278864913442,41.0,0.9999999999999996,40.0,0.9874017884568476,42.0,0.9060667662044862,18_2,18,2,natural,115.032852173,57.8896903992,4.42329928619,0,500.868561506,0.233198463917
UBFC_A1/Eval_On_COHFACE,COHFACE,old,COHFACE_s18_session2_natural,37,77.0,44.0,sub_harmonic_half,77.0,0.9999999999999999,76.0,0.9821330579527882,78.0,0.9092473253021512,44.0,0.9999999999999997,43.0,0.9886661214731587,45.0,0.8782974547454844,18_2,18,2,natural,115.032852173,57.8896903992,4.42329928619,0,500.868561506,0.233198463917
UBFC_A1/Eval_On_COHFACE,COHFACE,old,COHFACE_s18_session2_natural,38,77.0,44.0,sub_harmonic_half,77.0,1.0,76.0,0.9844725949691643,78.0,0.8992647529072637,44.0,0.9999999999999998,45.0,0.9882879768866639,43.0,0.9079141722881755,18_2,18,2,natural,115.032852173,57.8896903992,4.42329928619,0,500.868561506,0.233198463917
UBFC_A1/Eval_On_COHFACE,COHFACE,old,COHFACE_s18_session2_natural,39,77.0,44.0,sub_harmonic_half,77.0,1.0,76.0,0.9648473787415018,78.0,0.9207949856284435,44.0,0.9999999999999997,43.0,0.9624512657555083,45.0,0.9441226667298313,18_2,18,2,natural,115.032852173,57.8896903992,4.42329928619,0,500.868561506,0.233198463917
UBFC_A1/Eval_On_COHFACE,COHFACE,old,COHFACE_s18_session2_natural,40,77.0,40.0,sub_harmonic_half,77.0,1.0,78.0,0.9588138920877778,76.0,0.9276342164116608,40.0,0.9999999999999986,41.0,0.9249324538312103,42.0,0.8115958275002425,18_2,18,2,natural,115.032852173,57.8896903992,4.42329928619,0,500.868561506,0.233198463917
UBFC_A1/Eval_On_COHFACE,COHFACE,old,COHFACE_s18_session2_natural,41,77.0,45.0,sub_harmonic_half,77.0,1.0,78.0,0.9909174990171197,76.0,0.9004590990427852,45.0,0.9999999999999996,46.0,0.955269434978492,44.0,0.8979991195701649,18_2,18,2,natural,115.032852173,57.8896903992,4.42329928619,0,500.868561506,0.233198463917
UBFC_A1/Eval_On_COHFACE,COHFACE,old,COHFACE_s18_session2_natural,42,78.0,74.0,large_error,78.0,1.0,77.0,0.9973560617641419,79.0,0.8937456996889085,74.0,0.9999999999999998,73.0,0.9732160521846921,75.0,0.9183849412779342,18_2,18,2,natural,115.032852173,57.8896903992,4.42329928619,0,500.868561506,0.233198463917
UBFC_A1/Eval_On_COHFACE,COHFACE,old,COHFACE_s18_session2_natural,43,78.0,76.0,correct,78.0,1.0,77.0,0.9736967163116692,79.0,0.9106710347550122,76.0,0.9999999999999993,75.0,0.9886840033854016,77.0,0.8933036633566944,18_2,18,2,natural,115.032852173,57.8896903992,4.42329928619,0,500.868561506,0.233198463917
UBFC_A1/Eval_On_COHFACE,COHFACE,old,COHFACE_s18_session2_natural,44,78.0,77.0,correct,78.0,1.0,77.0,0.996135562065218,79.0,0.8935551869024292,77.0,0.9999999999999997,76.0,0.9645888668511494,60.0,0.9501344411151615,18_2,18,2,natural,115.032852173,57.8896903992,4.42329928619,0,500.868561506,0.233198463917
UBFC_A1/Eval_On_COHFACE,COHFACE,old,COHFACE_s18_session2_natural,45,77.0,75.0,correct,77.0,1.0,78.0,0.9542106519629294,76.0,0.9310092591786777,75.0,0.9999999999999999,76.0,0.9873029054585083,74.0,0.9034546613595527,18_2,18,2,natural,115.032852173,57.8896903992,4.42329928619,0,500.868561506,0.233198463917
UBFC_A1/Eval_On_COHFACE,COHFACE,old,COHFACE_s18_session2_natural,46,76.0,74.0,correct,76.0,0.9999999999999999,77.0,0.9702638568193362,75.0,0.9197883737684373,74.0,0.9999999999999999,75.0,0.960781645182607,73.0,0.9342405381815209,18_2,18,2,natural,115.032852173,57.8896903992,4.42329928619,0,500.868561506,0.233198463917
UBFC_A1/Eval_On_COHFACE,COHFACE,old,COHFACE_s18_session2_natural,47,76.0,76.0,correct,76.0,1.0,75.0,0.9629536656570603,77.0,0.9180044442614972,76.0,0.9999999999999999,75.0,0.9842041385298905,77.0,0.9008633788085596,18_2,18,2,natural,115.032852173,57.8896903992,4.42329928619,0,500.868561506,0.233198463917
UBFC_A1/Eval_On_COHFACE,COHFACE,old,COHFACE_s18_session2_natural,48,75.0,75.0,correct,75.0,1.0,76.0,0.9992073856515664,74.0,0.8944205579976472,75.0,0.9999999999999998,74.0,0.9936208616101919,76.0,0.9097813088871085,18_2,18,2,natural,115.032852173,57.8896903992,4.42329928619,0,500.868561506,0.233198463917
UBFC_A1/Eval_On_COHFACE,COHFACE,old,COHFACE_s18_session2_natural,49,76.0,74.0,correct,76.0,1.0,75.0,0.9763552188122187,77.0,0.9135104358314504,74.0,0.9999999999999999,75.0,0.9900166922483185,73.0,0.9339039153329469,18_2,18,2,natural,115.032852173,57.8896903992,4.42329928619,0,500.868561506,0.233198463917
UBFC_A1/Eval_On_COHFACE,COHFACE,old,COHFACE_s18_session2_natural,50,76.0,74.0,correct,76.0,1.0,77.0,0.9486685463827504,75.0,0.9377809299529936,74.0,0.9999999999999999,75.0,0.9824762596716251,73.0,0.9355157744013536,18_2,18,2,natural,115.032852173,57.8896903992,4.42329928619,0,500.868561506,0.233198463917
UBFC_A1/Eval_On_COHFACE,COHFACE,old,COHFACE_s18_session3_natural,0,82.0,82.0,correct,82.0,0.9999999999999999,81.0,0.9849801509691907,83.0,0.9573397858127866,82.0,0.9999999999999997,81.0,0.9699028490057248,83.0,0.9053391569314984,18_3,18,3,natural,112.597251892,57.0235748291,4.36585846438,0,485.707951667,0.216927990317
UBFC_A1/Eval_On_COHFACE,COHFACE,old,COHFACE_s18_session3_natural,1,82.0,47.0,sub_harmonic_half,82.0,1.0,81.0,0.9789758202903306,83.0,0.9032636114357309,47.0,0.9999999999999993,48.0,0.995793736861301,46.0,0.9276053399299015,18_3,18,3,natural,112.597251892,57.0235748291,4.36585846438,0,485.707951667,0.216927990317
UBFC_A1/Eval_On_COHFACE,COHFACE,old,COHFACE_s18_session3_natural,2,81.0,52.0,large_error,81.0,1.0,80.0,0.9800185746726763,82.0,0.9062310374126059,52.0,0.9999999999999998,51.0,0.9644090971968117,53.0,0.8905350744868965,18_3,18,3,natural,112.597251892,57.0235748291,4.36585846438,0,485.707951667,0.216927990317
UBFC_A1/Eval_On_COHFACE,COHFACE,old,COHFACE_s18_session3_natural,3,80.0,81.0,correct,80.0,1.0,79.0,0.9883250232658821,81.0,0.9073497218429952,81.0,0.9999999999999996,80.0,0.9481150030109284,82.0,0.9447854086091071,18_3,18,3,natural,112.597251892,57.0235748291,4.36585846438,0,485.707951667,0.216927990317
UBFC_A1/Eval_On_COHFACE,COHFACE,old,COHFACE_s18_session3_natural,4,79.0,51.0,large_error,79.0,1.0,80.0,0.9461903282011566,78.0,0.9426567275832023,51.0,0.9999999999999993,52.0,0.9969002769227114,81.0,0.9436149215005584,18_3,18,3,natural,112.597251892,57.0235748291,4.36585846438,0,485.707951667,0.216927990317
UBFC_A1/Eval_On_COHFACE,COHFACE,old,COHFACE_s18_session3_natural,5,78.0,79.0,correct,78.0,1.0,79.0,0.9611557176997377,77.0,0.927467923989141,79.0,0.9999999999999998,78.0,0.9619625459497703,80.0,0.9312098388813841,18_3,18,3,natural,112.597251892,57.0235748291,4.36585846438,0,485.707951667,0.216927990317
UBFC_A1/Eval_On_COHFACE,COHFACE,old,COHFACE_s18_session3_natural,6,78.0,78.0,correct,78.0,1.0,77.0,0.9551796696238821,79.0,0.9307558810351216,78.0,0.9999999999999998,79.0,0.9778423913691542,77.0,0.9278585833612174,18_3,18,3,natural,112.597251892,57.0235748291,4.36585846438,0,485.707951667,0.216927990317
UBFC_A1/Eval_On_COHFACE,COHFACE,old,COHFACE_s18_session3_natural,7,78.0,78.0,correct,78.0,1.0,79.0,0.9527125137059863,77.0,0.9290183290020932,78.0,0.9999999999999998,79.0,0.9999086133908398,77.0,0.9519893579025402,18_3,18,3,natural,112.597251892,57.0235748291,4.36585846438,0,485.707951667,0.216927990317
UBFC_A1/Eval_On_COHFACE,COHFACE,old,COHFACE_s18_session3_natural,8,78.0,76.0,correct,78.0,1.0,77.0,0.9707811763054803,79.0,0.9121940821347655,76.0,0.9999999999999998,59.0,0.952056129246312,77.0,0.9514687516707944,18_3,18,3,natural,112.597251892,57.0235748291,4.36585846438,0,485.707951667,0.216927990317
UBFC_A1/Eval_On_COHFACE,COHFACE,old,COHFACE_s18_session3_natural,9,78.0,76.0,correct,78.0,1.0,77.0,0.9817218132607635,79.0,0.9078706817687161,76.0,0.9999999999999999,77.0,0.9662852574497576,75.0,0.9467382817277078,18_3,18,3,natural,112.597251892,57.0235748291,4.36585846438,0,485.707951667,0.216927990317
UBFC_A1/Eval_On_COHFACE,COHFACE,old,COHFACE_s18_session3_natural,10,77.0,76.0,correct,77.0,1.0,78.0,0.9598502271989614,76.0,0.9280892350408622,76.0,0.9999999999999999,77.0,0.9941717893254143,75.0,0.9426059883461406,18_3,18,3,natural,112.597251892,57.0235748291,4.36585846438,0,485.707951667,0.216927990317
UBFC_A1/Eval_On_COHFACE,COHFACE,old,COHFACE_s18_session3_natural,11,77.0,77.0,correct,77.0,1.0,76.0,0.9876281834322089,78.0,0.8990419660171822,77.0,0.9999999999999999,78.0,0.9893697155345647,76.0,0.9154691509802341,18_3,18,3,natural,112.597251892,57.0235748291,4.36585846438,0,485.707951667,0.216927990317
UBFC_A1/Eval_On_COHFACE,COHFACE,old,COHFACE_s18_session3_natural,12,77.0,80.0,correct,77.0,1.0,76.0,0.9938803066528392,78.0,0.8997543132321024,80.0,0.9999999999999998,81.0,0.9704533191079492,79.0,0.9591343498558829,18_3,18,3,natural,112.597251892,57.0235748291,4.36585846438,0,485.707951667,0.216927990317
UBFC_A1/Eval_On_COHFACE,COHFACE,old,COHFACE_s18_session3_natural,13,77.0,80.0,correct,77.0,1.0,76.0,0.9953453816514555,78.0,0.8915012309401784,80.0,0.9999999999999998,81.0,0.9952722902623307,79.0,0.9372967251833083,18_3,18,3,natural,112.597251892,57.0235748291,4.36585846438,0,485.707951667,0.216927990317
UBFC_A1/Eval_On_COHFACE,COHFACE,old,COHFACE_s18_session3_natural,14,77.0,60.0,large_error,77.0,0.9999999999999999,76.0,0.9870738999064431,78.0,0.8990414226434124,60.0,0.9999999999999999,59.0,0.9291814612468253,61.0,0.9281300181511675,18_3,18,3,natural,112.597251892,57.0235748291,4.36585846438,0,485.707951667,0.216927990317
UBFC_A1/Eval_On_COHFACE,COHFACE,old,COHFACE_s18_session3_natural,15,77.0,82.0,large_error,77.0,0.9999999999999999,78.0,0.969786684036097,76.0,0.9188017501804893,82.0,0.9999999999999999,81.0,0.982626737188376,83.0,0.9442822034843907,18_3,18,3,natural,112.597251892,57.0235748291,4.36585846438,0,485.707951667,0.216927990317
UBFC_A1/Eval_On_COHFACE,COHFACE,old,COHFACE_s18_session3_natural,16,78.0,77.0,correct,78.0,0.9999999999999999,77.0,0.9891895893992521,79.0,0.9009378146180282,77.0,0.9999999999999998,76.0,0.9416918880036628,78.0,0.9396762038415297,18_3,18,3,natural,112.597251892,57.0235748291,4.36585846438,0,485.707951667,0.216927990317
UBFC_A1/Eval_On_COHFACE,COHFACE,old,COHFACE_s18_session3_natural,17,77.0,60.0,large_error,77.0,0.9999999999999999,78.0,0.9892686088276017,76.0,0.8944641525857717,60.0,0.9999999999999999,61.0,0.9710877049471549,59.0,0.94923973196282,18_3,18,3,natural,112.597251892,57.0235748291,4.36585846438,0,485.707951667,0.216927990317
UBFC_A1/Eval_On_COHFACE,COHFACE,old,COHFACE_s18_session3_natural,18,78.0,66.0,large_error,78.0,0.9999999999999999,77.0,0.9941470556065655,79.0,0.8893455838396349,66.0,0.9999999999999998,65.0,0.989331825961571,67.0,0.9689242591159739,18_3,18,3,natural,112.597251892,57.0235748291,4.36585846438,0,485.707951667,0.216927990317
UBFC_A1/Eval_On_COHFACE,COHFACE,old,COHFACE_s18_session3_natural,19,78.0,64.0,large_error,78.0,0.9999999999999999,77.0,0.9540876178633053,79.0,0.9330751387711335,64.0,0.9999999999999997,63.0,0.9350980306741656,65.0,0.9131446970355942,18_3,18,3,natural,112.597251892,57.0235748291,4.36585846438,0,485.707951667,0.216927990317
UBFC_A1/Eval_On_COHFACE,COHFACE,old,COHFACE_s18_session3_natural,20,78.0,53.0,large_error,78.0,0.9999999999999999,79.0,0.9423263918764787,77.0,0.9419605867658032,53.0,0.9999999999999999,54.0,0.9497260885831408,52.0,0.8954542221195453,18_3,18,3,natural,112.597251892,57.0235748291,4.36585846438,0,485.707951667,0.216927990317
UBFC_A1/Eval_On_COHFACE,COHFACE,old,COHFACE_s18_session3_natural,21,79.0,63.0,large_error,79.0,0.9999999999999999,80.0,0.949967455685667,78.0,0.9369817488407787,63.0,0.9999999999999997,64.0,0.9998977909570428,53.0,0.9283317776531443,18_3,18,3,natural,112.597251892,57.0235748291,4.36585846438,0,485.707951667,0.216927990317
UBFC_A1/Eval_On_COHFACE,COHFACE,old,COHFACE_s18_session3_natural,22,80.0,64.0,large_error,80.0,0.9999999999999999,79.0,0.9677513095241037,81.0,0.9251044568979563,64.0,0.9999999999999996,63.0,0.9539372150425215,65.0,0.9244210369927696,18_3,18,3,natural,112.597251892,57.0235748291,4.36585846438,0,485.707951667,0.216927990317
UBFC_A1/Eval_On_COHFACE,COHFACE,old,COHFACE_s18_session3_natural,23,80.0,67.0,large_error,80.0,0.9999999999999999,79.0,0.9456211235044858,81.0,0.9429176905587956,67.0,0.9999999999999999,66.0,0.9843698375658817,68.0,0.9248287248722149,18_3,18,3,natural,112.597251892,57.0235748291,4.36585846438,0,485.707951667,0.216927990317
UBFC_A1/Eval_On_COHFACE,COHFACE,old,COHFACE_s18_session3_natural,24,80.0,65.0,large_error,80.0,0.9999999999999999,81.0,0.9773246015586599,79.0,0.9009969438573564,65.0,0.9999999999999998,66.0,0.9735608404915488,64.0,0.934636169116926,18_3,18,3,natural,112.597251892,57.0235748291,4.36585846438,0,485.707951667,0.216927990317
UBFC_A1/Eval_On_COHFACE,COHFACE,old,COHFACE_s18_session3_natural,25,79.0,50.0,large_error,79.0,0.9999999999999999,80.0,0.9954135583321794,78.0,0.8908505675079688,50.0,0.9999999999999997,51.0,0.9624838376680779,49.0,0.9605628726302898,18_3,18,3,natural,112.597251892,57.0235748291,4.36585846438,0,485.707951667,0.216927990317
UBFC_A1/Eval_On_COHFACE,COHFACE,old,COHFACE_s18_session3_natural,26,79.0,45.0,sub_harmonic_half,79.0,0.9999999999999999,78.0,0.995355045416281,80.0,0.8927114040157567,45.0,0.9999999999999999,44.0,0.9924235416109468,46.0,0.9324715341953851,18_3,18,3,natural,112.597251892,57.0235748291,4.36585846438,0,485.707951667,0.216927990317
UBFC_A1/Eval_On_COHFACE,COHFACE,old,COHFACE_s18_session3_natural,27,78.0,45.0,sub_harmonic_half,78.0,0.9999999999999999,77.0,0.9901839214149937,79.0,0.8970125546479344,45.0,0.9999999999999999,46.0,0.9969164643830517,44.0,0.9484638339064684,18_3,18,3,natural,112.597251892,57.0235748291,4.36585846438,0,485.707951667,0.216927990317
UBFC_A1/Eval_On_COHFACE,COHFACE,old,COHFACE_s18_session3_natural,28,77.0,44.0,sub_harmonic_half,77.0,0.9999999999999999,76.0,0.9666874381716584,78.0,0.9176632032960178,44.0,0.9999999999999999,45.0,0.9796703318702081,43.0,0.9501898490091484,18_3,18,3,natural,112.597251892,57.0235748291,4.36585846438,0,485.707951667,0.216927990317
UBFC_A1/Eval_On_COHFACE,COHFACE,old,COHFACE_s18_session3_natural,29,77.0,45.0,sub_harmonic_half,77.0,0.9999999999999999,76.0,0.956385975043218,78.0,0.9377861974614854,45.0,0.9999999999999999,44.0,0.970612468092717,46.0,0.9347830731688107,18_3,18,3,natural,112.597251892,57.0235748291,4.36585846438,0,485.707951667,0.216927990317
UBFC_A1/Eval_On_COHFACE,COHFACE,old,COHFACE_s18_session3_natural,30,78.0,66.0,large_error,78.0,0.9999999999999999,77.0,0.9771009118251662,79.0,0.913773422730248,66.0,0.9999999999999997,65.0,0.9760801560724758,49.0,0.9531456013851698,18_3,18,3,natural,112.597251892,57.0235748291,4.36585846438,0,485.707951667,0.216927990317
UBFC_A1/Eval_On_COHFACE,COHFACE,old,COHFACE_s18_session3_natural,31,78.0,61.0,large_error,78.0,0.9999999999999999,79.0,0.9666971417813931,77.0,0.920625847557419,61.0,0.9999999999999998,60.0,0.9622403235614765,61.99999999999999,0.9378715991790206,18_3,18,3,natural,112.597251892,57.0235748291,4.36585846438,0,485.707951667,0.216927990317
UBFC_A1/Eval_On_COHFACE,COHFACE,old,COHFACE_s18_session3_natural,32,79.0,61.0,large_error,79.0,0.9999999999999999,78.0,0.9452909526152549,80.0,0.9452145373516819,61.0,0.9999999999999998,61.99999999999999,0.9528718124290896,60.0,0.9247677814230537,18_3,18,3,natural,112.597251892,57.0235748291,4.36585846438,0,485.707951667,0.216927990317
UBFC_A1/Eval_On_COHFACE,COHFACE,old,COHFACE_s18_session3_natural,33,79.0,60.0,large_error,79.0,0.9999999999999999,78.0,0.9694028207829404,80.0,0.916583231014595,60.0,0.9999999999999999,61.0,0.9871626218944699,59.0,0.9049541039885307,18_3,18,3,natural,112.597251892,57.0235748291,4.36585846438,0,485.707951667,0.216927990317
UBFC_A1/Eval_On_COHFACE,COHFACE,old,COHFACE_s18_session3_natural,34,78.0,61.0,large_error,78.0,0.9999999999999999,79.0,0.9850655505126159,77.0,0.8961343556372265,61.0,0.9999999999999998,60.0,0.9865530251437672,61.99999999999999,0.907400604158541,18_3,18,3,natural,112.597251892,57.0235748291,4.36585846438,0,485.707951667,0.216927990317
UBFC_A1/Eval_On_COHFACE,COHFACE,old,COHFACE_s18_session3_natural,35,77.0,76.0,correct,77.0,0.9999999999999999,78.0,0.9921668714702965,76.0,0.894378348310546,76.0,0.9999999999999999,77.0,0.9566557058863859,75.0,0.9426586667758666,18_3,18,3,natural,112.597251892,57.0235748291,4.36585846438,0,485.707951667,0.216927990317
UBFC_A1/Eval_On_COHFACE,COHFACE,old,COHFACE_s18_session3_natural,36,76.0,77.0,correct,76.0,0.9999999999999999,77.0,0.9884976663973267,75.0,0.9060735309452072,77.0,0.9999999999999998,76.0,0.9437190909975259,78.0,0.9436634338992411,18_3,18,3,natural,112.597251892,57.0235748291,4.36585846438,0,485.707951667,0.216927990317
UBFC_A1/Eval_On_COHFACE,COHFACE,old,COHFACE_s18_session3_natural,37,75.0,76.0,correct,75.0,0.9999999999999999,76.0,0.9820623121418134,74.0,0.9022496363169059,76.0,0.9999999999999999,75.0,0.9620810747440367,77.0,0.9410144123895043,18_3,18,3,natural,112.597251892,57.0235748291,4.36585846438,0,485.707951667,0.216927990317
UBFC_A1/Eval_On_COHFACE,COHFACE,old,COHFACE_s18_session3_natural,38,75.0,75.0,correct,75.0,0.9999999999999999,74.0,0.9461625513378429,76.0,0.9385552872971562,75.0,1.0,76.0,0.9814904064737471,74.0,0.8978958468455699,18_3,18,3,natural,112.597251892,57.0235748291,4.36585846438,0,485.707951667,0.216927990317
UBFC_A1/Eval_On_COHFACE,COHFACE,old,COHFACE_s18_session3_natural,39,75.0,76.0,correct,75.0,0.9999999999999999,74.0,0.9805554867230283,76.0,0.9119177136706972,76.0,0.9999999999999998,77.0,0.9619628324372137,75.0,0.9521876436576754,18_3,18,3,natural,112.597251892,57.0235748291,4.36585846438,0,485.707951667,0.216927990317
UBFC_A1/Eval_On_COHFACE,COHFACE,old,COHFACE_s18_session3_natural,40,75.0,76.0,correct,75.0,0.9999999999999999,74.0,0.9807887844785204,76.0,0.9093680317460165,76.0,0.9999999999999999,75.0,0.9822964335733528,77.0,0.9253550215051317,18_3,18,3,natural,112.597251892,57.0235748291,4.36585846438,0,485.707951667,0.216927990317
UBFC_A1/Eval_On_COHFACE,COHFACE,old,COHFACE_s18_session3_natural,41,75.0,75.0,correct,75.0,0.9999999999999999,74.0,0.9947518953594516,76.0,0.8958848385420187,75.0,0.9999999999999999,74.0,0.9719906054378903,76.0,0.9580053854046086,18_3,18,3,natural,112.597251892,57.0235748291,4.36585846438,0,485.707951667,0.216927990317
UBFC_A1/Eval_On_COHFACE,COHFACE,old,COHFACE_s18_session3_natural,42,75.0,74.0,correct,75.0,0.9999999999999999,76.0,0.9892860271345066,74.0,0.8983243150040509,74.0,0.9999999999999998,75.0,0.9839479061490082,73.0,0.9380892395377307,18_3,18,3,natural,112.597251892,57.0235748291,4.36585846438,0,485.707951667,0.216927990317
UBFC_A1/Eval_On_COHFACE,COHFACE,old,COHFACE_s18_session3_natural,43,76.0,77.0,correct,76.0,0.9999999999999999,75.0,0.9950480489729909,77.0,0.8871438257630508,77.0,0.9999999999999998,78.0,0.9652935957067467,76.0,0.9562732536453765,18_3,18,3,natural,112.597251892,57.0235748291,4.36585846438,0,485.707951667,0.216927990317
UBFC_A1/Eval_On_COHFACE,COHFACE,old,COHFACE_s18_session3_natural,44,76.0,65.0,large_error,76.0,0.9999999999999999,75.0,0.9513197390800674,77.0,0.9257175980174381,65.0,0.9999999999999998,66.0,0.9971433804900951,76.0,0.9440834294960307,18_3,18,3,natural,112.597251892,57.0235748291,4.36585846438,0,485.707951667,0.216927990317
UBFC_A1/Eval_On_COHFACE,COHFACE,old,COHFACE_s18_session3_natural,45,76.0,53.0,large_error,76.0,0.9999999999999999,75.0,0.9531469499102627,77.0,0.932586010368893,53.0,0.9999999999999994,54.0,0.9718329167472444,43.0,0.9450766310794252,18_3,18,3,natural,112.597251892,57.0235748291,4.36585846438,0,485.707951667,0.216927990317
UBFC_A1/Eval_On_COHFACE,COHFACE,old,COHFACE_s18_session3_natural,46,76.0,52.0,large_error,76.0,0.9999999999999999,77.0,0.9635137714681711,75.0,0.9223282175444968,52.0,0.9999999999999996,51.0,0.9852303134577955,53.0,0.9167464573653373,18_3,18,3,natural,112.597251892,57.0235748291,4.36585846438,0,485.707951667,0.216927990317
UBFC_A1/Eval_On_COHFACE,COHFACE,old,COHFACE_s18_session3_natural,47,76.0,52.0,large_error,76.0,0.9999999999999999,75.0,0.9462584823441847,77.0,0.9440363791318935,52.0,0.9999999999999998,51.0,0.9694860469478995,53.0,0.9095614209141353,18_3,18,3,natural,112.597251892,57.0235748291,4.36585846438,0,485.707951667,0.216927990317
UBFC_A1/Eval_On_COHFACE,COHFACE,old,COHFACE_s18_session3_natural,48,76.0,53.0,large_error,76.0,1.0,77.0,0.9816584511721181,75.0,0.9085850774452576,53.0,0.9999999999999998,52.0,0.9899506968480176,54.0,0.9407351876002659,18_3,18,3,natural,112.597251892,57.0235748291,4.36585846438,0,485.707951667,0.216927990317
UBFC_A1/Eval_On_COHFACE,COHFACE,old,COHFACE_s18_session3_natural,49,77.0,54.0,large_error,77.0,1.0,76.0,0.969077607286248,78.0,0.918771580431195,54.0,0.9999999999999997,53.0,0.9911300323469138,55.0,0.934177711366801,18_3,18,3,natural,112.597251892,57.0235748291,4.36585846438,0,485.707951667,0.216927990317
UBFC_A1/Eval_On_COHFACE,COHFACE,old,COHFACE_s18_session3_natural,50,77.0,57.0,large_error,77.0,1.0,78.0,0.9817885787416606,76.0,0.9084587637614624,57.0,0.9999999999999998,58.0,0.9473830972472467,56.0,0.9183153108808342,18_3,18,3,natural,112.597251892,57.0235748291,4.36585846438,0,485.707951667,0.216927990317
UBFC_A1/Eval_On_COHFACE,COHFACE,old,COHFACE_s19_session0_lamp,0,73.0,40.0,sub_harmonic_half,73.0,0.9999999999999999,74.0,0.9962401125852117,75.0,0.8601346003737762,40.0,0.9999999999999997,41.0,0.8651699875051242,78.0,0.8117634987204714,19_0,19,0,lamp,106.899406433,55.3109741211,7.33169203151,0,411.266783888,0.187763243914
UBFC_A1/Eval_On_COHFACE,COHFACE,old,COHFACE_s19_session0_lamp,1,69.0,41.0,large_error,69.0,0.9999999999999997,70.0,0.9897862482607273,68.0,0.9014900195049389,41.0,0.9999999999999996,76.0,0.9895088480668163,42.0,0.9781292347400096,19_0,19,0,lamp,106.899406433,55.3109741211,7.33169203151,0,411.266783888,0.187763243914
UBFC_A1/Eval_On_COHFACE,COHFACE,old,COHFACE_s19_session0_lamp,2,69.0,75.0,large_error,69.0,0.9999999999999997,68.0,0.9683000024204147,70.0,0.9245675708582123,75.0,0.9999999999999999,74.0,0.9936028592304122,76.0,0.9105040708969839,19_0,19,0,lamp,106.899406433,55.3109741211,7.33169203151,0,411.266783888,0.187763243914
UBFC_A1/Eval_On_COHFACE,COHFACE,old,COHFACE_s19_session0_lamp,3,68.0,119.0,super_harmonic_2x,68.0,0.9999999999999997,69.0,0.9834258045179439,67.0,0.9005495704369326,119.0,0.9999999999999997,120.0,0.9955833965570567,118.0,0.8935976255448036,19_0,19,0,lamp,106.899406433,55.3109741211,7.33169203151,0,411.266783888,0.187763243914
UBFC_A1/Eval_On_COHFACE,COHFACE,old,COHFACE_s19_session0_lamp,4,68.0,66.0,correct,68.0,0.9999999999999997,67.0,0.9652493684092237,69.0,0.9181015761010533,66.0,0.9999999999999998,65.0,0.9971188209153607,67.0,0.9397256235648827,19_0,19,0,lamp,106.899406433,55.3109741211,7.33169203151,0,411.266783888,0.187763243914
UBFC_A1/Eval_On_COHFACE,COHFACE,old,COHFACE_s19_session0_lamp,5,68.0,68.0,correct,68.0,0.9999999999999997,67.0,0.9774309122844729,69.0,0.906755854379132,68.0,0.9999999999999998,67.0,0.9634003791582552,51.0,0.9632835901971201,19_0,19,0,lamp,106.899406433,55.3109741211,7.33169203151,0,411.266783888,0.187763243914
UBFC_A1/Eval_On_COHFACE,COHFACE,old,COHFACE_s19_session0_lamp,6,68.0,52.0,large_error,68.0,0.9999999999999998,69.0,0.9493435869736098,67.0,0.9246121611019107,52.0,0.9999999999999998,53.0,0.9945156926697376,51.0,0.9414037259218947,19_0,19,0,lamp,106.899406433,55.3109741211,7.33169203151,0,411.266783888,0.187763243914
UBFC_A1/Eval_On_COHFACE,COHFACE,old,COHFACE_s19_session0_lamp,7,68.0,82.0,large_error,68.0,0.9999999999999998,67.0,0.9488978062199073,69.0,0.931240001208109,82.0,0.9999999999999997,83.0,0.9641391691618725,81.0,0.9428335793629807,19_0,19,0,lamp,106.899406433,55.3109741211,7.33169203151,0,411.266783888,0.187763243914
UBFC_A1/Eval_On_COHFACE,COHFACE,old,COHFACE_s19_session0_lamp,8,67.0,50.0,large_error,67.0,0.9999999999999998,68.0,0.9897336985875856,66.0,0.8970706255892492,50.0,0.9999999999999998,51.0,0.9801656444826647,49.0,0.9673727900988613,19_0,19,0,lamp,106.899406433,55.3109741211,7.33169203151,0,411.266783888,0.187763243914
UBFC_A1/Eval_On_COHFACE,COHFACE,old,COHFACE_s19_session0_lamp,9,68.0,50.0,large_error,68.0,0.9999999999999998,67.0,0.9899622101921973,69.0,0.9042295168720281,50.0,0.9999999999999998,51.0,0.9788745811606658,49.0,0.8581101798096302,19_0,19,0,lamp,106.899406433,55.3109741211,7.33169203151,0,411.266783888,0.187763243914
UBFC_A1/Eval_On_COHFACE,COHFACE,old,COHFACE_s19_session0_lamp,10,68.0,80.0,large_error,68.0,0.9999999999999998,67.0,0.9687417592316473,69.0,0.9249613073597721,80.0,0.9999999999999998,81.0,0.9916688826613789,79.0,0.8767822159102823,19_0,19,0,lamp,106.899406433,55.3109741211,7.33169203151,0,411.266783888,0.187763243914
UBFC_A1/Eval_On_COHFACE,COHFACE,old,COHFACE_s19_session0_lamp,11,68.0,67.0,correct,68.0,0.9999999999999998,67.0,0.9772066401344945,69.0,0.9155938551861782,67.0,0.9999999999999999,68.0,0.9901498768225777,66.0,0.9045454205980398,19_0,19,0,lamp,106.899406433,55.3109741211,7.33169203151,0,411.266783888,0.187763243914
UBFC_A1/Eval_On_COHFACE,COHFACE,old,COHFACE_s19_session0_lamp,12,67.0,81.0,large_error,67.0,0.9999999999999998,68.0,0.9692199877513789,66.0,0.919249112031829,81.0,0.9999999999999997,80.0,0.9623068210387358,82.0,0.9259507179989739,19_0,19,0,lamp,106.899406433,55.3109741211,7.33169203151,0,411.266783888,0.187763243914
UBFC_A1/Eval_On_COHFACE,COHFACE,old,COHFACE_s19_session0_lamp,13,67.0,81.0,large_error,67.0,0.9999999999999999,66.0,0.9475196121616014,68.0,0.9288087625746958,81.0,0.9999999999999996,80.0,0.981795554830466,82.0,0.9461904623700799,19_0,19,0,lamp,106.899406433,55.3109741211,7.33169203151,0,411.266783888,0.187763243914
UBFC_A1/Eval_On_COHFACE,COHFACE,old,COHFACE_s19_session0_lamp,14,67.0,44.0,large_error,67.0,0.9999999999999998,68.0,0.9733808017717404,66.0,0.9089659307326444,44.0,0.9999999999999998,43.0,0.9937028687690391,45.0,0.9007652952431894,19_0,19,0,lamp,106.899406433,55.3109741211,7.33169203151,0,411.266783888,0.187763243914
UBFC_A1/Eval_On_COHFACE,COHFACE,old,COHFACE_s19_session0_lamp,15,68.0,42.0,large_error,68.0,0.9999999999999998,69.0,0.9516437483009698,67.0,0.9374708815620706,42.0,0.9999999999999998,43.0,0.9833267471292994,81.0,0.9761016577706721,19_0,19,0,lamp,106.899406433,55.3109741211,7.33169203151,0,411.266783888,0.187763243914
UBFC_A1/Eval_On_COHFACE,COHFACE,old,COHFACE_s19_session0_lamp,16,68.0,43.0,large_error,68.0,0.9999999999999998,67.0,0.9551647384888592,69.0,0.930960622487993,43.0,0.9999999999999997,42.0,0.9723517721683191,44.0,0.8747308067498097,19_0,19,0,lamp,106.899406433,55.3109741211,7.33169203151,0,411.266783888,0.187763243914
UBFC_A1/Eval_On_COHFACE,COHFACE,old,COHFACE_s19_session0_lamp,17,68.0,44.0,large_error,68.0,0.9999999999999998,67.0,0.9666466935908362,69.0,0.9118448796253434,44.0,0.9999999999999999,45.0,0.966833072777601,43.0,0.9265532457223188,19_0,19,0,lamp,106.899406433,55.3109741211,7.33169203151,0,411.266783888,0.187763243914
UBFC_A1/Eval_On_COHFACE,COHFACE,old,COHFACE_s19_session0_lamp,18,69.0,44.0,large_error,69.0,0.9999999999999997,70.0,0.9666453281170255,68.0,0.943625706565694,44.0,0.9999999999999997,45.0,0.9908555965718348,43.0,0.9289408519907183,19_0,19,0,lamp,106.899406433,55.3109741211,7.33169203151,0,411.266783888,0.187763243914
UBFC_A1/Eval_On_COHFACE,COHFACE,old,COHFACE_s19_session0_lamp,19,71.0,61.99999999999999,large_error,71.0,0.9999999999999997,70.0,0.9587741188177067,72.0,0.92269491754987,61.99999999999999,0.9999999999999994,61.0,0.9803741187813451,63.0,0.976031139889776,19_0,19,0,lamp,106.899406433,55.3109741211,7.33169203151,0,411.266783888,0.187763243914
UBFC_A1/Eval_On_COHFACE,COHFACE,old,COHFACE_s19_session0_lamp,20,71.0,69.0,correct,71.0,0.9999999999999997,72.0,0.9567380637578983,70.0,0.9073102533916555,69.0,0.9999999999999997,68.0,0.9446795514316427,70.0,0.9391728360780247,19_0,19,0,lamp,106.899406433,55.3109741211,7.33169203151,0,411.266783888,0.187763243914
UBFC_A1/Eval_On_COHFACE,COHFACE,old,COHFACE_s19_session0_lamp,21,70.0,72.0,correct,70.0,0.9999999999999997,71.0,0.975346258853248,69.0,0.888458119216504,72.0,0.9999999999999997,71.0,0.9787298491584785,73.0,0.9244156179927664,19_0,19,0,lamp,106.899406433,55.3109741211,7.33169203151,0,411.266783888,0.187763243914
UBFC_A1/Eval_On_COHFACE,COHFACE,old,COHFACE_s19_session0_lamp,22,69.0,54.0,large_error,69.0,0.9999999999999997,70.0,0.9832851159986543,68.0,0.8839384966303637,54.0,0.9999999999999997,53.0,0.9739902030623612,55.0,0.9625668848015082,19_0,19,0,lamp,106.899406433,55.3109741211,7.33169203151,0,411.266783888,0.187763243914
UBFC_A1/Eval_On_COHFACE,COHFACE,old,COHFACE_s19_session0_lamp,23,69.0,57.0,large_error,69.0,0.9999999999999997,70.0,0.953110321229048,68.0,0.9334650072560488,57.0,0.9999999999999996,56.0,0.9436411055952605,58.0,0.933751367601696,19_0,19,0,lamp,106.899406433,55.3109741211,7.33169203151,0,411.266783888,0.187763243914
UBFC_A1/Eval_On_COHFACE,COHFACE,old,COHFACE_s19_session0_lamp,24,68.0,81.0,large_error,68.0,0.9999999999999997,67.0,0.9662255727378507,69.0,0.9544604098034234,81.0,0.9999999999999997,82.0,0.9830517973387752,80.0,0.921391155796671,19_0,19,0,lamp,106.899406433,55.3109741211,7.33169203151,0,411.266783888,0.187763243914
UBFC_A1/Eval_On_COHFACE,COHFACE,old,COHFACE_s19_session0_lamp,25,67.0,80.0,large_error,67.0,0.9999999999999998,66.0,0.9969743487369147,68.0,0.8991636707698621,80.0,0.9999999999999997,81.0,0.9713578521832692,79.0,0.9241292301778233,19_0,19,0,lamp,106.899406433,55.3109741211,7.33169203151,0,411.266783888,0.187763243914
UBFC_A1/Eval_On_COHFACE,COHFACE,old,COHFACE_s19_session0_lamp,26,67.0,68.0,correct,67.0,0.9999999999999998,66.0,0.9800890042939217,68.0,0.9083598819935214,68.0,0.9999999999999998,69.0,0.9178509973875977,67.0,0.9059418048863548,19_0,19,0,lamp,106.899406433,55.3109741211,7.33169203151,0,411.266783888,0.187763243914
UBFC_A1/Eval_On_COHFACE,COHFACE,old,COHFACE_s19_session0_lamp,27,67.0,81.0,large_error,67.0,0.9999999999999998,66.0,0.9800722271495999,68.0,0.9037790614142086,81.0,0.9999999999999998,80.0,0.9832260900770055,82.0,0.9330876134013991,19_0,19,0,lamp,106.899406433,55.3109741211,7.33169203151,0,411.266783888,0.187763243914
UBFC_A1/Eval_On_COHFACE,COHFACE,old,COHFACE_s19_session0_lamp,28,67.0,79.0,large_error,67.0,0.9999999999999998,68.0,0.954902241940752,66.0,0.9324862855333004,79.0,0.9999999999999997,80.0,0.9738696986246415,78.0,0.9693388312901887,19_0,19,0,lamp,106.899406433,55.3109741211,7.33169203151,0,411.266783888,0.187763243914
UBFC_A1/Eval_On_COHFACE,COHFACE,old,COHFACE_s19_session0_lamp,29,67.0,60.0,large_error,67.0,0.9999999999999998,68.0,0.9797974830010869,66.0,0.909024256763558,60.0,0.9999999999999998,61.0,0.9281838845239587,59.0,0.8834373950846488,19_0,19,0,lamp,106.899406433,55.3109741211,7.33169203151,0,411.266783888,0.187763243914
UBFC_A1/Eval_On_COHFACE,COHFACE,old,COHFACE_s19_session0_lamp,30,67.0,80.0,large_error,67.0,0.9999999999999999,66.0,0.9621702176412018,68.0,0.9205996769656903,80.0,0.9999999999999998,81.0,0.9449031001576121,79.0,0.9338514546180938,19_0,19,0,lamp,106.899406433,55.3109741211,7.33169203151,0,411.266783888,0.187763243914
UBFC_A1/Eval_On_COHFACE,COHFACE,old,COHFACE_s19_session0_lamp,31,66.0,67.0,correct,66.0,0.9999999999999999,67.0,0.9895662098608375,65.0,0.8897340337331483,67.0,0.9999999999999998,66.0,0.9893347770275712,68.0,0.9147845524682572,19_0,19,0,lamp,106.899406433,55.3109741211,7.33169203151,0,411.266783888,0.187763243914
UBFC_A1/Eval_On_COHFACE,COHFACE,old,COHFACE_s19_session0_lamp,32,67.0,45.0,large_error,67.0,0.9999999999999998,66.0,0.9858585145225276,68.0,0.9042069792216471,45.0,0.9999999999999996,44.0,0.9939043923472081,46.0,0.9319178854617829,19_0,19,0,lamp,106.899406433,55.3109741211,7.33169203151,0,411.266783888,0.187763243914
UBFC_A1/Eval_On_COHFACE,COHFACE,old,COHFACE_s19_session0_lamp,33,67.0,66.0,correct,67.0,0.9999999999999999,68.0,0.9557502353336308,66.0,0.9285735896739742,66.0,0.9999999999999998,67.0,0.9827046432269815,65.0,0.9158642026367794,19_0,19,0,lamp,106.899406433,55.3109741211,7.33169203151,0,411.266783888,0.187763243914
UBFC_A1/Eval_On_COHFACE,COHFACE,old,COHFACE_s19_session0_lamp,34,67.0,67.0,correct,67.0,0.9999999999999999,68.0,0.9499482064623304,66.0,0.9372876669345083,67.0,0.9999999999999998,68.0,0.9538818189632131,66.0,0.9527850803322352,19_0,19,0,lamp,106.899406433,55.3109741211,7.33169203151,0,411.266783888,0.187763243914
UBFC_A1/Eval_On_COHFACE,COHFACE,old,COHFACE_s19_session0_lamp,35,66.0,68.0,correct,66.0,0.9999999999999999,67.0,0.984500619704795,65.0,0.9026583022655111,68.0,0.9999999999999998,69.0,0.9449779211067573,67.0,0.9403567280319436,19_0,19,0,lamp,106.899406433,55.3109741211,7.33169203151,0,411.266783888,0.187763243914
UBFC_A1/Eval_On_COHFACE,COHFACE,old,COHFACE_s19_session0_lamp,36,66.0,67.0,correct,66.0,0.9999999999999999,67.0,0.9565581570241793,65.0,0.9226566367015818,67.0,0.9999999999999998,66.0,0.9712755182214198,68.0,0.9432969291859091,19_0,19,0,lamp,106.899406433,55.3109741211,7.33169203151,0,411.266783888,0.187763243914
UBFC_A1/Eval_On_COHFACE,COHFACE,old,COHFACE_s19_session0_lamp,37,67.0,82.0,large_error,67.0,0.9999999999999999,66.0,0.9719206577383271,68.0,0.9157318512734406,82.0,0.9999999999999994,81.0,0.988917649544933,83.0,0.8979359340547003,19_0,19,0,lamp,106.899406433,55.3109741211,7.33169203151,0,411.266783888,0.187763243914
UBFC_A1/Eval_On_COHFACE,COHFACE,old,COHFACE_s19_session0_lamp,38,67.0,42.0,large_error,67.0,0.9999999999999999,68.0,0.9700145092990042,66.0,0.9166694059976425,42.0,0.9999999999999991,43.0,0.9541237279231953,120.0,0.9193422288768609,19_0,19,0,lamp,106.899406433,55.3109741211,7.33169203151,0,411.266783888,0.187763243914
UBFC_A1/Eval_On_COHFACE,COHFACE,old,COHFACE_s19_session0_lamp,39,67.0,79.0,large_error,67.0,0.9999999999999999,66.0,0.9540229313202275,68.0,0.9285380428575775,79.0,0.9999999999999997,80.0,0.9637064588163097,67.0,0.9543614544143131,19_0,19,0,lamp,106.899406433,55.3109741211,7.33169203151,0,411.266783888,0.187763243914
UBFC_A1/Eval_On_COHFACE,COHFACE,old,COHFACE_s19_session0_lamp,40,67.0,67.0,correct,67.0,0.9999999999999999,66.0,0.9854831571332561,68.0,0.891192838049173,67.0,0.9999999999999997,68.0,0.9859275889411986,66.0,0.9234058729427086,19_0,19,0,lamp,106.899406433,55.3109741211,7.33169203151,0,411.266783888,0.187763243914
UBFC_A1/Eval_On_COHFACE,COHFACE,old,COHFACE_s19_session0_lamp,41,67.0,60.0,large_error,67.0,0.9999999999999999,66.0,0.9873191934585194,68.0,0.8945055032002209,60.0,0.9999999999999997,61.0,0.9810324014279819,59.0,0.9562727322154321,19_0,19,0,lamp,106.899406433,55.3109741211,7.33169203151,0,411.266783888,0.187763243914
UBFC_A1/Eval_On_COHFACE,COHFACE,old,COHFACE_s19_session0_lamp,42,67.0,66.0,correct,67.0,0.9999999999999999,66.0,0.9648826250366072,68.0,0.9295050502310199,66.0,0.9999999999999998,65.0,0.9850140162758039,67.0,0.9221994309779858,19_0,19,0,lamp,106.899406433,55.3109741211,7.33169203151,0,411.266783888,0.187763243914
UBFC_A1/Eval_On_COHFACE,COHFACE,old,COHFACE_s19_session0_lamp,43,67.0,66.0,correct,67.0,0.9999999999999999,66.0,0.9686748720139255,68.0,0.9268329593448055,66.0,0.9999999999999998,67.0,0.9740918491806613,65.0,0.9130696547962923,19_0,19,0,lamp,106.899406433,55.3109741211,7.33169203151,0,411.266783888,0.187763243914
UBFC_A1/Eval_On_COHFACE,COHFACE,old,COHFACE_s19_session0_lamp,44,66.0,68.0,correct,66.0,0.9999999999999999,67.0,0.9763707967165735,65.0,0.9164381904053008,68.0,0.9999999999999999,67.0,0.9659244789473336,69.0,0.8724769530081554,19_0,19,0,lamp,106.899406433,55.3109741211,7.33169203151,0,411.266783888,0.187763243914
UBFC_A1/Eval_On_COHFACE,COHFACE,old,COHFACE_s19_session0_lamp,45,66.0,79.0,large_error,66.0,0.9999999999999998,67.0,0.9616581882732542,65.0,0.9169103328166893,79.0,0.9999999999999997,80.0,0.9902269398848532,78.0,0.8944167181530217,19_0,19,0,lamp,106.899406433,55.3109741211,7.33169203151,0,411.266783888,0.187763243914
UBFC_A1/Eval_On_COHFACE,COHFACE,old,COHFACE_s19_session0_lamp,46,66.0,82.0,large_error,66.0,0.9999999999999998,67.0,0.9625974071854717,65.0,0.9184971405363398,82.0,0.9999999999999992,81.0,0.9992008676270449,80.0,0.9450025977873601,19_0,19,0,lamp,106.899406433,55.3109741211,7.33169203151,0,411.266783888,0.187763243914
UBFC_A1/Eval_On_COHFACE,COHFACE,old,COHFACE_s19_session0_lamp,47,67.0,42.0,large_error,67.0,0.9999999999999999,66.0,0.9866770436832243,68.0,0.9007332778739886,42.0,0.9999999999999994,43.0,0.9958738998521071,41.0,0.892204769740998,19_0,19,0,lamp,106.899406433,55.3109741211,7.33169203151,0,411.266783888,0.187763243914
UBFC_A1/Eval_On_COHFACE,COHFACE,old,COHFACE_s19_session0_lamp,48,67.0,42.0,large_error,67.0,0.9999999999999999,66.0,0.9708309931036984,68.0,0.9113967809551536,42.0,0.9999999999999989,43.0,0.9961423084964544,41.0,0.9310676074130877,19_0,19,0,lamp,106.899406433,55.3109741211,7.33169203151,0,411.266783888,0.187763243914
UBFC_A1/Eval_On_COHFACE,COHFACE,old,COHFACE_s19_session0_lamp,49,66.0,79.0,large_error,66.0,0.9999999999999999,67.0,0.9715159211442239,65.0,0.9117484689202051,79.0,0.9999999999999986,120.0,0.9508179559951809,121.0,0.9424441855175173,19_0,19,0,lamp,106.899406433,55.3109741211,7.33169203151,0,411.266783888,0.187763243914
UBFC_A1/Eval_On_COHFACE,COHFACE,old,COHFACE_s19_session0_lamp,50,66.0,43.0,large_error,66.0,0.9999999999999998,65.0,0.9469898340761337,67.0,0.9280981558442252,43.0,0.9999999999999996,42.0,0.9921576475008137,44.0,0.8964157514103337,19_0,19,0,lamp,106.899406433,55.3109741211,7.33169203151,0,411.266783888,0.187763243914
UBFC_A1/Eval_On_COHFACE,COHFACE,old,COHFACE_s19_session1_lamp,0,67.0,43.0,large_error,67.0,0.9999999999999999,68.0,0.9838584793805925,66.0,0.8619063096214652,43.0,0.9999999999999996,44.0,0.9880866454920421,42.0,0.9278124498799281,19_1,19,1,lamp,100.084617615,53.9774742126,8.81093846689,0,415.477674801,0.1887306422
UBFC_A1/Eval_On_COHFACE,COHFACE,old,COHFACE_s19_session1_lamp,1,71.0,53.0,large_error,71.0,0.9999999999999998,70.0,0.952980973982124,72.0,0.9370042411070656,53.0,0.9999999999999993,54.0,0.9810219664208973,52.0,0.9174789532290996,19_1,19,1,lamp,100.084617615,53.9774742126,8.81093846689,0,415.477674801,0.1887306422
UBFC_A1/Eval_On_COHFACE,COHFACE,old,COHFACE_s19_session1_lamp,2,70.0,58.0,large_error,70.0,0.9999999999999998,69.0,0.9753177773716514,71.0,0.9196543338819257,58.0,0.9999999999999996,59.0,0.9546523169768918,57.0,0.9159294890331164,19_1,19,1,lamp,100.084617615,53.9774742126,8.81093846689,0,415.477674801,0.1887306422
UBFC_A1/Eval_On_COHFACE,COHFACE,old,COHFACE_s19_session1_lamp,3,69.0,119.0,super_harmonic_2x,69.0,0.9999999999999998,68.0,0.9725415424566645,70.0,0.9172955734191717,119.0,0.9999999999999996,120.0,0.9897276852890997,80.0,0.9772561040583283,19_1,19,1,lamp,100.084617615,53.9774742126,8.81093846689,0,415.477674801,0.1887306422
UBFC_A1/Eval_On_COHFACE,COHFACE,old,COHFACE_s19_session1_lamp,4,68.0,119.0,super_harmonic_2x,68.0,0.9999999999999998,69.0,0.9838781149647859,67.0,0.8983038322457128,119.0,0.9999999999999993,80.0,0.9833735268013019,81.0,0.9772738624952845,19_1,19,1,lamp,100.084617615,53.9774742126,8.81093846689,0,415.477674801,0.1887306422
UBFC_A1/Eval_On_COHFACE,COHFACE,old,COHFACE_s19_session1_lamp,5,68.0,52.0,large_error,68.0,0.9999999999999998,69.0,0.9788623187374902,67.0,0.9076448639651149,52.0,0.9999999999999998,51.0,0.9951863726070245,53.0,0.8744753121182751,19_1,19,1,lamp,100.084617615,53.9774742126,8.81093846689,0,415.477674801,0.1887306422
UBFC_A1/Eval_On_COHFACE,COHFACE,old,COHFACE_s19_session1_lamp,6,68.0,81.0,large_error,68.0,0.9999999999999999,67.0,0.994444584424169,69.0,0.8977115976376533,81.0,0.9999999999999998,82.0,0.9555556796500609,80.0,0.9449503915434286,19_1,19,1,lamp,100.084617615,53.9774742126,8.81093846689,0,415.477674801,0.1887306422
UBFC_A1/Eval_On_COHFACE,COHFACE,old,COHFACE_s19_session1_lamp,7,67.0,82.0,large_error,67.0,0.9999999999999998,66.0,0.9440342160762256,68.0,0.9342885946241133,82.0,0.9999999999999998,81.0,0.9764178976059804,83.0,0.9375017901536881,19_1,19,1,lamp,100.084617615,53.9774742126,8.81093846689,0,415.477674801,0.1887306422
UBFC_A1/Eval_On_COHFACE,COHFACE,old,COHFACE_s19_session1_lamp,8,67.0,81.0,large_error,67.0,0.9999999999999999,68.0,0.9642995903029786,66.0,0.9200322366453723,81.0,0.9999999999999997,80.0,0.9786121993988033,82.0,0.9638725751238607,19_1,19,1,lamp,100.084617615,53.9774742126,8.81093846689,0,415.477674801,0.1887306422
UBFC_A1/Eval_On_COHFACE,COHFACE,old,COHFACE_s19_session1_lamp,9,68.0,82.0,large_error,68.0,0.9999999999999999,67.0,0.956666095282256,69.0,0.925847940492022,82.0,0.9999999999999998,81.0,0.9595659229778799,83.0,0.9501849389602764,19_1,19,1,lamp,100.084617615,53.9774742126,8.81093846689,0,415.477674801,0.1887306422
UBFC_A1/Eval_On_COHFACE,COHFACE,old,COHFACE_s19_session1_lamp,10,69.0,81.0,large_error,69.0,0.9999999999999999,68.0,0.9612485730909264,70.0,0.9259660325103098,81.0,0.9999999999999997,80.0,0.9739917365610284,82.0,0.9494377291946476,19_1,19,1,lamp,100.084617615,53.9774742126,8.81093846689,0,415.477674801,0.1887306422
UBFC_A1/Eval_On_COHFACE,COHFACE,old,COHFACE_s19_session1_lamp,11,69.0,68.0,correct,69.0,0.9999999999999999,70.0,0.976372305872144,68.0,0.90891395113115,68.0,0.9999999999999998,69.0,0.9865561207071024,52.0,0.898629309591737,19_1,19,1,lamp,100.084617615,53.9774742126,8.81093846689,0,415.477674801,0.1887306422
UBFC_A1/Eval_On_COHFACE,COHFACE,old,COHFACE_s19_session1_lamp,12,69.0,80.0,large_error,69.0,0.9999999999999999,70.0,0.984137885872629,68.0,0.9012278531619495,80.0,0.9999999999999997,81.0,0.9354050417241517,79.0,0.910609421220748,19_1,19,1,lamp,100.084617615,53.9774742126,8.81093846689,0,415.477674801,0.1887306422
UBFC_A1/Eval_On_COHFACE,COHFACE,old,COHFACE_s19_session1_lamp,13,70.0,80.0,large_error,70.0,0.9999999999999999,69.0,0.9807477314639401,71.0,0.917116450990625,80.0,0.9999999999999997,41.0,0.9904185833987901,79.0,0.9377432936568657,19_1,19,1,lamp,100.084617615,53.9774742126,8.81093846689,0,415.477674801,0.1887306422
UBFC_A1/Eval_On_COHFACE,COHFACE,old,COHFACE_s19_session1_lamp,14,70.0,44.0,large_error,70.0,0.9999999999999999,71.0,0.9475769812727894,69.0,0.946449014205554,44.0,0.9999999999999998,45.0,0.9684940991182598,43.0,0.9506568132574589,19_1,19,1,lamp,100.084617615,53.9774742126,8.81093846689,0,415.477674801,0.1887306422
UBFC_A1/Eval_On_COHFACE,COHFACE,old,COHFACE_s19_session1_lamp,15,70.0,44.0,large_error,70.0,0.9999999999999998,69.0,0.9760136150787656,71.0,0.9149605617572373,44.0,0.9999999999999998,45.0,0.981589637885625,43.0,0.9514759992310421,19_1,19,1,lamp,100.084617615,53.9774742126,8.81093846689,0,415.477674801,0.1887306422
UBFC_A1/Eval_On_COHFACE,COHFACE,old,COHFACE_s19_session1_lamp,16,69.0,70.0,correct,69.0,0.9999999999999998,70.0,0.9547799562578626,68.0,0.9286655129954929,70.0,0.9999999999999997,69.0,0.9962204735132549,71.0,0.9664575037192269,19_1,19,1,lamp,100.084617615,53.9774742126,8.81093846689,0,415.477674801,0.1887306422
UBFC_A1/Eval_On_COHFACE,COHFACE,old,COHFACE_s19_session1_lamp,17,69.0,69.0,correct,69.0,0.9999999999999998,68.0,0.9981971161142473,70.0,0.8894526374431525,69.0,0.9999999999999998,68.0,0.9784904997728836,70.0,0.9120868016652995,19_1,19,1,lamp,100.084617615,53.9774742126,8.81093846689,0,415.477674801,0.1887306422
UBFC_A1/Eval_On_COHFACE,COHFACE,old,COHFACE_s19_session1_lamp,18,69.0,69.0,correct,69.0,0.9999999999999998,70.0,0.940711236916411,68.0,0.9390314436369019,69.0,0.9999999999999998,70.0,0.9432514813080695,68.0,0.9242049606810605,19_1,19,1,lamp,100.084617615,53.9774742126,8.81093846689,0,415.477674801,0.1887306422
UBFC_A1/Eval_On_COHFACE,COHFACE,old,COHFACE_s19_session1_lamp,19,69.0,69.0,correct,69.0,0.9999999999999998,70.0,0.9848005485338742,68.0,0.8974730220870245,69.0,0.9999999999999999,70.0,0.9511754923847442,68.0,0.9088468305831212,19_1,19,1,lamp,100.084617615,53.9774742126,8.81093846689,0,415.477674801,0.1887306422
UBFC_A1/Eval_On_COHFACE,COHFACE,old,COHFACE_s19_session1_lamp,20,69.0,43.0,large_error,69.0,0.9999999999999998,70.0,0.9482051776734268,68.0,0.9380018435095802,43.0,0.9999999999999997,42.0,0.9631959226989742,44.0,0.9572908659958579,19_1,19,1,lamp,100.084617615,53.9774742126,8.81093846689,0,415.477674801,0.1887306422
UBFC_A1/Eval_On_COHFACE,COHFACE,old,COHFACE_s19_session1_lamp,21,69.0,68.0,correct,69.0,0.9999999999999999,68.0,0.9477387628284752,70.0,0.9294926040288997,68.0,0.9999999999999997,69.0,0.9835597159368105,67.0,0.9291185321867198,19_1,19,1,lamp,100.084617615,53.9774742126,8.81093846689,0,415.477674801,0.1887306422
UBFC_A1/Eval_On_COHFACE,COHFACE,old,COHFACE_s19_session1_lamp,22,69.0,69.0,correct,69.0,0.9999999999999999,70.0,0.9588739969004749,68.0,0.9214670149854519,69.0,0.9999999999999994,70.0,0.9666070254547922,68.0,0.9473079181201224,19_1,19,1,lamp,100.084617615,53.9774742126,8.81093846689,0,415.477674801,0.1887306422
UBFC_A1/Eval_On_COHFACE,COHFACE,old,COHFACE_s19_session1_lamp,23,70.0,51.0,large_error,70.0,0.9999999999999998,69.0,0.9812476901496596,71.0,0.9093599717846693,51.0,0.9999999999999998,50.0,0.9565568033601034,69.0,0.879395134105029,19_1,19,1,lamp,100.084617615,53.9774742126,8.81093846689,0,415.477674801,0.1887306422
UBFC_A1/Eval_On_COHFACE,COHFACE,old,COHFACE_s19_session1_lamp,24,70.0,53.0,large_error,70.0,0.9999999999999998,69.0,0.9909657277600705,71.0,0.9039536049221673,53.0,0.9999999999999996,52.0,0.9694027977480512,54.0,0.9353756139580564,19_1,19,1,lamp,100.084617615,53.9774742126,8.81093846689,0,415.477674801,0.1887306422
UBFC_A1/Eval_On_COHFACE,COHFACE,old,COHFACE_s19_session1_lamp,25,69.0,68.0,correct,69.0,0.9999999999999998,68.0,0.9447370013179639,70.0,0.9440804127051292,68.0,0.9999999999999997,67.0,0.9825193148587351,69.0,0.8925808342470525,19_1,19,1,lamp,100.084617615,53.9774742126,8.81093846689,0,415.477674801,0.1887306422
UBFC_A1/Eval_On_COHFACE,COHFACE,old,COHFACE_s19_session1_lamp,26,69.0,44.0,large_error,69.0,0.9999999999999998,68.0,0.9693912044708386,70.0,0.9194002901772078,44.0,0.9999999999999996,43.0,0.966153258340343,45.0,0.9534204364941247,19_1,19,1,lamp,100.084617615,53.9774742126,8.81093846689,0,415.477674801,0.1887306422
UBFC_A1/Eval_On_COHFACE,COHFACE,old,COHFACE_s19_session1_lamp,27,69.0,65.0,large_error,69.0,0.9999999999999999,68.0,0.9718834726720454,70.0,0.9284485157618698,65.0,0.9999999999999997,66.0,0.9942646309759392,64.0,0.9659966426677971,19_1,19,1,lamp,100.084617615,53.9774742126,8.81093846689,0,415.477674801,0.1887306422
UBFC_A1/Eval_On_COHFACE,COHFACE,old,COHFACE_s19_session1_lamp,28,69.0,67.0,correct,69.0,0.9999999999999999,68.0,0.9721326906363977,70.0,0.9180478597913445,67.0,0.9999999999999996,68.0,0.9858633977411302,66.0,0.9524529505445752,19_1,19,1,lamp,100.084617615,53.9774742126,8.81093846689,0,415.477674801,0.1887306422
UBFC_A1/Eval_On_COHFACE,COHFACE,old,COHFACE_s19_session1_lamp,29,69.0,50.0,large_error,69.0,0.9999999999999999,68.0,0.9674453922239651,70.0,0.913655386381378,50.0,0.9999999999999998,51.0,0.9471943782968227,60.0,0.938244695396321,19_1,19,1,lamp,100.084617615,53.9774742126,8.81093846689,0,415.477674801,0.1887306422
UBFC_A1/Eval_On_COHFACE,COHFACE,old,COHFACE_s19_session1_lamp,30,69.0,58.0,large_error,69.0,0.9999999999999999,68.0,0.97094056308141,70.0,0.9063154877772012,58.0,0.9999999999999994,57.0,0.9926729369893228,59.0,0.8962561439087798,19_1,19,1,lamp,100.084617615,53.9774742126,8.81093846689,0,415.477674801,0.1887306422
UBFC_A1/Eval_On_COHFACE,COHFACE,old,COHFACE_s19_session1_lamp,31,69.0,58.0,large_error,69.0,0.9999999999999999,68.0,0.9784211453561535,70.0,0.9016602871923939,58.0,0.9999999999999993,57.0,0.9891734326765392,59.0,0.9569530158494872,19_1,19,1,lamp,100.084617615,53.9774742126,8.81093846689,0,415.477674801,0.1887306422
UBFC_A1/Eval_On_COHFACE,COHFACE,old,COHFACE_s19_session1_lamp,32,69.0,60.0,large_error,69.0,0.9999999999999999,70.0,0.9564603268355605,68.0,0.9349310028389191,60.0,0.9999999999999993,61.0,0.99340075429275,59.0,0.9510859597374014,19_1,19,1,lamp,100.084617615,53.9774742126,8.81093846689,0,415.477674801,0.1887306422
UBFC_A1/Eval_On_COHFACE,COHFACE,old,COHFACE_s19_session1_lamp,33,69.0,66.0,correct,69.0,0.9999999999999999,70.0,0.9851033853148191,68.0,0.9136398330836724,66.0,0.9999999999999997,67.0,0.9914451757611235,65.0,0.9270037021029537,19_1,19,1,lamp,100.084617615,53.9774742126,8.81093846689,0,415.477674801,0.1887306422
UBFC_A1/Eval_On_COHFACE,COHFACE,old,COHFACE_s19_session1_lamp,34,69.0,66.0,correct,69.0,0.9999999999999998,70.0,0.9690097656825746,68.0,0.9251560854863928,66.0,0.9999999999999997,67.0,0.9885182841616998,65.0,0.910666377998508,19_1,19,1,lamp,100.084617615,53.9774742126,8.81093846689,0,415.477674801,0.1887306422
UBFC_A1/Eval_On_COHFACE,COHFACE,old,COHFACE_s19_session1_lamp,35,69.0,68.0,correct,69.0,0.9999999999999999,70.0,0.9479149708374242,68.0,0.9282792382401259,68.0,0.9999999999999999,69.0,0.9511649240325781,67.0,0.9443390074575105,19_1,19,1,lamp,100.084617615,53.9774742126,8.81093846689,0,415.477674801,0.1887306422
UBFC_A1/Eval_On_COHFACE,COHFACE,old,COHFACE_s19_session1_lamp,36,69.0,68.0,correct,69.0,0.9999999999999999,68.0,0.959491747693053,70.0,0.9194401660629884,68.0,0.9999999999999997,69.0,0.9771010858651219,67.0,0.9512300954019783,19_1,19,1,lamp,100.084617615,53.9774742126,8.81093846689,0,415.477674801,0.1887306422
UBFC_A1/Eval_On_COHFACE,COHFACE,old,COHFACE_s19_session1_lamp,37,69.0,71.0,correct,69.0,0.9999999999999998,70.0,0.9680734873403294,68.0,0.9204912488194714,71.0,0.9999999999999997,72.0,0.968091480066984,70.0,0.9644806482718444,19_1,19,1,lamp,100.084617615,53.9774742126,8.81093846689,0,415.477674801,0.1887306422
UBFC_A1/Eval_On_COHFACE,COHFACE,old,COHFACE_s19_session1_lamp,38,70.0,73.0,correct,70.0,0.9999999999999998,69.0,0.948650658865998,71.0,0.9367040180573903,73.0,0.9999999999999997,72.0,0.9684663317515068,74.0,0.9595456420839331,19_1,19,1,lamp,100.084617615,53.9774742126,8.81093846689,0,415.477674801,0.1887306422
UBFC_A1/Eval_On_COHFACE,COHFACE,old,COHFACE_s19_session1_lamp,39,70.0,50.0,large_error,70.0,0.9999999999999998,69.0,0.9569005665657606,71.0,0.9301249470561185,50.0,0.9999999999999996,70.0,0.9991147502222223,49.0,0.9676982228911001,19_1,19,1,lamp,100.084617615,53.9774742126,8.81093846689,0,415.477674801,0.1887306422
UBFC_A1/Eval_On_COHFACE,COHFACE,old,COHFACE_s19_session1_lamp,40,70.0,69.0,correct,70.0,0.9999999999999999,69.0,0.9746181878624897,71.0,0.9075334178270583,69.0,0.9999999999999997,70.0,0.9714420794437798,68.0,0.9112116026774756,19_1,19,1,lamp,100.084617615,53.9774742126,8.81093846689,0,415.477674801,0.1887306422
UBFC_A1/Eval_On_COHFACE,COHFACE,old,COHFACE_s19_session1_lamp,41,70.0,67.0,correct,70.0,0.9999999999999999,69.0,0.9946336171421433,71.0,0.8910645179106885,67.0,0.9999999999999999,68.0,0.9655906513938282,66.0,0.9378313437037207,19_1,19,1,lamp,100.084617615,53.9774742126,8.81093846689,0,415.477674801,0.1887306422
UBFC_A1/Eval_On_COHFACE,COHFACE,old,COHFACE_s19_session1_lamp,42,69.0,68.0,correct,69.0,0.9999999999999998,70.0,0.9922183807705108,68.0,0.8948762233251087,68.0,0.9999999999999998,67.0,0.9912637930285555,69.0,0.9275178144703065,19_1,19,1,lamp,100.084617615,53.9774742126,8.81093846689,0,415.477674801,0.1887306422
UBFC_A1/Eval_On_COHFACE,COHFACE,old,COHFACE_s19_session1_lamp,43,69.0,68.0,correct,69.0,0.9999999999999998,70.0,0.9809232970956709,68.0,0.9132370672125306,68.0,0.9999999999999997,67.0,0.9626104723499495,69.0,0.9534439898380508,19_1,19,1,lamp,100.084617615,53.9774742126,8.81093846689,0,415.477674801,0.1887306422
UBFC_A1/Eval_On_COHFACE,COHFACE,old,COHFACE_s19_session1_lamp,44,69.0,53.0,large_error,69.0,0.9999999999999999,68.0,0.9916501757615707,70.0,0.8962669261569329,53.0,0.9999999999999996,54.0,0.9472829321298614,42.0,0.9464901136615971,19_1,19,1,lamp,100.084617615,53.9774742126,8.81093846689,0,415.477674801,0.1887306422
UBFC_A1/Eval_On_COHFACE,COHFACE,old,COHFACE_s19_session1_lamp,45,68.0,69.0,correct,68.0,0.9999999999999999,69.0,0.9567100989052623,67.0,0.9230404526466325,69.0,0.9999999999999996,68.0,0.9822818003157885,40.0,0.8886420469941776,19_1,19,1,lamp,100.084617615,53.9774742126,8.81093846689,0,415.477674801,0.1887306422
UBFC_A1/Eval_On_COHFACE,COHFACE,old,COHFACE_s19_session1_lamp,46,68.0,69.0,correct,68.0,0.9999999999999998,69.0,0.9542439669994003,67.0,0.9409154806557156,69.0,0.9999999999999998,68.0,0.9981552371160484,70.0,0.8413623507298011,19_1,19,1,lamp,100.084617615,53.9774742126,8.81093846689,0,415.477674801,0.1887306422
UBFC_A1/Eval_On_COHFACE,COHFACE,old,COHFACE_s19_session1_lamp,47,68.0,44.0,large_error,68.0,0.9999999999999998,69.0,0.990650685209567,67.0,0.8989626011860344,44.0,0.9999999999999998,67.0,0.9860123776345107,43.0,0.9812155505233858,19_1,19,1,lamp,100.084617615,53.9774742126,8.81093846689,0,415.477674801,0.1887306422
UBFC_A1/Eval_On_COHFACE,COHFACE,old,COHFACE_s19_session1_lamp,48,69.0,69.0,correct,69.0,0.9999999999999998,68.0,0.962859816974747,70.0,0.9214241805655533,69.0,0.9999999999999998,68.0,0.9867073670848161,70.0,0.9464390985442569,19_1,19,1,lamp,100.084617615,53.9774742126,8.81093846689,0,415.477674801,0.1887306422
UBFC_A1/Eval_On_COHFACE,COHFACE,old,COHFACE_s19_session1_lamp,49,69.0,69.0,correct,69.0,0.9999999999999999,68.0,0.9960449068906423,70.0,0.8898358379026461,69.0,0.9999999999999998,68.0,0.9932656668453834,70.0,0.9368127857323874,19_1,19,1,lamp,100.084617615,53.9774742126,8.81093846689,0,415.477674801,0.1887306422
UBFC_A1/Eval_On_COHFACE,COHFACE,old,COHFACE_s19_session1_lamp,50,68.0,70.0,correct,68.0,0.9999999999999999,69.0,0.9551550570365068,67.0,0.9242984456643367,70.0,0.9999999999999998,69.0,0.987721027268435,71.0,0.9416950361159591,19_1,19,1,lamp,100.084617615,53.9774742126,8.81093846689,0,415.477674801,0.1887306422
UBFC_A1/Eval_On_COHFACE,COHFACE,old,COHFACE_s19_session2_natural,0,75.0,82.0,large_error,75.0,0.9999999999999999,74.0,0.9212863544497109,76.0,0.9157441421308287,82.0,0.9999999999999998,81.0,0.9773345937801972,83.0,0.8966106552362126,19_2,19,2,natural,96.966796875,58.7346115112,8.80314288753,0,399.950460914,0.219444304705
UBFC_A1/Eval_On_COHFACE,COHFACE,old,COHFACE_s19_session2_natural,1,72.0,81.0,large_error,72.0,0.9999999999999999,73.0,0.9679407870857883,71.0,0.9100096209686539,81.0,0.9999999999999994,82.0,0.9306852703858457,80.0,0.9108399917643805,19_2,19,2,natural,96.966796875,58.7346115112,8.80314288753,0,399.950460914,0.219444304705
UBFC_A1/Eval_On_COHFACE,COHFACE,old,COHFACE_s19_session2_natural,2,72.0,79.0,large_error,72.0,0.9999999999999999,71.0,0.9661612820295528,73.0,0.9151759637178436,79.0,0.9999999999999993,78.0,0.9837329218392095,80.0,0.954411232793397,19_2,19,2,natural,96.966796875,58.7346115112,8.80314288753,0,399.950460914,0.219444304705
UBFC_A1/Eval_On_COHFACE,COHFACE,old,COHFACE_s19_session2_natural,3,72.0,118.0,super_harmonic_1p5x,72.0,0.9999999999999999,71.0,0.945940836983832,73.0,0.9364333263453105,118.0,0.9999999999999996,119.0,0.986932390325729,117.0,0.8954277033528943,19_2,19,2,natural,96.966796875,58.7346115112,8.80314288753,0,399.950460914,0.219444304705
UBFC_A1/Eval_On_COHFACE,COHFACE,old,COHFACE_s19_session2_natural,4,71.0,88.0,large_error,71.0,0.9999999999999999,72.0,0.9820252943275138,70.0,0.9114242424853167,88.0,0.9999999999999992,89.0,0.9779196157598469,87.0,0.8999208750564736,19_2,19,2,natural,96.966796875,58.7346115112,8.80314288753,0,399.950460914,0.219444304705
UBFC_A1/Eval_On_COHFACE,COHFACE,old,COHFACE_s19_session2_natural,5,70.0,60.0,large_error,70.0,0.9999999999999999,71.0,0.9995885860499977,72.0,0.8936342837534212,60.0,0.9999999999999998,59.0,0.9672674258799719,61.0,0.8586008669945404,19_2,19,2,natural,96.966796875,58.7346115112,8.80314288753,0,399.950460914,0.219444304705
UBFC_A1/Eval_On_COHFACE,COHFACE,old,COHFACE_s19_session2_natural,6,71.0,40.0,sub_harmonic_half,71.0,0.9999999999999998,70.0,0.9731116134910787,72.0,0.9189210723225525,40.0,0.9999999999999994,41.0,0.8617059459583402,79.0,0.7525946265289584,19_2,19,2,natural,96.966796875,58.7346115112,8.80314288753,0,399.950460914,0.219444304705
UBFC_A1/Eval_On_COHFACE,COHFACE,old,COHFACE_s19_session2_natural,7,71.0,40.0,sub_harmonic_half,71.0,0.9999999999999998,70.0,0.9818077091044232,72.0,0.9043250507550025,40.0,0.9999999999999992,46.0,0.9414372492869818,45.0,0.9109913640527963,19_2,19,2,natural,96.966796875,58.7346115112,8.80314288753,0,399.950460914,0.219444304705
UBFC_A1/Eval_On_COHFACE,COHFACE,old,COHFACE_s19_session2_natural,8,71.0,42.0,large_error,71.0,0.9999999999999998,72.0,0.9434153713041858,70.0,0.9394132824215163,42.0,0.9999999999999998,43.0,0.9963019220529304,41.0,0.9240750390279264,19_2,19,2,natural,96.966796875,58.7346115112,8.80314288753,0,399.950460914,0.219444304705
UBFC_A1/Eval_On_COHFACE,COHFACE,old,COHFACE_s19_session2_natural,9,71.0,41.0,sub_harmonic_half,71.0,0.9999999999999999,70.0,0.9731778881762236,72.0,0.9518247683687574,41.0,0.9999999999999997,40.0,0.9802931537506104,42.0,0.9509277882264878,19_2,19,2,natural,96.966796875,58.7346115112,8.80314288753,0,399.950460914,0.219444304705
UBFC_A1/Eval_On_COHFACE,COHFACE,old,COHFACE_s19_session2_natural,10,73.0,43.0,large_error,73.0,0.9999999999999999,72.0,0.9603711832637447,74.0,0.9388817053352669,43.0,0.9999999999999997,44.0,0.9927513978266089,42.0,0.9622511672845364,19_2,19,2,natural,96.966796875,58.7346115112,8.80314288753,0,399.950460914,0.219444304705
UBFC_A1/Eval_On_COHFACE,COHFACE,old,COHFACE_s19_session2_natural,11,74.0,76.0,correct,74.0,0.9999999999999998,73.0,0.9940860544137606,75.0,0.8846167965681903,76.0,0.9999999999999998,75.0,0.9931774015442526,77.0,0.9219675083934844,19_2,19,2,natural,96.966796875,58.7346115112,8.80314288753,0,399.950460914,0.219444304705
UBFC_A1/Eval_On_COHFACE,COHFACE,old,COHFACE_s19_session2_natural,12,73.0,40.0,sub_harmonic_half,73.0,0.9999999999999998,74.0,0.982554551762253,72.0,0.8968681606439655,40.0,0.9999999999999996,49.0,0.8943341642719387,50.0,0.885156170039237,19_2,19,2,natural,96.966796875,58.7346115112,8.80314288753,0,399.950460914,0.219444304705
UBFC_A1/Eval_On_COHFACE,COHFACE,old,COHFACE_s19_session2_natural,13,72.0,78.0,large_error,72.0,0.9999999999999999,73.0,0.9889820206676516,71.0,0.8932116359948337,78.0,0.9999999999999994,79.0,0.9715869647319368,51.0,0.9585944068139259,19_2,19,2,natural,96.966796875,58.7346115112,8.80314288753,0,399.950460914,0.219444304705
UBFC_A1/Eval_On_COHFACE,COHFACE,old,COHFACE_s19_session2_natural,14,71.0,50.0,large_error,71.0,0.9999999999999999,72.0,0.9639957723076099,70.0,0.9154844717867224,50.0,0.9999999999999998,51.0,0.963365243592203,69.0,0.910977489837627,19_2,19,2,natural,96.966796875,58.7346115112,8.80314288753,0,399.950460914,0.219444304705
UBFC_A1/Eval_On_COHFACE,COHFACE,old,COHFACE_s19_session2_natural,15,69.0,82.0,large_error,69.0,0.9999999999999999,70.0,0.986140194665309,68.0,0.9201800595408401,82.0,0.9999999999999998,81.0,0.9903279216262182,83.0,0.9445118361795667,19_2,19,2,natural,96.966796875,58.7346115112,8.80314288753,0,399.950460914,0.219444304705
UBFC_A1/Eval_On_COHFACE,COHFACE,old,COHFACE_s19_session2_natural,16,67.0,82.0,large_error,67.0,0.9999999999999998,68.0,0.9646410668420383,66.0,0.9472268654594768,82.0,0.9999999999999998,81.0,0.9590001967986032,83.0,0.938768918495521,19_2,19,2,natural,96.966796875,58.7346115112,8.80314288753,0,399.950460914,0.219444304705
UBFC_A1/Eval_On_COHFACE,COHFACE,old,COHFACE_s19_session2_natural,17,67.0,44.0,large_error,67.0,0.9999999999999999,68.0,0.9594799822169748,66.0,0.9157490043029572,44.0,0.9999999999999998,43.0,0.9819353290969657,45.0,0.9315646042318888,19_2,19,2,natural,96.966796875,58.7346115112,8.80314288753,0,399.950460914,0.219444304705
UBFC_A1/Eval_On_COHFACE,COHFACE,old,COHFACE_s19_session2_natural,18,67.0,81.0,large_error,67.0,0.9999999999999999,68.0,0.9528080883625326,66.0,0.931162284385414,81.0,0.9999999999999998,40.0,0.9736928158539755,80.0,0.9708737291988166,19_2,19,2,natural,96.966796875,58.7346115112,8.80314288753,0,399.950460914,0.219444304705
UBFC_A1/Eval_On_COHFACE,COHFACE,old,COHFACE_s19_session2_natural,19,67.0,81.0,large_error,67.0,0.9999999999999999,68.0,0.9927597841316814,66.0,0.8949077723718294,81.0,0.9999999999999998,80.0,0.9601293567313293,82.0,0.9399462943191009,19_2,19,2,natural,96.966796875,58.7346115112,8.80314288753,0,399.950460914,0.219444304705
UBFC_A1/Eval_On_COHFACE,COHFACE,old,COHFACE_s19_session2_natural,20,68.0,42.0,large_error,68.0,0.9999999999999999,67.0,0.969751421646512,69.0,0.9165224604800332,42.0,0.9999999999999999,43.0,0.9677242520063313,41.0,0.9077042026646746,19_2,19,2,natural,96.966796875,58.7346115112,8.80314288753,0,399.950460914,0.219444304705
UBFC_A1/Eval_On_COHFACE,COHFACE,old,COHFACE_s19_session2_natural,21,68.0,40.0,large_error,68.0,0.9999999999999999,69.0,0.9626069426030639,67.0,0.9236533999015359,40.0,0.9999999999999998,41.0,0.97064373280244,81.0,0.939182877376972,19_2,19,2,natural,96.966796875,58.7346115112,8.80314288753,0,399.950460914,0.219444304705
UBFC_A1/Eval_On_COHFACE,COHFACE,old,COHFACE_s19_session2_natural,22,68.0,83.0,large_error,68.0,0.9999999999999999,69.0,0.9467058023684638,67.0,0.9460137652634092,83.0,0.9999999999999997,82.0,0.9805559859637023,84.0,0.916618450882651,19_2,19,2,natural,96.966796875,58.7346115112,8.80314288753,0,399.950460914,0.219444304705
UBFC_A1/Eval_On_COHFACE,COHFACE,old,COHFACE_s19_session2_natural,23,69.0,69.0,correct,69.0,0.9999999999999999,68.0,0.972863366969385,70.0,0.9193440662418583,69.0,0.9999999999999994,70.0,0.9936163684914037,58.0,0.8944473462771131,19_2,19,2,natural,96.966796875,58.7346115112,8.80314288753,0,399.950460914,0.219444304705
UBFC_A1/Eval_On_COHFACE,COHFACE,old,COHFACE_s19_session2_natural,24,69.0,50.0,large_error,69.0,0.9999999999999999,70.0,0.9992498712461374,68.0,0.8944934418227569,50.0,0.9999999999999997,51.0,0.9735806948056147,49.0,0.9121645378608703,19_2,19,2,natural,96.966796875,58.7346115112,8.80314288753,0,399.950460914,0.219444304705
UBFC_A1/Eval_On_COHFACE,COHFACE,old,COHFACE_s19_session2_natural,25,70.0,52.0,large_error,70.0,0.9999999999999999,69.0,0.9519977681933512,71.0,0.9328724414624557,52.0,0.9999999999999997,51.0,0.9435350218052928,53.0,0.9404290591095769,19_2,19,2,natural,96.966796875,58.7346115112,8.80314288753,0,399.950460914,0.219444304705
UBFC_A1/Eval_On_COHFACE,COHFACE,old,COHFACE_s19_session2_natural,26,70.0,43.0,large_error,70.0,0.9999999999999999,69.0,0.964041442005487,71.0,0.9203004363565548,43.0,0.9999999999999998,42.0,0.9960297587214672,44.0,0.8940815323414076,19_2,19,2,natural,96.966796875,58.7346115112,8.80314288753,0,399.950460914,0.219444304705
UBFC_A1/Eval_On_COHFACE,COHFACE,old,COHFACE_s19_session2_natural,27,70.0,76.0,large_error,70.0,0.9999999999999999,71.0,0.966392719977388,69.0,0.917272243710964,76.0,0.9999999999999996,48.0,0.997421267103215,47.0,0.9837534287982255,19_2,19,2,natural,96.966796875,58.7346115112,8.80314288753,0,399.950460914,0.219444304705
UBFC_A1/Eval_On_COHFACE,COHFACE,old,COHFACE_s19_session2_natural,28,70.0,75.0,large_error,70.0,0.9999999999999999,71.0,0.9727794800630014,69.0,0.9066925570600656,75.0,0.9999999999999999,76.0,0.9624048675103613,74.0,0.9547990026708744,19_2,19,2,natural,96.966796875,58.7346115112,8.80314288753,0,399.950460914,0.219444304705
UBFC_A1/Eval_On_COHFACE,COHFACE,old,COHFACE_s19_session2_natural,29,71.0,75.0,large_error,71.0,0.9999999999999998,72.0,0.9725396366448326,70.0,0.9603452769399357,75.0,0.9999999999999998,76.0,0.989694596405502,74.0,0.9114165413790759,19_2,19,2,natural,96.966796875,58.7346115112,8.80314288753,0,399.950460914,0.219444304705
UBFC_A1/Eval_On_COHFACE,COHFACE,old,COHFACE_s19_session2_natural,30,72.0,40.0,sub_harmonic_half,72.0,0.9999999999999998,71.0,0.9528265085940512,73.0,0.9341123164012128,40.0,0.9999999999999997,80.0,0.8140135846886309,79.0,0.7869465943293621,19_2,19,2,natural,96.966796875,58.7346115112,8.80314288753,0,399.950460914,0.219444304705
UBFC_A1/Eval_On_COHFACE,COHFACE,old,COHFACE_s19_session2_natural,31,73.0,80.0,large_error,73.0,0.9999999999999998,72.0,0.9661670907475373,74.0,0.9076942404430042,80.0,0.9999999999999996,79.0,0.961950622673368,51.0,0.9330201766051618,19_2,19,2,natural,96.966796875,58.7346115112,8.80314288753,0,399.950460914,0.219444304705
UBFC_A1/Eval_On_COHFACE,COHFACE,old,COHFACE_s19_session2_natural,32,73.0,52.0,large_error,73.0,0.9999999999999999,74.0,0.9926230101339316,72.0,0.8640488510959262,52.0,0.9999999999999998,53.0,0.9399956738097861,51.0,0.938047415648273,19_2,19,2,natural,96.966796875,58.7346115112,8.80314288753,0,399.950460914,0.219444304705
UBFC_A1/Eval_On_COHFACE,COHFACE,old,COHFACE_s19_session2_natural,33,73.0,81.0,large_error,73.0,0.9999999999999999,74.0,0.9907365403109142,72.0,0.8772488451080707,81.0,0.9999999999999998,80.0,0.9395337785437529,82.0,0.9220665502002788,19_2,19,2,natural,96.966796875,58.7346115112,8.80314288753,0,399.950460914,0.219444304705
UBFC_A1/Eval_On_COHFACE,COHFACE,old,COHFACE_s19_session2_natural,34,73.0,81.0,large_error,73.0,0.9999999999999998,72.0,0.9792292240538151,74.0,0.9114187974742027,81.0,0.9999999999999996,82.0,0.9805730990131991,80.0,0.9289578152486377,19_2,19,2,natural,96.966796875,58.7346115112,8.80314288753,0,399.950460914,0.219444304705
UBFC_A1/Eval_On_COHFACE,COHFACE,old,COHFACE_s19_session2_natural,35,72.0,43.0,large_error,72.0,0.9999999999999999,71.0,0.9636815981800682,73.0,0.9433638938597361,43.0,0.9999999999999998,44.0,0.9964396562797652,42.0,0.9144555264568497,19_2,19,2,natural,96.966796875,58.7346115112,8.80314288753,0,399.950460914,0.219444304705
UBFC_A1/Eval_On_COHFACE,COHFACE,old,COHFACE_s19_session2_natural,36,70.0,40.0,sub_harmonic_half,70.0,0.9999999999999999,69.0,0.9900169914428574,71.0,0.9163088668796708,40.0,0.9999999999999997,41.0,0.8767156654241677,79.0,0.6982014193205897,19_2,19,2,natural,96.966796875,58.7346115112,8.80314288753,0,399.950460914,0.219444304705
UBFC_A1/Eval_On_COHFACE,COHFACE,old,COHFACE_s19_session2_natural,37,70.0,61.0,large_error,70.0,0.9999999999999999,69.0,0.9978771412468213,71.0,0.8968838617776393,61.0,0.9999999999999997,60.0,0.9605174679645683,61.99999999999999,0.916972236806988,19_2,19,2,natural,96.966796875,58.7346115112,8.80314288753,0,399.950460914,0.219444304705
UBFC_A1/Eval_On_COHFACE,COHFACE,old,COHFACE_s19_session2_natural,38,68.0,75.0,large_error,68.0,0.9999999999999999,69.0,0.9600504478690474,67.0,0.9378582573078209,75.0,0.9999999999999998,76.0,0.9906380309167229,74.0,0.9062845230630082,19_2,19,2,natural,96.966796875,58.7346115112,8.80314288753,0,399.950460914,0.219444304705
UBFC_A1/Eval_On_COHFACE,COHFACE,old,COHFACE_s19_session2_natural,39,68.0,120.0,super_harmonic_2x,68.0,0.9999999999999999,67.0,0.9708009593781559,69.0,0.9199670375909524,120.0,0.9999999999999997,121.0,0.9731392105589778,60.0,0.937084403039527,19_2,19,2,natural,96.966796875,58.7346115112,8.80314288753,0,399.950460914,0.219444304705
UBFC_A1/Eval_On_COHFACE,COHFACE,old,COHFACE_s19_session2_natural,40,67.0,61.0,large_error,67.0,0.9999999999999999,68.0,0.9871483273925643,66.0,0.9018794112185641,61.0,0.9999999999999997,60.0,0.9858449162175601,78.0,0.9065280056566473,19_2,19,2,natural,96.966796875,58.7346115112,8.80314288753,0,399.950460914,0.219444304705
UBFC_A1/Eval_On_COHFACE,COHFACE,old,COHFACE_s19_session2_natural,41,67.0,120.0,super_harmonic_2x,67.0,0.9999999999999999,66.0,0.9669596574490804,68.0,0.9151459897310467,120.0,0.9999999999999996,121.0,0.9938426911958707,119.0,0.8875985945136666,19_2,19,2,natural,96.966796875,58.7346115112,8.80314288753,0,399.950460914,0.219444304705
UBFC_A1/Eval_On_COHFACE,COHFACE,old,COHFACE_s19_session2_natural,42,67.0,81.0,large_error,67.0,0.9999999999999998,66.0,0.9689817709544242,68.0,0.9209207244230758,81.0,0.9999999999999997,120.0,0.959166526844855,80.0,0.9500791074071807,19_2,19,2,natural,96.966796875,58.7346115112,8.80314288753,0,399.950460914,0.219444304705
UBFC_A1/Eval_On_COHFACE,COHFACE,old,COHFACE_s19_session2_natural,43,68.0,82.0,large_error,68.0,0.9999999999999998,67.0,0.9545723450729048,69.0,0.9333219913453709,82.0,0.9999999999999996,81.0,0.9580292385664916,83.0,0.8929312482206055,19_2,19,2,natural,96.966796875,58.7346115112,8.80314288753,0,399.950460914,0.219444304705
UBFC_A1/Eval_On_COHFACE,COHFACE,old,COHFACE_s19_session2_natural,44,70.0,120.0,super_harmonic_2x,70.0,0.9999999999999999,71.0,0.9871266245019943,69.0,0.8941061577393605,120.0,0.9999999999999996,121.0,0.967425934455321,119.0,0.9379329368200018,19_2,19,2,natural,96.966796875,58.7346115112,8.80314288753,0,399.950460914,0.219444304705
UBFC_A1/Eval_On_COHFACE,COHFACE,old,COHFACE_s19_session2_natural,45,71.0,47.0,large_error,71.0,0.9999999999999998,72.0,0.9785123675007821,70.0,0.9055865126623553,47.0,0.9999999999999988,46.0,0.9925976959733902,73.0,0.9652821571065802,19_2,19,2,natural,96.966796875,58.7346115112,8.80314288753,0,399.950460914,0.219444304705
UBFC_A1/Eval_On_COHFACE,COHFACE,old,COHFACE_s19_session2_natural,46,72.0,61.99999999999999,large_error,72.0,0.9999999999999998,71.0,0.9952260672907429,73.0,0.914197954393821,61.99999999999999,0.9999999999999994,63.0,0.970923306263263,61.0,0.90379126553555,19_2,19,2,natural,96.966796875,58.7346115112,8.80314288753,0,399.950460914,0.219444304705
UBFC_A1/Eval_On_COHFACE,COHFACE,old,COHFACE_s19_session2_natural,47,72.0,44.0,large_error,72.0,0.9999999999999999,73.0,0.9697844780764193,71.0,0.9261408922703207,44.0,0.9999999999999997,43.0,0.990709784624238,45.0,0.915970371250463,19_2,19,2,natural,96.966796875,58.7346115112,8.80314288753,0,399.950460914,0.219444304705
UBFC_A1/Eval_On_COHFACE,COHFACE,old,COHFACE_s19_session2_natural,48,72.0,43.0,large_error,72.0,0.9999999999999999,73.0,0.9488358579203285,71.0,0.9462668579531485,43.0,0.9999999999999997,42.0,0.9824102128088789,44.0,0.9655878997962988,19_2,19,2,natural,96.966796875,58.7346115112,8.80314288753,0,399.950460914,0.219444304705
UBFC_A1/Eval_On_COHFACE,COHFACE,old,COHFACE_s19_session2_natural,49,71.0,45.0,large_error,71.0,0.9999999999999999,70.0,0.9700722320334346,72.0,0.936453036071517,45.0,0.9999999999999998,44.0,0.9919374330495376,46.0,0.9385442883160162,19_2,19,2,natural,96.966796875,58.7346115112,8.80314288753,0,399.950460914,0.219444304705
UBFC_A1/Eval_On_COHFACE,COHFACE,old,COHFACE_s19_session2_natural,50,70.0,43.0,large_error,70.0,0.9999999999999999,71.0,0.9563720644816355,69.0,0.9386152163623577,43.0,0.9999999999999998,44.0,0.9592892187013228,42.0,0.9332746366928937,19_2,19,2,natural,96.966796875,58.7346115112,8.80314288753,0,399.950460914,0.219444304705
UBFC_A1/Eval_On_COHFACE,COHFACE,old,COHFACE_s19_session3_natural,0,74.0,81.0,large_error,74.0,0.9999999999999999,73.0,0.9333403598866336,75.0,0.9262105956165472,81.0,0.9999999999999997,82.0,0.9971059190702292,80.0,0.8984456525395347,19_3,19,3,natural,99.6521072388,58.5308761597,8.36916882606,0,460.035854498,0.194122970104
UBFC_A1/Eval_On_COHFACE,COHFACE,old,COHFACE_s19_session3_natural,1,71.0,81.0,large_error,71.0,0.9999999999999998,72.0,0.9786452232606283,70.0,0.9118250792776884,81.0,0.9999999999999996,80.0,0.9784246567091721,82.0,0.9196841175172491,19_3,19,3,natural,99.6521072388,58.5308761597,8.36916882606,0,460.035854498,0.194122970104
UBFC_A1/Eval_On_COHFACE,COHFACE,old,COHFACE_s19_session3_natural,2,71.0,44.0,large_error,71.0,0.9999999999999998,72.0,0.9741006073666186,70.0,0.9164134909110264,44.0,0.9999999999999998,76.0,0.9792298019198801,75.0,0.9689454168369047,19_3,19,3,natural,99.6521072388,58.5308761597,8.36916882606,0,460.035854498,0.194122970104
UBFC_A1/Eval_On_COHFACE,COHFACE,old,COHFACE_s19_session3_natural,3,71.0,52.0,large_error,71.0,0.9999999999999998,70.0,0.994035624620258,72.0,0.8961291368601908,52.0,0.9999999999999997,53.0,0.9864920112840165,51.0,0.9161620565290164,19_3,19,3,natural,99.6521072388,58.5308761597,8.36916882606,0,460.035854498,0.194122970104
UBFC_A1/Eval_On_COHFACE,COHFACE,old,COHFACE_s19_session3_natural,4,70.0,120.0,super_harmonic_2x,70.0,0.9999999999999999,71.0,0.9469293956276512,69.0,0.9404993925349132,120.0,0.9999999999999996,121.0,0.957791979602024,119.0,0.9270875905557528,19_3,19,3,natural,99.6521072388,58.5308761597,8.36916882606,0,460.035854498,0.194122970104
UBFC_A1/Eval_On_COHFACE,COHFACE,old,COHFACE_s19_session3_natural,5,70.0,59.0,large_error,70.0,0.9999999999999999,69.0,0.9779521232154248,71.0,0.9030847900026704,59.0,0.9999999999999997,60.0,0.9350004955323854,58.0,0.8980716522907506,19_3,19,3,natural,99.6521072388,58.5308761597,8.36916882606,0,460.035854498,0.194122970104
UBFC_A1/Eval_On_COHFACE,COHFACE,old,COHFACE_s19_session3_natural,6,70.0,80.0,large_error,70.0,0.9999999999999999,69.0,0.994239536997137,71.0,0.887604153849267,80.0,0.9999999999999996,79.0,0.9984605342399467,81.0,0.8379056027257634,19_3,19,3,natural,99.6521072388,58.5308761597,8.36916882606,0,460.035854498,0.194122970104
UBFC_A1/Eval_On_COHFACE,COHFACE,old,COHFACE_s19_session3_natural,7,69.0,81.0,large_error,69.0,0.9999999999999999,68.0,0.9517103810283383,70.0,0.942263322521427,81.0,0.9999999999999994,119.0,0.9890860306411724,120.0,0.9785784697708183,19_3,19,3,natural,99.6521072388,58.5308761597,8.36916882606,0,460.035854498,0.194122970104
UBFC_A1/Eval_On_COHFACE,COHFACE,old,COHFACE_s19_session3_natural,8,69.0,54.0,large_error,69.0,0.9999999999999999,68.0,0.9837148361207152,70.0,0.9033550854436435,54.0,0.9999999999999998,55.0,0.9749295658857926,65.0,0.9097885011365671,19_3,19,3,natural,99.6521072388,58.5308761597,8.36916882606,0,460.035854498,0.194122970104
UBFC_A1/Eval_On_COHFACE,COHFACE,old,COHFACE_s19_session3_natural,9,69.0,65.0,large_error,69.0,0.9999999999999999,68.0,0.9891110816111939,70.0,0.8940918077877623,65.0,0.9999999999999998,64.0,0.9649697857610635,55.0,0.9487523341543448,19_3,19,3,natural,99.6521072388,58.5308761597,8.36916882606,0,460.035854498,0.194122970104
UBFC_A1/Eval_On_COHFACE,COHFACE,old,COHFACE_s19_session3_natural,10,69.0,66.0,correct,69.0,0.9999999999999999,68.0,0.9723610065353769,70.0,0.9119494574157194,66.0,0.9999999999999998,65.0,0.994251445590402,67.0,0.9277793560369616,19_3,19,3,natural,99.6521072388,58.5308761597,8.36916882606,0,460.035854498,0.194122970104
UBFC_A1/Eval_On_COHFACE,COHFACE,old,COHFACE_s19_session3_natural,11,69.0,52.0,large_error,69.0,0.9999999999999999,68.0,0.9835198800783586,70.0,0.9039578253161562,52.0,0.9999999999999998,51.0,0.9578680912751293,53.0,0.9210051514718687,19_3,19,3,natural,99.6521072388,58.5308761597,8.36916882606,0,460.035854498,0.194122970104
UBFC_A1/Eval_On_COHFACE,COHFACE,old,COHFACE_s19_session3_natural,12,68.0,68.0,correct,68.0,0.9999999999999999,69.0,0.9549021352056695,67.0,0.9358542555702968,68.0,0.9999999999999998,67.0,0.9548546923973099,69.0,0.9398676650077962,19_3,19,3,natural,99.6521072388,58.5308761597,8.36916882606,0,460.035854498,0.194122970104
UBFC_A1/Eval_On_COHFACE,COHFACE,old,COHFACE_s19_session3_natural,13,68.0,52.0,large_error,68.0,0.9999999999999999,69.0,0.9745482599933948,67.0,0.9112591739501829,52.0,0.9999999999999998,51.0,0.9892901386940541,53.0,0.9158128319529791,19_3,19,3,natural,99.6521072388,58.5308761597,8.36916882606,0,460.035854498,0.194122970104
UBFC_A1/Eval_On_COHFACE,COHFACE,old,COHFACE_s19_session3_natural,14,68.0,74.0,large_error,68.0,0.9999999999999999,69.0,0.954279327861408,67.0,0.9328467511358625,74.0,0.9999999999999999,75.0,0.9649835031104027,73.0,0.9515378224460503,19_3,19,3,natural,99.6521072388,58.5308761597,8.36916882606,0,460.035854498,0.194122970104
UBFC_A1/Eval_On_COHFACE,COHFACE,old,COHFACE_s19_session3_natural,15,68.0,52.0,large_error,68.0,0.9999999999999999,67.0,0.9845115591235231,69.0,0.9077917927465663,52.0,0.9999999999999998,53.0,0.9516122017694467,51.0,0.9125096068765159,19_3,19,3,natural,99.6521072388,58.5308761597,8.36916882606,0,460.035854498,0.194122970104
UBFC_A1/Eval_On_COHFACE,COHFACE,old,COHFACE_s19_session3_natural,16,68.0,66.0,correct,68.0,0.9999999999999999,67.0,0.9839635336570183,69.0,0.9065794042676152,66.0,0.9999999999999997,67.0,0.9885499308998049,65.0,0.9144009240908374,19_3,19,3,natural,99.6521072388,58.5308761597,8.36916882606,0,460.035854498,0.194122970104
UBFC_A1/Eval_On_COHFACE,COHFACE,old,COHFACE_s19_session3_natural,17,67.0,68.0,correct,67.0,0.9999999999999999,68.0,0.9910217438914111,66.0,0.8920585058065595,68.0,0.9999999999999999,67.0,0.9895924012540146,69.0,0.9052730102019095,19_3,19,3,natural,99.6521072388,58.5308761597,8.36916882606,0,460.035854498,0.194122970104
UBFC_A1/Eval_On_COHFACE,COHFACE,old,COHFACE_s19_session3_natural,18,68.0,81.0,large_error,68.0,0.9999999999999999,67.0,0.9938248995704917,69.0,0.889282160650098,81.0,0.9999999999999997,80.0,0.9522447228137095,82.0,0.9294032142567512,19_3,19,3,natural,99.6521072388,58.5308761597,8.36916882606,0,460.035854498,0.194122970104
UBFC_A1/Eval_On_COHFACE,COHFACE,old,COHFACE_s19_session3_natural,19,68.0,82.0,large_error,68.0,0.9999999999999999,67.0,0.97516189087037,69.0,0.9116180230124512,82.0,0.9999999999999997,81.0,0.9533067359262811,83.0,0.9420104822654174,19_3,19,3,natural,99.6521072388,58.5308761597,8.36916882606,0,460.035854498,0.194122970104
UBFC_A1/Eval_On_COHFACE,COHFACE,old,COHFACE_s19_session3_natural,20,68.0,54.0,large_error,68.0,0.9999999999999999,67.0,0.9967009764860901,69.0,0.8948258901095028,54.0,0.9999999999999996,53.0,0.9661530766357491,55.0,0.9458203439758018,19_3,19,3,natural,99.6521072388,58.5308761597,8.36916882606,0,460.035854498,0.194122970104
UBFC_A1/Eval_On_COHFACE,COHFACE,old,COHFACE_s19_session3_natural,21,68.0,80.0,large_error,68.0,0.9999999999999999,69.0,0.9520389801987654,67.0,0.9300052930293234,80.0,0.9999999999999997,40.0,0.9900114135837672,79.0,0.9347434847198376,19_3,19,3,natural,99.6521072388,58.5308761597,8.36916882606,0,460.035854498,0.194122970104
UBFC_A1/Eval_On_COHFACE,COHFACE,old,COHFACE_s19_session3_natural,22,68.0,80.0,large_error,68.0,0.9999999999999999,69.0,0.9722538198286096,67.0,0.9122732453792305,80.0,0.9999999999999997,81.0,0.9492279665490686,79.0,0.9109293140299894,19_3,19,3,natural,99.6521072388,58.5308761597,8.36916882606,0,460.035854498,0.194122970104
UBFC_A1/Eval_On_COHFACE,COHFACE,old,COHFACE_s19_session3_natural,23,68.0,43.0,large_error,68.0,0.9999999999999999,69.0,0.9814636738322561,67.0,0.910600451714464,43.0,0.9999999999999996,44.0,0.9709234996855421,42.0,0.9286845573515117,19_3,19,3,natural,99.6521072388,58.5308761597,8.36916882606,0,460.035854498,0.194122970104
UBFC_A1/Eval_On_COHFACE,COHFACE,old,COHFACE_s19_session3_natural,24,68.0,40.0,large_error,68.0,0.9999999999999999,69.0,0.998613129773205,67.0,0.887915285413056,40.0,0.9999999999999997,79.0,0.9035578068319999,80.0,0.8947514494799769,19_3,19,3,natural,99.6521072388,58.5308761597,8.36916882606,0,460.035854498,0.194122970104
UBFC_A1/Eval_On_COHFACE,COHFACE,old,COHFACE_s19_session3_natural,25,69.0,80.0,large_error,69.0,0.9999999999999999,68.0,0.9660794714728581,70.0,0.9210207683066298,80.0,0.9999999999999996,79.0,0.9937322472051131,81.0,0.9376139902716182,19_3,19,3,natural,99.6521072388,58.5308761597,8.36916882606,0,460.035854498,0.194122970104
UBFC_A1/Eval_On_COHFACE,COHFACE,old,COHFACE_s19_session3_natural,26,69.0,42.0,large_error,69.0,0.9999999999999999,70.0,0.9525523752807692,68.0,0.928620998388228,42.0,0.9999999999999998,41.0,0.9673263402988205,53.0,0.9217304012241361,19_3,19,3,natural,99.6521072388,58.5308761597,8.36916882606,0,460.035854498,0.194122970104
UBFC_A1/Eval_On_COHFACE,COHFACE,old,COHFACE_s19_session3_natural,27,69.0,40.0,sub_harmonic_half,69.0,0.9999999999999999,68.0,0.9610464788018283,70.0,0.9295317280410572,40.0,0.9999999999999998,80.0,0.9737180880520035,79.0,0.9550017239142492,19_3,19,3,natural,99.6521072388,58.5308761597,8.36916882606,0,460.035854498,0.194122970104
UBFC_A1/Eval_On_COHFACE,COHFACE,old,COHFACE_s19_session3_natural,28,69.0,80.0,large_error,69.0,0.9999999999999999,68.0,0.9536336178402773,70.0,0.9326883160197607,80.0,0.9999999999999998,79.0,0.9950467158071767,81.0,0.908876927165279,19_3,19,3,natural,99.6521072388,58.5308761597,8.36916882606,0,460.035854498,0.194122970104
UBFC_A1/Eval_On_COHFACE,COHFACE,old,COHFACE_s19_session3_natural,29,69.0,43.0,large_error,69.0,0.9999999999999999,70.0,0.959854732257608,68.0,0.9285169110000548,43.0,0.9999999999999998,44.0,0.9956124840527627,42.0,0.918349865764917,19_3,19,3,natural,99.6521072388,58.5308761597,8.36916882606,0,460.035854498,0.194122970104
UBFC_A1/Eval_On_COHFACE,COHFACE,old,COHFACE_s19_session3_natural,30,69.0,40.0,sub_harmonic_half,69.0,0.9999999999999999,68.0,0.9640200111404365,70.0,0.9264740504650724,40.0,0.9999999999999998,80.0,0.9550014296234187,81.0,0.9064972075586031,19_3,19,3,natural,99.6521072388,58.5308761597,8.36916882606,0,460.035854498,0.194122970104
UBFC_A1/Eval_On_COHFACE,COHFACE,old,COHFACE_s19_session3_natural,31,69.0,80.0,large_error,69.0,0.9999999999999999,68.0,0.9999139602525479,67.0,0.8945201247100074,80.0,0.9999999999999998,81.0,0.9813956286611637,79.0,0.8962347080999833,19_3,19,3,natural,99.6521072388,58.5308761597,8.36916882606,0,460.035854498,0.194122970104
UBFC_A1/Eval_On_COHFACE,COHFACE,old,COHFACE_s19_session3_natural,32,69.0,41.0,large_error,69.0,0.9999999999999999,68.0,0.9872038401140576,70.0,0.9017244829724775,41.0,0.9999999999999998,42.0,0.982740266273156,52.0,0.9205692919365089,19_3,19,3,natural,99.6521072388,58.5308761597,8.36916882606,0,460.035854498,0.194122970104
UBFC_A1/Eval_On_COHFACE,COHFACE,old,COHFACE_s19_session3_natural,33,69.0,82.0,large_error,69.0,0.9999999999999999,70.0,0.9434428619210674,68.0,0.9311153743821629,82.0,0.9999999999999998,81.0,0.9937178720224469,41.0,0.9677593294184273,19_3,19,3,natural,99.6521072388,58.5308761597,8.36916882606,0,460.035854498,0.194122970104
UBFC_A1/Eval_On_COHFACE,COHFACE,old,COHFACE_s19_session3_natural,34,69.0,83.0,large_error,69.0,0.9999999999999999,70.0,0.979455051730643,68.0,0.9111691381325531,83.0,0.9999999999999997,82.0,0.994038641322901,84.0,0.9116124297627973,19_3,19,3,natural,99.6521072388,58.5308761597,8.36916882606,0,460.035854498,0.194122970104
UBFC_A1/Eval_On_COHFACE,COHFACE,old,COHFACE_s19_session3_natural,35,70.0,45.0,large_error,70.0,0.9999999999999999,69.0,0.9766856858755782,71.0,0.9203461697608906,45.0,0.9999999999999998,44.0,0.9739662703440322,46.0,0.9606155323859968,19_3,19,3,natural,99.6521072388,58.5308761597,8.36916882606,0,460.035854498,0.194122970104
UBFC_A1/Eval_On_COHFACE,COHFACE,old,COHFACE_s19_session3_natural,36,71.0,83.0,large_error,71.0,0.9999999999999999,70.0,0.9493316190961438,72.0,0.9362555429012908,83.0,0.9999999999999998,82.0,0.9590980761445007,84.0,0.9431508078070018,19_3,19,3,natural,99.6521072388,58.5308761597,8.36916882606,0,460.035854498,0.194122970104
UBFC_A1/Eval_On_COHFACE,COHFACE,old,COHFACE_s19_session3_natural,37,72.0,86.0,large_error,72.0,0.9999999999999999,73.0,0.9864598722167334,71.0,0.8913663329751276,86.0,0.9999999999999994,85.0,0.9869232202408967,87.0,0.9826069319712174,19_3,19,3,natural,99.6521072388,58.5308761597,8.36916882606,0,460.035854498,0.194122970104
UBFC_A1/Eval_On_COHFACE,COHFACE,old,COHFACE_s19_session3_natural,38,73.0,61.0,large_error,73.0,0.9999999999999999,72.0,0.9600143995210484,74.0,0.9296859283575909,61.0,0.9999999999999997,52.0,0.9696353211592392,61.99999999999999,0.9642143855069756,19_3,19,3,natural,99.6521072388,58.5308761597,8.36916882606,0,460.035854498,0.194122970104
UBFC_A1/Eval_On_COHFACE,COHFACE,old,COHFACE_s19_session3_natural,39,73.0,63.0,large_error,73.0,0.9999999999999999,74.0,0.9786965608109297,72.0,0.9121695334882539,63.0,0.9999999999999997,61.99999999999999,0.9425924156316405,64.0,0.859396889684518,19_3,19,3,natural,99.6521072388,58.5308761597,8.36916882606,0,460.035854498,0.194122970104
UBFC_A1/Eval_On_COHFACE,COHFACE,old,COHFACE_s19_session3_natural,40,74.0,91.0,large_error,74.0,0.9999999999999999,73.0,0.9893451315965847,75.0,0.8925668722072907,91.0,0.9999999999999993,90.0,0.9635377701612367,63.0,0.945590912023514,19_3,19,3,natural,99.6521072388,58.5308761597,8.36916882606,0,460.035854498,0.194122970104
UBFC_A1/Eval_On_COHFACE,COHFACE,old,COHFACE_s19_session3_natural,41,73.0,52.0,large_error,73.0,0.9999999999999999,74.0,0.9650202670539352,72.0,0.9311507169147594,52.0,0.9999999999999997,51.0,0.9202601735568383,42.0,0.89912596811524,19_3,19,3,natural,99.6521072388,58.5308761597,8.36916882606,0,460.035854498,0.194122970104
UBFC_A1/Eval_On_COHFACE,COHFACE,old,COHFACE_s19_session3_natural,42,72.0,120.0,large_error,72.0,0.9999999999999999,73.0,0.9695874051173539,71.0,0.9229655077733303,120.0,0.9999999999999997,119.0,0.9766357261882916,121.0,0.9077128187085383,19_3,19,3,natural,99.6521072388,58.5308761597,8.36916882606,0,460.035854498,0.194122970104
UBFC_A1/Eval_On_COHFACE,COHFACE,old,COHFACE_s19_session3_natural,43,72.0,74.0,correct,72.0,0.9999999999999999,71.0,0.9613507881645236,73.0,0.9206171474111823,74.0,0.9999999999999996,73.0,0.9813373566171831,75.0,0.967657375090267,19_3,19,3,natural,99.6521072388,58.5308761597,8.36916882606,0,460.035854498,0.194122970104
UBFC_A1/Eval_On_COHFACE,COHFACE,old,COHFACE_s19_session3_natural,44,71.0,74.0,correct,71.0,0.9999999999999999,72.0,0.9468533322647784,70.0,0.9332889930008073,74.0,0.9999999999999998,75.0,0.9652674465402192,73.0,0.9475293827983412,19_3,19,3,natural,99.6521072388,58.5308761597,8.36916882606,0,460.035854498,0.194122970104
UBFC_A1/Eval_On_COHFACE,COHFACE,old,COHFACE_s19_session3_natural,45,71.0,40.0,sub_harmonic_half,71.0,0.9999999999999999,70.0,0.963198847319133,72.0,0.9308561575308755,40.0,0.9999999999999996,80.0,0.9922163660460817,79.0,0.9558638102924991,19_3,19,3,natural,99.6521072388,58.5308761597,8.36916882606,0,460.035854498,0.194122970104
UBFC_A1/Eval_On_COHFACE,COHFACE,old,COHFACE_s19_session3_natural,46,70.0,67.0,correct,70.0,0.9999999999999999,71.0,0.9878576662615287,69.0,0.9019113794482463,67.0,0.9999999999999997,66.0,0.9923136296060694,68.0,0.9412362586373755,19_3,19,3,natural,99.6521072388,58.5308761597,8.36916882606,0,460.035854498,0.194122970104
UBFC_A1/Eval_On_COHFACE,COHFACE,old,COHFACE_s19_session3_natural,47,71.0,52.0,large_error,71.0,0.9999999999999999,72.0,0.9415909461308519,70.0,0.9375376376525305,52.0,0.9999999999999998,67.0,0.9797270905781565,51.0,0.9515828460084325,19_3,19,3,natural,99.6521072388,58.5308761597,8.36916882606,0,460.035854498,0.194122970104
UBFC_A1/Eval_On_COHFACE,COHFACE,old,COHFACE_s19_session3_natural,48,71.0,40.0,sub_harmonic_half,71.0,0.9999999999999999,72.0,0.9986508720054962,70.0,0.8772770624245287,40.0,0.9999999999999994,63.0,0.9657319897851251,64.0,0.9525380252431397,19_3,19,3,natural,99.6521072388,58.5308761597,8.36916882606,0,460.035854498,0.194122970104
UBFC_A1/Eval_On_COHFACE,COHFACE,old,COHFACE_s19_session3_natural,49,71.0,63.0,large_error,71.0,0.9999999999999999,72.0,0.9728023613585015,70.0,0.9185421390048156,63.0,0.9999999999999993,61.99999999999999,0.9849843638011548,64.0,0.9222549282072366,19_3,19,3,natural,99.6521072388,58.5308761597,8.36916882606,0,460.035854498,0.194122970104
UBFC_A1/Eval_On_COHFACE,COHFACE,old,COHFACE_s19_session3_natural,50,71.0,43.0,large_error,71.0,0.9999999999999999,72.0,0.9890324794990757,70.0,0.9034672893606628,43.0,0.9999999999999997,42.0,0.9985662995754083,44.0,0.9018525384961886,19_3,19,3,natural,99.6521072388,58.5308761597,8.36916882606,0,460.035854498,0.194122970104
UBFC_A1/Eval_On_COHFACE,COHFACE,old,COHFACE_s20_session0_lamp,0,72.0,74.0,correct,72.0,0.9999999999999999,73.0,0.9805041862150932,71.0,0.9271352875345371,74.0,0.9999999999999998,75.0,0.9754662084640041,73.0,0.9259618762153237,20_0,20,0,lamp,115.153915405,53.8583908081,0.327797061933,0,389.380604752,0.298877567053
UBFC_A1/Eval_On_COHFACE,COHFACE,old,COHFACE_s20_session0_lamp,1,72.0,74.0,correct,72.0,0.9999999999999999,73.0,0.9704324255557972,71.0,0.9192108973381778,74.0,0.9999999999999998,75.0,0.9949155394193484,73.0,0.8880161796659127,20_0,20,0,lamp,115.153915405,53.8583908081,0.327797061933,0,389.380604752,0.298877567053
UBFC_A1/Eval_On_COHFACE,COHFACE,old,COHFACE_s20_session0_lamp,2,72.0,76.0,large_error,72.0,1.0,73.0,0.9745462636381109,71.0,0.9057080361287799,76.0,0.9999999999999998,77.0,0.9605491873745575,75.0,0.9533904263218246,20_0,20,0,lamp,115.153915405,53.8583908081,0.327797061933,0,389.380604752,0.298877567053
UBFC_A1/Eval_On_COHFACE,COHFACE,old,COHFACE_s20_session0_lamp,3,72.0,76.0,large_error,72.0,1.0,73.0,0.9594795082582885,71.0,0.9275509799686557,76.0,0.9999999999999998,75.0,0.9823209196226255,77.0,0.9395962824487223,20_0,20,0,lamp,115.153915405,53.8583908081,0.327797061933,0,389.380604752,0.298877567053
UBFC_A1/Eval_On_COHFACE,COHFACE,old,COHFACE_s20_session0_lamp,4,72.0,75.0,correct,72.0,1.0,73.0,0.9542416572126832,71.0,0.9313977335778282,75.0,0.9999999999999998,74.0,0.9607356867978533,76.0,0.9381053609763164,20_0,20,0,lamp,115.153915405,53.8583908081,0.327797061933,0,389.380604752,0.298877567053
UBFC_A1/Eval_On_COHFACE,COHFACE,old,COHFACE_s20_session0_lamp,5,72.0,74.0,correct,72.0,1.0,73.0,0.9594741737242678,71.0,0.9294271921381638,74.0,0.9999999999999998,73.0,0.9936943758867387,75.0,0.9604966276138936,20_0,20,0,lamp,115.153915405,53.8583908081,0.327797061933,0,389.380604752,0.298877567053
UBFC_A1/Eval_On_COHFACE,COHFACE,old,COHFACE_s20_session0_lamp,6,72.0,75.0,correct,72.0,1.0,73.0,0.9913556977731762,71.0,0.8958552145276831,75.0,0.9999999999999988,74.0,0.9932851491629676,76.0,0.9127456665317315,20_0,20,0,lamp,115.153915405,53.8583908081,0.327797061933,0,389.380604752,0.298877567053
UBFC_A1/Eval_On_COHFACE,COHFACE,old,COHFACE_s20_session0_lamp,7,73.0,74.0,correct,73.0,1.0,72.0,0.9786416057382084,74.0,0.9028838217488221,74.0,0.9999999999999998,73.0,0.9925653097091592,75.0,0.9234696290009154,20_0,20,0,lamp,115.153915405,53.8583908081,0.327797061933,0,389.380604752,0.298877567053
UBFC_A1/Eval_On_COHFACE,COHFACE,old,COHFACE_s20_session0_lamp,8,73.0,75.0,correct,73.0,1.0,72.0,0.9803215144452246,74.0,0.9102545177697029,75.0,0.9999999999999997,76.0,0.948616557808234,74.0,0.9429743881528205,20_0,20,0,lamp,115.153915405,53.8583908081,0.327797061933,0,389.380604752,0.298877567053
UBFC_A1/Eval_On_COHFACE,COHFACE,old,COHFACE_s20_session0_lamp,9,73.0,42.0,sub_harmonic_half,73.0,1.0,72.0,0.9724440813861717,74.0,0.9124970097056998,42.0,0.9999999999999969,41.0,0.9972348189147191,40.0,0.9241327065796524,20_0,20,0,lamp,115.153915405,53.8583908081,0.327797061933,0,389.380604752,0.298877567053
UBFC_A1/Eval_On_COHFACE,COHFACE,old,COHFACE_s20_session0_lamp,10,73.0,60.0,large_error,73.0,1.0,72.0,0.9747004853107298,74.0,0.9156783340858589,60.0,0.9999999999999994,61.0,0.9445273161520816,59.0,0.8837405251646356,20_0,20,0,lamp,115.153915405,53.8583908081,0.327797061933,0,389.380604752,0.298877567053
UBFC_A1/Eval_On_COHFACE,COHFACE,old,COHFACE_s20_session0_lamp,11,73.0,90.0,large_error,73.0,1.0,72.0,0.9588380309516366,74.0,0.9262168088333185,90.0,0.9999999999999994,91.0,0.9900811644293711,89.0,0.8872153816649383,20_0,20,0,lamp,115.153915405,53.8583908081,0.327797061933,0,389.380604752,0.298877567053
UBFC_A1/Eval_On_COHFACE,COHFACE,old,COHFACE_s20_session0_lamp,12,73.0,58.0,large_error,73.0,1.0,72.0,0.958111580314744,74.0,0.9271846139732745,58.0,0.9999999999999996,57.0,0.9484630129900257,59.0,0.9459209857344024,20_0,20,0,lamp,115.153915405,53.8583908081,0.327797061933,0,389.380604752,0.298877567053
UBFC_A1/Eval_On_COHFACE,COHFACE,old,COHFACE_s20_session0_lamp,13,73.0,60.0,large_error,73.0,1.0,72.0,0.9634833578760947,74.0,0.9247240044371461,60.0,0.9999999999999997,59.0,0.9779254921693996,61.0,0.9182454530532503,20_0,20,0,lamp,115.153915405,53.8583908081,0.327797061933,0,389.380604752,0.298877567053
UBFC_A1/Eval_On_COHFACE,COHFACE,old,COHFACE_s20_session0_lamp,14,73.0,60.0,large_error,73.0,1.0,72.0,0.9459308678882217,74.0,0.9363606413162093,60.0,0.9999999999999998,59.0,0.9764056139188201,61.0,0.9359594104940987,20_0,20,0,lamp,115.153915405,53.8583908081,0.327797061933,0,389.380604752,0.298877567053
UBFC_A1/Eval_On_COHFACE,COHFACE,old,COHFACE_s20_session0_lamp,15,73.0,60.0,large_error,73.0,1.0,74.0,0.9522232565903834,72.0,0.9374111319125608,60.0,0.9999999999999999,59.0,0.99738781468878,61.0,0.9001301541368786,20_0,20,0,lamp,115.153915405,53.8583908081,0.327797061933,0,389.380604752,0.298877567053
UBFC_A1/Eval_On_COHFACE,COHFACE,old,COHFACE_s20_session0_lamp,16,73.0,60.0,large_error,73.0,1.0,74.0,0.9757288943234226,72.0,0.9069327727308419,60.0,0.9999999999999999,61.0,0.9880698195874664,59.0,0.9138441810297792,20_0,20,0,lamp,115.153915405,53.8583908081,0.327797061933,0,389.380604752,0.298877567053
UBFC_A1/Eval_On_COHFACE,COHFACE,old,COHFACE_s20_session0_lamp,17,74.0,81.0,large_error,74.0,1.0,73.0,0.9939959992645675,75.0,0.8938368710782685,81.0,0.9999999999999997,80.0,0.9475009678638218,82.0,0.931808992210832,20_0,20,0,lamp,115.153915405,53.8583908081,0.327797061933,0,389.380604752,0.298877567053
UBFC_A1/Eval_On_COHFACE,COHFACE,old,COHFACE_s20_session0_lamp,18,74.0,57.0,large_error,74.0,1.0,73.0,0.9923732791001922,75.0,0.8948961959844626,57.0,0.9999999999999996,58.0,0.9628460441005564,56.0,0.9252031807674401,20_0,20,0,lamp,115.153915405,53.8583908081,0.327797061933,0,389.380604752,0.298877567053
UBFC_A1/Eval_On_COHFACE,COHFACE,old,COHFACE_s20_session0_lamp,19,74.0,58.0,large_error,74.0,1.0,73.0,0.9936974561091537,75.0,0.8985925739268965,58.0,0.9999999999999998,57.0,0.9801778277089802,59.0,0.9345320088242353,20_0,20,0,lamp,115.153915405,53.8583908081,0.327797061933,0,389.380604752,0.298877567053
UBFC_A1/Eval_On_COHFACE,COHFACE,old,COHFACE_s20_session0_lamp,20,74.0,97.0,super_harmonic_1p5x,74.0,1.0,73.0,0.9857653761721016,75.0,0.9011535203679871,97.0,0.9999999999999994,98.0,0.9715583598440534,96.0,0.9211831515185788,20_0,20,0,lamp,115.153915405,53.8583908081,0.327797061933,0,389.380604752,0.298877567053
UBFC_A1/Eval_On_COHFACE,COHFACE,old,COHFACE_s20_session0_lamp,21,74.0,73.0,correct,74.0,1.0,73.0,0.99932771174824,75.0,0.8850353656101678,73.0,0.9999999999999998,72.0,0.9645744333797577,74.0,0.9323663931537383,20_0,20,0,lamp,115.153915405,53.8583908081,0.327797061933,0,389.380604752,0.298877567053
UBFC_A1/Eval_On_COHFACE,COHFACE,old,COHFACE_s20_session0_lamp,22,73.0,53.0,large_error,73.0,1.0,74.0,0.9833691571056175,72.0,0.9070164437894522,53.0,0.9999999999999998,54.0,0.9718272360554739,52.0,0.8703822226329264,20_0,20,0,lamp,115.153915405,53.8583908081,0.327797061933,0,389.380604752,0.298877567053
UBFC_A1/Eval_On_COHFACE,COHFACE,old,COHFACE_s20_session0_lamp,23,73.0,70.0,correct,73.0,1.0,74.0,0.9514432351482407,72.0,0.9326007593030479,70.0,0.9999999999999996,69.0,0.992074822835946,71.0,0.88415197523212,20_0,20,0,lamp,115.153915405,53.8583908081,0.327797061933,0,389.380604752,0.298877567053
UBFC_A1/Eval_On_COHFACE,COHFACE,old,COHFACE_s20_session0_lamp,24,73.0,41.0,sub_harmonic_half,73.0,1.0,74.0,0.9614573070930744,72.0,0.9290481063419316,41.0,0.9999999999999993,40.0,0.9781375368845988,71.0,0.937009579489837,20_0,20,0,lamp,115.153915405,53.8583908081,0.327797061933,0,389.380604752,0.298877567053
UBFC_A1/Eval_On_COHFACE,COHFACE,old,COHFACE_s20_session0_lamp,25,73.0,71.0,correct,73.0,1.0,74.0,0.9688018518597323,72.0,0.9142060474397559,71.0,0.9999999999999998,70.0,0.9747538017112705,72.0,0.9213174256664989,20_0,20,0,lamp,115.153915405,53.8583908081,0.327797061933,0,389.380604752,0.298877567053
UBFC_A1/Eval_On_COHFACE,COHFACE,old,COHFACE_s20_session0_lamp,26,73.0,75.0,correct,73.0,1.0,74.0,0.9735968894979556,72.0,0.916072828066962,75.0,0.9999999999999998,76.0,0.9653966707612962,74.0,0.9565197434730915,20_0,20,0,lamp,115.153915405,53.8583908081,0.327797061933,0,389.380604752,0.298877567053
UBFC_A1/Eval_On_COHFACE,COHFACE,old,COHFACE_s20_session0_lamp,27,73.0,75.0,correct,73.0,1.0,74.0,0.9461484451194133,72.0,0.9390166342225719,75.0,0.9999999999999999,74.0,0.9614717208770388,76.0,0.9374245651051628,20_0,20,0,lamp,115.153915405,53.8583908081,0.327797061933,0,389.380604752,0.298877567053
UBFC_A1/Eval_On_COHFACE,COHFACE,old,COHFACE_s20_session0_lamp,28,73.0,75.0,correct,73.0,1.0,72.0,0.9580295111786697,74.0,0.9303802932499983,75.0,0.9999999999999998,76.0,0.9627693860266584,74.0,0.9309360471370002,20_0,20,0,lamp,115.153915405,53.8583908081,0.327797061933,0,389.380604752,0.298877567053
UBFC_A1/Eval_On_COHFACE,COHFACE,old,COHFACE_s20_session0_lamp,29,73.0,78.0,large_error,73.0,1.0,72.0,0.9892422716951387,74.0,0.9026641135237965,78.0,0.9999999999999999,79.0,0.9983052528490259,77.0,0.9416737616516884,20_0,20,0,lamp,115.153915405,53.8583908081,0.327797061933,0,389.380604752,0.298877567053
UBFC_A1/Eval_On_COHFACE,COHFACE,old,COHFACE_s20_session0_lamp,30,72.0,75.0,correct,72.0,1.0,73.0,0.9905589270443473,71.0,0.8952896860514107,75.0,0.9999999999999999,74.0,0.9922945252930216,76.0,0.9381672585909172,20_0,20,0,lamp,115.153915405,53.8583908081,0.327797061933,0,389.380604752,0.298877567053
UBFC_A1/Eval_On_COHFACE,COHFACE,old,COHFACE_s20_session0_lamp,31,72.0,74.0,correct,72.0,1.0,73.0,0.9588053151282743,71.0,0.9285264959279647,74.0,0.9999999999999998,75.0,0.9741216407781088,73.0,0.9275024107425581,20_0,20,0,lamp,115.153915405,53.8583908081,0.327797061933,0,389.380604752,0.298877567053
UBFC_A1/Eval_On_COHFACE,COHFACE,old,COHFACE_s20_session0_lamp,32,72.0,73.0,correct,72.0,1.0,73.0,0.9665458607550134,71.0,0.9174359051214312,73.0,0.9999999999999998,74.0,0.9849322536122156,72.0,0.9318097754336032,20_0,20,0,lamp,115.153915405,53.8583908081,0.327797061933,0,389.380604752,0.298877567053
UBFC_A1/Eval_On_COHFACE,COHFACE,old,COHFACE_s20_session0_lamp,33,72.0,46.0,large_error,72.0,1.0,73.0,0.9719830029479593,71.0,0.9167095273841993,46.0,0.9999999999999996,72.0,0.98963204023217,45.0,0.9716741943710642,20_0,20,0,lamp,115.153915405,53.8583908081,0.327797061933,0,389.380604752,0.298877567053
UBFC_A1/Eval_On_COHFACE,COHFACE,old,COHFACE_s20_session0_lamp,34,73.0,51.0,large_error,73.0,1.0,72.0,0.9745770294839683,74.0,0.9065996144851911,51.0,0.9999999999999998,50.0,0.9668470326169005,52.0,0.85727672271854,20_0,20,0,lamp,115.153915405,53.8583908081,0.327797061933,0,389.380604752,0.298877567053
UBFC_A1/Eval_On_COHFACE,COHFACE,old,COHFACE_s20_session0_lamp,35,73.0,71.0,correct,73.0,1.0,72.0,0.9459699032267336,74.0,0.9352464098346652,71.0,0.9999999999999996,70.0,0.9880705141105873,72.0,0.8568032522158004,20_0,20,0,lamp,115.153915405,53.8583908081,0.327797061933,0,389.380604752,0.298877567053
UBFC_A1/Eval_On_COHFACE,COHFACE,old,COHFACE_s20_session0_lamp,36,73.0,73.0,correct,73.0,1.0,74.0,0.9483557771097195,72.0,0.9407688094907406,73.0,0.9999999999999999,74.0,0.9682072374117269,72.0,0.9291177633989438,20_0,20,0,lamp,115.153915405,53.8583908081,0.327797061933,0,389.380604752,0.298877567053
UBFC_A1/Eval_On_COHFACE,COHFACE,old,COHFACE_s20_session0_lamp,37,73.0,73.0,correct,73.0,1.0,74.0,0.9508458734573088,72.0,0.9344728172792482,73.0,0.9999999999999997,74.0,0.9724404265459894,72.0,0.9426908768405974,20_0,20,0,lamp,115.153915405,53.8583908081,0.327797061933,0,389.380604752,0.298877567053
UBFC_A1/Eval_On_COHFACE,COHFACE,old,COHFACE_s20_session0_lamp,38,73.0,74.0,correct,73.0,1.0,74.0,0.9738486981631584,72.0,0.9165801619549812,74.0,0.9999999999999998,75.0,0.9926954101633414,73.0,0.9335011499600838,20_0,20,0,lamp,115.153915405,53.8583908081,0.327797061933,0,389.380604752,0.298877567053
UBFC_A1/Eval_On_COHFACE,COHFACE,old,COHFACE_s20_session0_lamp,39,73.0,74.0,correct,73.0,1.0,74.0,0.9892019369683307,72.0,0.8940113788523987,74.0,0.9999999999999999,75.0,0.9627285207822991,73.0,0.9320869003969526,20_0,20,0,lamp,115.153915405,53.8583908081,0.327797061933,0,389.380604752,0.298877567053
UBFC_A1/Eval_On_COHFACE,COHFACE,old,COHFACE_s20_session0_lamp,40,74.0,74.0,correct,74.0,1.0,73.0,0.9917993050278378,75.0,0.897507285201653,74.0,0.9999999999999998,75.0,0.9611550812554719,73.0,0.9324134869115431,20_0,20,0,lamp,115.153915405,53.8583908081,0.327797061933,0,389.380604752,0.298877567053
UBFC_A1/Eval_On_COHFACE,COHFACE,old,COHFACE_s20_session0_lamp,41,74.0,74.0,correct,74.0,1.0,73.0,0.9910067312536589,75.0,0.8961074308510936,74.0,0.9999999999999998,75.0,0.9455361187076212,73.0,0.9049611613212667,20_0,20,0,lamp,115.153915405,53.8583908081,0.327797061933,0,389.380604752,0.298877567053
UBFC_A1/Eval_On_COHFACE,COHFACE,old,COHFACE_s20_session0_lamp,42,74.0,75.0,correct,74.0,1.0,73.0,0.9778028067116334,75.0,0.9110933761096424,75.0,0.9999999999999993,74.0,0.9597306884538315,76.0,0.9303318807417852,20_0,20,0,lamp,115.153915405,53.8583908081,0.327797061933,0,389.380604752,0.298877567053
UBFC_A1/Eval_On_COHFACE,COHFACE,old,COHFACE_s20_session0_lamp,43,74.0,70.0,large_error,74.0,1.0,73.0,0.9814851066080064,75.0,0.9069719409383511,70.0,0.9999999999999993,71.0,0.9986561324819802,45.0,0.9076793061778801,20_0,20,0,lamp,115.153915405,53.8583908081,0.327797061933,0,389.380604752,0.298877567053
UBFC_A1/Eval_On_COHFACE,COHFACE,old,COHFACE_s20_session0_lamp,44,73.0,73.0,correct,73.0,1.0,74.0,0.9744850250400229,72.0,0.9102201517607199,73.0,0.9999999999999998,74.0,0.9499324498041986,72.0,0.9308222256437617,20_0,20,0,lamp,115.153915405,53.8583908081,0.327797061933,0,389.380604752,0.298877567053
UBFC_A1/Eval_On_COHFACE,COHFACE,old,COHFACE_s20_session0_lamp,45,73.0,51.0,large_error,73.0,1.0,72.0,0.976911731315864,74.0,0.9130719265047552,51.0,0.9999999999999998,52.0,0.9516263951681209,50.0,0.9344244487504423,20_0,20,0,lamp,115.153915405,53.8583908081,0.327797061933,0,389.380604752,0.298877567053
UBFC_A1/Eval_On_COHFACE,COHFACE,old,COHFACE_s20_session0_lamp,46,72.0,52.0,large_error,72.0,1.0,73.0,0.9613594901213712,71.0,0.9235825095901029,52.0,0.9999999999999999,53.0,0.9516299175843744,51.0,0.9244985040769232,20_0,20,0,lamp,115.153915405,53.8583908081,0.327797061933,0,389.380604752,0.298877567053
UBFC_A1/Eval_On_COHFACE,COHFACE,old,COHFACE_s20_session0_lamp,47,71.0,52.0,large_error,71.0,1.0,72.0,0.9767680331152082,70.0,0.9155952738365987,52.0,0.9999999999999999,53.0,0.9588182803522728,51.0,0.946805688786968,20_0,20,0,lamp,115.153915405,53.8583908081,0.327797061933,0,389.380604752,0.298877567053
UBFC_A1/Eval_On_COHFACE,COHFACE,old,COHFACE_s20_session0_lamp,48,71.0,52.0,large_error,71.0,1.0,70.0,0.9916843039041127,72.0,0.899652573140255,52.0,0.9999999999999997,53.0,0.992943641570209,51.0,0.9485919161975053,20_0,20,0,lamp,115.153915405,53.8583908081,0.327797061933,0,389.380604752,0.298877567053
UBFC_A1/Eval_On_COHFACE,COHFACE,old,COHFACE_s20_session0_lamp,49,70.0,43.0,large_error,70.0,1.0,71.0,0.9911511323088299,69.0,0.8962546464429084,43.0,0.9999999999999998,44.0,0.9652068962548886,42.0,0.9067624025515341,20_0,20,0,lamp,115.153915405,53.8583908081,0.327797061933,0,389.380604752,0.298877567053
UBFC_A1/Eval_On_COHFACE,COHFACE,old,COHFACE_s20_session0_lamp,50,70.0,59.0,large_error,70.0,1.0,71.0,0.9535617855135449,69.0,0.9281877831762249,59.0,0.9999999999999997,58.0,0.9584342246256489,60.0,0.9570663451752806,20_0,20,0,lamp,115.153915405,53.8583908081,0.327797061933,0,389.380604752,0.298877567053
UBFC_A1/Eval_On_COHFACE,COHFACE,old,COHFACE_s20_session1_lamp,0,74.0,80.0,large_error,74.0,1.0,75.0,0.9570959320820944,73.0,0.9215890100375044,80.0,0.9999999999999996,79.0,0.9801431220747988,81.0,0.8997059217871208,20_1,20,1,lamp,118.258743286,43.1958847046,0.226454530219,0,408.619277395,0.235144227743
UBFC_A1/Eval_On_COHFACE,COHFACE,old,COHFACE_s20_session1_lamp,1,74.0,120.0,super_harmonic_1p5x,74.0,1.0,75.0,0.9630194644786656,73.0,0.9267494238659127,120.0,0.9999999999999997,119.0,0.9868149011969668,121.0,0.9158777510896411,20_1,20,1,lamp,118.258743286,43.1958847046,0.226454530219,0,408.619277395,0.235144227743
UBFC_A1/Eval_On_COHFACE,COHFACE,old,COHFACE_s20_session1_lamp,2,74.0,76.0,correct,74.0,1.0,75.0,0.9645055981457747,73.0,0.9230406222824696,76.0,0.9999999999999998,75.0,0.9669520758185945,77.0,0.9547404152205762,20_1,20,1,lamp,118.258743286,43.1958847046,0.226454530219,0,408.619277395,0.235144227743
UBFC_A1/Eval_On_COHFACE,COHFACE,old,COHFACE_s20_session1_lamp,3,74.0,78.0,large_error,74.0,1.0,75.0,0.9758450105788686,73.0,0.911283400006569,78.0,0.9999999999999998,77.0,0.9742572843664765,79.0,0.9136490420292761,20_1,20,1,lamp,118.258743286,43.1958847046,0.226454530219,0,408.619277395,0.235144227743
UBFC_A1/Eval_On_COHFACE,COHFACE,old,COHFACE_s20_session1_lamp,4,74.0,77.0,correct,74.0,1.0,75.0,0.9688020146244436,73.0,0.9194278612020619,77.0,0.9999999999999997,76.0,0.9974491610911436,78.0,0.9468176426702509,20_1,20,1,lamp,118.258743286,43.1958847046,0.226454530219,0,408.619277395,0.235144227743
UBFC_A1/Eval_On_COHFACE,COHFACE,old,COHFACE_s20_session1_lamp,5,74.0,79.0,large_error,74.0,1.0,75.0,0.9743432649402972,73.0,0.9146202797617902,79.0,0.9999999999999994,78.0,0.9954881658374063,80.0,0.9352096768613126,20_1,20,1,lamp,118.258743286,43.1958847046,0.226454530219,0,408.619277395,0.235144227743
UBFC_A1/Eval_On_COHFACE,COHFACE,old,COHFACE_s20_session1_lamp,6,74.0,61.0,large_error,74.0,1.0,75.0,0.9616104009325562,73.0,0.9230617108275206,61.0,0.9999999999999997,61.99999999999999,0.9760711100117853,60.0,0.9266281890453464,20_1,20,1,lamp,118.258743286,43.1958847046,0.226454530219,0,408.619277395,0.235144227743
UBFC_A1/Eval_On_COHFACE,COHFACE,old,COHFACE_s20_session1_lamp,7,75.0,64.0,large_error,75.0,1.0,74.0,0.9916173894221539,76.0,0.8953039266797558,64.0,0.9999999999999997,63.0,0.9803790763781901,65.0,0.9783309917371035,20_1,20,1,lamp,118.258743286,43.1958847046,0.226454530219,0,408.619277395,0.235144227743
UBFC_A1/Eval_On_COHFACE,COHFACE,old,COHFACE_s20_session1_lamp,8,75.0,69.0,large_error,75.0,1.0,74.0,0.9782708906222578,76.0,0.9069678772293267,69.0,0.9999999999999994,68.0,0.986411554179994,70.0,0.9764683647776033,20_1,20,1,lamp,118.258743286,43.1958847046,0.226454530219,0,408.619277395,0.235144227743
UBFC_A1/Eval_On_COHFACE,COHFACE,old,COHFACE_s20_session1_lamp,9,75.0,83.0,large_error,75.0,1.0,74.0,0.943625031177835,76.0,0.9403934161126516,83.0,0.9999999999999997,82.0,0.9521178225021372,84.0,0.94748250851959,20_1,20,1,lamp,118.258743286,43.1958847046,0.226454530219,0,408.619277395,0.235144227743
UBFC_A1/Eval_On_COHFACE,COHFACE,old,COHFACE_s20_session1_lamp,10,75.0,73.0,correct,75.0,1.0,74.0,0.9625832081549158,76.0,0.920595439836746,73.0,0.9999999999999997,90.0,0.9910665307764683,72.0,0.9610345372557735,20_1,20,1,lamp,118.258743286,43.1958847046,0.226454530219,0,408.619277395,0.235144227743
UBFC_A1/Eval_On_COHFACE,COHFACE,old,COHFACE_s20_session1_lamp,11,75.0,40.0,sub_harmonic_half,75.0,1.0,76.0,0.9467716864014235,74.0,0.9400799831462043,40.0,0.9999999999999993,41.0,0.9568900639801095,42.0,0.7737401500442134,20_1,20,1,lamp,118.258743286,43.1958847046,0.226454530219,0,408.619277395,0.235144227743
UBFC_A1/Eval_On_COHFACE,COHFACE,old,COHFACE_s20_session1_lamp,12,75.0,79.0,large_error,75.0,1.0,74.0,0.965076049114146,76.0,0.9222578658877535,79.0,0.9999999999999997,78.0,0.9790940301747394,80.0,0.8912676857331728,20_1,20,1,lamp,118.258743286,43.1958847046,0.226454530219,0,408.619277395,0.235144227743
UBFC_A1/Eval_On_COHFACE,COHFACE,old,COHFACE_s20_session1_lamp,13,75.0,76.0,correct,75.0,1.0,74.0,0.9790150747250872,76.0,0.909239718020487,76.0,0.9999999999999998,75.0,0.9867835247806551,77.0,0.9151724165195431,20_1,20,1,lamp,118.258743286,43.1958847046,0.226454530219,0,408.619277395,0.235144227743
UBFC_A1/Eval_On_COHFACE,COHFACE,old,COHFACE_s20_session1_lamp,14,74.0,76.0,correct,74.0,1.0,75.0,0.9463342157940053,73.0,0.9372390734251953,76.0,0.9999999999999997,77.0,0.9866075283053519,75.0,0.9432625494087764,20_1,20,1,lamp,118.258743286,43.1958847046,0.226454530219,0,408.619277395,0.235144227743
UBFC_A1/Eval_On_COHFACE,COHFACE,old,COHFACE_s20_session1_lamp,15,74.0,78.0,large_error,74.0,1.0,73.0,0.9681302155321342,75.0,0.9226170703576295,78.0,0.9999999999999997,79.0,0.9829960783630198,77.0,0.9534732578705298,20_1,20,1,lamp,118.258743286,43.1958847046,0.226454530219,0,408.619277395,0.235144227743
UBFC_A1/Eval_On_COHFACE,COHFACE,old,COHFACE_s20_session1_lamp,16,73.0,79.0,large_error,73.0,1.0,74.0,0.993306216048234,72.0,0.8923173929330511,79.0,0.9999999999999996,78.0,0.9923350074342507,80.0,0.9349672785676489,20_1,20,1,lamp,118.258743286,43.1958847046,0.226454530219,0,408.619277395,0.235144227743
UBFC_A1/Eval_On_COHFACE,COHFACE,old,COHFACE_s20_session1_lamp,17,73.0,81.0,large_error,73.0,1.0,74.0,0.9799635315348995,72.0,0.9088556246976544,81.0,0.9999999999999997,80.0,0.9629332371701139,82.0,0.933152270961076,20_1,20,1,lamp,118.258743286,43.1958847046,0.226454530219,0,408.619277395,0.235144227743
UBFC_A1/Eval_On_COHFACE,COHFACE,old,COHFACE_s20_session1_lamp,18,73.0,82.0,large_error,73.0,1.0,74.0,0.9527607266006801,72.0,0.9323091452151426,82.0,0.9999999999999999,81.0,0.9529472946259303,83.0,0.905871955629053,20_1,20,1,lamp,118.258743286,43.1958847046,0.226454530219,0,408.619277395,0.235144227743
UBFC_A1/Eval_On_COHFACE,COHFACE,old,COHFACE_s20_session1_lamp,19,73.0,81.0,large_error,73.0,1.0,72.0,0.9496414949939135,74.0,0.940608474355022,81.0,0.9999999999999998,82.0,0.9611134415559108,80.0,0.8893780404207086,20_1,20,1,lamp,118.258743286,43.1958847046,0.226454530219,0,408.619277395,0.235144227743
UBFC_A1/Eval_On_COHFACE,COHFACE,old,COHFACE_s20_session1_lamp,20,73.0,81.0,large_error,73.0,1.0,72.0,0.9429681548043336,74.0,0.9424845698490453,81.0,0.9999999999999997,82.0,0.9934187794917961,80.0,0.8981410224431295,20_1,20,1,lamp,118.258743286,43.1958847046,0.226454530219,0,408.619277395,0.235144227743
UBFC_A1/Eval_On_COHFACE,COHFACE,old,COHFACE_s20_session1_lamp,21,73.0,80.0,large_error,73.0,1.0,72.0,0.9492342950893516,74.0,0.9336670301565144,80.0,0.9999999999999997,42.0,0.9750999581025416,81.0,0.9648047258150217,20_1,20,1,lamp,118.258743286,43.1958847046,0.226454530219,0,408.619277395,0.235144227743
UBFC_A1/Eval_On_COHFACE,COHFACE,old,COHFACE_s20_session1_lamp,22,73.0,76.0,correct,73.0,1.0,72.0,0.9683195226398726,74.0,0.9199665293091136,76.0,0.9999999999999998,75.0,0.9896754769286988,77.0,0.9468075469472103,20_1,20,1,lamp,118.258743286,43.1958847046,0.226454530219,0,408.619277395,0.235144227743
UBFC_A1/Eval_On_COHFACE,COHFACE,old,COHFACE_s20_session1_lamp,23,73.0,78.0,large_error,73.0,1.0,72.0,0.9773828616986752,74.0,0.9072236497742571,78.0,0.9999999999999997,77.0,0.9704884948114059,79.0,0.9491286541727081,20_1,20,1,lamp,118.258743286,43.1958847046,0.226454530219,0,408.619277395,0.235144227743
UBFC_A1/Eval_On_COHFACE,COHFACE,old,COHFACE_s20_session1_lamp,24,73.0,79.0,large_error,73.0,1.0,72.0,0.9981342826611724,74.0,0.8932722780624699,79.0,0.9999999999999998,80.0,0.9884282463891414,78.0,0.9186005442294458,20_1,20,1,lamp,118.258743286,43.1958847046,0.226454530219,0,408.619277395,0.235144227743
UBFC_A1/Eval_On_COHFACE,COHFACE,old,COHFACE_s20_session1_lamp,25,73.0,77.0,large_error,73.0,1.0,72.0,0.9706809686422374,74.0,0.911890065870426,77.0,0.9999999999999998,76.0,0.9934892882202219,78.0,0.936945042801178,20_1,20,1,lamp,118.258743286,43.1958847046,0.226454530219,0,408.619277395,0.235144227743
UBFC_A1/Eval_On_COHFACE,COHFACE,old,COHFACE_s20_session1_lamp,26,73.0,77.0,large_error,73.0,1.0,72.0,0.9465024027870527,74.0,0.9396027723391988,77.0,0.9999999999999996,78.0,0.9764502406205614,76.0,0.9539972734024152,20_1,20,1,lamp,118.258743286,43.1958847046,0.226454530219,0,408.619277395,0.235144227743
UBFC_A1/Eval_On_COHFACE,COHFACE,old,COHFACE_s20_session1_lamp,27,73.0,80.0,large_error,73.0,1.0,74.0,0.9665950950793459,72.0,0.9194814595449334,80.0,0.9999999999999997,81.0,0.9880539712371348,79.0,0.9616496667427801,20_1,20,1,lamp,118.258743286,43.1958847046,0.226454530219,0,408.619277395,0.235144227743
UBFC_A1/Eval_On_COHFACE,COHFACE,old,COHFACE_s20_session1_lamp,28,74.0,68.0,large_error,74.0,1.0,73.0,0.988784979774729,75.0,0.8992616569399234,68.0,0.9999999999999997,67.0,0.9529483256647027,69.0,0.9459663553837391,20_1,20,1,lamp,118.258743286,43.1958847046,0.226454530219,0,408.619277395,0.235144227743
UBFC_A1/Eval_On_COHFACE,COHFACE,old,COHFACE_s20_session1_lamp,29,74.0,67.0,large_error,74.0,1.0,75.0,0.9579467022949126,73.0,0.9281863609848306,67.0,0.9999999999999996,66.0,0.9663631232840523,68.0,0.9465879545919414,20_1,20,1,lamp,118.258743286,43.1958847046,0.226454530219,0,408.619277395,0.235144227743
UBFC_A1/Eval_On_COHFACE,COHFACE,old,COHFACE_s20_session1_lamp,30,74.0,81.0,large_error,74.0,1.0,75.0,0.9999715019413632,73.0,0.8872275845661319,81.0,0.9999999999999997,80.0,0.9845229562045182,82.0,0.8891278250641346,20_1,20,1,lamp,118.258743286,43.1958847046,0.226454530219,0,408.619277395,0.235144227743
UBFC_A1/Eval_On_COHFACE,COHFACE,old,COHFACE_s20_session1_lamp,31,75.0,43.0,sub_harmonic_half,75.0,1.0,74.0,0.9470388973180172,76.0,0.9385759942356415,43.0,0.9999999999999996,44.0,0.9682427080109891,42.0,0.9430886526003676,20_1,20,1,lamp,118.258743286,43.1958847046,0.226454530219,0,408.619277395,0.235144227743
UBFC_A1/Eval_On_COHFACE,COHFACE,old,COHFACE_s20_session1_lamp,32,75.0,75.0,correct,75.0,1.0,74.0,0.946312767997643,76.0,0.9412446885183664,75.0,0.9999999999999998,76.0,0.984083325202214,74.0,0.94171578015123,20_1,20,1,lamp,118.258743286,43.1958847046,0.226454530219,0,408.619277395,0.235144227743
UBFC_A1/Eval_On_COHFACE,COHFACE,old,COHFACE_s20_session1_lamp,33,76.0,79.0,correct,76.0,1.0,75.0,0.9995081871764313,77.0,0.8889433107163275,79.0,0.9999999999999996,80.0,0.9821765193611388,78.0,0.9316321857821654,20_1,20,1,lamp,118.258743286,43.1958847046,0.226454530219,0,408.619277395,0.235144227743
UBFC_A1/Eval_On_COHFACE,COHFACE,old,COHFACE_s20_session1_lamp,34,76.0,80.0,large_error,76.0,1.0,75.0,0.9849340375511756,77.0,0.9022528512229187,80.0,0.9999999999999998,79.0,0.9991519637090075,81.0,0.8737350762724716,20_1,20,1,lamp,118.258743286,43.1958847046,0.226454530219,0,408.619277395,0.235144227743
UBFC_A1/Eval_On_COHFACE,COHFACE,old,COHFACE_s20_session1_lamp,35,76.0,80.0,large_error,76.0,1.0,75.0,0.958004077494243,77.0,0.9237567724229258,80.0,0.9999999999999996,81.0,0.9799593850643065,79.0,0.8915850726932313,20_1,20,1,lamp,118.258743286,43.1958847046,0.226454530219,0,408.619277395,0.235144227743
UBFC_A1/Eval_On_COHFACE,COHFACE,old,COHFACE_s20_session1_lamp,36,76.0,80.0,large_error,76.0,1.0,75.0,0.9656994085014577,77.0,0.9206179874939011,80.0,0.9999999999999998,79.0,0.9788041280530986,81.0,0.9414730540986692,20_1,20,1,lamp,118.258743286,43.1958847046,0.226454530219,0,408.619277395,0.235144227743
UBFC_A1/Eval_On_COHFACE,COHFACE,old,COHFACE_s20_session1_lamp,37,76.0,43.0,sub_harmonic_half,76.0,1.0,77.0,0.9486729555916482,75.0,0.9374809934006629,43.0,0.9999999999999996,44.0,0.9830611391606229,42.0,0.9580529256456186,20_1,20,1,lamp,118.258743286,43.1958847046,0.226454530219,0,408.619277395,0.235144227743
UBFC_A1/Eval_On_COHFACE,COHFACE,old,COHFACE_s20_session1_lamp,38,76.0,40.0,sub_harmonic_half,76.0,1.0,77.0,0.9627593463277635,75.0,0.9230288031089198,40.0,0.9999999999999996,41.0,0.9919506010989314,42.0,0.9037933947352208,20_1,20,1,lamp,118.258743286,43.1958847046,0.226454530219,0,408.619277395,0.235144227743
UBFC_A1/Eval_On_COHFACE,COHFACE,old,COHFACE_s20_session1_lamp,39,76.0,81.0,large_error,76.0,1.0,77.0,0.9630464040794794,75.0,0.922269202509785,81.0,0.9999999999999997,80.0,0.9621566599104299,82.0,0.9292367832429054,20_1,20,1,lamp,118.258743286,43.1958847046,0.226454530219,0,408.619277395,0.235144227743
UBFC_A1/Eval_On_COHFACE,COHFACE,old,COHFACE_s20_session1_lamp,40,76.0,42.0,sub_harmonic_half,76.0,1.0,77.0,0.9717966318874414,75.0,0.9129207251014163,42.0,0.9999999999999997,43.0,0.9670043442922694,41.0,0.9021530813523336,20_1,20,1,lamp,118.258743286,43.1958847046,0.226454530219,0,408.619277395,0.235144227743
UBFC_A1/Eval_On_COHFACE,COHFACE,old,COHFACE_s20_session1_lamp,41,76.0,40.0,sub_harmonic_half,76.0,1.0,77.0,0.9885921502660714,75.0,0.9018905865284188,40.0,0.9999999999999993,41.0,0.8409044088347429,79.0,0.7471368838051967,20_1,20,1,lamp,118.258743286,43.1958847046,0.226454530219,0,408.619277395,0.235144227743
UBFC_A1/Eval_On_COHFACE,COHFACE,old,COHFACE_s20_session1_lamp,42,77.0,42.0,sub_harmonic_half,77.0,1.0,76.0,0.989808935364409,78.0,0.8947483078650196,42.0,0.9999999999999992,41.0,0.9846879902555458,43.0,0.9509233331692021,20_1,20,1,lamp,118.258743286,43.1958847046,0.226454530219,0,408.619277395,0.235144227743
UBFC_A1/Eval_On_COHFACE,COHFACE,old,COHFACE_s20_session1_lamp,43,77.0,41.0,sub_harmonic_half,77.0,1.0,76.0,0.9791307970599217,78.0,0.9105142380005485,41.0,0.9999999999999996,42.0,0.9599619327179187,40.0,0.9470854259533109,20_1,20,1,lamp,118.258743286,43.1958847046,0.226454530219,0,408.619277395,0.235144227743
UBFC_A1/Eval_On_COHFACE,COHFACE,old,COHFACE_s20_session1_lamp,44,77.0,69.0,large_error,77.0,1.0,76.0,0.9482601602836788,78.0,0.9368678202201517,69.0,0.9999999999999992,70.0,0.9795753208056065,80.0,0.9409585419092675,20_1,20,1,lamp,118.258743286,43.1958847046,0.226454530219,0,408.619277395,0.235144227743
UBFC_A1/Eval_On_COHFACE,COHFACE,old,COHFACE_s20_session1_lamp,45,77.0,80.0,correct,77.0,1.0,78.0,0.9773596008047396,76.0,0.9120827222802563,80.0,0.9999999999999997,79.0,0.9826296568563332,90.0,0.9610736591532758,20_1,20,1,lamp,118.258743286,43.1958847046,0.226454530219,0,408.619277395,0.235144227743
UBFC_A1/Eval_On_COHFACE,COHFACE,old,COHFACE_s20_session1_lamp,46,77.0,75.0,correct,77.0,1.0,78.0,0.975375581726409,76.0,0.9080415549733474,75.0,0.9999999999999997,74.0,0.9991706594342356,76.0,0.9287644041115805,20_1,20,1,lamp,118.258743286,43.1958847046,0.226454530219,0,408.619277395,0.235144227743
UBFC_A1/Eval_On_COHFACE,COHFACE,old,COHFACE_s20_session1_lamp,47,77.0,88.0,large_error,77.0,1.0,78.0,0.9745536224177344,76.0,0.911648559249079,88.0,0.9999999999999994,87.0,0.9954239382155843,89.0,0.9767745411374171,20_1,20,1,lamp,118.258743286,43.1958847046,0.226454530219,0,408.619277395,0.235144227743
UBFC_A1/Eval_On_COHFACE,COHFACE,old,COHFACE_s20_session1_lamp,48,77.0,78.0,correct,77.0,1.0,78.0,0.9649496951895966,76.0,0.9236738285325102,78.0,0.9999999999999994,77.0,0.9744617130372565,79.0,0.9528348649258916,20_1,20,1,lamp,118.258743286,43.1958847046,0.226454530219,0,408.619277395,0.235144227743
UBFC_A1/Eval_On_COHFACE,COHFACE,old,COHFACE_s20_session1_lamp,49,77.0,77.0,correct,77.0,1.0,76.0,0.9573490308000225,78.0,0.9280036915718138,77.0,0.9999999999999998,76.0,0.9936742043459175,90.0,0.9090947512782558,20_1,20,1,lamp,118.258743286,43.1958847046,0.226454530219,0,408.619277395,0.235144227743
UBFC_A1/Eval_On_COHFACE,COHFACE,old,COHFACE_s20_session1_lamp,50,76.0,77.0,correct,76.0,1.0,77.0,0.9834872492888932,75.0,0.9058448066570279,77.0,0.9999999999999999,76.0,0.9533280903785477,78.0,0.9486692801637119,20_1,20,1,lamp,118.258743286,43.1958847046,0.226454530219,0,408.619277395,0.235144227743
UBFC_A1/Eval_On_COHFACE,COHFACE,old,COHFACE_s20_session2_natural,0,79.0,40.0,sub_harmonic_half,79.0,1.0,80.0,0.9677451227075565,78.0,0.9310638925272294,40.0,0.9999999999999998,41.0,0.8565009348719006,80.0,0.7963280643496885,20_2,20,2,natural,104.696685791,56.4764289856,0.981437255054,0,416.380321704,0.252615332603
UBFC_A1/Eval_On_COHFACE,COHFACE,old,COHFACE_s20_session2_natural,1,79.0,40.0,sub_harmonic_half,79.0,1.0,80.0,0.9647054057097021,78.0,0.9277333125317019,40.0,0.9999999999999997,41.0,0.953646980008597,42.0,0.8039530121737789,20_2,20,2,natural,104.696685791,56.4764289856,0.981437255054,0,416.380321704,0.252615332603
UBFC_A1/Eval_On_COHFACE,COHFACE,old,COHFACE_s20_session2_natural,2,79.0,75.0,large_error,79.0,1.0,80.0,0.9937811665141271,78.0,0.8881986476350172,75.0,0.9999999999999998,76.0,0.9573659048322053,74.0,0.9448823597926488,20_2,20,2,natural,104.696685791,56.4764289856,0.981437255054,0,416.380321704,0.252615332603
UBFC_A1/Eval_On_COHFACE,COHFACE,old,COHFACE_s20_session2_natural,3,79.0,76.0,correct,79.0,1.0,80.0,0.9516550497505786,78.0,0.9284413035548474,76.0,0.9999999999999997,75.0,0.9920577251615958,40.0,0.9599803735243393,20_2,20,2,natural,104.696685791,56.4764289856,0.981437255054,0,416.380321704,0.252615332603
UBFC_A1/Eval_On_COHFACE,COHFACE,old,COHFACE_s20_session2_natural,4,79.0,40.0,sub_harmonic_half,79.0,1.0,78.0,0.9553916372419701,80.0,0.9338260468621661,40.0,0.9999999999999996,75.0,0.9562075316438623,74.0,0.9435735437070153,20_2,20,2,natural,104.696685791,56.4764289856,0.981437255054,0,416.380321704,0.252615332603
UBFC_A1/Eval_On_COHFACE,COHFACE,old,COHFACE_s20_session2_natural,5,78.0,72.0,large_error,78.0,1.0,77.0,0.9690302399425571,79.0,0.9209299413955586,72.0,0.9999999999999997,71.0,0.990460195103523,73.0,0.9236937269325899,20_2,20,2,natural,104.696685791,56.4764289856,0.981437255054,0,416.380321704,0.252615332603
UBFC_A1/Eval_On_COHFACE,COHFACE,old,COHFACE_s20_session2_natural,6,77.0,40.0,sub_harmonic_half,77.0,1.0,76.0,0.9432673237751796,78.0,0.9398690808823108,40.0,0.9999999999999996,41.0,0.7972999651991319,71.0,0.720835568923143,20_2,20,2,natural,104.696685791,56.4764289856,0.981437255054,0,416.380321704,0.252615332603
UBFC_A1/Eval_On_COHFACE,COHFACE,old,COHFACE_s20_session2_natural,7,76.0,69.0,large_error,76.0,1.0,77.0,0.9922818376648999,75.0,0.9014554729192549,69.0,0.9999999999999997,70.0,0.9629902734152305,98.0,0.8873538757175771,20_2,20,2,natural,104.696685791,56.4764289856,0.981437255054,0,416.380321704,0.252615332603
UBFC_A1/Eval_On_COHFACE,COHFACE,old,COHFACE_s20_session2_natural,8,76.0,68.0,large_error,76.0,1.0,77.0,0.99736156489631,75.0,0.8870971617753466,68.0,0.9999999999999996,67.0,0.9834561523475559,69.0,0.9677547877941757,20_2,20,2,natural,104.696685791,56.4764289856,0.981437255054,0,416.380321704,0.252615332603
UBFC_A1/Eval_On_COHFACE,COHFACE,old,COHFACE_s20_session2_natural,9,77.0,41.0,sub_harmonic_half,77.0,1.0,76.0,0.9901839626022806,78.0,0.8974287397119669,41.0,0.9999999999999996,66.0,0.9853082091963636,42.0,0.9771467925399817,20_2,20,2,natural,104.696685791,56.4764289856,0.981437255054,0,416.380321704,0.252615332603
UBFC_A1/Eval_On_COHFACE,COHFACE,old,COHFACE_s20_session2_natural,10,77.0,67.0,large_error,77.0,1.0,78.0,0.9479077082385096,76.0,0.9372154486691169,67.0,0.9999999999999998,66.0,0.970778558560352,68.0,0.9452011652902204,20_2,20,2,natural,104.696685791,56.4764289856,0.981437255054,0,416.380321704,0.252615332603
UBFC_A1/Eval_On_COHFACE,COHFACE,old,COHFACE_s20_session2_natural,11,77.0,68.0,large_error,77.0,1.0,78.0,0.983229024512381,76.0,0.907354217984632,68.0,0.9999999999999998,69.0,0.9641448280802776,67.0,0.951664316974002,20_2,20,2,natural,104.696685791,56.4764289856,0.981437255054,0,416.380321704,0.252615332603
UBFC_A1/Eval_On_COHFACE,COHFACE,old,COHFACE_s20_session2_natural,12,77.0,45.0,sub_harmonic_half,77.0,1.0,78.0,0.9732745389536904,76.0,0.9119141548314913,45.0,0.9999999999999998,44.0,0.9414211856732326,46.0,0.9402929280790303,20_2,20,2,natural,104.696685791,56.4764289856,0.981437255054,0,416.380321704,0.252615332603
UBFC_A1/Eval_On_COHFACE,COHFACE,old,COHFACE_s20_session2_natural,13,77.0,44.0,sub_harmonic_half,77.0,1.0,78.0,0.9570918867561787,76.0,0.9255629279854874,44.0,0.9999999999999998,45.0,0.9655368606002718,43.0,0.9361422431882619,20_2,20,2,natural,104.696685791,56.4764289856,0.981437255054,0,416.380321704,0.252615332603
UBFC_A1/Eval_On_COHFACE,COHFACE,old,COHFACE_s20_session2_natural,14,77.0,46.0,large_error,77.0,1.0,78.0,0.9505137439719478,76.0,0.9385354322561335,46.0,0.9999999999999998,45.0,0.9925900360357495,47.0,0.9044090470759629,20_2,20,2,natural,104.696685791,56.4764289856,0.981437255054,0,416.380321704,0.252615332603
UBFC_A1/Eval_On_COHFACE,COHFACE,old,COHFACE_s20_session2_natural,15,77.0,66.0,large_error,77.0,1.0,76.0,0.9492099646192224,78.0,0.9350807864581926,66.0,0.9999999999999998,67.0,0.9559668348890636,65.0,0.9053437113190963,20_2,20,2,natural,104.696685791,56.4764289856,0.981437255054,0,416.380321704,0.252615332603
UBFC_A1/Eval_On_COHFACE,COHFACE,old,COHFACE_s20_session2_natural,16,77.0,75.0,correct,77.0,1.0,76.0,0.9673645872808254,78.0,0.9220745779260711,75.0,0.9999999999999999,74.0,0.9904352626637383,76.0,0.9314545167713851,20_2,20,2,natural,104.696685791,56.4764289856,0.981437255054,0,416.380321704,0.252615332603
UBFC_A1/Eval_On_COHFACE,COHFACE,old,COHFACE_s20_session2_natural,17,77.0,75.0,correct,77.0,1.0,76.0,0.9641489155238795,78.0,0.9213066678570572,75.0,0.9999999999999999,74.0,0.9965401698089487,76.0,0.9246680611382262,20_2,20,2,natural,104.696685791,56.4764289856,0.981437255054,0,416.380321704,0.252615332603
UBFC_A1/Eval_On_COHFACE,COHFACE,old,COHFACE_s20_session2_natural,18,77.0,75.0,correct,77.0,1.0,76.0,0.9580470642309076,78.0,0.93103319309227,75.0,0.9999999999999999,74.0,0.9723410782940489,76.0,0.9303352109016226,20_2,20,2,natural,104.696685791,56.4764289856,0.981437255054,0,416.380321704,0.252615332603
UBFC_A1/Eval_On_COHFACE,COHFACE,old,COHFACE_s20_session2_natural,19,77.0,76.0,correct,77.0,1.0,76.0,0.9565091649998542,78.0,0.926095790692262,76.0,0.9999999999999998,77.0,0.9713761085726629,75.0,0.9419046115138573,20_2,20,2,natural,104.696685791,56.4764289856,0.981437255054,0,416.380321704,0.252615332603
UBFC_A1/Eval_On_COHFACE,COHFACE,old,COHFACE_s20_session2_natural,20,77.0,79.0,correct,77.0,1.0,76.0,0.9537018302994026,78.0,0.9313743176598424,79.0,0.9999999999999999,80.0,0.9806130850645002,78.0,0.9304003219915133,20_2,20,2,natural,104.696685791,56.4764289856,0.981437255054,0,416.380321704,0.252615332603
UBFC_A1/Eval_On_COHFACE,COHFACE,old,COHFACE_s20_session2_natural,21,77.0,80.0,correct,77.0,1.0,78.0,0.9532171221651348,76.0,0.9341703486712446,80.0,0.9999999999999998,79.0,0.9805820516744397,81.0,0.9302917689436727,20_2,20,2,natural,104.696685791,56.4764289856,0.981437255054,0,416.380321704,0.252615332603
UBFC_A1/Eval_On_COHFACE,COHFACE,old,COHFACE_s20_session2_natural,22,77.0,79.0,correct,77.0,1.0,78.0,0.9577733582430039,76.0,0.9244753579884225,79.0,0.9999999999999999,78.0,0.9878497287079134,65.0,0.9361677761225644,20_2,20,2,natural,104.696685791,56.4764289856,0.981437255054,0,416.380321704,0.252615332603
UBFC_A1/Eval_On_COHFACE,COHFACE,old,COHFACE_s20_session2_natural,23,77.0,60.0,large_error,77.0,1.0,78.0,0.9723354838395799,76.0,0.9150232440182167,60.0,0.9999999999999999,59.0,0.9993527618673184,61.0,0.8881428478857992,20_2,20,2,natural,104.696685791,56.4764289856,0.981437255054,0,416.380321704,0.252615332603
UBFC_A1/Eval_On_COHFACE,COHFACE,old,COHFACE_s20_session2_natural,24,77.0,65.0,large_error,77.0,1.0,78.0,0.9695885854838979,76.0,0.9165085725897755,65.0,0.9999999999999997,64.0,0.9859050640939199,66.0,0.8910467771636184,20_2,20,2,natural,104.696685791,56.4764289856,0.981437255054,0,416.380321704,0.252615332603
UBFC_A1/Eval_On_COHFACE,COHFACE,old,COHFACE_s20_session2_natural,25,77.0,76.0,correct,77.0,1.0,78.0,0.99107376516806,76.0,0.8996641626913633,76.0,0.9999999999999998,77.0,0.9817106664913667,75.0,0.9080428332193972,20_2,20,2,natural,104.696685791,56.4764289856,0.981437255054,0,416.380321704,0.252615332603
UBFC_A1/Eval_On_COHFACE,COHFACE,old,COHFACE_s20_session2_natural,26,77.0,77.0,correct,77.0,1.0,78.0,0.9748432620713778,76.0,0.908570191136992,77.0,0.9999999999999999,76.0,0.9540714761210546,66.0,0.9138748058853058,20_2,20,2,natural,104.696685791,56.4764289856,0.981437255054,0,416.380321704,0.252615332603
UBFC_A1/Eval_On_COHFACE,COHFACE,old,COHFACE_s20_session2_natural,27,77.0,79.0,correct,77.0,1.0,78.0,0.9664716585666068,76.0,0.9190664377253733,79.0,0.9999999999999998,80.0,0.9967008546403919,78.0,0.8943694189339076,20_2,20,2,natural,104.696685791,56.4764289856,0.981437255054,0,416.380321704,0.252615332603
UBFC_A1/Eval_On_COHFACE,COHFACE,old,COHFACE_s20_session2_natural,28,77.0,80.0,correct,77.0,1.0,78.0,0.966438346267457,76.0,0.9224694501228867,80.0,0.9999999999999998,81.0,0.9727523665827191,79.0,0.9651467691198181,20_2,20,2,natural,104.696685791,56.4764289856,0.981437255054,0,416.380321704,0.252615332603
UBFC_A1/Eval_On_COHFACE,COHFACE,old,COHFACE_s20_session2_natural,29,77.0,75.0,correct,77.0,1.0,78.0,0.9522122583366573,76.0,0.9324270920260825,75.0,0.9999999999999999,74.0,0.9797523442178006,76.0,0.9440000830004536,20_2,20,2,natural,104.696685791,56.4764289856,0.981437255054,0,416.380321704,0.252615332603
UBFC_A1/Eval_On_COHFACE,COHFACE,old,COHFACE_s20_session2_natural,30,77.0,75.0,correct,77.0,1.0,78.0,0.9564630227447812,76.0,0.9309035914688364,75.0,0.9999999999999999,74.0,0.9828635401362837,76.0,0.9194153597029512,20_2,20,2,natural,104.696685791,56.4764289856,0.981437255054,0,416.380321704,0.252615332603
UBFC_A1/Eval_On_COHFACE,COHFACE,old,COHFACE_s20_session2_natural,31,77.0,74.0,correct,77.0,1.0,78.0,0.9606638409896359,76.0,0.9257964916265441,74.0,0.9999999999999997,73.0,0.9683827275775679,75.0,0.9010702596522296,20_2,20,2,natural,104.696685791,56.4764289856,0.981437255054,0,416.380321704,0.252615332603
UBFC_A1/Eval_On_COHFACE,COHFACE,old,COHFACE_s20_session2_natural,32,78.0,59.0,large_error,78.0,1.0,77.0,0.9986648524486853,79.0,0.8928643705019862,59.0,0.9999999999999999,58.0,0.9432097752015761,60.0,0.9251219358018414,20_2,20,2,natural,104.696685791,56.4764289856,0.981437255054,0,416.380321704,0.252615332603
UBFC_A1/Eval_On_COHFACE,COHFACE,old,COHFACE_s20_session2_natural,33,78.0,73.0,large_error,78.0,1.0,77.0,0.9729648939761908,79.0,0.9129272846083067,73.0,0.9999999999999998,72.0,0.9520924053327957,74.0,0.9136882640016334,20_2,20,2,natural,104.696685791,56.4764289856,0.981437255054,0,416.380321704,0.252615332603
UBFC_A1/Eval_On_COHFACE,COHFACE,old,COHFACE_s20_session2_natural,34,78.0,46.0,large_error,78.0,1.0,79.0,0.9538979711765027,77.0,0.9305533063489181,46.0,0.9999999999999997,47.0,0.9798249878863303,45.0,0.9286303273200138,20_2,20,2,natural,104.696685791,56.4764289856,0.981437255054,0,416.380321704,0.252615332603
UBFC_A1/Eval_On_COHFACE,COHFACE,old,COHFACE_s20_session2_natural,35,79.0,44.0,sub_harmonic_half,79.0,1.0,78.0,0.9855506564172044,80.0,0.905811200814327,44.0,0.9999999999999998,43.0,0.9751095911857173,45.0,0.9427454594284596,20_2,20,2,natural,104.696685791,56.4764289856,0.981437255054,0,416.380321704,0.252615332603
UBFC_A1/Eval_On_COHFACE,COHFACE,old,COHFACE_s20_session2_natural,36,79.0,45.0,sub_harmonic_half,79.0,1.0,78.0,0.9918212380342573,80.0,0.8978677248486088,45.0,0.9999999999999999,44.0,0.9567584390456408,46.0,0.951734587519613,20_2,20,2,natural,104.696685791,56.4764289856,0.981437255054,0,416.380321704,0.252615332603
UBFC_A1/Eval_On_COHFACE,COHFACE,old,COHFACE_s20_session2_natural,37,79.0,46.0,sub_harmonic_half,79.0,1.0,78.0,0.9621843077086125,80.0,0.9207410148927848,46.0,0.9999999999999998,45.0,0.9697760945689096,47.0,0.9088015527584042,20_2,20,2,natural,104.696685791,56.4764289856,0.981437255054,0,416.380321704,0.252615332603
UBFC_A1/Eval_On_COHFACE,COHFACE,old,COHFACE_s20_session2_natural,38,79.0,44.0,sub_harmonic_half,79.0,1.0,78.0,0.973330029211837,80.0,0.9132427983294763,44.0,0.9999999999999998,45.0,0.9702314720605715,43.0,0.9207374910691373,20_2,20,2,natural,104.696685791,56.4764289856,0.981437255054,0,416.380321704,0.252615332603
UBFC_A1/Eval_On_COHFACE,COHFACE,old,COHFACE_s20_session2_natural,39,78.0,42.0,sub_harmonic_half,78.0,1.0,79.0,0.996294408961815,77.0,0.8940396499255928,42.0,0.9999999999999997,41.0,0.9799739105495047,43.0,0.9268828870341592,20_2,20,2,natural,104.696685791,56.4764289856,0.981437255054,0,416.380321704,0.252615332603
UBFC_A1/Eval_On_COHFACE,COHFACE,old,COHFACE_s20_session2_natural,40,78.0,40.0,sub_harmonic_half,78.0,1.0,79.0,0.9689087753705091,77.0,0.9179197875775187,40.0,0.9999999999999994,41.0,0.8788526789995109,119.0,0.7493060890822512,20_2,20,2,natural,104.696685791,56.4764289856,0.981437255054,0,416.380321704,0.252615332603
UBFC_A1/Eval_On_COHFACE,COHFACE,old,COHFACE_s20_session2_natural,41,78.0,59.0,large_error,78.0,1.0,77.0,0.9751523547426566,79.0,0.9076366237298611,59.0,0.9999999999999993,89.0,0.9793189784052162,58.0,0.9386101066036244,20_2,20,2,natural,104.696685791,56.4764289856,0.981437255054,0,416.380321704,0.252615332603
UBFC_A1/Eval_On_COHFACE,COHFACE,old,COHFACE_s20_session2_natural,42,78.0,67.0,large_error,78.0,1.0,77.0,0.9932524179532958,79.0,0.8965039927746797,67.0,0.9999999999999997,68.0,0.9486582320474813,66.0,0.938963238259823,20_2,20,2,natural,104.696685791,56.4764289856,0.981437255054,0,416.380321704,0.252615332603
UBFC_A1/Eval_On_COHFACE,COHFACE,old,COHFACE_s20_session2_natural,43,77.0,52.0,large_error,77.0,1.0,78.0,0.9759562257571681,76.0,0.9127637295305351,52.0,0.9999999999999994,53.0,0.9925227054869801,51.0,0.9230116088653778,20_2,20,2,natural,104.696685791,56.4764289856,0.981437255054,0,416.380321704,0.252615332603
UBFC_A1/Eval_On_COHFACE,COHFACE,old,COHFACE_s20_session2_natural,44,77.0,76.0,correct,77.0,1.0,78.0,0.970782962812258,76.0,0.911150943149275,76.0,0.9999999999999998,75.0,0.980480280928367,77.0,0.9527814575497066,20_2,20,2,natural,104.696685791,56.4764289856,0.981437255054,0,416.380321704,0.252615332603
UBFC_A1/Eval_On_COHFACE,COHFACE,old,COHFACE_s20_session2_natural,45,78.0,77.0,correct,78.0,1.0,77.0,0.9916840043275048,79.0,0.8979279822043116,77.0,0.9999999999999998,76.0,0.9975970974582437,75.0,0.9081264397618705,20_2,20,2,natural,104.696685791,56.4764289856,0.981437255054,0,416.380321704,0.252615332603
UBFC_A1/Eval_On_COHFACE,COHFACE,old,COHFACE_s20_session2_natural,46,78.0,44.0,sub_harmonic_half,78.0,1.0,77.0,0.9770615518392326,79.0,0.9079873461542036,44.0,0.9999999999999998,45.0,0.9808383596313838,76.0,0.9474197668804115,20_2,20,2,natural,104.696685791,56.4764289856,0.981437255054,0,416.380321704,0.252615332603
UBFC_A1/Eval_On_COHFACE,COHFACE,old,COHFACE_s20_session2_natural,47,78.0,44.0,sub_harmonic_half,78.0,1.0,77.0,0.9447510379516341,79.0,0.9395856045253879,44.0,0.9999999999999999,45.0,0.9639598002876333,43.0,0.9374645902083388,20_2,20,2,natural,104.696685791,56.4764289856,0.981437255054,0,416.380321704,0.252615332603
UBFC_A1/Eval_On_COHFACE,COHFACE,old,COHFACE_s20_session2_natural,48,78.0,81.0,correct,78.0,1.0,79.0,0.9764182204365358,77.0,0.9089915203865626,81.0,0.9999999999999998,80.0,0.9614716470152022,82.0,0.9221776339254966,20_2,20,2,natural,104.696685791,56.4764289856,0.981437255054,0,416.380321704,0.252615332603
UBFC_A1/Eval_On_COHFACE,COHFACE,old,COHFACE_s20_session2_natural,49,78.0,80.0,correct,78.0,1.0,79.0,0.9932502750513501,77.0,0.8948546408831878,80.0,0.9999999999999998,81.0,0.9375667447243646,79.0,0.9232838786419153,20_2,20,2,natural,104.696685791,56.4764289856,0.981437255054,0,416.380321704,0.252615332603
UBFC_A1/Eval_On_COHFACE,COHFACE,old,COHFACE_s20_session2_natural,50,79.0,79.0,correct,79.0,1.0,78.0,0.974116234172615,80.0,0.9122098080888661,79.0,0.9999999999999998,80.0,0.9649356924845113,78.0,0.9432648699824656,20_2,20,2,natural,104.696685791,56.4764289856,0.981437255054,0,416.380321704,0.252615332603
UBFC_A1/Eval_On_COHFACE,COHFACE,old,COHFACE_s20_session3_natural,0,78.0,77.0,correct,78.0,1.0,77.0,0.9765957854329738,79.0,0.9230777226223577,77.0,0.9999999999999996,76.0,0.9442025572028413,78.0,0.8992245329250839,20_3,20,3,natural,92.202041626,51.7602005005,1.66732737727,0,373.718448043,0.261912226677
UBFC_A1/Eval_On_COHFACE,COHFACE,old,COHFACE_s20_session3_natural,1,77.0,46.0,large_error,77.0,1.0,76.0,0.9526609294108739,78.0,0.9425966779381578,46.0,0.9999999999999998,45.0,0.9579161823559501,47.0,0.9109866895476442,20_3,20,3,natural,92.202041626,51.7602005005,1.66732737727,0,373.718448043,0.261912226677
UBFC_A1/Eval_On_COHFACE,COHFACE,old,COHFACE_s20_session3_natural,2,76.0,44.0,sub_harmonic_half,76.0,1.0,77.0,0.9829440749987958,75.0,0.9054651942208816,44.0,0.9999999999999998,45.0,0.966533347985336,43.0,0.9355520178461236,20_3,20,3,natural,92.202041626,51.7602005005,1.66732737727,0,373.718448043,0.261912226677
UBFC_A1/Eval_On_COHFACE,COHFACE,old,COHFACE_s20_session3_natural,3,76.0,42.0,sub_harmonic_half,76.0,1.0,75.0,0.9436761180150991,77.0,0.9391212965399836,42.0,0.9999999999999994,41.0,0.992952027460319,43.0,0.9538042778894018,20_3,20,3,natural,92.202041626,51.7602005005,1.66732737727,0,373.718448043,0.261912226677
UBFC_A1/Eval_On_COHFACE,COHFACE,old,COHFACE_s20_session3_natural,4,76.0,79.0,correct,76.0,1.0,75.0,0.9608930636926287,77.0,0.924754575132409,79.0,0.9999999999999997,80.0,0.9634222913065087,78.0,0.9609994832073058,20_3,20,3,natural,92.202041626,51.7602005005,1.66732737727,0,373.718448043,0.261912226677
UBFC_A1/Eval_On_COHFACE,COHFACE,old,COHFACE_s20_session3_natural,5,76.0,78.0,correct,76.0,1.0,75.0,0.9501629133379489,77.0,0.9367217880802758,78.0,0.9999999999999998,79.0,0.9844490808715687,77.0,0.9473663640919481,20_3,20,3,natural,92.202041626,51.7602005005,1.66732737727,0,373.718448043,0.261912226677
UBFC_A1/Eval_On_COHFACE,COHFACE,old,COHFACE_s20_session3_natural,6,76.0,41.0,sub_harmonic_half,76.0,1.0,77.0,0.9471919982447978,75.0,0.9419624968068625,41.0,0.9999999999999997,40.0,0.9944398131149342,42.0,0.8789608368343156,20_3,20,3,natural,92.202041626,51.7602005005,1.66732737727,0,373.718448043,0.261912226677
UBFC_A1/Eval_On_COHFACE,COHFACE,old,COHFACE_s20_session3_natural,7,76.0,78.0,correct,76.0,1.0,77.0,0.9728594164049814,75.0,0.9091013781031422,78.0,0.9999999999999997,77.0,0.9625772440263675,79.0,0.9435659192172842,20_3,20,3,natural,92.202041626,51.7602005005,1.66732737727,0,373.718448043,0.261912226677
UBFC_A1/Eval_On_COHFACE,COHFACE,old,COHFACE_s20_session3_natural,8,76.0,74.0,correct,76.0,1.0,77.0,0.9862845715326067,75.0,0.9046912796943837,74.0,0.9999999999999996,73.0,0.9940669474877787,75.0,0.8983540241283733,20_3,20,3,natural,92.202041626,51.7602005005,1.66732737727,0,373.718448043,0.261912226677
UBFC_A1/Eval_On_COHFACE,COHFACE,old,COHFACE_s20_session3_natural,9,77.0,73.0,large_error,77.0,1.0,76.0,0.9913876831781551,78.0,0.8946876734454688,73.0,0.9999999999999998,74.0,0.9830709919869839,72.0,0.8967824576558534,20_3,20,3,natural,92.202041626,51.7602005005,1.66732737727,0,373.718448043,0.261912226677
UBFC_A1/Eval_On_COHFACE,COHFACE,old,COHFACE_s20_session3_natural,10,77.0,74.0,correct,77.0,1.0,76.0,0.9936679434862046,78.0,0.8927585413780957,74.0,0.9999999999999996,73.0,0.997694570500145,75.0,0.8858334994692356,20_3,20,3,natural,92.202041626,51.7602005005,1.66732737727,0,373.718448043,0.261912226677
UBFC_A1/Eval_On_COHFACE,COHFACE,old,COHFACE_s20_session3_natural,11,77.0,57.0,large_error,77.0,1.0,76.0,0.9840636770273417,78.0,0.8978350743875612,57.0,0.9999999999999997,58.0,0.9873166198355716,56.0,0.9635507482245739,20_3,20,3,natural,92.202041626,51.7602005005,1.66732737727,0,373.718448043,0.261912226677
UBFC_A1/Eval_On_COHFACE,COHFACE,old,COHFACE_s20_session3_natural,12,76.0,60.0,large_error,76.0,1.0,77.0,0.9842415296113288,75.0,0.906372566068421,60.0,0.9999999999999999,61.0,0.945271278073745,59.0,0.9450577969171629,20_3,20,3,natural,92.202041626,51.7602005005,1.66732737727,0,373.718448043,0.261912226677
UBFC_A1/Eval_On_COHFACE,COHFACE,old,COHFACE_s20_session3_natural,13,76.0,61.0,large_error,76.0,1.0,77.0,0.9517540880785247,75.0,0.9321102137587602,61.0,0.9999999999999998,60.0,0.9910069566225285,61.99999999999999,0.9116161033354433,20_3,20,3,natural,92.202041626,51.7602005005,1.66732737727,0,373.718448043,0.261912226677
UBFC_A1/Eval_On_COHFACE,COHFACE,old,COHFACE_s20_session3_natural,14,76.0,60.0,large_error,76.0,1.0,75.0,0.9809093062824213,77.0,0.9058653572177184,60.0,0.9999999999999999,59.0,0.950832756829159,61.0,0.9475029318272744,20_3,20,3,natural,92.202041626,51.7602005005,1.66732737727,0,373.718448043,0.261912226677
UBFC_A1/Eval_On_COHFACE,COHFACE,old,COHFACE_s20_session3_natural,15,75.0,59.0,large_error,75.0,1.0,76.0,0.9822948307948746,74.0,0.9085737920105306,59.0,0.9999999999999999,58.0,0.94859495062833,60.0,0.9024518211216466,20_3,20,3,natural,92.202041626,51.7602005005,1.66732737727,0,373.718448043,0.261912226677
UBFC_A1/Eval_On_COHFACE,COHFACE,old,COHFACE_s20_session3_natural,16,75.0,47.0,large_error,75.0,1.0,74.0,0.9627226927343155,76.0,0.9261006827486565,47.0,0.9999999999999998,48.0,0.9628351757374453,46.0,0.9152269639520361,20_3,20,3,natural,92.202041626,51.7602005005,1.66732737727,0,373.718448043,0.261912226677
UBFC_A1/Eval_On_COHFACE,COHFACE,old,COHFACE_s20_session3_natural,17,75.0,52.0,large_error,75.0,1.0,74.0,0.991587895522131,76.0,0.8961130936968439,52.0,0.9999999999999999,53.0,0.9733684911591638,51.0,0.9488815512757265,20_3,20,3,natural,92.202041626,51.7602005005,1.66732737727,0,373.718448043,0.261912226677
UBFC_A1/Eval_On_COHFACE,COHFACE,old,COHFACE_s20_session3_natural,18,74.0,54.0,large_error,74.0,1.0,75.0,0.9607328027059694,73.0,0.9245769061007736,54.0,0.9999999999999999,53.0,0.9870662370083596,55.0,0.9239992781912121,20_3,20,3,natural,92.202041626,51.7602005005,1.66732737727,0,373.718448043,0.261912226677
UBFC_A1/Eval_On_COHFACE,COHFACE,old,COHFACE_s20_session3_natural,19,74.0,54.0,large_error,74.0,1.0,75.0,0.9652104627101652,73.0,0.920074202164054,54.0,0.9999999999999998,53.0,0.9688469798159445,55.0,0.95885172345917,20_3,20,3,natural,92.202041626,51.7602005005,1.66732737727,0,373.718448043,0.261912226677
UBFC_A1/Eval_On_COHFACE,COHFACE,old,COHFACE_s20_session3_natural,20,74.0,58.0,large_error,74.0,1.0,75.0,0.9521384366883493,73.0,0.9326128614432706,58.0,0.9999999999999998,59.0,0.9945252225275559,57.0,0.928071785351781,20_3,20,3,natural,92.202041626,51.7602005005,1.66732737727,0,373.718448043,0.261912226677
UBFC_A1/Eval_On_COHFACE,COHFACE,old,COHFACE_s20_session3_natural,21,74.0,58.0,large_error,74.0,1.0,75.0,0.9644673903476405,73.0,0.9249400017868783,58.0,0.9999999999999999,59.0,0.9576524408615044,57.0,0.9386202179411638,20_3,20,3,natural,92.202041626,51.7602005005,1.66732737727,0,373.718448043,0.261912226677
UBFC_A1/Eval_On_COHFACE,COHFACE,old,COHFACE_s20_session3_natural,22,74.0,59.0,large_error,74.0,1.0,75.0,0.9689690755742913,73.0,0.9245329411203881,59.0,0.9999999999999999,60.0,0.9722856530043958,58.0,0.9371285846238521,20_3,20,3,natural,92.202041626,51.7602005005,1.66732737727,0,373.718448043,0.261912226677
UBFC_A1/Eval_On_COHFACE,COHFACE,old,COHFACE_s20_session3_natural,23,75.0,60.0,large_error,75.0,1.0,74.0,0.9587481233893969,76.0,0.9280516344493013,60.0,0.9999999999999998,59.0,0.9776200573773317,61.0,0.9103740716441323,20_3,20,3,natural,92.202041626,51.7602005005,1.66732737727,0,373.718448043,0.261912226677
UBFC_A1/Eval_On_COHFACE,COHFACE,old,COHFACE_s20_session3_natural,24,75.0,74.0,correct,75.0,1.0,76.0,0.9510648485076291,74.0,0.9342243790620227,74.0,0.9999999999999998,75.0,0.9449334943116373,73.0,0.9080040847540038,20_3,20,3,natural,92.202041626,51.7602005005,1.66732737727,0,373.718448043,0.261912226677
UBFC_A1/Eval_On_COHFACE,COHFACE,old,COHFACE_s20_session3_natural,25,76.0,75.0,correct,76.0,1.0,75.0,0.9886276230181336,77.0,0.8941039747464896,75.0,0.9999999999999998,74.0,0.982285836975433,76.0,0.907890023092701,20_3,20,3,natural,92.202041626,51.7602005005,1.66732737727,0,373.718448043,0.261912226677
UBFC_A1/Eval_On_COHFACE,COHFACE,old,COHFACE_s20_session3_natural,26,76.0,53.0,large_error,76.0,1.0,75.0,0.9508086216004364,77.0,0.9298589577275174,53.0,0.9999999999999997,54.0,0.9567315395444715,52.0,0.9016004524787334,20_3,20,3,natural,92.202041626,51.7602005005,1.66732737727,0,373.718448043,0.261912226677
UBFC_A1/Eval_On_COHFACE,COHFACE,old,COHFACE_s20_session3_natural,27,76.0,56.0,large_error,76.0,1.0,77.0,0.9967994212603216,75.0,0.8910770041804946,56.0,0.9999999999999998,55.0,0.999759768455529,57.0,0.9717643347400571,20_3,20,3,natural,92.202041626,51.7602005005,1.66732737727,0,373.718448043,0.261912226677
UBFC_A1/Eval_On_COHFACE,COHFACE,old,COHFACE_s20_session3_natural,28,77.0,76.0,correct,77.0,1.0,76.0,0.978498561902315,78.0,0.91189240431375,76.0,0.9999999999999998,75.0,0.9946321508340064,77.0,0.9203075595894223,20_3,20,3,natural,92.202041626,51.7602005005,1.66732737727,0,373.718448043,0.261912226677
UBFC_A1/Eval_On_COHFACE,COHFACE,old,COHFACE_s20_session3_natural,29,77.0,75.0,correct,77.0,1.0,76.0,0.976686940544406,78.0,0.9128559899043185,75.0,0.9999999999999998,76.0,0.9983159473507104,77.0,0.904931933829231,20_3,20,3,natural,92.202041626,51.7602005005,1.66732737727,0,373.718448043,0.261912226677
UBFC_A1/Eval_On_COHFACE,COHFACE,old,COHFACE_s20_session3_natural,30,77.0,60.0,large_error,77.0,1.0,76.0,0.9796861887485325,78.0,0.899773860979762,60.0,0.9999999999999998,59.0,0.9896024511541149,61.0,0.8915916720414443,20_3,20,3,natural,92.202041626,51.7602005005,1.66732737727,0,373.718448043,0.261912226677
UBFC_A1/Eval_On_COHFACE,COHFACE,old,COHFACE_s20_session3_natural,31,77.0,59.0,large_error,77.0,1.0,76.0,0.9934346342605047,78.0,0.8982032418317026,59.0,0.9999999999999997,60.0,0.9857025577583813,58.0,0.9010337050936985,20_3,20,3,natural,92.202041626,51.7602005005,1.66732737727,0,373.718448043,0.261912226677
UBFC_A1/Eval_On_COHFACE,COHFACE,old,COHFACE_s20_session3_natural,32,76.0,74.0,correct,76.0,1.0,77.0,0.9747215620532008,75.0,0.9122226732137365,74.0,0.9999999999999998,75.0,0.9707498416219412,73.0,0.9431532977605885,20_3,20,3,natural,92.202041626,51.7602005005,1.66732737727,0,373.718448043,0.261912226677
UBFC_A1/Eval_On_COHFACE,COHFACE,old,COHFACE_s20_session3_natural,33,76.0,53.0,large_error,76.0,1.0,75.0,0.9883100804272267,77.0,0.8994113718951958,53.0,0.9999999999999997,52.0,0.9657207053781603,54.0,0.879190050826448,20_3,20,3,natural,92.202041626,51.7602005005,1.66732737727,0,373.718448043,0.261912226677
UBFC_A1/Eval_On_COHFACE,COHFACE,old,COHFACE_s20_session3_natural,34,75.0,120.0,super_harmonic_1p5x,75.0,1.0,76.0,0.9663891158306473,74.0,0.9213544750767426,120.0,0.9999999999999996,119.0,0.9861809752029436,121.0,0.9280356638263114,20_3,20,3,natural,92.202041626,51.7602005005,1.66732737727,0,373.718448043,0.261912226677
UBFC_A1/Eval_On_COHFACE,COHFACE,old,COHFACE_s20_session3_natural,35,74.0,120.0,super_harmonic_1p5x,74.0,1.0,75.0,0.9948574030163138,73.0,0.9051636624699814,120.0,0.9999999999999998,119.0,0.9563280465901188,121.0,0.9392570114204116,20_3,20,3,natural,92.202041626,51.7602005005,1.66732737727,0,373.718448043,0.261912226677
UBFC_A1/Eval_On_COHFACE,COHFACE,old,COHFACE_s20_session3_natural,36,74.0,120.0,super_harmonic_1p5x,74.0,1.0,75.0,0.9778795030021128,73.0,0.9106248661572834,120.0,0.9999999999999998,119.0,0.9553047479191936,121.0,0.9319092451031633,20_3,20,3,natural,92.202041626,51.7602005005,1.66732737727,0,373.718448043,0.261912226677
UBFC_A1/Eval_On_COHFACE,COHFACE,old,COHFACE_s20_session3_natural,37,74.0,120.0,super_harmonic_1p5x,74.0,1.0,73.0,0.9581690756477708,75.0,0.9231808494147573,120.0,0.9999999999999999,119.0,0.9500582072872442,121.0,0.938051045905237,20_3,20,3,natural,92.202041626,51.7602005005,1.66732737727,0,373.718448043,0.261912226677
UBFC_A1/Eval_On_COHFACE,COHFACE,old,COHFACE_s20_session3_natural,38,74.0,41.0,sub_harmonic_half,74.0,1.0,75.0,0.953813796086059,73.0,0.9342185716956454,41.0,0.9999999999999998,42.0,0.9719461729693553,120.0,0.95916687558403,20_3,20,3,natural,92.202041626,51.7602005005,1.66732737727,0,373.718448043,0.261912226677
UBFC_A1/Eval_On_COHFACE,COHFACE,old,COHFACE_s20_session3_natural,39,74.0,80.0,large_error,74.0,1.0,75.0,0.957319224872888,73.0,0.9246149609010715,80.0,0.9999999999999998,81.0,0.9695509585167897,79.0,0.9251550698296265,20_3,20,3,natural,92.202041626,51.7602005005,1.66732737727,0,373.718448043,0.261912226677
UBFC_A1/Eval_On_COHFACE,COHFACE,old,COHFACE_s20_session3_natural,40,75.0,78.0,correct,75.0,1.0,74.0,0.9993715769419423,76.0,0.8848861585011123,78.0,0.9999999999999998,77.0,0.9867092220201249,79.0,0.9659585197674407,20_3,20,3,natural,92.202041626,51.7602005005,1.66732737727,0,373.718448043,0.261912226677
UBFC_A1/Eval_On_COHFACE,COHFACE,old,COHFACE_s20_session3_natural,41,75.0,75.0,correct,75.0,1.0,74.0,0.9857777761692293,76.0,0.9025145805278172,75.0,0.9999999999999999,76.0,0.9592030518550986,74.0,0.9419137111583126,20_3,20,3,natural,92.202041626,51.7602005005,1.66732737727,0,373.718448043,0.261912226677
UBFC_A1/Eval_On_COHFACE,COHFACE,old,COHFACE_s20_session3_natural,42,75.0,75.0,correct,75.0,1.0,76.0,0.9531283714201165,74.0,0.9381459488404603,75.0,0.9999999999999998,76.0,0.973899762383768,74.0,0.9578854827704325,20_3,20,3,natural,92.202041626,51.7602005005,1.66732737727,0,373.718448043,0.261912226677
UBFC_A1/Eval_On_COHFACE,COHFACE,old,COHFACE_s20_session3_natural,43,75.0,75.0,correct,75.0,1.0,74.0,0.9492158665237932,76.0,0.9322162119749935,75.0,0.9999999999999999,74.0,0.9690584780595768,76.0,0.954633779757045,20_3,20,3,natural,92.202041626,51.7602005005,1.66732737727,0,373.718448043,0.261912226677
UBFC_A1/Eval_On_COHFACE,COHFACE,old,COHFACE_s20_session3_natural,44,75.0,71.0,large_error,75.0,1.0,76.0,0.9720669292389702,74.0,0.9144930825429899,71.0,0.9999999999999998,70.0,0.9952602284393223,72.0,0.9503546281848838,20_3,20,3,natural,92.202041626,51.7602005005,1.66732737727,0,373.718448043,0.261912226677
UBFC_A1/Eval_On_COHFACE,COHFACE,old,COHFACE_s20_session3_natural,45,75.0,80.0,large_error,75.0,1.0,76.0,0.9584485817903713,74.0,0.9298489904349383,80.0,0.9999999999999996,81.0,0.9210168586533127,71.0,0.8842584650623802,20_3,20,3,natural,92.202041626,51.7602005005,1.66732737727,0,373.718448043,0.261912226677
UBFC_A1/Eval_On_COHFACE,COHFACE,old,COHFACE_s20_session3_natural,46,75.0,71.0,large_error,75.0,1.0,76.0,0.9872159033825619,74.0,0.8975298421084815,71.0,0.9999999999999996,72.0,0.9691064133230028,70.0,0.9055588283077928,20_3,20,3,natural,92.202041626,51.7602005005,1.66732737727,0,373.718448043,0.261912226677
UBFC_A1/Eval_On_COHFACE,COHFACE,old,COHFACE_s20_session3_natural,47,75.0,83.0,large_error,75.0,1.0,76.0,0.9959566996555103,74.0,0.8893647636949314,83.0,0.9999999999999998,82.0,0.9353573272043552,84.0,0.9336647189915516,20_3,20,3,natural,92.202041626,51.7602005005,1.66732737727,0,373.718448043,0.261912226677
UBFC_A1/Eval_On_COHFACE,COHFACE,old,COHFACE_s20_session3_natural,48,76.0,81.0,large_error,76.0,1.0,75.0,0.9643660785552459,77.0,0.921339933735755,81.0,0.9999999999999998,82.0,0.9976778750023121,80.0,0.9326076318903422,20_3,20,3,natural,92.202041626,51.7602005005,1.66732737727,0,373.718448043,0.261912226677
UBFC_A1/Eval_On_COHFACE,COHFACE,old,COHFACE_s20_session3_natural,49,76.0,83.0,large_error,76.0,1.0,75.0,0.9666205185180269,77.0,0.9211925092294395,83.0,0.9999999999999996,82.0,0.9883455236907732,84.0,0.9549011715906929,20_3,20,3,natural,92.202041626,51.7602005005,1.66732737727,0,373.718448043,0.261912226677
UBFC_A1/Eval_On_COHFACE,COHFACE,old,COHFACE_s20_session3_natural,50,76.0,80.0,large_error,76.0,1.0,75.0,0.9450028149056625,77.0,0.9368232963808023,80.0,0.9999999999999999,81.0,0.9628354581714742,79.0,0.9540825876026251,20_3,20,3,natural,92.202041626,51.7602005005,1.66732737727,0,373.718448043,0.261912226677
UBFC_A1/Eval_On_COHFACE,COHFACE,old,COHFACE_s21_session0_lamp,0,74.0,81.0,large_error,74.0,0.9999999999999999,75.0,0.9549103122864419,73.0,0.9190490655783354,81.0,0.9999999999999999,80.0,0.9647110057149383,82.0,0.9259905773281208,21_0,21,0,lamp,80.2618408203,57.2874183655,10.0288643742,0,305.966297223,0.309426814318
UBFC_A1/Eval_On_COHFACE,COHFACE,old,COHFACE_s21_session0_lamp,1,75.0,80.0,large_error,75.0,0.9999999999999998,74.0,0.9821259150945387,76.0,0.8995656265438324,80.0,0.9999999999999998,79.0,0.9997609758860888,78.0,0.9199701985845344,21_0,21,0,lamp,80.2618408203,57.2874183655,10.0288643742,0,305.966297223,0.309426814318
UBFC_A1/Eval_On_COHFACE,COHFACE,old,COHFACE_s21_session0_lamp,2,78.0,77.0,correct,78.0,0.9999999999999996,77.0,0.9404735557263949,79.0,0.9120491096966686,77.0,0.9999999999999998,78.0,0.9671591249611889,76.0,0.9598570287187868,21_0,21,0,lamp,80.2618408203,57.2874183655,10.0288643742,0,305.966297223,0.309426814318
UBFC_A1/Eval_On_COHFACE,COHFACE,old,COHFACE_s21_session0_lamp,3,79.0,80.0,correct,79.0,0.9999999999999994,80.0,0.9734845713191826,78.0,0.9134766215366773,80.0,0.9999999999999998,81.0,0.9829478722523675,79.0,0.9024130303947402,21_0,21,0,lamp,80.2618408203,57.2874183655,10.0288643742,0,305.966297223,0.309426814318
UBFC_A1/Eval_On_COHFACE,COHFACE,old,COHFACE_s21_session0_lamp,4,81.0,81.0,correct,81.0,0.9999999999999997,82.0,0.9951086560462524,83.0,0.8834876528670413,81.0,0.9999999999999998,80.0,0.9800541044329024,82.0,0.914483957924056,21_0,21,0,lamp,80.2618408203,57.2874183655,10.0288643742,0,305.966297223,0.309426814318
UBFC_A1/Eval_On_COHFACE,COHFACE,old,COHFACE_s21_session0_lamp,5,83.0,43.0,sub_harmonic_half,83.0,0.9999999999999998,82.0,0.9622801494912877,84.0,0.9205651130285284,43.0,0.9999999999999998,44.0,0.9510482538904798,42.0,0.9190794537493278,21_0,21,0,lamp,80.2618408203,57.2874183655,10.0288643742,0,305.966297223,0.309426814318
UBFC_A1/Eval_On_COHFACE,COHFACE,old,COHFACE_s21_session0_lamp,6,83.0,40.0,sub_harmonic_half,83.0,0.9999999999999998,82.0,0.9934258221124124,84.0,0.9240743799893149,40.0,0.9999999999999998,80.0,0.9363174740642058,81.0,0.8849448453766877,21_0,21,0,lamp,80.2618408203,57.2874183655,10.0288643742,0,305.966297223,0.309426814318
UBFC_A1/Eval_On_COHFACE,COHFACE,old,COHFACE_s21_session0_lamp,7,80.0,41.0,sub_harmonic_half,80.0,0.9999999999999999,81.0,0.9895124659410145,79.0,0.9180694761629378,41.0,0.9999999999999998,40.0,0.974263783347032,80.0,0.9711044340007483,21_0,21,0,lamp,80.2618408203,57.2874183655,10.0288643742,0,305.966297223,0.309426814318
UBFC_A1/Eval_On_COHFACE,COHFACE,old,COHFACE_s21_session0_lamp,8,79.0,80.0,correct,79.0,0.9999999999999999,78.0,0.9772416671429469,80.0,0.9397422618471626,80.0,0.9999999999999998,79.0,0.9891458072120168,42.0,0.9459753264890928,21_0,21,0,lamp,80.2618408203,57.2874183655,10.0288643742,0,305.966297223,0.309426814318
UBFC_A1/Eval_On_COHFACE,COHFACE,old,COHFACE_s21_session0_lamp,9,77.0,80.0,correct,77.0,0.9999999999999998,78.0,0.95384518810543,76.0,0.952136439457738,80.0,0.9999999999999998,40.0,0.9875840537859488,79.0,0.9674725591170835,21_0,21,0,lamp,80.2618408203,57.2874183655,10.0288643742,0,305.966297223,0.309426814318
UBFC_A1/Eval_On_COHFACE,COHFACE,old,COHFACE_s21_session0_lamp,10,75.0,79.0,large_error,75.0,0.9999999999999999,76.0,0.9638178732380603,74.0,0.9416003081144717,79.0,0.9999999999999998,80.0,0.9935410166006289,78.0,0.9223421003978275,21_0,21,0,lamp,80.2618408203,57.2874183655,10.0288643742,0,305.966297223,0.309426814318
UBFC_A1/Eval_On_COHFACE,COHFACE,old,COHFACE_s21_session0_lamp,11,74.0,43.0,sub_harmonic_half,74.0,0.9999999999999999,75.0,0.9763282229353311,73.0,0.9088742790769623,43.0,0.9999999999999998,44.0,0.9877055169525932,42.0,0.9265727798700969,21_0,21,0,lamp,80.2618408203,57.2874183655,10.0288643742,0,305.966297223,0.309426814318
UBFC_A1/Eval_On_COHFACE,COHFACE,old,COHFACE_s21_session0_lamp,12,74.0,80.0,large_error,74.0,0.9999999999999999,75.0,0.9679224091367837,73.0,0.9243667472299412,80.0,0.9999999999999998,79.0,0.9773090804247087,40.0,0.9755917223816187,21_0,21,0,lamp,80.2618408203,57.2874183655,10.0288643742,0,305.966297223,0.309426814318
UBFC_A1/Eval_On_COHFACE,COHFACE,old,COHFACE_s21_session0_lamp,13,75.0,77.0,correct,75.0,0.9999999999999999,74.0,0.9987077921621336,76.0,0.8909883212352374,77.0,0.9999999999999998,78.0,0.9491172563857674,42.0,0.9209834296850458,21_0,21,0,lamp,80.2618408203,57.2874183655,10.0288643742,0,305.966297223,0.309426814318
UBFC_A1/Eval_On_COHFACE,COHFACE,old,COHFACE_s21_session0_lamp,14,76.0,77.0,correct,76.0,0.9999999999999999,75.0,0.9944908624814348,77.0,0.8936583489193377,77.0,0.9999999999999998,78.0,0.9793673814579269,76.0,0.8963904366783205,21_0,21,0,lamp,80.2618408203,57.2874183655,10.0288643742,0,305.966297223,0.309426814318
UBFC_A1/Eval_On_COHFACE,COHFACE,old,COHFACE_s21_session0_lamp,15,77.0,80.0,correct,77.0,0.9999999999999999,78.0,0.9698471529627455,76.0,0.9336074525648801,80.0,0.9999999999999998,81.0,0.97443593971212,79.0,0.918773785189673,21_0,21,0,lamp,80.2618408203,57.2874183655,10.0288643742,0,305.966297223,0.309426814318
UBFC_A1/Eval_On_COHFACE,COHFACE,old,COHFACE_s21_session0_lamp,16,79.0,60.0,large_error,79.0,0.9999999999999999,80.0,0.9669069096416459,78.0,0.9317447348630593,60.0,0.9999999999999998,59.0,0.9352115595162719,61.0,0.9316871133888698,21_0,21,0,lamp,80.2618408203,57.2874183655,10.0288643742,0,305.966297223,0.309426814318
UBFC_A1/Eval_On_COHFACE,COHFACE,old,COHFACE_s21_session0_lamp,17,81.0,80.0,correct,81.0,0.9999999999999999,80.0,0.9985336557561414,82.0,0.8915959620394048,80.0,0.9999999999999998,79.0,0.9963946590291052,81.0,0.9286979097295857,21_0,21,0,lamp,80.2618408203,57.2874183655,10.0288643742,0,305.966297223,0.309426814318
UBFC_A1/Eval_On_COHFACE,COHFACE,old,COHFACE_s21_session0_lamp,18,81.0,81.0,correct,81.0,1.0,82.0,0.989553925730933,80.0,0.8870761023834998,81.0,0.9999999999999998,80.0,0.9779469547068508,82.0,0.9364943615672365,21_0,21,0,lamp,80.2618408203,57.2874183655,10.0288643742,0,305.966297223,0.309426814318
UBFC_A1/Eval_On_COHFACE,COHFACE,old,COHFACE_s21_session0_lamp,19,82.0,60.0,large_error,82.0,1.0,81.0,0.9796109456234873,83.0,0.9081033046844371,60.0,0.9999999999999999,61.0,0.9410859905556901,59.0,0.9214670220264489,21_0,21,0,lamp,80.2618408203,57.2874183655,10.0288643742,0,305.966297223,0.309426814318
UBFC_A1/Eval_On_COHFACE,COHFACE,old,COHFACE_s21_session0_lamp,20,81.0,80.0,correct,81.0,1.0,80.0,0.9624338253551155,82.0,0.9232303607862893,80.0,0.9999999999999999,81.0,0.955140119581059,79.0,0.9453356129143089,21_0,21,0,lamp,80.2618408203,57.2874183655,10.0288643742,0,305.966297223,0.309426814318
UBFC_A1/Eval_On_COHFACE,COHFACE,old,COHFACE_s21_session0_lamp,21,80.0,81.0,correct,80.0,1.0,79.0,0.9575640520629491,81.0,0.9351115505999248,81.0,0.9999999999999998,82.0,0.9496466847767245,80.0,0.9371921167431392,21_0,21,0,lamp,80.2618408203,57.2874183655,10.0288643742,0,305.966297223,0.309426814318
UBFC_A1/Eval_On_COHFACE,COHFACE,old,COHFACE_s21_session0_lamp,22,79.0,81.0,correct,79.0,1.0,80.0,0.9542090957107687,78.0,0.9417696545820536,81.0,0.9999999999999999,82.0,0.9749963300104806,80.0,0.9236251990112192,21_0,21,0,lamp,80.2618408203,57.2874183655,10.0288643742,0,305.966297223,0.309426814318
UBFC_A1/Eval_On_COHFACE,COHFACE,old,COHFACE_s21_session0_lamp,23,79.0,82.0,correct,79.0,1.0,78.0,0.9776768996559888,80.0,0.9115918396272407,82.0,0.9999999999999999,81.0,0.9520054039861979,83.0,0.9473362493820814,21_0,21,0,lamp,80.2618408203,57.2874183655,10.0288643742,0,305.966297223,0.309426814318
UBFC_A1/Eval_On_COHFACE,COHFACE,old,COHFACE_s21_session0_lamp,24,79.0,52.0,large_error,79.0,1.0,80.0,0.9568164532355262,78.0,0.9289163888192948,52.0,0.9999999999999997,53.0,0.9854438418546223,51.0,0.9366052865869037,21_0,21,0,lamp,80.2618408203,57.2874183655,10.0288643742,0,305.966297223,0.309426814318
UBFC_A1/Eval_On_COHFACE,COHFACE,old,COHFACE_s21_session0_lamp,25,80.0,78.0,correct,80.0,1.0,79.0,0.9685863376165714,81.0,0.9222889788499589,78.0,0.9999999999999998,79.0,0.9618383024487461,77.0,0.9354820211142266,21_0,21,0,lamp,80.2618408203,57.2874183655,10.0288643742,0,305.966297223,0.309426814318
UBFC_A1/Eval_On_COHFACE,COHFACE,old,COHFACE_s21_session0_lamp,26,81.0,52.0,large_error,81.0,1.0,82.0,0.948415495874741,80.0,0.944284307450593,52.0,0.9999999999999999,51.0,0.956213750233056,53.0,0.9425489567687383,21_0,21,0,lamp,80.2618408203,57.2874183655,10.0288643742,0,305.966297223,0.309426814318
UBFC_A1/Eval_On_COHFACE,COHFACE,old,COHFACE_s21_session0_lamp,27,82.0,50.0,large_error,82.0,1.0,83.0,0.9640215280453718,81.0,0.9293688535007242,50.0,0.9999999999999998,49.0,0.943388503367508,51.0,0.9352051009800864,21_0,21,0,lamp,80.2618408203,57.2874183655,10.0288643742,0,305.966297223,0.309426814318
UBFC_A1/Eval_On_COHFACE,COHFACE,old,COHFACE_s21_session0_lamp,28,84.0,52.0,large_error,84.0,1.0,83.0,0.9931418958152388,85.0,0.9006694383745019,52.0,0.9999999999999998,51.0,0.9824008165655691,53.0,0.8963933481811804,21_0,21,0,lamp,80.2618408203,57.2874183655,10.0288643742,0,305.966297223,0.309426814318
UBFC_A1/Eval_On_COHFACE,COHFACE,old,COHFACE_s21_session0_lamp,29,85.0,83.0,correct,85.0,1.0,84.0,0.9764557997656651,86.0,0.9117545860750207,83.0,0.9999999999999998,82.0,0.9496181208477945,84.0,0.9467990589545392,21_0,21,0,lamp,80.2618408203,57.2874183655,10.0288643742,0,305.966297223,0.309426814318
UBFC_A1/Eval_On_COHFACE,COHFACE,old,COHFACE_s21_session0_lamp,30,85.0,52.0,large_error,85.0,1.0,86.0,0.9692166654514264,84.0,0.9117990521184156,52.0,0.9999999999999998,51.0,0.9987488164187257,53.0,0.902893119279533,21_0,21,0,lamp,80.2618408203,57.2874183655,10.0288643742,0,305.966297223,0.309426814318
UBFC_A1/Eval_On_COHFACE,COHFACE,old,COHFACE_s21_session0_lamp,31,85.0,52.0,large_error,85.0,1.0,86.0,0.9697744662925756,84.0,0.9119270503994878,52.0,0.9999999999999999,51.0,0.9677107716308079,53.0,0.9322383859994247,21_0,21,0,lamp,80.2618408203,57.2874183655,10.0288643742,0,305.966297223,0.309426814318
UBFC_A1/Eval_On_COHFACE,COHFACE,old,COHFACE_s21_session0_lamp,32,85.0,52.0,large_error,85.0,1.0,84.0,0.9484016055216754,86.0,0.9391100072414057,52.0,0.9999999999999998,53.0,0.985938235058113,51.0,0.9201208298102187,21_0,21,0,lamp,80.2618408203,57.2874183655,10.0288643742,0,305.966297223,0.309426814318
UBFC_A1/Eval_On_COHFACE,COHFACE,old,COHFACE_s21_session0_lamp,33,84.0,55.0,large_error,84.0,1.0,85.0,0.9799168637268487,83.0,0.9108076314815535,55.0,0.9999999999999998,54.0,0.9932575352754593,56.0,0.9391148145898152,21_0,21,0,lamp,80.2618408203,57.2874183655,10.0288643742,0,305.966297223,0.309426814318
UBFC_A1/Eval_On_COHFACE,COHFACE,old,COHFACE_s21_session0_lamp,34,84.0,83.0,correct,84.0,1.0,85.0,0.9747558752522533,83.0,0.9157720284579989,83.0,0.9999999999999999,84.0,0.9496723846901703,82.0,0.9328499087415176,21_0,21,0,lamp,80.2618408203,57.2874183655,10.0288643742,0,305.966297223,0.309426814318
UBFC_A1/Eval_On_COHFACE,COHFACE,old,COHFACE_s21_session0_lamp,35,84.0,58.0,large_error,84.0,1.0,85.0,0.9876778171807767,83.0,0.9002127434245351,58.0,0.9999999999999998,59.0,0.9655057425746802,57.0,0.9448598609533982,21_0,21,0,lamp,80.2618408203,57.2874183655,10.0288643742,0,305.966297223,0.309426814318
UBFC_A1/Eval_On_COHFACE,COHFACE,old,COHFACE_s21_session0_lamp,36,85.0,59.0,large_error,85.0,1.0,86.0,0.9757229822263842,84.0,0.9135063221944312,59.0,0.9999999999999999,60.0,0.9804525892621019,58.0,0.9145860381631308,21_0,21,0,lamp,80.2618408203,57.2874183655,10.0288643742,0,305.966297223,0.309426814318
UBFC_A1/Eval_On_COHFACE,COHFACE,old,COHFACE_s21_session0_lamp,37,87.0,61.0,large_error,87.0,1.0,86.0,0.9954564313332397,88.0,0.8927197759296593,61.0,0.9999999999999997,61.99999999999999,0.9555094962207851,88.0,0.9225333675327237,21_0,21,0,lamp,80.2618408203,57.2874183655,10.0288643742,0,305.966297223,0.309426814318
UBFC_A1/Eval_On_COHFACE,COHFACE,old,COHFACE_s21_session0_lamp,38,87.0,61.0,large_error,87.0,1.0,88.0,0.9883040996162473,86.0,0.8941819998726382,61.0,0.9999999999999999,60.0,0.9695378341820462,61.99999999999999,0.9341195950750966,21_0,21,0,lamp,80.2618408203,57.2874183655,10.0288643742,0,305.966297223,0.309426814318
UBFC_A1/Eval_On_COHFACE,COHFACE,old,COHFACE_s21_session0_lamp,39,88.0,88.0,correct,88.0,1.0,87.0,0.9457317685548793,89.0,0.9403523009532632,88.0,0.9999999999999998,87.0,0.9565295877607175,89.0,0.9332803724254142,21_0,21,0,lamp,80.2618408203,57.2874183655,10.0288643742,0,305.966297223,0.309426814318
UBFC_A1/Eval_On_COHFACE,COHFACE,old,COHFACE_s21_session0_lamp,40,88.0,85.0,correct,88.0,1.0,87.0,0.9865389497431736,89.0,0.8988300889118401,85.0,0.9999999999999999,86.0,0.9939384797569701,84.0,0.9388116501891506,21_0,21,0,lamp,80.2618408203,57.2874183655,10.0288643742,0,305.966297223,0.309426814318
UBFC_A1/Eval_On_COHFACE,COHFACE,old,COHFACE_s21_session0_lamp,41,87.0,86.0,correct,87.0,1.0,86.0,0.9712349657820496,88.0,0.9169192952168015,86.0,0.9999999999999998,85.0,0.9962621045856723,87.0,0.9201010829432409,21_0,21,0,lamp,80.2618408203,57.2874183655,10.0288643742,0,305.966297223,0.309426814318
UBFC_A1/Eval_On_COHFACE,COHFACE,old,COHFACE_s21_session0_lamp,42,86.0,84.0,correct,86.0,1.0,85.0,0.9675743166078982,87.0,0.925326689527331,84.0,0.9999999999999999,83.0,0.9576248083326546,85.0,0.9548185731707852,21_0,21,0,lamp,80.2618408203,57.2874183655,10.0288643742,0,305.966297223,0.309426814318
UBFC_A1/Eval_On_COHFACE,COHFACE,old,COHFACE_s21_session0_lamp,43,85.0,86.0,correct,85.0,1.0,86.0,0.9638848441072809,84.0,0.9215449350599266,86.0,0.9999999999999998,87.0,0.9695448309356195,85.0,0.9560484435197609,21_0,21,0,lamp,80.2618408203,57.2874183655,10.0288643742,0,305.966297223,0.309426814318
UBFC_A1/Eval_On_COHFACE,COHFACE,old,COHFACE_s21_session0_lamp,44,85.0,84.0,correct,85.0,1.0,86.0,0.9468918964559129,84.0,0.9412718791930196,84.0,0.9999999999999999,83.0,0.9862885123505085,85.0,0.9389496752844941,21_0,21,0,lamp,80.2618408203,57.2874183655,10.0288643742,0,305.966297223,0.309426814318
UBFC_A1/Eval_On_COHFACE,COHFACE,old,COHFACE_s21_session0_lamp,45,85.0,83.0,correct,85.0,1.0,86.0,0.9862606854961917,84.0,0.9011080349349269,83.0,0.9999999999999999,82.0,0.9813748509079199,84.0,0.9333383861451061,21_0,21,0,lamp,80.2618408203,57.2874183655,10.0288643742,0,305.966297223,0.309426814318
UBFC_A1/Eval_On_COHFACE,COHFACE,old,COHFACE_s21_session0_lamp,46,86.0,81.0,large_error,86.0,1.0,85.0,0.9595093012353981,87.0,0.931708948313841,81.0,0.9999999999999997,80.0,0.9763056864807149,82.0,0.9328538631329885,21_0,21,0,lamp,80.2618408203,57.2874183655,10.0288643742,0,305.966297223,0.309426814318
UBFC_A1/Eval_On_COHFACE,COHFACE,old,COHFACE_s21_session0_lamp,47,87.0,79.0,large_error,87.0,1.0,88.0,0.9466706284014798,86.0,0.9363858244232575,79.0,0.9999999999999993,78.0,0.9703867514932734,80.0,0.9474182528089466,21_0,21,0,lamp,80.2618408203,57.2874183655,10.0288643742,0,305.966297223,0.309426814318
UBFC_A1/Eval_On_COHFACE,COHFACE,old,COHFACE_s21_session0_lamp,48,88.0,46.0,sub_harmonic_half,88.0,1.0,87.0,0.9677734508308596,89.0,0.9168922647582156,46.0,0.9999999999999988,45.0,0.9997371664217659,44.0,0.9714727780752288,21_0,21,0,lamp,80.2618408203,57.2874183655,10.0288643742,0,305.966297223,0.309426814318
UBFC_A1/Eval_On_COHFACE,COHFACE,old,COHFACE_s21_session0_lamp,49,88.0,64.0,large_error,88.0,1.0,87.0,0.9519098275780062,89.0,0.9262952339020378,64.0,0.999999999999996,63.0,0.9973278389422043,40.0,0.8483033585156035,21_0,21,0,lamp,80.2618408203,57.2874183655,10.0288643742,0,305.966297223,0.309426814318
UBFC_A1/Eval_On_COHFACE,COHFACE,old,COHFACE_s21_session0_lamp,50,88.0,52.0,large_error,88.0,1.0,87.0,0.9598749906453219,89.0,0.9234136177593427,52.0,0.9999999999999994,51.0,0.9845606137725078,53.0,0.8858036637525213,21_0,21,0,lamp,80.2618408203,57.2874183655,10.0288643742,0,305.966297223,0.309426814318
UBFC_A1/Eval_On_COHFACE,COHFACE,old,COHFACE_s21_session1_lamp,0,84.0,73.0,large_error,84.0,0.9999999999999999,83.0,0.9903464999090981,85.0,0.9325280542542626,73.0,0.9999999999999996,72.0,0.993492065059727,74.0,0.9105542990029293,21_1,21,1,lamp,86.8260650635,60.4425773621,7.95063751423,0,294.636127525,0.338688731194
UBFC_A1/Eval_On_COHFACE,COHFACE,old,COHFACE_s21_session1_lamp,1,84.0,73.0,large_error,84.0,1.0,83.0,0.9938430528447669,85.0,0.8978942070435726,73.0,0.9999999999999994,74.0,0.9943753669509237,72.0,0.9102455596988532,21_1,21,1,lamp,86.8260650635,60.4425773621,7.95063751423,0,294.636127525,0.338688731194
UBFC_A1/Eval_On_COHFACE,COHFACE,old,COHFACE_s21_session1_lamp,2,84.0,68.0,large_error,84.0,1.0,83.0,0.9959541629744283,85.0,0.8881887207016943,68.0,0.9999999999999992,67.0,0.962791734629434,69.0,0.953034292695569,21_1,21,1,lamp,86.8260650635,60.4425773621,7.95063751423,0,294.636127525,0.338688731194
UBFC_A1/Eval_On_COHFACE,COHFACE,old,COHFACE_s21_session1_lamp,3,84.0,83.0,correct,84.0,0.9999999999999999,83.0,0.9508491527164954,85.0,0.9369470452627213,83.0,0.9999999999999998,84.0,0.9650374380014748,82.0,0.9224799377637062,21_1,21,1,lamp,86.8260650635,60.4425773621,7.95063751423,0,294.636127525,0.338688731194
UBFC_A1/Eval_On_COHFACE,COHFACE,old,COHFACE_s21_session1_lamp,4,85.0,73.0,large_error,85.0,0.9999999999999999,84.0,0.9859373022940018,86.0,0.9015605553178305,73.0,0.9999999999999998,74.0,0.9717351630212596,84.0,0.9402776840640461,21_1,21,1,lamp,86.8260650635,60.4425773621,7.95063751423,0,294.636127525,0.338688731194
UBFC_A1/Eval_On_COHFACE,COHFACE,old,COHFACE_s21_session1_lamp,5,85.0,85.0,correct,85.0,0.9999999999999999,84.0,0.9695586840115523,86.0,0.919856192858795,85.0,0.9999999999999997,84.0,0.9780321870833375,86.0,0.9438830483586211,21_1,21,1,lamp,86.8260650635,60.4425773621,7.95063751423,0,294.636127525,0.338688731194
UBFC_A1/Eval_On_COHFACE,COHFACE,old,COHFACE_s21_session1_lamp,6,86.0,82.0,large_error,86.0,0.9999999999999999,85.0,0.9821598366540581,87.0,0.9047836677254655,82.0,0.9999999999999999,83.0,0.9775708130036744,81.0,0.953814833155816,21_1,21,1,lamp,86.8260650635,60.4425773621,7.95063751423,0,294.636127525,0.338688731194
UBFC_A1/Eval_On_COHFACE,COHFACE,old,COHFACE_s21_session1_lamp,7,87.0,83.0,large_error,87.0,0.9999999999999999,86.0,0.9926673708047554,88.0,0.8991184868803673,83.0,0.9999999999999998,82.0,0.9844165553762265,84.0,0.959647130234028,21_1,21,1,lamp,86.8260650635,60.4425773621,7.95063751423,0,294.636127525,0.338688731194
UBFC_A1/Eval_On_COHFACE,COHFACE,old,COHFACE_s21_session1_lamp,8,87.0,82.0,large_error,87.0,0.9999999999999999,88.0,0.9720814376436984,86.0,0.9150366084625824,82.0,0.9999999999999997,81.0,0.9989348012867753,83.0,0.9578413107389997,21_1,21,1,lamp,86.8260650635,60.4425773621,7.95063751423,0,294.636127525,0.338688731194
UBFC_A1/Eval_On_COHFACE,COHFACE,old,COHFACE_s21_session1_lamp,9,88.0,80.0,large_error,88.0,0.9999999999999999,87.0,0.9705474932621478,89.0,0.9132390923311668,80.0,0.9999999999999998,79.0,0.9895819132328908,81.0,0.8784796120391337,21_1,21,1,lamp,86.8260650635,60.4425773621,7.95063751423,0,294.636127525,0.338688731194
UBFC_A1/Eval_On_COHFACE,COHFACE,old,COHFACE_s21_session1_lamp,10,88.0,79.0,large_error,88.0,0.9999999999999999,87.0,0.9894677460859607,89.0,0.8999508255593759,79.0,0.9999999999999994,78.0,0.9804729897959977,80.0,0.9145715691392707,21_1,21,1,lamp,86.8260650635,60.4425773621,7.95063751423,0,294.636127525,0.338688731194
UBFC_A1/Eval_On_COHFACE,COHFACE,old,COHFACE_s21_session1_lamp,11,87.0,52.0,large_error,87.0,0.9999999999999999,86.0,0.9691352327623662,88.0,0.9168581783526761,52.0,0.9999999999999997,51.0,0.9649584651369575,53.0,0.9211399448996068,21_1,21,1,lamp,86.8260650635,60.4425773621,7.95063751423,0,294.636127525,0.338688731194
UBFC_A1/Eval_On_COHFACE,COHFACE,old,COHFACE_s21_session1_lamp,12,86.0,78.0,large_error,86.0,0.9999999999999999,85.0,0.9874802311371819,87.0,0.906822771521035,78.0,0.9999999999999994,77.0,0.9972498582162492,79.0,0.8450121023929589,21_1,21,1,lamp,86.8260650635,60.4425773621,7.95063751423,0,294.636127525,0.338688731194
UBFC_A1/Eval_On_COHFACE,COHFACE,old,COHFACE_s21_session1_lamp,13,84.0,81.0,correct,84.0,0.9999999999999999,83.0,0.9587262534872701,85.0,0.9328549272116456,81.0,0.9999999999999998,80.0,0.9964460935460089,82.0,0.9282556575081731,21_1,21,1,lamp,86.8260650635,60.4425773621,7.95063751423,0,294.636127525,0.338688731194
UBFC_A1/Eval_On_COHFACE,COHFACE,old,COHFACE_s21_session1_lamp,14,83.0,81.0,correct,83.0,0.9999999999999999,82.0,0.9567522914085161,84.0,0.929279252788134,81.0,0.9999999999999999,82.0,0.9729478843063211,80.0,0.9440151453559767,21_1,21,1,lamp,86.8260650635,60.4425773621,7.95063751423,0,294.636127525,0.338688731194
UBFC_A1/Eval_On_COHFACE,COHFACE,old,COHFACE_s21_session1_lamp,15,82.0,81.0,correct,82.0,0.9999999999999999,83.0,0.9655549484113903,81.0,0.9236210975225415,81.0,0.9999999999999998,82.0,0.9945178703191849,80.0,0.9101505555088013,21_1,21,1,lamp,86.8260650635,60.4425773621,7.95063751423,0,294.636127525,0.338688731194
UBFC_A1/Eval_On_COHFACE,COHFACE,old,COHFACE_s21_session1_lamp,16,82.0,82.0,correct,82.0,1.0,83.0,0.9476770613883118,81.0,0.9368685293762559,82.0,0.9999999999999998,81.0,0.9461790544230168,83.0,0.9384642504399248,21_1,21,1,lamp,86.8260650635,60.4425773621,7.95063751423,0,294.636127525,0.338688731194
UBFC_A1/Eval_On_COHFACE,COHFACE,old,COHFACE_s21_session1_lamp,17,83.0,83.0,correct,83.0,0.9999999999999999,82.0,0.9850534829899282,84.0,0.9045376033304898,83.0,0.9999999999999999,82.0,0.975935906237215,84.0,0.9157616630594494,21_1,21,1,lamp,86.8260650635,60.4425773621,7.95063751423,0,294.636127525,0.338688731194
UBFC_A1/Eval_On_COHFACE,COHFACE,old,COHFACE_s21_session1_lamp,18,83.0,83.0,correct,83.0,0.9999999999999999,84.0,0.9744177919986611,82.0,0.9154748145622273,83.0,0.9999999999999998,82.0,0.9888625316671056,84.0,0.9113776867472431,21_1,21,1,lamp,86.8260650635,60.4425773621,7.95063751423,0,294.636127525,0.338688731194
UBFC_A1/Eval_On_COHFACE,COHFACE,old,COHFACE_s21_session1_lamp,19,84.0,83.0,correct,84.0,0.9999999999999999,85.0,0.9578937836493375,83.0,0.9313213733239362,83.0,0.9999999999999998,82.0,0.9849030129502067,84.0,0.9203196797210905,21_1,21,1,lamp,86.8260650635,60.4425773621,7.95063751423,0,294.636127525,0.338688731194
UBFC_A1/Eval_On_COHFACE,COHFACE,old,COHFACE_s21_session1_lamp,20,85.0,83.0,correct,85.0,0.9999999999999999,86.0,0.9448211802918203,84.0,0.9386770949399329,83.0,0.9999999999999999,82.0,0.9542122831716722,84.0,0.9434511870638581,21_1,21,1,lamp,86.8260650635,60.4425773621,7.95063751423,0,294.636127525,0.338688731194
UBFC_A1/Eval_On_COHFACE,COHFACE,old,COHFACE_s21_session1_lamp,21,86.0,82.0,large_error,86.0,1.0,85.0,0.9638554331729567,87.0,0.9131778496608381,82.0,0.9999999999999998,83.0,0.9913304994962427,81.0,0.9329909444243175,21_1,21,1,lamp,86.8260650635,60.4425773621,7.95063751423,0,294.636127525,0.338688731194
UBFC_A1/Eval_On_COHFACE,COHFACE,old,COHFACE_s21_session1_lamp,22,86.0,85.0,correct,86.0,1.0,85.0,0.9761628119306773,87.0,0.9087295776452351,85.0,0.9999999999999998,86.0,0.9718030176519024,84.0,0.9062713662491356,21_1,21,1,lamp,86.8260650635,60.4425773621,7.95063751423,0,294.636127525,0.338688731194
UBFC_A1/Eval_On_COHFACE,COHFACE,old,COHFACE_s21_session1_lamp,23,85.0,66.0,large_error,85.0,0.9999999999999999,84.0,0.9553926081827547,86.0,0.9293087823006312,66.0,0.9999999999999998,65.0,0.9998698022373544,85.0,0.9702648563946579,21_1,21,1,lamp,86.8260650635,60.4425773621,7.95063751423,0,294.636127525,0.338688731194
UBFC_A1/Eval_On_COHFACE,COHFACE,old,COHFACE_s21_session1_lamp,24,83.0,53.0,large_error,83.0,0.9999999999999999,84.0,0.986341005957796,82.0,0.9007884409497321,53.0,0.9999999999999996,52.0,0.9738842426557008,54.0,0.9133322657053818,21_1,21,1,lamp,86.8260650635,60.4425773621,7.95063751423,0,294.636127525,0.338688731194
UBFC_A1/Eval_On_COHFACE,COHFACE,old,COHFACE_s21_session1_lamp,25,82.0,67.0,large_error,82.0,0.9999999999999999,81.0,0.9749270578423188,83.0,0.9242420275153715,67.0,0.9999999999999996,68.0,0.985833238049691,66.0,0.9397631970253965,21_1,21,1,lamp,86.8260650635,60.4425773621,7.95063751423,0,294.636127525,0.338688731194
UBFC_A1/Eval_On_COHFACE,COHFACE,old,COHFACE_s21_session1_lamp,26,80.0,71.0,large_error,80.0,1.0,81.0,0.9791242749050841,79.0,0.9238055219717408,71.0,0.9999999999999997,70.0,0.9907777754001429,72.0,0.9206686488048684,21_1,21,1,lamp,86.8260650635,60.4425773621,7.95063751423,0,294.636127525,0.338688731194
UBFC_A1/Eval_On_COHFACE,COHFACE,old,COHFACE_s21_session1_lamp,27,80.0,68.0,large_error,80.0,1.0,79.0,0.9624987581259902,81.0,0.9291901365405877,68.0,0.9999999999999993,69.0,0.9449369469549791,67.0,0.8641359594003021,21_1,21,1,lamp,86.8260650635,60.4425773621,7.95063751423,0,294.636127525,0.338688731194
UBFC_A1/Eval_On_COHFACE,COHFACE,old,COHFACE_s21_session1_lamp,28,80.0,70.0,large_error,80.0,1.0,81.0,0.9642440444498454,79.0,0.9371635390557634,70.0,0.9999999999999996,71.0,0.970277256078223,69.0,0.8972829064298328,21_1,21,1,lamp,86.8260650635,60.4425773621,7.95063751423,0,294.636127525,0.338688731194
UBFC_A1/Eval_On_COHFACE,COHFACE,old,COHFACE_s21_session1_lamp,29,83.0,96.0,large_error,83.0,0.9999999999999999,82.0,0.9930691704517054,84.0,0.9102212278911737,96.0,0.9999999999999997,95.0,0.9788473007002989,97.0,0.9258751826062892,21_1,21,1,lamp,86.8260650635,60.4425773621,7.95063751423,0,294.636127525,0.338688731194
UBFC_A1/Eval_On_COHFACE,COHFACE,old,COHFACE_s21_session1_lamp,30,85.0,82.0,correct,85.0,0.9999999999999999,84.0,0.975155289390735,86.0,0.9155404465883948,82.0,0.9999999999999996,83.0,0.978619693318039,81.0,0.9063922838221936,21_1,21,1,lamp,86.8260650635,60.4425773621,7.95063751423,0,294.636127525,0.338688731194
UBFC_A1/Eval_On_COHFACE,COHFACE,old,COHFACE_s21_session1_lamp,31,86.0,40.0,sub_harmonic_half,86.0,1.0,85.0,0.966256653962585,87.0,0.9186898291411254,40.0,0.9999999999999994,41.0,0.987991057115114,42.0,0.9149122750955893,21_1,21,1,lamp,86.8260650635,60.4425773621,7.95063751423,0,294.636127525,0.338688731194
UBFC_A1/Eval_On_COHFACE,COHFACE,old,COHFACE_s21_session1_lamp,32,86.0,40.0,sub_harmonic_half,86.0,1.0,87.0,0.9753217912711376,85.0,0.9023532522591006,40.0,0.9999999999999994,41.0,0.9479370060279235,42.0,0.8226234395233446,21_1,21,1,lamp,86.8260650635,60.4425773621,7.95063751423,0,294.636127525,0.338688731194
UBFC_A1/Eval_On_COHFACE,COHFACE,old,COHFACE_s21_session1_lamp,33,86.0,83.0,correct,86.0,1.0,85.0,0.9754346177513518,87.0,0.9059283264731096,83.0,0.9999999999999998,82.0,0.9816594364858511,84.0,0.9323932663431941,21_1,21,1,lamp,86.8260650635,60.4425773621,7.95063751423,0,294.636127525,0.338688731194
UBFC_A1/Eval_On_COHFACE,COHFACE,old,COHFACE_s21_session1_lamp,34,84.0,83.0,correct,84.0,0.9999999999999999,83.0,0.9567331228032929,85.0,0.9464727862663476,83.0,0.9999999999999997,82.0,0.9823232520647708,84.0,0.9299962763637064,21_1,21,1,lamp,86.8260650635,60.4425773621,7.95063751423,0,294.636127525,0.338688731194
UBFC_A1/Eval_On_COHFACE,COHFACE,old,COHFACE_s21_session1_lamp,35,82.0,44.0,sub_harmonic_half,82.0,1.0,81.0,0.9939695327052289,83.0,0.9116175009676152,44.0,0.9999999999999998,45.0,0.9608839707865072,43.0,0.9451319507556254,21_1,21,1,lamp,86.8260650635,60.4425773621,7.95063751423,0,294.636127525,0.338688731194
UBFC_A1/Eval_On_COHFACE,COHFACE,old,COHFACE_s21_session1_lamp,36,81.0,79.0,correct,81.0,1.0,80.0,0.9968969125177422,82.0,0.8943203591807435,79.0,0.9999999999999997,80.0,0.9578302586316534,78.0,0.9299231282853103,21_1,21,1,lamp,86.8260650635,60.4425773621,7.95063751423,0,294.636127525,0.338688731194
UBFC_A1/Eval_On_COHFACE,COHFACE,old,COHFACE_s21_session1_lamp,37,80.0,78.0,correct,80.0,1.0,79.0,0.9816583148005722,81.0,0.9129797018785425,78.0,0.9999999999999997,79.0,0.9814680625316468,77.0,0.9625308789609773,21_1,21,1,lamp,86.8260650635,60.4425773621,7.95063751423,0,294.636127525,0.338688731194
UBFC_A1/Eval_On_COHFACE,COHFACE,old,COHFACE_s21_session1_lamp,38,80.0,76.0,large_error,80.0,1.0,81.0,0.9547467712280048,79.0,0.934687466631981,76.0,0.9999999999999998,77.0,0.9990083076807128,75.0,0.9296078558005142,21_1,21,1,lamp,86.8260650635,60.4425773621,7.95063751423,0,294.636127525,0.338688731194
UBFC_A1/Eval_On_COHFACE,COHFACE,old,COHFACE_s21_session1_lamp,39,81.0,78.0,correct,81.0,1.0,80.0,0.9955979070512113,82.0,0.893308621904279,78.0,0.9999999999999998,79.0,0.9967342944999815,77.0,0.9429473552776552,21_1,21,1,lamp,86.8260650635,60.4425773621,7.95063751423,0,294.636127525,0.338688731194
UBFC_A1/Eval_On_COHFACE,COHFACE,old,COHFACE_s21_session1_lamp,40,82.0,79.0,correct,82.0,1.0,83.0,0.9694805644633522,81.0,0.927106711286971,79.0,0.9999999999999997,80.0,0.9984095768232125,78.0,0.9434505096897698,21_1,21,1,lamp,86.8260650635,60.4425773621,7.95063751423,0,294.636127525,0.338688731194
UBFC_A1/Eval_On_COHFACE,COHFACE,old,COHFACE_s21_session1_lamp,41,84.0,82.0,correct,84.0,1.0,85.0,0.957995547547298,83.0,0.9274213810446341,82.0,0.9999999999999998,81.0,0.9640960910971779,83.0,0.9474631405386512,21_1,21,1,lamp,86.8260650635,60.4425773621,7.95063751423,0,294.636127525,0.338688731194
UBFC_A1/Eval_On_COHFACE,COHFACE,old,COHFACE_s21_session1_lamp,42,86.0,42.0,sub_harmonic_half,86.0,0.9999999999999999,85.0,0.9577737095417207,87.0,0.932916979838794,42.0,0.9999999999999993,43.0,0.9921248994506653,41.0,0.9346613142830924,21_1,21,1,lamp,86.8260650635,60.4425773621,7.95063751423,0,294.636127525,0.338688731194
UBFC_A1/Eval_On_COHFACE,COHFACE,old,COHFACE_s21_session1_lamp,43,88.0,41.0,sub_harmonic_half,88.0,1.0,87.0,0.9978002393295075,89.0,0.8931840554604273,41.0,0.9999999999999993,40.0,0.9670812246978876,42.0,0.9499967827929312,21_1,21,1,lamp,86.8260650635,60.4425773621,7.95063751423,0,294.636127525,0.338688731194
UBFC_A1/Eval_On_COHFACE,COHFACE,old,COHFACE_s21_session1_lamp,44,89.0,60.0,large_error,89.0,1.0,88.0,0.9445864456114901,90.0,0.934658624189329,60.0,0.9999999999999998,61.0,0.9902551634131861,59.0,0.8999241684844297,21_1,21,1,lamp,86.8260650635,60.4425773621,7.95063751423,0,294.636127525,0.338688731194
UBFC_A1/Eval_On_COHFACE,COHFACE,old,COHFACE_s21_session1_lamp,45,89.0,79.0,large_error,89.0,1.0,90.0,0.9673614985428541,88.0,0.9159763841507743,79.0,0.9999999999999994,80.0,0.9977032960535495,78.0,0.8898703561278374,21_1,21,1,lamp,86.8260650635,60.4425773621,7.95063751423,0,294.636127525,0.338688731194
UBFC_A1/Eval_On_COHFACE,COHFACE,old,COHFACE_s21_session1_lamp,46,89.0,80.0,large_error,89.0,1.0,90.0,0.9489785065297337,88.0,0.9349696608561113,80.0,0.9999999999999996,81.0,0.9421892071831105,79.0,0.9151349984942974,21_1,21,1,lamp,86.8260650635,60.4425773621,7.95063751423,0,294.636127525,0.338688731194
UBFC_A1/Eval_On_COHFACE,COHFACE,old,COHFACE_s21_session1_lamp,47,88.0,60.0,large_error,88.0,1.0,89.0,0.9839410759010191,87.0,0.9052833009392359,60.0,0.9999999999999999,59.0,0.9463442817052872,61.0,0.9282936535640155,21_1,21,1,lamp,86.8260650635,60.4425773621,7.95063751423,0,294.636127525,0.338688731194
UBFC_A1/Eval_On_COHFACE,COHFACE,old,COHFACE_s21_session1_lamp,48,87.0,61.0,large_error,87.0,1.0,88.0,0.9870736925071069,86.0,0.9048464045272023,61.0,0.9999999999999994,60.0,0.9792329745690408,42.0,0.9669233970656193,21_1,21,1,lamp,86.8260650635,60.4425773621,7.95063751423,0,294.636127525,0.338688731194
UBFC_A1/Eval_On_COHFACE,COHFACE,old,COHFACE_s21_session1_lamp,49,87.0,61.0,large_error,87.0,1.0,86.0,0.9656425531154852,88.0,0.924401619560714,61.0,0.9999999999999994,61.99999999999999,0.9594582596449855,60.0,0.9162680263825029,21_1,21,1,lamp,86.8260650635,60.4425773621,7.95063751423,0,294.636127525,0.338688731194
UBFC_A1/Eval_On_COHFACE,COHFACE,old,COHFACE_s21_session1_lamp,50,87.0,76.0,large_error,87.0,1.0,86.0,0.9834045953019785,88.0,0.9079890748750068,76.0,0.9999999999999998,77.0,0.9700204199414254,75.0,0.9199341410171449,21_1,21,1,lamp,86.8260650635,60.4425773621,7.95063751423,0,294.636127525,0.338688731194
UBFC_A1/Eval_On_COHFACE,COHFACE,old,COHFACE_s21_session2_natural,0,92.0,82.0,large_error,92.0,0.9999999999999999,91.0,0.959363056295055,93.0,0.9403434589102057,82.0,0.9999999999999994,81.0,0.9869867816457922,83.0,0.8838714635070614,21_2,21,2,natural,74.4297027588,63.0645675659,21.5111536695,0,284.070781561,0.319762647152
UBFC_A1/Eval_On_COHFACE,COHFACE,old,COHFACE_s21_session2_natural,1,93.0,81.0,large_error,93.0,0.9999999999999999,92.0,0.9427244011207038,94.0,0.9415434301613668,81.0,0.9999999999999994,82.0,0.9897265921266502,80.0,0.8772875184105687,21_2,21,2,natural,74.4297027588,63.0645675659,21.5111536695,0,284.070781561,0.319762647152
UBFC_A1/Eval_On_COHFACE,COHFACE,old,COHFACE_s21_session2_natural,2,93.0,43.0,sub_harmonic_half,93.0,0.9999999999999999,94.0,0.9851075437379855,92.0,0.8992394191375312,43.0,0.9999999999999997,42.0,0.9788676920206842,44.0,0.8991802497456047,21_2,21,2,natural,74.4297027588,63.0645675659,21.5111536695,0,284.070781561,0.319762647152
UBFC_A1/Eval_On_COHFACE,COHFACE,old,COHFACE_s21_session2_natural,3,94.0,40.0,large_error,94.0,0.9999999999999999,95.0,0.9638048011376855,93.0,0.918252381652708,40.0,0.9999999999999997,41.0,0.9651336036669216,42.0,0.8333220560730671,21_2,21,2,natural,74.4297027588,63.0645675659,21.5111536695,0,284.070781561,0.319762647152
UBFC_A1/Eval_On_COHFACE,COHFACE,old,COHFACE_s21_session2_natural,4,94.0,120.0,super_harmonic_1p5x,94.0,0.9999999999999999,95.0,0.9984446433210196,93.0,0.8851182650798367,120.0,0.9999999999999997,119.0,0.9746570744483649,121.0,0.9351319394154618,21_2,21,2,natural,74.4297027588,63.0645675659,21.5111536695,0,284.070781561,0.319762647152
UBFC_A1/Eval_On_COHFACE,COHFACE,old,COHFACE_s21_session2_natural,5,94.0,42.0,sub_harmonic_half,94.0,0.9999999999999999,95.0,0.9775221866733587,93.0,0.9077572519711901,42.0,0.9999999999999998,43.0,0.9682731802821869,41.0,0.9154942763253264,21_2,21,2,natural,74.4297027588,63.0645675659,21.5111536695,0,284.070781561,0.319762647152
UBFC_A1/Eval_On_COHFACE,COHFACE,old,COHFACE_s21_session2_natural,6,94.0,81.0,large_error,94.0,0.9999999999999999,93.0,0.9655686280958308,95.0,0.9184274209023752,81.0,0.9999999999999998,80.0,0.9816241510761159,82.0,0.9113520531966552,21_2,21,2,natural,74.4297027588,63.0645675659,21.5111536695,0,284.070781561,0.319762647152
UBFC_A1/Eval_On_COHFACE,COHFACE,old,COHFACE_s21_session2_natural,7,93.0,81.0,large_error,93.0,0.9999999999999999,94.0,0.9508622086288572,92.0,0.9402283783886211,81.0,0.9999999999999997,82.0,0.973074869050187,80.0,0.9337415623182347,21_2,21,2,natural,74.4297027588,63.0645675659,21.5111536695,0,284.070781561,0.319762647152
UBFC_A1/Eval_On_COHFACE,COHFACE,old,COHFACE_s21_session2_natural,8,92.0,42.0,sub_harmonic_half,92.0,0.9999999999999999,91.0,0.960753530479672,93.0,0.9357212200228996,42.0,0.9999999999999997,41.0,0.9762880723266898,43.0,0.9505580546727653,21_2,21,2,natural,74.4297027588,63.0645675659,21.5111536695,0,284.070781561,0.319762647152
UBFC_A1/Eval_On_COHFACE,COHFACE,old,COHFACE_s21_session2_natural,9,91.0,40.0,sub_harmonic_half,91.0,1.0,90.0,0.9606419197124144,92.0,0.931749497436631,40.0,0.9999999999999997,41.0,0.855755098246271,88.0,0.7284404564083625,21_2,21,2,natural,74.4297027588,63.0645675659,21.5111536695,0,284.070781561,0.319762647152
UBFC_A1/Eval_On_COHFACE,COHFACE,old,COHFACE_s21_session2_natural,10,90.0,89.0,correct,90.0,1.0,89.0,0.9533155150964392,91.0,0.9328494350296554,89.0,0.9999999999999999,90.0,0.9632445293884087,88.0,0.9296651840372575,21_2,21,2,natural,74.4297027588,63.0645675659,21.5111536695,0,284.070781561,0.319762647152
UBFC_A1/Eval_On_COHFACE,COHFACE,old,COHFACE_s21_session2_natural,11,89.0,45.0,sub_harmonic_half,89.0,1.0,90.0,0.971964220607193,88.0,0.9222923370253348,45.0,0.9999999999999998,44.0,0.9706634816647743,46.0,0.91101569552321,21_2,21,2,natural,74.4297027588,63.0645675659,21.5111536695,0,284.070781561,0.319762647152
UBFC_A1/Eval_On_COHFACE,COHFACE,old,COHFACE_s21_session2_natural,12,89.0,89.0,correct,89.0,1.0,88.0,0.9639726303950495,90.0,0.9220325062748341,89.0,0.9999999999999998,90.0,0.9940690685001797,88.0,0.8962608341086281,21_2,21,2,natural,74.4297027588,63.0645675659,21.5111536695,0,284.070781561,0.319762647152
UBFC_A1/Eval_On_COHFACE,COHFACE,old,COHFACE_s21_session2_natural,13,89.0,119.0,super_harmonic_1p5x,89.0,1.0,90.0,0.9665925861197685,88.0,0.9207276909268634,119.0,0.9999999999999991,52.0,0.9898393070363775,118.0,0.9782383951141321,21_2,21,2,natural,74.4297027588,63.0645675659,21.5111536695,0,284.070781561,0.319762647152
UBFC_A1/Eval_On_COHFACE,COHFACE,old,COHFACE_s21_session2_natural,14,90.0,51.0,sub_harmonic_half,90.0,1.0,89.0,0.9693511332473519,91.0,0.9203145411950076,51.0,0.9999999999999998,52.0,0.9545268089828199,50.0,0.9292639229414941,21_2,21,2,natural,74.4297027588,63.0645675659,21.5111536695,0,284.070781561,0.319762647152
UBFC_A1/Eval_On_COHFACE,COHFACE,old,COHFACE_s21_session2_natural,15,91.0,82.0,large_error,91.0,1.0,90.0,0.9520226288552674,92.0,0.9322043616197957,82.0,0.9999999999999999,83.0,0.9680632192187135,81.0,0.8955096217338667,21_2,21,2,natural,74.4297027588,63.0645675659,21.5111536695,0,284.070781561,0.319762647152
UBFC_A1/Eval_On_COHFACE,COHFACE,old,COHFACE_s21_session2_natural,16,91.0,120.0,super_harmonic_1p5x,91.0,1.0,92.0,0.9804390863315356,90.0,0.9030519200112131,120.0,0.9999999999999996,121.0,0.9737585111852881,119.0,0.9183850613170048,21_2,21,2,natural,74.4297027588,63.0645675659,21.5111536695,0,284.070781561,0.319762647152
UBFC_A1/Eval_On_COHFACE,COHFACE,old,COHFACE_s21_session2_natural,17,92.0,120.0,super_harmonic_1p5x,92.0,1.0,93.0,0.9466467234876564,91.0,0.9423132230572292,120.0,0.9999999999999997,119.0,0.9558697640454903,121.0,0.9482111429704674,21_2,21,2,natural,74.4297027588,63.0645675659,21.5111536695,0,284.070781561,0.319762647152
UBFC_A1/Eval_On_COHFACE,COHFACE,old,COHFACE_s21_session2_natural,18,92.0,53.0,sub_harmonic_half,92.0,1.0,91.0,0.9759683522889905,93.0,0.9141193167807317,53.0,0.9999999999999996,54.0,0.9986065346916596,52.0,0.8544619923778268,21_2,21,2,natural,74.4297027588,63.0645675659,21.5111536695,0,284.070781561,0.319762647152
UBFC_A1/Eval_On_COHFACE,COHFACE,old,COHFACE_s21_session2_natural,19,91.0,55.0,large_error,91.0,1.0,92.0,0.9695160598775766,90.0,0.9186830538266078,55.0,0.9999999999999993,56.0,0.9744215012053692,120.0,0.9704806241612687,21_2,21,2,natural,74.4297027588,63.0645675659,21.5111536695,0,284.070781561,0.319762647152
UBFC_A1/Eval_On_COHFACE,COHFACE,old,COHFACE_s21_session2_natural,20,91.0,69.0,large_error,91.0,1.0,90.0,0.9859689794901022,92.0,0.9025465707168464,69.0,0.9999999999999997,70.0,0.9620424728514061,68.0,0.9173165097425174,21_2,21,2,natural,74.4297027588,63.0645675659,21.5111536695,0,284.070781561,0.319762647152
UBFC_A1/Eval_On_COHFACE,COHFACE,old,COHFACE_s21_session2_natural,21,90.0,120.0,super_harmonic_1p5x,90.0,1.0,91.0,0.9869245063280865,89.0,0.9034786159222045,120.0,0.9999999999999993,119.0,0.9896274685621191,121.0,0.903291871699063,21_2,21,2,natural,74.4297027588,63.0645675659,21.5111536695,0,284.070781561,0.319762647152
UBFC_A1/Eval_On_COHFACE,COHFACE,old,COHFACE_s21_session2_natural,22,90.0,120.0,super_harmonic_1p5x,90.0,1.0,91.0,0.9769898121810364,89.0,0.9063236656788152,120.0,0.9999999999999992,121.0,0.9997087497083669,119.0,0.8975671775273895,21_2,21,2,natural,74.4297027588,63.0645675659,21.5111536695,0,284.070781561,0.319762647152
UBFC_A1/Eval_On_COHFACE,COHFACE,old,COHFACE_s21_session2_natural,23,91.0,120.0,super_harmonic_1p5x,91.0,1.0,90.0,0.96460019717017,92.0,0.923566440013983,120.0,0.9999999999999997,119.0,0.9401721774003456,121.0,0.9393345786700672,21_2,21,2,natural,74.4297027588,63.0645675659,21.5111536695,0,284.070781561,0.319762647152
UBFC_A1/Eval_On_COHFACE,COHFACE,old,COHFACE_s21_session2_natural,24,91.0,66.0,large_error,91.0,1.0,92.0,0.9658148288159184,90.0,0.9177913860460344,66.0,0.9999999999999994,67.0,0.9617509239106632,65.0,0.9208190377766038,21_2,21,2,natural,74.4297027588,63.0645675659,21.5111536695,0,284.070781561,0.319762647152
UBFC_A1/Eval_On_COHFACE,COHFACE,old,COHFACE_s21_session2_natural,25,92.0,61.99999999999999,large_error,92.0,1.0,91.0,0.9983561902180419,93.0,0.8887805932158309,61.99999999999999,0.9999999999999992,121.0,0.9399457890858413,120.0,0.9362558346404197,21_2,21,2,natural,74.4297027588,63.0645675659,21.5111536695,0,284.070781561,0.319762647152
UBFC_A1/Eval_On_COHFACE,COHFACE,old,COHFACE_s21_session2_natural,26,92.0,60.0,large_error,92.0,1.0,91.0,0.9874668413072575,93.0,0.9002714961788923,60.0,0.9999999999999998,61.0,0.9589546399346522,59.0,0.9271063831387101,21_2,21,2,natural,74.4297027588,63.0645675659,21.5111536695,0,284.070781561,0.319762647152
UBFC_A1/Eval_On_COHFACE,COHFACE,old,COHFACE_s21_session2_natural,27,92.0,61.0,large_error,92.0,1.0,91.0,0.959095575214357,93.0,0.9263244871137638,61.0,0.9999999999999997,61.99999999999999,0.9858573588446483,89.0,0.9651044978653106,21_2,21,2,natural,74.4297027588,63.0645675659,21.5111536695,0,284.070781561,0.319762647152
UBFC_A1/Eval_On_COHFACE,COHFACE,old,COHFACE_s21_session2_natural,28,92.0,91.0,correct,92.0,1.0,91.0,0.9663833605200686,93.0,0.9170381617184916,91.0,0.9999999999999997,90.0,0.994111634780524,60.0,0.9326201591048648,21_2,21,2,natural,74.4297027588,63.0645675659,21.5111536695,0,284.070781561,0.319762647152
UBFC_A1/Eval_On_COHFACE,COHFACE,old,COHFACE_s21_session2_natural,29,92.0,60.0,large_error,92.0,1.0,91.0,0.9535592634379423,93.0,0.9292319653307223,60.0,0.9999999999999997,61.0,0.9763734378615587,59.0,0.9331847483643342,21_2,21,2,natural,74.4297027588,63.0645675659,21.5111536695,0,284.070781561,0.319762647152
UBFC_A1/Eval_On_COHFACE,COHFACE,old,COHFACE_s21_session2_natural,30,92.0,43.0,sub_harmonic_half,92.0,1.0,91.0,0.9887024272791124,93.0,0.8946835523596457,43.0,0.9999999999999994,42.0,0.9654875241891778,44.0,0.8772710512208343,21_2,21,2,natural,74.4297027588,63.0645675659,21.5111536695,0,284.070781561,0.319762647152
UBFC_A1/Eval_On_COHFACE,COHFACE,old,COHFACE_s21_session2_natural,31,91.0,61.99999999999999,large_error,91.0,1.0,92.0,0.9929797596272926,90.0,0.89155222762772,61.99999999999999,0.9999999999999996,61.0,0.997166397985613,63.0,0.9346524286387708,21_2,21,2,natural,74.4297027588,63.0645675659,21.5111536695,0,284.070781561,0.319762647152
UBFC_A1/Eval_On_COHFACE,COHFACE,old,COHFACE_s21_session2_natural,32,92.0,77.0,large_error,92.0,1.0,91.0,0.9716088059145724,93.0,0.9164111671557624,77.0,0.9999999999999996,78.0,0.9817982237560421,41.0,0.9378832102283202,21_2,21,2,natural,74.4297027588,63.0645675659,21.5111536695,0,284.070781561,0.319762647152
UBFC_A1/Eval_On_COHFACE,COHFACE,old,COHFACE_s21_session2_natural,33,92.0,80.0,large_error,92.0,1.0,91.0,0.9623069327331493,93.0,0.9260411147301852,80.0,0.9999999999999998,81.0,0.9495669410141343,79.0,0.9024203713567337,21_2,21,2,natural,74.4297027588,63.0645675659,21.5111536695,0,284.070781561,0.319762647152
UBFC_A1/Eval_On_COHFACE,COHFACE,old,COHFACE_s21_session2_natural,34,92.0,81.0,large_error,92.0,1.0,93.0,0.9854973629910159,91.0,0.9092743219501465,81.0,0.9999999999999997,80.0,0.9990015998435507,82.0,0.9289966176063951,21_2,21,2,natural,74.4297027588,63.0645675659,21.5111536695,0,284.070781561,0.319762647152
UBFC_A1/Eval_On_COHFACE,COHFACE,old,COHFACE_s21_session2_natural,35,93.0,76.0,large_error,93.0,1.0,94.0,0.969837807790455,92.0,0.9135408374941433,76.0,0.9999999999999999,77.0,0.9906349920804861,75.0,0.9196236764658539,21_2,21,2,natural,74.4297027588,63.0645675659,21.5111536695,0,284.070781561,0.319762647152
UBFC_A1/Eval_On_COHFACE,COHFACE,old,COHFACE_s21_session2_natural,36,94.0,80.0,large_error,94.0,1.0,93.0,0.9855131906934497,95.0,0.9020124965408869,80.0,0.9999999999999999,81.0,0.9581117696862571,79.0,0.9552963109579745,21_2,21,2,natural,74.4297027588,63.0645675659,21.5111536695,0,284.070781561,0.319762647152
UBFC_A1/Eval_On_COHFACE,COHFACE,old,COHFACE_s21_session2_natural,37,94.0,80.0,large_error,94.0,1.0,93.0,0.9856389878342929,95.0,0.8985007169173126,80.0,0.9999999999999999,81.0,0.9802279863078271,79.0,0.9267829381110402,21_2,21,2,natural,74.4297027588,63.0645675659,21.5111536695,0,284.070781561,0.319762647152
UBFC_A1/Eval_On_COHFACE,COHFACE,old,COHFACE_s21_session2_natural,38,93.0,80.0,large_error,93.0,1.0,94.0,0.9994675811201897,92.0,0.8886705314075919,80.0,0.9999999999999999,81.0,0.9656732146201675,79.0,0.9496064962167639,21_2,21,2,natural,74.4297027588,63.0645675659,21.5111536695,0,284.070781561,0.319762647152
UBFC_A1/Eval_On_COHFACE,COHFACE,old,COHFACE_s21_session2_natural,39,93.0,82.0,large_error,93.0,1.0,92.0,0.9756709209012813,94.0,0.9074468185537569,82.0,0.9999999999999999,81.0,0.9633854194287629,83.0,0.9186187214529451,21_2,21,2,natural,74.4297027588,63.0645675659,21.5111536695,0,284.070781561,0.319762647152
UBFC_A1/Eval_On_COHFACE,COHFACE,old,COHFACE_s21_session2_natural,40,92.0,82.0,large_error,92.0,1.0,93.0,0.9676917324879741,91.0,0.9263173777004359,82.0,0.9999999999999998,81.0,0.9847304835547305,41.0,0.9208953231768184,21_2,21,2,natural,74.4297027588,63.0645675659,21.5111536695,0,284.070781561,0.319762647152
UBFC_A1/Eval_On_COHFACE,COHFACE,old,COHFACE_s21_session2_natural,41,92.0,43.0,sub_harmonic_half,92.0,1.0,91.0,0.9545338078987323,93.0,0.9276890710786277,43.0,0.9999999999999998,42.0,0.972729088598018,44.0,0.9669558176837263,21_2,21,2,natural,74.4297027588,63.0645675659,21.5111536695,0,284.070781561,0.319762647152
UBFC_A1/Eval_On_COHFACE,COHFACE,old,COHFACE_s21_session2_natural,42,92.0,40.0,large_error,92.0,1.0,91.0,0.958783344413111,93.0,0.9254549668040933,40.0,0.9999999999999998,41.0,0.8409018259653912,80.0,0.6570680834501943,21_2,21,2,natural,74.4297027588,63.0645675659,21.5111536695,0,284.070781561,0.319762647152
UBFC_A1/Eval_On_COHFACE,COHFACE,old,COHFACE_s21_session2_natural,43,93.0,42.0,sub_harmonic_half,93.0,1.0,92.0,0.9874976118572377,94.0,0.9027037336850088,42.0,0.9999999999999998,60.0,0.9933530465999942,59.0,0.9817253489016101,21_2,21,2,natural,74.4297027588,63.0645675659,21.5111536695,0,284.070781561,0.319762647152
UBFC_A1/Eval_On_COHFACE,COHFACE,old,COHFACE_s21_session2_natural,44,93.0,54.0,sub_harmonic_half,93.0,1.0,92.0,0.9443513952062298,94.0,0.9435459447647517,54.0,0.9999999999999999,55.0,0.9788435534863048,53.0,0.9074129872269868,21_2,21,2,natural,74.4297027588,63.0645675659,21.5111536695,0,284.070781561,0.319762647152
UBFC_A1/Eval_On_COHFACE,COHFACE,old,COHFACE_s21_session2_natural,45,93.0,59.0,large_error,93.0,1.0,94.0,0.9480155508514178,92.0,0.9424505552037928,59.0,0.9999999999999999,60.0,0.9411007402660688,58.0,0.9409791174418115,21_2,21,2,natural,74.4297027588,63.0645675659,21.5111536695,0,284.070781561,0.319762647152
UBFC_A1/Eval_On_COHFACE,COHFACE,old,COHFACE_s21_session2_natural,46,92.0,59.0,large_error,92.0,1.0,93.0,0.9880469485588136,91.0,0.9011583104154108,59.0,0.9999999999999999,58.0,0.9707012922222354,60.0,0.9345309710429502,21_2,21,2,natural,74.4297027588,63.0645675659,21.5111536695,0,284.070781561,0.319762647152
UBFC_A1/Eval_On_COHFACE,COHFACE,old,COHFACE_s21_session2_natural,47,91.0,59.0,large_error,91.0,0.9999999999999999,90.0,0.9560756203106925,92.0,0.9362963482499708,59.0,0.9999999999999999,60.0,0.9792841949931416,58.0,0.9605908240126743,21_2,21,2,natural,74.4297027588,63.0645675659,21.5111536695,0,284.070781561,0.319762647152
UBFC_A1/Eval_On_COHFACE,COHFACE,old,COHFACE_s21_session2_natural,48,89.0,60.0,large_error,89.0,0.9999999999999999,90.0,0.9522544151017259,88.0,0.9311996017670666,60.0,0.9999999999999999,59.0,0.9523432614475403,61.0,0.9287208017735544,21_2,21,2,natural,74.4297027588,63.0645675659,21.5111536695,0,284.070781561,0.319762647152
UBFC_A1/Eval_On_COHFACE,COHFACE,old,COHFACE_s21_session2_natural,49,87.0,61.0,large_error,87.0,0.9999999999999999,88.0,0.9519737079615601,86.0,0.9428964294547798,61.0,0.9999999999999998,60.0,0.9571151172121556,61.99999999999999,0.9031368090636563,21_2,21,2,natural,74.4297027588,63.0645675659,21.5111536695,0,284.070781561,0.319762647152
UBFC_A1/Eval_On_COHFACE,COHFACE,old,COHFACE_s21_session2_natural,50,86.0,64.0,large_error,86.0,1.0,87.0,0.9638029994436551,85.0,0.921666197174551,64.0,0.9999999999999997,63.0,0.9906439815307385,65.0,0.896075405224521,21_2,21,2,natural,74.4297027588,63.0645675659,21.5111536695,0,284.070781561,0.319762647152
UBFC_A1/Eval_On_COHFACE,COHFACE,old,COHFACE_s21_session3_natural,0,83.0,82.0,correct,83.0,0.9999999999999998,82.0,0.9761611229204125,84.0,0.9092575072600954,82.0,0.9999999999999998,81.0,0.975554545558138,83.0,0.9021748345301098,21_3,21,3,natural,71.8591918945,62.3099555969,22.6045708907,0,276.61923932,0.337793499231
UBFC_A1/Eval_On_COHFACE,COHFACE,old,COHFACE_s21_session3_natural,1,84.0,122.0,super_harmonic_1p5x,84.0,0.9999999999999998,83.0,0.9947540308137051,82.0,0.9657426456343465,122.0,0.9999999999999994,121.0,0.9659353445232739,122.99999999999999,0.9262184353501413,21_3,21,3,natural,71.8591918945,62.3099555969,22.6045708907,0,276.61923932,0.337793499231
UBFC_A1/Eval_On_COHFACE,COHFACE,old,COHFACE_s21_session3_natural,2,82.0,76.0,large_error,82.0,0.9999999999999999,83.0,0.9690105131689173,81.0,0.9467599158154029,76.0,0.9999999999999998,77.0,0.9413437600831703,75.0,0.9286609755573625,21_3,21,3,natural,71.8591918945,62.3099555969,22.6045708907,0,276.61923932,0.337793499231
UBFC_A1/Eval_On_COHFACE,COHFACE,old,COHFACE_s21_session3_natural,3,81.0,81.0,correct,81.0,0.9999999999999998,80.0,0.9581920400843742,82.0,0.9385764392093786,81.0,0.9999999999999999,82.0,0.9527845032500646,80.0,0.9396640917163583,21_3,21,3,natural,71.8591918945,62.3099555969,22.6045708907,0,276.61923932,0.337793499231
UBFC_A1/Eval_On_COHFACE,COHFACE,old,COHFACE_s21_session3_natural,4,80.0,82.0,correct,80.0,0.9999999999999998,81.0,0.9902657783186918,79.0,0.9082385412634192,82.0,0.9999999999999997,81.0,0.9564620418196583,83.0,0.9284877071069144,21_3,21,3,natural,71.8591918945,62.3099555969,22.6045708907,0,276.61923932,0.337793499231
UBFC_A1/Eval_On_COHFACE,COHFACE,old,COHFACE_s21_session3_natural,5,81.0,60.0,large_error,81.0,0.9999999999999998,82.0,0.9610811012601279,80.0,0.9339641796816287,60.0,0.9999999999999997,59.0,0.9262586431017812,79.0,0.9046318965195458,21_3,21,3,natural,71.8591918945,62.3099555969,22.6045708907,0,276.61923932,0.337793499231
UBFC_A1/Eval_On_COHFACE,COHFACE,old,COHFACE_s21_session3_natural,6,83.0,81.0,correct,83.0,0.9999999999999999,84.0,0.9867519096646847,82.0,0.925638921893158,81.0,0.9999999999999998,80.0,0.976010008344755,82.0,0.9038870628508024,21_3,21,3,natural,71.8591918945,62.3099555969,22.6045708907,0,276.61923932,0.337793499231
UBFC_A1/Eval_On_COHFACE,COHFACE,old,COHFACE_s21_session3_natural,7,86.0,81.0,large_error,86.0,0.9999999999999999,87.0,0.9803840625979645,85.0,0.91336897709616,81.0,0.9999999999999998,80.0,0.9938004283149802,82.0,0.9168859066990066,21_3,21,3,natural,71.8591918945,62.3099555969,22.6045708907,0,276.61923932,0.337793499231
UBFC_A1/Eval_On_COHFACE,COHFACE,old,COHFACE_s21_session3_natural,8,89.0,80.0,large_error,89.0,0.9999999999999999,88.0,0.9641854229083812,90.0,0.9283507312848615,80.0,0.9999999999999997,79.0,0.9930906084265793,81.0,0.9462903011957191,21_3,21,3,natural,71.8591918945,62.3099555969,22.6045708907,0,276.61923932,0.337793499231
UBFC_A1/Eval_On_COHFACE,COHFACE,old,COHFACE_s21_session3_natural,9,91.0,40.0,sub_harmonic_half,91.0,0.9999999999999998,92.0,0.9533760910945857,90.0,0.9470906769217775,40.0,0.9999999999999998,81.0,0.9068498258040043,80.0,0.8907821300367871,21_3,21,3,natural,71.8591918945,62.3099555969,22.6045708907,0,276.61923932,0.337793499231
UBFC_A1/Eval_On_COHFACE,COHFACE,old,COHFACE_s21_session3_natural,10,92.0,81.0,large_error,92.0,0.9999999999999999,93.0,0.9784356887023883,91.0,0.9116967787953244,81.0,0.9999999999999997,80.0,0.9833044841196872,41.0,0.9527638344602278,21_3,21,3,natural,71.8591918945,62.3099555969,22.6045708907,0,276.61923932,0.337793499231
UBFC_A1/Eval_On_COHFACE,COHFACE,old,COHFACE_s21_session3_natural,11,92.0,42.0,sub_harmonic_half,92.0,0.9999999999999999,93.0,0.9762271387700563,91.0,0.91261796384345,42.0,0.9999999999999998,41.0,0.9548830228581181,43.0,0.9459183473978734,21_3,21,3,natural,71.8591918945,62.3099555969,22.6045708907,0,276.61923932,0.337793499231
UBFC_A1/Eval_On_COHFACE,COHFACE,old,COHFACE_s21_session3_natural,12,91.0,40.0,sub_harmonic_half,91.0,0.9999999999999999,92.0,0.9484755899917358,90.0,0.9400937648420411,40.0,0.9999999999999997,41.0,0.8464376197470481,81.0,0.6406921675041692,21_3,21,3,natural,71.8591918945,62.3099555969,22.6045708907,0,276.61923932,0.337793499231
UBFC_A1/Eval_On_COHFACE,COHFACE,old,COHFACE_s21_session3_natural,13,90.0,41.0,sub_harmonic_half,90.0,0.9999999999999999,89.0,0.9618622758959153,91.0,0.9245323173034365,41.0,0.9999999999999994,42.0,0.9638612010543379,40.0,0.9365534411754723,21_3,21,3,natural,71.8591918945,62.3099555969,22.6045708907,0,276.61923932,0.337793499231
UBFC_A1/Eval_On_COHFACE,COHFACE,old,COHFACE_s21_session3_natural,14,88.0,119.0,super_harmonic_1p5x,88.0,0.9999999999999999,89.0,0.9731956424750671,87.0,0.9319464384536371,119.0,0.9999999999999996,118.0,0.9944791733198708,120.0,0.9272874425510526,21_3,21,3,natural,71.8591918945,62.3099555969,22.6045708907,0,276.61923932,0.337793499231
UBFC_A1/Eval_On_COHFACE,COHFACE,old,COHFACE_s21_session3_natural,15,87.0,40.0,sub_harmonic_half,87.0,1.0,88.0,0.9609327373646309,86.0,0.9380648607099948,40.0,0.9999999999999996,41.0,0.7578172698347797,42.0,0.44358270893438906,21_3,21,3,natural,71.8591918945,62.3099555969,22.6045708907,0,276.61923932,0.337793499231
UBFC_A1/Eval_On_COHFACE,COHFACE,old,COHFACE_s21_session3_natural,16,86.0,40.0,sub_harmonic_half,86.0,1.0,87.0,0.986761170420011,85.0,0.9076502180337993,40.0,0.9999999999999996,41.0,0.9818148403007637,42.0,0.8329557638517946,21_3,21,3,natural,71.8591918945,62.3099555969,22.6045708907,0,276.61923932,0.337793499231
UBFC_A1/Eval_On_COHFACE,COHFACE,old,COHFACE_s21_session3_natural,17,86.0,43.0,sub_harmonic_half,86.0,1.0,87.0,0.989582337247318,85.0,0.9017783276954403,43.0,0.9999999999999998,42.0,0.9839503470261757,44.0,0.8911501007213978,21_3,21,3,natural,71.8591918945,62.3099555969,22.6045708907,0,276.61923932,0.337793499231
UBFC_A1/Eval_On_COHFACE,COHFACE,old,COHFACE_s21_session3_natural,18,87.0,41.0,sub_harmonic_half,87.0,1.0,88.0,0.948138230189966,86.0,0.9461521850952834,41.0,0.9999999999999998,42.0,0.9797693183517604,40.0,0.939289163250272,21_3,21,3,natural,71.8591918945,62.3099555969,22.6045708907,0,276.61923932,0.337793499231
UBFC_A1/Eval_On_COHFACE,COHFACE,old,COHFACE_s21_session3_natural,19,88.0,42.0,sub_harmonic_half,88.0,1.0,87.0,0.9455982116726822,89.0,0.9412868771829553,42.0,0.9999999999999997,43.0,0.9754427138456768,41.0,0.957332304411237,21_3,21,3,natural,71.8591918945,62.3099555969,22.6045708907,0,276.61923932,0.337793499231
UBFC_A1/Eval_On_COHFACE,COHFACE,old,COHFACE_s21_session3_natural,20,89.0,43.0,sub_harmonic_half,89.0,1.0,88.0,0.98120524873078,90.0,0.9027775481322808,43.0,0.9999999999999998,44.0,0.9698955558634617,42.0,0.9512845870308704,21_3,21,3,natural,71.8591918945,62.3099555969,22.6045708907,0,276.61923932,0.337793499231
UBFC_A1/Eval_On_COHFACE,COHFACE,old,COHFACE_s21_session3_natural,21,89.0,40.0,sub_harmonic_half,89.0,1.0,90.0,0.9639209177058117,88.0,0.9153996647642706,40.0,0.9999999999999997,41.0,0.9924125809970615,42.0,0.8915005637691685,21_3,21,3,natural,71.8591918945,62.3099555969,22.6045708907,0,276.61923932,0.337793499231
UBFC_A1/Eval_On_COHFACE,COHFACE,old,COHFACE_s21_session3_natural,22,89.0,42.0,sub_harmonic_half,89.0,1.0,88.0,0.9501125491621647,90.0,0.9332003243821587,42.0,0.9999999999999996,41.0,0.9615795200621062,43.0,0.930086156574102,21_3,21,3,natural,71.8591918945,62.3099555969,22.6045708907,0,276.61923932,0.337793499231
UBFC_A1/Eval_On_COHFACE,COHFACE,old,COHFACE_s21_session3_natural,23,89.0,58.0,large_error,89.0,1.0,88.0,0.9963433898477044,90.0,0.8890811907571581,58.0,0.9999999999999998,77.0,0.9945881120486463,59.0,0.9928703027145306,21_3,21,3,natural,71.8591918945,62.3099555969,22.6045708907,0,276.61923932,0.337793499231
UBFC_A1/Eval_On_COHFACE,COHFACE,old,COHFACE_s21_session3_natural,24,88.0,68.0,large_error,88.0,1.0,89.0,0.9442497873246465,87.0,0.9400485874517814,68.0,0.9999999999999998,67.0,0.9407901022475117,69.0,0.927120000379293,21_3,21,3,natural,71.8591918945,62.3099555969,22.6045708907,0,276.61923932,0.337793499231
UBFC_A1/Eval_On_COHFACE,COHFACE,old,COHFACE_s21_session3_natural,25,88.0,81.0,large_error,88.0,1.0,87.0,0.9581613790685516,89.0,0.9227329200422493,81.0,0.9999999999999994,82.0,0.971467800025461,80.0,0.9372702099163914,21_3,21,3,natural,71.8591918945,62.3099555969,22.6045708907,0,276.61923932,0.337793499231
UBFC_A1/Eval_On_COHFACE,COHFACE,old,COHFACE_s21_session3_natural,26,87.0,54.0,large_error,87.0,1.0,88.0,0.9886535974269353,86.0,0.8942470459223757,54.0,0.9999999999999997,53.0,0.9920392197847936,43.0,0.9461922198791196,21_3,21,3,natural,71.8591918945,62.3099555969,22.6045708907,0,276.61923932,0.337793499231
UBFC_A1/Eval_On_COHFACE,COHFACE,old,COHFACE_s21_session3_natural,27,87.0,82.0,large_error,87.0,1.0,86.0,0.9697632005029992,88.0,0.9201290158356054,82.0,0.9999999999999998,83.0,0.9563764119386403,81.0,0.94509113767136,21_3,21,3,natural,71.8591918945,62.3099555969,22.6045708907,0,276.61923932,0.337793499231
UBFC_A1/Eval_On_COHFACE,COHFACE,old,COHFACE_s21_session3_natural,28,86.0,82.0,large_error,86.0,1.0,87.0,0.9487192751155277,85.0,0.9409193781258047,82.0,0.9999999999999998,83.0,0.9566070811775331,81.0,0.9439900934791347,21_3,21,3,natural,71.8591918945,62.3099555969,22.6045708907,0,276.61923932,0.337793499231
UBFC_A1/Eval_On_COHFACE,COHFACE,old,COHFACE_s21_session3_natural,29,85.0,52.0,large_error,85.0,1.0,86.0,0.9936881152257366,84.0,0.901546873791074,52.0,0.9999999999999997,51.0,0.9986699177483982,53.0,0.9305706167452557,21_3,21,3,natural,71.8591918945,62.3099555969,22.6045708907,0,276.61923932,0.337793499231
UBFC_A1/Eval_On_COHFACE,COHFACE,old,COHFACE_s21_session3_natural,30,85.0,50.0,large_error,85.0,1.0,84.0,0.9665918349078089,86.0,0.924942144563605,50.0,0.9999999999999999,51.0,0.9848789556614966,49.0,0.8985161879446933,21_3,21,3,natural,71.8591918945,62.3099555969,22.6045708907,0,276.61923932,0.337793499231
UBFC_A1/Eval_On_COHFACE,COHFACE,old,COHFACE_s21_session3_natural,31,85.0,51.0,large_error,85.0,1.0,84.0,0.9970811228482089,86.0,0.8908577696554731,51.0,0.9999999999999999,52.0,0.9749896136749973,50.0,0.8773688209293542,21_3,21,3,natural,71.8591918945,62.3099555969,22.6045708907,0,276.61923932,0.337793499231
UBFC_A1/Eval_On_COHFACE,COHFACE,old,COHFACE_s21_session3_natural,32,86.0,75.0,large_error,86.0,1.0,85.0,0.9959648382430814,87.0,0.8876332984433745,75.0,0.9999999999999999,74.0,0.9621272837132534,76.0,0.9388525172830141,21_3,21,3,natural,71.8591918945,62.3099555969,22.6045708907,0,276.61923932,0.337793499231
UBFC_A1/Eval_On_COHFACE,COHFACE,old,COHFACE_s21_session3_natural,33,87.0,120.0,super_harmonic_1p5x,87.0,0.9999999999999999,88.0,0.9718203458401165,86.0,0.9152399659211181,120.0,0.9999999999999998,119.0,0.9632343779836742,121.0,0.9271528417257904,21_3,21,3,natural,71.8591918945,62.3099555969,22.6045708907,0,276.61923932,0.337793499231
UBFC_A1/Eval_On_COHFACE,COHFACE,old,COHFACE_s21_session3_natural,34,89.0,54.0,large_error,89.0,1.0,88.0,0.954262081735872,90.0,0.9287656264453201,54.0,0.9999999999999998,55.0,0.9672273588769446,53.0,0.9573323286189473,21_3,21,3,natural,71.8591918945,62.3099555969,22.6045708907,0,276.61923932,0.337793499231
UBFC_A1/Eval_On_COHFACE,COHFACE,old,COHFACE_s21_session3_natural,35,90.0,53.0,large_error,90.0,1.0,89.0,0.9555321431289511,91.0,0.9357498933232785,53.0,0.9999999999999998,52.0,0.9610412075521367,54.0,0.9462919848039885,21_3,21,3,natural,71.8591918945,62.3099555969,22.6045708907,0,276.61923932,0.337793499231
UBFC_A1/Eval_On_COHFACE,COHFACE,old,COHFACE_s21_session3_natural,36,90.0,40.0,sub_harmonic_half,90.0,1.0,91.0,0.9793088434645573,89.0,0.905926951841707,40.0,0.9999999999999996,41.0,0.8141203778447956,120.0,0.7628548116800213,21_3,21,3,natural,71.8591918945,62.3099555969,22.6045708907,0,276.61923932,0.337793499231
UBFC_A1/Eval_On_COHFACE,COHFACE,old,COHFACE_s21_session3_natural,37,90.0,120.0,super_harmonic_1p5x,90.0,1.0,91.0,0.9479098072436597,89.0,0.9378169945774691,120.0,0.9999999999999998,119.0,0.9678604565048711,121.0,0.9072614749046211,21_3,21,3,natural,71.8591918945,62.3099555969,22.6045708907,0,276.61923932,0.337793499231
UBFC_A1/Eval_On_COHFACE,COHFACE,old,COHFACE_s21_session3_natural,38,89.0,59.0,large_error,89.0,1.0,90.0,0.9477606552949538,88.0,0.9449243312444924,59.0,0.9999999999999997,60.0,0.9723778584500817,58.0,0.8902504674099886,21_3,21,3,natural,71.8591918945,62.3099555969,22.6045708907,0,276.61923932,0.337793499231
UBFC_A1/Eval_On_COHFACE,COHFACE,old,COHFACE_s21_session3_natural,39,88.0,58.0,large_error,88.0,1.0,89.0,0.9784928294546241,87.0,0.9117309769366132,58.0,0.9999999999999998,59.0,0.9724077310630466,57.0,0.9327314434400398,21_3,21,3,natural,71.8591918945,62.3099555969,22.6045708907,0,276.61923932,0.337793499231
UBFC_A1/Eval_On_COHFACE,COHFACE,old,COHFACE_s21_session3_natural,40,88.0,60.0,large_error,88.0,1.0,87.0,0.9497951718686168,89.0,0.9413275198148143,60.0,0.9999999999999999,61.0,0.9631052731229927,59.0,0.9558201101375091,21_3,21,3,natural,71.8591918945,62.3099555969,22.6045708907,0,276.61923932,0.337793499231
UBFC_A1/Eval_On_COHFACE,COHFACE,old,COHFACE_s21_session3_natural,41,88.0,66.0,large_error,88.0,1.0,89.0,0.974230966328076,87.0,0.9206420416013271,66.0,0.9999999999999998,67.0,0.9847120724578053,65.0,0.9235963846427487,21_3,21,3,natural,71.8591918945,62.3099555969,22.6045708907,0,276.61923932,0.337793499231
UBFC_A1/Eval_On_COHFACE,COHFACE,old,COHFACE_s21_session3_natural,42,90.0,60.0,large_error,90.0,1.0,89.0,0.9524244181791821,91.0,0.9403295398757656,60.0,0.9999999999999999,59.0,0.9654100415933675,61.0,0.9285320223179531,21_3,21,3,natural,71.8591918945,62.3099555969,22.6045708907,0,276.61923932,0.337793499231
UBFC_A1/Eval_On_COHFACE,COHFACE,old,COHFACE_s21_session3_natural,43,92.0,60.0,large_error,92.0,0.9999999999999999,91.0,0.9995959543154646,93.0,0.8939482557988264,60.0,0.9999999999999999,61.0,0.9522650016012646,59.0,0.9363656260599889,21_3,21,3,natural,71.8591918945,62.3099555969,22.6045708907,0,276.61923932,0.337793499231
UBFC_A1/Eval_On_COHFACE,COHFACE,old,COHFACE_s21_session3_natural,44,94.0,61.99999999999999,large_error,94.0,0.9999999999999999,93.0,0.9898112145697365,95.0,0.9056035654809096,61.99999999999999,0.9999999999999999,61.0,0.9997541118769233,60.0,0.8843530705039157,21_3,21,3,natural,71.8591918945,62.3099555969,22.6045708907,0,276.61923932,0.337793499231
UBFC_A1/Eval_On_COHFACE,COHFACE,old,COHFACE_s21_session3_natural,45,95.0,75.0,large_error,95.0,1.0,96.0,0.9486710630300265,94.0,0.9279271954748939,75.0,0.9999999999999998,74.0,0.988158072020955,76.0,0.9045366631651189,21_3,21,3,natural,71.8591918945,62.3099555969,22.6045708907,0,276.61923932,0.337793499231
UBFC_A1/Eval_On_COHFACE,COHFACE,old,COHFACE_s21_session3_natural,46,96.0,77.0,large_error,96.0,1.0,95.0,0.9848493797359044,97.0,0.9020963229592555,77.0,0.9999999999999997,78.0,0.967400583149574,76.0,0.9474329169801088,21_3,21,3,natural,71.8591918945,62.3099555969,22.6045708907,0,276.61923932,0.337793499231
UBFC_A1/Eval_On_COHFACE,COHFACE,old,COHFACE_s21_session3_natural,47,95.0,43.0,sub_harmonic_half,95.0,1.0,96.0,0.9963631143545967,94.0,0.8908382179365193,43.0,0.9999999999999999,44.0,0.9436933751996813,42.0,0.924704685479644,21_3,21,3,natural,71.8591918945,62.3099555969,22.6045708907,0,276.61923932,0.337793499231
UBFC_A1/Eval_On_COHFACE,COHFACE,old,COHFACE_s21_session3_natural,48,95.0,69.0,large_error,95.0,1.0,94.0,0.9828197157810586,96.0,0.9086335478671007,69.0,0.9999999999999999,68.0,0.9875961924266371,70.0,0.9197893555431645,21_3,21,3,natural,71.8591918945,62.3099555969,22.6045708907,0,276.61923932,0.337793499231
UBFC_A1/Eval_On_COHFACE,COHFACE,old,COHFACE_s21_session3_natural,49,94.0,69.0,large_error,94.0,1.0,95.0,0.9613070719119742,93.0,0.9219971802219207,69.0,0.9999999999999999,68.0,0.9643222770023309,70.0,0.9025242874263322,21_3,21,3,natural,71.8591918945,62.3099555969,22.6045708907,0,276.61923932,0.337793499231
UBFC_A1/Eval_On_COHFACE,COHFACE,old,COHFACE_s21_session3_natural,50,93.0,69.0,large_error,93.0,1.0,94.0,0.9954938941487634,92.0,0.9008473633362186,69.0,0.9999999999999999,68.0,0.9799716861668402,70.0,0.9436089828341825,21_3,21,3,natural,71.8591918945,62.3099555969,22.6045708907,0,276.61923932,0.337793499231
UBFC_A1/Eval_On_COHFACE,COHFACE,old,COHFACE_s22_session0_lamp,0,61.0,40.0,large_error,61.0,0.9999999999999998,61.99999999999999,0.9867065052357549,60.0,0.9163595337791395,40.0,0.9999999999999996,80.0,0.880071862776415,81.0,0.843435827095186,22_0,22,0,lamp,110.510246277,45.0431289673,1.43754915042,0,506.496473221,0.145853310823
UBFC_A1/Eval_On_COHFACE,COHFACE,old,COHFACE_s22_session0_lamp,1,58.0,80.0,super_harmonic_1p5x,58.0,0.9999999999999999,59.0,0.994645408716874,57.0,0.894227756348407,80.0,0.9999999999999992,81.0,0.9816319072680647,79.0,0.916850046595126,22_0,22,0,lamp,110.510246277,45.0431289673,1.43754915042,0,506.496473221,0.145853310823
UBFC_A1/Eval_On_COHFACE,COHFACE,old,COHFACE_s22_session0_lamp,2,57.0,41.0,large_error,57.0,0.9999999999999999,56.0,0.9871526688683862,58.0,0.9049410544608982,41.0,0.9999999999999997,42.0,0.9968007175870041,120.0,0.8944596892779079,22_0,22,0,lamp,110.510246277,45.0431289673,1.43754915042,0,506.496473221,0.145853310823
UBFC_A1/Eval_On_COHFACE,COHFACE,old,COHFACE_s22_session0_lamp,3,56.0,80.0,super_harmonic_1p5x,56.0,0.9999999999999999,57.0,0.9547717960947605,55.0,0.9386608699086911,80.0,0.9999999999999997,81.0,0.9585973152651774,40.0,0.9229630187736159,22_0,22,0,lamp,110.510246277,45.0431289673,1.43754915042,0,506.496473221,0.145853310823
UBFC_A1/Eval_On_COHFACE,COHFACE,old,COHFACE_s22_session0_lamp,4,57.0,80.0,super_harmonic_1p5x,57.0,0.9999999999999999,56.0,0.9700517475576209,58.0,0.9217506356219654,80.0,0.9999999999999997,81.0,0.9765970437634524,79.0,0.9160060451807834,22_0,22,0,lamp,110.510246277,45.0431289673,1.43754915042,0,506.496473221,0.145853310823
UBFC_A1/Eval_On_COHFACE,COHFACE,old,COHFACE_s22_session0_lamp,5,58.0,42.0,large_error,58.0,0.9999999999999999,57.0,0.9948030269843232,59.0,0.891942417406792,42.0,0.9999999999999997,43.0,0.9894308042470937,77.0,0.938607918115461,22_0,22,0,lamp,110.510246277,45.0431289673,1.43754915042,0,506.496473221,0.145853310823
UBFC_A1/Eval_On_COHFACE,COHFACE,old,COHFACE_s22_session0_lamp,6,58.0,40.0,large_error,58.0,0.9999999999999999,59.0,0.9555658480905935,57.0,0.9281837762409176,40.0,0.9999999999999997,80.0,0.9052231755880266,81.0,0.8892082063171662,22_0,22,0,lamp,110.510246277,45.0431289673,1.43754915042,0,506.496473221,0.145853310823
UBFC_A1/Eval_On_COHFACE,COHFACE,old,COHFACE_s22_session0_lamp,7,59.0,81.0,super_harmonic_1p5x,59.0,0.9999999999999999,60.0,0.9553679176982285,58.0,0.9314498659230365,81.0,0.9999999999999997,80.0,0.9634324377832719,82.0,0.952607287076436,22_0,22,0,lamp,110.510246277,45.0431289673,1.43754915042,0,506.496473221,0.145853310823
UBFC_A1/Eval_On_COHFACE,COHFACE,old,COHFACE_s22_session0_lamp,8,60.0,42.0,large_error,60.0,0.9999999999999999,61.0,0.9568503237904222,59.0,0.9311844397307315,42.0,0.9999999999999998,41.0,0.9838746615849188,43.0,0.9132086468815179,22_0,22,0,lamp,110.510246277,45.0431289673,1.43754915042,0,506.496473221,0.145853310823
UBFC_A1/Eval_On_COHFACE,COHFACE,old,COHFACE_s22_session0_lamp,9,61.0,40.0,large_error,61.0,1.0,61.99999999999999,0.9507394466013986,60.0,0.9296611992360042,40.0,0.9999999999999998,41.0,0.8985622125782274,80.0,0.8664463151070276,22_0,22,0,lamp,110.510246277,45.0431289673,1.43754915042,0,506.496473221,0.145853310823
UBFC_A1/Eval_On_COHFACE,COHFACE,old,COHFACE_s22_session0_lamp,10,61.0,81.0,super_harmonic_1p5x,61.0,1.0,60.0,0.9956867486043011,61.99999999999999,0.8912420181177753,81.0,0.9999999999999996,82.0,0.96271384762282,80.0,0.9495382471440829,22_0,22,0,lamp,110.510246277,45.0431289673,1.43754915042,0,506.496473221,0.145853310823
UBFC_A1/Eval_On_COHFACE,COHFACE,old,COHFACE_s22_session0_lamp,11,60.0,42.0,large_error,60.0,1.0,59.0,0.9633885580116279,61.0,0.9201136137583328,42.0,0.9999999999999997,43.0,0.975101004390822,41.0,0.9256604797188256,22_0,22,0,lamp,110.510246277,45.0431289673,1.43754915042,0,506.496473221,0.145853310823
UBFC_A1/Eval_On_COHFACE,COHFACE,old,COHFACE_s22_session0_lamp,12,59.0,40.0,large_error,59.0,1.0,60.0,0.9891315073600474,58.0,0.8991809194463566,40.0,0.9999999999999997,80.0,0.8858387020862678,81.0,0.8426418946817965,22_0,22,0,lamp,110.510246277,45.0431289673,1.43754915042,0,506.496473221,0.145853310823
UBFC_A1/Eval_On_COHFACE,COHFACE,old,COHFACE_s22_session0_lamp,13,59.0,80.0,super_harmonic_1p5x,59.0,1.0,60.0,0.9990191903819091,58.0,0.8972263598208549,80.0,0.9999999999999994,81.0,0.9521588978985374,79.0,0.9223074775592722,22_0,22,0,lamp,110.510246277,45.0431289673,1.43754915042,0,506.496473221,0.145853310823
UBFC_A1/Eval_On_COHFACE,COHFACE,old,COHFACE_s22_session0_lamp,14,60.0,43.0,large_error,60.0,1.0,59.0,0.9650309204007862,61.0,0.9278893880215714,43.0,0.9999999999999997,42.0,0.9443655312887252,44.0,0.9442821755561356,22_0,22,0,lamp,110.510246277,45.0431289673,1.43754915042,0,506.496473221,0.145853310823
UBFC_A1/Eval_On_COHFACE,COHFACE,old,COHFACE_s22_session0_lamp,15,60.0,120.0,super_harmonic_2x,60.0,0.9999999999999999,61.0,0.9694485094553479,59.0,0.9184940554871451,120.0,0.9999999999999997,121.0,0.9459823168961824,119.0,0.9286058983890835,22_0,22,0,lamp,110.510246277,45.0431289673,1.43754915042,0,506.496473221,0.145853310823
UBFC_A1/Eval_On_COHFACE,COHFACE,old,COHFACE_s22_session0_lamp,16,61.0,80.0,super_harmonic_1p5x,61.0,0.9999999999999999,60.0,0.966093484867866,61.99999999999999,0.922060001410139,80.0,0.9999999999999996,81.0,0.9644406439701035,79.0,0.9465705430702377,22_0,22,0,lamp,110.510246277,45.0431289673,1.43754915042,0,506.496473221,0.145853310823
UBFC_A1/Eval_On_COHFACE,COHFACE,old,COHFACE_s22_session0_lamp,17,61.0,42.0,large_error,61.0,0.9999999999999999,61.99999999999999,0.9903737905868325,60.0,0.8938294072132145,42.0,0.9999999999999997,41.0,0.9685773192971237,43.0,0.939934779177638,22_0,22,0,lamp,110.510246277,45.0431289673,1.43754915042,0,506.496473221,0.145853310823
UBFC_A1/Eval_On_COHFACE,COHFACE,old,COHFACE_s22_session0_lamp,18,61.99999999999999,81.0,super_harmonic_1p5x,61.99999999999999,0.9999999999999999,61.0,0.9671098560615892,63.0,0.9194701186383577,81.0,0.9999999999999997,80.0,0.9831953321404097,82.0,0.9239527851319179,22_0,22,0,lamp,110.510246277,45.0431289673,1.43754915042,0,506.496473221,0.145853310823
UBFC_A1/Eval_On_COHFACE,COHFACE,old,COHFACE_s22_session0_lamp,19,61.0,40.0,large_error,61.0,0.9999999999999999,61.99999999999999,0.9637488190339729,60.0,0.9281898393252174,40.0,0.9999999999999996,41.0,0.9699110684419128,42.0,0.8496358924861154,22_0,22,0,lamp,110.510246277,45.0431289673,1.43754915042,0,506.496473221,0.145853310823
UBFC_A1/Eval_On_COHFACE,COHFACE,old,COHFACE_s22_session0_lamp,20,60.0,77.0,super_harmonic_1p5x,60.0,0.9999999999999999,59.0,0.9470952449522948,61.0,0.9363737937946414,77.0,0.9999999999999997,78.0,0.9628774045758632,76.0,0.903047360451072,22_0,22,0,lamp,110.510246277,45.0431289673,1.43754915042,0,506.496473221,0.145853310823
UBFC_A1/Eval_On_COHFACE,COHFACE,old,COHFACE_s22_session0_lamp,21,59.0,80.0,super_harmonic_1p5x,59.0,0.9999999999999999,58.0,0.9601175895061681,60.0,0.9124497701939968,80.0,0.9999999999999998,40.0,0.9850066327763002,81.0,0.9491824803179012,22_0,22,0,lamp,110.510246277,45.0431289673,1.43754915042,0,506.496473221,0.145853310823
UBFC_A1/Eval_On_COHFACE,COHFACE,old,COHFACE_s22_session0_lamp,22,58.0,80.0,super_harmonic_1p5x,58.0,0.9999999999999999,59.0,0.9398380765655825,57.0,0.9316892258479884,80.0,0.9999999999999996,79.0,0.9761642695882123,81.0,0.9247742939990288,22_0,22,0,lamp,110.510246277,45.0431289673,1.43754915042,0,506.496473221,0.145853310823
UBFC_A1/Eval_On_COHFACE,COHFACE,old,COHFACE_s22_session0_lamp,23,58.0,43.0,large_error,58.0,0.9999999999999999,57.0,0.976528798254002,59.0,0.9045989028284354,43.0,0.9999999999999997,44.0,0.957477854561364,54.0,0.945485922001241,22_0,22,0,lamp,110.510246277,45.0431289673,1.43754915042,0,506.496473221,0.145853310823
UBFC_A1/Eval_On_COHFACE,COHFACE,old,COHFACE_s22_session0_lamp,24,58.0,118.0,super_harmonic_2x,58.0,0.9999999999999999,57.0,0.9523753384321931,59.0,0.9352005964426859,118.0,0.9999999999999993,119.0,0.9629985370455533,117.0,0.9096530888978768,22_0,22,0,lamp,110.510246277,45.0431289673,1.43754915042,0,506.496473221,0.145853310823
UBFC_A1/Eval_On_COHFACE,COHFACE,old,COHFACE_s22_session0_lamp,25,59.0,118.0,super_harmonic_2x,59.0,0.9999999999999999,58.0,0.986885487643172,60.0,0.9044239697220677,118.0,0.9999999999999996,119.0,0.9790757551728028,117.0,0.9229508015979578,22_0,22,0,lamp,110.510246277,45.0431289673,1.43754915042,0,506.496473221,0.145853310823
UBFC_A1/Eval_On_COHFACE,COHFACE,old,COHFACE_s22_session0_lamp,26,60.0,45.0,large_error,60.0,0.9999999999999999,59.0,0.982602661664588,61.0,0.9134209351119135,45.0,0.9999999999999996,44.0,0.9725758784153583,46.0,0.9509829201561583,22_0,22,0,lamp,110.510246277,45.0431289673,1.43754915042,0,506.496473221,0.145853310823
UBFC_A1/Eval_On_COHFACE,COHFACE,old,COHFACE_s22_session0_lamp,27,60.0,120.0,super_harmonic_2x,60.0,0.9999999999999999,61.0,0.9918541257662754,59.0,0.8964113228993145,120.0,0.9999999999999997,121.0,0.9562021375154152,119.0,0.930349784782949,22_0,22,0,lamp,110.510246277,45.0431289673,1.43754915042,0,506.496473221,0.145853310823
UBFC_A1/Eval_On_COHFACE,COHFACE,old,COHFACE_s22_session0_lamp,28,61.0,120.0,super_harmonic_2x,61.0,1.0,61.99999999999999,0.9494109509821322,60.0,0.9378995764736396,120.0,0.9999999999999997,121.0,0.9727374642761805,119.0,0.9188953109471002,22_0,22,0,lamp,110.510246277,45.0431289673,1.43754915042,0,506.496473221,0.145853310823
UBFC_A1/Eval_On_COHFACE,COHFACE,old,COHFACE_s22_session0_lamp,29,61.99999999999999,75.0,large_error,61.99999999999999,1.0,61.0,0.992661218507375,63.0,0.8963249639753786,75.0,0.9999999999999996,76.0,0.9539658669462014,74.0,0.9202503172600116,22_0,22,0,lamp,110.510246277,45.0431289673,1.43754915042,0,506.496473221,0.145853310823
UBFC_A1/Eval_On_COHFACE,COHFACE,old,COHFACE_s22_session0_lamp,30,61.0,121.0,super_harmonic_2x,61.0,1.0,61.99999999999999,0.9774102842821891,60.0,0.9137696005841879,121.0,0.9999999999999996,120.0,0.9941458099251583,122.0,0.9020061298987888,22_0,22,0,lamp,110.510246277,45.0431289673,1.43754915042,0,506.496473221,0.145853310823
UBFC_A1/Eval_On_COHFACE,COHFACE,old,COHFACE_s22_session0_lamp,31,61.0,59.0,correct,61.0,1.0,60.0,0.9762374717935743,61.99999999999999,0.9116399199990756,59.0,0.9999999999999994,58.0,0.9902090527636435,60.0,0.9204499794548918,22_0,22,0,lamp,110.510246277,45.0431289673,1.43754915042,0,506.496473221,0.145853310823
UBFC_A1/Eval_On_COHFACE,COHFACE,old,COHFACE_s22_session0_lamp,32,60.0,59.0,correct,60.0,1.0,61.0,0.967875369227728,59.0,0.9138799986038036,59.0,0.9999999999999998,60.0,0.9909542410503135,58.0,0.8940733636710334,22_0,22,0,lamp,110.510246277,45.0431289673,1.43754915042,0,506.496473221,0.145853310823
UBFC_A1/Eval_On_COHFACE,COHFACE,old,COHFACE_s22_session0_lamp,33,60.0,40.0,large_error,60.0,1.0,59.0,0.9576271191394581,61.0,0.928615925955142,40.0,0.9999999999999997,80.0,0.9910672677274225,81.0,0.9745563046058608,22_0,22,0,lamp,110.510246277,45.0431289673,1.43754915042,0,506.496473221,0.145853310823
UBFC_A1/Eval_On_COHFACE,COHFACE,old,COHFACE_s22_session0_lamp,34,60.0,81.0,super_harmonic_1p5x,60.0,1.0,59.0,0.9727421913858342,61.0,0.919632759420666,81.0,0.9999999999999997,82.0,0.9624874755385604,80.0,0.9215530988098565,22_0,22,0,lamp,110.510246277,45.0431289673,1.43754915042,0,506.496473221,0.145853310823
UBFC_A1/Eval_On_COHFACE,COHFACE,old,COHFACE_s22_session0_lamp,35,60.0,61.0,correct,60.0,1.0,59.0,0.9894921716514292,61.0,0.9050751940775196,61.0,0.9999999999999997,61.99999999999999,0.9489483782548408,51.0,0.8777549281513182,22_0,22,0,lamp,110.510246277,45.0431289673,1.43754915042,0,506.496473221,0.145853310823
UBFC_A1/Eval_On_COHFACE,COHFACE,old,COHFACE_s22_session0_lamp,36,59.0,81.0,super_harmonic_1p5x,59.0,1.0,60.0,0.9876630625482845,58.0,0.8974415112485487,81.0,0.9999999999999997,80.0,0.9545886038010981,82.0,0.9183541246132926,22_0,22,0,lamp,110.510246277,45.0431289673,1.43754915042,0,506.496473221,0.145853310823
UBFC_A1/Eval_On_COHFACE,COHFACE,old,COHFACE_s22_session0_lamp,37,59.0,42.0,large_error,59.0,1.0,60.0,0.9874269120727163,58.0,0.8881998986749045,42.0,0.9999999999999996,41.0,0.9852146575879136,80.0,0.9599954158049119,22_0,22,0,lamp,110.510246277,45.0431289673,1.43754915042,0,506.496473221,0.145853310823
UBFC_A1/Eval_On_COHFACE,COHFACE,old,COHFACE_s22_session0_lamp,38,59.0,42.0,large_error,59.0,0.9999999999999999,60.0,0.962212773961589,58.0,0.9088165956714693,42.0,0.9999999999999998,43.0,0.9619917105654928,41.0,0.9363056675617344,22_0,22,0,lamp,110.510246277,45.0431289673,1.43754915042,0,506.496473221,0.145853310823
UBFC_A1/Eval_On_COHFACE,COHFACE,old,COHFACE_s22_session0_lamp,39,59.0,81.0,super_harmonic_1p5x,59.0,0.9999999999999999,60.0,0.9403554926390518,58.0,0.9369337606725593,81.0,0.9999999999999996,80.0,0.9654932793419705,82.0,0.9449079954707602,22_0,22,0,lamp,110.510246277,45.0431289673,1.43754915042,0,506.496473221,0.145853310823
UBFC_A1/Eval_On_COHFACE,COHFACE,old,COHFACE_s22_session0_lamp,40,59.0,41.0,large_error,59.0,0.9999999999999999,60.0,0.9582547402233359,58.0,0.9313407687866293,41.0,0.9999999999999994,40.0,0.9911113078727165,42.0,0.9373792949263589,22_0,22,0,lamp,110.510246277,45.0431289673,1.43754915042,0,506.496473221,0.145853310823
UBFC_A1/Eval_On_COHFACE,COHFACE,old,COHFACE_s22_session0_lamp,41,59.0,59.0,correct,59.0,0.9999999999999999,60.0,0.9533405008256521,58.0,0.9298686523128895,59.0,0.9999999999999997,60.0,0.9792418195078207,58.0,0.8959666722332198,22_0,22,0,lamp,110.510246277,45.0431289673,1.43754915042,0,506.496473221,0.145853310823
UBFC_A1/Eval_On_COHFACE,COHFACE,old,COHFACE_s22_session0_lamp,42,59.0,80.0,super_harmonic_1p5x,59.0,0.9999999999999999,60.0,0.9779077036162194,58.0,0.9013379056077429,80.0,0.9999999999999997,81.0,0.9842028622407328,79.0,0.8628217404411251,22_0,22,0,lamp,110.510246277,45.0431289673,1.43754915042,0,506.496473221,0.145853310823
UBFC_A1/Eval_On_COHFACE,COHFACE,old,COHFACE_s22_session0_lamp,43,60.0,80.0,super_harmonic_1p5x,60.0,0.9999999999999999,59.0,0.997642408092636,61.0,0.8911580900644158,80.0,0.9999999999999994,81.0,0.981855680082521,79.0,0.8960444882683994,22_0,22,0,lamp,110.510246277,45.0431289673,1.43754915042,0,506.496473221,0.145853310823
UBFC_A1/Eval_On_COHFACE,COHFACE,old,COHFACE_s22_session0_lamp,44,60.0,42.0,large_error,60.0,1.0,59.0,0.9700782731936134,61.0,0.9189974391046642,42.0,0.9999999999999997,41.0,0.974717660964875,43.0,0.8702926554076359,22_0,22,0,lamp,110.510246277,45.0431289673,1.43754915042,0,506.496473221,0.145853310823
UBFC_A1/Eval_On_COHFACE,COHFACE,old,COHFACE_s22_session0_lamp,45,60.0,81.0,super_harmonic_1p5x,60.0,1.0,61.0,0.9575442988070465,59.0,0.9361369245821938,81.0,0.9999999999999994,80.0,0.984903245181551,40.0,0.9141211365762666,22_0,22,0,lamp,110.510246277,45.0431289673,1.43754915042,0,506.496473221,0.145853310823
UBFC_A1/Eval_On_COHFACE,COHFACE,old,COHFACE_s22_session0_lamp,46,60.0,42.0,large_error,60.0,1.0,61.0,0.9557342234604704,59.0,0.9348944199406453,42.0,0.9999999999999989,41.0,0.9998429974791265,120.0,0.9884645295353295,22_0,22,0,lamp,110.510246277,45.0431289673,1.43754915042,0,506.496473221,0.145853310823
UBFC_A1/Eval_On_COHFACE,COHFACE,old,COHFACE_s22_session0_lamp,47,60.0,41.0,large_error,60.0,1.0,59.0,0.9838434380918113,61.0,0.9007601433037897,41.0,0.9999999999999997,42.0,0.9667092056915132,40.0,0.8832935838745816,22_0,22,0,lamp,110.510246277,45.0431289673,1.43754915042,0,506.496473221,0.145853310823
UBFC_A1/Eval_On_COHFACE,COHFACE,old,COHFACE_s22_session0_lamp,48,59.0,80.0,super_harmonic_1p5x,59.0,1.0,60.0,0.9727170213646149,58.0,0.902326373361528,80.0,0.9999999999999996,81.0,0.9803452259433364,79.0,0.8860300876871297,22_0,22,0,lamp,110.510246277,45.0431289673,1.43754915042,0,506.496473221,0.145853310823
UBFC_A1/Eval_On_COHFACE,COHFACE,old,COHFACE_s22_session0_lamp,49,59.0,42.0,large_error,59.0,1.0,60.0,0.9448017950780135,58.0,0.9350866163421532,42.0,0.9999999999999994,41.0,0.9818871683346947,43.0,0.9242407370087435,22_0,22,0,lamp,110.510246277,45.0431289673,1.43754915042,0,506.496473221,0.145853310823
UBFC_A1/Eval_On_COHFACE,COHFACE,old,COHFACE_s22_session0_lamp,50,59.0,44.0,large_error,59.0,1.0,58.0,0.9494861787386402,60.0,0.9377661973710171,44.0,0.9999999999999996,45.0,0.9586242427403515,43.0,0.9500902120462039,22_0,22,0,lamp,110.510246277,45.0431289673,1.43754915042,0,506.496473221,0.145853310823
UBFC_A1/Eval_On_COHFACE,COHFACE,old,COHFACE_s22_session1_lamp,0,61.99999999999999,81.0,super_harmonic_1p5x,61.99999999999999,0.9999999999999999,61.0,0.9972827787940133,63.0,0.8734050605142456,81.0,0.9999999999999997,82.0,0.9744829944290341,80.0,0.9131511912209059,22_1,22,1,lamp,112.16015625,44.9338302612,1.26765789372,0,452.188485886,0.140685558319
UBFC_A1/Eval_On_COHFACE,COHFACE,old,COHFACE_s22_session1_lamp,1,61.0,80.0,super_harmonic_1p5x,61.0,0.9999999999999999,60.0,0.9631300093448042,61.99999999999999,0.9288583677970821,80.0,0.9999999999999996,81.0,0.9908671509672482,79.0,0.8794036640361459,22_1,22,1,lamp,112.16015625,44.9338302612,1.26765789372,0,452.188485886,0.140685558319
UBFC_A1/Eval_On_COHFACE,COHFACE,old,COHFACE_s22_session1_lamp,2,60.0,54.0,large_error,60.0,0.9999999999999999,61.0,0.995819131966426,59.0,0.8903849774828162,54.0,0.9999999999999997,53.0,0.9985088942947296,55.0,0.8824810040229571,22_1,22,1,lamp,112.16015625,44.9338302612,1.26765789372,0,452.188485886,0.140685558319
UBFC_A1/Eval_On_COHFACE,COHFACE,old,COHFACE_s22_session1_lamp,3,60.0,80.0,super_harmonic_1p5x,60.0,0.9999999999999999,61.0,0.9870870908276481,59.0,0.8870227166718992,80.0,0.9999999999999996,81.0,0.9578876425047185,40.0,0.8995594475985272,22_1,22,1,lamp,112.16015625,44.9338302612,1.26765789372,0,452.188485886,0.140685558319
UBFC_A1/Eval_On_COHFACE,COHFACE,old,COHFACE_s22_session1_lamp,4,61.0,80.0,super_harmonic_1p5x,61.0,0.9999999999999999,60.0,0.976226017211302,61.99999999999999,0.9069152376282563,80.0,0.9999999999999994,81.0,0.999622781396415,43.0,0.9373242752344472,22_1,22,1,lamp,112.16015625,44.9338302612,1.26765789372,0,452.188485886,0.140685558319
UBFC_A1/Eval_On_COHFACE,COHFACE,old,COHFACE_s22_session1_lamp,5,61.0,43.0,large_error,61.0,0.9999999999999999,61.99999999999999,0.9446595852511216,60.0,0.940026427882843,43.0,0.9999999999999998,44.0,0.9823137880533402,42.0,0.917722154235841,22_1,22,1,lamp,112.16015625,44.9338302612,1.26765789372,0,452.188485886,0.140685558319
UBFC_A1/Eval_On_COHFACE,COHFACE,old,COHFACE_s22_session1_lamp,6,61.0,42.0,large_error,61.0,0.9999999999999999,61.99999999999999,0.9881706712633473,60.0,0.9086742971574707,42.0,0.9999999999999997,43.0,0.9856390706584085,41.0,0.9410564930519623,22_1,22,1,lamp,112.16015625,44.9338302612,1.26765789372,0,452.188485886,0.140685558319
UBFC_A1/Eval_On_COHFACE,COHFACE,old,COHFACE_s22_session1_lamp,7,61.0,42.0,large_error,61.0,0.9999999999999999,60.0,0.9655282274514181,61.99999999999999,0.9239551227080701,42.0,0.9999999999999996,81.0,0.9908520568925085,80.0,0.9883092669790803,22_1,22,1,lamp,112.16015625,44.9338302612,1.26765789372,0,452.188485886,0.140685558319
UBFC_A1/Eval_On_COHFACE,COHFACE,old,COHFACE_s22_session1_lamp,8,60.0,42.0,large_error,60.0,1.0,61.0,0.9885263871456809,59.0,0.8922157178309404,42.0,0.9999999999999997,43.0,0.9867700156048109,41.0,0.9071673895701398,22_1,22,1,lamp,112.16015625,44.9338302612,1.26765789372,0,452.188485886,0.140685558319
UBFC_A1/Eval_On_COHFACE,COHFACE,old,COHFACE_s22_session1_lamp,9,61.0,81.0,super_harmonic_1p5x,61.0,1.0,60.0,0.9700618652388812,61.99999999999999,0.9111364300958067,81.0,0.9999999999999994,80.0,0.9932567065567542,82.0,0.9256274872675537,22_1,22,1,lamp,112.16015625,44.9338302612,1.26765789372,0,452.188485886,0.140685558319
UBFC_A1/Eval_On_COHFACE,COHFACE,old,COHFACE_s22_session1_lamp,10,61.0,42.0,large_error,61.0,1.0,61.99999999999999,0.9799852094785133,60.0,0.9027901335119148,42.0,0.9999999999999992,43.0,0.9442298419247469,41.0,0.9431416271678006,22_1,22,1,lamp,112.16015625,44.9338302612,1.26765789372,0,452.188485886,0.140685558319
UBFC_A1/Eval_On_COHFACE,COHFACE,old,COHFACE_s22_session1_lamp,11,61.99999999999999,60.0,correct,61.99999999999999,1.0,61.0,0.9532262748535367,63.0,0.9283589731987818,60.0,0.9999999999999997,61.0,0.9582324757474285,59.0,0.8745619692295428,22_1,22,1,lamp,112.16015625,44.9338302612,1.26765789372,0,452.188485886,0.140685558319
UBFC_A1/Eval_On_COHFACE,COHFACE,old,COHFACE_s22_session1_lamp,12,61.99999999999999,40.0,large_error,61.99999999999999,1.0,63.0,0.9450193418763402,61.0,0.935562388533166,40.0,0.9999999999999993,119.0,0.8798260148329147,41.0,0.8759915117126581,22_1,22,1,lamp,112.16015625,44.9338302612,1.26765789372,0,452.188485886,0.140685558319
UBFC_A1/Eval_On_COHFACE,COHFACE,old,COHFACE_s22_session1_lamp,13,61.99999999999999,79.0,super_harmonic_1p5x,61.99999999999999,1.0,61.0,0.9480524232158074,63.0,0.9334736141198009,79.0,0.9999999999999993,80.0,0.9769588659920536,78.0,0.9461603618572735,22_1,22,1,lamp,112.16015625,44.9338302612,1.26765789372,0,452.188485886,0.140685558319
UBFC_A1/Eval_On_COHFACE,COHFACE,old,COHFACE_s22_session1_lamp,14,61.99999999999999,60.0,correct,61.99999999999999,1.0,61.0,0.9431964859063535,63.0,0.9402565933361029,60.0,0.9999999999999998,59.0,0.9746706387166251,61.0,0.892767398010797,22_1,22,1,lamp,112.16015625,44.9338302612,1.26765789372,0,452.188485886,0.140685558319
UBFC_A1/Eval_On_COHFACE,COHFACE,old,COHFACE_s22_session1_lamp,15,61.99999999999999,40.0,large_error,61.99999999999999,0.9999999999999999,63.0,0.9592404940682541,61.0,0.9252262756733893,40.0,0.9999999999999997,80.0,0.9730676661725692,79.0,0.945688427032593,22_1,22,1,lamp,112.16015625,44.9338302612,1.26765789372,0,452.188485886,0.140685558319
UBFC_A1/Eval_On_COHFACE,COHFACE,old,COHFACE_s22_session1_lamp,16,61.99999999999999,80.0,super_harmonic_1p5x,61.99999999999999,0.9999999999999999,61.0,0.9600050258304428,63.0,0.923438273882107,80.0,0.9999999999999996,81.0,0.9962738998599506,79.0,0.9298117106042854,22_1,22,1,lamp,112.16015625,44.9338302612,1.26765789372,0,452.188485886,0.140685558319
UBFC_A1/Eval_On_COHFACE,COHFACE,old,COHFACE_s22_session1_lamp,17,61.0,41.0,large_error,61.0,0.9999999999999999,60.0,0.9426889904646967,61.99999999999999,0.9422555551068265,41.0,0.9999999999999998,42.0,0.9670992729650181,79.0,0.9641213523934651,22_1,22,1,lamp,112.16015625,44.9338302612,1.26765789372,0,452.188485886,0.140685558319
UBFC_A1/Eval_On_COHFACE,COHFACE,old,COHFACE_s22_session1_lamp,18,60.0,80.0,super_harmonic_1p5x,60.0,1.0,61.0,0.9738230115395279,59.0,0.9075707114052898,80.0,0.9999999999999998,79.0,0.9682906038026817,81.0,0.9257201145743035,22_1,22,1,lamp,112.16015625,44.9338302612,1.26765789372,0,452.188485886,0.140685558319
UBFC_A1/Eval_On_COHFACE,COHFACE,old,COHFACE_s22_session1_lamp,19,60.0,80.0,super_harmonic_1p5x,60.0,1.0,61.0,0.9555125445059053,59.0,0.9271004273266312,80.0,0.9999999999999997,81.0,0.9805170536888639,79.0,0.9319927039819585,22_1,22,1,lamp,112.16015625,44.9338302612,1.26765789372,0,452.188485886,0.140685558319
UBFC_A1/Eval_On_COHFACE,COHFACE,old,COHFACE_s22_session1_lamp,20,60.0,78.0,super_harmonic_1p5x,60.0,0.9999999999999999,61.0,0.9979245478168061,59.0,0.8921008770428891,78.0,0.9999999999999998,79.0,0.96188059355966,77.0,0.9076818147154495,22_1,22,1,lamp,112.16015625,44.9338302612,1.26765789372,0,452.188485886,0.140685558319
UBFC_A1/Eval_On_COHFACE,COHFACE,old,COHFACE_s22_session1_lamp,21,61.0,40.0,large_error,61.0,1.0,60.0,0.9612171891420613,61.99999999999999,0.9259364231262879,40.0,0.9999999999999998,41.0,0.8683613599616544,79.0,0.8088975557290887,22_1,22,1,lamp,112.16015625,44.9338302612,1.26765789372,0,452.188485886,0.140685558319
UBFC_A1/Eval_On_COHFACE,COHFACE,old,COHFACE_s22_session1_lamp,22,61.0,41.0,large_error,61.0,1.0,60.0,0.9697649432389428,61.99999999999999,0.9159830275003581,41.0,0.9999999999999997,80.0,0.9979307354753373,40.0,0.9901437439876298,22_1,22,1,lamp,112.16015625,44.9338302612,1.26765789372,0,452.188485886,0.140685558319
UBFC_A1/Eval_On_COHFACE,COHFACE,old,COHFACE_s22_session1_lamp,23,61.0,43.0,large_error,61.0,1.0,60.0,0.9643934252411267,61.99999999999999,0.9211522872208469,43.0,0.9999999999999998,44.0,0.965373452175066,42.0,0.9568354914449937,22_1,22,1,lamp,112.16015625,44.9338302612,1.26765789372,0,452.188485886,0.140685558319
UBFC_A1/Eval_On_COHFACE,COHFACE,old,COHFACE_s22_session1_lamp,24,61.0,40.0,large_error,61.0,1.0,61.99999999999999,0.9580038200395424,60.0,0.9315499084001277,40.0,0.9999999999999998,41.0,0.9029237265351898,81.0,0.7404784750273411,22_1,22,1,lamp,112.16015625,44.9338302612,1.26765789372,0,452.188485886,0.140685558319
UBFC_A1/Eval_On_COHFACE,COHFACE,old,COHFACE_s22_session1_lamp,25,61.99999999999999,81.0,super_harmonic_1p5x,61.99999999999999,1.0,61.0,0.983493028261377,63.0,0.9104376028471809,81.0,0.9999999999999998,82.0,0.9506076403036801,80.0,0.9464301249474668,22_1,22,1,lamp,112.16015625,44.9338302612,1.26765789372,0,452.188485886,0.140685558319
UBFC_A1/Eval_On_COHFACE,COHFACE,old,COHFACE_s22_session1_lamp,26,61.99999999999999,43.0,large_error,61.99999999999999,1.0,61.0,0.9632287833702163,63.0,0.9293412487683455,43.0,0.9999999999999998,44.0,0.9681286794308077,42.0,0.924936038714425,22_1,22,1,lamp,112.16015625,44.9338302612,1.26765789372,0,452.188485886,0.140685558319
UBFC_A1/Eval_On_COHFACE,COHFACE,old,COHFACE_s22_session1_lamp,27,61.99999999999999,81.0,super_harmonic_1p5x,61.99999999999999,1.0,61.0,0.9707661773774361,63.0,0.9173899775458655,81.0,0.9999999999999997,80.0,0.9564830154808721,82.0,0.9282750525823127,22_1,22,1,lamp,112.16015625,44.9338302612,1.26765789372,0,452.188485886,0.140685558319
UBFC_A1/Eval_On_COHFACE,COHFACE,old,COHFACE_s22_session1_lamp,28,61.99999999999999,81.0,super_harmonic_1p5x,61.99999999999999,1.0,61.0,0.9940330758238808,63.0,0.8949400745529025,81.0,0.9999999999999997,82.0,0.9777191177396691,80.0,0.9337376069992692,22_1,22,1,lamp,112.16015625,44.9338302612,1.26765789372,0,452.188485886,0.140685558319
UBFC_A1/Eval_On_COHFACE,COHFACE,old,COHFACE_s22_session1_lamp,29,61.99999999999999,43.0,large_error,61.99999999999999,1.0,61.0,0.9825731523125237,63.0,0.908303663364574,43.0,0.9999999999999994,42.0,0.9711764678554758,44.0,0.9209604774456529,22_1,22,1,lamp,112.16015625,44.9338302612,1.26765789372,0,452.188485886,0.140685558319
UBFC_A1/Eval_On_COHFACE,COHFACE,old,COHFACE_s22_session1_lamp,30,61.99999999999999,81.0,super_harmonic_1p5x,61.99999999999999,1.0,61.0,0.9811271753586037,63.0,0.9099980124325927,81.0,0.9999999999999997,80.0,0.9747327841679225,82.0,0.9241363990336574,22_1,22,1,lamp,112.16015625,44.9338302612,1.26765789372,0,452.188485886,0.140685558319
UBFC_A1/Eval_On_COHFACE,COHFACE,old,COHFACE_s22_session1_lamp,31,61.0,80.0,super_harmonic_1p5x,61.0,1.0,61.99999999999999,0.9710348684150315,60.0,0.9215480773853926,80.0,0.9999999999999989,79.0,0.954363438221448,81.0,0.9484425659569975,22_1,22,1,lamp,112.16015625,44.9338302612,1.26765789372,0,452.188485886,0.140685558319
UBFC_A1/Eval_On_COHFACE,COHFACE,old,COHFACE_s22_session1_lamp,32,60.0,78.0,super_harmonic_1p5x,60.0,1.0,61.0,0.9994495274328518,59.0,0.8894998919380004,78.0,0.9999999999999992,79.0,0.993911147819739,42.0,0.9269239494697349,22_1,22,1,lamp,112.16015625,44.9338302612,1.26765789372,0,452.188485886,0.140685558319
UBFC_A1/Eval_On_COHFACE,COHFACE,old,COHFACE_s22_session1_lamp,33,60.0,40.0,large_error,60.0,1.0,61.0,0.94877703037066,59.0,0.9345205802450576,40.0,0.9999999999999994,41.0,0.8825614760479031,79.0,0.8457777242267167,22_1,22,1,lamp,112.16015625,44.9338302612,1.26765789372,0,452.188485886,0.140685558319
UBFC_A1/Eval_On_COHFACE,COHFACE,old,COHFACE_s22_session1_lamp,34,60.0,81.0,super_harmonic_1p5x,60.0,1.0,59.0,0.9600643653416439,61.0,0.9276422422325243,81.0,0.9999999999999994,80.0,0.9857193142090711,82.0,0.8852634413595206,22_1,22,1,lamp,112.16015625,44.9338302612,1.26765789372,0,452.188485886,0.140685558319
UBFC_A1/Eval_On_COHFACE,COHFACE,old,COHFACE_s22_session1_lamp,35,60.0,42.0,large_error,60.0,1.0,61.0,0.9691445931714427,59.0,0.9236090235549044,42.0,0.9999999999999997,43.0,0.9979249734234154,41.0,0.8767754355310267,22_1,22,1,lamp,112.16015625,44.9338302612,1.26765789372,0,452.188485886,0.140685558319
UBFC_A1/Eval_On_COHFACE,COHFACE,old,COHFACE_s22_session1_lamp,36,61.0,80.0,super_harmonic_1p5x,61.0,1.0,60.0,0.953092061075451,61.99999999999999,0.9386285927399002,80.0,0.9999999999999996,81.0,0.9509787203925762,79.0,0.9464760354678348,22_1,22,1,lamp,112.16015625,44.9338302612,1.26765789372,0,452.188485886,0.140685558319
UBFC_A1/Eval_On_COHFACE,COHFACE,old,COHFACE_s22_session1_lamp,37,61.0,80.0,super_harmonic_1p5x,61.0,1.0,61.99999999999999,0.995738995103572,60.0,0.887034102648868,80.0,0.9999999999999996,79.0,0.9827294264442042,81.0,0.9520691242991826,22_1,22,1,lamp,112.16015625,44.9338302612,1.26765789372,0,452.188485886,0.140685558319
UBFC_A1/Eval_On_COHFACE,COHFACE,old,COHFACE_s22_session1_lamp,38,61.99999999999999,43.0,large_error,61.99999999999999,1.0,61.0,0.9387834135196282,63.0,0.937834927894596,43.0,0.9999999999999997,42.0,0.9955492585806365,44.0,0.8845771516360832,22_1,22,1,lamp,112.16015625,44.9338302612,1.26765789372,0,452.188485886,0.140685558319
UBFC_A1/Eval_On_COHFACE,COHFACE,old,COHFACE_s22_session1_lamp,39,61.99999999999999,81.0,super_harmonic_1p5x,61.99999999999999,1.0,63.0,0.9892243460498792,61.0,0.8896083136345889,81.0,0.9999999999999998,82.0,0.9547955822280341,80.0,0.9492382488693948,22_1,22,1,lamp,112.16015625,44.9338302612,1.26765789372,0,452.188485886,0.140685558319
UBFC_A1/Eval_On_COHFACE,COHFACE,old,COHFACE_s22_session1_lamp,40,63.0,81.0,super_harmonic_1p5x,63.0,1.0,61.99999999999999,0.9743182095487408,64.0,0.912094183542155,81.0,0.9999999999999997,80.0,0.984133132332793,82.0,0.9077715886146653,22_1,22,1,lamp,112.16015625,44.9338302612,1.26765789372,0,452.188485886,0.140685558319
UBFC_A1/Eval_On_COHFACE,COHFACE,old,COHFACE_s22_session1_lamp,41,63.0,59.0,large_error,63.0,1.0,64.0,0.9689386188912378,61.99999999999999,0.9260090992044373,59.0,0.9999999999999998,60.0,0.9897316104655445,58.0,0.8641355437042656,22_1,22,1,lamp,112.16015625,44.9338302612,1.26765789372,0,452.188485886,0.140685558319
UBFC_A1/Eval_On_COHFACE,COHFACE,old,COHFACE_s22_session1_lamp,42,63.0,81.0,super_harmonic_1p5x,63.0,1.0,64.0,0.9600060842363911,61.99999999999999,0.9330980849718875,81.0,0.9999999999999997,80.0,0.9657996405624402,82.0,0.9217508535777,22_1,22,1,lamp,112.16015625,44.9338302612,1.26765789372,0,452.188485886,0.140685558319
UBFC_A1/Eval_On_COHFACE,COHFACE,old,COHFACE_s22_session1_lamp,43,63.0,58.0,large_error,63.0,1.0,61.99999999999999,0.9817655260302555,64.0,0.9115249654419469,58.0,0.9999999999999996,59.0,0.9627845512768866,57.0,0.9592049327668234,22_1,22,1,lamp,112.16015625,44.9338302612,1.26765789372,0,452.188485886,0.140685558319
UBFC_A1/Eval_On_COHFACE,COHFACE,old,COHFACE_s22_session1_lamp,44,61.99999999999999,60.0,correct,61.99999999999999,1.0,63.0,0.987014987449234,61.0,0.895334555435195,60.0,0.9999999999999999,59.0,0.9794377824421934,61.0,0.8965381058301658,22_1,22,1,lamp,112.16015625,44.9338302612,1.26765789372,0,452.188485886,0.140685558319
UBFC_A1/Eval_On_COHFACE,COHFACE,old,COHFACE_s22_session1_lamp,45,61.99999999999999,79.0,super_harmonic_1p5x,61.99999999999999,0.9999999999999999,61.0,0.9718568575619406,63.0,0.9132164415761858,79.0,0.9999999999999996,80.0,0.9599232274438794,78.0,0.9370408618763764,22_1,22,1,lamp,112.16015625,44.9338302612,1.26765789372,0,452.188485886,0.140685558319
UBFC_A1/Eval_On_COHFACE,COHFACE,old,COHFACE_s22_session1_lamp,46,61.0,80.0,super_harmonic_1p5x,61.0,0.9999999999999999,61.99999999999999,0.9502090026277041,60.0,0.9334825842042038,80.0,0.9999999999999993,79.0,0.9961668261788956,81.0,0.9048157579204964,22_1,22,1,lamp,112.16015625,44.9338302612,1.26765789372,0,452.188485886,0.140685558319
UBFC_A1/Eval_On_COHFACE,COHFACE,old,COHFACE_s22_session1_lamp,47,60.0,60.0,correct,60.0,0.9999999999999999,61.0,0.9454013847177976,59.0,0.9416732823405367,60.0,0.9999999999999998,61.0,0.9445389959301846,59.0,0.8706540161327493,22_1,22,1,lamp,112.16015625,44.9338302612,1.26765789372,0,452.188485886,0.140685558319
UBFC_A1/Eval_On_COHFACE,COHFACE,old,COHFACE_s22_session1_lamp,48,59.0,80.0,super_harmonic_1p5x,59.0,0.9999999999999999,60.0,0.9672530201724446,58.0,0.9098181440617932,80.0,0.9999999999999997,81.0,0.9602359993157318,79.0,0.9294458361170947,22_1,22,1,lamp,112.16015625,44.9338302612,1.26765789372,0,452.188485886,0.140685558319
UBFC_A1/Eval_On_COHFACE,COHFACE,old,COHFACE_s22_session1_lamp,49,59.0,81.0,super_harmonic_1p5x,59.0,0.9999999999999999,60.0,0.9757749689890265,58.0,0.9006643983407158,81.0,0.9999999999999997,82.0,0.9642001631755882,80.0,0.9516672126381983,22_1,22,1,lamp,112.16015625,44.9338302612,1.26765789372,0,452.188485886,0.140685558319
UBFC_A1/Eval_On_COHFACE,COHFACE,old,COHFACE_s22_session1_lamp,50,60.0,43.0,large_error,60.0,0.9999999999999999,61.0,0.9602426517989019,59.0,0.9266474394495009,43.0,0.9999999999999998,42.0,0.9838178429028182,44.0,0.9402305522352048,22_1,22,1,lamp,112.16015625,44.9338302612,1.26765789372,0,452.188485886,0.140685558319
UBFC_A1/Eval_On_COHFACE,COHFACE,old,COHFACE_s22_session2_natural,0,59.0,40.0,large_error,59.0,0.9999999999999999,60.0,0.981695049540712,58.0,0.8923175719572763,40.0,0.9999999999999997,41.0,0.8448127049475038,78.0,0.737023203240173,22_2,22,2,natural,86.8007583618,44.2433776855,3.9212972811,0,381.48789175,0.161582663655
UBFC_A1/Eval_On_COHFACE,COHFACE,old,COHFACE_s22_session2_natural,1,64.0,40.0,large_error,64.0,0.9999999999999998,65.0,0.9873772599879094,63.0,0.9631480509747363,40.0,0.9999999999999994,41.0,0.9529511449154022,79.0,0.8294161572934308,22_2,22,2,natural,86.8007583618,44.2433776855,3.9212972811,0,381.48789175,0.161582663655
UBFC_A1/Eval_On_COHFACE,COHFACE,old,COHFACE_s22_session2_natural,2,64.0,68.0,large_error,64.0,0.9999999999999999,63.0,0.9516712629684915,65.0,0.942317984400529,68.0,0.9999999999999998,67.0,0.9946366395737392,69.0,0.8116042776809375,22_2,22,2,natural,86.8007583618,44.2433776855,3.9212972811,0,381.48789175,0.161582663655
UBFC_A1/Eval_On_COHFACE,COHFACE,old,COHFACE_s22_session2_natural,3,64.0,81.0,super_harmonic_1p5x,64.0,1.0,63.0,0.983880846247154,65.0,0.9050765299713274,81.0,0.9999999999999998,80.0,0.9798773453512519,82.0,0.9329588087736397,22_2,22,2,natural,86.8007583618,44.2433776855,3.9212972811,0,381.48789175,0.161582663655
UBFC_A1/Eval_On_COHFACE,COHFACE,old,COHFACE_s22_session2_natural,4,63.0,81.0,super_harmonic_1p5x,63.0,1.0,64.0,0.9960388561169085,61.99999999999999,0.8846931098441091,81.0,0.9999999999999997,82.0,0.9586809033241126,80.0,0.9374531534234329,22_2,22,2,natural,86.8007583618,44.2433776855,3.9212972811,0,381.48789175,0.161582663655
UBFC_A1/Eval_On_COHFACE,COHFACE,old,COHFACE_s22_session2_natural,5,63.0,121.0,super_harmonic_2x,63.0,1.0,64.0,0.950354913205939,61.99999999999999,0.9334700187732972,121.0,0.9999999999999994,120.0,0.999750511168115,83.0,0.9683092716265027,22_2,22,2,natural,86.8007583618,44.2433776855,3.9212972811,0,381.48789175,0.161582663655
UBFC_A1/Eval_On_COHFACE,COHFACE,old,COHFACE_s22_session2_natural,6,63.0,81.0,super_harmonic_1p5x,63.0,1.0,64.0,0.9462075601356078,61.99999999999999,0.9428006263191425,81.0,0.9999999999999997,80.0,0.9699317722950832,82.0,0.9200283870231996,22_2,22,2,natural,86.8007583618,44.2433776855,3.9212972811,0,381.48789175,0.161582663655
UBFC_A1/Eval_On_COHFACE,COHFACE,old,COHFACE_s22_session2_natural,7,63.0,81.0,super_harmonic_1p5x,63.0,1.0,64.0,0.9601779385424888,61.99999999999999,0.9262073167217543,81.0,0.9999999999999999,80.0,0.9635865896802035,82.0,0.9067892881566866,22_2,22,2,natural,86.8007583618,44.2433776855,3.9212972811,0,381.48789175,0.161582663655
UBFC_A1/Eval_On_COHFACE,COHFACE,old,COHFACE_s22_session2_natural,8,63.0,60.0,correct,63.0,1.0,61.99999999999999,0.9651659126297109,64.0,0.9155309605936139,60.0,0.9999999999999997,61.0,0.9996844940033058,59.0,0.8419335360243537,22_2,22,2,natural,86.8007583618,44.2433776855,3.9212972811,0,381.48789175,0.161582663655
UBFC_A1/Eval_On_COHFACE,COHFACE,old,COHFACE_s22_session2_natural,9,61.99999999999999,79.0,super_harmonic_1p5x,61.99999999999999,1.0,63.0,0.9744697407515519,61.0,0.906587302975505,79.0,0.9999999999999991,80.0,0.9549152015947657,78.0,0.8767104298604824,22_2,22,2,natural,86.8007583618,44.2433776855,3.9212972811,0,381.48789175,0.161582663655
UBFC_A1/Eval_On_COHFACE,COHFACE,old,COHFACE_s22_session2_natural,10,61.99999999999999,100.0,super_harmonic_1p5x,61.99999999999999,1.0,63.0,0.9434080263400041,61.0,0.9408280718122657,100.0,0.9999999999999992,99.0,0.9889251974803337,58.0,0.9534890647972595,22_2,22,2,natural,86.8007583618,44.2433776855,3.9212972811,0,381.48789175,0.161582663655
UBFC_A1/Eval_On_COHFACE,COHFACE,old,COHFACE_s22_session2_natural,11,61.99999999999999,60.0,correct,61.99999999999999,1.0,61.0,0.9573373316605764,63.0,0.9286647692445953,60.0,0.9999999999999998,59.0,0.9682085685965154,61.0,0.8910641499493027,22_2,22,2,natural,86.8007583618,44.2433776855,3.9212972811,0,381.48789175,0.161582663655
UBFC_A1/Eval_On_COHFACE,COHFACE,old,COHFACE_s22_session2_natural,12,61.0,59.0,correct,61.0,1.0,60.0,0.9769787318625488,61.99999999999999,0.9251209991015672,59.0,0.9999999999999997,58.0,0.9544749675992537,60.0,0.9459388969103134,22_2,22,2,natural,86.8007583618,44.2433776855,3.9212972811,0,381.48789175,0.161582663655
UBFC_A1/Eval_On_COHFACE,COHFACE,old,COHFACE_s22_session2_natural,13,59.0,59.0,correct,59.0,1.0,60.0,0.9782920306271208,58.0,0.9155178871641771,59.0,0.9999999999999998,58.0,0.9685132174395444,60.0,0.9500030772394495,22_2,22,2,natural,86.8007583618,44.2433776855,3.9212972811,0,381.48789175,0.161582663655
UBFC_A1/Eval_On_COHFACE,COHFACE,old,COHFACE_s22_session2_natural,14,59.0,59.0,correct,59.0,1.0,58.0,0.9957299410063266,60.0,0.8868195948019336,59.0,0.9999999999999998,60.0,0.9664997634618179,58.0,0.9167068799344791,22_2,22,2,natural,86.8007583618,44.2433776855,3.9212972811,0,381.48789175,0.161582663655
UBFC_A1/Eval_On_COHFACE,COHFACE,old,COHFACE_s22_session2_natural,15,58.0,59.0,correct,58.0,1.0,59.0,0.9915817284753757,57.0,0.8908542086908736,59.0,0.9999999999999998,58.0,0.9709996764122633,60.0,0.9417712416599863,22_2,22,2,natural,86.8007583618,44.2433776855,3.9212972811,0,381.48789175,0.161582663655
UBFC_A1/Eval_On_COHFACE,COHFACE,old,COHFACE_s22_session2_natural,16,59.0,59.0,correct,59.0,1.0,60.0,0.958091322428432,58.0,0.9372801711910369,59.0,0.9999999999999998,58.0,0.9616523253271484,60.0,0.9524932560355653,22_2,22,2,natural,86.8007583618,44.2433776855,3.9212972811,0,381.48789175,0.161582663655
UBFC_A1/Eval_On_COHFACE,COHFACE,old,COHFACE_s22_session2_natural,17,60.0,60.0,correct,60.0,1.0,61.0,0.9659590555891837,59.0,0.9319028924600644,60.0,0.9999999999999998,59.0,0.9539037569205616,61.0,0.9142885557831565,22_2,22,2,natural,86.8007583618,44.2433776855,3.9212972811,0,381.48789175,0.161582663655
UBFC_A1/Eval_On_COHFACE,COHFACE,old,COHFACE_s22_session2_natural,18,61.0,60.0,correct,61.0,0.9999999999999999,60.0,0.9440326515975294,61.99999999999999,0.9376386017043983,60.0,0.9999999999999998,59.0,0.9708864761402468,61.0,0.9286063597679699,22_2,22,2,natural,86.8007583618,44.2433776855,3.9212972811,0,381.48789175,0.161582663655
UBFC_A1/Eval_On_COHFACE,COHFACE,old,COHFACE_s22_session2_natural,19,61.99999999999999,60.0,correct,61.99999999999999,1.0,61.0,0.99761121019367,63.0,0.8896615221221484,60.0,0.9999999999999998,61.0,0.9671955034914156,59.0,0.9425514902222665,22_2,22,2,natural,86.8007583618,44.2433776855,3.9212972811,0,381.48789175,0.161582663655
UBFC_A1/Eval_On_COHFACE,COHFACE,old,COHFACE_s22_session2_natural,20,61.99999999999999,60.0,correct,61.99999999999999,1.0,61.0,0.9748181194992102,63.0,0.9073236693724281,60.0,0.9999999999999999,61.0,0.9981865109773707,59.0,0.8773891109739025,22_2,22,2,natural,86.8007583618,44.2433776855,3.9212972811,0,381.48789175,0.161582663655
UBFC_A1/Eval_On_COHFACE,COHFACE,old,COHFACE_s22_session2_natural,21,61.99999999999999,63.0,correct,61.99999999999999,1.0,61.0,0.9421484089145046,63.0,0.9388324211667394,63.0,0.9999999999999996,61.99999999999999,0.9805494528614854,64.0,0.9450349365889062,22_2,22,2,natural,86.8007583618,44.2433776855,3.9212972811,0,381.48789175,0.161582663655
UBFC_A1/Eval_On_COHFACE,COHFACE,old,COHFACE_s22_session2_natural,22,61.99999999999999,63.0,correct,61.99999999999999,1.0,61.0,0.9552458196457622,63.0,0.9293801468251566,63.0,0.9999999999999994,64.0,0.9986227257595498,61.99999999999999,0.9597770490188045,22_2,22,2,natural,86.8007583618,44.2433776855,3.9212972811,0,381.48789175,0.161582663655
UBFC_A1/Eval_On_COHFACE,COHFACE,old,COHFACE_s22_session2_natural,23,61.0,61.99999999999999,correct,61.0,1.0,61.99999999999999,0.9629842326977534,60.0,0.9177707043489098,61.99999999999999,0.9999999999999998,61.0,0.9745681451748324,63.0,0.9196170459700229,22_2,22,2,natural,86.8007583618,44.2433776855,3.9212972811,0,381.48789175,0.161582663655
UBFC_A1/Eval_On_COHFACE,COHFACE,old,COHFACE_s22_session2_natural,24,61.0,41.0,large_error,61.0,1.0,60.0,0.9427718758408827,61.99999999999999,0.9341813464006391,41.0,0.9999999999999994,40.0,0.9837773623045837,63.0,0.9633502595061828,22_2,22,2,natural,86.8007583618,44.2433776855,3.9212972811,0,381.48789175,0.161582663655
UBFC_A1/Eval_On_COHFACE,COHFACE,old,COHFACE_s22_session2_natural,25,61.0,63.0,correct,61.0,1.0,61.99999999999999,0.9460363340591276,60.0,0.9308926902732967,63.0,0.9999999999999994,42.0,0.9783252223021146,41.0,0.9733348287804962,22_2,22,2,natural,86.8007583618,44.2433776855,3.9212972811,0,381.48789175,0.161582663655
UBFC_A1/Eval_On_COHFACE,COHFACE,old,COHFACE_s22_session2_natural,26,61.0,43.0,large_error,61.0,1.0,61.99999999999999,0.966915128056325,60.0,0.9166774527421218,43.0,0.9999999999999997,42.0,0.9544809360609752,44.0,0.9105054855768258,22_2,22,2,natural,86.8007583618,44.2433776855,3.9212972811,0,381.48789175,0.161582663655
UBFC_A1/Eval_On_COHFACE,COHFACE,old,COHFACE_s22_session2_natural,27,61.99999999999999,40.0,large_error,61.99999999999999,1.0,61.0,0.9867659492188932,63.0,0.9020400694798756,40.0,0.9999999999999996,61.99999999999999,0.9124735556611073,63.0,0.8497241175140846,22_2,22,2,natural,86.8007583618,44.2433776855,3.9212972811,0,381.48789175,0.161582663655
UBFC_A1/Eval_On_COHFACE,COHFACE,old,COHFACE_s22_session2_natural,28,61.99999999999999,60.0,correct,61.99999999999999,1.0,63.0,0.9597191012705658,61.0,0.9290267022592545,60.0,0.9999999999999998,61.0,0.9520534051168996,59.0,0.9250181870915931,22_2,22,2,natural,86.8007583618,44.2433776855,3.9212972811,0,381.48789175,0.161582663655
UBFC_A1/Eval_On_COHFACE,COHFACE,old,COHFACE_s22_session2_natural,29,61.99999999999999,77.0,large_error,61.99999999999999,1.0,63.0,0.987989875359483,61.0,0.8942855427854912,77.0,0.9999999999999997,78.0,0.990595855531312,76.0,0.9474239461926944,22_2,22,2,natural,86.8007583618,44.2433776855,3.9212972811,0,381.48789175,0.161582663655
UBFC_A1/Eval_On_COHFACE,COHFACE,old,COHFACE_s22_session2_natural,30,61.99999999999999,80.0,super_harmonic_1p5x,61.99999999999999,1.0,63.0,0.9870368734635626,61.0,0.8924506719003463,80.0,0.9999999999999996,60.0,0.9995838821269508,79.0,0.9644777775771837,22_2,22,2,natural,86.8007583618,44.2433776855,3.9212972811,0,381.48789175,0.161582663655
UBFC_A1/Eval_On_COHFACE,COHFACE,old,COHFACE_s22_session2_natural,31,61.99999999999999,80.0,super_harmonic_1p5x,61.99999999999999,1.0,63.0,0.9497930923811428,61.0,0.9330528920006217,80.0,0.9999999999999998,79.0,0.9564699604183092,81.0,0.9318725221070578,22_2,22,2,natural,86.8007583618,44.2433776855,3.9212972811,0,381.48789175,0.161582663655
UBFC_A1/Eval_On_COHFACE,COHFACE,old,COHFACE_s22_session2_natural,32,61.99999999999999,43.0,large_error,61.99999999999999,1.0,61.0,0.9882169052413766,63.0,0.9015021366073633,43.0,0.9999999999999996,42.0,0.9837246191545956,44.0,0.9164747307842944,22_2,22,2,natural,86.8007583618,44.2433776855,3.9212972811,0,381.48789175,0.161582663655
UBFC_A1/Eval_On_COHFACE,COHFACE,old,COHFACE_s22_session2_natural,33,61.0,61.0,correct,61.0,1.0,61.99999999999999,0.9716617874291817,60.0,0.9279108837880417,61.0,0.9999999999999997,61.99999999999999,0.9671968372751591,81.0,0.934391055893954,22_2,22,2,natural,86.8007583618,44.2433776855,3.9212972811,0,381.48789175,0.161582663655
UBFC_A1/Eval_On_COHFACE,COHFACE,old,COHFACE_s22_session2_natural,34,61.0,61.0,correct,61.0,1.0,61.99999999999999,0.95881880230883,60.0,0.9313527414534908,61.0,0.9999999999999998,60.0,0.9560012554029207,81.0,0.9524915711998811,22_2,22,2,natural,86.8007583618,44.2433776855,3.9212972811,0,381.48789175,0.161582663655
UBFC_A1/Eval_On_COHFACE,COHFACE,old,COHFACE_s22_session2_natural,35,61.0,44.0,large_error,61.0,1.0,61.99999999999999,0.9754993035373567,60.0,0.9087125287581559,44.0,0.9999999999999996,43.0,0.9800448709348606,45.0,0.9321271447619571,22_2,22,2,natural,86.8007583618,44.2433776855,3.9212972811,0,381.48789175,0.161582663655
UBFC_A1/Eval_On_COHFACE,COHFACE,old,COHFACE_s22_session2_natural,36,61.99999999999999,61.99999999999999,correct,61.99999999999999,1.0,61.0,0.9803689173845935,63.0,0.9089081561146317,61.99999999999999,0.9999999999999997,61.0,0.9761082382647183,63.0,0.9307107139298009,22_2,22,2,natural,86.8007583618,44.2433776855,3.9212972811,0,381.48789175,0.161582663655
UBFC_A1/Eval_On_COHFACE,COHFACE,old,COHFACE_s22_session2_natural,37,61.99999999999999,61.0,correct,61.99999999999999,1.0,63.0,0.9599986768929051,61.0,0.9332054325596836,61.0,0.9999999999999997,61.99999999999999,0.9890346376917897,60.0,0.9228586535781863,22_2,22,2,natural,86.8007583618,44.2433776855,3.9212972811,0,381.48789175,0.161582663655
UBFC_A1/Eval_On_COHFACE,COHFACE,old,COHFACE_s22_session2_natural,38,63.0,67.0,large_error,63.0,1.0,61.99999999999999,0.9966425319877957,64.0,0.8968817382440543,67.0,0.9999999999999997,66.0,0.9441460735135309,68.0,0.9311494031621129,22_2,22,2,natural,86.8007583618,44.2433776855,3.9212972811,0,381.48789175,0.161582663655
UBFC_A1/Eval_On_COHFACE,COHFACE,old,COHFACE_s22_session2_natural,39,63.0,80.0,super_harmonic_1p5x,63.0,1.0,61.99999999999999,0.9807194098921066,64.0,0.906008402324973,80.0,0.9999999999999996,81.0,0.9373217092548616,79.0,0.9076056567249979,22_2,22,2,natural,86.8007583618,44.2433776855,3.9212972811,0,381.48789175,0.161582663655
UBFC_A1/Eval_On_COHFACE,COHFACE,old,COHFACE_s22_session2_natural,40,63.0,81.0,super_harmonic_1p5x,63.0,1.0,61.99999999999999,0.9901350511220098,64.0,0.8924573701864918,81.0,0.9999999999999994,80.0,0.9886971245777044,82.0,0.8666250728562246,22_2,22,2,natural,86.8007583618,44.2433776855,3.9212972811,0,381.48789175,0.161582663655
UBFC_A1/Eval_On_COHFACE,COHFACE,old,COHFACE_s22_session2_natural,41,63.0,76.0,large_error,63.0,1.0,61.99999999999999,0.984422743244126,64.0,0.8998009185439806,76.0,0.9999999999999997,75.0,0.9714720975181437,77.0,0.9183123933383393,22_2,22,2,natural,86.8007583618,44.2433776855,3.9212972811,0,381.48789175,0.161582663655
UBFC_A1/Eval_On_COHFACE,COHFACE,old,COHFACE_s22_session2_natural,42,63.0,80.0,super_harmonic_1p5x,63.0,1.0,61.99999999999999,0.975785175266911,64.0,0.9123149140628617,80.0,0.9999999999999996,81.0,0.9817250316188815,79.0,0.9385877572916238,22_2,22,2,natural,86.8007583618,44.2433776855,3.9212972811,0,381.48789175,0.161582663655
UBFC_A1/Eval_On_COHFACE,COHFACE,old,COHFACE_s22_session2_natural,43,63.0,82.0,super_harmonic_1p5x,63.0,1.0,61.99999999999999,0.9838111418699318,64.0,0.9111777327734971,82.0,0.9999999999999997,81.0,0.9963815315865292,83.0,0.9162841218550076,22_2,22,2,natural,86.8007583618,44.2433776855,3.9212972811,0,381.48789175,0.161582663655
UBFC_A1/Eval_On_COHFACE,COHFACE,old,COHFACE_s22_session2_natural,44,63.0,60.0,correct,63.0,1.0,64.0,0.9597573325958711,61.99999999999999,0.9434162279890692,60.0,0.9999999999999997,61.0,0.9351873535803988,59.0,0.8869012554278897,22_2,22,2,natural,86.8007583618,44.2433776855,3.9212972811,0,381.48789175,0.161582663655
UBFC_A1/Eval_On_COHFACE,COHFACE,old,COHFACE_s22_session2_natural,45,64.0,80.0,large_error,64.0,0.9999999999999999,63.0,0.9706168691835229,65.0,0.9166049783144847,80.0,0.9999999999999996,79.0,0.9199130127154018,81.0,0.9094299502158224,22_2,22,2,natural,86.8007583618,44.2433776855,3.9212972811,0,381.48789175,0.161582663655
UBFC_A1/Eval_On_COHFACE,COHFACE,old,COHFACE_s22_session2_natural,46,64.0,80.0,large_error,64.0,0.9999999999999999,65.0,0.9668669965629914,63.0,0.9069706422639362,80.0,0.9999999999999996,81.0,0.9617950634289033,79.0,0.90655360015924,22_2,22,2,natural,86.8007583618,44.2433776855,3.9212972811,0,381.48789175,0.161582663655
UBFC_A1/Eval_On_COHFACE,COHFACE,old,COHFACE_s22_session2_natural,47,64.0,43.0,large_error,64.0,0.9999999999999999,65.0,0.9805432824209477,63.0,0.8913621509824801,43.0,0.9999999999999997,42.0,0.9636526381497603,44.0,0.917274198476403,22_2,22,2,natural,86.8007583618,44.2433776855,3.9212972811,0,381.48789175,0.161582663655
UBFC_A1/Eval_On_COHFACE,COHFACE,old,COHFACE_s22_session2_natural,48,64.0,76.0,large_error,64.0,0.9999999999999998,63.0,0.9459136880754059,65.0,0.9354328457350601,76.0,0.9999999999999997,77.0,0.9865298130225141,75.0,0.9393344133488158,22_2,22,2,natural,86.8007583618,44.2433776855,3.9212972811,0,381.48789175,0.161582663655
UBFC_A1/Eval_On_COHFACE,COHFACE,old,COHFACE_s22_session2_natural,49,63.0,76.0,large_error,63.0,0.9999999999999999,61.99999999999999,0.9428854240345828,64.0,0.9401857968263689,76.0,0.9999999999999997,77.0,0.9976225816454269,75.0,0.9484720594069139,22_2,22,2,natural,86.8007583618,44.2433776855,3.9212972811,0,381.48789175,0.161582663655
UBFC_A1/Eval_On_COHFACE,COHFACE,old,COHFACE_s22_session2_natural,50,61.99999999999999,60.0,correct,61.99999999999999,0.9999999999999998,61.0,0.9700810388298328,63.0,0.9236848633758854,60.0,0.9999999999999998,59.0,0.9648957947832248,61.0,0.9216399895626963,22_2,22,2,natural,86.8007583618,44.2433776855,3.9212972811,0,381.48789175,0.161582663655
UBFC_A1/Eval_On_COHFACE,COHFACE,old,COHFACE_s22_session3_natural,0,59.0,60.0,correct,59.0,0.9999999999999998,60.0,0.9730828114666223,58.0,0.9064166234716606,60.0,0.9999999999999998,59.0,0.9728013290933359,61.0,0.8911630032479213,22_3,22,3,natural,99.2555084229,47.8403244019,2.4667066316,0,449.02106529,0.181489810348
UBFC_A1/Eval_On_COHFACE,COHFACE,old,COHFACE_s22_session3_natural,1,59.0,60.0,correct,59.0,0.9999999999999999,60.0,0.9855411781072232,58.0,0.9184894951764331,60.0,0.9999999999999998,61.0,0.9588743550325164,59.0,0.9209747630275155,22_3,22,3,natural,99.2555084229,47.8403244019,2.4667066316,0,449.02106529,0.181489810348
UBFC_A1/Eval_On_COHFACE,COHFACE,old,COHFACE_s22_session3_natural,2,60.0,79.0,super_harmonic_1p5x,60.0,0.9999999999999999,61.0,0.9542069703844694,59.0,0.9541051131011107,79.0,0.9999999999999996,52.0,0.9967487494555577,80.0,0.9694810017534342,22_3,22,3,natural,99.2555084229,47.8403244019,2.4667066316,0,449.02106529,0.181489810348
UBFC_A1/Eval_On_COHFACE,COHFACE,old,COHFACE_s22_session3_natural,3,52.0,81.0,super_harmonic_1p5x,52.0,0.9999999999999998,53.0,0.9937162573938049,51.0,0.8913744662161722,81.0,0.9999999999999998,82.0,0.9562865544667292,80.0,0.9342786264590658,22_3,22,3,natural,99.2555084229,47.8403244019,2.4667066316,0,449.02106529,0.181489810348
UBFC_A1/Eval_On_COHFACE,COHFACE,old,COHFACE_s22_session3_natural,4,53.0,81.0,super_harmonic_1p5x,53.0,0.9999999999999999,52.0,0.9824391085909995,63.0,0.923577503412237,81.0,0.9999999999999998,80.0,0.9610546020539814,82.0,0.9190642097072073,22_3,22,3,natural,99.2555084229,47.8403244019,2.4667066316,0,449.02106529,0.181489810348
UBFC_A1/Eval_On_COHFACE,COHFACE,old,COHFACE_s22_session3_natural,5,63.0,76.0,large_error,63.0,0.9999999999999999,64.0,0.98168401571849,53.0,0.9330797576393415,76.0,0.9999999999999998,77.0,0.9969497936745172,78.0,0.9162600012039138,22_3,22,3,natural,99.2555084229,47.8403244019,2.4667066316,0,449.02106529,0.181489810348
UBFC_A1/Eval_On_COHFACE,COHFACE,old,COHFACE_s22_session3_natural,6,53.0,80.0,super_harmonic_1p5x,53.0,0.9999999999999999,63.0,0.9879349799718884,64.0,0.9317916063356834,80.0,0.9999999999999998,79.0,0.9637447683487642,81.0,0.9428859305727709,22_3,22,3,natural,99.2555084229,47.8403244019,2.4667066316,0,449.02106529,0.181489810348
UBFC_A1/Eval_On_COHFACE,COHFACE,old,COHFACE_s22_session3_natural,7,61.99999999999999,80.0,super_harmonic_1p5x,61.99999999999999,0.9999999999999999,61.0,0.9879788121999324,63.0,0.9077309157428767,80.0,0.9999999999999997,79.0,0.9783057908691491,41.0,0.9652018000918986,22_3,22,3,natural,99.2555084229,47.8403244019,2.4667066316,0,449.02106529,0.181489810348
UBFC_A1/Eval_On_COHFACE,COHFACE,old,COHFACE_s22_session3_natural,8,61.0,42.0,large_error,61.0,0.9999999999999998,61.99999999999999,0.9497596874883846,60.0,0.9433178655401196,42.0,0.9999999999999998,41.0,0.9974339713969174,43.0,0.8752317785870711,22_3,22,3,natural,99.2555084229,47.8403244019,2.4667066316,0,449.02106529,0.181489810348
UBFC_A1/Eval_On_COHFACE,COHFACE,old,COHFACE_s22_session3_natural,9,61.0,40.0,large_error,61.0,0.9999999999999999,60.0,0.963460361381973,61.99999999999999,0.9120380337761207,40.0,0.9999999999999997,41.0,0.9043171441415412,80.0,0.7558995992884174,22_3,22,3,natural,99.2555084229,47.8403244019,2.4667066316,0,449.02106529,0.181489810348
UBFC_A1/Eval_On_COHFACE,COHFACE,old,COHFACE_s22_session3_natural,10,61.0,81.0,super_harmonic_1p5x,61.0,0.9999999999999999,60.0,0.9818133942646005,61.99999999999999,0.9016179573181806,81.0,0.9999999999999997,82.0,0.9621848399639468,80.0,0.9228532139818182,22_3,22,3,natural,99.2555084229,47.8403244019,2.4667066316,0,449.02106529,0.181489810348
UBFC_A1/Eval_On_COHFACE,COHFACE,old,COHFACE_s22_session3_natural,11,61.0,60.0,correct,61.0,0.9999999999999999,60.0,0.955426125597538,61.99999999999999,0.9261022469250841,60.0,0.9999999999999998,51.0,0.9862601681913903,61.0,0.9574405851763296,22_3,22,3,natural,99.2555084229,47.8403244019,2.4667066316,0,449.02106529,0.181489810348
UBFC_A1/Eval_On_COHFACE,COHFACE,old,COHFACE_s22_session3_natural,12,61.0,81.0,super_harmonic_1p5x,61.0,0.9999999999999999,61.99999999999999,0.9661313022880318,60.0,0.9177645410437231,81.0,0.9999999999999996,80.0,0.9847466312062086,40.0,0.9328414229100015,22_3,22,3,natural,99.2555084229,47.8403244019,2.4667066316,0,449.02106529,0.181489810348
UBFC_A1/Eval_On_COHFACE,COHFACE,old,COHFACE_s22_session3_natural,13,61.99999999999999,81.0,super_harmonic_1p5x,61.99999999999999,0.9999999999999999,61.0,0.9628473890485728,63.0,0.93172878772342,81.0,0.9999999999999994,82.0,0.9741565805737994,80.0,0.9534206238052444,22_3,22,3,natural,99.2555084229,47.8403244019,2.4667066316,0,449.02106529,0.181489810348
UBFC_A1/Eval_On_COHFACE,COHFACE,old,COHFACE_s22_session3_natural,14,61.99999999999999,43.0,large_error,61.99999999999999,0.9999999999999999,61.0,0.9487868927643441,63.0,0.9365618596011351,43.0,0.9999999999999998,42.0,0.9933643446222958,44.0,0.9014834803558985,22_3,22,3,natural,99.2555084229,47.8403244019,2.4667066316,0,449.02106529,0.181489810348
UBFC_A1/Eval_On_COHFACE,COHFACE,old,COHFACE_s22_session3_natural,15,61.99999999999999,81.0,super_harmonic_1p5x,61.99999999999999,1.0,61.0,0.959709102756856,63.0,0.9211934057695719,81.0,0.9999999999999998,80.0,0.9392261366020109,82.0,0.9389001320868595,22_3,22,3,natural,99.2555084229,47.8403244019,2.4667066316,0,449.02106529,0.181489810348
UBFC_A1/Eval_On_COHFACE,COHFACE,old,COHFACE_s22_session3_natural,16,61.99999999999999,42.0,large_error,61.99999999999999,1.0,63.0,0.9611627544632189,61.0,0.9200443908571403,42.0,0.9999999999999997,41.0,0.9979579337132978,80.0,0.9785097480777859,22_3,22,3,natural,99.2555084229,47.8403244019,2.4667066316,0,449.02106529,0.181489810348
UBFC_A1/Eval_On_COHFACE,COHFACE,old,COHFACE_s22_session3_natural,17,63.0,43.0,large_error,63.0,1.0,61.99999999999999,0.952859384351914,64.0,0.931338813987729,43.0,0.9999999999999999,44.0,0.9956898366245175,42.0,0.8945839857819265,22_3,22,3,natural,99.2555084229,47.8403244019,2.4667066316,0,449.02106529,0.181489810348
UBFC_A1/Eval_On_COHFACE,COHFACE,old,COHFACE_s22_session3_natural,18,64.0,40.0,large_error,64.0,1.0,63.0,0.9790057817810971,65.0,0.9099641386221412,40.0,0.9999999999999996,41.0,0.8012208516331059,80.0,0.5746710007812664,22_3,22,3,natural,99.2555084229,47.8403244019,2.4667066316,0,449.02106529,0.181489810348
UBFC_A1/Eval_On_COHFACE,COHFACE,old,COHFACE_s22_session3_natural,19,64.0,120.0,super_harmonic_2x,64.0,0.9999999999999999,65.0,0.9588185502192,63.0,0.933716931900327,120.0,0.9999999999999991,121.0,0.9882788716386444,119.0,0.9154738948782583,22_3,22,3,natural,99.2555084229,47.8403244019,2.4667066316,0,449.02106529,0.181489810348
UBFC_A1/Eval_On_COHFACE,COHFACE,old,COHFACE_s22_session3_natural,20,64.0,77.0,large_error,64.0,1.0,63.0,0.9648633426464567,65.0,0.9104103477240795,77.0,0.9999999999999997,76.0,0.9865316072226729,78.0,0.9219952954853005,22_3,22,3,natural,99.2555084229,47.8403244019,2.4667066316,0,449.02106529,0.181489810348
UBFC_A1/Eval_On_COHFACE,COHFACE,old,COHFACE_s22_session3_natural,21,64.0,40.0,large_error,64.0,1.0,63.0,0.9877479246222319,65.0,0.8922151466803484,40.0,0.9999999999999994,80.0,0.9435163440778942,79.0,0.892236753916205,22_3,22,3,natural,99.2555084229,47.8403244019,2.4667066316,0,449.02106529,0.181489810348
UBFC_A1/Eval_On_COHFACE,COHFACE,old,COHFACE_s22_session3_natural,22,63.0,60.0,correct,63.0,0.9999999999999999,64.0,0.9686258969787289,61.99999999999999,0.9057374003225159,60.0,0.9999999999999994,61.0,0.9861789574893834,59.0,0.8897748661593959,22_3,22,3,natural,99.2555084229,47.8403244019,2.4667066316,0,449.02106529,0.181489810348
UBFC_A1/Eval_On_COHFACE,COHFACE,old,COHFACE_s22_session3_natural,23,63.0,43.0,large_error,63.0,0.9999999999999999,61.99999999999999,0.9904715933909263,64.0,0.8918969562775984,43.0,0.9999999999999996,42.0,0.9636185867534484,44.0,0.914315513174595,22_3,22,3,natural,99.2555084229,47.8403244019,2.4667066316,0,449.02106529,0.181489810348
UBFC_A1/Eval_On_COHFACE,COHFACE,old,COHFACE_s22_session3_natural,24,61.99999999999999,41.0,large_error,61.99999999999999,0.9999999999999999,61.0,0.9688483913499841,63.0,0.9286104663259812,41.0,0.9999999999999996,42.0,0.9844076604254623,40.0,0.957367961842192,22_3,22,3,natural,99.2555084229,47.8403244019,2.4667066316,0,449.02106529,0.181489810348
UBFC_A1/Eval_On_COHFACE,COHFACE,old,COHFACE_s22_session3_natural,25,61.0,44.0,large_error,61.0,1.0,61.99999999999999,0.996911532259035,60.0,0.9013302450731113,44.0,0.9999999999999994,43.0,0.982825694611364,45.0,0.9580298128394998,22_3,22,3,natural,99.2555084229,47.8403244019,2.4667066316,0,449.02106529,0.181489810348
UBFC_A1/Eval_On_COHFACE,COHFACE,old,COHFACE_s22_session3_natural,26,61.99999999999999,44.0,large_error,61.99999999999999,1.0,61.0,0.9692173883328317,63.0,0.9184623378975322,44.0,0.9999999999999996,45.0,0.9786494041364392,43.0,0.9591556790112321,22_3,22,3,natural,99.2555084229,47.8403244019,2.4667066316,0,449.02106529,0.181489810348
UBFC_A1/Eval_On_COHFACE,COHFACE,old,COHFACE_s22_session3_natural,27,63.0,50.0,large_error,63.0,1.0,61.99999999999999,0.9753561795380005,64.0,0.9157012404862384,50.0,0.9999999999999996,51.0,0.9680992747749108,40.0,0.8797914494951642,22_3,22,3,natural,99.2555084229,47.8403244019,2.4667066316,0,449.02106529,0.181489810348
UBFC_A1/Eval_On_COHFACE,COHFACE,old,COHFACE_s22_session3_natural,28,64.0,61.99999999999999,correct,64.0,1.0,65.0,0.9525569104865206,63.0,0.9431234403474924,61.99999999999999,0.9999999999999997,61.0,0.9342149681046525,63.0,0.9006718346287335,22_3,22,3,natural,99.2555084229,47.8403244019,2.4667066316,0,449.02106529,0.181489810348
UBFC_A1/Eval_On_COHFACE,COHFACE,old,COHFACE_s22_session3_natural,29,66.0,67.0,correct,66.0,1.0,65.0,0.9907559163377286,67.0,0.9013458447429019,67.0,0.9999999999999997,68.0,0.9404394777706475,66.0,0.9276259385178305,22_3,22,3,natural,99.2555084229,47.8403244019,2.4667066316,0,449.02106529,0.181489810348
UBFC_A1/Eval_On_COHFACE,COHFACE,old,COHFACE_s22_session3_natural,30,65.0,80.0,large_error,65.0,1.0,66.0,0.997483377963227,64.0,0.8923895022832528,80.0,0.9999999999999996,79.0,0.9472068125314087,119.0,0.946103941331933,22_3,22,3,natural,99.2555084229,47.8403244019,2.4667066316,0,449.02106529,0.181489810348
UBFC_A1/Eval_On_COHFACE,COHFACE,old,COHFACE_s22_session3_natural,31,65.0,119.0,super_harmonic_2x,65.0,0.9999999999999999,64.0,0.9796276292106004,66.0,0.9176737514167379,119.0,0.9999999999999994,120.0,0.9785680785585257,118.0,0.9195643852922146,22_3,22,3,natural,99.2555084229,47.8403244019,2.4667066316,0,449.02106529,0.181489810348
UBFC_A1/Eval_On_COHFACE,COHFACE,old,COHFACE_s22_session3_natural,32,64.0,77.0,large_error,64.0,0.9999999999999999,63.0,0.9753841921680748,65.0,0.9166030275232246,77.0,0.9999999999999997,40.0,0.9593615891297257,76.0,0.9579518614759099,22_3,22,3,natural,99.2555084229,47.8403244019,2.4667066316,0,449.02106529,0.181489810348
UBFC_A1/Eval_On_COHFACE,COHFACE,old,COHFACE_s22_session3_natural,33,63.0,40.0,large_error,63.0,0.9999999999999999,61.99999999999999,0.9745663379479301,64.0,0.9067300011955427,40.0,0.9999999999999998,78.0,0.8559154720557699,41.0,0.8118962107458635,22_3,22,3,natural,99.2555084229,47.8403244019,2.4667066316,0,449.02106529,0.181489810348
UBFC_A1/Eval_On_COHFACE,COHFACE,old,COHFACE_s22_session3_natural,34,61.99999999999999,78.0,super_harmonic_1p5x,61.99999999999999,0.9999999999999999,63.0,0.9570518079260905,61.0,0.937529444239704,78.0,0.9999999999999996,79.0,0.995745221748889,40.0,0.9635555531586845,22_3,22,3,natural,99.2555084229,47.8403244019,2.4667066316,0,449.02106529,0.181489810348
UBFC_A1/Eval_On_COHFACE,COHFACE,old,COHFACE_s22_session3_natural,35,61.99999999999999,43.0,large_error,61.99999999999999,0.9999999999999999,61.0,0.9718887602756473,63.0,0.9117167670053373,43.0,0.9999999999999998,42.0,0.9650990175619493,44.0,0.9380812178173914,22_3,22,3,natural,99.2555084229,47.8403244019,2.4667066316,0,449.02106529,0.181489810348
UBFC_A1/Eval_On_COHFACE,COHFACE,old,COHFACE_s22_session3_natural,36,61.0,40.0,large_error,61.0,0.9999999999999999,61.99999999999999,0.995972886599473,60.0,0.8725320167103946,40.0,0.9999999999999998,41.0,0.8688866606122684,81.0,0.8254835381457578,22_3,22,3,natural,99.2555084229,47.8403244019,2.4667066316,0,449.02106529,0.181489810348
UBFC_A1/Eval_On_COHFACE,COHFACE,old,COHFACE_s22_session3_natural,37,61.99999999999999,81.0,super_harmonic_1p5x,61.99999999999999,0.9999999999999999,61.0,0.9758127635376285,63.0,0.9024259617670197,81.0,0.9999999999999997,82.0,0.9780460508912792,41.0,0.9529949595080931,22_3,22,3,natural,99.2555084229,47.8403244019,2.4667066316,0,449.02106529,0.181489810348
UBFC_A1/Eval_On_COHFACE,COHFACE,old,COHFACE_s22_session3_natural,38,61.99999999999999,43.0,large_error,61.99999999999999,0.9999999999999999,61.0,0.9878966185398556,63.0,0.8932759529948326,43.0,0.9999999999999999,42.0,0.9570062185947277,44.0,0.9049662023136874,22_3,22,3,natural,99.2555084229,47.8403244019,2.4667066316,0,449.02106529,0.181489810348
UBFC_A1/Eval_On_COHFACE,COHFACE,old,COHFACE_s22_session3_natural,39,61.0,40.0,large_error,61.0,0.9999999999999999,61.99999999999999,0.978819666521288,60.0,0.9022724645400708,40.0,0.9999999999999998,41.0,0.9823372391666323,42.0,0.8678293903887517,22_3,22,3,natural,99.2555084229,47.8403244019,2.4667066316,0,449.02106529,0.181489810348
UBFC_A1/Eval_On_COHFACE,COHFACE,old,COHFACE_s22_session3_natural,40,61.0,43.0,large_error,61.0,0.9999999999999999,60.0,0.9740593468959736,61.99999999999999,0.9126532161166184,43.0,0.9999999999999997,42.0,0.9830967630529489,44.0,0.9665991391414946,22_3,22,3,natural,99.2555084229,47.8403244019,2.4667066316,0,449.02106529,0.181489810348
UBFC_A1/Eval_On_COHFACE,COHFACE,old,COHFACE_s22_session3_natural,41,60.0,45.0,large_error,60.0,1.0,61.0,0.9869835885150203,59.0,0.9010716634963832,45.0,0.9999999999999998,44.0,0.9674158911454973,46.0,0.957309034247681,22_3,22,3,natural,99.2555084229,47.8403244019,2.4667066316,0,449.02106529,0.181489810348
UBFC_A1/Eval_On_COHFACE,COHFACE,old,COHFACE_s22_session3_natural,42,61.0,47.0,large_error,61.0,1.0,60.0,0.9722665502775224,61.99999999999999,0.9141955714747525,47.0,0.9999999999999998,46.0,0.9902902711068059,48.0,0.947635393152585,22_3,22,3,natural,99.2555084229,47.8403244019,2.4667066316,0,449.02106529,0.181489810348
UBFC_A1/Eval_On_COHFACE,COHFACE,old,COHFACE_s22_session3_natural,43,61.99999999999999,59.0,correct,61.99999999999999,1.0,61.0,0.9940357991760752,63.0,0.8993997127492582,59.0,0.9999999999999997,60.0,0.9845725668843185,58.0,0.9043065671536328,22_3,22,3,natural,99.2555084229,47.8403244019,2.4667066316,0,449.02106529,0.181489810348
UBFC_A1/Eval_On_COHFACE,COHFACE,old,COHFACE_s22_session3_natural,44,63.0,75.0,large_error,63.0,1.0,61.99999999999999,0.9769478134060595,64.0,0.9169990513268288,75.0,0.9999999999999998,74.0,0.9587846100426429,76.0,0.9406065283882299,22_3,22,3,natural,99.2555084229,47.8403244019,2.4667066316,0,449.02106529,0.181489810348
UBFC_A1/Eval_On_COHFACE,COHFACE,old,COHFACE_s22_session3_natural,45,63.0,63.0,correct,63.0,1.0,64.0,0.962191367488108,61.99999999999999,0.9249898727502991,63.0,0.9999999999999996,64.0,0.9580903968022894,61.99999999999999,0.8806938636878308,22_3,22,3,natural,99.2555084229,47.8403244019,2.4667066316,0,449.02106529,0.181489810348
UBFC_A1/Eval_On_COHFACE,COHFACE,old,COHFACE_s22_session3_natural,46,61.99999999999999,90.0,super_harmonic_1p5x,61.99999999999999,1.0,63.0,0.9597780251943185,61.0,0.9223894070983555,90.0,0.9999999999999997,89.0,0.964035305455817,91.0,0.9165118584689401,22_3,22,3,natural,99.2555084229,47.8403244019,2.4667066316,0,449.02106529,0.181489810348
UBFC_A1/Eval_On_COHFACE,COHFACE,old,COHFACE_s22_session3_natural,47,61.0,61.99999999999999,correct,61.0,0.9999999999999999,60.0,0.9716633961402759,61.99999999999999,0.9134103029091662,61.99999999999999,0.9999999999999993,61.0,0.9987679913093886,63.0,0.9347347107102136,22_3,22,3,natural,99.2555084229,47.8403244019,2.4667066316,0,449.02106529,0.181489810348
UBFC_A1/Eval_On_COHFACE,COHFACE,old,COHFACE_s22_session3_natural,48,59.0,60.0,correct,59.0,0.9999999999999999,60.0,0.9480900792746113,58.0,0.934135344887646,60.0,0.9999999999999997,61.0,0.9724735889179374,59.0,0.8988637995508989,22_3,22,3,natural,99.2555084229,47.8403244019,2.4667066316,0,449.02106529,0.181489810348
UBFC_A1/Eval_On_COHFACE,COHFACE,old,COHFACE_s22_session3_natural,49,58.0,59.0,correct,58.0,0.9999999999999999,57.0,0.9752191193812572,59.0,0.9169356815436714,59.0,0.9999999999999996,60.0,0.9663085174862542,58.0,0.9040773807032138,22_3,22,3,natural,99.2555084229,47.8403244019,2.4667066316,0,449.02106529,0.181489810348
UBFC_A1/Eval_On_COHFACE,COHFACE,old,COHFACE_s22_session3_natural,50,57.0,59.0,correct,57.0,0.9999999999999999,58.0,0.9744656758724971,56.0,0.9338594755604485,59.0,0.9999999999999996,60.0,0.9494778453121745,58.0,0.9205386018890259,22_3,22,3,natural,99.2555084229,47.8403244019,2.4667066316,0,449.02106529,0.181489810348
UBFC_A1/Eval_On_COHFACE,COHFACE,old,COHFACE_s23_session0_lamp,0,86.0,82.0,large_error,86.0,0.9999999999999999,87.0,0.999325837397394,88.0,0.9037220636157033,82.0,0.9999999999999999,83.0,0.9555686612678292,81.0,0.9431542821989719,23_0,23,0,lamp,95.909286499,51.3772239685,8.52976413752,0,440.155867381,0.224120661616
UBFC_A1/Eval_On_COHFACE,COHFACE,old,COHFACE_s23_session0_lamp,1,86.0,82.0,large_error,86.0,1.0,85.0,0.980652032049329,87.0,0.9026158471344267,82.0,0.9999999999999998,83.0,0.9899250148844675,81.0,0.9194722623676753,23_0,23,0,lamp,95.909286499,51.3772239685,8.52976413752,0,440.155867381,0.224120661616
UBFC_A1/Eval_On_COHFACE,COHFACE,old,COHFACE_s23_session0_lamp,2,85.0,82.0,correct,85.0,1.0,84.0,0.9837166209589497,86.0,0.8985561935410336,82.0,0.9999999999999998,81.0,0.9809055967261128,83.0,0.9398849293281346,23_0,23,0,lamp,95.909286499,51.3772239685,8.52976413752,0,440.155867381,0.224120661616
UBFC_A1/Eval_On_COHFACE,COHFACE,old,COHFACE_s23_session0_lamp,3,84.0,82.0,correct,84.0,1.0,83.0,0.9441891892037455,85.0,0.934036000361457,82.0,0.9999999999999999,81.0,0.9969675917731257,83.0,0.9074305189841545,23_0,23,0,lamp,95.909286499,51.3772239685,8.52976413752,0,440.155867381,0.224120661616
UBFC_A1/Eval_On_COHFACE,COHFACE,old,COHFACE_s23_session0_lamp,4,83.0,120.0,super_harmonic_1p5x,83.0,1.0,84.0,0.9962071797939978,82.0,0.8912422993888182,120.0,0.9999999999999997,121.0,0.9775457799139671,119.0,0.9235328530855957,23_0,23,0,lamp,95.909286499,51.3772239685,8.52976413752,0,440.155867381,0.224120661616
UBFC_A1/Eval_On_COHFACE,COHFACE,old,COHFACE_s23_session0_lamp,5,83.0,42.0,sub_harmonic_half,83.0,1.0,84.0,0.9729869557821667,82.0,0.9159404796791109,42.0,0.9999999999999997,43.0,0.9723236660546009,41.0,0.9445680625055075,23_0,23,0,lamp,95.909286499,51.3772239685,8.52976413752,0,440.155867381,0.224120661616
UBFC_A1/Eval_On_COHFACE,COHFACE,old,COHFACE_s23_session0_lamp,6,83.0,40.0,sub_harmonic_half,83.0,1.0,82.0,0.9905395028693054,84.0,0.9051550624288484,40.0,0.9999999999999996,41.0,0.9511900861714933,42.0,0.8348771845722314,23_0,23,0,lamp,95.909286499,51.3772239685,8.52976413752,0,440.155867381,0.224120661616
UBFC_A1/Eval_On_COHFACE,COHFACE,old,COHFACE_s23_session0_lamp,7,83.0,42.0,sub_harmonic_half,83.0,1.0,82.0,0.9748160915690052,84.0,0.9097850710707245,42.0,0.9999999999999992,43.0,0.9476462006257027,41.0,0.945287303465805,23_0,23,0,lamp,95.909286499,51.3772239685,8.52976413752,0,440.155867381,0.224120661616
UBFC_A1/Eval_On_COHFACE,COHFACE,old,COHFACE_s23_session0_lamp,8,82.0,60.0,large_error,82.0,1.0,83.0,0.9617228724849406,81.0,0.9270400105732942,60.0,0.9999999999999997,61.0,0.9433111813493332,59.0,0.930351487146819,23_0,23,0,lamp,95.909286499,51.3772239685,8.52976413752,0,440.155867381,0.224120661616
UBFC_A1/Eval_On_COHFACE,COHFACE,old,COHFACE_s23_session0_lamp,9,82.0,67.0,large_error,82.0,1.0,81.0,0.9941353549096731,83.0,0.8969140933682916,67.0,0.9999999999999997,66.0,0.970811329624422,68.0,0.9203887231020976,23_0,23,0,lamp,95.909286499,51.3772239685,8.52976413752,0,440.155867381,0.224120661616
UBFC_A1/Eval_On_COHFACE,COHFACE,old,COHFACE_s23_session0_lamp,10,81.0,68.0,large_error,81.0,1.0,80.0,0.9487577014337018,82.0,0.9354243755604659,68.0,0.9999999999999994,67.0,0.9910958615251452,69.0,0.9642365256540872,23_0,23,0,lamp,95.909286499,51.3772239685,8.52976413752,0,440.155867381,0.224120661616
UBFC_A1/Eval_On_COHFACE,COHFACE,old,COHFACE_s23_session0_lamp,11,80.0,67.0,large_error,80.0,1.0,81.0,0.9943811972445139,79.0,0.8918170096571891,67.0,0.9999999999999996,68.0,0.9865982560995387,66.0,0.946564662473273,23_0,23,0,lamp,95.909286499,51.3772239685,8.52976413752,0,440.155867381,0.224120661616
UBFC_A1/Eval_On_COHFACE,COHFACE,old,COHFACE_s23_session0_lamp,12,80.0,70.0,large_error,80.0,1.0,81.0,0.9868667510020014,79.0,0.9002402268766077,70.0,0.9999999999999996,71.0,0.9810255081152751,60.0,0.8970202923943866,23_0,23,0,lamp,95.909286499,51.3772239685,8.52976413752,0,440.155867381,0.224120661616
UBFC_A1/Eval_On_COHFACE,COHFACE,old,COHFACE_s23_session0_lamp,13,80.0,89.0,large_error,80.0,1.0,81.0,0.9967169887061765,79.0,0.8915924700340748,89.0,0.9999999999999996,88.0,0.9739771521485633,90.0,0.9014851823327014,23_0,23,0,lamp,95.909286499,51.3772239685,8.52976413752,0,440.155867381,0.224120661616
UBFC_A1/Eval_On_COHFACE,COHFACE,old,COHFACE_s23_session0_lamp,14,81.0,75.0,large_error,81.0,1.0,80.0,0.9853001776798389,82.0,0.9007688971025238,75.0,0.9999999999999998,74.0,0.9915850701795841,76.0,0.9407369560347019,23_0,23,0,lamp,95.909286499,51.3772239685,8.52976413752,0,440.155867381,0.224120661616
UBFC_A1/Eval_On_COHFACE,COHFACE,old,COHFACE_s23_session0_lamp,15,81.0,90.0,large_error,81.0,1.0,80.0,0.9528518744686248,82.0,0.9319366701056367,90.0,0.9999999999999997,91.0,0.9773232623828091,89.0,0.9282659125848536,23_0,23,0,lamp,95.909286499,51.3772239685,8.52976413752,0,440.155867381,0.224120661616
UBFC_A1/Eval_On_COHFACE,COHFACE,old,COHFACE_s23_session0_lamp,16,81.0,97.0,large_error,81.0,1.0,82.0,0.953384222793252,80.0,0.9350156694608949,97.0,0.9999999999999992,96.0,0.9944609464472385,89.0,0.9310417799749184,23_0,23,0,lamp,95.909286499,51.3772239685,8.52976413752,0,440.155867381,0.224120661616
UBFC_A1/Eval_On_COHFACE,COHFACE,old,COHFACE_s23_session0_lamp,17,81.0,58.0,large_error,81.0,1.0,80.0,0.9568590853865105,82.0,0.9278536651712568,58.0,0.9999999999999998,57.0,0.9567322682311761,46.0,0.9386949370904613,23_0,23,0,lamp,95.909286499,51.3772239685,8.52976413752,0,440.155867381,0.224120661616
UBFC_A1/Eval_On_COHFACE,COHFACE,old,COHFACE_s23_session0_lamp,18,81.0,57.0,large_error,81.0,1.0,80.0,0.9949371916145983,82.0,0.8939168503071868,57.0,0.9999999999999996,58.0,0.988566618257762,56.0,0.8929556387473822,23_0,23,0,lamp,95.909286499,51.3772239685,8.52976413752,0,440.155867381,0.224120661616
UBFC_A1/Eval_On_COHFACE,COHFACE,old,COHFACE_s23_session0_lamp,19,80.0,46.0,sub_harmonic_half,80.0,1.0,81.0,0.9613521860016013,79.0,0.9257388166038026,46.0,0.9999999999999998,47.0,0.9901821652538794,45.0,0.8552822683458899,23_0,23,0,lamp,95.909286499,51.3772239685,8.52976413752,0,440.155867381,0.224120661616
UBFC_A1/Eval_On_COHFACE,COHFACE,old,COHFACE_s23_session0_lamp,20,80.0,44.0,sub_harmonic_half,80.0,1.0,79.0,0.9624545772513526,81.0,0.9239571050383383,44.0,0.9999999999999997,43.0,0.9719007838459103,45.0,0.9550747085593628,23_0,23,0,lamp,95.909286499,51.3772239685,8.52976413752,0,440.155867381,0.224120661616
UBFC_A1/Eval_On_COHFACE,COHFACE,old,COHFACE_s23_session0_lamp,21,80.0,43.0,sub_harmonic_half,80.0,1.0,79.0,0.9804112852748551,81.0,0.9043517947138558,43.0,0.9999999999999997,44.0,0.9752531590313105,42.0,0.965625222628328,23_0,23,0,lamp,95.909286499,51.3772239685,8.52976413752,0,440.155867381,0.224120661616
UBFC_A1/Eval_On_COHFACE,COHFACE,old,COHFACE_s23_session0_lamp,22,80.0,41.0,sub_harmonic_half,80.0,1.0,81.0,0.9719944737970463,79.0,0.9328756928141041,41.0,0.9999999999999997,42.0,0.9819860916789148,40.0,0.9411959841205366,23_0,23,0,lamp,95.909286499,51.3772239685,8.52976413752,0,440.155867381,0.224120661616
UBFC_A1/Eval_On_COHFACE,COHFACE,old,COHFACE_s23_session0_lamp,23,80.0,42.0,sub_harmonic_half,80.0,1.0,81.0,0.9752074772444386,79.0,0.9121534249025672,42.0,0.9999999999999998,43.0,0.9769949639947145,41.0,0.9551693042600183,23_0,23,0,lamp,95.909286499,51.3772239685,8.52976413752,0,440.155867381,0.224120661616
UBFC_A1/Eval_On_COHFACE,COHFACE,old,COHFACE_s23_session0_lamp,24,80.0,40.0,sub_harmonic_half,80.0,1.0,81.0,0.9798367627152645,79.0,0.8972910380791871,40.0,0.9999999999999997,41.0,0.9004112094728489,42.0,0.7268996703486346,23_0,23,0,lamp,95.909286499,51.3772239685,8.52976413752,0,440.155867381,0.224120661616
UBFC_A1/Eval_On_COHFACE,COHFACE,old,COHFACE_s23_session0_lamp,25,80.0,71.0,large_error,80.0,1.0,81.0,0.9756854090171453,79.0,0.9081501229683511,71.0,0.9999999999999997,70.0,0.9730556717327955,72.0,0.8897857760325856,23_0,23,0,lamp,95.909286499,51.3772239685,8.52976413752,0,440.155867381,0.224120661616
UBFC_A1/Eval_On_COHFACE,COHFACE,old,COHFACE_s23_session0_lamp,26,80.0,42.0,sub_harmonic_half,80.0,1.0,81.0,0.9580003992596591,79.0,0.923373373029895,42.0,0.9999999999999997,41.0,0.9735450811287838,75.0,0.964341084711873,23_0,23,0,lamp,95.909286499,51.3772239685,8.52976413752,0,440.155867381,0.224120661616
UBFC_A1/Eval_On_COHFACE,COHFACE,old,COHFACE_s23_session0_lamp,27,80.0,40.0,sub_harmonic_half,80.0,1.0,81.0,0.9603326434209064,79.0,0.9199480905456545,40.0,0.9999999999999993,68.0,0.9326587899417265,67.0,0.8802972296311599,23_0,23,0,lamp,95.909286499,51.3772239685,8.52976413752,0,440.155867381,0.224120661616
UBFC_A1/Eval_On_COHFACE,COHFACE,old,COHFACE_s23_session0_lamp,28,80.0,56.0,large_error,80.0,1.0,79.0,0.9485954379658529,81.0,0.9427132469939503,56.0,0.9999999999999988,55.0,0.9602114472998547,79.0,0.9368216954376414,23_0,23,0,lamp,95.909286499,51.3772239685,8.52976413752,0,440.155867381,0.224120661616
UBFC_A1/Eval_On_COHFACE,COHFACE,old,COHFACE_s23_session0_lamp,29,80.0,68.0,large_error,80.0,1.0,79.0,0.9613605254344724,81.0,0.9361678882366605,68.0,0.9999999999999998,69.0,0.9391742617602561,67.0,0.9232787721052572,23_0,23,0,lamp,95.909286499,51.3772239685,8.52976413752,0,440.155867381,0.224120661616
UBFC_A1/Eval_On_COHFACE,COHFACE,old,COHFACE_s23_session0_lamp,30,81.0,40.0,sub_harmonic_half,81.0,1.0,80.0,0.9518182064914688,82.0,0.9271077065000563,40.0,0.9999999999999994,41.0,0.8499434027689485,69.0,0.8247169921823684,23_0,23,0,lamp,95.909286499,51.3772239685,8.52976413752,0,440.155867381,0.224120661616
UBFC_A1/Eval_On_COHFACE,COHFACE,old,COHFACE_s23_session0_lamp,31,81.0,81.0,correct,81.0,1.0,82.0,0.987967207635815,80.0,0.9014700475805564,81.0,0.9999999999999997,82.0,0.9796959416192745,80.0,0.8857980793662402,23_0,23,0,lamp,95.909286499,51.3772239685,8.52976413752,0,440.155867381,0.224120661616
UBFC_A1/Eval_On_COHFACE,COHFACE,old,COHFACE_s23_session0_lamp,32,82.0,83.0,correct,82.0,1.0,81.0,0.9758342635653968,83.0,0.9137572133624937,83.0,0.9999999999999992,82.0,0.9986957297507099,65.0,0.9937501564615536,23_0,23,0,lamp,95.909286499,51.3772239685,8.52976413752,0,440.155867381,0.224120661616
UBFC_A1/Eval_On_COHFACE,COHFACE,old,COHFACE_s23_session0_lamp,33,82.0,81.0,correct,82.0,1.0,81.0,0.9464845420111526,83.0,0.9361636432381504,81.0,0.9999999999999998,80.0,0.9663661295256509,82.0,0.9176984098861038,23_0,23,0,lamp,95.909286499,51.3772239685,8.52976413752,0,440.155867381,0.224120661616
UBFC_A1/Eval_On_COHFACE,COHFACE,old,COHFACE_s23_session0_lamp,34,82.0,81.0,correct,82.0,1.0,83.0,0.9519777981787466,81.0,0.932053408011603,81.0,0.9999999999999996,80.0,0.9621651715772209,82.0,0.9189803154524545,23_0,23,0,lamp,95.909286499,51.3772239685,8.52976413752,0,440.155867381,0.224120661616
UBFC_A1/Eval_On_COHFACE,COHFACE,old,COHFACE_s23_session0_lamp,35,82.0,81.0,correct,82.0,1.0,83.0,0.9701931795911566,81.0,0.9173135639845719,81.0,0.9999999999999998,82.0,0.9717465035824597,80.0,0.9303989324343868,23_0,23,0,lamp,95.909286499,51.3772239685,8.52976413752,0,440.155867381,0.224120661616
UBFC_A1/Eval_On_COHFACE,COHFACE,old,COHFACE_s23_session0_lamp,36,82.0,81.0,correct,82.0,1.0,83.0,0.9578686648283499,81.0,0.9281490457913906,81.0,0.9999999999999998,80.0,0.9764304855791863,82.0,0.9268561454183755,23_0,23,0,lamp,95.909286499,51.3772239685,8.52976413752,0,440.155867381,0.224120661616
UBFC_A1/Eval_On_COHFACE,COHFACE,old,COHFACE_s23_session0_lamp,37,82.0,81.0,correct,82.0,1.0,81.0,0.9627638169065474,83.0,0.9217623245431356,81.0,0.9999999999999999,80.0,0.9965783926627809,82.0,0.9395699888239425,23_0,23,0,lamp,95.909286499,51.3772239685,8.52976413752,0,440.155867381,0.224120661616
UBFC_A1/Eval_On_COHFACE,COHFACE,old,COHFACE_s23_session0_lamp,38,82.0,80.0,correct,82.0,1.0,83.0,0.9509436060798149,81.0,0.9355011521566128,80.0,0.9999999999999998,79.0,0.9665034152259936,81.0,0.9646211640101907,23_0,23,0,lamp,95.909286499,51.3772239685,8.52976413752,0,440.155867381,0.224120661616
UBFC_A1/Eval_On_COHFACE,COHFACE,old,COHFACE_s23_session0_lamp,39,82.0,81.0,correct,82.0,1.0,83.0,0.9729744017084829,81.0,0.9151743675677538,81.0,0.9999999999999998,82.0,0.9742709833267902,80.0,0.9019183906037271,23_0,23,0,lamp,95.909286499,51.3772239685,8.52976413752,0,440.155867381,0.224120661616
UBFC_A1/Eval_On_COHFACE,COHFACE,old,COHFACE_s23_session0_lamp,40,83.0,81.0,correct,83.0,1.0,82.0,0.9754704186253026,84.0,0.9149868738406506,81.0,0.9999999999999998,80.0,0.9875477047276429,82.0,0.8954414050183671,23_0,23,0,lamp,95.909286499,51.3772239685,8.52976413752,0,440.155867381,0.224120661616
UBFC_A1/Eval_On_COHFACE,COHFACE,old,COHFACE_s23_session0_lamp,41,83.0,43.0,sub_harmonic_half,83.0,1.0,82.0,0.9724847703665713,84.0,0.9130482681542508,43.0,0.9999999999999998,42.0,0.9750904917899453,44.0,0.9551738034726629,23_0,23,0,lamp,95.909286499,51.3772239685,8.52976413752,0,440.155867381,0.224120661616
UBFC_A1/Eval_On_COHFACE,COHFACE,old,COHFACE_s23_session0_lamp,42,83.0,82.0,correct,83.0,1.0,82.0,0.9577019198634023,84.0,0.9242348062548394,82.0,0.9999999999999998,81.0,0.9975023376743808,41.0,0.9205359073617773,23_0,23,0,lamp,95.909286499,51.3772239685,8.52976413752,0,440.155867381,0.224120661616
UBFC_A1/Eval_On_COHFACE,COHFACE,old,COHFACE_s23_session0_lamp,43,83.0,81.0,correct,83.0,1.0,82.0,0.9445504938210453,84.0,0.9349565048224423,81.0,0.9999999999999998,82.0,0.9927895681859122,80.0,0.9272693444532566,23_0,23,0,lamp,95.909286499,51.3772239685,8.52976413752,0,440.155867381,0.224120661616
UBFC_A1/Eval_On_COHFACE,COHFACE,old,COHFACE_s23_session0_lamp,44,83.0,44.0,sub_harmonic_half,83.0,1.0,82.0,0.9501992892454876,84.0,0.9310544546234969,44.0,0.9999999999999998,43.0,0.9918178151724283,45.0,0.9429680795730015,23_0,23,0,lamp,95.909286499,51.3772239685,8.52976413752,0,440.155867381,0.224120661616
UBFC_A1/Eval_On_COHFACE,COHFACE,old,COHFACE_s23_session0_lamp,45,82.0,82.0,correct,82.0,1.0,83.0,0.9980518840069876,81.0,0.8881593864606857,82.0,0.9999999999999997,81.0,0.961838232349135,50.0,0.9528673570351889,23_0,23,0,lamp,95.909286499,51.3772239685,8.52976413752,0,440.155867381,0.224120661616
UBFC_A1/Eval_On_COHFACE,COHFACE,old,COHFACE_s23_session0_lamp,46,83.0,41.0,sub_harmonic_half,83.0,1.0,82.0,0.9595651111919985,84.0,0.9511785398098006,41.0,0.9999999999999998,40.0,0.9481254009731257,42.0,0.9113253318044301,23_0,23,0,lamp,95.909286499,51.3772239685,8.52976413752,0,440.155867381,0.224120661616
UBFC_A1/Eval_On_COHFACE,COHFACE,old,COHFACE_s23_session0_lamp,47,83.0,75.0,large_error,83.0,1.0,84.0,0.9479136901452532,82.0,0.9467581134723544,75.0,0.9999999999999998,76.0,0.9905598838403494,74.0,0.9108763367490512,23_0,23,0,lamp,95.909286499,51.3772239685,8.52976413752,0,440.155867381,0.224120661616
UBFC_A1/Eval_On_COHFACE,COHFACE,old,COHFACE_s23_session0_lamp,48,83.0,72.0,large_error,83.0,1.0,84.0,0.9940745395844766,82.0,0.8852668788770394,72.0,0.9999999999999996,73.0,0.9997863481384786,45.0,0.985416087785484,23_0,23,0,lamp,95.909286499,51.3772239685,8.52976413752,0,440.155867381,0.224120661616
UBFC_A1/Eval_On_COHFACE,COHFACE,old,COHFACE_s23_session0_lamp,49,83.0,74.0,large_error,83.0,1.0,84.0,0.9893798167796498,82.0,0.8938599186135333,74.0,0.9999999999999998,73.0,0.9960905295005794,75.0,0.8865961595182401,23_0,23,0,lamp,95.909286499,51.3772239685,8.52976413752,0,440.155867381,0.224120661616
UBFC_A1/Eval_On_COHFACE,COHFACE,old,COHFACE_s23_session0_lamp,50,83.0,43.0,sub_harmonic_half,83.0,1.0,84.0,0.9716704868409777,82.0,0.9083961666890958,43.0,0.9999999999999996,42.0,0.9640979117549874,44.0,0.9194858857835458,23_0,23,0,lamp,95.909286499,51.3772239685,8.52976413752,0,440.155867381,0.224120661616
UBFC_A1/Eval_On_COHFACE,COHFACE,old,COHFACE_s23_session1_lamp,0,90.0,102.0,large_error,90.0,1.0,91.0,0.9681200170391916,89.0,0.9101884762733895,102.0,0.9999999999999961,103.0,0.9526892512522582,101.0,0.9400407447374929,23_1,23,1,lamp,97.3190841675,50.1685676575,8.01333185076,0,412.736463868,0.267042934895
UBFC_A1/Eval_On_COHFACE,COHFACE,old,COHFACE_s23_session1_lamp,1,90.0,157.0,super_harmonic_2x,90.0,1.0,89.0,0.9806995655721151,91.0,0.9084673501561664,157.0,0.9999999999999996,158.0,0.9972710049190278,156.0,0.887685941047319,23_1,23,1,lamp,97.3190841675,50.1685676575,8.01333185076,0,412.736463868,0.267042934895
UBFC_A1/Eval_On_COHFACE,COHFACE,old,COHFACE_s23_session1_lamp,2,89.0,82.0,large_error,89.0,1.0,88.0,0.9933081534267761,90.0,0.895541246141515,82.0,0.9999999999999984,81.0,0.9866983849831112,83.0,0.9286589720956552,23_1,23,1,lamp,97.3190841675,50.1685676575,8.01333185076,0,412.736463868,0.267042934895
UBFC_A1/Eval_On_COHFACE,COHFACE,old,COHFACE_s23_session1_lamp,3,88.0,82.0,large_error,88.0,1.0,87.0,0.9650516391367997,89.0,0.9256203200473577,82.0,0.9999999999999999,83.0,0.9725699688365382,81.0,0.9276800119903387,23_1,23,1,lamp,97.3190841675,50.1685676575,8.01333185076,0,412.736463868,0.267042934895
UBFC_A1/Eval_On_COHFACE,COHFACE,old,COHFACE_s23_session1_lamp,4,86.0,82.0,large_error,86.0,1.0,87.0,0.9728511607282969,85.0,0.9237570583139795,82.0,0.9999999999999999,83.0,0.982244215478796,81.0,0.9223960368999908,23_1,23,1,lamp,97.3190841675,50.1685676575,8.01333185076,0,412.736463868,0.267042934895
UBFC_A1/Eval_On_COHFACE,COHFACE,old,COHFACE_s23_session1_lamp,5,86.0,82.0,large_error,86.0,1.0,87.0,0.9575773815967423,85.0,0.9476929114904017,82.0,0.9999999999999999,81.0,0.9987895586814559,80.0,0.9304339841330591,23_1,23,1,lamp,97.3190841675,50.1685676575,8.01333185076,0,412.736463868,0.267042934895
UBFC_A1/Eval_On_COHFACE,COHFACE,old,COHFACE_s23_session1_lamp,6,85.0,82.0,correct,85.0,1.0,86.0,0.9590462351303533,84.0,0.9261116019555002,82.0,0.9999999999999999,83.0,0.9680163856549867,81.0,0.9405529637401873,23_1,23,1,lamp,97.3190841675,50.1685676575,8.01333185076,0,412.736463868,0.267042934895
UBFC_A1/Eval_On_COHFACE,COHFACE,old,COHFACE_s23_session1_lamp,7,85.0,83.0,correct,85.0,1.0,84.0,0.9671850936210287,86.0,0.9037611615534819,83.0,0.9999999999999998,82.0,0.9769508702159199,84.0,0.9415283452218786,23_1,23,1,lamp,97.3190841675,50.1685676575,8.01333185076,0,412.736463868,0.267042934895
UBFC_A1/Eval_On_COHFACE,COHFACE,old,COHFACE_s23_session1_lamp,8,85.0,83.0,correct,85.0,1.0,84.0,0.9833111338923728,86.0,0.8942021607636663,83.0,0.9999999999999999,82.0,0.9903762251658983,84.0,0.8955575237905344,23_1,23,1,lamp,97.3190841675,50.1685676575,8.01333185076,0,412.736463868,0.267042934895
UBFC_A1/Eval_On_COHFACE,COHFACE,old,COHFACE_s23_session1_lamp,9,84.0,40.0,sub_harmonic_half,84.0,1.0,85.0,0.997469737483371,83.0,0.8857210740040125,40.0,0.9999999999999993,41.0,0.9911391036335038,81.0,0.934653440542188,23_1,23,1,lamp,97.3190841675,50.1685676575,8.01333185076,0,412.736463868,0.267042934895
UBFC_A1/Eval_On_COHFACE,COHFACE,old,COHFACE_s23_session1_lamp,10,84.0,40.0,sub_harmonic_half,84.0,1.0,85.0,0.9721196766505027,83.0,0.9193581324561793,40.0,0.9999999999999997,41.0,0.8926122275983697,58.0,0.7953159415070787,23_1,23,1,lamp,97.3190841675,50.1685676575,8.01333185076,0,412.736463868,0.267042934895
UBFC_A1/Eval_On_COHFACE,COHFACE,old,COHFACE_s23_session1_lamp,11,85.0,61.99999999999999,large_error,85.0,1.0,84.0,0.9931111486015136,86.0,0.891288436127338,61.99999999999999,0.9999999999999996,61.0,0.9959977940257406,63.0,0.9314115266011147,23_1,23,1,lamp,97.3190841675,50.1685676575,8.01333185076,0,412.736463868,0.267042934895
UBFC_A1/Eval_On_COHFACE,COHFACE,old,COHFACE_s23_session1_lamp,12,84.0,89.0,large_error,84.0,1.0,85.0,0.988855100476659,83.0,0.9244212511601132,89.0,0.9999999999999994,90.0,0.9477710906073223,88.0,0.9134902736648822,23_1,23,1,lamp,97.3190841675,50.1685676575,8.01333185076,0,412.736463868,0.267042934895
UBFC_A1/Eval_On_COHFACE,COHFACE,old,COHFACE_s23_session1_lamp,13,84.0,66.0,large_error,84.0,1.0,85.0,0.9906421000256259,83.0,0.8966880765942861,66.0,0.9999999999999997,65.0,0.9972014374474009,67.0,0.9527842909911323,23_1,23,1,lamp,97.3190841675,50.1685676575,8.01333185076,0,412.736463868,0.267042934895
UBFC_A1/Eval_On_COHFACE,COHFACE,old,COHFACE_s23_session1_lamp,14,83.0,68.0,large_error,83.0,1.0,84.0,0.9990030225864618,85.0,0.8896156500559637,68.0,0.9999999999999998,69.0,0.9545040791266242,67.0,0.9484816710143451,23_1,23,1,lamp,97.3190841675,50.1685676575,8.01333185076,0,412.736463868,0.267042934895
UBFC_A1/Eval_On_COHFACE,COHFACE,old,COHFACE_s23_session1_lamp,15,83.0,69.0,large_error,83.0,1.0,82.0,0.9457518924246704,84.0,0.9346044376119911,69.0,0.9999999999999997,70.0,0.9682318339032987,68.0,0.9060829285900707,23_1,23,1,lamp,97.3190841675,50.1685676575,8.01333185076,0,412.736463868,0.267042934895
UBFC_A1/Eval_On_COHFACE,COHFACE,old,COHFACE_s23_session1_lamp,16,83.0,82.0,correct,83.0,1.0,82.0,0.9892603591207535,84.0,0.8864472874587915,82.0,0.9999999999999998,81.0,0.9825374839429561,83.0,0.8409513584093374,23_1,23,1,lamp,97.3190841675,50.1685676575,8.01333185076,0,412.736463868,0.267042934895
UBFC_A1/Eval_On_COHFACE,COHFACE,old,COHFACE_s23_session1_lamp,17,82.0,79.0,correct,82.0,1.0,83.0,0.9732757468948932,81.0,0.9056417703298419,79.0,0.9999999999999997,78.0,0.9887842661505748,80.0,0.9698107428907572,23_1,23,1,lamp,97.3190841675,50.1685676575,8.01333185076,0,412.736463868,0.267042934895
UBFC_A1/Eval_On_COHFACE,COHFACE,old,COHFACE_s23_session1_lamp,18,82.0,81.0,correct,82.0,1.0,83.0,0.9528229241178015,81.0,0.9346170500233328,81.0,0.9999999999999999,80.0,0.9526678672583995,82.0,0.9335566073277963,23_1,23,1,lamp,97.3190841675,50.1685676575,8.01333185076,0,412.736463868,0.267042934895
UBFC_A1/Eval_On_COHFACE,COHFACE,old,COHFACE_s23_session1_lamp,19,82.0,82.0,correct,82.0,1.0,83.0,0.9546041754186099,81.0,0.9494094794437958,82.0,0.9999999999999998,81.0,0.9593914875207162,83.0,0.9355609523403519,23_1,23,1,lamp,97.3190841675,50.1685676575,8.01333185076,0,412.736463868,0.267042934895
UBFC_A1/Eval_On_COHFACE,COHFACE,old,COHFACE_s23_session1_lamp,20,83.0,82.0,correct,83.0,1.0,82.0,0.950737741323341,84.0,0.936161576845654,82.0,0.9999999999999998,83.0,0.9774515670751743,81.0,0.943310740008909,23_1,23,1,lamp,97.3190841675,50.1685676575,8.01333185076,0,412.736463868,0.267042934895
UBFC_A1/Eval_On_COHFACE,COHFACE,old,COHFACE_s23_session1_lamp,21,83.0,82.0,correct,83.0,1.0,84.0,0.9751051884287326,82.0,0.9121588403070438,82.0,0.9999999999999999,81.0,0.9835525128001845,83.0,0.9101349249090561,23_1,23,1,lamp,97.3190841675,50.1685676575,8.01333185076,0,412.736463868,0.267042934895
UBFC_A1/Eval_On_COHFACE,COHFACE,old,COHFACE_s23_session1_lamp,22,84.0,82.0,correct,84.0,1.0,83.0,0.9903364097906814,85.0,0.8989648081817982,82.0,0.9999999999999998,83.0,0.9882798742853192,81.0,0.9179085557968057,23_1,23,1,lamp,97.3190841675,50.1685676575,8.01333185076,0,412.736463868,0.267042934895
UBFC_A1/Eval_On_COHFACE,COHFACE,old,COHFACE_s23_session1_lamp,23,84.0,81.0,correct,84.0,1.0,83.0,0.9907436028940962,85.0,0.8938262005800583,81.0,0.9999999999999998,82.0,0.9749801031856361,80.0,0.9314848603321572,23_1,23,1,lamp,97.3190841675,50.1685676575,8.01333185076,0,412.736463868,0.267042934895
UBFC_A1/Eval_On_COHFACE,COHFACE,old,COHFACE_s23_session1_lamp,24,84.0,81.0,correct,84.0,1.0,83.0,0.9882874232433048,85.0,0.8900713007214901,81.0,0.9999999999999999,82.0,0.9456723720677538,80.0,0.9410178793287919,23_1,23,1,lamp,97.3190841675,50.1685676575,8.01333185076,0,412.736463868,0.267042934895
UBFC_A1/Eval_On_COHFACE,COHFACE,old,COHFACE_s23_session1_lamp,25,84.0,82.0,correct,84.0,1.0,83.0,0.952665529324314,85.0,0.9246473305906607,82.0,0.9999999999999998,81.0,0.9988053332486533,41.0,0.9225336965127721,23_1,23,1,lamp,97.3190841675,50.1685676575,8.01333185076,0,412.736463868,0.267042934895
UBFC_A1/Eval_On_COHFACE,COHFACE,old,COHFACE_s23_session1_lamp,26,85.0,43.0,sub_harmonic_half,85.0,1.0,84.0,0.9939639812902905,86.0,0.8949408727519064,43.0,0.9999999999999998,42.0,0.9915092020236801,44.0,0.937599999166243,23_1,23,1,lamp,97.3190841675,50.1685676575,8.01333185076,0,412.736463868,0.267042934895
UBFC_A1/Eval_On_COHFACE,COHFACE,old,COHFACE_s23_session1_lamp,27,85.0,42.0,sub_harmonic_half,85.0,1.0,84.0,0.9582584213994572,86.0,0.9293526855742492,42.0,0.9999999999999997,41.0,0.9874567297166863,43.0,0.9526099950973173,23_1,23,1,lamp,97.3190841675,50.1685676575,8.01333185076,0,412.736463868,0.267042934895
UBFC_A1/Eval_On_COHFACE,COHFACE,old,COHFACE_s23_session1_lamp,28,86.0,42.0,sub_harmonic_half,86.0,1.0,85.0,0.9848943251442567,87.0,0.9078445265317797,42.0,0.9999999999999998,43.0,0.9931584126543741,41.0,0.9336414207855268,23_1,23,1,lamp,97.3190841675,50.1685676575,8.01333185076,0,412.736463868,0.267042934895
UBFC_A1/Eval_On_COHFACE,COHFACE,old,COHFACE_s23_session1_lamp,29,86.0,42.0,sub_harmonic_half,86.0,1.0,85.0,0.9865518761570133,87.0,0.907215233085817,42.0,0.9999999999999996,41.0,0.9534280994522215,43.0,0.9439334286778852,23_1,23,1,lamp,97.3190841675,50.1685676575,8.01333185076,0,412.736463868,0.267042934895
UBFC_A1/Eval_On_COHFACE,COHFACE,old,COHFACE_s23_session1_lamp,30,86.0,40.0,sub_harmonic_half,86.0,1.0,87.0,0.9461169753264476,85.0,0.9343757539337244,40.0,0.9999999999999996,89.0,0.9633460934782637,49.0,0.925821206834962,23_1,23,1,lamp,97.3190841675,50.1685676575,8.01333185076,0,412.736463868,0.267042934895
UBFC_A1/Eval_On_COHFACE,COHFACE,old,COHFACE_s23_session1_lamp,31,86.0,79.0,large_error,86.0,1.0,85.0,0.9702652517692066,87.0,0.9149641663826884,79.0,0.9999999999999992,120.0,0.9950652880090952,51.0,0.9798603795598554,23_1,23,1,lamp,97.3190841675,50.1685676575,8.01333185076,0,412.736463868,0.267042934895
UBFC_A1/Eval_On_COHFACE,COHFACE,old,COHFACE_s23_session1_lamp,32,86.0,88.0,correct,86.0,1.0,87.0,0.9538834658109258,85.0,0.9463576934127809,88.0,0.9999999999999997,87.0,0.9779539937494829,89.0,0.8876790997357307,23_1,23,1,lamp,97.3190841675,50.1685676575,8.01333185076,0,412.736463868,0.267042934895
UBFC_A1/Eval_On_COHFACE,COHFACE,old,COHFACE_s23_session1_lamp,33,86.0,60.0,large_error,86.0,1.0,87.0,0.9576684880221455,85.0,0.938222261588697,60.0,0.9999999999999998,59.0,0.9974530586912081,61.0,0.9905945514766246,23_1,23,1,lamp,97.3190841675,50.1685676575,8.01333185076,0,412.736463868,0.267042934895
UBFC_A1/Eval_On_COHFACE,COHFACE,old,COHFACE_s23_session1_lamp,34,87.0,61.0,large_error,87.0,1.0,88.0,0.9469138146015115,86.0,0.9356620936629323,61.0,0.9999999999999998,60.0,0.9961638872734281,59.0,0.9756950728148761,23_1,23,1,lamp,97.3190841675,50.1685676575,8.01333185076,0,412.736463868,0.267042934895
UBFC_A1/Eval_On_COHFACE,COHFACE,old,COHFACE_s23_session1_lamp,35,88.0,54.0,large_error,88.0,1.0,87.0,0.9952863932175106,89.0,0.8925461887005709,54.0,0.9999999999999998,55.0,0.9967319717189373,56.0,0.9392933633744334,23_1,23,1,lamp,97.3190841675,50.1685676575,8.01333185076,0,412.736463868,0.267042934895
UBFC_A1/Eval_On_COHFACE,COHFACE,old,COHFACE_s23_session1_lamp,36,88.0,120.0,super_harmonic_1p5x,88.0,1.0,89.0,0.9789363372768743,87.0,0.9016042948871228,120.0,0.9999999999999998,63.0,0.9614174789960418,61.99999999999999,0.9597292738343592,23_1,23,1,lamp,97.3190841675,50.1685676575,8.01333185076,0,412.736463868,0.267042934895
UBFC_A1/Eval_On_COHFACE,COHFACE,old,COHFACE_s23_session1_lamp,37,89.0,60.0,large_error,89.0,1.0,88.0,0.9717038715384155,90.0,0.908170438082012,60.0,0.9999999999999999,61.0,0.9946330463685209,59.0,0.9210426938687766,23_1,23,1,lamp,97.3190841675,50.1685676575,8.01333185076,0,412.736463868,0.267042934895
UBFC_A1/Eval_On_COHFACE,COHFACE,old,COHFACE_s23_session1_lamp,38,89.0,119.0,super_harmonic_1p5x,89.0,1.0,88.0,0.9515635358799136,90.0,0.9303681160674581,119.0,0.9999999999999998,118.0,0.9688313176832366,120.0,0.9466583372125614,23_1,23,1,lamp,97.3190841675,50.1685676575,8.01333185076,0,412.736463868,0.267042934895
UBFC_A1/Eval_On_COHFACE,COHFACE,old,COHFACE_s23_session1_lamp,39,89.0,50.0,sub_harmonic_half,89.0,1.0,88.0,0.9947848791444452,90.0,0.8962328311757204,50.0,0.9999999999999997,60.0,0.9290889157162248,51.0,0.9204812264532278,23_1,23,1,lamp,97.3190841675,50.1685676575,8.01333185076,0,412.736463868,0.267042934895
UBFC_A1/Eval_On_COHFACE,COHFACE,old,COHFACE_s23_session1_lamp,40,89.0,114.0,super_harmonic_1p5x,89.0,1.0,88.0,0.9708591949115833,90.0,0.9091089686952204,114.0,0.9999999999999994,115.0,0.9785321054854748,113.0,0.9324253528555531,23_1,23,1,lamp,97.3190841675,50.1685676575,8.01333185076,0,412.736463868,0.267042934895
UBFC_A1/Eval_On_COHFACE,COHFACE,old,COHFACE_s23_session1_lamp,41,88.0,51.0,sub_harmonic_half,88.0,1.0,89.0,0.9838136045691077,87.0,0.9056725372298513,51.0,0.9999999999999997,50.0,0.9637122892570686,52.0,0.8583961798696482,23_1,23,1,lamp,97.3190841675,50.1685676575,8.01333185076,0,412.736463868,0.267042934895
UBFC_A1/Eval_On_COHFACE,COHFACE,old,COHFACE_s23_session1_lamp,42,88.0,46.0,sub_harmonic_half,88.0,1.0,89.0,0.9710632022807081,87.0,0.9172476671286603,46.0,0.9999999999999994,47.0,0.9981864361319397,45.0,0.9419892208764936,23_1,23,1,lamp,97.3190841675,50.1685676575,8.01333185076,0,412.736463868,0.267042934895
UBFC_A1/Eval_On_COHFACE,COHFACE,old,COHFACE_s23_session1_lamp,43,88.0,52.0,large_error,88.0,1.0,89.0,0.9712728366516724,87.0,0.9165453119792397,52.0,0.9999999999999999,51.0,0.9837463456404005,53.0,0.9584270822908053,23_1,23,1,lamp,97.3190841675,50.1685676575,8.01333185076,0,412.736463868,0.267042934895
UBFC_A1/Eval_On_COHFACE,COHFACE,old,COHFACE_s23_session1_lamp,44,89.0,55.0,large_error,89.0,1.0,88.0,0.9961860859968366,90.0,0.8914750217622832,55.0,0.9999999999999999,54.0,0.9987898536265778,56.0,0.9520270140761015,23_1,23,1,lamp,97.3190841675,50.1685676575,8.01333185076,0,412.736463868,0.267042934895
UBFC_A1/Eval_On_COHFACE,COHFACE,old,COHFACE_s23_session1_lamp,45,89.0,53.0,large_error,89.0,1.0,88.0,0.9753869439816919,90.0,0.9146325660815983,53.0,0.9999999999999998,54.0,0.9919224918491868,52.0,0.9448683367827038,23_1,23,1,lamp,97.3190841675,50.1685676575,8.01333185076,0,412.736463868,0.267042934895
UBFC_A1/Eval_On_COHFACE,COHFACE,old,COHFACE_s23_session1_lamp,46,89.0,56.0,large_error,89.0,1.0,88.0,0.9636826473717961,90.0,0.9228605624948182,56.0,0.9999999999999997,55.0,0.9906765531628257,57.0,0.9665736633894094,23_1,23,1,lamp,97.3190841675,50.1685676575,8.01333185076,0,412.736463868,0.267042934895
UBFC_A1/Eval_On_COHFACE,COHFACE,old,COHFACE_s23_session1_lamp,47,89.0,60.0,large_error,89.0,1.0,88.0,0.9703025401493085,90.0,0.9163896865380505,60.0,0.9999999999999998,59.0,0.956994174980538,61.0,0.9100913267575971,23_1,23,1,lamp,97.3190841675,50.1685676575,8.01333185076,0,412.736463868,0.267042934895
UBFC_A1/Eval_On_COHFACE,COHFACE,old,COHFACE_s23_session1_lamp,48,88.0,63.0,large_error,88.0,1.0,89.0,0.9836289356600556,87.0,0.908874007844624,63.0,0.9999999999999997,64.0,0.9563737262964682,61.99999999999999,0.9559990368294791,23_1,23,1,lamp,97.3190841675,50.1685676575,8.01333185076,0,412.736463868,0.267042934895
UBFC_A1/Eval_On_COHFACE,COHFACE,old,COHFACE_s23_session1_lamp,49,88.0,64.0,large_error,88.0,1.0,89.0,0.9611445586499409,87.0,0.9251340245561996,64.0,0.9999999999999996,65.0,0.9788798441567641,63.0,0.8828003090108548,23_1,23,1,lamp,97.3190841675,50.1685676575,8.01333185076,0,412.736463868,0.267042934895
UBFC_A1/Eval_On_COHFACE,COHFACE,old,COHFACE_s23_session1_lamp,50,88.0,44.0,sub_harmonic_half,88.0,1.0,89.0,0.9580998362734571,87.0,0.9315300097408649,44.0,0.9999999999999998,45.0,0.956582555796786,43.0,0.9391655269045542,23_1,23,1,lamp,97.3190841675,50.1685676575,8.01333185076,0,412.736463868,0.267042934895
UBFC_A1/Eval_On_COHFACE,COHFACE,old,COHFACE_s23_session2_natural,0,94.0,40.0,large_error,94.0,0.9999999999999999,95.0,0.9631023587621218,93.0,0.9244930766306911,40.0,0.9999999999999993,41.0,0.7382139761077643,84.0,0.5285695107926088,23_2,23,2,natural,88.4954605103,53.6308174133,9.50093048298,0,466.143943163,0.284849762917
UBFC_A1/Eval_On_COHFACE,COHFACE,old,COHFACE_s23_session2_natural,1,91.0,40.0,sub_harmonic_half,91.0,0.9999999999999999,90.0,0.9604957846389802,92.0,0.9452667982263175,40.0,0.9999999999999978,88.0,0.9913701458119678,89.0,0.9488978856607889,23_2,23,2,natural,88.4954605103,53.6308174133,9.50093048298,0,466.143943163,0.284849762917
UBFC_A1/Eval_On_COHFACE,COHFACE,old,COHFACE_s23_session2_natural,2,88.0,42.0,sub_harmonic_half,88.0,0.9999999999999999,89.0,0.9634313317720316,87.0,0.9474709424874733,42.0,0.9999999999999993,41.0,0.9768860764913527,43.0,0.9033538229559669,23_2,23,2,natural,88.4954605103,53.6308174133,9.50093048298,0,466.143943163,0.284849762917
UBFC_A1/Eval_On_COHFACE,COHFACE,old,COHFACE_s23_session2_natural,3,86.0,43.0,sub_harmonic_half,86.0,1.0,85.0,0.9929578097568058,87.0,0.9059751019750767,43.0,0.9999999999999994,44.0,0.9718934226474183,42.0,0.9452921881674963,23_2,23,2,natural,88.4954605103,53.6308174133,9.50093048298,0,466.143943163,0.284849762917
UBFC_A1/Eval_On_COHFACE,COHFACE,old,COHFACE_s23_session2_natural,4,84.0,83.0,correct,84.0,1.0,83.0,0.9756186768533199,85.0,0.9214916225627268,83.0,0.9999999999999997,82.0,0.9328922424673972,84.0,0.9183022648167884,23_2,23,2,natural,88.4954605103,53.6308174133,9.50093048298,0,466.143943163,0.284849762917
UBFC_A1/Eval_On_COHFACE,COHFACE,old,COHFACE_s23_session2_natural,5,83.0,44.0,sub_harmonic_half,83.0,1.0,84.0,0.9774029899735385,82.0,0.9195863287741196,44.0,0.9999999999999998,45.0,0.9627123863808035,43.0,0.8970380680571449,23_2,23,2,natural,88.4954605103,53.6308174133,9.50093048298,0,466.143943163,0.284849762917
UBFC_A1/Eval_On_COHFACE,COHFACE,old,COHFACE_s23_session2_natural,6,82.0,44.0,sub_harmonic_half,82.0,1.0,81.0,0.9534042460712107,83.0,0.9368676738126053,44.0,0.9999999999999996,45.0,0.9875325596945014,43.0,0.9613392450222611,23_2,23,2,natural,88.4954605103,53.6308174133,9.50093048298,0,466.143943163,0.284849762917
UBFC_A1/Eval_On_COHFACE,COHFACE,old,COHFACE_s23_session2_natural,7,82.0,82.0,correct,82.0,1.0,81.0,0.9520190580356526,83.0,0.9418915521265635,82.0,0.9999999999999999,83.0,0.97538768554657,81.0,0.9362169049642619,23_2,23,2,natural,88.4954605103,53.6308174133,9.50093048298,0,466.143943163,0.284849762917
UBFC_A1/Eval_On_COHFACE,COHFACE,old,COHFACE_s23_session2_natural,8,81.0,46.0,sub_harmonic_half,81.0,1.0,80.0,0.9887680540723284,82.0,0.8971432745224234,46.0,0.9999999999999997,45.0,0.9655060282564981,47.0,0.9160286665267097,23_2,23,2,natural,88.4954605103,53.6308174133,9.50093048298,0,466.143943163,0.284849762917
UBFC_A1/Eval_On_COHFACE,COHFACE,old,COHFACE_s23_session2_natural,9,80.0,67.0,large_error,80.0,1.0,79.0,0.9521839012672247,81.0,0.92426108714465,67.0,0.9999999999999998,68.0,0.9863246535281187,66.0,0.9002700258267818,23_2,23,2,natural,88.4954605103,53.6308174133,9.50093048298,0,466.143943163,0.284849762917
UBFC_A1/Eval_On_COHFACE,COHFACE,old,COHFACE_s23_session2_natural,10,79.0,68.0,large_error,79.0,1.0,80.0,0.9880125270181148,78.0,0.8939046661515756,68.0,0.9999999999999998,69.0,0.9403918819990585,67.0,0.9125977485019625,23_2,23,2,natural,88.4954605103,53.6308174133,9.50093048298,0,466.143943163,0.284849762917
UBFC_A1/Eval_On_COHFACE,COHFACE,old,COHFACE_s23_session2_natural,11,79.0,78.0,correct,79.0,1.0,80.0,0.9797421454137787,78.0,0.9066650955876642,78.0,0.9999999999999997,77.0,0.9627709005156203,79.0,0.9538952339269806,23_2,23,2,natural,88.4954605103,53.6308174133,9.50093048298,0,466.143943163,0.284849762917
UBFC_A1/Eval_On_COHFACE,COHFACE,old,COHFACE_s23_session2_natural,12,80.0,74.0,large_error,80.0,1.0,79.0,0.9701771725251414,81.0,0.9226747993336807,74.0,0.9999999999999998,73.0,0.9964574275469144,75.0,0.9428521326463803,23_2,23,2,natural,88.4954605103,53.6308174133,9.50093048298,0,466.143943163,0.284849762917
UBFC_A1/Eval_On_COHFACE,COHFACE,old,COHFACE_s23_session2_natural,13,81.0,76.0,large_error,81.0,1.0,80.0,0.9455514025949493,82.0,0.9401642314733614,76.0,0.9999999999999994,75.0,0.9882322937339254,77.0,0.975668958235852,23_2,23,2,natural,88.4954605103,53.6308174133,9.50093048298,0,466.143943163,0.284849762917
UBFC_A1/Eval_On_COHFACE,COHFACE,old,COHFACE_s23_session2_natural,14,82.0,80.0,correct,82.0,1.0,81.0,0.9851140929658736,83.0,0.9262566588859475,80.0,0.9999999999999993,79.0,0.9777626044403378,67.0,0.9752165930938879,23_2,23,2,natural,88.4954605103,53.6308174133,9.50093048298,0,466.143943163,0.284849762917
UBFC_A1/Eval_On_COHFACE,COHFACE,old,COHFACE_s23_session2_natural,15,83.0,53.0,large_error,83.0,1.0,82.0,0.9999300685948989,84.0,0.8885101616983896,53.0,0.9999999999999997,54.0,0.9930958277611752,67.0,0.9516538952688144,23_2,23,2,natural,88.4954605103,53.6308174133,9.50093048298,0,466.143943163,0.284849762917
UBFC_A1/Eval_On_COHFACE,COHFACE,old,COHFACE_s23_session2_natural,16,83.0,66.0,large_error,83.0,1.0,82.0,0.9728572970182174,84.0,0.9145011931607433,66.0,0.9999999999999998,65.0,0.9501226007683184,67.0,0.924249753107801,23_2,23,2,natural,88.4954605103,53.6308174133,9.50093048298,0,466.143943163,0.284849762917
UBFC_A1/Eval_On_COHFACE,COHFACE,old,COHFACE_s23_session2_natural,17,83.0,51.0,large_error,83.0,1.0,84.0,0.9565960593094963,82.0,0.9271599108797666,51.0,0.9999999999999998,52.0,0.9632535166480407,50.0,0.906166174525343,23_2,23,2,natural,88.4954605103,53.6308174133,9.50093048298,0,466.143943163,0.284849762917
UBFC_A1/Eval_On_COHFACE,COHFACE,old,COHFACE_s23_session2_natural,18,83.0,79.0,large_error,83.0,1.0,82.0,0.9895617111192795,84.0,0.8888553215013081,79.0,0.9999999999999998,80.0,0.9887619513933323,78.0,0.9106966573199389,23_2,23,2,natural,88.4954605103,53.6308174133,9.50093048298,0,466.143943163,0.284849762917
UBFC_A1/Eval_On_COHFACE,COHFACE,old,COHFACE_s23_session2_natural,19,82.0,74.0,large_error,82.0,1.0,83.0,0.972396587311082,81.0,0.9002185128854996,74.0,0.9999999999999998,73.0,0.9842544375814415,75.0,0.9048322601921036,23_2,23,2,natural,88.4954605103,53.6308174133,9.50093048298,0,466.143943163,0.284849762917
UBFC_A1/Eval_On_COHFACE,COHFACE,old,COHFACE_s23_session2_natural,20,83.0,75.0,large_error,83.0,1.0,82.0,0.9727819814808597,84.0,0.9070804507171778,75.0,0.9999999999999998,76.0,0.9754348525695459,74.0,0.9242506628706744,23_2,23,2,natural,88.4954605103,53.6308174133,9.50093048298,0,466.143943163,0.284849762917
UBFC_A1/Eval_On_COHFACE,COHFACE,old,COHFACE_s23_session2_natural,21,83.0,81.0,correct,83.0,1.0,82.0,0.948846478296773,84.0,0.9376392766235567,81.0,0.9999999999999998,80.0,0.9972201812552945,82.0,0.9341553220333735,23_2,23,2,natural,88.4954605103,53.6308174133,9.50093048298,0,466.143943163,0.284849762917
UBFC_A1/Eval_On_COHFACE,COHFACE,old,COHFACE_s23_session2_natural,22,83.0,81.0,correct,83.0,1.0,84.0,0.9522821462405704,82.0,0.9387666241691771,81.0,0.9999999999999998,82.0,0.9982121381623934,83.0,0.9130515532140518,23_2,23,2,natural,88.4954605103,53.6308174133,9.50093048298,0,466.143943163,0.284849762917
UBFC_A1/Eval_On_COHFACE,COHFACE,old,COHFACE_s23_session2_natural,23,83.0,82.0,correct,83.0,1.0,84.0,0.9899523916215938,82.0,0.9043427377658488,82.0,0.9999999999999999,83.0,0.9933449854694665,81.0,0.9095583441924793,23_2,23,2,natural,88.4954605103,53.6308174133,9.50093048298,0,466.143943163,0.284849762917
UBFC_A1/Eval_On_COHFACE,COHFACE,old,COHFACE_s23_session2_natural,24,83.0,82.0,correct,83.0,1.0,84.0,0.9740255000985867,82.0,0.9195951731081963,82.0,0.9999999999999999,83.0,0.9740449433209419,81.0,0.9253937212161675,23_2,23,2,natural,88.4954605103,53.6308174133,9.50093048298,0,466.143943163,0.284849762917
UBFC_A1/Eval_On_COHFACE,COHFACE,old,COHFACE_s23_session2_natural,25,84.0,83.0,correct,84.0,1.0,83.0,0.9750331589662992,85.0,0.9074320767058475,83.0,0.9999999999999998,82.0,0.9778898258485914,84.0,0.9402292114067915,23_2,23,2,natural,88.4954605103,53.6308174133,9.50093048298,0,466.143943163,0.284849762917
UBFC_A1/Eval_On_COHFACE,COHFACE,old,COHFACE_s23_session2_natural,26,83.0,83.0,correct,83.0,1.0,84.0,0.9950715601141901,82.0,0.8962009429978548,83.0,0.9999999999999999,84.0,0.9546284304180771,82.0,0.9304946864332992,23_2,23,2,natural,88.4954605103,53.6308174133,9.50093048298,0,466.143943163,0.284849762917
UBFC_A1/Eval_On_COHFACE,COHFACE,old,COHFACE_s23_session2_natural,27,83.0,82.0,correct,83.0,1.0,84.0,0.9483009600808745,82.0,0.9399532010496922,82.0,0.9999999999999998,81.0,0.9816533731818431,83.0,0.918360614541946,23_2,23,2,natural,88.4954605103,53.6308174133,9.50093048298,0,466.143943163,0.284849762917
UBFC_A1/Eval_On_COHFACE,COHFACE,old,COHFACE_s23_session2_natural,28,83.0,61.0,large_error,83.0,1.0,84.0,0.9608732604980764,82.0,0.9277350134032157,61.0,0.9999999999999998,60.0,0.9805261830646627,61.99999999999999,0.9214932399033967,23_2,23,2,natural,88.4954605103,53.6308174133,9.50093048298,0,466.143943163,0.284849762917
UBFC_A1/Eval_On_COHFACE,COHFACE,old,COHFACE_s23_session2_natural,29,83.0,44.0,sub_harmonic_half,83.0,1.0,84.0,0.9687446640271864,82.0,0.9174166071093406,44.0,0.9999999999999998,43.0,0.9645306771921764,61.99999999999999,0.9400154920979328,23_2,23,2,natural,88.4954605103,53.6308174133,9.50093048298,0,466.143943163,0.284849762917
UBFC_A1/Eval_On_COHFACE,COHFACE,old,COHFACE_s23_session2_natural,30,83.0,60.0,large_error,83.0,1.0,84.0,0.9637859510268807,82.0,0.9205565977935055,60.0,0.9999999999999998,59.0,0.9587511301927054,61.0,0.9554499998503668,23_2,23,2,natural,88.4954605103,53.6308174133,9.50093048298,0,466.143943163,0.284849762917
UBFC_A1/Eval_On_COHFACE,COHFACE,old,COHFACE_s23_session2_natural,31,83.0,60.0,large_error,83.0,1.0,84.0,0.9740806451047211,82.0,0.9144545557119426,60.0,0.9999999999999998,59.0,0.9674298564462154,61.0,0.9013190115340831,23_2,23,2,natural,88.4954605103,53.6308174133,9.50093048298,0,466.143943163,0.284849762917
UBFC_A1/Eval_On_COHFACE,COHFACE,old,COHFACE_s23_session2_natural,32,83.0,61.0,large_error,83.0,1.0,84.0,0.9902571626162346,82.0,0.8992594896939612,61.0,0.9999999999999998,61.99999999999999,0.9569542175707996,60.0,0.9284139314117128,23_2,23,2,natural,88.4954605103,53.6308174133,9.50093048298,0,466.143943163,0.284849762917
UBFC_A1/Eval_On_COHFACE,COHFACE,old,COHFACE_s23_session2_natural,33,84.0,61.0,large_error,84.0,1.0,83.0,0.9537128849293943,85.0,0.9346213608186766,61.0,0.9999999999999998,60.0,0.9683353295180944,61.99999999999999,0.9188090766456988,23_2,23,2,natural,88.4954605103,53.6308174133,9.50093048298,0,466.143943163,0.284849762917
UBFC_A1/Eval_On_COHFACE,COHFACE,old,COHFACE_s23_session2_natural,34,84.0,61.0,large_error,84.0,1.0,85.0,0.967752646298791,83.0,0.9155669325456988,61.0,0.9999999999999998,60.0,0.9852649551458846,61.99999999999999,0.908552333320835,23_2,23,2,natural,88.4954605103,53.6308174133,9.50093048298,0,466.143943163,0.284849762917
UBFC_A1/Eval_On_COHFACE,COHFACE,old,COHFACE_s23_session2_natural,35,84.0,64.0,large_error,84.0,1.0,85.0,0.9928736513720083,83.0,0.8897211188095561,64.0,0.9999999999999998,63.0,0.988829639982549,65.0,0.906435363804607,23_2,23,2,natural,88.4954605103,53.6308174133,9.50093048298,0,466.143943163,0.284849762917
UBFC_A1/Eval_On_COHFACE,COHFACE,old,COHFACE_s23_session2_natural,36,85.0,63.0,large_error,85.0,1.0,84.0,0.9802964543208258,86.0,0.9088141996864517,63.0,0.9999999999999999,61.99999999999999,0.9788689372830426,64.0,0.9651635089555024,23_2,23,2,natural,88.4954605103,53.6308174133,9.50093048298,0,466.143943163,0.284849762917
UBFC_A1/Eval_On_COHFACE,COHFACE,old,COHFACE_s23_session2_natural,37,85.0,64.0,large_error,85.0,1.0,84.0,0.9926647826940225,86.0,0.8957561170856213,64.0,0.9999999999999999,63.0,0.9700118084945389,65.0,0.9556286451190266,23_2,23,2,natural,88.4954605103,53.6308174133,9.50093048298,0,466.143943163,0.284849762917
UBFC_A1/Eval_On_COHFACE,COHFACE,old,COHFACE_s23_session2_natural,38,85.0,66.0,large_error,85.0,1.0,84.0,0.9882225888006189,86.0,0.8998983171081719,66.0,0.9999999999999998,65.0,0.9872582887467244,83.0,0.9223484995155754,23_2,23,2,natural,88.4954605103,53.6308174133,9.50093048298,0,466.143943163,0.284849762917
UBFC_A1/Eval_On_COHFACE,COHFACE,old,COHFACE_s23_session2_natural,39,85.0,82.0,correct,85.0,1.0,84.0,0.9971143914177183,86.0,0.8871120468997096,82.0,0.9999999999999999,81.0,0.9487357428439607,83.0,0.9331259174789837,23_2,23,2,natural,88.4954605103,53.6308174133,9.50093048298,0,466.143943163,0.284849762917
UBFC_A1/Eval_On_COHFACE,COHFACE,old,COHFACE_s23_session2_natural,40,85.0,83.0,correct,85.0,1.0,84.0,0.9846280772663579,86.0,0.8980864563651998,83.0,0.9999999999999998,82.0,0.9961235317417143,84.0,0.912676982903173,23_2,23,2,natural,88.4954605103,53.6308174133,9.50093048298,0,466.143943163,0.284849762917
UBFC_A1/Eval_On_COHFACE,COHFACE,old,COHFACE_s23_session2_natural,41,85.0,45.0,sub_harmonic_half,85.0,1.0,84.0,0.9515091070477631,86.0,0.9372352771066425,45.0,0.9999999999999999,44.0,0.995760989470306,46.0,0.9178176292897151,23_2,23,2,natural,88.4954605103,53.6308174133,9.50093048298,0,466.143943163,0.284849762917
UBFC_A1/Eval_On_COHFACE,COHFACE,old,COHFACE_s23_session2_natural,42,85.0,88.0,correct,85.0,1.0,86.0,0.9770692915877337,84.0,0.9099354506581034,88.0,0.9999999999999997,89.0,0.9534867812796902,87.0,0.9337404886080579,23_2,23,2,natural,88.4954605103,53.6308174133,9.50093048298,0,466.143943163,0.284849762917
UBFC_A1/Eval_On_COHFACE,COHFACE,old,COHFACE_s23_session2_natural,43,86.0,87.0,correct,86.0,1.0,85.0,0.9827938567488181,87.0,0.9081485015824762,87.0,0.9999999999999998,86.0,0.9956445715830174,88.0,0.9407137059810861,23_2,23,2,natural,88.4954605103,53.6308174133,9.50093048298,0,466.143943163,0.284849762917
UBFC_A1/Eval_On_COHFACE,COHFACE,old,COHFACE_s23_session2_natural,44,86.0,51.0,large_error,86.0,1.0,85.0,0.9866518608907836,87.0,0.8998830414173863,51.0,0.9999999999999999,50.0,0.9616844689694436,52.0,0.9047687423224609,23_2,23,2,natural,88.4954605103,53.6308174133,9.50093048298,0,466.143943163,0.284849762917
UBFC_A1/Eval_On_COHFACE,COHFACE,old,COHFACE_s23_session2_natural,45,85.0,88.0,correct,85.0,1.0,86.0,0.9947657763728089,84.0,0.8901854028462356,88.0,0.9999999999999998,89.0,0.9973364486015186,87.0,0.8625844834401803,23_2,23,2,natural,88.4954605103,53.6308174133,9.50093048298,0,466.143943163,0.284849762917
UBFC_A1/Eval_On_COHFACE,COHFACE,old,COHFACE_s23_session2_natural,46,85.0,77.0,large_error,85.0,1.0,86.0,0.9746118277886879,84.0,0.909842938705455,77.0,0.9999999999999997,78.0,0.9603860187549517,76.0,0.8908393412083596,23_2,23,2,natural,88.4954605103,53.6308174133,9.50093048298,0,466.143943163,0.284849762917
UBFC_A1/Eval_On_COHFACE,COHFACE,old,COHFACE_s23_session2_natural,47,85.0,76.0,large_error,85.0,1.0,86.0,0.9609349387254935,84.0,0.9236354039782257,76.0,0.9999999999999998,77.0,0.9654873821168424,75.0,0.9615077533487916,23_2,23,2,natural,88.4954605103,53.6308174133,9.50093048298,0,466.143943163,0.284849762917
UBFC_A1/Eval_On_COHFACE,COHFACE,old,COHFACE_s23_session2_natural,48,86.0,82.0,large_error,86.0,0.9999999999999999,85.0,0.9658470680033859,87.0,0.9368326003243079,82.0,0.9999999999999998,81.0,0.9826742903172866,83.0,0.9425405904007813,23_2,23,2,natural,88.4954605103,53.6308174133,9.50093048298,0,466.143943163,0.284849762917
UBFC_A1/Eval_On_COHFACE,COHFACE,old,COHFACE_s23_session2_natural,49,86.0,82.0,large_error,86.0,1.0,85.0,0.9670196742358823,87.0,0.9161533545068044,82.0,0.9999999999999999,83.0,0.9786247142308886,81.0,0.944279385271499,23_2,23,2,natural,88.4954605103,53.6308174133,9.50093048298,0,466.143943163,0.284849762917
UBFC_A1/Eval_On_COHFACE,COHFACE,old,COHFACE_s23_session2_natural,50,86.0,44.0,sub_harmonic_half,86.0,0.9999999999999999,85.0,0.9446856836807358,87.0,0.9380515213100146,44.0,0.9999999999999998,43.0,0.9928681980421239,80.0,0.9368800821880464,23_2,23,2,natural,88.4954605103,53.6308174133,9.50093048298,0,466.143943163,0.284849762917
UBFC_A1/Eval_On_COHFACE,COHFACE,old,COHFACE_s23_session3_natural,0,93.0,82.0,large_error,93.0,0.9999999999999998,94.0,0.9719934987079776,92.0,0.910491452776561,82.0,0.9999999999999999,81.0,0.9520104379196324,83.0,0.9272040356349861,23_3,23,3,natural,83.6291809082,52.0626373291,10.8606805865,0,378.592485618,0.294398337603
UBFC_A1/Eval_On_COHFACE,COHFACE,old,COHFACE_s23_session3_natural,1,90.0,82.0,large_error,90.0,0.9999999999999999,89.0,0.9701735856603207,91.0,0.9332990368045142,82.0,0.9999999999999998,83.0,0.9582865950705456,81.0,0.940902880979171,23_3,23,3,natural,83.6291809082,52.0626373291,10.8606805865,0,378.592485618,0.294398337603
UBFC_A1/Eval_On_COHFACE,COHFACE,old,COHFACE_s23_session3_natural,2,88.0,45.0,sub_harmonic_half,88.0,0.9999999999999998,87.0,0.9896523449866043,89.0,0.8998970555705558,45.0,0.9999999999999998,44.0,0.9664001438036603,46.0,0.9378922029030675,23_3,23,3,natural,83.6291809082,52.0626373291,10.8606805865,0,378.592485618,0.294398337603
UBFC_A1/Eval_On_COHFACE,COHFACE,old,COHFACE_s23_session3_natural,3,86.0,84.0,correct,86.0,0.9999999999999999,85.0,0.965283061489056,87.0,0.9202844128971911,84.0,0.9999999999999998,83.0,0.9969783828153449,85.0,0.9064963922242875,23_3,23,3,natural,83.6291809082,52.0626373291,10.8606805865,0,378.592485618,0.294398337603
UBFC_A1/Eval_On_COHFACE,COHFACE,old,COHFACE_s23_session3_natural,4,85.0,83.0,correct,85.0,0.9999999999999999,84.0,0.9761730954473956,86.0,0.9074691375259384,83.0,0.9999999999999999,82.0,0.9507082569812461,84.0,0.9295592242132796,23_3,23,3,natural,83.6291809082,52.0626373291,10.8606805865,0,378.592485618,0.294398337603
UBFC_A1/Eval_On_COHFACE,COHFACE,old,COHFACE_s23_session3_natural,5,84.0,83.0,correct,84.0,1.0,85.0,0.9637523916236893,83.0,0.9245876374309516,83.0,0.9999999999999998,84.0,0.9669594308352906,82.0,0.9388706957936707,23_3,23,3,natural,83.6291809082,52.0626373291,10.8606805865,0,378.592485618,0.294398337603
UBFC_A1/Eval_On_COHFACE,COHFACE,old,COHFACE_s23_session3_natural,6,84.0,49.0,sub_harmonic_half,84.0,1.0,83.0,0.9657747073084783,85.0,0.919908592204526,49.0,0.9999999999999997,48.0,0.9725617599157914,50.0,0.9127819209712495,23_3,23,3,natural,83.6291809082,52.0626373291,10.8606805865,0,378.592485618,0.294398337603
UBFC_A1/Eval_On_COHFACE,COHFACE,old,COHFACE_s23_session3_natural,7,84.0,84.0,correct,84.0,1.0,83.0,0.9632001774000863,85.0,0.9280454878823762,84.0,0.9999999999999997,85.0,0.9806225304753735,83.0,0.9112910525608453,23_3,23,3,natural,83.6291809082,52.0626373291,10.8606805865,0,378.592485618,0.294398337603
UBFC_A1/Eval_On_COHFACE,COHFACE,old,COHFACE_s23_session3_natural,8,84.0,59.0,large_error,84.0,1.0,83.0,0.9910134299005244,85.0,0.9011200388696117,59.0,0.9999999999999996,60.0,0.9621526913657532,58.0,0.9451248551870537,23_3,23,3,natural,83.6291809082,52.0626373291,10.8606805865,0,378.592485618,0.294398337603
UBFC_A1/Eval_On_COHFACE,COHFACE,old,COHFACE_s23_session3_natural,9,84.0,83.0,correct,84.0,1.0,83.0,0.9703612132536216,85.0,0.9207211631118343,83.0,0.9999999999999997,46.0,0.9640327563546184,84.0,0.9537961347933016,23_3,23,3,natural,83.6291809082,52.0626373291,10.8606805865,0,378.592485618,0.294398337603
UBFC_A1/Eval_On_COHFACE,COHFACE,old,COHFACE_s23_session3_natural,10,84.0,83.0,correct,84.0,1.0,83.0,0.9417720388920309,85.0,0.9402594226851699,83.0,0.9999999999999999,82.0,0.9889415325810554,84.0,0.8872220919900216,23_3,23,3,natural,83.6291809082,52.0626373291,10.8606805865,0,378.592485618,0.294398337603
UBFC_A1/Eval_On_COHFACE,COHFACE,old,COHFACE_s23_session3_natural,11,84.0,95.0,large_error,84.0,1.0,85.0,0.9931916296258512,83.0,0.8898561882677035,95.0,0.9999999999999996,96.0,0.9496863373997043,45.0,0.9253607717580528,23_3,23,3,natural,83.6291809082,52.0626373291,10.8606805865,0,378.592485618,0.294398337603
UBFC_A1/Eval_On_COHFACE,COHFACE,old,COHFACE_s23_session3_natural,12,85.0,83.0,correct,85.0,1.0,86.0,0.9492127515578632,84.0,0.9390920008192067,83.0,0.9999999999999999,82.0,0.9914792246502273,84.0,0.8926689833608069,23_3,23,3,natural,83.6291809082,52.0626373291,10.8606805865,0,378.592485618,0.294398337603
UBFC_A1/Eval_On_COHFACE,COHFACE,old,COHFACE_s23_session3_natural,13,86.0,82.0,large_error,86.0,1.0,85.0,0.9875860598571613,87.0,0.9229227365045363,82.0,0.9999999999999998,83.0,0.990066309430006,81.0,0.8961320015679882,23_3,23,3,natural,83.6291809082,52.0626373291,10.8606805865,0,378.592485618,0.294398337603
UBFC_A1/Eval_On_COHFACE,COHFACE,old,COHFACE_s23_session3_natural,14,87.0,87.0,correct,87.0,1.0,86.0,0.9633534065706639,88.0,0.9306714348379017,87.0,0.9999999999999998,86.0,0.9786389656016575,88.0,0.9663769564491747,23_3,23,3,natural,83.6291809082,52.0626373291,10.8606805865,0,378.592485618,0.294398337603
UBFC_A1/Eval_On_COHFACE,COHFACE,old,COHFACE_s23_session3_natural,15,87.0,67.0,large_error,87.0,1.0,88.0,0.9446568798415385,86.0,0.9357689313704,67.0,0.9999999999999998,68.0,0.9657877953005898,66.0,0.945747741940252,23_3,23,3,natural,83.6291809082,52.0626373291,10.8606805865,0,378.592485618,0.294398337603
UBFC_A1/Eval_On_COHFACE,COHFACE,old,COHFACE_s23_session3_natural,16,87.0,67.0,large_error,87.0,1.0,86.0,0.9507476994133801,88.0,0.9301652315624664,67.0,0.9999999999999998,66.0,0.9505928004490728,68.0,0.9458449168277715,23_3,23,3,natural,83.6291809082,52.0626373291,10.8606805865,0,378.592485618,0.294398337603
UBFC_A1/Eval_On_COHFACE,COHFACE,old,COHFACE_s23_session3_natural,17,87.0,66.0,large_error,87.0,1.0,86.0,0.9820072874485649,88.0,0.8984110320729997,66.0,0.9999999999999999,65.0,0.959155692567401,67.0,0.9227311888168325,23_3,23,3,natural,83.6291809082,52.0626373291,10.8606805865,0,378.592485618,0.294398337603
UBFC_A1/Eval_On_COHFACE,COHFACE,old,COHFACE_s23_session3_natural,18,86.0,68.0,large_error,86.0,1.0,87.0,0.9642782923970081,85.0,0.9153192384396727,68.0,0.9999999999999999,67.0,0.9620788870528951,69.0,0.9258685920413791,23_3,23,3,natural,83.6291809082,52.0626373291,10.8606805865,0,378.592485618,0.294398337603
UBFC_A1/Eval_On_COHFACE,COHFACE,old,COHFACE_s23_session3_natural,19,86.0,53.0,large_error,86.0,1.0,85.0,0.983020721157579,87.0,0.9100960039704903,53.0,0.9999999999999998,52.0,0.9825721615971376,54.0,0.9078317787922401,23_3,23,3,natural,83.6291809082,52.0626373291,10.8606805865,0,378.592485618,0.294398337603
UBFC_A1/Eval_On_COHFACE,COHFACE,old,COHFACE_s23_session3_natural,20,85.0,59.0,large_error,85.0,1.0,84.0,0.9527649785726408,86.0,0.9427899314270374,59.0,0.9999999999999998,60.0,0.9641154632289609,58.0,0.9153983321695726,23_3,23,3,natural,83.6291809082,52.0626373291,10.8606805865,0,378.592485618,0.294398337603
UBFC_A1/Eval_On_COHFACE,COHFACE,old,COHFACE_s23_session3_natural,21,85.0,81.0,large_error,85.0,1.0,84.0,0.9664860661932334,86.0,0.9180883253922996,81.0,0.9999999999999999,80.0,0.9802177134195686,82.0,0.927813139053235,23_3,23,3,natural,83.6291809082,52.0626373291,10.8606805865,0,378.592485618,0.294398337603
UBFC_A1/Eval_On_COHFACE,COHFACE,old,COHFACE_s23_session3_natural,22,84.0,82.0,correct,84.0,1.0,85.0,0.9925824547991877,83.0,0.8955825357537545,82.0,0.9999999999999998,83.0,0.9617151766533723,81.0,0.9597038823254104,23_3,23,3,natural,83.6291809082,52.0626373291,10.8606805865,0,378.592485618,0.294398337603
UBFC_A1/Eval_On_COHFACE,COHFACE,old,COHFACE_s23_session3_natural,23,84.0,43.0,sub_harmonic_half,84.0,1.0,85.0,0.943331097679225,83.0,0.9431834390741594,43.0,0.9999999999999999,42.0,0.9504918603682146,44.0,0.9274748598096156,23_3,23,3,natural,83.6291809082,52.0626373291,10.8606805865,0,378.592485618,0.294398337603
UBFC_A1/Eval_On_COHFACE,COHFACE,old,COHFACE_s23_session3_natural,24,84.0,82.0,correct,84.0,1.0,83.0,0.9735222290635958,85.0,0.9111725613039677,82.0,0.9999999999999999,81.0,0.9924750355658007,83.0,0.9068349773237665,23_3,23,3,natural,83.6291809082,52.0626373291,10.8606805865,0,378.592485618,0.294398337603
UBFC_A1/Eval_On_COHFACE,COHFACE,old,COHFACE_s23_session3_natural,25,83.0,81.0,correct,83.0,1.0,84.0,0.9816678059025393,82.0,0.9025079257389192,81.0,0.9999999999999999,80.0,0.9994023034974368,82.0,0.9211558073289061,23_3,23,3,natural,83.6291809082,52.0626373291,10.8606805865,0,378.592485618,0.294398337603
UBFC_A1/Eval_On_COHFACE,COHFACE,old,COHFACE_s23_session3_natural,26,83.0,80.0,correct,83.0,1.0,84.0,0.98057222191252,82.0,0.9106496579478275,80.0,0.9999999999999999,81.0,0.9679129024582348,79.0,0.9434089585018886,23_3,23,3,natural,83.6291809082,52.0626373291,10.8606805865,0,378.592485618,0.294398337603
UBFC_A1/Eval_On_COHFACE,COHFACE,old,COHFACE_s23_session3_natural,27,83.0,81.0,correct,83.0,1.0,84.0,0.9625822443478518,82.0,0.9247560020048297,81.0,0.9999999999999999,82.0,0.9773450035380766,80.0,0.9263937371213161,23_3,23,3,natural,83.6291809082,52.0626373291,10.8606805865,0,378.592485618,0.294398337603
UBFC_A1/Eval_On_COHFACE,COHFACE,old,COHFACE_s23_session3_natural,28,83.0,80.0,correct,83.0,1.0,84.0,0.9966077264884772,82.0,0.890547216577042,80.0,0.9999999999999998,81.0,0.9744645236821702,79.0,0.9489086099045426,23_3,23,3,natural,83.6291809082,52.0626373291,10.8606805865,0,378.592485618,0.294398337603
UBFC_A1/Eval_On_COHFACE,COHFACE,old,COHFACE_s23_session3_natural,29,84.0,77.0,large_error,84.0,1.0,83.0,0.9694493098425448,85.0,0.9156954596001975,77.0,0.9999999999999999,78.0,0.9529414499453603,76.0,0.9324906030736871,23_3,23,3,natural,83.6291809082,52.0626373291,10.8606805865,0,378.592485618,0.294398337603
UBFC_A1/Eval_On_COHFACE,COHFACE,old,COHFACE_s23_session3_natural,30,84.0,83.0,correct,84.0,1.0,83.0,0.975034696844427,85.0,0.9104292203664534,83.0,0.9999999999999997,82.0,0.9535016915683977,84.0,0.8779130635171319,23_3,23,3,natural,83.6291809082,52.0626373291,10.8606805865,0,378.592485618,0.294398337603
UBFC_A1/Eval_On_COHFACE,COHFACE,old,COHFACE_s23_session3_natural,31,84.0,84.0,correct,84.0,1.0,83.0,0.9457328946686151,85.0,0.9412638233096611,84.0,0.9999999999999998,83.0,0.9448940705768806,85.0,0.899429929305455,23_3,23,3,natural,83.6291809082,52.0626373291,10.8606805865,0,378.592485618,0.294398337603
UBFC_A1/Eval_On_COHFACE,COHFACE,old,COHFACE_s23_session3_natural,32,84.0,69.0,large_error,84.0,1.0,85.0,0.9502891343281257,83.0,0.9352192898335911,69.0,0.9999999999999999,68.0,0.9468091235664762,70.0,0.9338640915959722,23_3,23,3,natural,83.6291809082,52.0626373291,10.8606805865,0,378.592485618,0.294398337603
UBFC_A1/Eval_On_COHFACE,COHFACE,old,COHFACE_s23_session3_natural,33,84.0,68.0,large_error,84.0,1.0,85.0,0.9691811457011537,83.0,0.91617368000901,68.0,0.9999999999999999,67.0,0.9701437080073513,69.0,0.9383677865676807,23_3,23,3,natural,83.6291809082,52.0626373291,10.8606805865,0,378.592485618,0.294398337603
UBFC_A1/Eval_On_COHFACE,COHFACE,old,COHFACE_s23_session3_natural,34,84.0,68.0,large_error,84.0,1.0,85.0,0.9792317178529143,83.0,0.9098306876165259,68.0,0.9999999999999999,67.0,0.9601275847122945,69.0,0.9421248299293972,23_3,23,3,natural,83.6291809082,52.0626373291,10.8606805865,0,378.592485618,0.294398337603
UBFC_A1/Eval_On_COHFACE,COHFACE,old,COHFACE_s23_session3_natural,35,85.0,68.0,large_error,85.0,1.0,86.0,0.9812518057576519,84.0,0.9130232820592026,68.0,0.9999999999999999,69.0,0.9981714358035683,67.0,0.9474220045612115,23_3,23,3,natural,83.6291809082,52.0626373291,10.8606805865,0,378.592485618,0.294398337603
UBFC_A1/Eval_On_COHFACE,COHFACE,old,COHFACE_s23_session3_natural,36,86.0,68.0,large_error,86.0,1.0,87.0,0.9978300824287187,85.0,0.8991919977486812,68.0,0.9999999999999999,69.0,0.9878218590060961,67.0,0.9643449678589378,23_3,23,3,natural,83.6291809082,52.0626373291,10.8606805865,0,378.592485618,0.294398337603
UBFC_A1/Eval_On_COHFACE,COHFACE,old,COHFACE_s23_session3_natural,37,88.0,69.0,large_error,88.0,0.9999999999999999,89.0,0.952260736556776,87.0,0.9339839714412264,69.0,0.9999999999999998,68.0,0.982936811283244,70.0,0.9134359355945771,23_3,23,3,natural,83.6291809082,52.0626373291,10.8606805865,0,378.592485618,0.294398337603
UBFC_A1/Eval_On_COHFACE,COHFACE,old,COHFACE_s23_session3_natural,38,89.0,74.0,large_error,89.0,0.9999999999999999,90.0,0.9703982534792331,88.0,0.9136087428476647,74.0,0.9999999999999999,73.0,0.9718012178720388,75.0,0.9245581811329688,23_3,23,3,natural,83.6291809082,52.0626373291,10.8606805865,0,378.592485618,0.294398337603
UBFC_A1/Eval_On_COHFACE,COHFACE,old,COHFACE_s23_session3_natural,39,90.0,75.0,large_error,90.0,1.0,91.0,0.9607060373018543,89.0,0.9196071063789332,75.0,0.9999999999999999,76.0,0.9728226549411428,74.0,0.8875498756550168,23_3,23,3,natural,83.6291809082,52.0626373291,10.8606805865,0,378.592485618,0.294398337603
UBFC_A1/Eval_On_COHFACE,COHFACE,old,COHFACE_s23_session3_natural,40,90.0,89.0,correct,90.0,0.9999999999999999,91.0,0.956887899948254,89.0,0.9251760634928006,89.0,0.9999999999999999,88.0,0.9846404812598458,90.0,0.9117225075450511,23_3,23,3,natural,83.6291809082,52.0626373291,10.8606805865,0,378.592485618,0.294398337603
UBFC_A1/Eval_On_COHFACE,COHFACE,old,COHFACE_s23_session3_natural,41,89.0,90.0,correct,89.0,0.9999999999999999,90.0,0.9625008806008384,88.0,0.9321184693190454,90.0,0.9999999999999999,91.0,0.9692582905756782,89.0,0.9337275125749745,23_3,23,3,natural,83.6291809082,52.0626373291,10.8606805865,0,378.592485618,0.294398337603
UBFC_A1/Eval_On_COHFACE,COHFACE,old,COHFACE_s23_session3_natural,42,87.0,88.0,correct,87.0,0.9999999999999999,88.0,0.9554486214046756,86.0,0.936061452178097,88.0,0.9999999999999998,89.0,0.998499689017678,90.0,0.870731153215307,23_3,23,3,natural,83.6291809082,52.0626373291,10.8606805865,0,378.592485618,0.294398337603
UBFC_A1/Eval_On_COHFACE,COHFACE,old,COHFACE_s23_session3_natural,43,86.0,44.0,sub_harmonic_half,86.0,0.9999999999999999,85.0,0.9807471434097824,87.0,0.9201964439659432,44.0,0.9999999999999998,45.0,0.958403687857141,43.0,0.9158842716647883,23_3,23,3,natural,83.6291809082,52.0626373291,10.8606805865,0,378.592485618,0.294398337603
UBFC_A1/Eval_On_COHFACE,COHFACE,old,COHFACE_s23_session3_natural,44,85.0,43.0,sub_harmonic_half,85.0,0.9999999999999999,84.0,0.9948545466536327,86.0,0.8885383990499516,43.0,0.9999999999999998,42.0,0.9806072066577625,53.0,0.8964806723840166,23_3,23,3,natural,83.6291809082,52.0626373291,10.8606805865,0,378.592485618,0.294398337603
UBFC_A1/Eval_On_COHFACE,COHFACE,old,COHFACE_s23_session3_natural,45,83.0,41.0,sub_harmonic_half,83.0,0.9999999999999999,84.0,0.9951684624232626,82.0,0.8937117645397707,41.0,0.9999999999999996,40.0,0.9759297175106558,42.0,0.9142292607033937,23_3,23,3,natural,83.6291809082,52.0626373291,10.8606805865,0,378.592485618,0.294398337603
UBFC_A1/Eval_On_COHFACE,COHFACE,old,COHFACE_s23_session3_natural,46,83.0,46.0,sub_harmonic_half,83.0,1.0,82.0,0.9559516724359911,84.0,0.9213083292933248,46.0,0.9999999999999998,45.0,0.9909550214487979,81.0,0.989487102014323,23_3,23,3,natural,83.6291809082,52.0626373291,10.8606805865,0,378.592485618,0.294398337603
UBFC_A1/Eval_On_COHFACE,COHFACE,old,COHFACE_s23_session3_natural,47,83.0,81.0,correct,83.0,1.0,84.0,0.9424250769880962,82.0,0.9365160108355787,81.0,0.9999999999999999,82.0,0.9824828567021199,80.0,0.9321192671367415,23_3,23,3,natural,83.6291809082,52.0626373291,10.8606805865,0,378.592485618,0.294398337603
UBFC_A1/Eval_On_COHFACE,COHFACE,old,COHFACE_s23_session3_natural,48,83.0,81.0,correct,83.0,1.0,84.0,0.9936948802562999,82.0,0.8902871696215631,81.0,0.9999999999999999,82.0,0.9659617353351962,80.0,0.9351054629305934,23_3,23,3,natural,83.6291809082,52.0626373291,10.8606805865,0,378.592485618,0.294398337603
UBFC_A1/Eval_On_COHFACE,COHFACE,old,COHFACE_s23_session3_natural,49,84.0,82.0,correct,84.0,1.0,85.0,0.9619608784191866,83.0,0.927112914638551,82.0,0.9999999999999999,81.0,0.9566806492228144,83.0,0.9349055827492903,23_3,23,3,natural,83.6291809082,52.0626373291,10.8606805865,0,378.592485618,0.294398337603
UBFC_A1/Eval_On_COHFACE,COHFACE,old,COHFACE_s23_session3_natural,50,85.0,83.0,correct,85.0,1.0,84.0,0.9627830355044312,86.0,0.9314801981518177,83.0,0.9999999999999997,82.0,0.9856691019000342,84.0,0.9512632790617853,23_3,23,3,natural,83.6291809082,52.0626373291,10.8606805865,0,378.592485618,0.294398337603
UBFC_A1/Eval_On_COHFACE,COHFACE,old,COHFACE_s24_session0_lamp,0,93.0,40.0,large_error,93.0,0.9999999999999998,94.0,0.9927530738365599,92.0,0.8474747863730859,40.0,0.9999999999999996,77.0,0.9897345357591799,78.0,0.9669803784197436,24_0,24,0,lamp,112.569618225,74.0282821655,1.35697468673,0.0836161497009,965.477204192,0.333256900311
UBFC_A1/Eval_On_COHFACE,COHFACE,old,COHFACE_s24_session0_lamp,1,95.0,80.0,large_error,95.0,0.9999999999999999,96.0,0.9922950677591384,94.0,0.9115387866871527,80.0,0.9999999999999997,81.0,0.9751919555791112,79.0,0.9509480005708278,24_0,24,0,lamp,112.569618225,74.0282821655,1.35697468673,0.0836161497009,965.477204192,0.333256900311
UBFC_A1/Eval_On_COHFACE,COHFACE,old,COHFACE_s24_session0_lamp,2,95.0,85.0,large_error,95.0,0.9999999999999999,96.0,0.9788021218444288,94.0,0.9189052864496196,85.0,0.9999999999999992,86.0,0.9734129868717026,84.0,0.9553472175096707,24_0,24,0,lamp,112.569618225,74.0282821655,1.35697468673,0.0836161497009,965.477204192,0.333256900311
UBFC_A1/Eval_On_COHFACE,COHFACE,old,COHFACE_s24_session0_lamp,3,97.0,81.0,large_error,97.0,0.9999999999999999,96.0,0.9579507574645001,98.0,0.9413351197718272,81.0,0.9999999999999993,82.0,0.9954181290222005,40.0,0.9200344958676238,24_0,24,0,lamp,112.569618225,74.0282821655,1.35697468673,0.0836161497009,965.477204192,0.333256900311
UBFC_A1/Eval_On_COHFACE,COHFACE,old,COHFACE_s24_session0_lamp,4,98.0,83.0,large_error,98.0,0.9999999999999999,99.0,0.979088626559014,97.0,0.9109967356470158,83.0,0.9999999999999994,82.0,0.9418701853664488,84.0,0.8859635237710749,24_0,24,0,lamp,112.569618225,74.0282821655,1.35697468673,0.0836161497009,965.477204192,0.333256900311
UBFC_A1/Eval_On_COHFACE,COHFACE,old,COHFACE_s24_session0_lamp,5,100.0,44.0,sub_harmonic_half,100.0,0.9999999999999999,99.0,0.9569110344870227,101.0,0.9347532164297124,44.0,0.9999999999999997,43.0,0.9716998188254649,45.0,0.9175785194480885,24_0,24,0,lamp,112.569618225,74.0282821655,1.35697468673,0.0836161497009,965.477204192,0.333256900311
UBFC_A1/Eval_On_COHFACE,COHFACE,old,COHFACE_s24_session0_lamp,6,100.0,50.0,sub_harmonic_half,100.0,0.9999999999999999,99.0,0.962850770110781,101.0,0.927293340412075,50.0,0.9999999999999998,51.0,0.9810049268185478,49.0,0.929967180420507,24_0,24,0,lamp,112.569618225,74.0282821655,1.35697468673,0.0836161497009,965.477204192,0.333256900311
UBFC_A1/Eval_On_COHFACE,COHFACE,old,COHFACE_s24_session0_lamp,7,100.0,51.0,sub_harmonic_half,100.0,0.9999999999999999,101.0,0.9583814814308457,99.0,0.9255700412763164,51.0,0.9999999999999999,52.0,0.972911938736422,50.0,0.9571369074125998,24_0,24,0,lamp,112.569618225,74.0282821655,1.35697468673,0.0836161497009,965.477204192,0.333256900311
UBFC_A1/Eval_On_COHFACE,COHFACE,old,COHFACE_s24_session0_lamp,8,100.0,47.0,sub_harmonic_half,100.0,0.9999999999999999,99.0,0.9791731473236929,101.0,0.9075472237645669,47.0,0.9999999999999998,48.0,0.9757462209139968,46.0,0.9370599803911478,24_0,24,0,lamp,112.569618225,74.0282821655,1.35697468673,0.0836161497009,965.477204192,0.333256900311
UBFC_A1/Eval_On_COHFACE,COHFACE,old,COHFACE_s24_session0_lamp,9,98.0,46.0,sub_harmonic_half,98.0,0.9999999999999999,99.0,0.9662577441402432,97.0,0.919413211716117,46.0,0.9999999999999998,47.0,0.9886819750287041,45.0,0.9072325474388778,24_0,24,0,lamp,112.569618225,74.0282821655,1.35697468673,0.0836161497009,965.477204192,0.333256900311
UBFC_A1/Eval_On_COHFACE,COHFACE,old,COHFACE_s24_session0_lamp,10,97.0,47.0,sub_harmonic_half,97.0,0.9999999999999999,98.0,0.9624291077646153,96.0,0.9259819219761981,47.0,0.9999999999999998,48.0,0.9770755213311316,46.0,0.897329865298494,24_0,24,0,lamp,112.569618225,74.0282821655,1.35697468673,0.0836161497009,965.477204192,0.333256900311
UBFC_A1/Eval_On_COHFACE,COHFACE,old,COHFACE_s24_session0_lamp,11,97.0,59.0,large_error,97.0,0.9999999999999999,96.0,0.9847223941303526,98.0,0.9036848386452727,59.0,0.9999999999999999,58.0,0.9268124787790836,60.0,0.9021624759131233,24_0,24,0,lamp,112.569618225,74.0282821655,1.35697468673,0.0836161497009,965.477204192,0.333256900311
UBFC_A1/Eval_On_COHFACE,COHFACE,old,COHFACE_s24_session0_lamp,12,96.0,46.0,sub_harmonic_half,96.0,0.9999999999999999,95.0,0.9935219728924466,97.0,0.8955455919148784,46.0,0.9999999999999998,81.0,0.9967419104125617,47.0,0.9791043853029416,24_0,24,0,lamp,112.569618225,74.0282821655,1.35697468673,0.0836161497009,965.477204192,0.333256900311
UBFC_A1/Eval_On_COHFACE,COHFACE,old,COHFACE_s24_session0_lamp,13,96.0,48.0,sub_harmonic_half,96.0,0.9999999999999999,97.0,0.9496726514415996,95.0,0.9363788824808497,48.0,0.9999999999999998,47.0,0.982115542780234,49.0,0.9408124265479232,24_0,24,0,lamp,112.569618225,74.0282821655,1.35697468673,0.0836161497009,965.477204192,0.333256900311
UBFC_A1/Eval_On_COHFACE,COHFACE,old,COHFACE_s24_session0_lamp,14,96.0,44.0,sub_harmonic_half,96.0,0.9999999999999999,97.0,0.9579476529541455,95.0,0.9284290003038563,44.0,0.9999999999999998,43.0,0.9699046166594176,45.0,0.9205334255642872,24_0,24,0,lamp,112.569618225,74.0282821655,1.35697468673,0.0836161497009,965.477204192,0.333256900311
UBFC_A1/Eval_On_COHFACE,COHFACE,old,COHFACE_s24_session0_lamp,15,96.0,53.0,sub_harmonic_half,96.0,0.9999999999999999,97.0,0.9784594239817115,95.0,0.907659096818712,53.0,0.9999999999999998,52.0,0.9567334882187676,54.0,0.9218946888450631,24_0,24,0,lamp,112.569618225,74.0282821655,1.35697468673,0.0836161497009,965.477204192,0.333256900311
UBFC_A1/Eval_On_COHFACE,COHFACE,old,COHFACE_s24_session0_lamp,16,96.0,41.0,large_error,96.0,0.9999999999999999,97.0,0.9882414059503829,95.0,0.8956141767000704,41.0,0.9999999999999997,40.0,0.9850726230375259,42.0,0.94969076352475,24_0,24,0,lamp,112.569618225,74.0282821655,1.35697468673,0.0836161497009,965.477204192,0.333256900311
UBFC_A1/Eval_On_COHFACE,COHFACE,old,COHFACE_s24_session0_lamp,17,95.0,41.0,large_error,95.0,0.9999999999999999,96.0,0.9807197298161922,94.0,0.9074234702132126,41.0,0.9999999999999998,42.0,0.9642761923124155,40.0,0.9130875348063237,24_0,24,0,lamp,112.569618225,74.0282821655,1.35697468673,0.0836161497009,965.477204192,0.333256900311
UBFC_A1/Eval_On_COHFACE,COHFACE,old,COHFACE_s24_session0_lamp,18,95.0,40.0,large_error,95.0,0.9999999999999999,96.0,0.9786393019713682,94.0,0.9016104007039996,40.0,0.9999999999999997,41.0,0.9001578483759165,77.0,0.7992703805584565,24_0,24,0,lamp,112.569618225,74.0282821655,1.35697468673,0.0836161497009,965.477204192,0.333256900311
UBFC_A1/Eval_On_COHFACE,COHFACE,old,COHFACE_s24_session0_lamp,19,95.0,77.0,large_error,95.0,0.9999999999999999,96.0,0.9622279479741495,94.0,0.9239973962800884,77.0,0.9999999999999996,78.0,0.9781445530091849,76.0,0.9544642041068694,24_0,24,0,lamp,112.569618225,74.0282821655,1.35697468673,0.0836161497009,965.477204192,0.333256900311
UBFC_A1/Eval_On_COHFACE,COHFACE,old,COHFACE_s24_session0_lamp,20,95.0,45.0,sub_harmonic_half,95.0,0.9999999999999999,94.0,0.9798812562882391,96.0,0.9088746307525039,45.0,0.9999999999999998,44.0,0.9749380065764535,46.0,0.9336149703580382,24_0,24,0,lamp,112.569618225,74.0282821655,1.35697468673,0.0836161497009,965.477204192,0.333256900311
UBFC_A1/Eval_On_COHFACE,COHFACE,old,COHFACE_s24_session0_lamp,21,95.0,79.0,large_error,95.0,0.9999999999999999,96.0,0.9612706373608982,94.0,0.9229749709187332,79.0,0.9999999999999996,80.0,0.9846405382502357,78.0,0.8776523532197392,24_0,24,0,lamp,112.569618225,74.0282821655,1.35697468673,0.0836161497009,965.477204192,0.333256900311
UBFC_A1/Eval_On_COHFACE,COHFACE,old,COHFACE_s24_session0_lamp,22,96.0,79.0,large_error,96.0,0.9999999999999999,95.0,0.9909964252588527,97.0,0.8943177395849301,79.0,0.9999999999999996,80.0,0.9784415568005194,78.0,0.8663407405385715,24_0,24,0,lamp,112.569618225,74.0282821655,1.35697468673,0.0836161497009,965.477204192,0.333256900311
UBFC_A1/Eval_On_COHFACE,COHFACE,old,COHFACE_s24_session0_lamp,23,96.0,52.0,sub_harmonic_half,96.0,0.9999999999999998,97.0,0.9873197048560816,95.0,0.8878703186542848,52.0,0.9999999999999997,53.0,0.9865074054638983,51.0,0.9113714441494422,24_0,24,0,lamp,112.569618225,74.0282821655,1.35697468673,0.0836161497009,965.477204192,0.333256900311
UBFC_A1/Eval_On_COHFACE,COHFACE,old,COHFACE_s24_session0_lamp,24,96.0,81.0,large_error,96.0,0.9999999999999998,97.0,0.9963456573340685,95.0,0.8901946211020734,81.0,0.9999999999999996,82.0,0.9697892246018971,80.0,0.8991752500483907,24_0,24,0,lamp,112.569618225,74.0282821655,1.35697468673,0.0836161497009,965.477204192,0.333256900311
UBFC_A1/Eval_On_COHFACE,COHFACE,old,COHFACE_s24_session0_lamp,25,96.0,81.0,large_error,96.0,0.9999999999999998,95.0,0.9705284114785442,97.0,0.926671244951342,81.0,0.9999999999999997,82.0,0.9650235969047154,80.0,0.9419423113528826,24_0,24,0,lamp,112.569618225,74.0282821655,1.35697468673,0.0836161497009,965.477204192,0.333256900311
UBFC_A1/Eval_On_COHFACE,COHFACE,old,COHFACE_s24_session0_lamp,26,96.0,52.0,sub_harmonic_half,96.0,0.9999999999999998,95.0,0.9667439476485157,97.0,0.9305806965399972,52.0,0.9999999999999983,53.0,0.9775694024641844,51.0,0.8528979696469218,24_0,24,0,lamp,112.569618225,74.0282821655,1.35697468673,0.0836161497009,965.477204192,0.333256900311
UBFC_A1/Eval_On_COHFACE,COHFACE,old,COHFACE_s24_session0_lamp,27,95.0,59.0,large_error,95.0,0.9999999999999998,96.0,0.9740690213692113,94.0,0.923593163220629,59.0,0.9999999999999993,60.0,0.9673996957010239,58.0,0.9314400490742266,24_0,24,0,lamp,112.569618225,74.0282821655,1.35697468673,0.0836161497009,965.477204192,0.333256900311
UBFC_A1/Eval_On_COHFACE,COHFACE,old,COHFACE_s24_session0_lamp,28,95.0,60.0,large_error,95.0,0.9999999999999998,94.0,0.9459669329768852,96.0,0.9382822680053696,60.0,0.9999999999999997,61.0,0.9851775505387028,59.0,0.9275333008000948,24_0,24,0,lamp,112.569618225,74.0282821655,1.35697468673,0.0836161497009,965.477204192,0.333256900311
UBFC_A1/Eval_On_COHFACE,COHFACE,old,COHFACE_s24_session0_lamp,29,96.0,59.0,large_error,96.0,0.9999999999999998,95.0,0.9559652856020286,97.0,0.9144737087050601,59.0,0.9999999999999998,58.0,0.9915773388220018,60.0,0.9116614963143751,24_0,24,0,lamp,112.569618225,74.0282821655,1.35697468673,0.0836161497009,965.477204192,0.333256900311
UBFC_A1/Eval_On_COHFACE,COHFACE,old,COHFACE_s24_session0_lamp,30,95.0,58.0,large_error,95.0,0.9999999999999998,96.0,0.9621011874083858,94.0,0.9167803228546851,58.0,0.9999999999999993,57.0,0.996398794184687,59.0,0.9955567640722938,24_0,24,0,lamp,112.569618225,74.0282821655,1.35697468673,0.0836161497009,965.477204192,0.333256900311
UBFC_A1/Eval_On_COHFACE,COHFACE,old,COHFACE_s24_session0_lamp,31,95.0,52.0,sub_harmonic_half,95.0,0.9999999999999999,96.0,0.9754371241364809,94.0,0.9051543911912351,52.0,0.9999999999999998,53.0,0.9871889319634332,51.0,0.9191426274047839,24_0,24,0,lamp,112.569618225,74.0282821655,1.35697468673,0.0836161497009,965.477204192,0.333256900311
UBFC_A1/Eval_On_COHFACE,COHFACE,old,COHFACE_s24_session0_lamp,32,95.0,44.0,sub_harmonic_half,95.0,0.9999999999999999,94.0,0.9873569332338625,96.0,0.9015472676074673,44.0,0.9999999999999997,43.0,0.9596492993009728,45.0,0.9475889240581498,24_0,24,0,lamp,112.569618225,74.0282821655,1.35697468673,0.0836161497009,965.477204192,0.333256900311
UBFC_A1/Eval_On_COHFACE,COHFACE,old,COHFACE_s24_session0_lamp,33,94.0,81.0,large_error,94.0,0.9999999999999999,95.0,0.9436650595218209,93.0,0.9425055883699466,81.0,0.9999999999999998,82.0,0.9911296168556251,80.0,0.9239148367865612,24_0,24,0,lamp,112.569618225,74.0282821655,1.35697468673,0.0836161497009,965.477204192,0.333256900311
UBFC_A1/Eval_On_COHFACE,COHFACE,old,COHFACE_s24_session0_lamp,34,94.0,82.0,large_error,94.0,0.9999999999999998,93.0,0.9706357750784118,95.0,0.9223503033349787,82.0,0.9999999999999997,83.0,0.971096239190564,81.0,0.9591802324447606,24_0,24,0,lamp,112.569618225,74.0282821655,1.35697468673,0.0836161497009,965.477204192,0.333256900311
UBFC_A1/Eval_On_COHFACE,COHFACE,old,COHFACE_s24_session0_lamp,35,93.0,43.0,sub_harmonic_half,93.0,0.9999999999999998,94.0,0.9655899248230557,92.0,0.9256353738898161,43.0,0.9999999999999998,44.0,0.9849407260327142,42.0,0.9596915369403313,24_0,24,0,lamp,112.569618225,74.0282821655,1.35697468673,0.0836161497009,965.477204192,0.333256900311
UBFC_A1/Eval_On_COHFACE,COHFACE,old,COHFACE_s24_session0_lamp,36,93.0,40.0,large_error,93.0,0.9999999999999998,94.0,0.9772149058886704,92.0,0.9103955042293246,40.0,0.9999999999999996,80.0,0.9788674660433988,81.0,0.9609443942663254,24_0,24,0,lamp,112.569618225,74.0282821655,1.35697468673,0.0836161497009,965.477204192,0.333256900311
UBFC_A1/Eval_On_COHFACE,COHFACE,old,COHFACE_s24_session0_lamp,37,94.0,120.0,super_harmonic_1p5x,94.0,0.9999999999999998,93.0,0.975212146875274,95.0,0.9172236827875055,120.0,0.9999999999999997,119.0,0.9470940087546571,121.0,0.925414205383213,24_0,24,0,lamp,112.569618225,74.0282821655,1.35697468673,0.0836161497009,965.477204192,0.333256900311
UBFC_A1/Eval_On_COHFACE,COHFACE,old,COHFACE_s24_session0_lamp,38,93.0,120.0,super_harmonic_1p5x,93.0,0.9999999999999999,94.0,0.9486468854215814,92.0,0.9402550418920907,120.0,0.9999999999999997,119.0,0.9813525927430009,121.0,0.9082357537530943,24_0,24,0,lamp,112.569618225,74.0282821655,1.35697468673,0.0836161497009,965.477204192,0.333256900311
UBFC_A1/Eval_On_COHFACE,COHFACE,old,COHFACE_s24_session0_lamp,39,93.0,120.0,super_harmonic_1p5x,93.0,0.9999999999999999,92.0,0.9691807532637458,94.0,0.9085114113653847,120.0,0.9999999999999998,119.0,0.9594867598447818,121.0,0.918816260343608,24_0,24,0,lamp,112.569618225,74.0282821655,1.35697468673,0.0836161497009,965.477204192,0.333256900311
UBFC_A1/Eval_On_COHFACE,COHFACE,old,COHFACE_s24_session0_lamp,40,92.0,120.0,super_harmonic_1p5x,92.0,0.9999999999999999,93.0,0.946608017389037,91.0,0.937337146586014,120.0,0.9999999999999998,119.0,0.9636159642241586,121.0,0.9340001768649129,24_0,24,0,lamp,112.569618225,74.0282821655,1.35697468673,0.0836161497009,965.477204192,0.333256900311
UBFC_A1/Eval_On_COHFACE,COHFACE,old,COHFACE_s24_session0_lamp,41,93.0,51.0,sub_harmonic_half,93.0,0.9999999999999999,92.0,0.9968445286566983,94.0,0.8877891526962018,51.0,0.9999999999999998,50.0,0.9418318714588184,120.0,0.9219080162698666,24_0,24,0,lamp,112.569618225,74.0282821655,1.35697468673,0.0836161497009,965.477204192,0.333256900311
UBFC_A1/Eval_On_COHFACE,COHFACE,old,COHFACE_s24_session0_lamp,42,93.0,120.0,super_harmonic_1p5x,93.0,0.9999999999999999,92.0,0.9433859466833616,94.0,0.9397606120115124,120.0,0.9999999999999997,121.0,0.9690559460755719,119.0,0.9183978430159019,24_0,24,0,lamp,112.569618225,74.0282821655,1.35697468673,0.0836161497009,965.477204192,0.333256900311
UBFC_A1/Eval_On_COHFACE,COHFACE,old,COHFACE_s24_session0_lamp,43,93.0,119.0,super_harmonic_1p5x,93.0,0.9999999999999999,92.0,0.9452480991934302,94.0,0.9440782419146142,119.0,0.9999999999999998,120.0,0.990691988439096,118.0,0.9042283927406606,24_0,24,0,lamp,112.569618225,74.0282821655,1.35697468673,0.0836161497009,965.477204192,0.333256900311
UBFC_A1/Eval_On_COHFACE,COHFACE,old,COHFACE_s24_session0_lamp,44,94.0,44.0,sub_harmonic_half,94.0,0.9999999999999998,93.0,0.9622440449802342,95.0,0.9183086006753265,44.0,0.9999999999999996,43.0,0.9904348141661116,45.0,0.9161127380150069,24_0,24,0,lamp,112.569618225,74.0282821655,1.35697468673,0.0836161497009,965.477204192,0.333256900311
UBFC_A1/Eval_On_COHFACE,COHFACE,old,COHFACE_s24_session0_lamp,45,94.0,81.0,large_error,94.0,0.9999999999999999,93.0,0.9791822395034565,95.0,0.9061330609734042,81.0,0.9999999999999996,80.0,0.9793725396299782,40.0,0.9492615178329673,24_0,24,0,lamp,112.569618225,74.0282821655,1.35697468673,0.0836161497009,965.477204192,0.333256900311
UBFC_A1/Eval_On_COHFACE,COHFACE,old,COHFACE_s24_session0_lamp,46,93.0,82.0,large_error,93.0,0.9999999999999998,92.0,0.9476641070986603,94.0,0.9357878559550666,82.0,0.9999999999999996,81.0,0.965444765119759,66.0,0.9447330232467412,24_0,24,0,lamp,112.569618225,74.0282821655,1.35697468673,0.0836161497009,965.477204192,0.333256900311
UBFC_A1/Eval_On_COHFACE,COHFACE,old,COHFACE_s24_session0_lamp,47,93.0,68.0,large_error,93.0,0.9999999999999998,92.0,0.9961667693151587,94.0,0.897161901816938,68.0,0.9999999999999998,67.0,0.9629500422790375,69.0,0.9357146031680292,24_0,24,0,lamp,112.569618225,74.0282821655,1.35697468673,0.0836161497009,965.477204192,0.333256900311
UBFC_A1/Eval_On_COHFACE,COHFACE,old,COHFACE_s24_session0_lamp,48,92.0,40.0,large_error,92.0,0.9999999999999998,91.0,0.9906184255561773,93.0,0.8944902596179406,40.0,0.9999999999999994,58.0,0.8559234141989475,59.0,0.854071589956213,24_0,24,0,lamp,112.569618225,74.0282821655,1.35697468673,0.0836161497009,965.477204192,0.333256900311
UBFC_A1/Eval_On_COHFACE,COHFACE,old,COHFACE_s24_session0_lamp,49,91.0,59.0,large_error,91.0,0.9999999999999998,92.0,0.9904093997800446,90.0,0.8978589756381582,59.0,0.9999999999999996,60.0,0.9626844559092098,58.0,0.9045556436173254,24_0,24,0,lamp,112.569618225,74.0282821655,1.35697468673,0.0836161497009,965.477204192,0.333256900311
UBFC_A1/Eval_On_COHFACE,COHFACE,old,COHFACE_s24_session0_lamp,50,92.0,42.0,sub_harmonic_half,92.0,0.9999999999999998,91.0,0.9669198908149004,93.0,0.9186373997359633,42.0,0.9999999999999997,76.0,0.9558753106982567,53.0,0.9455926053235754,24_0,24,0,lamp,112.569618225,74.0282821655,1.35697468673,0.0836161497009,965.477204192,0.333256900311
UBFC_A1/Eval_On_COHFACE,COHFACE,old,COHFACE_s24_session1_lamp,0,94.0,48.0,sub_harmonic_half,94.0,1.0,95.0,0.987511267324984,93.0,0.8821683638657812,48.0,0.9999999999999996,47.0,0.9529172145343591,49.0,0.8777864715242644,24_1,24,1,lamp,85.680770874,62.4617729187,8.1919486949,0,521.723992967,0.206033855677
UBFC_A1/Eval_On_COHFACE,COHFACE,old,COHFACE_s24_session1_lamp,1,96.0,61.0,large_error,96.0,0.9999999999999998,95.0,0.9959185021190627,97.0,0.8917047624536858,61.0,0.9999999999999992,61.99999999999999,0.9604953638787466,60.0,0.9037553852046979,24_1,24,1,lamp,85.680770874,62.4617729187,8.1919486949,0,521.723992967,0.206033855677
UBFC_A1/Eval_On_COHFACE,COHFACE,old,COHFACE_s24_session1_lamp,2,97.0,54.0,sub_harmonic_half,97.0,0.9999999999999999,96.0,0.9892567821281778,98.0,0.8927354452814472,54.0,0.9999999999999997,53.0,0.9571746737224747,55.0,0.9327981261606347,24_1,24,1,lamp,85.680770874,62.4617729187,8.1919486949,0,521.723992967,0.206033855677
UBFC_A1/Eval_On_COHFACE,COHFACE,old,COHFACE_s24_session1_lamp,3,97.0,81.0,large_error,97.0,0.9999999999999999,96.0,0.9606974502565291,98.0,0.9279184768677352,81.0,0.9999999999999993,82.0,0.992971070044927,80.0,0.9050448989790645,24_1,24,1,lamp,85.680770874,62.4617729187,8.1919486949,0,521.723992967,0.206033855677
UBFC_A1/Eval_On_COHFACE,COHFACE,old,COHFACE_s24_session1_lamp,4,97.0,61.0,large_error,97.0,0.9999999999999999,98.0,0.978428364293378,96.0,0.9071336170242662,61.0,0.9999999999999994,61.99999999999999,0.9326092571824094,60.0,0.9312993333370378,24_1,24,1,lamp,85.680770874,62.4617729187,8.1919486949,0,521.723992967,0.206033855677
UBFC_A1/Eval_On_COHFACE,COHFACE,old,COHFACE_s24_session1_lamp,5,96.0,46.0,sub_harmonic_half,96.0,0.9999999999999999,95.0,0.9488144244040292,97.0,0.9446974803471261,46.0,0.9999999999999996,47.0,0.9694195204230833,45.0,0.961016054256648,24_1,24,1,lamp,85.680770874,62.4617729187,8.1919486949,0,521.723992967,0.206033855677
UBFC_A1/Eval_On_COHFACE,COHFACE,old,COHFACE_s24_session1_lamp,6,95.0,121.0,super_harmonic_1p5x,95.0,0.9999999999999999,94.0,0.9702893755829253,96.0,0.9166914284204494,121.0,0.9999999999999981,120.0,0.9409420159408489,122.0,0.932564855263959,24_1,24,1,lamp,85.680770874,62.4617729187,8.1919486949,0,521.723992967,0.206033855677
UBFC_A1/Eval_On_COHFACE,COHFACE,old,COHFACE_s24_session1_lamp,7,94.0,89.0,large_error,94.0,0.9999999999999999,95.0,0.9776041692116346,93.0,0.907050368355736,89.0,0.9999999999999993,90.0,0.9768094606013666,88.0,0.9579886583588444,24_1,24,1,lamp,85.680770874,62.4617729187,8.1919486949,0,521.723992967,0.206033855677
UBFC_A1/Eval_On_COHFACE,COHFACE,old,COHFACE_s24_session1_lamp,8,94.0,69.0,large_error,94.0,0.9999999999999999,95.0,0.9558642782861877,93.0,0.93193823732345,69.0,0.9999999999999994,68.0,0.9227285697342141,70.0,0.9021312564987098,24_1,24,1,lamp,85.680770874,62.4617729187,8.1919486949,0,521.723992967,0.206033855677
UBFC_A1/Eval_On_COHFACE,COHFACE,old,COHFACE_s24_session1_lamp,9,94.0,87.0,large_error,94.0,0.9999999999999999,95.0,0.9759122629196821,93.0,0.9173368100178247,87.0,0.9999999999999992,88.0,0.9751623173159227,86.0,0.9093555936613914,24_1,24,1,lamp,85.680770874,62.4617729187,8.1919486949,0,521.723992967,0.206033855677
UBFC_A1/Eval_On_COHFACE,COHFACE,old,COHFACE_s24_session1_lamp,10,96.0,81.0,large_error,96.0,0.9999999999999999,95.0,0.972076552940429,97.0,0.9214313469284445,81.0,0.9999999999999992,80.0,0.9836535353949907,41.0,0.9072325449771119,24_1,24,1,lamp,85.680770874,62.4617729187,8.1919486949,0,521.723992967,0.206033855677
UBFC_A1/Eval_On_COHFACE,COHFACE,old,COHFACE_s24_session1_lamp,11,97.0,43.0,sub_harmonic_half,97.0,0.9999999999999999,96.0,0.9680953077157002,98.0,0.9225456370020226,43.0,0.9999999999999998,44.0,0.9914158108893544,42.0,0.904589499661057,24_1,24,1,lamp,85.680770874,62.4617729187,8.1919486949,0,521.723992967,0.206033855677
UBFC_A1/Eval_On_COHFACE,COHFACE,old,COHFACE_s24_session1_lamp,12,98.0,41.0,large_error,98.0,0.9999999999999999,97.0,0.9943956558948165,99.0,0.8925734751288544,41.0,0.9999999999999996,42.0,0.9622556320297168,40.0,0.9615050717760651,24_1,24,1,lamp,85.680770874,62.4617729187,8.1919486949,0,521.723992967,0.206033855677
UBFC_A1/Eval_On_COHFACE,COHFACE,old,COHFACE_s24_session1_lamp,13,98.0,61.0,large_error,98.0,0.9999999999999999,97.0,0.9566170862640984,99.0,0.9295934358968191,61.0,0.9999999999999997,60.0,0.9977105310228683,61.99999999999999,0.8842713781412425,24_1,24,1,lamp,85.680770874,62.4617729187,8.1919486949,0,521.723992967,0.206033855677
UBFC_A1/Eval_On_COHFACE,COHFACE,old,COHFACE_s24_session1_lamp,14,97.0,61.0,large_error,97.0,0.9999999999999999,98.0,0.9923391093277767,96.0,0.8884540885093726,61.0,0.9999999999999998,61.99999999999999,0.932850113478176,60.0,0.9312374767087384,24_1,24,1,lamp,85.680770874,62.4617729187,8.1919486949,0,521.723992967,0.206033855677
UBFC_A1/Eval_On_COHFACE,COHFACE,old,COHFACE_s24_session1_lamp,15,96.0,120.0,large_error,96.0,0.9999999999999998,97.0,0.97397652259659,95.0,0.9159385206039357,120.0,0.9999999999999994,121.0,0.9916273341773628,119.0,0.9110076910576916,24_1,24,1,lamp,85.680770874,62.4617729187,8.1919486949,0,521.723992967,0.206033855677
UBFC_A1/Eval_On_COHFACE,COHFACE,old,COHFACE_s24_session1_lamp,16,95.0,59.0,large_error,95.0,0.9999999999999998,96.0,0.9474183950070059,94.0,0.9460874875239953,59.0,0.9999999999999994,58.0,0.9770749474383839,60.0,0.9515481040478387,24_1,24,1,lamp,85.680770874,62.4617729187,8.1919486949,0,521.723992967,0.206033855677
UBFC_A1/Eval_On_COHFACE,COHFACE,old,COHFACE_s24_session1_lamp,17,95.0,60.0,large_error,95.0,0.9999999999999999,94.0,0.9918047869647385,96.0,0.8889790938929947,60.0,0.9999999999999998,61.0,0.9716411913015378,59.0,0.9191485212193052,24_1,24,1,lamp,85.680770874,62.4617729187,8.1919486949,0,521.723992967,0.206033855677
UBFC_A1/Eval_On_COHFACE,COHFACE,old,COHFACE_s24_session1_lamp,18,94.0,61.0,large_error,94.0,0.9999999999999999,95.0,0.9752226863948473,93.0,0.9092678998299323,61.0,0.9999999999999997,60.0,0.9871154711419511,61.99999999999999,0.9125076168212043,24_1,24,1,lamp,85.680770874,62.4617729187,8.1919486949,0,521.723992967,0.206033855677
UBFC_A1/Eval_On_COHFACE,COHFACE,old,COHFACE_s24_session1_lamp,19,95.0,61.0,large_error,95.0,0.9999999999999999,96.0,0.9750926827176769,94.0,0.9155899869213193,61.0,0.9999999999999997,61.99999999999999,0.9589960017423418,60.0,0.9380467454882272,24_1,24,1,lamp,85.680770874,62.4617729187,8.1919486949,0,521.723992967,0.206033855677
UBFC_A1/Eval_On_COHFACE,COHFACE,old,COHFACE_s24_session1_lamp,20,96.0,60.0,large_error,96.0,0.9999999999999999,95.0,0.9673240900314747,97.0,0.9198485462963328,60.0,0.9999999999999999,59.0,0.9354295135610278,61.0,0.8878189824578258,24_1,24,1,lamp,85.680770874,62.4617729187,8.1919486949,0,521.723992967,0.206033855677
UBFC_A1/Eval_On_COHFACE,COHFACE,old,COHFACE_s24_session1_lamp,21,96.0,60.0,large_error,96.0,0.9999999999999999,97.0,0.960291477266991,95.0,0.9280289209782613,60.0,0.9999999999999997,59.0,0.979620012462694,61.0,0.9059242928359638,24_1,24,1,lamp,85.680770874,62.4617729187,8.1919486949,0,521.723992967,0.206033855677
UBFC_A1/Eval_On_COHFACE,COHFACE,old,COHFACE_s24_session1_lamp,22,97.0,60.0,large_error,97.0,0.9999999999999999,96.0,0.9726756677806188,98.0,0.9085986339981026,60.0,0.9999999999999997,59.0,0.9855200762938714,61.0,0.9295885571269453,24_1,24,1,lamp,85.680770874,62.4617729187,8.1919486949,0,521.723992967,0.206033855677
UBFC_A1/Eval_On_COHFACE,COHFACE,old,COHFACE_s24_session1_lamp,23,96.0,59.0,large_error,96.0,0.9999999999999999,95.0,0.9518649852502831,97.0,0.9367864015806823,59.0,0.9999999999999998,60.0,0.999093892607183,58.0,0.8883957918719031,24_1,24,1,lamp,85.680770874,62.4617729187,8.1919486949,0,521.723992967,0.206033855677
UBFC_A1/Eval_On_COHFACE,COHFACE,old,COHFACE_s24_session1_lamp,24,94.0,59.0,large_error,94.0,0.9999999999999998,95.0,0.9838729946117597,93.0,0.9068046522973444,59.0,0.9999999999999998,60.0,0.9710675853065281,58.0,0.9548225163913607,24_1,24,1,lamp,85.680770874,62.4617729187,8.1919486949,0,521.723992967,0.206033855677
UBFC_A1/Eval_On_COHFACE,COHFACE,old,COHFACE_s24_session1_lamp,25,93.0,58.0,large_error,93.0,0.9999999999999998,92.0,0.9597075421528873,94.0,0.930630669700753,58.0,0.9999999999999998,59.0,0.9885166258946582,57.0,0.9050855530777003,24_1,24,1,lamp,85.680770874,62.4617729187,8.1919486949,0,521.723992967,0.206033855677
UBFC_A1/Eval_On_COHFACE,COHFACE,old,COHFACE_s24_session1_lamp,26,91.0,60.0,large_error,91.0,0.9999999999999999,92.0,0.9949029820641376,90.0,0.8827005885223624,60.0,0.9999999999999999,59.0,0.9624758554294428,61.0,0.8807364745571999,24_1,24,1,lamp,85.680770874,62.4617729187,8.1919486949,0,521.723992967,0.206033855677
UBFC_A1/Eval_On_COHFACE,COHFACE,old,COHFACE_s24_session1_lamp,27,90.0,59.0,large_error,90.0,0.9999999999999999,91.0,0.9558486027867368,89.0,0.9327535372234158,59.0,0.9999999999999998,60.0,0.9697700392159779,58.0,0.918710293483017,24_1,24,1,lamp,85.680770874,62.4617729187,8.1919486949,0,521.723992967,0.206033855677
UBFC_A1/Eval_On_COHFACE,COHFACE,old,COHFACE_s24_session1_lamp,28,89.0,59.0,large_error,89.0,0.9999999999999999,88.0,0.9626339866392113,90.0,0.9304583883695284,59.0,0.9999999999999998,60.0,0.9953151357227293,58.0,0.9207505657795433,24_1,24,1,lamp,85.680770874,62.4617729187,8.1919486949,0,521.723992967,0.206033855677
UBFC_A1/Eval_On_COHFACE,COHFACE,old,COHFACE_s24_session1_lamp,29,89.0,60.0,large_error,89.0,0.9999999999999999,88.0,0.9867982930155498,90.0,0.902275359568401,60.0,0.9999999999999999,59.0,0.9753316186279719,61.0,0.9234886751701379,24_1,24,1,lamp,85.680770874,62.4617729187,8.1919486949,0,521.723992967,0.206033855677
UBFC_A1/Eval_On_COHFACE,COHFACE,old,COHFACE_s24_session1_lamp,30,89.0,59.0,large_error,89.0,0.9999999999999999,88.0,0.9447211021775054,90.0,0.9409715973276039,59.0,0.9999999999999998,60.0,0.9956856478711262,58.0,0.9238215219561141,24_1,24,1,lamp,85.680770874,62.4617729187,8.1919486949,0,521.723992967,0.206033855677
UBFC_A1/Eval_On_COHFACE,COHFACE,old,COHFACE_s24_session1_lamp,31,89.0,59.0,large_error,89.0,0.9999999999999999,90.0,0.9769821190133714,88.0,0.9126492406321499,59.0,0.9999999999999998,58.0,0.9579703906408641,60.0,0.9543746025700046,24_1,24,1,lamp,85.680770874,62.4617729187,8.1919486949,0,521.723992967,0.206033855677
UBFC_A1/Eval_On_COHFACE,COHFACE,old,COHFACE_s24_session1_lamp,32,90.0,59.0,large_error,90.0,0.9999999999999999,89.0,0.9865191372428406,91.0,0.9058128329382861,59.0,0.9999999999999998,58.0,0.9442130516716125,60.0,0.938002008352864,24_1,24,1,lamp,85.680770874,62.4617729187,8.1919486949,0,521.723992967,0.206033855677
UBFC_A1/Eval_On_COHFACE,COHFACE,old,COHFACE_s24_session1_lamp,33,90.0,61.99999999999999,large_error,90.0,0.9999999999999999,91.0,0.9839479492016856,89.0,0.9038525652790191,61.99999999999999,0.9999999999999992,61.0,0.9796751920162408,57.0,0.9728331621897627,24_1,24,1,lamp,85.680770874,62.4617729187,8.1919486949,0,521.723992967,0.206033855677
UBFC_A1/Eval_On_COHFACE,COHFACE,old,COHFACE_s24_session1_lamp,34,90.0,53.0,large_error,90.0,0.9999999999999999,91.0,0.9818206778984203,89.0,0.9063206812866818,53.0,0.9999999999999996,52.0,0.9661743453564489,54.0,0.8931122142162415,24_1,24,1,lamp,85.680770874,62.4617729187,8.1919486949,0,521.723992967,0.206033855677
UBFC_A1/Eval_On_COHFACE,COHFACE,old,COHFACE_s24_session1_lamp,35,90.0,52.0,sub_harmonic_half,90.0,0.9999999999999999,89.0,0.993224467155285,91.0,0.8983283174952542,52.0,0.9999999999999998,51.0,0.992654674863837,53.0,0.8741409319397377,24_1,24,1,lamp,85.680770874,62.4617729187,8.1919486949,0,521.723992967,0.206033855677
UBFC_A1/Eval_On_COHFACE,COHFACE,old,COHFACE_s24_session1_lamp,36,89.0,40.0,sub_harmonic_half,89.0,0.9999999999999999,90.0,0.9938939670999978,88.0,0.8926329086839341,40.0,0.9999999999999991,64.0,0.8893712693346123,55.0,0.8822790449173996,24_1,24,1,lamp,85.680770874,62.4617729187,8.1919486949,0,521.723992967,0.206033855677
UBFC_A1/Eval_On_COHFACE,COHFACE,old,COHFACE_s24_session1_lamp,37,90.0,46.0,sub_harmonic_half,90.0,0.9999999999999999,89.0,0.9852615263969096,91.0,0.8918169459027009,46.0,0.9999999999999996,45.0,0.9938692676846305,47.0,0.865122699761619,24_1,24,1,lamp,85.680770874,62.4617729187,8.1919486949,0,521.723992967,0.206033855677
UBFC_A1/Eval_On_COHFACE,COHFACE,old,COHFACE_s24_session1_lamp,38,89.0,44.0,sub_harmonic_half,89.0,0.9999999999999999,88.0,0.9719427199744333,90.0,0.9193141414213292,44.0,0.9999999999999998,43.0,0.9698405172131325,45.0,0.9064876661524068,24_1,24,1,lamp,85.680770874,62.4617729187,8.1919486949,0,521.723992967,0.206033855677
UBFC_A1/Eval_On_COHFACE,COHFACE,old,COHFACE_s24_session1_lamp,39,88.0,40.0,sub_harmonic_half,88.0,0.9999999999999999,87.0,0.9731362830955764,89.0,0.9107069146016384,40.0,0.9999999999999996,79.0,0.9307141648456181,80.0,0.929021596247123,24_1,24,1,lamp,85.680770874,62.4617729187,8.1919486949,0,521.723992967,0.206033855677
UBFC_A1/Eval_On_COHFACE,COHFACE,old,COHFACE_s24_session1_lamp,40,88.0,81.0,large_error,88.0,0.9999999999999999,89.0,0.9539308993557454,87.0,0.9364023868772648,81.0,0.9999999999999997,80.0,0.990608407870951,82.0,0.9175305409971947,24_1,24,1,lamp,85.680770874,62.4617729187,8.1919486949,0,521.723992967,0.206033855677
UBFC_A1/Eval_On_COHFACE,COHFACE,old,COHFACE_s24_session1_lamp,41,89.0,42.0,sub_harmonic_half,89.0,0.9999999999999999,90.0,0.965480190007743,88.0,0.9231031006960543,42.0,0.9999999999999997,43.0,0.9895576870424441,41.0,0.8866628857135251,24_1,24,1,lamp,85.680770874,62.4617729187,8.1919486949,0,521.723992967,0.206033855677
UBFC_A1/Eval_On_COHFACE,COHFACE,old,COHFACE_s24_session1_lamp,42,89.0,80.0,large_error,89.0,0.9999999999999999,88.0,0.966188700334941,90.0,0.9181572402141746,80.0,0.9999999999999998,79.0,0.9510509643946529,81.0,0.9463860022527188,24_1,24,1,lamp,85.680770874,62.4617729187,8.1919486949,0,521.723992967,0.206033855677
UBFC_A1/Eval_On_COHFACE,COHFACE,old,COHFACE_s24_session1_lamp,43,88.0,81.0,large_error,88.0,0.9999999999999999,89.0,0.9785867052654993,87.0,0.9010820004750593,81.0,0.9999999999999997,80.0,0.9769905197086403,82.0,0.9244897294585773,24_1,24,1,lamp,85.680770874,62.4617729187,8.1919486949,0,521.723992967,0.206033855677
UBFC_A1/Eval_On_COHFACE,COHFACE,old,COHFACE_s24_session1_lamp,44,89.0,77.0,large_error,89.0,0.9999999999999999,88.0,0.987092193431657,90.0,0.8956947684052101,77.0,0.9999999999999997,78.0,0.9966383351498955,76.0,0.9319586622082431,24_1,24,1,lamp,85.680770874,62.4617729187,8.1919486949,0,521.723992967,0.206033855677
UBFC_A1/Eval_On_COHFACE,COHFACE,old,COHFACE_s24_session1_lamp,45,89.0,40.0,sub_harmonic_half,89.0,0.9999999999999999,88.0,0.9471597102371837,90.0,0.9253997919955236,40.0,0.9999999999999998,80.0,0.9649061882254963,41.0,0.9317779493994592,24_1,24,1,lamp,85.680770874,62.4617729187,8.1919486949,0,521.723992967,0.206033855677
UBFC_A1/Eval_On_COHFACE,COHFACE,old,COHFACE_s24_session1_lamp,46,88.0,80.0,large_error,88.0,0.9999999999999999,89.0,0.9996787546690972,87.0,0.8886748314775662,80.0,0.9999999999999997,79.0,0.9528847791744995,81.0,0.9386920078882285,24_1,24,1,lamp,85.680770874,62.4617729187,8.1919486949,0,521.723992967,0.206033855677
UBFC_A1/Eval_On_COHFACE,COHFACE,old,COHFACE_s24_session1_lamp,47,88.0,60.0,large_error,88.0,0.9999999999999999,87.0,0.9454057880915089,89.0,0.944144935417763,60.0,0.9999999999999998,59.0,0.9496747530845154,61.0,0.928531925972466,24_1,24,1,lamp,85.680770874,62.4617729187,8.1919486949,0,521.723992967,0.206033855677
UBFC_A1/Eval_On_COHFACE,COHFACE,old,COHFACE_s24_session1_lamp,48,88.0,81.0,large_error,88.0,1.0,87.0,0.9725838272801337,89.0,0.9123607917925011,81.0,0.9999999999999997,82.0,0.9564653356069526,80.0,0.9349463272126983,24_1,24,1,lamp,85.680770874,62.4617729187,8.1919486949,0,521.723992967,0.206033855677
UBFC_A1/Eval_On_COHFACE,COHFACE,old,COHFACE_s24_session1_lamp,49,88.0,81.0,large_error,88.0,1.0,89.0,0.9500408004586697,87.0,0.9291254129918071,81.0,0.9999999999999997,82.0,0.9674047230858791,80.0,0.9440544419683127,24_1,24,1,lamp,85.680770874,62.4617729187,8.1919486949,0,521.723992967,0.206033855677
UBFC_A1/Eval_On_COHFACE,COHFACE,old,COHFACE_s24_session1_lamp,50,88.0,51.0,sub_harmonic_half,88.0,1.0,89.0,0.9655259123391103,87.0,0.9216987031561342,51.0,0.9999999999999998,52.0,0.936200036753936,50.0,0.8860285740683489,24_1,24,1,lamp,85.680770874,62.4617729187,8.1919486949,0,521.723992967,0.206033855677
UBFC_A1/Eval_On_COHFACE,COHFACE,old,COHFACE_s24_session2_natural,0,95.0,41.0,large_error,95.0,0.9999999999999998,96.0,0.9681297837472582,94.0,0.9617023055734423,41.0,0.9999999999999997,40.0,0.979007811847864,42.0,0.966190871952351,24_2,24,2,natural,78.8459625244,63.1220245361,15.7108923783,0,467.318910131,0.221164092422
UBFC_A1/Eval_On_COHFACE,COHFACE,old,COHFACE_s24_session2_natural,1,92.0,56.0,large_error,92.0,0.9999999999999999,93.0,0.9870832965449322,91.0,0.908278220611437,56.0,0.9999999999999993,57.0,0.9937579941009402,44.0,0.9860859087840961,24_2,24,2,natural,78.8459625244,63.1220245361,15.7108923783,0,467.318910131,0.221164092422
UBFC_A1/Eval_On_COHFACE,COHFACE,old,COHFACE_s24_session2_natural,2,91.0,60.0,large_error,91.0,0.9999999999999999,92.0,0.9564025904884254,90.0,0.9275164131455123,60.0,0.9999999999999999,59.0,0.9875178767679383,61.0,0.8755279460846538,24_2,24,2,natural,78.8459625244,63.1220245361,15.7108923783,0,467.318910131,0.221164092422
UBFC_A1/Eval_On_COHFACE,COHFACE,old,COHFACE_s24_session2_natural,3,90.0,60.0,large_error,90.0,0.9999999999999999,91.0,0.9877255285018828,89.0,0.8901334569484864,60.0,0.9999999999999999,59.0,0.9788746308930172,61.0,0.9202346544894853,24_2,24,2,natural,78.8459625244,63.1220245361,15.7108923783,0,467.318910131,0.221164092422
UBFC_A1/Eval_On_COHFACE,COHFACE,old,COHFACE_s24_session2_natural,4,90.0,60.0,large_error,90.0,0.9999999999999999,91.0,0.9599310566600803,89.0,0.9300149194775613,60.0,0.9999999999999998,61.0,0.9837816848296735,59.0,0.9668011859835101,24_2,24,2,natural,78.8459625244,63.1220245361,15.7108923783,0,467.318910131,0.221164092422
UBFC_A1/Eval_On_COHFACE,COHFACE,old,COHFACE_s24_session2_natural,5,90.0,60.0,large_error,90.0,0.9999999999999999,89.0,0.9821453827297519,91.0,0.9142358471330105,60.0,0.9999999999999999,59.0,0.9953582932056403,61.0,0.9159272752902404,24_2,24,2,natural,78.8459625244,63.1220245361,15.7108923783,0,467.318910131,0.221164092422
UBFC_A1/Eval_On_COHFACE,COHFACE,old,COHFACE_s24_session2_natural,6,91.0,63.0,large_error,91.0,0.9999999999999999,90.0,0.9975657122683087,92.0,0.9022752527129178,63.0,0.9999999999999997,64.0,0.9292583315846716,61.99999999999999,0.9184742334472434,24_2,24,2,natural,78.8459625244,63.1220245361,15.7108923783,0,467.318910131,0.221164092422
UBFC_A1/Eval_On_COHFACE,COHFACE,old,COHFACE_s24_session2_natural,7,92.0,81.0,large_error,92.0,1.0,91.0,0.9605644662114535,93.0,0.923027302231973,81.0,0.9999999999999998,82.0,0.9506636391112528,80.0,0.9248453123262478,24_2,24,2,natural,78.8459625244,63.1220245361,15.7108923783,0,467.318910131,0.221164092422
UBFC_A1/Eval_On_COHFACE,COHFACE,old,COHFACE_s24_session2_natural,8,91.0,51.0,sub_harmonic_half,91.0,0.9999999999999999,92.0,0.9955979307429655,90.0,0.893898932852961,51.0,0.9999999999999997,52.0,0.9957843095216706,50.0,0.8685694918454429,24_2,24,2,natural,78.8459625244,63.1220245361,15.7108923783,0,467.318910131,0.221164092422
UBFC_A1/Eval_On_COHFACE,COHFACE,old,COHFACE_s24_session2_natural,9,91.0,80.0,large_error,91.0,0.9999999999999999,90.0,0.9783219329498682,92.0,0.9051673464556717,80.0,0.9999999999999998,81.0,0.9589237197538671,79.0,0.9014095919169511,24_2,24,2,natural,78.8459625244,63.1220245361,15.7108923783,0,467.318910131,0.221164092422
UBFC_A1/Eval_On_COHFACE,COHFACE,old,COHFACE_s24_session2_natural,10,91.0,82.0,large_error,91.0,0.9999999999999999,90.0,0.9511023808707058,92.0,0.9238237420077355,82.0,0.9999999999999998,81.0,0.9828514437406658,83.0,0.924878963759145,24_2,24,2,natural,78.8459625244,63.1220245361,15.7108923783,0,467.318910131,0.221164092422
UBFC_A1/Eval_On_COHFACE,COHFACE,old,COHFACE_s24_session2_natural,11,90.0,80.0,large_error,90.0,0.9999999999999999,89.0,0.9538018744530133,91.0,0.9293961496955159,80.0,0.9999999999999997,79.0,0.9922382066910356,81.0,0.981100841824707,24_2,24,2,natural,78.8459625244,63.1220245361,15.7108923783,0,467.318910131,0.221164092422
UBFC_A1/Eval_On_COHFACE,COHFACE,old,COHFACE_s24_session2_natural,12,89.0,80.0,large_error,89.0,0.9999999999999999,88.0,0.9638848858384436,90.0,0.9327374347151851,80.0,0.9999999999999998,81.0,0.9865679402464194,79.0,0.9135623353389952,24_2,24,2,natural,78.8459625244,63.1220245361,15.7108923783,0,467.318910131,0.221164092422
UBFC_A1/Eval_On_COHFACE,COHFACE,old,COHFACE_s24_session2_natural,13,89.0,81.0,large_error,89.0,0.9999999999999999,88.0,0.9569929203107276,90.0,0.9376570920449603,81.0,0.9999999999999999,80.0,0.9715247987007439,82.0,0.928414911236843,24_2,24,2,natural,78.8459625244,63.1220245361,15.7108923783,0,467.318910131,0.221164092422
UBFC_A1/Eval_On_COHFACE,COHFACE,old,COHFACE_s24_session2_natural,14,90.0,43.0,sub_harmonic_half,90.0,0.9999999999999999,89.0,0.9535659419440119,91.0,0.942245437156048,43.0,0.9999999999999998,44.0,0.9521753089577144,42.0,0.9333282662084574,24_2,24,2,natural,78.8459625244,63.1220245361,15.7108923783,0,467.318910131,0.221164092422
UBFC_A1/Eval_On_COHFACE,COHFACE,old,COHFACE_s24_session2_natural,15,91.0,81.0,large_error,91.0,0.9999999999999999,90.0,0.9824222814113946,92.0,0.9042455941926156,81.0,0.9999999999999998,80.0,0.9636599090833496,82.0,0.9211377116740138,24_2,24,2,natural,78.8459625244,63.1220245361,15.7108923783,0,467.318910131,0.221164092422
UBFC_A1/Eval_On_COHFACE,COHFACE,old,COHFACE_s24_session2_natural,16,91.0,81.0,large_error,91.0,0.9999999999999999,90.0,0.9569418635547661,92.0,0.9352360338615149,81.0,0.9999999999999998,80.0,0.9584585292206584,82.0,0.9448269251258788,24_2,24,2,natural,78.8459625244,63.1220245361,15.7108923783,0,467.318910131,0.221164092422
UBFC_A1/Eval_On_COHFACE,COHFACE,old,COHFACE_s24_session2_natural,17,92.0,43.0,sub_harmonic_half,92.0,0.9999999999999999,91.0,0.9835598506873605,93.0,0.8973303204602362,43.0,0.9999999999999999,44.0,0.9673704030364574,42.0,0.9174339556725928,24_2,24,2,natural,78.8459625244,63.1220245361,15.7108923783,0,467.318910131,0.221164092422
UBFC_A1/Eval_On_COHFACE,COHFACE,old,COHFACE_s24_session2_natural,18,92.0,40.0,large_error,92.0,0.9999999999999999,93.0,0.947509430625737,91.0,0.9246701223328384,40.0,0.9999999999999998,41.0,0.8707571496333646,80.0,0.7853047386378432,24_2,24,2,natural,78.8459625244,63.1220245361,15.7108923783,0,467.318910131,0.221164092422
UBFC_A1/Eval_On_COHFACE,COHFACE,old,COHFACE_s24_session2_natural,19,92.0,41.0,sub_harmonic_half,92.0,0.9999999999999999,91.0,0.9885806954528644,93.0,0.893758880425578,41.0,0.9999999999999997,40.0,0.9948346849451579,80.0,0.9815393177441011,24_2,24,2,natural,78.8459625244,63.1220245361,15.7108923783,0,467.318910131,0.221164092422
UBFC_A1/Eval_On_COHFACE,COHFACE,old,COHFACE_s24_session2_natural,20,91.0,43.0,sub_harmonic_half,91.0,0.9999999999999999,92.0,0.991440586925913,90.0,0.8938509239273498,43.0,0.9999999999999998,44.0,0.9989782496307819,42.0,0.8912957423734702,24_2,24,2,natural,78.8459625244,63.1220245361,15.7108923783,0,467.318910131,0.221164092422
UBFC_A1/Eval_On_COHFACE,COHFACE,old,COHFACE_s24_session2_natural,21,92.0,40.0,large_error,92.0,0.9999999999999998,93.0,0.9791621126921021,91.0,0.9040059572998964,40.0,0.9999999999999998,41.0,0.769680119446408,80.0,0.6243437112781286,24_2,24,2,natural,78.8459625244,63.1220245361,15.7108923783,0,467.318910131,0.221164092422
UBFC_A1/Eval_On_COHFACE,COHFACE,old,COHFACE_s24_session2_natural,22,93.0,81.0,large_error,93.0,0.9999999999999999,92.0,0.9813104325532954,94.0,0.8975759716828239,81.0,0.9999999999999997,80.0,0.9807445178255866,82.0,0.9123702591570947,24_2,24,2,natural,78.8459625244,63.1220245361,15.7108923783,0,467.318910131,0.221164092422
UBFC_A1/Eval_On_COHFACE,COHFACE,old,COHFACE_s24_session2_natural,23,93.0,77.0,large_error,93.0,0.9999999999999999,92.0,0.9964874412231838,94.0,0.8952417828658836,77.0,0.9999999999999996,76.0,0.9682751203262809,78.0,0.9403648357341893,24_2,24,2,natural,78.8459625244,63.1220245361,15.7108923783,0,467.318910131,0.221164092422
UBFC_A1/Eval_On_COHFACE,COHFACE,old,COHFACE_s24_session2_natural,24,92.0,40.0,large_error,92.0,0.9999999999999999,93.0,0.9944007826828295,91.0,0.884290098199346,40.0,0.9999999999999997,80.0,0.8821042143876764,120.0,0.8638116190684917,24_2,24,2,natural,78.8459625244,63.1220245361,15.7108923783,0,467.318910131,0.221164092422
UBFC_A1/Eval_On_COHFACE,COHFACE,old,COHFACE_s24_session2_natural,25,92.0,81.0,large_error,92.0,0.9999999999999999,93.0,0.9582573686269739,91.0,0.9313571521432846,81.0,0.9999999999999997,80.0,0.9592088135326675,82.0,0.9560364655035306,24_2,24,2,natural,78.8459625244,63.1220245361,15.7108923783,0,467.318910131,0.221164092422
UBFC_A1/Eval_On_COHFACE,COHFACE,old,COHFACE_s24_session2_natural,26,91.0,45.0,sub_harmonic_half,91.0,0.9999999999999999,90.0,0.9518590103799998,92.0,0.9476644658967304,45.0,0.9999999999999996,46.0,0.9718337956922788,44.0,0.9376229114473505,24_2,24,2,natural,78.8459625244,63.1220245361,15.7108923783,0,467.318910131,0.221164092422
UBFC_A1/Eval_On_COHFACE,COHFACE,old,COHFACE_s24_session2_natural,27,89.0,80.0,large_error,89.0,0.9999999999999999,90.0,0.9870339796985275,88.0,0.905804750030562,80.0,0.9999999999999997,81.0,0.9854761834772416,40.0,0.9809448812489474,24_2,24,2,natural,78.8459625244,63.1220245361,15.7108923783,0,467.318910131,0.221164092422
UBFC_A1/Eval_On_COHFACE,COHFACE,old,COHFACE_s24_session2_natural,28,88.0,81.0,large_error,88.0,0.9999999999999999,89.0,0.9978176460110287,87.0,0.8881159059486007,81.0,0.9999999999999997,80.0,0.9789844071513589,82.0,0.9049127892938806,24_2,24,2,natural,78.8459625244,63.1220245361,15.7108923783,0,467.318910131,0.221164092422
UBFC_A1/Eval_On_COHFACE,COHFACE,old,COHFACE_s24_session2_natural,29,89.0,51.0,sub_harmonic_half,89.0,0.9999999999999999,88.0,0.9685896200089161,90.0,0.9234557261525577,51.0,0.9999999999999999,52.0,0.9425212679189396,50.0,0.9001123811327221,24_2,24,2,natural,78.8459625244,63.1220245361,15.7108923783,0,467.318910131,0.221164092422
UBFC_A1/Eval_On_COHFACE,COHFACE,old,COHFACE_s24_session2_natural,30,89.0,40.0,sub_harmonic_half,89.0,0.9999999999999999,88.0,0.9427372070646127,90.0,0.9420648045656776,40.0,0.9999999999999998,41.0,0.9109584883388236,80.0,0.852021915341077,24_2,24,2,natural,78.8459625244,63.1220245361,15.7108923783,0,467.318910131,0.221164092422
UBFC_A1/Eval_On_COHFACE,COHFACE,old,COHFACE_s24_session2_natural,31,90.0,81.0,large_error,90.0,0.9999999999999999,91.0,0.9440506821909593,89.0,0.9386423954246982,81.0,0.9999999999999997,82.0,0.9734114867393144,80.0,0.9562637259340554,24_2,24,2,natural,78.8459625244,63.1220245361,15.7108923783,0,467.318910131,0.221164092422
UBFC_A1/Eval_On_COHFACE,COHFACE,old,COHFACE_s24_session2_natural,32,92.0,44.0,sub_harmonic_half,92.0,0.9999999999999999,91.0,0.9954319306968601,93.0,0.900428528422762,44.0,0.9999999999999999,43.0,0.9951126554827253,45.0,0.911798716048336,24_2,24,2,natural,78.8459625244,63.1220245361,15.7108923783,0,467.318910131,0.221164092422
UBFC_A1/Eval_On_COHFACE,COHFACE,old,COHFACE_s24_session2_natural,33,92.0,81.0,large_error,92.0,0.9999999999999999,93.0,0.9957552605345217,91.0,0.893168962582043,81.0,0.9999999999999998,80.0,0.9961548277829184,40.0,0.9524527502911881,24_2,24,2,natural,78.8459625244,63.1220245361,15.7108923783,0,467.318910131,0.221164092422
UBFC_A1/Eval_On_COHFACE,COHFACE,old,COHFACE_s24_session2_natural,34,92.0,81.0,large_error,92.0,0.9999999999999999,91.0,0.9491186262011102,93.0,0.9406742389108339,81.0,0.9999999999999998,82.0,0.9650235458898255,80.0,0.9398319526030051,24_2,24,2,natural,78.8459625244,63.1220245361,15.7108923783,0,467.318910131,0.221164092422
UBFC_A1/Eval_On_COHFACE,COHFACE,old,COHFACE_s24_session2_natural,35,92.0,44.0,sub_harmonic_half,92.0,0.9999999999999999,91.0,0.9743492445178779,93.0,0.9262818223880831,44.0,0.9999999999999998,43.0,0.9952968293447966,45.0,0.891642440403794,24_2,24,2,natural,78.8459625244,63.1220245361,15.7108923783,0,467.318910131,0.221164092422
UBFC_A1/Eval_On_COHFACE,COHFACE,old,COHFACE_s24_session2_natural,36,91.0,81.0,large_error,91.0,0.9999999999999999,92.0,0.9553962586532988,90.0,0.9351897955806462,81.0,0.9999999999999996,82.0,0.9531134695174676,80.0,0.9269886276598075,24_2,24,2,natural,78.8459625244,63.1220245361,15.7108923783,0,467.318910131,0.221164092422
UBFC_A1/Eval_On_COHFACE,COHFACE,old,COHFACE_s24_session2_natural,37,91.0,120.0,super_harmonic_1p5x,91.0,0.9999999999999999,92.0,0.9519161929035743,90.0,0.9352556927407126,120.0,0.9999999999999994,121.0,0.9849254359377302,119.0,0.9171676705892582,24_2,24,2,natural,78.8459625244,63.1220245361,15.7108923783,0,467.318910131,0.221164092422
UBFC_A1/Eval_On_COHFACE,COHFACE,old,COHFACE_s24_session2_natural,38,92.0,69.0,large_error,92.0,0.9999999999999999,91.0,0.976599787932769,93.0,0.9101351793035624,69.0,0.9999999999999998,68.0,0.944827325391756,70.0,0.8632033036238758,24_2,24,2,natural,78.8459625244,63.1220245361,15.7108923783,0,467.318910131,0.221164092422
UBFC_A1/Eval_On_COHFACE,COHFACE,old,COHFACE_s24_session2_natural,39,93.0,80.0,large_error,93.0,0.9999999999999998,92.0,0.9612725942938274,94.0,0.9261744077990445,80.0,0.9999999999999997,81.0,0.9393097177099241,79.0,0.9089842244885263,24_2,24,2,natural,78.8459625244,63.1220245361,15.7108923783,0,467.318910131,0.221164092422
UBFC_A1/Eval_On_COHFACE,COHFACE,old,COHFACE_s24_session2_natural,40,94.0,82.0,large_error,94.0,0.9999999999999999,95.0,0.9541930473179513,93.0,0.925967974978637,82.0,0.9999999999999998,81.0,0.9468344127060951,83.0,0.9267890729317709,24_2,24,2,natural,78.8459625244,63.1220245361,15.7108923783,0,467.318910131,0.221164092422
UBFC_A1/Eval_On_COHFACE,COHFACE,old,COHFACE_s24_session2_natural,41,95.0,59.0,large_error,95.0,0.9999999999999999,94.0,0.9568464204702021,96.0,0.9280017811040066,59.0,0.9999999999999998,58.0,0.9669997994467836,60.0,0.9167985513318593,24_2,24,2,natural,78.8459625244,63.1220245361,15.7108923783,0,467.318910131,0.221164092422
UBFC_A1/Eval_On_COHFACE,COHFACE,old,COHFACE_s24_session2_natural,42,94.0,80.0,large_error,94.0,0.9999999999999998,95.0,0.9743445129796898,93.0,0.9280549633982446,80.0,0.9999999999999997,79.0,0.9463381088419044,81.0,0.9237218528072427,24_2,24,2,natural,78.8459625244,63.1220245361,15.7108923783,0,467.318910131,0.221164092422
UBFC_A1/Eval_On_COHFACE,COHFACE,old,COHFACE_s24_session2_natural,43,93.0,80.0,large_error,93.0,0.9999999999999999,92.0,0.9818253858812607,94.0,0.9348794660896647,80.0,0.9999999999999998,79.0,0.9692370732702946,81.0,0.9587250051016913,24_2,24,2,natural,78.8459625244,63.1220245361,15.7108923783,0,467.318910131,0.221164092422
UBFC_A1/Eval_On_COHFACE,COHFACE,old,COHFACE_s24_session2_natural,44,90.0,77.0,large_error,90.0,0.9999999999999999,91.0,0.966459037556912,89.0,0.9489187098553786,77.0,0.9999999999999998,78.0,0.9797548655956596,76.0,0.9401605220413736,24_2,24,2,natural,78.8459625244,63.1220245361,15.7108923783,0,467.318910131,0.221164092422
UBFC_A1/Eval_On_COHFACE,COHFACE,old,COHFACE_s24_session2_natural,45,89.0,81.0,large_error,89.0,0.9999999999999998,88.0,0.9789343424028759,90.0,0.9196316041081003,81.0,0.9999999999999998,80.0,0.9919970124682705,82.0,0.9212647499615241,24_2,24,2,natural,78.8459625244,63.1220245361,15.7108923783,0,467.318910131,0.221164092422
UBFC_A1/Eval_On_COHFACE,COHFACE,old,COHFACE_s24_session2_natural,46,88.0,82.0,large_error,88.0,0.9999999999999998,89.0,0.9722366490663094,87.0,0.9076333238818828,82.0,0.9999999999999998,81.0,0.9742037309155653,83.0,0.9459719294705229,24_2,24,2,natural,78.8459625244,63.1220245361,15.7108923783,0,467.318910131,0.221164092422
UBFC_A1/Eval_On_COHFACE,COHFACE,old,COHFACE_s24_session2_natural,47,88.0,43.0,sub_harmonic_half,88.0,0.9999999999999999,89.0,0.9595166966406997,87.0,0.91093753508609,43.0,0.9999999999999998,44.0,0.9511410998314873,42.0,0.9325978044740201,24_2,24,2,natural,78.8459625244,63.1220245361,15.7108923783,0,467.318910131,0.221164092422
UBFC_A1/Eval_On_COHFACE,COHFACE,old,COHFACE_s24_session2_natural,48,90.0,40.0,sub_harmonic_half,90.0,0.9999999999999999,89.0,0.9694815744184787,91.0,0.9089595250899017,40.0,0.9999999999999997,41.0,0.8167319649691963,80.0,0.5972395955118894,24_2,24,2,natural,78.8459625244,63.1220245361,15.7108923783,0,467.318910131,0.221164092422
UBFC_A1/Eval_On_COHFACE,COHFACE,old,COHFACE_s24_session2_natural,49,90.0,41.0,sub_harmonic_half,90.0,0.9999999999999999,91.0,0.9955191779461393,89.0,0.8923115223834508,41.0,0.9999999999999996,40.0,0.9866465670130617,80.0,0.9748840078963731,24_2,24,2,natural,78.8459625244,63.1220245361,15.7108923783,0,467.318910131,0.221164092422
UBFC_A1/Eval_On_COHFACE,COHFACE,old,COHFACE_s24_session2_natural,50,91.0,43.0,sub_harmonic_half,91.0,0.9999999999999999,92.0,0.989533822669465,90.0,0.8980766725570325,43.0,0.9999999999999998,44.0,0.9457996509074751,42.0,0.9440706277612619,24_2,24,2,natural,78.8459625244,63.1220245361,15.7108923783,0,467.318910131,0.221164092422
UBFC_A1/Eval_On_COHFACE,COHFACE,old,COHFACE_s24_session3_natural,0,92.0,40.0,large_error,92.0,0.9999999999999998,93.0,0.9928784045160333,91.0,0.8575019249022313,40.0,0.9999999999999997,41.0,0.7789328075365567,79.0,0.5389355072123987,24_3,24,3,natural,78.6426696777,63.4098815918,16.9206429791,0,443.886624637,0.223935112357
UBFC_A1/Eval_On_COHFACE,COHFACE,old,COHFACE_s24_session3_natural,1,91.0,41.0,sub_harmonic_half,91.0,0.9999999999999999,90.0,0.9632539255702022,92.0,0.929259309653776,41.0,0.9999999999999989,40.0,0.9799155502782251,42.0,0.9093342542683049,24_3,24,3,natural,78.6426696777,63.4098815918,16.9206429791,0,443.886624637,0.223935112357
UBFC_A1/Eval_On_COHFACE,COHFACE,old,COHFACE_s24_session3_natural,2,92.0,76.0,large_error,92.0,0.9999999999999999,91.0,0.9681366512395376,93.0,0.9184420569566092,76.0,0.9999999999999998,75.0,0.9898471197721215,77.0,0.9073564531751634,24_3,24,3,natural,78.6426696777,63.4098815918,16.9206429791,0,443.886624637,0.223935112357
UBFC_A1/Eval_On_COHFACE,COHFACE,old,COHFACE_s24_session3_natural,3,92.0,40.0,large_error,92.0,0.9999999999999999,93.0,0.9898137597428472,91.0,0.8911731358692145,40.0,0.9999999999999997,41.0,0.7706819077912049,80.0,0.7412454513426683,24_3,24,3,natural,78.6426696777,63.4098815918,16.9206429791,0,443.886624637,0.223935112357
UBFC_A1/Eval_On_COHFACE,COHFACE,old,COHFACE_s24_session3_natural,4,92.0,80.0,large_error,92.0,0.9999999999999998,91.0,0.9742544294112647,93.0,0.9298401840694617,80.0,0.9999999999999997,79.0,0.9828287028415842,53.0,0.9352833049924363,24_3,24,3,natural,78.6426696777,63.4098815918,16.9206429791,0,443.886624637,0.223935112357
UBFC_A1/Eval_On_COHFACE,COHFACE,old,COHFACE_s24_session3_natural,5,90.0,43.0,sub_harmonic_half,90.0,0.9999999999999998,89.0,0.9553365924326035,91.0,0.9307836033821285,43.0,0.9999999999999998,44.0,0.9419908099385891,42.0,0.9285404393858722,24_3,24,3,natural,78.6426696777,63.4098815918,16.9206429791,0,443.886624637,0.223935112357
UBFC_A1/Eval_On_COHFACE,COHFACE,old,COHFACE_s24_session3_natural,6,88.0,40.0,sub_harmonic_half,88.0,0.9999999999999998,89.0,0.9806287250071337,87.0,0.8973015591148003,40.0,0.9999999999999998,41.0,0.9021085766737125,81.0,0.8354205440611433,24_3,24,3,natural,78.6426696777,63.4098815918,16.9206429791,0,443.886624637,0.223935112357
UBFC_A1/Eval_On_COHFACE,COHFACE,old,COHFACE_s24_session3_natural,7,88.0,82.0,large_error,88.0,0.9999999999999998,89.0,0.9453824261545399,87.0,0.9379059202779292,82.0,0.9999999999999998,81.0,0.9774702484738509,83.0,0.92581406076987,24_3,24,3,natural,78.6426696777,63.4098815918,16.9206429791,0,443.886624637,0.223935112357
UBFC_A1/Eval_On_COHFACE,COHFACE,old,COHFACE_s24_session3_natural,8,87.0,43.0,sub_harmonic_half,87.0,0.9999999999999999,88.0,0.977111584902413,86.0,0.9067185606547787,43.0,0.9999999999999997,44.0,0.9937357015039832,42.0,0.9071948750098338,24_3,24,3,natural,78.6426696777,63.4098815918,16.9206429791,0,443.886624637,0.223935112357
UBFC_A1/Eval_On_COHFACE,COHFACE,old,COHFACE_s24_session3_natural,9,88.0,81.0,large_error,88.0,0.9999999999999999,89.0,0.9436014686806943,87.0,0.9314198101018887,81.0,0.9999999999999999,80.0,0.9644939088191142,82.0,0.917862452559874,24_3,24,3,natural,78.6426696777,63.4098815918,16.9206429791,0,443.886624637,0.223935112357
UBFC_A1/Eval_On_COHFACE,COHFACE,old,COHFACE_s24_session3_natural,10,91.0,81.0,large_error,91.0,0.9999999999999998,90.0,0.9848932002730014,92.0,0.9189440381341286,81.0,0.9999999999999998,82.0,0.962148116549835,80.0,0.9442304185352435,24_3,24,3,natural,78.6426696777,63.4098815918,16.9206429791,0,443.886624637,0.223935112357
UBFC_A1/Eval_On_COHFACE,COHFACE,old,COHFACE_s24_session3_natural,11,92.0,44.0,sub_harmonic_half,92.0,0.9999999999999998,91.0,0.984011350236582,93.0,0.9095100248162312,44.0,0.9999999999999998,43.0,0.9899632311952113,45.0,0.9094004569668516,24_3,24,3,natural,78.6426696777,63.4098815918,16.9206429791,0,443.886624637,0.223935112357
UBFC_A1/Eval_On_COHFACE,COHFACE,old,COHFACE_s24_session3_natural,12,91.0,81.0,large_error,91.0,0.9999999999999998,92.0,0.9896277705147533,90.0,0.9062882888758349,81.0,0.9999999999999998,80.0,0.958960349958534,82.0,0.9487303671209258,24_3,24,3,natural,78.6426696777,63.4098815918,16.9206429791,0,443.886624637,0.223935112357
UBFC_A1/Eval_On_COHFACE,COHFACE,old,COHFACE_s24_session3_natural,13,90.0,81.0,large_error,90.0,0.9999999999999999,89.0,0.9975590803740536,91.0,0.9163657655518792,81.0,0.9999999999999997,82.0,0.9788202170847252,80.0,0.9493947052099794,24_3,24,3,natural,78.6426696777,63.4098815918,16.9206429791,0,443.886624637,0.223935112357
UBFC_A1/Eval_On_COHFACE,COHFACE,old,COHFACE_s24_session3_natural,14,87.0,67.0,large_error,87.0,0.9999999999999999,88.0,0.9739033016733465,86.0,0.9303470923135172,67.0,0.9999999999999997,68.0,0.9993744014335783,66.0,0.9117083500187406,24_3,24,3,natural,78.6426696777,63.4098815918,16.9206429791,0,443.886624637,0.223935112357
UBFC_A1/Eval_On_COHFACE,COHFACE,old,COHFACE_s24_session3_natural,15,87.0,81.0,large_error,87.0,0.9999999999999998,86.0,0.9927094992006965,88.0,0.9025712331179159,81.0,0.9999999999999996,80.0,0.9908239045214275,82.0,0.8396616434730197,24_3,24,3,natural,78.6426696777,63.4098815918,16.9206429791,0,443.886624637,0.223935112357
UBFC_A1/Eval_On_COHFACE,COHFACE,old,COHFACE_s24_session3_natural,16,87.0,40.0,sub_harmonic_half,87.0,0.9999999999999998,86.0,0.9682064533275234,88.0,0.9156243692507545,40.0,0.9999999999999994,41.0,0.795690487316683,42.0,0.5717644894939491,24_3,24,3,natural,78.6426696777,63.4098815918,16.9206429791,0,443.886624637,0.223935112357
UBFC_A1/Eval_On_COHFACE,COHFACE,old,COHFACE_s24_session3_natural,17,87.0,42.0,sub_harmonic_half,87.0,0.9999999999999998,88.0,0.947283847762186,86.0,0.9053642056480113,42.0,0.9999999999999997,41.0,0.9972588312250101,40.0,0.8849783251802013,24_3,24,3,natural,78.6426696777,63.4098815918,16.9206429791,0,443.886624637,0.223935112357
UBFC_A1/Eval_On_COHFACE,COHFACE,old,COHFACE_s24_session3_natural,18,88.0,40.0,sub_harmonic_half,88.0,0.9999999999999999,87.0,0.9365687143875411,89.0,0.933450285191794,40.0,0.9999999999999998,80.0,0.8882184384516574,79.0,0.8330698452197675,24_3,24,3,natural,78.6426696777,63.4098815918,16.9206429791,0,443.886624637,0.223935112357
UBFC_A1/Eval_On_COHFACE,COHFACE,old,COHFACE_s24_session3_natural,19,89.0,80.0,large_error,89.0,0.9999999999999999,88.0,0.9690620166212189,90.0,0.9181183046868051,80.0,0.9999999999999996,81.0,0.9982432130234247,79.0,0.9200469994499324,24_3,24,3,natural,78.6426696777,63.4098815918,16.9206429791,0,443.886624637,0.223935112357
UBFC_A1/Eval_On_COHFACE,COHFACE,old,COHFACE_s24_session3_natural,20,89.0,43.0,sub_harmonic_half,89.0,0.9999999999999998,90.0,0.9710087983200939,88.0,0.9274957853588788,43.0,0.9999999999999997,42.0,0.9727834742434033,44.0,0.9150339540062987,24_3,24,3,natural,78.6426696777,63.4098815918,16.9206429791,0,443.886624637,0.223935112357
UBFC_A1/Eval_On_COHFACE,COHFACE,old,COHFACE_s24_session3_natural,21,87.0,80.0,large_error,87.0,0.9999999999999998,88.0,0.9945529150700555,86.0,0.9362334294903553,80.0,0.9999999999999997,81.0,0.9937139970493469,40.0,0.9666303216567672,24_3,24,3,natural,78.6426696777,63.4098815918,16.9206429791,0,443.886624637,0.223935112357
UBFC_A1/Eval_On_COHFACE,COHFACE,old,COHFACE_s24_session3_natural,22,86.0,81.0,large_error,86.0,0.9999999999999998,87.0,0.9901644600491727,85.0,0.9262846678424081,81.0,0.9999999999999996,80.0,0.9891133212917871,82.0,0.9578125200841037,24_3,24,3,natural,78.6426696777,63.4098815918,16.9206429791,0,443.886624637,0.223935112357
UBFC_A1/Eval_On_COHFACE,COHFACE,old,COHFACE_s24_session3_natural,23,86.0,77.0,large_error,86.0,0.9999999999999998,87.0,0.9850373501612465,85.0,0.9105453815931711,77.0,0.9999999999999998,78.0,0.9500276125389886,76.0,0.9325894498829834,24_3,24,3,natural,78.6426696777,63.4098815918,16.9206429791,0,443.886624637,0.223935112357
UBFC_A1/Eval_On_COHFACE,COHFACE,old,COHFACE_s24_session3_natural,24,87.0,40.0,sub_harmonic_half,87.0,0.9999999999999998,86.0,0.9727028452298686,88.0,0.8991488315390487,40.0,0.9999999999999997,41.0,0.7776852012401548,80.0,0.7473904629533437,24_3,24,3,natural,78.6426696777,63.4098815918,16.9206429791,0,443.886624637,0.223935112357
UBFC_A1/Eval_On_COHFACE,COHFACE,old,COHFACE_s24_session3_natural,25,87.0,80.0,large_error,87.0,0.9999999999999999,88.0,0.9962662677211165,86.0,0.8877905913320547,80.0,0.9999999999999997,81.0,0.9890454206383567,79.0,0.8783780969685964,24_3,24,3,natural,78.6426696777,63.4098815918,16.9206429791,0,443.886624637,0.223935112357
UBFC_A1/Eval_On_COHFACE,COHFACE,old,COHFACE_s24_session3_natural,26,88.0,44.0,sub_harmonic_half,88.0,0.9999999999999998,89.0,0.9980957187698283,87.0,0.8848401017087228,44.0,0.9999999999999998,43.0,0.9990969660447625,45.0,0.8980375475431193,24_3,24,3,natural,78.6426696777,63.4098815918,16.9206429791,0,443.886624637,0.223935112357
UBFC_A1/Eval_On_COHFACE,COHFACE,old,COHFACE_s24_session3_natural,27,90.0,40.0,sub_harmonic_half,90.0,0.9999999999999998,91.0,0.9732773992197773,89.0,0.912875052634959,40.0,0.9999999999999998,41.0,0.8976285207277727,80.0,0.8148584904110555,24_3,24,3,natural,78.6426696777,63.4098815918,16.9206429791,0,443.886624637,0.223935112357
UBFC_A1/Eval_On_COHFACE,COHFACE,old,COHFACE_s24_session3_natural,28,91.0,81.0,large_error,91.0,0.9999999999999999,90.0,0.9797425068075349,92.0,0.8931558772250934,81.0,0.9999999999999997,82.0,0.9658131248507181,80.0,0.9526383381628586,24_3,24,3,natural,78.6426696777,63.4098815918,16.9206429791,0,443.886624637,0.223935112357
UBFC_A1/Eval_On_COHFACE,COHFACE,old,COHFACE_s24_session3_natural,29,91.0,44.0,sub_harmonic_half,91.0,0.9999999999999998,90.0,0.9981161493041772,92.0,0.8972084941852826,44.0,0.9999999999999998,43.0,0.9878748329620836,45.0,0.900858078137971,24_3,24,3,natural,78.6426696777,63.4098815918,16.9206429791,0,443.886624637,0.223935112357
UBFC_A1/Eval_On_COHFACE,COHFACE,old,COHFACE_s24_session3_natural,30,91.0,81.0,large_error,91.0,0.9999999999999999,90.0,0.9786896449578842,92.0,0.9007915229097481,81.0,0.9999999999999998,80.0,0.9731495343398547,82.0,0.9069176161079548,24_3,24,3,natural,78.6426696777,63.4098815918,16.9206429791,0,443.886624637,0.223935112357
UBFC_A1/Eval_On_COHFACE,COHFACE,old,COHFACE_s24_session3_natural,31,91.0,81.0,large_error,91.0,0.9999999999999998,90.0,0.9708293428159137,92.0,0.9233057289600717,81.0,0.9999999999999998,80.0,0.9968941934906588,82.0,0.9063188760653409,24_3,24,3,natural,78.6426696777,63.4098815918,16.9206429791,0,443.886624637,0.223935112357
UBFC_A1/Eval_On_COHFACE,COHFACE,old,COHFACE_s24_session3_natural,32,91.0,42.0,sub_harmonic_half,91.0,0.9999999999999999,90.0,0.9549036525875603,92.0,0.9334648126741923,42.0,0.9999999999999997,43.0,0.9906826893534226,41.0,0.8581987571356254,24_3,24,3,natural,78.6426696777,63.4098815918,16.9206429791,0,443.886624637,0.223935112357
UBFC_A1/Eval_On_COHFACE,COHFACE,old,COHFACE_s24_session3_natural,33,90.0,79.0,large_error,90.0,0.9999999999999999,91.0,0.9728941867610909,89.0,0.9075956026454591,79.0,0.9999999999999997,78.0,0.9879069152291763,40.0,0.9198135391567822,24_3,24,3,natural,78.6426696777,63.4098815918,16.9206429791,0,443.886624637,0.223935112357
UBFC_A1/Eval_On_COHFACE,COHFACE,old,COHFACE_s24_session3_natural,34,90.0,40.0,sub_harmonic_half,90.0,0.9999999999999999,91.0,0.9919533967525648,89.0,0.8908941119517081,40.0,0.9999999999999993,41.0,0.8484394721895292,78.0,0.7860254255027158,24_3,24,3,natural,78.6426696777,63.4098815918,16.9206429791,0,443.886624637,0.223935112357
UBFC_A1/Eval_On_COHFACE,COHFACE,old,COHFACE_s24_session3_natural,35,91.0,51.0,sub_harmonic_half,91.0,0.9999999999999998,92.0,0.970379568025763,90.0,0.9139366212435497,51.0,0.9999999999999997,50.0,0.9639686498743515,52.0,0.861083183414403,24_3,24,3,natural,78.6426696777,63.4098815918,16.9206429791,0,443.886624637,0.223935112357
UBFC_A1/Eval_On_COHFACE,COHFACE,old,COHFACE_s24_session3_natural,36,92.0,40.0,large_error,92.0,0.9999999999999998,91.0,0.9890630011271718,93.0,0.9015872142118223,40.0,0.9999999999999998,41.0,0.8569666266546074,42.0,0.6435965885762907,24_3,24,3,natural,78.6426696777,63.4098815918,16.9206429791,0,443.886624637,0.223935112357
UBFC_A1/Eval_On_COHFACE,COHFACE,old,COHFACE_s24_session3_natural,37,92.0,42.0,sub_harmonic_half,92.0,0.9999999999999998,93.0,0.9518403289954294,91.0,0.9407281004078404,42.0,0.9999999999999997,41.0,0.9804080232255946,43.0,0.9557345922734707,24_3,24,3,natural,78.6426696777,63.4098815918,16.9206429791,0,443.886624637,0.223935112357
UBFC_A1/Eval_On_COHFACE,COHFACE,old,COHFACE_s24_session3_natural,38,93.0,43.0,sub_harmonic_half,93.0,0.9999999999999998,92.0,0.9634379867577804,94.0,0.9265748922780128,43.0,0.9999999999999998,44.0,0.9982521189886325,42.0,0.9070143352639956,24_3,24,3,natural,78.6426696777,63.4098815918,16.9206429791,0,443.886624637,0.223935112357
UBFC_A1/Eval_On_COHFACE,COHFACE,old,COHFACE_s24_session3_natural,39,93.0,40.0,large_error,93.0,0.9999999999999998,94.0,0.9616755843866174,92.0,0.9282045066785629,40.0,0.9999999999999998,41.0,0.9552244443323111,42.0,0.8150987116770961,24_3,24,3,natural,78.6426696777,63.4098815918,16.9206429791,0,443.886624637,0.223935112357
UBFC_A1/Eval_On_COHFACE,COHFACE,old,COHFACE_s24_session3_natural,40,94.0,43.0,sub_harmonic_half,94.0,0.9999999999999998,93.0,0.9507388531796034,95.0,0.9408089810489985,43.0,0.9999999999999997,44.0,0.97228269044521,42.0,0.9150458443619638,24_3,24,3,natural,78.6426696777,63.4098815918,16.9206429791,0,443.886624637,0.223935112357
UBFC_A1/Eval_On_COHFACE,COHFACE,old,COHFACE_s24_session3_natural,41,94.0,43.0,sub_harmonic_half,94.0,0.9999999999999998,95.0,0.9951374678751284,93.0,0.8931225685020519,43.0,0.9999999999999999,44.0,0.9780700840547333,42.0,0.8983889475540229,24_3,24,3,natural,78.6426696777,63.4098815918,16.9206429791,0,443.886624637,0.223935112357
UBFC_A1/Eval_On_COHFACE,COHFACE,old,COHFACE_s24_session3_natural,42,94.0,40.0,large_error,94.0,0.9999999999999998,95.0,0.9514565098336104,93.0,0.9289724184195401,40.0,0.9999999999999997,41.0,0.8195132372775067,42.0,0.5483078440700995,24_3,24,3,natural,78.6426696777,63.4098815918,16.9206429791,0,443.886624637,0.223935112357
UBFC_A1/Eval_On_COHFACE,COHFACE,old,COHFACE_s24_session3_natural,43,94.0,41.0,sub_harmonic_half,94.0,0.9999999999999999,93.0,0.9623749774459268,95.0,0.9277338018164257,41.0,0.9999999999999996,40.0,0.9902122421218558,42.0,0.8980549996516474,24_3,24,3,natural,78.6426696777,63.4098815918,16.9206429791,0,443.886624637,0.223935112357
UBFC_A1/Eval_On_COHFACE,COHFACE,old,COHFACE_s24_session3_natural,44,94.0,43.0,sub_harmonic_half,94.0,0.9999999999999998,93.0,0.971086528723024,95.0,0.908434857116467,43.0,0.9999999999999998,44.0,0.9448574490972599,42.0,0.9341235788623717,24_3,24,3,natural,78.6426696777,63.4098815918,16.9206429791,0,443.886624637,0.223935112357
UBFC_A1/Eval_On_COHFACE,COHFACE,old,COHFACE_s24_session3_natural,45,93.0,40.0,large_error,93.0,0.9999999999999998,92.0,0.9481371734290208,94.0,0.9287862646070493,40.0,0.9999999999999997,41.0,0.8660154860629881,80.0,0.6938051951104579,24_3,24,3,natural,78.6426696777,63.4098815918,16.9206429791,0,443.886624637,0.223935112357
UBFC_A1/Eval_On_COHFACE,COHFACE,old,COHFACE_s24_session3_natural,46,92.0,40.0,large_error,92.0,0.9999999999999998,91.0,0.9423222831608321,93.0,0.9397339847543266,40.0,0.9999999999999993,41.0,0.9319849597687633,120.0,0.8771656977753084,24_3,24,3,natural,78.6426696777,63.4098815918,16.9206429791,0,443.886624637,0.223935112357
UBFC_A1/Eval_On_COHFACE,COHFACE,old,COHFACE_s24_session3_natural,47,91.0,43.0,sub_harmonic_half,91.0,0.9999999999999998,92.0,0.9713161794511562,90.0,0.9153985117259242,43.0,0.9999999999999996,42.0,0.9900200444841706,44.0,0.9132075109032097,24_3,24,3,natural,78.6426696777,63.4098815918,16.9206429791,0,443.886624637,0.223935112357
UBFC_A1/Eval_On_COHFACE,COHFACE,old,COHFACE_s24_session3_natural,48,91.0,40.0,sub_harmonic_half,91.0,0.9999999999999998,90.0,0.976250671448044,92.0,0.9071936383062176,40.0,0.9999999999999997,41.0,0.7917840022752265,79.0,0.7516239236414638,24_3,24,3,natural,78.6426696777,63.4098815918,16.9206429791,0,443.886624637,0.223935112357
UBFC_A1/Eval_On_COHFACE,COHFACE,old,COHFACE_s24_session3_natural,49,91.0,81.0,large_error,91.0,0.9999999999999998,92.0,0.9578786224132283,90.0,0.9297782105633122,81.0,0.9999999999999993,82.0,0.9448042346949664,80.0,0.914122303524591,24_3,24,3,natural,78.6426696777,63.4098815918,16.9206429791,0,443.886624637,0.223935112357
UBFC_A1/Eval_On_COHFACE,COHFACE,old,COHFACE_s24_session3_natural,50,92.0,42.0,sub_harmonic_half,92.0,0.9999999999999999,91.0,0.9465054176561334,93.0,0.9378983780834641,42.0,0.9999999999999998,41.0,0.9356902263200284,43.0,0.918199951570337,24_3,24,3,natural,78.6426696777,63.4098815918,16.9206429791,0,443.886624637,0.223935112357
UBFC_A1/Eval_On_COHFACE,COHFACE,old,COHFACE_s25_session0_lamp,0,99.0,40.0,large_error,99.0,0.9999999999999999,98.0,0.96568934668337,100.0,0.9179548994148854,40.0,0.9999999999999996,41.0,0.8831445055865277,42.0,0.7085905033399684,25_0,25,0,lamp,126.023803711,53.3487319946,0.439907431988,0.00440480253843,559.858986158,0.180926114321
UBFC_A1/Eval_On_COHFACE,COHFACE,old,COHFACE_s25_session0_lamp,1,96.0,41.0,large_error,96.0,0.9999999999999998,97.0,0.961325319315868,95.0,0.9372288785245484,41.0,0.9999999999999993,42.0,0.9974122241140453,40.0,0.9391010161103974,25_0,25,0,lamp,126.023803711,53.3487319946,0.439907431988,0.00440480253843,559.858986158,0.180926114321
UBFC_A1/Eval_On_COHFACE,COHFACE,old,COHFACE_s25_session0_lamp,2,94.0,44.0,sub_harmonic_half,94.0,0.9999999999999999,95.0,0.9679033906139624,93.0,0.9169231825735357,44.0,0.9999999999999998,43.0,0.9977175343519805,45.0,0.9192947441368414,25_0,25,0,lamp,126.023803711,53.3487319946,0.439907431988,0.00440480253843,559.858986158,0.180926114321
UBFC_A1/Eval_On_COHFACE,COHFACE,old,COHFACE_s25_session0_lamp,3,92.0,49.0,sub_harmonic_half,92.0,0.9999999999999999,91.0,0.976044399154845,93.0,0.9084493430123658,49.0,0.9999999999999989,48.0,0.9429922075237857,50.0,0.9048468618021871,25_0,25,0,lamp,126.023803711,53.3487319946,0.439907431988,0.00440480253843,559.858986158,0.180926114321
UBFC_A1/Eval_On_COHFACE,COHFACE,old,COHFACE_s25_session0_lamp,4,90.0,81.0,large_error,90.0,0.9999999999999998,89.0,0.952997915958356,91.0,0.9465284780486757,81.0,0.9999999999999996,80.0,0.9650070710281636,82.0,0.923247549138885,25_0,25,0,lamp,126.023803711,53.3487319946,0.439907431988,0.00440480253843,559.858986158,0.180926114321
UBFC_A1/Eval_On_COHFACE,COHFACE,old,COHFACE_s25_session0_lamp,5,90.0,68.0,large_error,90.0,0.9999999999999999,89.0,0.9470629087924678,91.0,0.934554924203545,68.0,0.9999999999999996,67.0,0.9725989557162484,69.0,0.9215730206091426,25_0,25,0,lamp,126.023803711,53.3487319946,0.439907431988,0.00440480253843,559.858986158,0.180926114321
UBFC_A1/Eval_On_COHFACE,COHFACE,old,COHFACE_s25_session0_lamp,6,90.0,81.0,large_error,90.0,0.9999999999999999,91.0,0.9762610955166829,89.0,0.9049614650630543,81.0,0.9999999999999996,80.0,0.9559489129274423,82.0,0.9203880403064317,25_0,25,0,lamp,126.023803711,53.3487319946,0.439907431988,0.00440480253843,559.858986158,0.180926114321
UBFC_A1/Eval_On_COHFACE,COHFACE,old,COHFACE_s25_session0_lamp,7,90.0,82.0,large_error,90.0,0.9999999999999999,91.0,0.9977825567948829,92.0,0.8870195506940999,82.0,0.9999999999999993,83.0,0.975038830760848,81.0,0.8850691886979333,25_0,25,0,lamp,126.023803711,53.3487319946,0.439907431988,0.00440480253843,559.858986158,0.180926114321
UBFC_A1/Eval_On_COHFACE,COHFACE,old,COHFACE_s25_session0_lamp,8,91.0,52.0,sub_harmonic_half,91.0,0.9999999999999999,90.0,0.9492870015412557,92.0,0.9396606228128648,52.0,0.9999999999999993,42.0,0.9837856779351648,51.0,0.9761597304008579,25_0,25,0,lamp,126.023803711,53.3487319946,0.439907431988,0.00440480253843,559.858986158,0.180926114321
UBFC_A1/Eval_On_COHFACE,COHFACE,old,COHFACE_s25_session0_lamp,9,91.0,57.0,large_error,91.0,1.0,92.0,0.9763536111587744,90.0,0.9104680070355726,57.0,0.9999999999999991,56.0,0.9726278676428829,58.0,0.8975565105584282,25_0,25,0,lamp,126.023803711,53.3487319946,0.439907431988,0.00440480253843,559.858986158,0.180926114321
UBFC_A1/Eval_On_COHFACE,COHFACE,old,COHFACE_s25_session0_lamp,10,91.0,57.0,large_error,91.0,1.0,92.0,0.97572683595636,90.0,0.9123618650937275,57.0,0.9999999999999992,58.0,0.9741191949225712,56.0,0.9520072073401246,25_0,25,0,lamp,126.023803711,53.3487319946,0.439907431988,0.00440480253843,559.858986158,0.180926114321
UBFC_A1/Eval_On_COHFACE,COHFACE,old,COHFACE_s25_session0_lamp,11,90.0,59.0,large_error,90.0,1.0,89.0,0.982937954733551,91.0,0.9131514985505292,59.0,0.9999999999999996,60.0,0.9610737151310469,58.0,0.9330436388625442,25_0,25,0,lamp,126.023803711,53.3487319946,0.439907431988,0.00440480253843,559.858986158,0.180926114321
UBFC_A1/Eval_On_COHFACE,COHFACE,old,COHFACE_s25_session0_lamp,12,88.0,63.0,large_error,88.0,0.9999999999999999,89.0,0.9814112958090315,87.0,0.9052905303262765,63.0,0.9999999999999993,61.99999999999999,0.9556482916253994,119.0,0.934838077347182,25_0,25,0,lamp,126.023803711,53.3487319946,0.439907431988,0.00440480253843,559.858986158,0.180926114321
UBFC_A1/Eval_On_COHFACE,COHFACE,old,COHFACE_s25_session0_lamp,13,87.0,65.0,large_error,87.0,0.9999999999999999,88.0,0.9737732131830192,86.0,0.9138840331269564,65.0,0.9999999999999992,64.0,0.9848397551277543,66.0,0.971062212204148,25_0,25,0,lamp,126.023803711,53.3487319946,0.439907431988,0.00440480253843,559.858986158,0.180926114321
UBFC_A1/Eval_On_COHFACE,COHFACE,old,COHFACE_s25_session0_lamp,14,87.0,51.0,sub_harmonic_half,87.0,0.9999999999999999,86.0,0.9823606937311204,88.0,0.8963659865678769,51.0,0.9999999999999998,52.0,0.9422750073304723,50.0,0.876135470901687,25_0,25,0,lamp,126.023803711,53.3487319946,0.439907431988,0.00440480253843,559.858986158,0.180926114321
UBFC_A1/Eval_On_COHFACE,COHFACE,old,COHFACE_s25_session0_lamp,15,86.0,48.0,sub_harmonic_half,86.0,1.0,85.0,0.97328236187906,87.0,0.9176667633862636,48.0,0.9999999999999994,49.0,0.9616837181392431,47.0,0.9605103743010022,25_0,25,0,lamp,126.023803711,53.3487319946,0.439907431988,0.00440480253843,559.858986158,0.180926114321
UBFC_A1/Eval_On_COHFACE,COHFACE,old,COHFACE_s25_session0_lamp,16,85.0,47.0,sub_harmonic_half,85.0,1.0,86.0,0.9504827646984505,84.0,0.9327332642484998,47.0,0.9999999999999994,46.0,0.9631535962089384,48.0,0.9409177887102389,25_0,25,0,lamp,126.023803711,53.3487319946,0.439907431988,0.00440480253843,559.858986158,0.180926114321
UBFC_A1/Eval_On_COHFACE,COHFACE,old,COHFACE_s25_session0_lamp,17,85.0,46.0,sub_harmonic_half,85.0,1.0,86.0,0.9926848490274975,84.0,0.9000379941719653,46.0,0.9999999999999998,45.0,0.9645310853299973,47.0,0.9500494627381261,25_0,25,0,lamp,126.023803711,53.3487319946,0.439907431988,0.00440480253843,559.858986158,0.180926114321
UBFC_A1/Eval_On_COHFACE,COHFACE,old,COHFACE_s25_session0_lamp,18,87.0,50.0,sub_harmonic_half,87.0,1.0,86.0,0.99302540257319,88.0,0.8918000516933037,50.0,0.9999999999999997,51.0,0.999405661973026,52.0,0.9109761443955423,25_0,25,0,lamp,126.023803711,53.3487319946,0.439907431988,0.00440480253843,559.858986158,0.180926114321
UBFC_A1/Eval_On_COHFACE,COHFACE,old,COHFACE_s25_session0_lamp,19,87.0,52.0,large_error,87.0,1.0,86.0,0.9473256413397148,88.0,0.9408658465400627,52.0,0.9999999999999994,53.0,0.9622419251001905,51.0,0.9076643145680976,25_0,25,0,lamp,126.023803711,53.3487319946,0.439907431988,0.00440480253843,559.858986158,0.180926114321
UBFC_A1/Eval_On_COHFACE,COHFACE,old,COHFACE_s25_session0_lamp,20,86.0,51.0,large_error,86.0,1.0,87.0,0.9951769781007449,85.0,0.891463351025915,51.0,0.9999999999999999,52.0,0.9898650171229837,68.0,0.888556391280815,25_0,25,0,lamp,126.023803711,53.3487319946,0.439907431988,0.00440480253843,559.858986158,0.180926114321
UBFC_A1/Eval_On_COHFACE,COHFACE,old,COHFACE_s25_session0_lamp,21,86.0,119.0,super_harmonic_1p5x,86.0,1.0,85.0,0.9814358789389562,87.0,0.90310354551213,119.0,0.9999999999999994,120.0,0.9856527664162916,118.0,0.9136482642926707,25_0,25,0,lamp,126.023803711,53.3487319946,0.439907431988,0.00440480253843,559.858986158,0.180926114321
UBFC_A1/Eval_On_COHFACE,COHFACE,old,COHFACE_s25_session0_lamp,22,86.0,51.0,large_error,86.0,0.9999999999999999,85.0,0.980728857996433,87.0,0.9107657368143387,51.0,0.9999999999999994,52.0,0.9744008980960742,120.0,0.967470014788857,25_0,25,0,lamp,126.023803711,53.3487319946,0.439907431988,0.00440480253843,559.858986158,0.180926114321
UBFC_A1/Eval_On_COHFACE,COHFACE,old,COHFACE_s25_session0_lamp,23,86.0,43.0,sub_harmonic_half,86.0,0.9999999999999999,87.0,0.9738033192974979,85.0,0.9082838044701543,43.0,0.9999999999999998,42.0,0.9858901437129944,44.0,0.8970188464458526,25_0,25,0,lamp,126.023803711,53.3487319946,0.439907431988,0.00440480253843,559.858986158,0.180926114321
UBFC_A1/Eval_On_COHFACE,COHFACE,old,COHFACE_s25_session0_lamp,24,86.0,40.0,sub_harmonic_half,86.0,0.9999999999999999,85.0,0.9463760450310842,87.0,0.936604389402151,40.0,0.9999999999999997,80.0,0.9934941001976619,79.0,0.9553404668976521,25_0,25,0,lamp,126.023803711,53.3487319946,0.439907431988,0.00440480253843,559.858986158,0.180926114321
UBFC_A1/Eval_On_COHFACE,COHFACE,old,COHFACE_s25_session0_lamp,25,86.0,81.0,large_error,86.0,0.9999999999999999,85.0,0.992023612276351,87.0,0.8909089685845529,81.0,0.9999999999999998,80.0,0.9632494286539058,82.0,0.9296992428895274,25_0,25,0,lamp,126.023803711,53.3487319946,0.439907431988,0.00440480253843,559.858986158,0.180926114321
UBFC_A1/Eval_On_COHFACE,COHFACE,old,COHFACE_s25_session0_lamp,26,86.0,42.0,sub_harmonic_half,86.0,0.9999999999999999,85.0,0.9676798156319859,87.0,0.92077778289012,42.0,0.9999999999999998,43.0,0.9949727210283698,41.0,0.896152847958339,25_0,25,0,lamp,126.023803711,53.3487319946,0.439907431988,0.00440480253843,559.858986158,0.180926114321
UBFC_A1/Eval_On_COHFACE,COHFACE,old,COHFACE_s25_session0_lamp,27,86.0,80.0,large_error,86.0,0.9999999999999999,85.0,0.9453919581440973,87.0,0.9418099330769971,80.0,0.9999999999999998,79.0,0.96589806860146,81.0,0.934142790459558,25_0,25,0,lamp,126.023803711,53.3487319946,0.439907431988,0.00440480253843,559.858986158,0.180926114321
UBFC_A1/Eval_On_COHFACE,COHFACE,old,COHFACE_s25_session0_lamp,28,86.0,79.0,large_error,86.0,0.9999999999999999,87.0,0.9967792741430971,85.0,0.8938779542273044,79.0,0.9999999999999997,78.0,0.959855895356412,80.0,0.9579178795185815,25_0,25,0,lamp,126.023803711,53.3487319946,0.439907431988,0.00440480253843,559.858986158,0.180926114321
UBFC_A1/Eval_On_COHFACE,COHFACE,old,COHFACE_s25_session0_lamp,29,86.0,42.0,sub_harmonic_half,86.0,0.9999999999999999,85.0,0.9487264372090272,87.0,0.9330576328526382,42.0,0.9999999999999999,43.0,0.95515111054923,41.0,0.9105135449629993,25_0,25,0,lamp,126.023803711,53.3487319946,0.439907431988,0.00440480253843,559.858986158,0.180926114321
UBFC_A1/Eval_On_COHFACE,COHFACE,old,COHFACE_s25_session0_lamp,30,85.0,81.0,large_error,85.0,0.9999999999999999,86.0,0.964414736164901,84.0,0.9109631770188032,81.0,0.9999999999999998,80.0,0.9622681367570356,82.0,0.954992793975508,25_0,25,0,lamp,126.023803711,53.3487319946,0.439907431988,0.00440480253843,559.858986158,0.180926114321
UBFC_A1/Eval_On_COHFACE,COHFACE,old,COHFACE_s25_session0_lamp,31,85.0,80.0,large_error,85.0,0.9999999999999999,86.0,0.9640736037641814,84.0,0.9208231096100583,80.0,0.9999999999999998,79.0,0.9652864507935701,81.0,0.9528874330719974,25_0,25,0,lamp,126.023803711,53.3487319946,0.439907431988,0.00440480253843,559.858986158,0.180926114321
UBFC_A1/Eval_On_COHFACE,COHFACE,old,COHFACE_s25_session0_lamp,32,85.0,42.0,sub_harmonic_half,85.0,0.9999999999999999,86.0,0.9414385860058494,84.0,0.9402266490578731,42.0,0.9999999999999998,79.0,0.9871852009574282,41.0,0.980359219034557,25_0,25,0,lamp,126.023803711,53.3487319946,0.439907431988,0.00440480253843,559.858986158,0.180926114321
UBFC_A1/Eval_On_COHFACE,COHFACE,old,COHFACE_s25_session0_lamp,33,85.0,40.0,sub_harmonic_half,85.0,0.9999999999999999,84.0,0.961892013736195,86.0,0.9232699079179479,40.0,0.9999999999999998,41.0,0.9531806607005062,80.0,0.8663543758740659,25_0,25,0,lamp,126.023803711,53.3487319946,0.439907431988,0.00440480253843,559.858986158,0.180926114321
UBFC_A1/Eval_On_COHFACE,COHFACE,old,COHFACE_s25_session0_lamp,34,85.0,80.0,large_error,85.0,0.9999999999999999,84.0,0.9955875090773112,86.0,0.8916694836068614,80.0,0.9999999999999997,81.0,0.9491668961721128,79.0,0.9354008493081306,25_0,25,0,lamp,126.023803711,53.3487319946,0.439907431988,0.00440480253843,559.858986158,0.180926114321
UBFC_A1/Eval_On_COHFACE,COHFACE,old,COHFACE_s25_session0_lamp,35,84.0,42.0,sub_harmonic_half,84.0,1.0,83.0,0.9493338269350824,85.0,0.9308297049274382,42.0,0.9999999999999998,41.0,0.9794287513236319,77.0,0.9595237885725543,25_0,25,0,lamp,126.023803711,53.3487319946,0.439907431988,0.00440480253843,559.858986158,0.180926114321
UBFC_A1/Eval_On_COHFACE,COHFACE,old,COHFACE_s25_session0_lamp,36,85.0,79.0,large_error,85.0,0.9999999999999999,84.0,0.9938914855989087,86.0,0.9025227063487096,79.0,0.9999999999999997,40.0,0.9974057506136071,80.0,0.9870005377506131,25_0,25,0,lamp,126.023803711,53.3487319946,0.439907431988,0.00440480253843,559.858986158,0.180926114321
UBFC_A1/Eval_On_COHFACE,COHFACE,old,COHFACE_s25_session0_lamp,37,85.0,81.0,large_error,85.0,1.0,86.0,0.998080588648105,84.0,0.8901664287414641,81.0,0.9999999999999997,80.0,0.9892044985117148,82.0,0.9173885935196622,25_0,25,0,lamp,126.023803711,53.3487319946,0.439907431988,0.00440480253843,559.858986158,0.180926114321
UBFC_A1/Eval_On_COHFACE,COHFACE,old,COHFACE_s25_session0_lamp,38,85.0,80.0,large_error,85.0,1.0,86.0,0.9882728454170532,84.0,0.8972328043669335,80.0,0.9999999999999998,52.0,0.9789337351089986,81.0,0.952549431341761,25_0,25,0,lamp,126.023803711,53.3487319946,0.439907431988,0.00440480253843,559.858986158,0.180926114321
UBFC_A1/Eval_On_COHFACE,COHFACE,old,COHFACE_s25_session0_lamp,39,85.0,81.0,large_error,85.0,1.0,84.0,0.9622005135566979,86.0,0.9204090040993458,81.0,0.9999999999999998,82.0,0.974699316235266,80.0,0.9125958452784397,25_0,25,0,lamp,126.023803711,53.3487319946,0.439907431988,0.00440480253843,559.858986158,0.180926114321
UBFC_A1/Eval_On_COHFACE,COHFACE,old,COHFACE_s25_session0_lamp,40,84.0,81.0,correct,84.0,1.0,85.0,0.9446262741064351,83.0,0.9322657016454797,81.0,0.9999999999999997,80.0,0.9816709025033509,82.0,0.928347433485854,25_0,25,0,lamp,126.023803711,53.3487319946,0.439907431988,0.00440480253843,559.858986158,0.180926114321
UBFC_A1/Eval_On_COHFACE,COHFACE,old,COHFACE_s25_session0_lamp,41,84.0,42.0,sub_harmonic_half,84.0,0.9999999999999999,85.0,0.9682705757988622,83.0,0.9219126668185191,42.0,0.9999999999999998,43.0,0.9718728849039554,41.0,0.9454123149533686,25_0,25,0,lamp,126.023803711,53.3487319946,0.439907431988,0.00440480253843,559.858986158,0.180926114321
UBFC_A1/Eval_On_COHFACE,COHFACE,old,COHFACE_s25_session0_lamp,42,85.0,81.0,large_error,85.0,0.9999999999999999,84.0,0.9850647744314155,86.0,0.898360337503626,81.0,0.9999999999999998,82.0,0.9973522198458907,80.0,0.9044321808755488,25_0,25,0,lamp,126.023803711,53.3487319946,0.439907431988,0.00440480253843,559.858986158,0.180926114321
UBFC_A1/Eval_On_COHFACE,COHFACE,old,COHFACE_s25_session0_lamp,43,84.0,81.0,correct,84.0,0.9999999999999999,85.0,0.9865954628451852,83.0,0.9049979086703158,81.0,0.9999999999999994,80.0,0.9902841322685404,82.0,0.9295096001572412,25_0,25,0,lamp,126.023803711,53.3487319946,0.439907431988,0.00440480253843,559.858986158,0.180926114321
UBFC_A1/Eval_On_COHFACE,COHFACE,old,COHFACE_s25_session0_lamp,44,84.0,59.0,large_error,84.0,1.0,85.0,0.9710767276647048,83.0,0.9081533373590831,59.0,0.9999999999999999,60.0,0.99801953255993,58.0,0.8632070962775067,25_0,25,0,lamp,126.023803711,53.3487319946,0.439907431988,0.00440480253843,559.858986158,0.180926114321
UBFC_A1/Eval_On_COHFACE,COHFACE,old,COHFACE_s25_session0_lamp,45,85.0,40.0,sub_harmonic_half,85.0,1.0,84.0,0.9420788312135929,86.0,0.9420300437212136,40.0,0.9999999999999997,41.0,0.8170119918497502,42.0,0.5569033410961386,25_0,25,0,lamp,126.023803711,53.3487319946,0.439907431988,0.00440480253843,559.858986158,0.180926114321
UBFC_A1/Eval_On_COHFACE,COHFACE,old,COHFACE_s25_session0_lamp,46,86.0,80.0,large_error,86.0,0.9999999999999999,85.0,0.9703948024508096,87.0,0.9153664262729397,80.0,0.9999999999999996,79.0,0.9908632989861511,81.0,0.8876497330995666,25_0,25,0,lamp,126.023803711,53.3487319946,0.439907431988,0.00440480253843,559.858986158,0.180926114321
UBFC_A1/Eval_On_COHFACE,COHFACE,old,COHFACE_s25_session0_lamp,47,86.0,60.0,large_error,86.0,1.0,87.0,0.9418911582516307,85.0,0.9386044158617535,60.0,0.9999999999999998,61.0,0.9243583699610171,59.0,0.9226653313120565,25_0,25,0,lamp,126.023803711,53.3487319946,0.439907431988,0.00440480253843,559.858986158,0.180926114321
UBFC_A1/Eval_On_COHFACE,COHFACE,old,COHFACE_s25_session0_lamp,48,85.0,81.0,large_error,85.0,0.9999999999999999,86.0,0.9829651864392064,84.0,0.907886873632104,81.0,0.9999999999999998,80.0,0.964029626232792,82.0,0.920954465543959,25_0,25,0,lamp,126.023803711,53.3487319946,0.439907431988,0.00440480253843,559.858986158,0.180926114321
UBFC_A1/Eval_On_COHFACE,COHFACE,old,COHFACE_s25_session0_lamp,49,85.0,82.0,correct,85.0,0.9999999999999999,84.0,0.9865696678709993,86.0,0.9005847053201262,82.0,0.9999999999999998,81.0,0.9784261779313834,83.0,0.9384705218655536,25_0,25,0,lamp,126.023803711,53.3487319946,0.439907431988,0.00440480253843,559.858986158,0.180926114321
UBFC_A1/Eval_On_COHFACE,COHFACE,old,COHFACE_s25_session0_lamp,50,85.0,43.0,sub_harmonic_half,85.0,0.9999999999999999,84.0,0.9485090784827166,86.0,0.9349294105312611,43.0,0.9999999999999998,42.0,0.9830053625100167,79.0,0.9373736903731035,25_0,25,0,lamp,126.023803711,53.3487319946,0.439907431988,0.00440480253843,559.858986158,0.180926114321
UBFC_A1/Eval_On_COHFACE,COHFACE,old,COHFACE_s25_session1_lamp,0,93.0,82.0,large_error,93.0,0.9999999999999999,94.0,0.9968748894676303,95.0,0.8832165622150179,82.0,0.9999999999999999,83.0,0.9730509664086829,81.0,0.9196431105785849,25_1,25,1,lamp,113.979980469,48.9120101929,0.751112640881,2.00115266393e-05,525.4982412,0.16259329021
UBFC_A1/Eval_On_COHFACE,COHFACE,old,COHFACE_s25_session1_lamp,1,92.0,82.0,large_error,92.0,0.9999999999999999,93.0,0.9955862719445749,91.0,0.8987155085842873,82.0,0.9999999999999998,81.0,0.9643631727554457,83.0,0.9414337580989671,25_1,25,1,lamp,113.979980469,48.9120101929,0.751112640881,2.00115266393e-05,525.4982412,0.16259329021
UBFC_A1/Eval_On_COHFACE,COHFACE,old,COHFACE_s25_session1_lamp,2,92.0,59.0,large_error,92.0,0.9999999999999999,91.0,0.9689443976086594,93.0,0.917846545634816,59.0,0.9999999999999998,60.0,0.9707595577991556,58.0,0.8654023452400985,25_1,25,1,lamp,113.979980469,48.9120101929,0.751112640881,2.00115266393e-05,525.4982412,0.16259329021
UBFC_A1/Eval_On_COHFACE,COHFACE,old,COHFACE_s25_session1_lamp,3,91.0,80.0,large_error,91.0,0.9999999999999999,90.0,0.9501238241451928,92.0,0.9394210491522946,80.0,0.9999999999999998,79.0,0.9906232429079812,81.0,0.8623423104935254,25_1,25,1,lamp,113.979980469,48.9120101929,0.751112640881,2.00115266393e-05,525.4982412,0.16259329021
UBFC_A1/Eval_On_COHFACE,COHFACE,old,COHFACE_s25_session1_lamp,4,90.0,75.0,large_error,90.0,1.0,91.0,0.9642289152779523,89.0,0.9153121751304335,75.0,0.9999999999999996,74.0,0.9895998515105608,76.0,0.9824035145059136,25_1,25,1,lamp,113.979980469,48.9120101929,0.751112640881,2.00115266393e-05,525.4982412,0.16259329021
UBFC_A1/Eval_On_COHFACE,COHFACE,old,COHFACE_s25_session1_lamp,5,91.0,75.0,large_error,91.0,0.9999999999999999,90.0,0.9905795724218033,92.0,0.9033130890322215,75.0,0.9999999999999998,44.0,0.9991964751924012,76.0,0.9870447523254149,25_1,25,1,lamp,113.979980469,48.9120101929,0.751112640881,2.00115266393e-05,525.4982412,0.16259329021
UBFC_A1/Eval_On_COHFACE,COHFACE,old,COHFACE_s25_session1_lamp,6,91.0,77.0,large_error,91.0,0.9999999999999999,92.0,0.9919848711341681,90.0,0.9027378870309124,77.0,0.9999999999999996,78.0,0.9829963892293065,76.0,0.9682656328319836,25_1,25,1,lamp,113.979980469,48.9120101929,0.751112640881,2.00115266393e-05,525.4982412,0.16259329021
UBFC_A1/Eval_On_COHFACE,COHFACE,old,COHFACE_s25_session1_lamp,7,93.0,68.0,large_error,93.0,0.9999999999999999,92.0,0.9707463752388937,94.0,0.9274680562002788,68.0,0.9999999999999996,69.0,0.997111407023758,67.0,0.9765174389515625,25_1,25,1,lamp,113.979980469,48.9120101929,0.751112640881,2.00115266393e-05,525.4982412,0.16259329021
UBFC_A1/Eval_On_COHFACE,COHFACE,old,COHFACE_s25_session1_lamp,8,94.0,67.0,large_error,94.0,0.9999999999999998,95.0,0.988824806578967,93.0,0.9093230975505509,67.0,0.9999999999999997,68.0,0.9865463948847072,66.0,0.9475447553985726,25_1,25,1,lamp,113.979980469,48.9120101929,0.751112640881,2.00115266393e-05,525.4982412,0.16259329021
UBFC_A1/Eval_On_COHFACE,COHFACE,old,COHFACE_s25_session1_lamp,9,96.0,64.0,large_error,96.0,0.9999999999999999,97.0,0.9403315377295256,95.0,0.9288368102948398,64.0,0.9999999999999994,50.0,0.9799875092270856,51.0,0.9717154336039663,25_1,25,1,lamp,113.979980469,48.9120101929,0.751112640881,2.00115266393e-05,525.4982412,0.16259329021
UBFC_A1/Eval_On_COHFACE,COHFACE,old,COHFACE_s25_session1_lamp,10,97.0,52.0,sub_harmonic_half,97.0,0.9999999999999999,96.0,0.988720180459004,98.0,0.8983112458803142,52.0,0.9999999999999996,53.0,0.9803441636367303,51.0,0.8703094129169038,25_1,25,1,lamp,113.979980469,48.9120101929,0.751112640881,2.00115266393e-05,525.4982412,0.16259329021
UBFC_A1/Eval_On_COHFACE,COHFACE,old,COHFACE_s25_session1_lamp,11,96.0,56.0,sub_harmonic_half,96.0,0.9999999999999998,97.0,0.9687533119700207,95.0,0.925307177392141,56.0,0.9999999999999991,57.0,0.947211581702812,55.0,0.9369108282370396,25_1,25,1,lamp,113.979980469,48.9120101929,0.751112640881,2.00115266393e-05,525.4982412,0.16259329021
UBFC_A1/Eval_On_COHFACE,COHFACE,old,COHFACE_s25_session1_lamp,12,95.0,55.0,sub_harmonic_half,95.0,0.9999999999999999,94.0,0.9891296069251619,96.0,0.9007904643825627,55.0,0.9999999999999988,54.0,0.9938504606048849,120.0,0.9284738433886244,25_1,25,1,lamp,113.979980469,48.9120101929,0.751112640881,2.00115266393e-05,525.4982412,0.16259329021
UBFC_A1/Eval_On_COHFACE,COHFACE,old,COHFACE_s25_session1_lamp,13,93.0,55.0,large_error,93.0,0.9999999999999998,92.0,0.9482750954319289,94.0,0.9474908632954053,55.0,0.9999999999999993,54.0,0.9256511058722141,56.0,0.9182364617938639,25_1,25,1,lamp,113.979980469,48.9120101929,0.751112640881,2.00115266393e-05,525.4982412,0.16259329021
UBFC_A1/Eval_On_COHFACE,COHFACE,old,COHFACE_s25_session1_lamp,14,92.0,41.0,sub_harmonic_half,92.0,0.9999999999999999,91.0,0.9902905661599724,93.0,0.895191020040939,41.0,0.9999999999999996,42.0,0.985593388547497,40.0,0.9206476274562299,25_1,25,1,lamp,113.979980469,48.9120101929,0.751112640881,2.00115266393e-05,525.4982412,0.16259329021
UBFC_A1/Eval_On_COHFACE,COHFACE,old,COHFACE_s25_session1_lamp,15,90.0,40.0,sub_harmonic_half,90.0,0.9999999999999999,91.0,0.9823757938522018,89.0,0.8947189427657067,40.0,0.9999999999999996,41.0,0.9157040722937124,42.0,0.7724143409664684,25_1,25,1,lamp,113.979980469,48.9120101929,0.751112640881,2.00115266393e-05,525.4982412,0.16259329021
UBFC_A1/Eval_On_COHFACE,COHFACE,old,COHFACE_s25_session1_lamp,16,90.0,40.0,sub_harmonic_half,90.0,0.9999999999999999,89.0,0.9539005757758231,91.0,0.9319431519449333,40.0,0.9999999999999992,41.0,0.7402240164888866,84.0,0.6945396313278057,25_1,25,1,lamp,113.979980469,48.9120101929,0.751112640881,2.00115266393e-05,525.4982412,0.16259329021
UBFC_A1/Eval_On_COHFACE,COHFACE,old,COHFACE_s25_session1_lamp,17,90.0,43.0,sub_harmonic_half,90.0,0.9999999999999999,91.0,0.9800438265695451,89.0,0.9082669275859593,43.0,0.9999999999999998,44.0,0.999543449235269,42.0,0.9102605326861781,25_1,25,1,lamp,113.979980469,48.9120101929,0.751112640881,2.00115266393e-05,525.4982412,0.16259329021
UBFC_A1/Eval_On_COHFACE,COHFACE,old,COHFACE_s25_session1_lamp,18,91.0,40.0,sub_harmonic_half,91.0,0.9999999999999999,90.0,0.987454986682422,92.0,0.8966888682461948,40.0,0.9999999999999996,80.0,0.7893163621760012,41.0,0.7862701871343679,25_1,25,1,lamp,113.979980469,48.9120101929,0.751112640881,2.00115266393e-05,525.4982412,0.16259329021
UBFC_A1/Eval_On_COHFACE,COHFACE,old,COHFACE_s25_session1_lamp,19,90.0,80.0,large_error,90.0,1.0,89.0,0.953554562545396,91.0,0.9299385599273001,80.0,0.9999999999999992,40.0,0.9457300570277674,81.0,0.9357107690718812,25_1,25,1,lamp,113.979980469,48.9120101929,0.751112640881,2.00115266393e-05,525.4982412,0.16259329021
UBFC_A1/Eval_On_COHFACE,COHFACE,old,COHFACE_s25_session1_lamp,20,90.0,42.0,sub_harmonic_half,90.0,1.0,89.0,0.9735297687656295,91.0,0.9122615383116102,42.0,0.9999999999999997,41.0,0.9723587463887864,43.0,0.8798117611181201,25_1,25,1,lamp,113.979980469,48.9120101929,0.751112640881,2.00115266393e-05,525.4982412,0.16259329021
UBFC_A1/Eval_On_COHFACE,COHFACE,old,COHFACE_s25_session1_lamp,21,90.0,40.0,sub_harmonic_half,90.0,0.9999999999999999,89.0,0.9537792295613513,91.0,0.9347807390512458,40.0,0.9999999999999996,41.0,0.7971271324320264,79.0,0.7346993424524947,25_1,25,1,lamp,113.979980469,48.9120101929,0.751112640881,2.00115266393e-05,525.4982412,0.16259329021
UBFC_A1/Eval_On_COHFACE,COHFACE,old,COHFACE_s25_session1_lamp,22,91.0,82.0,large_error,91.0,0.9999999999999999,90.0,0.9960487699280951,92.0,0.8921804131228526,82.0,0.9999999999999996,81.0,0.9613335956270906,83.0,0.958895410063225,25_1,25,1,lamp,113.979980469,48.9120101929,0.751112640881,2.00115266393e-05,525.4982412,0.16259329021
UBFC_A1/Eval_On_COHFACE,COHFACE,old,COHFACE_s25_session1_lamp,23,91.0,43.0,sub_harmonic_half,91.0,0.9999999999999999,92.0,0.9737023721572003,90.0,0.9123626349445642,43.0,0.9999999999999997,42.0,0.9530905025484949,44.0,0.9362680308365207,25_1,25,1,lamp,113.979980469,48.9120101929,0.751112640881,2.00115266393e-05,525.4982412,0.16259329021
UBFC_A1/Eval_On_COHFACE,COHFACE,old,COHFACE_s25_session1_lamp,24,92.0,81.0,large_error,92.0,0.9999999999999999,91.0,0.9929064399905109,93.0,0.8874002021162531,81.0,0.9999999999999999,80.0,0.9854320824455197,82.0,0.9040636248446807,25_1,25,1,lamp,113.979980469,48.9120101929,0.751112640881,2.00115266393e-05,525.4982412,0.16259329021
UBFC_A1/Eval_On_COHFACE,COHFACE,old,COHFACE_s25_session1_lamp,25,92.0,80.0,large_error,92.0,0.9999999999999999,93.0,0.9466602405618331,91.0,0.9388325046630668,80.0,0.9999999999999998,81.0,0.9874934049283388,79.0,0.9166527744559401,25_1,25,1,lamp,113.979980469,48.9120101929,0.751112640881,2.00115266393e-05,525.4982412,0.16259329021
UBFC_A1/Eval_On_COHFACE,COHFACE,old,COHFACE_s25_session1_lamp,26,92.0,78.0,large_error,92.0,0.9999999999999999,93.0,0.9974735199055946,91.0,0.8906453038985602,78.0,0.9999999999999998,79.0,0.9811507070652675,43.0,0.9800808839210524,25_1,25,1,lamp,113.979980469,48.9120101929,0.751112640881,2.00115266393e-05,525.4982412,0.16259329021
UBFC_A1/Eval_On_COHFACE,COHFACE,old,COHFACE_s25_session1_lamp,27,93.0,81.0,large_error,93.0,0.9999999999999999,94.0,0.9923236274645284,92.0,0.8998812477957797,81.0,0.9999999999999998,80.0,0.9672098940429431,82.0,0.9500780956936407,25_1,25,1,lamp,113.979980469,48.9120101929,0.751112640881,2.00115266393e-05,525.4982412,0.16259329021
UBFC_A1/Eval_On_COHFACE,COHFACE,old,COHFACE_s25_session1_lamp,28,94.0,80.0,large_error,94.0,0.9999999999999999,93.0,0.9707349996778502,95.0,0.9095945589169028,80.0,0.9999999999999998,81.0,0.9766787275076927,79.0,0.9400609528181519,25_1,25,1,lamp,113.979980469,48.9120101929,0.751112640881,2.00115266393e-05,525.4982412,0.16259329021
UBFC_A1/Eval_On_COHFACE,COHFACE,old,COHFACE_s25_session1_lamp,29,93.0,43.0,sub_harmonic_half,93.0,0.9999999999999999,94.0,0.9707783641314391,92.0,0.9157085740789054,43.0,0.9999999999999998,42.0,0.9928241855529742,78.0,0.8771254342442573,25_1,25,1,lamp,113.979980469,48.9120101929,0.751112640881,2.00115266393e-05,525.4982412,0.16259329021
UBFC_A1/Eval_On_COHFACE,COHFACE,old,COHFACE_s25_session1_lamp,30,92.0,81.0,large_error,92.0,0.9999999999999999,93.0,0.9613028008531276,91.0,0.9275426071686359,81.0,0.9999999999999998,82.0,0.9644807773088827,80.0,0.9401418276538481,25_1,25,1,lamp,113.979980469,48.9120101929,0.751112640881,2.00115266393e-05,525.4982412,0.16259329021
UBFC_A1/Eval_On_COHFACE,COHFACE,old,COHFACE_s25_session1_lamp,31,91.0,80.0,large_error,91.0,0.9999999999999999,92.0,0.9826238127506914,90.0,0.9073869758348724,80.0,0.9999999999999996,81.0,0.9696724603793972,41.0,0.9147341925562051,25_1,25,1,lamp,113.979980469,48.9120101929,0.751112640881,2.00115266393e-05,525.4982412,0.16259329021
UBFC_A1/Eval_On_COHFACE,COHFACE,old,COHFACE_s25_session1_lamp,32,90.0,59.0,large_error,90.0,0.9999999999999999,91.0,0.9640209345375845,89.0,0.9282577718559667,59.0,0.9999999999999998,60.0,0.9716308524442501,41.0,0.9115455771577976,25_1,25,1,lamp,113.979980469,48.9120101929,0.751112640881,2.00115266393e-05,525.4982412,0.16259329021
UBFC_A1/Eval_On_COHFACE,COHFACE,old,COHFACE_s25_session1_lamp,33,89.0,81.0,large_error,89.0,0.9999999999999999,90.0,0.985887221149924,88.0,0.9074656167128846,81.0,0.9999999999999997,80.0,0.9685698965783164,82.0,0.9281057781114986,25_1,25,1,lamp,113.979980469,48.9120101929,0.751112640881,2.00115266393e-05,525.4982412,0.16259329021
UBFC_A1/Eval_On_COHFACE,COHFACE,old,COHFACE_s25_session1_lamp,34,88.0,79.0,large_error,88.0,1.0,89.0,0.9906528642906921,87.0,0.8911237459502999,79.0,0.9999999999999994,120.0,0.9790562340737247,80.0,0.9665546162309162,25_1,25,1,lamp,113.979980469,48.9120101929,0.751112640881,2.00115266393e-05,525.4982412,0.16259329021
UBFC_A1/Eval_On_COHFACE,COHFACE,old,COHFACE_s25_session1_lamp,35,88.0,59.0,large_error,88.0,0.9999999999999999,89.0,0.9663266035544714,87.0,0.9207468954800213,59.0,0.9999999999999998,60.0,0.9912364522307389,58.0,0.8736856004896183,25_1,25,1,lamp,113.979980469,48.9120101929,0.751112640881,2.00115266393e-05,525.4982412,0.16259329021
UBFC_A1/Eval_On_COHFACE,COHFACE,old,COHFACE_s25_session1_lamp,36,89.0,81.0,large_error,89.0,0.9999999999999999,88.0,0.991526946781338,90.0,0.9023545998217732,81.0,0.9999999999999998,80.0,0.9728626627817123,82.0,0.9181141017101544,25_1,25,1,lamp,113.979980469,48.9120101929,0.751112640881,2.00115266393e-05,525.4982412,0.16259329021
UBFC_A1/Eval_On_COHFACE,COHFACE,old,COHFACE_s25_session1_lamp,37,90.0,81.0,large_error,90.0,0.9999999999999999,89.0,0.9606270874823222,91.0,0.921856925537943,81.0,0.9999999999999998,80.0,0.980407017628658,82.0,0.9095404219740794,25_1,25,1,lamp,113.979980469,48.9120101929,0.751112640881,2.00115266393e-05,525.4982412,0.16259329021
UBFC_A1/Eval_On_COHFACE,COHFACE,old,COHFACE_s25_session1_lamp,38,90.0,79.0,large_error,90.0,0.9999999999999999,89.0,0.9597219168797005,91.0,0.9231338204702709,79.0,0.9999999999999997,41.0,0.9970487881193477,42.0,0.9560316315437308,25_1,25,1,lamp,113.979980469,48.9120101929,0.751112640881,2.00115266393e-05,525.4982412,0.16259329021
UBFC_A1/Eval_On_COHFACE,COHFACE,old,COHFACE_s25_session1_lamp,39,89.0,81.0,large_error,89.0,0.9999999999999999,90.0,0.9973085770917837,91.0,0.8842801494483385,81.0,0.9999999999999998,80.0,0.9834751939516494,82.0,0.9112411414421008,25_1,25,1,lamp,113.979980469,48.9120101929,0.751112640881,2.00115266393e-05,525.4982412,0.16259329021
UBFC_A1/Eval_On_COHFACE,COHFACE,old,COHFACE_s25_session1_lamp,40,89.0,81.0,large_error,89.0,0.9999999999999999,88.0,0.9897371283232439,90.0,0.9034827846495329,81.0,0.9999999999999996,80.0,0.9961480589879939,82.0,0.9255553262838837,25_1,25,1,lamp,113.979980469,48.9120101929,0.751112640881,2.00115266393e-05,525.4982412,0.16259329021
UBFC_A1/Eval_On_COHFACE,COHFACE,old,COHFACE_s25_session1_lamp,41,88.0,42.0,sub_harmonic_half,88.0,0.9999999999999999,87.0,0.9832910865328591,89.0,0.8985342516144339,42.0,0.9999999999999998,41.0,0.9859025855302787,78.0,0.9682849663007284,25_1,25,1,lamp,113.979980469,48.9120101929,0.751112640881,2.00115266393e-05,525.4982412,0.16259329021
UBFC_A1/Eval_On_COHFACE,COHFACE,old,COHFACE_s25_session1_lamp,42,87.0,40.0,sub_harmonic_half,87.0,0.9999999999999999,86.0,0.9984751886653452,85.0,0.8954554855639864,40.0,0.9999999999999998,80.0,0.977331535255567,81.0,0.9392421476781009,25_1,25,1,lamp,113.979980469,48.9120101929,0.751112640881,2.00115266393e-05,525.4982412,0.16259329021
UBFC_A1/Eval_On_COHFACE,COHFACE,old,COHFACE_s25_session1_lamp,43,85.0,81.0,large_error,85.0,0.9999999999999999,86.0,0.9839006341434103,84.0,0.9082016974280139,81.0,0.9999999999999996,80.0,0.9760203602801122,82.0,0.9259742747193771,25_1,25,1,lamp,113.979980469,48.9120101929,0.751112640881,2.00115266393e-05,525.4982412,0.16259329021
UBFC_A1/Eval_On_COHFACE,COHFACE,old,COHFACE_s25_session1_lamp,44,85.0,42.0,sub_harmonic_half,85.0,1.0,84.0,0.947427312433068,86.0,0.9324168091379105,42.0,0.9999999999999997,43.0,0.9564654858161887,41.0,0.9235401115409654,25_1,25,1,lamp,113.979980469,48.9120101929,0.751112640881,2.00115266393e-05,525.4982412,0.16259329021
UBFC_A1/Eval_On_COHFACE,COHFACE,old,COHFACE_s25_session1_lamp,45,85.0,81.0,large_error,85.0,0.9999999999999999,86.0,0.9619394527938779,84.0,0.9276453147293515,81.0,0.9999999999999997,80.0,0.9883233044020862,82.0,0.930530323989898,25_1,25,1,lamp,113.979980469,48.9120101929,0.751112640881,2.00115266393e-05,525.4982412,0.16259329021
UBFC_A1/Eval_On_COHFACE,COHFACE,old,COHFACE_s25_session1_lamp,46,87.0,82.0,large_error,87.0,0.9999999999999999,86.0,0.9993059047915314,88.0,0.8979714042981094,82.0,0.9999999999999994,81.0,0.9814323440516115,83.0,0.9296120306285057,25_1,25,1,lamp,113.979980469,48.9120101929,0.751112640881,2.00115266393e-05,525.4982412,0.16259329021
UBFC_A1/Eval_On_COHFACE,COHFACE,old,COHFACE_s25_session1_lamp,47,88.0,42.0,sub_harmonic_half,88.0,0.9999999999999999,87.0,0.9570151823947055,89.0,0.9345046151454919,42.0,0.9999999999999998,41.0,0.9617231821936889,52.0,0.8966113359668917,25_1,25,1,lamp,113.979980469,48.9120101929,0.751112640881,2.00115266393e-05,525.4982412,0.16259329021
UBFC_A1/Eval_On_COHFACE,COHFACE,old,COHFACE_s25_session1_lamp,48,89.0,40.0,sub_harmonic_half,89.0,0.9999999999999999,88.0,0.9590115318638051,90.0,0.9175560649761704,40.0,0.9999999999999997,80.0,0.9598176973660809,81.0,0.9240919124361872,25_1,25,1,lamp,113.979980469,48.9120101929,0.751112640881,2.00115266393e-05,525.4982412,0.16259329021
UBFC_A1/Eval_On_COHFACE,COHFACE,old,COHFACE_s25_session1_lamp,49,89.0,80.0,large_error,89.0,0.9999999999999999,90.0,0.9608031814946056,88.0,0.9180269983677066,80.0,0.9999999999999997,81.0,0.9688554690721565,79.0,0.9085724072160797,25_1,25,1,lamp,113.979980469,48.9120101929,0.751112640881,2.00115266393e-05,525.4982412,0.16259329021
UBFC_A1/Eval_On_COHFACE,COHFACE,old,COHFACE_s25_session1_lamp,50,90.0,43.0,sub_harmonic_half,90.0,0.9999999999999999,89.0,0.9628257409353373,91.0,0.9221806760428659,43.0,0.9999999999999998,42.0,0.9984649441673069,44.0,0.9162800108967996,25_1,25,1,lamp,113.979980469,48.9120101929,0.751112640881,2.00115266393e-05,525.4982412,0.16259329021
UBFC_A1/Eval_On_COHFACE,COHFACE,old,COHFACE_s25_session2_natural,0,96.0,84.0,large_error,96.0,0.9999999999999999,78.0,0.9865514849673708,79.0,0.9819652854807602,84.0,0.9999999999999998,83.0,0.9732456679279923,85.0,0.8900729039333127,25_2,25,2,natural,106.721420288,60.9794464111,3.80209645917,0,543.997985816,0.221256792545
UBFC_A1/Eval_On_COHFACE,COHFACE,old,COHFACE_s25_session2_natural,1,83.0,97.0,large_error,83.0,0.9999999999999998,84.0,0.988535724439852,82.0,0.9251012953852633,97.0,0.9999999999999997,96.0,0.9546619940796662,98.0,0.9223036131381794,25_2,25,2,natural,106.721420288,60.9794464111,3.80209645917,0,543.997985816,0.221256792545
UBFC_A1/Eval_On_COHFACE,COHFACE,old,COHFACE_s25_session2_natural,2,83.0,59.0,large_error,83.0,0.9999999999999999,82.0,0.9537128908141946,84.0,0.9269371164135255,59.0,0.9999999999999999,60.0,0.9742451551977227,58.0,0.9285522637460356,25_2,25,2,natural,106.721420288,60.9794464111,3.80209645917,0,543.997985816,0.221256792545
UBFC_A1/Eval_On_COHFACE,COHFACE,old,COHFACE_s25_session2_natural,3,83.0,55.0,large_error,83.0,0.9999999999999999,82.0,0.9801811263711045,84.0,0.9090928679783867,55.0,0.9999999999999997,54.0,0.972549091149787,56.0,0.9290916083596555,25_2,25,2,natural,106.721420288,60.9794464111,3.80209645917,0,543.997985816,0.221256792545
UBFC_A1/Eval_On_COHFACE,COHFACE,old,COHFACE_s25_session2_natural,4,83.0,90.0,large_error,83.0,0.9999999999999999,84.0,0.9624818280568289,82.0,0.9262936691776762,90.0,0.9999999999999999,89.0,0.9544158746771786,91.0,0.9354009875432993,25_2,25,2,natural,106.721420288,60.9794464111,3.80209645917,0,543.997985816,0.221256792545
UBFC_A1/Eval_On_COHFACE,COHFACE,old,COHFACE_s25_session2_natural,5,84.0,53.0,large_error,84.0,0.9999999999999999,85.0,0.9923779179084855,83.0,0.9018905760689071,53.0,0.9999999999999998,54.0,0.9840558568559509,52.0,0.9105659552665216,25_2,25,2,natural,106.721420288,60.9794464111,3.80209645917,0,543.997985816,0.221256792545
UBFC_A1/Eval_On_COHFACE,COHFACE,old,COHFACE_s25_session2_natural,6,85.0,87.0,correct,85.0,0.9999999999999999,84.0,0.9540176592499374,86.0,0.9396212406871205,87.0,0.9999999999999998,86.0,0.9676991397668486,88.0,0.9411875982167673,25_2,25,2,natural,106.721420288,60.9794464111,3.80209645917,0,543.997985816,0.221256792545
UBFC_A1/Eval_On_COHFACE,COHFACE,old,COHFACE_s25_session2_natural,7,86.0,84.0,correct,86.0,0.9999999999999999,85.0,0.9867657167737166,87.0,0.893103744590694,84.0,0.9999999999999998,83.0,0.9615578702013224,85.0,0.9261747418717736,25_2,25,2,natural,106.721420288,60.9794464111,3.80209645917,0,543.997985816,0.221256792545
UBFC_A1/Eval_On_COHFACE,COHFACE,old,COHFACE_s25_session2_natural,8,86.0,82.0,large_error,86.0,0.9999999999999999,87.0,0.9680871198738139,85.0,0.9169736890873531,82.0,0.9999999999999999,83.0,0.9720374675189479,81.0,0.9472451937782992,25_2,25,2,natural,106.721420288,60.9794464111,3.80209645917,0,543.997985816,0.221256792545
UBFC_A1/Eval_On_COHFACE,COHFACE,old,COHFACE_s25_session2_natural,9,87.0,81.0,large_error,87.0,0.9999999999999999,86.0,0.9551141446922642,88.0,0.9235791798198951,81.0,0.9999999999999998,82.0,0.9984918321884085,80.0,0.8922769873119598,25_2,25,2,natural,106.721420288,60.9794464111,3.80209645917,0,543.997985816,0.221256792545
UBFC_A1/Eval_On_COHFACE,COHFACE,old,COHFACE_s25_session2_natural,10,88.0,82.0,large_error,88.0,0.9999999999999999,87.0,0.9964746711662806,89.0,0.8991095943506469,82.0,0.9999999999999998,81.0,0.9704350874581283,83.0,0.9594234424897301,25_2,25,2,natural,106.721420288,60.9794464111,3.80209645917,0,543.997985816,0.221256792545
UBFC_A1/Eval_On_COHFACE,COHFACE,old,COHFACE_s25_session2_natural,11,88.0,60.0,large_error,88.0,0.9999999999999999,89.0,0.9433634997764878,87.0,0.9410055317788059,60.0,0.9999999999999998,59.0,0.9931794819940122,61.0,0.8923531766946466,25_2,25,2,natural,106.721420288,60.9794464111,3.80209645917,0,543.997985816,0.221256792545
UBFC_A1/Eval_On_COHFACE,COHFACE,old,COHFACE_s25_session2_natural,12,88.0,40.0,sub_harmonic_half,88.0,0.9999999999999999,89.0,0.9654420612138462,87.0,0.9245410333350773,40.0,0.9999999999999997,41.0,0.907312509810655,79.0,0.7953781761195866,25_2,25,2,natural,106.721420288,60.9794464111,3.80209645917,0,543.997985816,0.221256792545
UBFC_A1/Eval_On_COHFACE,COHFACE,old,COHFACE_s25_session2_natural,13,88.0,58.0,large_error,88.0,0.9999999999999999,89.0,0.9631817763951732,87.0,0.9179715502199279,58.0,0.9999999999999997,59.0,0.9938072528172752,57.0,0.9427166498979149,25_2,25,2,natural,106.721420288,60.9794464111,3.80209645917,0,543.997985816,0.221256792545
UBFC_A1/Eval_On_COHFACE,COHFACE,old,COHFACE_s25_session2_natural,14,88.0,60.0,large_error,88.0,0.9999999999999999,89.0,0.9669924687309364,87.0,0.9165538554103709,60.0,0.9999999999999997,59.0,0.9952078549950738,61.0,0.9255663824460968,25_2,25,2,natural,106.721420288,60.9794464111,3.80209645917,0,543.997985816,0.221256792545
UBFC_A1/Eval_On_COHFACE,COHFACE,old,COHFACE_s25_session2_natural,15,88.0,40.0,sub_harmonic_half,88.0,0.9999999999999999,89.0,0.9961665507356243,87.0,0.8973305799032459,40.0,0.9999999999999996,55.0,0.9968790616247031,54.0,0.9937377771374257,25_2,25,2,natural,106.721420288,60.9794464111,3.80209645917,0,543.997985816,0.221256792545
UBFC_A1/Eval_On_COHFACE,COHFACE,old,COHFACE_s25_session2_natural,16,89.0,55.0,large_error,89.0,0.9999999999999999,90.0,0.9597628682154172,88.0,0.9318018686808143,55.0,0.9999999999999996,56.0,0.969845316445256,54.0,0.9229558509302825,25_2,25,2,natural,106.721420288,60.9794464111,3.80209645917,0,543.997985816,0.221256792545
UBFC_A1/Eval_On_COHFACE,COHFACE,old,COHFACE_s25_session2_natural,17,90.0,69.0,large_error,90.0,0.9999999999999999,89.0,0.9791268023762717,91.0,0.9080419386782841,69.0,0.9999999999999998,68.0,0.9744777802430992,70.0,0.8522636337810285,25_2,25,2,natural,106.721420288,60.9794464111,3.80209645917,0,543.997985816,0.221256792545
UBFC_A1/Eval_On_COHFACE,COHFACE,old,COHFACE_s25_session2_natural,18,89.0,40.0,sub_harmonic_half,89.0,0.9999999999999999,90.0,0.9914957662023673,88.0,0.8913109185168956,40.0,0.9999999999999993,81.0,0.8168221454971276,80.0,0.8045082133363215,25_2,25,2,natural,106.721420288,60.9794464111,3.80209645917,0,543.997985816,0.221256792545
UBFC_A1/Eval_On_COHFACE,COHFACE,old,COHFACE_s25_session2_natural,19,88.0,81.0,large_error,88.0,0.9999999999999999,89.0,0.9904845233755862,87.0,0.8945698020230111,81.0,0.9999999999999997,80.0,0.9703740276988546,82.0,0.9594575874750854,25_2,25,2,natural,106.721420288,60.9794464111,3.80209645917,0,543.997985816,0.221256792545
UBFC_A1/Eval_On_COHFACE,COHFACE,old,COHFACE_s25_session2_natural,20,88.0,75.0,large_error,88.0,0.9999999999999999,87.0,0.9814012359947178,89.0,0.9000412053821654,75.0,0.9999999999999998,76.0,0.9783078608327809,74.0,0.9269346829496237,25_2,25,2,natural,106.721420288,60.9794464111,3.80209645917,0,543.997985816,0.221256792545
UBFC_A1/Eval_On_COHFACE,COHFACE,old,COHFACE_s25_session2_natural,21,87.0,81.0,large_error,87.0,0.9999999999999999,88.0,0.9626946192598418,86.0,0.9267327328813928,81.0,0.9999999999999998,80.0,0.9609916830818489,82.0,0.9392648566899037,25_2,25,2,natural,106.721420288,60.9794464111,3.80209645917,0,543.997985816,0.221256792545
UBFC_A1/Eval_On_COHFACE,COHFACE,old,COHFACE_s25_session2_natural,22,87.0,82.0,large_error,87.0,0.9999999999999999,86.0,0.9537113865568335,88.0,0.9288704121230128,82.0,0.9999999999999998,83.0,0.9510804387491781,81.0,0.9487961736842299,25_2,25,2,natural,106.721420288,60.9794464111,3.80209645917,0,543.997985816,0.221256792545
UBFC_A1/Eval_On_COHFACE,COHFACE,old,COHFACE_s25_session2_natural,23,86.0,43.0,sub_harmonic_half,86.0,0.9999999999999999,87.0,0.9769159720061255,85.0,0.9074472174916929,43.0,0.9999999999999998,42.0,0.9655746197988788,44.0,0.9109672125408427,25_2,25,2,natural,106.721420288,60.9794464111,3.80209645917,0,543.997985816,0.221256792545
UBFC_A1/Eval_On_COHFACE,COHFACE,old,COHFACE_s25_session2_natural,24,86.0,82.0,large_error,86.0,0.9999999999999999,85.0,0.969784201879523,87.0,0.9138289274048004,82.0,0.9999999999999998,81.0,0.9504690449589698,83.0,0.9500707217948727,25_2,25,2,natural,106.721420288,60.9794464111,3.80209645917,0,543.997985816,0.221256792545
UBFC_A1/Eval_On_COHFACE,COHFACE,old,COHFACE_s25_session2_natural,25,86.0,83.0,correct,86.0,0.9999999999999999,87.0,0.9783580829161522,85.0,0.9115533009100156,83.0,0.9999999999999996,82.0,0.9722383452407154,84.0,0.9429661985398298,25_2,25,2,natural,106.721420288,60.9794464111,3.80209645917,0,543.997985816,0.221256792545
UBFC_A1/Eval_On_COHFACE,COHFACE,old,COHFACE_s25_session2_natural,26,87.0,42.0,sub_harmonic_half,87.0,0.9999999999999999,88.0,0.9709175948567996,86.0,0.918546538502904,42.0,0.9999999999999998,43.0,0.9438462320777485,41.0,0.9427790457813766,25_2,25,2,natural,106.721420288,60.9794464111,3.80209645917,0,543.997985816,0.221256792545
UBFC_A1/Eval_On_COHFACE,COHFACE,old,COHFACE_s25_session2_natural,27,88.0,40.0,sub_harmonic_half,88.0,0.9999999999999999,87.0,0.9706850546722487,89.0,0.9160396504146003,40.0,0.9999999999999997,41.0,0.8010767047670294,42.0,0.5215508336117972,25_2,25,2,natural,106.721420288,60.9794464111,3.80209645917,0,543.997985816,0.221256792545
UBFC_A1/Eval_On_COHFACE,COHFACE,old,COHFACE_s25_session2_natural,28,88.0,40.0,sub_harmonic_half,88.0,0.9999999999999999,87.0,0.9928573952924589,89.0,0.8915661766587987,40.0,0.9999999999999996,41.0,0.9544585858617234,42.0,0.7966337971437617,25_2,25,2,natural,106.721420288,60.9794464111,3.80209645917,0,543.997985816,0.221256792545
UBFC_A1/Eval_On_COHFACE,COHFACE,old,COHFACE_s25_session2_natural,29,87.0,44.0,sub_harmonic_half,87.0,0.9999999999999999,88.0,0.996129020298627,86.0,0.8821599294539232,44.0,0.9999999999999998,43.0,0.9542110023609418,45.0,0.9392193935084673,25_2,25,2,natural,106.721420288,60.9794464111,3.80209645917,0,543.997985816,0.221256792545
UBFC_A1/Eval_On_COHFACE,COHFACE,old,COHFACE_s25_session2_natural,30,88.0,40.0,sub_harmonic_half,88.0,0.9999999999999999,87.0,0.9901467177926269,89.0,0.9031236424195688,40.0,0.9999999999999997,41.0,0.8484293470322063,42.0,0.6167485422546508,25_2,25,2,natural,106.721420288,60.9794464111,3.80209645917,0,543.997985816,0.221256792545
UBFC_A1/Eval_On_COHFACE,COHFACE,old,COHFACE_s25_session2_natural,31,88.0,100.0,large_error,88.0,0.9999999999999999,87.0,0.9566261960933715,89.0,0.9215455776915068,100.0,0.9999999999999994,99.0,0.9859333262772483,82.0,0.9689772116731341,25_2,25,2,natural,106.721420288,60.9794464111,3.80209645917,0,543.997985816,0.221256792545
UBFC_A1/Eval_On_COHFACE,COHFACE,old,COHFACE_s25_session2_natural,32,87.0,99.0,large_error,87.0,0.9999999999999999,88.0,0.9753609864809639,86.0,0.9109820935615695,99.0,0.9999999999999998,98.0,0.974794644648278,100.0,0.8852326690168518,25_2,25,2,natural,106.721420288,60.9794464111,3.80209645917,0,543.997985816,0.221256792545
UBFC_A1/Eval_On_COHFACE,COHFACE,old,COHFACE_s25_session2_natural,33,87.0,85.0,correct,87.0,1.0,86.0,0.9815680329079381,88.0,0.896833448560117,85.0,0.9999999999999998,84.0,0.9695165509624705,86.0,0.9491432926909514,25_2,25,2,natural,106.721420288,60.9794464111,3.80209645917,0,543.997985816,0.221256792545
UBFC_A1/Eval_On_COHFACE,COHFACE,old,COHFACE_s25_session2_natural,34,86.0,103.0,large_error,86.0,0.9999999999999999,87.0,0.9601392323323642,85.0,0.923550223935753,103.0,0.9999999999999996,102.0,0.9851724998052959,87.0,0.9472124377649465,25_2,25,2,natural,106.721420288,60.9794464111,3.80209645917,0,543.997985816,0.221256792545
UBFC_A1/Eval_On_COHFACE,COHFACE,old,COHFACE_s25_session2_natural,35,86.0,100.0,large_error,86.0,0.9999999999999999,87.0,0.9519724072568543,85.0,0.9308507155805728,100.0,0.9999999999999996,101.0,0.9710938671182383,99.0,0.9238014148286801,25_2,25,2,natural,106.721420288,60.9794464111,3.80209645917,0,543.997985816,0.221256792545
UBFC_A1/Eval_On_COHFACE,COHFACE,old,COHFACE_s25_session2_natural,36,86.0,49.0,sub_harmonic_half,86.0,0.9999999999999999,87.0,0.980985885633445,85.0,0.9090425196297994,49.0,0.9999999999999998,50.0,0.9702545335312543,48.0,0.9048697584147158,25_2,25,2,natural,106.721420288,60.9794464111,3.80209645917,0,543.997985816,0.221256792545
UBFC_A1/Eval_On_COHFACE,COHFACE,old,COHFACE_s25_session2_natural,37,86.0,50.0,sub_harmonic_half,86.0,0.9999999999999999,87.0,0.9743334552156188,85.0,0.9171425181030315,50.0,0.9999999999999998,51.0,0.978846854989156,49.0,0.9139023777924067,25_2,25,2,natural,106.721420288,60.9794464111,3.80209645917,0,543.997985816,0.221256792545
UBFC_A1/Eval_On_COHFACE,COHFACE,old,COHFACE_s25_session2_natural,38,86.0,53.0,large_error,86.0,1.0,87.0,0.9856611694839271,85.0,0.9030565451533514,53.0,0.9999999999999998,54.0,0.9473012735517456,52.0,0.9370578852570809,25_2,25,2,natural,106.721420288,60.9794464111,3.80209645917,0,543.997985816,0.221256792545
UBFC_A1/Eval_On_COHFACE,COHFACE,old,COHFACE_s25_session2_natural,39,87.0,48.0,sub_harmonic_half,87.0,0.9999999999999999,86.0,0.9735687257083072,88.0,0.9184003046584495,48.0,0.9999999999999997,49.0,0.9928921789796913,47.0,0.9791811279580586,25_2,25,2,natural,106.721420288,60.9794464111,3.80209645917,0,543.997985816,0.221256792545
UBFC_A1/Eval_On_COHFACE,COHFACE,old,COHFACE_s25_session2_natural,40,88.0,46.0,sub_harmonic_half,88.0,0.9999999999999999,89.0,0.9459906626209181,87.0,0.9457919005120872,46.0,0.9999999999999998,47.0,0.9709693787424889,45.0,0.9383273078032627,25_2,25,2,natural,106.721420288,60.9794464111,3.80209645917,0,543.997985816,0.221256792545
UBFC_A1/Eval_On_COHFACE,COHFACE,old,COHFACE_s25_session2_natural,41,89.0,45.0,sub_harmonic_half,89.0,0.9999999999999999,90.0,0.9682594124718042,88.0,0.9225390552440008,45.0,0.9999999999999999,44.0,0.9489035807797424,46.0,0.9468007809811215,25_2,25,2,natural,106.721420288,60.9794464111,3.80209645917,0,543.997985816,0.221256792545
UBFC_A1/Eval_On_COHFACE,COHFACE,old,COHFACE_s25_session2_natural,42,90.0,49.0,sub_harmonic_half,90.0,0.9999999999999999,89.0,0.965638884799885,91.0,0.9149284514409045,49.0,0.9999999999999997,50.0,0.9311533310788195,48.0,0.9249514924955785,25_2,25,2,natural,106.721420288,60.9794464111,3.80209645917,0,543.997985816,0.221256792545
UBFC_A1/Eval_On_COHFACE,COHFACE,old,COHFACE_s25_session2_natural,43,89.0,90.0,correct,89.0,0.9999999999999999,90.0,0.9999374761736805,91.0,0.8850658155020545,90.0,0.9999999999999996,91.0,0.9832497889525323,89.0,0.9139040427076276,25_2,25,2,natural,106.721420288,60.9794464111,3.80209645917,0,543.997985816,0.221256792545
UBFC_A1/Eval_On_COHFACE,COHFACE,old,COHFACE_s25_session2_natural,44,90.0,67.0,large_error,90.0,0.9999999999999999,89.0,0.9943610280304706,91.0,0.8930396812077692,67.0,0.9999999999999988,68.0,0.9990720867851792,51.0,0.9662881756035697,25_2,25,2,natural,106.721420288,60.9794464111,3.80209645917,0,543.997985816,0.221256792545
UBFC_A1/Eval_On_COHFACE,COHFACE,old,COHFACE_s25_session2_natural,45,89.0,87.0,correct,89.0,0.9999999999999999,90.0,0.9550991668773907,88.0,0.9299555841513758,87.0,0.9999999999999993,88.0,0.9453747766473924,63.0,0.9245486941021621,25_2,25,2,natural,106.721420288,60.9794464111,3.80209645917,0,543.997985816,0.221256792545
UBFC_A1/Eval_On_COHFACE,COHFACE,old,COHFACE_s25_session2_natural,46,89.0,73.0,large_error,89.0,0.9999999999999999,90.0,0.9836804202840325,88.0,0.9030056368939305,73.0,0.9999999999999993,72.0,0.9484252175746741,74.0,0.9363866423263588,25_2,25,2,natural,106.721420288,60.9794464111,3.80209645917,0,543.997985816,0.221256792545
UBFC_A1/Eval_On_COHFACE,COHFACE,old,COHFACE_s25_session2_natural,47,89.0,75.0,large_error,89.0,0.9999999999999999,88.0,0.9848700286518753,90.0,0.8961341437569337,75.0,0.9999999999999996,76.0,0.9994732042612849,77.0,0.8775329756964773,25_2,25,2,natural,106.721420288,60.9794464111,3.80209645917,0,543.997985816,0.221256792545
UBFC_A1/Eval_On_COHFACE,COHFACE,old,COHFACE_s25_session2_natural,48,88.0,80.0,large_error,88.0,1.0,89.0,0.9644542600432797,87.0,0.9147238115608819,80.0,0.9999999999999997,79.0,0.9653354750403246,81.0,0.9486046592329831,25_2,25,2,natural,106.721420288,60.9794464111,3.80209645917,0,543.997985816,0.221256792545
UBFC_A1/Eval_On_COHFACE,COHFACE,old,COHFACE_s25_session2_natural,49,88.0,79.0,large_error,88.0,0.9999999999999999,87.0,0.954939859346508,89.0,0.9319235318755085,79.0,0.9999999999999996,80.0,0.9862830739655254,78.0,0.9723445742391822,25_2,25,2,natural,106.721420288,60.9794464111,3.80209645917,0,543.997985816,0.221256792545
UBFC_A1/Eval_On_COHFACE,COHFACE,old,COHFACE_s25_session2_natural,50,88.0,76.0,large_error,88.0,0.9999999999999999,87.0,0.9439385639282724,89.0,0.9398872093869286,76.0,0.9999999999999998,75.0,0.9897928373376721,77.0,0.8852443121523091,25_2,25,2,natural,106.721420288,60.9794464111,3.80209645917,0,543.997985816,0.221256792545
UBFC_A1/Eval_On_COHFACE,COHFACE,old,COHFACE_s25_session3_natural,0,80.0,40.0,sub_harmonic_half,80.0,0.9999999999999997,79.0,0.9435237402368443,81.0,0.9019671606373227,40.0,0.9999999999999998,41.0,0.8814395305717571,80.0,0.7482832737116261,25_3,25,3,natural,106.5181427,57.3066329956,3.63976295297,0,505.301007171,0.249421179295
UBFC_A1/Eval_On_COHFACE,COHFACE,old,COHFACE_s25_session3_natural,1,79.0,81.0,correct,79.0,0.9999999999999997,78.0,0.9877132986052973,80.0,0.9799169522351318,81.0,0.9999999999999998,82.0,0.9742167328049205,80.0,0.9277599389589359,25_3,25,3,natural,106.5181427,57.3066329956,3.63976295297,0,505.301007171,0.249421179295
UBFC_A1/Eval_On_COHFACE,COHFACE,old,COHFACE_s25_session3_natural,2,77.0,53.0,large_error,77.0,0.9999999999999998,78.0,0.9813992602201344,76.0,0.9550523270026372,53.0,0.9999999999999996,54.0,0.9629794665501703,52.0,0.932251112902403,25_3,25,3,natural,106.5181427,57.3066329956,3.63976295297,0,505.301007171,0.249421179295
UBFC_A1/Eval_On_COHFACE,COHFACE,old,COHFACE_s25_session3_natural,3,80.0,81.0,correct,80.0,0.9999999999999999,79.0,0.9781802607119697,81.0,0.9730891174254038,81.0,0.9999999999999996,82.0,0.9948240770596277,80.0,0.9362400356100833,25_3,25,3,natural,106.5181427,57.3066329956,3.63976295297,0,505.301007171,0.249421179295
UBFC_A1/Eval_On_COHFACE,COHFACE,old,COHFACE_s25_session3_natural,4,80.0,77.0,correct,80.0,0.9999999999999998,79.0,0.9508823903274459,81.0,0.9476920467633319,77.0,0.9999999999999992,78.0,0.946764124627714,120.0,0.9383155864997655,25_3,25,3,natural,106.5181427,57.3066329956,3.63976295297,0,505.301007171,0.249421179295
UBFC_A1/Eval_On_COHFACE,COHFACE,old,COHFACE_s25_session3_natural,5,81.0,59.0,large_error,81.0,0.9999999999999998,80.0,0.9768952742095911,82.0,0.9119881406875878,59.0,0.9999999999999998,60.0,0.956544181420659,58.0,0.9075911888806363,25_3,25,3,natural,106.5181427,57.3066329956,3.63976295297,0,505.301007171,0.249421179295
UBFC_A1/Eval_On_COHFACE,COHFACE,old,COHFACE_s25_session3_natural,6,82.0,79.0,correct,82.0,0.9999999999999998,83.0,0.9535868041911701,81.0,0.9497627950127883,79.0,0.9999999999999991,120.0,0.977341691379861,119.0,0.9685477436830671,25_3,25,3,natural,106.5181427,57.3066329956,3.63976295297,0,505.301007171,0.249421179295
UBFC_A1/Eval_On_COHFACE,COHFACE,old,COHFACE_s25_session3_natural,7,86.0,89.0,correct,86.0,0.9999999999999999,85.0,0.9720086699165109,87.0,0.9520074447080105,89.0,0.9999999999999994,88.0,0.9318440659841777,90.0,0.8953430349482328,25_3,25,3,natural,106.5181427,57.3066329956,3.63976295297,0,505.301007171,0.249421179295
UBFC_A1/Eval_On_COHFACE,COHFACE,old,COHFACE_s25_session3_natural,8,89.0,52.0,sub_harmonic_half,89.0,0.9999999999999998,88.0,0.9962831483347117,90.0,0.9097273944202169,52.0,0.9999999999999993,63.0,0.9951340815798375,64.0,0.9501002292228442,25_3,25,3,natural,106.5181427,57.3066329956,3.63976295297,0,505.301007171,0.249421179295
UBFC_A1/Eval_On_COHFACE,COHFACE,old,COHFACE_s25_session3_natural,9,90.0,82.0,large_error,90.0,0.9999999999999999,89.0,0.9915200475823286,91.0,0.8948385851216306,82.0,0.9999999999999996,81.0,0.9848322632207599,83.0,0.9636169511922331,25_3,25,3,natural,106.5181427,57.3066329956,3.63976295297,0,505.301007171,0.249421179295
UBFC_A1/Eval_On_COHFACE,COHFACE,old,COHFACE_s25_session3_natural,10,90.0,83.0,large_error,90.0,0.9999999999999999,89.0,0.9615493364784186,91.0,0.9261958953983797,83.0,0.9999999999999996,84.0,0.9726988200511755,82.0,0.9528199332343702,25_3,25,3,natural,106.5181427,57.3066329956,3.63976295297,0,505.301007171,0.249421179295
UBFC_A1/Eval_On_COHFACE,COHFACE,old,COHFACE_s25_session3_natural,11,89.0,43.0,sub_harmonic_half,89.0,0.9999999999999999,88.0,0.9602952537672622,90.0,0.9375263159162985,43.0,0.9999999999999994,42.0,0.9967532939000764,44.0,0.8893034770085995,25_3,25,3,natural,106.5181427,57.3066329956,3.63976295297,0,505.301007171,0.249421179295
UBFC_A1/Eval_On_COHFACE,COHFACE,old,COHFACE_s25_session3_natural,12,88.0,80.0,large_error,88.0,0.9999999999999999,87.0,0.9496314714109129,89.0,0.9432871775092908,80.0,0.9999999999999996,40.0,0.9832186489217722,79.0,0.9402653108062552,25_3,25,3,natural,106.5181427,57.3066329956,3.63976295297,0,505.301007171,0.249421179295
UBFC_A1/Eval_On_COHFACE,COHFACE,old,COHFACE_s25_session3_natural,13,87.0,90.0,correct,87.0,0.9999999999999999,88.0,0.9598866202529769,86.0,0.938956396704378,90.0,0.9999999999999996,89.0,0.9802107412180026,91.0,0.8405822601056571,25_3,25,3,natural,106.5181427,57.3066329956,3.63976295297,0,505.301007171,0.249421179295
UBFC_A1/Eval_On_COHFACE,COHFACE,old,COHFACE_s25_session3_natural,14,88.0,42.0,sub_harmonic_half,88.0,0.9999999999999999,87.0,0.998977367615319,86.0,0.8891645221113608,42.0,0.9999999999999998,43.0,0.9776290039008092,77.0,0.915398318899048,25_3,25,3,natural,106.5181427,57.3066329956,3.63976295297,0,505.301007171,0.249421179295
UBFC_A1/Eval_On_COHFACE,COHFACE,old,COHFACE_s25_session3_natural,15,88.0,40.0,sub_harmonic_half,88.0,0.9999999999999999,87.0,0.9517584869829238,89.0,0.9279746326485067,40.0,0.9999999999999998,41.0,0.9821990440923329,42.0,0.8889324420356332,25_3,25,3,natural,106.5181427,57.3066329956,3.63976295297,0,505.301007171,0.249421179295
UBFC_A1/Eval_On_COHFACE,COHFACE,old,COHFACE_s25_session3_natural,16,89.0,82.0,large_error,89.0,0.9999999999999999,88.0,0.9645542338604522,90.0,0.9218848854163357,82.0,0.9999999999999997,81.0,0.9917804515355226,83.0,0.9414543204851125,25_3,25,3,natural,106.5181427,57.3066329956,3.63976295297,0,505.301007171,0.249421179295
UBFC_A1/Eval_On_COHFACE,COHFACE,old,COHFACE_s25_session3_natural,17,90.0,44.0,sub_harmonic_half,90.0,0.9999999999999999,89.0,0.9844603963909401,91.0,0.9107493693255073,44.0,0.9999999999999998,43.0,0.9946720033929716,45.0,0.9412811624873186,25_3,25,3,natural,106.5181427,57.3066329956,3.63976295297,0,505.301007171,0.249421179295
UBFC_A1/Eval_On_COHFACE,COHFACE,old,COHFACE_s25_session3_natural,18,91.0,40.0,sub_harmonic_half,91.0,0.9999999999999999,90.0,0.9979850229697358,92.0,0.8923599025555524,40.0,0.9999999999999997,41.0,0.8682919367524027,42.0,0.6573730598174851,25_3,25,3,natural,106.5181427,57.3066329956,3.63976295297,0,505.301007171,0.249421179295
UBFC_A1/Eval_On_COHFACE,COHFACE,old,COHFACE_s25_session3_natural,19,91.0,90.0,correct,91.0,0.9999999999999999,92.0,0.9908634902710624,90.0,0.9015498425634456,90.0,0.9999999999999998,91.0,0.9683663482053998,89.0,0.8912220528453603,25_3,25,3,natural,106.5181427,57.3066329956,3.63976295297,0,505.301007171,0.249421179295
UBFC_A1/Eval_On_COHFACE,COHFACE,old,COHFACE_s25_session3_natural,20,92.0,52.0,sub_harmonic_half,92.0,0.9999999999999999,93.0,0.9590839611236744,91.0,0.9208249013738143,52.0,0.9999999999999997,51.0,0.9397274140603724,53.0,0.9378226957898288,25_3,25,3,natural,106.5181427,57.3066329956,3.63976295297,0,505.301007171,0.249421179295
UBFC_A1/Eval_On_COHFACE,COHFACE,old,COHFACE_s25_session3_natural,21,92.0,40.0,large_error,92.0,0.9999999999999999,93.0,0.9969690987323185,91.0,0.8768092404706713,40.0,0.9999999999999996,41.0,0.8192421040359446,91.0,0.5969142458080713,25_3,25,3,natural,106.5181427,57.3066329956,3.63976295297,0,505.301007171,0.249421179295
UBFC_A1/Eval_On_COHFACE,COHFACE,old,COHFACE_s25_session3_natural,22,93.0,42.0,sub_harmonic_half,93.0,0.9999999999999999,94.0,0.9446936043745213,92.0,0.9444949719502488,42.0,0.9999999999999996,41.0,0.9600028222868725,43.0,0.9429159581456059,25_3,25,3,natural,106.5181427,57.3066329956,3.63976295297,0,505.301007171,0.249421179295
UBFC_A1/Eval_On_COHFACE,COHFACE,old,COHFACE_s25_session3_natural,23,92.0,44.0,sub_harmonic_half,92.0,0.9999999999999998,91.0,0.952052035809791,93.0,0.9506502122038865,44.0,0.9999999999999998,43.0,0.9559795380968659,45.0,0.9461985261994761,25_3,25,3,natural,106.5181427,57.3066329956,3.63976295297,0,505.301007171,0.249421179295
UBFC_A1/Eval_On_COHFACE,COHFACE,old,COHFACE_s25_session3_natural,24,91.0,40.0,sub_harmonic_half,91.0,0.9999999999999999,90.0,0.973456353114146,92.0,0.9216159892309997,40.0,0.9999999999999996,41.0,0.8757442151515372,80.0,0.7215599550089832,25_3,25,3,natural,106.5181427,57.3066329956,3.63976295297,0,505.301007171,0.249421179295
UBFC_A1/Eval_On_COHFACE,COHFACE,old,COHFACE_s25_session3_natural,25,90.0,80.0,large_error,90.0,0.9999999999999999,89.0,0.9649139785577627,91.0,0.9085476031502028,80.0,0.9999999999999997,79.0,0.9598087522894395,81.0,0.8832722023787911,25_3,25,3,natural,106.5181427,57.3066329956,3.63976295297,0,505.301007171,0.249421179295
UBFC_A1/Eval_On_COHFACE,COHFACE,old,COHFACE_s25_session3_natural,26,89.0,43.0,sub_harmonic_half,89.0,0.9999999999999999,90.0,0.9787131927721733,88.0,0.8982496858094298,43.0,0.9999999999999996,42.0,0.934837014586587,44.0,0.9309098851934293,25_3,25,3,natural,106.5181427,57.3066329956,3.63976295297,0,505.301007171,0.249421179295
UBFC_A1/Eval_On_COHFACE,COHFACE,old,COHFACE_s25_session3_natural,27,89.0,40.0,sub_harmonic_half,89.0,0.9999999999999999,88.0,0.9808034157079476,90.0,0.9048709235405095,40.0,0.9999999999999994,41.0,0.8997860815015446,61.0,0.8516660499456233,25_3,25,3,natural,106.5181427,57.3066329956,3.63976295297,0,505.301007171,0.249421179295
UBFC_A1/Eval_On_COHFACE,COHFACE,old,COHFACE_s25_session3_natural,28,88.0,82.0,large_error,88.0,0.9999999999999999,89.0,0.9915487780531052,87.0,0.8909204593528789,82.0,0.9999999999999994,81.0,0.9659329019776167,83.0,0.9456261989107576,25_3,25,3,natural,106.5181427,57.3066329956,3.63976295297,0,505.301007171,0.249421179295
UBFC_A1/Eval_On_COHFACE,COHFACE,old,COHFACE_s25_session3_natural,29,88.0,66.0,large_error,88.0,0.9999999999999998,89.0,0.9577639139995212,87.0,0.9349077159696637,66.0,0.9999999999999996,67.0,0.9622612209410921,65.0,0.9584982158018743,25_3,25,3,natural,106.5181427,57.3066329956,3.63976295297,0,505.301007171,0.249421179295
UBFC_A1/Eval_On_COHFACE,COHFACE,old,COHFACE_s25_session3_natural,30,88.0,40.0,sub_harmonic_half,88.0,0.9999999999999999,89.0,0.9755168059105243,87.0,0.9097953158661951,40.0,0.9999999999999996,50.0,0.9174895519858954,49.0,0.9076244071884914,25_3,25,3,natural,106.5181427,57.3066329956,3.63976295297,0,505.301007171,0.249421179295
UBFC_A1/Eval_On_COHFACE,COHFACE,old,COHFACE_s25_session3_natural,31,87.0,81.0,large_error,87.0,0.9999999999999999,88.0,0.9960471392180823,86.0,0.892436643934426,81.0,0.9999999999999997,80.0,0.9338725798129888,82.0,0.8656603591182614,25_3,25,3,natural,106.5181427,57.3066329956,3.63976295297,0,505.301007171,0.249421179295
UBFC_A1/Eval_On_COHFACE,COHFACE,old,COHFACE_s25_session3_natural,32,87.0,77.0,large_error,87.0,0.9999999999999999,88.0,0.9695091665295382,86.0,0.9099422941386176,77.0,0.9999999999999997,43.0,0.994874504208339,76.0,0.9929277321210704,25_3,25,3,natural,106.5181427,57.3066329956,3.63976295297,0,505.301007171,0.249421179295
UBFC_A1/Eval_On_COHFACE,COHFACE,old,COHFACE_s25_session3_natural,33,88.0,79.0,large_error,88.0,0.9999999999999999,87.0,0.993651007335824,89.0,0.8972218144195455,79.0,0.9999999999999997,80.0,0.9885568857919483,78.0,0.9339175637791808,25_3,25,3,natural,106.5181427,57.3066329956,3.63976295297,0,505.301007171,0.249421179295
UBFC_A1/Eval_On_COHFACE,COHFACE,old,COHFACE_s25_session3_natural,34,89.0,81.0,large_error,89.0,0.9999999999999999,88.0,0.9653764410744253,90.0,0.9225595219811071,81.0,0.9999999999999997,80.0,0.9882894603976167,82.0,0.9575219634803984,25_3,25,3,natural,106.5181427,57.3066329956,3.63976295297,0,505.301007171,0.249421179295
UBFC_A1/Eval_On_COHFACE,COHFACE,old,COHFACE_s25_session3_natural,35,90.0,44.0,sub_harmonic_half,90.0,0.9999999999999999,89.0,0.9732584907858333,91.0,0.9174162373932939,44.0,0.9999999999999998,43.0,0.9777682430985921,45.0,0.923007963617505,25_3,25,3,natural,106.5181427,57.3066329956,3.63976295297,0,505.301007171,0.249421179295
UBFC_A1/Eval_On_COHFACE,COHFACE,old,COHFACE_s25_session3_natural,36,91.0,81.0,large_error,91.0,0.9999999999999999,90.0,0.9697274404032324,92.0,0.9173041250927134,81.0,0.9999999999999998,82.0,0.9586560806826493,80.0,0.9434303983639449,25_3,25,3,natural,106.5181427,57.3066329956,3.63976295297,0,505.301007171,0.249421179295
UBFC_A1/Eval_On_COHFACE,COHFACE,old,COHFACE_s25_session3_natural,37,91.0,80.0,large_error,91.0,0.9999999999999999,90.0,0.9697809328910512,92.0,0.9141948695659751,80.0,0.9999999999999998,81.0,0.969146185300195,79.0,0.90171780582796,25_3,25,3,natural,106.5181427,57.3066329956,3.63976295297,0,505.301007171,0.249421179295
UBFC_A1/Eval_On_COHFACE,COHFACE,old,COHFACE_s25_session3_natural,38,92.0,66.0,large_error,92.0,0.9999999999999999,91.0,0.9632357238967266,93.0,0.9307252355122376,66.0,0.9999999999999998,67.0,0.9681755782681752,80.0,0.945553723687719,25_3,25,3,natural,106.5181427,57.3066329956,3.63976295297,0,505.301007171,0.249421179295
UBFC_A1/Eval_On_COHFACE,COHFACE,old,COHFACE_s25_session3_natural,39,93.0,81.0,large_error,93.0,0.9999999999999999,92.0,0.9434162845971671,94.0,0.9430558325281908,81.0,0.9999999999999997,82.0,0.9884479321339112,80.0,0.8938825333822209,25_3,25,3,natural,106.5181427,57.3066329956,3.63976295297,0,505.301007171,0.249421179295
UBFC_A1/Eval_On_COHFACE,COHFACE,old,COHFACE_s25_session3_natural,40,94.0,41.0,sub_harmonic_half,94.0,0.9999999999999999,93.0,0.9794942324736999,95.0,0.9069131200627591,41.0,0.9999999999999996,40.0,0.9883049230853271,81.0,0.9642811081339666,25_3,25,3,natural,106.5181427,57.3066329956,3.63976295297,0,505.301007171,0.249421179295
UBFC_A1/Eval_On_COHFACE,COHFACE,old,COHFACE_s25_session3_natural,41,93.0,78.0,large_error,93.0,0.9999999999999999,94.0,0.9546756145060344,92.0,0.9271671776040737,78.0,0.9999999999999998,77.0,0.994322131793365,52.0,0.9709833355419003,25_3,25,3,natural,106.5181427,57.3066329956,3.63976295297,0,505.301007171,0.249421179295
UBFC_A1/Eval_On_COHFACE,COHFACE,old,COHFACE_s25_session3_natural,42,93.0,40.0,large_error,93.0,0.9999999999999999,92.0,0.9812318335285972,94.0,0.911943856065705,40.0,0.9999999999999997,90.0,0.997380918706604,91.0,0.9392472198198281,25_3,25,3,natural,106.5181427,57.3066329956,3.63976295297,0,505.301007171,0.249421179295
UBFC_A1/Eval_On_COHFACE,COHFACE,old,COHFACE_s25_session3_natural,43,92.0,80.0,large_error,92.0,0.9999999999999999,91.0,0.9722597998594726,93.0,0.9051186321330448,80.0,0.9999999999999998,119.0,0.9584912115925368,120.0,0.9547972529406497,25_3,25,3,natural,106.5181427,57.3066329956,3.63976295297,0,505.301007171,0.249421179295
UBFC_A1/Eval_On_COHFACE,COHFACE,old,COHFACE_s25_session3_natural,44,91.0,119.0,super_harmonic_1p5x,91.0,0.9999999999999999,92.0,0.9614229146100322,90.0,0.9283435435981221,119.0,0.9999999999999997,120.0,0.966522670727939,118.0,0.9273451044059716,25_3,25,3,natural,106.5181427,57.3066329956,3.63976295297,0,505.301007171,0.249421179295
UBFC_A1/Eval_On_COHFACE,COHFACE,old,COHFACE_s25_session3_natural,45,90.0,120.0,super_harmonic_1p5x,90.0,0.9999999999999999,89.0,0.9974222828047093,91.0,0.8944240559134345,120.0,0.9999999999999998,119.0,0.9663024854210898,121.0,0.9335247659539111,25_3,25,3,natural,106.5181427,57.3066329956,3.63976295297,0,505.301007171,0.249421179295
UBFC_A1/Eval_On_COHFACE,COHFACE,old,COHFACE_s25_session3_natural,46,88.0,120.0,super_harmonic_1p5x,88.0,0.9999999999999999,89.0,0.9892369503058325,87.0,0.8998288394268156,120.0,0.9999999999999998,119.0,0.9897495261125954,121.0,0.9238155643828733,25_3,25,3,natural,106.5181427,57.3066329956,3.63976295297,0,505.301007171,0.249421179295
UBFC_A1/Eval_On_COHFACE,COHFACE,old,COHFACE_s25_session3_natural,47,88.0,123.99999999999999,super_harmonic_1p5x,88.0,0.9999999999999999,87.0,0.9700402017736944,89.0,0.9232975324400571,123.99999999999999,0.9999999999999993,122.99999999999999,0.9846586465871627,125.00000000000001,0.9792068893143778,25_3,25,3,natural,106.5181427,57.3066329956,3.63976295297,0,505.301007171,0.249421179295
UBFC_A1/Eval_On_COHFACE,COHFACE,old,COHFACE_s25_session3_natural,48,88.0,127.0,super_harmonic_1p5x,88.0,0.9999999999999999,89.0,0.9692450263660872,87.0,0.9148928402143044,127.0,0.9999999999999997,126.0,0.9496953613350884,128.0,0.9338998664940128,25_3,25,3,natural,106.5181427,57.3066329956,3.63976295297,0,505.301007171,0.249421179295
UBFC_A1/Eval_On_COHFACE,COHFACE,old,COHFACE_s25_session3_natural,49,89.0,127.0,super_harmonic_1p5x,89.0,0.9999999999999999,88.0,0.9857499432476302,90.0,0.8997790081639573,127.0,0.9999999999999999,128.0,0.993291760143539,126.0,0.8979129362008083,25_3,25,3,natural,106.5181427,57.3066329956,3.63976295297,0,505.301007171,0.249421179295
UBFC_A1/Eval_On_COHFACE,COHFACE,old,COHFACE_s25_session3_natural,50,89.0,128.0,super_harmonic_1p5x,89.0,0.9999999999999999,90.0,0.9475325643561913,88.0,0.935378398658504,128.0,0.9999999999999998,127.0,0.9811349613650932,129.0,0.9030612778192042,25_3,25,3,natural,106.5181427,57.3066329956,3.63976295297,0,505.301007171,0.249421179295
UBFC_A1/Eval_On_COHFACE,COHFACE,old,COHFACE_s26_session0_lamp,0,90.0,54.0,large_error,90.0,0.9999999999999998,91.0,0.9910753937595489,89.0,0.9306781369036481,54.0,0.9999999999999997,53.0,0.9653897510151486,55.0,0.9339591007293199,26_0,26,0,lamp,108.637214661,57.9404716492,5.0941170036,0,425.175764266,0.256191670895
UBFC_A1/Eval_On_COHFACE,COHFACE,old,COHFACE_s26_session0_lamp,1,91.0,45.0,sub_harmonic_half,91.0,0.9999999999999999,92.0,0.95244891980532,90.0,0.9309293228264778,45.0,0.9999999999999998,55.0,0.9862611569047147,56.0,0.9773782367638846,26_0,26,0,lamp,108.637214661,57.9404716492,5.0941170036,0,425.175764266,0.256191670895
UBFC_A1/Eval_On_COHFACE,COHFACE,old,COHFACE_s26_session0_lamp,2,91.0,59.0,large_error,91.0,0.9999999999999999,90.0,0.9579699712181344,92.0,0.932138363492793,59.0,0.9999999999999999,58.0,0.993834459203898,60.0,0.8940694145228191,26_0,26,0,lamp,108.637214661,57.9404716492,5.0941170036,0,425.175764266,0.256191670895
UBFC_A1/Eval_On_COHFACE,COHFACE,old,COHFACE_s26_session0_lamp,3,91.0,90.0,correct,91.0,0.9999999999999999,90.0,0.999519511063193,92.0,0.892419726655179,90.0,0.9999999999999997,46.0,0.9827768141260779,89.0,0.956130553708308,26_0,26,0,lamp,108.637214661,57.9404716492,5.0941170036,0,425.175764266,0.256191670895
UBFC_A1/Eval_On_COHFACE,COHFACE,old,COHFACE_s26_session0_lamp,4,90.0,46.0,sub_harmonic_half,90.0,0.9999999999999999,89.0,0.9455071355325856,91.0,0.9403554715443322,46.0,0.9999999999999999,45.0,0.9785031685323451,47.0,0.9254540981372277,26_0,26,0,lamp,108.637214661,57.9404716492,5.0941170036,0,425.175764266,0.256191670895
UBFC_A1/Eval_On_COHFACE,COHFACE,old,COHFACE_s26_session0_lamp,5,90.0,51.0,sub_harmonic_half,90.0,0.9999999999999999,91.0,0.9682631423693435,89.0,0.9300740446608212,51.0,0.9999999999999998,50.0,0.9689553957974771,52.0,0.9644491410724624,26_0,26,0,lamp,108.637214661,57.9404716492,5.0941170036,0,425.175764266,0.256191670895
UBFC_A1/Eval_On_COHFACE,COHFACE,old,COHFACE_s26_session0_lamp,6,92.0,46.0,sub_harmonic_half,92.0,0.9999999999999998,91.0,0.9822931691804476,93.0,0.9069740686272783,46.0,0.9999999999999997,47.0,0.992092273104465,45.0,0.9748704890394368,26_0,26,0,lamp,108.637214661,57.9404716492,5.0941170036,0,425.175764266,0.256191670895
UBFC_A1/Eval_On_COHFACE,COHFACE,old,COHFACE_s26_session0_lamp,7,93.0,45.0,sub_harmonic_half,93.0,0.9999999999999998,92.0,0.9489940083398233,94.0,0.9247858668876455,45.0,0.9999999999999998,46.0,0.9843931830009156,44.0,0.9513085368389533,26_0,26,0,lamp,108.637214661,57.9404716492,5.0941170036,0,425.175764266,0.256191670895
UBFC_A1/Eval_On_COHFACE,COHFACE,old,COHFACE_s26_session0_lamp,8,93.0,44.0,sub_harmonic_half,93.0,0.9999999999999998,94.0,0.9498123038857773,92.0,0.9399979003248717,44.0,0.9999999999999999,43.0,0.9466804364794705,45.0,0.9457846421775747,26_0,26,0,lamp,108.637214661,57.9404716492,5.0941170036,0,425.175764266,0.256191670895
UBFC_A1/Eval_On_COHFACE,COHFACE,old,COHFACE_s26_session0_lamp,9,81.0,44.0,sub_harmonic_half,81.0,0.9999999999999999,93.0,0.9564834033683869,92.0,0.9471528911602963,44.0,0.9999999999999998,45.0,0.9681204613044713,43.0,0.9332316630635961,26_0,26,0,lamp,108.637214661,57.9404716492,5.0941170036,0,425.175764266,0.256191670895
UBFC_A1/Eval_On_COHFACE,COHFACE,old,COHFACE_s26_session0_lamp,10,79.0,45.0,sub_harmonic_half,79.0,0.9999999999999999,80.0,0.9764084117605056,78.0,0.9095917411370704,45.0,0.9999999999999997,46.0,0.9620282513591863,44.0,0.9172691279391042,26_0,26,0,lamp,108.637214661,57.9404716492,5.0941170036,0,425.175764266,0.256191670895
UBFC_A1/Eval_On_COHFACE,COHFACE,old,COHFACE_s26_session0_lamp,11,79.0,47.0,large_error,79.0,0.9999999999999999,80.0,0.9917136528163144,78.0,0.9499937761680239,47.0,0.9999999999999994,48.0,0.9803486660272543,46.0,0.9628157627449826,26_0,26,0,lamp,108.637214661,57.9404716492,5.0941170036,0,425.175764266,0.256191670895
UBFC_A1/Eval_On_COHFACE,COHFACE,old,COHFACE_s26_session0_lamp,12,84.0,50.0,large_error,84.0,0.9999999999999999,85.0,0.9639932580262226,83.0,0.9502876391936786,50.0,0.9999999999999993,51.0,0.9585274492136365,49.0,0.9379728607973102,26_0,26,0,lamp,108.637214661,57.9404716492,5.0941170036,0,425.175764266,0.256191670895
UBFC_A1/Eval_On_COHFACE,COHFACE,old,COHFACE_s26_session0_lamp,13,85.0,52.0,large_error,85.0,0.9999999999999999,84.0,0.9542787571114528,86.0,0.9511912848207781,52.0,0.9999999999999997,53.0,0.9380446781727021,51.0,0.9216898339952424,26_0,26,0,lamp,108.637214661,57.9404716492,5.0941170036,0,425.175764266,0.256191670895
UBFC_A1/Eval_On_COHFACE,COHFACE,old,COHFACE_s26_session0_lamp,14,77.0,67.0,large_error,77.0,0.9999999999999999,76.0,0.9462466952026988,78.0,0.9026116743718955,67.0,0.9999999999999997,68.0,0.9581490223084214,66.0,0.9494443541545319,26_0,26,0,lamp,108.637214661,57.9404716492,5.0941170036,0,425.175764266,0.256191670895
UBFC_A1/Eval_On_COHFACE,COHFACE,old,COHFACE_s26_session0_lamp,15,88.0,52.0,large_error,88.0,0.9999999999999998,87.0,0.966925302917909,77.0,0.9365306071171442,52.0,0.9999999999999997,51.0,0.9723848934783473,53.0,0.9491701020259066,26_0,26,0,lamp,108.637214661,57.9404716492,5.0941170036,0,425.175764266,0.256191670895
UBFC_A1/Eval_On_COHFACE,COHFACE,old,COHFACE_s26_session0_lamp,16,77.0,52.0,large_error,77.0,0.9999999999999999,88.0,0.9621160232788715,87.0,0.9380056453358541,52.0,0.9999999999999997,53.0,0.9647204813664612,51.0,0.9508551366330469,26_0,26,0,lamp,108.637214661,57.9404716492,5.0941170036,0,425.175764266,0.256191670895
UBFC_A1/Eval_On_COHFACE,COHFACE,old,COHFACE_s26_session0_lamp,17,77.0,51.0,large_error,77.0,0.9999999999999999,76.0,0.9716185341336989,78.0,0.918078732064908,51.0,0.9999999999999998,52.0,0.9799564513088775,50.0,0.9166121882769817,26_0,26,0,lamp,108.637214661,57.9404716492,5.0941170036,0,425.175764266,0.256191670895
UBFC_A1/Eval_On_COHFACE,COHFACE,old,COHFACE_s26_session0_lamp,18,79.0,40.0,sub_harmonic_half,79.0,0.9999999999999999,78.0,0.999345545561484,80.0,0.993974517116969,40.0,0.9999999999999993,78.0,0.8511065688397434,49.0,0.8395405286877978,26_0,26,0,lamp,108.637214661,57.9404716492,5.0941170036,0,425.175764266,0.256191670895
UBFC_A1/Eval_On_COHFACE,COHFACE,old,COHFACE_s26_session0_lamp,19,81.0,51.0,large_error,81.0,0.9999999999999999,80.0,0.9959508065497005,79.0,0.9160744554103428,51.0,0.9999999999999996,50.0,0.972934647952566,68.0,0.9171091649185088,26_0,26,0,lamp,108.637214661,57.9404716492,5.0941170036,0,425.175764266,0.256191670895
UBFC_A1/Eval_On_COHFACE,COHFACE,old,COHFACE_s26_session0_lamp,20,81.0,76.0,large_error,81.0,0.9999999999999999,80.0,0.9682106484320686,82.0,0.9429844138251442,76.0,0.9999999999999994,43.0,0.994956775705312,75.0,0.9714127678759764,26_0,26,0,lamp,108.637214661,57.9404716492,5.0941170036,0,425.175764266,0.256191670895
UBFC_A1/Eval_On_COHFACE,COHFACE,old,COHFACE_s26_session0_lamp,21,83.0,65.0,large_error,83.0,0.9999999999999999,82.0,0.984118663754262,84.0,0.9429698297047493,65.0,0.9999999999999996,66.0,0.9650723134246323,88.0,0.9456588655397788,26_0,26,0,lamp,108.637214661,57.9404716492,5.0941170036,0,425.175764266,0.256191670895
UBFC_A1/Eval_On_COHFACE,COHFACE,old,COHFACE_s26_session0_lamp,22,87.0,82.0,large_error,87.0,0.9999999999999998,86.0,0.9715661821154302,88.0,0.9335492863888274,82.0,0.9999999999999998,83.0,0.9783618850499922,81.0,0.9398866095992525,26_0,26,0,lamp,108.637214661,57.9404716492,5.0941170036,0,425.175764266,0.256191670895
UBFC_A1/Eval_On_COHFACE,COHFACE,old,COHFACE_s26_session0_lamp,23,88.0,85.0,correct,88.0,0.9999999999999999,89.0,0.9724853909950388,87.0,0.9168556352962213,85.0,0.9999999999999997,86.0,0.9969687373960257,84.0,0.9460034773605943,26_0,26,0,lamp,108.637214661,57.9404716492,5.0941170036,0,425.175764266,0.256191670895
UBFC_A1/Eval_On_COHFACE,COHFACE,old,COHFACE_s26_session0_lamp,24,88.0,83.0,large_error,88.0,0.9999999999999999,89.0,0.980865443860728,87.0,0.9022616792675535,83.0,0.9999999999999998,82.0,0.9993493356957404,84.0,0.8909648893159774,26_0,26,0,lamp,108.637214661,57.9404716492,5.0941170036,0,425.175764266,0.256191670895
UBFC_A1/Eval_On_COHFACE,COHFACE,old,COHFACE_s26_session0_lamp,25,88.0,83.0,large_error,88.0,0.9999999999999999,89.0,0.952147439281437,87.0,0.9272476696261099,83.0,0.9999999999999996,84.0,0.9893060071581911,82.0,0.9517054184427137,26_0,26,0,lamp,108.637214661,57.9404716492,5.0941170036,0,425.175764266,0.256191670895
UBFC_A1/Eval_On_COHFACE,COHFACE,old,COHFACE_s26_session0_lamp,26,87.0,80.0,large_error,87.0,0.9999999999999999,86.0,0.9665408381376124,88.0,0.928088785735153,80.0,0.9999999999999994,81.0,0.9890755521366218,79.0,0.9643112995623557,26_0,26,0,lamp,108.637214661,57.9404716492,5.0941170036,0,425.175764266,0.256191670895
UBFC_A1/Eval_On_COHFACE,COHFACE,old,COHFACE_s26_session0_lamp,27,87.0,82.0,large_error,87.0,0.9999999999999999,86.0,0.9985961062638877,85.0,0.9005714188728764,82.0,0.9999999999999997,81.0,0.9572334262321025,83.0,0.9433741997333244,26_0,26,0,lamp,108.637214661,57.9404716492,5.0941170036,0,425.175764266,0.256191670895
UBFC_A1/Eval_On_COHFACE,COHFACE,old,COHFACE_s26_session0_lamp,28,87.0,120.0,super_harmonic_1p5x,87.0,0.9999999999999998,88.0,0.9591874216156381,86.0,0.9488252873861547,120.0,0.9999999999999993,121.0,0.94755138613681,119.0,0.934358372351524,26_0,26,0,lamp,108.637214661,57.9404716492,5.0941170036,0,425.175764266,0.256191670895
UBFC_A1/Eval_On_COHFACE,COHFACE,old,COHFACE_s26_session0_lamp,29,89.0,60.0,large_error,89.0,0.9999999999999998,88.0,0.9551688250050542,90.0,0.932578368811039,60.0,0.9999999999999998,59.0,0.9990081181567726,61.0,0.8156667328959697,26_0,26,0,lamp,108.637214661,57.9404716492,5.0941170036,0,425.175764266,0.256191670895
UBFC_A1/Eval_On_COHFACE,COHFACE,old,COHFACE_s26_session0_lamp,30,89.0,120.0,super_harmonic_1p5x,89.0,0.9999999999999998,90.0,0.9517179125700859,88.0,0.9372803449656528,120.0,0.9999999999999997,119.0,0.9494434132305426,121.0,0.9428990588544918,26_0,26,0,lamp,108.637214661,57.9404716492,5.0941170036,0,425.175764266,0.256191670895
UBFC_A1/Eval_On_COHFACE,COHFACE,old,COHFACE_s26_session0_lamp,31,93.0,57.0,large_error,93.0,0.9999999999999999,94.0,0.9694451113494306,92.0,0.960033186451724,57.0,0.9999999999999994,58.0,0.9808505600540582,56.0,0.979076216685637,26_0,26,0,lamp,108.637214661,57.9404716492,5.0941170036,0,425.175764266,0.256191670895
UBFC_A1/Eval_On_COHFACE,COHFACE,old,COHFACE_s26_session0_lamp,32,73.0,60.0,large_error,73.0,0.9999999999999999,74.0,0.9994210652376638,92.0,0.914337167932148,60.0,0.9999999999999996,59.0,0.9762243881392312,61.0,0.9314318295965471,26_0,26,0,lamp,108.637214661,57.9404716492,5.0941170036,0,425.175764266,0.256191670895
UBFC_A1/Eval_On_COHFACE,COHFACE,old,COHFACE_s26_session0_lamp,33,72.0,119.0,super_harmonic_1p5x,72.0,0.9999999999999998,71.0,0.9774787858185222,73.0,0.9366545143126815,119.0,0.9999999999999996,120.0,0.9828612397411375,118.0,0.9029840737388655,26_0,26,0,lamp,108.637214661,57.9404716492,5.0941170036,0,425.175764266,0.256191670895
UBFC_A1/Eval_On_COHFACE,COHFACE,old,COHFACE_s26_session0_lamp,34,72.0,64.0,large_error,72.0,0.9999999999999999,73.0,0.9905572154584803,71.0,0.9873906044619162,64.0,0.9999999999999991,63.0,0.9731262216688153,65.0,0.8532592409884869,26_0,26,0,lamp,108.637214661,57.9404716492,5.0941170036,0,425.175764266,0.256191670895
UBFC_A1/Eval_On_COHFACE,COHFACE,old,COHFACE_s26_session0_lamp,35,88.0,52.0,large_error,88.0,0.9999999999999999,71.0,0.9916984188334889,72.0,0.9854890321477432,52.0,0.9999999999999997,53.0,0.9752526814494595,51.0,0.8593074520657302,26_0,26,0,lamp,108.637214661,57.9404716492,5.0941170036,0,425.175764266,0.256191670895
UBFC_A1/Eval_On_COHFACE,COHFACE,old,COHFACE_s26_session0_lamp,36,71.0,48.0,large_error,71.0,0.9999999999999998,72.0,0.9852250199706183,70.0,0.9210841496336704,48.0,0.9999999999999992,80.0,0.9846360731869872,79.0,0.983242274291074,26_0,26,0,lamp,108.637214661,57.9404716492,5.0941170036,0,425.175764266,0.256191670895
UBFC_A1/Eval_On_COHFACE,COHFACE,old,COHFACE_s26_session0_lamp,37,91.0,48.0,sub_harmonic_half,91.0,0.9999999999999999,92.0,0.9600943091707353,90.0,0.9475240142412685,48.0,0.9999999999999991,49.0,0.9881763464650282,47.0,0.9636254141454128,26_0,26,0,lamp,108.637214661,57.9404716492,5.0941170036,0,425.175764266,0.256191670895
UBFC_A1/Eval_On_COHFACE,COHFACE,old,COHFACE_s26_session0_lamp,38,87.0,43.0,sub_harmonic_half,87.0,0.9999999999999998,88.0,0.9690197197410123,86.0,0.9468619950949911,43.0,0.9999999999999989,42.0,0.9941256285754181,44.0,0.927064433530122,26_0,26,0,lamp,108.637214661,57.9404716492,5.0941170036,0,425.175764266,0.256191670895
UBFC_A1/Eval_On_COHFACE,COHFACE,old,COHFACE_s26_session0_lamp,39,87.0,52.0,large_error,87.0,0.9999999999999999,88.0,0.9967447301913327,89.0,0.8950280960064955,52.0,0.9999999999999994,51.0,0.9748894462537265,53.0,0.9725689453100359,26_0,26,0,lamp,108.637214661,57.9404716492,5.0941170036,0,425.175764266,0.256191670895
UBFC_A1/Eval_On_COHFACE,COHFACE,old,COHFACE_s26_session0_lamp,40,87.0,53.0,large_error,87.0,0.9999999999999998,86.0,0.9939299176308787,88.0,0.8985339442468828,53.0,0.9999999999999996,54.0,0.9991548358412415,55.0,0.9335404860354578,26_0,26,0,lamp,108.637214661,57.9404716492,5.0941170036,0,425.175764266,0.256191670895
UBFC_A1/Eval_On_COHFACE,COHFACE,old,COHFACE_s26_session0_lamp,41,85.0,58.0,large_error,85.0,0.9999999999999998,84.0,0.9870158839070241,86.0,0.9167103154256662,58.0,0.9999999999999994,59.0,0.9990435288156222,57.0,0.876399476163314,26_0,26,0,lamp,108.637214661,57.9404716492,5.0941170036,0,425.175764266,0.256191670895
UBFC_A1/Eval_On_COHFACE,COHFACE,old,COHFACE_s26_session0_lamp,42,84.0,60.0,large_error,84.0,0.9999999999999999,83.0,0.9480581187489594,85.0,0.9463866722264821,60.0,0.999999999999997,59.0,0.9954120376629216,58.0,0.9362211908844253,26_0,26,0,lamp,108.637214661,57.9404716492,5.0941170036,0,425.175764266,0.256191670895
UBFC_A1/Eval_On_COHFACE,COHFACE,old,COHFACE_s26_session0_lamp,43,84.0,91.0,large_error,84.0,0.9999999999999999,85.0,0.9485451672034045,83.0,0.944518931683961,91.0,0.9999999999999983,90.0,0.9822180134619803,119.0,0.9679820678688547,26_0,26,0,lamp,108.637214661,57.9404716492,5.0941170036,0,425.175764266,0.256191670895
UBFC_A1/Eval_On_COHFACE,COHFACE,old,COHFACE_s26_session0_lamp,44,86.0,60.0,large_error,86.0,0.9999999999999998,85.0,0.9921155988463928,87.0,0.8929119764840235,60.0,0.9999999999999997,59.0,0.9931076593657413,61.0,0.8485732610621374,26_0,26,0,lamp,108.637214661,57.9404716492,5.0941170036,0,425.175764266,0.256191670895
UBFC_A1/Eval_On_COHFACE,COHFACE,old,COHFACE_s26_session0_lamp,45,87.0,41.0,sub_harmonic_half,87.0,0.9999999999999999,88.0,0.9480172220780846,86.0,0.9361487305662569,41.0,0.9999999999999996,40.0,0.9810567787051548,42.0,0.935327961776711,26_0,26,0,lamp,108.637214661,57.9404716492,5.0941170036,0,425.175764266,0.256191670895
UBFC_A1/Eval_On_COHFACE,COHFACE,old,COHFACE_s26_session0_lamp,46,87.0,41.0,sub_harmonic_half,87.0,0.9999999999999999,86.0,0.9536029325059365,88.0,0.9340828406385328,41.0,0.9999999999999993,40.0,0.9789610280992813,42.0,0.9603219532555366,26_0,26,0,lamp,108.637214661,57.9404716492,5.0941170036,0,425.175764266,0.256191670895
UBFC_A1/Eval_On_COHFACE,COHFACE,old,COHFACE_s26_session0_lamp,47,86.0,44.0,sub_harmonic_half,86.0,0.9999999999999998,85.0,0.9969956560782635,87.0,0.8916670033306846,44.0,0.9999999999999997,43.0,0.9982872251582138,45.0,0.8999792786342362,26_0,26,0,lamp,108.637214661,57.9404716492,5.0941170036,0,425.175764266,0.256191670895
UBFC_A1/Eval_On_COHFACE,COHFACE,old,COHFACE_s26_session0_lamp,48,84.0,81.0,correct,84.0,0.9999999999999998,83.0,0.9828517940814124,85.0,0.9221754437453306,81.0,0.9999999999999998,82.0,0.9484891596785234,80.0,0.9451599082379833,26_0,26,0,lamp,108.637214661,57.9404716492,5.0941170036,0,425.175764266,0.256191670895
UBFC_A1/Eval_On_COHFACE,COHFACE,old,COHFACE_s26_session0_lamp,49,83.0,81.0,correct,83.0,0.9999999999999999,82.0,0.997493736419067,81.0,0.9075409510775624,81.0,0.9999999999999997,82.0,0.9934159735090461,80.0,0.8725831513933447,26_0,26,0,lamp,108.637214661,57.9404716492,5.0941170036,0,425.175764266,0.256191670895
UBFC_A1/Eval_On_COHFACE,COHFACE,old,COHFACE_s26_session0_lamp,50,82.0,79.0,correct,82.0,0.9999999999999999,83.0,0.9941998569279284,81.0,0.916491748553931,79.0,0.9999999999999998,78.0,0.9406617060028712,80.0,0.9403450324804655,26_0,26,0,lamp,108.637214661,57.9404716492,5.0941170036,0,425.175764266,0.256191670895
UBFC_A1/Eval_On_COHFACE,COHFACE,old,COHFACE_s26_session1_lamp,0,80.0,40.0,sub_harmonic_half,80.0,0.9999999999999999,79.0,0.9892048478884323,81.0,0.9132756702682925,40.0,0.9999999999999997,41.0,0.7824733285882198,80.0,0.7542543691093634,26_1,26,1,lamp,110.152786255,58.4417724609,5.04917803339,0,477.263198314,0.224542170763
UBFC_A1/Eval_On_COHFACE,COHFACE,old,COHFACE_s26_session1_lamp,1,93.0,80.0,large_error,93.0,0.9999999999999999,92.0,0.9982001246939655,94.0,0.9494383138687277,80.0,0.9999999999999993,81.0,0.9449117871689086,79.0,0.9131637040170874,26_1,26,1,lamp,110.152786255,58.4417724609,5.04917803339,0,477.263198314,0.224542170763
UBFC_A1/Eval_On_COHFACE,COHFACE,old,COHFACE_s26_session1_lamp,2,93.0,67.0,large_error,93.0,0.9999999999999998,94.0,0.972423948933328,92.0,0.9220875365195018,67.0,0.9999999999999998,68.0,0.9961354275406802,66.0,0.8755560690292953,26_1,26,1,lamp,110.152786255,58.4417724609,5.04917803339,0,477.263198314,0.224542170763
UBFC_A1/Eval_On_COHFACE,COHFACE,old,COHFACE_s26_session1_lamp,3,93.0,80.0,large_error,93.0,0.9999999999999999,94.0,0.9723979838229386,92.0,0.9548506835274321,80.0,0.9999999999999996,81.0,0.9905515489773776,79.0,0.922865434557924,26_1,26,1,lamp,110.152786255,58.4417724609,5.04917803339,0,477.263198314,0.224542170763
UBFC_A1/Eval_On_COHFACE,COHFACE,old,COHFACE_s26_session1_lamp,4,98.0,81.0,large_error,98.0,0.9999999999999998,99.0,0.9769700998193929,97.0,0.9325635961243056,81.0,0.9999999999999996,82.0,0.9938511821773112,80.0,0.9272193673168831,26_1,26,1,lamp,110.152786255,58.4417724609,5.04917803339,0,477.263198314,0.224542170763
UBFC_A1/Eval_On_COHFACE,COHFACE,old,COHFACE_s26_session1_lamp,5,97.0,78.0,large_error,97.0,0.9999999999999998,96.0,0.9531260710987733,80.0,0.9295255215555204,78.0,0.9999999999999997,77.0,0.9685947995463788,79.0,0.937034031517364,26_1,26,1,lamp,110.152786255,58.4417724609,5.04917803339,0,477.263198314,0.224542170763
UBFC_A1/Eval_On_COHFACE,COHFACE,old,COHFACE_s26_session1_lamp,6,85.0,80.0,large_error,85.0,0.9999999999999999,84.0,0.9721406557862459,86.0,0.9206609319805045,80.0,0.9999999999999996,79.0,0.9458514898100827,81.0,0.879749485039898,26_1,26,1,lamp,110.152786255,58.4417724609,5.04917803339,0,477.263198314,0.224542170763
UBFC_A1/Eval_On_COHFACE,COHFACE,old,COHFACE_s26_session1_lamp,7,84.0,81.0,correct,84.0,0.9999999999999999,85.0,0.9390825536497771,83.0,0.9385663584442796,81.0,0.9999999999999997,80.0,0.9505293832048903,82.0,0.9016630171637401,26_1,26,1,lamp,110.152786255,58.4417724609,5.04917803339,0,477.263198314,0.224542170763
UBFC_A1/Eval_On_COHFACE,COHFACE,old,COHFACE_s26_session1_lamp,8,84.0,80.0,large_error,84.0,0.9999999999999998,85.0,0.9755515616528191,83.0,0.9101434762587964,80.0,0.9999999999999997,79.0,0.9882028460718268,81.0,0.9612418744741521,26_1,26,1,lamp,110.152786255,58.4417724609,5.04917803339,0,477.263198314,0.224542170763
UBFC_A1/Eval_On_COHFACE,COHFACE,old,COHFACE_s26_session1_lamp,9,85.0,81.0,large_error,85.0,0.9999999999999999,86.0,0.9708665113497245,84.0,0.9156521828858416,81.0,0.9999999999999999,82.0,0.9638984273961493,80.0,0.9415833940219811,26_1,26,1,lamp,110.152786255,58.4417724609,5.04917803339,0,477.263198314,0.224542170763
UBFC_A1/Eval_On_COHFACE,COHFACE,old,COHFACE_s26_session1_lamp,10,86.0,82.0,large_error,86.0,0.9999999999999999,87.0,0.976473169834003,85.0,0.9150557225985179,82.0,0.9999999999999998,81.0,0.9827307716798421,83.0,0.9683501893024005,26_1,26,1,lamp,110.152786255,58.4417724609,5.04917803339,0,477.263198314,0.224542170763
UBFC_A1/Eval_On_COHFACE,COHFACE,old,COHFACE_s26_session1_lamp,11,87.0,44.0,sub_harmonic_half,87.0,0.9999999999999999,86.0,0.9887266605900239,88.0,0.902524794616246,44.0,0.9999999999999998,43.0,0.9952066672748093,45.0,0.900714585983634,26_1,26,1,lamp,110.152786255,58.4417724609,5.04917803339,0,477.263198314,0.224542170763
UBFC_A1/Eval_On_COHFACE,COHFACE,old,COHFACE_s26_session1_lamp,12,87.0,83.0,large_error,87.0,0.9999999999999999,86.0,0.9863726647060219,88.0,0.9018259089619272,83.0,0.9999999999999997,84.0,0.9829748397990736,82.0,0.9527968430528715,26_1,26,1,lamp,110.152786255,58.4417724609,5.04917803339,0,477.263198314,0.224542170763
UBFC_A1/Eval_On_COHFACE,COHFACE,old,COHFACE_s26_session1_lamp,13,87.0,45.0,sub_harmonic_half,87.0,0.9999999999999999,86.0,0.9945234545603909,88.0,0.8971142420343909,45.0,0.9999999999999996,46.0,0.9898125646699741,44.0,0.921985244816631,26_1,26,1,lamp,110.152786255,58.4417724609,5.04917803339,0,477.263198314,0.224542170763
UBFC_A1/Eval_On_COHFACE,COHFACE,old,COHFACE_s26_session1_lamp,14,87.0,51.0,sub_harmonic_half,87.0,0.9999999999999999,88.0,0.9727327040986935,86.0,0.9201631355139402,51.0,0.9999999999999998,50.0,0.9561545220975833,52.0,0.8587781901974945,26_1,26,1,lamp,110.152786255,58.4417724609,5.04917803339,0,477.263198314,0.224542170763
UBFC_A1/Eval_On_COHFACE,COHFACE,old,COHFACE_s26_session1_lamp,15,89.0,54.0,large_error,89.0,0.9999999999999999,88.0,0.9776636820682837,90.0,0.9198855103166137,54.0,0.9999999999999998,53.0,0.9874689124967879,55.0,0.9488134588706527,26_1,26,1,lamp,110.152786255,58.4417724609,5.04917803339,0,477.263198314,0.224542170763
UBFC_A1/Eval_On_COHFACE,COHFACE,old,COHFACE_s26_session1_lamp,16,91.0,55.0,large_error,91.0,0.9999999999999999,90.0,0.9895476497019944,92.0,0.898650924592296,55.0,0.9999999999999998,56.0,0.9773797607696563,54.0,0.964224363940327,26_1,26,1,lamp,110.152786255,58.4417724609,5.04917803339,0,477.263198314,0.224542170763
UBFC_A1/Eval_On_COHFACE,COHFACE,old,COHFACE_s26_session1_lamp,17,91.0,59.0,large_error,91.0,0.9999999999999999,90.0,0.9506295181618191,92.0,0.932943203766516,59.0,0.9999999999999999,60.0,0.9558155215020132,58.0,0.9282442579606452,26_1,26,1,lamp,110.152786255,58.4417724609,5.04917803339,0,477.263198314,0.224542170763
UBFC_A1/Eval_On_COHFACE,COHFACE,old,COHFACE_s26_session1_lamp,18,94.0,59.0,large_error,94.0,0.9999999999999998,93.0,0.9705834627788873,95.0,0.9380153004581622,59.0,0.9999999999999998,58.0,0.9804771249160164,60.0,0.9288458488565394,26_1,26,1,lamp,110.152786255,58.4417724609,5.04917803339,0,477.263198314,0.224542170763
UBFC_A1/Eval_On_COHFACE,COHFACE,old,COHFACE_s26_session1_lamp,19,92.0,59.0,large_error,92.0,0.9999999999999999,93.0,0.9999690221125693,94.0,0.9223923494316668,59.0,0.9999999999999997,60.0,0.9840024978252563,58.0,0.9439455882760731,26_1,26,1,lamp,110.152786255,58.4417724609,5.04917803339,0,477.263198314,0.224542170763
UBFC_A1/Eval_On_COHFACE,COHFACE,old,COHFACE_s26_session1_lamp,20,71.0,59.0,large_error,71.0,0.9999999999999999,70.0,0.988037313972675,72.0,0.926523837993157,59.0,0.9999999999999999,60.0,0.9959941622531796,58.0,0.8624974267662187,26_1,26,1,lamp,110.152786255,58.4417724609,5.04917803339,0,477.263198314,0.224542170763
UBFC_A1/Eval_On_COHFACE,COHFACE,old,COHFACE_s26_session1_lamp,21,69.0,40.0,sub_harmonic_half,69.0,0.9999999999999999,70.0,0.9801022342242534,68.0,0.9533255358341179,40.0,0.9999999999999996,41.0,0.9917260991283829,42.0,0.8925462104955809,26_1,26,1,lamp,110.152786255,58.4417724609,5.04917803339,0,477.263198314,0.224542170763
UBFC_A1/Eval_On_COHFACE,COHFACE,old,COHFACE_s26_session1_lamp,22,85.0,59.0,large_error,85.0,0.9999999999999999,86.0,0.9932462210070692,74.0,0.9488315980895959,59.0,0.9999999999999993,60.0,0.9726584893451703,58.0,0.962292655774494,26_1,26,1,lamp,110.152786255,58.4417724609,5.04917803339,0,477.263198314,0.224542170763
UBFC_A1/Eval_On_COHFACE,COHFACE,old,COHFACE_s26_session1_lamp,23,85.0,42.0,sub_harmonic_half,85.0,0.9999999999999999,86.0,0.9470078078248523,68.0,0.9333659178060273,42.0,0.9999999999999998,41.0,0.9581908831810618,43.0,0.9240513480811199,26_1,26,1,lamp,110.152786255,58.4417724609,5.04917803339,0,477.263198314,0.224542170763
UBFC_A1/Eval_On_COHFACE,COHFACE,old,COHFACE_s26_session1_lamp,24,87.0,42.0,sub_harmonic_half,87.0,0.9999999999999998,86.0,0.9702526853682686,88.0,0.940610001307719,42.0,0.9999999999999996,43.0,0.9879530229628054,41.0,0.9504151733794843,26_1,26,1,lamp,110.152786255,58.4417724609,5.04917803339,0,477.263198314,0.224542170763
UBFC_A1/Eval_On_COHFACE,COHFACE,old,COHFACE_s26_session1_lamp,25,91.0,40.0,sub_harmonic_half,91.0,0.9999999999999999,92.0,0.9953543152894679,90.0,0.9159215613367552,40.0,0.9999999999999994,41.0,0.9993461841088962,42.0,0.9528199292772694,26_1,26,1,lamp,110.152786255,58.4417724609,5.04917803339,0,477.263198314,0.224542170763
UBFC_A1/Eval_On_COHFACE,COHFACE,old,COHFACE_s26_session1_lamp,26,88.0,43.0,sub_harmonic_half,88.0,0.9999999999999998,87.0,0.994293146663403,89.0,0.9107661056493082,43.0,0.9999999999999997,44.0,0.9614426587379485,42.0,0.9602263012181352,26_1,26,1,lamp,110.152786255,58.4417724609,5.04917803339,0,477.263198314,0.224542170763
UBFC_A1/Eval_On_COHFACE,COHFACE,old,COHFACE_s26_session1_lamp,27,89.0,82.0,large_error,89.0,0.9999999999999999,88.0,0.9850163627620496,90.0,0.9797192068327533,82.0,0.9999999999999996,40.0,0.9861857396521931,83.0,0.960300989018599,26_1,26,1,lamp,110.152786255,58.4417724609,5.04917803339,0,477.263198314,0.224542170763
UBFC_A1/Eval_On_COHFACE,COHFACE,old,COHFACE_s26_session1_lamp,28,91.0,42.0,sub_harmonic_half,91.0,0.9999999999999999,92.0,0.9629728434746484,90.0,0.9576857775868041,42.0,0.9999999999999994,41.0,0.9548477062746086,43.0,0.9504683431811419,26_1,26,1,lamp,110.152786255,58.4417724609,5.04917803339,0,477.263198314,0.224542170763
UBFC_A1/Eval_On_COHFACE,COHFACE,old,COHFACE_s26_session1_lamp,29,71.0,58.0,large_error,71.0,0.9999999999999999,89.0,0.9846576422531638,72.0,0.9684526708615527,58.0,0.9999999999999998,59.0,0.990628844727317,57.0,0.8536475267840518,26_1,26,1,lamp,110.152786255,58.4417724609,5.04917803339,0,477.263198314,0.224542170763
UBFC_A1/Eval_On_COHFACE,COHFACE,old,COHFACE_s26_session1_lamp,30,70.0,40.0,sub_harmonic_half,70.0,0.9999999999999999,71.0,0.993178168532532,69.0,0.9473255614213077,40.0,0.9999999999999994,41.0,0.8439455201077339,79.0,0.669123762935731,26_1,26,1,lamp,110.152786255,58.4417724609,5.04917803339,0,477.263198314,0.224542170763
UBFC_A1/Eval_On_COHFACE,COHFACE,old,COHFACE_s26_session1_lamp,31,87.0,53.0,large_error,87.0,0.9999999999999999,86.0,0.950052107103077,88.0,0.8834340619147747,53.0,0.9999999999999993,52.0,0.9480460778053645,54.0,0.9369326087909083,26_1,26,1,lamp,110.152786255,58.4417724609,5.04917803339,0,477.263198314,0.224542170763
UBFC_A1/Eval_On_COHFACE,COHFACE,old,COHFACE_s26_session1_lamp,32,70.0,43.0,large_error,70.0,0.9999999999999999,69.0,0.9702996277741887,71.0,0.9627765126315838,43.0,0.9999999999999997,44.0,0.9402252497155528,42.0,0.9379018949861672,26_1,26,1,lamp,110.152786255,58.4417724609,5.04917803339,0,477.263198314,0.224542170763
UBFC_A1/Eval_On_COHFACE,COHFACE,old,COHFACE_s26_session1_lamp,33,89.0,40.0,sub_harmonic_half,89.0,0.9999999999999998,73.0,0.9608990478839554,72.0,0.956673439201693,40.0,0.9999999999999994,41.0,0.8557149460373993,79.0,0.8537022423650141,26_1,26,1,lamp,110.152786255,58.4417724609,5.04917803339,0,477.263198314,0.224542170763
UBFC_A1/Eval_On_COHFACE,COHFACE,old,COHFACE_s26_session1_lamp,34,93.0,80.0,large_error,93.0,0.9999999999999999,94.0,0.9697812318687206,92.0,0.9416397487932144,80.0,0.9999999999999994,81.0,0.9990920835200062,79.0,0.9309701605579612,26_1,26,1,lamp,110.152786255,58.4417724609,5.04917803339,0,477.263198314,0.224542170763
UBFC_A1/Eval_On_COHFACE,COHFACE,old,COHFACE_s26_session1_lamp,35,92.0,43.0,sub_harmonic_half,92.0,0.9999999999999999,91.0,0.9748864124648329,93.0,0.970745537139816,43.0,0.9999999999999997,44.0,0.9483533234994024,42.0,0.933705253315325,26_1,26,1,lamp,110.152786255,58.4417724609,5.04917803339,0,477.263198314,0.224542170763
UBFC_A1/Eval_On_COHFACE,COHFACE,old,COHFACE_s26_session1_lamp,36,93.0,42.0,sub_harmonic_half,93.0,0.9999999999999999,94.0,0.9471495913689398,92.0,0.9460845110551432,42.0,0.9999999999999996,41.0,0.9814490679940603,43.0,0.9290147305759684,26_1,26,1,lamp,110.152786255,58.4417724609,5.04917803339,0,477.263198314,0.224542170763
UBFC_A1/Eval_On_COHFACE,COHFACE,old,COHFACE_s26_session1_lamp,37,94.0,43.0,sub_harmonic_half,94.0,0.9999999999999999,93.0,0.96482134724636,95.0,0.9224379869291219,43.0,0.9999999999999993,44.0,0.9800235818442568,42.0,0.9511555193940966,26_1,26,1,lamp,110.152786255,58.4417724609,5.04917803339,0,477.263198314,0.224542170763
UBFC_A1/Eval_On_COHFACE,COHFACE,old,COHFACE_s26_session1_lamp,38,93.0,45.0,sub_harmonic_half,93.0,0.9999999999999999,94.0,0.9419587976685124,92.0,0.9369957751077125,45.0,0.9999999999999996,46.0,0.9912126267224574,44.0,0.9635455468869603,26_1,26,1,lamp,110.152786255,58.4417724609,5.04917803339,0,477.263198314,0.224542170763
UBFC_A1/Eval_On_COHFACE,COHFACE,old,COHFACE_s26_session1_lamp,39,92.0,51.0,sub_harmonic_half,92.0,0.9999999999999999,91.0,0.9654873117124007,93.0,0.926832858478067,51.0,0.9999999999999997,50.0,0.9906278404628817,52.0,0.9240685428472227,26_1,26,1,lamp,110.152786255,58.4417724609,5.04917803339,0,477.263198314,0.224542170763
UBFC_A1/Eval_On_COHFACE,COHFACE,old,COHFACE_s26_session1_lamp,40,90.0,48.0,sub_harmonic_half,90.0,0.9999999999999999,89.0,0.982613383042266,91.0,0.9118870989175061,48.0,0.9999999999999989,49.0,0.9600105526413965,94.0,0.9076308779502634,26_1,26,1,lamp,110.152786255,58.4417724609,5.04917803339,0,477.263198314,0.224542170763
UBFC_A1/Eval_On_COHFACE,COHFACE,old,COHFACE_s26_session1_lamp,41,87.0,60.0,large_error,87.0,0.9999999999999999,88.0,0.979041101889026,86.0,0.9127351159988438,60.0,0.9999999999999998,61.0,0.9969431918027082,59.0,0.8608257953520746,26_1,26,1,lamp,110.152786255,58.4417724609,5.04917803339,0,477.263198314,0.224542170763
UBFC_A1/Eval_On_COHFACE,COHFACE,old,COHFACE_s26_session1_lamp,42,86.0,60.0,large_error,86.0,0.9999999999999999,85.0,0.97277162044198,87.0,0.9195660801324833,60.0,0.9999999999999999,61.0,0.9807190886978984,59.0,0.9152987077006777,26_1,26,1,lamp,110.152786255,58.4417724609,5.04917803339,0,477.263198314,0.224542170763
UBFC_A1/Eval_On_COHFACE,COHFACE,old,COHFACE_s26_session1_lamp,43,85.0,61.0,large_error,85.0,0.9999999999999999,84.0,0.944280681288428,86.0,0.9426176314920888,61.0,0.9999999999999997,60.0,0.9830461433165386,61.99999999999999,0.9349338875565084,26_1,26,1,lamp,110.152786255,58.4417724609,5.04917803339,0,477.263198314,0.224542170763
UBFC_A1/Eval_On_COHFACE,COHFACE,old,COHFACE_s26_session1_lamp,44,85.0,61.0,large_error,85.0,0.9999999999999999,84.0,0.9702454156849954,86.0,0.9277950188954543,61.0,0.9999999999999999,61.99999999999999,0.9766518434117459,60.0,0.9280281347825621,26_1,26,1,lamp,110.152786255,58.4417724609,5.04917803339,0,477.263198314,0.224542170763
UBFC_A1/Eval_On_COHFACE,COHFACE,old,COHFACE_s26_session1_lamp,45,86.0,61.0,large_error,86.0,0.9999999999999999,85.0,0.9567925972370873,87.0,0.936319063194891,61.0,0.9999999999999997,60.0,0.975565486256754,61.99999999999999,0.949966018085957,26_1,26,1,lamp,110.152786255,58.4417724609,5.04917803339,0,477.263198314,0.224542170763
UBFC_A1/Eval_On_COHFACE,COHFACE,old,COHFACE_s26_session1_lamp,46,88.0,59.0,large_error,88.0,0.9999999999999998,87.0,0.975124885815802,89.0,0.9267585124061872,59.0,0.9999999999999998,58.0,0.9698386537576625,60.0,0.9630207509120021,26_1,26,1,lamp,110.152786255,58.4417724609,5.04917803339,0,477.263198314,0.224542170763
UBFC_A1/Eval_On_COHFACE,COHFACE,old,COHFACE_s26_session1_lamp,47,90.0,60.0,large_error,90.0,0.9999999999999999,91.0,0.960125930730144,89.0,0.9356445790128407,60.0,0.9999999999999997,59.0,0.966020966779878,61.0,0.9254979082500779,26_1,26,1,lamp,110.152786255,58.4417724609,5.04917803339,0,477.263198314,0.224542170763
UBFC_A1/Eval_On_COHFACE,COHFACE,old,COHFACE_s26_session1_lamp,48,92.0,40.0,large_error,92.0,0.9999999999999999,91.0,0.9527447795142395,93.0,0.935525003712293,40.0,0.9999999999999993,41.0,0.9986320728743767,42.0,0.9231826496051538,26_1,26,1,lamp,110.152786255,58.4417724609,5.04917803339,0,477.263198314,0.224542170763
UBFC_A1/Eval_On_COHFACE,COHFACE,old,COHFACE_s26_session1_lamp,49,92.0,60.0,large_error,92.0,0.9999999999999999,93.0,0.9609815575685234,91.0,0.9290620859222181,60.0,0.9999999999999989,59.0,0.9580456415034868,61.0,0.9437692050468958,26_1,26,1,lamp,110.152786255,58.4417724609,5.04917803339,0,477.263198314,0.224542170763
UBFC_A1/Eval_On_COHFACE,COHFACE,old,COHFACE_s26_session1_lamp,50,94.0,59.0,large_error,94.0,0.9999999999999998,93.0,0.9891553309698153,95.0,0.9311814112967196,59.0,0.9999999999999996,41.0,0.9971213727108026,60.0,0.9765865393526502,26_1,26,1,lamp,110.152786255,58.4417724609,5.04917803339,0,477.263198314,0.224542170763
UBFC_A1/Eval_On_COHFACE,COHFACE,old,COHFACE_s26_session2_natural,0,93.0,44.0,sub_harmonic_half,93.0,0.9999999999999998,92.0,0.9958254454489724,94.0,0.9256592652414996,44.0,0.9999999999999999,43.0,0.999979708634388,42.0,0.9271665589094221,26_2,26,2,natural,105.645614624,63.3679046631,7.45520058531,0,516.097346452,0.352111339569
UBFC_A1/Eval_On_COHFACE,COHFACE,old,COHFACE_s26_session2_natural,1,94.0,45.0,sub_harmonic_half,94.0,0.9999999999999999,93.0,0.989341349919813,95.0,0.892268600453214,45.0,0.9999999999999998,44.0,0.9761303697886672,46.0,0.9254504525478867,26_2,26,2,natural,105.645614624,63.3679046631,7.45520058531,0,516.097346452,0.352111339569
UBFC_A1/Eval_On_COHFACE,COHFACE,old,COHFACE_s26_session2_natural,2,94.0,44.0,sub_harmonic_half,94.0,0.9999999999999999,95.0,0.966780969955789,93.0,0.9179456658033572,44.0,0.9999999999999998,43.0,0.9447684658622858,45.0,0.9423511100776676,26_2,26,2,natural,105.645614624,63.3679046631,7.45520058531,0,516.097346452,0.352111339569
UBFC_A1/Eval_On_COHFACE,COHFACE,old,COHFACE_s26_session2_natural,3,93.0,40.0,large_error,93.0,0.9999999999999999,94.0,0.9724982737197893,92.0,0.9439130166266273,40.0,0.9999999999999998,41.0,0.9268571107198369,42.0,0.7805132611873322,26_2,26,2,natural,105.645614624,63.3679046631,7.45520058531,0,516.097346452,0.352111339569
UBFC_A1/Eval_On_COHFACE,COHFACE,old,COHFACE_s26_session2_natural,4,96.0,47.0,sub_harmonic_half,96.0,0.9999999999999999,97.0,0.9908043125960015,95.0,0.9331579147244407,47.0,0.9999999999999997,46.0,0.9677774299837013,48.0,0.9288881734707083,26_2,26,2,natural,105.645614624,63.3679046631,7.45520058531,0,516.097346452,0.352111339569
UBFC_A1/Eval_On_COHFACE,COHFACE,old,COHFACE_s26_session2_natural,5,95.0,47.0,sub_harmonic_half,95.0,0.9999999999999998,96.0,0.9368402289983259,94.0,0.9311162104808849,47.0,0.999999999999999,46.0,0.9794106302207843,48.0,0.9479463080997289,26_2,26,2,natural,105.645614624,63.3679046631,7.45520058531,0,516.097346452,0.352111339569
UBFC_A1/Eval_On_COHFACE,COHFACE,old,COHFACE_s26_session2_natural,6,76.0,81.0,large_error,76.0,0.9999999999999998,75.0,0.9783366591209635,77.0,0.9549452569533485,81.0,0.9999999999999998,82.0,0.9722329750463992,80.0,0.90598078315149,26_2,26,2,natural,105.645614624,63.3679046631,7.45520058531,0,516.097346452,0.352111339569
UBFC_A1/Eval_On_COHFACE,COHFACE,old,COHFACE_s26_session2_natural,7,81.0,51.0,large_error,81.0,0.9999999999999999,82.0,0.9641988999799621,92.0,0.953263764191893,51.0,0.9999999999999997,50.0,0.9226059923263654,52.0,0.9154870227072237,26_2,26,2,natural,105.645614624,63.3679046631,7.45520058531,0,516.097346452,0.352111339569
UBFC_A1/Eval_On_COHFACE,COHFACE,old,COHFACE_s26_session2_natural,8,91.0,51.0,sub_harmonic_half,91.0,0.9999999999999999,92.0,0.988555333028654,81.0,0.9311190601181132,51.0,0.9999999999999997,50.0,0.9694496819054832,52.0,0.9479770742422099,26_2,26,2,natural,105.645614624,63.3679046631,7.45520058531,0,516.097346452,0.352111339569
UBFC_A1/Eval_On_COHFACE,COHFACE,old,COHFACE_s26_session2_natural,9,91.0,49.0,sub_harmonic_half,91.0,0.9999999999999999,90.0,0.9863086899313649,92.0,0.9410861873658526,49.0,0.9999999999999994,50.0,0.9943215517307961,48.0,0.9662408467855846,26_2,26,2,natural,105.645614624,63.3679046631,7.45520058531,0,516.097346452,0.352111339569
UBFC_A1/Eval_On_COHFACE,COHFACE,old,COHFACE_s26_session2_natural,10,86.0,44.0,sub_harmonic_half,86.0,0.9999999999999998,87.0,0.9902100302517408,85.0,0.9229451779081536,44.0,0.9999999999999992,45.0,0.9936834631159306,43.0,0.9517039540449924,26_2,26,2,natural,105.645614624,63.3679046631,7.45520058531,0,516.097346452,0.352111339569
UBFC_A1/Eval_On_COHFACE,COHFACE,old,COHFACE_s26_session2_natural,11,87.0,51.0,sub_harmonic_half,87.0,0.9999999999999999,88.0,0.9993142148121383,89.0,0.8869016511921035,51.0,0.9999999999999998,52.0,0.9997848785221317,53.0,0.8951838359777287,26_2,26,2,natural,105.645614624,63.3679046631,7.45520058531,0,516.097346452,0.352111339569
UBFC_A1/Eval_On_COHFACE,COHFACE,old,COHFACE_s26_session2_natural,12,88.0,52.0,large_error,88.0,0.9999999999999999,87.0,0.9680700634266888,89.0,0.9216387589542779,52.0,0.9999999999999999,51.0,0.9772677854050648,53.0,0.9241042647554369,26_2,26,2,natural,105.645614624,63.3679046631,7.45520058531,0,516.097346452,0.352111339569
UBFC_A1/Eval_On_COHFACE,COHFACE,old,COHFACE_s26_session2_natural,13,88.0,49.0,sub_harmonic_half,88.0,0.9999999999999999,87.0,0.9875072774244771,89.0,0.900450020030257,49.0,0.9999999999999996,50.0,0.9923663473728951,51.0,0.9572001599520042,26_2,26,2,natural,105.645614624,63.3679046631,7.45520058531,0,516.097346452,0.352111339569
UBFC_A1/Eval_On_COHFACE,COHFACE,old,COHFACE_s26_session2_natural,14,88.0,47.0,sub_harmonic_half,88.0,0.9999999999999999,87.0,0.9950133420054466,89.0,0.8924391392389317,47.0,0.9999999999999998,48.0,0.955482135243044,46.0,0.9069559744500036,26_2,26,2,natural,105.645614624,63.3679046631,7.45520058531,0,516.097346452,0.352111339569
UBFC_A1/Eval_On_COHFACE,COHFACE,old,COHFACE_s26_session2_natural,15,89.0,45.0,sub_harmonic_half,89.0,0.9999999999999999,88.0,0.9844030463978687,90.0,0.9039989607849686,45.0,0.9999999999999998,46.0,0.9799219095671963,44.0,0.9447385575708981,26_2,26,2,natural,105.645614624,63.3679046631,7.45520058531,0,516.097346452,0.352111339569
UBFC_A1/Eval_On_COHFACE,COHFACE,old,COHFACE_s26_session2_natural,16,90.0,46.0,sub_harmonic_half,90.0,0.9999999999999999,89.0,0.9915528800322352,91.0,0.8976818175616124,46.0,0.9999999999999996,47.0,0.9856189955386752,45.0,0.9802297222462357,26_2,26,2,natural,105.645614624,63.3679046631,7.45520058531,0,516.097346452,0.352111339569
UBFC_A1/Eval_On_COHFACE,COHFACE,old,COHFACE_s26_session2_natural,17,89.0,46.0,sub_harmonic_half,89.0,0.9999999999999999,90.0,0.951073395236134,88.0,0.9457493146281575,46.0,0.9999999999999999,45.0,0.9779243237887849,47.0,0.9437551097177094,26_2,26,2,natural,105.645614624,63.3679046631,7.45520058531,0,516.097346452,0.352111339569
UBFC_A1/Eval_On_COHFACE,COHFACE,old,COHFACE_s26_session2_natural,18,92.0,52.0,sub_harmonic_half,92.0,0.9999999999999999,93.0,0.9854723927020509,91.0,0.9748091406087905,52.0,0.9999999999999997,53.0,0.9991177431363191,51.0,0.9593448385958803,26_2,26,2,natural,105.645614624,63.3679046631,7.45520058531,0,516.097346452,0.352111339569
UBFC_A1/Eval_On_COHFACE,COHFACE,old,COHFACE_s26_session2_natural,19,74.0,52.0,large_error,74.0,0.9999999999999999,73.0,0.9561946170329807,75.0,0.9396088984928804,52.0,0.9999999999999993,51.0,0.9975188847559386,50.0,0.9806352917517348,26_2,26,2,natural,105.645614624,63.3679046631,7.45520058531,0,516.097346452,0.352111339569
UBFC_A1/Eval_On_COHFACE,COHFACE,old,COHFACE_s26_session2_natural,20,73.0,53.0,large_error,73.0,0.9999999999999999,74.0,0.9621490176301736,72.0,0.9620628802834883,53.0,0.9999999999999998,52.0,0.9766582763317773,54.0,0.945263848934262,26_2,26,2,natural,105.645614624,63.3679046631,7.45520058531,0,516.097346452,0.352111339569
UBFC_A1/Eval_On_COHFACE,COHFACE,old,COHFACE_s26_session2_natural,21,78.0,82.0,large_error,78.0,0.9999999999999998,77.0,0.9989632981676243,76.0,0.9403449201425985,82.0,0.9999999999999993,81.0,0.9594378961311898,83.0,0.9519332032272021,26_2,26,2,natural,105.645614624,63.3679046631,7.45520058531,0,516.097346452,0.352111339569
UBFC_A1/Eval_On_COHFACE,COHFACE,old,COHFACE_s26_session2_natural,22,78.0,88.0,large_error,78.0,0.9999999999999998,77.0,0.9958750111470834,76.0,0.9225212239024788,88.0,0.9999999999999993,87.0,0.9911278663285592,89.0,0.9730447934456565,26_2,26,2,natural,105.645614624,63.3679046631,7.45520058531,0,516.097346452,0.352111339569
UBFC_A1/Eval_On_COHFACE,COHFACE,old,COHFACE_s26_session2_natural,23,75.0,84.0,large_error,75.0,0.9999999999999999,74.0,0.9983265086357016,76.0,0.9474678605970532,84.0,0.9999999999999984,85.0,0.9794740418023858,120.0,0.9739837939338973,26_2,26,2,natural,105.645614624,63.3679046631,7.45520058531,0,516.097346452,0.352111339569
UBFC_A1/Eval_On_COHFACE,COHFACE,old,COHFACE_s26_session2_natural,24,77.0,82.0,large_error,77.0,0.9999999999999999,78.0,0.9657234223451929,76.0,0.945603734922181,82.0,0.9999999999999997,83.0,0.9857485174420595,48.0,0.9454504192802752,26_2,26,2,natural,105.645614624,63.3679046631,7.45520058531,0,516.097346452,0.352111339569
UBFC_A1/Eval_On_COHFACE,COHFACE,old,COHFACE_s26_session2_natural,25,81.0,120.0,super_harmonic_1p5x,81.0,0.9999999999999999,82.0,0.9708263941443821,97.0,0.939731539301729,120.0,0.9999999999999996,121.0,0.9625170162342152,119.0,0.9388844248544344,26_2,26,2,natural,105.645614624,63.3679046631,7.45520058531,0,516.097346452,0.352111339569
UBFC_A1/Eval_On_COHFACE,COHFACE,old,COHFACE_s26_session2_natural,26,94.0,51.0,sub_harmonic_half,94.0,0.9999999999999999,95.0,0.9688593114770714,93.0,0.955281329754978,51.0,0.9999999999999999,50.0,0.9993726966853331,52.0,0.8763366554853635,26_2,26,2,natural,105.645614624,63.3679046631,7.45520058531,0,516.097346452,0.352111339569
UBFC_A1/Eval_On_COHFACE,COHFACE,old,COHFACE_s26_session2_natural,27,96.0,120.0,large_error,96.0,0.9999999999999998,95.0,0.9912003701020143,97.0,0.9184250169915456,120.0,0.9999999999999996,121.0,0.9570623316141192,119.0,0.9414743778330801,26_2,26,2,natural,105.645614624,63.3679046631,7.45520058531,0,516.097346452,0.352111339569
UBFC_A1/Eval_On_COHFACE,COHFACE,old,COHFACE_s26_session2_natural,28,97.0,81.0,large_error,97.0,0.9999999999999998,96.0,0.9803863106253753,98.0,0.930549189648344,81.0,0.9999999999999997,80.0,0.9849199928314148,82.0,0.9121601564634422,26_2,26,2,natural,105.645614624,63.3679046631,7.45520058531,0,516.097346452,0.352111339569
UBFC_A1/Eval_On_COHFACE,COHFACE,old,COHFACE_s26_session2_natural,29,67.0,76.0,large_error,67.0,0.9999999999999999,100.0,0.9742245864875554,68.0,0.9646067415935412,76.0,0.9999999999999998,77.0,0.977366156636093,75.0,0.9025167770982405,26_2,26,2,natural,105.645614624,63.3679046631,7.45520058531,0,516.097346452,0.352111339569
UBFC_A1/Eval_On_COHFACE,COHFACE,old,COHFACE_s26_session2_natural,30,70.0,54.0,large_error,70.0,0.9999999999999999,66.0,0.9958972157116889,71.0,0.9951253043753153,54.0,0.9999999999999997,55.0,0.996939478256477,53.0,0.8963899584102204,26_2,26,2,natural,105.645614624,63.3679046631,7.45520058531,0,516.097346452,0.352111339569
UBFC_A1/Eval_On_COHFACE,COHFACE,old,COHFACE_s26_session2_natural,31,70.0,80.0,large_error,70.0,0.9999999999999999,69.0,0.9829394173735706,71.0,0.9756954524538108,80.0,0.9999999999999998,81.0,0.9573016797453878,79.0,0.955749273332381,26_2,26,2,natural,105.645614624,63.3679046631,7.45520058531,0,516.097346452,0.352111339569
UBFC_A1/Eval_On_COHFACE,COHFACE,old,COHFACE_s26_session2_natural,32,86.0,60.0,large_error,86.0,0.9999999999999999,85.0,0.994883538012899,87.0,0.8491752750666864,60.0,0.9999999999999999,59.0,0.9971592406631089,61.0,0.8976492152988242,26_2,26,2,natural,105.645614624,63.3679046631,7.45520058531,0,516.097346452,0.352111339569
UBFC_A1/Eval_On_COHFACE,COHFACE,old,COHFACE_s26_session2_natural,33,70.0,59.0,large_error,70.0,0.9999999999999999,69.0,0.9873680975323071,71.0,0.9466340480208015,59.0,0.9999999999999994,60.0,0.9921755552180123,58.0,0.9142319652401776,26_2,26,2,natural,105.645614624,63.3679046631,7.45520058531,0,516.097346452,0.352111339569
UBFC_A1/Eval_On_COHFACE,COHFACE,old,COHFACE_s26_session2_natural,34,66.0,60.0,large_error,66.0,0.9999999999999998,65.0,0.9877395383871735,67.0,0.937383777780192,60.0,0.9999999999999992,61.0,0.9841274181892543,59.0,0.9723054399411153,26_2,26,2,natural,105.645614624,63.3679046631,7.45520058531,0,516.097346452,0.352111339569
UBFC_A1/Eval_On_COHFACE,COHFACE,old,COHFACE_s26_session2_natural,35,94.0,60.0,large_error,94.0,0.9999999999999998,93.0,0.9679038613487906,95.0,0.9662926885221969,60.0,0.9999999999999993,61.0,0.9848664195612384,59.0,0.9613666166069857,26_2,26,2,natural,105.645614624,63.3679046631,7.45520058531,0,516.097346452,0.352111339569
UBFC_A1/Eval_On_COHFACE,COHFACE,old,COHFACE_s26_session2_natural,36,93.0,64.0,large_error,93.0,0.9999999999999999,94.0,0.9848222316690478,92.0,0.943603212276105,64.0,0.9999999999999987,63.0,0.9513154972352739,65.0,0.8817728888807472,26_2,26,2,natural,105.645614624,63.3679046631,7.45520058531,0,516.097346452,0.352111339569
UBFC_A1/Eval_On_COHFACE,COHFACE,old,COHFACE_s26_session2_natural,37,93.0,53.0,sub_harmonic_half,93.0,0.9999999999999998,94.0,0.9728101706077829,92.0,0.9335730225951051,53.0,0.9999999999999979,52.0,0.9945835794350039,54.0,0.9573511278729896,26_2,26,2,natural,105.645614624,63.3679046631,7.45520058531,0,516.097346452,0.352111339569
UBFC_A1/Eval_On_COHFACE,COHFACE,old,COHFACE_s26_session2_natural,38,97.0,52.0,sub_harmonic_half,97.0,0.9999999999999999,96.0,0.9610308122154059,98.0,0.948978563947039,52.0,0.999999999999998,51.0,0.9932163589203197,53.0,0.9094100827097604,26_2,26,2,natural,105.645614624,63.3679046631,7.45520058531,0,516.097346452,0.352111339569
UBFC_A1/Eval_On_COHFACE,COHFACE,old,COHFACE_s26_session2_natural,39,78.0,55.0,large_error,78.0,0.9999999999999999,77.0,0.9906186993661579,96.0,0.9215825856189966,55.0,0.9999999999999983,64.0,0.9069952485554265,56.0,0.8862460282821853,26_2,26,2,natural,105.645614624,63.3679046631,7.45520058531,0,516.097346452,0.352111339569
UBFC_A1/Eval_On_COHFACE,COHFACE,old,COHFACE_s26_session2_natural,40,75.0,59.0,large_error,75.0,0.9999999999999998,76.0,0.9982525473335433,74.0,0.9260250777099369,59.0,0.9999999999999982,60.0,0.996502733112481,58.0,0.975055223291288,26_2,26,2,natural,105.645614624,63.3679046631,7.45520058531,0,516.097346452,0.352111339569
UBFC_A1/Eval_On_COHFACE,COHFACE,old,COHFACE_s26_session2_natural,41,79.0,42.0,sub_harmonic_half,79.0,0.9999999999999998,78.0,0.9926922727509949,80.0,0.9455248995657292,42.0,0.9999999999999998,43.0,0.9575443494789809,41.0,0.890440261617461,26_2,26,2,natural,105.645614624,63.3679046631,7.45520058531,0,516.097346452,0.352111339569
UBFC_A1/Eval_On_COHFACE,COHFACE,old,COHFACE_s26_session2_natural,42,79.0,40.0,sub_harmonic_half,79.0,0.9999999999999998,80.0,0.9746823044017265,78.0,0.947232151711306,40.0,0.9999999999999998,41.0,0.9658021316932839,81.0,0.9296052030963431,26_2,26,2,natural,105.645614624,63.3679046631,7.45520058531,0,516.097346452,0.352111339569
UBFC_A1/Eval_On_COHFACE,COHFACE,old,COHFACE_s26_session2_natural,43,74.0,61.0,large_error,74.0,0.9999999999999999,75.0,0.9883915795707383,73.0,0.9480595345544067,61.0,0.9999999999999998,43.0,0.9665568726417731,42.0,0.9538715933624777,26_2,26,2,natural,105.645614624,63.3679046631,7.45520058531,0,516.097346452,0.352111339569
UBFC_A1/Eval_On_COHFACE,COHFACE,old,COHFACE_s26_session2_natural,44,78.0,45.0,sub_harmonic_half,78.0,0.9999999999999998,77.0,0.9655509184308827,79.0,0.9647432240694127,45.0,0.9999999999999999,44.0,0.9723267602956923,46.0,0.9367685688113321,26_2,26,2,natural,105.645614624,63.3679046631,7.45520058531,0,516.097346452,0.352111339569
UBFC_A1/Eval_On_COHFACE,COHFACE,old,COHFACE_s26_session2_natural,45,92.0,46.0,sub_harmonic_half,92.0,0.9999999999999998,93.0,0.9873014320951145,91.0,0.9865350248642402,46.0,0.9999999999999999,45.0,0.9913045252481706,47.0,0.9165644599181269,26_2,26,2,natural,105.645614624,63.3679046631,7.45520058531,0,516.097346452,0.352111339569
UBFC_A1/Eval_On_COHFACE,COHFACE,old,COHFACE_s26_session2_natural,46,94.0,46.0,sub_harmonic_half,94.0,0.9999999999999998,93.0,0.9880464902906925,95.0,0.9118972357439857,46.0,0.9999999999999999,45.0,0.9714058656978837,47.0,0.9328642958722622,26_2,26,2,natural,105.645614624,63.3679046631,7.45520058531,0,516.097346452,0.352111339569
UBFC_A1/Eval_On_COHFACE,COHFACE,old,COHFACE_s26_session2_natural,47,96.0,48.0,sub_harmonic_half,96.0,0.9999999999999998,95.0,0.9679194668552704,97.0,0.9322944020898379,48.0,0.9999999999999998,47.0,0.9874338574819881,49.0,0.9638917597496207,26_2,26,2,natural,105.645614624,63.3679046631,7.45520058531,0,516.097346452,0.352111339569
UBFC_A1/Eval_On_COHFACE,COHFACE,old,COHFACE_s26_session2_natural,48,95.0,48.0,sub_harmonic_half,95.0,0.9999999999999999,96.0,0.9718022218888589,94.0,0.9598305658667923,48.0,0.9999999999999998,49.0,0.9976310866053211,47.0,0.9596113990540608,26_2,26,2,natural,105.645614624,63.3679046631,7.45520058531,0,516.097346452,0.352111339569
UBFC_A1/Eval_On_COHFACE,COHFACE,old,COHFACE_s26_session2_natural,49,98.0,82.0,large_error,98.0,0.9999999999999999,99.0,0.989618015594153,97.0,0.9247307823897825,82.0,0.9999999999999997,81.0,0.9990852657050456,52.0,0.9870724546120173,26_2,26,2,natural,105.645614624,63.3679046631,7.45520058531,0,516.097346452,0.352111339569
UBFC_A1/Eval_On_COHFACE,COHFACE,old,COHFACE_s26_session2_natural,50,63.0,47.0,large_error,63.0,0.9999999999999998,64.0,0.995781223905544,65.0,0.981351888869796,47.0,0.9999999999999997,48.0,0.9598615513596861,46.0,0.8702605359760799,26_2,26,2,natural,105.645614624,63.3679046631,7.45520058531,0,516.097346452,0.352111339569
UBFC_A1/Eval_On_COHFACE,COHFACE,old,COHFACE_s26_session3_natural,0,89.0,51.0,sub_harmonic_half,89.0,1.0,88.0,0.9787593205657411,90.0,0.9025211516153822,51.0,0.9999999999999997,50.0,0.9749585085914678,81.0,0.9561464324848056,26_3,26,3,natural,94.4684143066,58.6627845764,10.1673635675,0,455.226951128,0.299491494894
UBFC_A1/Eval_On_COHFACE,COHFACE,old,COHFACE_s26_session3_natural,1,89.0,81.0,large_error,89.0,0.9999999999999999,90.0,0.992573379530687,88.0,0.9041148222494445,81.0,0.9999999999999997,82.0,0.9998593497040037,53.0,0.9488203174939037,26_3,26,3,natural,94.4684143066,58.6627845764,10.1673635675,0,455.226951128,0.299491494894
UBFC_A1/Eval_On_COHFACE,COHFACE,old,COHFACE_s26_session3_natural,2,91.0,120.0,super_harmonic_1p5x,91.0,0.9999999999999999,90.0,0.9949647685807095,92.0,0.8976893857810427,120.0,0.9999999999999994,119.0,0.9711773763140978,121.0,0.9394828236074462,26_3,26,3,natural,94.4684143066,58.6627845764,10.1673635675,0,455.226951128,0.299491494894
UBFC_A1/Eval_On_COHFACE,COHFACE,old,COHFACE_s26_session3_natural,3,92.0,42.0,sub_harmonic_half,92.0,0.9999999999999999,91.0,0.9918923194476742,93.0,0.8921368402036796,42.0,0.9999999999999997,43.0,0.9996273976592879,41.0,0.8980865416346024,26_3,26,3,natural,94.4684143066,58.6627845764,10.1673635675,0,455.226951128,0.299491494894
UBFC_A1/Eval_On_COHFACE,COHFACE,old,COHFACE_s26_session3_natural,4,93.0,43.0,sub_harmonic_half,93.0,0.9999999999999999,92.0,0.9683803793295882,94.0,0.9146626705917886,43.0,0.9999999999999998,42.0,0.9806486930132273,44.0,0.9125688746889498,26_3,26,3,natural,94.4684143066,58.6627845764,10.1673635675,0,455.226951128,0.299491494894
UBFC_A1/Eval_On_COHFACE,COHFACE,old,COHFACE_s26_session3_natural,5,93.0,75.0,large_error,93.0,0.9999999999999999,92.0,0.9984030097522716,94.0,0.901893278239839,75.0,0.9999999999999998,76.0,0.9772265178417235,74.0,0.895197132515086,26_3,26,3,natural,94.4684143066,58.6627845764,10.1673635675,0,455.226951128,0.299491494894
UBFC_A1/Eval_On_COHFACE,COHFACE,old,COHFACE_s26_session3_natural,6,93.0,40.0,large_error,93.0,0.9999999999999999,92.0,0.9900971650185039,94.0,0.9774062043942584,40.0,0.9999999999999996,41.0,0.8450753217588641,42.0,0.6461617753751049,26_3,26,3,natural,94.4684143066,58.6627845764,10.1673635675,0,455.226951128,0.299491494894
UBFC_A1/Eval_On_COHFACE,COHFACE,old,COHFACE_s26_session3_natural,7,94.0,40.0,large_error,94.0,0.9999999999999999,95.0,0.9812628702289683,93.0,0.936477904434165,40.0,0.9999999999999996,41.0,0.8434657658937341,42.0,0.6235223672239739,26_3,26,3,natural,94.4684143066,58.6627845764,10.1673635675,0,455.226951128,0.299491494894
UBFC_A1/Eval_On_COHFACE,COHFACE,old,COHFACE_s26_session3_natural,8,93.0,68.0,large_error,93.0,0.9999999999999998,94.0,0.9459671347838556,92.0,0.9414055145447376,68.0,0.9999999999999996,69.0,0.9840387125175069,51.0,0.9754925297021039,26_3,26,3,natural,94.4684143066,58.6627845764,10.1673635675,0,455.226951128,0.299491494894
UBFC_A1/Eval_On_COHFACE,COHFACE,old,COHFACE_s26_session3_natural,9,80.0,40.0,sub_harmonic_half,80.0,0.9999999999999998,81.0,0.9849738227063423,79.0,0.9522242013298061,40.0,0.9999999999999994,41.0,0.8504561248521247,42.0,0.6113240879395052,26_3,26,3,natural,94.4684143066,58.6627845764,10.1673635675,0,455.226951128,0.299491494894
UBFC_A1/Eval_On_COHFACE,COHFACE,old,COHFACE_s26_session3_natural,10,79.0,40.0,sub_harmonic_half,79.0,0.9999999999999999,80.0,0.9907344325719885,78.0,0.9181877739734813,40.0,0.9999999999999992,63.0,0.8942253941367379,64.0,0.8441250590386222,26_3,26,3,natural,94.4684143066,58.6627845764,10.1673635675,0,455.226951128,0.299491494894
UBFC_A1/Eval_On_COHFACE,COHFACE,old,COHFACE_s26_session3_natural,11,80.0,44.0,sub_harmonic_half,80.0,0.9999999999999999,79.0,0.9804692931769274,81.0,0.941562211055807,44.0,0.9999999999999999,45.0,0.9851367329976455,43.0,0.9110020559908223,26_3,26,3,natural,94.4684143066,58.6627845764,10.1673635675,0,455.226951128,0.299491494894
UBFC_A1/Eval_On_COHFACE,COHFACE,old,COHFACE_s26_session3_natural,12,74.0,76.0,correct,74.0,0.9999999999999998,75.0,0.9567761402214007,73.0,0.9540162679648962,76.0,0.9999999999999993,77.0,0.99408451493105,46.0,0.9742846119557552,26_3,26,3,natural,94.4684143066,58.6627845764,10.1673635675,0,455.226951128,0.299491494894
UBFC_A1/Eval_On_COHFACE,COHFACE,old,COHFACE_s26_session3_natural,13,88.0,81.0,large_error,88.0,0.9999999999999998,89.0,0.9797145465669765,87.0,0.9696898287171608,81.0,0.9999999999999994,80.0,0.9873367409945268,82.0,0.9536873707619054,26_3,26,3,natural,94.4684143066,58.6627845764,10.1673635675,0,455.226951128,0.299491494894
UBFC_A1/Eval_On_COHFACE,COHFACE,old,COHFACE_s26_session3_natural,14,89.0,60.0,large_error,89.0,0.9999999999999998,90.0,0.9766883101261868,88.0,0.9158458391641537,60.0,0.9999999999999998,61.0,0.9339840275563968,59.0,0.9264935418934402,26_3,26,3,natural,94.4684143066,58.6627845764,10.1673635675,0,455.226951128,0.299491494894
UBFC_A1/Eval_On_COHFACE,COHFACE,old,COHFACE_s26_session3_natural,15,90.0,61.0,large_error,90.0,0.9999999999999998,89.0,0.9929480286604809,91.0,0.8994657380175839,61.0,0.9999999999999993,60.0,0.9982055121425853,61.99999999999999,0.9020236900796778,26_3,26,3,natural,94.4684143066,58.6627845764,10.1673635675,0,455.226951128,0.299491494894
UBFC_A1/Eval_On_COHFACE,COHFACE,old,COHFACE_s26_session3_natural,16,90.0,120.0,super_harmonic_1p5x,90.0,0.9999999999999999,89.0,0.9806619489913356,91.0,0.9750425565836555,120.0,0.9999999999999991,121.0,0.9570130257275882,119.0,0.9339943576325659,26_3,26,3,natural,94.4684143066,58.6627845764,10.1673635675,0,455.226951128,0.299491494894
UBFC_A1/Eval_On_COHFACE,COHFACE,old,COHFACE_s26_session3_natural,17,91.0,60.0,large_error,91.0,0.9999999999999999,92.0,0.96940040458038,90.0,0.9317303779839917,60.0,0.9999999999999999,59.0,0.9197405459645296,61.0,0.91936135287681,26_3,26,3,natural,94.4684143066,58.6627845764,10.1673635675,0,455.226951128,0.299491494894
UBFC_A1/Eval_On_COHFACE,COHFACE,old,COHFACE_s26_session3_natural,18,71.0,40.0,sub_harmonic_half,71.0,0.9999999999999999,72.0,0.9975741484076971,70.0,0.9331040599904821,40.0,0.9999999999999997,60.0,0.8211669997517788,61.0,0.803947988980466,26_3,26,3,natural,94.4684143066,58.6627845764,10.1673635675,0,455.226951128,0.299491494894
UBFC_A1/Eval_On_COHFACE,COHFACE,old,COHFACE_s26_session3_natural,19,71.0,81.0,large_error,71.0,0.9999999999999999,70.0,0.9852540458122239,72.0,0.9816339574665521,81.0,0.9999999999999993,40.0,0.9715509313210718,80.0,0.9574942298525521,26_3,26,3,natural,94.4684143066,58.6627845764,10.1673635675,0,455.226951128,0.299491494894
UBFC_A1/Eval_On_COHFACE,COHFACE,old,COHFACE_s26_session3_natural,20,75.0,59.0,large_error,75.0,0.9999999999999998,74.0,0.9824494481483413,76.0,0.9258120198358258,59.0,0.9999999999999999,60.0,0.9611255364229953,58.0,0.8999367773018295,26_3,26,3,natural,94.4684143066,58.6627845764,10.1673635675,0,455.226951128,0.299491494894
UBFC_A1/Eval_On_COHFACE,COHFACE,old,COHFACE_s26_session3_natural,21,74.0,40.0,sub_harmonic_half,74.0,0.9999999999999999,73.0,0.9892037823301214,75.0,0.9814990101162623,40.0,0.9999999999999998,41.0,0.9162065488092056,81.0,0.7959657503591225,26_3,26,3,natural,94.4684143066,58.6627845764,10.1673635675,0,455.226951128,0.299491494894
UBFC_A1/Eval_On_COHFACE,COHFACE,old,COHFACE_s26_session3_natural,22,71.0,81.0,large_error,71.0,0.9999999999999999,72.0,0.995219344076861,70.0,0.9394451287694009,81.0,0.9999999999999998,82.0,0.979635734843287,80.0,0.94637820621091,26_3,26,3,natural,94.4684143066,58.6627845764,10.1673635675,0,455.226951128,0.299491494894
UBFC_A1/Eval_On_COHFACE,COHFACE,old,COHFACE_s26_session3_natural,23,91.0,43.0,sub_harmonic_half,91.0,0.9999999999999998,92.0,0.9884351841192595,76.0,0.9575137293073697,43.0,0.9999999999999999,42.0,0.9626692444504764,44.0,0.9366549683206454,26_3,26,3,natural,94.4684143066,58.6627845764,10.1673635675,0,455.226951128,0.299491494894
UBFC_A1/Eval_On_COHFACE,COHFACE,old,COHFACE_s26_session3_natural,24,95.0,40.0,large_error,95.0,0.9999999999999998,96.0,0.9903572268400195,94.0,0.9775883867694385,40.0,0.9999999999999998,81.0,0.950140676336538,41.0,0.9262539490850221,26_3,26,3,natural,94.4684143066,58.6627845764,10.1673635675,0,455.226951128,0.299491494894
UBFC_A1/Eval_On_COHFACE,COHFACE,old,COHFACE_s26_session3_natural,25,93.0,81.0,large_error,93.0,0.9999999999999998,92.0,0.9812589694252685,94.0,0.9164788648730575,81.0,0.9999999999999998,82.0,0.9503803428051476,80.0,0.9435190611207842,26_3,26,3,natural,94.4684143066,58.6627845764,10.1673635675,0,455.226951128,0.299491494894
UBFC_A1/Eval_On_COHFACE,COHFACE,old,COHFACE_s26_session3_natural,26,93.0,43.0,sub_harmonic_half,93.0,0.9999999999999998,92.0,0.9983758891646938,94.0,0.9222278759883193,43.0,0.9999999999999997,42.0,0.9588476478374997,44.0,0.9395582740664253,26_3,26,3,natural,94.4684143066,58.6627845764,10.1673635675,0,455.226951128,0.299491494894
UBFC_A1/Eval_On_COHFACE,COHFACE,old,COHFACE_s26_session3_natural,27,96.0,79.0,large_error,96.0,0.9999999999999999,97.0,0.9909613807457164,95.0,0.9348839404152949,79.0,0.9999999999999994,80.0,0.9975771547338661,40.0,0.9511012049373618,26_3,26,3,natural,94.4684143066,58.6627845764,10.1673635675,0,455.226951128,0.299491494894
UBFC_A1/Eval_On_COHFACE,COHFACE,old,COHFACE_s26_session3_natural,28,76.0,79.0,correct,76.0,0.9999999999999999,77.0,0.9891836597560479,75.0,0.935477491279107,79.0,0.9999999999999994,78.0,0.9680049016319003,80.0,0.9153311444049952,26_3,26,3,natural,94.4684143066,58.6627845764,10.1673635675,0,455.226951128,0.299491494894
UBFC_A1/Eval_On_COHFACE,COHFACE,old,COHFACE_s26_session3_natural,29,75.0,51.0,large_error,75.0,0.9999999999999999,74.0,0.95960465926731,76.0,0.9595432894096495,51.0,0.9999999999999998,52.0,0.967033551646564,50.0,0.9134955749442879,26_3,26,3,natural,94.4684143066,58.6627845764,10.1673635675,0,455.226951128,0.299491494894
UBFC_A1/Eval_On_COHFACE,COHFACE,old,COHFACE_s26_session3_natural,30,79.0,50.0,large_error,79.0,0.9999999999999999,78.0,0.9871767027922392,80.0,0.9475744438658833,50.0,0.9999999999999998,49.0,0.9382013354308124,51.0,0.9210227661800489,26_3,26,3,natural,94.4684143066,58.6627845764,10.1673635675,0,455.226951128,0.299491494894
UBFC_A1/Eval_On_COHFACE,COHFACE,old,COHFACE_s26_session3_natural,31,79.0,51.0,large_error,79.0,0.9999999999999999,80.0,0.9798934127349265,78.0,0.949459400755978,51.0,0.9999999999999997,52.0,0.9569892819058817,50.0,0.9301276856900971,26_3,26,3,natural,94.4684143066,58.6627845764,10.1673635675,0,455.226951128,0.299491494894
UBFC_A1/Eval_On_COHFACE,COHFACE,old,COHFACE_s26_session3_natural,32,73.0,44.0,large_error,73.0,0.9999999999999999,74.0,0.99683439246691,75.0,0.9311297384918358,44.0,0.9999999999999999,43.0,0.9792827363784089,45.0,0.9125084968970323,26_3,26,3,natural,94.4684143066,58.6627845764,10.1673635675,0,455.226951128,0.299491494894
UBFC_A1/Eval_On_COHFACE,COHFACE,old,COHFACE_s26_session3_natural,33,93.0,45.0,sub_harmonic_half,93.0,0.9999999999999998,94.0,0.9827587437326082,78.0,0.9697434564530374,45.0,0.9999999999999998,44.0,0.9685292638363064,46.0,0.9343839649674125,26_3,26,3,natural,94.4684143066,58.6627845764,10.1673635675,0,455.226951128,0.299491494894
UBFC_A1/Eval_On_COHFACE,COHFACE,old,COHFACE_s26_session3_natural,34,91.0,43.0,sub_harmonic_half,91.0,0.9999999999999998,90.0,0.9981957629686274,92.0,0.9387880829429401,43.0,0.9999999999999999,44.0,0.9737758236337685,42.0,0.9446499122085946,26_3,26,3,natural,94.4684143066,58.6627845764,10.1673635675,0,455.226951128,0.299491494894
UBFC_A1/Eval_On_COHFACE,COHFACE,old,COHFACE_s26_session3_natural,35,93.0,45.0,sub_harmonic_half,93.0,0.9999999999999998,92.0,0.9507814284795413,94.0,0.9442585043488367,45.0,0.9999999999999999,44.0,0.9748458976677656,46.0,0.950671664621543,26_3,26,3,natural,94.4684143066,58.6627845764,10.1673635675,0,455.226951128,0.299491494894
UBFC_A1/Eval_On_COHFACE,COHFACE,old,COHFACE_s26_session3_natural,36,93.0,40.0,large_error,93.0,0.9999999999999998,94.0,0.9484677078782873,92.0,0.9436604780998411,40.0,0.9999999999999997,41.0,0.8152399489054831,78.0,0.755155534926491,26_3,26,3,natural,94.4684143066,58.6627845764,10.1673635675,0,455.226951128,0.299491494894
UBFC_A1/Eval_On_COHFACE,COHFACE,old,COHFACE_s26_session3_natural,37,96.0,77.0,large_error,96.0,0.9999999999999999,97.0,0.9795471183450298,95.0,0.9539185256040662,77.0,0.9999999999999996,78.0,0.9868847399294131,76.0,0.9431342559703382,26_3,26,3,natural,94.4684143066,58.6627845764,10.1673635675,0,455.226951128,0.299491494894
UBFC_A1/Eval_On_COHFACE,COHFACE,old,COHFACE_s26_session3_natural,38,95.0,51.0,sub_harmonic_half,95.0,0.9999999999999999,96.0,0.9512444279963053,94.0,0.9344369263979982,51.0,0.9999999999999999,52.0,0.9815270093090305,50.0,0.9071626502296373,26_3,26,3,natural,94.4684143066,58.6627845764,10.1673635675,0,455.226951128,0.299491494894
UBFC_A1/Eval_On_COHFACE,COHFACE,old,COHFACE_s26_session3_natural,39,75.0,40.0,sub_harmonic_half,75.0,0.9999999999999999,74.0,0.9811965119996908,76.0,0.9485471153992491,40.0,0.9999999999999993,41.0,0.8722438738960848,42.0,0.647043107384249,26_3,26,3,natural,94.4684143066,58.6627845764,10.1673635675,0,455.226951128,0.299491494894
UBFC_A1/Eval_On_COHFACE,COHFACE,old,COHFACE_s26_session3_natural,40,79.0,91.0,large_error,79.0,0.9999999999999999,78.0,0.9847697216106447,80.0,0.9767390116996123,91.0,0.9999999999999994,92.0,0.9902053446562241,90.0,0.9218469601910146,26_3,26,3,natural,94.4684143066,58.6627845764,10.1673635675,0,455.226951128,0.299491494894
UBFC_A1/Eval_On_COHFACE,COHFACE,old,COHFACE_s26_session3_natural,41,79.0,45.0,sub_harmonic_half,79.0,0.9999999999999999,80.0,0.9652414831610373,78.0,0.9555192638098717,45.0,0.9999999999999996,44.0,0.9801497980303593,46.0,0.939153616384052,26_3,26,3,natural,94.4684143066,58.6627845764,10.1673635675,0,455.226951128,0.299491494894
UBFC_A1/Eval_On_COHFACE,COHFACE,old,COHFACE_s26_session3_natural,42,74.0,40.0,sub_harmonic_half,74.0,0.9999999999999999,75.0,0.9822502773557161,73.0,0.9447518774028387,40.0,0.9999999999999993,50.0,0.8927834739293135,51.0,0.8778325567665852,26_3,26,3,natural,94.4684143066,58.6627845764,10.1673635675,0,455.226951128,0.299491494894
UBFC_A1/Eval_On_COHFACE,COHFACE,old,COHFACE_s26_session3_natural,43,92.0,52.0,sub_harmonic_half,92.0,0.9999999999999998,93.0,0.9851398592013428,76.0,0.971830298436554,52.0,0.9999999999999997,51.0,0.9395080704682608,53.0,0.9372832612535135,26_3,26,3,natural,94.4684143066,58.6627845764,10.1673635675,0,455.226951128,0.299491494894
UBFC_A1/Eval_On_COHFACE,COHFACE,old,COHFACE_s26_session3_natural,44,90.0,65.0,large_error,90.0,0.9999999999999999,89.0,0.9814924892823648,91.0,0.9469404706267752,65.0,0.9999999999999997,66.0,0.9946076404122626,64.0,0.8980026460478703,26_3,26,3,natural,94.4684143066,58.6627845764,10.1673635675,0,455.226951128,0.299491494894
UBFC_A1/Eval_On_COHFACE,COHFACE,old,COHFACE_s26_session3_natural,45,92.0,65.0,large_error,92.0,0.9999999999999998,93.0,0.9729257275720213,91.0,0.9212517930796019,65.0,0.9999999999999997,66.0,0.971159631021911,64.0,0.9551886733340536,26_3,26,3,natural,94.4684143066,58.6627845764,10.1673635675,0,455.226951128,0.299491494894
UBFC_A1/Eval_On_COHFACE,COHFACE,old,COHFACE_s26_session3_natural,46,93.0,64.0,large_error,93.0,0.9999999999999999,92.0,0.9591800812668797,94.0,0.938598595848007,64.0,0.9999999999999997,63.0,0.9982160608236662,65.0,0.967601464826422,26_3,26,3,natural,94.4684143066,58.6627845764,10.1673635675,0,455.226951128,0.299491494894
UBFC_A1/Eval_On_COHFACE,COHFACE,old,COHFACE_s26_session3_natural,47,96.0,67.0,large_error,96.0,0.9999999999999999,95.0,0.9987556222848402,94.0,0.9525291981443658,67.0,0.9999999999999996,42.0,0.9978586128151369,66.0,0.9951978350077804,26_3,26,3,natural,94.4684143066,58.6627845764,10.1673635675,0,455.226951128,0.299491494894
UBFC_A1/Eval_On_COHFACE,COHFACE,old,COHFACE_s26_session3_natural,48,95.0,59.0,large_error,95.0,0.9999999999999999,94.0,0.9539922820974189,96.0,0.9487468679528618,59.0,0.9999999999999997,58.0,0.9466180464540724,40.0,0.9173995251592604,26_3,26,3,natural,94.4684143066,58.6627845764,10.1673635675,0,455.226951128,0.299491494894
UBFC_A1/Eval_On_COHFACE,COHFACE,old,COHFACE_s26_session3_natural,49,75.0,69.0,large_error,75.0,0.9999999999999999,74.0,0.9859898269136103,76.0,0.9304414728890729,69.0,0.9999999999999997,70.0,0.9526539707941325,68.0,0.885036027229523,26_3,26,3,natural,94.4684143066,58.6627845764,10.1673635675,0,455.226951128,0.299491494894
UBFC_A1/Eval_On_COHFACE,COHFACE,old,COHFACE_s26_session3_natural,50,76.0,44.0,sub_harmonic_half,76.0,0.9999999999999999,75.0,0.9968321504510449,77.0,0.9911386859543924,44.0,0.9999999999999998,43.0,0.9501192395672834,45.0,0.9480149158041337,26_3,26,3,natural,94.4684143066,58.6627845764,10.1673635675,0,455.226951128,0.299491494894
UBFC_A1/Eval_On_COHFACE,COHFACE,old,COHFACE_s27_session0_lamp,0,66.0,46.0,large_error,66.0,0.9999999999999998,67.0,0.9791966148123427,65.0,0.8701654786616329,46.0,0.9999999999999998,47.0,0.950892432994402,45.0,0.9301956365491837,27_0,27,0,lamp,100.823348999,57.8058204651,5.69885452718,0,654.332269039,0.298062950373
UBFC_A1/Eval_On_COHFACE,COHFACE,old,COHFACE_s27_session0_lamp,1,65.0,82.0,super_harmonic_1p5x,65.0,0.9999999999999997,66.0,0.9729591198099202,64.0,0.9262243143704884,82.0,0.9999999999999994,81.0,0.9524111324956204,83.0,0.9430546563530784,27_0,27,0,lamp,100.823348999,57.8058204651,5.69885452718,0,654.332269039,0.298062950373
UBFC_A1/Eval_On_COHFACE,COHFACE,old,COHFACE_s27_session0_lamp,2,64.0,63.0,correct,64.0,0.9999999999999998,63.0,0.9801324712662319,65.0,0.9021639341296277,63.0,0.9999999999999994,64.0,0.9980144593571942,65.0,0.9557335356975135,27_0,27,0,lamp,100.823348999,57.8058204651,5.69885452718,0,654.332269039,0.298062950373
UBFC_A1/Eval_On_COHFACE,COHFACE,old,COHFACE_s27_session0_lamp,3,63.0,78.0,large_error,63.0,0.9999999999999998,64.0,0.9685685486451528,61.99999999999999,0.9036939855352764,78.0,0.9999999999999992,79.0,0.9671844577384011,77.0,0.9190924048448773,27_0,27,0,lamp,100.823348999,57.8058204651,5.69885452718,0,654.332269039,0.298062950373
UBFC_A1/Eval_On_COHFACE,COHFACE,old,COHFACE_s27_session0_lamp,4,63.0,45.0,large_error,63.0,0.9999999999999998,61.99999999999999,0.9651623014219892,64.0,0.9268809555541427,45.0,0.9999999999999994,46.0,0.9722054711390229,44.0,0.8664551302259444,27_0,27,0,lamp,100.823348999,57.8058204651,5.69885452718,0,654.332269039,0.298062950373
UBFC_A1/Eval_On_COHFACE,COHFACE,old,COHFACE_s27_session0_lamp,5,61.99999999999999,43.0,large_error,61.99999999999999,0.9999999999999998,63.0,0.9760204979734998,61.0,0.9195431646508064,43.0,0.9999999999999996,44.0,0.9788290310952077,42.0,0.8863458423279441,27_0,27,0,lamp,100.823348999,57.8058204651,5.69885452718,0,654.332269039,0.298062950373
UBFC_A1/Eval_On_COHFACE,COHFACE,old,COHFACE_s27_session0_lamp,6,61.99999999999999,97.0,super_harmonic_1p5x,61.99999999999999,0.9999999999999998,63.0,0.9798488280750214,61.0,0.9114083724338287,97.0,0.9999999999999997,96.0,0.9502433399343553,98.0,0.9120755198361745,27_0,27,0,lamp,100.823348999,57.8058204651,5.69885452718,0,654.332269039,0.298062950373
UBFC_A1/Eval_On_COHFACE,COHFACE,old,COHFACE_s27_session0_lamp,7,63.0,42.0,large_error,63.0,0.9999999999999998,64.0,0.9740217615953979,61.99999999999999,0.9228747717578094,42.0,0.9999999999999996,41.0,0.9638440165657356,43.0,0.9367396438956413,27_0,27,0,lamp,100.823348999,57.8058204651,5.69885452718,0,654.332269039,0.298062950373
UBFC_A1/Eval_On_COHFACE,COHFACE,old,COHFACE_s27_session0_lamp,8,64.0,67.0,correct,64.0,0.9999999999999998,63.0,0.9876309675500706,65.0,0.9120492771733868,67.0,0.9999999999999998,66.0,0.9666721352084953,68.0,0.9405160388043123,27_0,27,0,lamp,100.823348999,57.8058204651,5.69885452718,0,654.332269039,0.298062950373
UBFC_A1/Eval_On_COHFACE,COHFACE,old,COHFACE_s27_session0_lamp,9,64.0,43.0,large_error,64.0,0.9999999999999998,63.0,0.9695130948201262,65.0,0.9119193260920171,43.0,0.9999999999999998,44.0,0.9606205361084745,42.0,0.9557771817278918,27_0,27,0,lamp,100.823348999,57.8058204651,5.69885452718,0,654.332269039,0.298062950373
UBFC_A1/Eval_On_COHFACE,COHFACE,old,COHFACE_s27_session0_lamp,10,63.0,120.0,super_harmonic_2x,63.0,0.9999999999999998,64.0,0.9689644535006083,61.99999999999999,0.9001758898503063,120.0,0.9999999999999996,121.0,0.9809660295376261,67.0,0.9430386291006257,27_0,27,0,lamp,100.823348999,57.8058204651,5.69885452718,0,654.332269039,0.298062950373
UBFC_A1/Eval_On_COHFACE,COHFACE,old,COHFACE_s27_session0_lamp,11,63.0,120.0,super_harmonic_2x,63.0,0.9999999999999998,64.0,0.9707950616885128,61.99999999999999,0.9080244159725958,120.0,0.9999999999999996,121.0,0.9718434984480188,119.0,0.9259712794203885,27_0,27,0,lamp,100.823348999,57.8058204651,5.69885452718,0,654.332269039,0.298062950373
UBFC_A1/Eval_On_COHFACE,COHFACE,old,COHFACE_s27_session0_lamp,12,63.0,82.0,super_harmonic_1p5x,63.0,0.9999999999999998,64.0,0.9585278043508775,61.99999999999999,0.9191033710428178,82.0,0.9999999999999994,81.0,0.9819555548159606,83.0,0.9375166856516527,27_0,27,0,lamp,100.823348999,57.8058204651,5.69885452718,0,654.332269039,0.298062950373
UBFC_A1/Eval_On_COHFACE,COHFACE,old,COHFACE_s27_session0_lamp,13,63.0,53.0,large_error,63.0,0.9999999999999998,61.99999999999999,0.9488650334665383,64.0,0.9351679316331949,53.0,0.9999999999999996,52.0,0.9713661676542248,54.0,0.9457628855044163,27_0,27,0,lamp,100.823348999,57.8058204651,5.69885452718,0,654.332269039,0.298062950373
UBFC_A1/Eval_On_COHFACE,COHFACE,old,COHFACE_s27_session0_lamp,14,63.0,53.0,large_error,63.0,0.9999999999999998,61.99999999999999,0.988218343866784,64.0,0.9046851224261412,53.0,0.9999999999999998,52.0,0.9949671034675507,54.0,0.9075985135884433,27_0,27,0,lamp,100.823348999,57.8058204651,5.69885452718,0,654.332269039,0.298062950373
UBFC_A1/Eval_On_COHFACE,COHFACE,old,COHFACE_s27_session0_lamp,15,63.0,120.0,super_harmonic_2x,63.0,0.9999999999999998,64.0,0.99869901385543,61.99999999999999,0.9012046096621648,120.0,0.9999999999999997,121.0,0.9476900488401506,119.0,0.9315363478305742,27_0,27,0,lamp,100.823348999,57.8058204651,5.69885452718,0,654.332269039,0.298062950373
UBFC_A1/Eval_On_COHFACE,COHFACE,old,COHFACE_s27_session0_lamp,16,64.0,46.0,large_error,64.0,0.9999999999999998,65.0,0.9581212009870455,63.0,0.9324820092932006,46.0,0.9999999999999994,120.0,0.9902344463505863,121.0,0.9724452280682427,27_0,27,0,lamp,100.823348999,57.8058204651,5.69885452718,0,654.332269039,0.298062950373
UBFC_A1/Eval_On_COHFACE,COHFACE,old,COHFACE_s27_session0_lamp,17,65.0,44.0,large_error,65.0,0.9999999999999998,64.0,0.9507676219284135,66.0,0.934348050299038,44.0,0.9999999999999997,45.0,0.9915910831519911,55.0,0.9624486852224903,27_0,27,0,lamp,100.823348999,57.8058204651,5.69885452718,0,654.332269039,0.298062950373
UBFC_A1/Eval_On_COHFACE,COHFACE,old,COHFACE_s27_session0_lamp,18,65.0,119.0,super_harmonic_2x,65.0,0.9999999999999998,66.0,0.9872108563837915,64.0,0.9096331801740964,119.0,0.9999999999999996,118.0,0.9746671905741476,120.0,0.9453525953915405,27_0,27,0,lamp,100.823348999,57.8058204651,5.69885452718,0,654.332269039,0.298062950373
UBFC_A1/Eval_On_COHFACE,COHFACE,old,COHFACE_s27_session0_lamp,19,66.0,43.0,large_error,66.0,0.9999999999999998,65.0,0.9736543842416215,67.0,0.9118162211846134,43.0,0.9999999999999996,61.0,0.9983938563363455,60.0,0.9939003798016539,27_0,27,0,lamp,100.823348999,57.8058204651,5.69885452718,0,654.332269039,0.298062950373
UBFC_A1/Eval_On_COHFACE,COHFACE,old,COHFACE_s27_session0_lamp,20,66.0,119.0,super_harmonic_2x,66.0,0.9999999999999998,65.0,0.9817576837451311,67.0,0.9003408849560253,119.0,0.9999999999999996,120.0,0.9968927913941306,118.0,0.8986353070307367,27_0,27,0,lamp,100.823348999,57.8058204651,5.69885452718,0,654.332269039,0.298062950373
UBFC_A1/Eval_On_COHFACE,COHFACE,old,COHFACE_s27_session0_lamp,21,65.0,119.0,super_harmonic_2x,65.0,0.9999999999999998,66.0,0.9723101224748738,64.0,0.9074389202466353,119.0,0.9999999999999996,120.0,0.9970621618265887,118.0,0.8895645239638762,27_0,27,0,lamp,100.823348999,57.8058204651,5.69885452718,0,654.332269039,0.298062950373
UBFC_A1/Eval_On_COHFACE,COHFACE,old,COHFACE_s27_session0_lamp,22,65.0,61.99999999999999,correct,65.0,0.9999999999999998,64.0,0.9808778421630135,66.0,0.9036363452068913,61.99999999999999,0.9999999999999998,63.0,0.9306148057082982,61.0,0.9287134236072349,27_0,27,0,lamp,100.823348999,57.8058204651,5.69885452718,0,654.332269039,0.298062950373
UBFC_A1/Eval_On_COHFACE,COHFACE,old,COHFACE_s27_session0_lamp,23,65.0,65.0,correct,65.0,0.9999999999999998,64.0,0.9927249755389157,66.0,0.8983252448253916,65.0,0.9999999999999997,66.0,0.9619502262660488,64.0,0.9399562648028624,27_0,27,0,lamp,100.823348999,57.8058204651,5.69885452718,0,654.332269039,0.298062950373
UBFC_A1/Eval_On_COHFACE,COHFACE,old,COHFACE_s27_session0_lamp,24,64.0,66.0,correct,64.0,0.9999999999999998,65.0,0.9916821689048266,63.0,0.8955632088768922,66.0,0.9999999999999996,65.0,0.9699383873822172,67.0,0.9489523284871527,27_0,27,0,lamp,100.823348999,57.8058204651,5.69885452718,0,654.332269039,0.298062950373
UBFC_A1/Eval_On_COHFACE,COHFACE,old,COHFACE_s27_session0_lamp,25,65.0,82.0,super_harmonic_1p5x,65.0,0.9999999999999998,66.0,0.949019216012687,64.0,0.9432258790717561,82.0,0.9999999999999996,83.0,0.9989913669584336,81.0,0.9219396512176334,27_0,27,0,lamp,100.823348999,57.8058204651,5.69885452718,0,654.332269039,0.298062950373
UBFC_A1/Eval_On_COHFACE,COHFACE,old,COHFACE_s27_session0_lamp,26,66.0,83.0,super_harmonic_1p5x,66.0,0.9999999999999998,65.0,0.9444476560120764,67.0,0.9372807144426302,83.0,0.9999999999999994,82.0,0.9336777301381637,84.0,0.9272650986958719,27_0,27,0,lamp,100.823348999,57.8058204651,5.69885452718,0,654.332269039,0.298062950373
UBFC_A1/Eval_On_COHFACE,COHFACE,old,COHFACE_s27_session0_lamp,27,67.0,82.0,large_error,67.0,0.9999999999999998,68.0,0.9668124093449322,66.0,0.9225778249481509,82.0,0.9999999999999999,81.0,0.9739578714580154,83.0,0.9177143126360658,27_0,27,0,lamp,100.823348999,57.8058204651,5.69885452718,0,654.332269039,0.298062950373
UBFC_A1/Eval_On_COHFACE,COHFACE,old,COHFACE_s27_session0_lamp,28,68.0,81.0,large_error,68.0,0.9999999999999998,69.0,0.9986666571489844,67.0,0.8881455396593614,81.0,0.9999999999999998,82.0,0.9793663754933091,80.0,0.9080018522036479,27_0,27,0,lamp,100.823348999,57.8058204651,5.69885452718,0,654.332269039,0.298062950373
UBFC_A1/Eval_On_COHFACE,COHFACE,old,COHFACE_s27_session0_lamp,29,69.0,69.0,correct,69.0,0.9999999999999998,70.0,0.9831289772893133,68.0,0.9056101567052901,69.0,0.9999999999999994,68.0,0.9679266454316452,70.0,0.9160158740977927,27_0,27,0,lamp,100.823348999,57.8058204651,5.69885452718,0,654.332269039,0.298062950373
UBFC_A1/Eval_On_COHFACE,COHFACE,old,COHFACE_s27_session0_lamp,30,69.0,50.0,large_error,69.0,0.9999999999999998,70.0,0.9614390991265547,68.0,0.9262075673067173,50.0,0.9999999999999996,49.0,0.9555665619974156,51.0,0.9408023533194539,27_0,27,0,lamp,100.823348999,57.8058204651,5.69885452718,0,654.332269039,0.298062950373
UBFC_A1/Eval_On_COHFACE,COHFACE,old,COHFACE_s27_session0_lamp,31,68.0,50.0,large_error,68.0,0.9999999999999998,69.0,0.9568761596487753,67.0,0.9262273488040978,50.0,0.9999999999999996,49.0,0.9614059518021808,51.0,0.9373407551204377,27_0,27,0,lamp,100.823348999,57.8058204651,5.69885452718,0,654.332269039,0.298062950373
UBFC_A1/Eval_On_COHFACE,COHFACE,old,COHFACE_s27_session0_lamp,32,67.0,49.0,large_error,67.0,0.9999999999999998,66.0,0.952072211880521,68.0,0.9405186709971212,49.0,0.9999999999999999,50.0,0.9836494107034228,48.0,0.8906415828515369,27_0,27,0,lamp,100.823348999,57.8058204651,5.69885452718,0,654.332269039,0.298062950373
UBFC_A1/Eval_On_COHFACE,COHFACE,old,COHFACE_s27_session0_lamp,33,66.0,68.0,correct,66.0,0.9999999999999999,67.0,0.9474504470236937,65.0,0.9423209144958624,68.0,0.9999999999999994,69.0,0.9831990867533531,67.0,0.8934549451063489,27_0,27,0,lamp,100.823348999,57.8058204651,5.69885452718,0,654.332269039,0.298062950373
UBFC_A1/Eval_On_COHFACE,COHFACE,old,COHFACE_s27_session0_lamp,34,65.0,67.0,correct,65.0,0.9999999999999999,66.0,0.9532948050367107,64.0,0.9366277447489417,67.0,0.9999999999999998,68.0,0.962800039566128,66.0,0.9095222946852687,27_0,27,0,lamp,100.823348999,57.8058204651,5.69885452718,0,654.332269039,0.298062950373
UBFC_A1/Eval_On_COHFACE,COHFACE,old,COHFACE_s27_session0_lamp,35,65.0,44.0,large_error,65.0,0.9999999999999999,66.0,0.9473718262507782,64.0,0.9343385002864778,44.0,0.9999999999999986,43.0,0.9953367826787177,45.0,0.8770907867098933,27_0,27,0,lamp,100.823348999,57.8058204651,5.69885452718,0,654.332269039,0.298062950373
UBFC_A1/Eval_On_COHFACE,COHFACE,old,COHFACE_s27_session0_lamp,36,65.0,40.0,large_error,65.0,0.9999999999999998,66.0,0.953801380426379,64.0,0.9282972609304982,40.0,0.9999999999999996,41.0,0.8812178128373662,42.0,0.6796326677923131,27_0,27,0,lamp,100.823348999,57.8058204651,5.69885452718,0,654.332269039,0.298062950373
UBFC_A1/Eval_On_COHFACE,COHFACE,old,COHFACE_s27_session0_lamp,37,65.0,54.0,large_error,65.0,0.9999999999999998,66.0,0.955343058501345,64.0,0.925987071307686,54.0,0.9999999999999996,53.0,0.9796251342667759,55.0,0.8648272605600681,27_0,27,0,lamp,100.823348999,57.8058204651,5.69885452718,0,654.332269039,0.298062950373
UBFC_A1/Eval_On_COHFACE,COHFACE,old,COHFACE_s27_session0_lamp,38,65.0,54.0,large_error,65.0,0.9999999999999998,64.0,0.9824980250880307,66.0,0.911628078626951,54.0,0.9999999999999997,53.0,0.9249741291799964,55.0,0.9196929143497987,27_0,27,0,lamp,100.823348999,57.8058204651,5.69885452718,0,654.332269039,0.298062950373
UBFC_A1/Eval_On_COHFACE,COHFACE,old,COHFACE_s27_session0_lamp,39,64.0,81.0,super_harmonic_1p5x,64.0,0.9999999999999998,63.0,0.9501153048770312,65.0,0.9458233052808105,81.0,0.9999999999999997,82.0,0.9561418472911236,80.0,0.9218813044123286,27_0,27,0,lamp,100.823348999,57.8058204651,5.69885452718,0,654.332269039,0.298062950373
UBFC_A1/Eval_On_COHFACE,COHFACE,old,COHFACE_s27_session0_lamp,40,63.0,82.0,super_harmonic_1p5x,63.0,0.9999999999999998,64.0,0.9865513594589441,61.99999999999999,0.9035911752310767,82.0,0.9999999999999996,83.0,0.9966043351574414,81.0,0.917441133378729,27_0,27,0,lamp,100.823348999,57.8058204651,5.69885452718,0,654.332269039,0.298062950373
UBFC_A1/Eval_On_COHFACE,COHFACE,old,COHFACE_s27_session0_lamp,41,63.0,68.0,large_error,63.0,0.9999999999999998,61.99999999999999,0.9584969969674519,64.0,0.9386621043750982,68.0,0.9999999999999998,67.0,0.9900128200951462,52.0,0.9638837929400705,27_0,27,0,lamp,100.823348999,57.8058204651,5.69885452718,0,654.332269039,0.298062950373
UBFC_A1/Eval_On_COHFACE,COHFACE,old,COHFACE_s27_session0_lamp,42,61.99999999999999,51.0,large_error,61.99999999999999,0.9999999999999998,63.0,0.9960598405196479,61.0,0.9025778933479717,51.0,0.9999999999999998,50.0,0.9895916211678255,52.0,0.9180515258014001,27_0,27,0,lamp,100.823348999,57.8058204651,5.69885452718,0,654.332269039,0.298062950373
UBFC_A1/Eval_On_COHFACE,COHFACE,old,COHFACE_s27_session0_lamp,43,61.99999999999999,52.0,large_error,61.99999999999999,0.9999999999999999,63.0,0.9777212618299246,61.0,0.9120383957824177,52.0,0.9999999999999997,51.0,0.9706452450334833,53.0,0.9193233115289283,27_0,27,0,lamp,100.823348999,57.8058204651,5.69885452718,0,654.332269039,0.298062950373
UBFC_A1/Eval_On_COHFACE,COHFACE,old,COHFACE_s27_session0_lamp,44,61.99999999999999,45.0,large_error,61.99999999999999,0.9999999999999999,63.0,0.9551706087024535,61.0,0.939698453122798,45.0,0.9999999999999998,44.0,0.9975541633431456,46.0,0.9320554504206645,27_0,27,0,lamp,100.823348999,57.8058204651,5.69885452718,0,654.332269039,0.298062950373
UBFC_A1/Eval_On_COHFACE,COHFACE,old,COHFACE_s27_session0_lamp,45,61.99999999999999,45.0,large_error,61.99999999999999,0.9999999999999999,61.0,0.9719110580982664,63.0,0.9264838759671408,45.0,0.9999999999999998,44.0,0.9738023910099931,46.0,0.9727460249880429,27_0,27,0,lamp,100.823348999,57.8058204651,5.69885452718,0,654.332269039,0.298062950373
UBFC_A1/Eval_On_COHFACE,COHFACE,old,COHFACE_s27_session0_lamp,46,61.99999999999999,81.0,super_harmonic_1p5x,61.99999999999999,0.9999999999999999,61.0,0.977285523578408,63.0,0.9205450454112811,81.0,0.9999999999999996,82.0,0.988613943877405,80.0,0.9414342369468722,27_0,27,0,lamp,100.823348999,57.8058204651,5.69885452718,0,654.332269039,0.298062950373
UBFC_A1/Eval_On_COHFACE,COHFACE,old,COHFACE_s27_session0_lamp,47,61.99999999999999,41.0,large_error,61.99999999999999,0.9999999999999999,61.0,0.9555917159948856,63.0,0.9352581259333969,41.0,0.9999999999999997,42.0,0.988702418831605,40.0,0.8802818561258497,27_0,27,0,lamp,100.823348999,57.8058204651,5.69885452718,0,654.332269039,0.298062950373
UBFC_A1/Eval_On_COHFACE,COHFACE,old,COHFACE_s27_session0_lamp,48,61.99999999999999,40.0,large_error,61.99999999999999,0.9999999999999999,61.0,0.9459694101662244,63.0,0.941502966915851,40.0,0.9999999999999997,80.0,0.9215214792204872,81.0,0.9102581192441902,27_0,27,0,lamp,100.823348999,57.8058204651,5.69885452718,0,654.332269039,0.298062950373
UBFC_A1/Eval_On_COHFACE,COHFACE,old,COHFACE_s27_session0_lamp,49,61.99999999999999,80.0,super_harmonic_1p5x,61.99999999999999,0.9999999999999999,61.0,0.9516043563630459,63.0,0.9287743254312238,80.0,0.9999999999999997,81.0,0.9609296146089499,79.0,0.9231864397284779,27_0,27,0,lamp,100.823348999,57.8058204651,5.69885452718,0,654.332269039,0.298062950373
UBFC_A1/Eval_On_COHFACE,COHFACE,old,COHFACE_s27_session0_lamp,50,61.99999999999999,119.0,super_harmonic_2x,61.99999999999999,0.9999999999999999,61.0,0.9436025233675627,63.0,0.9334105770598083,119.0,0.9999999999999997,78.0,0.9816812863552631,120.0,0.9809537679265298,27_0,27,0,lamp,100.823348999,57.8058204651,5.69885452718,0,654.332269039,0.298062950373
UBFC_A1/Eval_On_COHFACE,COHFACE,old,COHFACE_s27_session1_lamp,0,73.0,68.0,large_error,73.0,0.9999999999999998,72.0,0.9283063564675256,74.0,0.9112864090488692,68.0,0.9999999999999996,69.0,0.9829014215558013,67.0,0.9021535683104042,27_1,27,1,lamp,102.491462708,58.1169471741,5.75890325731,0,625.788063424,0.231288909912
UBFC_A1/Eval_On_COHFACE,COHFACE,old,COHFACE_s27_session1_lamp,1,69.0,70.0,correct,69.0,0.9999999999999996,70.0,0.9988395988062009,71.0,0.874120916835864,70.0,0.9999999999999997,71.0,0.9993622531581015,69.0,0.8469336048907616,27_1,27,1,lamp,102.491462708,58.1169471741,5.75890325731,0,625.788063424,0.231288909912
UBFC_A1/Eval_On_COHFACE,COHFACE,old,COHFACE_s27_session1_lamp,2,69.0,97.0,super_harmonic_1p5x,69.0,0.9999999999999996,70.0,0.9462268600338523,68.0,0.9328941094652605,97.0,0.9999999999999998,96.0,0.9993916175122789,98.0,0.8898564056894313,27_1,27,1,lamp,102.491462708,58.1169471741,5.75890325731,0,625.788063424,0.231288909912
UBFC_A1/Eval_On_COHFACE,COHFACE,old,COHFACE_s27_session1_lamp,3,69.0,64.0,large_error,69.0,0.9999999999999996,70.0,0.9534869301919997,68.0,0.930008028323995,64.0,0.9999999999999996,65.0,0.9675398611338571,63.0,0.910797217957835,27_1,27,1,lamp,102.491462708,58.1169471741,5.75890325731,0,625.788063424,0.231288909912
UBFC_A1/Eval_On_COHFACE,COHFACE,old,COHFACE_s27_session1_lamp,4,70.0,121.0,super_harmonic_2x,70.0,0.9999999999999994,71.0,0.9474978310029013,69.0,0.9417497392120854,121.0,0.9999999999999993,120.0,0.9579018432591392,122.0,0.9113521369517937,27_1,27,1,lamp,102.491462708,58.1169471741,5.75890325731,0,625.788063424,0.231288909912
UBFC_A1/Eval_On_COHFACE,COHFACE,old,COHFACE_s27_session1_lamp,5,71.0,59.0,large_error,71.0,0.9999999999999996,72.0,0.9802946286428768,70.0,0.9025745816507287,59.0,0.9999999999999992,60.0,0.9881653054913548,58.0,0.8801570523219528,27_1,27,1,lamp,102.491462708,58.1169471741,5.75890325731,0,625.788063424,0.231288909912
UBFC_A1/Eval_On_COHFACE,COHFACE,old,COHFACE_s27_session1_lamp,6,71.0,81.0,large_error,71.0,0.9999999999999996,70.0,0.9990704147574028,72.0,0.8941200744392404,81.0,0.9999999999999998,82.0,0.9800692188983325,80.0,0.9292609469329287,27_1,27,1,lamp,102.491462708,58.1169471741,5.75890325731,0,625.788063424,0.231288909912
UBFC_A1/Eval_On_COHFACE,COHFACE,old,COHFACE_s27_session1_lamp,7,69.0,104.0,super_harmonic_1p5x,69.0,0.9999999999999996,70.0,0.9963844347913299,68.0,0.8807791644904858,104.0,0.9999999999999992,103.0,0.9506264456779889,105.0,0.9471395709516707,27_1,27,1,lamp,102.491462708,58.1169471741,5.75890325731,0,625.788063424,0.231288909912
UBFC_A1/Eval_On_COHFACE,COHFACE,old,COHFACE_s27_session1_lamp,8,69.0,60.0,large_error,69.0,0.9999999999999996,68.0,0.9831676077339296,70.0,0.9015310886411078,60.0,0.9999999999999996,61.0,0.9592821157269033,59.0,0.9157678818515577,27_1,27,1,lamp,102.491462708,58.1169471741,5.75890325731,0,625.788063424,0.231288909912
UBFC_A1/Eval_On_COHFACE,COHFACE,old,COHFACE_s27_session1_lamp,9,67.0,78.0,large_error,67.0,0.9999999999999996,68.0,0.9628807527481494,66.0,0.9407816692832318,78.0,0.9999999999999994,77.0,0.9505741548629554,79.0,0.9403268032033415,27_1,27,1,lamp,102.491462708,58.1169471741,5.75890325731,0,625.788063424,0.231288909912
UBFC_A1/Eval_On_COHFACE,COHFACE,old,COHFACE_s27_session1_lamp,10,66.0,63.0,correct,66.0,0.9999999999999997,65.0,0.9794045679826576,67.0,0.9149726906821153,63.0,0.9999999999999994,64.0,0.9723543793915228,61.99999999999999,0.966551347809883,27_1,27,1,lamp,102.491462708,58.1169471741,5.75890325731,0,625.788063424,0.231288909912
UBFC_A1/Eval_On_COHFACE,COHFACE,old,COHFACE_s27_session1_lamp,11,65.0,61.0,large_error,65.0,0.9999999999999998,64.0,0.9560164208763303,66.0,0.9388459308132957,61.0,0.9999999999999996,60.0,0.956372128623494,61.99999999999999,0.9242691086143653,27_1,27,1,lamp,102.491462708,58.1169471741,5.75890325731,0,625.788063424,0.231288909912
UBFC_A1/Eval_On_COHFACE,COHFACE,old,COHFACE_s27_session1_lamp,12,65.0,59.0,large_error,65.0,0.9999999999999998,64.0,0.9745077035521639,66.0,0.917316756763055,59.0,0.9999999999999996,60.0,0.9869737910794606,80.0,0.9692580487935313,27_1,27,1,lamp,102.491462708,58.1169471741,5.75890325731,0,625.788063424,0.231288909912
UBFC_A1/Eval_On_COHFACE,COHFACE,old,COHFACE_s27_session1_lamp,13,65.0,81.0,large_error,65.0,0.9999999999999999,66.0,0.9518181536944692,64.0,0.9323075728529262,81.0,0.9999999999999998,82.0,0.950131078079591,80.0,0.9265425385539905,27_1,27,1,lamp,102.491462708,58.1169471741,5.75890325731,0,625.788063424,0.231288909912
UBFC_A1/Eval_On_COHFACE,COHFACE,old,COHFACE_s27_session1_lamp,14,65.0,59.0,large_error,65.0,0.9999999999999999,66.0,0.9566937898922414,64.0,0.9284087187755093,59.0,0.9999999999999998,58.0,0.9944164011423323,60.0,0.8660967773136093,27_1,27,1,lamp,102.491462708,58.1169471741,5.75890325731,0,625.788063424,0.231288909912
UBFC_A1/Eval_On_COHFACE,COHFACE,old,COHFACE_s27_session1_lamp,15,64.0,81.0,super_harmonic_1p5x,64.0,0.9999999999999999,65.0,0.9908518308089587,63.0,0.9007505146110026,81.0,0.9999999999999998,80.0,0.9571096688942945,82.0,0.9241210436279157,27_1,27,1,lamp,102.491462708,58.1169471741,5.75890325731,0,625.788063424,0.231288909912
UBFC_A1/Eval_On_COHFACE,COHFACE,old,COHFACE_s27_session1_lamp,16,63.0,82.0,super_harmonic_1p5x,63.0,0.9999999999999998,61.99999999999999,0.9439200922911201,64.0,0.9425054786792867,82.0,0.9999999999999997,83.0,0.9640951852347811,81.0,0.9329940742223368,27_1,27,1,lamp,102.491462708,58.1169471741,5.75890325731,0,625.788063424,0.231288909912
UBFC_A1/Eval_On_COHFACE,COHFACE,old,COHFACE_s27_session1_lamp,17,61.99999999999999,59.0,correct,61.99999999999999,0.9999999999999998,61.0,0.9828722016662045,63.0,0.9014849580568138,59.0,0.9999999999999998,58.0,0.9577951754221325,60.0,0.9551386138748025,27_1,27,1,lamp,102.491462708,58.1169471741,5.75890325731,0,625.788063424,0.231288909912
UBFC_A1/Eval_On_COHFACE,COHFACE,old,COHFACE_s27_session1_lamp,18,60.0,120.0,super_harmonic_2x,60.0,0.9999999999999999,61.0,0.9667287420147369,59.0,0.9269436455053646,120.0,0.9999999999999996,59.0,0.9733941232891854,119.0,0.9710414595509138,27_1,27,1,lamp,102.491462708,58.1169471741,5.75890325731,0,625.788063424,0.231288909912
UBFC_A1/Eval_On_COHFACE,COHFACE,old,COHFACE_s27_session1_lamp,19,59.0,59.0,correct,59.0,0.9999999999999999,58.0,0.9523987064220211,60.0,0.9417259002860074,59.0,0.9999999999999998,58.0,0.9657398487869838,60.0,0.9230085935853146,27_1,27,1,lamp,102.491462708,58.1169471741,5.75890325731,0,625.788063424,0.231288909912
UBFC_A1/Eval_On_COHFACE,COHFACE,old,COHFACE_s27_session1_lamp,20,58.0,59.0,correct,58.0,0.9999999999999999,57.0,0.948246080447029,59.0,0.9423643429459095,59.0,0.9999999999999999,60.0,0.9181597351525811,58.0,0.9087769032184105,27_1,27,1,lamp,102.491462708,58.1169471741,5.75890325731,0,625.788063424,0.231288909912
UBFC_A1/Eval_On_COHFACE,COHFACE,old,COHFACE_s27_session1_lamp,21,58.0,40.0,large_error,58.0,1.0,57.0,0.9951049311928114,59.0,0.8932902043036876,40.0,0.9999999999999996,57.0,0.9471811528407694,49.0,0.9341094328298114,27_1,27,1,lamp,102.491462708,58.1169471741,5.75890325731,0,625.788063424,0.231288909912
UBFC_A1/Eval_On_COHFACE,COHFACE,old,COHFACE_s27_session1_lamp,22,58.0,56.0,correct,58.0,1.0,57.0,0.9771534928383251,59.0,0.9116467610746694,56.0,0.9999999999999997,55.0,0.9795690872221076,57.0,0.9401725942724333,27_1,27,1,lamp,102.491462708,58.1169471741,5.75890325731,0,625.788063424,0.231288909912
UBFC_A1/Eval_On_COHFACE,COHFACE,old,COHFACE_s27_session1_lamp,23,59.0,44.0,large_error,59.0,0.9999999999999999,58.0,0.9793779287271016,60.0,0.9131827523496981,44.0,0.9999999999999998,43.0,0.9537983343857093,45.0,0.9526893708616538,27_1,27,1,lamp,102.491462708,58.1169471741,5.75890325731,0,625.788063424,0.231288909912
UBFC_A1/Eval_On_COHFACE,COHFACE,old,COHFACE_s27_session1_lamp,24,60.0,54.0,large_error,60.0,0.9999999999999999,61.0,0.9547851476384396,59.0,0.9332342122151251,54.0,0.9999999999999997,53.0,0.9960294251785453,55.0,0.9495493225640375,27_1,27,1,lamp,102.491462708,58.1169471741,5.75890325731,0,625.788063424,0.231288909912
UBFC_A1/Eval_On_COHFACE,COHFACE,old,COHFACE_s27_session1_lamp,25,61.0,51.0,large_error,61.0,0.9999999999999999,61.99999999999999,0.9999568871240271,60.0,0.8836939492722876,51.0,0.9999999999999998,50.0,0.986217442703283,52.0,0.9749528589993395,27_1,27,1,lamp,102.491462708,58.1169471741,5.75890325731,0,625.788063424,0.231288909912
UBFC_A1/Eval_On_COHFACE,COHFACE,old,COHFACE_s27_session1_lamp,26,63.0,53.0,large_error,63.0,0.9999999999999999,61.99999999999999,0.9814862456797219,64.0,0.8966983996663758,53.0,0.9999999999999998,52.0,0.9942801241735638,54.0,0.9118815021749939,27_1,27,1,lamp,102.491462708,58.1169471741,5.75890325731,0,625.788063424,0.231288909912
UBFC_A1/Eval_On_COHFACE,COHFACE,old,COHFACE_s27_session1_lamp,27,63.0,82.0,super_harmonic_1p5x,63.0,1.0,64.0,0.9988956268577892,65.0,0.8810141891567267,82.0,0.9999999999999996,83.0,0.9592527279908115,81.0,0.954681903907077,27_1,27,1,lamp,102.491462708,58.1169471741,5.75890325731,0,625.788063424,0.231288909912
UBFC_A1/Eval_On_COHFACE,COHFACE,old,COHFACE_s27_session1_lamp,28,64.0,68.0,large_error,64.0,1.0,65.0,0.9463356902181073,63.0,0.9355998197285216,68.0,0.9999999999999987,86.0,0.9548258316401652,85.0,0.9310493640310435,27_1,27,1,lamp,102.491462708,58.1169471741,5.75890325731,0,625.788063424,0.231288909912
UBFC_A1/Eval_On_COHFACE,COHFACE,old,COHFACE_s27_session1_lamp,29,64.0,40.0,large_error,64.0,1.0,63.0,0.996837164501078,65.0,0.8936027977125375,40.0,0.9999999999999994,60.0,0.9422799466405622,41.0,0.9394799194897341,27_1,27,1,lamp,102.491462708,58.1169471741,5.75890325731,0,625.788063424,0.231288909912
UBFC_A1/Eval_On_COHFACE,COHFACE,old,COHFACE_s27_session1_lamp,30,61.99999999999999,61.0,correct,61.99999999999999,1.0,63.0,0.9557879139009267,61.0,0.9359146486847355,61.0,0.9999999999999996,60.0,0.9824464511580377,61.99999999999999,0.9064253691332748,27_1,27,1,lamp,102.491462708,58.1169471741,5.75890325731,0,625.788063424,0.231288909912
UBFC_A1/Eval_On_COHFACE,COHFACE,old,COHFACE_s27_session1_lamp,31,61.0,58.0,correct,61.0,1.0,60.0,0.9661043337750168,61.99999999999999,0.9194313232401368,58.0,0.9999999999999994,59.0,0.9588384505331554,57.0,0.957063741246906,27_1,27,1,lamp,102.491462708,58.1169471741,5.75890325731,0,625.788063424,0.231288909912
UBFC_A1/Eval_On_COHFACE,COHFACE,old,COHFACE_s27_session1_lamp,32,60.0,60.0,correct,60.0,1.0,59.0,0.9673140905418227,61.0,0.9166528245097034,60.0,0.9999999999999999,59.0,0.959981863680114,61.0,0.9096063667122775,27_1,27,1,lamp,102.491462708,58.1169471741,5.75890325731,0,625.788063424,0.231288909912
UBFC_A1/Eval_On_COHFACE,COHFACE,old,COHFACE_s27_session1_lamp,33,59.0,60.0,correct,59.0,1.0,60.0,0.9761871920323123,58.0,0.9125517188283067,60.0,0.9999999999999997,59.0,0.9740535364464445,61.0,0.9355129689184889,27_1,27,1,lamp,102.491462708,58.1169471741,5.75890325731,0,625.788063424,0.231288909912
UBFC_A1/Eval_On_COHFACE,COHFACE,old,COHFACE_s27_session1_lamp,34,59.0,59.0,correct,59.0,0.9999999999999999,60.0,0.9926030052982033,58.0,0.907059900817773,59.0,0.9999999999999998,58.0,0.9941539937392324,60.0,0.8988226579980646,27_1,27,1,lamp,102.491462708,58.1169471741,5.75890325731,0,625.788063424,0.231288909912
UBFC_A1/Eval_On_COHFACE,COHFACE,old,COHFACE_s27_session1_lamp,35,60.0,59.0,correct,60.0,0.9999999999999999,61.0,0.9783069713790572,59.0,0.9185606040733323,59.0,0.9999999999999999,60.0,0.9530143850063499,58.0,0.9179688586806771,27_1,27,1,lamp,102.491462708,58.1169471741,5.75890325731,0,625.788063424,0.231288909912
UBFC_A1/Eval_On_COHFACE,COHFACE,old,COHFACE_s27_session1_lamp,36,61.99999999999999,60.0,correct,61.99999999999999,0.9999999999999999,61.0,0.9576833274450265,63.0,0.9367244080181952,60.0,0.9999999999999998,61.0,0.9764166094609988,81.0,0.9730702373616545,27_1,27,1,lamp,102.491462708,58.1169471741,5.75890325731,0,625.788063424,0.231288909912
UBFC_A1/Eval_On_COHFACE,COHFACE,old,COHFACE_s27_session1_lamp,37,64.0,63.0,correct,64.0,0.9999999999999999,65.0,0.9502694578554889,63.0,0.9413655844215179,63.0,0.9999999999999998,61.99999999999999,0.972348937211619,64.0,0.9581271116562775,27_1,27,1,lamp,102.491462708,58.1169471741,5.75890325731,0,625.788063424,0.231288909912
UBFC_A1/Eval_On_COHFACE,COHFACE,old,COHFACE_s27_session1_lamp,38,65.0,66.0,correct,65.0,0.9999999999999999,66.0,0.9818718234303893,64.0,0.9075078359109113,66.0,0.9999999999999998,65.0,0.9799333476813924,67.0,0.9382773248264157,27_1,27,1,lamp,102.491462708,58.1169471741,5.75890325731,0,625.788063424,0.231288909912
UBFC_A1/Eval_On_COHFACE,COHFACE,old,COHFACE_s27_session1_lamp,39,66.0,66.0,correct,66.0,1.0,65.0,0.9909769930031569,67.0,0.9085440971779012,66.0,0.9999999999999999,67.0,0.9895904165437819,65.0,0.9242309314695693,27_1,27,1,lamp,102.491462708,58.1169471741,5.75890325731,0,625.788063424,0.231288909912
UBFC_A1/Eval_On_COHFACE,COHFACE,old,COHFACE_s27_session1_lamp,40,65.0,67.0,correct,65.0,0.9999999999999999,66.0,0.9667278185323649,64.0,0.9378245233686817,67.0,0.9999999999999999,68.0,0.9928424960139742,66.0,0.9025308241284328,27_1,27,1,lamp,102.491462708,58.1169471741,5.75890325731,0,625.788063424,0.231288909912
UBFC_A1/Eval_On_COHFACE,COHFACE,old,COHFACE_s27_session1_lamp,41,65.0,68.0,correct,65.0,0.9999999999999999,64.0,0.9974484460945412,66.0,0.9085976649093793,68.0,0.9999999999999999,69.0,0.9450476194544711,67.0,0.925536221626439,27_1,27,1,lamp,102.491462708,58.1169471741,5.75890325731,0,625.788063424,0.231288909912
UBFC_A1/Eval_On_COHFACE,COHFACE,old,COHFACE_s27_session1_lamp,42,64.0,83.0,super_harmonic_1p5x,64.0,0.9999999999999999,63.0,0.9850624320878352,65.0,0.9210533932260497,83.0,0.9999999999999998,82.0,0.9814988661720392,84.0,0.8535784991938449,27_1,27,1,lamp,102.491462708,58.1169471741,5.75890325731,0,625.788063424,0.231288909912
UBFC_A1/Eval_On_COHFACE,COHFACE,old,COHFACE_s27_session1_lamp,43,63.0,83.0,super_harmonic_1p5x,63.0,0.9999999999999999,61.99999999999999,0.9947983236100959,64.0,0.9181857537734504,83.0,0.9999999999999994,82.0,0.9830352135834183,84.0,0.9160136349806932,27_1,27,1,lamp,102.491462708,58.1169471741,5.75890325731,0,625.788063424,0.231288909912
UBFC_A1/Eval_On_COHFACE,COHFACE,old,COHFACE_s27_session1_lamp,44,61.99999999999999,44.0,large_error,61.99999999999999,0.9999999999999999,63.0,0.9655848301431279,61.0,0.9450156193462754,44.0,0.9999999999999994,43.0,0.975554250643257,45.0,0.960317328436329,27_1,27,1,lamp,102.491462708,58.1169471741,5.75890325731,0,625.788063424,0.231288909912
UBFC_A1/Eval_On_COHFACE,COHFACE,old,COHFACE_s27_session1_lamp,45,63.0,79.0,super_harmonic_1p5x,63.0,0.9999999999999998,61.99999999999999,0.994721505695252,64.0,0.9078426938859451,79.0,0.9999999999999994,80.0,0.9829674299425194,78.0,0.956049380016738,27_1,27,1,lamp,102.491462708,58.1169471741,5.75890325731,0,625.788063424,0.231288909912
UBFC_A1/Eval_On_COHFACE,COHFACE,old,COHFACE_s27_session1_lamp,46,64.0,78.0,large_error,64.0,0.9999999999999999,63.0,0.9968269998959182,65.0,0.8995665967391231,78.0,0.9999999999999997,79.0,0.998730474561504,77.0,0.9285437449263491,27_1,27,1,lamp,102.491462708,58.1169471741,5.75890325731,0,625.788063424,0.231288909912
UBFC_A1/Eval_On_COHFACE,COHFACE,old,COHFACE_s27_session1_lamp,47,65.0,53.0,large_error,65.0,0.9999999999999998,64.0,0.9603608686206205,66.0,0.9332849814128822,53.0,0.9999999999999997,52.0,0.9914134173198289,54.0,0.8761681455766873,27_1,27,1,lamp,102.491462708,58.1169471741,5.75890325731,0,625.788063424,0.231288909912
UBFC_A1/Eval_On_COHFACE,COHFACE,old,COHFACE_s27_session1_lamp,48,66.0,77.0,large_error,66.0,0.9999999999999998,65.0,0.9935051416793853,67.0,0.8891047620101953,77.0,0.9999999999999998,78.0,0.9467352452822274,76.0,0.9403534645156124,27_1,27,1,lamp,102.491462708,58.1169471741,5.75890325731,0,625.788063424,0.231288909912
UBFC_A1/Eval_On_COHFACE,COHFACE,old,COHFACE_s27_session1_lamp,49,66.0,78.0,large_error,66.0,0.9999999999999998,67.0,0.9632126650441329,65.0,0.9050664735149596,78.0,0.9999999999999996,77.0,0.9999316376689042,79.0,0.9191279201902305,27_1,27,1,lamp,102.491462708,58.1169471741,5.75890325731,0,625.788063424,0.231288909912
UBFC_A1/Eval_On_COHFACE,COHFACE,old,COHFACE_s27_session1_lamp,50,67.0,78.0,large_error,67.0,0.9999999999999998,66.0,0.9737085711551994,68.0,0.8809223957987343,78.0,0.9999999999999997,77.0,0.9943007420760931,42.0,0.971683196962831,27_1,27,1,lamp,102.491462708,58.1169471741,5.75890325731,0,625.788063424,0.231288909912
UBFC_A1/Eval_On_COHFACE,COHFACE,old,COHFACE_s27_session2_natural,0,67.0,81.0,large_error,67.0,0.9999999999999998,68.0,0.9925139150318327,66.0,0.8539987264654545,81.0,0.9999999999999998,80.0,0.9661251515083914,82.0,0.9349217218287406,27_2,27,2,natural,87.8750534058,63.6491088867,13.6208075982,0,624.971008433,0.276551395655
UBFC_A1/Eval_On_COHFACE,COHFACE,old,COHFACE_s27_session2_natural,1,66.0,78.0,large_error,66.0,0.9999999999999996,65.0,0.9654250396698708,67.0,0.9434636824959429,78.0,0.9999999999999996,77.0,0.961558038536067,79.0,0.9485577841487116,27_2,27,2,natural,87.8750534058,63.6491088867,13.6208075982,0,624.971008433,0.276551395655
UBFC_A1/Eval_On_COHFACE,COHFACE,old,COHFACE_s27_session2_natural,2,64.0,63.0,correct,64.0,0.9999999999999997,65.0,0.9816572642839236,63.0,0.9125252482203672,63.0,0.9999999999999993,64.0,0.9771125490006047,85.0,0.9470289590767784,27_2,27,2,natural,87.8750534058,63.6491088867,13.6208075982,0,624.971008433,0.276551395655
UBFC_A1/Eval_On_COHFACE,COHFACE,old,COHFACE_s27_session2_natural,3,64.0,83.0,super_harmonic_1p5x,64.0,0.9999999999999997,63.0,0.9764694398178677,65.0,0.9123679520764745,83.0,0.9999999999999997,82.0,0.9674790957824803,84.0,0.9392008423977751,27_2,27,2,natural,87.8750534058,63.6491088867,13.6208075982,0,624.971008433,0.276551395655
UBFC_A1/Eval_On_COHFACE,COHFACE,old,COHFACE_s27_session2_natural,4,64.0,94.0,super_harmonic_1p5x,64.0,0.9999999999999997,63.0,0.9854769154901589,65.0,0.9038051625868853,94.0,0.9999999999999993,93.0,0.9902106406726828,95.0,0.9311424392459916,27_2,27,2,natural,87.8750534058,63.6491088867,13.6208075982,0,624.971008433,0.276551395655
UBFC_A1/Eval_On_COHFACE,COHFACE,old,COHFACE_s27_session2_natural,5,63.0,97.0,super_harmonic_1p5x,63.0,0.9999999999999997,64.0,0.9597942323014463,61.99999999999999,0.9307859888939127,97.0,0.9999999999999989,96.0,0.9928823245150051,98.0,0.924643942253497,27_2,27,2,natural,87.8750534058,63.6491088867,13.6208075982,0,624.971008433,0.276551395655
UBFC_A1/Eval_On_COHFACE,COHFACE,old,COHFACE_s27_session2_natural,6,63.0,98.0,super_harmonic_1p5x,63.0,0.9999999999999997,61.99999999999999,0.963873103385888,64.0,0.9262868965674492,98.0,0.999999999999999,97.0,0.9801200243603161,99.0,0.9310093669145432,27_2,27,2,natural,87.8750534058,63.6491088867,13.6208075982,0,624.971008433,0.276551395655
UBFC_A1/Eval_On_COHFACE,COHFACE,old,COHFACE_s27_session2_natural,7,63.0,53.0,large_error,63.0,0.9999999999999998,64.0,0.9499528522336228,61.99999999999999,0.9346659814371499,53.0,0.9999999999999989,52.0,0.9714555678254524,54.0,0.9515425543211281,27_2,27,2,natural,87.8750534058,63.6491088867,13.6208075982,0,624.971008433,0.276551395655
UBFC_A1/Eval_On_COHFACE,COHFACE,old,COHFACE_s27_session2_natural,8,64.0,58.0,large_error,64.0,0.9999999999999998,65.0,0.9471809501270841,63.0,0.929720163365595,58.0,0.9999999999999993,57.0,0.9756773063282076,59.0,0.8468176716527672,27_2,27,2,natural,87.8750534058,63.6491088867,13.6208075982,0,624.971008433,0.276551395655
UBFC_A1/Eval_On_COHFACE,COHFACE,old,COHFACE_s27_session2_natural,9,65.0,70.0,large_error,65.0,0.9999999999999998,66.0,0.9389021954887907,64.0,0.9326801483891759,70.0,0.9999999999999996,71.0,0.9465752379417578,69.0,0.9031346944758141,27_2,27,2,natural,87.8750534058,63.6491088867,13.6208075982,0,624.971008433,0.276551395655
UBFC_A1/Eval_On_COHFACE,COHFACE,old,COHFACE_s27_session2_natural,10,66.0,67.0,correct,66.0,0.9999999999999998,65.0,0.9833786379948898,67.0,0.8922909042899423,67.0,0.9999999999999998,66.0,0.9985956852140127,68.0,0.9833416993112872,27_2,27,2,natural,87.8750534058,63.6491088867,13.6208075982,0,624.971008433,0.276551395655
UBFC_A1/Eval_On_COHFACE,COHFACE,old,COHFACE_s27_session2_natural,11,66.0,65.0,correct,66.0,0.9999999999999998,65.0,0.9542794766916084,67.0,0.9266258717967447,65.0,0.9999999999999999,66.0,0.9743037415155196,64.0,0.9559200261735539,27_2,27,2,natural,87.8750534058,63.6491088867,13.6208075982,0,624.971008433,0.276551395655
UBFC_A1/Eval_On_COHFACE,COHFACE,old,COHFACE_s27_session2_natural,12,66.0,65.0,correct,66.0,0.9999999999999998,67.0,0.9477947430812935,65.0,0.9458496828824313,65.0,0.9999999999999998,66.0,0.9877995757230901,64.0,0.9496338660324328,27_2,27,2,natural,87.8750534058,63.6491088867,13.6208075982,0,624.971008433,0.276551395655
UBFC_A1/Eval_On_COHFACE,COHFACE,old,COHFACE_s27_session2_natural,13,66.0,65.0,correct,66.0,0.9999999999999998,67.0,0.9846417430898964,65.0,0.9153750269454154,65.0,0.9999999999999998,64.0,0.9874138411767519,66.0,0.9481047570222072,27_2,27,2,natural,87.8750534058,63.6491088867,13.6208075982,0,624.971008433,0.276551395655
UBFC_A1/Eval_On_COHFACE,COHFACE,old,COHFACE_s27_session2_natural,14,67.0,66.0,correct,67.0,0.9999999999999999,66.0,0.983210140877205,68.0,0.9098914445022651,66.0,0.9999999999999998,65.0,0.9868155229391822,67.0,0.9491017563446841,27_2,27,2,natural,87.8750534058,63.6491088867,13.6208075982,0,624.971008433,0.276551395655
UBFC_A1/Eval_On_COHFACE,COHFACE,old,COHFACE_s27_session2_natural,15,67.0,61.0,large_error,67.0,0.9999999999999999,66.0,0.9566289599885638,68.0,0.9203204021221054,61.0,0.9999999999999999,61.99999999999999,0.9869689733699034,60.0,0.9736464955219135,27_2,27,2,natural,87.8750534058,63.6491088867,13.6208075982,0,624.971008433,0.276551395655
UBFC_A1/Eval_On_COHFACE,COHFACE,old,COHFACE_s27_session2_natural,16,67.0,60.0,large_error,67.0,0.9999999999999999,66.0,0.9486809945919867,68.0,0.9263351871200975,60.0,0.9999999999999998,59.0,0.9975061085332718,61.0,0.9511407914636844,27_2,27,2,natural,87.8750534058,63.6491088867,13.6208075982,0,624.971008433,0.276551395655
UBFC_A1/Eval_On_COHFACE,COHFACE,old,COHFACE_s27_session2_natural,17,67.0,67.0,correct,67.0,0.9999999999999998,66.0,0.9690954252616388,68.0,0.9139470898446425,67.0,0.9999999999999998,68.0,0.9706131813523717,66.0,0.9548885355417309,27_2,27,2,natural,87.8750534058,63.6491088867,13.6208075982,0,624.971008433,0.276551395655
UBFC_A1/Eval_On_COHFACE,COHFACE,old,COHFACE_s27_session2_natural,18,66.0,41.0,large_error,66.0,0.9999999999999998,67.0,0.9687033753256367,65.0,0.9280552951560037,41.0,0.9999999999999996,42.0,0.9939382002805477,40.0,0.9408672306997237,27_2,27,2,natural,87.8750534058,63.6491088867,13.6208075982,0,624.971008433,0.276551395655
UBFC_A1/Eval_On_COHFACE,COHFACE,old,COHFACE_s27_session2_natural,19,66.0,57.0,large_error,66.0,0.9999999999999998,65.0,0.9732114391142428,67.0,0.9314793030480512,57.0,0.9999999999999992,56.0,0.9603704142796754,58.0,0.9061204454546504,27_2,27,2,natural,87.8750534058,63.6491088867,13.6208075982,0,624.971008433,0.276551395655
UBFC_A1/Eval_On_COHFACE,COHFACE,old,COHFACE_s27_session2_natural,20,66.0,61.99999999999999,large_error,66.0,0.9999999999999999,65.0,0.9610950765921201,67.0,0.9305768262200693,61.99999999999999,0.9999999999999998,63.0,0.994153014825794,61.0,0.867324365540644,27_2,27,2,natural,87.8750534058,63.6491088867,13.6208075982,0,624.971008433,0.276551395655
UBFC_A1/Eval_On_COHFACE,COHFACE,old,COHFACE_s27_session2_natural,21,66.0,64.0,correct,66.0,0.9999999999999999,67.0,0.9799257368072618,65.0,0.9032739905610879,64.0,0.9999999999999993,63.0,0.9362371249453997,65.0,0.9307644528106314,27_2,27,2,natural,87.8750534058,63.6491088867,13.6208075982,0,624.971008433,0.276551395655
UBFC_A1/Eval_On_COHFACE,COHFACE,old,COHFACE_s27_session2_natural,22,67.0,67.0,correct,67.0,0.9999999999999999,68.0,0.9398986185693231,66.0,0.9395511639467982,67.0,0.9999999999999996,66.0,0.9759378353866385,68.0,0.9753754215590521,27_2,27,2,natural,87.8750534058,63.6491088867,13.6208075982,0,624.971008433,0.276551395655
UBFC_A1/Eval_On_COHFACE,COHFACE,old,COHFACE_s27_session2_natural,23,67.0,68.0,correct,67.0,0.9999999999999999,68.0,0.984000153471766,66.0,0.8950863690562133,68.0,0.9999999999999998,67.0,0.9933504970349889,69.0,0.9117040372107207,27_2,27,2,natural,87.8750534058,63.6491088867,13.6208075982,0,624.971008433,0.276551395655
UBFC_A1/Eval_On_COHFACE,COHFACE,old,COHFACE_s27_session2_natural,24,67.0,68.0,correct,67.0,1.0,68.0,0.9660709276155399,66.0,0.918916055804215,68.0,0.9999999999999997,67.0,0.965216338294506,69.0,0.9485454232660281,27_2,27,2,natural,87.8750534058,63.6491088867,13.6208075982,0,624.971008433,0.276551395655
UBFC_A1/Eval_On_COHFACE,COHFACE,old,COHFACE_s27_session2_natural,25,67.0,69.0,correct,67.0,1.0,66.0,0.9817917149941835,68.0,0.9118539857071443,69.0,0.9999999999999996,68.0,0.9862084410244466,70.0,0.9567355228717364,27_2,27,2,natural,87.8750534058,63.6491088867,13.6208075982,0,624.971008433,0.276551395655
UBFC_A1/Eval_On_COHFACE,COHFACE,old,COHFACE_s27_session2_natural,26,66.0,42.0,large_error,66.0,1.0,65.0,0.9829263504991187,67.0,0.9167846837884323,42.0,0.9999999999999996,68.0,0.961419039457538,41.0,0.9600058106657913,27_2,27,2,natural,87.8750534058,63.6491088867,13.6208075982,0,624.971008433,0.276551395655
UBFC_A1/Eval_On_COHFACE,COHFACE,old,COHFACE_s27_session2_natural,27,65.0,80.0,large_error,65.0,1.0,64.0,0.9488387631899915,66.0,0.9431928636255061,80.0,0.9999999999999996,81.0,0.9826887658801198,79.0,0.9355872629881667,27_2,27,2,natural,87.8750534058,63.6491088867,13.6208075982,0,624.971008433,0.276551395655
UBFC_A1/Eval_On_COHFACE,COHFACE,old,COHFACE_s27_session2_natural,28,64.0,82.0,super_harmonic_1p5x,64.0,1.0,65.0,0.9814771336072124,63.0,0.9057917798880669,82.0,0.9999999999999997,81.0,0.9633868761394658,83.0,0.9133782906311436,27_2,27,2,natural,87.8750534058,63.6491088867,13.6208075982,0,624.971008433,0.276551395655
UBFC_A1/Eval_On_COHFACE,COHFACE,old,COHFACE_s27_session2_natural,29,64.0,60.0,large_error,64.0,1.0,63.0,0.9477153390327278,65.0,0.9381340482833913,60.0,0.9999999999999998,61.0,0.9429320225496531,59.0,0.9079836229266833,27_2,27,2,natural,87.8750534058,63.6491088867,13.6208075982,0,624.971008433,0.276551395655
UBFC_A1/Eval_On_COHFACE,COHFACE,old,COHFACE_s27_session2_natural,30,64.0,59.0,large_error,64.0,1.0,65.0,0.9676541184604395,63.0,0.918815162432176,59.0,0.9999999999999998,60.0,0.9818889855318155,58.0,0.904398668900451,27_2,27,2,natural,87.8750534058,63.6491088867,13.6208075982,0,624.971008433,0.276551395655
UBFC_A1/Eval_On_COHFACE,COHFACE,old,COHFACE_s27_session2_natural,31,65.0,59.0,large_error,65.0,1.0,64.0,0.9730465060388291,66.0,0.9101974790654109,59.0,0.9999999999999996,58.0,0.9667833281192005,60.0,0.963542538410015,27_2,27,2,natural,87.8750534058,63.6491088867,13.6208075982,0,624.971008433,0.276551395655
UBFC_A1/Eval_On_COHFACE,COHFACE,old,COHFACE_s27_session2_natural,32,65.0,59.0,large_error,65.0,1.0,66.0,0.992911446549155,64.0,0.8992016363713211,59.0,0.9999999999999998,60.0,0.9926058125689059,58.0,0.8915749010841777,27_2,27,2,natural,87.8750534058,63.6491088867,13.6208075982,0,624.971008433,0.276551395655
UBFC_A1/Eval_On_COHFACE,COHFACE,old,COHFACE_s27_session2_natural,33,67.0,80.0,large_error,67.0,1.0,66.0,0.99388031333167,68.0,0.8972096646106721,80.0,0.9999999999999996,54.0,0.9852567923044091,40.0,0.961815645889714,27_2,27,2,natural,87.8750534058,63.6491088867,13.6208075982,0,624.971008433,0.276551395655
UBFC_A1/Eval_On_COHFACE,COHFACE,old,COHFACE_s27_session2_natural,34,67.0,81.0,large_error,67.0,1.0,68.0,0.9782484559264497,66.0,0.9059289656444366,81.0,0.9999999999999996,80.0,0.9798735678218732,54.0,0.9206907970947562,27_2,27,2,natural,87.8750534058,63.6491088867,13.6208075982,0,624.971008433,0.276551395655
UBFC_A1/Eval_On_COHFACE,COHFACE,old,COHFACE_s27_session2_natural,35,68.0,42.0,large_error,68.0,1.0,69.0,0.971537642573854,67.0,0.9159108771136839,42.0,0.9999999999999997,78.0,0.9890665686975227,77.0,0.9804480302182857,27_2,27,2,natural,87.8750534058,63.6491088867,13.6208075982,0,624.971008433,0.276551395655
UBFC_A1/Eval_On_COHFACE,COHFACE,old,COHFACE_s27_session2_natural,36,68.0,80.0,large_error,68.0,1.0,69.0,0.9900517670815249,67.0,0.8974810847708873,80.0,0.9999999999999997,81.0,0.9780408448524911,79.0,0.9259193783995204,27_2,27,2,natural,87.8750534058,63.6491088867,13.6208075982,0,624.971008433,0.276551395655
UBFC_A1/Eval_On_COHFACE,COHFACE,old,COHFACE_s27_session2_natural,37,67.0,80.0,large_error,67.0,1.0,68.0,0.9968321175038021,66.0,0.8976869885335212,80.0,0.9999999999999996,79.0,0.9862831304909165,81.0,0.968423109980791,27_2,27,2,natural,87.8750534058,63.6491088867,13.6208075982,0,624.971008433,0.276551395655
UBFC_A1/Eval_On_COHFACE,COHFACE,old,COHFACE_s27_session2_natural,38,66.0,79.0,large_error,66.0,1.0,67.0,0.9642515311454879,65.0,0.9384231476957022,79.0,0.9999999999999997,80.0,0.9982272498874689,40.0,0.8778313473899159,27_2,27,2,natural,87.8750534058,63.6491088867,13.6208075982,0,624.971008433,0.276551395655
UBFC_A1/Eval_On_COHFACE,COHFACE,old,COHFACE_s27_session2_natural,39,64.0,66.0,correct,64.0,1.0,65.0,0.9961381372052045,63.0,0.9123112408611755,66.0,0.9999999999999996,67.0,0.970544440475024,65.0,0.9231582460631567,27_2,27,2,natural,87.8750534058,63.6491088867,13.6208075982,0,624.971008433,0.276551395655
UBFC_A1/Eval_On_COHFACE,COHFACE,old,COHFACE_s27_session2_natural,40,63.0,40.0,large_error,63.0,1.0,64.0,0.9698185934971505,61.99999999999999,0.9309480218485968,40.0,0.9999999999999996,66.0,0.9294633783205369,67.0,0.8965591230966162,27_2,27,2,natural,87.8750534058,63.6491088867,13.6208075982,0,624.971008433,0.276551395655
UBFC_A1/Eval_On_COHFACE,COHFACE,old,COHFACE_s27_session2_natural,41,61.99999999999999,60.0,correct,61.99999999999999,1.0,63.0,0.9988107315242165,61.0,0.9040284356374276,60.0,0.9999999999999999,61.0,0.9725946581650032,59.0,0.9294753832315023,27_2,27,2,natural,87.8750534058,63.6491088867,13.6208075982,0,624.971008433,0.276551395655
UBFC_A1/Eval_On_COHFACE,COHFACE,old,COHFACE_s27_session2_natural,42,61.99999999999999,60.0,correct,61.99999999999999,1.0,63.0,0.9602239423622237,61.0,0.9341369808590249,60.0,0.9999999999999999,61.0,0.9868856207602661,59.0,0.9195261115236327,27_2,27,2,natural,87.8750534058,63.6491088867,13.6208075982,0,624.971008433,0.276551395655
UBFC_A1/Eval_On_COHFACE,COHFACE,old,COHFACE_s27_session2_natural,43,63.0,61.99999999999999,correct,63.0,1.0,61.99999999999999,0.9823284058734392,64.0,0.9150506990540833,61.99999999999999,0.9999999999999998,61.0,0.9991508146448129,60.0,0.931673773103435,27_2,27,2,natural,87.8750534058,63.6491088867,13.6208075982,0,624.971008433,0.276551395655
UBFC_A1/Eval_On_COHFACE,COHFACE,old,COHFACE_s27_session2_natural,44,65.0,64.0,correct,65.0,0.9999999999999999,64.0,0.9903085846689592,66.0,0.9070857469204876,64.0,0.9999999999999998,63.0,0.9806503027981583,65.0,0.9645661015387865,27_2,27,2,natural,87.8750534058,63.6491088867,13.6208075982,0,624.971008433,0.276551395655
UBFC_A1/Eval_On_COHFACE,COHFACE,old,COHFACE_s27_session2_natural,45,67.0,65.0,correct,67.0,0.9999999999999999,68.0,0.9966693834547824,66.0,0.9050987170352758,65.0,0.9999999999999998,64.0,0.9581116581301027,66.0,0.929079108628834,27_2,27,2,natural,87.8750534058,63.6491088867,13.6208075982,0,624.971008433,0.276551395655
UBFC_A1/Eval_On_COHFACE,COHFACE,old,COHFACE_s27_session2_natural,46,70.0,65.0,large_error,70.0,0.9999999999999998,69.0,0.9711057047279831,71.0,0.9161227256711213,65.0,0.9999999999999998,66.0,0.9434503386613624,64.0,0.9382815134166774,27_2,27,2,natural,87.8750534058,63.6491088867,13.6208075982,0,624.971008433,0.276551395655
UBFC_A1/Eval_On_COHFACE,COHFACE,old,COHFACE_s27_session2_natural,47,70.0,68.0,correct,70.0,0.9999999999999998,71.0,0.9568041545299537,69.0,0.9276003231666089,68.0,0.9999999999999998,67.0,0.966656733741234,69.0,0.9310890389075241,27_2,27,2,natural,87.8750534058,63.6491088867,13.6208075982,0,624.971008433,0.276551395655
UBFC_A1/Eval_On_COHFACE,COHFACE,old,COHFACE_s27_session2_natural,48,70.0,82.0,large_error,70.0,0.9999999999999998,71.0,0.9845213302389851,69.0,0.9053427448981293,82.0,0.9999999999999999,83.0,0.959711753883117,81.0,0.9250292730906572,27_2,27,2,natural,87.8750534058,63.6491088867,13.6208075982,0,624.971008433,0.276551395655
UBFC_A1/Eval_On_COHFACE,COHFACE,old,COHFACE_s27_session2_natural,49,70.0,120.0,super_harmonic_2x,70.0,0.9999999999999998,71.0,0.9596947294140599,69.0,0.9333048547197247,120.0,0.9999999999999997,121.0,0.9811975090824938,119.0,0.9126825181539647,27_2,27,2,natural,87.8750534058,63.6491088867,13.6208075982,0,624.971008433,0.276551395655
UBFC_A1/Eval_On_COHFACE,COHFACE,old,COHFACE_s27_session2_natural,50,69.0,120.0,super_harmonic_2x,69.0,0.9999999999999999,70.0,0.9892926965286005,68.0,0.9062005309434791,120.0,0.9999999999999998,121.0,0.9696311951251549,119.0,0.9334739257245207,27_2,27,2,natural,87.8750534058,63.6491088867,13.6208075982,0,624.971008433,0.276551395655
UBFC_A1/Eval_On_COHFACE,COHFACE,old,COHFACE_s27_session3_natural,0,67.0,57.0,large_error,67.0,0.9999999999999999,66.0,0.9794924173895199,68.0,0.8773478582821412,57.0,0.9999999999999989,58.0,0.9862303177428106,56.0,0.9561833621192373,27_3,27,3,natural,100.965942383,68.483505249,10.764804087,0.110752142749,719.651128247,0.318922162056
UBFC_A1/Eval_On_COHFACE,COHFACE,old,COHFACE_s27_session3_natural,1,66.0,56.0,large_error,66.0,0.9999999999999997,67.0,0.9755225309736862,65.0,0.9226141542171125,56.0,0.9999999999999993,55.0,0.9951368563747252,57.0,0.9480382989632022,27_3,27,3,natural,100.965942383,68.483505249,10.764804087,0.110752142749,719.651128247,0.318922162056
UBFC_A1/Eval_On_COHFACE,COHFACE,old,COHFACE_s27_session3_natural,2,66.0,60.0,large_error,66.0,0.9999999999999998,65.0,0.9611403074111061,67.0,0.9340525501471739,60.0,0.9999999999999984,59.0,0.9742111148450445,61.0,0.9657007460529222,27_3,27,3,natural,100.965942383,68.483505249,10.764804087,0.110752142749,719.651128247,0.318922162056
UBFC_A1/Eval_On_COHFACE,COHFACE,old,COHFACE_s27_session3_natural,3,66.0,52.0,large_error,66.0,0.9999999999999998,67.0,0.9600551969205351,65.0,0.930322961014359,52.0,0.9999999999999989,53.0,0.9708685443152312,51.0,0.8340837070262875,27_3,27,3,natural,100.965942383,68.483505249,10.764804087,0.110752142749,719.651128247,0.318922162056
UBFC_A1/Eval_On_COHFACE,COHFACE,old,COHFACE_s27_session3_natural,4,68.0,64.0,large_error,68.0,0.9999999999999998,67.0,0.9574874003896805,69.0,0.9330596361893428,64.0,0.9999999999999982,75.0,0.974408271899022,65.0,0.9610321681023754,27_3,27,3,natural,100.965942383,68.483505249,10.764804087,0.110752142749,719.651128247,0.318922162056
UBFC_A1/Eval_On_COHFACE,COHFACE,old,COHFACE_s27_session3_natural,5,69.0,51.0,large_error,69.0,0.9999999999999998,70.0,0.9601730012253573,68.0,0.915100661833058,51.0,0.9999999999999992,52.0,0.968615456136994,50.0,0.8903940016117313,27_3,27,3,natural,100.965942383,68.483505249,10.764804087,0.110752142749,719.651128247,0.318922162056
UBFC_A1/Eval_On_COHFACE,COHFACE,old,COHFACE_s27_session3_natural,6,69.0,81.0,large_error,69.0,0.9999999999999998,70.0,0.9956438748755426,68.0,0.8740577294072538,81.0,0.9999999999999996,82.0,0.9607770821788653,80.0,0.936864565973903,27_3,27,3,natural,100.965942383,68.483505249,10.764804087,0.110752142749,719.651128247,0.318922162056
UBFC_A1/Eval_On_COHFACE,COHFACE,old,COHFACE_s27_session3_natural,7,69.0,80.0,large_error,69.0,0.9999999999999998,70.0,0.9942345075603319,68.0,0.8728586128809267,80.0,0.9999999999999992,44.0,0.9949106298289389,81.0,0.9935025684145657,27_3,27,3,natural,100.965942383,68.483505249,10.764804087,0.110752142749,719.651128247,0.318922162056
UBFC_A1/Eval_On_COHFACE,COHFACE,old,COHFACE_s27_session3_natural,8,69.0,45.0,large_error,69.0,0.9999999999999999,70.0,0.9972985710062457,68.0,0.8684168998427155,45.0,0.9999999999999996,46.0,0.9922117791707404,44.0,0.9353872928297673,27_3,27,3,natural,100.965942383,68.483505249,10.764804087,0.110752142749,719.651128247,0.318922162056
UBFC_A1/Eval_On_COHFACE,COHFACE,old,COHFACE_s27_session3_natural,9,69.0,82.0,large_error,69.0,0.9999999999999999,68.0,0.9590965677139915,70.0,0.9282221004978732,82.0,0.9999999999999994,81.0,0.9577638384805337,83.0,0.9400790630051541,27_3,27,3,natural,100.965942383,68.483505249,10.764804087,0.110752142749,719.651128247,0.318922162056
UBFC_A1/Eval_On_COHFACE,COHFACE,old,COHFACE_s27_session3_natural,10,67.0,121.0,super_harmonic_2x,67.0,0.9999999999999999,68.0,0.9852415589412632,66.0,0.9292340912300862,121.0,0.9999999999999993,120.0,0.9613772625399857,122.0,0.9273717652527501,27_3,27,3,natural,100.965942383,68.483505249,10.764804087,0.110752142749,719.651128247,0.318922162056
UBFC_A1/Eval_On_COHFACE,COHFACE,old,COHFACE_s27_session3_natural,11,66.0,59.0,large_error,66.0,0.9999999999999998,65.0,0.9707429547658747,67.0,0.924798089438966,59.0,0.9999999999999997,60.0,0.9933157115894453,119.0,0.898878425873105,27_3,27,3,natural,100.965942383,68.483505249,10.764804087,0.110752142749,719.651128247,0.318922162056
UBFC_A1/Eval_On_COHFACE,COHFACE,old,COHFACE_s27_session3_natural,12,65.0,120.0,super_harmonic_2x,65.0,0.9999999999999999,66.0,0.9514210478892825,64.0,0.9385387959713493,120.0,0.9999999999999998,119.0,0.986672637108501,121.0,0.8971758518461265,27_3,27,3,natural,100.965942383,68.483505249,10.764804087,0.110752142749,719.651128247,0.318922162056
UBFC_A1/Eval_On_COHFACE,COHFACE,old,COHFACE_s27_session3_natural,13,65.0,120.0,super_harmonic_2x,65.0,0.9999999999999999,64.0,0.9991372248471138,66.0,0.892679958396717,120.0,0.9999999999999997,119.0,0.9770549596884335,121.0,0.9246700883087934,27_3,27,3,natural,100.965942383,68.483505249,10.764804087,0.110752142749,719.651128247,0.318922162056
UBFC_A1/Eval_On_COHFACE,COHFACE,old,COHFACE_s27_session3_natural,14,65.0,120.0,super_harmonic_2x,65.0,0.9999999999999999,64.0,0.9821029646252857,66.0,0.9162459324806976,120.0,0.9999999999999998,119.0,0.9606896968491342,121.0,0.9456107881481841,27_3,27,3,natural,100.965942383,68.483505249,10.764804087,0.110752142749,719.651128247,0.318922162056
UBFC_A1/Eval_On_COHFACE,COHFACE,old,COHFACE_s27_session3_natural,15,65.0,119.0,super_harmonic_2x,65.0,0.9999999999999999,66.0,0.9751684745767248,64.0,0.9136866094909164,119.0,0.9999999999999993,120.0,0.9361166062911801,118.0,0.9306578262286865,27_3,27,3,natural,100.965942383,68.483505249,10.764804087,0.110752142749,719.651128247,0.318922162056
UBFC_A1/Eval_On_COHFACE,COHFACE,old,COHFACE_s27_session3_natural,16,65.0,80.0,large_error,65.0,0.9999999999999999,66.0,0.9996296430012802,64.0,0.8846417874174173,80.0,0.9999999999999994,53.0,0.9855211307713619,79.0,0.9645937590757154,27_3,27,3,natural,100.965942383,68.483505249,10.764804087,0.110752142749,719.651128247,0.318922162056
UBFC_A1/Eval_On_COHFACE,COHFACE,old,COHFACE_s27_session3_natural,17,66.0,65.0,correct,66.0,0.9999999999999999,65.0,0.967399323761725,67.0,0.9140201720554854,65.0,0.9999999999999997,66.0,0.9615008226100419,64.0,0.9329633259824878,27_3,27,3,natural,100.965942383,68.483505249,10.764804087,0.110752142749,719.651128247,0.318922162056
UBFC_A1/Eval_On_COHFACE,COHFACE,old,COHFACE_s27_session3_natural,18,66.0,64.0,correct,66.0,0.9999999999999999,67.0,0.9599457662933538,65.0,0.9277869592618188,64.0,0.9999999999999997,65.0,0.9695944069727268,63.0,0.9325448822587973,27_3,27,3,natural,100.965942383,68.483505249,10.764804087,0.110752142749,719.651128247,0.318922162056
UBFC_A1/Eval_On_COHFACE,COHFACE,old,COHFACE_s27_session3_natural,19,67.0,65.0,correct,67.0,0.9999999999999999,66.0,0.9781181978454727,68.0,0.9140140039810382,65.0,0.9999999999999998,64.0,0.9930930905029208,66.0,0.9071110024033272,27_3,27,3,natural,100.965942383,68.483505249,10.764804087,0.110752142749,719.651128247,0.318922162056
UBFC_A1/Eval_On_COHFACE,COHFACE,old,COHFACE_s27_session3_natural,20,67.0,66.0,correct,67.0,1.0,68.0,0.9449095253669986,66.0,0.9430466383305875,66.0,0.9999999999999998,65.0,0.9845995779720959,67.0,0.9310550529676953,27_3,27,3,natural,100.965942383,68.483505249,10.764804087,0.110752142749,719.651128247,0.318922162056
UBFC_A1/Eval_On_COHFACE,COHFACE,old,COHFACE_s27_session3_natural,21,67.0,61.99999999999999,large_error,67.0,1.0,68.0,0.9757786055253445,66.0,0.9158062571574039,61.99999999999999,0.9999999999999998,63.0,0.9823094202956358,61.0,0.955357554612021,27_3,27,3,natural,100.965942383,68.483505249,10.764804087,0.110752142749,719.651128247,0.318922162056
UBFC_A1/Eval_On_COHFACE,COHFACE,old,COHFACE_s27_session3_natural,22,68.0,41.0,large_error,68.0,1.0,67.0,0.9787692592978261,69.0,0.9102134680861446,41.0,0.9999999999999997,42.0,0.9647652440080157,61.99999999999999,0.9421886278201044,27_3,27,3,natural,100.965942383,68.483505249,10.764804087,0.110752142749,719.651128247,0.318922162056
UBFC_A1/Eval_On_COHFACE,COHFACE,old,COHFACE_s27_session3_natural,23,68.0,45.0,large_error,68.0,1.0,69.0,0.9724482695987353,67.0,0.917784439681686,45.0,0.9999999999999998,46.0,0.966094739626913,44.0,0.9543526166428252,27_3,27,3,natural,100.965942383,68.483505249,10.764804087,0.110752142749,719.651128247,0.318922162056
UBFC_A1/Eval_On_COHFACE,COHFACE,old,COHFACE_s27_session3_natural,24,68.0,45.0,large_error,68.0,1.0,69.0,0.9865663320006205,67.0,0.9051448647122065,45.0,0.9999999999999998,46.0,0.9620862580567439,44.0,0.9607172074204345,27_3,27,3,natural,100.965942383,68.483505249,10.764804087,0.110752142749,719.651128247,0.318922162056
UBFC_A1/Eval_On_COHFACE,COHFACE,old,COHFACE_s27_session3_natural,25,68.0,81.0,large_error,68.0,1.0,69.0,0.9659148475893293,67.0,0.9263674269645874,81.0,0.9999999999999996,82.0,0.9618190071761313,80.0,0.9432997024629536,27_3,27,3,natural,100.965942383,68.483505249,10.764804087,0.110752142749,719.651128247,0.318922162056
UBFC_A1/Eval_On_COHFACE,COHFACE,old,COHFACE_s27_session3_natural,26,68.0,120.0,super_harmonic_2x,68.0,1.0,67.0,0.9664261624175107,69.0,0.9226099633401701,120.0,0.9999999999999998,119.0,0.9760205666439039,121.0,0.9171591538437758,27_3,27,3,natural,100.965942383,68.483505249,10.764804087,0.110752142749,719.651128247,0.318922162056
UBFC_A1/Eval_On_COHFACE,COHFACE,old,COHFACE_s27_session3_natural,27,67.0,80.0,large_error,67.0,1.0,68.0,0.9824592179418042,66.0,0.905556891030628,80.0,0.9999999999999996,81.0,0.9742592054928971,79.0,0.8847739201855513,27_3,27,3,natural,100.965942383,68.483505249,10.764804087,0.110752142749,719.651128247,0.318922162056
UBFC_A1/Eval_On_COHFACE,COHFACE,old,COHFACE_s27_session3_natural,28,67.0,120.0,super_harmonic_2x,67.0,1.0,68.0,0.9782981907551543,66.0,0.9166016804194301,120.0,0.9999999999999996,119.0,0.9657951152885201,121.0,0.9156214015728973,27_3,27,3,natural,100.965942383,68.483505249,10.764804087,0.110752142749,719.651128247,0.318922162056
UBFC_A1/Eval_On_COHFACE,COHFACE,old,COHFACE_s27_session3_natural,29,68.0,67.0,correct,68.0,1.0,69.0,0.998394097373368,67.0,0.8892074934527012,67.0,0.9999999999999997,68.0,0.9989057761099174,66.0,0.8840097527957115,27_3,27,3,natural,100.965942383,68.483505249,10.764804087,0.110752142749,719.651128247,0.318922162056
UBFC_A1/Eval_On_COHFACE,COHFACE,old,COHFACE_s27_session3_natural,30,69.0,79.0,large_error,69.0,1.0,70.0,0.9604671855537072,68.0,0.9166733425779646,79.0,0.9999999999999996,40.0,0.9899426476954254,78.0,0.9751561776513844,27_3,27,3,natural,100.965942383,68.483505249,10.764804087,0.110752142749,719.651128247,0.318922162056
UBFC_A1/Eval_On_COHFACE,COHFACE,old,COHFACE_s27_session3_natural,31,70.0,75.0,large_error,70.0,1.0,69.0,0.981373575944413,71.0,0.9018122944736444,75.0,0.9999999999999998,74.0,0.97675790322907,76.0,0.9616453881893832,27_3,27,3,natural,100.965942383,68.483505249,10.764804087,0.110752142749,719.651128247,0.318922162056
UBFC_A1/Eval_On_COHFACE,COHFACE,old,COHFACE_s27_session3_natural,32,70.0,75.0,large_error,70.0,1.0,71.0,0.9473633447721967,69.0,0.942286084518909,75.0,0.9999999999999998,76.0,0.981518544224393,74.0,0.9355875199455006,27_3,27,3,natural,100.965942383,68.483505249,10.764804087,0.110752142749,719.651128247,0.318922162056
UBFC_A1/Eval_On_COHFACE,COHFACE,old,COHFACE_s27_session3_natural,33,70.0,40.0,sub_harmonic_half,70.0,1.0,69.0,0.9531555562423887,71.0,0.9372447300954725,40.0,0.9999999999999997,41.0,0.9937723514279798,77.0,0.9675545458258585,27_3,27,3,natural,100.965942383,68.483505249,10.764804087,0.110752142749,719.651128247,0.318922162056
UBFC_A1/Eval_On_COHFACE,COHFACE,old,COHFACE_s27_session3_natural,34,69.0,40.0,sub_harmonic_half,69.0,1.0,70.0,0.9567167551975839,68.0,0.9383669362895054,40.0,0.9999999999999997,41.0,0.990501480066285,42.0,0.908979589537799,27_3,27,3,natural,100.965942383,68.483505249,10.764804087,0.110752142749,719.651128247,0.318922162056
UBFC_A1/Eval_On_COHFACE,COHFACE,old,COHFACE_s27_session3_natural,35,68.0,69.0,correct,68.0,1.0,67.0,0.9866653852616174,69.0,0.9078098144848011,69.0,0.9999999999999997,68.0,0.9942960655510684,70.0,0.9499749548117097,27_3,27,3,natural,100.965942383,68.483505249,10.764804087,0.110752142749,719.651128247,0.318922162056
UBFC_A1/Eval_On_COHFACE,COHFACE,old,COHFACE_s27_session3_natural,36,67.0,65.0,correct,67.0,1.0,66.0,0.9892549711534975,68.0,0.8958609212136706,65.0,0.9999999999999992,66.0,0.992079477330565,42.0,0.9329094672624503,27_3,27,3,natural,100.965942383,68.483505249,10.764804087,0.110752142749,719.651128247,0.318922162056
UBFC_A1/Eval_On_COHFACE,COHFACE,old,COHFACE_s27_session3_natural,37,66.0,55.0,large_error,66.0,1.0,67.0,0.957976964207088,65.0,0.9326995243882265,55.0,0.9999999999999996,54.0,0.9551532721088848,56.0,0.8977842219014096,27_3,27,3,natural,100.965942383,68.483505249,10.764804087,0.110752142749,719.651128247,0.318922162056
UBFC_A1/Eval_On_COHFACE,COHFACE,old,COHFACE_s27_session3_natural,38,66.0,67.0,correct,66.0,1.0,65.0,0.9572111652985544,67.0,0.9388019420903402,67.0,0.9999999999999997,58.0,0.9988949635000183,68.0,0.9947120944992244,27_3,27,3,natural,100.965942383,68.483505249,10.764804087,0.110752142749,719.651128247,0.318922162056
UBFC_A1/Eval_On_COHFACE,COHFACE,old,COHFACE_s27_session3_natural,39,66.0,69.0,correct,66.0,1.0,65.0,0.9680049961013775,67.0,0.9281865342886678,69.0,0.9999999999999997,59.0,0.9389635676280449,70.0,0.9377975098885026,27_3,27,3,natural,100.965942383,68.483505249,10.764804087,0.110752142749,719.651128247,0.318922162056
UBFC_A1/Eval_On_COHFACE,COHFACE,old,COHFACE_s27_session3_natural,40,66.0,68.0,correct,66.0,1.0,65.0,0.9515511587792105,67.0,0.9424740120187544,68.0,0.9999999999999996,67.0,0.9910640149930372,69.0,0.9707701406858869,27_3,27,3,natural,100.965942383,68.483505249,10.764804087,0.110752142749,719.651128247,0.318922162056
UBFC_A1/Eval_On_COHFACE,COHFACE,old,COHFACE_s27_session3_natural,41,67.0,60.0,large_error,67.0,0.9999999999999999,66.0,0.981533019100685,68.0,0.9118866292653871,60.0,0.9999999999999998,59.0,0.9648681263799056,61.0,0.9543040496773308,27_3,27,3,natural,100.965942383,68.483505249,10.764804087,0.110752142749,719.651128247,0.318922162056
UBFC_A1/Eval_On_COHFACE,COHFACE,old,COHFACE_s27_session3_natural,42,68.0,67.0,correct,68.0,0.9999999999999998,67.0,0.9653762192898592,69.0,0.9232658290088964,67.0,0.9999999999999998,66.0,0.9993826537087223,68.0,0.9200111756108778,27_3,27,3,natural,100.965942383,68.483505249,10.764804087,0.110752142749,719.651128247,0.318922162056
UBFC_A1/Eval_On_COHFACE,COHFACE,old,COHFACE_s27_session3_natural,43,70.0,65.0,large_error,70.0,0.9999999999999999,69.0,0.9861674351689678,71.0,0.901358759708837,65.0,0.9999999999999997,66.0,0.9618367729706626,64.0,0.9566108925296166,27_3,27,3,natural,100.965942383,68.483505249,10.764804087,0.110752142749,719.651128247,0.318922162056
UBFC_A1/Eval_On_COHFACE,COHFACE,old,COHFACE_s27_session3_natural,44,71.0,66.0,large_error,71.0,0.9999999999999998,70.0,0.996707248491714,72.0,0.8809448070224374,66.0,0.9999999999999993,65.0,0.9308029512141784,67.0,0.9065775683300141,27_3,27,3,natural,100.965942383,68.483505249,10.764804087,0.110752142749,719.651128247,0.318922162056
UBFC_A1/Eval_On_COHFACE,COHFACE,old,COHFACE_s27_session3_natural,45,70.0,54.0,large_error,70.0,0.9999999999999998,71.0,0.9680606035110766,69.0,0.9100963202707257,54.0,0.9999999999999998,55.0,0.9494202913672828,53.0,0.9063559388987737,27_3,27,3,natural,100.965942383,68.483505249,10.764804087,0.110752142749,719.651128247,0.318922162056
UBFC_A1/Eval_On_COHFACE,COHFACE,old,COHFACE_s27_session3_natural,46,70.0,53.0,large_error,70.0,0.9999999999999998,69.0,0.9725509541005745,71.0,0.9165054688347594,53.0,0.9999999999999994,54.0,0.9994035826030769,55.0,0.8986545862256475,27_3,27,3,natural,100.965942383,68.483505249,10.764804087,0.110752142749,719.651128247,0.318922162056
UBFC_A1/Eval_On_COHFACE,COHFACE,old,COHFACE_s27_session3_natural,47,69.0,53.0,large_error,69.0,0.9999999999999999,68.0,0.9764922664386929,70.0,0.927092250241081,53.0,0.9999999999999998,52.0,0.9531769935222786,54.0,0.9371536268781687,27_3,27,3,natural,100.965942383,68.483505249,10.764804087,0.110752142749,719.651128247,0.318922162056
UBFC_A1/Eval_On_COHFACE,COHFACE,old,COHFACE_s27_session3_natural,48,68.0,54.0,large_error,68.0,0.9999999999999999,67.0,0.9949848470991486,69.0,0.9167367872831661,54.0,0.9999999999999997,53.0,0.9791450348033011,55.0,0.9361562541685008,27_3,27,3,natural,100.965942383,68.483505249,10.764804087,0.110752142749,719.651128247,0.318922162056
UBFC_A1/Eval_On_COHFACE,COHFACE,old,COHFACE_s27_session3_natural,49,67.0,53.0,large_error,67.0,0.9999999999999998,66.0,0.9889269282098793,68.0,0.9159911246316009,53.0,0.9999999999999994,52.0,0.9849254490454141,54.0,0.9564915402919392,27_3,27,3,natural,100.965942383,68.483505249,10.764804087,0.110752142749,719.651128247,0.318922162056
UBFC_A1/Eval_On_COHFACE,COHFACE,old,COHFACE_s27_session3_natural,50,66.0,56.0,large_error,66.0,0.9999999999999998,67.0,0.9583601982878921,65.0,0.9297928539942292,56.0,0.9999999999999998,55.0,0.9889757485104915,57.0,0.9358983679903303,27_3,27,3,natural,100.965942383,68.483505249,10.764804087,0.110752142749,719.651128247,0.318922162056
UBFC_A1/Eval_On_COHFACE,COHFACE,old,COHFACE_s28_session0_lamp,0,63.0,81.0,super_harmonic_1p5x,63.0,0.9999999999999999,61.99999999999999,0.9370674341622653,64.0,0.8995077465499728,81.0,0.9999999999999998,80.0,0.9495665843332544,82.0,0.9320506336155365,28_0,28,0,lamp,111.971351624,47.0047836304,1.61198901523,0,462.771971084,0.21117413044
UBFC_A1/Eval_On_COHFACE,COHFACE,old,COHFACE_s28_session0_lamp,1,67.0,81.0,large_error,67.0,0.9999999999999998,66.0,0.9489563649888094,68.0,0.9324368536159605,81.0,0.9999999999999997,82.0,0.9619703360646574,80.0,0.9257959833643103,28_0,28,0,lamp,111.971351624,47.0047836304,1.61198901523,0,462.771971084,0.21117413044
UBFC_A1/Eval_On_COHFACE,COHFACE,old,COHFACE_s28_session0_lamp,2,67.0,52.0,large_error,67.0,0.9999999999999998,68.0,0.968634295545909,66.0,0.9126675288719491,52.0,0.9999999999999998,51.0,0.9781894514250276,53.0,0.9365067324077014,28_0,28,0,lamp,111.971351624,47.0047836304,1.61198901523,0,462.771971084,0.21117413044
UBFC_A1/Eval_On_COHFACE,COHFACE,old,COHFACE_s28_session0_lamp,3,67.0,70.0,correct,67.0,0.9999999999999998,68.0,0.9529679443084732,66.0,0.9337021834293582,70.0,0.9999999999999996,69.0,0.9803845423207926,71.0,0.9778986380096172,28_0,28,0,lamp,111.971351624,47.0047836304,1.61198901523,0,462.771971084,0.21117413044
UBFC_A1/Eval_On_COHFACE,COHFACE,old,COHFACE_s28_session0_lamp,4,67.0,79.0,large_error,67.0,0.9999999999999998,66.0,0.9784289651313841,68.0,0.9135469729920523,79.0,0.9999999999999994,80.0,0.9966882156420472,78.0,0.9471839307234212,28_0,28,0,lamp,111.971351624,47.0047836304,1.61198901523,0,462.771971084,0.21117413044
UBFC_A1/Eval_On_COHFACE,COHFACE,old,COHFACE_s28_session0_lamp,5,66.0,45.0,large_error,66.0,0.9999999999999998,67.0,0.9711478865943189,65.0,0.9233401478735382,45.0,0.9999999999999994,46.0,0.9499839813978936,44.0,0.9427881926192213,28_0,28,0,lamp,111.971351624,47.0047836304,1.61198901523,0,462.771971084,0.21117413044
UBFC_A1/Eval_On_COHFACE,COHFACE,old,COHFACE_s28_session0_lamp,6,66.0,81.0,large_error,66.0,0.9999999999999998,65.0,0.9561272961798155,67.0,0.931053051490499,81.0,0.9999999999999996,80.0,0.9896832617206777,82.0,0.8360917500188924,28_0,28,0,lamp,111.971351624,47.0047836304,1.61198901523,0,462.771971084,0.21117413044
UBFC_A1/Eval_On_COHFACE,COHFACE,old,COHFACE_s28_session0_lamp,7,66.0,61.0,large_error,66.0,0.9999999999999998,65.0,0.9771869179999766,67.0,0.903153154835172,61.0,0.9999999999999993,61.99999999999999,0.9653821597962179,60.0,0.9106822536424465,28_0,28,0,lamp,111.971351624,47.0047836304,1.61198901523,0,462.771971084,0.21117413044
UBFC_A1/Eval_On_COHFACE,COHFACE,old,COHFACE_s28_session0_lamp,8,66.0,43.0,large_error,66.0,0.9999999999999998,65.0,0.9434720222392888,67.0,0.9407482417230631,43.0,0.9999999999999994,66.0,0.9838418747231044,42.0,0.9493512783471538,28_0,28,0,lamp,111.971351624,47.0047836304,1.61198901523,0,462.771971084,0.21117413044
UBFC_A1/Eval_On_COHFACE,COHFACE,old,COHFACE_s28_session0_lamp,9,67.0,119.0,super_harmonic_2x,67.0,0.9999999999999998,66.0,0.9696437675754106,68.0,0.9138641443576392,119.0,0.9999999999999993,61.0,0.9947741410079918,60.0,0.9642705850605537,28_0,28,0,lamp,111.971351624,47.0047836304,1.61198901523,0,462.771971084,0.21117413044
UBFC_A1/Eval_On_COHFACE,COHFACE,old,COHFACE_s28_session0_lamp,10,67.0,61.0,large_error,67.0,0.9999999999999998,68.0,0.9763192229713719,66.0,0.9029328193771776,61.0,0.9999999999999993,60.0,0.9921537619880262,61.99999999999999,0.9507317633589366,28_0,28,0,lamp,111.971351624,47.0047836304,1.61198901523,0,462.771971084,0.21117413044
UBFC_A1/Eval_On_COHFACE,COHFACE,old,COHFACE_s28_session0_lamp,11,67.0,67.0,correct,67.0,0.9999999999999998,68.0,0.9660527934321272,66.0,0.9128134216256887,67.0,0.9999999999999991,66.0,0.9956695197858035,68.0,0.9282680613081741,28_0,28,0,lamp,111.971351624,47.0047836304,1.61198901523,0,462.771971084,0.21117413044
UBFC_A1/Eval_On_COHFACE,COHFACE,old,COHFACE_s28_session0_lamp,12,67.0,40.0,large_error,67.0,0.9999999999999998,66.0,0.9909593738723275,68.0,0.8935197381811395,40.0,0.9999999999999993,79.0,0.9532594746406305,78.0,0.8872789929754318,28_0,28,0,lamp,111.971351624,47.0047836304,1.61198901523,0,462.771971084,0.21117413044
UBFC_A1/Eval_On_COHFACE,COHFACE,old,COHFACE_s28_session0_lamp,13,66.0,41.0,large_error,66.0,0.9999999999999998,67.0,0.948925583118321,65.0,0.936236380812171,41.0,0.9999999999999993,42.0,0.9616580317805382,79.0,0.9422874060878189,28_0,28,0,lamp,111.971351624,47.0047836304,1.61198901523,0,462.771971084,0.21117413044
UBFC_A1/Eval_On_COHFACE,COHFACE,old,COHFACE_s28_session0_lamp,14,66.0,96.0,super_harmonic_1p5x,66.0,0.9999999999999998,65.0,0.9876461994400658,67.0,0.9023254935651672,96.0,0.9999999999999984,97.0,0.9567541000610015,95.0,0.9449657196326059,28_0,28,0,lamp,111.971351624,47.0047836304,1.61198901523,0,462.771971084,0.21117413044
UBFC_A1/Eval_On_COHFACE,COHFACE,old,COHFACE_s28_session0_lamp,15,65.0,63.0,correct,65.0,0.9999999999999998,66.0,0.9630951736075081,64.0,0.9299162904796575,63.0,0.9999999999999988,64.0,0.957248632635063,40.0,0.9312601436977798,28_0,28,0,lamp,111.971351624,47.0047836304,1.61198901523,0,462.771971084,0.21117413044
UBFC_A1/Eval_On_COHFACE,COHFACE,old,COHFACE_s28_session0_lamp,16,65.0,80.0,large_error,65.0,0.9999999999999998,66.0,0.9607950736087678,64.0,0.9293341741298016,80.0,0.9999999999999992,81.0,0.9502612239921261,79.0,0.9448303828752431,28_0,28,0,lamp,111.971351624,47.0047836304,1.61198901523,0,462.771971084,0.21117413044
UBFC_A1/Eval_On_COHFACE,COHFACE,old,COHFACE_s28_session0_lamp,17,65.0,42.0,large_error,65.0,0.9999999999999998,66.0,0.9829184599787083,64.0,0.9051569222697371,42.0,0.9999999999999993,41.0,0.9298497709161089,43.0,0.9240991914907081,28_0,28,0,lamp,111.971351624,47.0047836304,1.61198901523,0,462.771971084,0.21117413044
UBFC_A1/Eval_On_COHFACE,COHFACE,old,COHFACE_s28_session0_lamp,18,66.0,80.0,large_error,66.0,0.9999999999999998,65.0,0.9757390313851367,67.0,0.9129237179194832,80.0,0.9999999999999996,40.0,0.9591667553527315,81.0,0.950507576336877,28_0,28,0,lamp,111.971351624,47.0047836304,1.61198901523,0,462.771971084,0.21117413044
UBFC_A1/Eval_On_COHFACE,COHFACE,old,COHFACE_s28_session0_lamp,19,66.0,81.0,large_error,66.0,0.9999999999999998,65.0,0.9557371694862761,67.0,0.9346840034419553,81.0,0.9999999999999996,80.0,0.9608591404433718,82.0,0.9195221184239435,28_0,28,0,lamp,111.971351624,47.0047836304,1.61198901523,0,462.771971084,0.21117413044
UBFC_A1/Eval_On_COHFACE,COHFACE,old,COHFACE_s28_session0_lamp,20,66.0,42.0,large_error,66.0,0.9999999999999998,65.0,0.9916378052236321,67.0,0.9004161932335928,42.0,0.9999999999999998,43.0,0.9573311448287165,77.0,0.9269229933110821,28_0,28,0,lamp,111.971351624,47.0047836304,1.61198901523,0,462.771971084,0.21117413044
UBFC_A1/Eval_On_COHFACE,COHFACE,old,COHFACE_s28_session0_lamp,21,65.0,42.0,large_error,65.0,0.9999999999999998,66.0,0.9652530529014505,64.0,0.9190124368223724,42.0,0.9999999999999998,43.0,0.9822092126940056,41.0,0.953386812145284,28_0,28,0,lamp,111.971351624,47.0047836304,1.61198901523,0,462.771971084,0.21117413044
UBFC_A1/Eval_On_COHFACE,COHFACE,old,COHFACE_s28_session0_lamp,22,65.0,79.0,large_error,65.0,0.9999999999999998,64.0,0.9875485070728126,66.0,0.8998555257316163,79.0,0.9999999999999997,80.0,0.979976144537949,42.0,0.9591340466834183,28_0,28,0,lamp,111.971351624,47.0047836304,1.61198901523,0,462.771971084,0.21117413044
UBFC_A1/Eval_On_COHFACE,COHFACE,old,COHFACE_s28_session0_lamp,23,64.0,44.0,large_error,64.0,0.9999999999999998,63.0,0.951790529156245,65.0,0.9410730351355949,44.0,0.9999999999999998,43.0,0.9671419727932615,45.0,0.943692970706756,28_0,28,0,lamp,111.971351624,47.0047836304,1.61198901523,0,462.771971084,0.21117413044
UBFC_A1/Eval_On_COHFACE,COHFACE,old,COHFACE_s28_session0_lamp,24,64.0,40.0,large_error,64.0,0.9999999999999999,63.0,0.9491358797075197,65.0,0.9328215951605565,40.0,0.9999999999999997,41.0,0.9798003434754847,42.0,0.8662627782531397,28_0,28,0,lamp,111.971351624,47.0047836304,1.61198901523,0,462.771971084,0.21117413044
UBFC_A1/Eval_On_COHFACE,COHFACE,old,COHFACE_s28_session0_lamp,25,64.0,81.0,super_harmonic_1p5x,64.0,0.9999999999999999,63.0,0.9490295007158239,65.0,0.9252765056111817,81.0,0.9999999999999996,80.0,0.9856322754424108,82.0,0.8967713346925346,28_0,28,0,lamp,111.971351624,47.0047836304,1.61198901523,0,462.771971084,0.21117413044
UBFC_A1/Eval_On_COHFACE,COHFACE,old,COHFACE_s28_session0_lamp,26,64.0,51.0,large_error,64.0,0.9999999999999999,63.0,0.9630965439790656,65.0,0.914226640693629,51.0,0.9999999999999998,50.0,0.9136927296823588,52.0,0.9082979884707313,28_0,28,0,lamp,111.971351624,47.0047836304,1.61198901523,0,462.771971084,0.21117413044
UBFC_A1/Eval_On_COHFACE,COHFACE,old,COHFACE_s28_session0_lamp,27,64.0,120.0,super_harmonic_2x,64.0,0.9999999999999999,63.0,0.963073441483212,65.0,0.9272208940969735,120.0,0.9999999999999997,119.0,0.944462457467465,121.0,0.9313425448391549,28_0,28,0,lamp,111.971351624,47.0047836304,1.61198901523,0,462.771971084,0.21117413044
UBFC_A1/Eval_On_COHFACE,COHFACE,old,COHFACE_s28_session0_lamp,28,64.0,81.0,super_harmonic_1p5x,64.0,0.9999999999999999,63.0,0.9471098367109246,65.0,0.9448622914300105,81.0,0.9999999999999996,80.0,0.9877043827887679,120.0,0.9560328861127683,28_0,28,0,lamp,111.971351624,47.0047836304,1.61198901523,0,462.771971084,0.21117413044
UBFC_A1/Eval_On_COHFACE,COHFACE,old,COHFACE_s28_session0_lamp,29,64.0,120.0,super_harmonic_2x,64.0,0.9999999999999999,65.0,0.9576057141366469,63.0,0.9335909899297583,120.0,0.9999999999999996,119.0,0.9761962348418831,121.0,0.9241279948258664,28_0,28,0,lamp,111.971351624,47.0047836304,1.61198901523,0,462.771971084,0.21117413044
UBFC_A1/Eval_On_COHFACE,COHFACE,old,COHFACE_s28_session0_lamp,30,64.0,80.0,large_error,64.0,0.9999999999999999,63.0,0.9791512794624609,65.0,0.9149059880272331,80.0,0.9999999999999996,81.0,0.9685651132649096,79.0,0.8792393155698229,28_0,28,0,lamp,111.971351624,47.0047836304,1.61198901523,0,462.771971084,0.21117413044
UBFC_A1/Eval_On_COHFACE,COHFACE,old,COHFACE_s28_session0_lamp,31,63.0,81.0,super_harmonic_1p5x,63.0,0.9999999999999999,64.0,0.989854738173396,61.99999999999999,0.9012290316892233,81.0,0.9999999999999998,80.0,0.9609323103492367,82.0,0.9291092284324416,28_0,28,0,lamp,111.971351624,47.0047836304,1.61198901523,0,462.771971084,0.21117413044
UBFC_A1/Eval_On_COHFACE,COHFACE,old,COHFACE_s28_session0_lamp,32,64.0,42.0,large_error,64.0,0.9999999999999999,63.0,0.9626770639583765,65.0,0.9243242960613657,42.0,0.9999999999999997,43.0,0.9786255018602811,120.0,0.9713813950608396,28_0,28,0,lamp,111.971351624,47.0047836304,1.61198901523,0,462.771971084,0.21117413044
UBFC_A1/Eval_On_COHFACE,COHFACE,old,COHFACE_s28_session0_lamp,33,65.0,81.0,large_error,65.0,0.9999999999999999,64.0,0.9892485048707187,66.0,0.9026966066215448,81.0,0.9999999999999998,82.0,0.9495168254469466,80.0,0.9473838683530891,28_0,28,0,lamp,111.971351624,47.0047836304,1.61198901523,0,462.771971084,0.21117413044
UBFC_A1/Eval_On_COHFACE,COHFACE,old,COHFACE_s28_session0_lamp,34,65.0,120.0,super_harmonic_2x,65.0,0.9999999999999999,66.0,0.9619158984753183,64.0,0.9314893633589763,120.0,0.9999999999999997,119.0,0.9629780342520713,121.0,0.9329367299798317,28_0,28,0,lamp,111.971351624,47.0047836304,1.61198901523,0,462.771971084,0.21117413044
UBFC_A1/Eval_On_COHFACE,COHFACE,old,COHFACE_s28_session0_lamp,35,66.0,120.0,super_harmonic_2x,66.0,0.9999999999999999,65.0,0.9953584314223097,67.0,0.888677913226503,120.0,0.9999999999999998,121.0,0.9527871283948928,119.0,0.9376031739657583,28_0,28,0,lamp,111.971351624,47.0047836304,1.61198901523,0,462.771971084,0.21117413044
UBFC_A1/Eval_On_COHFACE,COHFACE,old,COHFACE_s28_session0_lamp,36,66.0,120.0,super_harmonic_2x,66.0,0.9999999999999999,65.0,0.9446755034520505,67.0,0.9338546452939577,120.0,0.9999999999999998,121.0,0.9474022381717349,119.0,0.9406311432390013,28_0,28,0,lamp,111.971351624,47.0047836304,1.61198901523,0,462.771971084,0.21117413044
UBFC_A1/Eval_On_COHFACE,COHFACE,old,COHFACE_s28_session0_lamp,37,66.0,120.0,super_harmonic_2x,66.0,0.9999999999999999,67.0,0.96273065241014,65.0,0.9191395328582649,120.0,0.9999999999999999,121.0,0.9493566544652976,119.0,0.9426227818132339,28_0,28,0,lamp,111.971351624,47.0047836304,1.61198901523,0,462.771971084,0.21117413044
UBFC_A1/Eval_On_COHFACE,COHFACE,old,COHFACE_s28_session0_lamp,38,66.0,120.0,super_harmonic_2x,66.0,0.9999999999999998,67.0,0.9527770247635764,65.0,0.9440040768403442,120.0,0.9999999999999999,119.0,0.9614674423181823,59.0,0.9521270401358405,28_0,28,0,lamp,111.971351624,47.0047836304,1.61198901523,0,462.771971084,0.21117413044
UBFC_A1/Eval_On_COHFACE,COHFACE,old,COHFACE_s28_session0_lamp,39,66.0,120.0,super_harmonic_2x,66.0,0.9999999999999998,67.0,0.9580213368944269,65.0,0.9404227039410947,120.0,0.9999999999999998,121.0,0.9565898276052863,119.0,0.9214199417940406,28_0,28,0,lamp,111.971351624,47.0047836304,1.61198901523,0,462.771971084,0.21117413044
UBFC_A1/Eval_On_COHFACE,COHFACE,old,COHFACE_s28_session0_lamp,40,66.0,120.0,super_harmonic_2x,66.0,0.9999999999999998,67.0,0.9568300885913225,65.0,0.9268719670874833,120.0,0.9999999999999998,119.0,0.9722771265206215,121.0,0.916418643232744,28_0,28,0,lamp,111.971351624,47.0047836304,1.61198901523,0,462.771971084,0.21117413044
UBFC_A1/Eval_On_COHFACE,COHFACE,old,COHFACE_s28_session0_lamp,41,66.0,120.0,super_harmonic_2x,66.0,0.9999999999999998,67.0,0.989409302001347,65.0,0.8883390595396571,120.0,0.9999999999999997,121.0,0.9698652762385441,119.0,0.9268361672502416,28_0,28,0,lamp,111.971351624,47.0047836304,1.61198901523,0,462.771971084,0.21117413044
UBFC_A1/Eval_On_COHFACE,COHFACE,old,COHFACE_s28_session0_lamp,42,66.0,119.0,super_harmonic_2x,66.0,0.9999999999999998,67.0,0.9958589235559036,65.0,0.8843171490706857,119.0,0.9999999999999998,120.0,0.9949642048265254,118.0,0.8968767522798217,28_0,28,0,lamp,111.971351624,47.0047836304,1.61198901523,0,462.771971084,0.21117413044
UBFC_A1/Eval_On_COHFACE,COHFACE,old,COHFACE_s28_session0_lamp,43,66.0,120.0,super_harmonic_2x,66.0,0.9999999999999998,67.0,0.9987374053654502,68.0,0.8879484577080042,120.0,0.9999999999999996,119.0,0.974434573941792,121.0,0.9256615382669003,28_0,28,0,lamp,111.971351624,47.0047836304,1.61198901523,0,462.771971084,0.21117413044
UBFC_A1/Eval_On_COHFACE,COHFACE,old,COHFACE_s28_session0_lamp,44,67.0,120.0,super_harmonic_2x,67.0,0.9999999999999998,66.0,0.9912295298534494,68.0,0.8999183388754535,120.0,0.9999999999999997,119.0,0.9438698690271461,121.0,0.9344689886735844,28_0,28,0,lamp,111.971351624,47.0047836304,1.61198901523,0,462.771971084,0.21117413044
UBFC_A1/Eval_On_COHFACE,COHFACE,old,COHFACE_s28_session0_lamp,45,66.0,120.0,super_harmonic_2x,66.0,0.9999999999999998,67.0,0.9563320502205406,65.0,0.9387975915260988,120.0,0.9999999999999997,119.0,0.9743360605056192,121.0,0.9119124965171779,28_0,28,0,lamp,111.971351624,47.0047836304,1.61198901523,0,462.771971084,0.21117413044
UBFC_A1/Eval_On_COHFACE,COHFACE,old,COHFACE_s28_session0_lamp,46,65.0,120.0,super_harmonic_2x,65.0,0.9999999999999998,66.0,0.9952294641424951,64.0,0.8946460991771705,120.0,0.9999999999999998,121.0,0.9501814181441761,119.0,0.9388713681549843,28_0,28,0,lamp,111.971351624,47.0047836304,1.61198901523,0,462.771971084,0.21117413044
UBFC_A1/Eval_On_COHFACE,COHFACE,old,COHFACE_s28_session0_lamp,47,65.0,120.0,super_harmonic_2x,65.0,0.9999999999999998,66.0,0.9708413597364461,64.0,0.9043682378148682,120.0,0.9999999999999997,121.0,0.9563307804176585,119.0,0.9427709651696079,28_0,28,0,lamp,111.971351624,47.0047836304,1.61198901523,0,462.771971084,0.21117413044
UBFC_A1/Eval_On_COHFACE,COHFACE,old,COHFACE_s28_session0_lamp,48,65.0,80.0,large_error,65.0,0.9999999999999998,64.0,0.9470968354360034,66.0,0.9269776353542996,80.0,0.9999999999999997,40.0,0.9848146566827902,81.0,0.9736798072844614,28_0,28,0,lamp,111.971351624,47.0047836304,1.61198901523,0,462.771971084,0.21117413044
UBFC_A1/Eval_On_COHFACE,COHFACE,old,COHFACE_s28_session0_lamp,49,65.0,81.0,large_error,65.0,0.9999999999999998,64.0,0.9901334150267241,66.0,0.8952246328866013,81.0,0.9999999999999997,80.0,0.9523556014915587,82.0,0.9348187918447626,28_0,28,0,lamp,111.971351624,47.0047836304,1.61198901523,0,462.771971084,0.21117413044
UBFC_A1/Eval_On_COHFACE,COHFACE,old,COHFACE_s28_session0_lamp,50,64.0,82.0,super_harmonic_1p5x,64.0,0.9999999999999998,65.0,0.9692490875089724,63.0,0.9195692426954628,82.0,0.9999999999999994,83.0,0.9592419353255538,81.0,0.9370821925237924,28_0,28,0,lamp,111.971351624,47.0047836304,1.61198901523,0,462.771971084,0.21117413044
UBFC_A1/Eval_On_COHFACE,COHFACE,old,COHFACE_s28_session1_lamp,0,65.0,80.0,large_error,65.0,0.9999999999999999,66.0,0.9923912761147022,64.0,0.8561307153432052,80.0,0.9999999999999994,79.0,0.9837715842108439,49.0,0.9751305213108231,28_1,28,1,lamp,118.102790833,48.1409988403,1.1605284644,0,465.045463487,0.24936658144
UBFC_A1/Eval_On_COHFACE,COHFACE,old,COHFACE_s28_session1_lamp,1,66.0,79.0,large_error,66.0,0.9999999999999998,65.0,0.962959147424185,67.0,0.9253575554944361,79.0,0.9999999999999996,78.0,0.9837939318071233,50.0,0.9620200674633621,28_1,28,1,lamp,118.102790833,48.1409988403,1.1605284644,0,465.045463487,0.24936658144
UBFC_A1/Eval_On_COHFACE,COHFACE,old,COHFACE_s28_session1_lamp,2,65.0,51.0,large_error,65.0,0.9999999999999998,64.0,0.9446369783376393,66.0,0.9441025635260528,51.0,0.9999999999999998,52.0,0.9677538534015115,50.0,0.9278475351906456,28_1,28,1,lamp,118.102790833,48.1409988403,1.1605284644,0,465.045463487,0.24936658144
UBFC_A1/Eval_On_COHFACE,COHFACE,old,COHFACE_s28_session1_lamp,3,65.0,50.0,large_error,65.0,0.9999999999999998,64.0,0.9724040141561272,66.0,0.9202169161949134,50.0,0.9999999999999994,49.0,0.9625418498623558,51.0,0.9621289361200287,28_1,28,1,lamp,118.102790833,48.1409988403,1.1605284644,0,465.045463487,0.24936658144
UBFC_A1/Eval_On_COHFACE,COHFACE,old,COHFACE_s28_session1_lamp,4,64.0,47.0,large_error,64.0,0.9999999999999998,65.0,0.9858009261322438,63.0,0.8992484045508344,47.0,0.9999999999999998,48.0,0.9659423883123214,46.0,0.9516015427242263,28_1,28,1,lamp,118.102790833,48.1409988403,1.1605284644,0,465.045463487,0.24936658144
UBFC_A1/Eval_On_COHFACE,COHFACE,old,COHFACE_s28_session1_lamp,5,65.0,68.0,correct,65.0,0.9999999999999998,66.0,0.9431946775302766,64.0,0.9367138593974037,68.0,0.9999999999999997,67.0,0.9499521504360221,69.0,0.9413728902428423,28_1,28,1,lamp,118.102790833,48.1409988403,1.1605284644,0,465.045463487,0.24936658144
UBFC_A1/Eval_On_COHFACE,COHFACE,old,COHFACE_s28_session1_lamp,6,66.0,81.0,large_error,66.0,0.9999999999999998,65.0,0.9863923279153197,67.0,0.9013799607740409,81.0,0.9999999999999997,82.0,0.9416969160187787,80.0,0.9317439142016264,28_1,28,1,lamp,118.102790833,48.1409988403,1.1605284644,0,465.045463487,0.24936658144
UBFC_A1/Eval_On_COHFACE,COHFACE,old,COHFACE_s28_session1_lamp,7,66.0,82.0,large_error,66.0,0.9999999999999998,65.0,0.9623888545782829,67.0,0.9311208714277575,82.0,0.9999999999999998,83.0,0.9669478169388087,81.0,0.9011146274149873,28_1,28,1,lamp,118.102790833,48.1409988403,1.1605284644,0,465.045463487,0.24936658144
UBFC_A1/Eval_On_COHFACE,COHFACE,old,COHFACE_s28_session1_lamp,8,65.0,76.0,large_error,65.0,0.9999999999999998,66.0,0.9631147315511728,64.0,0.9266323511142538,76.0,0.9999999999999999,77.0,0.9983111225446609,78.0,0.8613246930402539,28_1,28,1,lamp,118.102790833,48.1409988403,1.1605284644,0,465.045463487,0.24936658144
UBFC_A1/Eval_On_COHFACE,COHFACE,old,COHFACE_s28_session1_lamp,9,64.0,80.0,large_error,64.0,0.9999999999999998,65.0,0.9708696993753447,63.0,0.9215876619785381,80.0,0.9999999999999999,79.0,0.9577031906970427,81.0,0.9398425444729017,28_1,28,1,lamp,118.102790833,48.1409988403,1.1605284644,0,465.045463487,0.24936658144
UBFC_A1/Eval_On_COHFACE,COHFACE,old,COHFACE_s28_session1_lamp,10,64.0,80.0,large_error,64.0,0.9999999999999998,63.0,0.9952630491574266,65.0,0.9002897466135492,80.0,0.9999999999999999,81.0,0.9869727253915468,79.0,0.9201521436613217,28_1,28,1,lamp,118.102790833,48.1409988403,1.1605284644,0,465.045463487,0.24936658144
UBFC_A1/Eval_On_COHFACE,COHFACE,old,COHFACE_s28_session1_lamp,11,63.0,77.0,large_error,63.0,0.9999999999999998,64.0,0.999046248666683,61.99999999999999,0.8897800377749243,77.0,0.9999999999999998,78.0,0.9907205142488879,76.0,0.959790105114896,28_1,28,1,lamp,118.102790833,48.1409988403,1.1605284644,0,465.045463487,0.24936658144
UBFC_A1/Eval_On_COHFACE,COHFACE,old,COHFACE_s28_session1_lamp,12,63.0,80.0,super_harmonic_1p5x,63.0,0.9999999999999999,64.0,0.9493871289131589,61.99999999999999,0.9302971498407326,80.0,0.9999999999999998,81.0,0.9844822213244637,79.0,0.9135784180133179,28_1,28,1,lamp,118.102790833,48.1409988403,1.1605284644,0,465.045463487,0.24936658144
UBFC_A1/Eval_On_COHFACE,COHFACE,old,COHFACE_s28_session1_lamp,13,63.0,81.0,super_harmonic_1p5x,63.0,0.9999999999999998,61.99999999999999,0.954028028099457,64.0,0.9230128566523047,81.0,0.9999999999999998,82.0,0.9605616305222194,80.0,0.9392455044454711,28_1,28,1,lamp,118.102790833,48.1409988403,1.1605284644,0,465.045463487,0.24936658144
UBFC_A1/Eval_On_COHFACE,COHFACE,old,COHFACE_s28_session1_lamp,14,63.0,83.0,super_harmonic_1p5x,63.0,0.9999999999999998,64.0,0.9496033367662828,61.99999999999999,0.9245800380605992,83.0,0.9999999999999996,52.0,0.967113289855243,82.0,0.9653583071962558,28_1,28,1,lamp,118.102790833,48.1409988403,1.1605284644,0,465.045463487,0.24936658144
UBFC_A1/Eval_On_COHFACE,COHFACE,old,COHFACE_s28_session1_lamp,15,64.0,82.0,super_harmonic_1p5x,64.0,0.9999999999999998,63.0,0.9581020558400761,65.0,0.9111106676262565,82.0,0.9999999999999998,83.0,0.9409596187953622,81.0,0.9312382895411382,28_1,28,1,lamp,118.102790833,48.1409988403,1.1605284644,0,465.045463487,0.24936658144
UBFC_A1/Eval_On_COHFACE,COHFACE,old,COHFACE_s28_session1_lamp,16,64.0,120.0,super_harmonic_2x,64.0,0.9999999999999998,65.0,0.9817906435652707,63.0,0.8952538408811418,120.0,0.9999999999999996,121.0,0.9970398518893612,81.0,0.9512513127351631,28_1,28,1,lamp,118.102790833,48.1409988403,1.1605284644,0,465.045463487,0.24936658144
UBFC_A1/Eval_On_COHFACE,COHFACE,old,COHFACE_s28_session1_lamp,17,64.0,44.0,large_error,64.0,0.9999999999999998,65.0,0.9595313871080182,63.0,0.9273590348467983,44.0,0.9999999999999998,43.0,0.9514155610832297,45.0,0.9284953519440525,28_1,28,1,lamp,118.102790833,48.1409988403,1.1605284644,0,465.045463487,0.24936658144
UBFC_A1/Eval_On_COHFACE,COHFACE,old,COHFACE_s28_session1_lamp,18,64.0,79.0,large_error,64.0,0.9999999999999998,65.0,0.9836618055383118,63.0,0.9096159530578797,79.0,0.9999999999999998,80.0,0.991300521591081,78.0,0.8920743669718143,28_1,28,1,lamp,118.102790833,48.1409988403,1.1605284644,0,465.045463487,0.24936658144
UBFC_A1/Eval_On_COHFACE,COHFACE,old,COHFACE_s28_session1_lamp,19,65.0,76.0,large_error,65.0,0.9999999999999998,64.0,0.9807794962450346,66.0,0.9132851895090891,76.0,0.9999999999999998,77.0,0.9893558986736475,75.0,0.9698540711517739,28_1,28,1,lamp,118.102790833,48.1409988403,1.1605284644,0,465.045463487,0.24936658144
UBFC_A1/Eval_On_COHFACE,COHFACE,old,COHFACE_s28_session1_lamp,20,65.0,76.0,large_error,65.0,0.9999999999999998,64.0,0.9878805546398359,66.0,0.9070416751067598,76.0,0.9999999999999999,75.0,0.9891625289606993,77.0,0.8928497070930023,28_1,28,1,lamp,118.102790833,48.1409988403,1.1605284644,0,465.045463487,0.24936658144
UBFC_A1/Eval_On_COHFACE,COHFACE,old,COHFACE_s28_session1_lamp,21,64.0,77.0,large_error,64.0,0.9999999999999999,65.0,0.9591056761924756,63.0,0.9299778097534073,77.0,0.9999999999999998,78.0,0.9842534579485367,76.0,0.9285033195480313,28_1,28,1,lamp,118.102790833,48.1409988403,1.1605284644,0,465.045463487,0.24936658144
UBFC_A1/Eval_On_COHFACE,COHFACE,old,COHFACE_s28_session1_lamp,22,64.0,76.0,large_error,64.0,0.9999999999999999,65.0,0.9589040763449463,63.0,0.9264128254008807,76.0,0.9999999999999996,77.0,0.9931920341830677,75.0,0.9629387515716069,28_1,28,1,lamp,118.102790833,48.1409988403,1.1605284644,0,465.045463487,0.24936658144
UBFC_A1/Eval_On_COHFACE,COHFACE,old,COHFACE_s28_session1_lamp,23,64.0,67.0,correct,64.0,0.9999999999999999,65.0,0.9986422656820596,63.0,0.8883340438623273,67.0,0.9999999999999998,68.0,0.9760444195715909,66.0,0.9050020439952463,28_1,28,1,lamp,118.102790833,48.1409988403,1.1605284644,0,465.045463487,0.24936658144
UBFC_A1/Eval_On_COHFACE,COHFACE,old,COHFACE_s28_session1_lamp,24,65.0,79.0,large_error,65.0,0.9999999999999999,64.0,0.9698660106083382,66.0,0.9149574405361741,79.0,0.9999999999999996,80.0,0.989599271364662,78.0,0.9248166316104367,28_1,28,1,lamp,118.102790833,48.1409988403,1.1605284644,0,465.045463487,0.24936658144
UBFC_A1/Eval_On_COHFACE,COHFACE,old,COHFACE_s28_session1_lamp,25,65.0,81.0,large_error,65.0,0.9999999999999999,66.0,0.9589626300583505,64.0,0.9253875685330643,81.0,0.9999999999999997,82.0,0.9928884162624171,42.0,0.944496494577506,28_1,28,1,lamp,118.102790833,48.1409988403,1.1605284644,0,465.045463487,0.24936658144
UBFC_A1/Eval_On_COHFACE,COHFACE,old,COHFACE_s28_session1_lamp,26,66.0,44.0,large_error,66.0,0.9999999999999999,65.0,0.9709194502304053,67.0,0.9108622229031788,44.0,0.9999999999999997,43.0,0.993344342422959,45.0,0.9538895125088652,28_1,28,1,lamp,118.102790833,48.1409988403,1.1605284644,0,465.045463487,0.24936658144
UBFC_A1/Eval_On_COHFACE,COHFACE,old,COHFACE_s28_session1_lamp,27,66.0,40.0,large_error,66.0,0.9999999999999999,67.0,0.9531029131949432,65.0,0.9360932292186955,40.0,0.9999999999999994,41.0,0.7565948799017801,50.0,0.6694350244038109,28_1,28,1,lamp,118.102790833,48.1409988403,1.1605284644,0,465.045463487,0.24936658144
UBFC_A1/Eval_On_COHFACE,COHFACE,old,COHFACE_s28_session1_lamp,28,66.0,91.0,super_harmonic_1p5x,66.0,0.9999999999999999,67.0,0.9768477704768733,65.0,0.9216741150400419,91.0,0.9999999999999994,92.0,0.9582843495743066,90.0,0.936979475675071,28_1,28,1,lamp,118.102790833,48.1409988403,1.1605284644,0,465.045463487,0.24936658144
UBFC_A1/Eval_On_COHFACE,COHFACE,old,COHFACE_s28_session1_lamp,29,66.0,68.0,correct,66.0,0.9999999999999999,67.0,0.962750325329039,65.0,0.9311129615253088,68.0,0.9999999999999998,69.0,0.9989137349147302,67.0,0.8495992477788443,28_1,28,1,lamp,118.102790833,48.1409988403,1.1605284644,0,465.045463487,0.24936658144
UBFC_A1/Eval_On_COHFACE,COHFACE,old,COHFACE_s28_session1_lamp,30,66.0,42.0,large_error,66.0,0.9999999999999999,67.0,0.9566070492176152,65.0,0.9251336425630058,42.0,0.9999999999999994,41.0,0.9796951000569364,43.0,0.9609928842687409,28_1,28,1,lamp,118.102790833,48.1409988403,1.1605284644,0,465.045463487,0.24936658144
UBFC_A1/Eval_On_COHFACE,COHFACE,old,COHFACE_s28_session1_lamp,31,66.0,82.0,large_error,66.0,0.9999999999999999,67.0,0.948908367936136,65.0,0.9310580011296512,82.0,0.9999999999999997,81.0,0.9684076198936453,83.0,0.9544549792721063,28_1,28,1,lamp,118.102790833,48.1409988403,1.1605284644,0,465.045463487,0.24936658144
UBFC_A1/Eval_On_COHFACE,COHFACE,old,COHFACE_s28_session1_lamp,32,66.0,44.0,large_error,66.0,0.9999999999999999,65.0,0.9888135106246383,67.0,0.8973430279374248,44.0,0.9999999999999998,43.0,0.9768310704372987,45.0,0.9287810036457376,28_1,28,1,lamp,118.102790833,48.1409988403,1.1605284644,0,465.045463487,0.24936658144
UBFC_A1/Eval_On_COHFACE,COHFACE,old,COHFACE_s28_session1_lamp,33,66.0,40.0,large_error,66.0,0.9999999999999999,65.0,0.9883618891914999,67.0,0.9019160229639439,40.0,0.9999999999999997,41.0,0.8870712590581235,80.0,0.743664105839146,28_1,28,1,lamp,118.102790833,48.1409988403,1.1605284644,0,465.045463487,0.24936658144
UBFC_A1/Eval_On_COHFACE,COHFACE,old,COHFACE_s28_session1_lamp,34,66.0,80.0,large_error,66.0,0.9999999999999999,65.0,0.9861503522132511,67.0,0.9025798684429874,80.0,0.9999999999999996,79.0,0.9846040666085296,40.0,0.9225362718674799,28_1,28,1,lamp,118.102790833,48.1409988403,1.1605284644,0,465.045463487,0.24936658144
UBFC_A1/Eval_On_COHFACE,COHFACE,old,COHFACE_s28_session1_lamp,35,65.0,52.0,large_error,65.0,0.9999999999999999,66.0,0.9690486965393914,64.0,0.9215275148601428,52.0,0.9999999999999999,51.0,0.9665780045787318,53.0,0.875123943872501,28_1,28,1,lamp,118.102790833,48.1409988403,1.1605284644,0,465.045463487,0.24936658144
UBFC_A1/Eval_On_COHFACE,COHFACE,old,COHFACE_s28_session1_lamp,36,65.0,80.0,large_error,65.0,0.9999999999999999,64.0,0.9507336530300573,66.0,0.9382853944915228,80.0,0.9999999999999997,79.0,0.9626883554843185,81.0,0.9182811054725414,28_1,28,1,lamp,118.102790833,48.1409988403,1.1605284644,0,465.045463487,0.24936658144
UBFC_A1/Eval_On_COHFACE,COHFACE,old,COHFACE_s28_session1_lamp,37,65.0,79.0,large_error,65.0,0.9999999999999999,66.0,0.955952837246048,64.0,0.9267811111300938,79.0,0.9999999999999998,78.0,0.9620382954726518,80.0,0.944718329867228,28_1,28,1,lamp,118.102790833,48.1409988403,1.1605284644,0,465.045463487,0.24936658144
UBFC_A1/Eval_On_COHFACE,COHFACE,old,COHFACE_s28_session1_lamp,38,65.0,45.0,large_error,65.0,0.9999999999999999,66.0,0.9946730774812467,64.0,0.8879194638928054,45.0,0.9999999999999998,44.0,0.9819309598826003,46.0,0.9354213034015957,28_1,28,1,lamp,118.102790833,48.1409988403,1.1605284644,0,465.045463487,0.24936658144
UBFC_A1/Eval_On_COHFACE,COHFACE,old,COHFACE_s28_session1_lamp,39,66.0,81.0,large_error,66.0,0.9999999999999999,65.0,0.9463246873202766,67.0,0.938962999771583,81.0,0.9999999999999998,80.0,0.9470869438361127,82.0,0.9448371042784894,28_1,28,1,lamp,118.102790833,48.1409988403,1.1605284644,0,465.045463487,0.24936658144
UBFC_A1/Eval_On_COHFACE,COHFACE,old,COHFACE_s28_session1_lamp,40,66.0,81.0,large_error,66.0,0.9999999999999999,67.0,0.9964023916020366,65.0,0.8914100165477529,81.0,0.9999999999999998,80.0,0.9758387703909892,82.0,0.9045804096069278,28_1,28,1,lamp,118.102790833,48.1409988403,1.1605284644,0,465.045463487,0.24936658144
UBFC_A1/Eval_On_COHFACE,COHFACE,old,COHFACE_s28_session1_lamp,41,67.0,80.0,large_error,67.0,0.9999999999999999,66.0,0.9441088240787057,68.0,0.9380167694411264,80.0,0.9999999999999998,81.0,0.9910171294627113,51.0,0.887998088669794,28_1,28,1,lamp,118.102790833,48.1409988403,1.1605284644,0,465.045463487,0.24936658144
UBFC_A1/Eval_On_COHFACE,COHFACE,old,COHFACE_s28_session1_lamp,42,67.0,80.0,large_error,67.0,0.9999999999999999,66.0,0.9500668028075506,68.0,0.9383105321705612,80.0,0.9999999999999994,79.0,0.9814661920136,40.0,0.9178232578788768,28_1,28,1,lamp,118.102790833,48.1409988403,1.1605284644,0,465.045463487,0.24936658144
UBFC_A1/Eval_On_COHFACE,COHFACE,old,COHFACE_s28_session1_lamp,43,67.0,76.0,large_error,67.0,0.9999999999999999,66.0,0.9782072457933485,68.0,0.9161858950277552,76.0,0.9999999999999997,77.0,0.9924251248553614,75.0,0.9401298860999969,28_1,28,1,lamp,118.102790833,48.1409988403,1.1605284644,0,465.045463487,0.24936658144
UBFC_A1/Eval_On_COHFACE,COHFACE,old,COHFACE_s28_session1_lamp,44,66.0,75.0,large_error,66.0,0.9999999999999999,67.0,0.9688761571768537,65.0,0.9180492932621698,75.0,0.9999999999999998,76.0,0.9921674018418977,74.0,0.9101805925674681,28_1,28,1,lamp,118.102790833,48.1409988403,1.1605284644,0,465.045463487,0.24936658144
UBFC_A1/Eval_On_COHFACE,COHFACE,old,COHFACE_s28_session1_lamp,45,66.0,79.0,large_error,66.0,0.9999999999999999,65.0,0.9765617103700103,67.0,0.9147703325143631,79.0,0.9999999999999998,78.0,0.978520896141842,80.0,0.8975925599265864,28_1,28,1,lamp,118.102790833,48.1409988403,1.1605284644,0,465.045463487,0.24936658144
UBFC_A1/Eval_On_COHFACE,COHFACE,old,COHFACE_s28_session1_lamp,46,66.0,78.0,large_error,66.0,0.9999999999999999,65.0,0.9989219976466848,67.0,0.8984263175426416,78.0,0.9999999999999997,77.0,0.9715931837560927,79.0,0.9255086008614118,28_1,28,1,lamp,118.102790833,48.1409988403,1.1605284644,0,465.045463487,0.24936658144
UBFC_A1/Eval_On_COHFACE,COHFACE,old,COHFACE_s28_session1_lamp,47,66.0,78.0,large_error,66.0,0.9999999999999999,65.0,0.9649922902615269,67.0,0.9222412838168796,78.0,0.9999999999999999,77.0,0.9684774909222128,79.0,0.9332275543194215,28_1,28,1,lamp,118.102790833,48.1409988403,1.1605284644,0,465.045463487,0.24936658144
UBFC_A1/Eval_On_COHFACE,COHFACE,old,COHFACE_s28_session1_lamp,48,66.0,81.0,large_error,66.0,0.9999999999999998,67.0,0.9773349117662666,65.0,0.9045867627334001,81.0,0.9999999999999998,82.0,0.9582550825525774,80.0,0.9576714363498905,28_1,28,1,lamp,118.102790833,48.1409988403,1.1605284644,0,465.045463487,0.24936658144
UBFC_A1/Eval_On_COHFACE,COHFACE,old,COHFACE_s28_session1_lamp,49,67.0,82.0,large_error,67.0,0.9999999999999998,66.0,0.9531489485953187,68.0,0.9274281204729047,82.0,0.9999999999999998,81.0,0.9921420838535626,83.0,0.9259915378425656,28_1,28,1,lamp,118.102790833,48.1409988403,1.1605284644,0,465.045463487,0.24936658144
UBFC_A1/Eval_On_COHFACE,COHFACE,old,COHFACE_s28_session1_lamp,50,67.0,44.0,large_error,67.0,0.9999999999999998,66.0,0.950684609980028,68.0,0.9338129346085304,44.0,0.9999999999999997,45.0,0.9889305632939217,43.0,0.939437792589307,28_1,28,1,lamp,118.102790833,48.1409988403,1.1605284644,0,465.045463487,0.24936658144
UBFC_A1/Eval_On_COHFACE,COHFACE,old,COHFACE_s28_session2_natural,0,64.0,75.0,large_error,64.0,0.9999999999999999,63.0,0.9208007250925992,65.0,0.9168209855011986,75.0,0.9999999999999999,74.0,0.9672497131497528,76.0,0.9320190425580454,28_2,28,2,natural,108.233253479,58.3954162598,3.54783581149,0,608.116004538,0.273207247257
UBFC_A1/Eval_On_COHFACE,COHFACE,old,COHFACE_s28_session2_natural,1,64.0,55.0,large_error,64.0,0.9999999999999998,63.0,0.9544833492967753,65.0,0.9388515050761159,55.0,0.9999999999999998,75.0,0.9844256665044286,56.0,0.9660508608710708,28_2,28,2,natural,108.233253479,58.3954162598,3.54783581149,0,608.116004538,0.273207247257
UBFC_A1/Eval_On_COHFACE,COHFACE,old,COHFACE_s28_session2_natural,2,63.0,59.0,large_error,63.0,0.9999999999999999,61.99999999999999,0.9468546223147902,64.0,0.9445694959923923,59.0,0.9999999999999999,60.0,0.9653604850019014,58.0,0.9104812115230121,28_2,28,2,natural,108.233253479,58.3954162598,3.54783581149,0,608.116004538,0.273207247257
UBFC_A1/Eval_On_COHFACE,COHFACE,old,COHFACE_s28_session2_natural,3,63.0,58.0,large_error,63.0,0.9999999999999999,64.0,0.9425997901246205,61.99999999999999,0.9407503567544755,58.0,0.9999999999999998,59.0,0.9786624309755879,57.0,0.9237420579339088,28_2,28,2,natural,108.233253479,58.3954162598,3.54783581149,0,608.116004538,0.273207247257
UBFC_A1/Eval_On_COHFACE,COHFACE,old,COHFACE_s28_session2_natural,4,64.0,57.0,large_error,64.0,0.9999999999999999,63.0,0.9659602711210985,65.0,0.9109486880858508,57.0,0.9999999999999997,58.0,0.9876791422965843,56.0,0.9461118834812412,28_2,28,2,natural,108.233253479,58.3954162598,3.54783581149,0,608.116004538,0.273207247257
UBFC_A1/Eval_On_COHFACE,COHFACE,old,COHFACE_s28_session2_natural,5,64.0,60.0,large_error,64.0,0.9999999999999999,65.0,0.9835434726842492,63.0,0.8912885586692777,60.0,0.9999999999999998,59.0,0.989971597765054,61.0,0.9169995781970878,28_2,28,2,natural,108.233253479,58.3954162598,3.54783581149,0,608.116004538,0.273207247257
UBFC_A1/Eval_On_COHFACE,COHFACE,old,COHFACE_s28_session2_natural,6,64.0,40.0,large_error,64.0,0.9999999999999999,65.0,0.999791028956644,66.0,0.884886615067259,40.0,0.9999999999999996,65.0,0.8948416060467184,66.0,0.8543381128661587,28_2,28,2,natural,108.233253479,58.3954162598,3.54783581149,0,608.116004538,0.273207247257
UBFC_A1/Eval_On_COHFACE,COHFACE,old,COHFACE_s28_session2_natural,7,65.0,55.0,large_error,65.0,0.9999999999999999,64.0,0.983406551145505,66.0,0.9037355658237206,55.0,0.9999999999999993,54.0,0.9582582034553052,56.0,0.8783493487276245,28_2,28,2,natural,108.233253479,58.3954162598,3.54783581149,0,608.116004538,0.273207247257
UBFC_A1/Eval_On_COHFACE,COHFACE,old,COHFACE_s28_session2_natural,8,65.0,53.0,large_error,65.0,0.9999999999999999,64.0,0.9704066197887208,66.0,0.9192208303064683,53.0,0.9999999999999996,54.0,0.9668081198952607,52.0,0.8976638050026041,28_2,28,2,natural,108.233253479,58.3954162598,3.54783581149,0,608.116004538,0.273207247257
UBFC_A1/Eval_On_COHFACE,COHFACE,old,COHFACE_s28_session2_natural,9,65.0,40.0,large_error,65.0,0.9999999999999999,64.0,0.9735511173807495,66.0,0.9189921493647338,40.0,0.9999999999999994,41.0,0.8529696183371464,42.0,0.6308621071246931,28_2,28,2,natural,108.233253479,58.3954162598,3.54783581149,0,608.116004538,0.273207247257
UBFC_A1/Eval_On_COHFACE,COHFACE,old,COHFACE_s28_session2_natural,10,64.0,43.0,large_error,64.0,0.9999999999999999,65.0,0.9816758720386282,63.0,0.9068104845570273,43.0,0.999999999999999,42.0,0.9925219422640168,44.0,0.9275798764848616,28_2,28,2,natural,108.233253479,58.3954162598,3.54783581149,0,608.116004538,0.273207247257
UBFC_A1/Eval_On_COHFACE,COHFACE,old,COHFACE_s28_session2_natural,11,64.0,42.0,large_error,64.0,0.9999999999999999,65.0,0.9734586214089918,63.0,0.91288999845917,42.0,0.9999999999999997,43.0,0.9933997286165942,41.0,0.9084951423641601,28_2,28,2,natural,108.233253479,58.3954162598,3.54783581149,0,608.116004538,0.273207247257
UBFC_A1/Eval_On_COHFACE,COHFACE,old,COHFACE_s28_session2_natural,12,65.0,42.0,large_error,65.0,0.9999999999999999,64.0,0.9622465907972085,66.0,0.9316580669978614,42.0,0.9999999999999994,43.0,0.9735956449190961,41.0,0.928942949497634,28_2,28,2,natural,108.233253479,58.3954162598,3.54783581149,0,608.116004538,0.273207247257
UBFC_A1/Eval_On_COHFACE,COHFACE,old,COHFACE_s28_session2_natural,13,66.0,42.0,large_error,66.0,0.9999999999999999,65.0,0.9633122552914806,67.0,0.9214716102219678,42.0,0.9999999999999994,43.0,0.9962945306297418,41.0,0.9136896332164369,28_2,28,2,natural,108.233253479,58.3954162598,3.54783581149,0,608.116004538,0.273207247257
UBFC_A1/Eval_On_COHFACE,COHFACE,old,COHFACE_s28_session2_natural,14,66.0,44.0,large_error,66.0,0.9999999999999999,65.0,0.9475040211604514,67.0,0.9270680181406135,44.0,0.9999999999999999,43.0,0.956235370973871,45.0,0.9338456968207821,28_2,28,2,natural,108.233253479,58.3954162598,3.54783581149,0,608.116004538,0.273207247257
UBFC_A1/Eval_On_COHFACE,COHFACE,old,COHFACE_s28_session2_natural,15,66.0,42.0,large_error,66.0,0.9999999999999999,65.0,0.9790148910988373,67.0,0.8960968149685794,42.0,0.9999999999999998,41.0,0.9835845119462634,43.0,0.9394783004519583,28_2,28,2,natural,108.233253479,58.3954162598,3.54783581149,0,608.116004538,0.273207247257
UBFC_A1/Eval_On_COHFACE,COHFACE,old,COHFACE_s28_session2_natural,16,65.0,43.0,large_error,65.0,0.9999999999999999,66.0,0.989352018447564,64.0,0.8993104787292229,43.0,0.9999999999999999,42.0,0.9661048730661508,44.0,0.9168950062763073,28_2,28,2,natural,108.233253479,58.3954162598,3.54783581149,0,608.116004538,0.273207247257
UBFC_A1/Eval_On_COHFACE,COHFACE,old,COHFACE_s28_session2_natural,17,66.0,42.0,large_error,66.0,0.9999999999999998,65.0,0.9982152276736753,67.0,0.8961613188623029,42.0,0.9999999999999998,43.0,0.9897933893441891,41.0,0.9197842905026823,28_2,28,2,natural,108.233253479,58.3954162598,3.54783581149,0,608.116004538,0.273207247257
UBFC_A1/Eval_On_COHFACE,COHFACE,old,COHFACE_s28_session2_natural,18,66.0,40.0,large_error,66.0,0.9999999999999999,65.0,0.9912123751011956,67.0,0.893226560560272,40.0,0.9999999999999997,89.0,0.7984082379414048,41.0,0.7834384182083313,28_2,28,2,natural,108.233253479,58.3954162598,3.54783581149,0,608.116004538,0.273207247257
UBFC_A1/Eval_On_COHFACE,COHFACE,old,COHFACE_s28_session2_natural,19,65.0,52.0,large_error,65.0,0.9999999999999999,66.0,0.9737710156267492,64.0,0.9121169232738228,52.0,0.9999999999999993,51.0,0.9530053605209992,53.0,0.8996158878463315,28_2,28,2,natural,108.233253479,58.3954162598,3.54783581149,0,608.116004538,0.273207247257
UBFC_A1/Eval_On_COHFACE,COHFACE,old,COHFACE_s28_session2_natural,20,65.0,40.0,large_error,65.0,0.9999999999999999,66.0,0.9791321717677353,64.0,0.9056983400874352,40.0,0.9999999999999994,41.0,0.873112196669082,50.0,0.8137302413460843,28_2,28,2,natural,108.233253479,58.3954162598,3.54783581149,0,608.116004538,0.273207247257
UBFC_A1/Eval_On_COHFACE,COHFACE,old,COHFACE_s28_session2_natural,21,66.0,40.0,large_error,66.0,0.9999999999999999,67.0,0.9637643978295051,65.0,0.926946384732074,40.0,0.9999999999999992,41.0,0.7327847355851741,118.0,0.685923515282062,28_2,28,2,natural,108.233253479,58.3954162598,3.54783581149,0,608.116004538,0.273207247257
UBFC_A1/Eval_On_COHFACE,COHFACE,old,COHFACE_s28_session2_natural,22,68.0,40.0,large_error,68.0,0.9999999999999999,67.0,0.9979656220614614,66.0,0.8906295793565009,40.0,0.9999999999999987,41.0,0.8869980383707711,42.0,0.7349930717576927,28_2,28,2,natural,108.233253479,58.3954162598,3.54783581149,0,608.116004538,0.273207247257
UBFC_A1/Eval_On_COHFACE,COHFACE,old,COHFACE_s28_session2_natural,23,68.0,41.0,large_error,68.0,0.9999999999999999,69.0,0.9441776812071695,67.0,0.9424083427217453,41.0,0.9999999999999997,42.0,0.9646872694973654,40.0,0.9365221259663825,28_2,28,2,natural,108.233253479,58.3954162598,3.54783581149,0,608.116004538,0.273207247257
UBFC_A1/Eval_On_COHFACE,COHFACE,old,COHFACE_s28_session2_natural,24,68.0,40.0,large_error,68.0,0.9999999999999999,67.0,0.9785522898662139,69.0,0.9018929195562474,40.0,0.9999999999999996,41.0,0.8834613660727877,80.0,0.6968623698620191,28_2,28,2,natural,108.233253479,58.3954162598,3.54783581149,0,608.116004538,0.273207247257
UBFC_A1/Eval_On_COHFACE,COHFACE,old,COHFACE_s28_session2_natural,25,68.0,69.0,correct,68.0,0.9999999999999999,67.0,0.9664162800419761,69.0,0.912369145118341,69.0,0.9999999999999997,70.0,0.9410926091492632,68.0,0.9236038872055666,28_2,28,2,natural,108.233253479,58.3954162598,3.54783581149,0,608.116004538,0.273207247257
UBFC_A1/Eval_On_COHFACE,COHFACE,old,COHFACE_s28_session2_natural,26,68.0,75.0,large_error,68.0,0.9999999999999998,69.0,0.9543431035359288,67.0,0.9268868099315404,75.0,0.9999999999999996,74.0,0.9905915033583773,76.0,0.9268795331117448,28_2,28,2,natural,108.233253479,58.3954162598,3.54783581149,0,608.116004538,0.273207247257
UBFC_A1/Eval_On_COHFACE,COHFACE,old,COHFACE_s28_session2_natural,27,68.0,40.0,large_error,68.0,0.9999999999999998,67.0,0.9597526626286523,69.0,0.9239883519502113,40.0,0.9999999999999994,66.0,0.9497257601415937,67.0,0.9472415194049119,28_2,28,2,natural,108.233253479,58.3954162598,3.54783581149,0,608.116004538,0.273207247257
UBFC_A1/Eval_On_COHFACE,COHFACE,old,COHFACE_s28_session2_natural,28,67.0,74.0,large_error,67.0,0.9999999999999998,68.0,0.9614397607920133,66.0,0.9309404122861664,74.0,0.9999999999999994,75.0,0.9927878293041686,73.0,0.9548176189348165,28_2,28,2,natural,108.233253479,58.3954162598,3.54783581149,0,608.116004538,0.273207247257
UBFC_A1/Eval_On_COHFACE,COHFACE,old,COHFACE_s28_session2_natural,29,67.0,69.0,correct,67.0,0.9999999999999998,66.0,0.95051832449198,68.0,0.9365027216186174,69.0,0.9999999999999998,68.0,0.9617105328915257,70.0,0.9110104342474482,28_2,28,2,natural,108.233253479,58.3954162598,3.54783581149,0,608.116004538,0.273207247257
UBFC_A1/Eval_On_COHFACE,COHFACE,old,COHFACE_s28_session2_natural,30,67.0,40.0,large_error,67.0,0.9999999999999998,68.0,0.9611936327797046,66.0,0.9261175173979191,40.0,0.9999999999999994,41.0,0.9000544034448891,70.0,0.7633525639235176,28_2,28,2,natural,108.233253479,58.3954162598,3.54783581149,0,608.116004538,0.273207247257
UBFC_A1/Eval_On_COHFACE,COHFACE,old,COHFACE_s28_session2_natural,31,68.0,69.0,correct,68.0,0.9999999999999998,67.0,0.9826384461581779,69.0,0.9068875449649607,69.0,0.9999999999999997,70.0,0.95422937126106,68.0,0.8965463920061625,28_2,28,2,natural,108.233253479,58.3954162598,3.54783581149,0,608.116004538,0.273207247257
UBFC_A1/Eval_On_COHFACE,COHFACE,old,COHFACE_s28_session2_natural,32,68.0,44.0,large_error,68.0,0.9999999999999999,67.0,0.9592636324492217,69.0,0.9293504325986895,44.0,0.9999999999999998,45.0,0.9544786587021372,43.0,0.9377343842782954,28_2,28,2,natural,108.233253479,58.3954162598,3.54783581149,0,608.116004538,0.273207247257
UBFC_A1/Eval_On_COHFACE,COHFACE,old,COHFACE_s28_session2_natural,33,68.0,40.0,large_error,68.0,0.9999999999999999,67.0,0.9908426444346922,69.0,0.8980579020370659,40.0,0.9999999999999997,41.0,0.8993351110875861,42.0,0.7399283779105428,28_2,28,2,natural,108.233253479,58.3954162598,3.54783581149,0,608.116004538,0.273207247257
UBFC_A1/Eval_On_COHFACE,COHFACE,old,COHFACE_s28_session2_natural,34,67.0,82.0,large_error,67.0,0.9999999999999999,68.0,0.9502053363412593,66.0,0.9379416813248609,82.0,0.9999999999999997,83.0,0.9789670768162378,81.0,0.9063327011468452,28_2,28,2,natural,108.233253479,58.3954162598,3.54783581149,0,608.116004538,0.273207247257
UBFC_A1/Eval_On_COHFACE,COHFACE,old,COHFACE_s28_session2_natural,35,66.0,47.0,large_error,66.0,0.9999999999999998,67.0,0.991136399670847,65.0,0.902592047714394,47.0,0.9999999999999998,48.0,0.9265533222518695,46.0,0.9237002445565106,28_2,28,2,natural,108.233253479,58.3954162598,3.54783581149,0,608.116004538,0.273207247257
UBFC_A1/Eval_On_COHFACE,COHFACE,old,COHFACE_s28_session2_natural,36,66.0,83.0,super_harmonic_1p5x,66.0,0.9999999999999998,67.0,0.9446690896037415,65.0,0.9377448235009144,83.0,0.9999999999999997,47.0,0.9926393145676994,84.0,0.9885548116543457,28_2,28,2,natural,108.233253479,58.3954162598,3.54783581149,0,608.116004538,0.273207247257
UBFC_A1/Eval_On_COHFACE,COHFACE,old,COHFACE_s28_session2_natural,37,67.0,49.0,large_error,67.0,0.9999999999999998,66.0,0.9495986188434172,68.0,0.9349571397413385,49.0,0.9999999999999998,50.0,0.9921300602861912,48.0,0.8664066897503383,28_2,28,2,natural,108.233253479,58.3954162598,3.54783581149,0,608.116004538,0.273207247257
UBFC_A1/Eval_On_COHFACE,COHFACE,old,COHFACE_s28_session2_natural,38,68.0,50.0,large_error,68.0,0.9999999999999998,67.0,0.9825728414676171,69.0,0.8875065908683958,50.0,0.9999999999999998,51.0,0.9894999172508576,49.0,0.9314362683699187,28_2,28,2,natural,108.233253479,58.3954162598,3.54783581149,0,608.116004538,0.273207247257
UBFC_A1/Eval_On_COHFACE,COHFACE,old,COHFACE_s28_session2_natural,39,68.0,51.0,large_error,68.0,0.9999999999999998,67.0,0.965313635743598,69.0,0.9127808568376192,51.0,0.9999999999999998,50.0,0.96759826174862,52.0,0.9392626021913179,28_2,28,2,natural,108.233253479,58.3954162598,3.54783581149,0,608.116004538,0.273207247257
UBFC_A1/Eval_On_COHFACE,COHFACE,old,COHFACE_s28_session2_natural,40,68.0,49.0,large_error,68.0,0.9999999999999998,69.0,0.9817186884238167,67.0,0.9094226194931024,49.0,0.9999999999999998,50.0,0.9869828279138854,48.0,0.9299013206337515,28_2,28,2,natural,108.233253479,58.3954162598,3.54783581149,0,608.116004538,0.273207247257
UBFC_A1/Eval_On_COHFACE,COHFACE,old,COHFACE_s28_session2_natural,41,69.0,50.0,large_error,69.0,0.9999999999999998,70.0,0.9799261587614716,68.0,0.9117187071553154,50.0,0.9999999999999998,51.0,0.9647039138675274,49.0,0.960067303966851,28_2,28,2,natural,108.233253479,58.3954162598,3.54783581149,0,608.116004538,0.273207247257
UBFC_A1/Eval_On_COHFACE,COHFACE,old,COHFACE_s28_session2_natural,42,69.0,52.0,large_error,69.0,0.9999999999999999,70.0,0.9923439733136576,68.0,0.8957023123367716,52.0,0.9999999999999999,53.0,0.9448630680485,51.0,0.9293592448841842,28_2,28,2,natural,108.233253479,58.3954162598,3.54783581149,0,608.116004538,0.273207247257
UBFC_A1/Eval_On_COHFACE,COHFACE,old,COHFACE_s28_session2_natural,43,69.0,51.0,large_error,69.0,0.9999999999999999,68.0,0.9606224038363342,70.0,0.9242867355744231,51.0,0.9999999999999999,52.0,0.9769855733533881,50.0,0.9565277771575513,28_2,28,2,natural,108.233253479,58.3954162598,3.54783581149,0,608.116004538,0.273207247257
UBFC_A1/Eval_On_COHFACE,COHFACE,old,COHFACE_s28_session2_natural,44,68.0,69.0,correct,68.0,0.9999999999999999,67.0,0.9573880840114041,69.0,0.9278240909108478,69.0,0.9999999999999999,68.0,0.9815975373003535,70.0,0.8937941607422165,28_2,28,2,natural,108.233253479,58.3954162598,3.54783581149,0,608.116004538,0.273207247257
UBFC_A1/Eval_On_COHFACE,COHFACE,old,COHFACE_s28_session2_natural,45,68.0,68.0,correct,68.0,0.9999999999999999,69.0,0.9605779047006474,67.0,0.9209645849417849,68.0,0.9999999999999999,69.0,0.9454464363494922,67.0,0.913975251012068,28_2,28,2,natural,108.233253479,58.3954162598,3.54783581149,0,608.116004538,0.273207247257
UBFC_A1/Eval_On_COHFACE,COHFACE,old,COHFACE_s28_session2_natural,46,69.0,48.0,large_error,69.0,0.9999999999999998,68.0,0.9563127766836291,70.0,0.9277277398758196,48.0,0.9999999999999997,49.0,0.9657399593127212,47.0,0.9294159805229237,28_2,28,2,natural,108.233253479,58.3954162598,3.54783581149,0,608.116004538,0.273207247257
UBFC_A1/Eval_On_COHFACE,COHFACE,old,COHFACE_s28_session2_natural,47,69.0,46.0,large_error,69.0,0.9999999999999998,68.0,0.9908995835288485,70.0,0.897224039079035,46.0,0.9999999999999998,47.0,0.9779900394166836,45.0,0.9686206049327581,28_2,28,2,natural,108.233253479,58.3954162598,3.54783581149,0,608.116004538,0.273207247257
UBFC_A1/Eval_On_COHFACE,COHFACE,old,COHFACE_s28_session2_natural,48,68.0,53.0,large_error,68.0,0.9999999999999998,69.0,0.9437464007551334,67.0,0.9330692645459318,53.0,0.9999999999999997,54.0,0.9992136428394935,55.0,0.9451289753716433,28_2,28,2,natural,108.233253479,58.3954162598,3.54783581149,0,608.116004538,0.273207247257
UBFC_A1/Eval_On_COHFACE,COHFACE,old,COHFACE_s28_session2_natural,49,68.0,54.0,large_error,68.0,0.9999999999999998,69.0,0.951105409199657,67.0,0.9254333067810918,54.0,0.9999999999999999,53.0,0.9468183090582694,55.0,0.9333745775445629,28_2,28,2,natural,108.233253479,58.3954162598,3.54783581149,0,608.116004538,0.273207247257
UBFC_A1/Eval_On_COHFACE,COHFACE,old,COHFACE_s28_session2_natural,50,68.0,54.0,large_error,68.0,0.9999999999999998,69.0,0.9690360143981355,67.0,0.9142801291675425,54.0,0.9999999999999999,55.0,0.9416009207549743,53.0,0.9358183531440909,28_2,28,2,natural,108.233253479,58.3954162598,3.54783581149,0,608.116004538,0.273207247257
UBFC_A1/Eval_On_COHFACE,COHFACE,old,COHFACE_s28_session3_natural,0,75.0,42.0,sub_harmonic_half,75.0,0.9999999999999999,74.0,0.9814535001544735,76.0,0.8806394540213723,42.0,0.9999999999999998,43.0,0.9643715435620943,41.0,0.942043888507821,28_3,28,3,natural,104.855278015,55.5367393494,4.06383883569,0,525.118445326,0.230835720897
UBFC_A1/Eval_On_COHFACE,COHFACE,old,COHFACE_s28_session3_natural,1,72.0,57.0,large_error,72.0,0.9999999999999998,73.0,0.9902270332288123,71.0,0.8982354859216386,57.0,0.9999999999999997,56.0,0.9749179037683825,58.0,0.9503163151945374,28_3,28,3,natural,104.855278015,55.5367393494,4.06383883569,0,525.118445326,0.230835720897
UBFC_A1/Eval_On_COHFACE,COHFACE,old,COHFACE_s28_session3_natural,2,72.0,56.0,large_error,72.0,0.9999999999999999,71.0,0.9711768323639466,73.0,0.9209355234672952,56.0,0.9999999999999997,57.0,0.9849643631357162,55.0,0.8936877682567328,28_3,28,3,natural,104.855278015,55.5367393494,4.06383883569,0,525.118445326,0.230835720897
UBFC_A1/Eval_On_COHFACE,COHFACE,old,COHFACE_s28_session3_natural,3,72.0,51.0,large_error,72.0,0.9999999999999999,71.0,0.9655052627512717,73.0,0.9141140132622071,51.0,0.9999999999999998,50.0,0.9730210855092114,52.0,0.9415099498959351,28_3,28,3,natural,104.855278015,55.5367393494,4.06383883569,0,525.118445326,0.230835720897
UBFC_A1/Eval_On_COHFACE,COHFACE,old,COHFACE_s28_session3_natural,4,72.0,51.0,large_error,72.0,0.9999999999999999,71.0,0.976879963053915,73.0,0.9106204653078946,51.0,0.9999999999999998,52.0,0.9537073478240587,50.0,0.9265865160125943,28_3,28,3,natural,104.855278015,55.5367393494,4.06383883569,0,525.118445326,0.230835720897
UBFC_A1/Eval_On_COHFACE,COHFACE,old,COHFACE_s28_session3_natural,5,72.0,49.0,large_error,72.0,0.9999999999999999,71.0,0.9627057620672866,73.0,0.924330261573844,49.0,0.9999999999999997,48.0,0.9575697419241846,50.0,0.9205047728797879,28_3,28,3,natural,104.855278015,55.5367393494,4.06383883569,0,525.118445326,0.230835720897
UBFC_A1/Eval_On_COHFACE,COHFACE,old,COHFACE_s28_session3_natural,6,72.0,49.0,large_error,72.0,0.9999999999999998,71.0,0.9499538748958023,73.0,0.9396535621769173,49.0,0.9999999999999997,48.0,0.9812554298086326,50.0,0.9663689950207666,28_3,28,3,natural,104.855278015,55.5367393494,4.06383883569,0,525.118445326,0.230835720897
UBFC_A1/Eval_On_COHFACE,COHFACE,old,COHFACE_s28_session3_natural,7,71.0,45.0,large_error,71.0,0.9999999999999998,72.0,0.966704131207977,70.0,0.9248945798801098,45.0,0.9999999999999999,44.0,0.969093302115279,46.0,0.9668962579359696,28_3,28,3,natural,104.855278015,55.5367393494,4.06383883569,0,525.118445326,0.230835720897
UBFC_A1/Eval_On_COHFACE,COHFACE,old,COHFACE_s28_session3_natural,8,71.0,45.0,large_error,71.0,0.9999999999999998,72.0,0.998477218022178,70.0,0.8978870859812728,45.0,0.9999999999999998,44.0,0.9918186477489362,46.0,0.9210617245450112,28_3,28,3,natural,104.855278015,55.5367393494,4.06383883569,0,525.118445326,0.230835720897
UBFC_A1/Eval_On_COHFACE,COHFACE,old,COHFACE_s28_session3_natural,9,72.0,45.0,large_error,72.0,0.9999999999999998,73.0,0.9712792161269842,71.0,0.9149043618671947,45.0,0.9999999999999993,46.0,0.9635499610774673,44.0,0.9621038545356554,28_3,28,3,natural,104.855278015,55.5367393494,4.06383883569,0,525.118445326,0.230835720897
UBFC_A1/Eval_On_COHFACE,COHFACE,old,COHFACE_s28_session3_natural,10,73.0,46.0,large_error,73.0,0.9999999999999998,72.0,0.959204362735556,74.0,0.909365315693321,46.0,0.9999999999999997,47.0,0.9506776849908495,90.0,0.9254830157020044,28_3,28,3,natural,104.855278015,55.5367393494,4.06383883569,0,525.118445326,0.230835720897
UBFC_A1/Eval_On_COHFACE,COHFACE,old,COHFACE_s28_session3_natural,11,72.0,60.0,large_error,72.0,0.9999999999999998,73.0,0.998327628283987,74.0,0.8806045909917312,60.0,0.9999999999999991,59.0,0.9710675642160567,61.0,0.9405314388988965,28_3,28,3,natural,104.855278015,55.5367393494,4.06383883569,0,525.118445326,0.230835720897
UBFC_A1/Eval_On_COHFACE,COHFACE,old,COHFACE_s28_session3_natural,12,71.0,64.0,large_error,71.0,0.9999999999999997,72.0,0.9684722478121257,60.0,0.9567369474277504,64.0,0.9999999999999984,63.0,0.9731021512646548,47.0,0.8785456195178764,28_3,28,3,natural,104.855278015,55.5367393494,4.06383883569,0,525.118445326,0.230835720897
UBFC_A1/Eval_On_COHFACE,COHFACE,old,COHFACE_s28_session3_natural,13,60.0,47.0,large_error,60.0,0.9999999999999997,59.0,0.9722916527859745,61.0,0.9229269114580583,47.0,0.9999999999999992,48.0,0.968813307223325,46.0,0.9668863148474227,28_3,28,3,natural,104.855278015,55.5367393494,4.06383883569,0,525.118445326,0.230835720897
UBFC_A1/Eval_On_COHFACE,COHFACE,old,COHFACE_s28_session3_natural,14,61.0,48.0,large_error,61.0,0.9999999999999997,61.99999999999999,0.9987061499257469,63.0,0.9775510951816797,48.0,0.9999999999999996,49.0,0.9612052689140337,47.0,0.9525482558174899,28_3,28,3,natural,104.855278015,55.5367393494,4.06383883569,0,525.118445326,0.230835720897
UBFC_A1/Eval_On_COHFACE,COHFACE,old,COHFACE_s28_session3_natural,15,64.0,48.0,large_error,64.0,0.9999999999999998,65.0,0.9788821229980924,63.0,0.9391878559371876,48.0,0.9999999999999992,49.0,0.9627862915474571,47.0,0.9304522015050065,28_3,28,3,natural,104.855278015,55.5367393494,4.06383883569,0,525.118445326,0.230835720897
UBFC_A1/Eval_On_COHFACE,COHFACE,old,COHFACE_s28_session3_natural,16,65.0,49.0,large_error,65.0,0.9999999999999997,66.0,0.9762428874918306,64.0,0.9454861061608124,49.0,0.9999999999999991,50.0,0.9859258613929827,48.0,0.9509698927722489,28_3,28,3,natural,104.855278015,55.5367393494,4.06383883569,0,525.118445326,0.230835720897
UBFC_A1/Eval_On_COHFACE,COHFACE,old,COHFACE_s28_session3_natural,17,67.0,46.0,large_error,67.0,0.9999999999999997,68.0,0.9578202118202125,58.0,0.9143141925838665,46.0,0.9999999999999996,47.0,0.9856376393828318,45.0,0.9740117214808915,28_3,28,3,natural,104.855278015,55.5367393494,4.06383883569,0,525.118445326,0.230835720897
UBFC_A1/Eval_On_COHFACE,COHFACE,old,COHFACE_s28_session3_natural,18,69.0,51.0,large_error,69.0,0.9999999999999998,68.0,0.9897840680722181,70.0,0.8795116027740728,51.0,0.9999999999999998,50.0,0.9510066143035295,52.0,0.9471650666583288,28_3,28,3,natural,104.855278015,55.5367393494,4.06383883569,0,525.118445326,0.230835720897
UBFC_A1/Eval_On_COHFACE,COHFACE,old,COHFACE_s28_session3_natural,19,70.0,51.0,large_error,70.0,0.9999999999999998,69.0,0.9652541939324405,71.0,0.9116162635340688,51.0,0.9999999999999998,52.0,0.9517268942125127,50.0,0.9037967888404338,28_3,28,3,natural,104.855278015,55.5367393494,4.06383883569,0,525.118445326,0.230835720897
UBFC_A1/Eval_On_COHFACE,COHFACE,old,COHFACE_s28_session3_natural,20,70.0,51.0,large_error,70.0,0.9999999999999998,71.0,0.974916170004054,69.0,0.9042059325816262,51.0,0.9999999999999997,50.0,0.9554650533437171,52.0,0.932343943312765,28_3,28,3,natural,104.855278015,55.5367393494,4.06383883569,0,525.118445326,0.230835720897
UBFC_A1/Eval_On_COHFACE,COHFACE,old,COHFACE_s28_session3_natural,21,70.0,40.0,sub_harmonic_half,70.0,0.9999999999999998,69.0,0.9640239532346703,71.0,0.9249755392384716,40.0,0.9999999999999994,41.0,0.8703387571253635,66.0,0.6748838360638433,28_3,28,3,natural,104.855278015,55.5367393494,4.06383883569,0,525.118445326,0.230835720897
UBFC_A1/Eval_On_COHFACE,COHFACE,old,COHFACE_s28_session3_natural,22,68.0,44.0,large_error,68.0,0.9999999999999998,69.0,0.9736156562485591,67.0,0.944132369066118,44.0,0.9999999999999997,45.0,0.9953367731386541,43.0,0.9126971294812173,28_3,28,3,natural,104.855278015,55.5367393494,4.06383883569,0,525.118445326,0.230835720897
UBFC_A1/Eval_On_COHFACE,COHFACE,old,COHFACE_s28_session3_natural,23,67.0,42.0,large_error,67.0,0.9999999999999998,66.0,0.9991289406434907,68.0,0.8980983562978808,42.0,0.9999999999999999,43.0,0.9508788149525461,41.0,0.9045442579716629,28_3,28,3,natural,104.855278015,55.5367393494,4.06383883569,0,525.118445326,0.230835720897
UBFC_A1/Eval_On_COHFACE,COHFACE,old,COHFACE_s28_session3_natural,24,66.0,40.0,large_error,66.0,0.9999999999999999,67.0,0.9492662871601188,65.0,0.9410567719402596,40.0,0.9999999999999998,41.0,0.9013831977202598,79.0,0.7310354051579686,28_3,28,3,natural,104.855278015,55.5367393494,4.06383883569,0,525.118445326,0.230835720897
UBFC_A1/Eval_On_COHFACE,COHFACE,old,COHFACE_s28_session3_natural,25,66.0,41.0,large_error,66.0,0.9999999999999999,67.0,0.9714926040477674,65.0,0.9205382386310469,41.0,0.9999999999999998,40.0,0.9773876839199525,42.0,0.9286500562058913,28_3,28,3,natural,104.855278015,55.5367393494,4.06383883569,0,525.118445326,0.230835720897
UBFC_A1/Eval_On_COHFACE,COHFACE,old,COHFACE_s28_session3_natural,26,66.0,42.0,large_error,66.0,0.9999999999999999,67.0,0.9776740608537287,65.0,0.911603778819467,42.0,0.9999999999999999,41.0,0.9525832836286389,43.0,0.9439794670159037,28_3,28,3,natural,104.855278015,55.5367393494,4.06383883569,0,525.118445326,0.230835720897
UBFC_A1/Eval_On_COHFACE,COHFACE,old,COHFACE_s28_session3_natural,27,66.0,40.0,large_error,66.0,0.9999999999999999,67.0,0.9544321733523803,65.0,0.9288554431224355,40.0,0.9999999999999998,41.0,0.9641007576766875,42.0,0.8410307321258079,28_3,28,3,natural,104.855278015,55.5367393494,4.06383883569,0,525.118445326,0.230835720897
UBFC_A1/Eval_On_COHFACE,COHFACE,old,COHFACE_s28_session3_natural,28,66.0,42.0,large_error,66.0,0.9999999999999999,65.0,0.9716307854748979,67.0,0.9157026026987619,42.0,0.9999999999999999,41.0,0.9793356971375077,43.0,0.9208579398637402,28_3,28,3,natural,104.855278015,55.5367393494,4.06383883569,0,525.118445326,0.230835720897
UBFC_A1/Eval_On_COHFACE,COHFACE,old,COHFACE_s28_session3_natural,29,65.0,43.0,large_error,65.0,0.9999999999999998,66.0,0.9827129571603681,64.0,0.909341550441499,43.0,0.9999999999999999,44.0,0.9476845781582176,42.0,0.9403493759810286,28_3,28,3,natural,104.855278015,55.5367393494,4.06383883569,0,525.118445326,0.230835720897
UBFC_A1/Eval_On_COHFACE,COHFACE,old,COHFACE_s28_session3_natural,30,65.0,40.0,large_error,65.0,0.9999999999999998,66.0,0.9577082327240366,64.0,0.9355016621975119,40.0,0.9999999999999998,41.0,0.9390167392475268,61.99999999999999,0.9295918878111264,28_3,28,3,natural,104.855278015,55.5367393494,4.06383883569,0,525.118445326,0.230835720897
UBFC_A1/Eval_On_COHFACE,COHFACE,old,COHFACE_s28_session3_natural,31,65.0,60.0,large_error,65.0,0.9999999999999998,64.0,0.947180788480107,66.0,0.9377941620647149,60.0,0.9999999999999999,61.0,0.9997007762099145,61.99999999999999,0.8883281431900252,28_3,28,3,natural,104.855278015,55.5367393494,4.06383883569,0,525.118445326,0.230835720897
UBFC_A1/Eval_On_COHFACE,COHFACE,old,COHFACE_s28_session3_natural,32,65.0,64.0,correct,65.0,0.9999999999999998,64.0,0.9642939688710088,66.0,0.9156888243023066,64.0,0.9999999999999999,63.0,0.9947607858853004,65.0,0.9457538236525177,28_3,28,3,natural,104.855278015,55.5367393494,4.06383883569,0,525.118445326,0.230835720897
UBFC_A1/Eval_On_COHFACE,COHFACE,old,COHFACE_s28_session3_natural,33,65.0,61.0,large_error,65.0,0.9999999999999998,64.0,0.9522654627565018,66.0,0.9279593428843771,61.0,0.9999999999999998,61.99999999999999,0.9892192971382746,60.0,0.9274587512048887,28_3,28,3,natural,104.855278015,55.5367393494,4.06383883569,0,525.118445326,0.230835720897
UBFC_A1/Eval_On_COHFACE,COHFACE,old,COHFACE_s28_session3_natural,34,65.0,61.0,large_error,65.0,0.9999999999999998,66.0,0.954482480177809,64.0,0.9329478927430875,61.0,0.9999999999999999,60.0,0.9686436651785167,61.99999999999999,0.9402393682075642,28_3,28,3,natural,104.855278015,55.5367393494,4.06383883569,0,525.118445326,0.230835720897
UBFC_A1/Eval_On_COHFACE,COHFACE,old,COHFACE_s28_session3_natural,35,65.0,64.0,correct,65.0,0.9999999999999998,64.0,0.9504724759339025,66.0,0.9457817196779453,64.0,0.9999999999999998,65.0,0.9943174220178276,63.0,0.9349312933983337,28_3,28,3,natural,104.855278015,55.5367393494,4.06383883569,0,525.118445326,0.230835720897
UBFC_A1/Eval_On_COHFACE,COHFACE,old,COHFACE_s28_session3_natural,36,65.0,81.0,large_error,65.0,0.9999999999999998,64.0,0.9958666237876687,66.0,0.9026131193977892,81.0,0.9999999999999999,82.0,0.9852868924254078,80.0,0.9066025944687363,28_3,28,3,natural,104.855278015,55.5367393494,4.06383883569,0,525.118445326,0.230835720897
UBFC_A1/Eval_On_COHFACE,COHFACE,old,COHFACE_s28_session3_natural,37,65.0,82.0,super_harmonic_1p5x,65.0,0.9999999999999998,64.0,0.9929115074356069,66.0,0.8966081191960248,82.0,0.9999999999999999,81.0,0.9366333184790567,83.0,0.9325108950430221,28_3,28,3,natural,104.855278015,55.5367393494,4.06383883569,0,525.118445326,0.230835720897
UBFC_A1/Eval_On_COHFACE,COHFACE,old,COHFACE_s28_session3_natural,38,65.0,80.0,large_error,65.0,0.9999999999999998,66.0,0.9537635875482348,64.0,0.9197792389442222,80.0,0.9999999999999997,81.0,0.9949484192360992,82.0,0.9514759385065082,28_3,28,3,natural,104.855278015,55.5367393494,4.06383883569,0,525.118445326,0.230835720897
UBFC_A1/Eval_On_COHFACE,COHFACE,old,COHFACE_s28_session3_natural,39,66.0,82.0,large_error,66.0,0.9999999999999998,65.0,0.9636136152461632,67.0,0.9053358943986382,82.0,0.9999999999999998,81.0,0.9750363156422895,83.0,0.946998370275584,28_3,28,3,natural,104.855278015,55.5367393494,4.06383883569,0,525.118445326,0.230835720897
UBFC_A1/Eval_On_COHFACE,COHFACE,old,COHFACE_s28_session3_natural,40,66.0,81.0,large_error,66.0,0.9999999999999998,67.0,0.9548026253283417,65.0,0.9217823032059624,81.0,0.9999999999999997,82.0,0.9739738488510037,80.0,0.9468854207188818,28_3,28,3,natural,104.855278015,55.5367393494,4.06383883569,0,525.118445326,0.230835720897
UBFC_A1/Eval_On_COHFACE,COHFACE,old,COHFACE_s28_session3_natural,41,66.0,60.0,large_error,66.0,0.9999999999999998,67.0,0.9586003963305066,65.0,0.930274585090407,60.0,0.9999999999999998,59.0,0.9927397571026495,77.0,0.9259904607795763,28_3,28,3,natural,104.855278015,55.5367393494,4.06383883569,0,525.118445326,0.230835720897
UBFC_A1/Eval_On_COHFACE,COHFACE,old,COHFACE_s28_session3_natural,42,66.0,77.0,large_error,66.0,0.9999999999999998,65.0,0.9522681752289388,67.0,0.9424012498827655,77.0,0.9999999999999996,78.0,0.9826414642474575,76.0,0.9085769663123442,28_3,28,3,natural,104.855278015,55.5367393494,4.06383883569,0,525.118445326,0.230835720897
UBFC_A1/Eval_On_COHFACE,COHFACE,old,COHFACE_s28_session3_natural,43,66.0,76.0,large_error,66.0,0.9999999999999998,65.0,0.9967539904045225,67.0,0.8903545309607382,76.0,0.9999999999999998,77.0,0.944019725063577,75.0,0.9419985739732658,28_3,28,3,natural,104.855278015,55.5367393494,4.06383883569,0,525.118445326,0.230835720897
UBFC_A1/Eval_On_COHFACE,COHFACE,old,COHFACE_s28_session3_natural,44,65.0,75.0,large_error,65.0,0.9999999999999998,66.0,0.9705409492249534,64.0,0.9189951536956358,75.0,0.9999999999999998,44.0,0.9963923889031396,43.0,0.9565896138720357,28_3,28,3,natural,104.855278015,55.5367393494,4.06383883569,0,525.118445326,0.230835720897
UBFC_A1/Eval_On_COHFACE,COHFACE,old,COHFACE_s28_session3_natural,45,65.0,76.0,large_error,65.0,0.9999999999999998,66.0,0.9895397930404011,64.0,0.895584293253536,76.0,0.9999999999999998,75.0,0.9833939748241106,44.0,0.9555976577744524,28_3,28,3,natural,104.855278015,55.5367393494,4.06383883569,0,525.118445326,0.230835720897
UBFC_A1/Eval_On_COHFACE,COHFACE,old,COHFACE_s28_session3_natural,46,66.0,47.0,large_error,66.0,0.9999999999999998,65.0,0.9640618497442844,67.0,0.9239005971129101,47.0,0.9999999999999998,46.0,0.9951000297853395,48.0,0.9169852190828498,28_3,28,3,natural,104.855278015,55.5367393494,4.06383883569,0,525.118445326,0.230835720897
UBFC_A1/Eval_On_COHFACE,COHFACE,old,COHFACE_s28_session3_natural,47,66.0,46.0,large_error,66.0,0.9999999999999998,67.0,0.9747101014185955,65.0,0.9173216815517561,46.0,0.9999999999999999,45.0,0.9678181003191828,47.0,0.9295178729416916,28_3,28,3,natural,104.855278015,55.5367393494,4.06383883569,0,525.118445326,0.230835720897
UBFC_A1/Eval_On_COHFACE,COHFACE,old,COHFACE_s28_session3_natural,48,67.0,46.0,large_error,67.0,0.9999999999999998,66.0,0.9660214899633035,68.0,0.9288134496438151,46.0,0.9999999999999998,47.0,0.9964608275990356,45.0,0.9136214553608302,28_3,28,3,natural,104.855278015,55.5367393494,4.06383883569,0,525.118445326,0.230835720897
UBFC_A1/Eval_On_COHFACE,COHFACE,old,COHFACE_s28_session3_natural,49,67.0,50.0,large_error,67.0,0.9999999999999998,66.0,0.9591053819897126,68.0,0.9296700717743426,50.0,0.9999999999999998,49.0,0.9367137485181336,51.0,0.9289295190368095,28_3,28,3,natural,104.855278015,55.5367393494,4.06383883569,0,525.118445326,0.230835720897
UBFC_A1/Eval_On_COHFACE,COHFACE,old,COHFACE_s28_session3_natural,50,67.0,48.0,large_error,67.0,0.9999999999999998,66.0,0.9415148135359895,68.0,0.9388272509362416,48.0,0.9999999999999999,47.0,0.9556544069110159,49.0,0.9408709887123669,28_3,28,3,natural,104.855278015,55.5367393494,4.06383883569,0,525.118445326,0.230835720897
UBFC_A1/Eval_On_COHFACE,COHFACE,old,COHFACE_s29_session0_lamp,0,52.0,80.0,super_harmonic_1p5x,52.0,1.0,51.0,0.9526910218897233,53.0,0.9304059123935329,80.0,0.9999999999999996,81.0,0.9697868479460917,79.0,0.9429626423485898,29_0,29,0,lamp,109.252807617,51.6290931702,3.77513744213,0,650.64335269,0.189264863729
UBFC_A1/Eval_On_COHFACE,COHFACE,old,COHFACE_s29_session0_lamp,1,52.0,81.0,super_harmonic_1p5x,52.0,1.0,51.0,0.9697342194035666,53.0,0.9203347973810004,81.0,0.9999999999999994,82.0,0.9998599193113143,80.0,0.936027815271167,29_0,29,0,lamp,109.252807617,51.6290931702,3.77513744213,0,650.64335269,0.189264863729
UBFC_A1/Eval_On_COHFACE,COHFACE,old,COHFACE_s29_session0_lamp,2,52.0,78.0,super_harmonic_1p5x,52.0,1.0,51.0,0.9824950821225903,53.0,0.9161417871625633,78.0,0.9999999999999993,79.0,0.9746547811200388,77.0,0.9382219753355237,29_0,29,0,lamp,109.252807617,51.6290931702,3.77513744213,0,650.64335269,0.189264863729
UBFC_A1/Eval_On_COHFACE,COHFACE,old,COHFACE_s29_session0_lamp,3,51.0,80.0,super_harmonic_1p5x,51.0,1.0,52.0,0.9881011205423856,50.0,0.900783351218006,80.0,0.9999999999999997,79.0,0.9469529612185664,81.0,0.9347303941336748,29_0,29,0,lamp,109.252807617,51.6290931702,3.77513744213,0,650.64335269,0.189264863729
UBFC_A1/Eval_On_COHFACE,COHFACE,old,COHFACE_s29_session0_lamp,4,52.0,42.0,large_error,52.0,1.0,51.0,0.996937409910666,53.0,0.8842832678285542,42.0,0.9999999999999994,41.0,0.9829836478787596,43.0,0.9289409578284301,29_0,29,0,lamp,109.252807617,51.6290931702,3.77513744213,0,650.64335269,0.189264863729
UBFC_A1/Eval_On_COHFACE,COHFACE,old,COHFACE_s29_session0_lamp,5,52.0,57.0,large_error,52.0,1.0,51.0,0.9778603306059719,53.0,0.8975688868173165,57.0,0.9999999999999996,58.0,0.9891374258017653,56.0,0.8795354048171304,29_0,29,0,lamp,109.252807617,51.6290931702,3.77513744213,0,650.64335269,0.189264863729
UBFC_A1/Eval_On_COHFACE,COHFACE,old,COHFACE_s29_session0_lamp,6,52.0,42.0,large_error,52.0,1.0,51.0,0.9671651125542592,53.0,0.9095969348686712,42.0,0.9999999999999998,43.0,0.9653551788401182,41.0,0.9401401499307073,29_0,29,0,lamp,109.252807617,51.6290931702,3.77513744213,0,650.64335269,0.189264863729
UBFC_A1/Eval_On_COHFACE,COHFACE,old,COHFACE_s29_session0_lamp,7,52.0,44.0,large_error,52.0,1.0,53.0,0.9585447520611307,51.0,0.9199061695992617,44.0,0.9999999999999998,45.0,0.9599581126994653,43.0,0.9580814951485671,29_0,29,0,lamp,109.252807617,51.6290931702,3.77513744213,0,650.64335269,0.189264863729
UBFC_A1/Eval_On_COHFACE,COHFACE,old,COHFACE_s29_session0_lamp,8,53.0,44.0,large_error,53.0,1.0,52.0,0.9769678129583111,54.0,0.9103394673221159,44.0,0.9999999999999998,43.0,0.9586057945005327,45.0,0.9370073444385377,29_0,29,0,lamp,109.252807617,51.6290931702,3.77513744213,0,650.64335269,0.189264863729
UBFC_A1/Eval_On_COHFACE,COHFACE,old,COHFACE_s29_session0_lamp,9,53.0,53.0,correct,53.0,1.0,54.0,0.9480963926861441,52.0,0.9398349557867064,53.0,0.9999999999999997,54.0,0.9809541762610253,52.0,0.9339645272370096,29_0,29,0,lamp,109.252807617,51.6290931702,3.77513744213,0,650.64335269,0.189264863729
UBFC_A1/Eval_On_COHFACE,COHFACE,old,COHFACE_s29_session0_lamp,10,53.0,52.0,correct,53.0,1.0,52.0,0.947351207290585,54.0,0.9351918008514581,52.0,0.9999999999999998,53.0,0.9989247692438273,54.0,0.9056166849775725,29_0,29,0,lamp,109.252807617,51.6290931702,3.77513744213,0,650.64335269,0.189264863729
UBFC_A1/Eval_On_COHFACE,COHFACE,old,COHFACE_s29_session0_lamp,11,53.0,52.0,correct,53.0,1.0,52.0,0.9733185119349739,54.0,0.9098956822081232,52.0,0.9999999999999998,51.0,0.9592347871929027,53.0,0.9145756095002631,29_0,29,0,lamp,109.252807617,51.6290931702,3.77513744213,0,650.64335269,0.189264863729
UBFC_A1/Eval_On_COHFACE,COHFACE,old,COHFACE_s29_session0_lamp,12,53.0,52.0,correct,53.0,1.0,54.0,0.9721825074570548,52.0,0.917717064301041,52.0,0.9999999999999999,51.0,0.9886159810380185,53.0,0.9090996893115401,29_0,29,0,lamp,109.252807617,51.6290931702,3.77513744213,0,650.64335269,0.189264863729
UBFC_A1/Eval_On_COHFACE,COHFACE,old,COHFACE_s29_session0_lamp,13,54.0,54.0,correct,54.0,1.0,55.0,0.972805550735877,53.0,0.9142681298830535,54.0,0.9999999999999998,53.0,0.9926629464881338,55.0,0.9394684212950944,29_0,29,0,lamp,109.252807617,51.6290931702,3.77513744213,0,650.64335269,0.189264863729
UBFC_A1/Eval_On_COHFACE,COHFACE,old,COHFACE_s29_session0_lamp,14,55.0,59.0,large_error,55.0,1.0,54.0,0.9632239327550846,56.0,0.9217105662136384,59.0,0.9999999999999998,43.0,0.9857054316204458,58.0,0.9584595273103536,29_0,29,0,lamp,109.252807617,51.6290931702,3.77513744213,0,650.64335269,0.189264863729
UBFC_A1/Eval_On_COHFACE,COHFACE,old,COHFACE_s29_session0_lamp,15,54.0,55.0,correct,54.0,1.0,55.0,0.9845513914872022,53.0,0.8999364937298272,55.0,0.9999999999999998,56.0,0.9655860488065434,54.0,0.9601932508929146,29_0,29,0,lamp,109.252807617,51.6290931702,3.77513744213,0,650.64335269,0.189264863729
UBFC_A1/Eval_On_COHFACE,COHFACE,old,COHFACE_s29_session0_lamp,16,54.0,42.0,large_error,54.0,1.0,53.0,0.9893764868311928,55.0,0.8983879688215028,42.0,0.9999999999999997,41.0,0.9641141541100764,43.0,0.9356594998292121,29_0,29,0,lamp,109.252807617,51.6290931702,3.77513744213,0,650.64335269,0.189264863729
UBFC_A1/Eval_On_COHFACE,COHFACE,old,COHFACE_s29_session0_lamp,17,53.0,61.0,large_error,53.0,1.0,54.0,0.9890489122082429,52.0,0.8994514461173074,61.0,0.9999999999999997,61.99999999999999,0.9773514980484389,60.0,0.9744673949781417,29_0,29,0,lamp,109.252807617,51.6290931702,3.77513744213,0,650.64335269,0.189264863729
UBFC_A1/Eval_On_COHFACE,COHFACE,old,COHFACE_s29_session0_lamp,18,53.0,65.0,large_error,53.0,1.0,54.0,0.9735519032040186,52.0,0.9111344713549961,65.0,0.9999999999999997,64.0,0.9923981818447012,40.0,0.9468503506247942,29_0,29,0,lamp,109.252807617,51.6290931702,3.77513744213,0,650.64335269,0.189264863729
UBFC_A1/Eval_On_COHFACE,COHFACE,old,COHFACE_s29_session0_lamp,19,53.0,40.0,large_error,53.0,1.0,52.0,0.9676545659948498,54.0,0.9120441725089615,40.0,0.9999999999999994,78.0,0.8506889725020589,79.0,0.8254633407723028,29_0,29,0,lamp,109.252807617,51.6290931702,3.77513744213,0,650.64335269,0.189264863729
UBFC_A1/Eval_On_COHFACE,COHFACE,old,COHFACE_s29_session0_lamp,20,52.0,52.0,correct,52.0,1.0,51.0,0.9429308271200625,53.0,0.941142101794982,52.0,0.9999999999999999,51.0,0.986705982019813,53.0,0.8705655889740471,29_0,29,0,lamp,109.252807617,51.6290931702,3.77513744213,0,650.64335269,0.189264863729
UBFC_A1/Eval_On_COHFACE,COHFACE,old,COHFACE_s29_session0_lamp,21,52.0,53.0,correct,52.0,1.0,51.0,0.9482772754452673,53.0,0.9350048892510613,53.0,0.9999999999999998,54.0,0.9958958058389,52.0,0.9373352378850169,29_0,29,0,lamp,109.252807617,51.6290931702,3.77513744213,0,650.64335269,0.189264863729
UBFC_A1/Eval_On_COHFACE,COHFACE,old,COHFACE_s29_session0_lamp,22,53.0,53.0,correct,53.0,1.0,54.0,0.9452006066250219,52.0,0.9398062507648535,53.0,0.9999999999999999,54.0,0.9940435517166795,52.0,0.9416322744259034,29_0,29,0,lamp,109.252807617,51.6290931702,3.77513744213,0,650.64335269,0.189264863729
UBFC_A1/Eval_On_COHFACE,COHFACE,old,COHFACE_s29_session0_lamp,23,54.0,53.0,correct,54.0,1.0,53.0,0.981230177326171,55.0,0.9016510629846555,53.0,0.9999999999999999,52.0,0.9621397774330656,54.0,0.9571684220856953,29_0,29,0,lamp,109.252807617,51.6290931702,3.77513744213,0,650.64335269,0.189264863729
UBFC_A1/Eval_On_COHFACE,COHFACE,old,COHFACE_s29_session0_lamp,24,53.0,52.0,correct,53.0,1.0,54.0,0.9796653502610319,52.0,0.9093089882908196,52.0,0.9999999999999998,53.0,0.9793850750315356,51.0,0.9234626986495663,29_0,29,0,lamp,109.252807617,51.6290931702,3.77513744213,0,650.64335269,0.189264863729
UBFC_A1/Eval_On_COHFACE,COHFACE,old,COHFACE_s29_session0_lamp,25,53.0,52.0,correct,53.0,1.0,52.0,0.964122982539455,54.0,0.9187211931664244,52.0,0.9999999999999998,53.0,0.9662501481994182,51.0,0.915429046138712,29_0,29,0,lamp,109.252807617,51.6290931702,3.77513744213,0,650.64335269,0.189264863729
UBFC_A1/Eval_On_COHFACE,COHFACE,old,COHFACE_s29_session0_lamp,26,53.0,54.0,correct,53.0,1.0,52.0,0.9544274527450842,54.0,0.9327948203170918,54.0,0.9999999999999998,53.0,0.9890481446103652,55.0,0.9352389541138776,29_0,29,0,lamp,109.252807617,51.6290931702,3.77513744213,0,650.64335269,0.189264863729
UBFC_A1/Eval_On_COHFACE,COHFACE,old,COHFACE_s29_session0_lamp,27,54.0,54.0,correct,54.0,1.0,53.0,0.9939039976117819,55.0,0.8896724436229768,54.0,0.9999999999999999,53.0,0.9891642819453882,55.0,0.8904113803988515,29_0,29,0,lamp,109.252807617,51.6290931702,3.77513744213,0,650.64335269,0.189264863729
UBFC_A1/Eval_On_COHFACE,COHFACE,old,COHFACE_s29_session0_lamp,28,54.0,54.0,correct,54.0,1.0,53.0,0.9683949223142468,55.0,0.9073359009286375,54.0,0.9999999999999998,53.0,0.9442101615970498,55.0,0.9281995935269165,29_0,29,0,lamp,109.252807617,51.6290931702,3.77513744213,0,650.64335269,0.189264863729
UBFC_A1/Eval_On_COHFACE,COHFACE,old,COHFACE_s29_session0_lamp,29,54.0,53.0,correct,54.0,1.0,53.0,0.9673600053991611,55.0,0.9127619456693947,53.0,0.9999999999999999,54.0,0.9545248950188969,52.0,0.9045515001647656,29_0,29,0,lamp,109.252807617,51.6290931702,3.77513744213,0,650.64335269,0.189264863729
UBFC_A1/Eval_On_COHFACE,COHFACE,old,COHFACE_s29_session0_lamp,30,54.0,53.0,correct,54.0,1.0,53.0,0.9694202646442561,55.0,0.9184157285323228,53.0,0.9999999999999997,40.0,0.9679433597009278,52.0,0.9675425227547039,29_0,29,0,lamp,109.252807617,51.6290931702,3.77513744213,0,650.64335269,0.189264863729
UBFC_A1/Eval_On_COHFACE,COHFACE,old,COHFACE_s29_session0_lamp,31,54.0,55.0,correct,54.0,1.0,55.0,0.9628958833857402,53.0,0.9205017211003195,55.0,0.9999999999999997,56.0,0.9953504072980008,54.0,0.9118233367682931,29_0,29,0,lamp,109.252807617,51.6290931702,3.77513744213,0,650.64335269,0.189264863729
UBFC_A1/Eval_On_COHFACE,COHFACE,old,COHFACE_s29_session0_lamp,32,55.0,55.0,correct,55.0,1.0,54.0,0.9576901955865319,56.0,0.924792320737739,55.0,0.9999999999999998,56.0,0.9982444728141496,54.0,0.9232702977755954,29_0,29,0,lamp,109.252807617,51.6290931702,3.77513744213,0,650.64335269,0.189264863729
UBFC_A1/Eval_On_COHFACE,COHFACE,old,COHFACE_s29_session0_lamp,33,55.0,81.0,super_harmonic_1p5x,55.0,1.0,56.0,0.9560823022332817,54.0,0.9324570379524122,81.0,0.9999999999999997,80.0,0.9607360465650365,82.0,0.9254878677179424,29_0,29,0,lamp,109.252807617,51.6290931702,3.77513744213,0,650.64335269,0.189264863729
UBFC_A1/Eval_On_COHFACE,COHFACE,old,COHFACE_s29_session0_lamp,34,55.0,55.0,correct,55.0,1.0,56.0,0.9653798169742537,54.0,0.9197664230501599,55.0,0.9999999999999998,54.0,0.9504080625149176,56.0,0.9498370386956517,29_0,29,0,lamp,109.252807617,51.6290931702,3.77513744213,0,650.64335269,0.189264863729
UBFC_A1/Eval_On_COHFACE,COHFACE,old,COHFACE_s29_session0_lamp,35,55.0,58.0,correct,55.0,1.0,56.0,0.9726158152937603,54.0,0.9194152763695456,58.0,0.9999999999999999,59.0,0.9786574319907045,57.0,0.8859790798736138,29_0,29,0,lamp,109.252807617,51.6290931702,3.77513744213,0,650.64335269,0.189264863729
UBFC_A1/Eval_On_COHFACE,COHFACE,old,COHFACE_s29_session0_lamp,36,56.0,57.0,correct,56.0,1.0,55.0,0.9940538985605905,57.0,0.9063876769657949,57.0,0.9999999999999998,56.0,0.9955292802501488,58.0,0.9517862119411188,29_0,29,0,lamp,109.252807617,51.6290931702,3.77513744213,0,650.64335269,0.189264863729
UBFC_A1/Eval_On_COHFACE,COHFACE,old,COHFACE_s29_session0_lamp,37,56.0,58.0,correct,56.0,1.0,57.0,0.9925237658761191,55.0,0.9045132897314545,58.0,0.9999999999999998,59.0,0.9734192626678096,57.0,0.9509940920140251,29_0,29,0,lamp,109.252807617,51.6290931702,3.77513744213,0,650.64335269,0.189264863729
UBFC_A1/Eval_On_COHFACE,COHFACE,old,COHFACE_s29_session0_lamp,38,57.0,59.0,correct,57.0,1.0,58.0,0.975399939420629,56.0,0.91515087126979,59.0,0.9999999999999999,60.0,0.945663271237015,58.0,0.9323456958998682,29_0,29,0,lamp,109.252807617,51.6290931702,3.77513744213,0,650.64335269,0.189264863729
UBFC_A1/Eval_On_COHFACE,COHFACE,old,COHFACE_s29_session0_lamp,39,57.0,59.0,correct,57.0,0.9999999999999999,58.0,0.9953724360950268,56.0,0.894556568489814,59.0,0.9999999999999998,58.0,0.984477322881233,60.0,0.924542226247048,29_0,29,0,lamp,109.252807617,51.6290931702,3.77513744213,0,650.64335269,0.189264863729
UBFC_A1/Eval_On_COHFACE,COHFACE,old,COHFACE_s29_session0_lamp,40,57.0,45.0,large_error,57.0,0.9999999999999999,58.0,0.9741213233186138,56.0,0.9139396633522413,45.0,0.9999999999999998,46.0,0.984843708929581,44.0,0.8875285449321925,29_0,29,0,lamp,109.252807617,51.6290931702,3.77513744213,0,650.64335269,0.189264863729
UBFC_A1/Eval_On_COHFACE,COHFACE,old,COHFACE_s29_session0_lamp,41,57.0,44.0,large_error,57.0,0.9999999999999998,58.0,0.9883336792035389,56.0,0.8981378626962518,44.0,0.9999999999999998,43.0,0.9695530227197896,45.0,0.8994850965465242,29_0,29,0,lamp,109.252807617,51.6290931702,3.77513744213,0,650.64335269,0.189264863729
UBFC_A1/Eval_On_COHFACE,COHFACE,old,COHFACE_s29_session0_lamp,42,57.0,54.0,correct,57.0,0.9999999999999998,58.0,0.9661833914183082,56.0,0.9029346027576916,54.0,0.9999999999999997,55.0,0.9748875616935467,53.0,0.8811834808688206,29_0,29,0,lamp,109.252807617,51.6290931702,3.77513744213,0,650.64335269,0.189264863729
UBFC_A1/Eval_On_COHFACE,COHFACE,old,COHFACE_s29_session0_lamp,43,56.0,53.0,correct,56.0,0.9999999999999999,55.0,0.95524470431258,57.0,0.9216300360411099,53.0,0.9999999999999997,52.0,0.981784916262129,54.0,0.9371686779552407,29_0,29,0,lamp,109.252807617,51.6290931702,3.77513744213,0,650.64335269,0.189264863729
UBFC_A1/Eval_On_COHFACE,COHFACE,old,COHFACE_s29_session0_lamp,44,54.0,52.0,correct,54.0,0.9999999999999998,55.0,0.946075190435032,53.0,0.9305371421177668,52.0,0.9999999999999998,53.0,0.9405842290035724,51.0,0.9338398435916437,29_0,29,0,lamp,109.252807617,51.6290931702,3.77513744213,0,650.64335269,0.189264863729
UBFC_A1/Eval_On_COHFACE,COHFACE,old,COHFACE_s29_session0_lamp,45,53.0,52.0,correct,53.0,0.9999999999999998,54.0,0.9536493484081722,52.0,0.9172609931526691,52.0,0.9999999999999998,51.0,0.9577838729693898,53.0,0.9466159528574482,29_0,29,0,lamp,109.252807617,51.6290931702,3.77513744213,0,650.64335269,0.189264863729
UBFC_A1/Eval_On_COHFACE,COHFACE,old,COHFACE_s29_session0_lamp,46,54.0,53.0,correct,54.0,0.9999999999999998,53.0,0.9848912737557852,55.0,0.8982950240949041,53.0,0.9999999999999998,52.0,0.9723708784858117,54.0,0.9504134919412753,29_0,29,0,lamp,109.252807617,51.6290931702,3.77513744213,0,650.64335269,0.189264863729
UBFC_A1/Eval_On_COHFACE,COHFACE,old,COHFACE_s29_session0_lamp,47,54.0,43.0,large_error,54.0,0.9999999999999999,55.0,0.9830090126316963,53.0,0.9009163552729422,43.0,0.9999999999999998,42.0,0.9677403991280135,44.0,0.9504689742742143,29_0,29,0,lamp,109.252807617,51.6290931702,3.77513744213,0,650.64335269,0.189264863729
UBFC_A1/Eval_On_COHFACE,COHFACE,old,COHFACE_s29_session0_lamp,48,55.0,54.0,correct,55.0,0.9999999999999999,54.0,0.996033997315465,56.0,0.898940414102705,54.0,0.9999999999999998,53.0,0.985843064682843,55.0,0.9009561050815913,29_0,29,0,lamp,109.252807617,51.6290931702,3.77513744213,0,650.64335269,0.189264863729
UBFC_A1/Eval_On_COHFACE,COHFACE,old,COHFACE_s29_session0_lamp,49,54.0,53.0,correct,54.0,0.9999999999999999,55.0,0.9908883894879663,53.0,0.9053492413419513,53.0,0.9999999999999999,54.0,0.9615074959599996,52.0,0.8944400448291767,29_0,29,0,lamp,109.252807617,51.6290931702,3.77513744213,0,650.64335269,0.189264863729
UBFC_A1/Eval_On_COHFACE,COHFACE,old,COHFACE_s29_session0_lamp,50,54.0,56.0,correct,54.0,0.9999999999999999,55.0,0.9967610276418868,53.0,0.8969071154306691,56.0,0.9999999999999998,57.0,0.9732519154019397,55.0,0.9632855060340498,29_0,29,0,lamp,109.252807617,51.6290931702,3.77513744213,0,650.64335269,0.189264863729
UBFC_A1/Eval_On_COHFACE,COHFACE,old,COHFACE_s29_session0_lamp,51,55.0,54.0,correct,55.0,1.0,54.0,0.9922685111685238,56.0,0.8962903899039886,54.0,0.9999999999999999,53.0,0.970290235345359,55.0,0.9323862300208537,29_0,29,0,lamp,109.252807617,51.6290931702,3.77513744213,0,650.64335269,0.189264863729
UBFC_A1/Eval_On_COHFACE,COHFACE,old,COHFACE_s29_session0_lamp,52,54.0,52.0,correct,54.0,1.0,55.0,0.992654158142457,53.0,0.8888391769886612,52.0,0.9999999999999998,53.0,0.9759789222042528,51.0,0.9416818192151503,29_0,29,0,lamp,109.252807617,51.6290931702,3.77513744213,0,650.64335269,0.189264863729
UBFC_A1/Eval_On_COHFACE,COHFACE,old,COHFACE_s29_session0_lamp,53,54.0,52.0,correct,54.0,1.0,55.0,0.9534709408424981,53.0,0.9277516532890906,52.0,0.9999999999999999,51.0,0.9467343030142809,53.0,0.9201796877751621,29_0,29,0,lamp,109.252807617,51.6290931702,3.77513744213,0,650.64335269,0.189264863729
UBFC_A1/Eval_On_COHFACE,COHFACE,old,COHFACE_s29_session0_lamp,54,53.0,52.0,correct,53.0,1.0,54.0,0.9974908837035392,52.0,0.8876207617941329,52.0,0.9999999999999998,53.0,0.9799491148594869,51.0,0.9292512000642352,29_0,29,0,lamp,109.252807617,51.6290931702,3.77513744213,0,650.64335269,0.189264863729
UBFC_A1/Eval_On_COHFACE,COHFACE,old,COHFACE_s29_session0_lamp,55,53.0,53.0,correct,53.0,1.0,54.0,0.9808259485538252,52.0,0.9059027124638248,53.0,0.9999999999999998,54.0,0.9887975245699459,52.0,0.915249290165066,29_0,29,0,lamp,109.252807617,51.6290931702,3.77513744213,0,650.64335269,0.189264863729
UBFC_A1/Eval_On_COHFACE,COHFACE,old,COHFACE_s29_session0_lamp,56,53.0,54.0,correct,53.0,1.0,54.0,0.9937875431124805,52.0,0.8935564605834523,54.0,0.9999999999999999,55.0,0.9655470411115455,53.0,0.9476457617551562,29_0,29,0,lamp,109.252807617,51.6290931702,3.77513744213,0,650.64335269,0.189264863729
UBFC_A1/Eval_On_COHFACE,COHFACE,old,COHFACE_s29_session0_lamp,57,53.0,54.0,correct,53.0,1.0,52.0,0.9501864980810019,54.0,0.9362340136965562,54.0,0.9999999999999999,55.0,0.9577201123244595,53.0,0.9471555780052338,29_0,29,0,lamp,109.252807617,51.6290931702,3.77513744213,0,650.64335269,0.189264863729
UBFC_A1/Eval_On_COHFACE,COHFACE,old,COHFACE_s29_session0_lamp,58,52.0,52.0,correct,52.0,1.0,51.0,0.9533649943074419,53.0,0.9336225932000471,52.0,0.9999999999999999,53.0,0.9983906437989558,51.0,0.8810037183549057,29_0,29,0,lamp,109.252807617,51.6290931702,3.77513744213,0,650.64335269,0.189264863729
UBFC_A1/Eval_On_COHFACE,COHFACE,old,COHFACE_s29_session0_lamp,59,52.0,54.0,correct,52.0,1.0,51.0,0.9858367896979812,53.0,0.9007859380557898,54.0,0.9999999999999997,55.0,0.9954797029078565,53.0,0.937191999835593,29_0,29,0,lamp,109.252807617,51.6290931702,3.77513744213,0,650.64335269,0.189264863729
UBFC_A1/Eval_On_COHFACE,COHFACE,old,COHFACE_s29_session0_lamp,60,52.0,52.0,correct,52.0,1.0,53.0,0.9580759388844472,51.0,0.9295349339318221,52.0,0.9999999999999998,53.0,0.9654699806472443,51.0,0.9644881796149357,29_0,29,0,lamp,109.252807617,51.6290931702,3.77513744213,0,650.64335269,0.189264863729
UBFC_A1/Eval_On_COHFACE,COHFACE,old,COHFACE_s29_session0_lamp,61,53.0,53.0,correct,53.0,1.0,52.0,0.986786791695026,54.0,0.8985110022993019,53.0,0.9999999999999997,52.0,0.9970601360443594,51.0,0.9160669237746109,29_0,29,0,lamp,109.252807617,51.6290931702,3.77513744213,0,650.64335269,0.189264863729
UBFC_A1/Eval_On_COHFACE,COHFACE,old,COHFACE_s29_session0_lamp,62,52.0,51.0,correct,52.0,1.0,53.0,0.9743222906649878,51.0,0.9099823247968151,51.0,0.9999999999999999,52.0,0.9868131837172771,50.0,0.9067790638235803,29_0,29,0,lamp,109.252807617,51.6290931702,3.77513744213,0,650.64335269,0.189264863729
UBFC_A1/Eval_On_COHFACE,COHFACE,old,COHFACE_s29_session0_lamp,63,53.0,81.0,super_harmonic_1p5x,53.0,1.0,52.0,0.9975465416297716,54.0,0.8908142667038175,81.0,0.9999999999999996,80.0,0.971769003311902,82.0,0.9470970232734565,29_0,29,0,lamp,109.252807617,51.6290931702,3.77513744213,0,650.64335269,0.189264863729
UBFC_A1/Eval_On_COHFACE,COHFACE,old,COHFACE_s29_session0_lamp,64,53.0,82.0,super_harmonic_1p5x,53.0,1.0,52.0,0.9825484045213551,54.0,0.9044758869527131,82.0,0.9999999999999996,81.0,0.9797739723096497,83.0,0.9270258877511686,29_0,29,0,lamp,109.252807617,51.6290931702,3.77513744213,0,650.64335269,0.189264863729
UBFC_A1/Eval_On_COHFACE,COHFACE,old,COHFACE_s29_session0_lamp,65,53.0,80.0,super_harmonic_1p5x,53.0,1.0,54.0,0.9459824119281699,52.0,0.9412692695568156,80.0,0.9999999999999991,81.0,0.9820742964777871,79.0,0.8799288552408034,29_0,29,0,lamp,109.252807617,51.6290931702,3.77513744213,0,650.64335269,0.189264863729
UBFC_A1/Eval_On_COHFACE,COHFACE,old,COHFACE_s29_session0_lamp,66,53.0,80.0,super_harmonic_1p5x,53.0,1.0,54.0,0.9464418316421669,52.0,0.9444017689238992,80.0,0.9999999999999997,81.0,0.9446608623443634,79.0,0.8895296938908294,29_0,29,0,lamp,109.252807617,51.6290931702,3.77513744213,0,650.64335269,0.189264863729
UBFC_A1/Eval_On_COHFACE,COHFACE,old,COHFACE_s29_session0_lamp,67,53.0,44.0,large_error,53.0,1.0,52.0,0.9800652701573089,54.0,0.9051310050979166,44.0,0.9999999999999997,45.0,0.9804519764413897,43.0,0.9645733201029247,29_0,29,0,lamp,109.252807617,51.6290931702,3.77513744213,0,650.64335269,0.189264863729
UBFC_A1/Eval_On_COHFACE,COHFACE,old,COHFACE_s29_session0_lamp,68,53.0,45.0,large_error,53.0,1.0,52.0,0.9891036191851028,54.0,0.898761539906764,45.0,0.9999999999999998,46.0,0.9870104388934484,44.0,0.9495407609184913,29_0,29,0,lamp,109.252807617,51.6290931702,3.77513744213,0,650.64335269,0.189264863729
UBFC_A1/Eval_On_COHFACE,COHFACE,old,COHFACE_s29_session0_lamp,69,53.0,52.0,correct,53.0,1.0,52.0,0.9613959643629884,54.0,0.9229220776390571,52.0,0.9999999999999998,51.0,0.9848650988202017,53.0,0.9666259675674304,29_0,29,0,lamp,109.252807617,51.6290931702,3.77513744213,0,650.64335269,0.189264863729
UBFC_A1/Eval_On_COHFACE,COHFACE,old,COHFACE_s29_session0_lamp,70,53.0,53.0,correct,53.0,1.0,52.0,0.9931017227921114,54.0,0.8932335808561934,53.0,0.9999999999999999,52.0,0.9783467437861799,54.0,0.9595668669448028,29_0,29,0,lamp,109.252807617,51.6290931702,3.77513744213,0,650.64335269,0.189264863729
UBFC_A1/Eval_On_COHFACE,COHFACE,old,COHFACE_s29_session0_lamp,71,53.0,52.0,correct,53.0,1.0,52.0,0.9745337866744782,54.0,0.912276609111991,52.0,0.9999999999999999,53.0,0.9710970073017793,51.0,0.920108987715888,29_0,29,0,lamp,109.252807617,51.6290931702,3.77513744213,0,650.64335269,0.189264863729
UBFC_A1/Eval_On_COHFACE,COHFACE,old,COHFACE_s29_session0_lamp,72,52.0,52.0,correct,52.0,1.0,53.0,0.9499739217013405,51.0,0.9352532342550645,52.0,0.9999999999999998,53.0,0.9988784522323049,54.0,0.9184142642067189,29_0,29,0,lamp,109.252807617,51.6290931702,3.77513744213,0,650.64335269,0.189264863729
UBFC_A1/Eval_On_COHFACE,COHFACE,old,COHFACE_s29_session0_lamp,73,52.0,53.0,correct,52.0,1.0,51.0,0.9822709267393845,53.0,0.9032183684972602,53.0,0.9999999999999998,54.0,0.9865343735656806,52.0,0.9280713130854029,29_0,29,0,lamp,109.252807617,51.6290931702,3.77513744213,0,650.64335269,0.189264863729
UBFC_A1/Eval_On_COHFACE,COHFACE,old,COHFACE_s29_session0_lamp,74,52.0,52.0,correct,52.0,1.0,51.0,0.9681515002057973,53.0,0.9128737616319861,52.0,0.9999999999999999,53.0,0.974250171200787,51.0,0.9592966892718044,29_0,29,0,lamp,109.252807617,51.6290931702,3.77513744213,0,650.64335269,0.189264863729
UBFC_A1/Eval_On_COHFACE,COHFACE,old,COHFACE_s29_session0_lamp,75,52.0,51.0,correct,52.0,1.0,51.0,0.9947714509762889,53.0,0.8913010295809239,51.0,0.9999999999999999,52.0,0.9670696046554446,50.0,0.9500667441246717,29_0,29,0,lamp,109.252807617,51.6290931702,3.77513744213,0,650.64335269,0.189264863729
UBFC_A1/Eval_On_COHFACE,COHFACE,old,COHFACE_s29_session0_lamp,76,51.0,51.0,correct,51.0,1.0,50.0,0.947438320476104,52.0,0.945520081259722,51.0,0.9999999999999999,52.0,0.9652195846823596,50.0,0.9499303015521248,29_0,29,0,lamp,109.252807617,51.6290931702,3.77513744213,0,650.64335269,0.189264863729
UBFC_A1/Eval_On_COHFACE,COHFACE,old,COHFACE_s29_session0_lamp,77,51.0,50.0,correct,51.0,1.0,50.0,0.9883505703862272,52.0,0.9023158220700493,50.0,0.9999999999999999,51.0,0.9467147410309641,49.0,0.8986973895364041,29_0,29,0,lamp,109.252807617,51.6290931702,3.77513744213,0,650.64335269,0.189264863729
UBFC_A1/Eval_On_COHFACE,COHFACE,old,COHFACE_s29_session0_lamp,78,51.0,78.0,super_harmonic_1p5x,51.0,1.0,50.0,0.9567359484878496,52.0,0.9267651894290492,78.0,0.9999999999999997,77.0,0.9962417552076874,79.0,0.930369756010323,29_0,29,0,lamp,109.252807617,51.6290931702,3.77513744213,0,650.64335269,0.189264863729
UBFC_A1/Eval_On_COHFACE,COHFACE,old,COHFACE_s29_session0_lamp,79,52.0,51.0,correct,52.0,1.0,51.0,0.9775387969739107,53.0,0.9083696287993619,51.0,0.9999999999999998,50.0,0.9537518073955659,52.0,0.9533423122211442,29_0,29,0,lamp,109.252807617,51.6290931702,3.77513744213,0,650.64335269,0.189264863729
UBFC_A1/Eval_On_COHFACE,COHFACE,old,COHFACE_s29_session0_lamp,80,52.0,76.0,super_harmonic_1p5x,52.0,1.0,51.0,0.9820160123936884,53.0,0.9049964875458943,76.0,0.9999999999999998,75.0,0.9785893364787368,77.0,0.9393078290493315,29_0,29,0,lamp,109.252807617,51.6290931702,3.77513744213,0,650.64335269,0.189264863729
UBFC_A1/Eval_On_COHFACE,COHFACE,old,COHFACE_s29_session0_lamp,81,51.0,79.0,super_harmonic_1p5x,51.0,1.0,52.0,0.9459451542718565,50.0,0.9345654398589266,79.0,0.9999999999999998,80.0,0.98326968143584,78.0,0.963457560309094,29_0,29,0,lamp,109.252807617,51.6290931702,3.77513744213,0,650.64335269,0.189264863729
UBFC_A1/Eval_On_COHFACE,COHFACE,old,COHFACE_s29_session0_lamp,82,51.0,52.0,correct,51.0,1.0,52.0,0.9735000476380621,50.0,0.9106131531487264,52.0,0.9999999999999999,53.0,0.9818364892986033,51.0,0.8995082280435799,29_0,29,0,lamp,109.252807617,51.6290931702,3.77513744213,0,650.64335269,0.189264863729
UBFC_A1/Eval_On_COHFACE,COHFACE,old,COHFACE_s29_session0_lamp,83,52.0,53.0,correct,52.0,1.0,51.0,0.9912975899041176,53.0,0.8975894243207451,53.0,0.9999999999999999,54.0,0.9943598503255697,52.0,0.9001004223872497,29_0,29,0,lamp,109.252807617,51.6290931702,3.77513744213,0,650.64335269,0.189264863729
UBFC_A1/Eval_On_COHFACE,COHFACE,old,COHFACE_s29_session0_lamp,84,51.0,52.0,correct,51.0,1.0,52.0,0.9649772262266544,50.0,0.9195412105881162,52.0,0.9999999999999998,53.0,0.9983375546598089,51.0,0.9087086351811969,29_0,29,0,lamp,109.252807617,51.6290931702,3.77513744213,0,650.64335269,0.189264863729
UBFC_A1/Eval_On_COHFACE,COHFACE,old,COHFACE_s29_session0_lamp,85,51.0,52.0,correct,51.0,1.0,50.0,0.9423674413871855,52.0,0.9379529765960462,52.0,0.9999999999999999,51.0,0.9767931314690117,53.0,0.9291716539053037,29_0,29,0,lamp,109.252807617,51.6290931702,3.77513744213,0,650.64335269,0.189264863729
UBFC_A1/Eval_On_COHFACE,COHFACE,old,COHFACE_s29_session0_lamp,86,51.0,51.0,correct,51.0,1.0,52.0,0.9573228390270148,50.0,0.9287659900692055,51.0,0.9999999999999998,52.0,0.9808240143001502,50.0,0.890182014173483,29_0,29,0,lamp,109.252807617,51.6290931702,3.77513744213,0,650.64335269,0.189264863729
UBFC_A1/Eval_On_COHFACE,COHFACE,old,COHFACE_s29_session0_lamp,87,52.0,53.0,correct,52.0,1.0,51.0,0.9490224802705948,53.0,0.936194039363975,53.0,0.9999999999999998,52.0,0.9654682956384882,54.0,0.9327424363542132,29_0,29,0,lamp,109.252807617,51.6290931702,3.77513744213,0,650.64335269,0.189264863729
UBFC_A1/Eval_On_COHFACE,COHFACE,old,COHFACE_s29_session0_lamp,88,52.0,51.0,correct,52.0,1.0,53.0,0.9650478643620386,51.0,0.9191305782931745,51.0,0.9999999999999998,52.0,0.9906244021272438,50.0,0.9456911524375473,29_0,29,0,lamp,109.252807617,51.6290931702,3.77513744213,0,650.64335269,0.189264863729
UBFC_A1/Eval_On_COHFACE,COHFACE,old,COHFACE_s29_session0_lamp,89,52.0,52.0,correct,52.0,1.0,53.0,0.9590080123937812,51.0,0.9279646353861712,52.0,0.9999999999999998,53.0,0.9747143369794333,51.0,0.9541133627268134,29_0,29,0,lamp,109.252807617,51.6290931702,3.77513744213,0,650.64335269,0.189264863729
UBFC_A1/Eval_On_COHFACE,COHFACE,old,COHFACE_s29_session0_lamp,90,53.0,52.0,correct,53.0,1.0,52.0,0.9889097287370787,54.0,0.9016186332106634,52.0,0.9999999999999999,53.0,0.9666994906428066,51.0,0.9475754130610531,29_0,29,0,lamp,109.252807617,51.6290931702,3.77513744213,0,650.64335269,0.189264863729
UBFC_A1/Eval_On_COHFACE,COHFACE,old,COHFACE_s29_session0_lamp,91,53.0,51.0,correct,53.0,1.0,54.0,0.9589581062780768,52.0,0.9262646333264496,51.0,0.9999999999999998,52.0,0.9800633050300038,50.0,0.9621450377138895,29_0,29,0,lamp,109.252807617,51.6290931702,3.77513744213,0,650.64335269,0.189264863729
UBFC_A1/Eval_On_COHFACE,COHFACE,old,COHFACE_s29_session0_lamp,92,53.0,52.0,correct,53.0,1.0,52.0,0.9512092398122882,54.0,0.9363245835488162,52.0,0.9999999999999998,51.0,0.9622599545540961,53.0,0.925025281834912,29_0,29,0,lamp,109.252807617,51.6290931702,3.77513744213,0,650.64335269,0.189264863729
UBFC_A1/Eval_On_COHFACE,COHFACE,old,COHFACE_s29_session0_lamp,93,53.0,51.0,correct,53.0,1.0,54.0,0.9554465259354613,52.0,0.9320732198637521,51.0,0.9999999999999998,50.0,0.9637534798448546,52.0,0.950231619508163,29_0,29,0,lamp,109.252807617,51.6290931702,3.77513744213,0,650.64335269,0.189264863729
UBFC_A1/Eval_On_COHFACE,COHFACE,old,COHFACE_s29_session0_lamp,94,53.0,83.0,super_harmonic_1p5x,53.0,1.0,52.0,0.9533612250362953,54.0,0.9316109457058956,83.0,0.9999999999999997,84.0,0.9765708007873541,82.0,0.907280323521829,29_0,29,0,lamp,109.252807617,51.6290931702,3.77513744213,0,650.64335269,0.189264863729
UBFC_A1/Eval_On_COHFACE,COHFACE,old,COHFACE_s29_session0_lamp,95,53.0,79.0,super_harmonic_1p5x,53.0,1.0,54.0,0.9610172677922987,52.0,0.9282951905971808,79.0,0.9999999999999999,80.0,0.9705680559650287,78.0,0.9511651947497332,29_0,29,0,lamp,109.252807617,51.6290931702,3.77513744213,0,650.64335269,0.189264863729
UBFC_A1/Eval_On_COHFACE,COHFACE,old,COHFACE_s29_session0_lamp,96,54.0,79.0,super_harmonic_1p5x,54.0,1.0,53.0,0.9725680523109898,55.0,0.9215756900443329,79.0,0.9999999999999998,80.0,0.9927082721054201,78.0,0.913606684505057,29_0,29,0,lamp,109.252807617,51.6290931702,3.77513744213,0,650.64335269,0.189264863729
UBFC_A1/Eval_On_COHFACE,COHFACE,old,COHFACE_s29_session0_lamp,97,54.0,79.0,super_harmonic_1p5x,54.0,0.9999999999999999,55.0,0.9979361004952081,53.0,0.902130924679449,79.0,0.9999999999999998,78.0,0.9899744636247197,80.0,0.9219838292627205,29_0,29,0,lamp,109.252807617,51.6290931702,3.77513744213,0,650.64335269,0.189264863729
UBFC_A1/Eval_On_COHFACE,COHFACE,old,COHFACE_s29_session0_lamp,98,55.0,77.0,super_harmonic_1p5x,55.0,1.0,56.0,0.9558907945957683,54.0,0.9300288605950868,77.0,0.9999999999999998,78.0,0.9726122188596751,76.0,0.9443247093887973,29_0,29,0,lamp,109.252807617,51.6290931702,3.77513744213,0,650.64335269,0.189264863729
UBFC_A1/Eval_On_COHFACE,COHFACE,old,COHFACE_s29_session1_lamp,0,53.0,97.0,super_harmonic_2x,53.0,1.0,52.0,0.9712976920170088,54.0,0.9291141664156138,97.0,0.9999999999999993,98.0,0.9799742720230152,96.0,0.8744490361398983,29_1,29,1,lamp,120.2862854,38.6267967224,1.16141751069,0,463.733477221,0.145460247993
UBFC_A1/Eval_On_COHFACE,COHFACE,old,COHFACE_s29_session1_lamp,1,53.0,67.0,super_harmonic_1p5x,53.0,1.0,54.0,0.9555029201561782,52.0,0.9281189057219369,67.0,0.9999999999999996,68.0,0.9703849506532152,66.0,0.8610531371613808,29_1,29,1,lamp,120.2862854,38.6267967224,1.16141751069,0,463.733477221,0.145460247993
UBFC_A1/Eval_On_COHFACE,COHFACE,old,COHFACE_s29_session1_lamp,2,53.0,53.0,correct,53.0,1.0,54.0,0.9597194621875044,52.0,0.9227974756798678,53.0,0.9999999999999999,54.0,0.9856251729762735,52.0,0.8848375459079308,29_1,29,1,lamp,120.2862854,38.6267967224,1.16141751069,0,463.733477221,0.145460247993
UBFC_A1/Eval_On_COHFACE,COHFACE,old,COHFACE_s29_session1_lamp,3,53.0,55.0,correct,53.0,1.0,54.0,0.948529829826397,52.0,0.9345611962688276,55.0,0.9999999999999996,54.0,0.9855703822882799,56.0,0.9752678690923966,29_1,29,1,lamp,120.2862854,38.6267967224,1.16141751069,0,463.733477221,0.145460247993
UBFC_A1/Eval_On_COHFACE,COHFACE,old,COHFACE_s29_session1_lamp,4,54.0,55.0,correct,54.0,1.0,53.0,0.994183645692641,55.0,0.8917613762454721,55.0,0.9999999999999996,56.0,0.9794345026445863,54.0,0.9774664839097738,29_1,29,1,lamp,120.2862854,38.6267967224,1.16141751069,0,463.733477221,0.145460247993
UBFC_A1/Eval_On_COHFACE,COHFACE,old,COHFACE_s29_session1_lamp,5,54.0,67.0,large_error,54.0,1.0,53.0,0.9472834643152022,55.0,0.9374782409579934,67.0,0.9999999999999998,68.0,0.960842553249968,66.0,0.9510590269941115,29_1,29,1,lamp,120.2862854,38.6267967224,1.16141751069,0,463.733477221,0.145460247993
UBFC_A1/Eval_On_COHFACE,COHFACE,old,COHFACE_s29_session1_lamp,6,55.0,81.0,super_harmonic_1p5x,55.0,1.0,54.0,0.9906830268938093,56.0,0.8954854283793283,81.0,0.9999999999999996,82.0,0.9606425170083243,80.0,0.9273551558524653,29_1,29,1,lamp,120.2862854,38.6267967224,1.16141751069,0,463.733477221,0.145460247993
UBFC_A1/Eval_On_COHFACE,COHFACE,old,COHFACE_s29_session1_lamp,7,55.0,81.0,super_harmonic_1p5x,55.0,1.0,54.0,0.9493813549704883,56.0,0.9414031723283882,81.0,0.9999999999999996,82.0,0.981325430669316,80.0,0.9008604552093284,29_1,29,1,lamp,120.2862854,38.6267967224,1.16141751069,0,463.733477221,0.145460247993
UBFC_A1/Eval_On_COHFACE,COHFACE,old,COHFACE_s29_session1_lamp,8,54.0,120.0,super_harmonic_2x,54.0,1.0,55.0,0.9929815293658815,53.0,0.8963373433539049,120.0,0.9999999999999997,119.0,0.9566869808432205,121.0,0.9388227058620879,29_1,29,1,lamp,120.2862854,38.6267967224,1.16141751069,0,463.733477221,0.145460247993
UBFC_A1/Eval_On_COHFACE,COHFACE,old,COHFACE_s29_session1_lamp,9,54.0,119.0,super_harmonic_2x,54.0,1.0,53.0,0.9583696933325401,55.0,0.9276259799882665,119.0,0.9999999999999997,118.0,0.9735897944091413,120.0,0.9225754306653943,29_1,29,1,lamp,120.2862854,38.6267967224,1.16141751069,0,463.733477221,0.145460247993
UBFC_A1/Eval_On_COHFACE,COHFACE,old,COHFACE_s29_session1_lamp,10,54.0,118.0,super_harmonic_2x,54.0,1.0,53.0,0.9876844842001369,55.0,0.8936337875436501,118.0,0.9999999999999996,119.0,0.9591339519074247,117.0,0.9488220244297288,29_1,29,1,lamp,120.2862854,38.6267967224,1.16141751069,0,463.733477221,0.145460247993
UBFC_A1/Eval_On_COHFACE,COHFACE,old,COHFACE_s29_session1_lamp,11,53.0,53.0,correct,53.0,1.0,54.0,0.9420838515391392,52.0,0.9373260072784171,53.0,0.9999999999999999,52.0,0.9319088725291955,54.0,0.9286567472070938,29_1,29,1,lamp,120.2862854,38.6267967224,1.16141751069,0,463.733477221,0.145460247993
UBFC_A1/Eval_On_COHFACE,COHFACE,old,COHFACE_s29_session1_lamp,12,52.0,51.0,correct,52.0,1.0,53.0,0.9547824529018275,51.0,0.9351778227808725,51.0,0.9999999999999998,52.0,0.9881093598096827,50.0,0.927908261391911,29_1,29,1,lamp,120.2862854,38.6267967224,1.16141751069,0,463.733477221,0.145460247993
UBFC_A1/Eval_On_COHFACE,COHFACE,old,COHFACE_s29_session1_lamp,13,52.0,50.0,correct,52.0,1.0,51.0,0.9699836286849163,53.0,0.9096096378910871,50.0,0.9999999999999998,51.0,0.9927919444633612,49.0,0.9658491254736814,29_1,29,1,lamp,120.2862854,38.6267967224,1.16141751069,0,463.733477221,0.145460247993
UBFC_A1/Eval_On_COHFACE,COHFACE,old,COHFACE_s29_session1_lamp,14,52.0,55.0,correct,52.0,1.0,51.0,0.9934088688444087,53.0,0.8933135571493406,55.0,0.9999999999999998,54.0,0.9806965377923981,56.0,0.9666973083591947,29_1,29,1,lamp,120.2862854,38.6267967224,1.16141751069,0,463.733477221,0.145460247993
UBFC_A1/Eval_On_COHFACE,COHFACE,old,COHFACE_s29_session1_lamp,15,52.0,54.0,correct,52.0,1.0,51.0,0.9815229329912766,53.0,0.9033277578588146,54.0,0.9999999999999998,53.0,0.983100128235286,55.0,0.935046471749664,29_1,29,1,lamp,120.2862854,38.6267967224,1.16141751069,0,463.733477221,0.145460247993
UBFC_A1/Eval_On_COHFACE,COHFACE,old,COHFACE_s29_session1_lamp,16,52.0,56.0,large_error,52.0,1.0,51.0,0.9493181494407958,53.0,0.9391782963279542,56.0,0.9999999999999997,57.0,0.9794110551644648,55.0,0.957848153079401,29_1,29,1,lamp,120.2862854,38.6267967224,1.16141751069,0,463.733477221,0.145460247993
UBFC_A1/Eval_On_COHFACE,COHFACE,old,COHFACE_s29_session1_lamp,17,52.0,60.0,large_error,52.0,1.0,53.0,0.9745374803750736,51.0,0.9149099125889363,60.0,0.9999999999999999,59.0,0.9745829262027477,61.0,0.9192313067919989,29_1,29,1,lamp,120.2862854,38.6267967224,1.16141751069,0,463.733477221,0.145460247993
UBFC_A1/Eval_On_COHFACE,COHFACE,old,COHFACE_s29_session1_lamp,18,53.0,61.99999999999999,large_error,53.0,1.0,52.0,0.98753744119899,54.0,0.8966919907656398,61.99999999999999,0.9999999999999997,63.0,0.976270189952107,61.0,0.9485556437042558,29_1,29,1,lamp,120.2862854,38.6267967224,1.16141751069,0,463.733477221,0.145460247993
UBFC_A1/Eval_On_COHFACE,COHFACE,old,COHFACE_s29_session1_lamp,19,52.0,61.99999999999999,large_error,52.0,1.0,53.0,0.9908925361122156,51.0,0.8947677347486547,61.99999999999999,0.9999999999999996,61.0,0.9885760493565469,63.0,0.9297183420349957,29_1,29,1,lamp,120.2862854,38.6267967224,1.16141751069,0,463.733477221,0.145460247993
UBFC_A1/Eval_On_COHFACE,COHFACE,old,COHFACE_s29_session1_lamp,20,52.0,41.0,large_error,52.0,1.0,53.0,0.974676972795779,51.0,0.9065171947740256,41.0,0.9999999999999997,40.0,0.965959975459441,79.0,0.965082113555487,29_1,29,1,lamp,120.2862854,38.6267967224,1.16141751069,0,463.733477221,0.145460247993
UBFC_A1/Eval_On_COHFACE,COHFACE,old,COHFACE_s29_session1_lamp,21,53.0,43.0,large_error,53.0,1.0,52.0,0.9665064015320004,54.0,0.9201315602527373,43.0,0.9999999999999997,44.0,0.9931064380279775,42.0,0.9323357217486073,29_1,29,1,lamp,120.2862854,38.6267967224,1.16141751069,0,463.733477221,0.145460247993
UBFC_A1/Eval_On_COHFACE,COHFACE,old,COHFACE_s29_session1_lamp,22,53.0,44.0,large_error,53.0,1.0,54.0,0.9517514032040147,52.0,0.9357806266819669,44.0,0.9999999999999994,43.0,0.9878134377488302,45.0,0.9371526197580623,29_1,29,1,lamp,120.2862854,38.6267967224,1.16141751069,0,463.733477221,0.145460247993
UBFC_A1/Eval_On_COHFACE,COHFACE,old,COHFACE_s29_session1_lamp,23,53.0,44.0,large_error,53.0,1.0,52.0,0.9523444851796214,54.0,0.9327564825587333,44.0,0.9999999999999998,43.0,0.9768240885525917,45.0,0.9390688541718138,29_1,29,1,lamp,120.2862854,38.6267967224,1.16141751069,0,463.733477221,0.145460247993
UBFC_A1/Eval_On_COHFACE,COHFACE,old,COHFACE_s29_session1_lamp,24,53.0,80.0,super_harmonic_1p5x,53.0,1.0,52.0,0.9743498929921753,54.0,0.9093634193806555,80.0,0.9999999999999996,81.0,0.9535228725004424,79.0,0.898969093618472,29_1,29,1,lamp,120.2862854,38.6267967224,1.16141751069,0,463.733477221,0.145460247993
UBFC_A1/Eval_On_COHFACE,COHFACE,old,COHFACE_s29_session1_lamp,25,53.0,52.0,correct,53.0,1.0,52.0,0.9715110405605504,54.0,0.9144096488734218,52.0,0.9999999999999998,53.0,0.9124893322616867,51.0,0.9121419458768695,29_1,29,1,lamp,120.2862854,38.6267967224,1.16141751069,0,463.733477221,0.145460247993
UBFC_A1/Eval_On_COHFACE,COHFACE,old,COHFACE_s29_session1_lamp,26,53.0,54.0,correct,53.0,1.0,54.0,0.9575578335329511,52.0,0.927873783728249,54.0,0.9999999999999998,53.0,0.988114406703254,55.0,0.8949807528703103,29_1,29,1,lamp,120.2862854,38.6267967224,1.16141751069,0,463.733477221,0.145460247993
UBFC_A1/Eval_On_COHFACE,COHFACE,old,COHFACE_s29_session1_lamp,27,53.0,53.0,correct,53.0,1.0,54.0,0.9534577568257127,52.0,0.9273196730217305,53.0,0.9999999999999998,54.0,0.9660180046510473,52.0,0.9488528593603482,29_1,29,1,lamp,120.2862854,38.6267967224,1.16141751069,0,463.733477221,0.145460247993
UBFC_A1/Eval_On_COHFACE,COHFACE,old,COHFACE_s29_session1_lamp,28,53.0,52.0,correct,53.0,1.0,52.0,0.9473965762200738,54.0,0.939907376366461,52.0,0.9999999999999998,53.0,0.9919258559034111,51.0,0.9255331273261398,29_1,29,1,lamp,120.2862854,38.6267967224,1.16141751069,0,463.733477221,0.145460247993
UBFC_A1/Eval_On_COHFACE,COHFACE,old,COHFACE_s29_session1_lamp,29,53.0,53.0,correct,53.0,1.0,52.0,0.9451295664949524,54.0,0.9375709920370774,53.0,0.9999999999999999,52.0,0.9602293984879965,54.0,0.9505622903005482,29_1,29,1,lamp,120.2862854,38.6267967224,1.16141751069,0,463.733477221,0.145460247993
UBFC_A1/Eval_On_COHFACE,COHFACE,old,COHFACE_s29_session1_lamp,30,53.0,54.0,correct,53.0,1.0,54.0,0.9571747361089258,52.0,0.9282188872553345,54.0,0.9999999999999998,55.0,0.9841399464339442,53.0,0.9438626191618795,29_1,29,1,lamp,120.2862854,38.6267967224,1.16141751069,0,463.733477221,0.145460247993
UBFC_A1/Eval_On_COHFACE,COHFACE,old,COHFACE_s29_session1_lamp,31,54.0,54.0,correct,54.0,1.0,53.0,0.9978291332513283,55.0,0.8892012956314672,54.0,0.9999999999999998,55.0,0.9956712155683931,53.0,0.933496336113706,29_1,29,1,lamp,120.2862854,38.6267967224,1.16141751069,0,463.733477221,0.145460247993
UBFC_A1/Eval_On_COHFACE,COHFACE,old,COHFACE_s29_session1_lamp,32,54.0,56.0,correct,54.0,1.0,53.0,0.9940822368583007,55.0,0.8951732537410602,56.0,0.9999999999999997,57.0,0.9832235328158695,55.0,0.9177932451968626,29_1,29,1,lamp,120.2862854,38.6267967224,1.16141751069,0,463.733477221,0.145460247993
UBFC_A1/Eval_On_COHFACE,COHFACE,old,COHFACE_s29_session1_lamp,33,53.0,80.0,super_harmonic_1p5x,53.0,1.0,52.0,0.9779413858738272,54.0,0.9125774433717175,80.0,0.9999999999999996,81.0,0.9783096513060604,40.0,0.86945738814072,29_1,29,1,lamp,120.2862854,38.6267967224,1.16141751069,0,463.733477221,0.145460247993
UBFC_A1/Eval_On_COHFACE,COHFACE,old,COHFACE_s29_session1_lamp,34,52.0,52.0,correct,52.0,1.0,53.0,0.9674616300271829,51.0,0.9148522897957835,52.0,0.9999999999999998,53.0,0.9466445604998288,51.0,0.9278569732694155,29_1,29,1,lamp,120.2862854,38.6267967224,1.16141751069,0,463.733477221,0.145460247993
UBFC_A1/Eval_On_COHFACE,COHFACE,old,COHFACE_s29_session1_lamp,35,52.0,52.0,correct,52.0,1.0,53.0,0.956805236218397,51.0,0.9283354020181013,52.0,0.9999999999999999,53.0,0.9857017652026622,51.0,0.8969160354796236,29_1,29,1,lamp,120.2862854,38.6267967224,1.16141751069,0,463.733477221,0.145460247993
UBFC_A1/Eval_On_COHFACE,COHFACE,old,COHFACE_s29_session1_lamp,36,52.0,53.0,correct,52.0,0.9999999999999999,53.0,0.9955044336402615,51.0,0.8959401720202779,53.0,0.9999999999999997,52.0,0.9781970661339486,54.0,0.9334825185630329,29_1,29,1,lamp,120.2862854,38.6267967224,1.16141751069,0,463.733477221,0.145460247993
UBFC_A1/Eval_On_COHFACE,COHFACE,old,COHFACE_s29_session1_lamp,37,53.0,53.0,correct,53.0,0.9999999999999999,54.0,0.9678730846358503,52.0,0.918344124339092,53.0,0.9999999999999998,54.0,0.9636328249657485,52.0,0.9545268211185618,29_1,29,1,lamp,120.2862854,38.6267967224,1.16141751069,0,463.733477221,0.145460247993
UBFC_A1/Eval_On_COHFACE,COHFACE,old,COHFACE_s29_session1_lamp,38,54.0,53.0,correct,54.0,0.9999999999999999,53.0,0.9894998383559716,55.0,0.8945750396792609,53.0,0.9999999999999998,52.0,0.973117601581512,54.0,0.9231156942163552,29_1,29,1,lamp,120.2862854,38.6267967224,1.16141751069,0,463.733477221,0.145460247993
UBFC_A1/Eval_On_COHFACE,COHFACE,old,COHFACE_s29_session1_lamp,39,54.0,53.0,correct,54.0,0.9999999999999999,55.0,0.9798684163587957,53.0,0.9024171179149262,53.0,0.9999999999999998,52.0,0.9862867453351409,54.0,0.9243883443498876,29_1,29,1,lamp,120.2862854,38.6267967224,1.16141751069,0,463.733477221,0.145460247993
UBFC_A1/Eval_On_COHFACE,COHFACE,old,COHFACE_s29_session1_lamp,40,55.0,54.0,correct,55.0,0.9999999999999999,54.0,0.9630362323165741,56.0,0.9237329196494298,54.0,0.9999999999999999,53.0,0.9927944256128088,55.0,0.9040173571573095,29_1,29,1,lamp,120.2862854,38.6267967224,1.16141751069,0,463.733477221,0.145460247993
UBFC_A1/Eval_On_COHFACE,COHFACE,old,COHFACE_s29_session1_lamp,41,55.0,57.0,correct,55.0,0.9999999999999999,56.0,0.971229616449199,54.0,0.9232582753244764,57.0,0.9999999999999997,56.0,0.947461307131016,58.0,0.9311885598623322,29_1,29,1,lamp,120.2862854,38.6267967224,1.16141751069,0,463.733477221,0.145460247993
UBFC_A1/Eval_On_COHFACE,COHFACE,old,COHFACE_s29_session1_lamp,42,56.0,81.0,super_harmonic_1p5x,56.0,0.9999999999999999,55.0,0.996988401609271,57.0,0.8948479916064923,81.0,0.9999999999999998,80.0,0.9598753758656643,82.0,0.9148799751769524,29_1,29,1,lamp,120.2862854,38.6267967224,1.16141751069,0,463.733477221,0.145460247993
UBFC_A1/Eval_On_COHFACE,COHFACE,old,COHFACE_s29_session1_lamp,43,55.0,81.0,super_harmonic_1p5x,55.0,0.9999999999999999,56.0,0.9762318576859528,54.0,0.9138950366414488,81.0,0.9999999999999996,80.0,0.9672765503111668,82.0,0.927431999593197,29_1,29,1,lamp,120.2862854,38.6267967224,1.16141751069,0,463.733477221,0.145460247993
UBFC_A1/Eval_On_COHFACE,COHFACE,old,COHFACE_s29_session1_lamp,44,55.0,77.0,super_harmonic_1p5x,55.0,0.9999999999999999,56.0,0.9584785737215167,54.0,0.9246327460788046,77.0,0.9999999999999998,76.0,0.9903669852475706,78.0,0.9194845419453248,29_1,29,1,lamp,120.2862854,38.6267967224,1.16141751069,0,463.733477221,0.145460247993
UBFC_A1/Eval_On_COHFACE,COHFACE,old,COHFACE_s29_session1_lamp,45,55.0,80.0,super_harmonic_1p5x,55.0,0.9999999999999999,56.0,0.9467419571307184,54.0,0.9346321224516633,80.0,0.9999999999999997,81.0,0.9857813091849617,40.0,0.9128949255156098,29_1,29,1,lamp,120.2862854,38.6267967224,1.16141751069,0,463.733477221,0.145460247993
UBFC_A1/Eval_On_COHFACE,COHFACE,old,COHFACE_s29_session1_lamp,46,55.0,81.0,super_harmonic_1p5x,55.0,0.9999999999999999,56.0,0.997925117289148,54.0,0.8850408001820783,81.0,0.9999999999999996,82.0,0.9941708462693487,80.0,0.9163109533741182,29_1,29,1,lamp,120.2862854,38.6267967224,1.16141751069,0,463.733477221,0.145460247993
UBFC_A1/Eval_On_COHFACE,COHFACE,old,COHFACE_s29_session1_lamp,47,56.0,43.0,large_error,56.0,0.9999999999999999,57.0,0.9770150560326611,55.0,0.9029041185985448,43.0,0.9999999999999998,42.0,0.9721894532086298,54.0,0.9216556628831915,29_1,29,1,lamp,120.2862854,38.6267967224,1.16141751069,0,463.733477221,0.145460247993
UBFC_A1/Eval_On_COHFACE,COHFACE,old,COHFACE_s29_session1_lamp,48,56.0,40.0,large_error,56.0,0.9999999999999999,57.0,0.9788678434536359,55.0,0.8966559035287414,40.0,0.9999999999999994,55.0,0.9953032840007899,54.0,0.9859945415872541,29_1,29,1,lamp,120.2862854,38.6267967224,1.16141751069,0,463.733477221,0.145460247993
UBFC_A1/Eval_On_COHFACE,COHFACE,old,COHFACE_s29_session1_lamp,49,56.0,40.0,large_error,56.0,0.9999999999999999,57.0,0.9575198754330168,55.0,0.9170637901842602,40.0,0.9999999999999992,41.0,0.9239704814441672,81.0,0.896010010735263,29_1,29,1,lamp,120.2862854,38.6267967224,1.16141751069,0,463.733477221,0.145460247993
UBFC_A1/Eval_On_COHFACE,COHFACE,old,COHFACE_s29_session1_lamp,50,56.0,53.0,correct,56.0,0.9999999999999999,57.0,0.9637747561889539,55.0,0.9179903747963125,53.0,0.9999999999999998,52.0,0.9568248286004994,54.0,0.9216332107343965,29_1,29,1,lamp,120.2862854,38.6267967224,1.16141751069,0,463.733477221,0.145460247993
UBFC_A1/Eval_On_COHFACE,COHFACE,old,COHFACE_s29_session2_natural,0,58.0,59.0,correct,58.0,1.0,57.0,0.9705797968070587,59.0,0.9232354258531994,59.0,0.9999999999999997,58.0,0.9536432931758293,60.0,0.9456682180044805,29_2,29,2,natural,114.102149963,47.3961219788,1.61939987531,0,553.046560551,0.190543889999
UBFC_A1/Eval_On_COHFACE,COHFACE,old,COHFACE_s29_session2_natural,1,57.0,59.0,correct,57.0,0.9999999999999999,56.0,0.9900436913202684,58.0,0.9058961101549262,59.0,0.9999999999999997,60.0,0.997595683934212,58.0,0.8634277429508589,29_2,29,2,natural,114.102149963,47.3961219788,1.61939987531,0,553.046560551,0.190543889999
UBFC_A1/Eval_On_COHFACE,COHFACE,old,COHFACE_s29_session2_natural,2,56.0,66.0,large_error,56.0,0.9999999999999999,55.0,0.9807232844745862,57.0,0.9008586078460142,66.0,0.9999999999999993,67.0,0.9964520184506835,65.0,0.8555940686275996,29_2,29,2,natural,114.102149963,47.3961219788,1.61939987531,0,553.046560551,0.190543889999
UBFC_A1/Eval_On_COHFACE,COHFACE,old,COHFACE_s29_session2_natural,3,54.0,40.0,large_error,54.0,0.9999999999999999,55.0,0.9964191278560465,53.0,0.9122357308814265,40.0,0.9999999999999993,49.0,0.8658430077712272,50.0,0.8064839844609161,29_2,29,2,natural,114.102149963,47.3961219788,1.61939987531,0,553.046560551,0.190543889999
UBFC_A1/Eval_On_COHFACE,COHFACE,old,COHFACE_s29_session2_natural,4,53.0,52.0,correct,53.0,1.0,54.0,0.9993450047378014,52.0,0.9032839570607311,52.0,0.9999999999999996,51.0,0.9564448620194986,53.0,0.9404209023551191,29_2,29,2,natural,114.102149963,47.3961219788,1.61939987531,0,553.046560551,0.190543889999
UBFC_A1/Eval_On_COHFACE,COHFACE,old,COHFACE_s29_session2_natural,5,54.0,44.0,large_error,54.0,1.0,53.0,0.9775538801959144,55.0,0.910726673645897,44.0,0.9999999999999998,43.0,0.9606319272488028,45.0,0.9480873460079591,29_2,29,2,natural,114.102149963,47.3961219788,1.61939987531,0,553.046560551,0.190543889999
UBFC_A1/Eval_On_COHFACE,COHFACE,old,COHFACE_s29_session2_natural,6,55.0,42.0,large_error,55.0,1.0,54.0,0.9900522850247134,56.0,0.9000113556151318,42.0,0.9999999999999998,41.0,0.9649402008752044,43.0,0.9611130323008641,29_2,29,2,natural,114.102149963,47.3961219788,1.61939987531,0,553.046560551,0.190543889999
UBFC_A1/Eval_On_COHFACE,COHFACE,old,COHFACE_s29_session2_natural,7,55.0,82.0,super_harmonic_1p5x,55.0,1.0,54.0,0.9617475480740042,56.0,0.9246681258052991,82.0,0.9999999999999998,83.0,0.9651136623488792,81.0,0.9389394550414443,29_2,29,2,natural,114.102149963,47.3961219788,1.61939987531,0,553.046560551,0.190543889999
UBFC_A1/Eval_On_COHFACE,COHFACE,old,COHFACE_s29_session2_natural,8,54.0,43.0,large_error,54.0,1.0,55.0,0.9544171731135381,53.0,0.9249347634897944,43.0,0.9999999999999999,44.0,0.9485956273818037,42.0,0.9117565592790154,29_2,29,2,natural,114.102149963,47.3961219788,1.61939987531,0,553.046560551,0.190543889999
UBFC_A1/Eval_On_COHFACE,COHFACE,old,COHFACE_s29_session2_natural,9,53.0,53.0,correct,53.0,1.0,52.0,0.9748531151951172,54.0,0.9181136017874495,53.0,0.9999999999999999,52.0,0.9481642846304574,54.0,0.9334962302861368,29_2,29,2,natural,114.102149963,47.3961219788,1.61939987531,0,553.046560551,0.190543889999
UBFC_A1/Eval_On_COHFACE,COHFACE,old,COHFACE_s29_session2_natural,10,52.0,50.0,correct,52.0,1.0,51.0,0.9813336366958887,53.0,0.9096466964904669,50.0,0.9999999999999999,49.0,0.9755738170530402,51.0,0.9551378920012109,29_2,29,2,natural,114.102149963,47.3961219788,1.61939987531,0,553.046560551,0.190543889999
UBFC_A1/Eval_On_COHFACE,COHFACE,old,COHFACE_s29_session2_natural,11,51.0,52.0,correct,51.0,1.0,50.0,0.9653836149641312,52.0,0.9363651581860835,52.0,0.9999999999999998,53.0,0.9930789368730012,51.0,0.9248934247123006,29_2,29,2,natural,114.102149963,47.3961219788,1.61939987531,0,553.046560551,0.190543889999
UBFC_A1/Eval_On_COHFACE,COHFACE,old,COHFACE_s29_session2_natural,12,51.0,51.0,correct,51.0,1.0,50.0,0.9521240232454252,52.0,0.945950134744208,51.0,0.9999999999999999,52.0,0.9967240920714426,50.0,0.9275885373509866,29_2,29,2,natural,114.102149963,47.3961219788,1.61939987531,0,553.046560551,0.190543889999
UBFC_A1/Eval_On_COHFACE,COHFACE,old,COHFACE_s29_session2_natural,13,52.0,52.0,correct,52.0,1.0,53.0,0.9582370193763984,51.0,0.9343831883863136,52.0,0.9999999999999999,53.0,0.9721120545974844,51.0,0.9407725629675778,29_2,29,2,natural,114.102149963,47.3961219788,1.61939987531,0,553.046560551,0.190543889999
UBFC_A1/Eval_On_COHFACE,COHFACE,old,COHFACE_s29_session2_natural,14,53.0,59.0,large_error,53.0,1.0,54.0,0.9778030857862171,52.0,0.9123049666978373,59.0,0.9999999999999998,58.0,0.9571606155669901,60.0,0.9527847258868174,29_2,29,2,natural,114.102149963,47.3961219788,1.61939987531,0,553.046560551,0.190543889999
UBFC_A1/Eval_On_COHFACE,COHFACE,old,COHFACE_s29_session2_natural,15,54.0,59.0,large_error,54.0,0.9999999999999999,55.0,0.967145928768543,53.0,0.9280141016096202,59.0,0.9999999999999998,60.0,0.9964858933248288,53.0,0.9842004579171819,29_2,29,2,natural,114.102149963,47.3961219788,1.61939987531,0,553.046560551,0.190543889999
UBFC_A1/Eval_On_COHFACE,COHFACE,old,COHFACE_s29_session2_natural,16,55.0,46.0,large_error,55.0,0.9999999999999999,54.0,0.9791724093692766,56.0,0.9205863272040704,46.0,0.9999999999999997,45.0,0.9846740218943072,47.0,0.8762081886040451,29_2,29,2,natural,114.102149963,47.3961219788,1.61939987531,0,553.046560551,0.190543889999
UBFC_A1/Eval_On_COHFACE,COHFACE,old,COHFACE_s29_session2_natural,17,55.0,43.0,large_error,55.0,0.9999999999999999,54.0,0.9581362450478028,56.0,0.9250916247203376,43.0,0.9999999999999998,44.0,0.9961025440107445,42.0,0.8702512450967731,29_2,29,2,natural,114.102149963,47.3961219788,1.61939987531,0,553.046560551,0.190543889999
UBFC_A1/Eval_On_COHFACE,COHFACE,old,COHFACE_s29_session2_natural,18,55.0,65.0,large_error,55.0,0.9999999999999999,56.0,0.9591445498170403,54.0,0.9198596766678097,65.0,0.9999999999999994,66.0,0.9486631687299116,64.0,0.9108553913764704,29_2,29,2,natural,114.102149963,47.3961219788,1.61939987531,0,553.046560551,0.190543889999
UBFC_A1/Eval_On_COHFACE,COHFACE,old,COHFACE_s29_session2_natural,19,54.0,80.0,super_harmonic_1p5x,54.0,0.9999999999999999,55.0,0.9981138318714927,53.0,0.8769123909499661,80.0,0.9999999999999998,81.0,0.9839782563572911,79.0,0.9304312346118558,29_2,29,2,natural,114.102149963,47.3961219788,1.61939987531,0,553.046560551,0.190543889999
UBFC_A1/Eval_On_COHFACE,COHFACE,old,COHFACE_s29_session2_natural,20,54.0,81.0,super_harmonic_1p5x,54.0,0.9999999999999999,53.0,0.9401731337020126,55.0,0.927762528323484,81.0,0.9999999999999998,80.0,0.9944155798281259,82.0,0.9308513107679527,29_2,29,2,natural,114.102149963,47.3961219788,1.61939987531,0,553.046560551,0.190543889999
UBFC_A1/Eval_On_COHFACE,COHFACE,old,COHFACE_s29_session2_natural,21,54.0,85.0,super_harmonic_1p5x,54.0,0.9999999999999998,53.0,0.9614692151086541,55.0,0.9139177407877512,85.0,0.9999999999999997,84.0,0.9818947298820428,42.0,0.9816651463976842,29_2,29,2,natural,114.102149963,47.3961219788,1.61939987531,0,553.046560551,0.190543889999
UBFC_A1/Eval_On_COHFACE,COHFACE,old,COHFACE_s29_session2_natural,22,54.0,54.0,correct,54.0,0.9999999999999999,53.0,0.9631382467880686,55.0,0.9200589048261821,54.0,0.9999999999999998,55.0,0.9817397912700279,82.0,0.9406637780319186,29_2,29,2,natural,114.102149963,47.3961219788,1.61939987531,0,553.046560551,0.190543889999
UBFC_A1/Eval_On_COHFACE,COHFACE,old,COHFACE_s29_session2_natural,23,53.0,54.0,correct,53.0,0.9999999999999999,54.0,0.9554727912583619,52.0,0.9418719187945034,54.0,0.9999999999999999,53.0,0.9776826000780788,55.0,0.9147524737032874,29_2,29,2,natural,114.102149963,47.3961219788,1.61939987531,0,553.046560551,0.190543889999
UBFC_A1/Eval_On_COHFACE,COHFACE,old,COHFACE_s29_session2_natural,24,53.0,51.0,correct,53.0,0.9999999999999999,52.0,0.9920368695172653,54.0,0.8970456518595995,51.0,0.9999999999999998,52.0,0.9740590019812468,50.0,0.9311843480462273,29_2,29,2,natural,114.102149963,47.3961219788,1.61939987531,0,553.046560551,0.190543889999
UBFC_A1/Eval_On_COHFACE,COHFACE,old,COHFACE_s29_session2_natural,25,53.0,52.0,correct,53.0,1.0,52.0,0.9880246814893205,54.0,0.9031296780494189,52.0,0.9999999999999999,53.0,0.9571886251100256,51.0,0.9114759249198876,29_2,29,2,natural,114.102149963,47.3961219788,1.61939987531,0,553.046560551,0.190543889999
UBFC_A1/Eval_On_COHFACE,COHFACE,old,COHFACE_s29_session2_natural,26,53.0,53.0,correct,53.0,1.0,54.0,0.9769854288785741,52.0,0.9136954804651023,53.0,0.9999999999999998,54.0,0.9668172901218246,52.0,0.9327805926290601,29_2,29,2,natural,114.102149963,47.3961219788,1.61939987531,0,553.046560551,0.190543889999
UBFC_A1/Eval_On_COHFACE,COHFACE,old,COHFACE_s29_session2_natural,27,54.0,54.0,correct,54.0,1.0,53.0,0.9719980641834863,55.0,0.9122365903695463,54.0,0.9999999999999998,55.0,0.9653741749754343,80.0,0.9118280468955383,29_2,29,2,natural,114.102149963,47.3961219788,1.61939987531,0,553.046560551,0.190543889999
UBFC_A1/Eval_On_COHFACE,COHFACE,old,COHFACE_s29_session2_natural,28,53.0,82.0,super_harmonic_1p5x,53.0,1.0,54.0,0.9987528198431908,52.0,0.8945577305118199,82.0,0.9999999999999999,83.0,0.9716733176238442,81.0,0.9287012273420291,29_2,29,2,natural,114.102149963,47.3961219788,1.61939987531,0,553.046560551,0.190543889999
UBFC_A1/Eval_On_COHFACE,COHFACE,old,COHFACE_s29_session2_natural,29,53.0,53.0,correct,53.0,1.0,54.0,0.9718766880005418,52.0,0.913853622287275,53.0,0.9999999999999998,52.0,0.987490982251282,54.0,0.8964148539498049,29_2,29,2,natural,114.102149963,47.3961219788,1.61939987531,0,553.046560551,0.190543889999
UBFC_A1/Eval_On_COHFACE,COHFACE,old,COHFACE_s29_session2_natural,30,53.0,80.0,super_harmonic_1p5x,53.0,1.0,54.0,0.9550619582158417,52.0,0.9286773701643688,80.0,0.9999999999999999,81.0,0.9571165733600221,79.0,0.9387841593162993,29_2,29,2,natural,114.102149963,47.3961219788,1.61939987531,0,553.046560551,0.190543889999
UBFC_A1/Eval_On_COHFACE,COHFACE,old,COHFACE_s29_session2_natural,31,53.0,82.0,super_harmonic_1p5x,53.0,1.0,54.0,0.9546349418377358,52.0,0.9314241003646235,82.0,0.9999999999999998,81.0,0.9714581765961353,83.0,0.9131701451225593,29_2,29,2,natural,114.102149963,47.3961219788,1.61939987531,0,553.046560551,0.190543889999
UBFC_A1/Eval_On_COHFACE,COHFACE,old,COHFACE_s29_session2_natural,32,53.0,82.0,super_harmonic_1p5x,53.0,1.0,52.0,0.9637694918601422,54.0,0.9245452116805567,82.0,0.9999999999999998,81.0,0.9911058625107985,83.0,0.92489849509101,29_2,29,2,natural,114.102149963,47.3961219788,1.61939987531,0,553.046560551,0.190543889999
UBFC_A1/Eval_On_COHFACE,COHFACE,old,COHFACE_s29_session2_natural,33,52.0,81.0,super_harmonic_1p5x,52.0,1.0,53.0,0.9617836300498491,51.0,0.9238828672050539,81.0,0.9999999999999999,82.0,0.9945778798585572,80.0,0.8982640227478668,29_2,29,2,natural,114.102149963,47.3961219788,1.61939987531,0,553.046560551,0.190543889999
UBFC_A1/Eval_On_COHFACE,COHFACE,old,COHFACE_s29_session2_natural,34,52.0,84.0,super_harmonic_1p5x,52.0,1.0,53.0,0.9650043820350015,51.0,0.9224788045312553,84.0,0.9999999999999994,83.0,0.9528313874779584,85.0,0.9399177073544002,29_2,29,2,natural,114.102149963,47.3961219788,1.61939987531,0,553.046560551,0.190543889999
UBFC_A1/Eval_On_COHFACE,COHFACE,old,COHFACE_s29_session2_natural,35,53.0,53.0,correct,53.0,1.0,52.0,0.9574020360823261,54.0,0.9283862111216641,53.0,0.9999999999999998,52.0,0.9877856556376434,54.0,0.8946653834223129,29_2,29,2,natural,114.102149963,47.3961219788,1.61939987531,0,553.046560551,0.190543889999
UBFC_A1/Eval_On_COHFACE,COHFACE,old,COHFACE_s29_session2_natural,36,53.0,80.0,super_harmonic_1p5x,53.0,1.0,52.0,0.9427905737625278,54.0,0.9386302052658765,80.0,0.9999999999999987,40.0,0.9963320096000905,81.0,0.9954867917973327,29_2,29,2,natural,114.102149963,47.3961219788,1.61939987531,0,553.046560551,0.190543889999
UBFC_A1/Eval_On_COHFACE,COHFACE,old,COHFACE_s29_session2_natural,37,53.0,43.0,large_error,53.0,1.0,54.0,0.9547314168489875,52.0,0.9319674058501979,43.0,0.9999999999999994,42.0,0.995127124225237,44.0,0.8946115432198444,29_2,29,2,natural,114.102149963,47.3961219788,1.61939987531,0,553.046560551,0.190543889999
UBFC_A1/Eval_On_COHFACE,COHFACE,old,COHFACE_s29_session2_natural,38,53.0,44.0,large_error,53.0,1.0,52.0,0.9447886126403814,54.0,0.9398872838490018,44.0,0.9999999999999998,45.0,0.9844055386844063,43.0,0.9191477208305247,29_2,29,2,natural,114.102149963,47.3961219788,1.61939987531,0,553.046560551,0.190543889999
UBFC_A1/Eval_On_COHFACE,COHFACE,old,COHFACE_s29_session2_natural,39,53.0,40.0,large_error,53.0,1.0,54.0,0.9850444438637009,52.0,0.9021113139590538,40.0,0.9999999999999997,41.0,0.9651725649695747,42.0,0.8374873515323343,29_2,29,2,natural,114.102149963,47.3961219788,1.61939987531,0,553.046560551,0.190543889999
UBFC_A1/Eval_On_COHFACE,COHFACE,old,COHFACE_s29_session2_natural,40,54.0,67.0,large_error,54.0,1.0,55.0,0.9530463957524212,53.0,0.9317533078189513,67.0,0.9999999999999997,68.0,0.9830369016507068,66.0,0.9304143862949854,29_2,29,2,natural,114.102149963,47.3961219788,1.61939987531,0,553.046560551,0.190543889999
UBFC_A1/Eval_On_COHFACE,COHFACE,old,COHFACE_s29_session2_natural,41,54.0,66.0,large_error,54.0,1.0,55.0,0.9629761416446587,53.0,0.9293980886735199,66.0,0.9999999999999999,67.0,0.9701435801836643,65.0,0.8874175248580424,29_2,29,2,natural,114.102149963,47.3961219788,1.61939987531,0,553.046560551,0.190543889999
UBFC_A1/Eval_On_COHFACE,COHFACE,old,COHFACE_s29_session2_natural,42,54.0,40.0,large_error,54.0,1.0,53.0,0.9918078860332038,55.0,0.8985735826240829,40.0,0.9999999999999998,41.0,0.7856281431142605,80.0,0.5760219319681451,29_2,29,2,natural,114.102149963,47.3961219788,1.61939987531,0,553.046560551,0.190543889999
UBFC_A1/Eval_On_COHFACE,COHFACE,old,COHFACE_s29_session2_natural,43,54.0,51.0,correct,54.0,1.0,53.0,0.9889063065891438,55.0,0.8999466080359404,51.0,0.9999999999999999,52.0,0.9945240507220218,50.0,0.8746286758038332,29_2,29,2,natural,114.102149963,47.3961219788,1.61939987531,0,553.046560551,0.190543889999
UBFC_A1/Eval_On_COHFACE,COHFACE,old,COHFACE_s29_session2_natural,44,54.0,54.0,correct,54.0,1.0,53.0,0.9743509880108088,55.0,0.9045669558523425,54.0,0.9999999999999998,53.0,0.985471566306833,55.0,0.8870025259238239,29_2,29,2,natural,114.102149963,47.3961219788,1.61939987531,0,553.046560551,0.190543889999
UBFC_A1/Eval_On_COHFACE,COHFACE,old,COHFACE_s29_session2_natural,45,53.0,54.0,correct,53.0,1.0,54.0,0.9659030260923358,52.0,0.9223543149735864,54.0,0.9999999999999998,53.0,0.9716895556797442,55.0,0.9280082705486808,29_2,29,2,natural,114.102149963,47.3961219788,1.61939987531,0,553.046560551,0.190543889999
UBFC_A1/Eval_On_COHFACE,COHFACE,old,COHFACE_s29_session2_natural,46,52.0,51.0,correct,52.0,1.0,53.0,0.9993452125560282,51.0,0.8906325142709496,51.0,0.9999999999999998,52.0,0.9901875412228097,50.0,0.9290125784523012,29_2,29,2,natural,114.102149963,47.3961219788,1.61939987531,0,553.046560551,0.190543889999
UBFC_A1/Eval_On_COHFACE,COHFACE,old,COHFACE_s29_session2_natural,47,52.0,51.0,correct,52.0,1.0,53.0,0.9490594467030259,51.0,0.9327983841574152,51.0,0.9999999999999998,52.0,0.9422641934022836,50.0,0.9406649975313972,29_2,29,2,natural,114.102149963,47.3961219788,1.61939987531,0,553.046560551,0.190543889999
UBFC_A1/Eval_On_COHFACE,COHFACE,old,COHFACE_s29_session2_natural,48,53.0,52.0,correct,53.0,1.0,52.0,0.9941039341892944,54.0,0.8926596341678835,52.0,0.9999999999999998,53.0,0.9765306505487046,51.0,0.9278550421101923,29_2,29,2,natural,114.102149963,47.3961219788,1.61939987531,0,553.046560551,0.190543889999
UBFC_A1/Eval_On_COHFACE,COHFACE,old,COHFACE_s29_session2_natural,49,53.0,53.0,correct,53.0,1.0,54.0,0.9823911390749089,52.0,0.9052493559793177,53.0,0.9999999999999999,54.0,0.9455184813907453,52.0,0.9308102124258745,29_2,29,2,natural,114.102149963,47.3961219788,1.61939987531,0,553.046560551,0.190543889999
UBFC_A1/Eval_On_COHFACE,COHFACE,old,COHFACE_s29_session2_natural,50,53.0,54.0,correct,53.0,1.0,54.0,0.987160860969261,52.0,0.9038606320205634,54.0,0.9999999999999999,55.0,0.9815704495528996,53.0,0.9223389217991912,29_2,29,2,natural,114.102149963,47.3961219788,1.61939987531,0,553.046560551,0.190543889999
UBFC_A1/Eval_On_COHFACE,COHFACE,old,COHFACE_s29_session3_natural,0,58.0,59.0,correct,58.0,1.0,57.0,0.9962183303211711,59.0,0.9019679317715081,59.0,1.0,60.0,0.9832438980704165,58.0,0.910449050281531,29_3,29,3,natural,113.559989929,48.1363105774,1.6663714153,0,527.767234849,0.218439504504
UBFC_A1/Eval_On_COHFACE,COHFACE,old,COHFACE_s29_session3_natural,1,58.0,59.0,correct,58.0,1.0,59.0,0.9972596353443239,57.0,0.8935187490716077,59.0,1.0,60.0,0.9744894342403503,58.0,0.9152771451334846,29_3,29,3,natural,113.559989929,48.1363105774,1.6663714153,0,527.767234849,0.218439504504
UBFC_A1/Eval_On_COHFACE,COHFACE,old,COHFACE_s29_session3_natural,2,58.0,58.0,correct,58.0,0.9999999999999999,59.0,0.9881618370387105,57.0,0.8893334717433248,58.0,0.9999999999999999,59.0,0.9859887728616363,57.0,0.9482136027971122,29_3,29,3,natural,113.559989929,48.1363105774,1.6663714153,0,527.767234849,0.218439504504
UBFC_A1/Eval_On_COHFACE,COHFACE,old,COHFACE_s29_session3_natural,3,58.0,59.0,correct,58.0,0.9999999999999999,57.0,0.9471665504604482,59.0,0.9229345819556763,59.0,0.9999999999999999,60.0,0.9759170089955025,58.0,0.9448793408457709,29_3,29,3,natural,113.559989929,48.1363105774,1.6663714153,0,527.767234849,0.218439504504
UBFC_A1/Eval_On_COHFACE,COHFACE,old,COHFACE_s29_session3_natural,4,58.0,59.0,correct,58.0,0.9999999999999999,57.0,0.9777127950679061,59.0,0.8853663090095439,59.0,0.9999999999999998,60.0,0.9705924158429233,58.0,0.933716808634853,29_3,29,3,natural,113.559989929,48.1363105774,1.6663714153,0,527.767234849,0.218439504504
UBFC_A1/Eval_On_COHFACE,COHFACE,old,COHFACE_s29_session3_natural,5,57.0,59.0,correct,57.0,0.9999999999999999,58.0,0.9604606010134156,56.0,0.913727968672672,59.0,0.9999999999999998,58.0,0.9692025543835504,60.0,0.9605616243803774,29_3,29,3,natural,113.559989929,48.1363105774,1.6663714153,0,527.767234849,0.218439504504
UBFC_A1/Eval_On_COHFACE,COHFACE,old,COHFACE_s29_session3_natural,6,56.0,59.0,correct,56.0,0.9999999999999999,57.0,0.9676269484525296,55.0,0.9266916450717964,59.0,0.9999999999999998,60.0,0.9779878917438998,58.0,0.916029907396047,29_3,29,3,natural,113.559989929,48.1363105774,1.6663714153,0,527.767234849,0.218439504504
UBFC_A1/Eval_On_COHFACE,COHFACE,old,COHFACE_s29_session3_natural,7,56.0,59.0,correct,56.0,0.9999999999999999,55.0,0.9947289273108374,57.0,0.8995899014505029,59.0,0.9999999999999998,60.0,0.9998133445778784,61.0,0.8897302101303427,29_3,29,3,natural,113.559989929,48.1363105774,1.6663714153,0,527.767234849,0.218439504504
UBFC_A1/Eval_On_COHFACE,COHFACE,old,COHFACE_s29_session3_natural,8,55.0,76.0,super_harmonic_1p5x,55.0,0.9999999999999999,56.0,0.999965776339095,57.0,0.8942565168219182,76.0,0.9999999999999998,77.0,0.9899515810470522,75.0,0.8678506689475641,29_3,29,3,natural,113.559989929,48.1363105774,1.6663714153,0,527.767234849,0.218439504504
UBFC_A1/Eval_On_COHFACE,COHFACE,old,COHFACE_s29_session3_natural,9,56.0,53.0,correct,56.0,1.0,57.0,0.9783012750268152,55.0,0.9156083401821449,53.0,0.9999999999999999,54.0,0.9907029301281318,52.0,0.9019708256227943,29_3,29,3,natural,113.559989929,48.1363105774,1.6663714153,0,527.767234849,0.218439504504
UBFC_A1/Eval_On_COHFACE,COHFACE,old,COHFACE_s29_session3_natural,10,57.0,54.0,correct,57.0,1.0,58.0,0.946822193793389,56.0,0.9444593413221212,54.0,0.9999999999999999,55.0,0.9531992352520318,53.0,0.9451902799658354,29_3,29,3,natural,113.559989929,48.1363105774,1.6663714153,0,527.767234849,0.218439504504
UBFC_A1/Eval_On_COHFACE,COHFACE,old,COHFACE_s29_session3_natural,11,57.0,58.0,correct,57.0,1.0,58.0,0.9714949410168365,56.0,0.9156030378270771,58.0,0.9999999999999998,59.0,0.9436478294399955,57.0,0.9295388046238469,29_3,29,3,natural,113.559989929,48.1363105774,1.6663714153,0,527.767234849,0.218439504504
UBFC_A1/Eval_On_COHFACE,COHFACE,old,COHFACE_s29_session3_natural,12,58.0,55.0,correct,58.0,1.0,57.0,0.9975764819383307,59.0,0.8920206609263361,55.0,0.9999999999999998,56.0,0.9729400006835157,54.0,0.9500432445503367,29_3,29,3,natural,113.559989929,48.1363105774,1.6663714153,0,527.767234849,0.218439504504
UBFC_A1/Eval_On_COHFACE,COHFACE,old,COHFACE_s29_session3_natural,13,58.0,56.0,correct,58.0,1.0,57.0,0.9574336905389053,59.0,0.9263893169352404,56.0,0.9999999999999999,57.0,0.9857280871693491,55.0,0.9308452848718606,29_3,29,3,natural,113.559989929,48.1363105774,1.6663714153,0,527.767234849,0.218439504504
UBFC_A1/Eval_On_COHFACE,COHFACE,old,COHFACE_s29_session3_natural,14,57.0,58.0,correct,57.0,1.0,58.0,0.998518934460813,56.0,0.8865120162405626,58.0,0.9999999999999999,57.0,0.9678967092447065,59.0,0.9575247667333764,29_3,29,3,natural,113.559989929,48.1363105774,1.6663714153,0,527.767234849,0.218439504504
UBFC_A1/Eval_On_COHFACE,COHFACE,old,COHFACE_s29_session3_natural,15,56.0,57.0,correct,56.0,1.0,57.0,0.9952966553852806,55.0,0.8934772745127422,57.0,0.9999999999999998,56.0,0.9779962091088831,58.0,0.9641312133202247,29_3,29,3,natural,113.559989929,48.1363105774,1.6663714153,0,527.767234849,0.218439504504
UBFC_A1/Eval_On_COHFACE,COHFACE,old,COHFACE_s29_session3_natural,16,56.0,54.0,correct,56.0,1.0,55.0,0.9917296796042966,57.0,0.8938540089967358,54.0,0.9999999999999998,53.0,0.9567352721083229,55.0,0.9368533786534347,29_3,29,3,natural,113.559989929,48.1363105774,1.6663714153,0,527.767234849,0.218439504504
UBFC_A1/Eval_On_COHFACE,COHFACE,old,COHFACE_s29_session3_natural,17,56.0,54.0,correct,56.0,1.0,55.0,0.9898234525029895,57.0,0.8958766583792187,54.0,0.9999999999999998,53.0,0.994387174823029,55.0,0.8771723236120177,29_3,29,3,natural,113.559989929,48.1363105774,1.6663714153,0,527.767234849,0.218439504504
UBFC_A1/Eval_On_COHFACE,COHFACE,old,COHFACE_s29_session3_natural,18,56.0,67.0,large_error,56.0,1.0,57.0,0.9715535297650211,55.0,0.9167856845339866,67.0,0.9999999999999997,68.0,0.9918162066021002,81.0,0.9382613834424685,29_3,29,3,natural,113.559989929,48.1363105774,1.6663714153,0,527.767234849,0.218439504504
UBFC_A1/Eval_On_COHFACE,COHFACE,old,COHFACE_s29_session3_natural,19,57.0,59.0,correct,57.0,1.0,56.0,0.9813560421088071,58.0,0.9028881777184058,59.0,0.9999999999999999,58.0,0.9592623365728127,60.0,0.920707994758886,29_3,29,3,natural,113.559989929,48.1363105774,1.6663714153,0,527.767234849,0.218439504504
UBFC_A1/Eval_On_COHFACE,COHFACE,old,COHFACE_s29_session3_natural,20,57.0,45.0,large_error,57.0,1.0,56.0,0.983993116654601,58.0,0.9017050274783699,45.0,0.9999999999999999,44.0,0.9991356268974433,46.0,0.892389356258143,29_3,29,3,natural,113.559989929,48.1363105774,1.6663714153,0,527.767234849,0.218439504504
UBFC_A1/Eval_On_COHFACE,COHFACE,old,COHFACE_s29_session3_natural,21,57.0,61.0,large_error,57.0,1.0,58.0,0.949961380504118,56.0,0.933001065319768,61.0,0.9999999999999998,60.0,0.988902954893746,61.99999999999999,0.9193072038610322,29_3,29,3,natural,113.559989929,48.1363105774,1.6663714153,0,527.767234849,0.218439504504
UBFC_A1/Eval_On_COHFACE,COHFACE,old,COHFACE_s29_session3_natural,22,58.0,60.0,correct,58.0,1.0,57.0,0.9911562518412145,59.0,0.8890739621436078,60.0,0.9999999999999999,61.0,0.9862479499843565,59.0,0.9247427024191291,29_3,29,3,natural,113.559989929,48.1363105774,1.6663714153,0,527.767234849,0.218439504504
UBFC_A1/Eval_On_COHFACE,COHFACE,old,COHFACE_s29_session3_natural,23,57.0,60.0,correct,57.0,1.0,58.0,0.9482046449053197,56.0,0.9423553710712609,60.0,0.9999999999999999,59.0,0.96652588947096,61.0,0.9564526859023857,29_3,29,3,natural,113.559989929,48.1363105774,1.6663714153,0,527.767234849,0.218439504504
UBFC_A1/Eval_On_COHFACE,COHFACE,old,COHFACE_s29_session3_natural,24,56.0,57.0,correct,56.0,1.0,57.0,0.9463650870631174,55.0,0.9429971979781464,57.0,0.9999999999999998,56.0,0.9890065832131955,58.0,0.9624080836135026,29_3,29,3,natural,113.559989929,48.1363105774,1.6663714153,0,527.767234849,0.218439504504
UBFC_A1/Eval_On_COHFACE,COHFACE,old,COHFACE_s29_session3_natural,25,55.0,55.0,correct,55.0,1.0,56.0,0.974973954936855,54.0,0.9086486357995928,55.0,0.9999999999999999,56.0,0.999326793359154,57.0,0.9202350094975968,29_3,29,3,natural,113.559989929,48.1363105774,1.6663714153,0,527.767234849,0.218439504504
UBFC_A1/Eval_On_COHFACE,COHFACE,old,COHFACE_s29_session3_natural,26,55.0,55.0,correct,55.0,1.0,56.0,0.9819111452562553,54.0,0.9041569213372733,55.0,0.9999999999999998,56.0,0.9806693484970499,54.0,0.9145748802478744,29_3,29,3,natural,113.559989929,48.1363105774,1.6663714153,0,527.767234849,0.218439504504
UBFC_A1/Eval_On_COHFACE,COHFACE,old,COHFACE_s29_session3_natural,27,56.0,52.0,large_error,56.0,1.0,55.0,0.9891864476293463,57.0,0.8979281895070635,52.0,0.9999999999999998,51.0,0.961144297745093,53.0,0.9298123276304466,29_3,29,3,natural,113.559989929,48.1363105774,1.6663714153,0,527.767234849,0.218439504504
UBFC_A1/Eval_On_COHFACE,COHFACE,old,COHFACE_s29_session3_natural,28,55.0,53.0,correct,55.0,1.0,56.0,0.9652250042655018,54.0,0.9242860417690206,53.0,0.9999999999999998,52.0,0.9625160220317109,54.0,0.9163037773784277,29_3,29,3,natural,113.559989929,48.1363105774,1.6663714153,0,527.767234849,0.218439504504
UBFC_A1/Eval_On_COHFACE,COHFACE,old,COHFACE_s29_session3_natural,29,54.0,44.0,large_error,54.0,1.0,55.0,0.9943950399804877,53.0,0.8897972236279869,44.0,0.9999999999999998,45.0,0.9849685942981629,43.0,0.9217181852605307,29_3,29,3,natural,113.559989929,48.1363105774,1.6663714153,0,527.767234849,0.218439504504
UBFC_A1/Eval_On_COHFACE,COHFACE,old,COHFACE_s29_session3_natural,30,55.0,54.0,correct,55.0,1.0,54.0,0.9924356142019698,56.0,0.8965943648181843,54.0,0.9999999999999997,55.0,0.9420299314968092,53.0,0.937118275300113,29_3,29,3,natural,113.559989929,48.1363105774,1.6663714153,0,527.767234849,0.218439504504
UBFC_A1/Eval_On_COHFACE,COHFACE,old,COHFACE_s29_session3_natural,31,55.0,54.0,correct,55.0,1.0,54.0,0.9635597920117634,56.0,0.9214782538771185,54.0,0.9999999999999998,53.0,0.9589377699060355,55.0,0.9528609803291431,29_3,29,3,natural,113.559989929,48.1363105774,1.6663714153,0,527.767234849,0.218439504504
UBFC_A1/Eval_On_COHFACE,COHFACE,old,COHFACE_s29_session3_natural,32,55.0,53.0,correct,55.0,1.0,54.0,0.9642660631757267,56.0,0.9218213257609241,53.0,0.9999999999999998,52.0,0.9513037812190165,54.0,0.9421193928124926,29_3,29,3,natural,113.559989929,48.1363105774,1.6663714153,0,527.767234849,0.218439504504
UBFC_A1/Eval_On_COHFACE,COHFACE,old,COHFACE_s29_session3_natural,33,54.0,40.0,large_error,54.0,1.0,55.0,0.9958758458497678,53.0,0.8944542041596563,40.0,0.9999999999999997,80.0,0.8781446852673569,81.0,0.8198136230722668,29_3,29,3,natural,113.559989929,48.1363105774,1.6663714153,0,527.767234849,0.218439504504
UBFC_A1/Eval_On_COHFACE,COHFACE,old,COHFACE_s29_session3_natural,34,54.0,81.0,super_harmonic_1p5x,54.0,1.0,55.0,0.976745113022835,53.0,0.9145942063268311,81.0,0.9999999999999996,80.0,0.9643074252539365,82.0,0.9126172144626716,29_3,29,3,natural,113.559989929,48.1363105774,1.6663714153,0,527.767234849,0.218439504504
UBFC_A1/Eval_On_COHFACE,COHFACE,old,COHFACE_s29_session3_natural,35,55.0,81.0,super_harmonic_1p5x,55.0,1.0,54.0,0.9636042148049275,56.0,0.9257034993532784,81.0,0.9999999999999997,80.0,0.9426288511647619,82.0,0.9055863234091464,29_3,29,3,natural,113.559989929,48.1363105774,1.6663714153,0,527.767234849,0.218439504504
UBFC_A1/Eval_On_COHFACE,COHFACE,old,COHFACE_s29_session3_natural,36,55.0,53.0,correct,55.0,1.0,56.0,0.9426083046017768,54.0,0.9374676638937962,53.0,0.9999999999999994,52.0,0.9814093155615132,54.0,0.8906109187467479,29_3,29,3,natural,113.559989929,48.1363105774,1.6663714153,0,527.767234849,0.218439504504
UBFC_A1/Eval_On_COHFACE,COHFACE,old,COHFACE_s29_session3_natural,37,55.0,52.0,correct,55.0,1.0,54.0,0.9552094280719822,56.0,0.9288839607597034,52.0,0.9999999999999999,53.0,0.9949152387067969,51.0,0.9356898512936916,29_3,29,3,natural,113.559989929,48.1363105774,1.6663714153,0,527.767234849,0.218439504504
UBFC_A1/Eval_On_COHFACE,COHFACE,old,COHFACE_s29_session3_natural,38,54.0,52.0,correct,54.0,1.0,55.0,0.9665486523911614,53.0,0.9254312247014626,52.0,0.9999999999999999,53.0,0.9830454498624445,51.0,0.95346119403126,29_3,29,3,natural,113.559989929,48.1363105774,1.6663714153,0,527.767234849,0.218439504504
UBFC_A1/Eval_On_COHFACE,COHFACE,old,COHFACE_s29_session3_natural,39,53.0,52.0,correct,53.0,0.9999999999999999,54.0,0.9784856588037724,52.0,0.911915592283524,52.0,0.9999999999999999,53.0,0.964065080354332,51.0,0.9496748615647962,29_3,29,3,natural,113.559989929,48.1363105774,1.6663714153,0,527.767234849,0.218439504504
UBFC_A1/Eval_On_COHFACE,COHFACE,old,COHFACE_s29_session3_natural,40,53.0,52.0,correct,53.0,0.9999999999999999,54.0,0.9421492798273533,52.0,0.9408819935749688,52.0,0.9999999999999999,53.0,0.9963941983379905,51.0,0.890714466879858,29_3,29,3,natural,113.559989929,48.1363105774,1.6663714153,0,527.767234849,0.218439504504
UBFC_A1/Eval_On_COHFACE,COHFACE,old,COHFACE_s29_session3_natural,41,53.0,53.0,correct,53.0,0.9999999999999999,52.0,0.9594385232020656,54.0,0.9132195066194817,53.0,0.9999999999999998,54.0,0.9705400076463951,52.0,0.9294121851292457,29_3,29,3,natural,113.559989929,48.1363105774,1.6663714153,0,527.767234849,0.218439504504
UBFC_A1/Eval_On_COHFACE,COHFACE,old,COHFACE_s29_session3_natural,42,52.0,53.0,correct,52.0,0.9999999999999999,53.0,0.9932904476955773,51.0,0.8781581101687752,53.0,0.9999999999999999,54.0,0.9802625895286596,52.0,0.901429937221306,29_3,29,3,natural,113.559989929,48.1363105774,1.6663714153,0,527.767234849,0.218439504504
UBFC_A1/Eval_On_COHFACE,COHFACE,old,COHFACE_s29_session3_natural,43,52.0,53.0,correct,52.0,0.9999999999999999,53.0,0.9410986285491244,51.0,0.9274909373337491,53.0,0.9999999999999998,52.0,0.9670861762014676,54.0,0.9345190142350704,29_3,29,3,natural,113.559989929,48.1363105774,1.6663714153,0,527.767234849,0.218439504504
UBFC_A1/Eval_On_COHFACE,COHFACE,old,COHFACE_s29_session3_natural,44,52.0,52.0,correct,52.0,0.9999999999999999,53.0,0.9746578353391797,51.0,0.9114245079657455,52.0,0.9999999999999998,51.0,0.9792149032634679,53.0,0.8952220618199976,29_3,29,3,natural,113.559989929,48.1363105774,1.6663714153,0,527.767234849,0.218439504504
UBFC_A1/Eval_On_COHFACE,COHFACE,old,COHFACE_s29_session3_natural,45,53.0,51.0,correct,53.0,0.9999999999999999,54.0,0.9462034990638984,52.0,0.9449592026668173,51.0,0.9999999999999997,50.0,0.985374446564578,52.0,0.905726852732327,29_3,29,3,natural,113.559989929,48.1363105774,1.6663714153,0,527.767234849,0.218439504504
UBFC_A1/Eval_On_COHFACE,COHFACE,old,COHFACE_s29_session3_natural,46,53.0,52.0,correct,53.0,0.9999999999999999,54.0,0.9512501788344234,52.0,0.9398930780358726,52.0,0.9999999999999998,81.0,0.97966112951838,51.0,0.9754105189581054,29_3,29,3,natural,113.559989929,48.1363105774,1.6663714153,0,527.767234849,0.218439504504
UBFC_A1/Eval_On_COHFACE,COHFACE,old,COHFACE_s29_session3_natural,47,53.0,76.0,super_harmonic_1p5x,53.0,1.0,52.0,0.97023723494637,54.0,0.9212003815088763,76.0,0.9999999999999994,77.0,0.9717832272162334,75.0,0.9386469252213351,29_3,29,3,natural,113.559989929,48.1363105774,1.6663714153,0,527.767234849,0.218439504504
UBFC_A1/Eval_On_COHFACE,COHFACE,old,COHFACE_s29_session3_natural,48,53.0,40.0,large_error,53.0,1.0,52.0,0.9791313902848933,54.0,0.9080402167604951,40.0,0.9999999999999998,79.0,0.8730441903949766,41.0,0.8699020608140413,29_3,29,3,natural,113.559989929,48.1363105774,1.6663714153,0,527.767234849,0.218439504504
UBFC_A1/Eval_On_COHFACE,COHFACE,old,COHFACE_s29_session3_natural,49,53.0,81.0,super_harmonic_1p5x,53.0,1.0,52.0,0.9520472880031384,54.0,0.9335318478984503,81.0,0.9999999999999998,80.0,0.9630208284958233,82.0,0.8856071334985756,29_3,29,3,natural,113.559989929,48.1363105774,1.6663714153,0,527.767234849,0.218439504504
UBFC_A1/Eval_On_COHFACE,COHFACE,old,COHFACE_s29_session3_natural,50,54.0,82.0,super_harmonic_1p5x,54.0,1.0,53.0,0.9939334479024958,55.0,0.894718075266375,82.0,0.9999999999999998,81.0,0.9547131788854091,83.0,0.9518190642879159,29_3,29,3,natural,113.559989929,48.1363105774,1.6663714153,0,527.767234849,0.218439504504
UBFC_A1/Eval_On_COHFACE,COHFACE,old,COHFACE_s29_session3_natural,51,54.0,82.0,super_harmonic_1p5x,54.0,1.0,55.0,0.9489278609958451,53.0,0.9323079194323703,82.0,0.9999999999999998,81.0,0.9786786245881925,83.0,0.9235266496919734,29_3,29,3,natural,113.559989929,48.1363105774,1.6663714153,0,527.767234849,0.218439504504
UBFC_A1/Eval_On_COHFACE,COHFACE,old,COHFACE_s29_session3_natural,52,55.0,83.0,super_harmonic_1p5x,55.0,1.0,54.0,0.9939852414747237,56.0,0.8929098300794114,83.0,0.9999999999999998,82.0,0.9653071703614355,84.0,0.9432499476671637,29_3,29,3,natural,113.559989929,48.1363105774,1.6663714153,0,527.767234849,0.218439504504
UBFC_A1/Eval_On_COHFACE,COHFACE,old,COHFACE_s29_session3_natural,53,54.0,52.0,correct,54.0,1.0,55.0,0.9852016361718017,53.0,0.9030792957287578,52.0,0.9999999999999999,53.0,0.9850539669952751,51.0,0.9158218646029859,29_3,29,3,natural,113.559989929,48.1363105774,1.6663714153,0,527.767234849,0.218439504504
UBFC_A1/Eval_On_COHFACE,COHFACE,old,COHFACE_s29_session3_natural,54,55.0,86.0,super_harmonic_1p5x,55.0,1.0,54.0,0.9683298969179638,56.0,0.9181279765563115,86.0,0.9999999999999998,85.0,0.9549207088094879,87.0,0.913509204304274,29_3,29,3,natural,113.559989929,48.1363105774,1.6663714153,0,527.767234849,0.218439504504
UBFC_A1/Eval_On_COHFACE,COHFACE,old,COHFACE_s29_session3_natural,55,55.0,88.0,super_harmonic_1p5x,55.0,1.0,56.0,0.9934460087576784,54.0,0.891337317759319,88.0,0.9999999999999998,89.0,0.9608910956751227,87.0,0.9170963355466261,29_3,29,3,natural,113.559989929,48.1363105774,1.6663714153,0,527.767234849,0.218439504504
UBFC_A1/Eval_On_COHFACE,COHFACE,old,COHFACE_s29_session3_natural,56,56.0,75.0,super_harmonic_1p5x,56.0,1.0,55.0,0.9918871296578091,57.0,0.8977865926958252,75.0,0.9999999999999999,76.0,0.9881177327207598,74.0,0.8812261340691755,29_3,29,3,natural,113.559989929,48.1363105774,1.6663714153,0,527.767234849,0.218439504504
UBFC_A1/Eval_On_COHFACE,COHFACE,old,COHFACE_s30_session0_lamp,0,51.0,49.0,correct,51.0,1.0,50.0,0.9959215784829296,52.0,0.8983973222560777,49.0,0.9999999999999996,50.0,0.982560159916606,48.0,0.8617587273533334,30_0,30,0,lamp,111.615234375,41.3077201843,0.0435172737419,0,238.509642831,0.169422969222
UBFC_A1/Eval_On_COHFACE,COHFACE,old,COHFACE_s30_session0_lamp,1,51.0,49.0,correct,51.0,0.9999999999999999,52.0,0.9499665919424446,50.0,0.9451836186920146,49.0,0.9999999999999989,50.0,0.9563514681792948,48.0,0.9461798013147393,30_0,30,0,lamp,111.615234375,41.3077201843,0.0435172737419,0,238.509642831,0.169422969222
UBFC_A1/Eval_On_COHFACE,COHFACE,old,COHFACE_s30_session0_lamp,2,53.0,44.0,large_error,53.0,0.9999999999999999,52.0,0.9673268520650604,54.0,0.9297571089808473,44.0,0.9999999999999999,43.0,0.9607470548331,45.0,0.9379522819779296,30_0,30,0,lamp,111.615234375,41.3077201843,0.0435172737419,0,238.509642831,0.169422969222
UBFC_A1/Eval_On_COHFACE,COHFACE,old,COHFACE_s30_session0_lamp,3,54.0,44.0,large_error,54.0,0.9999999999999999,53.0,0.9515091180251743,55.0,0.9284922950094563,44.0,0.9999999999999999,45.0,0.9630502351751297,43.0,0.9510137782917891,30_0,30,0,lamp,111.615234375,41.3077201843,0.0435172737419,0,238.509642831,0.169422969222
UBFC_A1/Eval_On_COHFACE,COHFACE,old,COHFACE_s30_session0_lamp,4,54.0,43.0,large_error,54.0,1.0,55.0,0.944125285608806,53.0,0.9326980312946028,43.0,0.9999999999999999,44.0,0.9849078664071108,42.0,0.9362647302588203,30_0,30,0,lamp,111.615234375,41.3077201843,0.0435172737419,0,238.509642831,0.169422969222
UBFC_A1/Eval_On_COHFACE,COHFACE,old,COHFACE_s30_session0_lamp,5,54.0,43.0,large_error,54.0,0.9999999999999999,53.0,0.9541408526960534,55.0,0.9173564724530293,43.0,0.9999999999999999,44.0,0.9735742950616831,42.0,0.9324538190187739,30_0,30,0,lamp,111.615234375,41.3077201843,0.0435172737419,0,238.509642831,0.169422969222
UBFC_A1/Eval_On_COHFACE,COHFACE,old,COHFACE_s30_session0_lamp,6,53.0,40.0,large_error,53.0,0.9999999999999999,54.0,0.9837220929995847,52.0,0.8983278649933656,40.0,0.9999999999999998,41.0,0.8127475392200865,78.0,0.6947585520071425,30_0,30,0,lamp,111.615234375,41.3077201843,0.0435172737419,0,238.509642831,0.169422969222
UBFC_A1/Eval_On_COHFACE,COHFACE,old,COHFACE_s30_session0_lamp,7,53.0,76.0,super_harmonic_1p5x,53.0,0.9999999999999999,54.0,0.9976959961056276,52.0,0.908488138017784,76.0,0.9999999999999997,77.0,0.9888159081801502,75.0,0.9301693536769817,30_0,30,0,lamp,111.615234375,41.3077201843,0.0435172737419,0,238.509642831,0.169422969222
UBFC_A1/Eval_On_COHFACE,COHFACE,old,COHFACE_s30_session0_lamp,8,55.0,52.0,correct,55.0,0.9999999999999998,54.0,0.9990626550352432,53.0,0.9084831408275772,52.0,0.9999999999999998,53.0,0.9549526790015882,51.0,0.9241666360936359,30_0,30,0,lamp,111.615234375,41.3077201843,0.0435172737419,0,238.509642831,0.169422969222
UBFC_A1/Eval_On_COHFACE,COHFACE,old,COHFACE_s30_session0_lamp,9,57.0,40.0,large_error,57.0,0.9999999999999998,56.0,0.9997019157287627,58.0,0.900013065365003,40.0,0.9999999999999998,41.0,0.7640913899634594,80.0,0.7252405699307335,30_0,30,0,lamp,111.615234375,41.3077201843,0.0435172737419,0,238.509642831,0.169422969222
UBFC_A1/Eval_On_COHFACE,COHFACE,old,COHFACE_s30_session0_lamp,10,58.0,81.0,super_harmonic_1p5x,58.0,0.9999999999999999,57.0,0.9613679816609825,59.0,0.9110345267435618,81.0,0.9999999999999998,80.0,0.9843785871313125,82.0,0.9287362001487182,30_0,30,0,lamp,111.615234375,41.3077201843,0.0435172737419,0,238.509642831,0.169422969222
UBFC_A1/Eval_On_COHFACE,COHFACE,old,COHFACE_s30_session0_lamp,11,59.0,82.0,super_harmonic_1p5x,59.0,1.0,58.0,0.9760008490239477,60.0,0.9005396753654201,82.0,0.9999999999999998,83.0,0.957684992336627,81.0,0.9390298924537621,30_0,30,0,lamp,111.615234375,41.3077201843,0.0435172737419,0,238.509642831,0.169422969222
UBFC_A1/Eval_On_COHFACE,COHFACE,old,COHFACE_s30_session0_lamp,12,59.0,81.0,super_harmonic_1p5x,59.0,0.9999999999999999,58.0,0.978642083465053,60.0,0.9141333210957662,81.0,0.9999999999999998,82.0,0.9813517898624069,80.0,0.9034111036605028,30_0,30,0,lamp,111.615234375,41.3077201843,0.0435172737419,0,238.509642831,0.169422969222
UBFC_A1/Eval_On_COHFACE,COHFACE,old,COHFACE_s30_session0_lamp,13,58.0,81.0,super_harmonic_1p5x,58.0,0.9999999999999999,59.0,0.9656239817635403,57.0,0.9392235229005852,81.0,0.9999999999999998,82.0,0.9888680109541382,80.0,0.9165525771699051,30_0,30,0,lamp,111.615234375,41.3077201843,0.0435172737419,0,238.509642831,0.169422969222
UBFC_A1/Eval_On_COHFACE,COHFACE,old,COHFACE_s30_session0_lamp,14,58.0,78.0,super_harmonic_1p5x,58.0,0.9999999999999999,59.0,0.9552514142806127,57.0,0.9424045210312177,78.0,0.9999999999999997,77.0,0.9892872592609744,79.0,0.9209243091820476,30_0,30,0,lamp,111.615234375,41.3077201843,0.0435172737419,0,238.509642831,0.169422969222
UBFC_A1/Eval_On_COHFACE,COHFACE,old,COHFACE_s30_session0_lamp,15,58.0,79.0,super_harmonic_1p5x,58.0,1.0,59.0,0.9995367493553075,57.0,0.891613078375845,79.0,0.9999999999999998,80.0,0.9692710522547274,78.0,0.9129044983482575,30_0,30,0,lamp,111.615234375,41.3077201843,0.0435172737419,0,238.509642831,0.169422969222
UBFC_A1/Eval_On_COHFACE,COHFACE,old,COHFACE_s30_session0_lamp,16,59.0,80.0,super_harmonic_1p5x,59.0,0.9999999999999999,60.0,0.9869379954760301,58.0,0.8949891989572935,80.0,0.9999999999999998,79.0,0.9540218169623458,81.0,0.9321971833241433,30_0,30,0,lamp,111.615234375,41.3077201843,0.0435172737419,0,238.509642831,0.169422969222
UBFC_A1/Eval_On_COHFACE,COHFACE,old,COHFACE_s30_session0_lamp,17,60.0,80.0,super_harmonic_1p5x,60.0,1.0,61.0,0.9751546957644764,59.0,0.9061736656233176,80.0,0.9999999999999998,79.0,0.9460125703539398,81.0,0.944426377145776,30_0,30,0,lamp,111.615234375,41.3077201843,0.0435172737419,0,238.509642831,0.169422969222
UBFC_A1/Eval_On_COHFACE,COHFACE,old,COHFACE_s30_session0_lamp,18,61.0,60.0,correct,61.0,1.0,60.0,0.9788707819687612,61.99999999999999,0.9103279347691762,60.0,0.9999999999999998,61.0,0.9750052304392561,59.0,0.9225339408755137,30_0,30,0,lamp,111.615234375,41.3077201843,0.0435172737419,0,238.509642831,0.169422969222
UBFC_A1/Eval_On_COHFACE,COHFACE,old,COHFACE_s30_session0_lamp,19,61.0,82.0,super_harmonic_1p5x,61.0,0.9999999999999999,60.0,0.9539819346752528,61.99999999999999,0.935396742222462,82.0,0.9999999999999998,83.0,0.9641033336891467,81.0,0.9517308500780933,30_0,30,0,lamp,111.615234375,41.3077201843,0.0435172737419,0,238.509642831,0.169422969222
UBFC_A1/Eval_On_COHFACE,COHFACE,old,COHFACE_s30_session0_lamp,20,61.0,61.0,correct,61.0,1.0,60.0,0.9745536475314696,61.99999999999999,0.908176106316603,61.0,0.9999999999999998,82.0,0.9993320529350913,83.0,0.966967706578498,30_0,30,0,lamp,111.615234375,41.3077201843,0.0435172737419,0,238.509642831,0.169422969222
UBFC_A1/Eval_On_COHFACE,COHFACE,old,COHFACE_s30_session0_lamp,21,60.0,61.0,correct,60.0,1.0,61.0,0.9874684825223865,59.0,0.8942480923982709,61.0,0.9999999999999999,81.0,0.9849355412233696,60.0,0.9491538301280112,30_0,30,0,lamp,111.615234375,41.3077201843,0.0435172737419,0,238.509642831,0.169422969222
UBFC_A1/Eval_On_COHFACE,COHFACE,old,COHFACE_s30_session0_lamp,22,60.0,60.0,correct,60.0,1.0,61.0,0.9715309297785661,59.0,0.9097869984978801,60.0,0.9999999999999998,59.0,0.9585397457413225,61.0,0.9347803083466765,30_0,30,0,lamp,111.615234375,41.3077201843,0.0435172737419,0,238.509642831,0.169422969222
UBFC_A1/Eval_On_COHFACE,COHFACE,old,COHFACE_s30_session0_lamp,23,60.0,78.0,super_harmonic_1p5x,60.0,1.0,61.0,0.9534587805257859,59.0,0.9337156582105606,78.0,0.9999999999999998,77.0,0.9687540252536064,66.0,0.9000072257529446,30_0,30,0,lamp,111.615234375,41.3077201843,0.0435172737419,0,238.509642831,0.169422969222
UBFC_A1/Eval_On_COHFACE,COHFACE,old,COHFACE_s30_session0_lamp,24,60.0,60.0,correct,60.0,1.0,61.0,0.9488786601999251,59.0,0.9437639401687027,60.0,0.9999999999999998,61.0,0.9989157930150104,59.0,0.8681547209284193,30_0,30,0,lamp,111.615234375,41.3077201843,0.0435172737419,0,238.509642831,0.169422969222
UBFC_A1/Eval_On_COHFACE,COHFACE,old,COHFACE_s30_session0_lamp,25,60.0,75.0,large_error,60.0,1.0,61.0,0.9618891549039023,59.0,0.9308095008769098,75.0,0.9999999999999997,76.0,0.9952206361751361,60.0,0.9779062761538303,30_0,30,0,lamp,111.615234375,41.3077201843,0.0435172737419,0,238.509642831,0.169422969222
UBFC_A1/Eval_On_COHFACE,COHFACE,old,COHFACE_s30_session0_lamp,26,60.0,75.0,large_error,60.0,1.0,61.0,0.9771215412939249,59.0,0.90790843486549,75.0,0.9999999999999999,76.0,0.9581199997753024,74.0,0.9565633435153008,30_0,30,0,lamp,111.615234375,41.3077201843,0.0435172737419,0,238.509642831,0.169422969222
UBFC_A1/Eval_On_COHFACE,COHFACE,old,COHFACE_s30_session0_lamp,27,60.0,79.0,super_harmonic_1p5x,60.0,1.0,59.0,0.9770899631108195,61.0,0.9179233414820782,79.0,0.9999999999999997,78.0,0.9823661201241582,40.0,0.9446726812112046,30_0,30,0,lamp,111.615234375,41.3077201843,0.0435172737419,0,238.509642831,0.169422969222
UBFC_A1/Eval_On_COHFACE,COHFACE,old,COHFACE_s30_session0_lamp,28,58.0,79.0,super_harmonic_1p5x,58.0,0.9999999999999999,59.0,0.9865212326589492,57.0,0.8973709686072847,79.0,0.9999999999999997,80.0,0.9963769751897017,78.0,0.9128288338866652,30_0,30,0,lamp,111.615234375,41.3077201843,0.0435172737419,0,238.509642831,0.169422969222
UBFC_A1/Eval_On_COHFACE,COHFACE,old,COHFACE_s30_session0_lamp,29,57.0,65.0,large_error,57.0,0.9999999999999999,56.0,0.9782423699876579,58.0,0.9046756350930997,65.0,0.9999999999999997,66.0,0.9882896695584898,64.0,0.9387533853945988,30_0,30,0,lamp,111.615234375,41.3077201843,0.0435172737419,0,238.509642831,0.169422969222
UBFC_A1/Eval_On_COHFACE,COHFACE,old,COHFACE_s30_session0_lamp,30,54.0,81.0,super_harmonic_1p5x,54.0,0.9999999999999998,53.0,0.9752890201133901,55.0,0.9387765893663276,81.0,0.9999999999999998,82.0,0.9269524670523234,80.0,0.9178118903366377,30_0,30,0,lamp,111.615234375,41.3077201843,0.0435172737419,0,238.509642831,0.169422969222
UBFC_A1/Eval_On_COHFACE,COHFACE,old,COHFACE_s30_session0_lamp,31,51.0,61.0,large_error,51.0,0.9999999999999999,52.0,0.9892853560823308,50.0,0.9491383539430228,61.0,0.9999999999999998,61.99999999999999,0.9741129176088856,60.0,0.8909358542996971,30_0,30,0,lamp,111.615234375,41.3077201843,0.0435172737419,0,238.509642831,0.169422969222
UBFC_A1/Eval_On_COHFACE,COHFACE,old,COHFACE_s30_session0_lamp,32,51.0,63.0,large_error,51.0,1.0,50.0,0.9834934220032429,52.0,0.9319324045379294,63.0,0.9999999999999996,64.0,0.9720105959680134,61.99999999999999,0.9508866221837992,30_0,30,0,lamp,111.615234375,41.3077201843,0.0435172737419,0,238.509642831,0.169422969222
UBFC_A1/Eval_On_COHFACE,COHFACE,old,COHFACE_s30_session0_lamp,33,51.0,60.0,large_error,51.0,0.9999999999999999,52.0,0.9793073981258299,50.0,0.9573037323871587,60.0,0.9999999999999999,61.0,0.9548608337784878,59.0,0.9383548548144516,30_0,30,0,lamp,111.615234375,41.3077201843,0.0435172737419,0,238.509642831,0.169422969222
UBFC_A1/Eval_On_COHFACE,COHFACE,old,COHFACE_s30_session0_lamp,34,47.0,60.0,super_harmonic_1p5x,47.0,0.9999999999999998,46.0,0.9861010051302047,48.0,0.9420159461532875,60.0,0.9999999999999999,61.0,0.9638357129847541,59.0,0.9291080057715239,30_0,30,0,lamp,111.615234375,41.3077201843,0.0435172737419,0,238.509642831,0.169422969222
UBFC_A1/Eval_On_COHFACE,COHFACE,old,COHFACE_s30_session0_lamp,35,48.0,63.0,super_harmonic_1p5x,48.0,0.9999999999999998,47.0,0.953619942981756,49.0,0.9185936586178259,63.0,0.9999999999999996,61.99999999999999,0.9946522479267036,61.0,0.9639279808916362,30_0,30,0,lamp,111.615234375,41.3077201843,0.0435172737419,0,238.509642831,0.169422969222
UBFC_A1/Eval_On_COHFACE,COHFACE,old,COHFACE_s30_session0_lamp,36,59.0,60.0,correct,59.0,0.9999999999999999,58.0,0.9823666034954922,60.0,0.8955383359630302,60.0,0.9999999999999999,59.0,0.9861996207347173,61.0,0.9066971731381582,30_0,30,0,lamp,111.615234375,41.3077201843,0.0435172737419,0,238.509642831,0.169422969222
UBFC_A1/Eval_On_COHFACE,COHFACE,old,COHFACE_s30_session0_lamp,37,59.0,60.0,correct,59.0,0.9999999999999999,60.0,0.958227668702103,58.0,0.9362265769699617,60.0,0.9999999999999999,59.0,0.9846382057029194,61.0,0.8742358444076243,30_0,30,0,lamp,111.615234375,41.3077201843,0.0435172737419,0,238.509642831,0.169422969222
UBFC_A1/Eval_On_COHFACE,COHFACE,old,COHFACE_s30_session0_lamp,38,47.0,44.0,correct,47.0,0.9999999999999998,48.0,0.9562917427646183,46.0,0.9273915688941908,44.0,0.9999999999999999,45.0,0.9452864617111455,43.0,0.9389392126190017,30_0,30,0,lamp,111.615234375,41.3077201843,0.0435172737419,0,238.509642831,0.169422969222
UBFC_A1/Eval_On_COHFACE,COHFACE,old,COHFACE_s30_session0_lamp,39,53.0,43.0,large_error,53.0,0.9999999999999998,47.0,0.9811968396865509,52.0,0.9782370003640994,43.0,0.9999999999999998,44.0,0.962979843658829,42.0,0.9433938285844524,30_0,30,0,lamp,111.615234375,41.3077201843,0.0435172737419,0,238.509642831,0.169422969222
UBFC_A1/Eval_On_COHFACE,COHFACE,old,COHFACE_s30_session0_lamp,40,52.0,55.0,correct,52.0,0.9999999999999999,53.0,0.9957785533058365,51.0,0.9288765258933437,55.0,0.9999999999999997,54.0,0.9828525006213741,56.0,0.9582127940693307,30_0,30,0,lamp,111.615234375,41.3077201843,0.0435172737419,0,238.509642831,0.169422969222
UBFC_A1/Eval_On_COHFACE,COHFACE,old,COHFACE_s30_session0_lamp,41,53.0,52.0,correct,53.0,0.9999999999999999,52.0,0.9823116709159668,54.0,0.9228380326769743,52.0,0.9999999999999999,53.0,0.9555169484418633,51.0,0.9542511567885765,30_0,30,0,lamp,111.615234375,41.3077201843,0.0435172737419,0,238.509642831,0.169422969222
UBFC_A1/Eval_On_COHFACE,COHFACE,old,COHFACE_s30_session0_lamp,42,46.0,51.0,large_error,46.0,0.9999999999999998,45.0,0.9778020002766787,47.0,0.9280682593308486,51.0,0.9999999999999999,52.0,0.9638710785337611,50.0,0.9438317117485915,30_0,30,0,lamp,111.615234375,41.3077201843,0.0435172737419,0,238.509642831,0.169422969222
UBFC_A1/Eval_On_COHFACE,COHFACE,old,COHFACE_s30_session0_lamp,43,57.0,51.0,large_error,57.0,0.9999999999999998,58.0,0.9775421472007503,56.0,0.8940539795031487,51.0,0.9999999999999998,50.0,0.9472004171802043,52.0,0.9433786868256431,30_0,30,0,lamp,111.615234375,41.3077201843,0.0435172737419,0,238.509642831,0.169422969222
UBFC_A1/Eval_On_COHFACE,COHFACE,old,COHFACE_s30_session0_lamp,44,59.0,75.0,super_harmonic_1p5x,59.0,0.9999999999999999,58.0,0.9953408659244862,60.0,0.8924584650518251,75.0,0.9999999999999998,74.0,0.9885618261446227,76.0,0.8765959507959127,30_0,30,0,lamp,111.615234375,41.3077201843,0.0435172737419,0,238.509642831,0.169422969222
UBFC_A1/Eval_On_COHFACE,COHFACE,old,COHFACE_s30_session0_lamp,45,57.0,40.0,large_error,57.0,0.9999999999999998,58.0,0.9757830799057335,47.0,0.9176936439856332,40.0,0.9999999999999998,41.0,0.9147326026628055,80.0,0.7776895469656055,30_0,30,0,lamp,111.615234375,41.3077201843,0.0435172737419,0,238.509642831,0.169422969222
UBFC_A1/Eval_On_COHFACE,COHFACE,old,COHFACE_s30_session0_lamp,46,47.0,82.0,super_harmonic_2x,47.0,0.9999999999999998,46.0,0.9853718780364519,55.0,0.9691214458003283,82.0,0.9999999999999998,81.0,0.9624921477625418,83.0,0.9502498442799909,30_0,30,0,lamp,111.615234375,41.3077201843,0.0435172737419,0,238.509642831,0.169422969222
UBFC_A1/Eval_On_COHFACE,COHFACE,old,COHFACE_s30_session0_lamp,47,53.0,43.0,large_error,53.0,0.9999999999999999,52.0,0.9746980379061322,54.0,0.947082266546055,43.0,0.9999999999999999,44.0,0.9665031245147077,42.0,0.9300907588271629,30_0,30,0,lamp,111.615234375,41.3077201843,0.0435172737419,0,238.509642831,0.169422969222
UBFC_A1/Eval_On_COHFACE,COHFACE,old,COHFACE_s30_session0_lamp,48,53.0,81.0,super_harmonic_1p5x,53.0,0.9999999999999999,52.0,0.957529528929055,54.0,0.9479419444046417,81.0,0.9999999999999998,40.0,0.9928633686986947,80.0,0.9540832096650842,30_0,30,0,lamp,111.615234375,41.3077201843,0.0435172737419,0,238.509642831,0.169422969222
UBFC_A1/Eval_On_COHFACE,COHFACE,old,COHFACE_s30_session0_lamp,49,54.0,81.0,super_harmonic_1p5x,54.0,0.9999999999999998,53.0,0.9580159413961736,55.0,0.9435409298728165,81.0,0.9999999999999997,80.0,0.9885289336716827,82.0,0.9045016120778571,30_0,30,0,lamp,111.615234375,41.3077201843,0.0435172737419,0,238.509642831,0.169422969222
UBFC_A1/Eval_On_COHFACE,COHFACE,old,COHFACE_s30_session0_lamp,50,47.0,55.0,large_error,47.0,0.9999999999999998,48.0,0.9479646223002656,46.0,0.9292224470954995,55.0,0.9999999999999997,54.0,0.9866334273218117,56.0,0.8693980192321228,30_0,30,0,lamp,111.615234375,41.3077201843,0.0435172737419,0,238.509642831,0.169422969222
UBFC_A1/Eval_On_COHFACE,COHFACE,old,COHFACE_s30_session1_lamp,0,69.0,79.0,large_error,69.0,0.9999999999999999,70.0,0.9989477956992419,68.0,0.9514064048889683,79.0,0.9999999999999998,80.0,0.9775987862237362,78.0,0.9579886512971985,30_1,30,1,lamp,108.236030579,39.2874336243,0.0381871273643,0,215.49063828,0.163058429956
UBFC_A1/Eval_On_COHFACE,COHFACE,old,COHFACE_s30_session1_lamp,1,50.0,77.0,super_harmonic_1p5x,50.0,0.9999999999999998,51.0,0.9564102063601033,49.0,0.9528371235916786,77.0,0.9999999999999996,78.0,0.9862352511759377,76.0,0.9674130984091026,30_1,30,1,lamp,108.236030579,39.2874336243,0.0381871273643,0,215.49063828,0.163058429956
UBFC_A1/Eval_On_COHFACE,COHFACE,old,COHFACE_s30_session1_lamp,2,48.0,77.0,super_harmonic_1p5x,48.0,0.9999999999999999,49.0,0.9624730629419394,47.0,0.9623331353870547,77.0,0.9999999999999998,76.0,0.9461931739661208,78.0,0.9210520731759317,30_1,30,1,lamp,108.236030579,39.2874336243,0.0381871273643,0,215.49063828,0.163058429956
UBFC_A1/Eval_On_COHFACE,COHFACE,old,COHFACE_s30_session1_lamp,3,51.0,81.0,super_harmonic_1p5x,51.0,0.9999999999999999,50.0,0.9927307269343614,52.0,0.976652457667779,81.0,0.9999999999999997,82.0,0.97231589176707,80.0,0.870104121317384,30_1,30,1,lamp,108.236030579,39.2874336243,0.0381871273643,0,215.49063828,0.163058429956
UBFC_A1/Eval_On_COHFACE,COHFACE,old,COHFACE_s30_session1_lamp,4,51.0,52.0,correct,51.0,0.9999999999999999,52.0,0.9685944700757143,50.0,0.9654499380142024,52.0,0.9999999999999996,51.0,0.9860246300190381,53.0,0.8586464330502611,30_1,30,1,lamp,108.236030579,39.2874336243,0.0381871273643,0,215.49063828,0.163058429956
UBFC_A1/Eval_On_COHFACE,COHFACE,old,COHFACE_s30_session1_lamp,5,52.0,53.0,correct,52.0,0.9999999999999999,51.0,0.9761667282785101,53.0,0.9758051183740855,53.0,0.9999999999999994,54.0,0.9956016195646943,52.0,0.9229560183715492,30_1,30,1,lamp,108.236030579,39.2874336243,0.0381871273643,0,215.49063828,0.163058429956
UBFC_A1/Eval_On_COHFACE,COHFACE,old,COHFACE_s30_session1_lamp,6,47.0,45.0,correct,47.0,0.9999999999999998,48.0,0.9472097604203061,46.0,0.9463771046461478,45.0,0.9999999999999998,46.0,0.988363647358962,44.0,0.9596793081309037,30_1,30,1,lamp,108.236030579,39.2874336243,0.0381871273643,0,215.49063828,0.163058429956
UBFC_A1/Eval_On_COHFACE,COHFACE,old,COHFACE_s30_session1_lamp,7,59.0,46.0,large_error,59.0,0.9999999999999999,58.0,0.9605709111845964,60.0,0.9235956798478152,46.0,0.9999999999999997,47.0,0.9971605833904333,45.0,0.9215080638375114,30_1,30,1,lamp,108.236030579,39.2874336243,0.0381871273643,0,215.49063828,0.163058429956
UBFC_A1/Eval_On_COHFACE,COHFACE,old,COHFACE_s30_session1_lamp,8,61.0,44.0,large_error,61.0,0.9999999999999999,60.0,0.9948504760822261,61.99999999999999,0.8987793351526622,44.0,0.9999999999999998,45.0,0.9959288913371973,43.0,0.9220598434691405,30_1,30,1,lamp,108.236030579,39.2874336243,0.0381871273643,0,215.49063828,0.163058429956
UBFC_A1/Eval_On_COHFACE,COHFACE,old,COHFACE_s30_session1_lamp,9,61.0,40.0,large_error,61.0,1.0,60.0,0.9678813057272893,61.99999999999999,0.9188458990972286,40.0,0.9999999999999998,41.0,0.8293059240795926,42.0,0.5672093753986052,30_1,30,1,lamp,108.236030579,39.2874336243,0.0381871273643,0,215.49063828,0.163058429956
UBFC_A1/Eval_On_COHFACE,COHFACE,old,COHFACE_s30_session1_lamp,10,60.0,40.0,large_error,60.0,0.9999999999999999,61.0,0.9704154901348049,59.0,0.9273637340842478,40.0,0.9999999999999996,41.0,0.9424759003802403,42.0,0.7734648864702726,30_1,30,1,lamp,108.236030579,39.2874336243,0.0381871273643,0,215.49063828,0.163058429956
UBFC_A1/Eval_On_COHFACE,COHFACE,old,COHFACE_s30_session1_lamp,11,59.0,41.0,large_error,59.0,0.9999999999999999,58.0,0.9832901011247717,60.0,0.9146358953947403,41.0,0.9999999999999998,42.0,0.9618705734063528,40.0,0.9351103849936446,30_1,30,1,lamp,108.236030579,39.2874336243,0.0381871273643,0,215.49063828,0.163058429956
UBFC_A1/Eval_On_COHFACE,COHFACE,old,COHFACE_s30_session1_lamp,12,58.0,40.0,large_error,58.0,1.0,59.0,0.9487897987453678,57.0,0.9385310634890334,40.0,0.9999999999999998,41.0,0.7647369031451893,56.0,0.6201008756839843,30_1,30,1,lamp,108.236030579,39.2874336243,0.0381871273643,0,215.49063828,0.163058429956
UBFC_A1/Eval_On_COHFACE,COHFACE,old,COHFACE_s30_session1_lamp,13,58.0,40.0,large_error,58.0,1.0,57.0,0.9727984630622943,59.0,0.9056997050391563,40.0,0.9999999999999996,41.0,0.9495592636509745,42.0,0.8860071996720865,30_1,30,1,lamp,108.236030579,39.2874336243,0.0381871273643,0,215.49063828,0.163058429956
UBFC_A1/Eval_On_COHFACE,COHFACE,old,COHFACE_s30_session1_lamp,14,58.0,44.0,large_error,58.0,1.0,57.0,0.9760459637997478,59.0,0.9065758092860969,44.0,0.9999999999999999,45.0,0.9686995243126635,43.0,0.9249768656806312,30_1,30,1,lamp,108.236030579,39.2874336243,0.0381871273643,0,215.49063828,0.163058429956
UBFC_A1/Eval_On_COHFACE,COHFACE,old,COHFACE_s30_session1_lamp,15,58.0,81.0,super_harmonic_1p5x,58.0,1.0,59.0,0.9755598203533682,57.0,0.915539776655648,81.0,0.9999999999999998,80.0,0.96391713797813,82.0,0.9115532134118388,30_1,30,1,lamp,108.236030579,39.2874336243,0.0381871273643,0,215.49063828,0.163058429956
UBFC_A1/Eval_On_COHFACE,COHFACE,old,COHFACE_s30_session1_lamp,16,59.0,80.0,super_harmonic_1p5x,59.0,1.0,60.0,0.9796199358423813,58.0,0.9134650550696889,80.0,0.9999999999999998,81.0,0.9586557094848481,79.0,0.9299675775840519,30_1,30,1,lamp,108.236030579,39.2874336243,0.0381871273643,0,215.49063828,0.163058429956
UBFC_A1/Eval_On_COHFACE,COHFACE,old,COHFACE_s30_session1_lamp,17,60.0,77.0,super_harmonic_1p5x,60.0,1.0,59.0,0.9579088845952592,61.0,0.9351141541661377,77.0,0.9999999999999997,78.0,0.9731386712679426,76.0,0.9345972148790747,30_1,30,1,lamp,108.236030579,39.2874336243,0.0381871273643,0,215.49063828,0.163058429956
UBFC_A1/Eval_On_COHFACE,COHFACE,old,COHFACE_s30_session1_lamp,18,61.0,81.0,super_harmonic_1p5x,61.0,1.0,60.0,0.9816649733661632,61.99999999999999,0.8990699932792259,81.0,0.9999999999999998,82.0,0.9579422124326797,80.0,0.9445736044759916,30_1,30,1,lamp,108.236030579,39.2874336243,0.0381871273643,0,215.49063828,0.163058429956
UBFC_A1/Eval_On_COHFACE,COHFACE,old,COHFACE_s30_session1_lamp,19,61.0,60.0,correct,61.0,1.0,61.99999999999999,0.965995863208252,60.0,0.9115525158932113,60.0,0.9999999999999998,59.0,0.945032209946997,61.0,0.9375836964571952,30_1,30,1,lamp,108.236030579,39.2874336243,0.0381871273643,0,215.49063828,0.163058429956
UBFC_A1/Eval_On_COHFACE,COHFACE,old,COHFACE_s30_session1_lamp,20,61.99999999999999,77.0,large_error,61.99999999999999,1.0,61.0,0.9885254981946018,63.0,0.8944088939136497,77.0,0.9999999999999997,76.0,0.9729531888805569,78.0,0.9423236545055336,30_1,30,1,lamp,108.236030579,39.2874336243,0.0381871273643,0,215.49063828,0.163058429956
UBFC_A1/Eval_On_COHFACE,COHFACE,old,COHFACE_s30_session1_lamp,21,61.99999999999999,60.0,correct,61.99999999999999,1.0,61.0,0.9816805065933746,63.0,0.9078692657241345,60.0,0.9999999999999998,59.0,0.9399387991790267,61.0,0.9303259117677626,30_1,30,1,lamp,108.236030579,39.2874336243,0.0381871273643,0,215.49063828,0.163058429956
UBFC_A1/Eval_On_COHFACE,COHFACE,old,COHFACE_s30_session1_lamp,22,61.0,61.0,correct,61.0,1.0,61.99999999999999,0.96884315907203,60.0,0.9269610951905161,61.0,0.9999999999999997,60.0,0.9938615435111001,61.99999999999999,0.8464922027070023,30_1,30,1,lamp,108.236030579,39.2874336243,0.0381871273643,0,215.49063828,0.163058429956
UBFC_A1/Eval_On_COHFACE,COHFACE,old,COHFACE_s30_session1_lamp,23,61.0,79.0,super_harmonic_1p5x,61.0,1.0,60.0,0.9835218526356866,61.99999999999999,0.9069843826454885,79.0,0.9999999999999993,80.0,0.9732370726466096,78.0,0.9692798065286835,30_1,30,1,lamp,108.236030579,39.2874336243,0.0381871273643,0,215.49063828,0.163058429956
UBFC_A1/Eval_On_COHFACE,COHFACE,old,COHFACE_s30_session1_lamp,24,60.0,82.0,super_harmonic_1p5x,60.0,1.0,61.0,0.9925720716688085,59.0,0.8920790339140648,82.0,0.9999999999999996,81.0,0.9794253097691558,83.0,0.9064924972820557,30_1,30,1,lamp,108.236030579,39.2874336243,0.0381871273643,0,215.49063828,0.163058429956
UBFC_A1/Eval_On_COHFACE,COHFACE,old,COHFACE_s30_session1_lamp,25,60.0,61.0,correct,60.0,1.0,61.0,0.9823397951965473,59.0,0.8976793398164208,61.0,0.9999999999999997,60.0,0.9753484754524518,61.99999999999999,0.9138843180882855,30_1,30,1,lamp,108.236030579,39.2874336243,0.0381871273643,0,215.49063828,0.163058429956
UBFC_A1/Eval_On_COHFACE,COHFACE,old,COHFACE_s30_session1_lamp,26,60.0,44.0,large_error,60.0,1.0,61.0,0.9922425068269559,59.0,0.8914228044697804,44.0,0.9999999999999997,45.0,0.9559188378421176,43.0,0.9517059551892612,30_1,30,1,lamp,108.236030579,39.2874336243,0.0381871273643,0,215.49063828,0.163058429956
UBFC_A1/Eval_On_COHFACE,COHFACE,old,COHFACE_s30_session1_lamp,27,61.0,82.0,super_harmonic_1p5x,61.0,1.0,60.0,0.9660529278128285,61.99999999999999,0.9240674094888239,82.0,0.9999999999999996,83.0,0.9998626019703848,60.0,0.9346844356104429,30_1,30,1,lamp,108.236030579,39.2874336243,0.0381871273643,0,215.49063828,0.163058429956
UBFC_A1/Eval_On_COHFACE,COHFACE,old,COHFACE_s30_session1_lamp,28,61.0,61.0,correct,61.0,1.0,61.99999999999999,0.9834846862070425,60.0,0.9141718520588772,61.0,0.9999999999999997,61.99999999999999,0.9655033224186963,60.0,0.9193089857944523,30_1,30,1,lamp,108.236030579,39.2874336243,0.0381871273643,0,215.49063828,0.163058429956
UBFC_A1/Eval_On_COHFACE,COHFACE,old,COHFACE_s30_session1_lamp,29,61.99999999999999,40.0,large_error,61.99999999999999,1.0,63.0,0.9698904491405859,61.0,0.9277036564113573,40.0,0.9999999999999997,41.0,0.9435022917746759,42.0,0.7933297553912092,30_1,30,1,lamp,108.236030579,39.2874336243,0.0381871273643,0,215.49063828,0.163058429956
UBFC_A1/Eval_On_COHFACE,COHFACE,old,COHFACE_s30_session1_lamp,30,63.0,40.0,large_error,63.0,1.0,64.0,0.9940688440313604,61.99999999999999,0.8906523408251196,40.0,0.9999999999999998,41.0,0.8845596980119932,42.0,0.6877870565080614,30_1,30,1,lamp,108.236030579,39.2874336243,0.0381871273643,0,215.49063828,0.163058429956
UBFC_A1/Eval_On_COHFACE,COHFACE,old,COHFACE_s30_session1_lamp,31,64.0,40.0,large_error,64.0,1.0,63.0,0.9864002875675314,65.0,0.8981059773411141,40.0,0.9999999999999994,41.0,0.9047904225630176,42.0,0.7370571529081883,30_1,30,1,lamp,108.236030579,39.2874336243,0.0381871273643,0,215.49063828,0.163058429956
UBFC_A1/Eval_On_COHFACE,COHFACE,old,COHFACE_s30_session1_lamp,32,63.0,77.0,large_error,63.0,0.9999999999999999,61.99999999999999,0.9562245017916954,64.0,0.9253225463749974,77.0,0.9999999999999998,78.0,0.9638363086605445,76.0,0.955523000221541,30_1,30,1,lamp,108.236030579,39.2874336243,0.0381871273643,0,215.49063828,0.163058429956
UBFC_A1/Eval_On_COHFACE,COHFACE,old,COHFACE_s30_session1_lamp,33,51.0,40.0,large_error,51.0,0.9999999999999999,50.0,0.947105185258774,52.0,0.9246622735019171,40.0,0.9999999999999998,41.0,0.8048680871395179,78.0,0.682829343607458,30_1,30,1,lamp,108.236030579,39.2874336243,0.0381871273643,0,215.49063828,0.163058429956
UBFC_A1/Eval_On_COHFACE,COHFACE,old,COHFACE_s30_session1_lamp,34,50.0,78.0,super_harmonic_1p5x,50.0,0.9999999999999999,51.0,0.9738211772050688,49.0,0.9616649747679759,78.0,0.9999999999999997,77.0,0.960167514630666,79.0,0.9545446405997143,30_1,30,1,lamp,108.236030579,39.2874336243,0.0381871273643,0,215.49063828,0.163058429956
UBFC_A1/Eval_On_COHFACE,COHFACE,old,COHFACE_s30_session1_lamp,35,56.0,43.0,large_error,56.0,0.9999999999999998,55.0,0.9731791646548545,57.0,0.9490821333180468,43.0,0.9999999999999998,42.0,0.9786771392019988,44.0,0.9056398867607207,30_1,30,1,lamp,108.236030579,39.2874336243,0.0381871273643,0,215.49063828,0.163058429956
UBFC_A1/Eval_On_COHFACE,COHFACE,old,COHFACE_s30_session1_lamp,36,56.0,81.0,super_harmonic_1p5x,56.0,0.9999999999999999,55.0,0.9586608957256902,57.0,0.9319677642929787,81.0,0.9999999999999997,82.0,0.9538379372357024,80.0,0.9453072501447397,30_1,30,1,lamp,108.236030579,39.2874336243,0.0381871273643,0,215.49063828,0.163058429956
UBFC_A1/Eval_On_COHFACE,COHFACE,old,COHFACE_s30_session1_lamp,37,57.0,43.0,large_error,57.0,0.9999999999999999,56.0,0.9942324942033074,58.0,0.8799845566067507,43.0,0.9999999999999997,42.0,0.9644153196969033,44.0,0.9446314860538594,30_1,30,1,lamp,108.236030579,39.2874336243,0.0381871273643,0,215.49063828,0.163058429956
UBFC_A1/Eval_On_COHFACE,COHFACE,old,COHFACE_s30_session1_lamp,38,58.0,69.0,large_error,58.0,0.9999999999999999,59.0,0.9752100900258235,57.0,0.912376012518024,69.0,0.9999999999999998,68.0,0.960783554814954,70.0,0.8979778127498972,30_1,30,1,lamp,108.236030579,39.2874336243,0.0381871273643,0,215.49063828,0.163058429956
UBFC_A1/Eval_On_COHFACE,COHFACE,old,COHFACE_s30_session1_lamp,39,60.0,81.0,super_harmonic_1p5x,60.0,1.0,59.0,0.9924899963488176,61.0,0.9061438613264334,81.0,0.9999999999999998,82.0,0.9611227548447611,80.0,0.9316636733643427,30_1,30,1,lamp,108.236030579,39.2874336243,0.0381871273643,0,215.49063828,0.163058429956
UBFC_A1/Eval_On_COHFACE,COHFACE,old,COHFACE_s30_session1_lamp,40,60.0,81.0,super_harmonic_1p5x,60.0,1.0,61.0,0.9875046873382668,59.0,0.8988893998472591,81.0,0.9999999999999996,80.0,0.9848171103870853,82.0,0.9007682163082249,30_1,30,1,lamp,108.236030579,39.2874336243,0.0381871273643,0,215.49063828,0.163058429956
UBFC_A1/Eval_On_COHFACE,COHFACE,old,COHFACE_s30_session1_lamp,41,60.0,77.0,super_harmonic_1p5x,60.0,1.0,59.0,0.9958369697355404,61.0,0.9050358252900167,77.0,0.9999999999999996,76.0,0.9936033738724585,78.0,0.926923142608267,30_1,30,1,lamp,108.236030579,39.2874336243,0.0381871273643,0,215.49063828,0.163058429956
UBFC_A1/Eval_On_COHFACE,COHFACE,old,COHFACE_s30_session1_lamp,42,59.0,58.0,correct,59.0,1.0,60.0,0.9615832280115987,58.0,0.9375768292690518,58.0,0.9999999999999998,59.0,0.996479641537827,57.0,0.8802204583905916,30_1,30,1,lamp,108.236030579,39.2874336243,0.0381871273643,0,215.49063828,0.163058429956
UBFC_A1/Eval_On_COHFACE,COHFACE,old,COHFACE_s30_session1_lamp,43,59.0,57.0,correct,59.0,1.0,60.0,0.9591787996709593,58.0,0.9300588276354099,57.0,0.9999999999999998,58.0,0.9645769784538816,56.0,0.9187813183515126,30_1,30,1,lamp,108.236030579,39.2874336243,0.0381871273643,0,215.49063828,0.163058429956
UBFC_A1/Eval_On_COHFACE,COHFACE,old,COHFACE_s30_session1_lamp,44,59.0,68.0,large_error,59.0,1.0,60.0,0.9985655758055592,58.0,0.8807963756431814,68.0,0.9999999999999998,67.0,0.9514754156728646,42.0,0.9250262976666176,30_1,30,1,lamp,108.236030579,39.2874336243,0.0381871273643,0,215.49063828,0.163058429956
UBFC_A1/Eval_On_COHFACE,COHFACE,old,COHFACE_s30_session1_lamp,45,60.0,40.0,large_error,60.0,1.0,59.0,0.984500239775899,61.0,0.8917996496009652,40.0,0.9999999999999998,41.0,0.8322363750784556,42.0,0.588382694594362,30_1,30,1,lamp,108.236030579,39.2874336243,0.0381871273643,0,215.49063828,0.163058429956
UBFC_A1/Eval_On_COHFACE,COHFACE,old,COHFACE_s30_session1_lamp,46,59.0,41.0,large_error,59.0,1.0,60.0,0.957410008702315,58.0,0.9191861605817251,41.0,0.9999999999999996,42.0,0.9973935993446488,40.0,0.9857184751045274,30_1,30,1,lamp,108.236030579,39.2874336243,0.0381871273643,0,215.49063828,0.163058429956
UBFC_A1/Eval_On_COHFACE,COHFACE,old,COHFACE_s30_session1_lamp,47,58.0,43.0,large_error,58.0,1.0,59.0,0.9783386541960845,57.0,0.9098509416249632,43.0,0.9999999999999998,44.0,0.990626980668455,42.0,0.9328338070462278,30_1,30,1,lamp,108.236030579,39.2874336243,0.0381871273643,0,215.49063828,0.163058429956
UBFC_A1/Eval_On_COHFACE,COHFACE,old,COHFACE_s30_session1_lamp,48,57.0,40.0,large_error,57.0,1.0,58.0,0.9688016638797293,56.0,0.9334460604601961,40.0,0.9999999999999998,41.0,0.8753178195103604,78.0,0.7512551574590745,30_1,30,1,lamp,108.236030579,39.2874336243,0.0381871273643,0,215.49063828,0.163058429956
UBFC_A1/Eval_On_COHFACE,COHFACE,old,COHFACE_s30_session1_lamp,49,56.0,40.0,large_error,56.0,1.0,57.0,0.9920966796147734,55.0,0.9101535226556351,40.0,0.9999999999999998,41.0,0.9742493083085315,79.0,0.9330760308815812,30_1,30,1,lamp,108.236030579,39.2874336243,0.0381871273643,0,215.49063828,0.163058429956
UBFC_A1/Eval_On_COHFACE,COHFACE,old,COHFACE_s30_session1_lamp,50,57.0,53.0,large_error,57.0,1.0,56.0,0.9658985232244222,58.0,0.916216489093941,53.0,0.9999999999999998,52.0,0.9425290744748503,54.0,0.935262071810465,30_1,30,1,lamp,108.236030579,39.2874336243,0.0381871273643,0,215.49063828,0.163058429956
UBFC_A1/Eval_On_COHFACE,COHFACE,old,COHFACE_s30_session2_natural,0,66.0,68.0,correct,66.0,0.9999999999999999,65.0,0.9969668162136791,67.0,0.9091225699498232,68.0,0.9999999999999999,67.0,0.9801709955782024,69.0,0.9298262754462061,30_2,30,2,natural,100.600006104,53.9405555725,0.762780920252,0,393.504320212,0.189403891563
UBFC_A1/Eval_On_COHFACE,COHFACE,old,COHFACE_s30_session2_natural,1,63.0,66.0,correct,63.0,0.9999999999999998,64.0,0.9606835036662555,61.99999999999999,0.9395070663435714,66.0,0.9999999999999998,65.0,0.9653903709981777,67.0,0.96319645432933,30_2,30,2,natural,100.600006104,53.9405555725,0.762780920252,0,393.504320212,0.189403891563
UBFC_A1/Eval_On_COHFACE,COHFACE,old,COHFACE_s30_session2_natural,2,50.0,59.0,large_error,50.0,0.9999999999999999,51.0,0.9633417153886413,49.0,0.9435604763560264,59.0,0.9999999999999999,60.0,0.9906704533557881,58.0,0.8885886360512646,30_2,30,2,natural,100.600006104,53.9405555725,0.762780920252,0,393.504320212,0.189403891563
UBFC_A1/Eval_On_COHFACE,COHFACE,old,COHFACE_s30_session2_natural,3,48.0,47.0,correct,48.0,0.9999999999999998,47.0,0.9802268996397028,49.0,0.9426600941117517,47.0,0.9999999999999999,48.0,0.9511419084773886,46.0,0.9024736169368021,30_2,30,2,natural,100.600006104,53.9405555725,0.762780920252,0,393.504320212,0.189403891563
UBFC_A1/Eval_On_COHFACE,COHFACE,old,COHFACE_s30_session2_natural,4,51.0,46.0,large_error,51.0,0.9999999999999999,50.0,0.9929906505329209,52.0,0.9866053330835459,46.0,0.9999999999999999,45.0,0.9847354383877724,47.0,0.9001678821611419,30_2,30,2,natural,100.600006104,53.9405555725,0.762780920252,0,393.504320212,0.189403891563
UBFC_A1/Eval_On_COHFACE,COHFACE,old,COHFACE_s30_session2_natural,5,52.0,45.0,large_error,52.0,1.0,51.0,0.996950514381346,50.0,0.9080126295939617,45.0,0.9999999999999998,46.0,0.9655679189683158,44.0,0.9631032393613232,30_2,30,2,natural,100.600006104,53.9405555725,0.762780920252,0,393.504320212,0.189403891563
UBFC_A1/Eval_On_COHFACE,COHFACE,old,COHFACE_s30_session2_natural,6,52.0,53.0,correct,52.0,1.0,53.0,0.9471333125379358,51.0,0.9467037307000304,53.0,0.9999999999999997,52.0,0.9910149397142044,51.0,0.9306130124696438,30_2,30,2,natural,100.600006104,53.9405555725,0.762780920252,0,393.504320212,0.189403891563
UBFC_A1/Eval_On_COHFACE,COHFACE,old,COHFACE_s30_session2_natural,7,54.0,44.0,large_error,54.0,0.9999999999999999,53.0,0.9797142307736633,55.0,0.9062663272670174,44.0,0.9999999999999998,45.0,0.975424564579449,43.0,0.9274833313964836,30_2,30,2,natural,100.600006104,53.9405555725,0.762780920252,0,393.504320212,0.189403891563
UBFC_A1/Eval_On_COHFACE,COHFACE,old,COHFACE_s30_session2_natural,8,55.0,44.0,large_error,55.0,1.0,54.0,0.9574008805457415,56.0,0.9236902543264612,44.0,0.9999999999999998,43.0,0.9906124103035966,45.0,0.880240537038415,30_2,30,2,natural,100.600006104,53.9405555725,0.762780920252,0,393.504320212,0.189403891563
UBFC_A1/Eval_On_COHFACE,COHFACE,old,COHFACE_s30_session2_natural,9,56.0,57.0,correct,56.0,1.0,55.0,0.9498834667096543,57.0,0.9336093630727454,57.0,0.9999999999999999,56.0,0.9536694404193388,58.0,0.9470466767636461,30_2,30,2,natural,100.600006104,53.9405555725,0.762780920252,0,393.504320212,0.189403891563
UBFC_A1/Eval_On_COHFACE,COHFACE,old,COHFACE_s30_session2_natural,10,57.0,56.0,correct,57.0,1.0,56.0,0.9580004865328751,58.0,0.9329654482282592,56.0,0.9999999999999999,57.0,0.993115488471238,55.0,0.8859374987113112,30_2,30,2,natural,100.600006104,53.9405555725,0.762780920252,0,393.504320212,0.189403891563
UBFC_A1/Eval_On_COHFACE,COHFACE,old,COHFACE_s30_session2_natural,11,57.0,54.0,correct,57.0,0.9999999999999999,58.0,0.9975216205135518,56.0,0.9061431623307974,54.0,0.9999999999999999,55.0,0.9917943417369192,53.0,0.9670857983551752,30_2,30,2,natural,100.600006104,53.9405555725,0.762780920252,0,393.504320212,0.189403891563
UBFC_A1/Eval_On_COHFACE,COHFACE,old,COHFACE_s30_session2_natural,12,58.0,54.0,large_error,58.0,0.9999999999999999,59.0,0.9668303552886065,57.0,0.9229223834561765,54.0,0.9999999999999999,53.0,0.9901602110577967,55.0,0.9452396117211798,30_2,30,2,natural,100.600006104,53.9405555725,0.762780920252,0,393.504320212,0.189403891563
UBFC_A1/Eval_On_COHFACE,COHFACE,old,COHFACE_s30_session2_natural,13,59.0,53.0,large_error,59.0,0.9999999999999999,60.0,0.9658691629348902,58.0,0.9073619664847962,53.0,0.9999999999999999,52.0,0.9724759650255163,54.0,0.9680303085439731,30_2,30,2,natural,100.600006104,53.9405555725,0.762780920252,0,393.504320212,0.189403891563
UBFC_A1/Eval_On_COHFACE,COHFACE,old,COHFACE_s30_session2_natural,14,60.0,60.0,correct,60.0,0.9999999999999999,59.0,0.9441751333827313,61.0,0.9373573124936571,60.0,0.9999999999999999,59.0,0.9830772345479744,61.0,0.9063549384458229,30_2,30,2,natural,100.600006104,53.9405555725,0.762780920252,0,393.504320212,0.189403891563
UBFC_A1/Eval_On_COHFACE,COHFACE,old,COHFACE_s30_session2_natural,15,60.0,60.0,correct,60.0,0.9999999999999999,61.0,0.9544525195490999,59.0,0.9375363337780678,60.0,0.9999999999999998,61.0,0.9668487669709581,59.0,0.9388639254825257,30_2,30,2,natural,100.600006104,53.9405555725,0.762780920252,0,393.504320212,0.189403891563
UBFC_A1/Eval_On_COHFACE,COHFACE,old,COHFACE_s30_session2_natural,16,59.0,59.0,correct,59.0,0.9999999999999999,58.0,0.9966864017069299,60.0,0.9040273210526064,59.0,0.9999999999999999,60.0,0.9896575406615721,58.0,0.9004006455426083,30_2,30,2,natural,100.600006104,53.9405555725,0.762780920252,0,393.504320212,0.189403891563
UBFC_A1/Eval_On_COHFACE,COHFACE,old,COHFACE_s30_session2_natural,17,55.0,66.0,large_error,55.0,0.9999999999999998,56.0,0.9940353035056363,54.0,0.9281427124957419,66.0,0.9999999999999998,65.0,0.9791215619104315,67.0,0.9610597896277646,30_2,30,2,natural,100.600006104,53.9405555725,0.762780920252,0,393.504320212,0.189403891563
UBFC_A1/Eval_On_COHFACE,COHFACE,old,COHFACE_s30_session2_natural,18,53.0,47.0,large_error,53.0,0.9999999999999999,52.0,0.9938227652691342,51.0,0.929434483619997,47.0,0.9999999999999997,46.0,0.9985953363194139,48.0,0.908344439999064,30_2,30,2,natural,100.600006104,53.9405555725,0.762780920252,0,393.504320212,0.189403891563
UBFC_A1/Eval_On_COHFACE,COHFACE,old,COHFACE_s30_session2_natural,19,52.0,53.0,correct,52.0,0.9999999999999999,51.0,0.9745823110279209,53.0,0.9393040855139445,53.0,0.9999999999999997,54.0,0.9810794513045381,52.0,0.9084367730638679,30_2,30,2,natural,100.600006104,53.9405555725,0.762780920252,0,393.504320212,0.189403891563
UBFC_A1/Eval_On_COHFACE,COHFACE,old,COHFACE_s30_session2_natural,20,52.0,53.0,correct,52.0,0.9999999999999999,53.0,0.9961047392893518,51.0,0.9386981187956493,53.0,0.9999999999999996,54.0,0.9911932297256629,75.0,0.9637735204197493,30_2,30,2,natural,100.600006104,53.9405555725,0.762780920252,0,393.504320212,0.189403891563
UBFC_A1/Eval_On_COHFACE,COHFACE,old,COHFACE_s30_session2_natural,21,47.0,57.0,large_error,47.0,0.9999999999999998,46.0,0.9735214238688518,48.0,0.9418058992745414,57.0,0.9999999999999993,56.0,0.9871977025624499,58.0,0.8985132991381432,30_2,30,2,natural,100.600006104,53.9405555725,0.762780920252,0,393.504320212,0.189403891563
UBFC_A1/Eval_On_COHFACE,COHFACE,old,COHFACE_s30_session2_natural,22,49.0,60.0,large_error,49.0,0.9999999999999999,48.0,0.9968978395827132,59.0,0.900362163082333,60.0,0.9999999999999999,59.0,0.9583535335005372,61.0,0.9395188629270096,30_2,30,2,natural,100.600006104,53.9405555725,0.762780920252,0,393.504320212,0.189403891563
UBFC_A1/Eval_On_COHFACE,COHFACE,old,COHFACE_s30_session2_natural,23,61.0,67.0,large_error,61.0,0.9999999999999999,61.99999999999999,0.9843422847175066,60.0,0.9066077259078842,67.0,0.9999999999999999,66.0,0.973810207273321,68.0,0.9468202346974225,30_2,30,2,natural,100.600006104,53.9405555725,0.762780920252,0,393.504320212,0.189403891563
UBFC_A1/Eval_On_COHFACE,COHFACE,old,COHFACE_s30_session2_natural,24,63.0,64.0,correct,63.0,1.0,64.0,0.9621748004476256,61.99999999999999,0.9187775245000975,64.0,0.9999999999999998,63.0,0.9795148981292966,65.0,0.9745215244102696,30_2,30,2,natural,100.600006104,53.9405555725,0.762780920252,0,393.504320212,0.189403891563
UBFC_A1/Eval_On_COHFACE,COHFACE,old,COHFACE_s30_session2_natural,25,64.0,64.0,correct,64.0,1.0,63.0,0.9501095381766848,65.0,0.9414309491002151,64.0,0.9999999999999998,63.0,0.9877599116357023,65.0,0.9531043572405098,30_2,30,2,natural,100.600006104,53.9405555725,0.762780920252,0,393.504320212,0.189403891563
UBFC_A1/Eval_On_COHFACE,COHFACE,old,COHFACE_s30_session2_natural,26,64.0,60.0,large_error,64.0,1.0,63.0,0.9805743700241482,65.0,0.9155229793498779,60.0,1.0,61.0,0.9663744986274058,59.0,0.948473612497433,30_2,30,2,natural,100.600006104,53.9405555725,0.762780920252,0,393.504320212,0.189403891563
UBFC_A1/Eval_On_COHFACE,COHFACE,old,COHFACE_s30_session2_natural,27,64.0,60.0,large_error,64.0,1.0,63.0,0.9809949873952426,65.0,0.9054124769157549,60.0,1.0,59.0,0.9612676586704821,61.0,0.946184778563744,30_2,30,2,natural,100.600006104,53.9405555725,0.762780920252,0,393.504320212,0.189403891563
UBFC_A1/Eval_On_COHFACE,COHFACE,old,COHFACE_s30_session2_natural,28,64.0,60.0,large_error,64.0,1.0,63.0,0.9716651995210575,65.0,0.9044016410790389,60.0,1.0,59.0,0.9630341839788701,61.0,0.9295806581757282,30_2,30,2,natural,100.600006104,53.9405555725,0.762780920252,0,393.504320212,0.189403891563
UBFC_A1/Eval_On_COHFACE,COHFACE,old,COHFACE_s30_session2_natural,29,63.0,60.0,correct,63.0,1.0,64.0,0.9932839700085292,61.99999999999999,0.8840990351340464,60.0,1.0,61.0,0.9707579741918395,59.0,0.9234483849589739,30_2,30,2,natural,100.600006104,53.9405555725,0.762780920252,0,393.504320212,0.189403891563
UBFC_A1/Eval_On_COHFACE,COHFACE,old,COHFACE_s30_session2_natural,30,63.0,60.0,correct,63.0,1.0,61.99999999999999,0.9866654429176196,64.0,0.9072943543946476,60.0,1.0,59.0,0.9569047627993746,61.0,0.9452415939812324,30_2,30,2,natural,100.600006104,53.9405555725,0.762780920252,0,393.504320212,0.189403891563
UBFC_A1/Eval_On_COHFACE,COHFACE,old,COHFACE_s30_session2_natural,31,61.0,60.0,correct,61.0,0.9999999999999999,61.99999999999999,0.9595587514924405,60.0,0.9314231800921914,60.0,0.9999999999999998,61.0,0.991120016801071,59.0,0.9515151391527279,30_2,30,2,natural,100.600006104,53.9405555725,0.762780920252,0,393.504320212,0.189403891563
UBFC_A1/Eval_On_COHFACE,COHFACE,old,COHFACE_s30_session2_natural,32,59.0,59.0,correct,59.0,0.9999999999999998,58.0,0.9932837276860845,60.0,0.9210615987291575,59.0,0.9999999999999998,60.0,0.9576260401832363,58.0,0.9245466493275002,30_2,30,2,natural,100.600006104,53.9405555725,0.762780920252,0,393.504320212,0.189403891563
UBFC_A1/Eval_On_COHFACE,COHFACE,old,COHFACE_s30_session2_natural,33,55.0,40.0,large_error,55.0,0.9999999999999999,56.0,0.9915093147536335,54.0,0.9375949399255539,40.0,0.9999999999999997,69.0,0.8920295569373707,68.0,0.8829046670775919,30_2,30,2,natural,100.600006104,53.9405555725,0.762780920252,0,393.504320212,0.189403891563
UBFC_A1/Eval_On_COHFACE,COHFACE,old,COHFACE_s30_session2_natural,34,54.0,76.0,super_harmonic_1p5x,54.0,1.0,53.0,0.9822289288084843,55.0,0.923703778208519,76.0,0.9999999999999998,75.0,0.968062667900469,77.0,0.9389259807648758,30_2,30,2,natural,100.600006104,53.9405555725,0.762780920252,0,393.504320212,0.189403891563
UBFC_A1/Eval_On_COHFACE,COHFACE,old,COHFACE_s30_session2_natural,35,53.0,55.0,correct,53.0,1.0,54.0,0.9570913489444769,52.0,0.949611685685281,55.0,0.9999999999999998,54.0,0.9897773766288535,56.0,0.8658599640153196,30_2,30,2,natural,100.600006104,53.9405555725,0.762780920252,0,393.504320212,0.189403891563
UBFC_A1/Eval_On_COHFACE,COHFACE,old,COHFACE_s30_session2_natural,36,54.0,40.0,large_error,54.0,0.9999999999999999,53.0,0.9921118578084833,55.0,0.9307755440873061,40.0,0.9999999999999997,56.0,0.9640087594138295,55.0,0.9612109798936029,30_2,30,2,natural,100.600006104,53.9405555725,0.762780920252,0,393.504320212,0.189403891563
UBFC_A1/Eval_On_COHFACE,COHFACE,old,COHFACE_s30_session2_natural,37,49.0,82.0,super_harmonic_2x,49.0,0.9999999999999998,50.0,0.9846286445919402,48.0,0.9261850632378457,82.0,0.9999999999999998,83.0,0.9816520810797881,81.0,0.8970669737867254,30_2,30,2,natural,100.600006104,53.9405555725,0.762780920252,0,393.504320212,0.189403891563
UBFC_A1/Eval_On_COHFACE,COHFACE,old,COHFACE_s30_session2_natural,38,51.0,68.0,super_harmonic_1p5x,51.0,0.9999999999999999,50.0,0.9360219389364964,52.0,0.9266239803976767,68.0,0.9999999999999998,69.0,0.9904625007478126,67.0,0.9128487623918065,30_2,30,2,natural,100.600006104,53.9405555725,0.762780920252,0,393.504320212,0.189403891563
UBFC_A1/Eval_On_COHFACE,COHFACE,old,COHFACE_s30_session2_natural,39,63.0,79.0,super_harmonic_1p5x,63.0,0.9999999999999999,64.0,0.9738082129374847,61.99999999999999,0.8914420274807935,79.0,0.9999999999999996,80.0,0.9908157795156243,78.0,0.9374108080548138,30_2,30,2,natural,100.600006104,53.9405555725,0.762780920252,0,393.504320212,0.189403891563
UBFC_A1/Eval_On_COHFACE,COHFACE,old,COHFACE_s30_session2_natural,40,63.0,81.0,super_harmonic_1p5x,63.0,0.9999999999999999,64.0,0.9914856567575828,61.99999999999999,0.8792361805415342,81.0,0.9999999999999998,80.0,0.9847217715299846,82.0,0.9412007681759107,30_2,30,2,natural,100.600006104,53.9405555725,0.762780920252,0,393.504320212,0.189403891563
UBFC_A1/Eval_On_COHFACE,COHFACE,old,COHFACE_s30_session2_natural,41,52.0,80.0,super_harmonic_1p5x,52.0,0.9999999999999999,51.0,0.9834205898325055,53.0,0.8815607504730031,80.0,0.9999999999999996,79.0,0.9889167212899329,59.0,0.9563844473584808,30_2,30,2,natural,100.600006104,53.9405555725,0.762780920252,0,393.504320212,0.189403891563
UBFC_A1/Eval_On_COHFACE,COHFACE,old,COHFACE_s30_session2_natural,42,50.0,69.0,super_harmonic_1p5x,50.0,0.9999999999999999,51.0,0.99841573993826,52.0,0.9236828909348523,69.0,0.9999999999999998,70.0,0.9758941812347712,59.0,0.878223919081646,30_2,30,2,natural,100.600006104,53.9405555725,0.762780920252,0,393.504320212,0.189403891563
UBFC_A1/Eval_On_COHFACE,COHFACE,old,COHFACE_s30_session2_natural,43,56.0,58.0,correct,56.0,0.9999999999999998,57.0,0.999310155428824,55.0,0.9438872936507617,58.0,0.9999999999999999,59.0,0.9862435369081152,68.0,0.9851583206693028,30_2,30,2,natural,100.600006104,53.9405555725,0.762780920252,0,393.504320212,0.189403891563
UBFC_A1/Eval_On_COHFACE,COHFACE,old,COHFACE_s30_session2_natural,44,56.0,67.0,large_error,56.0,0.9999999999999999,57.0,0.9838166658516052,55.0,0.9193414172541551,67.0,0.9999999999999999,66.0,0.9712209238926047,68.0,0.9235153813335997,30_2,30,2,natural,100.600006104,53.9405555725,0.762780920252,0,393.504320212,0.189403891563
UBFC_A1/Eval_On_COHFACE,COHFACE,old,COHFACE_s30_session2_natural,45,57.0,63.0,large_error,57.0,0.9999999999999998,56.0,0.9475830552395518,58.0,0.9330492195106833,63.0,0.9999999999999998,61.99999999999999,0.9822987806423601,64.0,0.9413074331154249,30_2,30,2,natural,100.600006104,53.9405555725,0.762780920252,0,393.504320212,0.189403891563
UBFC_A1/Eval_On_COHFACE,COHFACE,old,COHFACE_s30_session2_natural,46,59.0,60.0,correct,59.0,0.9999999999999999,60.0,0.9757207553848652,58.0,0.9319966011256244,60.0,0.9999999999999999,61.0,0.9650288907124446,59.0,0.9179713225123171,30_2,30,2,natural,100.600006104,53.9405555725,0.762780920252,0,393.504320212,0.189403891563
UBFC_A1/Eval_On_COHFACE,COHFACE,old,COHFACE_s30_session2_natural,47,61.99999999999999,45.0,large_error,61.99999999999999,0.9999999999999999,61.0,0.999732078725018,63.0,0.8986118690879082,45.0,0.9999999999999999,46.0,0.97974964408698,44.0,0.9270666913114674,30_2,30,2,natural,100.600006104,53.9405555725,0.762780920252,0,393.504320212,0.189403891563
UBFC_A1/Eval_On_COHFACE,COHFACE,old,COHFACE_s30_session2_natural,48,63.0,61.99999999999999,correct,63.0,1.0,61.99999999999999,0.944432533180554,64.0,0.9414933282373961,61.99999999999999,0.9999999999999998,61.0,0.9929292755123934,63.0,0.9158706421752956,30_2,30,2,natural,100.600006104,53.9405555725,0.762780920252,0,393.504320212,0.189403891563
UBFC_A1/Eval_On_COHFACE,COHFACE,old,COHFACE_s30_session2_natural,49,63.0,61.0,correct,63.0,0.9999999999999999,64.0,0.9995026024015252,61.99999999999999,0.8998862688134239,61.0,0.9999999999999997,60.0,0.9599332447568103,61.99999999999999,0.9404005729061433,30_2,30,2,natural,100.600006104,53.9405555725,0.762780920252,0,393.504320212,0.189403891563
UBFC_A1/Eval_On_COHFACE,COHFACE,old,COHFACE_s30_session2_natural,50,64.0,81.0,super_harmonic_1p5x,64.0,1.0,65.0,0.9575266948984271,63.0,0.9364335593075452,81.0,0.9999999999999994,80.0,0.9833839774578088,60.0,0.9710168582361284,30_2,30,2,natural,100.600006104,53.9405555725,0.762780920252,0,393.504320212,0.189403891563
UBFC_A1/Eval_On_COHFACE,COHFACE,old,COHFACE_s30_session3_natural,0,58.0,59.0,correct,58.0,1.0,59.0,0.960570576418417,57.0,0.9134106170840736,59.0,0.9999999999999998,60.0,0.9619399424818916,58.0,0.913793917056258,30_3,30,3,natural,105.923339844,55.5856552124,0.389019854657,0,467.328414586,0.173278927803
UBFC_A1/Eval_On_COHFACE,COHFACE,old,COHFACE_s30_session3_natural,1,58.0,60.0,correct,58.0,1.0,57.0,0.9590370858261379,59.0,0.9196012273058947,60.0,0.9999999999999998,59.0,0.952187739624979,61.0,0.9133583177568406,30_3,30,3,natural,105.923339844,55.5856552124,0.389019854657,0,467.328414586,0.173278927803
UBFC_A1/Eval_On_COHFACE,COHFACE,old,COHFACE_s30_session3_natural,2,57.0,44.0,large_error,57.0,1.0,56.0,0.9644954203183003,58.0,0.9136738929138157,44.0,0.9999999999999998,45.0,0.9874377788276377,43.0,0.9087787311236117,30_3,30,3,natural,105.923339844,55.5856552124,0.389019854657,0,467.328414586,0.173278927803
UBFC_A1/Eval_On_COHFACE,COHFACE,old,COHFACE_s30_session3_natural,3,56.0,77.0,super_harmonic_1p5x,56.0,0.9999999999999999,57.0,0.9521873549191858,55.0,0.9331140233464643,77.0,0.9999999999999997,78.0,0.9700940071080789,76.0,0.928017431639163,30_3,30,3,natural,105.923339844,55.5856552124,0.389019854657,0,467.328414586,0.173278927803
UBFC_A1/Eval_On_COHFACE,COHFACE,old,COHFACE_s30_session3_natural,4,55.0,46.0,large_error,55.0,0.9999999999999999,54.0,0.9584143336529021,56.0,0.9393848380593269,46.0,0.9999999999999998,45.0,0.9686714801478964,47.0,0.8948483872047142,30_3,30,3,natural,105.923339844,55.5856552124,0.389019854657,0,467.328414586,0.173278927803
UBFC_A1/Eval_On_COHFACE,COHFACE,old,COHFACE_s30_session3_natural,5,53.0,76.0,super_harmonic_1p5x,53.0,0.9999999999999999,52.0,0.9830322909564103,54.0,0.9267845019721014,76.0,0.9999999999999999,51.0,0.9853715018766286,75.0,0.9818784552906775,30_3,30,3,natural,105.923339844,55.5856552124,0.389019854657,0,467.328414586,0.173278927803
UBFC_A1/Eval_On_COHFACE,COHFACE,old,COHFACE_s30_session3_natural,6,52.0,52.0,correct,52.0,1.0,53.0,0.9601581405712958,51.0,0.9392732176213615,52.0,0.9999999999999999,53.0,0.9522970324907242,51.0,0.9470493932947881,30_3,30,3,natural,105.923339844,55.5856552124,0.389019854657,0,467.328414586,0.173278927803
UBFC_A1/Eval_On_COHFACE,COHFACE,old,COHFACE_s30_session3_natural,7,53.0,52.0,correct,53.0,1.0,52.0,0.9977500911161513,51.0,0.8940707518681197,52.0,1.0,53.0,0.9741392082815266,51.0,0.9156671883682136,30_3,30,3,natural,105.923339844,55.5856552124,0.389019854657,0,467.328414586,0.173278927803
UBFC_A1/Eval_On_COHFACE,COHFACE,old,COHFACE_s30_session3_natural,8,54.0,59.0,large_error,54.0,0.9999999999999999,55.0,0.9572067503968908,53.0,0.9310310735028694,59.0,0.9999999999999999,58.0,0.9902881192494019,60.0,0.9415293065770044,30_3,30,3,natural,105.923339844,55.5856552124,0.389019854657,0,467.328414586,0.173278927803
UBFC_A1/Eval_On_COHFACE,COHFACE,old,COHFACE_s30_session3_natural,9,57.0,59.0,correct,57.0,0.9999999999999999,56.0,0.9947879856238984,58.0,0.8951508307116247,59.0,0.9999999999999998,58.0,0.9971797083535947,60.0,0.9102820688291862,30_3,30,3,natural,105.923339844,55.5856552124,0.389019854657,0,467.328414586,0.173278927803
UBFC_A1/Eval_On_COHFACE,COHFACE,old,COHFACE_s30_session3_natural,10,59.0,59.0,correct,59.0,1.0,58.0,0.9823186682088942,60.0,0.912570912977891,59.0,0.9999999999999999,58.0,0.9497035391932933,60.0,0.9412708310633849,30_3,30,3,natural,105.923339844,55.5856552124,0.389019854657,0,467.328414586,0.173278927803
UBFC_A1/Eval_On_COHFACE,COHFACE,old,COHFACE_s30_session3_natural,11,60.0,59.0,correct,60.0,1.0,61.0,0.9545356182596816,59.0,0.9458390215874021,59.0,1.0,60.0,0.9847328575045698,58.0,0.9025498963652321,30_3,30,3,natural,105.923339844,55.5856552124,0.389019854657,0,467.328414586,0.173278927803
UBFC_A1/Eval_On_COHFACE,COHFACE,old,COHFACE_s30_session3_natural,12,61.99999999999999,60.0,correct,61.99999999999999,1.0,61.0,0.984687454535078,63.0,0.9084809773990207,60.0,0.9999999999999998,59.0,0.974177965559121,61.0,0.9316652969588312,30_3,30,3,natural,105.923339844,55.5856552124,0.389019854657,0,467.328414586,0.173278927803
UBFC_A1/Eval_On_COHFACE,COHFACE,old,COHFACE_s30_session3_natural,13,63.0,60.0,correct,63.0,1.0,61.99999999999999,0.9945616336768931,64.0,0.8853273561420355,60.0,0.9999999999999999,59.0,0.9869375667527283,61.0,0.916070280550873,30_3,30,3,natural,105.923339844,55.5856552124,0.389019854657,0,467.328414586,0.173278927803
UBFC_A1/Eval_On_COHFACE,COHFACE,old,COHFACE_s30_session3_natural,14,63.0,61.0,correct,63.0,1.0,61.99999999999999,0.947874190746948,64.0,0.92284618539895,61.0,1.0,60.0,0.949761890775088,61.99999999999999,0.9408905314953738,30_3,30,3,natural,105.923339844,55.5856552124,0.389019854657,0,467.328414586,0.173278927803
UBFC_A1/Eval_On_COHFACE,COHFACE,old,COHFACE_s30_session3_natural,15,61.99999999999999,65.0,correct,61.99999999999999,0.9999999999999999,63.0,0.991216122775547,61.0,0.8949353600609208,65.0,1.0,66.0,0.9946553679331334,64.0,0.9333644026951761,30_3,30,3,natural,105.923339844,55.5856552124,0.389019854657,0,467.328414586,0.173278927803
UBFC_A1/Eval_On_COHFACE,COHFACE,old,COHFACE_s30_session3_natural,16,61.0,65.0,large_error,61.0,0.9999999999999999,61.99999999999999,0.9569804789146408,60.0,0.9331647283108198,65.0,0.9999999999999999,64.0,0.9689667291228096,66.0,0.957169096557013,30_3,30,3,natural,105.923339844,55.5856552124,0.389019854657,0,467.328414586,0.173278927803
UBFC_A1/Eval_On_COHFACE,COHFACE,old,COHFACE_s30_session3_natural,17,59.0,65.0,large_error,59.0,0.9999999999999998,58.0,0.9779502122725864,60.0,0.9338978708682104,65.0,0.9999999999999998,66.0,0.9823430940528457,64.0,0.9775423340112274,30_3,30,3,natural,105.923339844,55.5856552124,0.389019854657,0,467.328414586,0.173278927803
UBFC_A1/Eval_On_COHFACE,COHFACE,old,COHFACE_s30_session3_natural,18,56.0,65.0,large_error,56.0,0.9999999999999998,57.0,0.9629628690248073,55.0,0.9511382366228368,65.0,0.9999999999999998,66.0,0.9470338825856444,64.0,0.9332624881356687,30_3,30,3,natural,105.923339844,55.5856552124,0.389019854657,0,467.328414586,0.173278927803
UBFC_A1/Eval_On_COHFACE,COHFACE,old,COHFACE_s30_session3_natural,19,55.0,65.0,large_error,55.0,0.9999999999999999,56.0,0.9555537051904498,54.0,0.9464494492447364,65.0,0.9999999999999999,66.0,0.9708159667651652,64.0,0.8918868288141727,30_3,30,3,natural,105.923339844,55.5856552124,0.389019854657,0,467.328414586,0.173278927803
UBFC_A1/Eval_On_COHFACE,COHFACE,old,COHFACE_s30_session3_natural,20,55.0,66.0,large_error,55.0,0.9999999999999999,56.0,0.9665429073806072,54.0,0.9257225177796621,66.0,0.9999999999999998,67.0,0.9765222065066919,65.0,0.888279155882494,30_3,30,3,natural,105.923339844,55.5856552124,0.389019854657,0,467.328414586,0.173278927803
UBFC_A1/Eval_On_COHFACE,COHFACE,old,COHFACE_s30_session3_natural,21,56.0,46.0,large_error,56.0,0.9999999999999999,57.0,0.9729821357107367,55.0,0.9019042735528862,46.0,0.9999999999999998,45.0,0.9801960873660542,47.0,0.9214758381918168,30_3,30,3,natural,105.923339844,55.5856552124,0.389019854657,0,467.328414586,0.173278927803
UBFC_A1/Eval_On_COHFACE,COHFACE,old,COHFACE_s30_session3_natural,22,58.0,46.0,large_error,58.0,0.9999999999999999,57.0,0.9562929908276592,59.0,0.9298406430297229,46.0,0.9999999999999999,45.0,0.9637709382553439,47.0,0.936244180520289,30_3,30,3,natural,105.923339844,55.5856552124,0.389019854657,0,467.328414586,0.173278927803
UBFC_A1/Eval_On_COHFACE,COHFACE,old,COHFACE_s30_session3_natural,23,59.0,59.0,correct,59.0,1.0,58.0,0.9862714073335259,60.0,0.9148135223503333,59.0,0.9999999999999999,60.0,0.9969775438296147,61.0,0.9320822704057691,30_3,30,3,natural,105.923339844,55.5856552124,0.389019854657,0,467.328414586,0.173278927803
UBFC_A1/Eval_On_COHFACE,COHFACE,old,COHFACE_s30_session3_natural,24,59.0,60.0,correct,59.0,1.0,60.0,0.9490680009990593,58.0,0.9437968587062792,60.0,0.9999999999999998,59.0,0.9869524624441485,61.0,0.9470290873583338,30_3,30,3,natural,105.923339844,55.5856552124,0.389019854657,0,467.328414586,0.173278927803
UBFC_A1/Eval_On_COHFACE,COHFACE,old,COHFACE_s30_session3_natural,25,58.0,51.0,large_error,58.0,1.0,57.0,0.9600227640821855,59.0,0.9456577943456103,51.0,0.9999999999999999,52.0,0.9626837337131529,50.0,0.923423120001232,30_3,30,3,natural,105.923339844,55.5856552124,0.389019854657,0,467.328414586,0.173278927803
UBFC_A1/Eval_On_COHFACE,COHFACE,old,COHFACE_s30_session3_natural,26,57.0,55.0,correct,57.0,1.0,58.0,0.9910866028882779,56.0,0.912853643656526,55.0,0.9999999999999999,56.0,0.9723850241473199,54.0,0.9418217248656277,30_3,30,3,natural,105.923339844,55.5856552124,0.389019854657,0,467.328414586,0.173278927803
UBFC_A1/Eval_On_COHFACE,COHFACE,old,COHFACE_s30_session3_natural,27,58.0,57.0,correct,58.0,1.0,57.0,0.975390655896754,59.0,0.9090402797291119,57.0,0.9999999999999999,56.0,0.9419015471913983,58.0,0.9199923378390746,30_3,30,3,natural,105.923339844,55.5856552124,0.389019854657,0,467.328414586,0.173278927803
UBFC_A1/Eval_On_COHFACE,COHFACE,old,COHFACE_s30_session3_natural,28,58.0,58.0,correct,58.0,1.0,59.0,0.9988211240030723,57.0,0.8799206406598606,58.0,0.9999999999999999,57.0,0.9935772469050627,59.0,0.8909874084568701,30_3,30,3,natural,105.923339844,55.5856552124,0.389019854657,0,467.328414586,0.173278927803
UBFC_A1/Eval_On_COHFACE,COHFACE,old,COHFACE_s30_session3_natural,29,59.0,59.0,correct,59.0,1.0,60.0,0.9716783810040109,58.0,0.9030398122980873,59.0,0.9999999999999998,58.0,0.9951562125999401,60.0,0.8854878000949625,30_3,30,3,natural,105.923339844,55.5856552124,0.389019854657,0,467.328414586,0.173278927803
UBFC_A1/Eval_On_COHFACE,COHFACE,old,COHFACE_s30_session3_natural,30,59.0,60.0,correct,59.0,1.0,60.0,0.9449593740767901,58.0,0.93578969771071,60.0,0.9999999999999999,59.0,0.9953280800459753,61.0,0.8994309038005845,30_3,30,3,natural,105.923339844,55.5856552124,0.389019854657,0,467.328414586,0.173278927803
UBFC_A1/Eval_On_COHFACE,COHFACE,old,COHFACE_s30_session3_natural,31,58.0,60.0,correct,58.0,0.9999999999999999,59.0,0.9905254631815448,57.0,0.8981858547550403,60.0,1.0,59.0,0.9712692499437083,61.0,0.9272015396526342,30_3,30,3,natural,105.923339844,55.5856552124,0.389019854657,0,467.328414586,0.173278927803
UBFC_A1/Eval_On_COHFACE,COHFACE,old,COHFACE_s30_session3_natural,32,57.0,58.0,correct,57.0,0.9999999999999999,58.0,0.9743036574376105,56.0,0.9214407389359837,58.0,1.0,59.0,0.9887995546282224,57.0,0.9333313225501518,30_3,30,3,natural,105.923339844,55.5856552124,0.389019854657,0,467.328414586,0.173278927803
UBFC_A1/Eval_On_COHFACE,COHFACE,old,COHFACE_s30_session3_natural,33,57.0,59.0,correct,57.0,1.0,56.0,0.9455064343678338,58.0,0.937231914675157,59.0,1.0,60.0,0.9465656700491103,58.0,0.9399620521845822,30_3,30,3,natural,105.923339844,55.5856552124,0.389019854657,0,467.328414586,0.173278927803
UBFC_A1/Eval_On_COHFACE,COHFACE,old,COHFACE_s30_session3_natural,34,57.0,59.0,correct,57.0,1.0,58.0,0.9691646607337665,56.0,0.9046271249653552,59.0,1.0,58.0,0.9541196328481943,60.0,0.9407936485989985,30_3,30,3,natural,105.923339844,55.5856552124,0.389019854657,0,467.328414586,0.173278927803
UBFC_A1/Eval_On_COHFACE,COHFACE,old,COHFACE_s30_session3_natural,35,58.0,58.0,correct,58.0,0.9999999999999999,57.0,0.9360076556067768,59.0,0.9351203939393226,58.0,0.9999999999999999,59.0,0.9909058197716862,57.0,0.9239186317072619,30_3,30,3,natural,105.923339844,55.5856552124,0.389019854657,0,467.328414586,0.173278927803
UBFC_A1/Eval_On_COHFACE,COHFACE,old,COHFACE_s30_session3_natural,36,59.0,60.0,correct,59.0,0.9999999999999999,60.0,0.9849617104419394,58.0,0.9028431398733049,60.0,0.9999999999999999,59.0,0.9834519499575072,61.0,0.907038503786055,30_3,30,3,natural,105.923339844,55.5856552124,0.389019854657,0,467.328414586,0.173278927803
UBFC_A1/Eval_On_COHFACE,COHFACE,old,COHFACE_s30_session3_natural,37,61.0,60.0,correct,61.0,1.0,60.0,0.9647266153628947,61.99999999999999,0.9302984186773537,60.0,0.9999999999999999,61.0,0.9554714962779415,59.0,0.9395866636695394,30_3,30,3,natural,105.923339844,55.5856552124,0.389019854657,0,467.328414586,0.173278927803
UBFC_A1/Eval_On_COHFACE,COHFACE,old,COHFACE_s30_session3_natural,38,61.99999999999999,60.0,correct,61.99999999999999,1.0,61.0,0.9823972579929154,63.0,0.9175660291649332,60.0,0.9999999999999999,61.0,0.9646807331181577,59.0,0.9554044496440778,30_3,30,3,natural,105.923339844,55.5856552124,0.389019854657,0,467.328414586,0.173278927803
UBFC_A1/Eval_On_COHFACE,COHFACE,old,COHFACE_s30_session3_natural,39,61.99999999999999,60.0,correct,61.99999999999999,1.0,63.0,0.9517518056527967,61.0,0.9451067509977347,60.0,0.9999999999999999,61.0,0.9643925696205595,59.0,0.9150430537568803,30_3,30,3,natural,105.923339844,55.5856552124,0.389019854657,0,467.328414586,0.173278927803
UBFC_A1/Eval_On_COHFACE,COHFACE,old,COHFACE_s30_session3_natural,40,63.0,61.0,correct,63.0,1.0,61.99999999999999,0.9830951733149187,64.0,0.9032921391073979,61.0,0.9999999999999999,60.0,0.9304798310937974,61.99999999999999,0.9227373671162362,30_3,30,3,natural,105.923339844,55.5856552124,0.389019854657,0,467.328414586,0.173278927803
UBFC_A1/Eval_On_COHFACE,COHFACE,old,COHFACE_s30_session3_natural,41,63.0,44.0,large_error,63.0,1.0,64.0,0.9559114181400707,61.99999999999999,0.9235060415420728,44.0,0.9999999999999998,45.0,0.9512669344895365,43.0,0.9337595521716759,30_3,30,3,natural,105.923339844,55.5856552124,0.389019854657,0,467.328414586,0.173278927803
UBFC_A1/Eval_On_COHFACE,COHFACE,old,COHFACE_s30_session3_natural,42,63.0,61.0,correct,63.0,1.0,64.0,0.995755774733652,61.99999999999999,0.8883124298304946,61.0,0.9999999999999998,60.0,0.9795650629287603,61.99999999999999,0.9149514739271302,30_3,30,3,natural,105.923339844,55.5856552124,0.389019854657,0,467.328414586,0.173278927803
UBFC_A1/Eval_On_COHFACE,COHFACE,old,COHFACE_s30_session3_natural,43,63.0,61.99999999999999,correct,63.0,1.0,64.0,0.9835819255586746,61.99999999999999,0.9070053032627026,61.99999999999999,0.9999999999999998,61.0,0.9967170020880256,80.0,0.8845599662665707,30_3,30,3,natural,105.923339844,55.5856552124,0.389019854657,0,467.328414586,0.173278927803
UBFC_A1/Eval_On_COHFACE,COHFACE,old,COHFACE_s30_session3_natural,44,63.0,77.0,large_error,63.0,1.0,61.99999999999999,0.9701024064866498,64.0,0.9285528016737212,77.0,0.9999999999999998,76.0,0.9666326333129794,78.0,0.951063734647918,30_3,30,3,natural,105.923339844,55.5856552124,0.389019854657,0,467.328414586,0.173278927803
UBFC_A1/Eval_On_COHFACE,COHFACE,old,COHFACE_s30_session3_natural,45,61.99999999999999,40.0,large_error,61.99999999999999,1.0,63.0,0.9689700313372478,61.0,0.9299947644252345,40.0,0.9999999999999997,41.0,0.8073304279342328,78.0,0.7682157871419921,30_3,30,3,natural,105.923339844,55.5856552124,0.389019854657,0,467.328414586,0.173278927803
UBFC_A1/Eval_On_COHFACE,COHFACE,old,COHFACE_s30_session3_natural,46,61.99999999999999,81.0,super_harmonic_1p5x,61.99999999999999,1.0,61.0,0.9509831805976402,63.0,0.9390113547831634,81.0,0.9999999999999998,80.0,0.9765071706388699,82.0,0.8772182279801407,30_3,30,3,natural,105.923339844,55.5856552124,0.389019854657,0,467.328414586,0.173278927803
UBFC_A1/Eval_On_COHFACE,COHFACE,old,COHFACE_s30_session3_natural,47,61.99999999999999,67.0,large_error,61.99999999999999,1.0,63.0,0.9797451292036293,61.0,0.9036184695433608,67.0,0.9999999999999998,80.0,0.9721698017512626,68.0,0.9661766346766173,30_3,30,3,natural,105.923339844,55.5856552124,0.389019854657,0,467.328414586,0.173278927803
UBFC_A1/Eval_On_COHFACE,COHFACE,old,COHFACE_s30_session3_natural,48,63.0,65.0,correct,63.0,1.0,64.0,0.9394592626990306,61.99999999999999,0.9353141375693729,65.0,0.9999999999999997,66.0,0.9874598709622302,64.0,0.9447097136232989,30_3,30,3,natural,105.923339844,55.5856552124,0.389019854657,0,467.328414586,0.173278927803
UBFC_A1/Eval_On_COHFACE,COHFACE,old,COHFACE_s30_session3_natural,49,63.0,83.0,super_harmonic_1p5x,63.0,1.0,64.0,0.9741508350026983,61.99999999999999,0.905482486033474,83.0,0.9999999999999997,82.0,0.9748658871872828,84.0,0.9237458249213288,30_3,30,3,natural,105.923339844,55.5856552124,0.389019854657,0,467.328414586,0.173278927803
UBFC_A1/Eval_On_COHFACE,COHFACE,old,COHFACE_s30_session3_natural,50,63.0,84.0,super_harmonic_1p5x,63.0,1.0,64.0,0.9695533018917334,61.99999999999999,0.9179131881548372,84.0,0.9999999999999998,85.0,0.989478983481682,83.0,0.9551770145168029,30_3,30,3,natural,105.923339844,55.5856552124,0.389019854657,0,467.328414586,0.173278927803
UBFC_A1/Eval_On_COHFACE,COHFACE,old,COHFACE_s31_session0_lamp,0,51.0,49.0,correct,51.0,0.9999999999999999,50.0,0.9830663211717205,52.0,0.9167610428362847,49.0,0.9999999999999997,50.0,0.9404369036164705,48.0,0.9378626288376053,31_0,31,0,lamp,96.32837677,49.6158866882,2.13347214919,0,312.563279673,0.228749126196
UBFC_A1/Eval_On_COHFACE,COHFACE,old,COHFACE_s31_session0_lamp,1,49.0,68.0,super_harmonic_1p5x,49.0,1.0,50.0,0.9970486112921451,48.0,0.890002365024525,68.0,0.9999999999999997,69.0,0.9506393492363063,67.0,0.9495377477636273,31_0,31,0,lamp,96.32837677,49.6158866882,2.13347214919,0,312.563279673,0.228749126196
UBFC_A1/Eval_On_COHFACE,COHFACE,old,COHFACE_s31_session0_lamp,2,49.0,82.0,super_harmonic_2x,49.0,1.0,50.0,0.9700010860738651,48.0,0.912843128295783,82.0,0.9999999999999997,81.0,0.9854661344383465,69.0,0.9458269936562632,31_0,31,0,lamp,96.32837677,49.6158866882,2.13347214919,0,312.563279673,0.228749126196
UBFC_A1/Eval_On_COHFACE,COHFACE,old,COHFACE_s31_session0_lamp,3,49.0,83.0,super_harmonic_2x,49.0,1.0,48.0,0.9672136968643854,50.0,0.9160157927522308,83.0,0.9999999999999998,82.0,0.9923186037047156,84.0,0.897239697550416,31_0,31,0,lamp,96.32837677,49.6158866882,2.13347214919,0,312.563279673,0.228749126196
UBFC_A1/Eval_On_COHFACE,COHFACE,old,COHFACE_s31_session0_lamp,4,49.0,82.0,super_harmonic_2x,49.0,1.0,48.0,0.9659601919450379,50.0,0.9280912923032602,82.0,0.9999999999999997,81.0,0.9928507093139216,80.0,0.9431675963783398,31_0,31,0,lamp,96.32837677,49.6158866882,2.13347214919,0,312.563279673,0.228749126196
UBFC_A1/Eval_On_COHFACE,COHFACE,old,COHFACE_s31_session0_lamp,5,50.0,76.0,super_harmonic_1p5x,50.0,0.9999999999999999,49.0,0.9898096036372337,51.0,0.904375195995098,76.0,0.9999999999999998,77.0,0.9565184094531269,75.0,0.9469679305542879,31_0,31,0,lamp,96.32837677,49.6158866882,2.13347214919,0,312.563279673,0.228749126196
UBFC_A1/Eval_On_COHFACE,COHFACE,old,COHFACE_s31_session0_lamp,6,50.0,40.0,large_error,50.0,1.0,49.0,0.9638597291646783,51.0,0.9225399669416956,40.0,0.9999999999999997,81.0,0.9105049985026625,82.0,0.8585164829683947,31_0,31,0,lamp,96.32837677,49.6158866882,2.13347214919,0,312.563279673,0.228749126196
UBFC_A1/Eval_On_COHFACE,COHFACE,old,COHFACE_s31_session0_lamp,7,50.0,52.0,correct,50.0,1.0,49.0,0.9655493201863077,51.0,0.9085001271115626,52.0,0.9999999999999996,42.0,0.9510771823689245,51.0,0.9236332601875085,31_0,31,0,lamp,96.32837677,49.6158866882,2.13347214919,0,312.563279673,0.228749126196
UBFC_A1/Eval_On_COHFACE,COHFACE,old,COHFACE_s31_session0_lamp,8,50.0,44.0,large_error,50.0,1.0,49.0,0.9761948409883717,51.0,0.8944062284188511,44.0,0.9999999999999998,43.0,0.9625990721794943,45.0,0.9262944344845967,31_0,31,0,lamp,96.32837677,49.6158866882,2.13347214919,0,312.563279673,0.228749126196
UBFC_A1/Eval_On_COHFACE,COHFACE,old,COHFACE_s31_session0_lamp,9,49.0,46.0,correct,49.0,1.0,50.0,0.944517464429939,48.0,0.9413598943823221,46.0,0.9999999999999999,47.0,0.988532987136442,45.0,0.9421942198147909,31_0,31,0,lamp,96.32837677,49.6158866882,2.13347214919,0,312.563279673,0.228749126196
UBFC_A1/Eval_On_COHFACE,COHFACE,old,COHFACE_s31_session0_lamp,10,49.0,48.0,correct,49.0,0.9999999999999999,48.0,0.9878325624902863,50.0,0.9115186639170973,48.0,0.9999999999999998,47.0,0.998385061429607,49.0,0.9617231596741488,31_0,31,0,lamp,96.32837677,49.6158866882,2.13347214919,0,312.563279673,0.228749126196
UBFC_A1/Eval_On_COHFACE,COHFACE,old,COHFACE_s31_session0_lamp,11,48.0,51.0,correct,48.0,0.9999999999999999,47.0,0.9580226270082935,49.0,0.9533902683595107,51.0,0.9999999999999999,52.0,0.9946631130946311,50.0,0.9256597575848934,31_0,31,0,lamp,96.32837677,49.6158866882,2.13347214919,0,312.563279673,0.228749126196
UBFC_A1/Eval_On_COHFACE,COHFACE,old,COHFACE_s31_session0_lamp,12,47.0,51.0,large_error,47.0,1.0,48.0,0.9726211197178344,46.0,0.9337497553934564,51.0,0.9999999999999998,50.0,0.9726912659594139,52.0,0.9468411486252972,31_0,31,0,lamp,96.32837677,49.6158866882,2.13347214919,0,312.563279673,0.228749126196
UBFC_A1/Eval_On_COHFACE,COHFACE,old,COHFACE_s31_session0_lamp,13,48.0,51.0,correct,48.0,0.9999999999999999,47.0,0.9883013297904374,49.0,0.9044967469448435,51.0,0.9999999999999997,50.0,0.9784827531809517,52.0,0.875873919130949,31_0,31,0,lamp,96.32837677,49.6158866882,2.13347214919,0,312.563279673,0.228749126196
UBFC_A1/Eval_On_COHFACE,COHFACE,old,COHFACE_s31_session0_lamp,14,48.0,50.0,correct,48.0,0.9999999999999999,49.0,0.9928348312469021,47.0,0.8994412815714422,50.0,0.9999999999999998,49.0,0.9606181673146718,51.0,0.9101801373369419,31_0,31,0,lamp,96.32837677,49.6158866882,2.13347214919,0,312.563279673,0.228749126196
UBFC_A1/Eval_On_COHFACE,COHFACE,old,COHFACE_s31_session0_lamp,15,49.0,47.0,correct,49.0,0.9999999999999998,50.0,0.9589961445550396,48.0,0.9364939392422145,47.0,0.9999999999999998,48.0,0.9906328264906286,46.0,0.9508937712397869,31_0,31,0,lamp,96.32837677,49.6158866882,2.13347214919,0,312.563279673,0.228749126196
UBFC_A1/Eval_On_COHFACE,COHFACE,old,COHFACE_s31_session0_lamp,16,50.0,120.0,super_harmonic_2x,50.0,0.9999999999999998,49.0,0.9636428435265529,51.0,0.9177652550237954,120.0,0.9999999999999997,121.0,0.991851197762336,119.0,0.9051808014262404,31_0,31,0,lamp,96.32837677,49.6158866882,2.13347214919,0,312.563279673,0.228749126196
UBFC_A1/Eval_On_COHFACE,COHFACE,old,COHFACE_s31_session0_lamp,17,49.0,67.0,super_harmonic_1p5x,49.0,0.9999999999999999,50.0,0.9706874181952865,48.0,0.900395911689954,67.0,0.9999999999999998,66.0,0.9677670385927166,68.0,0.9103583075550625,31_0,31,0,lamp,96.32837677,49.6158866882,2.13347214919,0,312.563279673,0.228749126196
UBFC_A1/Eval_On_COHFACE,COHFACE,old,COHFACE_s31_session0_lamp,18,50.0,50.0,correct,50.0,0.9999999999999999,49.0,0.9999519165177806,51.0,0.8725607077136811,50.0,0.9999999999999998,49.0,0.9967375789018871,51.0,0.8835352394106599,31_0,31,0,lamp,96.32837677,49.6158866882,2.13347214919,0,312.563279673,0.228749126196
UBFC_A1/Eval_On_COHFACE,COHFACE,old,COHFACE_s31_session0_lamp,19,49.0,51.0,correct,49.0,0.9999999999999999,50.0,0.9785877956405872,48.0,0.8940478625454573,51.0,0.9999999999999998,50.0,0.9756976707073525,52.0,0.8867339379688435,31_0,31,0,lamp,96.32837677,49.6158866882,2.13347214919,0,312.563279673,0.228749126196
UBFC_A1/Eval_On_COHFACE,COHFACE,old,COHFACE_s31_session0_lamp,20,48.0,50.0,correct,48.0,0.9999999999999999,49.0,0.9656554952720956,47.0,0.9174673738054017,50.0,0.9999999999999998,49.0,0.9863077059756191,51.0,0.9312601125154644,31_0,31,0,lamp,96.32837677,49.6158866882,2.13347214919,0,312.563279673,0.228749126196
UBFC_A1/Eval_On_COHFACE,COHFACE,old,COHFACE_s31_session0_lamp,21,48.0,51.0,correct,48.0,0.9999999999999999,47.0,0.9542791472649635,49.0,0.9387587474194639,51.0,0.9999999999999998,52.0,0.9960378153689187,50.0,0.9598639074216262,31_0,31,0,lamp,96.32837677,49.6158866882,2.13347214919,0,312.563279673,0.228749126196
UBFC_A1/Eval_On_COHFACE,COHFACE,old,COHFACE_s31_session0_lamp,22,48.0,51.0,correct,48.0,0.9999999999999998,49.0,0.9520026233547443,47.0,0.9447395014043606,51.0,0.9999999999999998,50.0,0.9967413354323157,52.0,0.9412278762967489,31_0,31,0,lamp,96.32837677,49.6158866882,2.13347214919,0,312.563279673,0.228749126196
UBFC_A1/Eval_On_COHFACE,COHFACE,old,COHFACE_s31_session0_lamp,23,48.0,46.0,correct,48.0,0.9999999999999998,49.0,0.9939892778149644,47.0,0.8967193744056438,46.0,0.9999999999999998,47.0,0.9768298992084786,45.0,0.941091792810303,31_0,31,0,lamp,96.32837677,49.6158866882,2.13347214919,0,312.563279673,0.228749126196
UBFC_A1/Eval_On_COHFACE,COHFACE,old,COHFACE_s31_session0_lamp,24,49.0,48.0,correct,49.0,0.9999999999999998,50.0,0.9752051078866707,48.0,0.9114048274752827,48.0,0.9999999999999997,49.0,0.9954278301538844,60.0,0.8635286276522957,31_0,31,0,lamp,96.32837677,49.6158866882,2.13347214919,0,312.563279673,0.228749126196
UBFC_A1/Eval_On_COHFACE,COHFACE,old,COHFACE_s31_session0_lamp,25,50.0,60.0,large_error,50.0,0.9999999999999999,51.0,0.9861224034692503,49.0,0.9006727434705722,60.0,0.9999999999999998,61.0,0.9473232519038578,59.0,0.8674102141310815,31_0,31,0,lamp,96.32837677,49.6158866882,2.13347214919,0,312.563279673,0.228749126196
UBFC_A1/Eval_On_COHFACE,COHFACE,old,COHFACE_s31_session0_lamp,26,51.0,53.0,correct,51.0,0.9999999999999999,52.0,0.9923714856396485,50.0,0.8980005678215306,53.0,0.9999999999999998,52.0,0.9941158075634828,54.0,0.9159979930353678,31_0,31,0,lamp,96.32837677,49.6158866882,2.13347214919,0,312.563279673,0.228749126196
UBFC_A1/Eval_On_COHFACE,COHFACE,old,COHFACE_s31_session0_lamp,27,51.0,61.0,large_error,51.0,0.9999999999999999,52.0,0.9849876860131629,50.0,0.8947560142454817,61.0,0.9999999999999997,61.99999999999999,0.9842656362272353,60.0,0.9733101163937087,31_0,31,0,lamp,96.32837677,49.6158866882,2.13347214919,0,312.563279673,0.228749126196
UBFC_A1/Eval_On_COHFACE,COHFACE,old,COHFACE_s31_session0_lamp,28,51.0,61.0,large_error,51.0,0.9999999999999999,50.0,0.9523530368937972,52.0,0.9315284243412972,61.0,0.9999999999999997,61.99999999999999,0.9740262893771712,60.0,0.9593885338904524,31_0,31,0,lamp,96.32837677,49.6158866882,2.13347214919,0,312.563279673,0.228749126196
UBFC_A1/Eval_On_COHFACE,COHFACE,old,COHFACE_s31_session0_lamp,29,50.0,60.0,large_error,50.0,0.9999999999999999,51.0,0.9792391589943208,49.0,0.9081793739805372,60.0,0.9999999999999997,61.0,0.955580975778337,59.0,0.946077603701718,31_0,31,0,lamp,96.32837677,49.6158866882,2.13347214919,0,312.563279673,0.228749126196
UBFC_A1/Eval_On_COHFACE,COHFACE,old,COHFACE_s31_session0_lamp,30,50.0,60.0,large_error,50.0,0.9999999999999999,49.0,0.9654683300786253,51.0,0.9255314702349117,60.0,0.9999999999999999,59.0,0.9567996050891331,61.0,0.8653150451930057,31_0,31,0,lamp,96.32837677,49.6158866882,2.13347214919,0,312.563279673,0.228749126196
UBFC_A1/Eval_On_COHFACE,COHFACE,old,COHFACE_s31_session0_lamp,31,50.0,60.0,large_error,50.0,0.9999999999999999,49.0,0.9591623092672572,51.0,0.9342898726710345,60.0,0.9999999999999997,61.0,0.9401777359789286,59.0,0.9269434689557468,31_0,31,0,lamp,96.32837677,49.6158866882,2.13347214919,0,312.563279673,0.228749126196
UBFC_A1/Eval_On_COHFACE,COHFACE,old,COHFACE_s31_session0_lamp,32,50.0,50.0,correct,50.0,1.0,49.0,0.983938381352024,51.0,0.907195802210191,50.0,0.9999999999999998,49.0,0.9794002885668758,51.0,0.9778222517392521,31_0,31,0,lamp,96.32837677,49.6158866882,2.13347214919,0,312.563279673,0.228749126196
UBFC_A1/Eval_On_COHFACE,COHFACE,old,COHFACE_s31_session0_lamp,33,50.0,50.0,correct,50.0,1.0,51.0,0.9468983828032878,49.0,0.9352566523782448,50.0,0.9999999999999998,49.0,0.9948436187216706,51.0,0.9787251727783471,31_0,31,0,lamp,96.32837677,49.6158866882,2.13347214919,0,312.563279673,0.228749126196
UBFC_A1/Eval_On_COHFACE,COHFACE,old,COHFACE_s31_session0_lamp,34,51.0,53.0,correct,51.0,1.0,50.0,0.995846202148458,52.0,0.8889060026647291,53.0,0.9999999999999998,52.0,0.9926501304872514,54.0,0.932810269778242,31_0,31,0,lamp,96.32837677,49.6158866882,2.13347214919,0,312.563279673,0.228749126196
UBFC_A1/Eval_On_COHFACE,COHFACE,old,COHFACE_s31_session0_lamp,35,51.0,52.0,correct,51.0,1.0,50.0,0.9607396387632393,52.0,0.930598211799928,52.0,0.9999999999999998,51.0,0.9916565154881677,53.0,0.9496632351964726,31_0,31,0,lamp,96.32837677,49.6158866882,2.13347214919,0,312.563279673,0.228749126196
UBFC_A1/Eval_On_COHFACE,COHFACE,old,COHFACE_s31_session0_lamp,36,51.0,52.0,correct,51.0,1.0,52.0,0.9583516207102437,50.0,0.9350186989982142,52.0,0.9999999999999998,51.0,0.945600882246412,53.0,0.9438910742584005,31_0,31,0,lamp,96.32837677,49.6158866882,2.13347214919,0,312.563279673,0.228749126196
UBFC_A1/Eval_On_COHFACE,COHFACE,old,COHFACE_s31_session0_lamp,37,51.0,50.0,correct,51.0,1.0,52.0,0.9713334219170983,50.0,0.9165432311945657,50.0,0.9999999999999998,51.0,0.9837128660508325,49.0,0.9162380333808535,31_0,31,0,lamp,96.32837677,49.6158866882,2.13347214919,0,312.563279673,0.228749126196
UBFC_A1/Eval_On_COHFACE,COHFACE,old,COHFACE_s31_session0_lamp,38,51.0,51.0,correct,51.0,1.0,50.0,0.9501697573001356,52.0,0.9316492725438748,51.0,0.9999999999999999,50.0,0.943056282648467,52.0,0.9211104445300802,31_0,31,0,lamp,96.32837677,49.6158866882,2.13347214919,0,312.563279673,0.228749126196
UBFC_A1/Eval_On_COHFACE,COHFACE,old,COHFACE_s31_session0_lamp,39,51.0,81.0,super_harmonic_1p5x,51.0,1.0,50.0,0.9823117797067106,52.0,0.8999743825619411,81.0,0.9999999999999999,80.0,0.9495034803813158,82.0,0.9435158692529014,31_0,31,0,lamp,96.32837677,49.6158866882,2.13347214919,0,312.563279673,0.228749126196
UBFC_A1/Eval_On_COHFACE,COHFACE,old,COHFACE_s31_session0_lamp,40,50.0,81.0,super_harmonic_1p5x,50.0,1.0,51.0,0.9392473830571705,49.0,0.9379397533502668,81.0,0.9999999999999997,82.0,0.9818456439718257,80.0,0.9369656397098419,31_0,31,0,lamp,96.32837677,49.6158866882,2.13347214919,0,312.563279673,0.228749126196
UBFC_A1/Eval_On_COHFACE,COHFACE,old,COHFACE_s31_session0_lamp,41,49.0,44.0,large_error,49.0,1.0,48.0,0.9742576683787579,50.0,0.9144019540199898,44.0,0.9999999999999998,45.0,0.9704931920068744,43.0,0.9427671357721688,31_0,31,0,lamp,96.32837677,49.6158866882,2.13347214919,0,312.563279673,0.228749126196
UBFC_A1/Eval_On_COHFACE,COHFACE,old,COHFACE_s31_session0_lamp,42,48.0,82.0,super_harmonic_2x,48.0,1.0,47.0,0.9716206173081539,49.0,0.9290231503410906,82.0,0.9999999999999998,83.0,0.9690445781433976,81.0,0.9483050541117111,31_0,31,0,lamp,96.32837677,49.6158866882,2.13347214919,0,312.563279673,0.228749126196
UBFC_A1/Eval_On_COHFACE,COHFACE,old,COHFACE_s31_session0_lamp,43,47.0,80.0,super_harmonic_2x,47.0,1.0,46.0,0.9706655112031249,48.0,0.9291046690224543,80.0,0.9999999999999996,79.0,0.9396839080126316,81.0,0.8910005726627515,31_0,31,0,lamp,96.32837677,49.6158866882,2.13347214919,0,312.563279673,0.228749126196
UBFC_A1/Eval_On_COHFACE,COHFACE,old,COHFACE_s31_session0_lamp,44,47.0,78.0,super_harmonic_1p5x,47.0,1.0,46.0,0.954755939936419,48.0,0.9421174485730945,78.0,0.9999999999999996,77.0,0.9889135261474683,79.0,0.9085893629608819,31_0,31,0,lamp,96.32837677,49.6158866882,2.13347214919,0,312.563279673,0.228749126196
UBFC_A1/Eval_On_COHFACE,COHFACE,old,COHFACE_s31_session0_lamp,45,49.0,59.0,large_error,49.0,0.9999999999999999,48.0,0.9870088296285714,50.0,0.9055423460359846,59.0,0.9999999999999997,58.0,0.9385400953751758,60.0,0.9372953898014996,31_0,31,0,lamp,96.32837677,49.6158866882,2.13347214919,0,312.563279673,0.228749126196
UBFC_A1/Eval_On_COHFACE,COHFACE,old,COHFACE_s31_session0_lamp,46,50.0,79.0,super_harmonic_1p5x,50.0,0.9999999999999999,51.0,0.9628412558102153,49.0,0.9138810973536848,79.0,0.9999999999999994,80.0,0.9945965434337475,78.0,0.8825634596610705,31_0,31,0,lamp,96.32837677,49.6158866882,2.13347214919,0,312.563279673,0.228749126196
UBFC_A1/Eval_On_COHFACE,COHFACE,old,COHFACE_s31_session0_lamp,47,51.0,54.0,correct,51.0,1.0,52.0,0.9783060805001794,50.0,0.8976758953968288,54.0,0.9999999999999996,53.0,0.9916316165557029,55.0,0.9638148981135397,31_0,31,0,lamp,96.32837677,49.6158866882,2.13347214919,0,312.563279673,0.228749126196
UBFC_A1/Eval_On_COHFACE,COHFACE,old,COHFACE_s31_session0_lamp,48,52.0,59.0,large_error,52.0,1.0,51.0,0.9647189020669863,53.0,0.9146974585550862,59.0,0.9999999999999998,60.0,0.9695904833276816,58.0,0.924513516844683,31_0,31,0,lamp,96.32837677,49.6158866882,2.13347214919,0,312.563279673,0.228749126196
UBFC_A1/Eval_On_COHFACE,COHFACE,old,COHFACE_s31_session0_lamp,49,52.0,81.0,super_harmonic_1p5x,52.0,0.9999999999999999,53.0,0.9697817068203883,51.0,0.9235445764167857,81.0,0.9999999999999997,80.0,0.9955634879620623,82.0,0.9097616672652806,31_0,31,0,lamp,96.32837677,49.6158866882,2.13347214919,0,312.563279673,0.228749126196
UBFC_A1/Eval_On_COHFACE,COHFACE,old,COHFACE_s31_session0_lamp,50,53.0,44.0,large_error,53.0,0.9999999999999999,52.0,0.9902175524393667,54.0,0.8993335578777272,44.0,0.9999999999999996,43.0,0.9665547635310935,45.0,0.9328199924809418,31_0,31,0,lamp,96.32837677,49.6158866882,2.13347214919,0,312.563279673,0.228749126196
UBFC_A1/Eval_On_COHFACE,COHFACE,old,COHFACE_s31_session1_lamp,0,58.0,43.0,large_error,58.0,0.9999999999999999,59.0,0.9953816673183653,57.0,0.9091499427785992,43.0,0.9999999999999997,44.0,0.9917629760889316,42.0,0.9300512271364608,31_1,31,1,lamp,88.2859039307,46.6101913452,3.57306064704,0,286.909689192,0.302098602057
UBFC_A1/Eval_On_COHFACE,COHFACE,old,COHFACE_s31_session1_lamp,1,58.0,44.0,large_error,58.0,0.9999999999999998,57.0,0.9499543839300137,59.0,0.909445247319646,44.0,0.9999999999999998,43.0,0.9520599137423397,45.0,0.9429201983892846,31_1,31,1,lamp,88.2859039307,46.6101913452,3.57306064704,0,286.909689192,0.302098602057
UBFC_A1/Eval_On_COHFACE,COHFACE,old,COHFACE_s31_session1_lamp,2,57.0,60.0,correct,57.0,0.9999999999999999,58.0,0.9999739587244048,59.0,0.87193801426599,60.0,0.9999999999999994,59.0,0.9978224736178294,61.0,0.8840927146004253,31_1,31,1,lamp,88.2859039307,46.6101913452,3.57306064704,0,286.909689192,0.302098602057
UBFC_A1/Eval_On_COHFACE,COHFACE,old,COHFACE_s31_session1_lamp,3,57.0,46.0,large_error,57.0,0.9999999999999999,56.0,0.9730265822973947,58.0,0.89598859539151,46.0,0.9999999999999994,47.0,0.9913135358470571,80.0,0.9384785648289664,31_1,31,1,lamp,88.2859039307,46.6101913452,3.57306064704,0,286.909689192,0.302098602057
UBFC_A1/Eval_On_COHFACE,COHFACE,old,COHFACE_s31_session1_lamp,4,56.0,103.0,super_harmonic_2x,56.0,0.9999999999999999,55.0,0.9847201044703523,57.0,0.9022346001635846,103.0,0.9999999999999996,102.0,0.94932066564251,104.0,0.9156951081981355,31_1,31,1,lamp,88.2859039307,46.6101913452,3.57306064704,0,286.909689192,0.302098602057
UBFC_A1/Eval_On_COHFACE,COHFACE,old,COHFACE_s31_session1_lamp,5,54.0,53.0,correct,54.0,0.9999999999999998,53.0,0.9505287700043781,55.0,0.9493125971539704,53.0,0.9999999999999999,52.0,0.9981330529689788,54.0,0.9140728999426897,31_1,31,1,lamp,88.2859039307,46.6101913452,3.57306064704,0,286.909689192,0.302098602057
UBFC_A1/Eval_On_COHFACE,COHFACE,old,COHFACE_s31_session1_lamp,6,53.0,52.0,correct,53.0,0.9999999999999999,52.0,0.9556237415948095,54.0,0.9285807471397675,52.0,0.9999999999999999,53.0,0.9660357991429822,51.0,0.9268389931570943,31_1,31,1,lamp,88.2859039307,46.6101913452,3.57306064704,0,286.909689192,0.302098602057
UBFC_A1/Eval_On_COHFACE,COHFACE,old,COHFACE_s31_session1_lamp,7,53.0,52.0,correct,53.0,0.9999999999999999,52.0,0.944799087766779,54.0,0.9330918392092455,52.0,0.9999999999999998,53.0,0.989685852882745,51.0,0.891666732359715,31_1,31,1,lamp,88.2859039307,46.6101913452,3.57306064704,0,286.909689192,0.302098602057
UBFC_A1/Eval_On_COHFACE,COHFACE,old,COHFACE_s31_session1_lamp,8,53.0,53.0,correct,53.0,0.9999999999999999,54.0,0.9728491391868304,52.0,0.911885075142817,53.0,0.9999999999999999,52.0,0.9596173061826299,54.0,0.9482538467753748,31_1,31,1,lamp,88.2859039307,46.6101913452,3.57306064704,0,286.909689192,0.302098602057
UBFC_A1/Eval_On_COHFACE,COHFACE,old,COHFACE_s31_session1_lamp,9,52.0,54.0,correct,52.0,0.9999999999999999,53.0,0.9830907678868739,51.0,0.9160593579699544,54.0,0.9999999999999998,53.0,0.9639371566810813,55.0,0.954144252533621,31_1,31,1,lamp,88.2859039307,46.6101913452,3.57306064704,0,286.909689192,0.302098602057
UBFC_A1/Eval_On_COHFACE,COHFACE,old,COHFACE_s31_session1_lamp,10,52.0,54.0,correct,52.0,0.9999999999999999,51.0,0.9618939046367372,53.0,0.928434621663189,54.0,0.9999999999999999,53.0,0.9721192486405901,55.0,0.9303372985268207,31_1,31,1,lamp,88.2859039307,46.6101913452,3.57306064704,0,286.909689192,0.302098602057
UBFC_A1/Eval_On_COHFACE,COHFACE,old,COHFACE_s31_session1_lamp,11,51.0,58.0,large_error,51.0,0.9999999999999999,52.0,0.9624656676846401,50.0,0.9135956656888466,58.0,0.9999999999999999,57.0,0.9905240364631387,59.0,0.9617311566098254,31_1,31,1,lamp,88.2859039307,46.6101913452,3.57306064704,0,286.909689192,0.302098602057
UBFC_A1/Eval_On_COHFACE,COHFACE,old,COHFACE_s31_session1_lamp,12,51.0,53.0,correct,51.0,0.9999999999999999,52.0,0.9799590989541083,50.0,0.9033110132945428,53.0,0.9999999999999999,54.0,0.9831174350786517,52.0,0.9455629246686706,31_1,31,1,lamp,88.2859039307,46.6101913452,3.57306064704,0,286.909689192,0.302098602057
UBFC_A1/Eval_On_COHFACE,COHFACE,old,COHFACE_s31_session1_lamp,13,52.0,56.0,large_error,52.0,0.9999999999999998,51.0,0.9962831640130795,53.0,0.8967850409411674,56.0,0.9999999999999998,55.0,0.9879762114046581,57.0,0.9856212897847273,31_1,31,1,lamp,88.2859039307,46.6101913452,3.57306064704,0,286.909689192,0.302098602057
UBFC_A1/Eval_On_COHFACE,COHFACE,old,COHFACE_s31_session1_lamp,14,51.0,50.0,correct,51.0,0.9999999999999998,50.0,0.9954503459732169,52.0,0.9100002808360058,50.0,0.9999999999999997,49.0,0.9623964900120624,51.0,0.920602789634276,31_1,31,1,lamp,88.2859039307,46.6101913452,3.57306064704,0,286.909689192,0.302098602057
UBFC_A1/Eval_On_COHFACE,COHFACE,old,COHFACE_s31_session1_lamp,15,51.0,81.0,super_harmonic_1p5x,51.0,0.9999999999999998,50.0,0.98751905485567,52.0,0.9013723284993574,81.0,0.9999999999999992,63.0,0.9987177825997462,61.99999999999999,0.9869856588241736,31_1,31,1,lamp,88.2859039307,46.6101913452,3.57306064704,0,286.909689192,0.302098602057
UBFC_A1/Eval_On_COHFACE,COHFACE,old,COHFACE_s31_session1_lamp,16,51.0,81.0,super_harmonic_1p5x,51.0,0.9999999999999998,50.0,0.9482919587673123,52.0,0.9348450196253334,81.0,0.999999999999999,82.0,0.9450906346942768,80.0,0.9216602430254228,31_1,31,1,lamp,88.2859039307,46.6101913452,3.57306064704,0,286.909689192,0.302098602057
UBFC_A1/Eval_On_COHFACE,COHFACE,old,COHFACE_s31_session1_lamp,17,51.0,98.0,super_harmonic_2x,51.0,0.9999999999999998,50.0,0.9713357971461944,52.0,0.9114001531661662,98.0,0.9999999999999992,97.0,0.9772435176313271,99.0,0.9591176679583887,31_1,31,1,lamp,88.2859039307,46.6101913452,3.57306064704,0,286.909689192,0.302098602057
UBFC_A1/Eval_On_COHFACE,COHFACE,old,COHFACE_s31_session1_lamp,18,52.0,82.0,super_harmonic_1p5x,52.0,0.9999999999999998,51.0,0.9667242860310011,53.0,0.9056987491161057,82.0,0.9999999999999993,81.0,0.9835347226825027,83.0,0.9230498890308916,31_1,31,1,lamp,88.2859039307,46.6101913452,3.57306064704,0,286.909689192,0.302098602057
UBFC_A1/Eval_On_COHFACE,COHFACE,old,COHFACE_s31_session1_lamp,19,52.0,83.0,super_harmonic_1p5x,52.0,0.9999999999999999,53.0,0.9641455270874294,51.0,0.914427955261245,83.0,0.9999999999999996,84.0,0.9656080955371142,82.0,0.9379168418664185,31_1,31,1,lamp,88.2859039307,46.6101913452,3.57306064704,0,286.909689192,0.302098602057
UBFC_A1/Eval_On_COHFACE,COHFACE,old,COHFACE_s31_session1_lamp,20,52.0,83.0,super_harmonic_1p5x,52.0,0.9999999999999999,53.0,0.9746789069558074,51.0,0.9161334376227095,83.0,0.9999999999999996,82.0,0.9625863728181808,84.0,0.9556528552518426,31_1,31,1,lamp,88.2859039307,46.6101913452,3.57306064704,0,286.909689192,0.302098602057
UBFC_A1/Eval_On_COHFACE,COHFACE,old,COHFACE_s31_session1_lamp,21,52.0,82.0,super_harmonic_1p5x,52.0,0.9999999999999999,51.0,0.9614092773981193,53.0,0.9336895865996462,82.0,0.9999999999999998,83.0,0.9972795408237356,81.0,0.909278116791139,31_1,31,1,lamp,88.2859039307,46.6101913452,3.57306064704,0,286.909689192,0.302098602057
UBFC_A1/Eval_On_COHFACE,COHFACE,old,COHFACE_s31_session1_lamp,22,52.0,81.0,super_harmonic_1p5x,52.0,0.9999999999999999,51.0,0.9766216044106348,53.0,0.9111178496056374,81.0,0.9999999999999994,82.0,0.9950110083885957,72.0,0.9776587247273179,31_1,31,1,lamp,88.2859039307,46.6101913452,3.57306064704,0,286.909689192,0.302098602057
UBFC_A1/Eval_On_COHFACE,COHFACE,old,COHFACE_s31_session1_lamp,23,52.0,75.0,super_harmonic_1p5x,52.0,0.9999999999999999,53.0,0.9588920745795729,51.0,0.9347762746476314,75.0,0.9999999999999998,76.0,0.9933276212431658,74.0,0.9532748836660133,31_1,31,1,lamp,88.2859039307,46.6101913452,3.57306064704,0,286.909689192,0.302098602057
UBFC_A1/Eval_On_COHFACE,COHFACE,old,COHFACE_s31_session1_lamp,24,52.0,76.0,super_harmonic_1p5x,52.0,0.9999999999999999,51.0,0.9544511252244766,53.0,0.9336721470714416,76.0,0.9999999999999998,77.0,0.9688816764971038,75.0,0.9684526518661319,31_1,31,1,lamp,88.2859039307,46.6101913452,3.57306064704,0,286.909689192,0.302098602057
UBFC_A1/Eval_On_COHFACE,COHFACE,old,COHFACE_s31_session1_lamp,25,51.0,78.0,super_harmonic_1p5x,51.0,1.0,52.0,0.9971433247431368,50.0,0.8790831952884623,78.0,0.9999999999999996,77.0,0.9255401026938325,79.0,0.9142998895467307,31_1,31,1,lamp,88.2859039307,46.6101913452,3.57306064704,0,286.909689192,0.302098602057
UBFC_A1/Eval_On_COHFACE,COHFACE,old,COHFACE_s31_session1_lamp,26,51.0,79.0,super_harmonic_1p5x,51.0,1.0,52.0,0.9821146607487071,50.0,0.8966017368050012,79.0,0.9999999999999997,78.0,0.9640420205439724,80.0,0.8861431895151811,31_1,31,1,lamp,88.2859039307,46.6101913452,3.57306064704,0,286.909689192,0.302098602057
UBFC_A1/Eval_On_COHFACE,COHFACE,old,COHFACE_s31_session1_lamp,27,51.0,80.0,super_harmonic_1p5x,51.0,0.9999999999999999,52.0,0.9739479386038395,50.0,0.9161015288261146,80.0,0.9999999999999998,81.0,0.9822737293668832,79.0,0.9201955853822092,31_1,31,1,lamp,88.2859039307,46.6101913452,3.57306064704,0,286.909689192,0.302098602057
UBFC_A1/Eval_On_COHFACE,COHFACE,old,COHFACE_s31_session1_lamp,28,51.0,82.0,super_harmonic_1p5x,51.0,0.9999999999999999,50.0,0.9553866289541,52.0,0.9370717142440996,82.0,0.9999999999999996,81.0,0.9932726955072655,83.0,0.9869138059427061,31_1,31,1,lamp,88.2859039307,46.6101913452,3.57306064704,0,286.909689192,0.302098602057
UBFC_A1/Eval_On_COHFACE,COHFACE,old,COHFACE_s31_session1_lamp,29,51.0,82.0,super_harmonic_1p5x,51.0,0.9999999999999999,50.0,0.9824904685670902,52.0,0.9097782812288593,82.0,0.9999999999999996,83.0,0.9939820034621868,81.0,0.9565239323992525,31_1,31,1,lamp,88.2859039307,46.6101913452,3.57306064704,0,286.909689192,0.302098602057
UBFC_A1/Eval_On_COHFACE,COHFACE,old,COHFACE_s31_session1_lamp,30,50.0,83.0,super_harmonic_1p5x,50.0,1.0,51.0,0.9954052637950372,49.0,0.893831100437064,83.0,0.9999999999999997,82.0,0.99148532605452,84.0,0.9224695821274287,31_1,31,1,lamp,88.2859039307,46.6101913452,3.57306064704,0,286.909689192,0.302098602057
UBFC_A1/Eval_On_COHFACE,COHFACE,old,COHFACE_s31_session1_lamp,31,50.0,49.0,correct,50.0,1.0,51.0,0.9646186872083314,49.0,0.9140258210999719,49.0,0.9999999999999993,48.0,0.991066282185163,158.0,0.9115521344496419,31_1,31,1,lamp,88.2859039307,46.6101913452,3.57306064704,0,286.909689192,0.302098602057
UBFC_A1/Eval_On_COHFACE,COHFACE,old,COHFACE_s31_session1_lamp,32,50.0,99.0,super_harmonic_2x,50.0,1.0,51.0,0.9954180990663577,49.0,0.889243279835068,99.0,0.9999999999999978,80.0,0.9809689436539901,98.0,0.971213034257371,31_1,31,1,lamp,88.2859039307,46.6101913452,3.57306064704,0,286.909689192,0.302098602057
UBFC_A1/Eval_On_COHFACE,COHFACE,old,COHFACE_s31_session1_lamp,33,51.0,40.0,large_error,51.0,0.9999999999999999,52.0,0.9662762188269005,50.0,0.9234288266799522,40.0,0.9999999999999992,41.0,0.6936615414272969,120.0,0.6887168403813075,31_1,31,1,lamp,88.2859039307,46.6101913452,3.57306064704,0,286.909689192,0.302098602057
UBFC_A1/Eval_On_COHFACE,COHFACE,old,COHFACE_s31_session1_lamp,34,51.0,55.0,large_error,51.0,0.9999999999999999,52.0,0.9974814654472551,50.0,0.8952926331136404,55.0,0.9999999999999986,54.0,0.963594941806249,56.0,0.9126348920103203,31_1,31,1,lamp,88.2859039307,46.6101913452,3.57306064704,0,286.909689192,0.302098602057
UBFC_A1/Eval_On_COHFACE,COHFACE,old,COHFACE_s31_session1_lamp,35,51.0,52.0,correct,51.0,1.0,52.0,0.9607700516666972,50.0,0.92038953682646,52.0,0.9999999999999998,51.0,0.9790781175521003,53.0,0.9048255926950315,31_1,31,1,lamp,88.2859039307,46.6101913452,3.57306064704,0,286.909689192,0.302098602057
UBFC_A1/Eval_On_COHFACE,COHFACE,old,COHFACE_s31_session1_lamp,36,51.0,52.0,correct,51.0,1.0,52.0,0.9599075389328768,50.0,0.9174583640434841,52.0,0.9999999999999998,53.0,0.9573168466228505,51.0,0.9546795557418928,31_1,31,1,lamp,88.2859039307,46.6101913452,3.57306064704,0,286.909689192,0.302098602057
UBFC_A1/Eval_On_COHFACE,COHFACE,old,COHFACE_s31_session1_lamp,37,51.0,49.0,correct,51.0,1.0,52.0,0.9717320117479361,50.0,0.9180495655223667,49.0,0.9999999999999996,50.0,0.9927384189973634,48.0,0.9531156541512569,31_1,31,1,lamp,88.2859039307,46.6101913452,3.57306064704,0,286.909689192,0.302098602057
UBFC_A1/Eval_On_COHFACE,COHFACE,old,COHFACE_s31_session1_lamp,38,51.0,45.0,large_error,51.0,1.0,52.0,0.9603785601630956,50.0,0.926983625978409,45.0,0.9999999999999998,46.0,0.9924075300224969,44.0,0.941125446423619,31_1,31,1,lamp,88.2859039307,46.6101913452,3.57306064704,0,286.909689192,0.302098602057
UBFC_A1/Eval_On_COHFACE,COHFACE,old,COHFACE_s31_session1_lamp,39,51.0,50.0,correct,51.0,1.0,50.0,0.9561496287651234,52.0,0.9280223259701573,50.0,0.9999999999999998,51.0,0.9490668640232872,49.0,0.9256721881323364,31_1,31,1,lamp,88.2859039307,46.6101913452,3.57306064704,0,286.909689192,0.302098602057
UBFC_A1/Eval_On_COHFACE,COHFACE,old,COHFACE_s31_session1_lamp,40,50.0,51.0,correct,50.0,1.0,51.0,0.9958271454902553,49.0,0.890066307859528,51.0,0.9999999999999998,50.0,0.9672261452327154,52.0,0.8938767660171345,31_1,31,1,lamp,88.2859039307,46.6101913452,3.57306064704,0,286.909689192,0.302098602057
UBFC_A1/Eval_On_COHFACE,COHFACE,old,COHFACE_s31_session1_lamp,41,50.0,50.0,correct,50.0,1.0,51.0,0.9850987523874041,49.0,0.8964016618138306,50.0,0.9999999999999998,49.0,0.9362499647770836,51.0,0.9102223487598591,31_1,31,1,lamp,88.2859039307,46.6101913452,3.57306064704,0,286.909689192,0.302098602057
UBFC_A1/Eval_On_COHFACE,COHFACE,old,COHFACE_s31_session1_lamp,42,50.0,42.0,large_error,50.0,1.0,51.0,0.9762037915638205,49.0,0.9072020441556994,42.0,0.9999999999999997,41.0,0.9758613851138374,43.0,0.9613165427524066,31_1,31,1,lamp,88.2859039307,46.6101913452,3.57306064704,0,286.909689192,0.302098602057
UBFC_A1/Eval_On_COHFACE,COHFACE,old,COHFACE_s31_session1_lamp,43,50.0,81.0,super_harmonic_1p5x,50.0,1.0,51.0,0.9912564900864882,49.0,0.9037167178877547,81.0,0.9999999999999996,82.0,0.9387847402125642,80.0,0.9314053868997015,31_1,31,1,lamp,88.2859039307,46.6101913452,3.57306064704,0,286.909689192,0.302098602057
UBFC_A1/Eval_On_COHFACE,COHFACE,old,COHFACE_s31_session1_lamp,44,51.0,46.0,large_error,51.0,1.0,50.0,0.9692535505156261,52.0,0.9177274318492226,46.0,0.9999999999999998,45.0,0.9903973069404916,47.0,0.9462652138826051,31_1,31,1,lamp,88.2859039307,46.6101913452,3.57306064704,0,286.909689192,0.302098602057
UBFC_A1/Eval_On_COHFACE,COHFACE,old,COHFACE_s31_session1_lamp,45,50.0,50.0,correct,50.0,1.0,51.0,0.9822996943582085,49.0,0.8949359120706399,50.0,0.9999999999999997,49.0,0.9379585302428716,51.0,0.9246454342459383,31_1,31,1,lamp,88.2859039307,46.6101913452,3.57306064704,0,286.909689192,0.302098602057
UBFC_A1/Eval_On_COHFACE,COHFACE,old,COHFACE_s31_session1_lamp,46,50.0,81.0,super_harmonic_1p5x,50.0,1.0,49.0,0.9588725229425735,51.0,0.925822253287126,81.0,0.9999999999999998,80.0,0.9692165137822789,82.0,0.9199213094446761,31_1,31,1,lamp,88.2859039307,46.6101913452,3.57306064704,0,286.909689192,0.302098602057
UBFC_A1/Eval_On_COHFACE,COHFACE,old,COHFACE_s31_session1_lamp,47,50.0,52.0,correct,50.0,1.0,49.0,0.9483247068304503,51.0,0.9419076494027808,52.0,0.9999999999999998,51.0,0.9507926328551113,53.0,0.9347881493206139,31_1,31,1,lamp,88.2859039307,46.6101913452,3.57306064704,0,286.909689192,0.302098602057
UBFC_A1/Eval_On_COHFACE,COHFACE,old,COHFACE_s31_session1_lamp,48,50.0,51.0,correct,50.0,1.0,51.0,0.96679423283167,49.0,0.9222295996978336,51.0,0.9999999999999998,52.0,0.9704054795084217,50.0,0.9203526409972055,31_1,31,1,lamp,88.2859039307,46.6101913452,3.57306064704,0,286.909689192,0.302098602057
UBFC_A1/Eval_On_COHFACE,COHFACE,old,COHFACE_s31_session1_lamp,49,51.0,52.0,correct,51.0,1.0,50.0,0.9998752181227154,49.0,0.8986482301403347,52.0,0.9999999999999998,51.0,0.9699573809784848,53.0,0.94701391544439,31_1,31,1,lamp,88.2859039307,46.6101913452,3.57306064704,0,286.909689192,0.302098602057
UBFC_A1/Eval_On_COHFACE,COHFACE,old,COHFACE_s31_session1_lamp,50,50.0,110.0,super_harmonic_2x,50.0,1.0,51.0,0.9898219000484817,49.0,0.8980877950554024,110.0,0.9999999999999997,109.0,0.9601926685097444,110.99999999999999,0.9261238847538543,31_1,31,1,lamp,88.2859039307,46.6101913452,3.57306064704,0,286.909689192,0.302098602057
UBFC_A1/Eval_On_COHFACE,COHFACE,old,COHFACE_s31_session2_natural,0,47.0,61.99999999999999,super_harmonic_1p5x,47.0,0.9999999999999998,58.0,0.9883159947200968,59.0,0.9743231156987611,61.99999999999999,0.9999999999999996,61.0,0.9518638479890773,63.0,0.942251498465769,31_2,31,2,natural,98.5736312866,58.9268188477,5.89665909545,0,489.775177497,0.305582135916
UBFC_A1/Eval_On_COHFACE,COHFACE,old,COHFACE_s31_session2_natural,1,46.0,61.99999999999999,super_harmonic_1p5x,46.0,0.9999999999999998,45.0,0.9556480255153389,47.0,0.9407852368477794,61.99999999999999,0.9999999999999997,61.0,0.9549558188204649,63.0,0.9367673609425955,31_2,31,2,natural,98.5736312866,58.9268188477,5.89665909545,0,489.775177497,0.305582135916
UBFC_A1/Eval_On_COHFACE,COHFACE,old,COHFACE_s31_session2_natural,2,52.0,61.99999999999999,large_error,52.0,0.9999999999999998,53.0,0.9729966328866542,51.0,0.9692753327951881,61.99999999999999,0.9999999999999996,61.0,0.9738169109222604,63.0,0.9390644233964407,31_2,31,2,natural,98.5736312866,58.9268188477,5.89665909545,0,489.775177497,0.305582135916
UBFC_A1/Eval_On_COHFACE,COHFACE,old,COHFACE_s31_session2_natural,3,51.0,52.0,correct,51.0,0.9999999999999999,52.0,0.9609507424631039,50.0,0.9425985220527405,52.0,0.9999999999999992,51.0,0.9968140217155599,53.0,0.9247312177465139,31_2,31,2,natural,98.5736312866,58.9268188477,5.89665909545,0,489.775177497,0.305582135916
UBFC_A1/Eval_On_COHFACE,COHFACE,old,COHFACE_s31_session2_natural,4,50.0,59.0,large_error,50.0,0.9999999999999999,51.0,0.9750538395315461,49.0,0.9061667732155436,59.0,0.9999999999999994,60.0,0.967111737249572,69.0,0.9449160447992258,31_2,31,2,natural,98.5736312866,58.9268188477,5.89665909545,0,489.775177497,0.305582135916
UBFC_A1/Eval_On_COHFACE,COHFACE,old,COHFACE_s31_session2_natural,5,50.0,57.0,large_error,50.0,0.9999999999999999,51.0,0.9960173422177984,49.0,0.872186922799119,57.0,0.9999999999999997,56.0,0.9963186323507525,68.0,0.9357346848764723,31_2,31,2,natural,98.5736312866,58.9268188477,5.89665909545,0,489.775177497,0.305582135916
UBFC_A1/Eval_On_COHFACE,COHFACE,old,COHFACE_s31_session2_natural,6,52.0,53.0,correct,52.0,0.9999999999999998,51.0,0.9627703017343426,53.0,0.8879560877930032,53.0,0.9999999999999998,54.0,0.9953563844524319,52.0,0.9181569467525972,31_2,31,2,natural,98.5736312866,58.9268188477,5.89665909545,0,489.775177497,0.305582135916
UBFC_A1/Eval_On_COHFACE,COHFACE,old,COHFACE_s31_session2_natural,7,52.0,52.0,correct,52.0,0.9999999999999998,53.0,0.9738967730191083,51.0,0.8917278196487913,52.0,0.9999999999999998,51.0,0.9569442113491291,53.0,0.949763037777301,31_2,31,2,natural,98.5736312866,58.9268188477,5.89665909545,0,489.775177497,0.305582135916
UBFC_A1/Eval_On_COHFACE,COHFACE,old,COHFACE_s31_session2_natural,8,52.0,52.0,correct,52.0,0.9999999999999998,53.0,0.9552140284229055,51.0,0.9354740972411121,52.0,0.9999999999999994,53.0,0.9667719135064357,51.0,0.9103986808638205,31_2,31,2,natural,98.5736312866,58.9268188477,5.89665909545,0,489.775177497,0.305582135916
UBFC_A1/Eval_On_COHFACE,COHFACE,old,COHFACE_s31_session2_natural,9,51.0,55.0,large_error,51.0,0.9999999999999998,52.0,0.9830183387491179,50.0,0.9107640372145558,55.0,0.9999999999999987,54.0,0.8977742506932403,56.0,0.889460102590223,31_2,31,2,natural,98.5736312866,58.9268188477,5.89665909545,0,489.775177497,0.305582135916
UBFC_A1/Eval_On_COHFACE,COHFACE,old,COHFACE_s31_session2_natural,10,52.0,90.0,super_harmonic_2x,52.0,0.9999999999999998,53.0,0.9767578638356831,51.0,0.9260325677590933,90.0,0.9999999999999977,91.0,0.907054348424344,89.0,0.9026597521013678,31_2,31,2,natural,98.5736312866,58.9268188477,5.89665909545,0,489.775177497,0.305582135916
UBFC_A1/Eval_On_COHFACE,COHFACE,old,COHFACE_s31_session2_natural,11,53.0,50.0,correct,53.0,0.9999999999999999,52.0,0.9468575969801156,54.0,0.9441984621478627,50.0,0.9999999999999998,51.0,0.9458811747528373,49.0,0.9223318979159202,31_2,31,2,natural,98.5736312866,58.9268188477,5.89665909545,0,489.775177497,0.305582135916
UBFC_A1/Eval_On_COHFACE,COHFACE,old,COHFACE_s31_session2_natural,12,53.0,66.0,large_error,53.0,0.9999999999999999,54.0,0.9788686758119005,52.0,0.9060388662038342,66.0,0.9999999999999998,67.0,0.9782676340694978,65.0,0.9475390097801473,31_2,31,2,natural,98.5736312866,58.9268188477,5.89665909545,0,489.775177497,0.305582135916
UBFC_A1/Eval_On_COHFACE,COHFACE,old,COHFACE_s31_session2_natural,13,53.0,67.0,super_harmonic_1p5x,53.0,0.9999999999999998,52.0,0.9750835672882214,54.0,0.8987763371214055,67.0,0.9999999999999998,68.0,0.9845995199454738,66.0,0.9529830295484797,31_2,31,2,natural,98.5736312866,58.9268188477,5.89665909545,0,489.775177497,0.305582135916
UBFC_A1/Eval_On_COHFACE,COHFACE,old,COHFACE_s31_session2_natural,14,52.0,72.0,super_harmonic_1p5x,52.0,0.9999999999999998,51.0,0.9682637984063667,53.0,0.9162805129052766,72.0,0.9999999999999998,71.0,0.9854486187730825,73.0,0.9061509373647295,31_2,31,2,natural,98.5736312866,58.9268188477,5.89665909545,0,489.775177497,0.305582135916
UBFC_A1/Eval_On_COHFACE,COHFACE,old,COHFACE_s31_session2_natural,15,51.0,71.0,super_harmonic_1p5x,51.0,0.9999999999999998,52.0,0.9940977592374385,50.0,0.897377446215674,71.0,0.9999999999999986,70.0,0.9479668941350161,72.0,0.8756679170020722,31_2,31,2,natural,98.5736312866,58.9268188477,5.89665909545,0,489.775177497,0.305582135916
UBFC_A1/Eval_On_COHFACE,COHFACE,old,COHFACE_s31_session2_natural,16,51.0,53.0,correct,51.0,0.9999999999999998,52.0,0.9696128282152925,50.0,0.9219534905195493,53.0,0.9999999999999997,52.0,0.9342378330667761,54.0,0.9261936070280982,31_2,31,2,natural,98.5736312866,58.9268188477,5.89665909545,0,489.775177497,0.305582135916
UBFC_A1/Eval_On_COHFACE,COHFACE,old,COHFACE_s31_session2_natural,17,51.0,66.0,super_harmonic_1p5x,51.0,0.9999999999999999,52.0,0.9441939256131977,50.0,0.941371462757455,66.0,0.9999999999999994,65.0,0.9817728462355179,67.0,0.9092397641818547,31_2,31,2,natural,98.5736312866,58.9268188477,5.89665909545,0,489.775177497,0.305582135916
UBFC_A1/Eval_On_COHFACE,COHFACE,old,COHFACE_s31_session2_natural,18,51.0,104.0,super_harmonic_2x,51.0,0.9999999999999999,52.0,0.943466304495422,50.0,0.9405493057515046,104.0,0.9999999999999989,105.0,0.9995812750383852,103.0,0.9509848274418884,31_2,31,2,natural,98.5736312866,58.9268188477,5.89665909545,0,489.775177497,0.305582135916
UBFC_A1/Eval_On_COHFACE,COHFACE,old,COHFACE_s31_session2_natural,19,51.0,51.0,correct,51.0,0.9999999999999999,50.0,0.9909879403474899,52.0,0.8911525508048264,51.0,0.9999999999999994,50.0,0.992442031657106,52.0,0.9293213348693449,31_2,31,2,natural,98.5736312866,58.9268188477,5.89665909545,0,489.775177497,0.305582135916
UBFC_A1/Eval_On_COHFACE,COHFACE,old,COHFACE_s31_session2_natural,20,50.0,66.0,super_harmonic_1p5x,50.0,0.9999999999999999,51.0,0.9977365105224119,49.0,0.8838612269494321,66.0,0.9999999999999996,67.0,0.9495867882438839,82.0,0.9477007580264396,31_2,31,2,natural,98.5736312866,58.9268188477,5.89665909545,0,489.775177497,0.305582135916
UBFC_A1/Eval_On_COHFACE,COHFACE,old,COHFACE_s31_session2_natural,21,51.0,52.0,correct,51.0,0.9999999999999999,50.0,0.9568291981317095,52.0,0.9345743703738206,52.0,0.9999999999999999,51.0,0.9438304897018032,53.0,0.9170087505390486,31_2,31,2,natural,98.5736312866,58.9268188477,5.89665909545,0,489.775177497,0.305582135916
UBFC_A1/Eval_On_COHFACE,COHFACE,old,COHFACE_s31_session2_natural,22,51.0,81.0,super_harmonic_1p5x,51.0,0.9999999999999999,52.0,0.9932356691656602,50.0,0.9062452165518018,81.0,0.9999999999999999,82.0,0.9621230342797366,80.0,0.9140676510244486,31_2,31,2,natural,98.5736312866,58.9268188477,5.89665909545,0,489.775177497,0.305582135916
UBFC_A1/Eval_On_COHFACE,COHFACE,old,COHFACE_s31_session2_natural,23,51.0,52.0,correct,51.0,0.9999999999999999,52.0,0.9768582711638107,50.0,0.9041126704305644,52.0,0.9999999999999998,53.0,0.9744924409290613,51.0,0.9335939508597736,31_2,31,2,natural,98.5736312866,58.9268188477,5.89665909545,0,489.775177497,0.305582135916
UBFC_A1/Eval_On_COHFACE,COHFACE,old,COHFACE_s31_session2_natural,24,52.0,83.0,super_harmonic_1p5x,52.0,1.0,51.0,0.9771593379876341,53.0,0.8980759978919203,83.0,0.9999999999999998,82.0,0.992163488094224,84.0,0.925369816670088,31_2,31,2,natural,98.5736312866,58.9268188477,5.89665909545,0,489.775177497,0.305582135916
UBFC_A1/Eval_On_COHFACE,COHFACE,old,COHFACE_s31_session2_natural,25,52.0,82.0,super_harmonic_1p5x,52.0,1.0,53.0,0.9525871150325332,51.0,0.9288075077528264,82.0,0.9999999999999999,81.0,0.959661724140581,83.0,0.9352168727103078,31_2,31,2,natural,98.5736312866,58.9268188477,5.89665909545,0,489.775177497,0.305582135916
UBFC_A1/Eval_On_COHFACE,COHFACE,old,COHFACE_s31_session2_natural,26,52.0,82.0,super_harmonic_1p5x,52.0,0.9999999999999999,51.0,0.9897071693119334,53.0,0.9121098025135095,82.0,0.9999999999999998,83.0,0.9928356574577235,81.0,0.91617609421378,31_2,31,2,natural,98.5736312866,58.9268188477,5.89665909545,0,489.775177497,0.305582135916
UBFC_A1/Eval_On_COHFACE,COHFACE,old,COHFACE_s31_session2_natural,27,50.0,80.0,super_harmonic_1p5x,50.0,0.9999999999999999,51.0,0.9703731705299435,49.0,0.9511555595824305,80.0,0.9999999999999997,81.0,0.9847690719531568,79.0,0.9082671528472499,31_2,31,2,natural,98.5736312866,58.9268188477,5.89665909545,0,489.775177497,0.305582135916
UBFC_A1/Eval_On_COHFACE,COHFACE,old,COHFACE_s31_session2_natural,28,49.0,61.0,large_error,49.0,0.9999999999999999,48.0,0.9740388288154908,50.0,0.9440088830711726,61.0,0.9999999999999998,60.0,0.990198789376633,80.0,0.9016634349731272,31_2,31,2,natural,98.5736312866,58.9268188477,5.89665909545,0,489.775177497,0.305582135916
UBFC_A1/Eval_On_COHFACE,COHFACE,old,COHFACE_s31_session2_natural,29,49.0,51.0,correct,49.0,0.9999999999999999,48.0,0.997321362168767,50.0,0.9058316765336111,51.0,0.9999999999999999,52.0,0.9649076105241501,50.0,0.9371683007185886,31_2,31,2,natural,98.5736312866,58.9268188477,5.89665909545,0,489.775177497,0.305582135916
UBFC_A1/Eval_On_COHFACE,COHFACE,old,COHFACE_s31_session2_natural,30,49.0,40.0,large_error,49.0,0.9999999999999999,48.0,0.9812509598023738,50.0,0.8972802911295841,40.0,0.9999999999999998,41.0,0.9564467601837842,42.0,0.8824131730467022,31_2,31,2,natural,98.5736312866,58.9268188477,5.89665909545,0,489.775177497,0.305582135916
UBFC_A1/Eval_On_COHFACE,COHFACE,old,COHFACE_s31_session2_natural,31,49.0,47.0,correct,49.0,0.9999999999999999,48.0,0.9824904912538049,50.0,0.8795555203511684,47.0,0.9999999999999999,48.0,0.9707484883432341,46.0,0.9547820697569969,31_2,31,2,natural,98.5736312866,58.9268188477,5.89665909545,0,489.775177497,0.305582135916
UBFC_A1/Eval_On_COHFACE,COHFACE,old,COHFACE_s31_session2_natural,32,50.0,46.0,large_error,50.0,0.9999999999999998,49.0,0.9900084527122083,51.0,0.877784580047015,46.0,0.9999999999999998,45.0,0.9979849439833027,47.0,0.9157218717531844,31_2,31,2,natural,98.5736312866,58.9268188477,5.89665909545,0,489.775177497,0.305582135916
UBFC_A1/Eval_On_COHFACE,COHFACE,old,COHFACE_s31_session2_natural,33,51.0,50.0,correct,51.0,0.9999999999999998,50.0,0.9614681507165607,52.0,0.8997697042732631,50.0,0.9999999999999998,49.0,0.9610702796841426,51.0,0.9559947162565637,31_2,31,2,natural,98.5736312866,58.9268188477,5.89665909545,0,489.775177497,0.305582135916
UBFC_A1/Eval_On_COHFACE,COHFACE,old,COHFACE_s31_session2_natural,34,51.0,80.0,super_harmonic_1p5x,51.0,0.9999999999999998,50.0,0.995943405733129,52.0,0.8973013383512148,80.0,0.9999999999999998,81.0,0.9653459993858773,79.0,0.8805873847702214,31_2,31,2,natural,98.5736312866,58.9268188477,5.89665909545,0,489.775177497,0.305582135916
UBFC_A1/Eval_On_COHFACE,COHFACE,old,COHFACE_s31_session2_natural,35,50.0,77.0,super_harmonic_1p5x,50.0,0.9999999999999998,49.0,0.9504305402999786,51.0,0.9439571798130478,77.0,0.9999999999999998,78.0,0.954393285114684,76.0,0.9255649226495933,31_2,31,2,natural,98.5736312866,58.9268188477,5.89665909545,0,489.775177497,0.305582135916
UBFC_A1/Eval_On_COHFACE,COHFACE,old,COHFACE_s31_session2_natural,36,49.0,60.0,large_error,49.0,0.9999999999999999,50.0,0.994459059710572,48.0,0.8976077784448211,60.0,0.9999999999999998,59.0,0.9778765759793641,61.0,0.943684870336141,31_2,31,2,natural,98.5736312866,58.9268188477,5.89665909545,0,489.775177497,0.305582135916
UBFC_A1/Eval_On_COHFACE,COHFACE,old,COHFACE_s31_session2_natural,37,49.0,61.0,large_error,49.0,0.9999999999999999,48.0,0.9579219868658196,50.0,0.9389174309221953,61.0,0.9999999999999998,61.99999999999999,0.986760678512318,60.0,0.9080139170540853,31_2,31,2,natural,98.5736312866,58.9268188477,5.89665909545,0,489.775177497,0.305582135916
UBFC_A1/Eval_On_COHFACE,COHFACE,old,COHFACE_s31_session2_natural,38,49.0,85.0,super_harmonic_2x,49.0,0.9999999999999999,48.0,0.9659151555263954,50.0,0.9180307394292061,85.0,0.9999999999999996,84.0,0.9870143419885447,86.0,0.9600630689687418,31_2,31,2,natural,98.5736312866,58.9268188477,5.89665909545,0,489.775177497,0.305582135916
UBFC_A1/Eval_On_COHFACE,COHFACE,old,COHFACE_s31_session2_natural,39,48.0,68.0,super_harmonic_1p5x,48.0,0.9999999999999999,49.0,0.9651344276135708,47.0,0.9270305234600162,68.0,0.9999999999999998,69.0,0.9635488048253325,67.0,0.9120804062317778,31_2,31,2,natural,98.5736312866,58.9268188477,5.89665909545,0,489.775177497,0.305582135916
UBFC_A1/Eval_On_COHFACE,COHFACE,old,COHFACE_s31_session2_natural,40,48.0,68.0,super_harmonic_1p5x,48.0,0.9999999999999999,47.0,0.945280770775247,49.0,0.9403480246421727,68.0,0.9999999999999998,69.0,0.9489247389534766,67.0,0.9214471077842652,31_2,31,2,natural,98.5736312866,58.9268188477,5.89665909545,0,489.775177497,0.305582135916
UBFC_A1/Eval_On_COHFACE,COHFACE,old,COHFACE_s31_session2_natural,41,49.0,51.0,correct,49.0,0.9999999999999999,48.0,0.9966637991977723,50.0,0.8939168197057087,51.0,0.9999999999999998,52.0,0.9973797242072381,50.0,0.8944763044187162,31_2,31,2,natural,98.5736312866,58.9268188477,5.89665909545,0,489.775177497,0.305582135916
UBFC_A1/Eval_On_COHFACE,COHFACE,old,COHFACE_s31_session2_natural,42,48.0,49.0,correct,48.0,1.0,49.0,0.9873093113633623,47.0,0.8947673109114834,49.0,0.9999999999999998,48.0,0.9948463838584192,50.0,0.8925735654291354,31_2,31,2,natural,98.5736312866,58.9268188477,5.89665909545,0,489.775177497,0.305582135916
UBFC_A1/Eval_On_COHFACE,COHFACE,old,COHFACE_s31_session2_natural,43,49.0,66.0,super_harmonic_1p5x,49.0,1.0,48.0,0.9646207537463516,50.0,0.9206604143881616,66.0,0.9999999999999998,82.0,0.9858070516467602,67.0,0.9681269772737129,31_2,31,2,natural,98.5736312866,58.9268188477,5.89665909545,0,489.775177497,0.305582135916
UBFC_A1/Eval_On_COHFACE,COHFACE,old,COHFACE_s31_session2_natural,44,49.0,68.0,super_harmonic_1p5x,49.0,1.0,48.0,0.95471803096464,50.0,0.9328564355138126,68.0,0.9999999999999999,67.0,0.9884280073989208,69.0,0.9098930329046675,31_2,31,2,natural,98.5736312866,58.9268188477,5.89665909545,0,489.775177497,0.305582135916
UBFC_A1/Eval_On_COHFACE,COHFACE,old,COHFACE_s31_session2_natural,45,48.0,52.0,large_error,48.0,1.0,49.0,0.9939114414694905,47.0,0.8954535311431855,52.0,0.9999999999999997,51.0,0.9861747735054173,82.0,0.9793897071004226,31_2,31,2,natural,98.5736312866,58.9268188477,5.89665909545,0,489.775177497,0.305582135916
UBFC_A1/Eval_On_COHFACE,COHFACE,old,COHFACE_s31_session2_natural,46,49.0,83.0,super_harmonic_2x,49.0,1.0,50.0,0.9694808155937527,48.0,0.9178377536264192,83.0,0.9999999999999998,82.0,0.9817885542351387,84.0,0.8848909535029005,31_2,31,2,natural,98.5736312866,58.9268188477,5.89665909545,0,489.775177497,0.305582135916
UBFC_A1/Eval_On_COHFACE,COHFACE,old,COHFACE_s31_session2_natural,47,50.0,49.0,correct,50.0,1.0,49.0,0.994057999651056,51.0,0.8931891764351758,49.0,0.9999999999999998,50.0,0.972134456161311,48.0,0.9329274152164487,31_2,31,2,natural,98.5736312866,58.9268188477,5.89665909545,0,489.775177497,0.305582135916
UBFC_A1/Eval_On_COHFACE,COHFACE,old,COHFACE_s31_session2_natural,48,50.0,51.0,correct,50.0,1.0,49.0,0.9671769856451096,51.0,0.9171011060337108,51.0,0.9999999999999994,50.0,0.9927767924390001,52.0,0.8911196047853819,31_2,31,2,natural,98.5736312866,58.9268188477,5.89665909545,0,489.775177497,0.305582135916
UBFC_A1/Eval_On_COHFACE,COHFACE,old,COHFACE_s31_session2_natural,49,50.0,87.0,super_harmonic_2x,50.0,1.0,49.0,0.9483830484771109,51.0,0.9349808310964739,87.0,0.9999999999999993,88.0,0.9306181304714891,86.0,0.9069863136667368,31_2,31,2,natural,98.5736312866,58.9268188477,5.89665909545,0,489.775177497,0.305582135916
UBFC_A1/Eval_On_COHFACE,COHFACE,old,COHFACE_s31_session2_natural,50,50.0,54.0,large_error,50.0,1.0,51.0,0.9891531144210862,49.0,0.9003888701000916,54.0,0.9999999999999993,55.0,0.9947477032313274,53.0,0.9287555871125227,31_2,31,2,natural,98.5736312866,58.9268188477,5.89665909545,0,489.775177497,0.305582135916
UBFC_A1/Eval_On_COHFACE,COHFACE,old,COHFACE_s31_session3_natural,0,54.0,60.0,large_error,54.0,0.9999999999999999,53.0,0.999970010617448,52.0,0.9098974316644585,60.0,0.9999999999999999,59.0,0.9985424971903825,61.0,0.8901669261402319,31_3,31,3,natural,87.3595657349,56.7161979675,8.52600488907,0,336.599120432,0.498190373182
UBFC_A1/Eval_On_COHFACE,COHFACE,old,COHFACE_s31_session3_natural,1,53.0,59.0,large_error,53.0,1.0,52.0,0.959951324071684,54.0,0.9255999470339216,59.0,0.9999999999999999,60.0,0.9844859712031259,58.0,0.8943979987498585,31_3,31,3,natural,87.3595657349,56.7161979675,8.52600488907,0,336.599120432,0.498190373182
UBFC_A1/Eval_On_COHFACE,COHFACE,old,COHFACE_s31_session3_natural,2,53.0,59.0,large_error,53.0,1.0,54.0,0.9532195685647287,52.0,0.9267466343124713,59.0,0.9999999999999998,60.0,0.9991959500688884,58.0,0.8908048228221834,31_3,31,3,natural,87.3595657349,56.7161979675,8.52600488907,0,336.599120432,0.498190373182
UBFC_A1/Eval_On_COHFACE,COHFACE,old,COHFACE_s31_session3_natural,3,53.0,60.0,large_error,53.0,1.0,54.0,0.9398549277868781,52.0,0.9391760340187661,60.0,0.9999999999999999,59.0,0.9572355499212757,61.0,0.9273028591002941,31_3,31,3,natural,87.3595657349,56.7161979675,8.52600488907,0,336.599120432,0.498190373182
UBFC_A1/Eval_On_COHFACE,COHFACE,old,COHFACE_s31_session3_natural,4,52.0,44.0,large_error,52.0,1.0,53.0,0.9474579988967178,51.0,0.9328981821719172,44.0,0.9999999999999999,43.0,0.9608506513632707,45.0,0.9173446477305004,31_3,31,3,natural,87.3595657349,56.7161979675,8.52600488907,0,336.599120432,0.498190373182
UBFC_A1/Eval_On_COHFACE,COHFACE,old,COHFACE_s31_session3_natural,5,51.0,46.0,large_error,51.0,1.0,50.0,0.9542598312098938,52.0,0.9294917576635647,46.0,0.9999999999999999,47.0,0.9471261153417445,45.0,0.9460139590251395,31_3,31,3,natural,87.3595657349,56.7161979675,8.52600488907,0,336.599120432,0.498190373182
UBFC_A1/Eval_On_COHFACE,COHFACE,old,COHFACE_s31_session3_natural,6,49.0,47.0,correct,49.0,1.0,48.0,0.958393359134462,50.0,0.9580767621598267,47.0,0.9999999999999999,48.0,0.9541548797663514,46.0,0.94920930768633,31_3,31,3,natural,87.3595657349,56.7161979675,8.52600488907,0,336.599120432,0.498190373182
UBFC_A1/Eval_On_COHFACE,COHFACE,old,COHFACE_s31_session3_natural,7,48.0,48.0,correct,48.0,1.0,47.0,0.9514978264599192,49.0,0.9506952467260672,48.0,0.9999999999999999,47.0,0.9577281410020162,49.0,0.9460068915680894,31_3,31,3,natural,87.3595657349,56.7161979675,8.52600488907,0,336.599120432,0.498190373182
UBFC_A1/Eval_On_COHFACE,COHFACE,old,COHFACE_s31_session3_natural,8,48.0,48.0,correct,48.0,1.0,49.0,0.9530915689103548,47.0,0.9490716753225208,48.0,0.9999999999999998,47.0,0.972146824140907,49.0,0.9563742179091635,31_3,31,3,natural,87.3595657349,56.7161979675,8.52600488907,0,336.599120432,0.498190373182
UBFC_A1/Eval_On_COHFACE,COHFACE,old,COHFACE_s31_session3_natural,9,49.0,48.0,correct,49.0,1.0,48.0,0.971933540391174,50.0,0.9371224387391747,48.0,0.9999999999999999,47.0,0.9665670191441871,49.0,0.9437326050653893,31_3,31,3,natural,87.3595657349,56.7161979675,8.52600488907,0,336.599120432,0.498190373182
UBFC_A1/Eval_On_COHFACE,COHFACE,old,COHFACE_s31_session3_natural,10,51.0,48.0,correct,51.0,0.9999999999999999,50.0,0.9704108379139421,52.0,0.9530860900441139,48.0,0.9999999999999997,47.0,0.9770658076130838,49.0,0.9564773095410557,31_3,31,3,natural,87.3595657349,56.7161979675,8.52600488907,0,336.599120432,0.498190373182
UBFC_A1/Eval_On_COHFACE,COHFACE,old,COHFACE_s31_session3_natural,11,54.0,46.0,large_error,54.0,0.9999999999999998,53.0,0.9526269202348627,55.0,0.9423679168022612,46.0,0.9999999999999998,45.0,0.9570839212224911,47.0,0.9208009524978497,31_3,31,3,natural,87.3595657349,56.7161979675,8.52600488907,0,336.599120432,0.498190373182
UBFC_A1/Eval_On_COHFACE,COHFACE,old,COHFACE_s31_session3_natural,12,57.0,45.0,large_error,57.0,0.9999999999999998,56.0,0.97019612228603,58.0,0.9212027695750651,45.0,0.9999999999999997,46.0,0.9791729722290424,44.0,0.925271637104217,31_3,31,3,natural,87.3595657349,56.7161979675,8.52600488907,0,336.599120432,0.498190373182
UBFC_A1/Eval_On_COHFACE,COHFACE,old,COHFACE_s31_session3_natural,13,58.0,43.0,large_error,58.0,0.9999999999999999,57.0,0.9892150589901333,59.0,0.9017333646265432,43.0,0.9999999999999992,44.0,0.9627214922250171,42.0,0.9511099264360792,31_3,31,3,natural,87.3595657349,56.7161979675,8.52600488907,0,336.599120432,0.498190373182
UBFC_A1/Eval_On_COHFACE,COHFACE,old,COHFACE_s31_session3_natural,14,57.0,61.99999999999999,large_error,57.0,0.9999999999999999,56.0,0.9423270187149415,58.0,0.9229390737648642,61.99999999999999,0.9999999999999991,63.0,0.9624216140923231,61.0,0.9472082404504744,31_3,31,3,natural,87.3595657349,56.7161979675,8.52600488907,0,336.599120432,0.498190373182
UBFC_A1/Eval_On_COHFACE,COHFACE,old,COHFACE_s31_session3_natural,15,56.0,40.0,large_error,56.0,0.9999999999999998,55.0,0.9755726519256731,57.0,0.9123198894126099,40.0,0.9999999999999996,81.0,0.888212424540008,80.0,0.858913815603842,31_3,31,3,natural,87.3595657349,56.7161979675,8.52600488907,0,336.599120432,0.498190373182
UBFC_A1/Eval_On_COHFACE,COHFACE,old,COHFACE_s31_session3_natural,16,53.0,68.0,super_harmonic_1p5x,53.0,0.9999999999999999,54.0,0.9803222868411453,52.0,0.9370942470507404,68.0,0.9999999999999997,69.0,0.9612144311065076,67.0,0.9446604128298299,31_3,31,3,natural,87.3595657349,56.7161979675,8.52600488907,0,336.599120432,0.498190373182
UBFC_A1/Eval_On_COHFACE,COHFACE,old,COHFACE_s31_session3_natural,17,51.0,52.0,correct,51.0,0.9999999999999999,50.0,0.9571869096534984,52.0,0.9441992933729908,52.0,0.9999999999999998,51.0,0.9597612356245886,53.0,0.9293261363702582,31_3,31,3,natural,87.3595657349,56.7161979675,8.52600488907,0,336.599120432,0.498190373182
UBFC_A1/Eval_On_COHFACE,COHFACE,old,COHFACE_s31_session3_natural,18,49.0,83.0,super_harmonic_2x,49.0,0.9999999999999999,50.0,0.9956281422797018,48.0,0.9017637105200256,83.0,0.9999999999999997,82.0,0.9784608792582703,84.0,0.9242355386423537,31_3,31,3,natural,87.3595657349,56.7161979675,8.52600488907,0,336.599120432,0.498190373182
UBFC_A1/Eval_On_COHFACE,COHFACE,old,COHFACE_s31_session3_natural,19,48.0,45.0,correct,48.0,0.9999999999999999,49.0,0.9936366828907056,47.0,0.9105449273394587,45.0,0.9999999999999998,46.0,0.9743316940975252,44.0,0.9471921651750339,31_3,31,3,natural,87.3595657349,56.7161979675,8.52600488907,0,336.599120432,0.498190373182
UBFC_A1/Eval_On_COHFACE,COHFACE,old,COHFACE_s31_session3_natural,20,49.0,45.0,large_error,49.0,0.9999999999999999,48.0,0.9522374366465817,50.0,0.9484464455602521,45.0,0.9999999999999999,44.0,0.9644930180489266,46.0,0.9392217210322019,31_3,31,3,natural,87.3595657349,56.7161979675,8.52600488907,0,336.599120432,0.498190373182
UBFC_A1/Eval_On_COHFACE,COHFACE,old,COHFACE_s31_session3_natural,21,50.0,47.0,correct,50.0,0.9999999999999999,49.0,0.9763421206567312,51.0,0.9245678119455711,47.0,0.9999999999999998,48.0,0.9529835980357328,46.0,0.9490058019382334,31_3,31,3,natural,87.3595657349,56.7161979675,8.52600488907,0,336.599120432,0.498190373182
UBFC_A1/Eval_On_COHFACE,COHFACE,old,COHFACE_s31_session3_natural,22,52.0,81.0,super_harmonic_1p5x,52.0,0.9999999999999998,53.0,0.9783993516050182,51.0,0.9123779692837811,81.0,0.9999999999999998,82.0,0.9888442273623738,80.0,0.9201486783503812,31_3,31,3,natural,87.3595657349,56.7161979675,8.52600488907,0,336.599120432,0.498190373182
UBFC_A1/Eval_On_COHFACE,COHFACE,old,COHFACE_s31_session3_natural,23,54.0,52.0,correct,54.0,0.9999999999999998,53.0,0.9828155857582496,55.0,0.8932191643832039,52.0,0.9999999999999998,53.0,0.9564839477908691,51.0,0.9484897330787285,31_3,31,3,natural,87.3595657349,56.7161979675,8.52600488907,0,336.599120432,0.498190373182
UBFC_A1/Eval_On_COHFACE,COHFACE,old,COHFACE_s31_session3_natural,24,55.0,54.0,correct,55.0,0.9999999999999998,54.0,0.9747521046458126,56.0,0.903569668352235,54.0,0.9999999999999997,55.0,0.9801424159365325,53.0,0.9535584286182577,31_3,31,3,natural,87.3595657349,56.7161979675,8.52600488907,0,336.599120432,0.498190373182
UBFC_A1/Eval_On_COHFACE,COHFACE,old,COHFACE_s31_session3_natural,25,56.0,56.0,correct,56.0,0.9999999999999999,57.0,0.9422495374420425,55.0,0.9327771290145314,56.0,0.9999999999999998,57.0,0.9819530803901979,55.0,0.920281867083199,31_3,31,3,natural,87.3595657349,56.7161979675,8.52600488907,0,336.599120432,0.498190373182
UBFC_A1/Eval_On_COHFACE,COHFACE,old,COHFACE_s31_session3_natural,26,56.0,57.0,correct,56.0,0.9999999999999999,57.0,0.9450750048985243,55.0,0.944647287836234,57.0,0.9999999999999999,56.0,0.9739601415620294,58.0,0.9459867966533805,31_3,31,3,natural,87.3595657349,56.7161979675,8.52600488907,0,336.599120432,0.498190373182
UBFC_A1/Eval_On_COHFACE,COHFACE,old,COHFACE_s31_session3_natural,27,54.0,53.0,correct,54.0,0.9999999999999999,55.0,0.9650185738717079,53.0,0.9243429941505924,53.0,0.9999999999999998,52.0,0.9693997701178966,54.0,0.9142323818053704,31_3,31,3,natural,87.3595657349,56.7161979675,8.52600488907,0,336.599120432,0.498190373182
UBFC_A1/Eval_On_COHFACE,COHFACE,old,COHFACE_s31_session3_natural,28,51.0,52.0,correct,51.0,0.9999999999999999,52.0,0.995349654425515,50.0,0.8942786517290081,52.0,0.9999999999999999,53.0,0.9600675067923826,51.0,0.9153655210468108,31_3,31,3,natural,87.3595657349,56.7161979675,8.52600488907,0,336.599120432,0.498190373182
UBFC_A1/Eval_On_COHFACE,COHFACE,old,COHFACE_s31_session3_natural,29,49.0,53.0,large_error,49.0,0.9999999999999999,50.0,0.9746201568976376,48.0,0.9236251007783113,53.0,0.9999999999999997,52.0,0.9968043674674149,54.0,0.8676476260455629,31_3,31,3,natural,87.3595657349,56.7161979675,8.52600488907,0,336.599120432,0.498190373182
UBFC_A1/Eval_On_COHFACE,COHFACE,old,COHFACE_s31_session3_natural,30,48.0,53.0,large_error,48.0,0.9999999999999999,47.0,0.9939820987198641,49.0,0.9183345979581664,53.0,0.9999999999999993,52.0,0.9783586247279576,54.0,0.9459061696081609,31_3,31,3,natural,87.3595657349,56.7161979675,8.52600488907,0,336.599120432,0.498190373182
UBFC_A1/Eval_On_COHFACE,COHFACE,old,COHFACE_s31_session3_natural,31,48.0,49.0,correct,48.0,0.9999999999999999,47.0,0.9947569406597809,49.0,0.8999336034383183,49.0,0.999999999999999,50.0,0.9834214414231723,48.0,0.980073629028849,31_3,31,3,natural,87.3595657349,56.7161979675,8.52600488907,0,336.599120432,0.498190373182
UBFC_A1/Eval_On_COHFACE,COHFACE,old,COHFACE_s31_session3_natural,32,49.0,52.0,correct,49.0,0.9999999999999999,48.0,0.9925065659638581,50.0,0.9007160150542075,52.0,0.9999999999999996,53.0,0.9928383569677396,51.0,0.9228140485982809,31_3,31,3,natural,87.3595657349,56.7161979675,8.52600488907,0,336.599120432,0.498190373182
UBFC_A1/Eval_On_COHFACE,COHFACE,old,COHFACE_s31_session3_natural,33,50.0,95.0,super_harmonic_2x,50.0,0.9999999999999998,51.0,0.9698257322574376,49.0,0.9293870944146706,95.0,0.9999999999999984,94.0,0.9852696911384462,67.0,0.9582555317294317,31_3,31,3,natural,87.3595657349,56.7161979675,8.52600488907,0,336.599120432,0.498190373182
UBFC_A1/Eval_On_COHFACE,COHFACE,old,COHFACE_s31_session3_natural,34,53.0,67.0,super_harmonic_1p5x,53.0,0.9999999999999998,52.0,0.9868910270466104,54.0,0.9075418063143389,67.0,0.9999999999999994,68.0,0.9385397551602895,66.0,0.9143825565286517,31_3,31,3,natural,87.3595657349,56.7161979675,8.52600488907,0,336.599120432,0.498190373182
UBFC_A1/Eval_On_COHFACE,COHFACE,old,COHFACE_s31_session3_natural,35,55.0,70.0,super_harmonic_1p5x,55.0,0.9999999999999999,56.0,0.9800567274751771,54.0,0.9085966102187768,70.0,0.9999999999999988,69.0,0.9651923776339776,71.0,0.9058300439402589,31_3,31,3,natural,87.3595657349,56.7161979675,8.52600488907,0,336.599120432,0.498190373182
UBFC_A1/Eval_On_COHFACE,COHFACE,old,COHFACE_s31_session3_natural,36,57.0,67.0,large_error,57.0,0.9999999999999999,56.0,0.9529291227354549,58.0,0.9318283703897654,67.0,0.9999999999999999,66.0,0.959129775897337,68.0,0.9224335612844566,31_3,31,3,natural,87.3595657349,56.7161979675,8.52600488907,0,336.599120432,0.498190373182
UBFC_A1/Eval_On_COHFACE,COHFACE,old,COHFACE_s31_session3_natural,37,55.0,66.0,large_error,55.0,0.9999999999999998,56.0,0.9598903375897855,54.0,0.9238857759903448,66.0,0.9999999999999999,65.0,0.9647395066231307,67.0,0.9451881233909591,31_3,31,3,natural,87.3595657349,56.7161979675,8.52600488907,0,336.599120432,0.498190373182
UBFC_A1/Eval_On_COHFACE,COHFACE,old,COHFACE_s31_session3_natural,38,54.0,67.0,large_error,54.0,0.9999999999999999,53.0,0.9965839201411982,55.0,0.904463076643443,67.0,0.9999999999999999,66.0,0.9901025574973547,68.0,0.9312714057627806,31_3,31,3,natural,87.3595657349,56.7161979675,8.52600488907,0,336.599120432,0.498190373182
UBFC_A1/Eval_On_COHFACE,COHFACE,old,COHFACE_s31_session3_natural,39,51.0,67.0,super_harmonic_1p5x,51.0,0.9999999999999998,52.0,0.948692702613006,50.0,0.9417390457944531,67.0,0.9999999999999998,66.0,0.9716525533229218,68.0,0.9561719849070601,31_3,31,3,natural,87.3595657349,56.7161979675,8.52600488907,0,336.599120432,0.498190373182
UBFC_A1/Eval_On_COHFACE,COHFACE,old,COHFACE_s31_session3_natural,40,49.0,66.0,super_harmonic_1p5x,49.0,0.9999999999999999,50.0,0.985943151795476,48.0,0.9263342665691725,66.0,0.9999999999999998,67.0,0.9900195452757603,65.0,0.8933445237618189,31_3,31,3,natural,87.3595657349,56.7161979675,8.52600488907,0,336.599120432,0.498190373182
UBFC_A1/Eval_On_COHFACE,COHFACE,old,COHFACE_s31_session3_natural,41,49.0,66.0,super_harmonic_1p5x,49.0,0.9999999999999999,48.0,0.9697024260663496,50.0,0.9291938544986729,66.0,0.9999999999999999,65.0,0.9852373377742257,67.0,0.8639761846134317,31_3,31,3,natural,87.3595657349,56.7161979675,8.52600488907,0,336.599120432,0.498190373182
UBFC_A1/Eval_On_COHFACE,COHFACE,old,COHFACE_s31_session3_natural,42,49.0,51.0,correct,49.0,0.9999999999999999,48.0,0.9680705482710316,50.0,0.9182775311291165,51.0,0.9999999999999999,50.0,0.9474290979008236,52.0,0.9164391431705591,31_3,31,3,natural,87.3595657349,56.7161979675,8.52600488907,0,336.599120432,0.498190373182
UBFC_A1/Eval_On_COHFACE,COHFACE,old,COHFACE_s31_session3_natural,43,49.0,51.0,correct,49.0,1.0,50.0,0.9861544103566005,48.0,0.89354558406805,51.0,0.9999999999999998,50.0,0.9934363748210405,52.0,0.8852982612888868,31_3,31,3,natural,87.3595657349,56.7161979675,8.52600488907,0,336.599120432,0.498190373182
UBFC_A1/Eval_On_COHFACE,COHFACE,old,COHFACE_s31_session3_natural,44,51.0,50.0,correct,51.0,1.0,50.0,0.995445520006754,52.0,0.8898062752465007,50.0,0.9999999999999998,51.0,0.9838114768967076,49.0,0.9733034137322986,31_3,31,3,natural,87.3595657349,56.7161979675,8.52600488907,0,336.599120432,0.498190373182
UBFC_A1/Eval_On_COHFACE,COHFACE,old,COHFACE_s31_session3_natural,45,51.0,50.0,correct,51.0,1.0,50.0,0.9499048686637147,52.0,0.9442108161155441,50.0,0.9999999999999998,49.0,0.9758063396264373,51.0,0.9676361071791222,31_3,31,3,natural,87.3595657349,56.7161979675,8.52600488907,0,336.599120432,0.498190373182
UBFC_A1/Eval_On_COHFACE,COHFACE,old,COHFACE_s31_session3_natural,46,51.0,51.0,correct,51.0,1.0,50.0,0.9584155349793567,52.0,0.9258126248806278,51.0,0.9999999999999999,50.0,0.9595813908832415,52.0,0.938903056278883,31_3,31,3,natural,87.3595657349,56.7161979675,8.52600488907,0,336.599120432,0.498190373182
UBFC_A1/Eval_On_COHFACE,COHFACE,old,COHFACE_s31_session3_natural,47,51.0,51.0,correct,51.0,1.0,50.0,0.9772198521359626,52.0,0.9111222007871851,51.0,0.9999999999999999,50.0,0.9644288533975255,52.0,0.9437090452380384,31_3,31,3,natural,87.3595657349,56.7161979675,8.52600488907,0,336.599120432,0.498190373182
UBFC_A1/Eval_On_COHFACE,COHFACE,old,COHFACE_s31_session3_natural,48,50.0,51.0,correct,50.0,1.0,51.0,0.9726296167585864,49.0,0.9103427875717681,51.0,0.9999999999999999,50.0,0.9519136600881815,52.0,0.9349070649507174,31_3,31,3,natural,87.3595657349,56.7161979675,8.52600488907,0,336.599120432,0.498190373182
UBFC_A1/Eval_On_COHFACE,COHFACE,old,COHFACE_s31_session3_natural,49,50.0,51.0,correct,50.0,1.0,51.0,0.9556874642827582,49.0,0.9246644560885326,51.0,0.9999999999999998,52.0,0.9653816274080654,50.0,0.9265463760987889,31_3,31,3,natural,87.3595657349,56.7161979675,8.52600488907,0,336.599120432,0.498190373182
UBFC_A1/Eval_On_COHFACE,COHFACE,old,COHFACE_s31_session3_natural,50,50.0,51.0,correct,50.0,1.0,51.0,0.9604082549883673,49.0,0.9274254178187444,51.0,0.9999999999999999,52.0,0.9767663041202448,50.0,0.9424012484913414,31_3,31,3,natural,87.3595657349,56.7161979675,8.52600488907,0,336.599120432,0.498190373182
UBFC_A1/Eval_On_COHFACE,COHFACE,old,COHFACE_s32_session0_lamp,0,56.0,51.0,large_error,56.0,1.0,55.0,0.9573843948687881,57.0,0.9491174466484984,51.0,0.9999999999999998,52.0,0.9832068778791689,50.0,0.9619835036661497,32_0,32,0,lamp,114.589523315,39.1732177734,0.0482277792008,0,197.882530068,0.189173728228
UBFC_A1/Eval_On_COHFACE,COHFACE,old,COHFACE_s32_session0_lamp,1,57.0,59.0,correct,57.0,0.9999999999999998,56.0,0.9786048240422789,58.0,0.9302669458165947,59.0,0.9999999999999997,58.0,0.9878899954225697,60.0,0.8984816446042124,32_0,32,0,lamp,114.589523315,39.1732177734,0.0482277792008,0,197.882530068,0.189173728228
UBFC_A1/Eval_On_COHFACE,COHFACE,old,COHFACE_s32_session0_lamp,2,58.0,46.0,large_error,58.0,0.9999999999999999,59.0,0.9933880030673482,57.0,0.882531005177747,46.0,0.9999999999999997,45.0,0.9748249563296478,47.0,0.9395648792141619,32_0,32,0,lamp,114.589523315,39.1732177734,0.0482277792008,0,197.882530068,0.189173728228
UBFC_A1/Eval_On_COHFACE,COHFACE,old,COHFACE_s32_session0_lamp,3,59.0,43.0,large_error,59.0,0.9999999999999999,60.0,0.9768943107244102,58.0,0.8765332377087627,43.0,0.9999999999999998,44.0,0.9872400941621948,42.0,0.9355844326212612,32_0,32,0,lamp,114.589523315,39.1732177734,0.0482277792008,0,197.882530068,0.189173728228
UBFC_A1/Eval_On_COHFACE,COHFACE,old,COHFACE_s32_session0_lamp,4,59.0,40.0,large_error,59.0,0.9999999999999999,60.0,0.9715446719024857,58.0,0.8913859173564493,40.0,0.9999999999999997,41.0,0.9903989193709214,42.0,0.8935259870678903,32_0,32,0,lamp,114.589523315,39.1732177734,0.0482277792008,0,197.882530068,0.189173728228
UBFC_A1/Eval_On_COHFACE,COHFACE,old,COHFACE_s32_session0_lamp,5,58.0,41.0,large_error,58.0,0.9999999999999999,59.0,0.972631328931809,57.0,0.9086243114153923,41.0,0.9999999999999998,40.0,0.9904607537009844,42.0,0.8947013004262733,32_0,32,0,lamp,114.589523315,39.1732177734,0.0482277792008,0,197.882530068,0.189173728228
UBFC_A1/Eval_On_COHFACE,COHFACE,old,COHFACE_s32_session0_lamp,6,57.0,42.0,large_error,57.0,0.9999999999999999,56.0,0.9530139598899334,58.0,0.9338287900506608,42.0,0.9999999999999997,41.0,0.9659285650633869,43.0,0.9459719931665871,32_0,32,0,lamp,114.589523315,39.1732177734,0.0482277792008,0,197.882530068,0.189173728228
UBFC_A1/Eval_On_COHFACE,COHFACE,old,COHFACE_s32_session0_lamp,7,56.0,56.0,correct,56.0,0.9999999999999998,57.0,0.9857868369274488,55.0,0.9077311225126398,56.0,0.9999999999999998,55.0,0.9584687769242464,57.0,0.8879098552424953,32_0,32,0,lamp,114.589523315,39.1732177734,0.0482277792008,0,197.882530068,0.189173728228
UBFC_A1/Eval_On_COHFACE,COHFACE,old,COHFACE_s32_session0_lamp,8,57.0,60.0,correct,57.0,0.9999999999999999,56.0,0.9854423746666199,58.0,0.9164238181500289,60.0,0.9999999999999998,59.0,0.9686755577837344,61.0,0.8994882116895949,32_0,32,0,lamp,114.589523315,39.1732177734,0.0482277792008,0,197.882530068,0.189173728228
UBFC_A1/Eval_On_COHFACE,COHFACE,old,COHFACE_s32_session0_lamp,9,58.0,59.0,correct,58.0,0.9999999999999998,57.0,0.992055778768776,59.0,0.9043845019872685,59.0,0.9999999999999998,60.0,0.9972272865496321,58.0,0.931696664192165,32_0,32,0,lamp,114.589523315,39.1732177734,0.0482277792008,0,197.882530068,0.189173728228
UBFC_A1/Eval_On_COHFACE,COHFACE,old,COHFACE_s32_session0_lamp,10,59.0,59.0,correct,59.0,0.9999999999999998,58.0,0.9995225527281656,60.0,0.8825093612620734,59.0,0.9999999999999999,60.0,0.9856520535677786,58.0,0.937203920347303,32_0,32,0,lamp,114.589523315,39.1732177734,0.0482277792008,0,197.882530068,0.189173728228
UBFC_A1/Eval_On_COHFACE,COHFACE,old,COHFACE_s32_session0_lamp,11,59.0,60.0,correct,59.0,0.9999999999999999,58.0,0.9352641642954536,60.0,0.9349944367588042,60.0,1.0,59.0,0.9688112344508089,61.0,0.9236130447572306,32_0,32,0,lamp,114.589523315,39.1732177734,0.0482277792008,0,197.882530068,0.189173728228
UBFC_A1/Eval_On_COHFACE,COHFACE,old,COHFACE_s32_session0_lamp,12,59.0,60.0,correct,59.0,0.9999999999999999,60.0,0.9458697274571569,58.0,0.9291901003168056,60.0,1.0,59.0,0.9676532240815565,61.0,0.9381784401613398,32_0,32,0,lamp,114.589523315,39.1732177734,0.0482277792008,0,197.882530068,0.189173728228
UBFC_A1/Eval_On_COHFACE,COHFACE,old,COHFACE_s32_session0_lamp,13,59.0,60.0,correct,59.0,0.9999999999999999,58.0,0.966269622642367,60.0,0.9216183335125444,60.0,0.9999999999999999,59.0,0.9836764794493218,61.0,0.9283346445088639,32_0,32,0,lamp,114.589523315,39.1732177734,0.0482277792008,0,197.882530068,0.189173728228
UBFC_A1/Eval_On_COHFACE,COHFACE,old,COHFACE_s32_session0_lamp,14,58.0,60.0,correct,58.0,0.9999999999999999,59.0,0.9931967151168236,57.0,0.9075611323296572,60.0,1.0,59.0,0.9831549559352661,61.0,0.9139305380141848,32_0,32,0,lamp,114.589523315,39.1732177734,0.0482277792008,0,197.882530068,0.189173728228
UBFC_A1/Eval_On_COHFACE,COHFACE,old,COHFACE_s32_session0_lamp,15,58.0,60.0,correct,58.0,0.9999999999999999,59.0,0.9920521275095433,57.0,0.9069699929766054,60.0,0.9999999999999999,59.0,0.9840253365732405,61.0,0.9163687859343346,32_0,32,0,lamp,114.589523315,39.1732177734,0.0482277792008,0,197.882530068,0.189173728228
UBFC_A1/Eval_On_COHFACE,COHFACE,old,COHFACE_s32_session0_lamp,16,59.0,60.0,correct,59.0,0.9999999999999999,58.0,0.9666380703606938,60.0,0.9174304811739029,60.0,0.9999999999999998,59.0,0.983223732698222,61.0,0.931256691695167,32_0,32,0,lamp,114.589523315,39.1732177734,0.0482277792008,0,197.882530068,0.189173728228
UBFC_A1/Eval_On_COHFACE,COHFACE,old,COHFACE_s32_session0_lamp,17,59.0,60.0,correct,59.0,0.9999999999999999,60.0,0.9628209284463184,58.0,0.9102705076264326,60.0,0.9999999999999999,59.0,0.9699537587531507,61.0,0.9121391057898972,32_0,32,0,lamp,114.589523315,39.1732177734,0.0482277792008,0,197.882530068,0.189173728228
UBFC_A1/Eval_On_COHFACE,COHFACE,old,COHFACE_s32_session0_lamp,18,60.0,60.0,correct,60.0,0.9999999999999999,59.0,0.978661554580879,61.0,0.8908972305329618,60.0,0.9999999999999999,59.0,0.957288220715562,61.0,0.947907319535641,32_0,32,0,lamp,114.589523315,39.1732177734,0.0482277792008,0,197.882530068,0.189173728228
UBFC_A1/Eval_On_COHFACE,COHFACE,old,COHFACE_s32_session0_lamp,19,60.0,59.0,correct,60.0,0.9999999999999999,59.0,0.9459180892504815,61.0,0.9259618362958898,59.0,0.9999999999999997,60.0,0.9908026972071343,58.0,0.9366502233698873,32_0,32,0,lamp,114.589523315,39.1732177734,0.0482277792008,0,197.882530068,0.189173728228
UBFC_A1/Eval_On_COHFACE,COHFACE,old,COHFACE_s32_session0_lamp,20,60.0,60.0,correct,60.0,0.9999999999999999,59.0,0.95961356924405,61.0,0.9270949035325314,60.0,0.9999999999999999,61.0,0.9644365530478595,59.0,0.9399795115327413,32_0,32,0,lamp,114.589523315,39.1732177734,0.0482277792008,0,197.882530068,0.189173728228
UBFC_A1/Eval_On_COHFACE,COHFACE,old,COHFACE_s32_session0_lamp,21,59.0,59.0,correct,59.0,0.9999999999999998,60.0,0.9939716029934127,58.0,0.9090389053504361,59.0,0.9999999999999999,60.0,0.9938010042915606,58.0,0.9003400545532649,32_0,32,0,lamp,114.589523315,39.1732177734,0.0482277792008,0,197.882530068,0.189173728228
UBFC_A1/Eval_On_COHFACE,COHFACE,old,COHFACE_s32_session0_lamp,22,59.0,59.0,correct,59.0,0.9999999999999998,58.0,0.960639925595309,60.0,0.9450834915064936,59.0,0.9999999999999998,58.0,0.9923706891501778,60.0,0.8972383176570495,32_0,32,0,lamp,114.589523315,39.1732177734,0.0482277792008,0,197.882530068,0.189173728228
UBFC_A1/Eval_On_COHFACE,COHFACE,old,COHFACE_s32_session0_lamp,23,59.0,59.0,correct,59.0,0.9999999999999998,58.0,0.9563054902282618,60.0,0.944072589702103,59.0,0.9999999999999999,60.0,0.9608664424639196,58.0,0.9009536463094718,32_0,32,0,lamp,114.589523315,39.1732177734,0.0482277792008,0,197.882530068,0.189173728228
UBFC_A1/Eval_On_COHFACE,COHFACE,old,COHFACE_s32_session0_lamp,24,59.0,60.0,correct,59.0,0.9999999999999998,60.0,0.9975427532920956,58.0,0.8939223650766863,60.0,0.9999999999999999,61.0,0.9669646995354981,59.0,0.9348545898804839,32_0,32,0,lamp,114.589523315,39.1732177734,0.0482277792008,0,197.882530068,0.189173728228
UBFC_A1/Eval_On_COHFACE,COHFACE,old,COHFACE_s32_session0_lamp,25,60.0,60.0,correct,60.0,0.9999999999999999,61.0,0.9668774451435928,59.0,0.9075649517967579,60.0,0.9999999999999999,59.0,0.9734458066214795,61.0,0.9580146499808077,32_0,32,0,lamp,114.589523315,39.1732177734,0.0482277792008,0,197.882530068,0.189173728228
UBFC_A1/Eval_On_COHFACE,COHFACE,old,COHFACE_s32_session0_lamp,26,61.0,60.0,correct,61.0,0.9999999999999999,60.0,0.944767354125255,61.99999999999999,0.9348133573777703,60.0,0.9999999999999998,61.0,0.9946875150127497,59.0,0.9179594448566939,32_0,32,0,lamp,114.589523315,39.1732177734,0.0482277792008,0,197.882530068,0.189173728228
UBFC_A1/Eval_On_COHFACE,COHFACE,old,COHFACE_s32_session0_lamp,27,61.0,61.0,correct,61.0,0.9999999999999999,61.99999999999999,0.984885913964709,60.0,0.9053432252810579,61.0,0.9999999999999998,60.0,0.9875706495998515,61.99999999999999,0.9256618956586918,32_0,32,0,lamp,114.589523315,39.1732177734,0.0482277792008,0,197.882530068,0.189173728228
UBFC_A1/Eval_On_COHFACE,COHFACE,old,COHFACE_s32_session0_lamp,28,61.0,59.0,correct,61.0,0.9999999999999999,61.99999999999999,0.9655657340948179,60.0,0.9336221879077345,59.0,0.9999999999999999,60.0,0.9968915813638171,58.0,0.9161430840077429,32_0,32,0,lamp,114.589523315,39.1732177734,0.0482277792008,0,197.882530068,0.189173728228
UBFC_A1/Eval_On_COHFACE,COHFACE,old,COHFACE_s32_session0_lamp,29,61.0,60.0,correct,61.0,0.9999999999999999,60.0,0.9838790790599176,61.99999999999999,0.9207076555645696,60.0,0.9999999999999999,59.0,0.9755398068560795,61.0,0.9317137852692033,32_0,32,0,lamp,114.589523315,39.1732177734,0.0482277792008,0,197.882530068,0.189173728228
UBFC_A1/Eval_On_COHFACE,COHFACE,old,COHFACE_s32_session0_lamp,30,60.0,60.0,correct,60.0,0.9999999999999999,61.0,0.9645786435569044,59.0,0.9349941945142624,60.0,0.9999999999999999,59.0,0.9739148382875186,61.0,0.9502561695834554,32_0,32,0,lamp,114.589523315,39.1732177734,0.0482277792008,0,197.882530068,0.189173728228
UBFC_A1/Eval_On_COHFACE,COHFACE,old,COHFACE_s32_session0_lamp,31,60.0,61.0,correct,60.0,1.0,59.0,0.9611920650592302,61.0,0.9233369021632177,61.0,0.9999999999999993,61.99999999999999,0.9723207232517979,60.0,0.9644728923239053,32_0,32,0,lamp,114.589523315,39.1732177734,0.0482277792008,0,197.882530068,0.189173728228
UBFC_A1/Eval_On_COHFACE,COHFACE,old,COHFACE_s32_session0_lamp,32,60.0,60.0,correct,60.0,1.0,59.0,0.9828451191624777,61.0,0.8943045732375611,60.0,0.9999999999999999,59.0,0.9407582545815428,61.0,0.9286261338677485,32_0,32,0,lamp,114.589523315,39.1732177734,0.0482277792008,0,197.882530068,0.189173728228
UBFC_A1/Eval_On_COHFACE,COHFACE,old,COHFACE_s32_session0_lamp,33,59.0,60.0,correct,59.0,1.0,60.0,0.9896822280954525,58.0,0.8885962317521606,60.0,0.9999999999999999,59.0,0.9508127554162638,61.0,0.9505483122479906,32_0,32,0,lamp,114.589523315,39.1732177734,0.0482277792008,0,197.882530068,0.189173728228
UBFC_A1/Eval_On_COHFACE,COHFACE,old,COHFACE_s32_session0_lamp,34,59.0,59.0,correct,59.0,1.0,60.0,0.9768606253383672,58.0,0.907946672543854,59.0,0.9999999999999998,60.0,0.9792670432744995,58.0,0.934705918585987,32_0,32,0,lamp,114.589523315,39.1732177734,0.0482277792008,0,197.882530068,0.189173728228
UBFC_A1/Eval_On_COHFACE,COHFACE,old,COHFACE_s32_session0_lamp,35,59.0,60.0,correct,59.0,1.0,60.0,0.9856644123335607,58.0,0.9056676328785246,60.0,0.9999999999999999,59.0,0.9722009052532921,61.0,0.9178618485212703,32_0,32,0,lamp,114.589523315,39.1732177734,0.0482277792008,0,197.882530068,0.189173728228
UBFC_A1/Eval_On_COHFACE,COHFACE,old,COHFACE_s32_session0_lamp,36,60.0,60.0,correct,60.0,1.0,59.0,0.9771767846593218,61.0,0.9163745000429718,60.0,0.9999999999999998,59.0,0.9758305360615908,61.0,0.9462621340196433,32_0,32,0,lamp,114.589523315,39.1732177734,0.0482277792008,0,197.882530068,0.189173728228
UBFC_A1/Eval_On_COHFACE,COHFACE,old,COHFACE_s32_session0_lamp,37,60.0,60.0,correct,60.0,1.0,61.0,0.9553211092045022,59.0,0.9284920612532289,60.0,0.9999999999999999,59.0,0.9919011965600935,61.0,0.9177235819705474,32_0,32,0,lamp,114.589523315,39.1732177734,0.0482277792008,0,197.882530068,0.189173728228
UBFC_A1/Eval_On_COHFACE,COHFACE,old,COHFACE_s32_session0_lamp,38,60.0,60.0,correct,60.0,1.0,61.0,0.9836750769596119,59.0,0.8902787723204282,60.0,1.0,61.0,0.9431609078551948,59.0,0.9398490095401008,32_0,32,0,lamp,114.589523315,39.1732177734,0.0482277792008,0,197.882530068,0.189173728228
UBFC_A1/Eval_On_COHFACE,COHFACE,old,COHFACE_s32_session0_lamp,39,60.0,60.0,correct,60.0,1.0,61.0,0.9948595315149795,59.0,0.8794003124811304,60.0,0.9999999999999999,59.0,0.9516224307445873,61.0,0.9412650578651311,32_0,32,0,lamp,114.589523315,39.1732177734,0.0482277792008,0,197.882530068,0.189173728228
UBFC_A1/Eval_On_COHFACE,COHFACE,old,COHFACE_s32_session0_lamp,40,60.0,60.0,correct,60.0,1.0,61.0,0.9963428824887987,59.0,0.8901498166991678,60.0,0.9999999999999998,59.0,0.9824588009516628,61.0,0.927396705845757,32_0,32,0,lamp,114.589523315,39.1732177734,0.0482277792008,0,197.882530068,0.189173728228
UBFC_A1/Eval_On_COHFACE,COHFACE,old,COHFACE_s32_session0_lamp,41,60.0,60.0,correct,60.0,1.0,61.0,0.993443597631484,59.0,0.9070706462289458,60.0,1.0,59.0,0.9638537578210787,61.0,0.931105444570482,32_0,32,0,lamp,114.589523315,39.1732177734,0.0482277792008,0,197.882530068,0.189173728228
UBFC_A1/Eval_On_COHFACE,COHFACE,old,COHFACE_s32_session0_lamp,42,61.0,60.0,correct,61.0,1.0,60.0,0.9855544091863807,61.99999999999999,0.9115864615713897,60.0,0.9999999999999999,59.0,0.9994905370744557,61.0,0.9187026575018971,32_0,32,0,lamp,114.589523315,39.1732177734,0.0482277792008,0,197.882530068,0.189173728228
UBFC_A1/Eval_On_COHFACE,COHFACE,old,COHFACE_s32_session0_lamp,43,61.0,60.0,correct,61.0,1.0,60.0,0.9467716921620656,61.99999999999999,0.9368073425364181,60.0,0.9999999999999998,61.0,0.9691501595334506,59.0,0.9629963729377781,32_0,32,0,lamp,114.589523315,39.1732177734,0.0482277792008,0,197.882530068,0.189173728228
UBFC_A1/Eval_On_COHFACE,COHFACE,old,COHFACE_s32_session0_lamp,44,61.0,61.99999999999999,correct,61.0,1.0,61.99999999999999,0.9669296389486703,60.0,0.9061524826420085,61.99999999999999,0.9999999999999999,61.0,0.9821253925230182,63.0,0.8701435074131758,32_0,32,0,lamp,114.589523315,39.1732177734,0.0482277792008,0,197.882530068,0.189173728228
UBFC_A1/Eval_On_COHFACE,COHFACE,old,COHFACE_s32_session0_lamp,45,61.0,63.0,correct,61.0,1.0,61.99999999999999,0.998631937819634,63.0,0.8779764277647754,63.0,0.9999999999999998,61.99999999999999,0.9695126356902244,64.0,0.8867298444738374,32_0,32,0,lamp,114.589523315,39.1732177734,0.0482277792008,0,197.882530068,0.189173728228
UBFC_A1/Eval_On_COHFACE,COHFACE,old,COHFACE_s32_session0_lamp,46,61.99999999999999,61.0,correct,61.99999999999999,1.0,61.0,0.9887927350454139,63.0,0.8990075562187884,61.0,0.9999999999999999,61.99999999999999,0.9936414698822322,60.0,0.9384362012677367,32_0,32,0,lamp,114.589523315,39.1732177734,0.0482277792008,0,197.882530068,0.189173728228
UBFC_A1/Eval_On_COHFACE,COHFACE,old,COHFACE_s32_session0_lamp,47,61.99999999999999,61.99999999999999,correct,61.99999999999999,1.0,61.0,0.9952261408808284,63.0,0.9029584119190319,61.99999999999999,0.9999999999999998,61.0,0.9958584540142491,63.0,0.9228972957515948,32_0,32,0,lamp,114.589523315,39.1732177734,0.0482277792008,0,197.882530068,0.189173728228
UBFC_A1/Eval_On_COHFACE,COHFACE,old,COHFACE_s32_session0_lamp,48,61.99999999999999,61.0,correct,61.99999999999999,1.0,61.0,0.9800671063443744,63.0,0.9173957568216999,61.0,0.9999999999999999,60.0,0.9861788666943944,61.99999999999999,0.949101322490214,32_0,32,0,lamp,114.589523315,39.1732177734,0.0482277792008,0,197.882530068,0.189173728228
UBFC_A1/Eval_On_COHFACE,COHFACE,old,COHFACE_s32_session0_lamp,49,61.99999999999999,61.0,correct,61.99999999999999,1.0,63.0,0.9911383142405509,61.0,0.8993765422452412,61.0,0.9999999999999999,61.99999999999999,0.9660326149331858,60.0,0.95293799923717,32_0,32,0,lamp,114.589523315,39.1732177734,0.0482277792008,0,197.882530068,0.189173728228
UBFC_A1/Eval_On_COHFACE,COHFACE,old,COHFACE_s32_session0_lamp,50,64.0,61.99999999999999,correct,64.0,1.0,63.0,0.9873720219126232,65.0,0.8914946292489092,61.99999999999999,0.9999999999999999,61.0,0.9581932628670742,63.0,0.9550237830250188,32_0,32,0,lamp,114.589523315,39.1732177734,0.0482277792008,0,197.882530068,0.189173728228
UBFC_A1/Eval_On_COHFACE,COHFACE,old,COHFACE_s32_session1_lamp,0,64.0,120.0,super_harmonic_2x,64.0,1.0,63.0,0.956212895524493,65.0,0.9263347715922193,120.0,0.9999999999999998,119.0,0.9985260793472251,121.0,0.878509534558377,32_1,32,1,lamp,114.004943848,39.4196128845,0.0618583277652,0,188.63173955,0.226598441601
UBFC_A1/Eval_On_COHFACE,COHFACE,old,COHFACE_s32_session1_lamp,1,63.0,120.0,super_harmonic_2x,63.0,1.0,64.0,0.9924947368915323,61.99999999999999,0.9076947637545622,120.0,0.9999999999999999,119.0,0.9752477457211333,121.0,0.8964058104782111,32_1,32,1,lamp,114.004943848,39.4196128845,0.0618583277652,0,188.63173955,0.226598441601
UBFC_A1/Eval_On_COHFACE,COHFACE,old,COHFACE_s32_session1_lamp,2,63.0,66.0,correct,63.0,1.0,64.0,0.9974918580236488,61.99999999999999,0.9004661317321536,66.0,0.9999999999999998,67.0,0.962653318036562,65.0,0.9369138831711422,32_1,32,1,lamp,114.004943848,39.4196128845,0.0618583277652,0,188.63173955,0.226598441601
UBFC_A1/Eval_On_COHFACE,COHFACE,old,COHFACE_s32_session1_lamp,3,64.0,66.0,correct,64.0,1.0,63.0,0.965624039244801,65.0,0.9184019548614788,66.0,0.9999999999999999,67.0,0.9719957489873134,65.0,0.9357735780363683,32_1,32,1,lamp,114.004943848,39.4196128845,0.0618583277652,0,188.63173955,0.226598441601
UBFC_A1/Eval_On_COHFACE,COHFACE,old,COHFACE_s32_session1_lamp,4,64.0,61.0,correct,64.0,1.0,65.0,0.9455001786462228,63.0,0.929495419369383,61.0,0.9999999999999999,60.0,0.9704153656560094,61.99999999999999,0.9550407140739564,32_1,32,1,lamp,114.004943848,39.4196128845,0.0618583277652,0,188.63173955,0.226598441601
UBFC_A1/Eval_On_COHFACE,COHFACE,old,COHFACE_s32_session1_lamp,5,64.0,64.0,correct,64.0,1.0,63.0,0.9444192566323193,65.0,0.9316834790644292,64.0,0.9999999999999998,63.0,0.9741147843885676,65.0,0.9478661383438999,32_1,32,1,lamp,114.004943848,39.4196128845,0.0618583277652,0,188.63173955,0.226598441601
UBFC_A1/Eval_On_COHFACE,COHFACE,old,COHFACE_s32_session1_lamp,6,63.0,61.0,correct,63.0,0.9999999999999999,64.0,0.9790203648782252,61.99999999999999,0.9075450468250903,61.0,0.9999999999999999,60.0,0.9533430455777159,61.99999999999999,0.9453471142333231,32_1,32,1,lamp,114.004943848,39.4196128845,0.0618583277652,0,188.63173955,0.226598441601
UBFC_A1/Eval_On_COHFACE,COHFACE,old,COHFACE_s32_session1_lamp,7,63.0,61.0,correct,63.0,0.9999999999999999,61.99999999999999,0.9955922104703266,64.0,0.9008479075446609,61.0,0.9999999999999998,61.99999999999999,0.9753701280775811,60.0,0.9416083074181849,32_1,32,1,lamp,114.004943848,39.4196128845,0.0618583277652,0,188.63173955,0.226598441601
UBFC_A1/Eval_On_COHFACE,COHFACE,old,COHFACE_s32_session1_lamp,8,61.99999999999999,64.0,correct,61.99999999999999,0.9999999999999999,61.0,0.961520920224173,63.0,0.9381345973479321,64.0,0.9999999999999998,63.0,0.9987429331869616,61.99999999999999,0.8689808460047476,32_1,32,1,lamp,114.004943848,39.4196128845,0.0618583277652,0,188.63173955,0.226598441601
UBFC_A1/Eval_On_COHFACE,COHFACE,old,COHFACE_s32_session1_lamp,9,61.99999999999999,60.0,correct,61.99999999999999,0.9999999999999999,61.0,0.9869817064958908,63.0,0.9044997184708014,60.0,0.9999999999999997,40.0,0.9925461750856445,61.0,0.9907890783508347,32_1,32,1,lamp,114.004943848,39.4196128845,0.0618583277652,0,188.63173955,0.226598441601
UBFC_A1/Eval_On_COHFACE,COHFACE,old,COHFACE_s32_session1_lamp,10,61.99999999999999,61.0,correct,61.99999999999999,0.9999999999999999,63.0,0.9406900421055772,61.0,0.9366591554851792,61.0,0.9999999999999997,61.99999999999999,0.9666817469063089,60.0,0.9044841067355772,32_1,32,1,lamp,114.004943848,39.4196128845,0.0618583277652,0,188.63173955,0.226598441601
UBFC_A1/Eval_On_COHFACE,COHFACE,old,COHFACE_s32_session1_lamp,11,63.0,40.0,large_error,63.0,1.0,61.99999999999999,0.9773169986646479,64.0,0.8939705592714051,40.0,0.9999999999999996,41.0,0.8989966594045542,120.0,0.7281516691194942,32_1,32,1,lamp,114.004943848,39.4196128845,0.0618583277652,0,188.63173955,0.226598441601
UBFC_A1/Eval_On_COHFACE,COHFACE,old,COHFACE_s32_session1_lamp,12,63.0,40.0,large_error,63.0,1.0,61.99999999999999,0.9406378532625164,64.0,0.9324634253192255,40.0,0.9999999999999998,41.0,0.8900167448390142,42.0,0.7037518426471673,32_1,32,1,lamp,114.004943848,39.4196128845,0.0618583277652,0,188.63173955,0.226598441601
UBFC_A1/Eval_On_COHFACE,COHFACE,old,COHFACE_s32_session1_lamp,13,63.0,42.0,large_error,63.0,1.0,61.99999999999999,0.9667591692891646,64.0,0.9164318095587372,42.0,0.9999999999999996,41.0,0.9894256423874704,43.0,0.9502938489514823,32_1,32,1,lamp,114.004943848,39.4196128845,0.0618583277652,0,188.63173955,0.226598441601
UBFC_A1/Eval_On_COHFACE,COHFACE,old,COHFACE_s32_session1_lamp,14,61.99999999999999,61.0,correct,61.99999999999999,1.0,63.0,0.9545968989723325,61.0,0.940482150364831,61.0,0.9999999999999999,61.99999999999999,0.9559332407662233,60.0,0.9239375437227205,32_1,32,1,lamp,114.004943848,39.4196128845,0.0618583277652,0,188.63173955,0.226598441601
UBFC_A1/Eval_On_COHFACE,COHFACE,old,COHFACE_s32_session1_lamp,15,61.0,40.0,large_error,61.0,1.0,60.0,0.974637779524634,61.99999999999999,0.9322401395530712,40.0,0.9999999999999997,41.0,0.8445803637184698,60.0,0.7837593716360698,32_1,32,1,lamp,114.004943848,39.4196128845,0.0618583277652,0,188.63173955,0.226598441601
UBFC_A1/Eval_On_COHFACE,COHFACE,old,COHFACE_s32_session1_lamp,16,60.0,54.0,large_error,60.0,1.0,59.0,0.9832220492393496,61.0,0.9204034265487867,54.0,0.9999999999999994,55.0,0.9556953089251644,53.0,0.9489864328640103,32_1,32,1,lamp,114.004943848,39.4196128845,0.0618583277652,0,188.63173955,0.226598441601
UBFC_A1/Eval_On_COHFACE,COHFACE,old,COHFACE_s32_session1_lamp,17,59.0,44.0,large_error,59.0,1.0,60.0,0.9583146804404239,58.0,0.9347632707452773,44.0,0.9999999999999998,45.0,0.9933356764795948,43.0,0.8917676013915714,32_1,32,1,lamp,114.004943848,39.4196128845,0.0618583277652,0,188.63173955,0.226598441601
UBFC_A1/Eval_On_COHFACE,COHFACE,old,COHFACE_s32_session1_lamp,18,59.0,60.0,correct,59.0,1.0,60.0,0.9823952843310463,58.0,0.8991776499888564,60.0,0.9999999999999998,59.0,0.9754872455301468,72.0,0.9283369102131481,32_1,32,1,lamp,114.004943848,39.4196128845,0.0618583277652,0,188.63173955,0.226598441601
UBFC_A1/Eval_On_COHFACE,COHFACE,old,COHFACE_s32_session1_lamp,19,60.0,73.0,large_error,60.0,1.0,61.0,0.9511560588995069,59.0,0.9197440113009319,73.0,0.9999999999999997,74.0,0.9659229490962139,72.0,0.9398831913515158,32_1,32,1,lamp,114.004943848,39.4196128845,0.0618583277652,0,188.63173955,0.226598441601
UBFC_A1/Eval_On_COHFACE,COHFACE,old,COHFACE_s32_session1_lamp,20,61.0,71.0,large_error,61.0,1.0,60.0,0.9540563243205868,61.99999999999999,0.9210953119839059,71.0,0.9999999999999998,70.0,0.949655700088023,72.0,0.9251618272452865,32_1,32,1,lamp,114.004943848,39.4196128845,0.0618583277652,0,188.63173955,0.226598441601
UBFC_A1/Eval_On_COHFACE,COHFACE,old,COHFACE_s32_session1_lamp,21,61.0,69.0,large_error,61.0,1.0,61.99999999999999,0.9558532740352126,60.0,0.9260646845355192,69.0,0.9999999999999998,68.0,0.9936554959433157,70.0,0.9314754443023775,32_1,32,1,lamp,114.004943848,39.4196128845,0.0618583277652,0,188.63173955,0.226598441601
UBFC_A1/Eval_On_COHFACE,COHFACE,old,COHFACE_s32_session1_lamp,22,61.0,64.0,correct,61.0,1.0,60.0,0.9687127618758552,61.99999999999999,0.9236906462583525,64.0,0.9999999999999998,65.0,0.9790167951072768,63.0,0.9659927492868343,32_1,32,1,lamp,114.004943848,39.4196128845,0.0618583277652,0,188.63173955,0.226598441601
UBFC_A1/Eval_On_COHFACE,COHFACE,old,COHFACE_s32_session1_lamp,23,60.0,59.0,correct,60.0,1.0,59.0,0.9535417096994082,61.0,0.9456344048473977,59.0,0.9999999999999998,60.0,0.9851344577361785,58.0,0.9477885830275969,32_1,32,1,lamp,114.004943848,39.4196128845,0.0618583277652,0,188.63173955,0.226598441601
UBFC_A1/Eval_On_COHFACE,COHFACE,old,COHFACE_s32_session1_lamp,24,59.0,58.0,correct,59.0,1.0,60.0,0.9677365994958521,58.0,0.9299285634254125,58.0,0.9999999999999999,57.0,0.956418004523318,59.0,0.934688125874595,32_1,32,1,lamp,114.004943848,39.4196128845,0.0618583277652,0,188.63173955,0.226598441601
UBFC_A1/Eval_On_COHFACE,COHFACE,old,COHFACE_s32_session1_lamp,25,59.0,57.0,correct,59.0,1.0,58.0,0.9826504643648102,60.0,0.9080469706496826,57.0,0.9999999999999998,58.0,0.9514286363288924,56.0,0.9472351457566012,32_1,32,1,lamp,114.004943848,39.4196128845,0.0618583277652,0,188.63173955,0.226598441601
UBFC_A1/Eval_On_COHFACE,COHFACE,old,COHFACE_s32_session1_lamp,26,59.0,56.0,correct,59.0,1.0,58.0,0.9705857694035821,60.0,0.9183220860316241,56.0,0.9999999999999999,57.0,0.9919420190448202,55.0,0.9718644359702229,32_1,32,1,lamp,114.004943848,39.4196128845,0.0618583277652,0,188.63173955,0.226598441601
UBFC_A1/Eval_On_COHFACE,COHFACE,old,COHFACE_s32_session1_lamp,27,60.0,57.0,correct,60.0,1.0,59.0,0.9914642084586562,61.0,0.8950455936384554,57.0,0.9999999999999998,58.0,0.9999073500106624,59.0,0.9099430212981503,32_1,32,1,lamp,114.004943848,39.4196128845,0.0618583277652,0,188.63173955,0.226598441601
UBFC_A1/Eval_On_COHFACE,COHFACE,old,COHFACE_s32_session1_lamp,28,61.0,58.0,correct,61.0,1.0,60.0,0.9534281678716182,61.99999999999999,0.9251749528539045,58.0,0.9999999999999996,47.0,0.9883142435072225,59.0,0.9841507030469593,32_1,32,1,lamp,114.004943848,39.4196128845,0.0618583277652,0,188.63173955,0.226598441601
UBFC_A1/Eval_On_COHFACE,COHFACE,old,COHFACE_s32_session1_lamp,29,61.99999999999999,42.0,large_error,61.99999999999999,1.0,61.0,0.940152196176215,63.0,0.9328870961698036,42.0,0.9999999999999998,43.0,0.9927589666721679,41.0,0.8929296337255994,32_1,32,1,lamp,114.004943848,39.4196128845,0.0618583277652,0,188.63173955,0.226598441601
UBFC_A1/Eval_On_COHFACE,COHFACE,old,COHFACE_s32_session1_lamp,30,61.99999999999999,41.0,large_error,61.99999999999999,1.0,63.0,0.9782682586837179,61.0,0.8964344440840329,41.0,0.9999999999999997,40.0,0.961932999597006,42.0,0.9401641156922874,32_1,32,1,lamp,114.004943848,39.4196128845,0.0618583277652,0,188.63173955,0.226598441601
UBFC_A1/Eval_On_COHFACE,COHFACE,old,COHFACE_s32_session1_lamp,31,61.99999999999999,41.0,large_error,61.99999999999999,1.0,63.0,0.9440613023649801,61.0,0.9373292344183111,41.0,0.9999999999999996,42.0,0.9889550474136701,66.0,0.9365576685602449,32_1,32,1,lamp,114.004943848,39.4196128845,0.0618583277652,0,188.63173955,0.226598441601
UBFC_A1/Eval_On_COHFACE,COHFACE,old,COHFACE_s32_session1_lamp,32,61.0,44.0,large_error,61.0,1.0,61.99999999999999,0.9719570311154446,60.0,0.9210002896106988,44.0,0.9999999999999998,45.0,0.9634825241224925,43.0,0.9565767778772929,32_1,32,1,lamp,114.004943848,39.4196128845,0.0618583277652,0,188.63173955,0.226598441601
UBFC_A1/Eval_On_COHFACE,COHFACE,old,COHFACE_s32_session1_lamp,33,60.0,121.0,super_harmonic_2x,60.0,1.0,61.0,0.9535871472089991,59.0,0.9513029552907912,121.0,0.9999999999999996,120.0,0.9510985596854469,122.0,0.9469493324184555,32_1,32,1,lamp,114.004943848,39.4196128845,0.0618583277652,0,188.63173955,0.226598441601
UBFC_A1/Eval_On_COHFACE,COHFACE,old,COHFACE_s32_session1_lamp,34,59.0,59.0,correct,59.0,1.0,60.0,0.9785836755696153,58.0,0.9270203923828776,59.0,0.9999999999999993,58.0,0.9814177278573946,60.0,0.9438663059406979,32_1,32,1,lamp,114.004943848,39.4196128845,0.0618583277652,0,188.63173955,0.226598441601
UBFC_A1/Eval_On_COHFACE,COHFACE,old,COHFACE_s32_session1_lamp,35,59.0,60.0,correct,59.0,1.0,60.0,0.9953475996623423,58.0,0.9150034453692905,60.0,0.9999999999999999,59.0,0.9960715656766868,61.0,0.8460181945752321,32_1,32,1,lamp,114.004943848,39.4196128845,0.0618583277652,0,188.63173955,0.226598441601
UBFC_A1/Eval_On_COHFACE,COHFACE,old,COHFACE_s32_session1_lamp,36,61.0,60.0,correct,61.0,0.9999999999999999,60.0,0.9466583563570169,61.99999999999999,0.9434796068358873,60.0,0.9999999999999999,59.0,0.946932878589218,61.0,0.9089134871953537,32_1,32,1,lamp,114.004943848,39.4196128845,0.0618583277652,0,188.63173955,0.226598441601
UBFC_A1/Eval_On_COHFACE,COHFACE,old,COHFACE_s32_session1_lamp,37,63.0,61.99999999999999,correct,63.0,0.9999999999999999,61.99999999999999,0.9512743821244909,64.0,0.9201866221743005,61.99999999999999,0.9999999999999996,63.0,0.9880439706520703,61.0,0.9168576520195079,32_1,32,1,lamp,114.004943848,39.4196128845,0.0618583277652,0,188.63173955,0.226598441601
UBFC_A1/Eval_On_COHFACE,COHFACE,old,COHFACE_s32_session1_lamp,38,64.0,61.99999999999999,correct,64.0,1.0,65.0,0.9519688364225207,63.0,0.9227479444741582,61.99999999999999,0.9999999999999998,63.0,0.9552104458768967,61.0,0.9467574606567322,32_1,32,1,lamp,114.004943848,39.4196128845,0.0618583277652,0,188.63173955,0.226598441601
UBFC_A1/Eval_On_COHFACE,COHFACE,old,COHFACE_s32_session1_lamp,39,64.0,66.0,correct,64.0,1.0,65.0,0.995684756070174,63.0,0.8890158365114633,66.0,0.9999999999999999,65.0,0.9782233986011603,67.0,0.9474186280653557,32_1,32,1,lamp,114.004943848,39.4196128845,0.0618583277652,0,188.63173955,0.226598441601
UBFC_A1/Eval_On_COHFACE,COHFACE,old,COHFACE_s32_session1_lamp,40,64.0,66.0,correct,64.0,1.0,63.0,0.9612524097023647,65.0,0.9435695329715283,66.0,0.9999999999999998,65.0,0.9854693894490963,67.0,0.9490978440166195,32_1,32,1,lamp,114.004943848,39.4196128845,0.0618583277652,0,188.63173955,0.226598441601
UBFC_A1/Eval_On_COHFACE,COHFACE,old,COHFACE_s32_session1_lamp,41,63.0,60.0,correct,63.0,1.0,61.99999999999999,0.9915189799193913,64.0,0.9230742298642225,60.0,0.9999999999999998,61.0,0.9942844178448763,61.99999999999999,0.8776375464126012,32_1,32,1,lamp,114.004943848,39.4196128845,0.0618583277652,0,188.63173955,0.226598441601
UBFC_A1/Eval_On_COHFACE,COHFACE,old,COHFACE_s32_session1_lamp,42,61.99999999999999,63.0,correct,61.99999999999999,1.0,61.0,0.9565200677200655,63.0,0.9442529687535691,63.0,0.9999999999999996,61.99999999999999,0.9981958912580057,40.0,0.9089471720325913,32_1,32,1,lamp,114.004943848,39.4196128845,0.0618583277652,0,188.63173955,0.226598441601
UBFC_A1/Eval_On_COHFACE,COHFACE,old,COHFACE_s32_session1_lamp,43,61.99999999999999,40.0,large_error,61.99999999999999,1.0,61.0,0.946385833804223,63.0,0.9413941512673849,40.0,0.9999999999999994,61.0,0.985005646134362,61.99999999999999,0.9618649024813478,32_1,32,1,lamp,114.004943848,39.4196128845,0.0618583277652,0,188.63173955,0.226598441601
UBFC_A1/Eval_On_COHFACE,COHFACE,old,COHFACE_s32_session1_lamp,44,63.0,76.0,large_error,63.0,1.0,61.99999999999999,0.9890795289066122,64.0,0.8858204889853017,76.0,0.9999999999999998,75.0,0.9790923606840416,77.0,0.915329370304539,32_1,32,1,lamp,114.004943848,39.4196128845,0.0618583277652,0,188.63173955,0.226598441601
UBFC_A1/Eval_On_COHFACE,COHFACE,old,COHFACE_s32_session1_lamp,45,63.0,41.0,large_error,63.0,1.0,64.0,0.9724730886959413,61.99999999999999,0.8975168686102216,41.0,0.9999999999999998,40.0,0.9957451351095865,81.0,0.9953984204469405,32_1,32,1,lamp,114.004943848,39.4196128845,0.0618583277652,0,188.63173955,0.226598441601
UBFC_A1/Eval_On_COHFACE,COHFACE,old,COHFACE_s32_session1_lamp,46,64.0,80.0,large_error,64.0,1.0,63.0,0.9678001564093627,65.0,0.910338248592534,80.0,0.9999999999999998,81.0,0.9830651290818624,79.0,0.9254497063734918,32_1,32,1,lamp,114.004943848,39.4196128845,0.0618583277652,0,188.63173955,0.226598441601
UBFC_A1/Eval_On_COHFACE,COHFACE,old,COHFACE_s32_session1_lamp,47,64.0,78.0,large_error,64.0,1.0,63.0,0.9734769080523642,65.0,0.9173286254362726,78.0,0.9999999999999998,77.0,0.9788044648207282,79.0,0.953307885655326,32_1,32,1,lamp,114.004943848,39.4196128845,0.0618583277652,0,188.63173955,0.226598441601
UBFC_A1/Eval_On_COHFACE,COHFACE,old,COHFACE_s32_session1_lamp,48,63.0,61.0,correct,63.0,0.9999999999999999,64.0,0.9713131647404964,61.99999999999999,0.9319146784227449,61.0,0.9999999999999997,60.0,0.9636326181839471,61.99999999999999,0.9414304160735129,32_1,32,1,lamp,114.004943848,39.4196128845,0.0618583277652,0,188.63173955,0.226598441601
UBFC_A1/Eval_On_COHFACE,COHFACE,old,COHFACE_s32_session1_lamp,49,63.0,61.99999999999999,correct,63.0,1.0,61.99999999999999,0.9660640046185563,64.0,0.9334311774016849,61.99999999999999,0.9999999999999998,63.0,0.948813271111433,61.0,0.9337929488810238,32_1,32,1,lamp,114.004943848,39.4196128845,0.0618583277652,0,188.63173955,0.226598441601
UBFC_A1/Eval_On_COHFACE,COHFACE,old,COHFACE_s32_session1_lamp,50,63.0,67.0,large_error,63.0,1.0,61.99999999999999,0.9523849086062729,64.0,0.9372471148081284,67.0,0.9999999999999998,68.0,0.9824347722771017,66.0,0.941150480176322,32_1,32,1,lamp,114.004943848,39.4196128845,0.0618583277652,0,188.63173955,0.226598441601
UBFC_A1/Eval_On_COHFACE,COHFACE,old,COHFACE_s32_session2_natural,0,66.0,67.0,correct,66.0,0.9999999999999999,65.0,0.9861214163562789,67.0,0.8914841281080209,67.0,0.9999999999999998,66.0,0.993841589807124,68.0,0.8478499532187362,32_2,32,2,natural,107.788642883,55.5965690613,0.909463205645,0,324.182203658,0.20858579874
UBFC_A1/Eval_On_COHFACE,COHFACE,old,COHFACE_s32_session2_natural,1,65.0,53.0,large_error,65.0,0.9999999999999999,66.0,0.961022929666321,64.0,0.8968347491320926,53.0,0.9999999999999998,54.0,0.9549991972703742,52.0,0.9529922501275215,32_2,32,2,natural,107.788642883,55.5965690613,0.909463205645,0,324.182203658,0.20858579874
UBFC_A1/Eval_On_COHFACE,COHFACE,old,COHFACE_s32_session2_natural,2,65.0,68.0,correct,65.0,0.9999999999999998,64.0,0.9669873744360383,66.0,0.9054571980266025,68.0,0.9999999999999998,67.0,0.9762631343941632,69.0,0.9526033336778256,32_2,32,2,natural,107.788642883,55.5965690613,0.909463205645,0,324.182203658,0.20858579874
UBFC_A1/Eval_On_COHFACE,COHFACE,old,COHFACE_s32_session2_natural,3,64.0,46.0,large_error,64.0,0.9999999999999998,63.0,0.9671226017919727,65.0,0.9219874836528594,46.0,0.9999999999999997,47.0,0.9990881762117562,48.0,0.9625564538161635,32_2,32,2,natural,107.788642883,55.5965690613,0.909463205645,0,324.182203658,0.20858579874
UBFC_A1/Eval_On_COHFACE,COHFACE,old,COHFACE_s32_session2_natural,4,63.0,59.0,large_error,63.0,0.9999999999999999,61.99999999999999,0.975156780700082,64.0,0.924023273339956,59.0,0.9999999999999999,58.0,0.9847786437097313,60.0,0.942230748585794,32_2,32,2,natural,107.788642883,55.5965690613,0.909463205645,0,324.182203658,0.20858579874
UBFC_A1/Eval_On_COHFACE,COHFACE,old,COHFACE_s32_session2_natural,5,61.99999999999999,60.0,correct,61.99999999999999,0.9999999999999999,63.0,0.955321752446312,61.0,0.9439295295567967,60.0,0.9999999999999999,59.0,0.9614380974377653,61.0,0.9014611405919438,32_2,32,2,natural,107.788642883,55.5965690613,0.909463205645,0,324.182203658,0.20858579874
UBFC_A1/Eval_On_COHFACE,COHFACE,old,COHFACE_s32_session2_natural,6,61.99999999999999,60.0,correct,61.99999999999999,0.9999999999999999,63.0,0.9556844157096259,61.0,0.9466786447705487,60.0,0.9999999999999997,61.0,0.9698128896517214,59.0,0.9001682817721048,32_2,32,2,natural,107.788642883,55.5965690613,0.909463205645,0,324.182203658,0.20858579874
UBFC_A1/Eval_On_COHFACE,COHFACE,old,COHFACE_s32_session2_natural,7,63.0,70.0,large_error,63.0,0.9999999999999998,64.0,0.9644229263495177,61.99999999999999,0.937993977897004,70.0,0.9999999999999994,69.0,0.9675494046255475,71.0,0.9414178477028879,32_2,32,2,natural,107.788642883,55.5965690613,0.909463205645,0,324.182203658,0.20858579874
UBFC_A1/Eval_On_COHFACE,COHFACE,old,COHFACE_s32_session2_natural,8,65.0,53.0,large_error,65.0,0.9999999999999998,64.0,0.9656944088073881,66.0,0.9009070503634377,53.0,0.9999999999999998,52.0,0.9702659698875312,54.0,0.9090037456405663,32_2,32,2,natural,107.788642883,55.5965690613,0.909463205645,0,324.182203658,0.20858579874
UBFC_A1/Eval_On_COHFACE,COHFACE,old,COHFACE_s32_session2_natural,9,66.0,67.0,correct,66.0,0.9999999999999999,65.0,0.9362622838111753,67.0,0.9209750198051543,67.0,0.9999999999999998,68.0,0.9901119690451992,66.0,0.9088028198611611,32_2,32,2,natural,107.788642883,55.5965690613,0.909463205645,0,324.182203658,0.20858579874
UBFC_A1/Eval_On_COHFACE,COHFACE,old,COHFACE_s32_session2_natural,10,66.0,67.0,correct,66.0,0.9999999999999999,67.0,0.9843980918036344,65.0,0.8817272401632411,67.0,0.9999999999999999,68.0,0.9651882526434291,66.0,0.9512269292691494,32_2,32,2,natural,107.788642883,55.5965690613,0.909463205645,0,324.182203658,0.20858579874
UBFC_A1/Eval_On_COHFACE,COHFACE,old,COHFACE_s32_session2_natural,11,66.0,66.0,correct,66.0,0.9999999999999999,65.0,0.9436632849493071,67.0,0.9436372249662981,66.0,0.9999999999999999,67.0,0.9812868734341195,65.0,0.937037233869413,32_2,32,2,natural,107.788642883,55.5965690613,0.909463205645,0,324.182203658,0.20858579874
UBFC_A1/Eval_On_COHFACE,COHFACE,old,COHFACE_s32_session2_natural,12,65.0,65.0,correct,65.0,0.9999999999999999,64.0,0.9998678910349971,63.0,0.9281068005603219,65.0,0.9999999999999998,66.0,0.9582096081423683,64.0,0.9292439375864291,32_2,32,2,natural,107.788642883,55.5965690613,0.909463205645,0,324.182203658,0.20858579874
UBFC_A1/Eval_On_COHFACE,COHFACE,old,COHFACE_s32_session2_natural,13,61.99999999999999,61.0,correct,61.99999999999999,0.9999999999999999,63.0,0.9771348263262022,61.0,0.9504808324472254,61.0,0.9999999999999998,61.99999999999999,0.9769503692164828,60.0,0.9266274840987553,32_2,32,2,natural,107.788642883,55.5965690613,0.909463205645,0,324.182203658,0.20858579874
UBFC_A1/Eval_On_COHFACE,COHFACE,old,COHFACE_s32_session2_natural,14,61.0,61.0,correct,61.0,0.9999999999999999,61.99999999999999,0.9603820553587683,60.0,0.9499066088464506,61.0,0.9999999999999998,61.99999999999999,0.9707564291154764,60.0,0.9301574202272916,32_2,32,2,natural,107.788642883,55.5965690613,0.909463205645,0,324.182203658,0.20858579874
UBFC_A1/Eval_On_COHFACE,COHFACE,old,COHFACE_s32_session2_natural,15,60.0,60.0,correct,60.0,1.0,61.0,0.9984316702168451,59.0,0.9063393744288928,60.0,0.9999999999999999,61.0,0.9997936915538876,59.0,0.9076483029047676,32_2,32,2,natural,107.788642883,55.5965690613,0.909463205645,0,324.182203658,0.20858579874
UBFC_A1/Eval_On_COHFACE,COHFACE,old,COHFACE_s32_session2_natural,16,60.0,60.0,correct,60.0,1.0,61.0,0.9805149832800591,59.0,0.9109226696134523,60.0,0.9999999999999997,61.0,0.9934917858098125,59.0,0.9328892465805119,32_2,32,2,natural,107.788642883,55.5965690613,0.909463205645,0,324.182203658,0.20858579874
UBFC_A1/Eval_On_COHFACE,COHFACE,old,COHFACE_s32_session2_natural,17,61.0,69.0,large_error,61.0,0.9999999999999999,60.0,0.9671188195004794,61.99999999999999,0.91519740075029,69.0,0.9999999999999997,70.0,0.9475642726856789,68.0,0.8978832828823217,32_2,32,2,natural,107.788642883,55.5965690613,0.909463205645,0,324.182203658,0.20858579874
UBFC_A1/Eval_On_COHFACE,COHFACE,old,COHFACE_s32_session2_natural,18,61.99999999999999,40.0,large_error,61.99999999999999,0.9999999999999999,61.0,0.9770106717450056,63.0,0.9066078190477707,40.0,0.9999999999999997,81.0,0.9120780846087336,82.0,0.9053017868515595,32_2,32,2,natural,107.788642883,55.5965690613,0.909463205645,0,324.182203658,0.20858579874
UBFC_A1/Eval_On_COHFACE,COHFACE,old,COHFACE_s32_session2_natural,19,63.0,52.0,large_error,63.0,0.9999999999999999,61.99999999999999,0.9479165253973623,64.0,0.9368720452463348,52.0,0.9999999999999997,83.0,0.995719430480125,53.0,0.9793487706127514,32_2,32,2,natural,107.788642883,55.5965690613,0.909463205645,0,324.182203658,0.20858579874
UBFC_A1/Eval_On_COHFACE,COHFACE,old,COHFACE_s32_session2_natural,20,64.0,76.0,large_error,64.0,0.9999999999999999,65.0,0.9829454736089827,63.0,0.900804122262962,76.0,0.9999999999999998,75.0,0.9646898307243095,77.0,0.9444175760015464,32_2,32,2,natural,107.788642883,55.5965690613,0.909463205645,0,324.182203658,0.20858579874
UBFC_A1/Eval_On_COHFACE,COHFACE,old,COHFACE_s32_session2_natural,21,65.0,77.0,large_error,65.0,0.9999999999999999,66.0,0.9743235264078501,64.0,0.906392110473405,77.0,0.9999999999999997,76.0,0.9948053291736675,78.0,0.9625020964547664,32_2,32,2,natural,107.788642883,55.5965690613,0.909463205645,0,324.182203658,0.20858579874
UBFC_A1/Eval_On_COHFACE,COHFACE,old,COHFACE_s32_session2_natural,22,65.0,60.0,large_error,65.0,1.0,66.0,0.9754543978050966,64.0,0.9085779227277547,60.0,0.9999999999999997,59.0,0.9738923583885291,61.0,0.9404272699760232,32_2,32,2,natural,107.788642883,55.5965690613,0.909463205645,0,324.182203658,0.20858579874
UBFC_A1/Eval_On_COHFACE,COHFACE,old,COHFACE_s32_session2_natural,23,65.0,60.0,large_error,65.0,1.0,64.0,0.9976129333984755,66.0,0.8977391641457699,60.0,0.9999999999999999,61.0,0.9497942974944458,59.0,0.9334460694530398,32_2,32,2,natural,107.788642883,55.5965690613,0.909463205645,0,324.182203658,0.20858579874
UBFC_A1/Eval_On_COHFACE,COHFACE,old,COHFACE_s32_session2_natural,24,63.0,68.0,large_error,63.0,0.9999999999999999,61.99999999999999,0.9713028553045403,64.0,0.929566505151949,68.0,0.9999999999999998,67.0,0.9783175061365457,69.0,0.9070655052105417,32_2,32,2,natural,107.788642883,55.5965690613,0.909463205645,0,324.182203658,0.20858579874
UBFC_A1/Eval_On_COHFACE,COHFACE,old,COHFACE_s32_session2_natural,25,60.0,68.0,large_error,60.0,0.9999999999999999,61.0,0.9797715547764192,59.0,0.9409461502107537,68.0,0.9999999999999999,69.0,0.9714534474709688,67.0,0.9248967506602482,32_2,32,2,natural,107.788642883,55.5965690613,0.909463205645,0,324.182203658,0.20858579874
UBFC_A1/Eval_On_COHFACE,COHFACE,old,COHFACE_s32_session2_natural,26,58.0,68.0,large_error,58.0,1.0,57.0,0.958512673083992,59.0,0.9544805980197182,68.0,0.9999999999999998,67.0,0.9754410606680042,69.0,0.918805316619121,32_2,32,2,natural,107.788642883,55.5965690613,0.909463205645,0,324.182203658,0.20858579874
UBFC_A1/Eval_On_COHFACE,COHFACE,old,COHFACE_s32_session2_natural,27,57.0,65.0,large_error,57.0,1.0,56.0,0.992628996306834,58.0,0.9052845226589187,65.0,0.9999999999999998,66.0,0.9884444555579599,54.0,0.8948193253011928,32_2,32,2,natural,107.788642883,55.5965690613,0.909463205645,0,324.182203658,0.20858579874
UBFC_A1/Eval_On_COHFACE,COHFACE,old,COHFACE_s32_session2_natural,28,56.0,54.0,correct,56.0,1.0,55.0,0.9693788319733854,57.0,0.9263984828066605,54.0,0.9999999999999998,55.0,0.9850383075068105,53.0,0.8831384807301698,32_2,32,2,natural,107.788642883,55.5965690613,0.909463205645,0,324.182203658,0.20858579874
UBFC_A1/Eval_On_COHFACE,COHFACE,old,COHFACE_s32_session2_natural,29,56.0,76.0,super_harmonic_1p5x,56.0,1.0,55.0,0.9545247988108287,57.0,0.952668028058384,76.0,0.9999999999999998,77.0,0.9638646191371241,75.0,0.8781283877124099,32_2,32,2,natural,107.788642883,55.5965690613,0.909463205645,0,324.182203658,0.20858579874
UBFC_A1/Eval_On_COHFACE,COHFACE,old,COHFACE_s32_session2_natural,30,58.0,40.0,large_error,58.0,0.9999999999999999,57.0,0.9917921109713008,59.0,0.9188065337614156,40.0,0.9999999999999998,41.0,0.775291876000101,59.0,0.77333285039236,32_2,32,2,natural,107.788642883,55.5965690613,0.909463205645,0,324.182203658,0.20858579874
UBFC_A1/Eval_On_COHFACE,COHFACE,old,COHFACE_s32_session2_natural,31,60.0,40.0,large_error,60.0,0.9999999999999998,61.0,0.9711265279283918,59.0,0.9547101513543502,40.0,0.9999999999999993,63.0,0.8568169536933472,61.99999999999999,0.8556729130677223,32_2,32,2,natural,107.788642883,55.5965690613,0.909463205645,0,324.182203658,0.20858579874
UBFC_A1/Eval_On_COHFACE,COHFACE,old,COHFACE_s32_session2_natural,32,64.0,81.0,super_harmonic_1p5x,64.0,0.9999999999999998,65.0,0.949283754222697,63.0,0.9289720343171186,81.0,0.9999999999999996,82.0,0.9482211286953358,80.0,0.9208001122059446,32_2,32,2,natural,107.788642883,55.5965690613,0.909463205645,0,324.182203658,0.20858579874
UBFC_A1/Eval_On_COHFACE,COHFACE,old,COHFACE_s32_session2_natural,33,66.0,81.0,large_error,66.0,0.9999999999999999,67.0,0.9678525458090759,65.0,0.8886401745169158,81.0,0.9999999999999997,80.0,0.9639134274031727,82.0,0.889123463761223,32_2,32,2,natural,107.788642883,55.5965690613,0.909463205645,0,324.182203658,0.20858579874
UBFC_A1/Eval_On_COHFACE,COHFACE,old,COHFACE_s32_session2_natural,34,67.0,82.0,large_error,67.0,0.9999999999999999,68.0,0.9521224605832344,66.0,0.914374658429245,82.0,0.9999999999999996,68.0,0.9749132752416761,81.0,0.9641997857261658,32_2,32,2,natural,107.788642883,55.5965690613,0.909463205645,0,324.182203658,0.20858579874
UBFC_A1/Eval_On_COHFACE,COHFACE,old,COHFACE_s32_session2_natural,35,67.0,45.0,large_error,67.0,0.9999999999999999,66.0,0.9544476207449322,68.0,0.9269595781129024,45.0,0.9999999999999999,44.0,0.9869593643490205,46.0,0.9015246985554972,32_2,32,2,natural,107.788642883,55.5965690613,0.909463205645,0,324.182203658,0.20858579874
UBFC_A1/Eval_On_COHFACE,COHFACE,old,COHFACE_s32_session2_natural,36,66.0,86.0,super_harmonic_1p5x,66.0,0.9999999999999999,65.0,0.9851566166229131,67.0,0.9242732154261946,86.0,0.9999999999999997,87.0,0.9753034093045438,85.0,0.9637227880480407,32_2,32,2,natural,107.788642883,55.5965690613,0.909463205645,0,324.182203658,0.20858579874
UBFC_A1/Eval_On_COHFACE,COHFACE,old,COHFACE_s32_session2_natural,37,63.0,60.0,correct,63.0,0.9999999999999999,64.0,0.9817981588256288,61.99999999999999,0.9551288458073872,60.0,0.9999999999999998,87.0,0.989300518205678,61.0,0.9750880559524803,32_2,32,2,natural,107.788642883,55.5965690613,0.909463205645,0,324.182203658,0.20858579874
UBFC_A1/Eval_On_COHFACE,COHFACE,old,COHFACE_s32_session2_natural,38,61.99999999999999,61.99999999999999,correct,61.99999999999999,1.0,61.0,0.9719977628734465,63.0,0.9311360266899555,61.99999999999999,0.9999999999999998,61.0,0.9810463205034751,63.0,0.9125498616997751,32_2,32,2,natural,107.788642883,55.5965690613,0.909463205645,0,324.182203658,0.20858579874
UBFC_A1/Eval_On_COHFACE,COHFACE,old,COHFACE_s32_session2_natural,39,61.0,60.0,correct,61.0,1.0,61.99999999999999,0.9826157924470956,60.0,0.9019475256526184,60.0,0.9999999999999999,59.0,0.9549832688275389,61.0,0.9239184957007845,32_2,32,2,natural,107.788642883,55.5965690613,0.909463205645,0,324.182203658,0.20858579874
UBFC_A1/Eval_On_COHFACE,COHFACE,old,COHFACE_s32_session2_natural,40,61.0,60.0,correct,61.0,1.0,61.99999999999999,0.9662734749845576,60.0,0.911498180414017,60.0,0.9999999999999999,59.0,0.9877248943455731,61.0,0.9140646596440289,32_2,32,2,natural,107.788642883,55.5965690613,0.909463205645,0,324.182203658,0.20858579874
UBFC_A1/Eval_On_COHFACE,COHFACE,old,COHFACE_s32_session2_natural,41,61.0,61.99999999999999,correct,61.0,1.0,61.99999999999999,0.9985484610505111,60.0,0.8826607291496937,61.99999999999999,0.9999999999999999,61.0,0.9892811275693794,63.0,0.9307644679228692,32_2,32,2,natural,107.788642883,55.5965690613,0.909463205645,0,324.182203658,0.20858579874
UBFC_A1/Eval_On_COHFACE,COHFACE,old,COHFACE_s32_session2_natural,42,61.99999999999999,61.0,correct,61.99999999999999,1.0,63.0,0.9451795969052386,61.0,0.9450834524110162,61.0,0.9999999999999999,60.0,0.9900432637779231,61.99999999999999,0.9000318680405919,32_2,32,2,natural,107.788642883,55.5965690613,0.909463205645,0,324.182203658,0.20858579874
UBFC_A1/Eval_On_COHFACE,COHFACE,old,COHFACE_s32_session2_natural,43,61.99999999999999,61.0,correct,61.99999999999999,1.0,63.0,0.9941444177062401,61.0,0.9076490146680297,61.0,0.9999999999999998,61.99999999999999,0.9844146618277404,60.0,0.9143057371568619,32_2,32,2,natural,107.788642883,55.5965690613,0.909463205645,0,324.182203658,0.20858579874
UBFC_A1/Eval_On_COHFACE,COHFACE,old,COHFACE_s32_session2_natural,44,63.0,61.0,correct,63.0,1.0,61.99999999999999,0.9939044757258335,64.0,0.9126798948846873,61.0,0.9999999999999998,61.99999999999999,0.9609511943432797,60.0,0.9200628834607534,32_2,32,2,natural,107.788642883,55.5965690613,0.909463205645,0,324.182203658,0.20858579874
UBFC_A1/Eval_On_COHFACE,COHFACE,old,COHFACE_s32_session2_natural,45,63.0,61.99999999999999,correct,63.0,1.0,64.0,0.9534508525130223,61.99999999999999,0.9417944828970432,61.99999999999999,0.9999999999999998,63.0,0.9676570617555504,61.0,0.9160511621453551,32_2,32,2,natural,107.788642883,55.5965690613,0.909463205645,0,324.182203658,0.20858579874
UBFC_A1/Eval_On_COHFACE,COHFACE,old,COHFACE_s32_session2_natural,46,64.0,74.0,large_error,64.0,1.0,65.0,0.9404201718913864,63.0,0.9315002219972951,74.0,0.9999999999999998,75.0,0.9929881490780489,73.0,0.8727835221142326,32_2,32,2,natural,107.788642883,55.5965690613,0.909463205645,0,324.182203658,0.20858579874
UBFC_A1/Eval_On_COHFACE,COHFACE,old,COHFACE_s32_session2_natural,47,65.0,71.0,large_error,65.0,1.0,64.0,0.9881160789166605,66.0,0.8863670747016081,71.0,0.9999999999999999,72.0,0.9770853081511384,70.0,0.9759065993440262,32_2,32,2,natural,107.788642883,55.5965690613,0.909463205645,0,324.182203658,0.20858579874
UBFC_A1/Eval_On_COHFACE,COHFACE,old,COHFACE_s32_session2_natural,48,65.0,71.0,large_error,65.0,1.0,64.0,0.9943168161589921,66.0,0.890559065712105,71.0,0.9999999999999999,70.0,0.968922591051172,72.0,0.9592044589589921,32_2,32,2,natural,107.788642883,55.5965690613,0.909463205645,0,324.182203658,0.20858579874
UBFC_A1/Eval_On_COHFACE,COHFACE,old,COHFACE_s32_session2_natural,49,64.0,74.0,large_error,64.0,1.0,65.0,0.9498149577278922,63.0,0.942651474513083,74.0,0.9999999999999999,73.0,0.9876326665260472,75.0,0.9132633238646365,32_2,32,2,natural,107.788642883,55.5965690613,0.909463205645,0,324.182203658,0.20858579874
UBFC_A1/Eval_On_COHFACE,COHFACE,old,COHFACE_s32_session2_natural,50,63.0,74.0,large_error,63.0,1.0,64.0,0.968341844391268,61.99999999999999,0.9392767909326164,74.0,0.9999999999999999,75.0,0.9929985253975347,73.0,0.9303380293534411,32_2,32,2,natural,107.788642883,55.5965690613,0.909463205645,0,324.182203658,0.20858579874
UBFC_A1/Eval_On_COHFACE,COHFACE,old,COHFACE_s32_session3_natural,0,63.0,60.0,correct,63.0,1.0,61.99999999999999,0.9795757889716824,64.0,0.9089153957652898,60.0,0.9999999999999999,61.0,0.9704101680098692,59.0,0.9208948791171546,32_3,32,3,natural,109.887489319,56.9916038513,0.329924552671,0,320.530628122,0.231029465795
UBFC_A1/Eval_On_COHFACE,COHFACE,old,COHFACE_s32_session3_natural,1,61.99999999999999,60.0,correct,61.99999999999999,1.0,61.0,0.993511358817151,63.0,0.9123637678173779,60.0,1.0,59.0,0.9853749876316744,61.0,0.9181369546176718,32_3,32,3,natural,109.887489319,56.9916038513,0.329924552671,0,320.530628122,0.231029465795
UBFC_A1/Eval_On_COHFACE,COHFACE,old,COHFACE_s32_session3_natural,2,61.0,59.0,correct,61.0,1.0,60.0,0.9804404254478152,61.99999999999999,0.9237692556545142,59.0,1.0,60.0,0.9802240904648267,58.0,0.9271967907587643,32_3,32,3,natural,109.887489319,56.9916038513,0.329924552671,0,320.530628122,0.231029465795
UBFC_A1/Eval_On_COHFACE,COHFACE,old,COHFACE_s32_session3_natural,3,60.0,60.0,correct,60.0,1.0,61.0,0.9904513147043529,59.0,0.9080260163977802,60.0,0.9999999999999998,59.0,0.9828287420321531,61.0,0.9620371331985198,32_3,32,3,natural,109.887489319,56.9916038513,0.329924552671,0,320.530628122,0.231029465795
UBFC_A1/Eval_On_COHFACE,COHFACE,old,COHFACE_s32_session3_natural,4,61.0,63.0,correct,61.0,1.0,60.0,0.956308190354342,61.99999999999999,0.9247621909325024,63.0,0.9999999999999999,64.0,0.9973313217796957,61.99999999999999,0.9287290022308506,32_3,32,3,natural,109.887489319,56.9916038513,0.329924552671,0,320.530628122,0.231029465795
UBFC_A1/Eval_On_COHFACE,COHFACE,old,COHFACE_s32_session3_natural,5,61.99999999999999,61.99999999999999,correct,61.99999999999999,1.0,61.0,0.9585435781789675,63.0,0.9003314808028007,61.99999999999999,0.9999999999999999,61.0,0.9737737013234925,63.0,0.9003926946713207,32_3,32,3,natural,109.887489319,56.9916038513,0.329924552671,0,320.530628122,0.231029465795
UBFC_A1/Eval_On_COHFACE,COHFACE,old,COHFACE_s32_session3_natural,6,63.0,63.0,correct,63.0,1.0,61.99999999999999,0.9993438391883865,64.0,0.865678334706771,63.0,0.9999999999999998,64.0,0.9783522409488088,61.99999999999999,0.8819208150497385,32_3,32,3,natural,109.887489319,56.9916038513,0.329924552671,0,320.530628122,0.231029465795
UBFC_A1/Eval_On_COHFACE,COHFACE,old,COHFACE_s32_session3_natural,7,63.0,63.0,correct,63.0,1.0,61.99999999999999,0.9600456893574479,64.0,0.915987502060084,63.0,0.9999999999999998,61.99999999999999,0.9834204583434484,64.0,0.8937040953215342,32_3,32,3,natural,109.887489319,56.9916038513,0.329924552671,0,320.530628122,0.231029465795
UBFC_A1/Eval_On_COHFACE,COHFACE,old,COHFACE_s32_session3_natural,8,63.0,43.0,large_error,63.0,1.0,61.99999999999999,0.9828399053541382,64.0,0.910359237993658,43.0,0.9999999999999999,44.0,0.9848967294138852,42.0,0.9102327694381976,32_3,32,3,natural,109.887489319,56.9916038513,0.329924552671,0,320.530628122,0.231029465795
UBFC_A1/Eval_On_COHFACE,COHFACE,old,COHFACE_s32_session3_natural,9,61.99999999999999,61.0,correct,61.99999999999999,1.0,63.0,0.9619316798982762,61.0,0.9427612650026117,61.0,0.9999999999999998,61.99999999999999,0.9488953190373934,60.0,0.9483533364469967,32_3,32,3,natural,109.887489319,56.9916038513,0.329924552671,0,320.530628122,0.231029465795
UBFC_A1/Eval_On_COHFACE,COHFACE,old,COHFACE_s32_session3_natural,10,61.99999999999999,60.0,correct,61.99999999999999,1.0,61.0,0.9916246264527356,63.0,0.9160510749289994,60.0,0.9999999999999998,61.0,0.98972212916022,59.0,0.8928564440744501,32_3,32,3,natural,109.887489319,56.9916038513,0.329924552671,0,320.530628122,0.231029465795
UBFC_A1/Eval_On_COHFACE,COHFACE,old,COHFACE_s32_session3_natural,11,61.99999999999999,64.0,correct,61.99999999999999,1.0,61.0,0.9980946850297046,63.0,0.9068073640798531,64.0,0.9999999999999999,65.0,0.9759283058589261,63.0,0.9345073799693671,32_3,32,3,natural,109.887489319,56.9916038513,0.329924552671,0,320.530628122,0.231029465795
UBFC_A1/Eval_On_COHFACE,COHFACE,old,COHFACE_s32_session3_natural,12,61.99999999999999,65.0,correct,61.99999999999999,1.0,63.0,0.9551452582081614,61.0,0.9444026583243883,65.0,0.9999999999999998,64.0,0.9794526342206774,66.0,0.908891959730178,32_3,32,3,natural,109.887489319,56.9916038513,0.329924552671,0,320.530628122,0.231029465795
UBFC_A1/Eval_On_COHFACE,COHFACE,old,COHFACE_s32_session3_natural,13,63.0,64.0,correct,63.0,0.9999999999999999,64.0,0.9744799708850299,61.99999999999999,0.9131020623105801,64.0,0.9999999999999999,65.0,0.9843003524430668,63.0,0.9211019251770954,32_3,32,3,natural,109.887489319,56.9916038513,0.329924552671,0,320.530628122,0.231029465795
UBFC_A1/Eval_On_COHFACE,COHFACE,old,COHFACE_s32_session3_natural,14,65.0,67.0,correct,65.0,0.9999999999999999,64.0,0.9850520641902244,66.0,0.8916571824956212,67.0,0.9999999999999999,68.0,0.9980621707860351,66.0,0.8918374560281978,32_3,32,3,natural,109.887489319,56.9916038513,0.329924552671,0,320.530628122,0.231029465795
UBFC_A1/Eval_On_COHFACE,COHFACE,old,COHFACE_s32_session3_natural,15,65.0,67.0,correct,65.0,1.0,66.0,0.9859885443246519,64.0,0.8890523157431877,67.0,0.9999999999999998,66.0,0.9584489098969365,68.0,0.9402374955309163,32_3,32,3,natural,109.887489319,56.9916038513,0.329924552671,0,320.530628122,0.231029465795
UBFC_A1/Eval_On_COHFACE,COHFACE,old,COHFACE_s32_session3_natural,16,65.0,66.0,correct,65.0,1.0,66.0,0.965962622598561,64.0,0.9165455347453725,66.0,0.9999999999999998,67.0,0.9831626038035318,65.0,0.9047437223817363,32_3,32,3,natural,109.887489319,56.9916038513,0.329924552671,0,320.530628122,0.231029465795
UBFC_A1/Eval_On_COHFACE,COHFACE,old,COHFACE_s32_session3_natural,17,64.0,60.0,large_error,64.0,1.0,65.0,0.9559806349624236,63.0,0.9365898275427824,60.0,0.9999999999999999,61.0,0.9925912735466197,59.0,0.9247135923491208,32_3,32,3,natural,109.887489319,56.9916038513,0.329924552671,0,320.530628122,0.231029465795
UBFC_A1/Eval_On_COHFACE,COHFACE,old,COHFACE_s32_session3_natural,18,61.99999999999999,60.0,correct,61.99999999999999,1.0,63.0,0.9890895499108422,61.0,0.9192511419106468,60.0,0.9999999999999999,61.0,0.9880730764873732,59.0,0.9332494860963682,32_3,32,3,natural,109.887489319,56.9916038513,0.329924552671,0,320.530628122,0.231029465795
UBFC_A1/Eval_On_COHFACE,COHFACE,old,COHFACE_s32_session3_natural,19,61.0,59.0,correct,61.0,1.0,60.0,0.9950305577685714,61.99999999999999,0.9134573840275336,59.0,0.9999999999999998,58.0,0.9895942374503479,60.0,0.937543428357921,32_3,32,3,natural,109.887489319,56.9916038513,0.329924552671,0,320.530628122,0.231029465795
UBFC_A1/Eval_On_COHFACE,COHFACE,old,COHFACE_s32_session3_natural,20,59.0,58.0,correct,59.0,1.0,60.0,0.9586956453316927,58.0,0.9498277114579157,58.0,0.9999999999999999,59.0,0.9575393386938384,57.0,0.944076633960674,32_3,32,3,natural,109.887489319,56.9916038513,0.329924552671,0,320.530628122,0.231029465795
UBFC_A1/Eval_On_COHFACE,COHFACE,old,COHFACE_s32_session3_natural,21,58.0,57.0,correct,58.0,1.0,59.0,0.9735867974727775,57.0,0.9305598217199597,57.0,0.9999999999999999,58.0,0.9774895282695121,56.0,0.9196549916745596,32_3,32,3,natural,109.887489319,56.9916038513,0.329924552671,0,320.530628122,0.231029465795
UBFC_A1/Eval_On_COHFACE,COHFACE,old,COHFACE_s32_session3_natural,22,58.0,59.0,correct,58.0,1.0,59.0,0.9972761360559209,57.0,0.9026863711980887,59.0,0.9999999999999998,58.0,0.9829844280036536,60.0,0.9031415274134108,32_3,32,3,natural,109.887489319,56.9916038513,0.329924552671,0,320.530628122,0.231029465795
UBFC_A1/Eval_On_COHFACE,COHFACE,old,COHFACE_s32_session3_natural,23,60.0,43.0,large_error,60.0,0.9999999999999999,59.0,0.9516727408930865,61.0,0.9382215241918069,43.0,0.9999999999999994,42.0,0.9952390453235171,72.0,0.948033419122264,32_3,32,3,natural,109.887489319,56.9916038513,0.329924552671,0,320.530628122,0.231029465795
UBFC_A1/Eval_On_COHFACE,COHFACE,old,COHFACE_s32_session3_natural,24,63.0,65.0,correct,63.0,0.9999999999999999,61.99999999999999,0.9862663999569425,64.0,0.8995733188466951,65.0,0.9999999999999992,66.0,0.9708594171944166,82.0,0.9457979664635932,32_3,32,3,natural,109.887489319,56.9916038513,0.329924552671,0,320.530628122,0.231029465795
UBFC_A1/Eval_On_COHFACE,COHFACE,old,COHFACE_s32_session3_natural,25,65.0,68.0,correct,65.0,0.9999999999999999,64.0,0.9406861536039838,66.0,0.9399675515888763,68.0,0.9999999999999999,67.0,0.984557135298583,69.0,0.9093659747458721,32_3,32,3,natural,109.887489319,56.9916038513,0.329924552671,0,320.530628122,0.231029465795
UBFC_A1/Eval_On_COHFACE,COHFACE,old,COHFACE_s32_session3_natural,26,67.0,68.0,correct,67.0,0.9999999999999999,66.0,0.9910852391390228,68.0,0.8971761560629771,68.0,0.9999999999999997,67.0,0.9974283472765618,69.0,0.9470185163454601,32_3,32,3,natural,109.887489319,56.9916038513,0.329924552671,0,320.530628122,0.231029465795
UBFC_A1/Eval_On_COHFACE,COHFACE,old,COHFACE_s32_session3_natural,27,67.0,66.0,correct,67.0,0.9999999999999999,68.0,0.9744479764013003,66.0,0.9172898199938302,66.0,0.9999999999999997,67.0,0.9911485595124943,65.0,0.9507528611837966,32_3,32,3,natural,109.887489319,56.9916038513,0.329924552671,0,320.530628122,0.231029465795
UBFC_A1/Eval_On_COHFACE,COHFACE,old,COHFACE_s32_session3_natural,28,67.0,67.0,correct,67.0,0.9999999999999999,68.0,0.9560348301829823,66.0,0.945243306587844,67.0,0.9999999999999996,66.0,0.9982724030253838,68.0,0.9568674743361887,32_3,32,3,natural,109.887489319,56.9916038513,0.329924552671,0,320.530628122,0.231029465795
UBFC_A1/Eval_On_COHFACE,COHFACE,old,COHFACE_s32_session3_natural,29,66.0,67.0,correct,66.0,0.9999999999999999,67.0,0.9753210473859003,65.0,0.920306598295687,67.0,0.9999999999999997,68.0,0.9749846005198339,66.0,0.8818339643461667,32_3,32,3,natural,109.887489319,56.9916038513,0.329924552671,0,320.530628122,0.231029465795
UBFC_A1/Eval_On_COHFACE,COHFACE,old,COHFACE_s32_session3_natural,30,65.0,66.0,correct,65.0,0.9999999999999999,66.0,0.9940947834660011,64.0,0.8894248877202177,66.0,0.9999999999999994,65.0,0.982413926414078,55.0,0.8993591892902977,32_3,32,3,natural,109.887489319,56.9916038513,0.329924552671,0,320.530628122,0.231029465795
UBFC_A1/Eval_On_COHFACE,COHFACE,old,COHFACE_s32_session3_natural,31,65.0,54.0,large_error,65.0,0.9999999999999999,64.0,0.9437373566050452,66.0,0.9261469316990233,54.0,0.9999999999999998,55.0,0.9662031097639333,53.0,0.9185593569746504,32_3,32,3,natural,109.887489319,56.9916038513,0.329924552671,0,320.530628122,0.231029465795
UBFC_A1/Eval_On_COHFACE,COHFACE,old,COHFACE_s32_session3_natural,32,65.0,66.0,correct,65.0,0.9999999999999999,66.0,0.9388685393628398,64.0,0.9357257382639909,66.0,0.9999999999999997,67.0,0.9692492438083021,65.0,0.9483153383370936,32_3,32,3,natural,109.887489319,56.9916038513,0.329924552671,0,320.530628122,0.231029465795
UBFC_A1/Eval_On_COHFACE,COHFACE,old,COHFACE_s32_session3_natural,33,65.0,68.0,correct,65.0,0.9999999999999999,66.0,0.9630529939348836,64.0,0.915281867418198,68.0,0.9999999999999998,67.0,0.9704494666764578,69.0,0.9396117724163154,32_3,32,3,natural,109.887489319,56.9916038513,0.329924552671,0,320.530628122,0.231029465795
UBFC_A1/Eval_On_COHFACE,COHFACE,old,COHFACE_s32_session3_natural,34,65.0,49.0,large_error,65.0,1.0,64.0,0.956357002512776,66.0,0.9324499741538901,49.0,0.9999999999999998,48.0,0.9648901560948044,50.0,0.9367839658946572,32_3,32,3,natural,109.887489319,56.9916038513,0.329924552671,0,320.530628122,0.231029465795
UBFC_A1/Eval_On_COHFACE,COHFACE,old,COHFACE_s32_session3_natural,35,64.0,50.0,large_error,64.0,1.0,63.0,0.9584568423857539,65.0,0.9414421513845975,50.0,0.9999999999999999,51.0,0.9821166395079971,49.0,0.9135306619733742,32_3,32,3,natural,109.887489319,56.9916038513,0.329924552671,0,320.530628122,0.231029465795
UBFC_A1/Eval_On_COHFACE,COHFACE,old,COHFACE_s32_session3_natural,36,63.0,65.0,correct,63.0,1.0,61.99999999999999,0.986596577004532,64.0,0.9187715522014465,65.0,0.9999999999999998,64.0,0.9812480500087998,66.0,0.9330053629062144,32_3,32,3,natural,109.887489319,56.9916038513,0.329924552671,0,320.530628122,0.231029465795
UBFC_A1/Eval_On_COHFACE,COHFACE,old,COHFACE_s32_session3_natural,37,61.99999999999999,65.0,correct,61.99999999999999,1.0,61.0,0.9989976634977588,60.0,0.904819477958588,65.0,0.9999999999999998,64.0,0.9610181647052584,66.0,0.9514098590810387,32_3,32,3,natural,109.887489319,56.9916038513,0.329924552671,0,320.530628122,0.231029465795
UBFC_A1/Eval_On_COHFACE,COHFACE,old,COHFACE_s32_session3_natural,38,61.0,43.0,large_error,61.0,1.0,60.0,0.9598772492307923,61.99999999999999,0.941918642306897,43.0,0.9999999999999999,42.0,0.9398538509505157,60.0,0.9344613422704864,32_3,32,3,natural,109.887489319,56.9916038513,0.329924552671,0,320.530628122,0.231029465795
UBFC_A1/Eval_On_COHFACE,COHFACE,old,COHFACE_s32_session3_natural,39,61.0,43.0,large_error,61.0,1.0,61.99999999999999,0.968315624456248,60.0,0.930871874313667,43.0,0.9999999999999998,42.0,0.9578575372170594,44.0,0.9353450396420666,32_3,32,3,natural,109.887489319,56.9916038513,0.329924552671,0,320.530628122,0.231029465795
UBFC_A1/Eval_On_COHFACE,COHFACE,old,COHFACE_s32_session3_natural,40,61.99999999999999,43.0,large_error,61.99999999999999,0.9999999999999999,63.0,0.9705599781353503,61.0,0.9089912134793948,43.0,0.9999999999999998,44.0,0.9903588170678038,75.0,0.9846582610476791,32_3,32,3,natural,109.887489319,56.9916038513,0.329924552671,0,320.530628122,0.231029465795
UBFC_A1/Eval_On_COHFACE,COHFACE,old,COHFACE_s32_session3_natural,41,64.0,44.0,large_error,64.0,0.9999999999999999,63.0,0.9665203852745717,65.0,0.9015774285337007,44.0,0.9999999999999999,75.0,0.9746366495382337,43.0,0.947764763412421,32_3,32,3,natural,109.887489319,56.9916038513,0.329924552671,0,320.530628122,0.231029465795
UBFC_A1/Eval_On_COHFACE,COHFACE,old,COHFACE_s32_session3_natural,42,65.0,67.0,correct,65.0,0.9999999999999999,66.0,0.9548259592386968,64.0,0.9225079807972293,67.0,0.9999999999999998,66.0,0.9812060739727552,68.0,0.945570644192215,32_3,32,3,natural,109.887489319,56.9916038513,0.329924552671,0,320.530628122,0.231029465795
UBFC_A1/Eval_On_COHFACE,COHFACE,old,COHFACE_s32_session3_natural,43,66.0,65.0,correct,66.0,1.0,65.0,0.9850591266307329,67.0,0.9051620806746824,65.0,0.9999999999999998,66.0,0.9781414039176526,64.0,0.9352579418343309,32_3,32,3,natural,109.887489319,56.9916038513,0.329924552671,0,320.530628122,0.231029465795
UBFC_A1/Eval_On_COHFACE,COHFACE,old,COHFACE_s32_session3_natural,44,65.0,66.0,correct,65.0,1.0,64.0,0.9697185125706098,66.0,0.9281420146222253,66.0,0.9999999999999999,65.0,0.9575465344298478,67.0,0.9447590111073328,32_3,32,3,natural,109.887489319,56.9916038513,0.329924552671,0,320.530628122,0.231029465795
UBFC_A1/Eval_On_COHFACE,COHFACE,old,COHFACE_s32_session3_natural,45,63.0,65.0,correct,63.0,1.0,61.99999999999999,0.9627595529900104,64.0,0.9443996777470758,65.0,0.9999999999999998,64.0,0.9635605197825392,66.0,0.9490617925088762,32_3,32,3,natural,109.887489319,56.9916038513,0.329924552671,0,320.530628122,0.231029465795
UBFC_A1/Eval_On_COHFACE,COHFACE,old,COHFACE_s32_session3_natural,46,61.0,64.0,correct,61.0,1.0,61.99999999999999,0.9568351731566974,60.0,0.9534317537757768,64.0,0.9999999999999999,63.0,0.9783704788303316,65.0,0.9525862820040927,32_3,32,3,natural,109.887489319,56.9916038513,0.329924552671,0,320.530628122,0.231029465795
UBFC_A1/Eval_On_COHFACE,COHFACE,old,COHFACE_s32_session3_natural,47,59.0,64.0,large_error,59.0,1.0,60.0,0.9731685193371973,58.0,0.9438788637837681,64.0,0.9999999999999997,65.0,0.9932476570700324,63.0,0.9768499284858913,32_3,32,3,natural,109.887489319,56.9916038513,0.329924552671,0,320.530628122,0.231029465795
UBFC_A1/Eval_On_COHFACE,COHFACE,old,COHFACE_s32_session3_natural,48,58.0,68.0,large_error,58.0,1.0,57.0,0.9651352887250326,59.0,0.9438977770330168,68.0,0.9999999999999997,69.0,0.9944916677156547,67.0,0.8951503619123553,32_3,32,3,natural,109.887489319,56.9916038513,0.329924552671,0,320.530628122,0.231029465795
UBFC_A1/Eval_On_COHFACE,COHFACE,old,COHFACE_s32_session3_natural,49,57.0,69.0,large_error,57.0,1.0,58.0,0.9872944303015277,56.0,0.9182424614016949,69.0,0.9999999999999998,68.0,0.9892174219418248,70.0,0.8917407438886831,32_3,32,3,natural,109.887489319,56.9916038513,0.329924552671,0,320.530628122,0.231029465795
UBFC_A1/Eval_On_COHFACE,COHFACE,old,COHFACE_s32_session3_natural,50,58.0,68.0,large_error,58.0,1.0,57.0,0.9716108592082099,59.0,0.9288746572902173,68.0,0.9999999999999998,69.0,0.9578774946222037,67.0,0.920696223273186,32_3,32,3,natural,109.887489319,56.9916038513,0.329924552671,0,320.530628122,0.231029465795
UBFC_A1/Eval_On_COHFACE,COHFACE,old,COHFACE_s33_session0_lamp,0,76.0,92.0,large_error,76.0,0.9999999999999999,77.0,0.9733847473124728,75.0,0.9547418008488423,92.0,0.9999999999999997,91.0,0.9889002006255869,93.0,0.937570467295773,33_0,33,0,lamp,94.1512832642,50.2418861389,9.02593512284,0,238.134589124,0.288667529821
UBFC_A1/Eval_On_COHFACE,COHFACE,old,COHFACE_s33_session0_lamp,1,75.0,91.0,large_error,75.0,0.9999999999999998,76.0,0.9932158634266535,74.0,0.8975321674837181,91.0,0.9999999999999997,90.0,0.9612681624338753,92.0,0.9484390397412982,33_0,33,0,lamp,94.1512832642,50.2418861389,9.02593512284,0,238.134589124,0.288667529821
UBFC_A1/Eval_On_COHFACE,COHFACE,old,COHFACE_s33_session0_lamp,2,76.0,66.0,large_error,76.0,0.9999999999999998,75.0,0.9655215064534528,77.0,0.9181323920304064,66.0,0.9999999999999998,67.0,0.9548836340625922,48.0,0.9234389318783426,33_0,33,0,lamp,94.1512832642,50.2418861389,9.02593512284,0,238.134589124,0.288667529821
UBFC_A1/Eval_On_COHFACE,COHFACE,old,COHFACE_s33_session0_lamp,3,76.0,44.0,sub_harmonic_half,76.0,0.9999999999999998,77.0,0.9793447269102599,75.0,0.9065125667907064,44.0,0.9999999999999997,45.0,0.9799159127516816,43.0,0.9158084770022401,33_0,33,0,lamp,94.1512832642,50.2418861389,9.02593512284,0,238.134589124,0.288667529821
UBFC_A1/Eval_On_COHFACE,COHFACE,old,COHFACE_s33_session0_lamp,4,76.0,47.0,large_error,76.0,0.9999999999999999,77.0,0.9825130990096226,75.0,0.8999691385910049,47.0,0.9999999999999998,46.0,0.982476713498436,48.0,0.9135589749621575,33_0,33,0,lamp,94.1512832642,50.2418861389,9.02593512284,0,238.134589124,0.288667529821
UBFC_A1/Eval_On_COHFACE,COHFACE,old,COHFACE_s33_session0_lamp,5,75.0,44.0,sub_harmonic_half,75.0,0.9999999999999998,76.0,0.9928537268347818,74.0,0.8926078448529066,44.0,0.9999999999999998,45.0,0.984833784479491,43.0,0.929908993470099,33_0,33,0,lamp,94.1512832642,50.2418861389,9.02593512284,0,238.134589124,0.288667529821
UBFC_A1/Eval_On_COHFACE,COHFACE,old,COHFACE_s33_session0_lamp,6,75.0,45.0,large_error,75.0,0.9999999999999998,74.0,0.9698339764989213,76.0,0.9210005508086225,45.0,0.9999999999999998,46.0,0.9855998871993599,44.0,0.9513916150043271,33_0,33,0,lamp,94.1512832642,50.2418861389,9.02593512284,0,238.134589124,0.288667529821
UBFC_A1/Eval_On_COHFACE,COHFACE,old,COHFACE_s33_session0_lamp,7,73.0,44.0,large_error,73.0,0.9999999999999998,72.0,0.9450060782276174,74.0,0.9430107340063807,44.0,0.9999999999999997,45.0,0.9498910716600234,43.0,0.9371613282010355,33_0,33,0,lamp,94.1512832642,50.2418861389,9.02593512284,0,238.134589124,0.288667529821
UBFC_A1/Eval_On_COHFACE,COHFACE,old,COHFACE_s33_session0_lamp,8,71.0,51.0,large_error,71.0,0.9999999999999998,70.0,0.9879973452787448,72.0,0.9207070874967832,51.0,0.9999999999999998,52.0,0.9390804845495471,50.0,0.9181796646089108,33_0,33,0,lamp,94.1512832642,50.2418861389,9.02593512284,0,238.134589124,0.288667529821
UBFC_A1/Eval_On_COHFACE,COHFACE,old,COHFACE_s33_session0_lamp,9,69.0,89.0,super_harmonic_1p5x,69.0,0.9999999999999999,70.0,0.9859295410004509,68.0,0.9117747282039741,89.0,0.9999999999999996,88.0,0.9852426950086206,90.0,0.8908879531576084,33_0,33,0,lamp,94.1512832642,50.2418861389,9.02593512284,0,238.134589124,0.288667529821
UBFC_A1/Eval_On_COHFACE,COHFACE,old,COHFACE_s33_session0_lamp,10,69.0,87.0,super_harmonic_1p5x,69.0,0.9999999999999999,70.0,0.9703194009562349,68.0,0.9185850208146538,87.0,0.9999999999999998,88.0,0.9645346447227708,86.0,0.9610828821878492,33_0,33,0,lamp,94.1512832642,50.2418861389,9.02593512284,0,238.134589124,0.288667529821
UBFC_A1/Eval_On_COHFACE,COHFACE,old,COHFACE_s33_session0_lamp,11,70.0,80.0,large_error,70.0,0.9999999999999998,71.0,0.9426183900370764,69.0,0.9390968039655931,80.0,0.9999999999999998,81.0,0.9862388782657389,79.0,0.9680076683565643,33_0,33,0,lamp,94.1512832642,50.2418861389,9.02593512284,0,238.134589124,0.288667529821
UBFC_A1/Eval_On_COHFACE,COHFACE,old,COHFACE_s33_session0_lamp,12,71.0,81.0,large_error,71.0,0.9999999999999998,72.0,0.9980402865490143,70.0,0.889068148206447,81.0,0.9999999999999998,82.0,0.9827289909812492,80.0,0.9515954285769486,33_0,33,0,lamp,94.1512832642,50.2418861389,9.02593512284,0,238.134589124,0.288667529821
UBFC_A1/Eval_On_COHFACE,COHFACE,old,COHFACE_s33_session0_lamp,13,73.0,83.0,large_error,73.0,0.9999999999999998,72.0,0.9953956099421939,74.0,0.8996643708373044,83.0,0.9999999999999998,82.0,0.9625070026520233,84.0,0.9416570861040203,33_0,33,0,lamp,94.1512832642,50.2418861389,9.02593512284,0,238.134589124,0.288667529821
UBFC_A1/Eval_On_COHFACE,COHFACE,old,COHFACE_s33_session0_lamp,14,74.0,81.0,large_error,74.0,0.9999999999999998,75.0,0.9770616185650317,73.0,0.9040267994535419,81.0,0.9999999999999999,82.0,0.9702264340694419,80.0,0.94809531412907,33_0,33,0,lamp,94.1512832642,50.2418861389,9.02593512284,0,238.134589124,0.288667529821
UBFC_A1/Eval_On_COHFACE,COHFACE,old,COHFACE_s33_session0_lamp,15,76.0,81.0,large_error,76.0,0.9999999999999998,75.0,0.9921309669131135,77.0,0.8856299329484071,81.0,0.9999999999999998,82.0,0.98476466004324,80.0,0.9281015135888984,33_0,33,0,lamp,94.1512832642,50.2418861389,9.02593512284,0,238.134589124,0.288667529821
UBFC_A1/Eval_On_COHFACE,COHFACE,old,COHFACE_s33_session0_lamp,16,76.0,82.0,large_error,76.0,0.9999999999999998,75.0,0.9506604190861468,77.0,0.9319039185880466,82.0,0.9999999999999997,83.0,0.989679302437638,81.0,0.9328569080705719,33_0,33,0,lamp,94.1512832642,50.2418861389,9.02593512284,0,238.134589124,0.288667529821
UBFC_A1/Eval_On_COHFACE,COHFACE,old,COHFACE_s33_session0_lamp,17,75.0,60.0,large_error,75.0,0.9999999999999998,74.0,0.9502793044503389,76.0,0.9363136515768538,60.0,0.9999999999999999,59.0,0.9854940305360451,61.0,0.9427679511802398,33_0,33,0,lamp,94.1512832642,50.2418861389,9.02593512284,0,238.134589124,0.288667529821
UBFC_A1/Eval_On_COHFACE,COHFACE,old,COHFACE_s33_session0_lamp,18,75.0,61.99999999999999,large_error,75.0,0.9999999999999999,74.0,0.9546537006749385,76.0,0.9312716819634349,61.99999999999999,0.9999999999999994,63.0,0.9834106060471487,61.0,0.9363201671182961,33_0,33,0,lamp,94.1512832642,50.2418861389,9.02593512284,0,238.134589124,0.288667529821
UBFC_A1/Eval_On_COHFACE,COHFACE,old,COHFACE_s33_session0_lamp,19,74.0,53.0,large_error,74.0,0.9999999999999999,75.0,0.9657501792357636,73.0,0.9217647397000557,53.0,0.9999999999999997,52.0,0.9734994347326912,54.0,0.8664570401498463,33_0,33,0,lamp,94.1512832642,50.2418861389,9.02593512284,0,238.134589124,0.288667529821
UBFC_A1/Eval_On_COHFACE,COHFACE,old,COHFACE_s33_session0_lamp,20,74.0,53.0,large_error,74.0,0.9999999999999999,73.0,0.9948624651984568,75.0,0.9004511586907907,53.0,0.9999999999999998,52.0,0.9379090129951003,54.0,0.9120790932860137,33_0,33,0,lamp,94.1512832642,50.2418861389,9.02593512284,0,238.134589124,0.288667529821
UBFC_A1/Eval_On_COHFACE,COHFACE,old,COHFACE_s33_session0_lamp,21,73.0,63.0,large_error,73.0,0.9999999999999999,72.0,0.9884452543347495,74.0,0.8969540111921794,63.0,0.9999999999999997,64.0,0.9876505382041116,61.99999999999999,0.8441420211514971,33_0,33,0,lamp,94.1512832642,50.2418861389,9.02593512284,0,238.134589124,0.288667529821
UBFC_A1/Eval_On_COHFACE,COHFACE,old,COHFACE_s33_session0_lamp,22,73.0,52.0,large_error,73.0,0.9999999999999999,72.0,0.9914881225528196,74.0,0.9020678759009245,52.0,0.9999999999999997,51.0,0.9760640890206749,53.0,0.8962364782098965,33_0,33,0,lamp,94.1512832642,50.2418861389,9.02593512284,0,238.134589124,0.288667529821
UBFC_A1/Eval_On_COHFACE,COHFACE,old,COHFACE_s33_session0_lamp,23,73.0,64.0,large_error,73.0,0.9999999999999999,74.0,0.9992092745359433,72.0,0.8917717616431191,64.0,0.9999999999999997,65.0,0.9730678033607811,63.0,0.8679787029570114,33_0,33,0,lamp,94.1512832642,50.2418861389,9.02593512284,0,238.134589124,0.288667529821
UBFC_A1/Eval_On_COHFACE,COHFACE,old,COHFACE_s33_session0_lamp,24,75.0,52.0,large_error,75.0,0.9999999999999999,74.0,0.9750678103079594,76.0,0.9112405727845245,52.0,0.9999999999999997,51.0,0.9830917979459022,53.0,0.923855796924644,33_0,33,0,lamp,94.1512832642,50.2418861389,9.02593512284,0,238.134589124,0.288667529821
UBFC_A1/Eval_On_COHFACE,COHFACE,old,COHFACE_s33_session0_lamp,25,75.0,67.0,large_error,75.0,0.9999999999999999,76.0,0.9492400492288016,74.0,0.9359450782151099,67.0,0.9999999999999997,66.0,0.9906145791123661,68.0,0.9421735663135267,33_0,33,0,lamp,94.1512832642,50.2418861389,9.02593512284,0,238.134589124,0.288667529821
UBFC_A1/Eval_On_COHFACE,COHFACE,old,COHFACE_s33_session0_lamp,26,76.0,67.0,large_error,76.0,0.9999999999999999,77.0,0.9438036895663564,75.0,0.9410368029453601,67.0,0.9999999999999998,68.0,0.9750678450125995,66.0,0.9434539557079216,33_0,33,0,lamp,94.1512832642,50.2418861389,9.02593512284,0,238.134589124,0.288667529821
UBFC_A1/Eval_On_COHFACE,COHFACE,old,COHFACE_s33_session0_lamp,27,77.0,46.0,large_error,77.0,0.9999999999999999,76.0,0.9591092604972933,78.0,0.9324438911610774,46.0,0.9999999999999998,47.0,0.9886604247144097,45.0,0.9295770448561917,33_0,33,0,lamp,94.1512832642,50.2418861389,9.02593512284,0,238.134589124,0.288667529821
UBFC_A1/Eval_On_COHFACE,COHFACE,old,COHFACE_s33_session0_lamp,28,78.0,46.0,large_error,78.0,0.9999999999999999,77.0,0.9940964950332162,79.0,0.8877078191800937,46.0,0.9999999999999998,45.0,0.9877648207488224,47.0,0.915108450496029,33_0,33,0,lamp,94.1512832642,50.2418861389,9.02593512284,0,238.134589124,0.288667529821
UBFC_A1/Eval_On_COHFACE,COHFACE,old,COHFACE_s33_session0_lamp,29,78.0,46.0,large_error,78.0,0.9999999999999999,77.0,0.9944292694155071,79.0,0.8920880938560215,46.0,0.9999999999999998,45.0,0.96527290703448,47.0,0.9163666455816243,33_0,33,0,lamp,94.1512832642,50.2418861389,9.02593512284,0,238.134589124,0.288667529821
UBFC_A1/Eval_On_COHFACE,COHFACE,old,COHFACE_s33_session0_lamp,30,76.0,49.0,large_error,76.0,1.0,77.0,0.9588858515951222,75.0,0.9244569203549424,49.0,0.9999999999999998,50.0,0.956689586530337,48.0,0.9107441538730199,33_0,33,0,lamp,94.1512832642,50.2418861389,9.02593512284,0,238.134589124,0.288667529821
UBFC_A1/Eval_On_COHFACE,COHFACE,old,COHFACE_s33_session0_lamp,31,75.0,103.0,super_harmonic_1p5x,75.0,0.9999999999999999,74.0,0.9745042326376452,76.0,0.9184352553707534,103.0,0.9999999999999993,104.0,0.9494454036511688,102.0,0.9487762292618797,33_0,33,0,lamp,94.1512832642,50.2418861389,9.02593512284,0,238.134589124,0.288667529821
UBFC_A1/Eval_On_COHFACE,COHFACE,old,COHFACE_s33_session0_lamp,32,73.0,68.0,large_error,73.0,0.9999999999999999,74.0,0.9813970584680713,72.0,0.9167961807082308,68.0,0.9999999999999998,67.0,0.9985031459843241,51.0,0.9717785587474426,33_0,33,0,lamp,94.1512832642,50.2418861389,9.02593512284,0,238.134589124,0.288667529821
UBFC_A1/Eval_On_COHFACE,COHFACE,old,COHFACE_s33_session0_lamp,33,72.0,51.0,large_error,72.0,1.0,71.0,0.9857558606113732,73.0,0.9112975186680784,51.0,0.9999999999999998,50.0,0.9524394406183925,52.0,0.931542350852264,33_0,33,0,lamp,94.1512832642,50.2418861389,9.02593512284,0,238.134589124,0.288667529821
UBFC_A1/Eval_On_COHFACE,COHFACE,old,COHFACE_s33_session0_lamp,34,70.0,52.0,large_error,70.0,1.0,71.0,0.9935095200818145,69.0,0.9064669895326365,52.0,0.9999999999999999,51.0,0.9930733536794365,53.0,0.9227240186085426,33_0,33,0,lamp,94.1512832642,50.2418861389,9.02593512284,0,238.134589124,0.288667529821
UBFC_A1/Eval_On_COHFACE,COHFACE,old,COHFACE_s33_session0_lamp,35,70.0,75.0,large_error,70.0,1.0,71.0,0.9844379562797579,69.0,0.9011837580228369,75.0,0.9999999999999998,76.0,0.9752487065839689,74.0,0.9226552321354041,33_0,33,0,lamp,94.1512832642,50.2418861389,9.02593512284,0,238.134589124,0.288667529821
UBFC_A1/Eval_On_COHFACE,COHFACE,old,COHFACE_s33_session0_lamp,36,70.0,76.0,large_error,70.0,1.0,71.0,0.9982665103888787,69.0,0.8893186659938378,76.0,0.9999999999999997,77.0,0.9771864270971382,75.0,0.958105529013374,33_0,33,0,lamp,94.1512832642,50.2418861389,9.02593512284,0,238.134589124,0.288667529821
UBFC_A1/Eval_On_COHFACE,COHFACE,old,COHFACE_s33_session0_lamp,37,72.0,46.0,large_error,72.0,1.0,71.0,0.964296235607653,73.0,0.9337288672131495,46.0,0.9999999999999998,47.0,0.9616323976075879,45.0,0.917553441191452,33_0,33,0,lamp,94.1512832642,50.2418861389,9.02593512284,0,238.134589124,0.288667529821
UBFC_A1/Eval_On_COHFACE,COHFACE,old,COHFACE_s33_session0_lamp,38,74.0,59.0,large_error,74.0,0.9999999999999999,73.0,0.9598226802996903,75.0,0.9591439119666649,59.0,0.9999999999999998,60.0,0.943394131206149,58.0,0.932850143695494,33_0,33,0,lamp,94.1512832642,50.2418861389,9.02593512284,0,238.134589124,0.288667529821
UBFC_A1/Eval_On_COHFACE,COHFACE,old,COHFACE_s33_session0_lamp,39,76.0,46.0,large_error,76.0,0.9999999999999999,77.0,0.9570914408569766,75.0,0.9237061794892693,46.0,0.9999999999999998,47.0,0.9751596749391547,45.0,0.8817938318928128,33_0,33,0,lamp,94.1512832642,50.2418861389,9.02593512284,0,238.134589124,0.288667529821
UBFC_A1/Eval_On_COHFACE,COHFACE,old,COHFACE_s33_session0_lamp,40,77.0,47.0,large_error,77.0,1.0,76.0,0.963891637348232,78.0,0.905613305898386,47.0,0.9999999999999994,65.0,0.9916729304760894,46.0,0.9867769288670616,33_0,33,0,lamp,94.1512832642,50.2418861389,9.02593512284,0,238.134589124,0.288667529821
UBFC_A1/Eval_On_COHFACE,COHFACE,old,COHFACE_s33_session0_lamp,41,76.0,55.0,large_error,76.0,1.0,77.0,0.9986746266964149,78.0,0.8812313887474741,55.0,0.9999999999999996,54.0,0.9963970067182957,56.0,0.9702754693260405,33_0,33,0,lamp,94.1512832642,50.2418861389,9.02593512284,0,238.134589124,0.288667529821
UBFC_A1/Eval_On_COHFACE,COHFACE,old,COHFACE_s33_session0_lamp,42,65.0,52.0,large_error,65.0,0.9999999999999999,75.0,0.9880940123990773,64.0,0.9804680016310816,52.0,0.9999999999999998,53.0,0.9786226957871138,51.0,0.9475940123840967,33_0,33,0,lamp,94.1512832642,50.2418861389,9.02593512284,0,238.134589124,0.288667529821
UBFC_A1/Eval_On_COHFACE,COHFACE,old,COHFACE_s33_session0_lamp,43,65.0,51.0,large_error,65.0,0.9999999999999999,64.0,0.9960203411893901,66.0,0.9251765720768157,51.0,0.9999999999999999,52.0,0.9800462386022412,50.0,0.9539942802208832,33_0,33,0,lamp,94.1512832642,50.2418861389,9.02593512284,0,238.134589124,0.288667529821
UBFC_A1/Eval_On_COHFACE,COHFACE,old,COHFACE_s33_session0_lamp,44,69.0,53.0,large_error,69.0,0.9999999999999999,68.0,0.9782688429734,70.0,0.9763139128253983,53.0,0.9999999999999998,52.0,0.9957727114718008,54.0,0.8477856465030603,33_0,33,0,lamp,94.1512832642,50.2418861389,9.02593512284,0,238.134589124,0.288667529821
UBFC_A1/Eval_On_COHFACE,COHFACE,old,COHFACE_s33_session0_lamp,45,69.0,73.0,large_error,69.0,1.0,70.0,0.9754353167631195,68.0,0.939051704056263,73.0,0.9999999999999997,72.0,0.9780817595364516,74.0,0.9383798463441781,33_0,33,0,lamp,94.1512832642,50.2418861389,9.02593512284,0,238.134589124,0.288667529821
UBFC_A1/Eval_On_COHFACE,COHFACE,old,COHFACE_s33_session0_lamp,46,70.0,73.0,correct,70.0,1.0,69.0,0.9703330605983223,71.0,0.9344784693592553,73.0,0.9999999999999998,74.0,0.9724685413832732,72.0,0.9312857210709983,33_0,33,0,lamp,94.1512832642,50.2418861389,9.02593512284,0,238.134589124,0.288667529821
UBFC_A1/Eval_On_COHFACE,COHFACE,old,COHFACE_s33_session0_lamp,47,72.0,74.0,correct,72.0,0.9999999999999999,71.0,0.9648305049887674,73.0,0.9324286340741972,74.0,0.9999999999999998,73.0,0.9708093153525392,75.0,0.9420520527693996,33_0,33,0,lamp,94.1512832642,50.2418861389,9.02593512284,0,238.134589124,0.288667529821
UBFC_A1/Eval_On_COHFACE,COHFACE,old,COHFACE_s33_session0_lamp,48,74.0,119.0,super_harmonic_1p5x,74.0,0.9999999999999999,75.0,0.9648354331124597,73.0,0.9171317789185377,119.0,0.9999999999999994,77.0,0.9604022914060257,120.0,0.9496219023283503,33_0,33,0,lamp,94.1512832642,50.2418861389,9.02593512284,0,238.134589124,0.288667529821
UBFC_A1/Eval_On_COHFACE,COHFACE,old,COHFACE_s33_session0_lamp,49,75.0,81.0,large_error,75.0,1.0,76.0,0.9907761289053147,74.0,0.8921009646368081,81.0,0.9999999999999998,82.0,0.9608529937170668,80.0,0.9472519881202193,33_0,33,0,lamp,94.1512832642,50.2418861389,9.02593512284,0,238.134589124,0.288667529821
UBFC_A1/Eval_On_COHFACE,COHFACE,old,COHFACE_s33_session0_lamp,50,76.0,66.0,large_error,76.0,1.0,77.0,0.9889564107891355,75.0,0.8905130608507211,66.0,0.9999999999999998,65.0,0.9850707362580972,67.0,0.9121228970976006,33_0,33,0,lamp,94.1512832642,50.2418861389,9.02593512284,0,238.134589124,0.288667529821
UBFC_A1/Eval_On_COHFACE,COHFACE,old,COHFACE_s33_session1_lamp,0,77.0,83.0,large_error,77.0,0.9999999999999999,76.0,0.9845118428356396,78.0,0.8975102733411902,83.0,0.9999999999999998,82.0,0.9646495807844908,84.0,0.9311595971937432,33_1,33,1,lamp,90.0958099365,49.0074195862,10.334984564,0,215.55753375,0.276230365038
UBFC_A1/Eval_On_COHFACE,COHFACE,old,COHFACE_s33_session1_lamp,1,78.0,83.0,large_error,78.0,0.9999999999999999,79.0,0.9512976077180255,77.0,0.9274592488964297,83.0,0.9999999999999998,82.0,0.981300293332726,84.0,0.9598363232242949,33_1,33,1,lamp,90.0958099365,49.0074195862,10.334984564,0,215.55753375,0.276230365038
UBFC_A1/Eval_On_COHFACE,COHFACE,old,COHFACE_s33_session1_lamp,2,78.0,75.0,correct,78.0,0.9999999999999999,77.0,0.9767668108053182,79.0,0.8957763986408002,75.0,0.9999999999999998,76.0,0.9855212807092909,74.0,0.9478070943817317,33_1,33,1,lamp,90.0958099365,49.0074195862,10.334984564,0,215.55753375,0.276230365038
UBFC_A1/Eval_On_COHFACE,COHFACE,old,COHFACE_s33_session1_lamp,3,78.0,78.0,correct,78.0,0.9999999999999999,77.0,0.9916628379714933,79.0,0.8997174068353971,78.0,0.9999999999999997,79.0,0.9621358767890023,77.0,0.9475466533332162,33_1,33,1,lamp,90.0958099365,49.0074195862,10.334984564,0,215.55753375,0.276230365038
UBFC_A1/Eval_On_COHFACE,COHFACE,old,COHFACE_s33_session1_lamp,4,77.0,47.0,large_error,77.0,0.9999999999999999,78.0,0.9511004172257416,76.0,0.93492853924903,47.0,0.9999999999999998,46.0,0.9815753230786024,48.0,0.9249801448551415,33_1,33,1,lamp,90.0958099365,49.0074195862,10.334984564,0,215.55753375,0.276230365038
UBFC_A1/Eval_On_COHFACE,COHFACE,old,COHFACE_s33_session1_lamp,5,76.0,51.0,large_error,76.0,0.9999999999999999,77.0,0.9989619135395416,75.0,0.8995585942174512,51.0,0.9999999999999999,50.0,0.9990274756596622,49.0,0.8530795942995015,33_1,33,1,lamp,90.0958099365,49.0074195862,10.334984564,0,215.55753375,0.276230365038
UBFC_A1/Eval_On_COHFACE,COHFACE,old,COHFACE_s33_session1_lamp,6,76.0,48.0,large_error,76.0,0.9999999999999999,75.0,0.9963503043422989,77.0,0.890913627013491,48.0,0.9999999999999997,47.0,0.9861482462183778,49.0,0.8730350368651211,33_1,33,1,lamp,90.0958099365,49.0074195862,10.334984564,0,215.55753375,0.276230365038
UBFC_A1/Eval_On_COHFACE,COHFACE,old,COHFACE_s33_session1_lamp,7,75.0,47.0,large_error,75.0,1.0,74.0,0.9430171478518471,76.0,0.9377590263994456,47.0,0.9999999999999998,48.0,0.983731123435495,46.0,0.9020012850728854,33_1,33,1,lamp,90.0958099365,49.0074195862,10.334984564,0,215.55753375,0.276230365038
UBFC_A1/Eval_On_COHFACE,COHFACE,old,COHFACE_s33_session1_lamp,8,74.0,75.0,correct,74.0,1.0,75.0,0.9859822351370523,73.0,0.889040656086539,75.0,0.9999999999999998,76.0,0.98270579477933,74.0,0.9246699342681624,33_1,33,1,lamp,90.0958099365,49.0074195862,10.334984564,0,215.55753375,0.276230365038
UBFC_A1/Eval_On_COHFACE,COHFACE,old,COHFACE_s33_session1_lamp,9,74.0,43.0,sub_harmonic_half,74.0,1.0,75.0,0.9869018658120331,73.0,0.8954965935396985,43.0,0.9999999999999998,44.0,0.9689306739172144,42.0,0.965340708167616,33_1,33,1,lamp,90.0958099365,49.0074195862,10.334984564,0,215.55753375,0.276230365038
UBFC_A1/Eval_On_COHFACE,COHFACE,old,COHFACE_s33_session1_lamp,10,75.0,43.0,sub_harmonic_half,75.0,0.9999999999999999,76.0,0.9700248603238935,74.0,0.9328268966239518,43.0,0.9999999999999998,44.0,0.9935852670238806,42.0,0.9301023210021612,33_1,33,1,lamp,90.0958099365,49.0074195862,10.334984564,0,215.55753375,0.276230365038
UBFC_A1/Eval_On_COHFACE,COHFACE,old,COHFACE_s33_session1_lamp,11,76.0,45.0,large_error,76.0,0.9999999999999999,77.0,0.9709013309470694,75.0,0.926304721365734,45.0,0.9999999999999999,46.0,0.9567540070135427,44.0,0.9097989000793187,33_1,33,1,lamp,90.0958099365,49.0074195862,10.334984564,0,215.55753375,0.276230365038
UBFC_A1/Eval_On_COHFACE,COHFACE,old,COHFACE_s33_session1_lamp,12,78.0,71.0,large_error,78.0,0.9999999999999999,77.0,0.9521970056960065,79.0,0.9177255420895093,71.0,0.9999999999999996,72.0,0.9626739518596419,46.0,0.9408720494959821,33_1,33,1,lamp,90.0958099365,49.0074195862,10.334984564,0,215.55753375,0.276230365038
UBFC_A1/Eval_On_COHFACE,COHFACE,old,COHFACE_s33_session1_lamp,13,78.0,60.0,large_error,78.0,1.0,79.0,0.9682432647905818,77.0,0.8968079744943616,60.0,0.9999999999999997,59.0,0.9856310048943032,69.0,0.915269152557313,33_1,33,1,lamp,90.0958099365,49.0074195862,10.334984564,0,215.55753375,0.276230365038
UBFC_A1/Eval_On_COHFACE,COHFACE,old,COHFACE_s33_session1_lamp,14,78.0,52.0,large_error,78.0,1.0,79.0,0.9882979233424304,77.0,0.8937552993922169,52.0,0.9999999999999998,53.0,0.9577260450963464,51.0,0.9446558689092971,33_1,33,1,lamp,90.0958099365,49.0074195862,10.334984564,0,215.55753375,0.276230365038
UBFC_A1/Eval_On_COHFACE,COHFACE,old,COHFACE_s33_session1_lamp,15,78.0,64.0,large_error,78.0,0.9999999999999999,77.0,0.9772630615413689,79.0,0.9155972964792527,64.0,0.9999999999999998,63.0,0.9609738928434965,65.0,0.9484920004749899,33_1,33,1,lamp,90.0958099365,49.0074195862,10.334984564,0,215.55753375,0.276230365038
UBFC_A1/Eval_On_COHFACE,COHFACE,old,COHFACE_s33_session1_lamp,16,75.0,63.0,large_error,75.0,0.9999999999999999,76.0,0.9778286481756123,74.0,0.9662913951885421,63.0,0.9999999999999997,61.99999999999999,0.9779722935863681,64.0,0.9394046747636661,33_1,33,1,lamp,90.0958099365,49.0074195862,10.334984564,0,215.55753375,0.276230365038
UBFC_A1/Eval_On_COHFACE,COHFACE,old,COHFACE_s33_session1_lamp,17,74.0,66.0,large_error,74.0,0.9999999999999999,75.0,0.9571701577086513,73.0,0.9554332898534055,66.0,0.9999999999999998,67.0,0.9610846444585308,65.0,0.9324701851492505,33_1,33,1,lamp,90.0958099365,49.0074195862,10.334984564,0,215.55753375,0.276230365038
UBFC_A1/Eval_On_COHFACE,COHFACE,old,COHFACE_s33_session1_lamp,18,74.0,66.0,large_error,74.0,0.9999999999999999,75.0,0.9888056002978605,73.0,0.9392521220479257,66.0,0.9999999999999993,65.0,0.9869143162508213,67.0,0.9492314749452073,33_1,33,1,lamp,90.0958099365,49.0074195862,10.334984564,0,215.55753375,0.276230365038
UBFC_A1/Eval_On_COHFACE,COHFACE,old,COHFACE_s33_session1_lamp,19,70.0,46.0,large_error,70.0,0.9999999999999999,69.0,0.9570252668084699,71.0,0.9162849969456599,46.0,0.9999999999999996,45.0,0.9771489869111414,81.0,0.9279925862011512,33_1,33,1,lamp,90.0958099365,49.0074195862,10.334984564,0,215.55753375,0.276230365038
UBFC_A1/Eval_On_COHFACE,COHFACE,old,COHFACE_s33_session1_lamp,20,70.0,48.0,large_error,70.0,0.9999999999999999,69.0,0.9725997658320222,71.0,0.8562529190219319,48.0,0.9999999999999998,47.0,0.9915251352161083,49.0,0.9569521686113922,33_1,33,1,lamp,90.0958099365,49.0074195862,10.334984564,0,215.55753375,0.276230365038
UBFC_A1/Eval_On_COHFACE,COHFACE,old,COHFACE_s33_session1_lamp,21,69.0,52.0,large_error,69.0,0.9999999999999999,70.0,0.9343354263312948,68.0,0.8991979374879204,52.0,0.9999999999999998,53.0,0.9929266154840137,51.0,0.8940557492776615,33_1,33,1,lamp,90.0958099365,49.0074195862,10.334984564,0,215.55753375,0.276230365038
UBFC_A1/Eval_On_COHFACE,COHFACE,old,COHFACE_s33_session1_lamp,22,68.0,53.0,large_error,68.0,0.9999999999999999,69.0,0.9685206753800101,67.0,0.8994963725855313,53.0,0.9999999999999998,54.0,0.9675692695204221,52.0,0.9252116207235577,33_1,33,1,lamp,90.0958099365,49.0074195862,10.334984564,0,215.55753375,0.276230365038
UBFC_A1/Eval_On_COHFACE,COHFACE,old,COHFACE_s33_session1_lamp,23,67.0,53.0,large_error,67.0,0.9999999999999999,66.0,0.9785735987280485,68.0,0.9385478608638916,53.0,0.9999999999999998,52.0,0.9949776800718099,54.0,0.9091476334690238,33_1,33,1,lamp,90.0958099365,49.0074195862,10.334984564,0,215.55753375,0.276230365038
UBFC_A1/Eval_On_COHFACE,COHFACE,old,COHFACE_s33_session1_lamp,24,64.0,105.0,super_harmonic_1p5x,64.0,0.9999999999999999,65.0,0.9764303707961637,63.0,0.954357637203614,105.0,0.9999999999999998,106.0,0.95292438095638,104.0,0.9515454232191813,33_1,33,1,lamp,90.0958099365,49.0074195862,10.334984564,0,215.55753375,0.276230365038
UBFC_A1/Eval_On_COHFACE,COHFACE,old,COHFACE_s33_session1_lamp,25,65.0,112.0,super_harmonic_2x,65.0,1.0,66.0,0.9895962102103567,64.0,0.9531615962801427,112.0,0.9999999999999996,113.0,0.9801751433804847,110.99999999999999,0.9367305219548392,33_1,33,1,lamp,90.0958099365,49.0074195862,10.334984564,0,215.55753375,0.276230365038
UBFC_A1/Eval_On_COHFACE,COHFACE,old,COHFACE_s33_session1_lamp,26,66.0,57.0,large_error,66.0,1.0,65.0,0.9631138980596905,67.0,0.9223185375004311,57.0,0.9999999999999994,113.0,0.9819887266293624,114.0,0.9713080459060763,33_1,33,1,lamp,90.0958099365,49.0074195862,10.334984564,0,215.55753375,0.276230365038
UBFC_A1/Eval_On_COHFACE,COHFACE,old,COHFACE_s33_session1_lamp,27,66.0,113.0,super_harmonic_2x,66.0,1.0,67.0,0.9779750192415284,65.0,0.9180127654413821,113.0,0.9999999999999993,112.0,0.9732415723107436,114.0,0.9006637805631587,33_1,33,1,lamp,90.0958099365,49.0074195862,10.334984564,0,215.55753375,0.276230365038
UBFC_A1/Eval_On_COHFACE,COHFACE,old,COHFACE_s33_session1_lamp,28,68.0,41.0,large_error,68.0,0.9999999999999999,67.0,0.9751326396023977,69.0,0.9331251388449786,41.0,0.9999999999999988,40.0,0.9906728639974239,60.0,0.9757079968560987,33_1,33,1,lamp,90.0958099365,49.0074195862,10.334984564,0,215.55753375,0.276230365038
UBFC_A1/Eval_On_COHFACE,COHFACE,old,COHFACE_s33_session1_lamp,29,70.0,44.0,large_error,70.0,0.9999999999999998,71.0,0.992086701460415,69.0,0.9365309312999871,44.0,0.999999999999999,43.0,0.9646103634135652,45.0,0.9346528961960386,33_1,33,1,lamp,90.0958099365,49.0074195862,10.334984564,0,215.55753375,0.276230365038
UBFC_A1/Eval_On_COHFACE,COHFACE,old,COHFACE_s33_session1_lamp,30,74.0,40.0,sub_harmonic_half,74.0,0.9999999999999998,75.0,0.9592927414685485,73.0,0.94493387093636,40.0,0.9999999999999989,81.0,0.9182314449889679,82.0,0.9079753515345279,33_1,33,1,lamp,90.0958099365,49.0074195862,10.334984564,0,215.55753375,0.276230365038
UBFC_A1/Eval_On_COHFACE,COHFACE,old,COHFACE_s33_session1_lamp,31,77.0,88.0,large_error,77.0,0.9999999999999998,76.0,0.9960839849785641,78.0,0.8940733222868285,88.0,0.9999999999999981,89.0,0.9646500714376074,87.0,0.9137437720064744,33_1,33,1,lamp,90.0958099365,49.0074195862,10.334984564,0,215.55753375,0.276230365038
UBFC_A1/Eval_On_COHFACE,COHFACE,old,COHFACE_s33_session1_lamp,32,78.0,57.0,large_error,78.0,0.9999999999999999,77.0,0.9654850395218394,79.0,0.9132184117070536,57.0,0.9999999999999994,58.0,0.9589587161687593,67.0,0.8918846391628672,33_1,33,1,lamp,90.0958099365,49.0074195862,10.334984564,0,215.55753375,0.276230365038
UBFC_A1/Eval_On_COHFACE,COHFACE,old,COHFACE_s33_session1_lamp,33,79.0,82.0,correct,79.0,0.9999999999999999,78.0,0.9941076455398217,80.0,0.8941769449524481,82.0,0.9999999999999997,81.0,0.9840659201437504,83.0,0.8641779014065383,33_1,33,1,lamp,90.0958099365,49.0074195862,10.334984564,0,215.55753375,0.276230365038
UBFC_A1/Eval_On_COHFACE,COHFACE,old,COHFACE_s33_session1_lamp,34,79.0,53.0,large_error,79.0,0.9999999999999999,80.0,0.9514661154544668,78.0,0.9360481080109898,53.0,0.9999999999999994,54.0,0.9363777351350328,52.0,0.909867268418804,33_1,33,1,lamp,90.0958099365,49.0074195862,10.334984564,0,215.55753375,0.276230365038
UBFC_A1/Eval_On_COHFACE,COHFACE,old,COHFACE_s33_session1_lamp,35,79.0,44.0,sub_harmonic_half,79.0,0.9999999999999999,80.0,0.9739150250973365,78.0,0.9154336773767503,44.0,0.9999999999999996,45.0,0.9599547114532562,43.0,0.9275378313913831,33_1,33,1,lamp,90.0958099365,49.0074195862,10.334984564,0,215.55753375,0.276230365038
UBFC_A1/Eval_On_COHFACE,COHFACE,old,COHFACE_s33_session1_lamp,36,80.0,97.0,large_error,80.0,0.9999999999999999,79.0,0.9953510871773186,81.0,0.8777482243895667,97.0,0.9999999999999997,96.0,0.98667577647589,98.0,0.9099406372468202,33_1,33,1,lamp,90.0958099365,49.0074195862,10.334984564,0,215.55753375,0.276230365038
UBFC_A1/Eval_On_COHFACE,COHFACE,old,COHFACE_s33_session1_lamp,37,79.0,94.0,large_error,79.0,0.9999999999999999,78.0,0.9527189374207624,80.0,0.9277799963749797,94.0,0.9999999999999997,93.0,0.997825081110445,95.0,0.9208333219165666,33_1,33,1,lamp,90.0958099365,49.0074195862,10.334984564,0,215.55753375,0.276230365038
UBFC_A1/Eval_On_COHFACE,COHFACE,old,COHFACE_s33_session1_lamp,38,79.0,50.0,large_error,79.0,0.9999999999999998,78.0,0.9929570832042491,80.0,0.8985434602126398,50.0,0.9999999999999991,51.0,0.9910178005442238,49.0,0.9773797637804806,33_1,33,1,lamp,90.0958099365,49.0074195862,10.334984564,0,215.55753375,0.276230365038
UBFC_A1/Eval_On_COHFACE,COHFACE,old,COHFACE_s33_session1_lamp,39,78.0,93.0,large_error,78.0,0.9999999999999998,79.0,0.9467311235274419,77.0,0.9368480645589259,93.0,0.9999999999999993,94.0,0.973609680543692,92.0,0.8936558341048767,33_1,33,1,lamp,90.0958099365,49.0074195862,10.334984564,0,215.55753375,0.276230365038
UBFC_A1/Eval_On_COHFACE,COHFACE,old,COHFACE_s33_session1_lamp,40,78.0,92.0,large_error,78.0,0.9999999999999998,77.0,0.9913833255012581,79.0,0.8917912480882119,92.0,0.9999999999999994,91.0,0.9972801011641408,93.0,0.8833441827920582,33_1,33,1,lamp,90.0958099365,49.0074195862,10.334984564,0,215.55753375,0.276230365038
UBFC_A1/Eval_On_COHFACE,COHFACE,old,COHFACE_s33_session1_lamp,41,77.0,53.0,large_error,77.0,0.9999999999999999,78.0,0.9467852640043083,76.0,0.9396678901612536,53.0,0.9999999999999998,52.0,0.9903791819851758,54.0,0.9028377511188754,33_1,33,1,lamp,90.0958099365,49.0074195862,10.334984564,0,215.55753375,0.276230365038
UBFC_A1/Eval_On_COHFACE,COHFACE,old,COHFACE_s33_session1_lamp,42,77.0,52.0,large_error,77.0,0.9999999999999999,76.0,0.977844517296883,78.0,0.901005794233084,52.0,0.9999999999999997,51.0,0.966010709194389,53.0,0.9467286363530824,33_1,33,1,lamp,90.0958099365,49.0074195862,10.334984564,0,215.55753375,0.276230365038
UBFC_A1/Eval_On_COHFACE,COHFACE,old,COHFACE_s33_session1_lamp,43,76.0,48.0,large_error,76.0,0.9999999999999999,77.0,0.9786349760903579,75.0,0.9000111686891616,48.0,0.9999999999999996,49.0,0.9896249518266943,47.0,0.9742573022490895,33_1,33,1,lamp,90.0958099365,49.0074195862,10.334984564,0,215.55753375,0.276230365038
UBFC_A1/Eval_On_COHFACE,COHFACE,old,COHFACE_s33_session1_lamp,44,77.0,46.0,large_error,77.0,0.9999999999999999,76.0,0.9856855371886206,78.0,0.9065912726606258,46.0,0.9999999999999999,45.0,0.973958852415434,47.0,0.9653788609612624,33_1,33,1,lamp,90.0958099365,49.0074195862,10.334984564,0,215.55753375,0.276230365038
UBFC_A1/Eval_On_COHFACE,COHFACE,old,COHFACE_s33_session1_lamp,45,76.0,52.0,large_error,76.0,0.9999999999999998,77.0,0.9968432553549048,75.0,0.899833760690822,52.0,0.9999999999999996,53.0,0.9841747066996571,51.0,0.9470596439125423,33_1,33,1,lamp,90.0958099365,49.0074195862,10.334984564,0,215.55753375,0.276230365038
UBFC_A1/Eval_On_COHFACE,COHFACE,old,COHFACE_s33_session1_lamp,46,77.0,66.0,large_error,77.0,0.9999999999999998,76.0,0.9527211762600242,78.0,0.9432757772906555,66.0,0.9999999999999998,65.0,0.9763291898061232,67.0,0.8439180104044985,33_1,33,1,lamp,90.0958099365,49.0074195862,10.334984564,0,215.55753375,0.276230365038
UBFC_A1/Eval_On_COHFACE,COHFACE,old,COHFACE_s33_session1_lamp,47,77.0,78.0,correct,77.0,0.9999999999999999,76.0,0.9460786256931875,78.0,0.9280228261853646,78.0,0.9999999999999997,77.0,0.9771694263923577,79.0,0.910616706634394,33_1,33,1,lamp,90.0958099365,49.0074195862,10.334984564,0,215.55753375,0.276230365038
UBFC_A1/Eval_On_COHFACE,COHFACE,old,COHFACE_s33_session1_lamp,48,77.0,77.0,correct,77.0,0.9999999999999998,78.0,0.9595287730024352,76.0,0.9188330102948025,77.0,0.9999999999999994,78.0,0.9738155003387975,76.0,0.9044547780326321,33_1,33,1,lamp,90.0958099365,49.0074195862,10.334984564,0,215.55753375,0.276230365038
UBFC_A1/Eval_On_COHFACE,COHFACE,old,COHFACE_s33_session1_lamp,49,77.0,76.0,correct,77.0,0.9999999999999998,78.0,0.9537008950699046,76.0,0.9228298580475618,76.0,0.9999999999999998,75.0,0.9842494927587438,77.0,0.9202726396846425,33_1,33,1,lamp,90.0958099365,49.0074195862,10.334984564,0,215.55753375,0.276230365038
UBFC_A1/Eval_On_COHFACE,COHFACE,old,COHFACE_s33_session1_lamp,50,76.0,76.0,correct,76.0,0.9999999999999998,77.0,0.9727742189516843,75.0,0.9095341213198528,76.0,0.9999999999999997,77.0,0.9936106083317631,53.0,0.9715835377124721,33_1,33,1,lamp,90.0958099365,49.0074195862,10.334984564,0,215.55753375,0.276230365038
UBFC_A1/Eval_On_COHFACE,COHFACE,old,COHFACE_s33_session2_natural,0,76.0,45.0,large_error,76.0,0.9999999999999998,77.0,0.9875199778942557,75.0,0.9520489281378696,45.0,0.9999999999999998,44.0,0.990731359357341,46.0,0.9049974291884741,33_2,33,2,natural,95.9656219482,59.6989364624,9.10221828226,1.37018987662,311.291958644,0.26514339447
UBFC_A1/Eval_On_COHFACE,COHFACE,old,COHFACE_s33_session2_natural,1,76.0,43.0,sub_harmonic_half,76.0,0.9999999999999999,77.0,0.9854253651638164,75.0,0.9305619166093059,43.0,0.9999999999999996,42.0,0.9979283774334112,44.0,0.9465791334794537,33_2,33,2,natural,95.9656219482,59.6989364624,9.10221828226,1.37018987662,311.291958644,0.26514339447
UBFC_A1/Eval_On_COHFACE,COHFACE,old,COHFACE_s33_session2_natural,2,76.0,121.0,super_harmonic_1p5x,76.0,1.0,77.0,0.9519676791463296,75.0,0.9293319677999571,121.0,0.9999999999999996,120.0,0.9508802499695312,122.0,0.9365672269497712,33_2,33,2,natural,95.9656219482,59.6989364624,9.10221828226,1.37018987662,311.291958644,0.26514339447
UBFC_A1/Eval_On_COHFACE,COHFACE,old,COHFACE_s33_session2_natural,3,76.0,97.0,super_harmonic_1p5x,76.0,0.9999999999999999,75.0,0.9589893630224519,77.0,0.925834076403438,97.0,0.9999999999999997,98.0,0.9691707052913895,96.0,0.9295804788381911,33_2,33,2,natural,95.9656219482,59.6989364624,9.10221828226,1.37018987662,311.291958644,0.26514339447
UBFC_A1/Eval_On_COHFACE,COHFACE,old,COHFACE_s33_session2_natural,4,76.0,72.0,large_error,76.0,0.9999999999999999,77.0,0.9529330162080409,75.0,0.9260623869410838,72.0,0.9999999999999997,71.0,0.9150962632014336,73.0,0.9126265110002346,33_2,33,2,natural,95.9656219482,59.6989364624,9.10221828226,1.37018987662,311.291958644,0.26514339447
UBFC_A1/Eval_On_COHFACE,COHFACE,old,COHFACE_s33_session2_natural,5,76.0,83.0,large_error,76.0,0.9999999999999999,77.0,0.9869584966681046,75.0,0.9031140103844834,83.0,0.9999999999999997,82.0,0.9251998443810134,84.0,0.9134089617501642,33_2,33,2,natural,95.9656219482,59.6989364624,9.10221828226,1.37018987662,311.291958644,0.26514339447
UBFC_A1/Eval_On_COHFACE,COHFACE,old,COHFACE_s33_session2_natural,6,77.0,78.0,correct,77.0,0.9999999999999999,76.0,0.9694588494126073,78.0,0.9192228140409309,78.0,0.9999999999999996,79.0,0.9806112434490135,77.0,0.9513258869090273,33_2,33,2,natural,95.9656219482,59.6989364624,9.10221828226,1.37018987662,311.291958644,0.26514339447
UBFC_A1/Eval_On_COHFACE,COHFACE,old,COHFACE_s33_session2_natural,7,77.0,82.0,large_error,77.0,0.9999999999999999,76.0,0.9517744673867974,78.0,0.9323621680176312,82.0,0.9999999999999999,81.0,0.9965220703898751,83.0,0.9098129761717969,33_2,33,2,natural,95.9656219482,59.6989364624,9.10221828226,1.37018987662,311.291958644,0.26514339447
UBFC_A1/Eval_On_COHFACE,COHFACE,old,COHFACE_s33_session2_natural,8,77.0,81.0,large_error,77.0,0.9999999999999999,78.0,0.9937552538767684,76.0,0.881623881694152,81.0,0.9999999999999998,82.0,0.9978147739231477,80.0,0.9800043888700934,33_2,33,2,natural,95.9656219482,59.6989364624,9.10221828226,1.37018987662,311.291958644,0.26514339447
UBFC_A1/Eval_On_COHFACE,COHFACE,old,COHFACE_s33_session2_natural,9,77.0,80.0,correct,77.0,0.9999999999999999,78.0,0.9839101053258864,76.0,0.887095807396423,80.0,0.9999999999999998,81.0,0.9850918382124781,79.0,0.9425394552573615,33_2,33,2,natural,95.9656219482,59.6989364624,9.10221828226,1.37018987662,311.291958644,0.26514339447
UBFC_A1/Eval_On_COHFACE,COHFACE,old,COHFACE_s33_session2_natural,10,78.0,81.0,correct,78.0,0.9999999999999999,77.0,0.9775886703891861,79.0,0.919327156927836,81.0,0.9999999999999999,82.0,0.9880242314213679,80.0,0.9141558272777172,33_2,33,2,natural,95.9656219482,59.6989364624,9.10221828226,1.37018987662,311.291958644,0.26514339447
UBFC_A1/Eval_On_COHFACE,COHFACE,old,COHFACE_s33_session2_natural,11,77.0,77.0,correct,77.0,0.9999999999999999,78.0,0.9758248580891681,76.0,0.9160997586722004,77.0,0.9999999999999996,78.0,0.9962755074822668,76.0,0.9554138805362729,33_2,33,2,natural,95.9656219482,59.6989364624,9.10221828226,1.37018987662,311.291958644,0.26514339447
UBFC_A1/Eval_On_COHFACE,COHFACE,old,COHFACE_s33_session2_natural,12,77.0,76.0,correct,77.0,0.9999999999999999,78.0,0.9926817844153245,76.0,0.9077732786492416,76.0,0.9999999999999996,77.0,0.9806704239516508,75.0,0.9588049630111638,33_2,33,2,natural,95.9656219482,59.6989364624,9.10221828226,1.37018987662,311.291958644,0.26514339447
UBFC_A1/Eval_On_COHFACE,COHFACE,old,COHFACE_s33_session2_natural,13,77.0,80.0,correct,77.0,0.9999999999999999,78.0,0.9462609461653723,76.0,0.9304274349358865,80.0,0.9999999999999989,81.0,0.9803534149086981,98.0,0.9133870132414434,33_2,33,2,natural,95.9656219482,59.6989364624,9.10221828226,1.37018987662,311.291958644,0.26514339447
UBFC_A1/Eval_On_COHFACE,COHFACE,old,COHFACE_s33_session2_natural,14,77.0,52.0,large_error,77.0,0.9999999999999999,78.0,0.968913522962236,76.0,0.901453520151749,52.0,0.9999999999999998,53.0,0.9299937761282098,51.0,0.9086762937542302,33_2,33,2,natural,95.9656219482,59.6989364624,9.10221828226,1.37018987662,311.291958644,0.26514339447
UBFC_A1/Eval_On_COHFACE,COHFACE,old,COHFACE_s33_session2_natural,15,77.0,61.99999999999999,large_error,77.0,0.9999999999999999,76.0,0.9626977968753591,78.0,0.9083348615486324,61.99999999999999,0.9999999999999991,61.0,0.9864961050243637,63.0,0.9388561972446277,33_2,33,2,natural,95.9656219482,59.6989364624,9.10221828226,1.37018987662,311.291958644,0.26514339447
UBFC_A1/Eval_On_COHFACE,COHFACE,old,COHFACE_s33_session2_natural,16,76.0,48.0,large_error,76.0,0.9999999999999998,75.0,0.9705391794439713,77.0,0.9160656500541561,48.0,0.9999999999999996,49.0,0.9952514009701564,47.0,0.904337385779071,33_2,33,2,natural,95.9656219482,59.6989364624,9.10221828226,1.37018987662,311.291958644,0.26514339447
UBFC_A1/Eval_On_COHFACE,COHFACE,old,COHFACE_s33_session2_natural,17,65.0,45.0,large_error,65.0,0.9999999999999999,64.0,0.9613752789389364,66.0,0.9468588938454192,45.0,0.9999999999999997,44.0,0.9874633298493514,46.0,0.9379042178967757,33_2,33,2,natural,95.9656219482,59.6989364624,9.10221828226,1.37018987662,311.291958644,0.26514339447
UBFC_A1/Eval_On_COHFACE,COHFACE,old,COHFACE_s33_session2_natural,18,72.0,40.0,sub_harmonic_half,72.0,0.9999999999999998,71.0,0.9909267357374291,73.0,0.9247094905451638,40.0,0.9999999999999992,41.0,0.9636222035955053,61.99999999999999,0.9370545042898115,33_2,33,2,natural,95.9656219482,59.6989364624,9.10221828226,1.37018987662,311.291958644,0.26514339447
UBFC_A1/Eval_On_COHFACE,COHFACE,old,COHFACE_s33_session2_natural,19,70.0,72.0,correct,70.0,0.9999999999999999,71.0,0.9943842230591352,69.0,0.9184158557046896,72.0,0.9999999999999997,73.0,0.9748945841596468,71.0,0.8898093043455398,33_2,33,2,natural,95.9656219482,59.6989364624,9.10221828226,1.37018987662,311.291958644,0.26514339447
UBFC_A1/Eval_On_COHFACE,COHFACE,old,COHFACE_s33_session2_natural,20,71.0,76.0,large_error,71.0,0.9999999999999999,70.0,0.978862174597847,72.0,0.9058088656356543,76.0,0.9999999999999997,75.0,0.9900841279110467,77.0,0.8908476791043097,33_2,33,2,natural,95.9656219482,59.6989364624,9.10221828226,1.37018987662,311.291958644,0.26514339447
UBFC_A1/Eval_On_COHFACE,COHFACE,old,COHFACE_s33_session2_natural,21,71.0,90.0,super_harmonic_1p5x,71.0,0.9999999999999999,72.0,0.9855106648971167,70.0,0.9052985049543989,90.0,0.9999999999999997,89.0,0.9663425012416303,91.0,0.9352428136038213,33_2,33,2,natural,95.9656219482,59.6989364624,9.10221828226,1.37018987662,311.291958644,0.26514339447
UBFC_A1/Eval_On_COHFACE,COHFACE,old,COHFACE_s33_session2_natural,22,73.0,120.0,super_harmonic_1p5x,73.0,0.9999999999999999,74.0,0.9877604896421097,72.0,0.9112255244851948,120.0,0.9999999999999996,119.0,0.970965714321671,121.0,0.924724720536978,33_2,33,2,natural,95.9656219482,59.6989364624,9.10221828226,1.37018987662,311.291958644,0.26514339447
UBFC_A1/Eval_On_COHFACE,COHFACE,old,COHFACE_s33_session2_natural,23,76.0,67.0,large_error,76.0,0.9999999999999999,75.0,0.9437149685649705,77.0,0.942009879089032,67.0,0.9999999999999998,66.0,0.9183856120278642,68.0,0.9179039028539782,33_2,33,2,natural,95.9656219482,59.6989364624,9.10221828226,1.37018987662,311.291958644,0.26514339447
UBFC_A1/Eval_On_COHFACE,COHFACE,old,COHFACE_s33_session2_natural,24,77.0,68.0,large_error,77.0,0.9999999999999999,78.0,0.9903484447277447,76.0,0.8904409116215591,68.0,0.9999999999999996,67.0,0.9815367246150662,69.0,0.8862332101602459,33_2,33,2,natural,95.9656219482,59.6989364624,9.10221828226,1.37018987662,311.291958644,0.26514339447
UBFC_A1/Eval_On_COHFACE,COHFACE,old,COHFACE_s33_session2_natural,25,77.0,92.0,large_error,77.0,0.9999999999999999,78.0,0.9779215175665623,76.0,0.9017637111117239,92.0,0.9999999999999993,45.0,0.9998527333482317,68.0,0.9922031519669856,33_2,33,2,natural,95.9656219482,59.6989364624,9.10221828226,1.37018987662,311.291958644,0.26514339447
UBFC_A1/Eval_On_COHFACE,COHFACE,old,COHFACE_s33_session2_natural,26,77.0,44.0,sub_harmonic_half,77.0,0.9999999999999999,78.0,0.9763313230209338,76.0,0.9170146740011874,44.0,0.9999999999999998,43.0,0.9506512239099321,45.0,0.9354260534841596,33_2,33,2,natural,95.9656219482,59.6989364624,9.10221828226,1.37018987662,311.291958644,0.26514339447
UBFC_A1/Eval_On_COHFACE,COHFACE,old,COHFACE_s33_session2_natural,27,77.0,50.0,large_error,77.0,0.9999999999999999,76.0,0.9925560410520053,78.0,0.9053710664706752,50.0,0.9999999999999997,49.0,0.9741718493799909,51.0,0.9533921749569323,33_2,33,2,natural,95.9656219482,59.6989364624,9.10221828226,1.37018987662,311.291958644,0.26514339447
UBFC_A1/Eval_On_COHFACE,COHFACE,old,COHFACE_s33_session2_natural,28,77.0,48.0,large_error,77.0,0.9999999999999999,76.0,0.9822883859828483,78.0,0.9144599071645736,48.0,0.9999999999999997,47.0,0.9894991674432682,49.0,0.9351094680205719,33_2,33,2,natural,95.9656219482,59.6989364624,9.10221828226,1.37018987662,311.291958644,0.26514339447
UBFC_A1/Eval_On_COHFACE,COHFACE,old,COHFACE_s33_session2_natural,29,77.0,44.0,sub_harmonic_half,77.0,0.9999999999999999,76.0,0.9857081576483031,78.0,0.9004581632229355,44.0,0.9999999999999998,45.0,0.9671086636481621,43.0,0.9511103141642372,33_2,33,2,natural,95.9656219482,59.6989364624,9.10221828226,1.37018987662,311.291958644,0.26514339447
UBFC_A1/Eval_On_COHFACE,COHFACE,old,COHFACE_s33_session2_natural,30,77.0,47.0,large_error,77.0,0.9999999999999999,78.0,0.9514374977246546,76.0,0.9242658357394549,47.0,0.9999999999999994,48.0,0.9478848428273079,46.0,0.9162452770639529,33_2,33,2,natural,95.9656219482,59.6989364624,9.10221828226,1.37018987662,311.291958644,0.26514339447
UBFC_A1/Eval_On_COHFACE,COHFACE,old,COHFACE_s33_session2_natural,31,77.0,73.0,large_error,77.0,0.9999999999999999,78.0,0.9491217920615318,76.0,0.9245748271763935,73.0,0.9999999999999997,74.0,0.9992158732677512,75.0,0.8945664827312828,33_2,33,2,natural,95.9656219482,59.6989364624,9.10221828226,1.37018987662,311.291958644,0.26514339447
UBFC_A1/Eval_On_COHFACE,COHFACE,old,COHFACE_s33_session2_natural,32,77.0,75.0,correct,77.0,0.9999999999999999,76.0,0.945294458317425,78.0,0.9386358440098255,75.0,0.9999999999999999,76.0,0.9488937710690479,74.0,0.9408762047067739,33_2,33,2,natural,95.9656219482,59.6989364624,9.10221828226,1.37018987662,311.291958644,0.26514339447
UBFC_A1/Eval_On_COHFACE,COHFACE,old,COHFACE_s33_session2_natural,33,77.0,81.0,large_error,77.0,0.9999999999999999,78.0,0.953263503027011,76.0,0.9447313611346876,81.0,0.9999999999999999,80.0,0.9790391751075153,82.0,0.9625150434569006,33_2,33,2,natural,95.9656219482,59.6989364624,9.10221828226,1.37018987662,311.291958644,0.26514339447
UBFC_A1/Eval_On_COHFACE,COHFACE,old,COHFACE_s33_session2_natural,34,77.0,81.0,large_error,77.0,0.9999999999999999,76.0,0.9712867819941292,78.0,0.9151030674812476,81.0,0.9999999999999999,80.0,0.9796235822442523,82.0,0.9463599652404693,33_2,33,2,natural,95.9656219482,59.6989364624,9.10221828226,1.37018987662,311.291958644,0.26514339447
UBFC_A1/Eval_On_COHFACE,COHFACE,old,COHFACE_s33_session2_natural,35,77.0,78.0,correct,77.0,0.9999999999999999,76.0,0.9543223552642555,78.0,0.9222046577345868,78.0,0.9999999999999998,77.0,0.986920132811931,79.0,0.897041269808063,33_2,33,2,natural,95.9656219482,59.6989364624,9.10221828226,1.37018987662,311.291958644,0.26514339447
UBFC_A1/Eval_On_COHFACE,COHFACE,old,COHFACE_s33_session2_natural,36,77.0,67.0,large_error,77.0,0.9999999999999999,76.0,0.9671333171252527,78.0,0.9044670373312205,67.0,0.9999999999999999,68.0,0.9711054996135482,66.0,0.8828225936094237,33_2,33,2,natural,95.9656219482,59.6989364624,9.10221828226,1.37018987662,311.291958644,0.26514339447
UBFC_A1/Eval_On_COHFACE,COHFACE,old,COHFACE_s33_session2_natural,37,77.0,75.0,correct,77.0,0.9999999999999999,76.0,0.9624140322329262,78.0,0.9251869780844129,75.0,0.9999999999999999,74.0,0.9747354360610501,76.0,0.9385116070780164,33_2,33,2,natural,95.9656219482,59.6989364624,9.10221828226,1.37018987662,311.291958644,0.26514339447
UBFC_A1/Eval_On_COHFACE,COHFACE,old,COHFACE_s33_session2_natural,38,77.0,59.0,large_error,77.0,0.9999999999999999,76.0,0.9628897047523834,78.0,0.9269398018822468,59.0,0.9999999999999998,60.0,0.9907397531554272,58.0,0.8903130453680003,33_2,33,2,natural,95.9656219482,59.6989364624,9.10221828226,1.37018987662,311.291958644,0.26514339447
UBFC_A1/Eval_On_COHFACE,COHFACE,old,COHFACE_s33_session2_natural,39,77.0,63.0,large_error,77.0,0.9999999999999999,76.0,0.9534587586532492,78.0,0.9439810215035902,63.0,0.9999999999999998,61.99999999999999,0.9943652045664906,64.0,0.9918836811629004,33_2,33,2,natural,95.9656219482,59.6989364624,9.10221828226,1.37018987662,311.291958644,0.26514339447
UBFC_A1/Eval_On_COHFACE,COHFACE,old,COHFACE_s33_session2_natural,40,77.0,63.0,large_error,77.0,0.9999999999999999,76.0,0.967430123148292,78.0,0.923267061358969,63.0,0.9999999999999998,61.99999999999999,0.9919012206776177,64.0,0.988331552826278,33_2,33,2,natural,95.9656219482,59.6989364624,9.10221828226,1.37018987662,311.291958644,0.26514339447
UBFC_A1/Eval_On_COHFACE,COHFACE,old,COHFACE_s33_session2_natural,41,77.0,60.0,large_error,77.0,0.9999999999999999,78.0,0.9905290398428138,76.0,0.8876345525810352,60.0,0.9999999999999998,61.0,0.9672668367474226,59.0,0.9584614825883834,33_2,33,2,natural,95.9656219482,59.6989364624,9.10221828226,1.37018987662,311.291958644,0.26514339447
UBFC_A1/Eval_On_COHFACE,COHFACE,old,COHFACE_s33_session2_natural,42,78.0,83.0,large_error,78.0,0.9999999999999999,77.0,0.9536342141379083,79.0,0.91632037734971,83.0,0.9999999999999998,82.0,0.9730090650072934,84.0,0.8927116809974487,33_2,33,2,natural,95.9656219482,59.6989364624,9.10221828226,1.37018987662,311.291958644,0.26514339447
UBFC_A1/Eval_On_COHFACE,COHFACE,old,COHFACE_s33_session2_natural,43,78.0,44.0,sub_harmonic_half,78.0,0.9999999999999999,77.0,0.9478124805649917,79.0,0.933940902861982,44.0,0.9999999999999999,45.0,0.9891166081464375,43.0,0.8976435488606774,33_2,33,2,natural,95.9656219482,59.6989364624,9.10221828226,1.37018987662,311.291958644,0.26514339447
UBFC_A1/Eval_On_COHFACE,COHFACE,old,COHFACE_s33_session2_natural,44,78.0,43.0,sub_harmonic_half,78.0,0.9999999999999998,77.0,0.9854202006808811,79.0,0.919892472539042,43.0,0.9999999999999998,44.0,0.9763853579068688,42.0,0.9067667644811815,33_2,33,2,natural,95.9656219482,59.6989364624,9.10221828226,1.37018987662,311.291958644,0.26514339447
UBFC_A1/Eval_On_COHFACE,COHFACE,old,COHFACE_s33_session2_natural,45,77.0,40.0,sub_harmonic_half,77.0,0.9999999999999998,76.0,0.9776561495568463,78.0,0.9170028994678833,40.0,0.9999999999999997,41.0,0.8811306624310314,81.0,0.7667763022533592,33_2,33,2,natural,95.9656219482,59.6989364624,9.10221828226,1.37018987662,311.291958644,0.26514339447
UBFC_A1/Eval_On_COHFACE,COHFACE,old,COHFACE_s33_session2_natural,46,76.0,81.0,large_error,76.0,0.9999999999999999,77.0,0.96041200021873,75.0,0.9337088416840638,81.0,0.9999999999999997,61.0,0.9873832655532181,61.99999999999999,0.9817737792097329,33_2,33,2,natural,95.9656219482,59.6989364624,9.10221828226,1.37018987662,311.291958644,0.26514339447
UBFC_A1/Eval_On_COHFACE,COHFACE,old,COHFACE_s33_session2_natural,47,76.0,43.0,sub_harmonic_half,76.0,0.9999999999999999,75.0,0.9725043060056533,77.0,0.9036596631110856,43.0,0.9999999999999997,44.0,0.9984075969532202,42.0,0.8804853012636747,33_2,33,2,natural,95.9656219482,59.6989364624,9.10221828226,1.37018987662,311.291958644,0.26514339447
UBFC_A1/Eval_On_COHFACE,COHFACE,old,COHFACE_s33_session2_natural,48,75.0,40.0,sub_harmonic_half,75.0,0.9999999999999999,76.0,0.9768238633607562,74.0,0.8970944952184832,40.0,0.9999999999999998,41.0,0.8701462324637171,81.0,0.6972249244380719,33_2,33,2,natural,95.9656219482,59.6989364624,9.10221828226,1.37018987662,311.291958644,0.26514339447
UBFC_A1/Eval_On_COHFACE,COHFACE,old,COHFACE_s33_session2_natural,49,75.0,41.0,sub_harmonic_half,75.0,0.9999999999999999,76.0,0.9407713172433058,74.0,0.9368746862787894,41.0,0.9999999999999997,42.0,0.9704685087065501,40.0,0.9287987939353883,33_2,33,2,natural,95.9656219482,59.6989364624,9.10221828226,1.37018987662,311.291958644,0.26514339447
UBFC_A1/Eval_On_COHFACE,COHFACE,old,COHFACE_s33_session2_natural,50,75.0,41.0,sub_harmonic_half,75.0,0.9999999999999999,76.0,0.9533165238689245,74.0,0.9387015356575223,41.0,0.9999999999999998,40.0,0.967968806295376,42.0,0.9411059269728268,33_2,33,2,natural,95.9656219482,59.6989364624,9.10221828226,1.37018987662,311.291958644,0.26514339447
UBFC_A1/Eval_On_COHFACE,COHFACE,old,COHFACE_s33_session3_natural,0,80.0,74.0,large_error,80.0,0.9999999999999999,81.0,0.9855806861919891,79.0,0.9002908023308598,74.0,0.9999999999999998,73.0,0.9893127409176181,75.0,0.9410097324359481,33_3,33,3,natural,91.2691192627,57.2795562744,10.1572105533,0.939561187244,288.667156045,0.284706056118
UBFC_A1/Eval_On_COHFACE,COHFACE,old,COHFACE_s33_session3_natural,1,82.0,74.0,large_error,82.0,0.9999999999999999,81.0,0.9601406519596972,83.0,0.9032611327478228,74.0,0.9999999999999997,73.0,0.9619940393818429,75.0,0.9422286609052171,33_3,33,3,natural,91.2691192627,57.2795562744,10.1572105533,0.939561187244,288.667156045,0.284706056118
UBFC_A1/Eval_On_COHFACE,COHFACE,old,COHFACE_s33_session3_natural,2,82.0,69.0,large_error,82.0,0.9999999999999999,81.0,0.9873742129976563,71.0,0.9217791780216806,69.0,0.9999999999999998,70.0,0.9350382852794974,58.0,0.933727482960478,33_3,33,3,natural,91.2691192627,57.2795562744,10.1572105533,0.939561187244,288.667156045,0.284706056118
UBFC_A1/Eval_On_COHFACE,COHFACE,old,COHFACE_s33_session3_natural,3,70.0,68.0,correct,70.0,0.9999999999999999,69.0,0.9827265991435649,71.0,0.8786148522515478,68.0,0.9999999999999998,69.0,0.9583315789513179,67.0,0.9414874236654718,33_3,33,3,natural,91.2691192627,57.2795562744,10.1572105533,0.939561187244,288.667156045,0.284706056118
UBFC_A1/Eval_On_COHFACE,COHFACE,old,COHFACE_s33_session3_natural,4,68.0,53.0,large_error,68.0,0.9999999999999998,69.0,0.9821704551409899,67.0,0.9251638833222472,53.0,0.999999999999999,54.0,0.9973945741914758,52.0,0.9753718290184427,33_3,33,3,natural,91.2691192627,57.2795562744,10.1572105533,0.939561187244,288.667156045,0.284706056118
UBFC_A1/Eval_On_COHFACE,COHFACE,old,COHFACE_s33_session3_natural,5,67.0,60.0,large_error,67.0,0.9999999999999998,68.0,0.9732649039048994,66.0,0.9570791809290682,60.0,0.9999999999999999,59.0,0.9626198294305861,61.0,0.9263466651284096,33_3,33,3,natural,91.2691192627,57.2795562744,10.1572105533,0.939561187244,288.667156045,0.284706056118
UBFC_A1/Eval_On_COHFACE,COHFACE,old,COHFACE_s33_session3_natural,6,68.0,60.0,large_error,68.0,0.9999999999999999,69.0,0.9806086688700961,67.0,0.9597975971915153,60.0,0.9999999999999999,59.0,0.9649407240100266,61.0,0.9414242452234829,33_3,33,3,natural,91.2691192627,57.2795562744,10.1572105533,0.939561187244,288.667156045,0.284706056118
UBFC_A1/Eval_On_COHFACE,COHFACE,old,COHFACE_s33_session3_natural,7,69.0,60.0,large_error,69.0,1.0,68.0,0.9871477146181071,70.0,0.9100826944564288,60.0,0.9999999999999998,61.0,0.9656337786560257,59.0,0.9149814091506471,33_3,33,3,natural,91.2691192627,57.2795562744,10.1572105533,0.939561187244,288.667156045,0.284706056118
UBFC_A1/Eval_On_COHFACE,COHFACE,old,COHFACE_s33_session3_natural,8,68.0,60.0,large_error,68.0,1.0,69.0,0.9970195732382814,67.0,0.8824680525944508,60.0,0.9999999999999998,61.0,0.9875406912302874,59.0,0.876101481295257,33_3,33,3,natural,91.2691192627,57.2795562744,10.1572105533,0.939561187244,288.667156045,0.284706056118
UBFC_A1/Eval_On_COHFACE,COHFACE,old,COHFACE_s33_session3_natural,9,69.0,60.0,large_error,69.0,1.0,70.0,0.96953827063956,68.0,0.9079799816668118,60.0,0.9999999999999999,61.0,0.9947104394124264,59.0,0.9041562249494137,33_3,33,3,natural,91.2691192627,57.2795562744,10.1572105533,0.939561187244,288.667156045,0.284706056118
UBFC_A1/Eval_On_COHFACE,COHFACE,old,COHFACE_s33_session3_natural,10,71.0,59.0,large_error,71.0,1.0,70.0,0.9835119523487301,72.0,0.9098460987962996,59.0,0.9999999999999999,60.0,0.9562150416931239,58.0,0.9529192447798872,33_3,33,3,natural,91.2691192627,57.2795562744,10.1572105533,0.939561187244,288.667156045,0.284706056118
UBFC_A1/Eval_On_COHFACE,COHFACE,old,COHFACE_s33_session3_natural,11,72.0,47.0,large_error,72.0,0.9999999999999999,73.0,0.9645556213180004,71.0,0.9342678060784717,47.0,0.9999999999999998,46.0,0.9916643663895932,48.0,0.866605108433848,33_3,33,3,natural,91.2691192627,57.2795562744,10.1572105533,0.939561187244,288.667156045,0.284706056118
UBFC_A1/Eval_On_COHFACE,COHFACE,old,COHFACE_s33_session3_natural,12,74.0,51.0,large_error,74.0,0.9999999999999999,75.0,0.9653079573868076,73.0,0.9337498900229059,51.0,0.9999999999999998,52.0,0.999619473912218,50.0,0.9367951892473717,33_3,33,3,natural,91.2691192627,57.2795562744,10.1572105533,0.939561187244,288.667156045,0.284706056118
UBFC_A1/Eval_On_COHFACE,COHFACE,old,COHFACE_s33_session3_natural,13,75.0,51.0,large_error,75.0,0.9999999999999999,76.0,0.9747336451337196,74.0,0.9020663348912317,51.0,0.9999999999999999,52.0,0.967968944330752,50.0,0.9248856990753169,33_3,33,3,natural,91.2691192627,57.2795562744,10.1572105533,0.939561187244,288.667156045,0.284706056118
UBFC_A1/Eval_On_COHFACE,COHFACE,old,COHFACE_s33_session3_natural,14,76.0,51.0,large_error,76.0,0.9999999999999999,77.0,0.9579807157693806,75.0,0.9147202404768713,51.0,0.9999999999999998,52.0,0.9983827250181546,50.0,0.8999116659100531,33_3,33,3,natural,91.2691192627,57.2795562744,10.1572105533,0.939561187244,288.667156045,0.284706056118
UBFC_A1/Eval_On_COHFACE,COHFACE,old,COHFACE_s33_session3_natural,15,76.0,52.0,large_error,76.0,0.9999999999999999,75.0,0.9478400810687675,77.0,0.9354001557883739,52.0,0.9999999999999998,51.0,0.9856158687878023,53.0,0.981355684985456,33_3,33,3,natural,91.2691192627,57.2795562744,10.1572105533,0.939561187244,288.667156045,0.284706056118
UBFC_A1/Eval_On_COHFACE,COHFACE,old,COHFACE_s33_session3_natural,16,75.0,47.0,large_error,75.0,0.9999999999999998,76.0,0.9788513123450195,74.0,0.9103680269356548,47.0,0.9999999999999998,46.0,0.9661106344908642,48.0,0.9616671311622401,33_3,33,3,natural,91.2691192627,57.2795562744,10.1572105533,0.939561187244,288.667156045,0.284706056118
UBFC_A1/Eval_On_COHFACE,COHFACE,old,COHFACE_s33_session3_natural,17,75.0,46.0,large_error,75.0,0.9999999999999999,74.0,0.9870081262887132,76.0,0.8983423828487318,46.0,0.9999999999999999,45.0,0.9751228643444692,47.0,0.953047613402135,33_3,33,3,natural,91.2691192627,57.2795562744,10.1572105533,0.939561187244,288.667156045,0.284706056118
UBFC_A1/Eval_On_COHFACE,COHFACE,old,COHFACE_s33_session3_natural,18,74.0,61.0,large_error,74.0,0.9999999999999999,75.0,0.9430369523823509,73.0,0.9421922759508048,61.0,0.9999999999999998,60.0,0.9816272294481608,61.99999999999999,0.8707557569946177,33_3,33,3,natural,91.2691192627,57.2795562744,10.1572105533,0.939561187244,288.667156045,0.284706056118
UBFC_A1/Eval_On_COHFACE,COHFACE,old,COHFACE_s33_session3_natural,19,74.0,73.0,correct,74.0,0.9999999999999999,73.0,0.9960956249992017,75.0,0.8817117151877982,73.0,0.9999999999999998,72.0,0.9273617045127794,74.0,0.913595372552695,33_3,33,3,natural,91.2691192627,57.2795562744,10.1572105533,0.939561187244,288.667156045,0.284706056118
UBFC_A1/Eval_On_COHFACE,COHFACE,old,COHFACE_s33_session3_natural,20,74.0,76.0,correct,74.0,0.9999999999999999,73.0,0.9682496934170051,75.0,0.9170479530255508,76.0,0.9999999999999997,75.0,0.9923951029120825,77.0,0.9004613516687024,33_3,33,3,natural,91.2691192627,57.2795562744,10.1572105533,0.939561187244,288.667156045,0.284706056118
UBFC_A1/Eval_On_COHFACE,COHFACE,old,COHFACE_s33_session3_natural,21,74.0,76.0,correct,74.0,0.9999999999999999,75.0,0.9802401396194235,73.0,0.9073837077918565,76.0,0.9999999999999996,77.0,0.9723461950149486,75.0,0.9358447305334089,33_3,33,3,natural,91.2691192627,57.2795562744,10.1572105533,0.939561187244,288.667156045,0.284706056118
UBFC_A1/Eval_On_COHFACE,COHFACE,old,COHFACE_s33_session3_natural,22,75.0,73.0,correct,75.0,0.9999999999999999,76.0,0.959613840842005,74.0,0.9296602095958871,73.0,0.9999999999999989,72.0,0.9895165593444235,74.0,0.9532152054682216,33_3,33,3,natural,91.2691192627,57.2795562744,10.1572105533,0.939561187244,288.667156045,0.284706056118
UBFC_A1/Eval_On_COHFACE,COHFACE,old,COHFACE_s33_session3_natural,23,76.0,73.0,correct,76.0,0.9999999999999999,75.0,0.9610250358900536,77.0,0.9312437403889418,73.0,0.9999999999999997,72.0,0.9423106912713436,74.0,0.9375309773289019,33_3,33,3,natural,91.2691192627,57.2795562744,10.1572105533,0.939561187244,288.667156045,0.284706056118
UBFC_A1/Eval_On_COHFACE,COHFACE,old,COHFACE_s33_session3_natural,24,76.0,49.0,large_error,76.0,0.9999999999999999,77.0,0.9782634353182476,75.0,0.904186926158301,49.0,0.9999999999999997,50.0,0.9363170253059803,48.0,0.9266157181685,33_3,33,3,natural,91.2691192627,57.2795562744,10.1572105533,0.939561187244,288.667156045,0.284706056118
UBFC_A1/Eval_On_COHFACE,COHFACE,old,COHFACE_s33_session3_natural,25,77.0,121.0,super_harmonic_1p5x,77.0,0.9999999999999999,76.0,0.9740464273036029,78.0,0.9096818326476599,121.0,0.9999999999999994,80.0,0.9746177976228529,98.0,0.9706579664296056,33_3,33,3,natural,91.2691192627,57.2795562744,10.1572105533,0.939561187244,288.667156045,0.284706056118
UBFC_A1/Eval_On_COHFACE,COHFACE,old,COHFACE_s33_session3_natural,26,77.0,66.0,large_error,77.0,0.9999999999999999,76.0,0.9623661077269875,78.0,0.922571460701399,66.0,0.9999999999999999,65.0,0.9875908094231329,67.0,0.9110871265182369,33_3,33,3,natural,91.2691192627,57.2795562744,10.1572105533,0.939561187244,288.667156045,0.284706056118
UBFC_A1/Eval_On_COHFACE,COHFACE,old,COHFACE_s33_session3_natural,27,77.0,67.0,large_error,77.0,0.9999999999999999,76.0,0.9493054537730333,78.0,0.9411200331875336,67.0,0.9999999999999998,68.0,0.980805431292792,66.0,0.8923936653244978,33_3,33,3,natural,91.2691192627,57.2795562744,10.1572105533,0.939561187244,288.667156045,0.284706056118
UBFC_A1/Eval_On_COHFACE,COHFACE,old,COHFACE_s33_session3_natural,28,77.0,97.0,super_harmonic_1p5x,77.0,0.9999999999999999,76.0,0.9457671946284594,78.0,0.936376541860603,97.0,0.9999999999999999,98.0,0.999666557849223,96.0,0.8849114943997609,33_3,33,3,natural,91.2691192627,57.2795562744,10.1572105533,0.939561187244,288.667156045,0.284706056118
UBFC_A1/Eval_On_COHFACE,COHFACE,old,COHFACE_s33_session3_natural,29,77.0,97.0,super_harmonic_1p5x,77.0,0.9999999999999999,76.0,0.9635025283748329,78.0,0.9180229857491364,97.0,0.9999999999999998,96.0,0.9699659948874307,98.0,0.9433694622442389,33_3,33,3,natural,91.2691192627,57.2795562744,10.1572105533,0.939561187244,288.667156045,0.284706056118
UBFC_A1/Eval_On_COHFACE,COHFACE,old,COHFACE_s33_session3_natural,30,77.0,97.0,super_harmonic_1p5x,77.0,0.9999999999999999,76.0,0.9872819117313911,78.0,0.8886014008224259,97.0,0.9999999999999998,98.0,0.9770799940946104,96.0,0.937164308029076,33_3,33,3,natural,91.2691192627,57.2795562744,10.1572105533,0.939561187244,288.667156045,0.284706056118
UBFC_A1/Eval_On_COHFACE,COHFACE,old,COHFACE_s33_session3_natural,31,76.0,97.0,super_harmonic_1p5x,76.0,0.9999999999999999,75.0,0.9599454209204489,77.0,0.9221947330587368,97.0,0.9999999999999998,98.0,0.9902753220476913,96.0,0.9295364055860215,33_3,33,3,natural,91.2691192627,57.2795562744,10.1572105533,0.939561187244,288.667156045,0.284706056118
UBFC_A1/Eval_On_COHFACE,COHFACE,old,COHFACE_s33_session3_natural,32,76.0,72.0,large_error,76.0,0.9999999999999999,77.0,0.9536237680793107,75.0,0.9338597520860636,72.0,0.9999999999999998,71.0,0.9999441392605201,73.0,0.9423323117815101,33_3,33,3,natural,91.2691192627,57.2795562744,10.1572105533,0.939561187244,288.667156045,0.284706056118
UBFC_A1/Eval_On_COHFACE,COHFACE,old,COHFACE_s33_session3_natural,33,76.0,74.0,correct,76.0,0.9999999999999999,77.0,0.9462948380399369,75.0,0.9447999499324609,74.0,0.9999999999999997,75.0,0.9816758178531891,73.0,0.969668501247782,33_3,33,3,natural,91.2691192627,57.2795562744,10.1572105533,0.939561187244,288.667156045,0.284706056118
UBFC_A1/Eval_On_COHFACE,COHFACE,old,COHFACE_s33_session3_natural,34,76.0,67.0,large_error,76.0,0.9999999999999999,75.0,0.9868829405110179,77.0,0.8967491551915956,67.0,0.9999999999999998,66.0,0.9495018542193601,68.0,0.9336975708276375,33_3,33,3,natural,91.2691192627,57.2795562744,10.1572105533,0.939561187244,288.667156045,0.284706056118
UBFC_A1/Eval_On_COHFACE,COHFACE,old,COHFACE_s33_session3_natural,35,74.0,67.0,large_error,74.0,1.0,75.0,0.9882276285103818,73.0,0.8886480665914017,67.0,0.9999999999999998,68.0,0.9592332464567477,66.0,0.9422472090267079,33_3,33,3,natural,91.2691192627,57.2795562744,10.1572105533,0.939561187244,288.667156045,0.284706056118
UBFC_A1/Eval_On_COHFACE,COHFACE,old,COHFACE_s33_session3_natural,36,73.0,68.0,large_error,73.0,0.9999999999999999,72.0,0.9444365313142025,74.0,0.9430841015796368,68.0,0.9999999999999998,67.0,0.9217180180203611,69.0,0.8978629315615353,33_3,33,3,natural,91.2691192627,57.2795562744,10.1572105533,0.939561187244,288.667156045,0.284706056118
UBFC_A1/Eval_On_COHFACE,COHFACE,old,COHFACE_s33_session3_natural,37,72.0,40.0,sub_harmonic_half,72.0,0.9999999999999999,71.0,0.9939132650227325,73.0,0.9037334876406016,40.0,0.9999999999999996,41.0,0.7642108093690293,49.0,0.6930469370119862,33_3,33,3,natural,91.2691192627,57.2795562744,10.1572105533,0.939561187244,288.667156045,0.284706056118
UBFC_A1/Eval_On_COHFACE,COHFACE,old,COHFACE_s33_session3_natural,38,70.0,52.0,large_error,70.0,0.9999999999999999,71.0,0.9644260272998694,69.0,0.9571577858985638,52.0,0.9999999999999996,51.0,0.9397998700559479,53.0,0.9366394734104995,33_3,33,3,natural,91.2691192627,57.2795562744,10.1572105533,0.939561187244,288.667156045,0.284706056118
UBFC_A1/Eval_On_COHFACE,COHFACE,old,COHFACE_s33_session3_natural,39,69.0,64.0,large_error,69.0,1.0,68.0,0.9582806945489236,70.0,0.9554682380047068,64.0,0.9999999999999994,65.0,0.994888035552761,63.0,0.8992520453386802,33_3,33,3,natural,91.2691192627,57.2795562744,10.1572105533,0.939561187244,288.667156045,0.284706056118
UBFC_A1/Eval_On_COHFACE,COHFACE,old,COHFACE_s33_session3_natural,40,69.0,64.0,large_error,69.0,1.0,68.0,0.955996878108971,70.0,0.9387697793984233,64.0,0.9999999999999992,63.0,0.9863506735990527,65.0,0.9412798407751002,33_3,33,3,natural,91.2691192627,57.2795562744,10.1572105533,0.939561187244,288.667156045,0.284706056118
UBFC_A1/Eval_On_COHFACE,COHFACE,old,COHFACE_s33_session3_natural,41,69.0,66.0,correct,69.0,1.0,70.0,0.9858722009196669,68.0,0.8948796083245459,66.0,0.9999999999999999,65.0,0.938215747349804,67.0,0.9169630195579788,33_3,33,3,natural,91.2691192627,57.2795562744,10.1572105533,0.939561187244,288.667156045,0.284706056118
UBFC_A1/Eval_On_COHFACE,COHFACE,old,COHFACE_s33_session3_natural,42,71.0,66.0,large_error,71.0,0.9999999999999999,70.0,0.9717072906521601,72.0,0.9190813401630107,66.0,0.9999999999999998,65.0,0.9848127175959872,67.0,0.9407622465045397,33_3,33,3,natural,91.2691192627,57.2795562744,10.1572105533,0.939561187244,288.667156045,0.284706056118
UBFC_A1/Eval_On_COHFACE,COHFACE,old,COHFACE_s33_session3_natural,43,73.0,67.0,large_error,73.0,0.9999999999999999,72.0,0.966710974875293,74.0,0.9294240177888725,67.0,0.9999999999999999,66.0,0.9481878970764354,68.0,0.9345190666162096,33_3,33,3,natural,91.2691192627,57.2795562744,10.1572105533,0.939561187244,288.667156045,0.284706056118
UBFC_A1/Eval_On_COHFACE,COHFACE,old,COHFACE_s33_session3_natural,44,75.0,71.0,large_error,75.0,0.9999999999999999,76.0,0.9789922038932541,74.0,0.9211699702477136,71.0,0.9999999999999999,70.0,0.9786169153081374,72.0,0.9317670457086636,33_3,33,3,natural,91.2691192627,57.2795562744,10.1572105533,0.939561187244,288.667156045,0.284706056118
UBFC_A1/Eval_On_COHFACE,COHFACE,old,COHFACE_s33_session3_natural,45,77.0,70.0,large_error,77.0,0.9999999999999999,78.0,0.9475556483697807,76.0,0.93997652602099,70.0,0.9999999999999998,69.0,0.9659647016812062,71.0,0.9377129612400831,33_3,33,3,natural,91.2691192627,57.2795562744,10.1572105533,0.939561187244,288.667156045,0.284706056118
UBFC_A1/Eval_On_COHFACE,COHFACE,old,COHFACE_s33_session3_natural,46,78.0,69.0,large_error,78.0,0.9999999999999999,77.0,0.9929280990228223,79.0,0.8963847074352626,69.0,0.9999999999999998,68.0,0.9903359148372867,70.0,0.9490010209865999,33_3,33,3,natural,91.2691192627,57.2795562744,10.1572105533,0.939561187244,288.667156045,0.284706056118
UBFC_A1/Eval_On_COHFACE,COHFACE,old,COHFACE_s33_session3_natural,47,78.0,66.0,large_error,78.0,0.9999999999999999,77.0,0.9569343581333838,79.0,0.9216523549487695,66.0,0.9999999999999999,67.0,0.9966387726845929,65.0,0.8843988931591721,33_3,33,3,natural,91.2691192627,57.2795562744,10.1572105533,0.939561187244,288.667156045,0.284706056118
UBFC_A1/Eval_On_COHFACE,COHFACE,old,COHFACE_s33_session3_natural,48,78.0,64.0,large_error,78.0,0.9999999999999999,79.0,0.9603104480447644,77.0,0.9237787166220542,64.0,0.9999999999999999,65.0,0.9623482995061022,63.0,0.9047823411665553,33_3,33,3,natural,91.2691192627,57.2795562744,10.1572105533,0.939561187244,288.667156045,0.284706056118
UBFC_A1/Eval_On_COHFACE,COHFACE,old,COHFACE_s33_session3_natural,49,77.0,63.0,large_error,77.0,0.9999999999999999,78.0,0.9970510368257258,76.0,0.890197193181665,63.0,0.9999999999999998,61.99999999999999,0.9807763048117936,64.0,0.9114118435343188,33_3,33,3,natural,91.2691192627,57.2795562744,10.1572105533,0.939561187244,288.667156045,0.284706056118
UBFC_A1/Eval_On_COHFACE,COHFACE,old,COHFACE_s33_session3_natural,50,77.0,61.99999999999999,large_error,77.0,1.0,76.0,0.9589754775051709,78.0,0.9258504702608376,61.99999999999999,0.9999999999999999,63.0,0.9833884618668111,61.0,0.9051265816480223,33_3,33,3,natural,91.2691192627,57.2795562744,10.1572105533,0.939561187244,288.667156045,0.284706056118
UBFC_A1/Eval_On_COHFACE,COHFACE,old,COHFACE_s34_session0_lamp,0,60.0,79.0,super_harmonic_1p5x,60.0,0.9999999999999999,59.0,0.9513374245516183,50.0,0.882565575773193,79.0,0.9999999999999998,78.0,0.9616103100503793,80.0,0.9311345960615411,34_0,34,0,lamp,106.696113586,39.4299812317,0.500248927696,0,241.885358736,0.194353625178
UBFC_A1/Eval_On_COHFACE,COHFACE,old,COHFACE_s34_session0_lamp,1,56.0,77.0,super_harmonic_1p5x,56.0,0.9999999999999998,55.0,0.9878774641410549,57.0,0.9355273557525916,77.0,0.9999999999999993,76.0,0.9969462332470651,78.0,0.9515041012360702,34_0,34,0,lamp,106.696113586,39.4299812317,0.500248927696,0,241.885358736,0.194353625178
UBFC_A1/Eval_On_COHFACE,COHFACE,old,COHFACE_s34_session0_lamp,2,56.0,52.0,large_error,56.0,0.9999999999999998,55.0,0.9957095390997583,57.0,0.8997715553389574,52.0,0.9999999999999999,51.0,0.981413686616205,53.0,0.9099029032901402,34_0,34,0,lamp,106.696113586,39.4299812317,0.500248927696,0,241.885358736,0.194353625178
UBFC_A1/Eval_On_COHFACE,COHFACE,old,COHFACE_s34_session0_lamp,3,56.0,80.0,super_harmonic_1p5x,56.0,0.9999999999999998,55.0,0.952678635916867,57.0,0.9307231075762723,80.0,0.9999999999999998,81.0,0.9303743230741538,79.0,0.9085228929500397,34_0,34,0,lamp,106.696113586,39.4299812317,0.500248927696,0,241.885358736,0.194353625178
UBFC_A1/Eval_On_COHFACE,COHFACE,old,COHFACE_s34_session0_lamp,4,57.0,81.0,super_harmonic_1p5x,57.0,0.9999999999999998,56.0,0.9996038096814176,58.0,0.8955226939281303,81.0,0.9999999999999998,80.0,0.9877403604014149,82.0,0.8992224264316139,34_0,34,0,lamp,106.696113586,39.4299812317,0.500248927696,0,241.885358736,0.194353625178
UBFC_A1/Eval_On_COHFACE,COHFACE,old,COHFACE_s34_session0_lamp,5,57.0,82.0,super_harmonic_1p5x,57.0,0.9999999999999998,58.0,0.9637128858120256,56.0,0.9174013807310394,82.0,0.9999999999999998,81.0,0.9953052130697154,83.0,0.9142657855518166,34_0,34,0,lamp,106.696113586,39.4299812317,0.500248927696,0,241.885358736,0.194353625178
UBFC_A1/Eval_On_COHFACE,COHFACE,old,COHFACE_s34_session0_lamp,6,57.0,81.0,super_harmonic_1p5x,57.0,0.9999999999999999,58.0,0.9869486559181022,56.0,0.8881968418138002,81.0,0.9999999999999999,82.0,0.9739019190125137,80.0,0.9389975291787029,34_0,34,0,lamp,106.696113586,39.4299812317,0.500248927696,0,241.885358736,0.194353625178
UBFC_A1/Eval_On_COHFACE,COHFACE,old,COHFACE_s34_session0_lamp,7,57.0,81.0,super_harmonic_1p5x,57.0,0.9999999999999998,58.0,0.9647445784614748,56.0,0.9194807320673609,81.0,0.9999999999999998,82.0,0.994699174935557,80.0,0.9295103115918095,34_0,34,0,lamp,106.696113586,39.4299812317,0.500248927696,0,241.885358736,0.194353625178
UBFC_A1/Eval_On_COHFACE,COHFACE,old,COHFACE_s34_session0_lamp,8,57.0,80.0,super_harmonic_1p5x,57.0,0.9999999999999998,58.0,0.9862771262507416,56.0,0.9023413358487679,80.0,0.9999999999999998,81.0,0.9805975758154828,79.0,0.9228884122709969,34_0,34,0,lamp,106.696113586,39.4299812317,0.500248927696,0,241.885358736,0.194353625178
UBFC_A1/Eval_On_COHFACE,COHFACE,old,COHFACE_s34_session0_lamp,9,57.0,81.0,super_harmonic_1p5x,57.0,0.9999999999999998,58.0,0.9449691030194447,56.0,0.9367151268669192,81.0,0.9999999999999998,80.0,0.9869568947020972,82.0,0.9101333011844258,34_0,34,0,lamp,106.696113586,39.4299812317,0.500248927696,0,241.885358736,0.194353625178
UBFC_A1/Eval_On_COHFACE,COHFACE,old,COHFACE_s34_session0_lamp,10,57.0,81.0,super_harmonic_1p5x,57.0,0.9999999999999998,56.0,0.9828544537107674,58.0,0.9009191969874036,81.0,0.9999999999999998,80.0,0.9468129673980171,82.0,0.9399556896038639,34_0,34,0,lamp,106.696113586,39.4299812317,0.500248927696,0,241.885358736,0.194353625178
UBFC_A1/Eval_On_COHFACE,COHFACE,old,COHFACE_s34_session0_lamp,11,57.0,80.0,super_harmonic_1p5x,57.0,0.9999999999999998,56.0,0.9727206573477042,58.0,0.925496530246683,80.0,0.9999999999999998,79.0,0.9627116105255841,81.0,0.9545176629305248,34_0,34,0,lamp,106.696113586,39.4299812317,0.500248927696,0,241.885358736,0.194353625178
UBFC_A1/Eval_On_COHFACE,COHFACE,old,COHFACE_s34_session0_lamp,12,57.0,81.0,super_harmonic_1p5x,57.0,0.9999999999999998,56.0,0.9984944936341014,58.0,0.8916090652811878,81.0,0.9999999999999998,80.0,0.9866821024832558,82.0,0.9057180470936885,34_0,34,0,lamp,106.696113586,39.4299812317,0.500248927696,0,241.885358736,0.194353625178
UBFC_A1/Eval_On_COHFACE,COHFACE,old,COHFACE_s34_session0_lamp,13,57.0,79.0,super_harmonic_1p5x,57.0,0.9999999999999998,56.0,0.9806988006740255,58.0,0.9034868422643706,79.0,0.9999999999999998,80.0,0.9819099820489736,78.0,0.9332630570566731,34_0,34,0,lamp,106.696113586,39.4299812317,0.500248927696,0,241.885358736,0.194353625178
UBFC_A1/Eval_On_COHFACE,COHFACE,old,COHFACE_s34_session0_lamp,14,57.0,79.0,super_harmonic_1p5x,57.0,0.9999999999999998,58.0,0.9581867006862645,56.0,0.9351474394071355,79.0,0.9999999999999998,80.0,0.9528244164138411,78.0,0.9353743943786166,34_0,34,0,lamp,106.696113586,39.4299812317,0.500248927696,0,241.885358736,0.194353625178
UBFC_A1/Eval_On_COHFACE,COHFACE,old,COHFACE_s34_session0_lamp,15,57.0,79.0,super_harmonic_1p5x,57.0,0.9999999999999998,56.0,0.9593637152593858,58.0,0.9307306775968043,79.0,0.9999999999999998,80.0,0.9923247969586425,78.0,0.9058342806927038,34_0,34,0,lamp,106.696113586,39.4299812317,0.500248927696,0,241.885358736,0.194353625178
UBFC_A1/Eval_On_COHFACE,COHFACE,old,COHFACE_s34_session0_lamp,16,58.0,80.0,super_harmonic_1p5x,58.0,0.9999999999999998,57.0,0.975158493402182,59.0,0.9075265865713776,80.0,0.9999999999999998,79.0,0.9967656134355709,81.0,0.9204299168371189,34_0,34,0,lamp,106.696113586,39.4299812317,0.500248927696,0,241.885358736,0.194353625178
UBFC_A1/Eval_On_COHFACE,COHFACE,old,COHFACE_s34_session0_lamp,17,58.0,43.0,large_error,58.0,0.9999999999999998,57.0,0.993525231396556,59.0,0.8940380587925462,43.0,0.9999999999999998,44.0,0.9877720009947235,42.0,0.9071501486490425,34_0,34,0,lamp,106.696113586,39.4299812317,0.500248927696,0,241.885358736,0.194353625178
UBFC_A1/Eval_On_COHFACE,COHFACE,old,COHFACE_s34_session0_lamp,18,57.0,81.0,super_harmonic_1p5x,57.0,0.9999999999999998,58.0,0.9526939361559119,56.0,0.9368514007198113,81.0,0.9999999999999999,80.0,0.9431618359789032,82.0,0.9396541494012037,34_0,34,0,lamp,106.696113586,39.4299812317,0.500248927696,0,241.885358736,0.194353625178
UBFC_A1/Eval_On_COHFACE,COHFACE,old,COHFACE_s34_session0_lamp,19,57.0,80.0,super_harmonic_1p5x,57.0,0.9999999999999998,58.0,0.993772488901833,56.0,0.8971251798446317,80.0,0.9999999999999998,81.0,0.9937894923202267,79.0,0.9013337412681899,34_0,34,0,lamp,106.696113586,39.4299812317,0.500248927696,0,241.885358736,0.194353625178
UBFC_A1/Eval_On_COHFACE,COHFACE,old,COHFACE_s34_session0_lamp,20,57.0,78.0,super_harmonic_1p5x,57.0,0.9999999999999998,58.0,0.978368487728453,56.0,0.9142504847730193,78.0,0.9999999999999998,79.0,0.9869731201416548,67.0,0.9107169918632549,34_0,34,0,lamp,106.696113586,39.4299812317,0.500248927696,0,241.885358736,0.194353625178
UBFC_A1/Eval_On_COHFACE,COHFACE,old,COHFACE_s34_session0_lamp,21,57.0,80.0,super_harmonic_1p5x,57.0,0.9999999999999998,56.0,0.9607801525172484,58.0,0.9256597200351325,80.0,0.9999999999999998,79.0,0.9673929051461851,81.0,0.9266735424632776,34_0,34,0,lamp,106.696113586,39.4299812317,0.500248927696,0,241.885358736,0.194353625178
UBFC_A1/Eval_On_COHFACE,COHFACE,old,COHFACE_s34_session0_lamp,22,57.0,80.0,super_harmonic_1p5x,57.0,0.9999999999999998,58.0,0.9632596351637934,56.0,0.9233482793356497,80.0,0.9999999999999998,81.0,0.9689280607803354,79.0,0.9190571013481715,34_0,34,0,lamp,106.696113586,39.4299812317,0.500248927696,0,241.885358736,0.194353625178
UBFC_A1/Eval_On_COHFACE,COHFACE,old,COHFACE_s34_session0_lamp,23,57.0,79.0,super_harmonic_1p5x,57.0,0.9999999999999998,58.0,0.9562586888230875,56.0,0.9196098446741562,79.0,0.9999999999999996,78.0,0.9804060995103019,80.0,0.9521379568306192,34_0,34,0,lamp,106.696113586,39.4299812317,0.500248927696,0,241.885358736,0.194353625178
UBFC_A1/Eval_On_COHFACE,COHFACE,old,COHFACE_s34_session0_lamp,24,57.0,81.0,super_harmonic_1p5x,57.0,0.9999999999999998,58.0,0.9747095720698364,56.0,0.9036655797833334,81.0,0.9999999999999998,80.0,0.981438221080087,82.0,0.9208555551962377,34_0,34,0,lamp,106.696113586,39.4299812317,0.500248927696,0,241.885358736,0.194353625178
UBFC_A1/Eval_On_COHFACE,COHFACE,old,COHFACE_s34_session0_lamp,25,57.0,80.0,super_harmonic_1p5x,57.0,0.9999999999999998,58.0,0.9792009718856103,56.0,0.9064757235442699,80.0,0.9999999999999999,81.0,0.9665188453851428,79.0,0.9126775488772038,34_0,34,0,lamp,106.696113586,39.4299812317,0.500248927696,0,241.885358736,0.194353625178
UBFC_A1/Eval_On_COHFACE,COHFACE,old,COHFACE_s34_session0_lamp,26,58.0,53.0,large_error,58.0,0.9999999999999998,57.0,0.9855338666699318,59.0,0.9014943801479192,53.0,0.9999999999999999,52.0,0.9915042350672192,54.0,0.9194020542670556,34_0,34,0,lamp,106.696113586,39.4299812317,0.500248927696,0,241.885358736,0.194353625178
UBFC_A1/Eval_On_COHFACE,COHFACE,old,COHFACE_s34_session0_lamp,27,58.0,82.0,super_harmonic_1p5x,58.0,0.9999999999999998,57.0,0.9514883087401095,59.0,0.9329796392477854,82.0,0.9999999999999998,81.0,0.9722466339439598,83.0,0.9253235635758104,34_0,34,0,lamp,106.696113586,39.4299812317,0.500248927696,0,241.885358736,0.194353625178
UBFC_A1/Eval_On_COHFACE,COHFACE,old,COHFACE_s34_session0_lamp,28,58.0,59.0,correct,58.0,0.9999999999999998,59.0,0.956792625984284,57.0,0.9235856538701022,59.0,0.9999999999999999,60.0,0.9797078680854204,58.0,0.8267965423323904,34_0,34,0,lamp,106.696113586,39.4299812317,0.500248927696,0,241.885358736,0.194353625178
UBFC_A1/Eval_On_COHFACE,COHFACE,old,COHFACE_s34_session0_lamp,29,59.0,46.0,large_error,59.0,0.9999999999999999,58.0,0.9875700783997373,60.0,0.8897007781413003,46.0,0.9999999999999997,47.0,0.9719465048196638,45.0,0.9545930636944782,34_0,34,0,lamp,106.696113586,39.4299812317,0.500248927696,0,241.885358736,0.194353625178
UBFC_A1/Eval_On_COHFACE,COHFACE,old,COHFACE_s34_session0_lamp,30,59.0,60.0,correct,59.0,0.9999999999999998,58.0,0.9651639666825079,60.0,0.918144656633874,60.0,0.9999999999999998,119.0,0.9591205083985271,61.0,0.9517347588653943,34_0,34,0,lamp,106.696113586,39.4299812317,0.500248927696,0,241.885358736,0.194353625178
UBFC_A1/Eval_On_COHFACE,COHFACE,old,COHFACE_s34_session0_lamp,31,59.0,60.0,correct,59.0,0.9999999999999999,60.0,0.9704373665078663,58.0,0.9118785924735044,60.0,0.9999999999999997,59.0,0.9844591946942535,61.0,0.9229901351696571,34_0,34,0,lamp,106.696113586,39.4299812317,0.500248927696,0,241.885358736,0.194353625178
UBFC_A1/Eval_On_COHFACE,COHFACE,old,COHFACE_s34_session0_lamp,32,59.0,53.0,large_error,59.0,0.9999999999999999,60.0,0.9699418731515933,58.0,0.9102746468989366,53.0,0.9999999999999998,54.0,0.9840590584580995,52.0,0.9366451454384194,34_0,34,0,lamp,106.696113586,39.4299812317,0.500248927696,0,241.885358736,0.194353625178
UBFC_A1/Eval_On_COHFACE,COHFACE,old,COHFACE_s34_session0_lamp,33,59.0,60.0,correct,59.0,0.9999999999999999,60.0,0.951357854640193,58.0,0.9318710493422967,60.0,0.9999999999999999,59.0,0.9511935487126868,61.0,0.9335037078008509,34_0,34,0,lamp,106.696113586,39.4299812317,0.500248927696,0,241.885358736,0.194353625178
UBFC_A1/Eval_On_COHFACE,COHFACE,old,COHFACE_s34_session0_lamp,34,60.0,60.0,correct,60.0,0.9999999999999999,59.0,0.9635040646973899,61.0,0.920918356189806,60.0,0.9999999999999998,61.0,0.9445678674476742,59.0,0.9312464427026953,34_0,34,0,lamp,106.696113586,39.4299812317,0.500248927696,0,241.885358736,0.194353625178
UBFC_A1/Eval_On_COHFACE,COHFACE,old,COHFACE_s34_session0_lamp,35,60.0,60.0,correct,60.0,0.9999999999999999,59.0,0.9625198345183128,61.0,0.9264398646796589,60.0,0.9999999999999998,61.0,0.9937521545978488,59.0,0.9214046628153654,34_0,34,0,lamp,106.696113586,39.4299812317,0.500248927696,0,241.885358736,0.194353625178
UBFC_A1/Eval_On_COHFACE,COHFACE,old,COHFACE_s34_session0_lamp,36,60.0,44.0,large_error,60.0,0.9999999999999999,61.0,0.9764903377566091,59.0,0.916097602395513,44.0,0.9999999999999997,45.0,0.9659351507976638,43.0,0.9431467113970531,34_0,34,0,lamp,106.696113586,39.4299812317,0.500248927696,0,241.885358736,0.194353625178
UBFC_A1/Eval_On_COHFACE,COHFACE,old,COHFACE_s34_session0_lamp,37,61.0,43.0,large_error,61.0,0.9999999999999999,61.99999999999999,0.9806884446802095,60.0,0.9149574948088843,43.0,0.9999999999999997,44.0,0.9723729498649972,42.0,0.9220699482556317,34_0,34,0,lamp,106.696113586,39.4299812317,0.500248927696,0,241.885358736,0.194353625178
UBFC_A1/Eval_On_COHFACE,COHFACE,old,COHFACE_s34_session0_lamp,38,61.0,45.0,large_error,61.0,0.9999999999999999,61.99999999999999,0.9864431901700043,60.0,0.9059238728492733,45.0,0.9999999999999997,46.0,0.9654890783358473,44.0,0.9505670387295748,34_0,34,0,lamp,106.696113586,39.4299812317,0.500248927696,0,241.885358736,0.194353625178
UBFC_A1/Eval_On_COHFACE,COHFACE,old,COHFACE_s34_session0_lamp,39,61.99999999999999,50.0,large_error,61.99999999999999,0.9999999999999999,61.0,0.9511950834756621,63.0,0.9407657320691107,50.0,0.9999999999999997,49.0,0.9580953755244622,51.0,0.8747482717395763,34_0,34,0,lamp,106.696113586,39.4299812317,0.500248927696,0,241.885358736,0.194353625178
UBFC_A1/Eval_On_COHFACE,COHFACE,old,COHFACE_s34_session0_lamp,40,61.99999999999999,71.0,large_error,61.99999999999999,0.9999999999999999,63.0,0.9558221788956334,61.0,0.9303668431155278,71.0,0.9999999999999997,70.0,0.9832849877716776,72.0,0.8752782584805383,34_0,34,0,lamp,106.696113586,39.4299812317,0.500248927696,0,241.885358736,0.194353625178
UBFC_A1/Eval_On_COHFACE,COHFACE,old,COHFACE_s34_session0_lamp,41,61.0,76.0,large_error,61.0,0.9999999999999999,61.99999999999999,0.9907164079250725,60.0,0.8967802875476867,76.0,0.9999999999999994,53.0,0.9801297655112486,52.0,0.9800864721073284,34_0,34,0,lamp,106.696113586,39.4299812317,0.500248927696,0,241.885358736,0.194353625178
UBFC_A1/Eval_On_COHFACE,COHFACE,old,COHFACE_s34_session0_lamp,42,61.0,76.0,large_error,61.0,0.9999999999999999,60.0,0.9527832530879057,61.99999999999999,0.9455046152177927,76.0,0.9999999999999996,77.0,0.9833815492581522,75.0,0.9647666516200823,34_0,34,0,lamp,106.696113586,39.4299812317,0.500248927696,0,241.885358736,0.194353625178
UBFC_A1/Eval_On_COHFACE,COHFACE,old,COHFACE_s34_session0_lamp,43,60.0,74.0,large_error,60.0,0.9999999999999999,61.0,0.9820314772177814,59.0,0.9043703054007574,74.0,0.9999999999999997,75.0,0.9750947699601705,73.0,0.9248562825676732,34_0,34,0,lamp,106.696113586,39.4299812317,0.500248927696,0,241.885358736,0.194353625178
UBFC_A1/Eval_On_COHFACE,COHFACE,old,COHFACE_s34_session0_lamp,44,60.0,77.0,super_harmonic_1p5x,60.0,0.9999999999999999,59.0,0.9476526510246537,61.0,0.9429535979798382,77.0,0.9999999999999997,76.0,0.9810617197077734,78.0,0.9609545304599072,34_0,34,0,lamp,106.696113586,39.4299812317,0.500248927696,0,241.885358736,0.194353625178
UBFC_A1/Eval_On_COHFACE,COHFACE,old,COHFACE_s34_session0_lamp,45,60.0,81.0,super_harmonic_1p5x,60.0,0.9999999999999999,61.0,0.961880421937335,59.0,0.938151716847282,81.0,0.9999999999999998,80.0,0.9601657378333783,82.0,0.938817148353566,34_0,34,0,lamp,106.696113586,39.4299812317,0.500248927696,0,241.885358736,0.194353625178
UBFC_A1/Eval_On_COHFACE,COHFACE,old,COHFACE_s34_session0_lamp,46,60.0,81.0,super_harmonic_1p5x,60.0,0.9999999999999998,59.0,0.9465595265066208,61.0,0.9351798284109323,81.0,0.9999999999999997,80.0,0.997377091487677,60.0,0.9905758430095843,34_0,34,0,lamp,106.696113586,39.4299812317,0.500248927696,0,241.885358736,0.194353625178
UBFC_A1/Eval_On_COHFACE,COHFACE,old,COHFACE_s34_session0_lamp,47,60.0,44.0,large_error,60.0,0.9999999999999999,59.0,0.9459213305298867,61.0,0.9423164391325499,44.0,0.9999999999999997,43.0,0.9622336648787843,45.0,0.9581833037384992,34_0,34,0,lamp,106.696113586,39.4299812317,0.500248927696,0,241.885358736,0.194353625178
UBFC_A1/Eval_On_COHFACE,COHFACE,old,COHFACE_s34_session0_lamp,48,60.0,60.0,correct,60.0,0.9999999999999999,61.0,0.9759543740269762,59.0,0.9163828897298322,60.0,0.9999999999999998,59.0,0.983424912549322,61.0,0.9048081912900615,34_0,34,0,lamp,106.696113586,39.4299812317,0.500248927696,0,241.885358736,0.194353625178
UBFC_A1/Eval_On_COHFACE,COHFACE,old,COHFACE_s34_session0_lamp,49,60.0,60.0,correct,60.0,0.9999999999999999,61.0,0.942834795884686,59.0,0.9393041055430734,60.0,0.9999999999999998,59.0,0.9539897431419395,61.0,0.9034223784247983,34_0,34,0,lamp,106.696113586,39.4299812317,0.500248927696,0,241.885358736,0.194353625178
UBFC_A1/Eval_On_COHFACE,COHFACE,old,COHFACE_s34_session0_lamp,50,60.0,59.0,correct,60.0,0.9999999999999999,59.0,0.9550896921065658,61.0,0.9438573859827947,59.0,0.9999999999999999,60.0,0.9800172821666616,58.0,0.9216090014615033,34_0,34,0,lamp,106.696113586,39.4299812317,0.500248927696,0,241.885358736,0.194353625178
UBFC_A1/Eval_On_COHFACE,COHFACE,old,COHFACE_s34_session1_lamp,0,59.0,40.0,large_error,59.0,1.0,58.0,0.9458487292846941,60.0,0.8942430714240618,40.0,0.9999999999999997,41.0,0.7144666616935648,80.0,0.5405808189014405,34_1,34,1,lamp,109.009399414,41.551651001,0.361956369605,0,221.008593561,0.226743176579
UBFC_A1/Eval_On_COHFACE,COHFACE,old,COHFACE_s34_session1_lamp,1,59.0,40.0,large_error,59.0,1.0,58.0,0.9704871209506466,60.0,0.9361437470705728,40.0,0.9999999999999986,49.0,0.9939165110587923,50.0,0.9938512453894086,34_1,34,1,lamp,109.009399414,41.551651001,0.361956369605,0,221.008593561,0.226743176579
UBFC_A1/Eval_On_COHFACE,COHFACE,old,COHFACE_s34_session1_lamp,2,59.0,44.0,large_error,59.0,1.0,58.0,0.9789957198509981,60.0,0.9295156041703682,44.0,0.9999999999999992,43.0,0.9982983103173093,45.0,0.977740007103077,34_1,34,1,lamp,109.009399414,41.551651001,0.361956369605,0,221.008593561,0.226743176579
UBFC_A1/Eval_On_COHFACE,COHFACE,old,COHFACE_s34_session1_lamp,3,59.0,81.0,super_harmonic_1p5x,59.0,1.0,60.0,0.9594402571198302,58.0,0.9370027020665315,81.0,0.9999999999999998,82.0,0.9633377482219151,80.0,0.9387291362221225,34_1,34,1,lamp,109.009399414,41.551651001,0.361956369605,0,221.008593561,0.226743176579
UBFC_A1/Eval_On_COHFACE,COHFACE,old,COHFACE_s34_session1_lamp,4,59.0,42.0,large_error,59.0,1.0,60.0,0.9952321675647744,58.0,0.9027364187536218,42.0,0.9999999999999997,43.0,0.9872555718413913,41.0,0.9089687822283191,34_1,34,1,lamp,109.009399414,41.551651001,0.361956369605,0,221.008593561,0.226743176579
UBFC_A1/Eval_On_COHFACE,COHFACE,old,COHFACE_s34_session1_lamp,5,59.0,77.0,super_harmonic_1p5x,59.0,1.0,58.0,0.9533307264462273,60.0,0.9528881831790352,77.0,0.9999999999999997,78.0,0.9608092987286987,76.0,0.926205928638451,34_1,34,1,lamp,109.009399414,41.551651001,0.361956369605,0,221.008593561,0.226743176579
UBFC_A1/Eval_On_COHFACE,COHFACE,old,COHFACE_s34_session1_lamp,6,59.0,81.0,super_harmonic_1p5x,59.0,1.0,60.0,0.9832667144085517,58.0,0.9262708299783361,81.0,0.9999999999999999,80.0,0.9503449200308716,82.0,0.9335656762692971,34_1,34,1,lamp,109.009399414,41.551651001,0.361956369605,0,221.008593561,0.226743176579
UBFC_A1/Eval_On_COHFACE,COHFACE,old,COHFACE_s34_session1_lamp,7,61.0,120.0,super_harmonic_2x,61.0,1.0,60.0,0.9550377039146041,61.99999999999999,0.9318972707099764,120.0,0.9999999999999998,121.0,0.9654001647904915,119.0,0.9355775937663426,34_1,34,1,lamp,109.009399414,41.551651001,0.361956369605,0,221.008593561,0.226743176579
UBFC_A1/Eval_On_COHFACE,COHFACE,old,COHFACE_s34_session1_lamp,8,61.99999999999999,119.0,super_harmonic_2x,61.99999999999999,0.9999999999999999,63.0,0.9789503374738732,61.0,0.9075426556101309,119.0,0.9999999999999998,120.0,0.9948082637379694,118.0,0.9178733613747928,34_1,34,1,lamp,109.009399414,41.551651001,0.361956369605,0,221.008593561,0.226743176579
UBFC_A1/Eval_On_COHFACE,COHFACE,old,COHFACE_s34_session1_lamp,9,63.0,120.0,super_harmonic_2x,63.0,0.9999999999999999,61.99999999999999,0.9738025776128245,64.0,0.9242795123490077,120.0,0.9999999999999998,121.0,0.9655540531269428,119.0,0.932414390334727,34_1,34,1,lamp,109.009399414,41.551651001,0.361956369605,0,221.008593561,0.226743176579
UBFC_A1/Eval_On_COHFACE,COHFACE,old,COHFACE_s34_session1_lamp,10,63.0,120.0,super_harmonic_2x,63.0,0.9999999999999998,61.99999999999999,0.9539555300053006,64.0,0.9512352045450826,120.0,0.9999999999999998,119.0,0.9515433103611444,121.0,0.9406123187061073,34_1,34,1,lamp,109.009399414,41.551651001,0.361956369605,0,221.008593561,0.226743176579
UBFC_A1/Eval_On_COHFACE,COHFACE,old,COHFACE_s34_session1_lamp,11,63.0,120.0,super_harmonic_2x,63.0,0.9999999999999998,64.0,0.9734440174131073,61.99999999999999,0.9211574962068872,120.0,0.9999999999999998,121.0,0.9780568369815212,119.0,0.9043854477962667,34_1,34,1,lamp,109.009399414,41.551651001,0.361956369605,0,221.008593561,0.226743176579
UBFC_A1/Eval_On_COHFACE,COHFACE,old,COHFACE_s34_session1_lamp,12,64.0,79.0,large_error,64.0,0.9999999999999999,65.0,0.9758972527829406,63.0,0.9302485171016024,79.0,0.9999999999999996,80.0,0.9935808603447706,78.0,0.8946323426723725,34_1,34,1,lamp,109.009399414,41.551651001,0.361956369605,0,221.008593561,0.226743176579
UBFC_A1/Eval_On_COHFACE,COHFACE,old,COHFACE_s34_session1_lamp,13,64.0,77.0,large_error,64.0,0.9999999999999999,65.0,0.9740661043456782,63.0,0.8984500602811972,77.0,0.9999999999999996,78.0,0.9665255524127242,76.0,0.9362158855510473,34_1,34,1,lamp,109.009399414,41.551651001,0.361956369605,0,221.008593561,0.226743176579
UBFC_A1/Eval_On_COHFACE,COHFACE,old,COHFACE_s34_session1_lamp,14,65.0,63.0,correct,65.0,0.9999999999999999,66.0,0.9331802488068607,64.0,0.926774898382474,63.0,0.9999999999999998,64.0,0.9561017913824804,61.99999999999999,0.9080847805435645,34_1,34,1,lamp,109.009399414,41.551651001,0.361956369605,0,221.008593561,0.226743176579
UBFC_A1/Eval_On_COHFACE,COHFACE,old,COHFACE_s34_session1_lamp,15,66.0,66.0,correct,66.0,0.9999999999999998,65.0,0.9486176289682623,67.0,0.9178112791350058,66.0,0.9999999999999999,67.0,0.985170709607254,65.0,0.935697241409773,34_1,34,1,lamp,109.009399414,41.551651001,0.361956369605,0,221.008593561,0.226743176579
UBFC_A1/Eval_On_COHFACE,COHFACE,old,COHFACE_s34_session1_lamp,16,67.0,67.0,correct,67.0,0.9999999999999998,68.0,0.9683948703006143,66.0,0.9268179869226694,67.0,0.9999999999999998,68.0,0.9954468161867888,66.0,0.9300822535224932,34_1,34,1,lamp,109.009399414,41.551651001,0.361956369605,0,221.008593561,0.226743176579
UBFC_A1/Eval_On_COHFACE,COHFACE,old,COHFACE_s34_session1_lamp,17,68.0,68.0,correct,68.0,0.9999999999999998,67.0,0.9699351115157561,69.0,0.9270667530053268,68.0,0.9999999999999998,69.0,0.9666004920566795,67.0,0.9212302306248962,34_1,34,1,lamp,109.009399414,41.551651001,0.361956369605,0,221.008593561,0.226743176579
UBFC_A1/Eval_On_COHFACE,COHFACE,old,COHFACE_s34_session1_lamp,18,68.0,68.0,correct,68.0,0.9999999999999998,69.0,0.9763825510588793,67.0,0.9071680415948747,68.0,0.9999999999999998,67.0,0.9865740195488608,69.0,0.9458463467500189,34_1,34,1,lamp,109.009399414,41.551651001,0.361956369605,0,221.008593561,0.226743176579
UBFC_A1/Eval_On_COHFACE,COHFACE,old,COHFACE_s34_session1_lamp,19,69.0,70.0,correct,69.0,0.9999999999999998,70.0,0.9445004921229971,68.0,0.9416492397240932,70.0,0.9999999999999997,71.0,0.9875542030417483,69.0,0.959980665563792,34_1,34,1,lamp,109.009399414,41.551651001,0.361956369605,0,221.008593561,0.226743176579
UBFC_A1/Eval_On_COHFACE,COHFACE,old,COHFACE_s34_session1_lamp,20,70.0,75.0,large_error,70.0,0.9999999999999998,71.0,0.9834247574186992,69.0,0.8896147410203977,75.0,0.9999999999999998,76.0,0.991596663454154,74.0,0.9356424916600816,34_1,34,1,lamp,109.009399414,41.551651001,0.361956369605,0,221.008593561,0.226743176579
UBFC_A1/Eval_On_COHFACE,COHFACE,old,COHFACE_s34_session1_lamp,21,70.0,80.0,large_error,70.0,0.9999999999999998,71.0,0.9911628054042104,69.0,0.8955226452423438,80.0,0.9999999999999997,81.0,0.9637194947112013,40.0,0.9603834513634535,34_1,34,1,lamp,109.009399414,41.551651001,0.361956369605,0,221.008593561,0.226743176579
UBFC_A1/Eval_On_COHFACE,COHFACE,old,COHFACE_s34_session1_lamp,22,71.0,80.0,large_error,71.0,0.9999999999999998,70.0,0.9852161062430311,72.0,0.9026116050340698,80.0,0.9999999999999997,81.0,0.9227878104439317,79.0,0.9107516201391038,34_1,34,1,lamp,109.009399414,41.551651001,0.361956369605,0,221.008593561,0.226743176579
UBFC_A1/Eval_On_COHFACE,COHFACE,old,COHFACE_s34_session1_lamp,23,70.0,67.0,correct,70.0,0.9999999999999998,69.0,0.9823810496980222,71.0,0.9105052304393836,67.0,0.9999999999999998,66.0,0.9485268909016321,68.0,0.9240220274699903,34_1,34,1,lamp,109.009399414,41.551651001,0.361956369605,0,221.008593561,0.226743176579
UBFC_A1/Eval_On_COHFACE,COHFACE,old,COHFACE_s34_session1_lamp,24,68.0,80.0,large_error,68.0,0.9999999999999998,69.0,0.9987657985929764,67.0,0.8889217393735352,80.0,0.9999999999999997,81.0,0.9470964863735901,79.0,0.9184102246672964,34_1,34,1,lamp,109.009399414,41.551651001,0.361956369605,0,221.008593561,0.226743176579
UBFC_A1/Eval_On_COHFACE,COHFACE,old,COHFACE_s34_session1_lamp,25,66.0,60.0,large_error,66.0,0.9999999999999998,67.0,0.9995632479532809,65.0,0.905396429262358,60.0,0.9999999999999998,59.0,0.9750639474894051,61.0,0.9563136253319954,34_1,34,1,lamp,109.009399414,41.551651001,0.361956369605,0,221.008593561,0.226743176579
UBFC_A1/Eval_On_COHFACE,COHFACE,old,COHFACE_s34_session1_lamp,26,64.0,59.0,large_error,64.0,0.9999999999999998,65.0,0.9664830809004389,63.0,0.9289367659928548,59.0,0.9999999999999998,58.0,0.9930513685282218,60.0,0.9674523010120453,34_1,34,1,lamp,109.009399414,41.551651001,0.361956369605,0,221.008593561,0.226743176579
UBFC_A1/Eval_On_COHFACE,COHFACE,old,COHFACE_s34_session1_lamp,27,61.99999999999999,60.0,correct,61.99999999999999,0.9999999999999998,63.0,0.9969661896129339,61.0,0.8962418532436205,60.0,0.9999999999999999,59.0,0.9811366923899969,61.0,0.9135036836651451,34_1,34,1,lamp,109.009399414,41.551651001,0.361956369605,0,221.008593561,0.226743176579
UBFC_A1/Eval_On_COHFACE,COHFACE,old,COHFACE_s34_session1_lamp,28,61.99999999999999,60.0,correct,61.99999999999999,0.9999999999999998,61.0,0.9732965892569042,63.0,0.9235721180447685,60.0,0.9999999999999999,61.0,0.9872254484529689,59.0,0.8928142105622313,34_1,34,1,lamp,109.009399414,41.551651001,0.361956369605,0,221.008593561,0.226743176579
UBFC_A1/Eval_On_COHFACE,COHFACE,old,COHFACE_s34_session1_lamp,29,61.0,43.0,large_error,61.0,0.9999999999999999,61.99999999999999,0.9587169582455474,60.0,0.9286089346437101,43.0,0.9999999999999998,42.0,0.959818389616455,44.0,0.9182262283863374,34_1,34,1,lamp,109.009399414,41.551651001,0.361956369605,0,221.008593561,0.226743176579
UBFC_A1/Eval_On_COHFACE,COHFACE,old,COHFACE_s34_session1_lamp,30,61.0,120.0,super_harmonic_2x,61.0,0.9999999999999999,61.99999999999999,0.9870172696924188,60.0,0.8952941202702278,120.0,0.9999999999999997,121.0,0.996546812683622,41.0,0.9062500893934414,34_1,34,1,lamp,109.009399414,41.551651001,0.361956369605,0,221.008593561,0.226743176579
UBFC_A1/Eval_On_COHFACE,COHFACE,old,COHFACE_s34_session1_lamp,31,61.99999999999999,64.0,correct,61.99999999999999,0.9999999999999999,63.0,0.9460095953503102,61.0,0.9351748037157823,64.0,0.9999999999999998,65.0,0.9388443243555427,63.0,0.9387558504753493,34_1,34,1,lamp,109.009399414,41.551651001,0.361956369605,0,221.008593561,0.226743176579
UBFC_A1/Eval_On_COHFACE,COHFACE,old,COHFACE_s34_session1_lamp,32,63.0,44.0,large_error,63.0,0.9999999999999999,61.99999999999999,0.9905413721371207,64.0,0.8972036061340806,44.0,0.9999999999999998,45.0,0.9675659698961847,43.0,0.9623728205218591,34_1,34,1,lamp,109.009399414,41.551651001,0.361956369605,0,221.008593561,0.226743176579
UBFC_A1/Eval_On_COHFACE,COHFACE,old,COHFACE_s34_session1_lamp,33,63.0,120.0,super_harmonic_2x,63.0,0.9999999999999999,61.99999999999999,0.9601182010718576,64.0,0.9199411959862656,120.0,0.9999999999999996,121.0,0.9635018383271328,119.0,0.9320183255106287,34_1,34,1,lamp,109.009399414,41.551651001,0.361956369605,0,221.008593561,0.226743176579
UBFC_A1/Eval_On_COHFACE,COHFACE,old,COHFACE_s34_session1_lamp,34,63.0,68.0,large_error,63.0,0.9999999999999999,61.99999999999999,0.9976431641669808,64.0,0.8893297707050662,68.0,0.9999999999999994,69.0,0.9732775522028889,67.0,0.9013490711147915,34_1,34,1,lamp,109.009399414,41.551651001,0.361956369605,0,221.008593561,0.226743176579
UBFC_A1/Eval_On_COHFACE,COHFACE,old,COHFACE_s34_session1_lamp,35,61.99999999999999,60.0,correct,61.99999999999999,0.9999999999999999,63.0,0.9816136928802637,61.0,0.91033364700084,60.0,0.9999999999999998,61.0,0.9352978546891231,59.0,0.9104100278759613,34_1,34,1,lamp,109.009399414,41.551651001,0.361956369605,0,221.008593561,0.226743176579
UBFC_A1/Eval_On_COHFACE,COHFACE,old,COHFACE_s34_session1_lamp,36,61.99999999999999,120.0,super_harmonic_2x,61.99999999999999,0.9999999999999999,63.0,0.9427036832308839,61.0,0.9385413072197522,120.0,0.9999999999999989,121.0,0.9813580799765012,119.0,0.9223032814352429,34_1,34,1,lamp,109.009399414,41.551651001,0.361956369605,0,221.008593561,0.226743176579
UBFC_A1/Eval_On_COHFACE,COHFACE,old,COHFACE_s34_session1_lamp,37,61.0,61.0,correct,61.0,0.9999999999999999,61.99999999999999,0.9638000370260884,60.0,0.9267228287003536,61.0,0.9999999999999997,61.99999999999999,0.9711516265786672,60.0,0.9361757056901588,34_1,34,1,lamp,109.009399414,41.551651001,0.361956369605,0,221.008593561,0.226743176579
UBFC_A1/Eval_On_COHFACE,COHFACE,old,COHFACE_s34_session1_lamp,38,61.0,60.0,correct,61.0,0.9999999999999999,60.0,0.9752026710757288,61.99999999999999,0.9188828975145427,60.0,0.9999999999999998,59.0,0.948581659352752,61.0,0.9172831058143818,34_1,34,1,lamp,109.009399414,41.551651001,0.361956369605,0,221.008593561,0.226743176579
UBFC_A1/Eval_On_COHFACE,COHFACE,old,COHFACE_s34_session1_lamp,39,60.0,81.0,super_harmonic_1p5x,60.0,0.9999999999999999,61.0,0.993072053661557,59.0,0.8946643697090527,81.0,0.9999999999999997,80.0,0.9994921143200747,82.0,0.879224062644094,34_1,34,1,lamp,109.009399414,41.551651001,0.361956369605,0,221.008593561,0.226743176579
UBFC_A1/Eval_On_COHFACE,COHFACE,old,COHFACE_s34_session1_lamp,40,61.0,81.0,super_harmonic_1p5x,61.0,0.9999999999999999,60.0,0.9969998343088076,61.99999999999999,0.8893400735584223,81.0,0.9999999999999996,80.0,0.956952767418793,82.0,0.9406121636360618,34_1,34,1,lamp,109.009399414,41.551651001,0.361956369605,0,221.008593561,0.226743176579
UBFC_A1/Eval_On_COHFACE,COHFACE,old,COHFACE_s34_session1_lamp,41,61.0,59.0,correct,61.0,0.9999999999999999,61.99999999999999,0.9655996060677047,60.0,0.9236119082896136,59.0,0.9999999999999998,60.0,0.9869346143913422,58.0,0.85497005463968,34_1,34,1,lamp,109.009399414,41.551651001,0.361956369605,0,221.008593561,0.226743176579
UBFC_A1/Eval_On_COHFACE,COHFACE,old,COHFACE_s34_session1_lamp,42,61.0,80.0,super_harmonic_1p5x,61.0,0.9999999999999999,61.99999999999999,0.9723865550325381,60.0,0.9135342750141868,80.0,0.9999999999999997,81.0,0.9572969795863657,79.0,0.9403999785481016,34_1,34,1,lamp,109.009399414,41.551651001,0.361956369605,0,221.008593561,0.226743176579
UBFC_A1/Eval_On_COHFACE,COHFACE,old,COHFACE_s34_session1_lamp,43,61.99999999999999,81.0,super_harmonic_1p5x,61.99999999999999,0.9999999999999999,61.0,0.9581123155180317,63.0,0.9266204725813001,81.0,0.9999999999999997,80.0,0.9753330996646395,82.0,0.971565229557872,34_1,34,1,lamp,109.009399414,41.551651001,0.361956369605,0,221.008593561,0.226743176579
UBFC_A1/Eval_On_COHFACE,COHFACE,old,COHFACE_s34_session1_lamp,44,63.0,43.0,large_error,63.0,0.9999999999999999,61.99999999999999,0.9643970849085186,64.0,0.9157379637490247,43.0,0.9999999999999999,44.0,0.9461312470167305,42.0,0.9307327629229134,34_1,34,1,lamp,109.009399414,41.551651001,0.361956369605,0,221.008593561,0.226743176579
UBFC_A1/Eval_On_COHFACE,COHFACE,old,COHFACE_s34_session1_lamp,45,63.0,40.0,large_error,63.0,0.9999999999999998,61.99999999999999,0.9779610175249819,64.0,0.9043347344036364,40.0,0.9999999999999998,81.0,0.9664432222580892,80.0,0.9155808793267934,34_1,34,1,lamp,109.009399414,41.551651001,0.361956369605,0,221.008593561,0.226743176579
UBFC_A1/Eval_On_COHFACE,COHFACE,old,COHFACE_s34_session1_lamp,46,63.0,41.0,large_error,63.0,0.9999999999999998,61.99999999999999,0.9923995189120587,64.0,0.8928962702308004,41.0,0.9999999999999998,42.0,0.9908798325776647,40.0,0.9084059265777022,34_1,34,1,lamp,109.009399414,41.551651001,0.361956369605,0,221.008593561,0.226743176579
UBFC_A1/Eval_On_COHFACE,COHFACE,old,COHFACE_s34_session1_lamp,47,61.99999999999999,42.0,large_error,61.99999999999999,0.9999999999999998,63.0,0.998021231559425,61.0,0.8882630215505226,42.0,0.9999999999999998,41.0,0.9616200654614766,43.0,0.9359987904293567,34_1,34,1,lamp,109.009399414,41.551651001,0.361956369605,0,221.008593561,0.226743176579
UBFC_A1/Eval_On_COHFACE,COHFACE,old,COHFACE_s34_session1_lamp,48,61.99999999999999,40.0,large_error,61.99999999999999,0.9999999999999998,63.0,0.9525586949800865,61.0,0.9356359443857409,40.0,0.9999999999999998,41.0,0.7835103271267558,64.0,0.7729295601519325,34_1,34,1,lamp,109.009399414,41.551651001,0.361956369605,0,221.008593561,0.226743176579
UBFC_A1/Eval_On_COHFACE,COHFACE,old,COHFACE_s34_session1_lamp,49,61.99999999999999,63.0,correct,61.99999999999999,0.9999999999999998,61.0,0.976803167029486,63.0,0.9186520283829743,63.0,0.9999999999999997,64.0,0.9580516465134696,61.99999999999999,0.948712076299684,34_1,34,1,lamp,109.009399414,41.551651001,0.361956369605,0,221.008593561,0.226743176579
UBFC_A1/Eval_On_COHFACE,COHFACE,old,COHFACE_s34_session1_lamp,50,61.0,76.0,large_error,61.0,0.9999999999999998,60.0,0.9567071764213295,61.99999999999999,0.9351622326371604,76.0,0.9999999999999998,77.0,0.990506319378429,75.0,0.8987949340232917,34_1,34,1,lamp,109.009399414,41.551651001,0.361956369605,0,221.008593561,0.226743176579
UBFC_A1/Eval_On_COHFACE,COHFACE,old,COHFACE_s34_session2_natural,0,59.0,63.0,large_error,59.0,0.9999999999999999,60.0,0.9867660966250636,58.0,0.8400402034047278,63.0,0.9999999999999998,64.0,0.9852059562437518,61.99999999999999,0.9105082458660667,34_2,34,2,natural,111.114204407,58.1697845459,3.10010566086,0.692538902408,417.344581417,0.229892611504
UBFC_A1/Eval_On_COHFACE,COHFACE,old,COHFACE_s34_session2_natural,1,60.0,61.0,correct,60.0,0.9999999999999998,61.0,0.955459807515806,59.0,0.9398005245728879,61.0,0.9999999999999998,61.99999999999999,0.9685448058608406,60.0,0.9564919576666683,34_2,34,2,natural,111.114204407,58.1697845459,3.10010566086,0.692538902408,417.344581417,0.229892611504
UBFC_A1/Eval_On_COHFACE,COHFACE,old,COHFACE_s34_session2_natural,2,60.0,60.0,correct,60.0,0.9999999999999999,59.0,0.9528070096459237,61.0,0.9513693689504878,60.0,0.9999999999999999,59.0,0.9639974924575345,61.0,0.9287126878508885,34_2,34,2,natural,111.114204407,58.1697845459,3.10010566086,0.692538902408,417.344581417,0.229892611504
UBFC_A1/Eval_On_COHFACE,COHFACE,old,COHFACE_s34_session2_natural,3,60.0,59.0,correct,60.0,0.9999999999999999,61.0,0.9973025008398142,59.0,0.8947676870424962,59.0,0.9999999999999998,60.0,0.9569412647784226,58.0,0.9155991404048984,34_2,34,2,natural,111.114204407,58.1697845459,3.10010566086,0.692538902408,417.344581417,0.229892611504
UBFC_A1/Eval_On_COHFACE,COHFACE,old,COHFACE_s34_session2_natural,4,61.0,59.0,correct,61.0,1.0,61.99999999999999,0.9462669928976717,60.0,0.9431675445298652,59.0,0.9999999999999999,60.0,0.9562054620023862,58.0,0.9293337237747007,34_2,34,2,natural,111.114204407,58.1697845459,3.10010566086,0.692538902408,417.344581417,0.229892611504
UBFC_A1/Eval_On_COHFACE,COHFACE,old,COHFACE_s34_session2_natural,5,61.0,59.0,correct,61.0,1.0,61.99999999999999,0.9628928326329855,60.0,0.9411396825761873,59.0,0.9999999999999999,58.0,0.9702192549274654,60.0,0.929283449364479,34_2,34,2,natural,111.114204407,58.1697845459,3.10010566086,0.692538902408,417.344581417,0.229892611504
UBFC_A1/Eval_On_COHFACE,COHFACE,old,COHFACE_s34_session2_natural,6,61.0,59.0,correct,61.0,1.0,61.99999999999999,0.9780186799196084,60.0,0.9222400714464536,59.0,0.9999999999999999,60.0,0.9809035668754916,58.0,0.8944512023280436,34_2,34,2,natural,111.114204407,58.1697845459,3.10010566086,0.692538902408,417.344581417,0.229892611504
UBFC_A1/Eval_On_COHFACE,COHFACE,old,COHFACE_s34_session2_natural,7,61.99999999999999,60.0,correct,61.99999999999999,1.0,61.0,0.9771317134322111,63.0,0.9079087589912962,60.0,1.0,61.0,0.9555258403981934,59.0,0.9317705991812916,34_2,34,2,natural,111.114204407,58.1697845459,3.10010566086,0.692538902408,417.344581417,0.229892611504
UBFC_A1/Eval_On_COHFACE,COHFACE,old,COHFACE_s34_session2_natural,8,61.99999999999999,61.0,correct,61.99999999999999,1.0,63.0,0.9447583923653986,61.0,0.9418957159937416,61.0,0.9999999999999999,60.0,0.9772236287580962,61.99999999999999,0.9436405455691605,34_2,34,2,natural,111.114204407,58.1697845459,3.10010566086,0.692538902408,417.344581417,0.229892611504
UBFC_A1/Eval_On_COHFACE,COHFACE,old,COHFACE_s34_session2_natural,9,61.99999999999999,61.0,correct,61.99999999999999,1.0,61.0,0.9555396718530211,63.0,0.9338488669368012,61.0,0.9999999999999998,60.0,0.9574315338382041,61.99999999999999,0.9285922249426856,34_2,34,2,natural,111.114204407,58.1697845459,3.10010566086,0.692538902408,417.344581417,0.229892611504
UBFC_A1/Eval_On_COHFACE,COHFACE,old,COHFACE_s34_session2_natural,10,61.99999999999999,61.0,correct,61.99999999999999,1.0,63.0,0.9733269699961432,61.0,0.9020201902754922,61.0,0.9999999999999998,60.0,0.9767344217143835,61.99999999999999,0.9208114128050805,34_2,34,2,natural,111.114204407,58.1697845459,3.10010566086,0.692538902408,417.344581417,0.229892611504
UBFC_A1/Eval_On_COHFACE,COHFACE,old,COHFACE_s34_session2_natural,11,63.0,60.0,correct,63.0,1.0,61.99999999999999,0.9890350654664792,64.0,0.8970031669049072,60.0,0.9999999999999999,59.0,0.9644968575475175,61.0,0.9609993531291137,34_2,34,2,natural,111.114204407,58.1697845459,3.10010566086,0.692538902408,417.344581417,0.229892611504
UBFC_A1/Eval_On_COHFACE,COHFACE,old,COHFACE_s34_session2_natural,12,63.0,60.0,correct,63.0,0.9999999999999999,61.99999999999999,0.9557748405497989,64.0,0.9434419818517122,60.0,0.9999999999999998,61.0,0.9853170786088101,59.0,0.9493838119474199,34_2,34,2,natural,111.114204407,58.1697845459,3.10010566086,0.692538902408,417.344581417,0.229892611504
UBFC_A1/Eval_On_COHFACE,COHFACE,old,COHFACE_s34_session2_natural,13,63.0,66.0,correct,63.0,0.9999999999999999,64.0,0.9583102734873661,61.99999999999999,0.9321806756786816,66.0,0.9999999999999997,67.0,0.9573058924184178,65.0,0.9070067745609076,34_2,34,2,natural,111.114204407,58.1697845459,3.10010566086,0.692538902408,417.344581417,0.229892611504
UBFC_A1/Eval_On_COHFACE,COHFACE,old,COHFACE_s34_session2_natural,14,63.0,53.0,large_error,63.0,0.9999999999999999,64.0,0.972655806078318,61.99999999999999,0.9080980596282768,53.0,0.9999999999999998,54.0,0.9735662650461891,52.0,0.9430790880438481,34_2,34,2,natural,111.114204407,58.1697845459,3.10010566086,0.692538902408,417.344581417,0.229892611504
UBFC_A1/Eval_On_COHFACE,COHFACE,old,COHFACE_s34_session2_natural,15,64.0,52.0,large_error,64.0,0.9999999999999999,63.0,0.9969372823930944,65.0,0.8911299707134653,52.0,0.9999999999999999,53.0,0.998452922949704,51.0,0.9090468537018103,34_2,34,2,natural,111.114204407,58.1697845459,3.10010566086,0.692538902408,417.344581417,0.229892611504
UBFC_A1/Eval_On_COHFACE,COHFACE,old,COHFACE_s34_session2_natural,16,64.0,54.0,large_error,64.0,0.9999999999999999,63.0,0.9620501135987597,65.0,0.9140073678543761,54.0,0.9999999999999998,53.0,0.9614087339485983,55.0,0.9285634366821586,34_2,34,2,natural,111.114204407,58.1697845459,3.10010566086,0.692538902408,417.344581417,0.229892611504
UBFC_A1/Eval_On_COHFACE,COHFACE,old,COHFACE_s34_session2_natural,17,64.0,54.0,large_error,64.0,0.9999999999999999,63.0,0.9765324998027028,65.0,0.8957520740290424,54.0,0.9999999999999998,55.0,0.9756284804189669,53.0,0.9677259575604157,34_2,34,2,natural,111.114204407,58.1697845459,3.10010566086,0.692538902408,417.344581417,0.229892611504
UBFC_A1/Eval_On_COHFACE,COHFACE,old,COHFACE_s34_session2_natural,18,64.0,53.0,large_error,64.0,0.9999999999999998,63.0,0.9501460392389406,65.0,0.9359878860293412,53.0,0.9999999999999998,52.0,0.9993191053390694,54.0,0.9343156023908507,34_2,34,2,natural,111.114204407,58.1697845459,3.10010566086,0.692538902408,417.344581417,0.229892611504
UBFC_A1/Eval_On_COHFACE,COHFACE,old,COHFACE_s34_session2_natural,19,64.0,53.0,large_error,64.0,0.9999999999999999,63.0,0.9616486290797271,65.0,0.9408809810443823,53.0,0.9999999999999999,54.0,0.9498308157393216,52.0,0.9398125088565078,34_2,34,2,natural,111.114204407,58.1697845459,3.10010566086,0.692538902408,417.344581417,0.229892611504
UBFC_A1/Eval_On_COHFACE,COHFACE,old,COHFACE_s34_session2_natural,20,64.0,66.0,correct,64.0,0.9999999999999998,65.0,0.971004469689503,63.0,0.9095372643272716,66.0,0.9999999999999999,65.0,0.9795979746238347,67.0,0.8934487859683996,34_2,34,2,natural,111.114204407,58.1697845459,3.10010566086,0.692538902408,417.344581417,0.229892611504
UBFC_A1/Eval_On_COHFACE,COHFACE,old,COHFACE_s34_session2_natural,21,65.0,66.0,correct,65.0,0.9999999999999998,66.0,0.940304446507292,64.0,0.9373017465091962,66.0,0.9999999999999998,67.0,0.9339573444197401,65.0,0.9268775756512311,34_2,34,2,natural,111.114204407,58.1697845459,3.10010566086,0.692538902408,417.344581417,0.229892611504
UBFC_A1/Eval_On_COHFACE,COHFACE,old,COHFACE_s34_session2_natural,22,66.0,44.0,large_error,66.0,0.9999999999999998,65.0,0.9962101837728811,67.0,0.8909575123757731,44.0,0.9999999999999999,45.0,0.9900581276491254,43.0,0.8989791840961254,34_2,34,2,natural,111.114204407,58.1697845459,3.10010566086,0.692538902408,417.344581417,0.229892611504
UBFC_A1/Eval_On_COHFACE,COHFACE,old,COHFACE_s34_session2_natural,23,67.0,66.0,correct,67.0,0.9999999999999998,66.0,0.9659589421415756,68.0,0.915737177495458,66.0,0.9999999999999999,67.0,0.9857529350079649,65.0,0.899877812382942,34_2,34,2,natural,111.114204407,58.1697845459,3.10010566086,0.692538902408,417.344581417,0.229892611504
UBFC_A1/Eval_On_COHFACE,COHFACE,old,COHFACE_s34_session2_natural,24,68.0,66.0,correct,68.0,0.9999999999999999,67.0,0.9892395410938839,69.0,0.9005113761330414,66.0,0.9999999999999999,65.0,0.9883429802036102,67.0,0.9133310790452317,34_2,34,2,natural,111.114204407,58.1697845459,3.10010566086,0.692538902408,417.344581417,0.229892611504
UBFC_A1/Eval_On_COHFACE,COHFACE,old,COHFACE_s34_session2_natural,25,67.0,67.0,correct,67.0,1.0,68.0,0.9984711254496168,66.0,0.9009631081092587,67.0,0.9999999999999999,68.0,0.9497808409515918,66.0,0.9492482556750698,34_2,34,2,natural,111.114204407,58.1697845459,3.10010566086,0.692538902408,417.344581417,0.229892611504
UBFC_A1/Eval_On_COHFACE,COHFACE,old,COHFACE_s34_session2_natural,26,67.0,67.0,correct,67.0,1.0,66.0,0.9572249434875586,68.0,0.9359017248725091,67.0,0.9999999999999998,68.0,0.9982300748224545,66.0,0.8935643420869323,34_2,34,2,natural,111.114204407,58.1697845459,3.10010566086,0.692538902408,417.344581417,0.229892611504
UBFC_A1/Eval_On_COHFACE,COHFACE,old,COHFACE_s34_session2_natural,27,66.0,68.0,correct,66.0,1.0,67.0,0.9573934723859621,65.0,0.9352607313140464,68.0,0.9999999999999999,67.0,0.9744141455080554,69.0,0.9200786446216072,34_2,34,2,natural,111.114204407,58.1697845459,3.10010566086,0.692538902408,417.344581417,0.229892611504
UBFC_A1/Eval_On_COHFACE,COHFACE,old,COHFACE_s34_session2_natural,28,65.0,69.0,large_error,65.0,1.0,66.0,0.9660730896328574,64.0,0.9483687862913031,69.0,0.9999999999999998,70.0,0.980811891156949,68.0,0.9744821067580759,34_2,34,2,natural,111.114204407,58.1697845459,3.10010566086,0.692538902408,417.344581417,0.229892611504
UBFC_A1/Eval_On_COHFACE,COHFACE,old,COHFACE_s34_session2_natural,29,64.0,44.0,large_error,64.0,1.0,63.0,0.965987334318038,65.0,0.9420799614380999,44.0,0.9999999999999998,43.0,0.9505497864317186,45.0,0.9224732523562253,34_2,34,2,natural,111.114204407,58.1697845459,3.10010566086,0.692538902408,417.344581417,0.229892611504
UBFC_A1/Eval_On_COHFACE,COHFACE,old,COHFACE_s34_session2_natural,30,63.0,63.0,correct,63.0,1.0,61.99999999999999,0.9523735522676144,64.0,0.9361251472638331,63.0,0.9999999999999998,74.0,0.9683065198427032,61.99999999999999,0.9551048076191427,34_2,34,2,natural,111.114204407,58.1697845459,3.10010566086,0.692538902408,417.344581417,0.229892611504
UBFC_A1/Eval_On_COHFACE,COHFACE,old,COHFACE_s34_session2_natural,31,61.99999999999999,61.99999999999999,correct,61.99999999999999,1.0,63.0,0.9986843294897174,61.0,0.8949110891172468,61.99999999999999,0.9999999999999999,61.0,0.9545588960054581,63.0,0.9190997422966196,34_2,34,2,natural,111.114204407,58.1697845459,3.10010566086,0.692538902408,417.344581417,0.229892611504
UBFC_A1/Eval_On_COHFACE,COHFACE,old,COHFACE_s34_session2_natural,32,61.99999999999999,61.99999999999999,correct,61.99999999999999,1.0,61.0,0.95439669058664,63.0,0.9497182492629146,61.99999999999999,0.9999999999999999,61.0,0.9870753914516437,63.0,0.9032127039304664,34_2,34,2,natural,111.114204407,58.1697845459,3.10010566086,0.692538902408,417.344581417,0.229892611504
UBFC_A1/Eval_On_COHFACE,COHFACE,old,COHFACE_s34_session2_natural,33,61.99999999999999,61.0,correct,61.99999999999999,0.9999999999999999,63.0,0.9865080931261414,61.0,0.9054334820477258,61.0,0.9999999999999998,61.99999999999999,0.9799960250976023,60.0,0.9366545084577448,34_2,34,2,natural,111.114204407,58.1697845459,3.10010566086,0.692538902408,417.344581417,0.229892611504
UBFC_A1/Eval_On_COHFACE,COHFACE,old,COHFACE_s34_session2_natural,34,63.0,61.99999999999999,correct,63.0,0.9999999999999999,64.0,0.9504459429276451,61.99999999999999,0.9313395322800223,61.99999999999999,0.9999999999999998,63.0,0.9947102413061419,61.0,0.9304396054719594,34_2,34,2,natural,111.114204407,58.1697845459,3.10010566086,0.692538902408,417.344581417,0.229892611504
UBFC_A1/Eval_On_COHFACE,COHFACE,old,COHFACE_s34_session2_natural,35,63.0,63.0,correct,63.0,0.9999999999999998,64.0,0.9695850724303161,61.99999999999999,0.9195202765955784,63.0,0.9999999999999998,61.99999999999999,0.9981246537269892,64.0,0.9526795088028819,34_2,34,2,natural,111.114204407,58.1697845459,3.10010566086,0.692538902408,417.344581417,0.229892611504
UBFC_A1/Eval_On_COHFACE,COHFACE,old,COHFACE_s34_session2_natural,36,63.0,68.0,large_error,63.0,0.9999999999999998,64.0,0.9915012136698967,61.99999999999999,0.8864483949132294,68.0,0.9999999999999998,67.0,0.9854431607741617,69.0,0.8820375885705785,34_2,34,2,natural,111.114204407,58.1697845459,3.10010566086,0.692538902408,417.344581417,0.229892611504
UBFC_A1/Eval_On_COHFACE,COHFACE,old,COHFACE_s34_session2_natural,37,64.0,55.0,large_error,64.0,0.9999999999999998,63.0,0.9809955962356405,65.0,0.8987555787606751,55.0,0.9999999999999997,54.0,0.9738192124656105,56.0,0.9260710767508123,34_2,34,2,natural,111.114204407,58.1697845459,3.10010566086,0.692538902408,417.344581417,0.229892611504
UBFC_A1/Eval_On_COHFACE,COHFACE,old,COHFACE_s34_session2_natural,38,63.0,51.0,large_error,63.0,0.9999999999999998,64.0,0.9740515975684104,61.99999999999999,0.9254508467857729,51.0,0.9999999999999999,52.0,0.975951479769741,50.0,0.9373434346850278,34_2,34,2,natural,111.114204407,58.1697845459,3.10010566086,0.692538902408,417.344581417,0.229892611504
UBFC_A1/Eval_On_COHFACE,COHFACE,old,COHFACE_s34_session2_natural,39,63.0,53.0,large_error,63.0,0.9999999999999998,61.99999999999999,0.9758052537318642,64.0,0.9212693339609305,53.0,0.9999999999999999,52.0,0.9788013268819771,54.0,0.9010788863517162,34_2,34,2,natural,111.114204407,58.1697845459,3.10010566086,0.692538902408,417.344581417,0.229892611504
UBFC_A1/Eval_On_COHFACE,COHFACE,old,COHFACE_s34_session2_natural,40,61.99999999999999,53.0,large_error,61.99999999999999,0.9999999999999999,63.0,0.9705005225170873,61.0,0.9110581364180597,53.0,0.9999999999999999,54.0,0.9479179179597913,52.0,0.9426665508251335,34_2,34,2,natural,111.114204407,58.1697845459,3.10010566086,0.692538902408,417.344581417,0.229892611504
UBFC_A1/Eval_On_COHFACE,COHFACE,old,COHFACE_s34_session2_natural,41,61.99999999999999,57.0,large_error,61.99999999999999,0.9999999999999998,61.0,0.9684813286013177,63.0,0.9263783470768194,57.0,0.9999999999999999,58.0,0.9687163166705434,56.0,0.9188010693521022,34_2,34,2,natural,111.114204407,58.1697845459,3.10010566086,0.692538902408,417.344581417,0.229892611504
UBFC_A1/Eval_On_COHFACE,COHFACE,old,COHFACE_s34_session2_natural,42,61.99999999999999,58.0,correct,61.99999999999999,0.9999999999999999,61.0,0.9785023344107118,63.0,0.9213739445170549,58.0,0.9999999999999998,57.0,0.9644927936891586,59.0,0.9473337176718908,34_2,34,2,natural,111.114204407,58.1697845459,3.10010566086,0.692538902408,417.344581417,0.229892611504
UBFC_A1/Eval_On_COHFACE,COHFACE,old,COHFACE_s34_session2_natural,43,61.0,60.0,correct,61.0,0.9999999999999998,61.99999999999999,0.9876030314171823,60.0,0.8955838678175662,60.0,0.9999999999999999,59.0,0.9728335470572198,61.0,0.9510522570569142,34_2,34,2,natural,111.114204407,58.1697845459,3.10010566086,0.692538902408,417.344581417,0.229892611504
UBFC_A1/Eval_On_COHFACE,COHFACE,old,COHFACE_s34_session2_natural,44,61.99999999999999,61.0,correct,61.99999999999999,0.9999999999999999,61.0,0.9960769448348352,63.0,0.8910383155470616,61.0,0.9999999999999999,60.0,0.9721265469366588,61.99999999999999,0.9652036828782611,34_2,34,2,natural,111.114204407,58.1697845459,3.10010566086,0.692538902408,417.344581417,0.229892611504
UBFC_A1/Eval_On_COHFACE,COHFACE,old,COHFACE_s34_session2_natural,45,61.99999999999999,60.0,correct,61.99999999999999,0.9999999999999999,61.0,0.985334118727466,63.0,0.9125347050871409,60.0,0.9999999999999999,59.0,0.9754222256880577,61.0,0.9664938219127623,34_2,34,2,natural,111.114204407,58.1697845459,3.10010566086,0.692538902408,417.344581417,0.229892611504
UBFC_A1/Eval_On_COHFACE,COHFACE,old,COHFACE_s34_session2_natural,46,61.99999999999999,55.0,large_error,61.99999999999999,0.9999999999999999,63.0,0.9485121879943809,61.0,0.9346766654423541,55.0,0.9999999999999998,56.0,0.9983065111337206,54.0,0.8456034244995608,34_2,34,2,natural,111.114204407,58.1697845459,3.10010566086,0.692538902408,417.344581417,0.229892611504
UBFC_A1/Eval_On_COHFACE,COHFACE,old,COHFACE_s34_session2_natural,47,63.0,45.0,large_error,63.0,0.9999999999999999,61.99999999999999,0.99194651305093,64.0,0.8781414380744917,45.0,0.9999999999999999,46.0,0.9680888370846433,44.0,0.9106570044887549,34_2,34,2,natural,111.114204407,58.1697845459,3.10010566086,0.692538902408,417.344581417,0.229892611504
UBFC_A1/Eval_On_COHFACE,COHFACE,old,COHFACE_s34_session2_natural,48,63.0,54.0,large_error,63.0,0.9999999999999998,61.99999999999999,0.9612031361564853,64.0,0.9251449512390151,54.0,0.9999999999999998,55.0,0.9511203895860492,53.0,0.9356723466271513,34_2,34,2,natural,111.114204407,58.1697845459,3.10010566086,0.692538902408,417.344581417,0.229892611504
UBFC_A1/Eval_On_COHFACE,COHFACE,old,COHFACE_s34_session2_natural,49,61.99999999999999,52.0,large_error,61.99999999999999,0.9999999999999998,63.0,0.9818583247381294,61.0,0.9117030123782721,52.0,0.9999999999999998,53.0,0.9826089083540352,51.0,0.9423327149849011,34_2,34,2,natural,111.114204407,58.1697845459,3.10010566086,0.692538902408,417.344581417,0.229892611504
UBFC_A1/Eval_On_COHFACE,COHFACE,old,COHFACE_s34_session2_natural,50,63.0,52.0,large_error,63.0,0.9999999999999999,61.99999999999999,0.9355839853345849,64.0,0.9348034415492743,52.0,0.9999999999999998,53.0,0.9967946378700114,51.0,0.9143329389290955,34_2,34,2,natural,111.114204407,58.1697845459,3.10010566086,0.692538902408,417.344581417,0.229892611504
UBFC_A1/Eval_On_COHFACE,COHFACE,old,COHFACE_s34_session3_natural,0,69.0,58.0,large_error,69.0,1.0,68.0,0.9613439850920987,70.0,0.9071782134922911,58.0,0.9999999999999999,57.0,0.9562318522782193,59.0,0.9447038546023697,34_3,34,3,natural,107.148155212,55.2392807007,3.29553940717,0.387633080576,371.383776301,0.234520286322
UBFC_A1/Eval_On_COHFACE,COHFACE,old,COHFACE_s34_session3_natural,1,69.0,45.0,large_error,69.0,1.0,70.0,0.9984242940665606,68.0,0.8973878930606486,45.0,0.9999999999999998,46.0,0.9547680463737191,44.0,0.9197549995749328,34_3,34,3,natural,107.148155212,55.2392807007,3.29553940717,0.387633080576,371.383776301,0.234520286322
UBFC_A1/Eval_On_COHFACE,COHFACE,old,COHFACE_s34_session3_natural,2,68.0,45.0,large_error,68.0,1.0,69.0,0.9589020220700549,67.0,0.944375236751731,45.0,0.9999999999999999,46.0,0.9683209164983789,44.0,0.9030264150707699,34_3,34,3,natural,107.148155212,55.2392807007,3.29553940717,0.387633080576,371.383776301,0.234520286322
UBFC_A1/Eval_On_COHFACE,COHFACE,old,COHFACE_s34_session3_natural,3,67.0,91.0,super_harmonic_1p5x,67.0,1.0,66.0,0.9530663016050432,68.0,0.9358277338307859,91.0,0.9999999999999997,90.0,0.9991701472296063,58.0,0.9623516089714179,34_3,34,3,natural,107.148155212,55.2392807007,3.29553940717,0.387633080576,371.383776301,0.234520286322
UBFC_A1/Eval_On_COHFACE,COHFACE,old,COHFACE_s34_session3_natural,4,66.0,56.0,large_error,66.0,1.0,65.0,0.956900088307644,67.0,0.9327973599745072,56.0,0.9999999999999998,57.0,0.964125960184601,55.0,0.9269629235382502,34_3,34,3,natural,107.148155212,55.2392807007,3.29553940717,0.387633080576,371.383776301,0.234520286322
UBFC_A1/Eval_On_COHFACE,COHFACE,old,COHFACE_s34_session3_natural,5,64.0,60.0,large_error,64.0,1.0,65.0,0.9568531030325893,63.0,0.9461701206607113,60.0,0.9999999999999997,59.0,0.9869956074340009,61.0,0.9503674429348193,34_3,34,3,natural,107.148155212,55.2392807007,3.29553940717,0.387633080576,371.383776301,0.234520286322
UBFC_A1/Eval_On_COHFACE,COHFACE,old,COHFACE_s34_session3_natural,6,61.99999999999999,49.0,large_error,61.99999999999999,1.0,61.0,0.9575880990822218,63.0,0.9444055259945666,49.0,0.9999999999999997,67.0,0.9629897594462653,68.0,0.9356527225070979,34_3,34,3,natural,107.148155212,55.2392807007,3.29553940717,0.387633080576,371.383776301,0.234520286322
UBFC_A1/Eval_On_COHFACE,COHFACE,old,COHFACE_s34_session3_natural,7,61.0,61.0,correct,61.0,1.0,60.0,0.9975109791681768,61.99999999999999,0.8960336402253706,61.0,0.9999999999999999,61.99999999999999,0.9658095437344794,60.0,0.9222508067311878,34_3,34,3,natural,107.148155212,55.2392807007,3.29553940717,0.387633080576,371.383776301,0.234520286322
UBFC_A1/Eval_On_COHFACE,COHFACE,old,COHFACE_s34_session3_natural,8,60.0,66.0,large_error,60.0,1.0,59.0,0.9795796110013749,61.0,0.9166568342783707,66.0,0.9999999999999998,67.0,0.9618638793153423,65.0,0.9409328666963407,34_3,34,3,natural,107.148155212,55.2392807007,3.29553940717,0.387633080576,371.383776301,0.234520286322
UBFC_A1/Eval_On_COHFACE,COHFACE,old,COHFACE_s34_session3_natural,9,61.0,69.0,large_error,61.0,0.9999999999999999,61.99999999999999,0.9597968325104899,60.0,0.9455843007807956,69.0,0.9999999999999999,68.0,0.9626297543156364,70.0,0.9309016361414282,34_3,34,3,natural,107.148155212,55.2392807007,3.29553940717,0.387633080576,371.383776301,0.234520286322
UBFC_A1/Eval_On_COHFACE,COHFACE,old,COHFACE_s34_session3_natural,10,63.0,69.0,large_error,63.0,0.9999999999999999,61.99999999999999,0.9907928594877804,64.0,0.8897894654525005,69.0,0.9999999999999998,68.0,0.9773134041619645,70.0,0.9238818796179347,34_3,34,3,natural,107.148155212,55.2392807007,3.29553940717,0.387633080576,371.383776301,0.234520286322
UBFC_A1/Eval_On_COHFACE,COHFACE,old,COHFACE_s34_session3_natural,11,64.0,72.0,large_error,64.0,0.9999999999999999,65.0,0.9779334979713444,63.0,0.9003325681801473,72.0,0.9999999999999999,71.0,0.9934303983950593,73.0,0.9252313298442008,34_3,34,3,natural,107.148155212,55.2392807007,3.29553940717,0.387633080576,371.383776301,0.234520286322
UBFC_A1/Eval_On_COHFACE,COHFACE,old,COHFACE_s34_session3_natural,12,66.0,79.0,large_error,66.0,0.9999999999999999,67.0,0.9748717853844797,65.0,0.8995274497667511,79.0,0.9999999999999998,78.0,0.9996201512327441,77.0,0.9909927462749116,34_3,34,3,natural,107.148155212,55.2392807007,3.29553940717,0.387633080576,371.383776301,0.234520286322
UBFC_A1/Eval_On_COHFACE,COHFACE,old,COHFACE_s34_session3_natural,13,67.0,77.0,large_error,67.0,1.0,68.0,0.9825556748393813,66.0,0.9033809228176982,77.0,0.9999999999999999,76.0,0.9572916775291215,78.0,0.9144144265392595,34_3,34,3,natural,107.148155212,55.2392807007,3.29553940717,0.387633080576,371.383776301,0.234520286322
UBFC_A1/Eval_On_COHFACE,COHFACE,old,COHFACE_s34_session3_natural,14,68.0,64.0,large_error,68.0,1.0,67.0,0.997068308902211,69.0,0.8990459408565664,64.0,0.9999999999999999,76.0,0.978885064174662,77.0,0.9749765648227687,34_3,34,3,natural,107.148155212,55.2392807007,3.29553940717,0.387633080576,371.383776301,0.234520286322
UBFC_A1/Eval_On_COHFACE,COHFACE,old,COHFACE_s34_session3_natural,15,67.0,52.0,large_error,67.0,1.0,66.0,0.9685317961462465,68.0,0.9324415834431156,52.0,0.9999999999999999,53.0,0.9997572260687423,51.0,0.908605647504697,34_3,34,3,natural,107.148155212,55.2392807007,3.29553940717,0.387633080576,371.383776301,0.234520286322
UBFC_A1/Eval_On_COHFACE,COHFACE,old,COHFACE_s34_session3_natural,16,66.0,75.0,large_error,66.0,1.0,67.0,0.9655249342321703,65.0,0.9180940405458088,75.0,0.9999999999999999,74.0,0.9461026003733443,76.0,0.938880380111959,34_3,34,3,natural,107.148155212,55.2392807007,3.29553940717,0.387633080576,371.383776301,0.234520286322
UBFC_A1/Eval_On_COHFACE,COHFACE,old,COHFACE_s34_session3_natural,17,66.0,52.0,large_error,66.0,1.0,65.0,0.9596999902453451,67.0,0.9296568577303491,52.0,0.9999999999999999,53.0,0.9604925717818584,51.0,0.9233452101003358,34_3,34,3,natural,107.148155212,55.2392807007,3.29553940717,0.387633080576,371.383776301,0.234520286322
UBFC_A1/Eval_On_COHFACE,COHFACE,old,COHFACE_s34_session3_natural,18,66.0,52.0,large_error,66.0,1.0,65.0,0.9607293081061231,67.0,0.9326994485114424,52.0,0.9999999999999999,51.0,0.9647898505793514,53.0,0.9551527824704469,34_3,34,3,natural,107.148155212,55.2392807007,3.29553940717,0.387633080576,371.383776301,0.234520286322
UBFC_A1/Eval_On_COHFACE,COHFACE,old,COHFACE_s34_session3_natural,19,66.0,68.0,correct,66.0,1.0,67.0,0.9755471765909691,65.0,0.905907198660341,68.0,0.9999999999999998,69.0,0.9411593807692087,67.0,0.9162453160426155,34_3,34,3,natural,107.148155212,55.2392807007,3.29553940717,0.387633080576,371.383776301,0.234520286322
UBFC_A1/Eval_On_COHFACE,COHFACE,old,COHFACE_s34_session3_natural,20,66.0,47.0,large_error,66.0,1.0,67.0,0.9890673698029622,65.0,0.8945587375817226,47.0,0.9999999999999999,48.0,0.9645720812803978,46.0,0.9206453081453774,34_3,34,3,natural,107.148155212,55.2392807007,3.29553940717,0.387633080576,371.383776301,0.234520286322
UBFC_A1/Eval_On_COHFACE,COHFACE,old,COHFACE_s34_session3_natural,21,66.0,47.0,large_error,66.0,1.0,67.0,0.9791204908190586,65.0,0.9098477661922986,47.0,0.9999999999999999,46.0,0.9677356575438528,48.0,0.8994527051841422,34_3,34,3,natural,107.148155212,55.2392807007,3.29553940717,0.387633080576,371.383776301,0.234520286322
UBFC_A1/Eval_On_COHFACE,COHFACE,old,COHFACE_s34_session3_natural,22,66.0,61.0,large_error,66.0,1.0,65.0,0.9527669154355001,67.0,0.9300607675444789,61.0,0.9999999999999999,60.0,0.9769597169083447,61.99999999999999,0.9359689185756357,34_3,34,3,natural,107.148155212,55.2392807007,3.29553940717,0.387633080576,371.383776301,0.234520286322
UBFC_A1/Eval_On_COHFACE,COHFACE,old,COHFACE_s34_session3_natural,23,66.0,63.0,correct,66.0,1.0,65.0,0.9908643106828293,67.0,0.8934376817376207,63.0,0.9999999999999998,64.0,0.9739110663337853,61.99999999999999,0.96269904813949,34_3,34,3,natural,107.148155212,55.2392807007,3.29553940717,0.387633080576,371.383776301,0.234520286322
UBFC_A1/Eval_On_COHFACE,COHFACE,old,COHFACE_s34_session3_natural,24,65.0,48.0,large_error,65.0,1.0,66.0,0.9559761632369971,64.0,0.9399827363618013,48.0,0.9999999999999997,49.0,0.9954794965628627,47.0,0.9264327807834685,34_3,34,3,natural,107.148155212,55.2392807007,3.29553940717,0.387633080576,371.383776301,0.234520286322
UBFC_A1/Eval_On_COHFACE,COHFACE,old,COHFACE_s34_session3_natural,25,64.0,52.0,large_error,64.0,1.0,65.0,0.9825983481255723,63.0,0.9118126871931908,52.0,0.9999999999999999,51.0,0.9882235157858272,53.0,0.8869805710736756,34_3,34,3,natural,107.148155212,55.2392807007,3.29553940717,0.387633080576,371.383776301,0.234520286322
UBFC_A1/Eval_On_COHFACE,COHFACE,old,COHFACE_s34_session3_natural,26,64.0,52.0,large_error,64.0,1.0,63.0,0.9505034189943244,65.0,0.9348116260932593,52.0,0.9999999999999998,53.0,0.9349889592452868,51.0,0.9150992507584726,34_3,34,3,natural,107.148155212,55.2392807007,3.29553940717,0.387633080576,371.383776301,0.234520286322
UBFC_A1/Eval_On_COHFACE,COHFACE,old,COHFACE_s34_session3_natural,27,64.0,53.0,large_error,64.0,1.0,63.0,0.9885934038674242,65.0,0.9050135752068568,53.0,0.9999999999999998,54.0,0.976140957170873,52.0,0.8944049798548454,34_3,34,3,natural,107.148155212,55.2392807007,3.29553940717,0.387633080576,371.383776301,0.234520286322
UBFC_A1/Eval_On_COHFACE,COHFACE,old,COHFACE_s34_session3_natural,28,63.0,60.0,correct,63.0,1.0,64.0,0.9741640434247095,61.99999999999999,0.9257210737791652,60.0,0.9999999999999999,59.0,0.9885581717797722,61.0,0.941052272811696,34_3,34,3,natural,107.148155212,55.2392807007,3.29553940717,0.387633080576,371.383776301,0.234520286322
UBFC_A1/Eval_On_COHFACE,COHFACE,old,COHFACE_s34_session3_natural,29,63.0,59.0,large_error,63.0,1.0,64.0,0.9810426449972147,61.99999999999999,0.9072297201343004,59.0,0.9999999999999999,58.0,0.9749278768235503,60.0,0.9561301726077364,34_3,34,3,natural,107.148155212,55.2392807007,3.29553940717,0.387633080576,371.383776301,0.234520286322
UBFC_A1/Eval_On_COHFACE,COHFACE,old,COHFACE_s34_session3_natural,30,64.0,59.0,large_error,64.0,1.0,63.0,0.9480747507395848,65.0,0.9354034871196625,59.0,0.9999999999999998,60.0,0.9917457192372523,58.0,0.9605808607533678,34_3,34,3,natural,107.148155212,55.2392807007,3.29553940717,0.387633080576,371.383776301,0.234520286322
UBFC_A1/Eval_On_COHFACE,COHFACE,old,COHFACE_s34_session3_natural,31,64.0,64.0,correct,64.0,0.9999999999999999,65.0,0.9562402507266229,63.0,0.9347085756332952,64.0,0.9999999999999999,63.0,0.9940519324613752,65.0,0.9051869091679399,34_3,34,3,natural,107.148155212,55.2392807007,3.29553940717,0.387633080576,371.383776301,0.234520286322
UBFC_A1/Eval_On_COHFACE,COHFACE,old,COHFACE_s34_session3_natural,32,64.0,53.0,large_error,64.0,0.9999999999999999,65.0,0.9616775679632654,63.0,0.9264576187390383,53.0,0.9999999999999998,54.0,0.9588374205290358,65.0,0.9463111179959042,34_3,34,3,natural,107.148155212,55.2392807007,3.29553940717,0.387633080576,371.383776301,0.234520286322
UBFC_A1/Eval_On_COHFACE,COHFACE,old,COHFACE_s34_session3_natural,33,65.0,66.0,correct,65.0,0.9999999999999999,64.0,0.9883592517515503,66.0,0.8912973538578742,66.0,0.9999999999999999,65.0,0.9568510509785391,67.0,0.9529158199450423,34_3,34,3,natural,107.148155212,55.2392807007,3.29553940717,0.387633080576,371.383776301,0.234520286322
UBFC_A1/Eval_On_COHFACE,COHFACE,old,COHFACE_s34_session3_natural,34,65.0,68.0,correct,65.0,0.9999999999999999,64.0,0.9736307691407229,66.0,0.9031432628782554,68.0,0.9999999999999998,67.0,0.9839726726124053,69.0,0.9343207832678779,34_3,34,3,natural,107.148155212,55.2392807007,3.29553940717,0.387633080576,371.383776301,0.234520286322
UBFC_A1/Eval_On_COHFACE,COHFACE,old,COHFACE_s34_session3_natural,35,64.0,66.0,correct,64.0,0.9999999999999999,63.0,0.9508878118825385,65.0,0.9404606448979395,66.0,0.9999999999999998,65.0,0.9974344964769084,67.0,0.8847899615940674,34_3,34,3,natural,107.148155212,55.2392807007,3.29553940717,0.387633080576,371.383776301,0.234520286322
UBFC_A1/Eval_On_COHFACE,COHFACE,old,COHFACE_s34_session3_natural,36,63.0,64.0,correct,63.0,0.9999999999999998,64.0,0.9532302948811712,61.99999999999999,0.926727894392749,64.0,0.9999999999999998,63.0,0.9761478998308599,51.0,0.9459263457940075,34_3,34,3,natural,107.148155212,55.2392807007,3.29553940717,0.387633080576,371.383776301,0.234520286322
UBFC_A1/Eval_On_COHFACE,COHFACE,old,COHFACE_s34_session3_natural,37,61.99999999999999,52.0,large_error,61.99999999999999,0.9999999999999998,63.0,0.9776824481185015,61.0,0.8937972341669859,52.0,0.9999999999999998,51.0,0.9968198519876512,53.0,0.8625183770675869,34_3,34,3,natural,107.148155212,55.2392807007,3.29553940717,0.387633080576,371.383776301,0.234520286322
UBFC_A1/Eval_On_COHFACE,COHFACE,old,COHFACE_s34_session3_natural,38,61.99999999999999,51.0,large_error,61.99999999999999,0.9999999999999999,61.0,0.975463274227464,63.0,0.914791967106246,51.0,0.9999999999999999,52.0,0.9468058352680961,50.0,0.9002151962037982,34_3,34,3,natural,107.148155212,55.2392807007,3.29553940717,0.387633080576,371.383776301,0.234520286322
UBFC_A1/Eval_On_COHFACE,COHFACE,old,COHFACE_s34_session3_natural,39,61.0,82.0,super_harmonic_1p5x,61.0,0.9999999999999999,61.99999999999999,0.9752236662348077,60.0,0.9214112771982775,82.0,0.9999999999999998,81.0,0.9725128716349762,83.0,0.9140623966516872,34_3,34,3,natural,107.148155212,55.2392807007,3.29553940717,0.387633080576,371.383776301,0.234520286322
UBFC_A1/Eval_On_COHFACE,COHFACE,old,COHFACE_s34_session3_natural,40,61.99999999999999,81.0,super_harmonic_1p5x,61.99999999999999,0.9999999999999999,61.0,0.9411582106763194,63.0,0.928558796115443,81.0,0.9999999999999999,80.0,0.9734196287693037,67.0,0.9420569136737654,34_3,34,3,natural,107.148155212,55.2392807007,3.29553940717,0.387633080576,371.383776301,0.234520286322
UBFC_A1/Eval_On_COHFACE,COHFACE,old,COHFACE_s34_session3_natural,41,63.0,66.0,correct,63.0,0.9999999999999999,64.0,0.9445643447307543,61.99999999999999,0.9257478822039041,66.0,0.9999999999999998,67.0,0.9926926619442062,65.0,0.8966307765728401,34_3,34,3,natural,107.148155212,55.2392807007,3.29553940717,0.387633080576,371.383776301,0.234520286322
UBFC_A1/Eval_On_COHFACE,COHFACE,old,COHFACE_s34_session3_natural,42,65.0,52.0,large_error,65.0,0.9999999999999999,64.0,0.9790284578163805,66.0,0.9141143865613095,52.0,0.9999999999999999,53.0,0.9854502482865795,51.0,0.9372193465450802,34_3,34,3,natural,107.148155212,55.2392807007,3.29553940717,0.387633080576,371.383776301,0.234520286322
UBFC_A1/Eval_On_COHFACE,COHFACE,old,COHFACE_s34_session3_natural,43,66.0,51.0,large_error,66.0,0.9999999999999999,65.0,0.9963552157205674,67.0,0.8986070009512872,51.0,0.9999999999999997,52.0,0.9710384189540213,70.0,0.938038941675542,34_3,34,3,natural,107.148155212,55.2392807007,3.29553940717,0.387633080576,371.383776301,0.234520286322
UBFC_A1/Eval_On_COHFACE,COHFACE,old,COHFACE_s34_session3_natural,44,66.0,51.0,large_error,66.0,0.9999999999999998,65.0,0.9941466921035605,67.0,0.901726083540202,51.0,0.9999999999999997,50.0,0.9959527284971016,40.0,0.9803942813122575,34_3,34,3,natural,107.148155212,55.2392807007,3.29553940717,0.387633080576,371.383776301,0.234520286322
UBFC_A1/Eval_On_COHFACE,COHFACE,old,COHFACE_s34_session3_natural,45,65.0,40.0,large_error,65.0,0.9999999999999998,64.0,0.9691750220102449,66.0,0.9380382432988732,40.0,0.9999999999999996,41.0,0.8927384818478074,42.0,0.731152794035194,34_3,34,3,natural,107.148155212,55.2392807007,3.29553940717,0.387633080576,371.383776301,0.234520286322
UBFC_A1/Eval_On_COHFACE,COHFACE,old,COHFACE_s34_session3_natural,46,63.0,40.0,large_error,63.0,0.9999999999999999,64.0,0.9587267272999077,61.99999999999999,0.9396987725484657,40.0,0.9999999999999996,41.0,0.7251932531756943,64.0,0.6230965990145296,34_3,34,3,natural,107.148155212,55.2392807007,3.29553940717,0.387633080576,371.383776301,0.234520286322
UBFC_A1/Eval_On_COHFACE,COHFACE,old,COHFACE_s34_session3_natural,47,61.99999999999999,60.0,correct,61.99999999999999,0.9999999999999999,61.0,0.9972753731129935,63.0,0.8952469825152475,60.0,0.9999999999999998,61.0,0.9582546918135109,59.0,0.9232464727677812,34_3,34,3,natural,107.148155212,55.2392807007,3.29553940717,0.387633080576,371.383776301,0.234520286322
UBFC_A1/Eval_On_COHFACE,COHFACE,old,COHFACE_s34_session3_natural,48,60.0,40.0,large_error,60.0,0.9999999999999999,61.0,0.9663620977793471,59.0,0.9383571446989318,40.0,0.9999999999999998,41.0,0.8877722535197565,42.0,0.6846379624150062,34_3,34,3,natural,107.148155212,55.2392807007,3.29553940717,0.387633080576,371.383776301,0.234520286322
UBFC_A1/Eval_On_COHFACE,COHFACE,old,COHFACE_s34_session3_natural,49,60.0,41.0,large_error,60.0,0.9999999999999999,59.0,0.9956501038986753,61.0,0.8998881264452847,41.0,0.9999999999999998,40.0,0.9936493415726029,52.0,0.9282273002986273,34_3,34,3,natural,107.148155212,55.2392807007,3.29553940717,0.387633080576,371.383776301,0.234520286322
UBFC_A1/Eval_On_COHFACE,COHFACE,old,COHFACE_s34_session3_natural,50,60.0,54.0,large_error,60.0,0.9999999999999999,59.0,0.9812599525569005,61.0,0.8989472225261621,54.0,0.9999999999999998,53.0,0.9678519693758183,55.0,0.9209174695504387,34_3,34,3,natural,107.148155212,55.2392807007,3.29553940717,0.387633080576,371.383776301,0.234520286322
UBFC_A1/Eval_On_COHFACE,COHFACE,old,COHFACE_s35_session0_lamp,0,85.0,40.0,sub_harmonic_half,85.0,1.0,86.0,0.9343584263292095,84.0,0.9294125521017815,40.0,0.9999999999999997,41.0,0.8706667102729686,79.0,0.7040849851740104,35_0,35,0,lamp,99.306930542,58.6103744507,7.18907229723,0,687.335504289,0.296832591295
UBFC_A1/Eval_On_COHFACE,COHFACE,old,COHFACE_s35_session0_lamp,1,86.0,80.0,large_error,86.0,0.9999999999999999,85.0,0.9944396452864387,87.0,0.8920823670002429,80.0,0.9999999999999993,79.0,0.9438866445260714,81.0,0.9122360198424343,35_0,35,0,lamp,99.306930542,58.6103744507,7.18907229723,0,687.335504289,0.296832591295
UBFC_A1/Eval_On_COHFACE,COHFACE,old,COHFACE_s35_session0_lamp,2,86.0,43.0,sub_harmonic_half,86.0,1.0,85.0,0.9600379842010448,87.0,0.921129452418385,43.0,0.9999999999999998,44.0,0.9773629494921443,82.0,0.9647253940812341,35_0,35,0,lamp,99.306930542,58.6103744507,7.18907229723,0,687.335504289,0.296832591295
UBFC_A1/Eval_On_COHFACE,COHFACE,old,COHFACE_s35_session0_lamp,3,86.0,40.0,sub_harmonic_half,86.0,0.9999999999999999,85.0,0.9944507344705573,87.0,0.8921999199313063,40.0,0.9999999999999996,41.0,0.8857375937671886,80.0,0.7068790563968773,35_0,35,0,lamp,99.306930542,58.6103744507,7.18907229723,0,687.335504289,0.296832591295
UBFC_A1/Eval_On_COHFACE,COHFACE,old,COHFACE_s35_session0_lamp,4,85.0,40.0,sub_harmonic_half,85.0,0.9999999999999999,84.0,0.9712148215290428,86.0,0.927019858706052,40.0,0.9999999999999996,41.0,0.9483306768941222,79.0,0.8659324427516059,35_0,35,0,lamp,99.306930542,58.6103744507,7.18907229723,0,687.335504289,0.296832591295
UBFC_A1/Eval_On_COHFACE,COHFACE,old,COHFACE_s35_session0_lamp,5,85.0,40.0,sub_harmonic_half,85.0,1.0,86.0,0.9465984643706015,84.0,0.9408404136919625,40.0,0.9999999999999997,41.0,0.9473127593066248,78.0,0.7843865901053948,35_0,35,0,lamp,99.306930542,58.6103744507,7.18907229723,0,687.335504289,0.296832591295
UBFC_A1/Eval_On_COHFACE,COHFACE,old,COHFACE_s35_session0_lamp,6,85.0,40.0,sub_harmonic_half,85.0,0.9999999999999999,86.0,0.9997502791115634,84.0,0.888551332574818,40.0,0.9999999999999997,77.0,0.9424090169881632,78.0,0.9241193880519262,35_0,35,0,lamp,99.306930542,58.6103744507,7.18907229723,0,687.335504289,0.296832591295
UBFC_A1/Eval_On_COHFACE,COHFACE,old,COHFACE_s35_session0_lamp,7,86.0,41.0,sub_harmonic_half,86.0,1.0,85.0,0.9789375698241493,87.0,0.9023902158304794,41.0,0.9999999999999982,42.0,0.9830330132229269,40.0,0.9344532031643606,35_0,35,0,lamp,99.306930542,58.6103744507,7.18907229723,0,687.335504289,0.296832591295
UBFC_A1/Eval_On_COHFACE,COHFACE,old,COHFACE_s35_session0_lamp,8,86.0,44.0,sub_harmonic_half,86.0,1.0,87.0,0.9570255995140083,85.0,0.9258230399758745,44.0,0.9999999999999998,45.0,0.9927738367408766,43.0,0.9025969646404588,35_0,35,0,lamp,99.306930542,58.6103744507,7.18907229723,0,687.335504289,0.296832591295
UBFC_A1/Eval_On_COHFACE,COHFACE,old,COHFACE_s35_session0_lamp,9,86.0,61.0,large_error,86.0,1.0,87.0,0.9936814656138419,85.0,0.8930101235810591,61.0,0.9999999999999992,61.99999999999999,0.9704224980302456,60.0,0.9152658346813408,35_0,35,0,lamp,99.306930542,58.6103744507,7.18907229723,0,687.335504289,0.296832591295
UBFC_A1/Eval_On_COHFACE,COHFACE,old,COHFACE_s35_session0_lamp,10,87.0,61.0,large_error,87.0,1.0,86.0,0.9748331450728764,88.0,0.9069599870412802,61.0,0.9999999999999996,60.0,0.9739279916613438,61.99999999999999,0.9106510233800612,35_0,35,0,lamp,99.306930542,58.6103744507,7.18907229723,0,687.335504289,0.296832591295
UBFC_A1/Eval_On_COHFACE,COHFACE,old,COHFACE_s35_session0_lamp,11,86.0,44.0,sub_harmonic_half,86.0,1.0,87.0,0.945714329898956,85.0,0.942460028777946,44.0,0.9999999999999997,43.0,0.9682975338653889,45.0,0.9171927798054418,35_0,35,0,lamp,99.306930542,58.6103744507,7.18907229723,0,687.335504289,0.296832591295
UBFC_A1/Eval_On_COHFACE,COHFACE,old,COHFACE_s35_session0_lamp,12,85.0,40.0,sub_harmonic_half,85.0,1.0,84.0,0.9566544291189638,86.0,0.9291212356076027,40.0,0.9999999999999994,41.0,0.6965028358985285,63.0,0.6900645552691413,35_0,35,0,lamp,99.306930542,58.6103744507,7.18907229723,0,687.335504289,0.296832591295
UBFC_A1/Eval_On_COHFACE,COHFACE,old,COHFACE_s35_session0_lamp,13,84.0,74.0,large_error,84.0,1.0,85.0,0.9838227341790143,83.0,0.9005683742591014,74.0,0.9999999999999998,73.0,0.9488219653933917,75.0,0.9390616873829372,35_0,35,0,lamp,99.306930542,58.6103744507,7.18907229723,0,687.335504289,0.296832591295
UBFC_A1/Eval_On_COHFACE,COHFACE,old,COHFACE_s35_session0_lamp,14,84.0,75.0,large_error,84.0,1.0,83.0,0.9533602067042427,85.0,0.9317550795973192,75.0,0.9999999999999999,74.0,0.9532121820743283,76.0,0.9382256982154548,35_0,35,0,lamp,99.306930542,58.6103744507,7.18907229723,0,687.335504289,0.296832591295
UBFC_A1/Eval_On_COHFACE,COHFACE,old,COHFACE_s35_session0_lamp,15,84.0,77.0,large_error,84.0,1.0,83.0,0.9719056182961174,85.0,0.9147748548737193,77.0,0.9999999999999997,40.0,0.9910030712798927,78.0,0.9739932837826805,35_0,35,0,lamp,99.306930542,58.6103744507,7.18907229723,0,687.335504289,0.296832591295
UBFC_A1/Eval_On_COHFACE,COHFACE,old,COHFACE_s35_session0_lamp,16,84.0,79.0,large_error,84.0,1.0,83.0,0.9597820518315149,85.0,0.9275281673246139,79.0,0.9999999999999997,80.0,0.9641634561019576,78.0,0.9307153002321698,35_0,35,0,lamp,99.306930542,58.6103744507,7.18907229723,0,687.335504289,0.296832591295
UBFC_A1/Eval_On_COHFACE,COHFACE,old,COHFACE_s35_session0_lamp,17,84.0,66.0,large_error,84.0,1.0,83.0,0.9481205013098168,85.0,0.9331325953856527,66.0,0.9999999999999997,65.0,0.9556601032310823,67.0,0.9461195155066279,35_0,35,0,lamp,99.306930542,58.6103744507,7.18907229723,0,687.335504289,0.296832591295
UBFC_A1/Eval_On_COHFACE,COHFACE,old,COHFACE_s35_session0_lamp,18,84.0,67.0,large_error,84.0,1.0,85.0,0.9757013996770402,83.0,0.9074421835379777,67.0,0.9999999999999994,68.0,0.9751626033412623,66.0,0.9608891918560348,35_0,35,0,lamp,99.306930542,58.6103744507,7.18907229723,0,687.335504289,0.296832591295
UBFC_A1/Eval_On_COHFACE,COHFACE,old,COHFACE_s35_session0_lamp,19,84.0,65.0,large_error,84.0,1.0,85.0,0.968274794568982,83.0,0.9151278293168013,65.0,0.9999999999999994,64.0,0.9744606500391001,66.0,0.9400599212827312,35_0,35,0,lamp,99.306930542,58.6103744507,7.18907229723,0,687.335504289,0.296832591295
UBFC_A1/Eval_On_COHFACE,COHFACE,old,COHFACE_s35_session0_lamp,20,84.0,50.0,large_error,84.0,0.9999999999999999,83.0,0.9974403725010921,85.0,0.8878085435945634,50.0,0.9999999999999994,51.0,0.9784730567478757,49.0,0.9215612917022382,35_0,35,0,lamp,99.306930542,58.6103744507,7.18907229723,0,687.335504289,0.296832591295
UBFC_A1/Eval_On_COHFACE,COHFACE,old,COHFACE_s35_session0_lamp,21,83.0,40.0,sub_harmonic_half,83.0,0.9999999999999999,84.0,0.9449874070059069,82.0,0.944648780368605,40.0,0.9999999999999989,80.0,0.7742143986655009,41.0,0.7727496483840921,35_0,35,0,lamp,99.306930542,58.6103744507,7.18907229723,0,687.335504289,0.296832591295
UBFC_A1/Eval_On_COHFACE,COHFACE,old,COHFACE_s35_session0_lamp,22,82.0,91.0,large_error,82.0,1.0,83.0,0.9599101408707947,81.0,0.9196369523364437,91.0,0.9999999999999996,90.0,0.9784305117499338,92.0,0.8579479022539577,35_0,35,0,lamp,99.306930542,58.6103744507,7.18907229723,0,687.335504289,0.296832591295
UBFC_A1/Eval_On_COHFACE,COHFACE,old,COHFACE_s35_session0_lamp,23,82.0,119.0,super_harmonic_1p5x,82.0,1.0,81.0,0.9483995728706373,83.0,0.931556270401215,119.0,0.9999999999999973,118.0,0.9483074573469698,120.0,0.9167612326668776,35_0,35,0,lamp,99.306930542,58.6103744507,7.18907229723,0,687.335504289,0.296832591295
UBFC_A1/Eval_On_COHFACE,COHFACE,old,COHFACE_s35_session0_lamp,24,82.0,81.0,correct,82.0,1.0,83.0,0.9565640019446774,81.0,0.927535843220505,81.0,0.9999999999999997,80.0,0.9935747948934897,82.0,0.9316196490756651,35_0,35,0,lamp,99.306930542,58.6103744507,7.18907229723,0,687.335504289,0.296832591295
UBFC_A1/Eval_On_COHFACE,COHFACE,old,COHFACE_s35_session0_lamp,25,83.0,76.0,large_error,83.0,1.0,84.0,0.9496658292508778,82.0,0.9397431338798375,76.0,0.9999999999999998,75.0,0.9747124596900992,77.0,0.9733516901478808,35_0,35,0,lamp,99.306930542,58.6103744507,7.18907229723,0,687.335504289,0.296832591295
UBFC_A1/Eval_On_COHFACE,COHFACE,old,COHFACE_s35_session0_lamp,26,84.0,75.0,large_error,84.0,1.0,83.0,0.963454914373949,85.0,0.9261257333485672,75.0,0.9999999999999998,76.0,0.9896417879072064,74.0,0.9315986580287816,35_0,35,0,lamp,99.306930542,58.6103744507,7.18907229723,0,687.335504289,0.296832591295
UBFC_A1/Eval_On_COHFACE,COHFACE,old,COHFACE_s35_session0_lamp,27,84.0,81.0,correct,84.0,1.0,83.0,0.9595471052271002,85.0,0.9241388366910486,81.0,0.9999999999999998,82.0,0.968949435124176,80.0,0.9556354785637944,35_0,35,0,lamp,99.306930542,58.6103744507,7.18907229723,0,687.335504289,0.296832591295
UBFC_A1/Eval_On_COHFACE,COHFACE,old,COHFACE_s35_session0_lamp,28,84.0,81.0,correct,84.0,1.0,83.0,0.9622785621558704,85.0,0.9217989448236104,81.0,0.9999999999999994,80.0,0.9620742962283462,82.0,0.9419790905150274,35_0,35,0,lamp,99.306930542,58.6103744507,7.18907229723,0,687.335504289,0.296832591295
UBFC_A1/Eval_On_COHFACE,COHFACE,old,COHFACE_s35_session0_lamp,29,84.0,68.0,large_error,84.0,1.0,85.0,0.9539293226329574,83.0,0.9294347785304239,68.0,0.9999999999999996,69.0,0.9756853886603033,67.0,0.9074154012567589,35_0,35,0,lamp,99.306930542,58.6103744507,7.18907229723,0,687.335504289,0.296832591295
UBFC_A1/Eval_On_COHFACE,COHFACE,old,COHFACE_s35_session0_lamp,30,85.0,67.0,large_error,85.0,1.0,84.0,0.982966490206459,86.0,0.9019916709446796,67.0,0.9999999999999994,66.0,0.9579837539683708,68.0,0.914460449480899,35_0,35,0,lamp,99.306930542,58.6103744507,7.18907229723,0,687.335504289,0.296832591295
UBFC_A1/Eval_On_COHFACE,COHFACE,old,COHFACE_s35_session0_lamp,31,85.0,67.0,large_error,85.0,1.0,84.0,0.9529244277229584,86.0,0.9366125210567182,67.0,0.9999999999999996,68.0,0.9481371824833993,66.0,0.9108883494288013,35_0,35,0,lamp,99.306930542,58.6103744507,7.18907229723,0,687.335504289,0.296832591295
UBFC_A1/Eval_On_COHFACE,COHFACE,old,COHFACE_s35_session0_lamp,32,85.0,67.0,large_error,85.0,1.0,84.0,0.9899154061568202,86.0,0.8941420376179883,67.0,0.9999999999999994,66.0,0.973313400027316,68.0,0.9072026065400112,35_0,35,0,lamp,99.306930542,58.6103744507,7.18907229723,0,687.335504289,0.296832591295
UBFC_A1/Eval_On_COHFACE,COHFACE,old,COHFACE_s35_session0_lamp,33,85.0,40.0,sub_harmonic_half,85.0,1.0,84.0,0.972743388779084,86.0,0.9135866648339179,40.0,0.9999999999999992,48.0,0.875354629101605,70.0,0.8629148159981606,35_0,35,0,lamp,99.306930542,58.6103744507,7.18907229723,0,687.335504289,0.296832591295
UBFC_A1/Eval_On_COHFACE,COHFACE,old,COHFACE_s35_session0_lamp,34,85.0,68.0,large_error,85.0,1.0,86.0,0.9519564634967057,84.0,0.9331881474764067,68.0,0.9999999999999989,69.0,0.9621002085413772,88.0,0.939940927244988,35_0,35,0,lamp,99.306930542,58.6103744507,7.18907229723,0,687.335504289,0.296832591295
UBFC_A1/Eval_On_COHFACE,COHFACE,old,COHFACE_s35_session0_lamp,35,86.0,43.0,sub_harmonic_half,86.0,1.0,85.0,0.9527302914767105,87.0,0.9360509961089738,43.0,0.9999999999999992,42.0,0.9855043474248467,64.0,0.9677974702466189,35_0,35,0,lamp,99.306930542,58.6103744507,7.18907229723,0,687.335504289,0.296832591295
UBFC_A1/Eval_On_COHFACE,COHFACE,old,COHFACE_s35_session0_lamp,36,86.0,42.0,sub_harmonic_half,86.0,1.0,87.0,0.9727292663250295,85.0,0.9154887148622323,42.0,0.9999999999999992,43.0,0.9741328804927468,41.0,0.9355993502080754,35_0,35,0,lamp,99.306930542,58.6103744507,7.18907229723,0,687.335504289,0.296832591295
UBFC_A1/Eval_On_COHFACE,COHFACE,old,COHFACE_s35_session0_lamp,37,86.0,83.0,correct,86.0,1.0,85.0,0.9400731866341868,87.0,0.9395969911358695,83.0,0.9999999999999997,82.0,0.9814128919792658,84.0,0.9240270659979624,35_0,35,0,lamp,99.306930542,58.6103744507,7.18907229723,0,687.335504289,0.296832591295
UBFC_A1/Eval_On_COHFACE,COHFACE,old,COHFACE_s35_session0_lamp,38,86.0,43.0,sub_harmonic_half,86.0,1.0,85.0,0.9802982657674166,87.0,0.9085188751355086,43.0,0.9999999999999997,42.0,0.9530501139828768,44.0,0.8989560898064355,35_0,35,0,lamp,99.306930542,58.6103744507,7.18907229723,0,687.335504289,0.296832591295
UBFC_A1/Eval_On_COHFACE,COHFACE,old,COHFACE_s35_session0_lamp,39,85.0,81.0,large_error,85.0,1.0,86.0,0.9473859986915981,84.0,0.9349478951223005,81.0,0.9999999999999998,82.0,0.9933321599112743,80.0,0.908899412305665,35_0,35,0,lamp,99.306930542,58.6103744507,7.18907229723,0,687.335504289,0.296832591295
UBFC_A1/Eval_On_COHFACE,COHFACE,old,COHFACE_s35_session0_lamp,40,85.0,82.0,correct,85.0,1.0,84.0,0.9963439952623683,86.0,0.8870849032767035,82.0,0.9999999999999997,81.0,0.9672811368454769,83.0,0.9388692467439687,35_0,35,0,lamp,99.306930542,58.6103744507,7.18907229723,0,687.335504289,0.296832591295
UBFC_A1/Eval_On_COHFACE,COHFACE,old,COHFACE_s35_session0_lamp,41,84.0,43.0,sub_harmonic_half,84.0,1.0,85.0,0.9514986444290549,83.0,0.9385979501251722,43.0,0.9999999999999997,42.0,0.9673991497911498,44.0,0.9473895876519864,35_0,35,0,lamp,99.306930542,58.6103744507,7.18907229723,0,687.335504289,0.296832591295
UBFC_A1/Eval_On_COHFACE,COHFACE,old,COHFACE_s35_session0_lamp,42,84.0,40.0,sub_harmonic_half,84.0,1.0,83.0,0.998083891850282,85.0,0.8858541938866162,40.0,0.9999999999999996,41.0,0.8479380415357054,79.0,0.63420632900945,35_0,35,0,lamp,99.306930542,58.6103744507,7.18907229723,0,687.335504289,0.296832591295
UBFC_A1/Eval_On_COHFACE,COHFACE,old,COHFACE_s35_session0_lamp,43,84.0,89.0,large_error,84.0,1.0,83.0,0.9782752598846158,85.0,0.911943230056128,89.0,0.9999999999999996,90.0,0.9953416867074344,43.0,0.9503128584490232,35_0,35,0,lamp,99.306930542,58.6103744507,7.18907229723,0,687.335504289,0.296832591295
UBFC_A1/Eval_On_COHFACE,COHFACE,old,COHFACE_s35_session0_lamp,44,84.0,44.0,sub_harmonic_half,84.0,1.0,85.0,0.9948012963075987,83.0,0.8959633765040957,44.0,0.9999999999999998,45.0,0.9933691510979601,43.0,0.8866689548949588,35_0,35,0,lamp,99.306930542,58.6103744507,7.18907229723,0,687.335504289,0.296832591295
UBFC_A1/Eval_On_COHFACE,COHFACE,old,COHFACE_s35_session0_lamp,45,85.0,90.0,large_error,85.0,1.0,86.0,0.9931325892605827,84.0,0.8978519948589767,90.0,0.9999999999999997,91.0,0.9858937938373047,89.0,0.9164050625084402,35_0,35,0,lamp,99.306930542,58.6103744507,7.18907229723,0,687.335504289,0.296832591295
UBFC_A1/Eval_On_COHFACE,COHFACE,old,COHFACE_s35_session0_lamp,46,86.0,44.0,sub_harmonic_half,86.0,1.0,85.0,0.9754644778522268,87.0,0.9057185820058508,44.0,0.9999999999999996,43.0,0.9613183932067826,45.0,0.926656064657454,35_0,35,0,lamp,99.306930542,58.6103744507,7.18907229723,0,687.335504289,0.296832591295
UBFC_A1/Eval_On_COHFACE,COHFACE,old,COHFACE_s35_session0_lamp,47,85.0,76.0,large_error,85.0,1.0,86.0,0.9769996339000862,84.0,0.9028366786448188,76.0,0.9999999999999994,77.0,0.9981353056303571,78.0,0.9121037314052993,35_0,35,0,lamp,99.306930542,58.6103744507,7.18907229723,0,687.335504289,0.296832591295
UBFC_A1/Eval_On_COHFACE,COHFACE,old,COHFACE_s35_session0_lamp,48,85.0,81.0,large_error,85.0,1.0,86.0,0.9517876247722636,84.0,0.9360513431267254,81.0,0.9999999999999996,82.0,0.9615323017850892,80.0,0.9472620685967229,35_0,35,0,lamp,99.306930542,58.6103744507,7.18907229723,0,687.335504289,0.296832591295
UBFC_A1/Eval_On_COHFACE,COHFACE,old,COHFACE_s35_session0_lamp,49,85.0,121.0,super_harmonic_1p5x,85.0,1.0,84.0,0.9507154896378868,86.0,0.9361827399029927,121.0,0.9999999999999994,120.0,0.9855014630352839,122.0,0.8844399173316052,35_0,35,0,lamp,99.306930542,58.6103744507,7.18907229723,0,687.335504289,0.296832591295
UBFC_A1/Eval_On_COHFACE,COHFACE,old,COHFACE_s35_session0_lamp,50,85.0,69.0,large_error,85.0,1.0,84.0,0.9518432782254005,86.0,0.9415664671688171,69.0,0.9999999999999994,70.0,0.9688189336722414,68.0,0.9194406836925062,35_0,35,0,lamp,99.306930542,58.6103744507,7.18907229723,0,687.335504289,0.296832591295
UBFC_A1/Eval_On_COHFACE,COHFACE,old,COHFACE_s35_session1_lamp,0,87.0,43.0,sub_harmonic_half,87.0,0.9999999999999999,88.0,0.9563604233505314,86.0,0.8764503843564291,43.0,0.9999999999999996,42.0,0.9963688780047361,44.0,0.9688478262451125,35_1,35,1,lamp,105.316345215,61.8361663818,8.51867276859,0,882.050666952,0.353614777327
UBFC_A1/Eval_On_COHFACE,COHFACE,old,COHFACE_s35_session1_lamp,1,86.0,45.0,sub_harmonic_half,86.0,0.9999999999999999,85.0,0.9716843956256936,87.0,0.9267728377018691,45.0,0.9999999999999996,44.0,0.9841672884920025,46.0,0.9498363602978331,35_1,35,1,lamp,105.316345215,61.8361663818,8.51867276859,0,882.050666952,0.353614777327
UBFC_A1/Eval_On_COHFACE,COHFACE,old,COHFACE_s35_session1_lamp,2,86.0,60.0,large_error,86.0,0.9999999999999998,87.0,0.953933665022008,85.0,0.9370658643507256,60.0,0.9999999999999999,59.0,0.9694332582761929,61.0,0.8835405108330453,35_1,35,1,lamp,105.316345215,61.8361663818,8.51867276859,0,882.050666952,0.353614777327
UBFC_A1/Eval_On_COHFACE,COHFACE,old,COHFACE_s35_session1_lamp,3,85.0,59.0,large_error,85.0,0.9999999999999998,86.0,0.9984089536566728,87.0,0.8892836925832063,59.0,0.9999999999999996,58.0,0.9847277171151247,60.0,0.9249941590230168,35_1,35,1,lamp,105.316345215,61.8361663818,8.51867276859,0,882.050666952,0.353614777327
UBFC_A1/Eval_On_COHFACE,COHFACE,old,COHFACE_s35_session1_lamp,4,85.0,59.0,large_error,85.0,0.9999999999999999,84.0,0.9819070994569912,86.0,0.9020331995843109,59.0,0.9999999999999997,58.0,0.96971127976993,60.0,0.9600513153349984,35_1,35,1,lamp,105.316345215,61.8361663818,8.51867276859,0,882.050666952,0.353614777327
UBFC_A1/Eval_On_COHFACE,COHFACE,old,COHFACE_s35_session1_lamp,5,84.0,60.0,large_error,84.0,0.9999999999999998,85.0,0.9794946067043178,83.0,0.9052523495554774,60.0,0.9999999999999999,59.0,0.99268477870032,61.0,0.8850250285562861,35_1,35,1,lamp,105.316345215,61.8361663818,8.51867276859,0,882.050666952,0.353614777327
UBFC_A1/Eval_On_COHFACE,COHFACE,old,COHFACE_s35_session1_lamp,6,84.0,82.0,correct,84.0,0.9999999999999998,85.0,0.9605857599327267,83.0,0.9437819068395318,82.0,0.9999999999999998,83.0,0.9558685640410539,81.0,0.9401219091653233,35_1,35,1,lamp,105.316345215,61.8361663818,8.51867276859,0,882.050666952,0.353614777327
UBFC_A1/Eval_On_COHFACE,COHFACE,old,COHFACE_s35_session1_lamp,7,83.0,82.0,correct,83.0,0.9999999999999999,84.0,0.9993017798763831,82.0,0.8939992184604365,82.0,0.9999999999999998,83.0,0.9897356737990317,81.0,0.9131657115441768,35_1,35,1,lamp,105.316345215,61.8361663818,8.51867276859,0,882.050666952,0.353614777327
UBFC_A1/Eval_On_COHFACE,COHFACE,old,COHFACE_s35_session1_lamp,8,83.0,79.0,large_error,83.0,1.0,82.0,0.9722210991202143,84.0,0.9060217278189024,79.0,0.9999999999999998,78.0,0.9878756087235359,80.0,0.9195905799919919,35_1,35,1,lamp,105.316345215,61.8361663818,8.51867276859,0,882.050666952,0.353614777327
UBFC_A1/Eval_On_COHFACE,COHFACE,old,COHFACE_s35_session1_lamp,9,82.0,81.0,correct,82.0,1.0,83.0,0.9728108130318504,81.0,0.9017189016338033,81.0,0.9999999999999998,82.0,0.974459110486746,80.0,0.9200465608412012,35_1,35,1,lamp,105.316345215,61.8361663818,8.51867276859,0,882.050666952,0.353614777327
UBFC_A1/Eval_On_COHFACE,COHFACE,old,COHFACE_s35_session1_lamp,10,82.0,81.0,correct,82.0,0.9999999999999999,83.0,0.9936894010121746,81.0,0.8919271548261697,81.0,0.9999999999999998,82.0,0.9940658886189446,80.0,0.9367404121957229,35_1,35,1,lamp,105.316345215,61.8361663818,8.51867276859,0,882.050666952,0.353614777327
UBFC_A1/Eval_On_COHFACE,COHFACE,old,COHFACE_s35_session1_lamp,11,83.0,80.0,correct,83.0,0.9999999999999999,82.0,0.9780160769225499,84.0,0.9111471958255983,80.0,0.9999999999999998,81.0,0.9954429717842002,43.0,0.9219479471791493,35_1,35,1,lamp,105.316345215,61.8361663818,8.51867276859,0,882.050666952,0.353614777327
UBFC_A1/Eval_On_COHFACE,COHFACE,old,COHFACE_s35_session1_lamp,12,83.0,42.0,sub_harmonic_half,83.0,0.9999999999999999,84.0,0.9799381297744614,82.0,0.9171270346598864,42.0,0.9999999999999998,43.0,0.9935486931235994,41.0,0.925891672173164,35_1,35,1,lamp,105.316345215,61.8361663818,8.51867276859,0,882.050666952,0.353614777327
UBFC_A1/Eval_On_COHFACE,COHFACE,old,COHFACE_s35_session1_lamp,13,84.0,44.0,sub_harmonic_half,84.0,0.9999999999999999,83.0,0.9571139134871876,85.0,0.9194721800043193,44.0,0.9999999999999997,43.0,0.9752683434197443,45.0,0.9160867679185531,35_1,35,1,lamp,105.316345215,61.8361663818,8.51867276859,0,882.050666952,0.353614777327
UBFC_A1/Eval_On_COHFACE,COHFACE,old,COHFACE_s35_session1_lamp,14,84.0,46.0,sub_harmonic_half,84.0,0.9999999999999999,85.0,0.9706269275670294,83.0,0.8978048202560444,46.0,0.9999999999999998,45.0,0.985482925384494,47.0,0.9187999084484915,35_1,35,1,lamp,105.316345215,61.8361663818,8.51867276859,0,882.050666952,0.353614777327
UBFC_A1/Eval_On_COHFACE,COHFACE,old,COHFACE_s35_session1_lamp,15,84.0,46.0,sub_harmonic_half,84.0,0.9999999999999999,83.0,0.9419631011337061,85.0,0.9338169860521547,46.0,0.9999999999999997,45.0,0.9967031769631337,47.0,0.9273811225927496,35_1,35,1,lamp,105.316345215,61.8361663818,8.51867276859,0,882.050666952,0.353614777327
UBFC_A1/Eval_On_COHFACE,COHFACE,old,COHFACE_s35_session1_lamp,16,84.0,46.0,sub_harmonic_half,84.0,0.9999999999999999,83.0,0.9478948324443596,85.0,0.9356607910642588,46.0,0.9999999999999994,47.0,0.979774284485392,45.0,0.9534736822205383,35_1,35,1,lamp,105.316345215,61.8361663818,8.51867276859,0,882.050666952,0.353614777327
UBFC_A1/Eval_On_COHFACE,COHFACE,old,COHFACE_s35_session1_lamp,17,84.0,60.0,large_error,84.0,0.9999999999999999,83.0,0.9800459721308394,85.0,0.91930074207455,60.0,0.9999999999999998,59.0,0.9872968185873141,61.0,0.880580726225066,35_1,35,1,lamp,105.316345215,61.8361663818,8.51867276859,0,882.050666952,0.353614777327
UBFC_A1/Eval_On_COHFACE,COHFACE,old,COHFACE_s35_session1_lamp,18,84.0,46.0,sub_harmonic_half,84.0,0.9999999999999999,83.0,0.9726608529470314,85.0,0.9375259542278418,46.0,0.9999999999999994,47.0,0.9993383294201829,45.0,0.8758940398128616,35_1,35,1,lamp,105.316345215,61.8361663818,8.51867276859,0,882.050666952,0.353614777327
UBFC_A1/Eval_On_COHFACE,COHFACE,old,COHFACE_s35_session1_lamp,19,85.0,46.0,sub_harmonic_half,85.0,0.9999999999999998,86.0,0.9555760134054245,84.0,0.923305181430039,46.0,0.9999999999999997,47.0,0.957190151859952,45.0,0.9007335945870639,35_1,35,1,lamp,105.316345215,61.8361663818,8.51867276859,0,882.050666952,0.353614777327
UBFC_A1/Eval_On_COHFACE,COHFACE,old,COHFACE_s35_session1_lamp,20,87.0,44.0,sub_harmonic_half,87.0,0.9999999999999998,86.0,0.9776341758756605,88.0,0.9122545455067042,44.0,0.9999999999999997,45.0,0.9623825613669524,43.0,0.9403390293808299,35_1,35,1,lamp,105.316345215,61.8361663818,8.51867276859,0,882.050666952,0.353614777327
UBFC_A1/Eval_On_COHFACE,COHFACE,old,COHFACE_s35_session1_lamp,21,88.0,42.0,sub_harmonic_half,88.0,0.9999999999999999,87.0,0.9835512861154506,89.0,0.9172428231683966,42.0,0.9999999999999996,43.0,0.9992208055864314,44.0,0.9518483538402438,35_1,35,1,lamp,105.316345215,61.8361663818,8.51867276859,0,882.050666952,0.353614777327
UBFC_A1/Eval_On_COHFACE,COHFACE,old,COHFACE_s35_session1_lamp,22,88.0,84.0,large_error,88.0,0.9999999999999998,87.0,0.9666138757491964,89.0,0.9232229358667005,84.0,0.9999999999999993,85.0,0.9852610664608343,83.0,0.9430709842436661,35_1,35,1,lamp,105.316345215,61.8361663818,8.51867276859,0,882.050666952,0.353614777327
UBFC_A1/Eval_On_COHFACE,COHFACE,old,COHFACE_s35_session1_lamp,23,86.0,43.0,sub_harmonic_half,86.0,0.9999999999999998,87.0,0.9836699467572658,85.0,0.9019508438924483,43.0,0.9999999999999998,44.0,0.9455386644444613,42.0,0.9276127483888059,35_1,35,1,lamp,105.316345215,61.8361663818,8.51867276859,0,882.050666952,0.353614777327
UBFC_A1/Eval_On_COHFACE,COHFACE,old,COHFACE_s35_session1_lamp,24,84.0,82.0,correct,84.0,0.9999999999999998,85.0,0.9504297946161632,83.0,0.945185436173641,82.0,0.9999999999999994,83.0,0.9566616381949443,81.0,0.9126694147935879,35_1,35,1,lamp,105.316345215,61.8361663818,8.51867276859,0,882.050666952,0.353614777327
UBFC_A1/Eval_On_COHFACE,COHFACE,old,COHFACE_s35_session1_lamp,25,82.0,82.0,correct,82.0,0.9999999999999999,83.0,0.9992385160316442,81.0,0.8858574136514834,82.0,0.9999999999999986,83.0,0.9624843567976064,81.0,0.9277995257562547,35_1,35,1,lamp,105.316345215,61.8361663818,8.51867276859,0,882.050666952,0.353614777327
UBFC_A1/Eval_On_COHFACE,COHFACE,old,COHFACE_s35_session1_lamp,26,81.0,80.0,correct,81.0,0.9999999999999999,80.0,0.9458698307458188,82.0,0.9308840970741599,80.0,0.9999999999999998,81.0,0.9370964742970703,70.0,0.9332913930556753,35_1,35,1,lamp,105.316345215,61.8361663818,8.51867276859,0,882.050666952,0.353614777327
UBFC_A1/Eval_On_COHFACE,COHFACE,old,COHFACE_s35_session1_lamp,27,80.0,80.0,correct,80.0,0.9999999999999998,79.0,0.9437913928652083,81.0,0.9420453378693463,80.0,0.9999999999999998,79.0,0.9871170380091748,81.0,0.915111391378828,35_1,35,1,lamp,105.316345215,61.8361663818,8.51867276859,0,882.050666952,0.353614777327
UBFC_A1/Eval_On_COHFACE,COHFACE,old,COHFACE_s35_session1_lamp,28,80.0,79.0,correct,80.0,0.9999999999999998,79.0,0.9780678114652556,81.0,0.9053621369228632,79.0,0.9999999999999997,78.0,0.9715873455775671,80.0,0.9439961732727855,35_1,35,1,lamp,105.316345215,61.8361663818,8.51867276859,0,882.050666952,0.353614777327
UBFC_A1/Eval_On_COHFACE,COHFACE,old,COHFACE_s35_session1_lamp,29,79.0,77.0,correct,79.0,0.9999999999999999,80.0,0.9595016122932364,78.0,0.938085185582779,77.0,0.9999999999999997,76.0,0.9789275549084886,61.0,0.9133987575778582,35_1,35,1,lamp,105.316345215,61.8361663818,8.51867276859,0,882.050666952,0.353614777327
UBFC_A1/Eval_On_COHFACE,COHFACE,old,COHFACE_s35_session1_lamp,30,79.0,60.0,large_error,79.0,0.9999999999999999,80.0,0.9547158269292126,78.0,0.932755625239031,60.0,0.9999999999999997,59.0,0.9613412134130982,61.0,0.9583972524593982,35_1,35,1,lamp,105.316345215,61.8361663818,8.51867276859,0,882.050666952,0.353614777327
UBFC_A1/Eval_On_COHFACE,COHFACE,old,COHFACE_s35_session1_lamp,31,80.0,75.0,large_error,80.0,0.9999999999999999,81.0,0.9989010206448768,79.0,0.8898038627154236,75.0,0.9999999999999998,76.0,0.9580950682796241,74.0,0.9463557601089966,35_1,35,1,lamp,105.316345215,61.8361663818,8.51867276859,0,882.050666952,0.353614777327
UBFC_A1/Eval_On_COHFACE,COHFACE,old,COHFACE_s35_session1_lamp,32,82.0,75.0,large_error,82.0,0.9999999999999999,83.0,0.9784288323448802,81.0,0.9190940865209425,75.0,0.9999999999999997,76.0,0.9783414337056983,74.0,0.9271754194958818,35_1,35,1,lamp,105.316345215,61.8361663818,8.51867276859,0,882.050666952,0.353614777327
UBFC_A1/Eval_On_COHFACE,COHFACE,old,COHFACE_s35_session1_lamp,33,84.0,57.0,large_error,84.0,0.9999999999999999,83.0,0.9642827876417799,85.0,0.9287412301687442,57.0,0.9999999999999994,58.0,0.9719031160995003,56.0,0.8995805694652605,35_1,35,1,lamp,105.316345215,61.8361663818,8.51867276859,0,882.050666952,0.353614777327
UBFC_A1/Eval_On_COHFACE,COHFACE,old,COHFACE_s35_session1_lamp,34,85.0,88.0,correct,85.0,0.9999999999999999,84.0,0.958251015261755,86.0,0.9363245267395192,88.0,0.9999999999999992,87.0,0.9871534134863467,89.0,0.8687073565197677,35_1,35,1,lamp,105.316345215,61.8361663818,8.51867276859,0,882.050666952,0.353614777327
UBFC_A1/Eval_On_COHFACE,COHFACE,old,COHFACE_s35_session1_lamp,35,86.0,59.0,large_error,86.0,0.9999999999999999,85.0,0.9647135769786721,87.0,0.923314949545185,59.0,0.9999999999999996,60.0,0.9992216815356989,58.0,0.8480860475168569,35_1,35,1,lamp,105.316345215,61.8361663818,8.51867276859,0,882.050666952,0.353614777327
UBFC_A1/Eval_On_COHFACE,COHFACE,old,COHFACE_s35_session1_lamp,36,86.0,119.0,super_harmonic_1p5x,86.0,0.9999999999999999,87.0,0.9847671911611146,85.0,0.9037512207345515,119.0,0.9999999999999987,89.0,0.9606388171448901,120.0,0.9566309320567973,35_1,35,1,lamp,105.316345215,61.8361663818,8.51867276859,0,882.050666952,0.353614777327
UBFC_A1/Eval_On_COHFACE,COHFACE,old,COHFACE_s35_session1_lamp,37,86.0,120.0,super_harmonic_1p5x,86.0,0.9999999999999999,85.0,0.9527251611539077,87.0,0.9352366405119915,120.0,0.9999999999999986,119.0,0.9973825695230992,40.0,0.9719653757725735,35_1,35,1,lamp,105.316345215,61.8361663818,8.51867276859,0,882.050666952,0.353614777327
UBFC_A1/Eval_On_COHFACE,COHFACE,old,COHFACE_s35_session1_lamp,38,85.0,59.0,large_error,85.0,0.9999999999999999,84.0,0.9862389279636617,86.0,0.9035863069729433,59.0,0.9999999999999994,60.0,0.9726054352685408,58.0,0.8997220314777532,35_1,35,1,lamp,105.316345215,61.8361663818,8.51867276859,0,882.050666952,0.353614777327
UBFC_A1/Eval_On_COHFACE,COHFACE,old,COHFACE_s35_session1_lamp,39,84.0,40.0,sub_harmonic_half,84.0,0.9999999999999999,83.0,0.9635472530906792,85.0,0.9272050638839413,40.0,0.9999999999999996,41.0,0.9206890788025902,121.0,0.8916747897609989,35_1,35,1,lamp,105.316345215,61.8361663818,8.51867276859,0,882.050666952,0.353614777327
UBFC_A1/Eval_On_COHFACE,COHFACE,old,COHFACE_s35_session1_lamp,40,83.0,83.0,correct,83.0,0.9999999999999999,84.0,0.9652302974890732,82.0,0.9207634701912724,83.0,0.9999999999999993,82.0,0.9569267946018378,84.0,0.8919375596365796,35_1,35,1,lamp,105.316345215,61.8361663818,8.51867276859,0,882.050666952,0.353614777327
UBFC_A1/Eval_On_COHFACE,COHFACE,old,COHFACE_s35_session1_lamp,41,83.0,60.0,large_error,83.0,0.9999999999999999,82.0,0.9495340984069327,84.0,0.936969259692623,60.0,0.9999999999999998,61.0,0.935474295572744,59.0,0.9194863191498666,35_1,35,1,lamp,105.316345215,61.8361663818,8.51867276859,0,882.050666952,0.353614777327
UBFC_A1/Eval_On_COHFACE,COHFACE,old,COHFACE_s35_session1_lamp,42,83.0,60.0,large_error,83.0,0.9999999999999999,84.0,0.9780098760848817,82.0,0.9137747548827793,60.0,0.9999999999999998,61.0,0.9636875806210324,59.0,0.9279577013627107,35_1,35,1,lamp,105.316345215,61.8361663818,8.51867276859,0,882.050666952,0.353614777327
UBFC_A1/Eval_On_COHFACE,COHFACE,old,COHFACE_s35_session1_lamp,43,85.0,60.0,large_error,85.0,0.9999999999999998,86.0,0.972629830595119,84.0,0.9503262537320916,60.0,0.9999999999999998,59.0,0.9980416661750815,61.0,0.9078905009943548,35_1,35,1,lamp,105.316345215,61.8361663818,8.51867276859,0,882.050666952,0.353614777327
UBFC_A1/Eval_On_COHFACE,COHFACE,old,COHFACE_s35_session1_lamp,44,89.0,60.0,large_error,89.0,0.9999999999999999,88.0,0.9566907675451158,90.0,0.9475416261114046,60.0,0.9999999999999999,59.0,0.9623166486230709,61.0,0.9378377713494211,35_1,35,1,lamp,105.316345215,61.8361663818,8.51867276859,0,882.050666952,0.353614777327
UBFC_A1/Eval_On_COHFACE,COHFACE,old,COHFACE_s35_session1_lamp,45,91.0,61.0,large_error,91.0,0.9999999999999998,92.0,0.9442429766431654,90.0,0.940881001352632,61.0,0.9999999999999997,61.99999999999999,0.9967870904128809,60.0,0.9461448635834676,35_1,35,1,lamp,105.316345215,61.8361663818,8.51867276859,0,882.050666952,0.353614777327
UBFC_A1/Eval_On_COHFACE,COHFACE,old,COHFACE_s35_session1_lamp,46,91.0,65.0,large_error,91.0,0.9999999999999998,90.0,0.9525890218628688,92.0,0.9443567896744733,65.0,0.9999999999999996,64.0,0.9939448399816617,66.0,0.9741881453912034,35_1,35,1,lamp,105.316345215,61.8361663818,8.51867276859,0,882.050666952,0.353614777327
UBFC_A1/Eval_On_COHFACE,COHFACE,old,COHFACE_s35_session1_lamp,47,91.0,67.0,large_error,91.0,0.9999999999999998,90.0,0.9632891942902557,92.0,0.9306687968358359,67.0,0.9999999999999998,59.0,0.9979724690403,58.0,0.9899706410765176,35_1,35,1,lamp,105.316345215,61.8361663818,8.51867276859,0,882.050666952,0.353614777327
UBFC_A1/Eval_On_COHFACE,COHFACE,old,COHFACE_s35_session1_lamp,48,91.0,45.0,sub_harmonic_half,91.0,0.9999999999999998,92.0,0.9447659580422614,90.0,0.9343187477329138,45.0,0.9999999999999997,46.0,0.9623120539025534,44.0,0.9244907424756406,35_1,35,1,lamp,105.316345215,61.8361663818,8.51867276859,0,882.050666952,0.353614777327
UBFC_A1/Eval_On_COHFACE,COHFACE,old,COHFACE_s35_session1_lamp,49,91.0,66.0,large_error,91.0,0.9999999999999999,90.0,0.9844916589575421,92.0,0.8982269094195364,66.0,0.9999999999999997,67.0,0.9933260878826733,65.0,0.9509477585323579,35_1,35,1,lamp,105.316345215,61.8361663818,8.51867276859,0,882.050666952,0.353614777327
UBFC_A1/Eval_On_COHFACE,COHFACE,old,COHFACE_s35_session1_lamp,50,90.0,67.0,large_error,90.0,0.9999999999999998,89.0,0.9817361065261545,91.0,0.8884063347495056,67.0,0.9999999999999998,68.0,0.9383706453579347,66.0,0.903641376323802,35_1,35,1,lamp,105.316345215,61.8361663818,8.51867276859,0,882.050666952,0.353614777327
UBFC_A1/Eval_On_COHFACE,COHFACE,old,COHFACE_s35_session2_natural,0,84.0,47.0,sub_harmonic_half,84.0,1.0,85.0,0.9825434962642965,83.0,0.9091968976518997,47.0,0.9999999999999997,48.0,0.9451686927518639,46.0,0.9155492012121054,35_2,35,2,natural,118.597068787,66.3948669434,3.89086198341,0.3479600341,849.761177182,0.35642939806
UBFC_A1/Eval_On_COHFACE,COHFACE,old,COHFACE_s35_session2_natural,1,87.0,50.0,sub_harmonic_half,87.0,1.0,86.0,0.944916883999957,88.0,0.9410653530940889,50.0,0.9999999999999994,49.0,0.9506485094040186,51.0,0.9013540359344424,35_2,35,2,natural,118.597068787,66.3948669434,3.89086198341,0.3479600341,849.761177182,0.35642939806
UBFC_A1/Eval_On_COHFACE,COHFACE,old,COHFACE_s35_session2_natural,2,88.0,49.0,sub_harmonic_half,88.0,0.9999999999999999,87.0,0.9774093728366473,89.0,0.9064408616705438,49.0,0.9999999999999996,50.0,0.9259040591143967,48.0,0.8934141555923707,35_2,35,2,natural,118.597068787,66.3948669434,3.89086198341,0.3479600341,849.761177182,0.35642939806
UBFC_A1/Eval_On_COHFACE,COHFACE,old,COHFACE_s35_session2_natural,3,88.0,50.0,sub_harmonic_half,88.0,1.0,87.0,0.9924736009454737,89.0,0.8874551782524824,50.0,0.9999999999999996,49.0,0.9490962959036207,51.0,0.9002236090864661,35_2,35,2,natural,118.597068787,66.3948669434,3.89086198341,0.3479600341,849.761177182,0.35642939806
UBFC_A1/Eval_On_COHFACE,COHFACE,old,COHFACE_s35_session2_natural,4,88.0,49.0,sub_harmonic_half,88.0,0.9999999999999999,87.0,0.9934136819011893,89.0,0.8925676146859813,49.0,0.9999999999999996,50.0,0.9840705606762021,48.0,0.9392509887911139,35_2,35,2,natural,118.597068787,66.3948669434,3.89086198341,0.3479600341,849.761177182,0.35642939806
UBFC_A1/Eval_On_COHFACE,COHFACE,old,COHFACE_s35_session2_natural,5,88.0,53.0,large_error,88.0,0.9999999999999999,87.0,0.954060981109077,89.0,0.9305479383285166,53.0,0.9999999999999997,52.0,0.9821992465779738,54.0,0.9484665909109453,35_2,35,2,natural,118.597068787,66.3948669434,3.89086198341,0.3479600341,849.761177182,0.35642939806
UBFC_A1/Eval_On_COHFACE,COHFACE,old,COHFACE_s35_session2_natural,6,88.0,52.0,large_error,88.0,0.9999999999999999,87.0,0.9450591570636412,89.0,0.9445865080452107,52.0,0.9999999999999996,51.0,0.9841081450782397,53.0,0.9418483456551754,35_2,35,2,natural,118.597068787,66.3948669434,3.89086198341,0.3479600341,849.761177182,0.35642939806
UBFC_A1/Eval_On_COHFACE,COHFACE,old,COHFACE_s35_session2_natural,7,87.0,40.0,sub_harmonic_half,87.0,0.9999999999999999,88.0,0.974254984387046,86.0,0.9129412962782607,40.0,0.9999999999999997,51.0,0.9969647710193641,52.0,0.9492506135432098,35_2,35,2,natural,118.597068787,66.3948669434,3.89086198341,0.3479600341,849.761177182,0.35642939806
UBFC_A1/Eval_On_COHFACE,COHFACE,old,COHFACE_s35_session2_natural,8,87.0,51.0,sub_harmonic_half,87.0,1.0,86.0,0.946284449380681,88.0,0.9301655928013666,51.0,0.9999999999999999,50.0,0.9607551594360922,52.0,0.8769333798689022,35_2,35,2,natural,118.597068787,66.3948669434,3.89086198341,0.3479600341,849.761177182,0.35642939806
UBFC_A1/Eval_On_COHFACE,COHFACE,old,COHFACE_s35_session2_natural,9,87.0,50.0,sub_harmonic_half,87.0,0.9999999999999999,86.0,0.9537610661111385,88.0,0.9333818735779914,50.0,0.9999999999999997,49.0,0.9714250670105474,51.0,0.8887549994772672,35_2,35,2,natural,118.597068787,66.3948669434,3.89086198341,0.3479600341,849.761177182,0.35642939806
UBFC_A1/Eval_On_COHFACE,COHFACE,old,COHFACE_s35_session2_natural,10,87.0,46.0,sub_harmonic_half,87.0,0.9999999999999999,88.0,0.9686147294917669,86.0,0.9155858857371624,46.0,0.9999999999999997,47.0,0.9843270417416179,45.0,0.9484354329636863,35_2,35,2,natural,118.597068787,66.3948669434,3.89086198341,0.3479600341,849.761177182,0.35642939806
UBFC_A1/Eval_On_COHFACE,COHFACE,old,COHFACE_s35_session2_natural,11,87.0,45.0,sub_harmonic_half,87.0,0.9999999999999999,88.0,0.9863479046394166,86.0,0.9113217758974442,45.0,0.9999999999999998,46.0,0.9935428126723992,44.0,0.9424190848580093,35_2,35,2,natural,118.597068787,66.3948669434,3.89086198341,0.3479600341,849.761177182,0.35642939806
UBFC_A1/Eval_On_COHFACE,COHFACE,old,COHFACE_s35_session2_natural,12,88.0,50.0,sub_harmonic_half,88.0,0.9999999999999999,89.0,0.9410312635563212,87.0,0.9333055657767448,50.0,0.9999999999999996,51.0,0.9838389463733325,49.0,0.9195704117457755,35_2,35,2,natural,118.597068787,66.3948669434,3.89086198341,0.3479600341,849.761177182,0.35642939806
UBFC_A1/Eval_On_COHFACE,COHFACE,old,COHFACE_s35_session2_natural,13,88.0,52.0,large_error,88.0,0.9999999999999999,89.0,0.9379719809130836,87.0,0.9376320943713247,52.0,0.9999999999999998,53.0,0.9418435663759936,51.0,0.9318501272883702,35_2,35,2,natural,118.597068787,66.3948669434,3.89086198341,0.3479600341,849.761177182,0.35642939806
UBFC_A1/Eval_On_COHFACE,COHFACE,old,COHFACE_s35_session2_natural,14,88.0,51.0,sub_harmonic_half,88.0,0.9999999999999999,87.0,0.9496625663228679,89.0,0.9275517909509389,51.0,0.9999999999999999,50.0,0.9194228181322588,52.0,0.9153560617615883,35_2,35,2,natural,118.597068787,66.3948669434,3.89086198341,0.3479600341,849.761177182,0.35642939806
UBFC_A1/Eval_On_COHFACE,COHFACE,old,COHFACE_s35_session2_natural,15,88.0,51.0,sub_harmonic_half,88.0,0.9999999999999999,89.0,0.9571572745724096,87.0,0.9293859253856185,51.0,0.9999999999999998,50.0,0.9348768704874797,52.0,0.9280283520966212,35_2,35,2,natural,118.597068787,66.3948669434,3.89086198341,0.3479600341,849.761177182,0.35642939806
UBFC_A1/Eval_On_COHFACE,COHFACE,old,COHFACE_s35_session2_natural,16,89.0,48.0,sub_harmonic_half,89.0,0.9999999999999999,88.0,0.9949075452703349,90.0,0.8871310034346198,48.0,0.9999999999999999,47.0,0.9701779285398786,49.0,0.9472934225365264,35_2,35,2,natural,118.597068787,66.3948669434,3.89086198341,0.3479600341,849.761177182,0.35642939806
UBFC_A1/Eval_On_COHFACE,COHFACE,old,COHFACE_s35_session2_natural,17,88.0,46.0,sub_harmonic_half,88.0,0.9999999999999999,89.0,0.9737935369873302,87.0,0.9118974900078815,46.0,0.9999999999999998,45.0,0.9710473289380418,47.0,0.9433368500586095,35_2,35,2,natural,118.597068787,66.3948669434,3.89086198341,0.3479600341,849.761177182,0.35642939806
UBFC_A1/Eval_On_COHFACE,COHFACE,old,COHFACE_s35_session2_natural,18,88.0,46.0,sub_harmonic_half,88.0,1.0,87.0,0.989120893866444,89.0,0.89244331874111,46.0,0.9999999999999999,47.0,0.9878894461567636,45.0,0.9327832133351678,35_2,35,2,natural,118.597068787,66.3948669434,3.89086198341,0.3479600341,849.761177182,0.35642939806
UBFC_A1/Eval_On_COHFACE,COHFACE,old,COHFACE_s35_session2_natural,19,87.0,46.0,sub_harmonic_half,87.0,1.0,88.0,0.9930857031739851,86.0,0.886233462765593,46.0,0.9999999999999998,47.0,0.9845901578125287,45.0,0.9513387326515275,35_2,35,2,natural,118.597068787,66.3948669434,3.89086198341,0.3479600341,849.761177182,0.35642939806
UBFC_A1/Eval_On_COHFACE,COHFACE,old,COHFACE_s35_session2_natural,20,88.0,45.0,sub_harmonic_half,88.0,0.9999999999999999,87.0,0.9877663450695573,89.0,0.9068084833643053,45.0,0.9999999999999998,44.0,0.9958527898135598,46.0,0.9233996216596543,35_2,35,2,natural,118.597068787,66.3948669434,3.89086198341,0.3479600341,849.761177182,0.35642939806
UBFC_A1/Eval_On_COHFACE,COHFACE,old,COHFACE_s35_session2_natural,21,88.0,45.0,sub_harmonic_half,88.0,0.9999999999999999,87.0,0.983761827291347,89.0,0.9132004124514511,45.0,0.9999999999999999,44.0,0.9946083891432539,46.0,0.8819448896262198,35_2,35,2,natural,118.597068787,66.3948669434,3.89086198341,0.3479600341,849.761177182,0.35642939806
UBFC_A1/Eval_On_COHFACE,COHFACE,old,COHFACE_s35_session2_natural,22,87.0,44.0,sub_harmonic_half,87.0,0.9999999999999999,88.0,0.9975615143825359,86.0,0.9097311955135727,44.0,0.9999999999999998,45.0,0.9714213033194697,43.0,0.9131448264532236,35_2,35,2,natural,118.597068787,66.3948669434,3.89086198341,0.3479600341,849.761177182,0.35642939806
UBFC_A1/Eval_On_COHFACE,COHFACE,old,COHFACE_s35_session2_natural,23,88.0,47.0,sub_harmonic_half,88.0,0.9999999999999999,87.0,0.9528153662598732,89.0,0.9270371576956876,47.0,0.9999999999999998,46.0,0.9307221702724563,48.0,0.9223347439558971,35_2,35,2,natural,118.597068787,66.3948669434,3.89086198341,0.3479600341,849.761177182,0.35642939806
UBFC_A1/Eval_On_COHFACE,COHFACE,old,COHFACE_s35_session2_natural,24,88.0,46.0,sub_harmonic_half,88.0,0.9999999999999999,89.0,0.980536542183954,87.0,0.8990914202252498,46.0,0.9999999999999998,47.0,0.9633295470310038,45.0,0.9345045183167768,35_2,35,2,natural,118.597068787,66.3948669434,3.89086198341,0.3479600341,849.761177182,0.35642939806
UBFC_A1/Eval_On_COHFACE,COHFACE,old,COHFACE_s35_session2_natural,25,89.0,50.0,sub_harmonic_half,89.0,0.9999999999999999,90.0,0.9521001971171329,88.0,0.9290550196185879,50.0,0.9999999999999996,49.0,0.9940547020756241,61.0,0.9814925540881181,35_2,35,2,natural,118.597068787,66.3948669434,3.89086198341,0.3479600341,849.761177182,0.35642939806
UBFC_A1/Eval_On_COHFACE,COHFACE,old,COHFACE_s35_session2_natural,26,89.0,50.0,sub_harmonic_half,89.0,0.9999999999999999,90.0,0.9840410664418051,88.0,0.9051019289005678,50.0,0.9999999999999993,51.0,0.992516103506495,49.0,0.9882219844205239,35_2,35,2,natural,118.597068787,66.3948669434,3.89086198341,0.3479600341,849.761177182,0.35642939806
UBFC_A1/Eval_On_COHFACE,COHFACE,old,COHFACE_s35_session2_natural,27,90.0,51.0,sub_harmonic_half,90.0,0.9999999999999999,89.0,0.9573564243952792,91.0,0.9252658196247269,51.0,0.9999999999999999,52.0,0.997943425600226,50.0,0.878631538680398,35_2,35,2,natural,118.597068787,66.3948669434,3.89086198341,0.3479600341,849.761177182,0.35642939806
UBFC_A1/Eval_On_COHFACE,COHFACE,old,COHFACE_s35_session2_natural,28,89.0,52.0,sub_harmonic_half,89.0,0.9999999999999999,90.0,0.9519154427072889,88.0,0.9320675796037525,52.0,0.9999999999999998,53.0,0.9448873115445051,51.0,0.9293752321331947,35_2,35,2,natural,118.597068787,66.3948669434,3.89086198341,0.3479600341,849.761177182,0.35642939806
UBFC_A1/Eval_On_COHFACE,COHFACE,old,COHFACE_s35_session2_natural,29,89.0,51.0,sub_harmonic_half,89.0,0.9999999999999999,88.0,0.9879017268048248,90.0,0.8950585334309356,51.0,0.9999999999999999,52.0,0.9765267182098281,50.0,0.9117863028194443,35_2,35,2,natural,118.597068787,66.3948669434,3.89086198341,0.3479600341,849.761177182,0.35642939806
UBFC_A1/Eval_On_COHFACE,COHFACE,old,COHFACE_s35_session2_natural,30,88.0,52.0,large_error,88.0,0.9999999999999999,89.0,0.9560130658538959,87.0,0.9259793100618033,52.0,0.9999999999999999,53.0,0.9617032771893262,51.0,0.9343982180900169,35_2,35,2,natural,118.597068787,66.3948669434,3.89086198341,0.3479600341,849.761177182,0.35642939806
UBFC_A1/Eval_On_COHFACE,COHFACE,old,COHFACE_s35_session2_natural,31,88.0,52.0,large_error,88.0,0.9999999999999999,87.0,0.9421640750986447,89.0,0.9413844040614848,52.0,0.9999999999999997,53.0,0.968821427403428,51.0,0.9588534828069073,35_2,35,2,natural,118.597068787,66.3948669434,3.89086198341,0.3479600341,849.761177182,0.35642939806
UBFC_A1/Eval_On_COHFACE,COHFACE,old,COHFACE_s35_session2_natural,32,88.0,43.0,sub_harmonic_half,88.0,0.9999999999999999,89.0,0.9603253815749553,87.0,0.930308399056886,43.0,0.9999999999999997,53.0,0.9982299989009955,54.0,0.9904944318632625,35_2,35,2,natural,118.597068787,66.3948669434,3.89086198341,0.3479600341,849.761177182,0.35642939806
UBFC_A1/Eval_On_COHFACE,COHFACE,old,COHFACE_s35_session2_natural,33,89.0,52.0,sub_harmonic_half,89.0,0.9999999999999999,90.0,0.9882600570764044,88.0,0.894623505194277,52.0,0.9999999999999994,51.0,0.9876032569574811,70.0,0.937752509858414,35_2,35,2,natural,118.597068787,66.3948669434,3.89086198341,0.3479600341,849.761177182,0.35642939806
UBFC_A1/Eval_On_COHFACE,COHFACE,old,COHFACE_s35_session2_natural,34,90.0,70.0,large_error,90.0,0.9999999999999999,89.0,0.9870646593350129,91.0,0.888721011637744,70.0,0.9999999999999997,52.0,0.9545437607578302,69.0,0.9351578393156124,35_2,35,2,natural,118.597068787,66.3948669434,3.89086198341,0.3479600341,849.761177182,0.35642939806
UBFC_A1/Eval_On_COHFACE,COHFACE,old,COHFACE_s35_session2_natural,35,90.0,69.0,large_error,90.0,0.9999999999999999,91.0,0.9761172987385252,89.0,0.9009104262303455,69.0,0.9999999999999996,70.0,0.9810933624368194,68.0,0.9467108676460041,35_2,35,2,natural,118.597068787,66.3948669434,3.89086198341,0.3479600341,849.761177182,0.35642939806
UBFC_A1/Eval_On_COHFACE,COHFACE,old,COHFACE_s35_session2_natural,36,91.0,68.0,large_error,91.0,0.9999999999999999,90.0,0.9794276657128745,92.0,0.9151662409661593,68.0,0.9999999999999997,69.0,0.997349694438045,67.0,0.8895671366724234,35_2,35,2,natural,118.597068787,66.3948669434,3.89086198341,0.3479600341,849.761177182,0.35642939806
UBFC_A1/Eval_On_COHFACE,COHFACE,old,COHFACE_s35_session2_natural,37,92.0,73.0,large_error,92.0,0.9999999999999999,91.0,0.9541230411473012,93.0,0.9461282690936522,73.0,0.9999999999999998,74.0,0.9903671353056333,72.0,0.9497245593113164,35_2,35,2,natural,118.597068787,66.3948669434,3.89086198341,0.3479600341,849.761177182,0.35642939806
UBFC_A1/Eval_On_COHFACE,COHFACE,old,COHFACE_s35_session2_natural,38,93.0,44.0,sub_harmonic_half,93.0,0.9999999999999999,92.0,0.9736739106878545,94.0,0.9120907747280049,44.0,0.9999999999999999,43.0,0.9652120130413441,45.0,0.9261877808849053,35_2,35,2,natural,118.597068787,66.3948669434,3.89086198341,0.3479600341,849.761177182,0.35642939806
UBFC_A1/Eval_On_COHFACE,COHFACE,old,COHFACE_s35_session2_natural,39,93.0,44.0,sub_harmonic_half,93.0,0.9999999999999998,94.0,0.9442918658968182,92.0,0.939718828177405,44.0,0.9999999999999999,43.0,0.9559773455469911,45.0,0.9302127230333898,35_2,35,2,natural,118.597068787,66.3948669434,3.89086198341,0.3479600341,849.761177182,0.35642939806
UBFC_A1/Eval_On_COHFACE,COHFACE,old,COHFACE_s35_session2_natural,40,93.0,45.0,sub_harmonic_half,93.0,0.9999999999999998,92.0,0.995262556206541,94.0,0.88917822411222,45.0,0.9999999999999999,44.0,0.9908786232528516,46.0,0.8965134045297526,35_2,35,2,natural,118.597068787,66.3948669434,3.89086198341,0.3479600341,849.761177182,0.35642939806
UBFC_A1/Eval_On_COHFACE,COHFACE,old,COHFACE_s35_session2_natural,41,93.0,48.0,sub_harmonic_half,93.0,0.9999999999999999,92.0,0.9893620686406497,94.0,0.9130161367953812,48.0,0.9999999999999997,49.0,0.9966674359319635,47.0,0.9578609217131634,35_2,35,2,natural,118.597068787,66.3948669434,3.89086198341,0.3479600341,849.761177182,0.35642939806
UBFC_A1/Eval_On_COHFACE,COHFACE,old,COHFACE_s35_session2_natural,42,92.0,46.0,sub_harmonic_half,92.0,0.9999999999999998,91.0,0.9959725451572474,93.0,0.9153665777661333,46.0,0.9999999999999997,47.0,0.9751704130298371,45.0,0.9483983844878563,35_2,35,2,natural,118.597068787,66.3948669434,3.89086198341,0.3479600341,849.761177182,0.35642939806
UBFC_A1/Eval_On_COHFACE,COHFACE,old,COHFACE_s35_session2_natural,43,90.0,83.0,large_error,90.0,0.9999999999999999,89.0,0.9924679393507992,91.0,0.9070282986561026,83.0,0.9999999999999996,84.0,0.9840764694461269,82.0,0.9456173930047777,35_2,35,2,natural,118.597068787,66.3948669434,3.89086198341,0.3479600341,849.761177182,0.35642939806
UBFC_A1/Eval_On_COHFACE,COHFACE,old,COHFACE_s35_session2_natural,44,90.0,49.0,sub_harmonic_half,90.0,0.9999999999999999,89.0,0.9801271534245499,91.0,0.8935238023876738,49.0,0.9999999999999997,50.0,0.9640969672579108,48.0,0.8891001597068231,35_2,35,2,natural,118.597068787,66.3948669434,3.89086198341,0.3479600341,849.761177182,0.35642939806
UBFC_A1/Eval_On_COHFACE,COHFACE,old,COHFACE_s35_session2_natural,45,90.0,82.0,large_error,90.0,0.9999999999999999,91.0,0.9837229938829537,89.0,0.8854216863838064,82.0,0.9999999999999997,83.0,0.973663084327897,81.0,0.9012962908149105,35_2,35,2,natural,118.597068787,66.3948669434,3.89086198341,0.3479600341,849.761177182,0.35642939806
UBFC_A1/Eval_On_COHFACE,COHFACE,old,COHFACE_s35_session2_natural,46,92.0,82.0,large_error,92.0,0.9999999999999998,91.0,0.9544774029236373,93.0,0.9341364125860951,82.0,0.9999999999999996,83.0,0.9576457649563112,81.0,0.9292304512488379,35_2,35,2,natural,118.597068787,66.3948669434,3.89086198341,0.3479600341,849.761177182,0.35642939806
UBFC_A1/Eval_On_COHFACE,COHFACE,old,COHFACE_s35_session2_natural,47,94.0,68.0,large_error,94.0,0.9999999999999999,95.0,0.9629979270695597,93.0,0.9316988836375815,68.0,0.9999999999999998,67.0,0.9679175432945448,69.0,0.8936018913541103,35_2,35,2,natural,118.597068787,66.3948669434,3.89086198341,0.3479600341,849.761177182,0.35642939806
UBFC_A1/Eval_On_COHFACE,COHFACE,old,COHFACE_s35_session2_natural,48,96.0,40.0,large_error,96.0,0.9999999999999998,95.0,0.9595848749122605,97.0,0.9425711434899076,40.0,0.9999999999999998,41.0,0.7968760314447825,42.0,0.529348874233873,35_2,35,2,natural,118.597068787,66.3948669434,3.89086198341,0.3479600341,849.761177182,0.35642939806
UBFC_A1/Eval_On_COHFACE,COHFACE,old,COHFACE_s35_session2_natural,49,96.0,40.0,large_error,96.0,0.9999999999999998,95.0,0.9595251801739125,97.0,0.9378329873437677,40.0,0.9999999999999997,41.0,0.912393986689087,42.0,0.7309760582794141,35_2,35,2,natural,118.597068787,66.3948669434,3.89086198341,0.3479600341,849.761177182,0.35642939806
UBFC_A1/Eval_On_COHFACE,COHFACE,old,COHFACE_s35_session2_natural,50,95.0,40.0,large_error,95.0,0.9999999999999999,94.0,0.9916589506356044,96.0,0.912489278339431,40.0,0.9999999999999998,41.0,0.961076489519499,76.0,0.831159824349768,35_2,35,2,natural,118.597068787,66.3948669434,3.89086198341,0.3479600341,849.761177182,0.35642939806
UBFC_A1/Eval_On_COHFACE,COHFACE,old,COHFACE_s35_session3_natural,0,76.0,40.0,sub_harmonic_half,76.0,0.9999999999999999,77.0,0.9946771488347157,75.0,0.8978408987281599,40.0,0.9999999999999998,41.0,0.9553630832423186,42.0,0.8287597820439444,35_3,35,3,natural,110.536911011,68.9695205688,7.56820032573,0.315354934344,662.053130179,0.346244633198
UBFC_A1/Eval_On_COHFACE,COHFACE,old,COHFACE_s35_session3_natural,1,77.0,41.0,sub_harmonic_half,77.0,0.9999999999999999,78.0,0.9590665176870485,76.0,0.9356074027607858,41.0,0.9999999999999996,40.0,0.9690621926748106,42.0,0.9265273800075154,35_3,35,3,natural,110.536911011,68.9695205688,7.56820032573,0.315354934344,662.053130179,0.346244633198
UBFC_A1/Eval_On_COHFACE,COHFACE,old,COHFACE_s35_session3_natural,2,77.0,59.0,large_error,77.0,1.0,76.0,0.9800328084856924,78.0,0.9058650757723476,59.0,0.9999999999999998,58.0,0.9573210949217917,60.0,0.8786888267389231,35_3,35,3,natural,110.536911011,68.9695205688,7.56820032573,0.315354934344,662.053130179,0.346244633198
UBFC_A1/Eval_On_COHFACE,COHFACE,old,COHFACE_s35_session3_natural,3,77.0,40.0,sub_harmonic_half,77.0,1.0,76.0,0.9498125603893646,78.0,0.9369336829982121,40.0,0.9999999999999998,41.0,0.7092010548383958,57.0,0.4587121561936267,35_3,35,3,natural,110.536911011,68.9695205688,7.56820032573,0.315354934344,662.053130179,0.346244633198
UBFC_A1/Eval_On_COHFACE,COHFACE,old,COHFACE_s35_session3_natural,4,77.0,40.0,sub_harmonic_half,77.0,1.0,76.0,0.9504643788390194,78.0,0.9329711034097351,40.0,0.9999999999999994,41.0,0.844260381418334,55.0,0.7146890084460948,35_3,35,3,natural,110.536911011,68.9695205688,7.56820032573,0.315354934344,662.053130179,0.346244633198
UBFC_A1/Eval_On_COHFACE,COHFACE,old,COHFACE_s35_session3_natural,5,76.0,43.0,sub_harmonic_half,76.0,1.0,77.0,0.9944954539083188,75.0,0.8950382939156418,43.0,0.9999999999999999,44.0,0.9795078701585489,42.0,0.9009880760074676,35_3,35,3,natural,110.536911011,68.9695205688,7.56820032573,0.315354934344,662.053130179,0.346244633198
UBFC_A1/Eval_On_COHFACE,COHFACE,old,COHFACE_s35_session3_natural,6,76.0,55.0,large_error,76.0,1.0,77.0,0.9875414369935135,75.0,0.8994212604609171,55.0,0.9999999999999997,54.0,0.9551621252994092,40.0,0.9002222085100364,35_3,35,3,natural,110.536911011,68.9695205688,7.56820032573,0.315354934344,662.053130179,0.346244633198
UBFC_A1/Eval_On_COHFACE,COHFACE,old,COHFACE_s35_session3_natural,7,77.0,54.0,large_error,77.0,1.0,76.0,0.9820094033492756,78.0,0.9073563911180724,54.0,0.9999999999999997,55.0,0.9987972618477033,56.0,0.9489722055952217,35_3,35,3,natural,110.536911011,68.9695205688,7.56820032573,0.315354934344,662.053130179,0.346244633198
UBFC_A1/Eval_On_COHFACE,COHFACE,old,COHFACE_s35_session3_natural,8,77.0,53.0,large_error,77.0,1.0,76.0,0.9787612575440943,78.0,0.9066317065221738,53.0,0.9999999999999999,54.0,0.9508717202443052,52.0,0.9446861723858163,35_3,35,3,natural,110.536911011,68.9695205688,7.56820032573,0.315354934344,662.053130179,0.346244633198
UBFC_A1/Eval_On_COHFACE,COHFACE,old,COHFACE_s35_session3_natural,9,77.0,52.0,large_error,77.0,1.0,76.0,0.9593978545017791,78.0,0.9252353424421677,52.0,0.9999999999999998,51.0,0.968672691031534,53.0,0.9429029296035815,35_3,35,3,natural,110.536911011,68.9695205688,7.56820032573,0.315354934344,662.053130179,0.346244633198
UBFC_A1/Eval_On_COHFACE,COHFACE,old,COHFACE_s35_session3_natural,10,78.0,60.0,large_error,78.0,0.9999999999999999,77.0,0.9570542061573202,79.0,0.9389673870198912,60.0,0.9999999999999997,59.0,0.9814127332378271,61.0,0.9342860473157177,35_3,35,3,natural,110.536911011,68.9695205688,7.56820032573,0.315354934344,662.053130179,0.346244633198
UBFC_A1/Eval_On_COHFACE,COHFACE,old,COHFACE_s35_session3_natural,11,79.0,61.0,large_error,79.0,0.9999999999999999,80.0,0.967523614909035,78.0,0.9221500268052516,61.0,0.9999999999999997,61.99999999999999,0.9583879824065714,60.0,0.9087489540619079,35_3,35,3,natural,110.536911011,68.9695205688,7.56820032573,0.315354934344,662.053130179,0.346244633198
UBFC_A1/Eval_On_COHFACE,COHFACE,old,COHFACE_s35_session3_natural,12,80.0,46.0,sub_harmonic_half,80.0,1.0,81.0,0.9820384567093302,79.0,0.8984571037991281,46.0,0.9999999999999997,45.0,0.96711424608189,47.0,0.9628524980419424,35_3,35,3,natural,110.536911011,68.9695205688,7.56820032573,0.315354934344,662.053130179,0.346244633198
UBFC_A1/Eval_On_COHFACE,COHFACE,old,COHFACE_s35_session3_natural,13,80.0,61.0,large_error,80.0,1.0,81.0,0.9939176307836078,79.0,0.889154926468351,61.0,0.9999999999999996,60.0,0.9952320208960017,49.0,0.869850651601202,35_3,35,3,natural,110.536911011,68.9695205688,7.56820032573,0.315354934344,662.053130179,0.346244633198
UBFC_A1/Eval_On_COHFACE,COHFACE,old,COHFACE_s35_session3_natural,14,80.0,67.0,large_error,80.0,1.0,81.0,0.9620561381769746,79.0,0.9234298062621399,67.0,0.9999999999999997,66.0,0.9724466858266159,68.0,0.9054593386848021,35_3,35,3,natural,110.536911011,68.9695205688,7.56820032573,0.315354934344,662.053130179,0.346244633198
UBFC_A1/Eval_On_COHFACE,COHFACE,old,COHFACE_s35_session3_natural,15,80.0,64.0,large_error,80.0,1.0,81.0,0.951602127803405,79.0,0.930526924421409,64.0,0.9999999999999994,48.0,0.998309281511803,40.0,0.9369546347622126,35_3,35,3,natural,110.536911011,68.9695205688,7.56820032573,0.315354934344,662.053130179,0.346244633198
UBFC_A1/Eval_On_COHFACE,COHFACE,old,COHFACE_s35_session3_natural,16,80.0,48.0,large_error,80.0,1.0,79.0,0.9765495456076407,81.0,0.9170548021197839,48.0,0.9999999999999998,47.0,0.9757920339146373,49.0,0.865226992119646,35_3,35,3,natural,110.536911011,68.9695205688,7.56820032573,0.315354934344,662.053130179,0.346244633198
UBFC_A1/Eval_On_COHFACE,COHFACE,old,COHFACE_s35_session3_natural,17,80.0,46.0,sub_harmonic_half,80.0,1.0,79.0,0.9520355259227732,81.0,0.9404112893543886,46.0,0.9999999999999999,45.0,0.9855455249823334,47.0,0.9668705274500404,35_3,35,3,natural,110.536911011,68.9695205688,7.56820032573,0.315354934344,662.053130179,0.346244633198
UBFC_A1/Eval_On_COHFACE,COHFACE,old,COHFACE_s35_session3_natural,18,81.0,45.0,sub_harmonic_half,81.0,0.9999999999999999,80.0,0.9730742519033388,82.0,0.9239804688625608,45.0,0.9999999999999998,44.0,0.9792779409788834,46.0,0.9579399131462996,35_3,35,3,natural,110.536911011,68.9695205688,7.56820032573,0.315354934344,662.053130179,0.346244633198
UBFC_A1/Eval_On_COHFACE,COHFACE,old,COHFACE_s35_session3_natural,19,83.0,50.0,large_error,83.0,0.9999999999999999,82.0,0.9891694627121709,84.0,0.9107948182699789,50.0,0.9999999999999998,49.0,0.9621628141038335,51.0,0.9593008741069511,35_3,35,3,natural,110.536911011,68.9695205688,7.56820032573,0.315354934344,662.053130179,0.346244633198
UBFC_A1/Eval_On_COHFACE,COHFACE,old,COHFACE_s35_session3_natural,20,85.0,50.0,large_error,85.0,0.9999999999999999,86.0,0.9586804836384225,84.0,0.9386654411596931,50.0,0.9999999999999999,49.0,0.9707028190496277,51.0,0.9640218854342913,35_3,35,3,natural,110.536911011,68.9695205688,7.56820032573,0.315354934344,662.053130179,0.346244633198
UBFC_A1/Eval_On_COHFACE,COHFACE,old,COHFACE_s35_session3_natural,21,86.0,49.0,sub_harmonic_half,86.0,0.9999999999999999,85.0,0.9448783948096787,87.0,0.9387150989648271,49.0,0.9999999999999997,48.0,0.9704281690530737,50.0,0.920676890917216,35_3,35,3,natural,110.536911011,68.9695205688,7.56820032573,0.315354934344,662.053130179,0.346244633198
UBFC_A1/Eval_On_COHFACE,COHFACE,old,COHFACE_s35_session3_natural,22,86.0,50.0,sub_harmonic_half,86.0,0.9999999999999999,85.0,0.9815073134814083,87.0,0.9298724920242215,50.0,0.9999999999999998,51.0,0.9695304142974448,49.0,0.9283012407886484,35_3,35,3,natural,110.536911011,68.9695205688,7.56820032573,0.315354934344,662.053130179,0.346244633198
UBFC_A1/Eval_On_COHFACE,COHFACE,old,COHFACE_s35_session3_natural,23,85.0,84.0,correct,85.0,0.9999999999999998,84.0,0.9758055526245789,86.0,0.9419469676935792,84.0,0.999999999999999,85.0,0.9476420516751709,83.0,0.9416412644235288,35_3,35,3,natural,110.536911011,68.9695205688,7.56820032573,0.315354934344,662.053130179,0.346244633198
UBFC_A1/Eval_On_COHFACE,COHFACE,old,COHFACE_s35_session3_natural,24,83.0,82.0,correct,83.0,0.9999999999999999,84.0,0.9902879401766272,82.0,0.9019590841173272,82.0,0.9999999999999991,83.0,0.9681564120242374,81.0,0.9113137496947654,35_3,35,3,natural,110.536911011,68.9695205688,7.56820032573,0.315354934344,662.053130179,0.346244633198
UBFC_A1/Eval_On_COHFACE,COHFACE,old,COHFACE_s35_session3_natural,25,83.0,96.0,large_error,83.0,0.9999999999999998,82.0,0.9711152256992057,84.0,0.9040669939830421,96.0,0.9999999999999968,95.0,0.957043245569886,86.0,0.9553590254320058,35_3,35,3,natural,110.536911011,68.9695205688,7.56820032573,0.315354934344,662.053130179,0.346244633198
UBFC_A1/Eval_On_COHFACE,COHFACE,old,COHFACE_s35_session3_natural,26,82.0,71.0,large_error,82.0,0.9999999999999998,83.0,0.9432293227262426,81.0,0.9274799350540924,71.0,0.9999999999999994,70.0,0.9669204798753657,72.0,0.8968653794706772,35_3,35,3,natural,110.536911011,68.9695205688,7.56820032573,0.315354934344,662.053130179,0.346244633198
UBFC_A1/Eval_On_COHFACE,COHFACE,old,COHFACE_s35_session3_natural,27,81.0,71.0,large_error,81.0,0.9999999999999998,82.0,0.9769824130362623,80.0,0.8879479214720241,71.0,0.9999999999999994,72.0,0.9789851375363477,70.0,0.9168062792828618,35_3,35,3,natural,110.536911011,68.9695205688,7.56820032573,0.315354934344,662.053130179,0.346244633198
UBFC_A1/Eval_On_COHFACE,COHFACE,old,COHFACE_s35_session3_natural,28,82.0,85.0,correct,82.0,0.9999999999999998,81.0,0.9645850330250861,83.0,0.909235326638959,85.0,0.9999999999999969,84.0,0.9535619944025189,86.0,0.9475004474364772,35_3,35,3,natural,110.536911011,68.9695205688,7.56820032573,0.315354934344,662.053130179,0.346244633198
UBFC_A1/Eval_On_COHFACE,COHFACE,old,COHFACE_s35_session3_natural,29,82.0,81.0,correct,82.0,0.9999999999999999,83.0,0.993321164132301,81.0,0.8996487768923709,81.0,0.9999999999999993,80.0,0.9908186118185656,55.0,0.9729848817173846,35_3,35,3,natural,110.536911011,68.9695205688,7.56820032573,0.315354934344,662.053130179,0.346244633198
UBFC_A1/Eval_On_COHFACE,COHFACE,old,COHFACE_s35_session3_natural,30,83.0,54.0,large_error,83.0,0.9999999999999999,84.0,0.9715331085433568,82.0,0.9203434244817116,54.0,0.9999999999999997,53.0,0.9659659031866108,55.0,0.904524566535885,35_3,35,3,natural,110.536911011,68.9695205688,7.56820032573,0.315354934344,662.053130179,0.346244633198
UBFC_A1/Eval_On_COHFACE,COHFACE,old,COHFACE_s35_session3_natural,31,84.0,53.0,large_error,84.0,0.9999999999999998,83.0,0.9638969876854291,85.0,0.9166669631251556,53.0,0.9999999999999998,54.0,0.9769842858623331,52.0,0.8935974350048395,35_3,35,3,natural,110.536911011,68.9695205688,7.56820032573,0.315354934344,662.053130179,0.346244633198
UBFC_A1/Eval_On_COHFACE,COHFACE,old,COHFACE_s35_session3_natural,32,83.0,53.0,large_error,83.0,0.9999999999999998,84.0,0.9921108467950139,82.0,0.8814983299194795,53.0,0.9999999999999998,52.0,0.9520028758257308,54.0,0.9440554014629087,35_3,35,3,natural,110.536911011,68.9695205688,7.56820032573,0.315354934344,662.053130179,0.346244633198
UBFC_A1/Eval_On_COHFACE,COHFACE,old,COHFACE_s35_session3_natural,33,84.0,52.0,large_error,84.0,0.9999999999999998,85.0,0.9715784744783139,83.0,0.9201446030067754,52.0,0.9999999999999999,51.0,0.9871332330784084,53.0,0.9254843039151647,35_3,35,3,natural,110.536911011,68.9695205688,7.56820032573,0.315354934344,662.053130179,0.346244633198
UBFC_A1/Eval_On_COHFACE,COHFACE,old,COHFACE_s35_session3_natural,34,85.0,52.0,large_error,85.0,0.9999999999999998,84.0,0.9725845015608008,86.0,0.9188314879744843,52.0,0.9999999999999999,53.0,0.9649909244569848,51.0,0.9622670138886984,35_3,35,3,natural,110.536911011,68.9695205688,7.56820032573,0.315354934344,662.053130179,0.346244633198
UBFC_A1/Eval_On_COHFACE,COHFACE,old,COHFACE_s35_session3_natural,35,85.0,55.0,large_error,85.0,0.9999999999999998,84.0,0.9967377346128303,86.0,0.8923523445374147,55.0,0.9999999999999999,54.0,0.9564014106145889,56.0,0.9230383262245623,35_3,35,3,natural,110.536911011,68.9695205688,7.56820032573,0.315354934344,662.053130179,0.346244633198
UBFC_A1/Eval_On_COHFACE,COHFACE,old,COHFACE_s35_session3_natural,36,84.0,55.0,large_error,84.0,0.9999999999999998,83.0,0.94654372627042,85.0,0.9428768615640999,55.0,0.9999999999999999,54.0,0.9734210015338545,56.0,0.9015690474787746,35_3,35,3,natural,110.536911011,68.9695205688,7.56820032573,0.315354934344,662.053130179,0.346244633198
UBFC_A1/Eval_On_COHFACE,COHFACE,old,COHFACE_s35_session3_natural,37,83.0,57.0,large_error,83.0,0.9999999999999999,82.0,0.9442127955289435,84.0,0.9355881996774403,57.0,0.9999999999999998,56.0,0.9683181165449094,58.0,0.9277046628333403,35_3,35,3,natural,110.536911011,68.9695205688,7.56820032573,0.315354934344,662.053130179,0.346244633198
UBFC_A1/Eval_On_COHFACE,COHFACE,old,COHFACE_s35_session3_natural,38,83.0,60.0,large_error,83.0,0.9999999999999998,84.0,0.9849532991516005,82.0,0.9018289613407681,60.0,0.9999999999999999,59.0,0.9594333064333749,61.0,0.9223263832250869,35_3,35,3,natural,110.536911011,68.9695205688,7.56820032573,0.315354934344,662.053130179,0.346244633198
UBFC_A1/Eval_On_COHFACE,COHFACE,old,COHFACE_s35_session3_natural,39,84.0,60.0,large_error,84.0,0.9999999999999998,85.0,0.9518251057826571,83.0,0.933467819131499,60.0,0.9999999999999999,61.0,0.9531664817713643,59.0,0.9524464625196593,35_3,35,3,natural,110.536911011,68.9695205688,7.56820032573,0.315354934344,662.053130179,0.346244633198
UBFC_A1/Eval_On_COHFACE,COHFACE,old,COHFACE_s35_session3_natural,40,84.0,60.0,large_error,84.0,0.9999999999999998,85.0,0.9779185604308624,83.0,0.9025832191237835,60.0,0.9999999999999998,59.0,0.9815626402254405,61.0,0.9353580377437011,35_3,35,3,natural,110.536911011,68.9695205688,7.56820032573,0.315354934344,662.053130179,0.346244633198
UBFC_A1/Eval_On_COHFACE,COHFACE,old,COHFACE_s35_session3_natural,41,84.0,59.0,large_error,84.0,0.9999999999999998,83.0,0.952674277403447,85.0,0.9299611541977875,59.0,0.9999999999999998,60.0,0.9847223024310867,58.0,0.9289385890000579,35_3,35,3,natural,110.536911011,68.9695205688,7.56820032573,0.315354934344,662.053130179,0.346244633198
UBFC_A1/Eval_On_COHFACE,COHFACE,old,COHFACE_s35_session3_natural,42,83.0,63.0,large_error,83.0,0.9999999999999998,84.0,0.9409127859102596,82.0,0.9384123788565734,63.0,0.9999999999999986,61.99999999999999,0.9678261348153289,64.0,0.9511432658106472,35_3,35,3,natural,110.536911011,68.9695205688,7.56820032573,0.315354934344,662.053130179,0.346244633198
UBFC_A1/Eval_On_COHFACE,COHFACE,old,COHFACE_s35_session3_natural,43,83.0,61.99999999999999,large_error,83.0,0.9999999999999999,84.0,0.939188310874436,82.0,0.9386955146499704,61.99999999999999,0.9999999999999994,61.0,0.9913875112445907,63.0,0.9061649323641274,35_3,35,3,natural,110.536911011,68.9695205688,7.56820032573,0.315354934344,662.053130179,0.346244633198
UBFC_A1/Eval_On_COHFACE,COHFACE,old,COHFACE_s35_session3_natural,44,83.0,61.99999999999999,large_error,83.0,0.9999999999999998,84.0,0.9504186443773499,82.0,0.9341180746844798,61.99999999999999,0.999999999999999,61.0,0.9884811343375615,63.0,0.8780496881535058,35_3,35,3,natural,110.536911011,68.9695205688,7.56820032573,0.315354934344,662.053130179,0.346244633198
UBFC_A1/Eval_On_COHFACE,COHFACE,old,COHFACE_s35_session3_natural,45,83.0,61.99999999999999,large_error,83.0,0.9999999999999998,82.0,0.9796279890327381,84.0,0.8988724013608735,61.99999999999999,0.9999999999999984,44.0,0.92114627041487,63.0,0.9092950773070081,35_3,35,3,natural,110.536911011,68.9695205688,7.56820032573,0.315354934344,662.053130179,0.346244633198
UBFC_A1/Eval_On_COHFACE,COHFACE,old,COHFACE_s35_session3_natural,46,82.0,66.0,large_error,82.0,0.9999999999999999,83.0,0.9574772025741649,81.0,0.9160260171350924,66.0,0.9999999999999992,67.0,0.9665087769286669,65.0,0.9040780884176879,35_3,35,3,natural,110.536911011,68.9695205688,7.56820032573,0.315354934344,662.053130179,0.346244633198
UBFC_A1/Eval_On_COHFACE,COHFACE,old,COHFACE_s35_session3_natural,47,82.0,43.0,sub_harmonic_half,82.0,0.9999999999999999,81.0,0.9698567030686587,83.0,0.9149883417040969,43.0,0.9999999999999993,44.0,0.9413322243964944,42.0,0.9225137124007561,35_3,35,3,natural,110.536911011,68.9695205688,7.56820032573,0.315354934344,662.053130179,0.346244633198
UBFC_A1/Eval_On_COHFACE,COHFACE,old,COHFACE_s35_session3_natural,48,82.0,70.0,large_error,82.0,0.9999999999999999,81.0,0.9839929935234136,83.0,0.9117606320743991,70.0,0.9999999999999993,71.0,0.9832330698981872,69.0,0.9826066051813889,35_3,35,3,natural,110.536911011,68.9695205688,7.56820032573,0.315354934344,662.053130179,0.346244633198
UBFC_A1/Eval_On_COHFACE,COHFACE,old,COHFACE_s35_session3_natural,49,82.0,73.0,large_error,82.0,0.9999999999999999,81.0,0.980175105148878,83.0,0.9100004980949306,73.0,0.9999999999999993,72.0,0.9675382967188038,74.0,0.9592199681094772,35_3,35,3,natural,110.536911011,68.9695205688,7.56820032573,0.315354934344,662.053130179,0.346244633198
UBFC_A1/Eval_On_COHFACE,COHFACE,old,COHFACE_s35_session3_natural,50,81.0,75.0,large_error,81.0,0.9999999999999999,82.0,0.9845511727509668,80.0,0.912229342381537,75.0,0.9999999999999996,76.0,0.9666630615773675,74.0,0.9381034054476775,35_3,35,3,natural,110.536911011,68.9695205688,7.56820032573,0.315354934344,662.053130179,0.346244633198
UBFC_A1/Eval_On_COHFACE,COHFACE,old,COHFACE_s36_session0_lamp,0,91.0,40.0,sub_harmonic_half,91.0,0.9999999999999998,92.0,0.9739086536841763,90.0,0.9142134747122926,40.0,0.9999999999999996,80.0,0.8578675256366731,79.0,0.815082926857582,36_0,36,0,lamp,102.40259552,45.6144752502,2.3658530226,0,243.690324563,0.180644735694
UBFC_A1/Eval_On_COHFACE,COHFACE,old,COHFACE_s36_session0_lamp,1,88.0,80.0,large_error,88.0,0.9999999999999992,87.0,0.9613244911867972,89.0,0.9312758645668747,80.0,0.9999999999999996,79.0,0.9622552847585412,81.0,0.8800509710036277,36_0,36,0,lamp,102.40259552,45.6144752502,2.3658530226,0,243.690324563,0.180644735694
UBFC_A1/Eval_On_COHFACE,COHFACE,old,COHFACE_s36_session0_lamp,2,87.0,43.0,sub_harmonic_half,87.0,0.9999999999999993,86.0,0.9814781002770533,88.0,0.8881934439532304,43.0,0.9999999999999997,44.0,0.9741719698524333,42.0,0.9007507694027214,36_0,36,0,lamp,102.40259552,45.6144752502,2.3658530226,0,243.690324563,0.180644735694
UBFC_A1/Eval_On_COHFACE,COHFACE,old,COHFACE_s36_session0_lamp,3,88.0,42.0,sub_harmonic_half,88.0,0.9999999999999991,89.0,0.9969289050015414,87.0,0.872684645706789,42.0,0.9999999999999997,43.0,0.9794446244546523,41.0,0.9654471401300158,36_0,36,0,lamp,102.40259552,45.6144752502,2.3658530226,0,243.690324563,0.180644735694
UBFC_A1/Eval_On_COHFACE,COHFACE,old,COHFACE_s36_session0_lamp,4,88.0,46.0,sub_harmonic_half,88.0,0.999999999999999,87.0,0.9576845509005797,89.0,0.9329898615085858,46.0,0.9999999999999994,47.0,0.9813372471604145,120.0,0.9604339307125614,36_0,36,0,lamp,102.40259552,45.6144752502,2.3658530226,0,243.690324563,0.180644735694
UBFC_A1/Eval_On_COHFACE,COHFACE,old,COHFACE_s36_session0_lamp,5,90.0,45.0,sub_harmonic_half,90.0,0.9999999999999994,89.0,0.949200755001534,91.0,0.9045108765021364,45.0,0.9999999999999997,44.0,0.9833745258707952,46.0,0.945470292960894,36_0,36,0,lamp,102.40259552,45.6144752502,2.3658530226,0,243.690324563,0.180644735694
UBFC_A1/Eval_On_COHFACE,COHFACE,old,COHFACE_s36_session0_lamp,6,91.0,50.0,sub_harmonic_half,91.0,0.9999999999999996,90.0,0.959206380217423,92.0,0.9271489374510159,50.0,0.9999999999999996,49.0,0.9604498069428664,51.0,0.9207416203667549,36_0,36,0,lamp,102.40259552,45.6144752502,2.3658530226,0,243.690324563,0.180644735694
UBFC_A1/Eval_On_COHFACE,COHFACE,old,COHFACE_s36_session0_lamp,7,91.0,51.0,sub_harmonic_half,91.0,0.9999999999999997,90.0,0.989106012748384,92.0,0.9191059717418802,51.0,0.9999999999999993,52.0,0.9509515973787577,92.0,0.9479769047226869,36_0,36,0,lamp,102.40259552,45.6144752502,2.3658530226,0,243.690324563,0.180644735694
UBFC_A1/Eval_On_COHFACE,COHFACE,old,COHFACE_s36_session0_lamp,8,92.0,51.0,sub_harmonic_half,92.0,0.9999999999999998,91.0,0.9488378522369144,93.0,0.9418665760482526,51.0,0.9999999999999999,52.0,0.9481591908673164,50.0,0.9262867109246158,36_0,36,0,lamp,102.40259552,45.6144752502,2.3658530226,0,243.690324563,0.180644735694
UBFC_A1/Eval_On_COHFACE,COHFACE,old,COHFACE_s36_session0_lamp,9,90.0,50.0,sub_harmonic_half,90.0,0.9999999999999998,91.0,0.9916867993118554,89.0,0.9279092776617335,50.0,0.9999999999999997,51.0,0.981720054909681,49.0,0.8962067414315746,36_0,36,0,lamp,102.40259552,45.6144752502,2.3658530226,0,243.690324563,0.180644735694
UBFC_A1/Eval_On_COHFACE,COHFACE,old,COHFACE_s36_session0_lamp,10,91.0,48.0,sub_harmonic_half,91.0,0.9999999999999998,92.0,0.9588682869228832,90.0,0.9413788740043079,48.0,0.9999999999999994,47.0,0.9474304433146276,49.0,0.9242917348718221,36_0,36,0,lamp,102.40259552,45.6144752502,2.3658530226,0,243.690324563,0.180644735694
UBFC_A1/Eval_On_COHFACE,COHFACE,old,COHFACE_s36_session0_lamp,11,89.0,44.0,sub_harmonic_half,89.0,0.9999999999999998,88.0,0.9716444028687843,90.0,0.9379309393383224,44.0,0.9999999999999998,43.0,0.9931320168346016,45.0,0.9500024583212738,36_0,36,0,lamp,102.40259552,45.6144752502,2.3658530226,0,243.690324563,0.180644735694
UBFC_A1/Eval_On_COHFACE,COHFACE,old,COHFACE_s36_session0_lamp,12,89.0,40.0,sub_harmonic_half,89.0,0.9999999999999998,88.0,0.9910720325379162,90.0,0.9141076437611186,40.0,0.9999999999999997,41.0,0.7753660170387524,78.0,0.6804575556433107,36_0,36,0,lamp,102.40259552,45.6144752502,2.3658530226,0,243.690324563,0.180644735694
UBFC_A1/Eval_On_COHFACE,COHFACE,old,COHFACE_s36_session0_lamp,13,87.0,51.0,sub_harmonic_half,87.0,0.9999999999999997,88.0,0.9644794420973346,86.0,0.9291760565997832,51.0,0.9999999999999997,50.0,0.9462030324170942,52.0,0.9238851278817944,36_0,36,0,lamp,102.40259552,45.6144752502,2.3658530226,0,243.690324563,0.180644735694
UBFC_A1/Eval_On_COHFACE,COHFACE,old,COHFACE_s36_session0_lamp,14,86.0,51.0,large_error,86.0,0.9999999999999998,87.0,0.9554593839562443,85.0,0.9065256461107137,51.0,0.9999999999999998,50.0,0.9915945534080652,52.0,0.8708092427435193,36_0,36,0,lamp,102.40259552,45.6144752502,2.3658530226,0,243.690324563,0.180644735694
UBFC_A1/Eval_On_COHFACE,COHFACE,old,COHFACE_s36_session0_lamp,15,86.0,81.0,large_error,86.0,0.9999999999999996,85.0,0.9695533295587975,87.0,0.9215514243258645,81.0,0.9999999999999998,80.0,0.9616646671703881,82.0,0.9327568310348375,36_0,36,0,lamp,102.40259552,45.6144752502,2.3658530226,0,243.690324563,0.180644735694
UBFC_A1/Eval_On_COHFACE,COHFACE,old,COHFACE_s36_session0_lamp,16,86.0,82.0,large_error,86.0,0.9999999999999997,85.0,0.9622457282861772,87.0,0.9099121498718061,82.0,0.9999999999999997,83.0,0.9641933578295241,46.0,0.9579517384114495,36_0,36,0,lamp,102.40259552,45.6144752502,2.3658530226,0,243.690324563,0.180644735694
UBFC_A1/Eval_On_COHFACE,COHFACE,old,COHFACE_s36_session0_lamp,17,86.0,44.0,sub_harmonic_half,86.0,0.9999999999999996,85.0,0.9934313349853104,87.0,0.8948812943281877,44.0,0.9999999999999999,45.0,0.9934643374637862,43.0,0.9291217532826769,36_0,36,0,lamp,102.40259552,45.6144752502,2.3658530226,0,243.690324563,0.180644735694
UBFC_A1/Eval_On_COHFACE,COHFACE,old,COHFACE_s36_session0_lamp,18,87.0,41.0,sub_harmonic_half,87.0,0.9999999999999997,86.0,0.9451181877074715,88.0,0.932642691200303,41.0,0.9999999999999997,42.0,0.9894378175222541,40.0,0.9705231226957928,36_0,36,0,lamp,102.40259552,45.6144752502,2.3658530226,0,243.690324563,0.180644735694
UBFC_A1/Eval_On_COHFACE,COHFACE,old,COHFACE_s36_session0_lamp,19,87.0,88.0,correct,87.0,0.9999999999999996,86.0,0.9710642482801073,88.0,0.9242604709050998,88.0,0.9999999999999997,87.0,0.963607007688521,89.0,0.9011910774357257,36_0,36,0,lamp,102.40259552,45.6144752502,2.3658530226,0,243.690324563,0.180644735694
UBFC_A1/Eval_On_COHFACE,COHFACE,old,COHFACE_s36_session0_lamp,20,89.0,54.0,large_error,89.0,0.9999999999999997,88.0,0.9846781803956023,90.0,0.8819658587967597,54.0,0.9999999999999996,53.0,0.9700313890555022,43.0,0.9439594322823129,36_0,36,0,lamp,102.40259552,45.6144752502,2.3658530226,0,243.690324563,0.180644735694
UBFC_A1/Eval_On_COHFACE,COHFACE,old,COHFACE_s36_session0_lamp,21,90.0,89.0,correct,90.0,0.9999999999999997,89.0,0.9635388561146183,91.0,0.933350726210422,89.0,0.9999999999999997,88.0,0.9688475995900807,90.0,0.8971166817573298,36_0,36,0,lamp,102.40259552,45.6144752502,2.3658530226,0,243.690324563,0.180644735694
UBFC_A1/Eval_On_COHFACE,COHFACE,old,COHFACE_s36_session0_lamp,22,91.0,120.0,super_harmonic_1p5x,91.0,0.9999999999999997,90.0,0.9882213267425447,92.0,0.9027457687725431,120.0,0.9999999999999994,121.0,0.9874581685605586,92.0,0.9475826550239684,36_0,36,0,lamp,102.40259552,45.6144752502,2.3658530226,0,243.690324563,0.180644735694
UBFC_A1/Eval_On_COHFACE,COHFACE,old,COHFACE_s36_session0_lamp,23,91.0,66.0,large_error,91.0,0.9999999999999998,92.0,0.9923340495177356,90.0,0.8959849449320438,66.0,0.9999999999999996,65.0,0.9988385113656821,64.0,0.9072850536397676,36_0,36,0,lamp,102.40259552,45.6144752502,2.3658530226,0,243.690324563,0.180644735694
UBFC_A1/Eval_On_COHFACE,COHFACE,old,COHFACE_s36_session0_lamp,24,92.0,120.0,super_harmonic_1p5x,92.0,0.9999999999999998,91.0,0.9663760961354724,93.0,0.9426329986491169,120.0,0.9999999999999997,80.0,0.9980404382250859,81.0,0.9741159809652081,36_0,36,0,lamp,102.40259552,45.6144752502,2.3658530226,0,243.690324563,0.180644735694
UBFC_A1/Eval_On_COHFACE,COHFACE,old,COHFACE_s36_session0_lamp,25,91.0,82.0,large_error,91.0,0.9999999999999998,92.0,0.9963839172195348,90.0,0.8969737698990562,82.0,0.9999999999999998,81.0,0.9723075290031943,83.0,0.9210388484284479,36_0,36,0,lamp,102.40259552,45.6144752502,2.3658530226,0,243.690324563,0.180644735694
UBFC_A1/Eval_On_COHFACE,COHFACE,old,COHFACE_s36_session0_lamp,26,91.0,80.0,large_error,91.0,0.9999999999999997,90.0,0.9728376834681107,92.0,0.9375686222287146,80.0,0.9999999999999997,79.0,0.9792554315745963,81.0,0.965166819305537,36_0,36,0,lamp,102.40259552,45.6144752502,2.3658530226,0,243.690324563,0.180644735694
UBFC_A1/Eval_On_COHFACE,COHFACE,old,COHFACE_s36_session0_lamp,27,90.0,80.0,large_error,90.0,0.9999999999999998,89.0,0.9591077901002873,91.0,0.9280762339449132,80.0,0.9999999999999999,79.0,0.9813397326539289,81.0,0.9023009572002412,36_0,36,0,lamp,102.40259552,45.6144752502,2.3658530226,0,243.690324563,0.180644735694
UBFC_A1/Eval_On_COHFACE,COHFACE,old,COHFACE_s36_session0_lamp,28,89.0,81.0,large_error,89.0,0.9999999999999997,88.0,0.9889311969695038,90.0,0.9133022486543977,81.0,0.9999999999999999,82.0,0.9586512146850213,80.0,0.9461758027992373,36_0,36,0,lamp,102.40259552,45.6144752502,2.3658530226,0,243.690324563,0.180644735694
UBFC_A1/Eval_On_COHFACE,COHFACE,old,COHFACE_s36_session0_lamp,29,87.0,82.0,large_error,87.0,0.9999999999999997,88.0,0.9912494636880688,86.0,0.8856845355162966,82.0,0.9999999999999998,83.0,0.952271833622557,81.0,0.9473825821763975,36_0,36,0,lamp,102.40259552,45.6144752502,2.3658530226,0,243.690324563,0.180644735694
UBFC_A1/Eval_On_COHFACE,COHFACE,old,COHFACE_s36_session0_lamp,30,87.0,82.0,large_error,87.0,0.9999999999999994,88.0,0.9554820650132585,86.0,0.9449441622443375,82.0,0.9999999999999999,81.0,0.9739013418578136,83.0,0.9243604166921977,36_0,36,0,lamp,102.40259552,45.6144752502,2.3658530226,0,243.690324563,0.180644735694
UBFC_A1/Eval_On_COHFACE,COHFACE,old,COHFACE_s36_session0_lamp,31,86.0,82.0,large_error,86.0,0.9999999999999996,87.0,0.973712532789211,85.0,0.890177671528568,82.0,0.9999999999999998,81.0,0.997875489564004,83.0,0.9796936616244358,36_0,36,0,lamp,102.40259552,45.6144752502,2.3658530226,0,243.690324563,0.180644735694
UBFC_A1/Eval_On_COHFACE,COHFACE,old,COHFACE_s36_session0_lamp,32,87.0,89.0,correct,87.0,0.9999999999999994,86.0,0.9715297788876713,88.0,0.9149331350817892,89.0,0.9999999999999999,90.0,0.9916203011183353,88.0,0.9001744734138366,36_0,36,0,lamp,102.40259552,45.6144752502,2.3658530226,0,243.690324563,0.180644735694
UBFC_A1/Eval_On_COHFACE,COHFACE,old,COHFACE_s36_session0_lamp,33,88.0,90.0,correct,88.0,0.9999999999999997,87.0,0.9701863878345762,89.0,0.9096364643986423,90.0,0.9999999999999998,89.0,0.950114522389161,91.0,0.8986861275583544,36_0,36,0,lamp,102.40259552,45.6144752502,2.3658530226,0,243.690324563,0.180644735694
UBFC_A1/Eval_On_COHFACE,COHFACE,old,COHFACE_s36_session0_lamp,34,88.0,91.0,correct,88.0,0.9999999999999997,89.0,0.9714374566539707,87.0,0.9141370605224926,91.0,0.9999999999999998,90.0,0.9731365955257185,92.0,0.8892151327564903,36_0,36,0,lamp,102.40259552,45.6144752502,2.3658530226,0,243.690324563,0.180644735694
UBFC_A1/Eval_On_COHFACE,COHFACE,old,COHFACE_s36_session0_lamp,35,90.0,53.0,large_error,90.0,0.9999999999999998,89.0,0.9659437744709997,91.0,0.9235557732323635,53.0,0.9999999999999998,54.0,0.9640170006527649,52.0,0.9188052479536771,36_0,36,0,lamp,102.40259552,45.6144752502,2.3658530226,0,243.690324563,0.180644735694
UBFC_A1/Eval_On_COHFACE,COHFACE,old,COHFACE_s36_session0_lamp,36,89.0,51.0,sub_harmonic_half,89.0,0.9999999999999998,90.0,0.997296695404184,88.0,0.9137858358472956,51.0,0.9999999999999994,50.0,0.9865185393929953,52.0,0.9752656439158937,36_0,36,0,lamp,102.40259552,45.6144752502,2.3658530226,0,243.690324563,0.180644735694
UBFC_A1/Eval_On_COHFACE,COHFACE,old,COHFACE_s36_session0_lamp,37,91.0,53.0,sub_harmonic_half,91.0,0.9999999999999998,90.0,0.9908362943318788,92.0,0.9269297925770029,53.0,0.9999999999999996,54.0,0.9912117152000762,52.0,0.9837500710812594,36_0,36,0,lamp,102.40259552,45.6144752502,2.3658530226,0,243.690324563,0.180644735694
UBFC_A1/Eval_On_COHFACE,COHFACE,old,COHFACE_s36_session0_lamp,38,90.0,52.0,sub_harmonic_half,90.0,0.9999999999999998,89.0,0.9849100099825776,91.0,0.9135050202619847,52.0,0.9999999999999998,53.0,0.9613074867310039,51.0,0.9488468202438307,36_0,36,0,lamp,102.40259552,45.6144752502,2.3658530226,0,243.690324563,0.180644735694
UBFC_A1/Eval_On_COHFACE,COHFACE,old,COHFACE_s36_session0_lamp,39,90.0,51.0,sub_harmonic_half,90.0,0.9999999999999998,91.0,0.966769054703171,89.0,0.9563333134992129,51.0,0.9999999999999998,50.0,0.9552186764355572,52.0,0.9395886903844456,36_0,36,0,lamp,102.40259552,45.6144752502,2.3658530226,0,243.690324563,0.180644735694
UBFC_A1/Eval_On_COHFACE,COHFACE,old,COHFACE_s36_session0_lamp,40,89.0,52.0,sub_harmonic_half,89.0,0.9999999999999998,90.0,0.982650354710544,88.0,0.898706376771993,52.0,0.9999999999999997,51.0,0.9273790540912231,53.0,0.9211811193487506,36_0,36,0,lamp,102.40259552,45.6144752502,2.3658530226,0,243.690324563,0.180644735694
UBFC_A1/Eval_On_COHFACE,COHFACE,old,COHFACE_s36_session0_lamp,41,88.0,75.0,large_error,88.0,0.9999999999999997,89.0,0.9931323875167034,87.0,0.8872923606547123,75.0,0.9999999999999996,76.0,0.9837085860828968,53.0,0.9491400696435309,36_0,36,0,lamp,102.40259552,45.6144752502,2.3658530226,0,243.690324563,0.180644735694
UBFC_A1/Eval_On_COHFACE,COHFACE,old,COHFACE_s36_session0_lamp,42,88.0,54.0,large_error,88.0,0.9999999999999997,89.0,0.9870178599957876,87.0,0.8865951226015137,54.0,0.9999999999999998,55.0,0.9359863995827834,53.0,0.9168652654698985,36_0,36,0,lamp,102.40259552,45.6144752502,2.3658530226,0,243.690324563,0.180644735694
UBFC_A1/Eval_On_COHFACE,COHFACE,old,COHFACE_s36_session0_lamp,43,88.0,54.0,large_error,88.0,0.9999999999999996,89.0,0.9453489552377514,87.0,0.9291062997645488,54.0,0.9999999999999996,55.0,0.9542163082651867,53.0,0.9082849615085832,36_0,36,0,lamp,102.40259552,45.6144752502,2.3658530226,0,243.690324563,0.180644735694
UBFC_A1/Eval_On_COHFACE,COHFACE,old,COHFACE_s36_session0_lamp,44,87.0,53.0,large_error,87.0,0.9999999999999994,88.0,0.9978457844240347,86.0,0.8986021829052437,53.0,0.9999999999999998,52.0,0.9848443789887011,54.0,0.8928352446319819,36_0,36,0,lamp,102.40259552,45.6144752502,2.3658530226,0,243.690324563,0.180644735694
UBFC_A1/Eval_On_COHFACE,COHFACE,old,COHFACE_s36_session0_lamp,45,89.0,80.0,large_error,89.0,0.9999999999999996,88.0,0.9405784601827748,90.0,0.9316629795790193,80.0,0.9999999999999998,81.0,0.9610467085760991,79.0,0.9131271426336474,36_0,36,0,lamp,102.40259552,45.6144752502,2.3658530226,0,243.690324563,0.180644735694
UBFC_A1/Eval_On_COHFACE,COHFACE,old,COHFACE_s36_session0_lamp,46,89.0,81.0,large_error,89.0,0.9999999999999992,88.0,0.9579373309508636,90.0,0.9574787517448411,81.0,0.9999999999999997,80.0,0.9659724054894708,82.0,0.938532878849506,36_0,36,0,lamp,102.40259552,45.6144752502,2.3658530226,0,243.690324563,0.180644735694
UBFC_A1/Eval_On_COHFACE,COHFACE,old,COHFACE_s36_session0_lamp,47,91.0,43.0,sub_harmonic_half,91.0,0.9999999999999997,90.0,0.9853431769044825,92.0,0.8650869468315098,43.0,0.9999999999999997,44.0,0.9686679367093465,42.0,0.9400296565423235,36_0,36,0,lamp,102.40259552,45.6144752502,2.3658530226,0,243.690324563,0.180644735694
UBFC_A1/Eval_On_COHFACE,COHFACE,old,COHFACE_s36_session0_lamp,48,93.0,80.0,large_error,93.0,0.9999999999999996,92.0,0.9974790028411209,94.0,0.899963305795084,80.0,0.9999999999999997,79.0,0.9794114449397017,81.0,0.9160084828174498,36_0,36,0,lamp,102.40259552,45.6144752502,2.3658530226,0,243.690324563,0.180644735694
UBFC_A1/Eval_On_COHFACE,COHFACE,old,COHFACE_s36_session0_lamp,49,93.0,81.0,large_error,93.0,0.9999999999999997,92.0,0.9504131889723367,94.0,0.9392332288332902,81.0,0.9999999999999998,80.0,0.9903152524827757,82.0,0.9147330034808826,36_0,36,0,lamp,102.40259552,45.6144752502,2.3658530226,0,243.690324563,0.180644735694
UBFC_A1/Eval_On_COHFACE,COHFACE,old,COHFACE_s36_session0_lamp,50,93.0,120.0,super_harmonic_1p5x,93.0,0.9999999999999997,94.0,0.9923612989637982,92.0,0.9184131109041556,120.0,0.9999999999999996,119.0,0.9668846553331983,121.0,0.9228429693451758,36_0,36,0,lamp,102.40259552,45.6144752502,2.3658530226,0,243.690324563,0.180644735694
UBFC_A1/Eval_On_COHFACE,COHFACE,old,COHFACE_s36_session1_lamp,0,94.0,40.0,large_error,94.0,0.9999999999999999,95.0,0.9781511959637982,93.0,0.8787362016136865,40.0,0.9999999999999997,81.0,0.973319332613047,80.0,0.9632368528898372,36_1,36,1,lamp,110.57649231,48.0664100647,1.30159478439,0,350.05453199,0.218782603741
UBFC_A1/Eval_On_COHFACE,COHFACE,old,COHFACE_s36_session1_lamp,1,94.0,42.0,sub_harmonic_half,94.0,0.9999999999999996,95.0,0.9518625088040703,93.0,0.9363927267814962,42.0,0.9999999999999997,43.0,0.9412833200673835,41.0,0.9082859079977426,36_1,36,1,lamp,110.57649231,48.0664100647,1.30159478439,0,350.05453199,0.218782603741
UBFC_A1/Eval_On_COHFACE,COHFACE,old,COHFACE_s36_session1_lamp,2,95.0,42.0,sub_harmonic_half,95.0,0.9999999999999996,94.0,0.9832125186843346,96.0,0.8950707356947675,42.0,0.9999999999999997,43.0,0.9600833614288796,41.0,0.9065053534257448,36_1,36,1,lamp,110.57649231,48.0664100647,1.30159478439,0,350.05453199,0.218782603741
UBFC_A1/Eval_On_COHFACE,COHFACE,old,COHFACE_s36_session1_lamp,3,95.0,40.0,large_error,95.0,0.9999999999999996,94.0,0.9542030359049326,96.0,0.9309770982423593,40.0,0.9999999999999992,41.0,0.9942380002279124,42.0,0.869933642940584,36_1,36,1,lamp,110.57649231,48.0664100647,1.30159478439,0,350.05453199,0.218782603741
UBFC_A1/Eval_On_COHFACE,COHFACE,old,COHFACE_s36_session1_lamp,4,96.0,41.0,large_error,96.0,0.9999999999999994,95.0,0.9942088946157827,97.0,0.906992201662341,41.0,0.9999999999999994,42.0,0.9645930153895624,40.0,0.9305548079450241,36_1,36,1,lamp,110.57649231,48.0664100647,1.30159478439,0,350.05453199,0.218782603741
UBFC_A1/Eval_On_COHFACE,COHFACE,old,COHFACE_s36_session1_lamp,5,96.0,40.0,large_error,96.0,0.9999999999999996,95.0,0.9730553345013683,97.0,0.9148947964776203,40.0,0.9999999999999996,67.0,0.8461406755808578,41.0,0.8239751849918842,36_1,36,1,lamp,110.57649231,48.0664100647,1.30159478439,0,350.05453199,0.218782603741
UBFC_A1/Eval_On_COHFACE,COHFACE,old,COHFACE_s36_session1_lamp,6,96.0,40.0,large_error,96.0,0.9999999999999994,95.0,0.9836027178519733,97.0,0.9147793088354854,40.0,0.9999999999999997,41.0,0.7572492648866481,78.0,0.6661457137064053,36_1,36,1,lamp,110.57649231,48.0664100647,1.30159478439,0,350.05453199,0.218782603741
UBFC_A1/Eval_On_COHFACE,COHFACE,old,COHFACE_s36_session1_lamp,7,96.0,71.0,large_error,96.0,0.9999999999999993,95.0,0.9862657799297635,97.0,0.9044810673202577,71.0,0.9999999999999993,70.0,0.9846194248995341,72.0,0.9013253032717381,36_1,36,1,lamp,110.57649231,48.0664100647,1.30159478439,0,350.05453199,0.218782603741
UBFC_A1/Eval_On_COHFACE,COHFACE,old,COHFACE_s36_session1_lamp,8,95.0,52.0,sub_harmonic_half,95.0,0.9999999999999992,94.0,0.949336699821659,96.0,0.9300289011115481,52.0,0.9999999999999998,51.0,0.9553755345180399,53.0,0.8960016730725994,36_1,36,1,lamp,110.57649231,48.0664100647,1.30159478439,0,350.05453199,0.218782603741
UBFC_A1/Eval_On_COHFACE,COHFACE,old,COHFACE_s36_session1_lamp,9,94.0,40.0,large_error,94.0,0.9999999999999993,95.0,0.979662842936741,93.0,0.8818235159256703,40.0,0.9999999999999997,41.0,0.9939315856496415,50.0,0.9292229726768555,36_1,36,1,lamp,110.57649231,48.0664100647,1.30159478439,0,350.05453199,0.218782603741
UBFC_A1/Eval_On_COHFACE,COHFACE,old,COHFACE_s36_session1_lamp,10,94.0,43.0,sub_harmonic_half,94.0,0.9999999999999992,93.0,0.9795081371827775,95.0,0.90835392372299,43.0,0.9999999999999997,44.0,0.9924701380578279,42.0,0.9577916196464229,36_1,36,1,lamp,110.57649231,48.0664100647,1.30159478439,0,350.05453199,0.218782603741
UBFC_A1/Eval_On_COHFACE,COHFACE,old,COHFACE_s36_session1_lamp,11,93.0,44.0,sub_harmonic_half,93.0,0.9999999999999994,92.0,0.942123433934336,94.0,0.9316275332125393,44.0,0.9999999999999999,45.0,0.9642363860216824,43.0,0.9485607610366056,36_1,36,1,lamp,110.57649231,48.0664100647,1.30159478439,0,350.05453199,0.218782603741
UBFC_A1/Eval_On_COHFACE,COHFACE,old,COHFACE_s36_session1_lamp,12,93.0,40.0,large_error,93.0,0.9999999999999994,92.0,0.9604264940467366,94.0,0.9293599805977638,40.0,0.9999999999999997,41.0,0.9609735613067696,42.0,0.8243886398259412,36_1,36,1,lamp,110.57649231,48.0664100647,1.30159478439,0,350.05453199,0.218782603741
UBFC_A1/Eval_On_COHFACE,COHFACE,old,COHFACE_s36_session1_lamp,13,92.0,43.0,sub_harmonic_half,92.0,0.9999999999999994,91.0,0.9631943619520703,93.0,0.947627104828652,43.0,0.9999999999999997,44.0,0.9812356046641489,42.0,0.9272765136947868,36_1,36,1,lamp,110.57649231,48.0664100647,1.30159478439,0,350.05453199,0.218782603741
UBFC_A1/Eval_On_COHFACE,COHFACE,old,COHFACE_s36_session1_lamp,14,92.0,41.0,sub_harmonic_half,92.0,0.9999999999999996,91.0,0.9945436565912692,93.0,0.9184038577222973,41.0,0.9999999999999997,42.0,0.991235161254846,40.0,0.9044040607804533,36_1,36,1,lamp,110.57649231,48.0664100647,1.30159478439,0,350.05453199,0.218782603741
UBFC_A1/Eval_On_COHFACE,COHFACE,old,COHFACE_s36_session1_lamp,15,91.0,106.0,large_error,91.0,0.9999999999999996,92.0,0.9983712382268192,90.0,0.9116058048346332,106.0,0.9999999999999994,107.0,0.9439579829057982,105.0,0.9367112889694946,36_1,36,1,lamp,110.57649231,48.0664100647,1.30159478439,0,350.05453199,0.218782603741
UBFC_A1/Eval_On_COHFACE,COHFACE,old,COHFACE_s36_session1_lamp,16,90.0,88.0,correct,90.0,0.9999999999999996,91.0,0.9981260871287764,89.0,0.8994515337656808,88.0,0.9999999999999997,106.0,0.9917579319836649,105.0,0.9696183674390364,36_1,36,1,lamp,110.57649231,48.0664100647,1.30159478439,0,350.05453199,0.218782603741
UBFC_A1/Eval_On_COHFACE,COHFACE,old,COHFACE_s36_session1_lamp,17,91.0,77.0,large_error,91.0,0.9999999999999996,90.0,0.9996835696485811,92.0,0.8867190673124713,77.0,0.9999999999999997,76.0,0.9367560971715572,78.0,0.9179313633524823,36_1,36,1,lamp,110.57649231,48.0664100647,1.30159478439,0,350.05453199,0.218782603741
UBFC_A1/Eval_On_COHFACE,COHFACE,old,COHFACE_s36_session1_lamp,18,90.0,90.0,correct,90.0,0.9999999999999996,91.0,0.9884645667624803,89.0,0.8858868036113485,90.0,0.9999999999999997,91.0,0.9326511408825044,89.0,0.9313712149037938,36_1,36,1,lamp,110.57649231,48.0664100647,1.30159478439,0,350.05453199,0.218782603741
UBFC_A1/Eval_On_COHFACE,COHFACE,old,COHFACE_s36_session1_lamp,19,90.0,47.0,sub_harmonic_half,90.0,0.9999999999999996,91.0,0.9432361228717562,89.0,0.9226395945970007,47.0,0.9999999999999997,46.0,0.9858049382118932,48.0,0.9697185969350214,36_1,36,1,lamp,110.57649231,48.0664100647,1.30159478439,0,350.05453199,0.218782603741
UBFC_A1/Eval_On_COHFACE,COHFACE,old,COHFACE_s36_session1_lamp,20,91.0,45.0,sub_harmonic_half,91.0,0.9999999999999996,92.0,0.9576408299816751,90.0,0.9269559364942351,45.0,0.9999999999999999,44.0,0.9564895699547878,46.0,0.9397021698876914,36_1,36,1,lamp,110.57649231,48.0664100647,1.30159478439,0,350.05453199,0.218782603741
UBFC_A1/Eval_On_COHFACE,COHFACE,old,COHFACE_s36_session1_lamp,21,91.0,50.0,sub_harmonic_half,91.0,0.9999999999999997,92.0,0.9412745843609697,90.0,0.9336913405725971,50.0,0.9999999999999998,51.0,0.9913105177260494,49.0,0.9638553276831616,36_1,36,1,lamp,110.57649231,48.0664100647,1.30159478439,0,350.05453199,0.218782603741
UBFC_A1/Eval_On_COHFACE,COHFACE,old,COHFACE_s36_session1_lamp,22,92.0,50.0,sub_harmonic_half,92.0,0.9999999999999997,93.0,0.9691177938817561,91.0,0.9539918174545363,50.0,0.9999999999999998,51.0,0.9799075801601903,49.0,0.9753896260410934,36_1,36,1,lamp,110.57649231,48.0664100647,1.30159478439,0,350.05453199,0.218782603741
UBFC_A1/Eval_On_COHFACE,COHFACE,old,COHFACE_s36_session1_lamp,23,93.0,50.0,sub_harmonic_half,93.0,0.9999999999999998,94.0,0.9928830771369689,92.0,0.889834082399543,50.0,0.9999999999999999,49.0,0.99006440984948,51.0,0.9505196194094102,36_1,36,1,lamp,110.57649231,48.0664100647,1.30159478439,0,350.05453199,0.218782603741
UBFC_A1/Eval_On_COHFACE,COHFACE,old,COHFACE_s36_session1_lamp,24,95.0,47.0,sub_harmonic_half,95.0,0.9999999999999997,94.0,0.9830439202556132,96.0,0.9401460486673433,47.0,0.9999999999999998,48.0,0.9674041823797487,46.0,0.8698495568259356,36_1,36,1,lamp,110.57649231,48.0664100647,1.30159478439,0,350.05453199,0.218782603741
UBFC_A1/Eval_On_COHFACE,COHFACE,old,COHFACE_s36_session1_lamp,25,95.0,49.0,sub_harmonic_half,95.0,0.9999999999999998,94.0,0.9652458224234531,96.0,0.9164173064839393,49.0,0.9999999999999997,48.0,0.9683788399061941,50.0,0.8946661116043528,36_1,36,1,lamp,110.57649231,48.0664100647,1.30159478439,0,350.05453199,0.218782603741
UBFC_A1/Eval_On_COHFACE,COHFACE,old,COHFACE_s36_session1_lamp,26,96.0,50.0,sub_harmonic_half,96.0,0.9999999999999998,97.0,0.9564681365014304,95.0,0.9357328376628515,50.0,0.9999999999999998,49.0,0.9970337520722999,51.0,0.9051949077957088,36_1,36,1,lamp,110.57649231,48.0664100647,1.30159478439,0,350.05453199,0.218782603741
UBFC_A1/Eval_On_COHFACE,COHFACE,old,COHFACE_s36_session1_lamp,27,95.0,50.0,sub_harmonic_half,95.0,0.9999999999999998,96.0,0.9522015092444192,94.0,0.9509021291567981,50.0,0.9999999999999996,49.0,0.9810909030806321,51.0,0.9411548581039115,36_1,36,1,lamp,110.57649231,48.0664100647,1.30159478439,0,350.05453199,0.218782603741
UBFC_A1/Eval_On_COHFACE,COHFACE,old,COHFACE_s36_session1_lamp,28,96.0,46.0,sub_harmonic_half,96.0,0.9999999999999998,95.0,0.9622341510005364,97.0,0.9234310552182479,46.0,0.9999999999999998,45.0,0.9727127741110996,47.0,0.9391420831722933,36_1,36,1,lamp,110.57649231,48.0664100647,1.30159478439,0,350.05453199,0.218782603741
UBFC_A1/Eval_On_COHFACE,COHFACE,old,COHFACE_s36_session1_lamp,29,94.0,42.0,sub_harmonic_half,94.0,0.9999999999999998,95.0,0.9586802579718933,93.0,0.9146269481343737,42.0,0.9999999999999996,43.0,0.9668104152887188,53.0,0.9483828885065093,36_1,36,1,lamp,110.57649231,48.0664100647,1.30159478439,0,350.05453199,0.218782603741
UBFC_A1/Eval_On_COHFACE,COHFACE,old,COHFACE_s36_session1_lamp,30,94.0,40.0,large_error,94.0,0.9999999999999997,93.0,0.9549966890764243,95.0,0.9304901863004833,40.0,0.9999999999999997,41.0,0.9021171632337178,42.0,0.6933994763584884,36_1,36,1,lamp,110.57649231,48.0664100647,1.30159478439,0,350.05453199,0.218782603741
UBFC_A1/Eval_On_COHFACE,COHFACE,old,COHFACE_s36_session1_lamp,31,94.0,41.0,sub_harmonic_half,94.0,0.9999999999999997,93.0,0.9996472776627424,95.0,0.8616146180816656,41.0,0.9999999999999996,42.0,0.9565819866576921,40.0,0.9449500408297685,36_1,36,1,lamp,110.57649231,48.0664100647,1.30159478439,0,350.05453199,0.218782603741
UBFC_A1/Eval_On_COHFACE,COHFACE,old,COHFACE_s36_session1_lamp,32,93.0,43.0,sub_harmonic_half,93.0,0.9999999999999996,94.0,0.9822175902815685,92.0,0.902561797742342,43.0,0.9999999999999993,42.0,0.9897484195427522,44.0,0.9747244747633107,36_1,36,1,lamp,110.57649231,48.0664100647,1.30159478439,0,350.05453199,0.218782603741
UBFC_A1/Eval_On_COHFACE,COHFACE,old,COHFACE_s36_session1_lamp,33,93.0,40.0,large_error,93.0,0.9999999999999997,92.0,0.9840952480040024,94.0,0.905708446937273,40.0,0.9999999999999996,41.0,0.9110436617980104,42.0,0.7575398152163831,36_1,36,1,lamp,110.57649231,48.0664100647,1.30159478439,0,350.05453199,0.218782603741
UBFC_A1/Eval_On_COHFACE,COHFACE,old,COHFACE_s36_session1_lamp,34,93.0,41.0,sub_harmonic_half,93.0,0.9999999999999997,92.0,0.9737031734307796,94.0,0.9114399895224452,41.0,0.9999999999999993,42.0,0.9726743308603333,40.0,0.9586931171044818,36_1,36,1,lamp,110.57649231,48.0664100647,1.30159478439,0,350.05453199,0.218782603741
UBFC_A1/Eval_On_COHFACE,COHFACE,old,COHFACE_s36_session1_lamp,35,92.0,52.0,sub_harmonic_half,92.0,0.9999999999999997,91.0,0.9586420938097806,93.0,0.9445048774524775,52.0,0.9999999999999996,42.0,0.9539928893459864,51.0,0.9447084531360719,36_1,36,1,lamp,110.57649231,48.0664100647,1.30159478439,0,350.05453199,0.218782603741
UBFC_A1/Eval_On_COHFACE,COHFACE,old,COHFACE_s36_session1_lamp,36,91.0,81.0,large_error,91.0,0.9999999999999997,92.0,0.9476806491512897,90.0,0.9447479883953129,81.0,0.9999999999999997,82.0,0.982836648079541,80.0,0.9018096109864746,36_1,36,1,lamp,110.57649231,48.0664100647,1.30159478439,0,350.05453199,0.218782603741
UBFC_A1/Eval_On_COHFACE,COHFACE,old,COHFACE_s36_session1_lamp,37,91.0,120.0,super_harmonic_1p5x,91.0,0.9999999999999996,90.0,0.9569513356721862,92.0,0.9478967943515978,120.0,0.9999999999999997,119.0,0.9528226522619343,121.0,0.9376596967555146,36_1,36,1,lamp,110.57649231,48.0664100647,1.30159478439,0,350.05453199,0.218782603741
UBFC_A1/Eval_On_COHFACE,COHFACE,old,COHFACE_s36_session1_lamp,38,90.0,53.0,large_error,90.0,0.9999999999999997,89.0,0.9474967636992676,91.0,0.931656333741185,53.0,0.9999999999999998,52.0,0.9988648534721006,54.0,0.9137129287491026,36_1,36,1,lamp,110.57649231,48.0664100647,1.30159478439,0,350.05453199,0.218782603741
UBFC_A1/Eval_On_COHFACE,COHFACE,old,COHFACE_s36_session1_lamp,39,90.0,53.0,large_error,90.0,0.9999999999999997,89.0,0.95984029206462,91.0,0.9295400879206959,53.0,0.9999999999999997,52.0,0.9768636928191368,54.0,0.9324588937479465,36_1,36,1,lamp,110.57649231,48.0664100647,1.30159478439,0,350.05453199,0.218782603741
UBFC_A1/Eval_On_COHFACE,COHFACE,old,COHFACE_s36_session1_lamp,40,90.0,90.0,correct,90.0,0.9999999999999997,91.0,0.9518885490846696,89.0,0.9281019985324472,90.0,0.9999999999999996,89.0,0.9736842016183619,91.0,0.9024203322967254,36_1,36,1,lamp,110.57649231,48.0664100647,1.30159478439,0,350.05453199,0.218782603741
UBFC_A1/Eval_On_COHFACE,COHFACE,old,COHFACE_s36_session1_lamp,41,90.0,81.0,large_error,90.0,0.9999999999999997,91.0,0.9781944718053331,89.0,0.900566301686326,81.0,0.9999999999999996,80.0,0.9909291240936052,82.0,0.9551993754072575,36_1,36,1,lamp,110.57649231,48.0664100647,1.30159478439,0,350.05453199,0.218782603741
UBFC_A1/Eval_On_COHFACE,COHFACE,old,COHFACE_s36_session1_lamp,42,92.0,40.0,large_error,92.0,0.9999999999999997,93.0,0.9735893110480347,91.0,0.9149424467457256,40.0,0.9999999999999997,80.0,0.9288011700836858,81.0,0.9227907818720622,36_1,36,1,lamp,110.57649231,48.0664100647,1.30159478439,0,350.05453199,0.218782603741
UBFC_A1/Eval_On_COHFACE,COHFACE,old,COHFACE_s36_session1_lamp,43,92.0,81.0,large_error,92.0,0.9999999999999998,93.0,0.9435606909145766,91.0,0.9304369423372557,81.0,0.9999999999999997,82.0,0.9955194556733028,80.0,0.9262557526092513,36_1,36,1,lamp,110.57649231,48.0664100647,1.30159478439,0,350.05453199,0.218782603741
UBFC_A1/Eval_On_COHFACE,COHFACE,old,COHFACE_s36_session1_lamp,44,93.0,43.0,sub_harmonic_half,93.0,0.9999999999999998,94.0,0.9938018001997521,92.0,0.9233957643908318,43.0,0.9999999999999998,42.0,0.9613225005890831,44.0,0.9448653730159882,36_1,36,1,lamp,110.57649231,48.0664100647,1.30159478439,0,350.05453199,0.218782603741
UBFC_A1/Eval_On_COHFACE,COHFACE,old,COHFACE_s36_session1_lamp,45,94.0,40.0,large_error,94.0,0.9999999999999999,93.0,0.9805848288813801,95.0,0.8980019113661597,40.0,0.9999999999999997,41.0,0.9358888842193053,81.0,0.8815935562737843,36_1,36,1,lamp,110.57649231,48.0664100647,1.30159478439,0,350.05453199,0.218782603741
UBFC_A1/Eval_On_COHFACE,COHFACE,old,COHFACE_s36_session1_lamp,46,94.0,81.0,large_error,94.0,0.9999999999999998,95.0,0.9842616137974776,93.0,0.9419343951751632,81.0,0.9999999999999994,82.0,0.9873441007360999,80.0,0.9441223223545949,36_1,36,1,lamp,110.57649231,48.0664100647,1.30159478439,0,350.05453199,0.218782603741
UBFC_A1/Eval_On_COHFACE,COHFACE,old,COHFACE_s36_session1_lamp,47,94.0,75.0,large_error,94.0,0.9999999999999999,95.0,0.9701288948073364,93.0,0.9151603149426966,75.0,0.9999999999999996,76.0,0.9500573457820999,74.0,0.9091694686353166,36_1,36,1,lamp,110.57649231,48.0664100647,1.30159478439,0,350.05453199,0.218782603741
UBFC_A1/Eval_On_COHFACE,COHFACE,old,COHFACE_s36_session1_lamp,48,95.0,49.0,sub_harmonic_half,95.0,0.9999999999999999,94.0,0.9471604339269213,96.0,0.9444825328492967,49.0,0.9999999999999997,48.0,0.9454614307738681,50.0,0.885933920801029,36_1,36,1,lamp,110.57649231,48.0664100647,1.30159478439,0,350.05453199,0.218782603741
UBFC_A1/Eval_On_COHFACE,COHFACE,old,COHFACE_s36_session1_lamp,49,94.0,51.0,sub_harmonic_half,94.0,0.9999999999999999,95.0,0.9586394972798788,93.0,0.92082668872079,51.0,0.9999999999999997,50.0,0.9663616492736972,40.0,0.8652024795901173,36_1,36,1,lamp,110.57649231,48.0664100647,1.30159478439,0,350.05453199,0.218782603741
UBFC_A1/Eval_On_COHFACE,COHFACE,old,COHFACE_s36_session1_lamp,50,95.0,43.0,sub_harmonic_half,95.0,0.9999999999999999,94.0,0.9400006101776011,96.0,0.9386596028228723,43.0,0.9999999999999997,44.0,0.9611068495668827,42.0,0.9489710092471207,36_1,36,1,lamp,110.57649231,48.0664100647,1.30159478439,0,350.05453199,0.218782603741
UBFC_A1/Eval_On_COHFACE,COHFACE,old,COHFACE_s36_session2_natural,0,93.0,80.0,large_error,93.0,0.9999999999999998,92.0,0.9354135882759429,94.0,0.9108372717890029,80.0,0.9999999999999994,81.0,0.9607898195951843,90.0,0.9174637876327947,36_2,36,2,natural,101.990653992,55.4490585327,5.81546971055,0,433.387684809,0.189979448915
UBFC_A1/Eval_On_COHFACE,COHFACE,old,COHFACE_s36_session2_natural,1,92.0,91.0,correct,92.0,0.9999999999999994,93.0,0.945144800309633,91.0,0.9291644676132814,91.0,0.9999999999999994,90.0,0.9845872710343654,80.0,0.9315843192884282,36_2,36,2,natural,101.990653992,55.4490585327,5.81546971055,0,433.387684809,0.189979448915
UBFC_A1/Eval_On_COHFACE,COHFACE,old,COHFACE_s36_session2_natural,2,94.0,44.0,sub_harmonic_half,94.0,0.9999999999999996,93.0,0.9569543465144078,95.0,0.9293562499659789,44.0,0.9999999999999997,43.0,0.9971102296990431,45.0,0.923449636437939,36_2,36,2,natural,101.990653992,55.4490585327,5.81546971055,0,433.387684809,0.189979448915
UBFC_A1/Eval_On_COHFACE,COHFACE,old,COHFACE_s36_session2_natural,3,93.0,41.0,sub_harmonic_half,93.0,0.9999999999999996,94.0,0.9727534138081928,92.0,0.9282120483572109,41.0,0.9999999999999996,40.0,0.9870061452915635,42.0,0.9642274347523611,36_2,36,2,natural,101.990653992,55.4490585327,5.81546971055,0,433.387684809,0.189979448915
UBFC_A1/Eval_On_COHFACE,COHFACE,old,COHFACE_s36_session2_natural,4,92.0,81.0,large_error,92.0,0.9999999999999996,93.0,0.9798230997502758,91.0,0.9347285008574187,81.0,0.9999999999999997,80.0,0.9540463905224339,82.0,0.928481664493563,36_2,36,2,natural,101.990653992,55.4490585327,5.81546971055,0,433.387684809,0.189979448915
UBFC_A1/Eval_On_COHFACE,COHFACE,old,COHFACE_s36_session2_natural,5,92.0,80.0,large_error,92.0,0.9999999999999996,93.0,0.9910183517560719,91.0,0.9305593529374511,80.0,0.9999999999999998,81.0,0.9719290579831263,79.0,0.9147290353060735,36_2,36,2,natural,101.990653992,55.4490585327,5.81546971055,0,433.387684809,0.189979448915
UBFC_A1/Eval_On_COHFACE,COHFACE,old,COHFACE_s36_session2_natural,6,90.0,80.0,large_error,90.0,0.9999999999999996,89.0,0.9892286815344395,91.0,0.9094288876645915,80.0,0.9999999999999998,81.0,0.9411743306943547,79.0,0.9226606285230826,36_2,36,2,natural,101.990653992,55.4490585327,5.81546971055,0,433.387684809,0.189979448915
UBFC_A1/Eval_On_COHFACE,COHFACE,old,COHFACE_s36_session2_natural,7,86.0,80.0,large_error,86.0,0.9999999999999992,87.0,0.9866730188352388,85.0,0.9335490490702858,80.0,0.9999999999999998,81.0,0.9437931074988806,79.0,0.9241300468367758,36_2,36,2,natural,101.990653992,55.4490585327,5.81546971055,0,433.387684809,0.189979448915
UBFC_A1/Eval_On_COHFACE,COHFACE,old,COHFACE_s36_session2_natural,8,86.0,59.0,large_error,86.0,0.9999999999999992,87.0,0.9593041033525642,85.0,0.9460388100389189,59.0,0.9999999999999998,58.0,0.9525106183842749,60.0,0.924290509630843,36_2,36,2,natural,101.990653992,55.4490585327,5.81546971055,0,433.387684809,0.189979448915
UBFC_A1/Eval_On_COHFACE,COHFACE,old,COHFACE_s36_session2_natural,9,83.0,80.0,correct,83.0,0.9999999999999992,82.0,0.963734438596755,84.0,0.9164777812145163,80.0,0.9999999999999998,81.0,0.9932983364676579,79.0,0.9147378636695227,36_2,36,2,natural,101.990653992,55.4490585327,5.81546971055,0,433.387684809,0.189979448915
UBFC_A1/Eval_On_COHFACE,COHFACE,old,COHFACE_s36_session2_natural,10,83.0,82.0,correct,83.0,0.9999999999999989,82.0,0.9739661963583697,84.0,0.893016440142757,82.0,0.9999999999999999,81.0,0.9704779304582302,83.0,0.9112101299467676,36_2,36,2,natural,101.990653992,55.4490585327,5.81546971055,0,433.387684809,0.189979448915
UBFC_A1/Eval_On_COHFACE,COHFACE,old,COHFACE_s36_session2_natural,11,81.0,82.0,correct,81.0,0.9999999999999989,80.0,0.9415082812193142,82.0,0.9312468161026166,82.0,0.9999999999999998,81.0,0.9797920824195447,83.0,0.8857606001234457,36_2,36,2,natural,101.990653992,55.4490585327,5.81546971055,0,433.387684809,0.189979448915
UBFC_A1/Eval_On_COHFACE,COHFACE,old,COHFACE_s36_session2_natural,12,82.0,82.0,correct,82.0,0.9999999999999981,81.0,0.9966713095971433,83.0,0.9204911506935408,82.0,0.9999999999999998,81.0,0.9832703205145952,83.0,0.9096783598273189,36_2,36,2,natural,101.990653992,55.4490585327,5.81546971055,0,433.387684809,0.189979448915
UBFC_A1/Eval_On_COHFACE,COHFACE,old,COHFACE_s36_session2_natural,13,83.0,67.0,large_error,83.0,0.9999999999999987,84.0,0.9819629240559592,82.0,0.8725573075685179,67.0,0.9999999999999998,68.0,0.9695267222751667,82.0,0.9610538631908184,36_2,36,2,natural,101.990653992,55.4490585327,5.81546971055,0,433.387684809,0.189979448915
UBFC_A1/Eval_On_COHFACE,COHFACE,old,COHFACE_s36_session2_natural,14,87.0,78.0,large_error,87.0,0.9999999999999983,88.0,0.9888468444096523,86.0,0.8658699645992237,78.0,0.9999999999999998,79.0,0.9803031712220887,77.0,0.9190138667098681,36_2,36,2,natural,101.990653992,55.4490585327,5.81546971055,0,433.387684809,0.189979448915
UBFC_A1/Eval_On_COHFACE,COHFACE,old,COHFACE_s36_session2_natural,15,88.0,78.0,large_error,88.0,0.9999999999999988,89.0,0.9809929471600004,87.0,0.9405096256879637,78.0,0.9999999999999997,77.0,0.9898342289595672,89.0,0.8912832531880799,36_2,36,2,natural,101.990653992,55.4490585327,5.81546971055,0,433.387684809,0.189979448915
UBFC_A1/Eval_On_COHFACE,COHFACE,old,COHFACE_s36_session2_natural,16,91.0,76.0,large_error,91.0,0.9999999999999993,90.0,0.9555808152666805,92.0,0.943907926772491,76.0,0.9999999999999998,77.0,0.9732105798681638,75.0,0.9232667985269314,36_2,36,2,natural,101.990653992,55.4490585327,5.81546971055,0,433.387684809,0.189979448915
UBFC_A1/Eval_On_COHFACE,COHFACE,old,COHFACE_s36_session2_natural,17,93.0,74.0,large_error,93.0,0.9999999999999997,92.0,0.9609067693211295,94.0,0.9243714253959019,74.0,0.9999999999999998,75.0,0.9825385039520909,73.0,0.9093915224859995,36_2,36,2,natural,101.990653992,55.4490585327,5.81546971055,0,433.387684809,0.189979448915
UBFC_A1/Eval_On_COHFACE,COHFACE,old,COHFACE_s36_session2_natural,18,94.0,60.0,large_error,94.0,0.9999999999999996,93.0,0.9819881655015585,95.0,0.9742640485650328,60.0,0.9999999999999997,59.0,0.9863110011143792,61.0,0.9415756887679163,36_2,36,2,natural,101.990653992,55.4490585327,5.81546971055,0,433.387684809,0.189979448915
UBFC_A1/Eval_On_COHFACE,COHFACE,old,COHFACE_s36_session2_natural,19,94.0,60.0,large_error,94.0,0.9999999999999998,93.0,0.984521009011979,95.0,0.9077730137690037,60.0,0.9999999999999996,59.0,0.9909512032725508,61.0,0.959145294481978,36_2,36,2,natural,101.990653992,55.4490585327,5.81546971055,0,433.387684809,0.189979448915
UBFC_A1/Eval_On_COHFACE,COHFACE,old,COHFACE_s36_session2_natural,20,94.0,58.0,large_error,94.0,0.9999999999999997,95.0,0.97446367157957,93.0,0.9590994808454547,58.0,0.9999999999999994,57.0,0.987796017270325,59.0,0.9204018111051716,36_2,36,2,natural,101.990653992,55.4490585327,5.81546971055,0,433.387684809,0.189979448915
UBFC_A1/Eval_On_COHFACE,COHFACE,old,COHFACE_s36_session2_natural,21,92.0,60.0,large_error,92.0,0.9999999999999997,93.0,0.9455923589919919,91.0,0.9451840581435935,60.0,0.9999999999999997,61.0,0.9842396539450337,59.0,0.8853672842665422,36_2,36,2,natural,101.990653992,55.4490585327,5.81546971055,0,433.387684809,0.189979448915
UBFC_A1/Eval_On_COHFACE,COHFACE,old,COHFACE_s36_session2_natural,22,91.0,73.0,large_error,91.0,0.9999999999999993,92.0,0.9978977337834835,93.0,0.991303960588397,73.0,0.9999999999999994,74.0,0.9497536025367497,72.0,0.913301670969331,36_2,36,2,natural,101.990653992,55.4490585327,5.81546971055,0,433.387684809,0.189979448915
UBFC_A1/Eval_On_COHFACE,COHFACE,old,COHFACE_s36_session2_natural,23,89.0,75.0,large_error,89.0,0.9999999999999996,88.0,0.9649595780434799,90.0,0.9379044608046501,75.0,0.9999999999999999,76.0,0.939347074872889,74.0,0.9238759654833186,36_2,36,2,natural,101.990653992,55.4490585327,5.81546971055,0,433.387684809,0.189979448915
UBFC_A1/Eval_On_COHFACE,COHFACE,old,COHFACE_s36_session2_natural,24,84.0,80.0,large_error,84.0,0.9999999999999988,85.0,0.9752558972843071,83.0,0.9436252569688158,80.0,0.9999999999999999,79.0,0.9834779516913642,81.0,0.952806414754921,36_2,36,2,natural,101.990653992,55.4490585327,5.81546971055,0,433.387684809,0.189979448915
UBFC_A1/Eval_On_COHFACE,COHFACE,old,COHFACE_s36_session2_natural,25,85.0,81.0,large_error,85.0,0.9999999999999993,84.0,0.9825255071065376,86.0,0.8755127760650001,81.0,0.9999999999999998,80.0,0.9744694204343378,82.0,0.9531578331396932,36_2,36,2,natural,101.990653992,55.4490585327,5.81546971055,0,433.387684809,0.189979448915
UBFC_A1/Eval_On_COHFACE,COHFACE,old,COHFACE_s36_session2_natural,26,83.0,82.0,correct,83.0,0.9999999999999989,82.0,0.9718790394625475,84.0,0.9117377131817533,82.0,0.9999999999999999,83.0,0.9787884062856977,81.0,0.9402240461688687,36_2,36,2,natural,101.990653992,55.4490585327,5.81546971055,0,433.387684809,0.189979448915
UBFC_A1/Eval_On_COHFACE,COHFACE,old,COHFACE_s36_session2_natural,27,85.0,83.0,correct,85.0,0.9999999999999988,86.0,0.9414071250074079,84.0,0.9179840876877302,83.0,0.9999999999999999,82.0,0.9767444204368445,84.0,0.915181760302296,36_2,36,2,natural,101.990653992,55.4490585327,5.81546971055,0,433.387684809,0.189979448915
UBFC_A1/Eval_On_COHFACE,COHFACE,old,COHFACE_s36_session2_natural,28,85.0,89.0,large_error,85.0,0.9999999999999992,84.0,0.9607071937346102,86.0,0.8921584405099312,89.0,0.9999999999999998,90.0,0.9331926533292173,88.0,0.9329542649185755,36_2,36,2,natural,101.990653992,55.4490585327,5.81546971055,0,433.387684809,0.189979448915
UBFC_A1/Eval_On_COHFACE,COHFACE,old,COHFACE_s36_session2_natural,29,89.0,90.0,correct,89.0,0.9999999999999994,88.0,0.9564137346073809,90.0,0.9080597778389896,90.0,0.9999999999999998,91.0,0.9867777457565463,89.0,0.8984778041484414,36_2,36,2,natural,101.990653992,55.4490585327,5.81546971055,0,433.387684809,0.189979448915
UBFC_A1/Eval_On_COHFACE,COHFACE,old,COHFACE_s36_session2_natural,30,91.0,90.0,correct,91.0,0.9999999999999993,90.0,0.9855103902077649,92.0,0.9668883308696825,90.0,0.9999999999999998,91.0,0.9613264947325942,89.0,0.9296519823633277,36_2,36,2,natural,101.990653992,55.4490585327,5.81546971055,0,433.387684809,0.189979448915
UBFC_A1/Eval_On_COHFACE,COHFACE,old,COHFACE_s36_session2_natural,31,91.0,95.0,large_error,91.0,0.9999999999999996,92.0,0.9676833235392055,90.0,0.933968902958124,95.0,0.9999999999999998,96.0,0.9782438058498977,94.0,0.9193115165583587,36_2,36,2,natural,101.990653992,55.4490585327,5.81546971055,0,433.387684809,0.189979448915
UBFC_A1/Eval_On_COHFACE,COHFACE,old,COHFACE_s36_session2_natural,32,92.0,75.0,large_error,92.0,0.9999999999999997,93.0,0.9955775888898656,91.0,0.9152713436650346,75.0,0.9999999999999998,76.0,0.959373738797013,74.0,0.9255085383119901,36_2,36,2,natural,101.990653992,55.4490585327,5.81546971055,0,433.387684809,0.189979448915
UBFC_A1/Eval_On_COHFACE,COHFACE,old,COHFACE_s36_session2_natural,33,93.0,77.0,large_error,93.0,0.9999999999999996,94.0,0.9898138278453583,92.0,0.9295263419186929,77.0,0.9999999999999997,76.0,0.978435055061864,78.0,0.9393663591868309,36_2,36,2,natural,101.990653992,55.4490585327,5.81546971055,0,433.387684809,0.189979448915
UBFC_A1/Eval_On_COHFACE,COHFACE,old,COHFACE_s36_session2_natural,34,92.0,79.0,large_error,92.0,0.9999999999999997,93.0,0.9676627760346775,91.0,0.9316000125460541,79.0,0.9999999999999998,80.0,0.9903460250539954,91.0,0.8829723632446794,36_2,36,2,natural,101.990653992,55.4490585327,5.81546971055,0,433.387684809,0.189979448915
UBFC_A1/Eval_On_COHFACE,COHFACE,old,COHFACE_s36_session2_natural,35,93.0,53.0,sub_harmonic_half,93.0,0.9999999999999994,94.0,0.9931507092196644,92.0,0.9176573043805565,53.0,0.9999999999999997,52.0,0.9706312834279586,54.0,0.9410050778431243,36_2,36,2,natural,101.990653992,55.4490585327,5.81546971055,0,433.387684809,0.189979448915
UBFC_A1/Eval_On_COHFACE,COHFACE,old,COHFACE_s36_session2_natural,36,92.0,53.0,sub_harmonic_half,92.0,0.9999999999999996,91.0,0.9847203373044061,93.0,0.9016248499570162,53.0,0.9999999999999996,52.0,0.9892406204488139,54.0,0.9248568096376553,36_2,36,2,natural,101.990653992,55.4490585327,5.81546971055,0,433.387684809,0.189979448915
UBFC_A1/Eval_On_COHFACE,COHFACE,old,COHFACE_s36_session2_natural,37,91.0,83.0,large_error,91.0,0.9999999999999989,90.0,0.9536620684569387,92.0,0.9491041431058092,83.0,0.9999999999999996,84.0,0.9760605806773104,82.0,0.9740334496608126,36_2,36,2,natural,101.990653992,55.4490585327,5.81546971055,0,433.387684809,0.189979448915
UBFC_A1/Eval_On_COHFACE,COHFACE,old,COHFACE_s36_session2_natural,38,91.0,83.0,large_error,91.0,0.9999999999999992,92.0,0.9914679217194875,90.0,0.867180452743778,83.0,0.9999999999999994,84.0,0.9804961962517258,82.0,0.9589804742478545,36_2,36,2,natural,101.990653992,55.4490585327,5.81546971055,0,433.387684809,0.189979448915
UBFC_A1/Eval_On_COHFACE,COHFACE,old,COHFACE_s36_session2_natural,39,90.0,41.0,sub_harmonic_half,90.0,0.9999999999999988,91.0,0.9640445848001498,89.0,0.8973638524125396,41.0,0.9999999999999988,40.0,0.9885178312817393,42.0,0.8523889637120513,36_2,36,2,natural,101.990653992,55.4490585327,5.81546971055,0,433.387684809,0.189979448915
UBFC_A1/Eval_On_COHFACE,COHFACE,old,COHFACE_s36_session2_natural,40,92.0,84.0,large_error,92.0,0.9999999999999989,93.0,0.957221310647854,91.0,0.9203876759220344,84.0,0.9999999999999986,83.0,0.9298179134174387,74.0,0.879275306168101,36_2,36,2,natural,101.990653992,55.4490585327,5.81546971055,0,433.387684809,0.189979448915
UBFC_A1/Eval_On_COHFACE,COHFACE,old,COHFACE_s36_session2_natural,41,93.0,46.0,sub_harmonic_half,93.0,0.9999999999999989,94.0,0.9675083012554397,92.0,0.918022256816283,46.0,0.9999999999999976,86.0,0.9880488917105795,47.0,0.9843556462385964,36_2,36,2,natural,101.990653992,55.4490585327,5.81546971055,0,433.387684809,0.189979448915
UBFC_A1/Eval_On_COHFACE,COHFACE,old,COHFACE_s36_session2_natural,42,95.0,94.0,correct,95.0,0.9999999999999989,94.0,0.987325098298012,96.0,0.9646067593540412,94.0,0.9999999999999982,95.0,0.9682192968453286,93.0,0.9427939602856437,36_2,36,2,natural,101.990653992,55.4490585327,5.81546971055,0,433.387684809,0.189979448915
UBFC_A1/Eval_On_COHFACE,COHFACE,old,COHFACE_s36_session2_natural,43,96.0,95.0,correct,96.0,0.9999999999999994,97.0,0.9727659863352587,95.0,0.9061678743700684,95.0,0.9999999999999983,96.0,0.9998540096414557,94.0,0.9665144031410267,36_2,36,2,natural,101.990653992,55.4490585327,5.81546971055,0,433.387684809,0.189979448915
UBFC_A1/Eval_On_COHFACE,COHFACE,old,COHFACE_s36_session2_natural,44,98.0,94.0,large_error,98.0,0.9999999999999994,97.0,0.9806380962944214,99.0,0.951130136992211,94.0,0.9999999999999988,95.0,0.9993419680466601,93.0,0.9698643629638616,36_2,36,2,natural,101.990653992,55.4490585327,5.81546971055,0,433.387684809,0.189979448915
UBFC_A1/Eval_On_COHFACE,COHFACE,old,COHFACE_s36_session2_natural,45,99.0,97.0,correct,99.0,0.9999999999999996,100.0,0.9783171637931793,98.0,0.9189891977111645,97.0,0.9999999999999993,98.0,0.986632282551928,96.0,0.9549056530739611,36_2,36,2,natural,101.990653992,55.4490585327,5.81546971055,0,433.387684809,0.189979448915
UBFC_A1/Eval_On_COHFACE,COHFACE,old,COHFACE_s36_session2_natural,46,98.0,99.0,correct,98.0,0.9999999999999996,97.0,0.9806455217091133,99.0,0.930876836878983,99.0,0.9999999999999992,98.0,0.9847223601445972,100.0,0.9499401511318182,36_2,36,2,natural,101.990653992,55.4490585327,5.81546971055,0,433.387684809,0.189979448915
UBFC_A1/Eval_On_COHFACE,COHFACE,old,COHFACE_s36_session2_natural,47,98.0,98.0,correct,98.0,0.9999999999999996,97.0,0.9594859722379333,99.0,0.9294495688301848,98.0,0.9999999999999997,99.0,0.9660448314655928,97.0,0.935880065075991,36_2,36,2,natural,101.990653992,55.4490585327,5.81546971055,0,433.387684809,0.189979448915
UBFC_A1/Eval_On_COHFACE,COHFACE,old,COHFACE_s36_session2_natural,48,94.0,81.0,large_error,94.0,0.9999999999999989,95.0,0.990303248811925,93.0,0.9412270259525216,81.0,0.9999999999999994,82.0,0.9725011449481265,80.0,0.9220311156078624,36_2,36,2,natural,101.990653992,55.4490585327,5.81546971055,0,433.387684809,0.189979448915
UBFC_A1/Eval_On_COHFACE,COHFACE,old,COHFACE_s36_session2_natural,49,95.0,53.0,sub_harmonic_half,95.0,0.9999999999999989,96.0,0.9721880270635032,94.0,0.9649918438206815,53.0,0.9999999999999992,52.0,0.9621252972666701,54.0,0.9241150047227138,36_2,36,2,natural,101.990653992,55.4490585327,5.81546971055,0,433.387684809,0.189979448915
UBFC_A1/Eval_On_COHFACE,COHFACE,old,COHFACE_s36_session2_natural,50,91.0,53.0,sub_harmonic_half,91.0,0.9999999999999988,90.0,0.9744004047350298,92.0,0.9252927555378007,53.0,0.9999999999999998,54.0,0.9351392101814036,52.0,0.9323239721445037,36_2,36,2,natural,101.990653992,55.4490585327,5.81546971055,0,433.387684809,0.189979448915
UBFC_A1/Eval_On_COHFACE,COHFACE,old,COHFACE_s36_session3_natural,0,102.0,78.0,large_error,102.0,0.9999999999999994,101.0,0.9930008865602536,103.0,0.8835637554265076,78.0,0.9999999999999994,97.0,0.9970727636436566,96.0,0.9933132055173627,36_3,36,3,natural,97.1688156128,54.2083625793,6.57428157446,0,317.81149872,0.180606126785
UBFC_A1/Eval_On_COHFACE,COHFACE,old,COHFACE_s36_session3_natural,1,98.0,59.0,large_error,98.0,0.9999999999999981,97.0,0.9858821807935396,99.0,0.8750878772795925,59.0,0.9999999999999998,58.0,0.9425621698499844,60.0,0.8797675363445985,36_3,36,3,natural,97.1688156128,54.2083625793,6.57428157446,0,317.81149872,0.180606126785
UBFC_A1/Eval_On_COHFACE,COHFACE,old,COHFACE_s36_session3_natural,2,98.0,74.0,large_error,98.0,0.9999999999999987,99.0,0.9322997432480375,97.0,0.9255702227881644,74.0,0.9999999999999994,75.0,0.9665289225175607,73.0,0.9164666158198578,36_3,36,3,natural,97.1688156128,54.2083625793,6.57428157446,0,317.81149872,0.180606126785
UBFC_A1/Eval_On_COHFACE,COHFACE,old,COHFACE_s36_session3_natural,3,99.0,73.0,large_error,99.0,0.9999999999999983,98.0,0.9706517168326602,100.0,0.9429650840172332,73.0,0.9999999999999989,74.0,0.9888150870424458,72.0,0.9436975793614945,36_3,36,3,natural,97.1688156128,54.2083625793,6.57428157446,0,317.81149872,0.180606126785
UBFC_A1/Eval_On_COHFACE,COHFACE,old,COHFACE_s36_session3_natural,4,99.0,102.0,correct,99.0,0.9999999999999992,98.0,0.9788923268993621,100.0,0.903388854597742,102.0,0.9999999999999991,101.0,0.9694533436550629,103.0,0.9365731343365697,36_3,36,3,natural,97.1688156128,54.2083625793,6.57428157446,0,317.81149872,0.180606126785
UBFC_A1/Eval_On_COHFACE,COHFACE,old,COHFACE_s36_session3_natural,5,98.0,68.0,large_error,98.0,0.9999999999999993,97.0,0.9841613369067382,99.0,0.9221978492798335,68.0,0.9999999999999994,67.0,0.9893843438767698,69.0,0.9635304498007473,36_3,36,3,natural,97.1688156128,54.2083625793,6.57428157446,0,317.81149872,0.180606126785
UBFC_A1/Eval_On_COHFACE,COHFACE,old,COHFACE_s36_session3_natural,6,99.0,98.0,correct,99.0,0.9999999999999994,98.0,0.9728027593782732,100.0,0.9281815313678957,98.0,0.9999999999999987,99.0,0.974119863201453,97.0,0.9499661208835224,36_3,36,3,natural,97.1688156128,54.2083625793,6.57428157446,0,317.81149872,0.180606126785
UBFC_A1/Eval_On_COHFACE,COHFACE,old,COHFACE_s36_session3_natural,7,97.0,100.0,correct,97.0,0.9999999999999993,98.0,0.9921008128209314,96.0,0.9360714037978694,100.0,0.9999999999999989,99.0,0.9669737352548533,101.0,0.9563705581203946,36_3,36,3,natural,97.1688156128,54.2083625793,6.57428157446,0,317.81149872,0.180606126785
UBFC_A1/Eval_On_COHFACE,COHFACE,old,COHFACE_s36_session3_natural,8,96.0,97.0,correct,96.0,0.9999999999999996,97.0,0.9750051438173001,95.0,0.9191877113482029,97.0,0.9999999999999992,98.0,0.9913620279779092,96.0,0.9091815033321853,36_3,36,3,natural,97.1688156128,54.2083625793,6.57428157446,0,317.81149872,0.180606126785
UBFC_A1/Eval_On_COHFACE,COHFACE,old,COHFACE_s36_session3_natural,9,94.0,97.0,correct,94.0,0.9999999999999993,95.0,0.9826095875901121,93.0,0.9471679684859846,97.0,0.9999999999999966,98.0,0.9605647521193457,96.0,0.9575255720952772,36_3,36,3,natural,97.1688156128,54.2083625793,6.57428157446,0,317.81149872,0.180606126785
UBFC_A1/Eval_On_COHFACE,COHFACE,old,COHFACE_s36_session3_natural,10,93.0,76.0,large_error,93.0,0.9999999999999989,92.0,0.9901719607581171,94.0,0.9334900121710766,76.0,0.999999999999998,75.0,0.9630564711265736,77.0,0.9560539732675277,36_3,36,3,natural,97.1688156128,54.2083625793,6.57428157446,0,317.81149872,0.180606126785
UBFC_A1/Eval_On_COHFACE,COHFACE,old,COHFACE_s36_session3_natural,11,91.0,73.0,large_error,91.0,0.9999999999999989,90.0,0.9818263059222274,92.0,0.9343007185229689,73.0,0.9999999999999996,74.0,0.9459674466098942,72.0,0.9088798619380736,36_3,36,3,natural,97.1688156128,54.2083625793,6.57428157446,0,317.81149872,0.180606126785
UBFC_A1/Eval_On_COHFACE,COHFACE,old,COHFACE_s36_session3_natural,12,87.0,73.0,large_error,87.0,0.9999999999999988,86.0,0.9429115448791423,88.0,0.9362318826375199,73.0,0.9999999999999994,74.0,0.9739428051205357,72.0,0.907888605054398,36_3,36,3,natural,97.1688156128,54.2083625793,6.57428157446,0,317.81149872,0.180606126785
UBFC_A1/Eval_On_COHFACE,COHFACE,old,COHFACE_s36_session3_natural,13,85.0,75.0,large_error,85.0,0.9999999999999983,86.0,0.9912081925507592,84.0,0.911425025140574,75.0,0.9999999999999993,76.0,0.975161208260755,74.0,0.9367911024016564,36_3,36,3,natural,97.1688156128,54.2083625793,6.57428157446,0,317.81149872,0.180606126785
UBFC_A1/Eval_On_COHFACE,COHFACE,old,COHFACE_s36_session3_natural,14,85.0,43.0,sub_harmonic_half,85.0,0.9999999999999986,86.0,0.9643768222911836,84.0,0.9064822572928212,43.0,0.9999999999999996,69.0,0.9729212905385514,42.0,0.9566237061243466,36_3,36,3,natural,97.1688156128,54.2083625793,6.57428157446,0,317.81149872,0.180606126785
UBFC_A1/Eval_On_COHFACE,COHFACE,old,COHFACE_s36_session3_natural,15,84.0,88.0,large_error,84.0,0.9999999999999984,85.0,0.985792351158228,83.0,0.884908749232679,88.0,0.9999999999999997,87.0,0.9657119214663354,89.0,0.9176590425591568,36_3,36,3,natural,97.1688156128,54.2083625793,6.57428157446,0,317.81149872,0.180606126785
UBFC_A1/Eval_On_COHFACE,COHFACE,old,COHFACE_s36_session3_natural,16,88.0,82.0,large_error,88.0,0.9999999999999983,87.0,0.9968363175655656,89.0,0.8582802011077098,82.0,0.9999999999999998,83.0,0.9516730437169522,81.0,0.911012233363592,36_3,36,3,natural,97.1688156128,54.2083625793,6.57428157446,0,317.81149872,0.180606126785
UBFC_A1/Eval_On_COHFACE,COHFACE,old,COHFACE_s36_session3_natural,17,87.0,88.0,correct,87.0,0.9999999999999978,88.0,0.9615107321261387,86.0,0.9453955785739774,88.0,0.9999999999999996,87.0,0.9778376591264052,47.0,0.9041253737488069,36_3,36,3,natural,97.1688156128,54.2083625793,6.57428157446,0,317.81149872,0.180606126785
UBFC_A1/Eval_On_COHFACE,COHFACE,old,COHFACE_s36_session3_natural,18,91.0,53.0,sub_harmonic_half,91.0,0.999999999999999,90.0,0.9913008088313757,92.0,0.8674182393417784,53.0,0.9999999999999994,54.0,0.9776992129071846,52.0,0.9567338303352267,36_3,36,3,natural,97.1688156128,54.2083625793,6.57428157446,0,317.81149872,0.180606126785
UBFC_A1/Eval_On_COHFACE,COHFACE,old,COHFACE_s36_session3_natural,19,95.0,53.0,sub_harmonic_half,95.0,0.9999999999999989,96.0,0.9510802435684054,94.0,0.9394785788518675,53.0,0.9999999999999998,52.0,0.9971773215284245,54.0,0.8832899014785055,36_3,36,3,natural,97.1688156128,54.2083625793,6.57428157446,0,317.81149872,0.180606126785
UBFC_A1/Eval_On_COHFACE,COHFACE,old,COHFACE_s36_session3_natural,20,94.0,51.0,sub_harmonic_half,94.0,0.9999999999999992,95.0,0.9871331720783388,93.0,0.9094708794517458,51.0,0.9999999999999999,52.0,0.988716454470748,50.0,0.9267308038726213,36_3,36,3,natural,97.1688156128,54.2083625793,6.57428157446,0,317.81149872,0.180606126785
UBFC_A1/Eval_On_COHFACE,COHFACE,old,COHFACE_s36_session3_natural,21,97.0,51.0,sub_harmonic_half,97.0,0.9999999999999996,98.0,0.9895525322787703,96.0,0.8997259666119902,51.0,0.9999999999999999,52.0,0.9733006877656952,50.0,0.9467777877335017,36_3,36,3,natural,97.1688156128,54.2083625793,6.57428157446,0,317.81149872,0.180606126785
UBFC_A1/Eval_On_COHFACE,COHFACE,old,COHFACE_s36_session3_natural,22,97.0,52.0,sub_harmonic_half,97.0,0.9999999999999996,98.0,0.9719568368231211,96.0,0.9343497778977778,52.0,0.9999999999999998,51.0,0.9988070607791721,53.0,0.9255235157685853,36_3,36,3,natural,97.1688156128,54.2083625793,6.57428157446,0,317.81149872,0.180606126785
UBFC_A1/Eval_On_COHFACE,COHFACE,old,COHFACE_s36_session3_natural,23,99.0,51.0,sub_harmonic_half,99.0,0.9999999999999997,98.0,0.9932781568496336,100.0,0.9040583095325136,51.0,0.9999999999999999,50.0,0.9888472680662116,52.0,0.9563876921811326,36_3,36,3,natural,97.1688156128,54.2083625793,6.57428157446,0,317.81149872,0.180606126785
UBFC_A1/Eval_On_COHFACE,COHFACE,old,COHFACE_s36_session3_natural,24,97.0,52.0,sub_harmonic_half,97.0,0.9999999999999996,98.0,0.9796689623511248,96.0,0.9333021743439384,52.0,0.9999999999999998,51.0,0.9979312476253529,53.0,0.9238819999839568,36_3,36,3,natural,97.1688156128,54.2083625793,6.57428157446,0,317.81149872,0.180606126785
UBFC_A1/Eval_On_COHFACE,COHFACE,old,COHFACE_s36_session3_natural,25,97.0,53.0,sub_harmonic_half,97.0,0.9999999999999997,96.0,0.957478347479662,98.0,0.9248639912171632,53.0,0.9999999999999998,52.0,0.9526627707502656,54.0,0.908566682677256,36_3,36,3,natural,97.1688156128,54.2083625793,6.57428157446,0,317.81149872,0.180606126785
UBFC_A1/Eval_On_COHFACE,COHFACE,old,COHFACE_s36_session3_natural,26,94.0,74.0,large_error,94.0,0.9999999999999994,93.0,0.9996411766334561,95.0,0.9457680825132372,74.0,0.9999999999999996,90.0,0.9963645987731868,89.0,0.9657860175785641,36_3,36,3,natural,97.1688156128,54.2083625793,6.57428157446,0,317.81149872,0.180606126785
UBFC_A1/Eval_On_COHFACE,COHFACE,old,COHFACE_s36_session3_natural,27,93.0,89.0,large_error,93.0,0.9999999999999988,94.0,0.9890134605081013,92.0,0.9635228914405851,89.0,0.9999999999999996,88.0,0.9403303492243225,90.0,0.9276206849365318,36_3,36,3,natural,97.1688156128,54.2083625793,6.57428157446,0,317.81149872,0.180606126785
UBFC_A1/Eval_On_COHFACE,COHFACE,old,COHFACE_s36_session3_natural,28,90.0,54.0,large_error,90.0,0.9999999999999992,89.0,0.9903990637086039,91.0,0.9070872375401905,54.0,0.9999999999999998,55.0,0.9965718342647555,53.0,0.8971698464662289,36_3,36,3,natural,97.1688156128,54.2083625793,6.57428157446,0,317.81149872,0.180606126785
UBFC_A1/Eval_On_COHFACE,COHFACE,old,COHFACE_s36_session3_natural,29,86.0,52.0,large_error,86.0,0.999999999999999,85.0,0.9372825197813486,87.0,0.9369561603897976,52.0,0.9999999999999998,53.0,0.9601918211727413,51.0,0.9370302538716712,36_3,36,3,natural,97.1688156128,54.2083625793,6.57428157446,0,317.81149872,0.180606126785
UBFC_A1/Eval_On_COHFACE,COHFACE,old,COHFACE_s36_session3_natural,30,85.0,83.0,correct,85.0,0.9999999999999989,84.0,0.9921463222125317,86.0,0.8918993088093855,83.0,0.9999999999999996,82.0,0.9630366763238097,84.0,0.9479934819005411,36_3,36,3,natural,97.1688156128,54.2083625793,6.57428157446,0,317.81149872,0.180606126785
UBFC_A1/Eval_On_COHFACE,COHFACE,old,COHFACE_s36_session3_natural,31,83.0,82.0,correct,83.0,0.9999999999999991,84.0,0.9499769766968076,82.0,0.9362499415717043,82.0,0.9999999999999998,83.0,0.9691304072709128,81.0,0.9342480993478637,36_3,36,3,natural,97.1688156128,54.2083625793,6.57428157446,0,317.81149872,0.180606126785
UBFC_A1/Eval_On_COHFACE,COHFACE,old,COHFACE_s36_session3_natural,32,84.0,83.0,correct,84.0,0.9999999999999992,83.0,0.9448888952841165,85.0,0.9313931705141898,83.0,0.9999999999999998,82.0,0.9457348971269569,84.0,0.9400597360963656,36_3,36,3,natural,97.1688156128,54.2083625793,6.57428157446,0,317.81149872,0.180606126785
UBFC_A1/Eval_On_COHFACE,COHFACE,old,COHFACE_s36_session3_natural,33,84.0,82.0,correct,84.0,0.9999999999999992,85.0,0.9808193915655079,83.0,0.9009166991840805,82.0,0.9999999999999999,81.0,0.9986530827346004,83.0,0.8894541986444334,36_3,36,3,natural,97.1688156128,54.2083625793,6.57428157446,0,317.81149872,0.180606126785
UBFC_A1/Eval_On_COHFACE,COHFACE,old,COHFACE_s36_session3_natural,34,86.0,82.0,large_error,86.0,0.9999999999999992,87.0,0.977077813666706,85.0,0.9227684478528222,82.0,0.9999999999999999,83.0,0.9640250144880481,81.0,0.9127465016384787,36_3,36,3,natural,97.1688156128,54.2083625793,6.57428157446,0,317.81149872,0.180606126785
UBFC_A1/Eval_On_COHFACE,COHFACE,old,COHFACE_s36_session3_natural,35,88.0,67.0,large_error,88.0,0.9999999999999989,87.0,0.973248476079148,89.0,0.9379156788587819,67.0,0.9999999999999998,66.0,0.9656622635934341,68.0,0.9026989478813415,36_3,36,3,natural,97.1688156128,54.2083625793,6.57428157446,0,317.81149872,0.180606126785
UBFC_A1/Eval_On_COHFACE,COHFACE,old,COHFACE_s36_session3_natural,36,90.0,80.0,large_error,90.0,0.9999999999999996,91.0,0.9656133515175613,89.0,0.9006886149153122,80.0,0.9999999999999998,81.0,0.9946847868377938,79.0,0.8667087491909862,36_3,36,3,natural,97.1688156128,54.2083625793,6.57428157446,0,317.81149872,0.180606126785
UBFC_A1/Eval_On_COHFACE,COHFACE,old,COHFACE_s36_session3_natural,37,93.0,81.0,large_error,93.0,0.9999999999999996,92.0,0.9630609368059407,94.0,0.9629939961072995,81.0,0.9999999999999998,80.0,0.9949195691341743,91.0,0.9596185742435951,36_3,36,3,natural,97.1688156128,54.2083625793,6.57428157446,0,317.81149872,0.180606126785
UBFC_A1/Eval_On_COHFACE,COHFACE,old,COHFACE_s36_session3_natural,38,93.0,98.0,large_error,93.0,0.9999999999999998,94.0,0.978541067412323,92.0,0.8982840320061031,98.0,0.9999999999999997,99.0,0.9875336165781273,97.0,0.9681261674215662,36_3,36,3,natural,97.1688156128,54.2083625793,6.57428157446,0,317.81149872,0.180606126785
UBFC_A1/Eval_On_COHFACE,COHFACE,old,COHFACE_s36_session3_natural,39,94.0,97.0,correct,94.0,0.9999999999999997,95.0,0.9958462405330696,93.0,0.9337447924881833,97.0,0.9999999999999997,96.0,0.9973731218487183,98.0,0.9514943371316192,36_3,36,3,natural,97.1688156128,54.2083625793,6.57428157446,0,317.81149872,0.180606126785
UBFC_A1/Eval_On_COHFACE,COHFACE,old,COHFACE_s36_session3_natural,40,94.0,97.0,correct,94.0,0.9999999999999998,95.0,0.9753534106918029,93.0,0.9161590016800988,97.0,0.9999999999999998,96.0,0.9723823865543881,98.0,0.9621371933968177,36_3,36,3,natural,97.1688156128,54.2083625793,6.57428157446,0,317.81149872,0.180606126785
UBFC_A1/Eval_On_COHFACE,COHFACE,old,COHFACE_s36_session3_natural,41,95.0,44.0,sub_harmonic_half,95.0,0.9999999999999998,96.0,0.9694420155656185,94.0,0.9622117968721671,44.0,0.9999999999999998,43.0,0.988323686955174,45.0,0.9460370885537679,36_3,36,3,natural,97.1688156128,54.2083625793,6.57428157446,0,317.81149872,0.180606126785
UBFC_A1/Eval_On_COHFACE,COHFACE,old,COHFACE_s36_session3_natural,42,93.0,90.0,correct,93.0,0.9999999999999998,92.0,0.9602600317888925,94.0,0.9416095737591287,90.0,0.9999999999999997,91.0,0.9892780325721221,79.0,0.899858790194676,36_3,36,3,natural,97.1688156128,54.2083625793,6.57428157446,0,317.81149872,0.180606126785
UBFC_A1/Eval_On_COHFACE,COHFACE,old,COHFACE_s36_session3_natural,43,93.0,40.0,large_error,93.0,0.9999999999999997,94.0,0.997809696502324,95.0,0.941165692319349,40.0,0.9999999999999997,41.0,0.8645681038725757,51.0,0.7382583003029572,36_3,36,3,natural,97.1688156128,54.2083625793,6.57428157446,0,317.81149872,0.180606126785
UBFC_A1/Eval_On_COHFACE,COHFACE,old,COHFACE_s36_session3_natural,44,90.0,90.0,correct,90.0,0.9999999999999997,91.0,0.9994182627666593,92.0,0.8868597940623477,90.0,0.9999999999999998,89.0,0.9529401175506643,91.0,0.9324667507709196,36_3,36,3,natural,97.1688156128,54.2083625793,6.57428157446,0,317.81149872,0.180606126785
UBFC_A1/Eval_On_COHFACE,COHFACE,old,COHFACE_s36_session3_natural,45,90.0,43.0,sub_harmonic_half,90.0,0.9999999999999991,89.0,0.9893087659340646,91.0,0.9084156989331009,43.0,0.9999999999999997,42.0,0.9926528735557825,44.0,0.943948038838165,36_3,36,3,natural,97.1688156128,54.2083625793,6.57428157446,0,317.81149872,0.180606126785
UBFC_A1/Eval_On_COHFACE,COHFACE,old,COHFACE_s36_session3_natural,46,88.0,45.0,sub_harmonic_half,88.0,0.9999999999999993,87.0,0.9456309840460576,89.0,0.9236952317009577,45.0,0.9999999999999998,46.0,0.9847545672829767,44.0,0.9143181174836339,36_3,36,3,natural,97.1688156128,54.2083625793,6.57428157446,0,317.81149872,0.180606126785
UBFC_A1/Eval_On_COHFACE,COHFACE,old,COHFACE_s36_session3_natural,47,88.0,44.0,sub_harmonic_half,88.0,0.9999999999999989,89.0,0.9758686323360076,87.0,0.8927644950773158,44.0,0.9999999999999999,43.0,0.9489722751355046,45.0,0.9429631917885744,36_3,36,3,natural,97.1688156128,54.2083625793,6.57428157446,0,317.81149872,0.180606126785
UBFC_A1/Eval_On_COHFACE,COHFACE,old,COHFACE_s36_session3_natural,48,87.0,89.0,correct,87.0,0.9999999999999987,86.0,0.9544375022660753,88.0,0.931310676095986,89.0,0.9999999999999998,88.0,0.9683453307269899,90.0,0.8891971160870221,36_3,36,3,natural,97.1688156128,54.2083625793,6.57428157446,0,317.81149872,0.180606126785
UBFC_A1/Eval_On_COHFACE,COHFACE,old,COHFACE_s36_session3_natural,49,89.0,46.0,sub_harmonic_half,89.0,0.9999999999999989,88.0,0.9399286293863912,90.0,0.9217233466258994,46.0,0.9999999999999996,90.0,0.9579686029941915,47.0,0.9529376900342534,36_3,36,3,natural,97.1688156128,54.2083625793,6.57428157446,0,317.81149872,0.180606126785
UBFC_A1/Eval_On_COHFACE,COHFACE,old,COHFACE_s36_session3_natural,50,89.0,46.0,sub_harmonic_half,89.0,0.9999999999999984,90.0,0.9633086549244287,88.0,0.9451661605096403,46.0,0.9999999999999996,47.0,0.9799931560719795,45.0,0.8941134592397916,36_3,36,3,natural,97.1688156128,54.2083625793,6.57428157446,0,317.81149872,0.180606126785
UBFC_A1/Eval_On_COHFACE,COHFACE,old,COHFACE_s37_session0_lamp,0,65.0,82.0,super_harmonic_1p5x,65.0,1.0,64.0,0.9980803223769024,66.0,0.9040854077316901,82.0,0.9999999999999999,81.0,0.9512393389978145,83.0,0.9407765437903797,37_0,37,0,lamp,125.242729187,47.9289245605,0.198636196627,0,410.293559023,0.21563822031
UBFC_A1/Eval_On_COHFACE,COHFACE,old,COHFACE_s37_session0_lamp,1,63.0,82.0,super_harmonic_1p5x,63.0,1.0,61.99999999999999,0.9596077895999763,64.0,0.9342563492754012,82.0,0.9999999999999998,83.0,0.9617330608888978,81.0,0.9338695300375536,37_0,37,0,lamp,125.242729187,47.9289245605,0.198636196627,0,410.293559023,0.21563822031
UBFC_A1/Eval_On_COHFACE,COHFACE,old,COHFACE_s37_session0_lamp,2,61.99999999999999,43.0,large_error,61.99999999999999,1.0,63.0,0.95946458094798,61.0,0.934236913196089,43.0,0.9999999999999998,44.0,0.9539633979277697,42.0,0.9392486078712861,37_0,37,0,lamp,125.242729187,47.9289245605,0.198636196627,0,410.293559023,0.21563822031
UBFC_A1/Eval_On_COHFACE,COHFACE,old,COHFACE_s37_session0_lamp,3,61.99999999999999,81.0,super_harmonic_1p5x,61.99999999999999,1.0,63.0,0.9661172982469117,61.0,0.9270024111615447,81.0,0.9999999999999999,82.0,0.9499178134192525,80.0,0.9282618322841184,37_0,37,0,lamp,125.242729187,47.9289245605,0.198636196627,0,410.293559023,0.21563822031
UBFC_A1/Eval_On_COHFACE,COHFACE,old,COHFACE_s37_session0_lamp,4,63.0,82.0,super_harmonic_1p5x,63.0,1.0,61.99999999999999,0.9843166757588959,64.0,0.9034714036751063,82.0,0.9999999999999998,81.0,0.9977510809559961,83.0,0.892467253697925,37_0,37,0,lamp,125.242729187,47.9289245605,0.198636196627,0,410.293559023,0.21563822031
UBFC_A1/Eval_On_COHFACE,COHFACE,old,COHFACE_s37_session0_lamp,5,64.0,42.0,large_error,64.0,0.9999999999999999,63.0,0.9971654343704657,65.0,0.8883051735750892,42.0,0.9999999999999998,41.0,0.9878598697208856,43.0,0.9031892844680265,37_0,37,0,lamp,125.242729187,47.9289245605,0.198636196627,0,410.293559023,0.21563822031
UBFC_A1/Eval_On_COHFACE,COHFACE,old,COHFACE_s37_session0_lamp,6,64.0,41.0,large_error,64.0,1.0,65.0,0.9863938212259853,63.0,0.8918101284928412,41.0,0.9999999999999998,40.0,0.9870931560695015,42.0,0.9266263680865708,37_0,37,0,lamp,125.242729187,47.9289245605,0.198636196627,0,410.293559023,0.21563822031
UBFC_A1/Eval_On_COHFACE,COHFACE,old,COHFACE_s37_session0_lamp,7,65.0,67.0,correct,65.0,1.0,64.0,0.9891766994252547,66.0,0.900551097710629,67.0,0.9999999999999998,66.0,0.9681536122459755,68.0,0.9283335317391492,37_0,37,0,lamp,125.242729187,47.9289245605,0.198636196627,0,410.293559023,0.21563822031
UBFC_A1/Eval_On_COHFACE,COHFACE,old,COHFACE_s37_session0_lamp,8,63.0,76.0,large_error,63.0,0.9999999999999999,64.0,0.9839643152207336,61.99999999999999,0.9043018290783893,76.0,0.9999999999999999,77.0,0.9522397309667624,75.0,0.939158731295112,37_0,37,0,lamp,125.242729187,47.9289245605,0.198636196627,0,410.293559023,0.21563822031
UBFC_A1/Eval_On_COHFACE,COHFACE,old,COHFACE_s37_session0_lamp,9,61.0,76.0,large_error,61.0,0.9999999999999999,60.0,0.9560395587537895,61.99999999999999,0.9449870356790276,76.0,0.9999999999999998,77.0,0.9973266094326876,75.0,0.9269962681345609,37_0,37,0,lamp,125.242729187,47.9289245605,0.198636196627,0,410.293559023,0.21563822031
UBFC_A1/Eval_On_COHFACE,COHFACE,old,COHFACE_s37_session0_lamp,10,58.0,53.0,large_error,58.0,0.9999999999999999,59.0,0.9879017455857518,57.0,0.9330236985181677,53.0,0.9999999999999998,52.0,0.9574918137779818,54.0,0.9395782488259413,37_0,37,0,lamp,125.242729187,47.9289245605,0.198636196627,0,410.293559023,0.21563822031
UBFC_A1/Eval_On_COHFACE,COHFACE,old,COHFACE_s37_session0_lamp,11,57.0,57.0,correct,57.0,1.0,56.0,0.9773905860103977,58.0,0.9240568431308422,57.0,0.9999999999999998,58.0,0.9571367015138044,56.0,0.9530306602925539,37_0,37,0,lamp,125.242729187,47.9289245605,0.198636196627,0,410.293559023,0.21563822031
UBFC_A1/Eval_On_COHFACE,COHFACE,old,COHFACE_s37_session0_lamp,12,56.0,54.0,correct,56.0,1.0,57.0,0.9523288240498518,55.0,0.9422383871854006,54.0,0.9999999999999998,55.0,0.9938141147060965,74.0,0.8998943385295564,37_0,37,0,lamp,125.242729187,47.9289245605,0.198636196627,0,410.293559023,0.21563822031
UBFC_A1/Eval_On_COHFACE,COHFACE,old,COHFACE_s37_session0_lamp,13,57.0,54.0,correct,57.0,1.0,56.0,0.9814660548713877,58.0,0.9162513319118221,54.0,0.9999999999999998,53.0,0.9992359276819787,55.0,0.9325818576316945,37_0,37,0,lamp,125.242729187,47.9289245605,0.198636196627,0,410.293559023,0.21563822031
UBFC_A1/Eval_On_COHFACE,COHFACE,old,COHFACE_s37_session0_lamp,14,59.0,52.0,large_error,59.0,0.9999999999999999,58.0,0.9794874450776597,60.0,0.9247464172890647,52.0,0.9999999999999999,51.0,0.9645147420823856,53.0,0.9074332108549332,37_0,37,0,lamp,125.242729187,47.9289245605,0.198636196627,0,410.293559023,0.21563822031
UBFC_A1/Eval_On_COHFACE,COHFACE,old,COHFACE_s37_session0_lamp,15,61.99999999999999,51.0,large_error,61.99999999999999,0.9999999999999999,61.0,0.9777760736722299,63.0,0.9162535813791925,51.0,0.9999999999999999,52.0,0.9990134837728007,50.0,0.8645440992445945,37_0,37,0,lamp,125.242729187,47.9289245605,0.198636196627,0,410.293559023,0.21563822031
UBFC_A1/Eval_On_COHFACE,COHFACE,old,COHFACE_s37_session0_lamp,16,63.0,51.0,large_error,63.0,0.9999999999999999,64.0,0.9852408102065067,61.99999999999999,0.8940871442594002,51.0,0.9999999999999997,50.0,0.9774867942305214,52.0,0.9262048024856353,37_0,37,0,lamp,125.242729187,47.9289245605,0.198636196627,0,410.293559023,0.21563822031
UBFC_A1/Eval_On_COHFACE,COHFACE,old,COHFACE_s37_session0_lamp,17,64.0,61.0,correct,64.0,1.0,63.0,0.959151644734277,65.0,0.9252677825368014,61.0,0.9999999999999999,61.99999999999999,0.980785861624164,60.0,0.9617265200821481,37_0,37,0,lamp,125.242729187,47.9289245605,0.198636196627,0,410.293559023,0.21563822031
UBFC_A1/Eval_On_COHFACE,COHFACE,old,COHFACE_s37_session0_lamp,18,63.0,55.0,large_error,63.0,0.9999999999999999,64.0,0.9489161308248789,61.99999999999999,0.9340904332510698,55.0,0.9999999999999998,64.0,0.9738924347790674,54.0,0.9728075641916285,37_0,37,0,lamp,125.242729187,47.9289245605,0.198636196627,0,410.293559023,0.21563822031
UBFC_A1/Eval_On_COHFACE,COHFACE,old,COHFACE_s37_session0_lamp,19,61.0,56.0,large_error,61.0,0.9999999999999998,60.0,0.9663168742301451,61.99999999999999,0.9304756369889132,56.0,0.9999999999999999,55.0,0.9880139809903171,57.0,0.9504487523652942,37_0,37,0,lamp,125.242729187,47.9289245605,0.198636196627,0,410.293559023,0.21563822031
UBFC_A1/Eval_On_COHFACE,COHFACE,old,COHFACE_s37_session0_lamp,20,58.0,57.0,correct,58.0,0.9999999999999999,57.0,0.9910639109328394,59.0,0.9276658556502911,57.0,0.9999999999999998,58.0,0.950750487331153,56.0,0.9169741874134996,37_0,37,0,lamp,125.242729187,47.9289245605,0.198636196627,0,410.293559023,0.21563822031
UBFC_A1/Eval_On_COHFACE,COHFACE,old,COHFACE_s37_session0_lamp,21,56.0,54.0,correct,56.0,1.0,55.0,0.9690573385994057,57.0,0.9352136881824745,54.0,0.9999999999999999,53.0,0.9523049801241938,55.0,0.9452933116611979,37_0,37,0,lamp,125.242729187,47.9289245605,0.198636196627,0,410.293559023,0.21563822031
UBFC_A1/Eval_On_COHFACE,COHFACE,old,COHFACE_s37_session0_lamp,22,55.0,54.0,correct,55.0,1.0,56.0,0.9603873373128509,54.0,0.9329065867692826,54.0,0.9999999999999999,53.0,0.9678485170791338,55.0,0.9358673757869524,37_0,37,0,lamp,125.242729187,47.9289245605,0.198636196627,0,410.293559023,0.21563822031
UBFC_A1/Eval_On_COHFACE,COHFACE,old,COHFACE_s37_session0_lamp,23,56.0,53.0,correct,56.0,1.0,55.0,0.9894500932542057,57.0,0.9077809791286656,53.0,0.9999999999999998,52.0,0.9926937229569883,54.0,0.9285119418965332,37_0,37,0,lamp,125.242729187,47.9289245605,0.198636196627,0,410.293559023,0.21563822031
UBFC_A1/Eval_On_COHFACE,COHFACE,old,COHFACE_s37_session0_lamp,24,57.0,51.0,large_error,57.0,1.0,58.0,0.9647909937253591,56.0,0.9434101448424583,51.0,0.9999999999999999,50.0,0.9758640554680641,52.0,0.9540147174187797,37_0,37,0,lamp,125.242729187,47.9289245605,0.198636196627,0,410.293559023,0.21563822031
UBFC_A1/Eval_On_COHFACE,COHFACE,old,COHFACE_s37_session0_lamp,25,60.0,60.0,correct,60.0,0.9999999999999999,59.0,0.9776468558594572,61.0,0.9305669733478319,60.0,0.9999999999999998,61.0,0.9964659340824805,59.0,0.8881628008416198,37_0,37,0,lamp,125.242729187,47.9289245605,0.198636196627,0,410.293559023,0.21563822031
UBFC_A1/Eval_On_COHFACE,COHFACE,old,COHFACE_s37_session0_lamp,26,63.0,47.0,large_error,63.0,0.9999999999999999,61.99999999999999,0.969863141157597,64.0,0.9339567990648839,47.0,0.9999999999999999,48.0,0.9644498706453848,46.0,0.9492382374325739,37_0,37,0,lamp,125.242729187,47.9289245605,0.198636196627,0,410.293559023,0.21563822031
UBFC_A1/Eval_On_COHFACE,COHFACE,old,COHFACE_s37_session0_lamp,27,65.0,47.0,large_error,65.0,1.0,64.0,0.9620530336853749,66.0,0.9178829825368707,47.0,0.9999999999999998,46.0,0.95785928685676,48.0,0.9521901120045991,37_0,37,0,lamp,125.242729187,47.9289245605,0.198636196627,0,410.293559023,0.21563822031
UBFC_A1/Eval_On_COHFACE,COHFACE,old,COHFACE_s37_session0_lamp,28,65.0,47.0,large_error,65.0,0.9999999999999999,66.0,0.9558115242126614,64.0,0.9340822766808605,47.0,0.9999999999999997,46.0,0.978759970972232,48.0,0.9444001535168531,37_0,37,0,lamp,125.242729187,47.9289245605,0.198636196627,0,410.293559023,0.21563822031
UBFC_A1/Eval_On_COHFACE,COHFACE,old,COHFACE_s37_session0_lamp,29,64.0,76.0,large_error,64.0,0.9999999999999999,63.0,0.9495448613782542,65.0,0.9409451728458821,76.0,0.9999999999999998,75.0,0.9896802155976627,77.0,0.9062674545207238,37_0,37,0,lamp,125.242729187,47.9289245605,0.198636196627,0,410.293559023,0.21563822031
UBFC_A1/Eval_On_COHFACE,COHFACE,old,COHFACE_s37_session0_lamp,30,52.0,48.0,large_error,52.0,0.9999999999999998,53.0,0.9712918685668539,51.0,0.9135294973390654,48.0,0.9999999999999997,59.0,0.9929537795994349,47.0,0.9690028678209919,37_0,37,0,lamp,125.242729187,47.9289245605,0.198636196627,0,410.293559023,0.21563822031
UBFC_A1/Eval_On_COHFACE,COHFACE,old,COHFACE_s37_session0_lamp,31,58.0,59.0,correct,58.0,0.9999999999999998,59.0,0.99682291893818,57.0,0.9557041093591007,59.0,0.9999999999999997,60.0,0.9832388743397106,77.0,0.915668374229338,37_0,37,0,lamp,125.242729187,47.9289245605,0.198636196627,0,410.293559023,0.21563822031
UBFC_A1/Eval_On_COHFACE,COHFACE,old,COHFACE_s37_session0_lamp,32,56.0,75.0,super_harmonic_1p5x,56.0,1.0,57.0,0.9723724775069085,55.0,0.9527925035837781,75.0,0.9999999999999998,76.0,0.9518695023337865,74.0,0.9335595844141563,37_0,37,0,lamp,125.242729187,47.9289245605,0.198636196627,0,410.293559023,0.21563822031
UBFC_A1/Eval_On_COHFACE,COHFACE,old,COHFACE_s37_session0_lamp,33,55.0,55.0,correct,55.0,1.0,56.0,0.9811328731180498,54.0,0.9154996421975611,55.0,0.9999999999999998,54.0,0.9583262803436327,56.0,0.9270371452314616,37_0,37,0,lamp,125.242729187,47.9289245605,0.198636196627,0,410.293559023,0.21563822031
UBFC_A1/Eval_On_COHFACE,COHFACE,old,COHFACE_s37_session0_lamp,34,56.0,57.0,correct,56.0,1.0,55.0,0.9997198052636981,54.0,0.8973782815976334,57.0,0.9999999999999999,58.0,0.984595905543111,56.0,0.95156879554846,37_0,37,0,lamp,125.242729187,47.9289245605,0.198636196627,0,410.293559023,0.21563822031
UBFC_A1/Eval_On_COHFACE,COHFACE,old,COHFACE_s37_session0_lamp,35,57.0,57.0,correct,57.0,1.0,56.0,0.9898315244865518,58.0,0.9090967165084012,57.0,0.9999999999999999,56.0,0.9782749585616198,58.0,0.935249192075147,37_0,37,0,lamp,125.242729187,47.9289245605,0.198636196627,0,410.293559023,0.21563822031
UBFC_A1/Eval_On_COHFACE,COHFACE,old,COHFACE_s37_session0_lamp,36,58.0,57.0,correct,58.0,1.0,59.0,0.9627343618102508,57.0,0.9367831906538816,57.0,0.9999999999999998,56.0,0.9830849447166364,58.0,0.908878987008658,37_0,37,0,lamp,125.242729187,47.9289245605,0.198636196627,0,410.293559023,0.21563822031
UBFC_A1/Eval_On_COHFACE,COHFACE,old,COHFACE_s37_session0_lamp,37,60.0,58.0,correct,60.0,1.0,59.0,0.9573533578189543,61.0,0.9344802603593744,58.0,0.9999999999999997,57.0,0.965632870434385,59.0,0.9526003939726573,37_0,37,0,lamp,125.242729187,47.9289245605,0.198636196627,0,410.293559023,0.21563822031
UBFC_A1/Eval_On_COHFACE,COHFACE,old,COHFACE_s37_session0_lamp,38,61.99999999999999,53.0,large_error,61.99999999999999,0.9999999999999999,61.0,0.968560638427189,63.0,0.9331935068426859,53.0,0.9999999999999998,54.0,0.9377425844240368,52.0,0.9188057004847463,37_0,37,0,lamp,125.242729187,47.9289245605,0.198636196627,0,410.293559023,0.21563822031
UBFC_A1/Eval_On_COHFACE,COHFACE,old,COHFACE_s37_session0_lamp,39,64.0,77.0,large_error,64.0,0.9999999999999999,65.0,0.9972306323579663,63.0,0.9011968757739396,77.0,0.9999999999999998,78.0,0.9937458641255994,76.0,0.9001415939621835,37_0,37,0,lamp,125.242729187,47.9289245605,0.198636196627,0,410.293559023,0.21563822031
UBFC_A1/Eval_On_COHFACE,COHFACE,old,COHFACE_s37_session0_lamp,40,66.0,77.0,large_error,66.0,0.9999999999999999,67.0,0.9831119885323588,65.0,0.8937653262573151,77.0,0.9999999999999998,78.0,0.958273284136031,76.0,0.9339204178341435,37_0,37,0,lamp,125.242729187,47.9289245605,0.198636196627,0,410.293559023,0.21563822031
UBFC_A1/Eval_On_COHFACE,COHFACE,old,COHFACE_s37_session0_lamp,41,67.0,75.0,large_error,67.0,1.0,68.0,0.9366206439313388,66.0,0.9353525768906069,75.0,0.9999999999999999,76.0,0.9815667252518562,74.0,0.968758713172319,37_0,37,0,lamp,125.242729187,47.9289245605,0.198636196627,0,410.293559023,0.21563822031
UBFC_A1/Eval_On_COHFACE,COHFACE,old,COHFACE_s37_session0_lamp,42,66.0,74.0,large_error,66.0,0.9999999999999999,67.0,0.9887736497155947,65.0,0.8955180786931431,74.0,0.9999999999999997,75.0,0.9981862238093937,73.0,0.9626640084780225,37_0,37,0,lamp,125.242729187,47.9289245605,0.198636196627,0,410.293559023,0.21563822031
UBFC_A1/Eval_On_COHFACE,COHFACE,old,COHFACE_s37_session0_lamp,43,65.0,77.0,large_error,65.0,0.9999999999999998,64.0,0.9856573419409099,66.0,0.9258359573710022,77.0,0.9999999999999997,76.0,0.9926023089158434,78.0,0.9334471944566348,37_0,37,0,lamp,125.242729187,47.9289245605,0.198636196627,0,410.293559023,0.21563822031
UBFC_A1/Eval_On_COHFACE,COHFACE,old,COHFACE_s37_session0_lamp,44,54.0,52.0,correct,54.0,0.9999999999999999,61.0,0.9991337551708431,61.99999999999999,0.9712841182917678,52.0,0.9999999999999999,51.0,0.9542123891242106,53.0,0.9023861039035347,37_0,37,0,lamp,125.242729187,47.9289245605,0.198636196627,0,410.293559023,0.21563822031
UBFC_A1/Eval_On_COHFACE,COHFACE,old,COHFACE_s37_session0_lamp,45,59.0,40.0,large_error,59.0,0.9999999999999999,58.0,0.9891794513882517,60.0,0.9221042666316642,40.0,0.9999999999999997,60.0,0.9525432492313799,59.0,0.9262670436547725,37_0,37,0,lamp,125.242729187,47.9289245605,0.198636196627,0,410.293559023,0.21563822031
UBFC_A1/Eval_On_COHFACE,COHFACE,old,COHFACE_s37_session0_lamp,46,58.0,60.0,correct,58.0,1.0,57.0,0.9862622242519512,59.0,0.9119618203303551,60.0,0.9999999999999997,61.0,0.9523946926413985,59.0,0.9473336333689946,37_0,37,0,lamp,125.242729187,47.9289245605,0.198636196627,0,410.293559023,0.21563822031
UBFC_A1/Eval_On_COHFACE,COHFACE,old,COHFACE_s37_session0_lamp,47,58.0,44.0,large_error,58.0,1.0,57.0,0.9760984772442541,59.0,0.9238055442785031,44.0,0.9999999999999998,45.0,0.9604582671490188,43.0,0.9558883927354824,37_0,37,0,lamp,125.242729187,47.9289245605,0.198636196627,0,410.293559023,0.21563822031
UBFC_A1/Eval_On_COHFACE,COHFACE,old,COHFACE_s37_session0_lamp,48,59.0,42.0,large_error,59.0,0.9999999999999999,60.0,0.958703631258029,58.0,0.9485452236941982,42.0,0.9999999999999997,41.0,0.9993085482516965,43.0,0.9402052286364734,37_0,37,0,lamp,125.242729187,47.9289245605,0.198636196627,0,410.293559023,0.21563822031
UBFC_A1/Eval_On_COHFACE,COHFACE,old,COHFACE_s37_session0_lamp,49,61.0,64.0,correct,61.0,0.9999999999999999,61.99999999999999,0.9853136853169673,60.0,0.9306940872193646,64.0,0.9999999999999998,63.0,0.9427682224591071,65.0,0.9399756810686731,37_0,37,0,lamp,125.242729187,47.9289245605,0.198636196627,0,410.293559023,0.21563822031
UBFC_A1/Eval_On_COHFACE,COHFACE,old,COHFACE_s37_session0_lamp,50,64.0,66.0,correct,64.0,0.9999999999999998,65.0,0.9708417253511405,63.0,0.948147646473435,66.0,0.9999999999999998,67.0,0.9810785686921218,65.0,0.8654705733572557,37_0,37,0,lamp,125.242729187,47.9289245605,0.198636196627,0,410.293559023,0.21563822031
UBFC_A1/Eval_On_COHFACE,COHFACE,old,COHFACE_s37_session1_lamp,0,70.0,68.0,correct,70.0,1.0,71.0,0.9923748779280421,69.0,0.8925299935877016,68.0,0.9999999999999998,67.0,0.9904396895661506,69.0,0.8979599331713609,37_1,37,1,lamp,125.43535614,47.9479064941,0.242206837871,0,360.927099609,0.22154802084
UBFC_A1/Eval_On_COHFACE,COHFACE,old,COHFACE_s37_session1_lamp,1,70.0,69.0,correct,70.0,1.0,69.0,0.9639502916856162,71.0,0.91368012410901,69.0,0.9999999999999997,70.0,0.9522607007643593,68.0,0.9474505088392233,37_1,37,1,lamp,125.43535614,47.9479064941,0.242206837871,0,360.927099609,0.22154802084
UBFC_A1/Eval_On_COHFACE,COHFACE,old,COHFACE_s37_session1_lamp,2,69.0,72.0,correct,69.0,1.0,70.0,0.9994862346796508,68.0,0.8885453395660006,72.0,0.9999999999999999,73.0,0.9716791045527502,71.0,0.9681641701853724,37_1,37,1,lamp,125.43535614,47.9479064941,0.242206837871,0,360.927099609,0.22154802084
UBFC_A1/Eval_On_COHFACE,COHFACE,old,COHFACE_s37_session1_lamp,3,68.0,69.0,correct,68.0,1.0,69.0,0.947615455086236,67.0,0.9372473707942626,69.0,0.9999999999999998,70.0,0.9609446124831592,68.0,0.9201792004014494,37_1,37,1,lamp,125.43535614,47.9479064941,0.242206837871,0,360.927099609,0.22154802084
UBFC_A1/Eval_On_COHFACE,COHFACE,old,COHFACE_s37_session1_lamp,4,67.0,69.0,correct,67.0,0.9999999999999999,66.0,0.9872275261317874,68.0,0.9307906476377945,69.0,0.9999999999999999,68.0,0.990479372844578,70.0,0.887837656967217,37_1,37,1,lamp,125.43535614,47.9479064941,0.242206837871,0,360.927099609,0.22154802084
UBFC_A1/Eval_On_COHFACE,COHFACE,old,COHFACE_s37_session1_lamp,5,54.0,41.0,large_error,54.0,0.9999999999999999,55.0,0.9913105495584059,72.0,0.9209386690859599,41.0,0.9999999999999998,42.0,0.9753871169698186,81.0,0.9426859567694894,37_1,37,1,lamp,125.43535614,47.9479064941,0.242206837871,0,360.927099609,0.22154802084
UBFC_A1/Eval_On_COHFACE,COHFACE,old,COHFACE_s37_session1_lamp,6,53.0,40.0,large_error,53.0,0.9999999999999999,54.0,0.9760110460600019,52.0,0.9689046332120883,40.0,0.9999999999999997,41.0,0.9626074596058828,82.0,0.9584547288570215,37_1,37,1,lamp,125.43535614,47.9479064941,0.242206837871,0,360.927099609,0.22154802084
UBFC_A1/Eval_On_COHFACE,COHFACE,old,COHFACE_s37_session1_lamp,7,58.0,83.0,super_harmonic_1p5x,58.0,0.9999999999999999,57.0,0.9812022927521392,59.0,0.9296568240205705,83.0,0.9999999999999994,82.0,0.9756747239790715,40.0,0.9657591611576544,37_1,37,1,lamp,125.43535614,47.9479064941,0.242206837871,0,360.927099609,0.22154802084
UBFC_A1/Eval_On_COHFACE,COHFACE,old,COHFACE_s37_session1_lamp,8,57.0,57.0,correct,57.0,1.0,56.0,0.9943629960159689,58.0,0.9072420580093478,57.0,0.9999999999999997,58.0,0.9783625248899249,56.0,0.9206894286858239,37_1,37,1,lamp,125.43535614,47.9479064941,0.242206837871,0,360.927099609,0.22154802084
UBFC_A1/Eval_On_COHFACE,COHFACE,old,COHFACE_s37_session1_lamp,9,57.0,81.0,super_harmonic_1p5x,57.0,1.0,56.0,0.9606825615249571,58.0,0.9371204932619008,81.0,0.9999999999999997,82.0,0.9733524671406348,40.0,0.9391264439775807,37_1,37,1,lamp,125.43535614,47.9479064941,0.242206837871,0,360.927099609,0.22154802084
UBFC_A1/Eval_On_COHFACE,COHFACE,old,COHFACE_s37_session1_lamp,10,59.0,80.0,super_harmonic_1p5x,59.0,0.9999999999999999,58.0,0.9960393109681399,60.0,0.9019207168921395,80.0,0.9999999999999998,81.0,0.9981864704333941,79.0,0.8594581759785439,37_1,37,1,lamp,125.43535614,47.9479064941,0.242206837871,0,360.927099609,0.22154802084
UBFC_A1/Eval_On_COHFACE,COHFACE,old,COHFACE_s37_session1_lamp,11,61.0,61.0,correct,61.0,0.9999999999999999,60.0,0.9590749520682159,61.99999999999999,0.9379998819026547,61.0,0.9999999999999999,60.0,0.9765354403627121,61.99999999999999,0.8874981941722193,37_1,37,1,lamp,125.43535614,47.9479064941,0.242206837871,0,360.927099609,0.22154802084
UBFC_A1/Eval_On_COHFACE,COHFACE,old,COHFACE_s37_session1_lamp,12,63.0,40.0,large_error,63.0,0.9999999999999999,61.99999999999999,0.9623117233450644,64.0,0.937455349813343,40.0,0.9999999999999996,41.0,0.9386503641805247,80.0,0.8942610563935902,37_1,37,1,lamp,125.43535614,47.9479064941,0.242206837871,0,360.927099609,0.22154802084
UBFC_A1/Eval_On_COHFACE,COHFACE,old,COHFACE_s37_session1_lamp,13,65.0,75.0,large_error,65.0,0.9999999999999999,66.0,0.9510456842491846,64.0,0.9483540561556711,75.0,0.9999999999999997,76.0,0.980022472421854,74.0,0.9459451652195047,37_1,37,1,lamp,125.43535614,47.9479064941,0.242206837871,0,360.927099609,0.22154802084
UBFC_A1/Eval_On_COHFACE,COHFACE,old,COHFACE_s37_session1_lamp,14,67.0,76.0,large_error,67.0,0.9999999999999998,68.0,0.98260855773462,66.0,0.9241709680844629,76.0,0.9999999999999999,75.0,0.948577550204026,77.0,0.9382039341335426,37_1,37,1,lamp,125.43535614,47.9479064941,0.242206837871,0,360.927099609,0.22154802084
UBFC_A1/Eval_On_COHFACE,COHFACE,old,COHFACE_s37_session1_lamp,15,70.0,77.0,large_error,70.0,0.9999999999999999,69.0,0.9498874009353612,71.0,0.9399838901916084,77.0,0.9999999999999998,76.0,0.9733596486146813,78.0,0.9154273138026299,37_1,37,1,lamp,125.43535614,47.9479064941,0.242206837871,0,360.927099609,0.22154802084
UBFC_A1/Eval_On_COHFACE,COHFACE,old,COHFACE_s37_session1_lamp,16,71.0,75.0,large_error,71.0,0.9999999999999999,70.0,0.9891002659761361,72.0,0.8956263819035633,75.0,0.9999999999999998,76.0,0.9759759196728758,74.0,0.9238498420766497,37_1,37,1,lamp,125.43535614,47.9479064941,0.242206837871,0,360.927099609,0.22154802084
UBFC_A1/Eval_On_COHFACE,COHFACE,old,COHFACE_s37_session1_lamp,17,70.0,75.0,large_error,70.0,0.9999999999999998,71.0,0.9851972898570837,69.0,0.9261217722607523,75.0,0.9999999999999999,76.0,0.9874446531215366,74.0,0.9251975271587379,37_1,37,1,lamp,125.43535614,47.9479064941,0.242206837871,0,360.927099609,0.22154802084
UBFC_A1/Eval_On_COHFACE,COHFACE,old,COHFACE_s37_session1_lamp,18,73.0,104.0,super_harmonic_1p5x,73.0,0.9999999999999999,74.0,0.9999072292834238,72.0,0.9632516929838102,104.0,0.9999999999999996,105.0,0.969937025566251,79.0,0.9664500252130235,37_1,37,1,lamp,125.43535614,47.9479064941,0.242206837871,0,360.927099609,0.22154802084
UBFC_A1/Eval_On_COHFACE,COHFACE,old,COHFACE_s37_session1_lamp,19,55.0,80.0,super_harmonic_1p5x,55.0,0.9999999999999998,54.0,0.9804948978261963,56.0,0.9340228125519998,80.0,0.9999999999999998,79.0,0.9965446075973444,81.0,0.9461545458911071,37_1,37,1,lamp,125.43535614,47.9479064941,0.242206837871,0,360.927099609,0.22154802084
UBFC_A1/Eval_On_COHFACE,COHFACE,old,COHFACE_s37_session1_lamp,20,54.0,61.0,large_error,54.0,0.9999999999999999,53.0,0.9774976438142796,55.0,0.960096445378972,61.0,0.9999999999999998,61.99999999999999,0.9417864657940237,60.0,0.9202957338992649,37_1,37,1,lamp,125.43535614,47.9479064941,0.242206837871,0,360.927099609,0.22154802084
UBFC_A1/Eval_On_COHFACE,COHFACE,old,COHFACE_s37_session1_lamp,21,57.0,49.0,large_error,57.0,1.0,56.0,0.96709779894275,58.0,0.9552243290264623,49.0,0.9999999999999996,50.0,0.942193007140154,48.0,0.8935037726747302,37_1,37,1,lamp,125.43535614,47.9479064941,0.242206837871,0,360.927099609,0.22154802084
UBFC_A1/Eval_On_COHFACE,COHFACE,old,COHFACE_s37_session1_lamp,22,57.0,56.0,correct,57.0,1.0,56.0,0.9700395312459197,58.0,0.923372190756394,56.0,0.9999999999999998,57.0,0.9762780146192436,55.0,0.9201847151558588,37_1,37,1,lamp,125.43535614,47.9479064941,0.242206837871,0,360.927099609,0.22154802084
UBFC_A1/Eval_On_COHFACE,COHFACE,old,COHFACE_s37_session1_lamp,23,58.0,58.0,correct,58.0,0.9999999999999999,57.0,0.960004972386123,59.0,0.9524516157873887,58.0,0.9999999999999999,59.0,0.9958453594663528,57.0,0.8833860804759257,37_1,37,1,lamp,125.43535614,47.9479064941,0.242206837871,0,360.927099609,0.22154802084
UBFC_A1/Eval_On_COHFACE,COHFACE,old,COHFACE_s37_session1_lamp,24,61.0,58.0,correct,61.0,0.9999999999999999,60.0,0.9862100095945328,61.99999999999999,0.931038474382074,58.0,0.9999999999999998,57.0,0.9915477900149945,59.0,0.9876219733781657,37_1,37,1,lamp,125.43535614,47.9479064941,0.242206837871,0,360.927099609,0.22154802084
UBFC_A1/Eval_On_COHFACE,COHFACE,old,COHFACE_s37_session1_lamp,25,63.0,73.0,large_error,63.0,0.9999999999999999,64.0,0.9778980283694394,61.99999999999999,0.9469506164222914,73.0,0.9999999999999996,74.0,0.9714783640155884,54.0,0.9331722351761547,37_1,37,1,lamp,125.43535614,47.9479064941,0.242206837871,0,360.927099609,0.22154802084
UBFC_A1/Eval_On_COHFACE,COHFACE,old,COHFACE_s37_session1_lamp,26,66.0,76.0,large_error,66.0,0.9999999999999998,67.0,0.9963253277800207,65.0,0.9283942791425023,76.0,0.9999999999999998,75.0,0.9581917176418766,77.0,0.9298932981820247,37_1,37,1,lamp,125.43535614,47.9479064941,0.242206837871,0,360.927099609,0.22154802084
UBFC_A1/Eval_On_COHFACE,COHFACE,old,COHFACE_s37_session1_lamp,27,70.0,66.0,large_error,70.0,0.9999999999999998,69.0,0.9580163666908948,71.0,0.9522756236875481,66.0,0.9999999999999998,65.0,0.9599058243781905,67.0,0.9299031861932436,37_1,37,1,lamp,125.43535614,47.9479064941,0.242206837871,0,360.927099609,0.22154802084
UBFC_A1/Eval_On_COHFACE,COHFACE,old,COHFACE_s37_session1_lamp,28,72.0,65.0,large_error,72.0,0.9999999999999999,73.0,0.9764364902384342,71.0,0.9051107725059169,65.0,0.9999999999999997,66.0,0.933280735493282,64.0,0.932512441060643,37_1,37,1,lamp,125.43535614,47.9479064941,0.242206837871,0,360.927099609,0.22154802084
UBFC_A1/Eval_On_COHFACE,COHFACE,old,COHFACE_s37_session1_lamp,29,72.0,43.0,large_error,72.0,0.9999999999999999,73.0,0.9890776746960288,71.0,0.8890777996940006,43.0,0.9999999999999998,42.0,0.9759511554934788,44.0,0.8889584431400306,37_1,37,1,lamp,125.43535614,47.9479064941,0.242206837871,0,360.927099609,0.22154802084
UBFC_A1/Eval_On_COHFACE,COHFACE,old,COHFACE_s37_session1_lamp,30,71.0,41.0,sub_harmonic_half,71.0,0.9999999999999998,72.0,0.9845892487090907,70.0,0.917659302879078,41.0,0.9999999999999997,40.0,0.9693417595411687,42.0,0.9438244592266835,37_1,37,1,lamp,125.43535614,47.9479064941,0.242206837871,0,360.927099609,0.22154802084
UBFC_A1/Eval_On_COHFACE,COHFACE,old,COHFACE_s37_session1_lamp,31,59.0,40.0,large_error,59.0,0.9999999999999999,58.0,0.9581169551588051,60.0,0.9322573771765891,40.0,0.9999999999999997,41.0,0.927295496846187,42.0,0.7684706806332331,37_1,37,1,lamp,125.43535614,47.9479064941,0.242206837871,0,360.927099609,0.22154802084
UBFC_A1/Eval_On_COHFACE,COHFACE,old,COHFACE_s37_session1_lamp,32,57.0,42.0,large_error,57.0,0.9999999999999998,58.0,0.9839048333203592,56.0,0.9433005731645596,42.0,0.9999999999999998,43.0,0.9627920797779786,41.0,0.9108383490350744,37_1,37,1,lamp,125.43535614,47.9479064941,0.242206837871,0,360.927099609,0.22154802084
UBFC_A1/Eval_On_COHFACE,COHFACE,old,COHFACE_s37_session1_lamp,33,60.0,40.0,large_error,60.0,0.9999999999999999,61.0,0.9844885730227618,59.0,0.9808994369220978,40.0,0.9999999999999997,41.0,0.928839205984584,42.0,0.762706984529961,37_1,37,1,lamp,125.43535614,47.9479064941,0.242206837871,0,360.927099609,0.22154802084
UBFC_A1/Eval_On_COHFACE,COHFACE,old,COHFACE_s37_session1_lamp,34,60.0,40.0,large_error,60.0,1.0,59.0,0.9683804919719201,61.0,0.9259281517421847,40.0,0.9999999999999996,41.0,0.8902955042643573,58.0,0.8018536483055501,37_1,37,1,lamp,125.43535614,47.9479064941,0.242206837871,0,360.927099609,0.22154802084
UBFC_A1/Eval_On_COHFACE,COHFACE,old,COHFACE_s37_session1_lamp,35,60.0,61.0,correct,60.0,1.0,59.0,0.9839476489470586,61.0,0.9115808733686002,61.0,0.9999999999999999,60.0,0.9674150268662792,61.99999999999999,0.9244292598487578,37_1,37,1,lamp,125.43535614,47.9479064941,0.242206837871,0,360.927099609,0.22154802084
UBFC_A1/Eval_On_COHFACE,COHFACE,old,COHFACE_s37_session1_lamp,36,61.0,61.99999999999999,correct,61.0,1.0,60.0,0.9747851710383005,61.99999999999999,0.9333109398687348,61.99999999999999,0.9999999999999998,61.0,0.9909793744854694,63.0,0.9320990518273055,37_1,37,1,lamp,125.43535614,47.9479064941,0.242206837871,0,360.927099609,0.22154802084
UBFC_A1/Eval_On_COHFACE,COHFACE,old,COHFACE_s37_session1_lamp,37,63.0,61.99999999999999,correct,63.0,0.9999999999999999,64.0,0.9660987841285211,61.99999999999999,0.9471364902752402,61.99999999999999,0.9999999999999998,61.0,0.9731607272423018,63.0,0.935391861695362,37_1,37,1,lamp,125.43535614,47.9479064941,0.242206837871,0,360.927099609,0.22154802084
UBFC_A1/Eval_On_COHFACE,COHFACE,old,COHFACE_s37_session1_lamp,38,66.0,66.0,correct,66.0,0.9999999999999999,65.0,0.9994466510194295,64.0,0.9069666328590152,66.0,0.9999999999999998,65.0,0.9952969256590146,67.0,0.9325037521619336,37_1,37,1,lamp,125.43535614,47.9479064941,0.242206837871,0,360.927099609,0.22154802084
UBFC_A1/Eval_On_COHFACE,COHFACE,old,COHFACE_s37_session1_lamp,39,68.0,40.0,large_error,68.0,0.9999999999999998,69.0,0.9960622977146211,67.0,0.9197407619509193,40.0,0.9999999999999996,41.0,0.9779115817583268,61.99999999999999,0.8958019121912643,37_1,37,1,lamp,125.43535614,47.9479064941,0.242206837871,0,360.927099609,0.22154802084
UBFC_A1/Eval_On_COHFACE,COHFACE,old,COHFACE_s37_session1_lamp,40,71.0,60.0,large_error,71.0,0.9999999999999998,72.0,0.9623484799831417,70.0,0.9349325652578517,60.0,0.9999999999999993,59.0,0.9954597793041807,61.0,0.9752852065617801,37_1,37,1,lamp,125.43535614,47.9479064941,0.242206837871,0,360.927099609,0.22154802084
UBFC_A1/Eval_On_COHFACE,COHFACE,old,COHFACE_s37_session1_lamp,41,73.0,75.0,correct,73.0,0.9999999999999999,74.0,0.9505480587935454,72.0,0.9315775615309773,75.0,0.9999999999999998,74.0,0.9763530736531569,76.0,0.925215717405334,37_1,37,1,lamp,125.43535614,47.9479064941,0.242206837871,0,360.927099609,0.22154802084
UBFC_A1/Eval_On_COHFACE,COHFACE,old,COHFACE_s37_session1_lamp,42,73.0,75.0,correct,73.0,0.9999999999999999,72.0,0.9550863469731387,74.0,0.9332420105589355,75.0,0.9999999999999997,74.0,0.9534542335574965,76.0,0.9432343739499427,37_1,37,1,lamp,125.43535614,47.9479064941,0.242206837871,0,360.927099609,0.22154802084
UBFC_A1/Eval_On_COHFACE,COHFACE,old,COHFACE_s37_session1_lamp,43,72.0,53.0,large_error,72.0,0.9999999999999999,71.0,0.9926767196122546,73.0,0.9794503757409583,53.0,0.9999999999999998,52.0,0.9554391917893524,54.0,0.9240828766298013,37_1,37,1,lamp,125.43535614,47.9479064941,0.242206837871,0,360.927099609,0.22154802084
UBFC_A1/Eval_On_COHFACE,COHFACE,old,COHFACE_s37_session1_lamp,44,58.0,119.0,super_harmonic_2x,58.0,0.9999999999999999,59.0,0.9512932071116187,57.0,0.9421329112724502,119.0,0.9999999999999994,120.0,0.9511548890194105,85.0,0.909237378614726,37_1,37,1,lamp,125.43535614,47.9479064941,0.242206837871,0,360.927099609,0.22154802084
UBFC_A1/Eval_On_COHFACE,COHFACE,old,COHFACE_s37_session1_lamp,45,56.0,73.0,super_harmonic_1p5x,56.0,0.9999999999999998,57.0,0.9948410956936138,55.0,0.9342711439008613,73.0,0.9999999999999994,72.0,0.9870417709657767,74.0,0.8481059105945064,37_1,37,1,lamp,125.43535614,47.9479064941,0.242206837871,0,360.927099609,0.22154802084
UBFC_A1/Eval_On_COHFACE,COHFACE,old,COHFACE_s37_session1_lamp,46,59.0,54.0,large_error,59.0,0.9999999999999999,58.0,0.9922119020337674,60.0,0.960466764913813,54.0,0.9999999999999993,53.0,0.952257108083916,55.0,0.9183024707360491,37_1,37,1,lamp,125.43535614,47.9479064941,0.242206837871,0,360.927099609,0.22154802084
UBFC_A1/Eval_On_COHFACE,COHFACE,old,COHFACE_s37_session1_lamp,47,58.0,54.0,large_error,58.0,1.0,59.0,0.951311034848162,57.0,0.9512795387142132,54.0,0.9999999999999997,55.0,0.9462177484419185,53.0,0.9429867069882577,37_1,37,1,lamp,125.43535614,47.9479064941,0.242206837871,0,360.927099609,0.22154802084
UBFC_A1/Eval_On_COHFACE,COHFACE,old,COHFACE_s37_session1_lamp,48,58.0,65.0,large_error,58.0,1.0,59.0,0.9632473172873872,57.0,0.9355838663744854,65.0,0.9999999999999996,56.0,0.9736338266598298,66.0,0.9623463779798578,37_1,37,1,lamp,125.43535614,47.9479064941,0.242206837871,0,360.927099609,0.22154802084
UBFC_A1/Eval_On_COHFACE,COHFACE,old,COHFACE_s37_session1_lamp,49,60.0,60.0,correct,60.0,1.0,59.0,0.9926468119511486,61.0,0.9179678288198694,60.0,0.9999999999999997,61.0,0.9955511374743254,59.0,0.9548012117550315,37_1,37,1,lamp,125.43535614,47.9479064941,0.242206837871,0,360.927099609,0.22154802084
UBFC_A1/Eval_On_COHFACE,COHFACE,old,COHFACE_s37_session1_lamp,50,61.99999999999999,66.0,large_error,61.99999999999999,0.9999999999999999,63.0,0.9719043552501365,61.0,0.9404286953349453,66.0,0.9999999999999998,67.0,0.9514430379219864,65.0,0.9315310344941354,37_1,37,1,lamp,125.43535614,47.9479064941,0.242206837871,0,360.927099609,0.22154802084
UBFC_A1/Eval_On_COHFACE,COHFACE,old,COHFACE_s37_session2_natural,0,58.0,83.0,super_harmonic_1p5x,58.0,0.9999999999999999,59.0,0.9714162083117183,57.0,0.9161592853945439,83.0,0.9999999999999998,82.0,0.9866438438261892,84.0,0.9196454613448075,37_2,37,2,natural,116.942550659,62.9372749329,4.29610954259,0,397.411157738,0.226331934333
UBFC_A1/Eval_On_COHFACE,COHFACE,old,COHFACE_s37_session2_natural,1,57.0,82.0,super_harmonic_1p5x,57.0,0.9999999999999999,56.0,0.9750690242899573,58.0,0.9352481987818796,82.0,0.9999999999999994,83.0,0.9618789601478054,81.0,0.8588184005698427,37_2,37,2,natural,116.942550659,62.9372749329,4.29610954259,0,397.411157738,0.226331934333
UBFC_A1/Eval_On_COHFACE,COHFACE,old,COHFACE_s37_session2_natural,2,56.0,104.0,super_harmonic_2x,56.0,0.9999999999999999,55.0,0.9832709183826198,57.0,0.9703479596437664,104.0,0.9999999999999982,105.0,0.9648127064841394,103.0,0.9061657282900538,37_2,37,2,natural,116.942550659,62.9372749329,4.29610954259,0,397.411157738,0.226331934333
UBFC_A1/Eval_On_COHFACE,COHFACE,old,COHFACE_s37_session2_natural,3,58.0,47.0,large_error,58.0,1.0,57.0,0.9990131015355272,56.0,0.9270928979236995,47.0,0.9999999999999996,46.0,0.943654647104237,48.0,0.9130114640203995,37_2,37,2,natural,116.942550659,62.9372749329,4.29610954259,0,397.411157738,0.226331934333
UBFC_A1/Eval_On_COHFACE,COHFACE,old,COHFACE_s37_session2_natural,4,57.0,45.0,large_error,57.0,1.0,58.0,0.9517850852788445,56.0,0.9484086310113052,45.0,0.9999999999999996,46.0,0.9736013432779554,44.0,0.9188951187986123,37_2,37,2,natural,116.942550659,62.9372749329,4.29610954259,0,397.411157738,0.226331934333
UBFC_A1/Eval_On_COHFACE,COHFACE,old,COHFACE_s37_session2_natural,5,58.0,44.0,large_error,58.0,1.0,57.0,0.9688868083244668,59.0,0.9317373175549517,44.0,0.9999999999999996,45.0,0.9730820203465218,43.0,0.9626384510530753,37_2,37,2,natural,116.942550659,62.9372749329,4.29610954259,0,397.411157738,0.226331934333
UBFC_A1/Eval_On_COHFACE,COHFACE,old,COHFACE_s37_session2_natural,6,60.0,78.0,super_harmonic_1p5x,60.0,1.0,59.0,0.9977854917094192,58.0,0.9146967405973022,78.0,0.9999999999999997,77.0,0.9901589723110517,79.0,0.9305284461364818,37_2,37,2,natural,116.942550659,62.9372749329,4.29610954259,0,397.411157738,0.226331934333
UBFC_A1/Eval_On_COHFACE,COHFACE,old,COHFACE_s37_session2_natural,7,61.99999999999999,45.0,large_error,61.99999999999999,0.9999999999999999,63.0,0.9738720137003131,61.0,0.9578145415394119,45.0,0.9999999999999998,46.0,0.9783553880162501,44.0,0.9415728834885335,37_2,37,2,natural,116.942550659,62.9372749329,4.29610954259,0,397.411157738,0.226331934333
UBFC_A1/Eval_On_COHFACE,COHFACE,old,COHFACE_s37_session2_natural,8,61.0,44.0,large_error,61.0,0.9999999999999999,60.0,0.999389187128059,61.99999999999999,0.9777933683889997,44.0,0.9999999999999998,45.0,0.9846277817416985,43.0,0.8980833613155572,37_2,37,2,natural,116.942550659,62.9372749329,4.29610954259,0,397.411157738,0.226331934333
UBFC_A1/Eval_On_COHFACE,COHFACE,old,COHFACE_s37_session2_natural,9,70.0,83.0,large_error,70.0,0.9999999999999999,71.0,0.9632750036553143,69.0,0.9396408081355936,83.0,0.9999999999999999,84.0,0.9513306171759165,82.0,0.9202541521887476,37_2,37,2,natural,116.942550659,62.9372749329,4.29610954259,0,397.411157738,0.226331934333
UBFC_A1/Eval_On_COHFACE,COHFACE,old,COHFACE_s37_session2_natural,10,72.0,67.0,large_error,72.0,0.9999999999999998,73.0,0.9901604655817206,71.0,0.8916852332136291,67.0,0.9999999999999998,66.0,0.986596318116541,68.0,0.9736678912287772,37_2,37,2,natural,116.942550659,62.9372749329,4.29610954259,0,397.411157738,0.226331934333
UBFC_A1/Eval_On_COHFACE,COHFACE,old,COHFACE_s37_session2_natural,11,73.0,68.0,large_error,73.0,0.9999999999999999,72.0,0.9983405042331834,74.0,0.8985690205424639,68.0,0.9999999999999999,67.0,0.9693637199699585,69.0,0.9594502820792749,37_2,37,2,natural,116.942550659,62.9372749329,4.29610954259,0,397.411157738,0.226331934333
UBFC_A1/Eval_On_COHFACE,COHFACE,old,COHFACE_s37_session2_natural,12,60.0,87.0,super_harmonic_1p5x,60.0,0.9999999999999999,61.0,0.9571786552914167,77.0,0.9143136906578299,87.0,0.9999999999999997,88.0,0.9687119867966849,86.0,0.9150902079432593,37_2,37,2,natural,116.942550659,62.9372749329,4.29610954259,0,397.411157738,0.226331934333
UBFC_A1/Eval_On_COHFACE,COHFACE,old,COHFACE_s37_session2_natural,13,58.0,82.0,super_harmonic_1p5x,58.0,0.9999999999999998,57.0,0.9587824129436124,59.0,0.9484690436821445,82.0,0.9999999999999998,81.0,0.9854781295391633,83.0,0.9266678888685602,37_2,37,2,natural,116.942550659,62.9372749329,4.29610954259,0,397.411157738,0.226331934333
UBFC_A1/Eval_On_COHFACE,COHFACE,old,COHFACE_s37_session2_natural,14,56.0,83.0,super_harmonic_1p5x,56.0,0.9999999999999999,55.0,0.9744455243788598,57.0,0.9518464596728017,83.0,0.9999999999999998,82.0,0.978160555092017,84.0,0.9457245973647376,37_2,37,2,natural,116.942550659,62.9372749329,4.29610954259,0,397.411157738,0.226331934333
UBFC_A1/Eval_On_COHFACE,COHFACE,old,COHFACE_s37_session2_natural,15,57.0,45.0,large_error,57.0,0.9999999999999999,58.0,0.9863755299341161,56.0,0.9827608496610056,45.0,0.9999999999999998,46.0,0.9655145677145036,44.0,0.9233171459499586,37_2,37,2,natural,116.942550659,62.9372749329,4.29610954259,0,397.411157738,0.226331934333
UBFC_A1/Eval_On_COHFACE,COHFACE,old,COHFACE_s37_session2_natural,16,57.0,47.0,large_error,57.0,1.0,58.0,0.9669254857301508,56.0,0.9405163883064018,47.0,0.9999999999999994,48.0,0.9559789402134069,46.0,0.9107624936479808,37_2,37,2,natural,116.942550659,62.9372749329,4.29610954259,0,397.411157738,0.226331934333
UBFC_A1/Eval_On_COHFACE,COHFACE,old,COHFACE_s37_session2_natural,17,57.0,47.0,large_error,57.0,1.0,58.0,0.9776587383978848,56.0,0.9231046477134524,47.0,0.9999999999999994,48.0,0.9513284659169463,46.0,0.9460313214442574,37_2,37,2,natural,116.942550659,62.9372749329,4.29610954259,0,397.411157738,0.226331934333
UBFC_A1/Eval_On_COHFACE,COHFACE,old,COHFACE_s37_session2_natural,18,59.0,81.0,super_harmonic_1p5x,59.0,1.0,58.0,0.9986431525010494,57.0,0.9125015582030183,81.0,0.9999999999999997,82.0,0.9787511200208416,80.0,0.9363361707403535,37_2,37,2,natural,116.942550659,62.9372749329,4.29610954259,0,397.411157738,0.226331934333
UBFC_A1/Eval_On_COHFACE,COHFACE,old,COHFACE_s37_session2_natural,19,61.0,80.0,super_harmonic_1p5x,61.0,0.9999999999999999,60.0,0.9721655794448886,61.99999999999999,0.9496515911920115,80.0,0.9999999999999997,81.0,0.9719827335920554,79.0,0.9646073160409467,37_2,37,2,natural,116.942550659,62.9372749329,4.29610954259,0,397.411157738,0.226331934333
UBFC_A1/Eval_On_COHFACE,COHFACE,old,COHFACE_s37_session2_natural,20,64.0,83.0,super_harmonic_1p5x,64.0,0.9999999999999999,65.0,0.9638139654684552,63.0,0.949772170878582,83.0,0.9999999999999994,84.0,0.9678773045182101,82.0,0.9585905565361607,37_2,37,2,natural,116.942550659,62.9372749329,4.29610954259,0,397.411157738,0.226331934333
UBFC_A1/Eval_On_COHFACE,COHFACE,old,COHFACE_s37_session2_natural,21,67.0,84.0,super_harmonic_1p5x,67.0,0.9999999999999999,68.0,0.9568255492624252,66.0,0.9550753728781697,84.0,0.9999999999999998,85.0,0.9917415974437769,83.0,0.9540340354123574,37_2,37,2,natural,116.942550659,62.9372749329,4.29610954259,0,397.411157738,0.226331934333
UBFC_A1/Eval_On_COHFACE,COHFACE,old,COHFACE_s37_session2_natural,22,70.0,83.0,large_error,70.0,0.9999999999999999,69.0,0.9636900557251846,71.0,0.932641823908096,83.0,0.9999999999999998,84.0,0.9596182636401286,82.0,0.945842999017597,37_2,37,2,natural,116.942550659,62.9372749329,4.29610954259,0,397.411157738,0.226331934333
UBFC_A1/Eval_On_COHFACE,COHFACE,old,COHFACE_s37_session2_natural,23,72.0,83.0,large_error,72.0,0.9999999999999999,73.0,0.9568189650039963,71.0,0.9304450372291726,83.0,0.9999999999999997,84.0,0.9478155993153364,82.0,0.9368983023776061,37_2,37,2,natural,116.942550659,62.9372749329,4.29610954259,0,397.411157738,0.226331934333
UBFC_A1/Eval_On_COHFACE,COHFACE,old,COHFACE_s37_session2_natural,24,73.0,81.0,large_error,73.0,0.9999999999999999,74.0,0.971365717664617,72.0,0.9078157292909423,81.0,0.9999999999999999,82.0,0.978549457655238,80.0,0.9168554051930929,37_2,37,2,natural,116.942550659,62.9372749329,4.29610954259,0,397.411157738,0.226331934333
UBFC_A1/Eval_On_COHFACE,COHFACE,old,COHFACE_s37_session2_natural,25,73.0,82.0,large_error,73.0,0.9999999999999999,72.0,0.9652003722015658,74.0,0.9212722380954876,82.0,0.9999999999999998,83.0,0.9647686993932101,81.0,0.9333066182780898,37_2,37,2,natural,116.942550659,62.9372749329,4.29610954259,0,397.411157738,0.226331934333
UBFC_A1/Eval_On_COHFACE,COHFACE,old,COHFACE_s37_session2_natural,26,71.0,59.0,large_error,71.0,0.9999999999999998,72.0,0.9492236998442215,70.0,0.9411483886150693,59.0,0.9999999999999997,120.0,0.9959677655910929,58.0,0.9826722473239397,37_2,37,2,natural,116.942550659,62.9372749329,4.29610954259,0,397.411157738,0.226331934333
UBFC_A1/Eval_On_COHFACE,COHFACE,old,COHFACE_s37_session2_natural,27,68.0,40.0,large_error,68.0,0.9999999999999999,69.0,0.9612795052274998,67.0,0.9555357961987574,40.0,0.9999999999999998,80.0,0.7772802475454711,41.0,0.7281774368339052,37_2,37,2,natural,116.942550659,62.9372749329,4.29610954259,0,397.411157738,0.226331934333
UBFC_A1/Eval_On_COHFACE,COHFACE,old,COHFACE_s37_session2_natural,28,64.0,54.0,large_error,64.0,0.9999999999999998,63.0,0.9752070072289591,65.0,0.9622768726069719,54.0,0.9999999999999997,55.0,0.9562487971580976,53.0,0.906571923390435,37_2,37,2,natural,116.942550659,62.9372749329,4.29610954259,0,397.411157738,0.226331934333
UBFC_A1/Eval_On_COHFACE,COHFACE,old,COHFACE_s37_session2_natural,29,61.0,67.0,large_error,61.0,0.9999999999999999,61.99999999999999,0.9896754929776735,60.0,0.9401137448703847,67.0,0.9999999999999998,68.0,0.9205409085082948,66.0,0.88693992424026,37_2,37,2,natural,116.942550659,62.9372749329,4.29610954259,0,397.411157738,0.226331934333
UBFC_A1/Eval_On_COHFACE,COHFACE,old,COHFACE_s37_session2_natural,30,60.0,40.0,large_error,60.0,1.0,61.0,0.9731180541097099,59.0,0.9294569524082301,40.0,0.9999999999999997,41.0,0.856486758464115,42.0,0.6529573644293771,37_2,37,2,natural,116.942550659,62.9372749329,4.29610954259,0,397.411157738,0.226331934333
UBFC_A1/Eval_On_COHFACE,COHFACE,old,COHFACE_s37_session2_natural,31,60.0,45.0,large_error,60.0,1.0,61.0,0.9532597990695165,59.0,0.9407333770000633,45.0,0.9999999999999999,46.0,0.9500094493434286,44.0,0.9209706154018572,37_2,37,2,natural,116.942550659,62.9372749329,4.29610954259,0,397.411157738,0.226331934333
UBFC_A1/Eval_On_COHFACE,COHFACE,old,COHFACE_s37_session2_natural,32,61.0,44.0,large_error,61.0,1.0,60.0,0.9654535184947863,61.99999999999999,0.9313927491104285,44.0,0.9999999999999999,45.0,0.9717788339903254,43.0,0.9128776827065163,37_2,37,2,natural,116.942550659,62.9372749329,4.29610954259,0,397.411157738,0.226331934333
UBFC_A1/Eval_On_COHFACE,COHFACE,old,COHFACE_s37_session2_natural,33,63.0,79.0,super_harmonic_1p5x,63.0,0.9999999999999999,61.99999999999999,0.9831918988696292,64.0,0.9378882296381302,79.0,0.9999999999999996,80.0,0.9484747547596573,40.0,0.9427784666869752,37_2,37,2,natural,116.942550659,62.9372749329,4.29610954259,0,397.411157738,0.226331934333
UBFC_A1/Eval_On_COHFACE,COHFACE,old,COHFACE_s37_session2_natural,34,65.0,81.0,large_error,65.0,0.9999999999999998,64.0,0.9805523783216773,66.0,0.9729754134462799,81.0,0.9999999999999998,80.0,0.9795732978933264,82.0,0.9313420869673215,37_2,37,2,natural,116.942550659,62.9372749329,4.29610954259,0,397.411157738,0.226331934333
UBFC_A1/Eval_On_COHFACE,COHFACE,old,COHFACE_s37_session2_natural,35,63.0,81.0,super_harmonic_1p5x,63.0,0.9999999999999999,64.0,0.9814803172036449,61.99999999999999,0.9584690389131713,81.0,0.9999999999999999,82.0,0.9776396770203764,80.0,0.947217853812685,37_2,37,2,natural,116.942550659,62.9372749329,4.29610954259,0,397.411157738,0.226331934333
UBFC_A1/Eval_On_COHFACE,COHFACE,old,COHFACE_s37_session2_natural,36,65.0,80.0,large_error,65.0,0.9999999999999999,64.0,0.9511136196163525,74.0,0.9184555012041916,80.0,0.9999999999999999,79.0,0.9757353393830845,81.0,0.9310696883778726,37_2,37,2,natural,116.942550659,62.9372749329,4.29610954259,0,397.411157738,0.226331934333
UBFC_A1/Eval_On_COHFACE,COHFACE,old,COHFACE_s37_session2_natural,37,75.0,82.0,large_error,75.0,0.9999999999999998,74.0,0.9818376589367568,76.0,0.9028722213618389,82.0,0.9999999999999999,83.0,0.9774708355085769,81.0,0.9372210341641637,37_2,37,2,natural,116.942550659,62.9372749329,4.29610954259,0,397.411157738,0.226331934333
UBFC_A1/Eval_On_COHFACE,COHFACE,old,COHFACE_s37_session2_natural,38,77.0,84.0,large_error,77.0,0.9999999999999999,76.0,0.9816863878788308,78.0,0.974176373869413,84.0,0.9999999999999997,83.0,0.955025590246195,85.0,0.9435357129783422,37_2,37,2,natural,116.942550659,62.9372749329,4.29610954259,0,397.411157738,0.226331934333
UBFC_A1/Eval_On_COHFACE,COHFACE,old,COHFACE_s37_session2_natural,39,52.0,70.0,super_harmonic_1p5x,52.0,0.9999999999999998,79.0,0.9962730266513584,78.0,0.9934309077025629,70.0,0.9999999999999997,69.0,0.9876511584672937,40.0,0.895894747545245,37_2,37,2,natural,116.942550659,62.9372749329,4.29610954259,0,397.411157738,0.226331934333
UBFC_A1/Eval_On_COHFACE,COHFACE,old,COHFACE_s37_session2_natural,40,57.0,82.0,super_harmonic_1p5x,57.0,0.9999999999999999,58.0,0.9597763511050265,56.0,0.9591723050253586,82.0,0.9999999999999997,83.0,0.9975960988604933,84.0,0.9070123441520228,37_2,37,2,natural,116.942550659,62.9372749329,4.29610954259,0,397.411157738,0.226331934333
UBFC_A1/Eval_On_COHFACE,COHFACE,old,COHFACE_s37_session2_natural,41,55.0,66.0,large_error,55.0,0.9999999999999999,54.0,0.986173328490365,56.0,0.9497165162179516,66.0,0.9999999999999997,65.0,0.9593994200524365,67.0,0.9232244469560026,37_2,37,2,natural,116.942550659,62.9372749329,4.29610954259,0,397.411157738,0.226331934333
UBFC_A1/Eval_On_COHFACE,COHFACE,old,COHFACE_s37_session2_natural,42,57.0,55.0,correct,57.0,0.9999999999999999,56.0,0.9879726801088753,58.0,0.9466774726091972,55.0,0.9999999999999997,56.0,0.934181706591489,54.0,0.8962424577596293,37_2,37,2,natural,116.942550659,62.9372749329,4.29610954259,0,397.411157738,0.226331934333
UBFC_A1/Eval_On_COHFACE,COHFACE,old,COHFACE_s37_session2_natural,43,57.0,66.0,large_error,57.0,1.0,56.0,0.9527840035775149,58.0,0.9464446902273849,66.0,0.9999999999999996,67.0,0.9992430221508415,68.0,0.9018996768233778,37_2,37,2,natural,116.942550659,62.9372749329,4.29610954259,0,397.411157738,0.226331934333
UBFC_A1/Eval_On_COHFACE,COHFACE,old,COHFACE_s37_session2_natural,44,59.0,52.0,large_error,59.0,0.9999999999999999,58.0,0.9934835922827465,60.0,0.9304265987269342,52.0,0.9999999999999999,51.0,0.9641277701962151,53.0,0.9388588098325761,37_2,37,2,natural,116.942550659,62.9372749329,4.29610954259,0,397.411157738,0.226331934333
UBFC_A1/Eval_On_COHFACE,COHFACE,old,COHFACE_s37_session2_natural,45,61.0,52.0,large_error,61.0,0.9999999999999998,60.0,0.9797407186034626,61.99999999999999,0.9728391249942999,52.0,0.9999999999999997,51.0,0.9708729946327215,53.0,0.9346112780284693,37_2,37,2,natural,116.942550659,62.9372749329,4.29610954259,0,397.411157738,0.226331934333
UBFC_A1/Eval_On_COHFACE,COHFACE,old,COHFACE_s37_session2_natural,46,58.0,47.0,large_error,58.0,0.9999999999999999,59.0,0.9893710465633491,57.0,0.9318914073001947,47.0,0.9999999999999997,48.0,0.9718769733574532,46.0,0.9640936130968003,37_2,37,2,natural,116.942550659,62.9372749329,4.29610954259,0,397.411157738,0.226331934333
UBFC_A1/Eval_On_COHFACE,COHFACE,old,COHFACE_s37_session2_natural,47,63.0,46.0,large_error,63.0,0.9999999999999999,61.99999999999999,0.9699333980352468,64.0,0.9427662740031387,46.0,0.9999999999999998,47.0,0.9653567334015799,45.0,0.9338400537280056,37_2,37,2,natural,116.942550659,62.9372749329,4.29610954259,0,397.411157738,0.226331934333
UBFC_A1/Eval_On_COHFACE,COHFACE,old,COHFACE_s37_session2_natural,48,75.0,73.0,correct,75.0,0.9999999999999999,74.0,0.9997183539403737,76.0,0.9248171865731986,73.0,0.9999999999999992,74.0,0.9920075494760233,72.0,0.8449408362276958,37_2,37,2,natural,116.942550659,62.9372749329,4.29610954259,0,397.411157738,0.226331934333
UBFC_A1/Eval_On_COHFACE,COHFACE,old,COHFACE_s37_session2_natural,49,74.0,77.0,correct,74.0,0.9999999999999998,75.0,0.974453948246937,73.0,0.9047088566122901,77.0,0.9999999999999998,76.0,0.97183756875728,78.0,0.8834205184712838,37_2,37,2,natural,116.942550659,62.9372749329,4.29610954259,0,397.411157738,0.226331934333
UBFC_A1/Eval_On_COHFACE,COHFACE,old,COHFACE_s37_session2_natural,50,61.99999999999999,51.0,large_error,61.99999999999999,0.9999999999999999,80.0,0.9446710817241817,63.0,0.9400898772610381,51.0,0.9999999999999998,52.0,0.9926397746451395,50.0,0.8721273523449334,37_2,37,2,natural,116.942550659,62.9372749329,4.29610954259,0,397.411157738,0.226331934333
UBFC_A1/Eval_On_COHFACE,COHFACE,old,COHFACE_s37_session3_natural,0,67.0,40.0,large_error,67.0,0.9999999999999999,68.0,0.9496265835168987,66.0,0.9287389253641224,40.0,0.9999999999999998,41.0,0.8229488656420765,81.0,0.6549135904199989,37_3,37,3,natural,117.014579773,61.9055709839,2.8884535182,0,441.33016428,0.280028223991
UBFC_A1/Eval_On_COHFACE,COHFACE,old,COHFACE_s37_session3_natural,1,68.0,40.0,large_error,68.0,0.9999999999999999,67.0,0.9586737872193675,69.0,0.9257901810664019,40.0,0.9999999999999996,41.0,0.9247532074251,42.0,0.7785190631529393,37_3,37,3,natural,117.014579773,61.9055709839,2.8884535182,0,441.33016428,0.280028223991
UBFC_A1/Eval_On_COHFACE,COHFACE,old,COHFACE_s37_session3_natural,2,68.0,40.0,large_error,68.0,1.0,69.0,0.9655995004273663,67.0,0.9176856740679091,40.0,0.9999999999999998,41.0,0.8447478440851904,77.0,0.6576519712642618,37_3,37,3,natural,117.014579773,61.9055709839,2.8884535182,0,441.33016428,0.280028223991
UBFC_A1/Eval_On_COHFACE,COHFACE,old,COHFACE_s37_session3_natural,3,68.0,40.0,large_error,68.0,1.0,67.0,0.9541567880622743,69.0,0.9353347770796834,40.0,0.9999999999999998,41.0,0.9647557129027589,42.0,0.8227830505992129,37_3,37,3,natural,117.014579773,61.9055709839,2.8884535182,0,441.33016428,0.280028223991
UBFC_A1/Eval_On_COHFACE,COHFACE,old,COHFACE_s37_session3_natural,4,67.0,41.0,large_error,67.0,1.0,66.0,0.9562544727469499,68.0,0.9381897735964179,41.0,0.9999999999999998,42.0,0.980474210770443,40.0,0.9116788064024032,37_3,37,3,natural,117.014579773,61.9055709839,2.8884535182,0,441.33016428,0.280028223991
UBFC_A1/Eval_On_COHFACE,COHFACE,old,COHFACE_s37_session3_natural,5,66.0,41.0,large_error,66.0,1.0,67.0,0.9953282053898593,65.0,0.8993002702340709,41.0,0.9999999999999998,42.0,0.9840072623229049,40.0,0.9304023575274961,37_3,37,3,natural,117.014579773,61.9055709839,2.8884535182,0,441.33016428,0.280028223991
UBFC_A1/Eval_On_COHFACE,COHFACE,old,COHFACE_s37_session3_natural,6,67.0,41.0,large_error,67.0,0.9999999999999999,66.0,0.9600775824210999,68.0,0.9404707347898972,41.0,0.9999999999999998,40.0,0.984068937635075,42.0,0.9416680443677196,37_3,37,3,natural,117.014579773,61.9055709839,2.8884535182,0,441.33016428,0.280028223991
UBFC_A1/Eval_On_COHFACE,COHFACE,old,COHFACE_s37_session3_natural,7,68.0,42.0,large_error,68.0,0.9999999999999999,69.0,0.9663536319295759,67.0,0.946486575190726,42.0,0.9999999999999996,41.0,0.9847744816334343,43.0,0.9630776238649162,37_3,37,3,natural,117.014579773,61.9055709839,2.8884535182,0,441.33016428,0.280028223991
UBFC_A1/Eval_On_COHFACE,COHFACE,old,COHFACE_s37_session3_natural,8,71.0,51.0,large_error,71.0,0.9999999999999998,70.0,0.9882426683584621,72.0,0.9102240195889162,51.0,0.9999999999999998,50.0,0.9533076529782097,52.0,0.9096972278735763,37_3,37,3,natural,117.014579773,61.9055709839,2.8884535182,0,441.33016428,0.280028223991
UBFC_A1/Eval_On_COHFACE,COHFACE,old,COHFACE_s37_session3_natural,9,73.0,40.0,sub_harmonic_half,73.0,0.9999999999999998,74.0,0.9917306559661436,72.0,0.881971787009661,40.0,0.9999999999999996,41.0,0.7742670243298553,42.0,0.49465940511348105,37_3,37,3,natural,117.014579773,61.9055709839,2.8884535182,0,441.33016428,0.280028223991
UBFC_A1/Eval_On_COHFACE,COHFACE,old,COHFACE_s37_session3_natural,10,74.0,112.0,super_harmonic_1p5x,74.0,0.9999999999999999,73.0,0.9558712979957644,75.0,0.9264350608689632,112.0,0.9999999999999989,113.0,0.9660482663598874,40.0,0.9520252288483377,37_3,37,3,natural,117.014579773,61.9055709839,2.8884535182,0,441.33016428,0.280028223991
UBFC_A1/Eval_On_COHFACE,COHFACE,old,COHFACE_s37_session3_natural,11,75.0,77.0,correct,75.0,0.9999999999999999,74.0,0.9719469045343414,76.0,0.9698601244098883,77.0,0.9999999999999998,76.0,0.9633244475444203,78.0,0.9568863028623485,37_3,37,3,natural,117.014579773,61.9055709839,2.8884535182,0,441.33016428,0.280028223991
UBFC_A1/Eval_On_COHFACE,COHFACE,old,COHFACE_s37_session3_natural,12,59.0,80.0,super_harmonic_1p5x,59.0,0.9999999999999999,77.0,0.978486815085982,60.0,0.9750678546256815,80.0,0.9999999999999998,79.0,0.9704132283748642,81.0,0.9462294387689162,37_3,37,3,natural,117.014579773,61.9055709839,2.8884535182,0,441.33016428,0.280028223991
UBFC_A1/Eval_On_COHFACE,COHFACE,old,COHFACE_s37_session3_natural,13,57.0,81.0,super_harmonic_1p5x,57.0,0.9999999999999998,56.0,0.984487306628703,58.0,0.9348936540507465,81.0,0.9999999999999998,82.0,0.9697894442437007,80.0,0.9436863815909232,37_3,37,3,natural,117.014579773,61.9055709839,2.8884535182,0,441.33016428,0.280028223991
UBFC_A1/Eval_On_COHFACE,COHFACE,old,COHFACE_s37_session3_natural,14,55.0,74.0,super_harmonic_1p5x,55.0,0.9999999999999999,54.0,0.9755184808726561,56.0,0.9728165839469864,74.0,0.9999999999999998,73.0,0.9781393347063914,75.0,0.8911094900298163,37_3,37,3,natural,117.014579773,61.9055709839,2.8884535182,0,441.33016428,0.280028223991
UBFC_A1/Eval_On_COHFACE,COHFACE,old,COHFACE_s37_session3_natural,15,57.0,84.0,super_harmonic_1p5x,57.0,0.9999999999999999,58.0,0.976407350745103,56.0,0.9529982376044344,84.0,0.9999999999999998,74.0,0.988695177893003,73.0,0.974463147083781,37_3,37,3,natural,117.014579773,61.9055709839,2.8884535182,0,441.33016428,0.280028223991
UBFC_A1/Eval_On_COHFACE,COHFACE,old,COHFACE_s37_session3_natural,16,57.0,50.0,large_error,57.0,1.0,56.0,0.9480864455561883,58.0,0.9463162395627265,50.0,0.9999999999999997,49.0,0.9951554338197545,51.0,0.9397743379217643,37_3,37,3,natural,117.014579773,61.9055709839,2.8884535182,0,441.33016428,0.280028223991
UBFC_A1/Eval_On_COHFACE,COHFACE,old,COHFACE_s37_session3_natural,17,58.0,48.0,large_error,58.0,0.9999999999999999,59.0,0.9898539155585534,57.0,0.9475570579264873,48.0,0.9999999999999999,47.0,0.9893636499333192,49.0,0.964576843381925,37_3,37,3,natural,117.014579773,61.9055709839,2.8884535182,0,441.33016428,0.280028223991
UBFC_A1/Eval_On_COHFACE,COHFACE,old,COHFACE_s37_session3_natural,18,60.0,46.0,large_error,60.0,0.9999999999999998,59.0,0.9986406202005734,58.0,0.991318987198022,46.0,0.9999999999999998,47.0,0.9847518357781332,45.0,0.9610067326575491,37_3,37,3,natural,117.014579773,61.9055709839,2.8884535182,0,441.33016428,0.280028223991
UBFC_A1/Eval_On_COHFACE,COHFACE,old,COHFACE_s37_session3_natural,19,58.0,42.0,large_error,58.0,0.9999999999999998,59.0,0.9586640005769264,57.0,0.9575173591863911,42.0,0.9999999999999996,41.0,0.9942017325031737,43.0,0.9420853052717229,37_3,37,3,natural,117.014579773,61.9055709839,2.8884535182,0,441.33016428,0.280028223991
UBFC_A1/Eval_On_COHFACE,COHFACE,old,COHFACE_s37_session3_natural,20,61.0,49.0,large_error,61.0,0.9999999999999999,60.0,0.9991013306908624,61.99999999999999,0.8910981971442439,49.0,0.9999999999999998,50.0,0.9769413646458264,48.0,0.9040621860178947,37_3,37,3,natural,117.014579773,61.9055709839,2.8884535182,0,441.33016428,0.280028223991
UBFC_A1/Eval_On_COHFACE,COHFACE,old,COHFACE_s37_session3_natural,21,72.0,52.0,large_error,72.0,0.9999999999999999,73.0,0.9769702177935362,71.0,0.8980316655779436,52.0,0.9999999999999998,51.0,0.9513316513664924,53.0,0.8998384110697091,37_3,37,3,natural,117.014579773,61.9055709839,2.8884535182,0,441.33016428,0.280028223991
UBFC_A1/Eval_On_COHFACE,COHFACE,old,COHFACE_s37_session3_natural,22,73.0,68.0,large_error,73.0,0.9999999999999998,74.0,0.9587813749462619,72.0,0.9495688793860836,68.0,0.9999999999999998,67.0,0.9938077992188971,69.0,0.9141138918915875,37_3,37,3,natural,117.014579773,61.9055709839,2.8884535182,0,441.33016428,0.280028223991
UBFC_A1/Eval_On_COHFACE,COHFACE,old,COHFACE_s37_session3_natural,23,76.0,69.0,large_error,76.0,0.9999999999999999,60.0,0.9977819539907297,75.0,0.9818734392553417,69.0,0.9999999999999999,68.0,0.9839634084550357,70.0,0.9192766600116455,37_3,37,3,natural,117.014579773,61.9055709839,2.8884535182,0,441.33016428,0.280028223991
UBFC_A1/Eval_On_COHFACE,COHFACE,old,COHFACE_s37_session3_natural,24,58.0,80.0,super_harmonic_1p5x,58.0,0.9999999999999998,57.0,0.9494366701238327,59.0,0.9462710944172578,80.0,0.9999999999999998,81.0,0.9924298656817145,79.0,0.9244261875782439,37_3,37,3,natural,117.014579773,61.9055709839,2.8884535182,0,441.33016428,0.280028223991
UBFC_A1/Eval_On_COHFACE,COHFACE,old,COHFACE_s37_session3_natural,25,56.0,80.0,super_harmonic_1p5x,56.0,0.9999999999999998,55.0,0.9893569982515662,57.0,0.9577786494573861,80.0,0.9999999999999999,79.0,0.9728382641400797,81.0,0.9321077189684857,37_3,37,3,natural,117.014579773,61.9055709839,2.8884535182,0,441.33016428,0.280028223991
UBFC_A1/Eval_On_COHFACE,COHFACE,old,COHFACE_s37_session3_natural,26,58.0,79.0,super_harmonic_1p5x,58.0,0.9999999999999999,57.0,0.9815271276157587,59.0,0.9684829185918351,79.0,0.9999999999999998,80.0,0.9569017286606156,78.0,0.946322394813499,37_3,37,3,natural,117.014579773,61.9055709839,2.8884535182,0,441.33016428,0.280028223991
UBFC_A1/Eval_On_COHFACE,COHFACE,old,COHFACE_s37_session3_natural,27,58.0,82.0,super_harmonic_1p5x,58.0,1.0,57.0,0.9954060749792837,59.0,0.9004180463717052,82.0,0.9999999999999999,81.0,0.9760301094326701,83.0,0.9210231867447842,37_3,37,3,natural,117.014579773,61.9055709839,2.8884535182,0,441.33016428,0.280028223991
UBFC_A1/Eval_On_COHFACE,COHFACE,old,COHFACE_s37_session3_natural,28,58.0,61.0,correct,58.0,1.0,57.0,0.9809078591243375,59.0,0.9142912191603607,61.0,0.9999999999999998,60.0,0.9972229328229154,61.99999999999999,0.9104704472214297,37_3,37,3,natural,117.014579773,61.9055709839,2.8884535182,0,441.33016428,0.280028223991
UBFC_A1/Eval_On_COHFACE,COHFACE,old,COHFACE_s37_session3_natural,29,60.0,83.0,super_harmonic_1p5x,60.0,0.9999999999999999,59.0,0.9889143377235762,61.0,0.929486048926678,83.0,0.9999999999999994,82.0,0.9830572820806205,58.0,0.9715490230073314,37_3,37,3,natural,117.014579773,61.9055709839,2.8884535182,0,441.33016428,0.280028223991
UBFC_A1/Eval_On_COHFACE,COHFACE,old,COHFACE_s37_session3_natural,30,61.0,121.0,super_harmonic_2x,61.0,0.9999999999999998,61.99999999999999,0.99602547101629,60.0,0.9684731845352007,121.0,0.9999999999999994,120.0,0.9610359297918676,80.0,0.9184620824022353,37_3,37,3,natural,117.014579773,61.9055709839,2.8884535182,0,441.33016428,0.280028223991
UBFC_A1/Eval_On_COHFACE,COHFACE,old,COHFACE_s37_session3_natural,31,59.0,85.0,super_harmonic_1p5x,59.0,0.9999999999999999,58.0,0.9648861918024619,60.0,0.9579660652690282,85.0,0.9999999999999996,84.0,0.9659225225845403,86.0,0.9625234264484789,37_3,37,3,natural,117.014579773,61.9055709839,2.8884535182,0,441.33016428,0.280028223991
UBFC_A1/Eval_On_COHFACE,COHFACE,old,COHFACE_s37_session3_natural,32,71.0,45.0,large_error,71.0,0.9999999999999999,70.0,0.988193283684425,61.99999999999999,0.9544107053534192,45.0,0.9999999999999997,44.0,0.998614461127842,46.0,0.8959542946722644,37_3,37,3,natural,117.014579773,61.9055709839,2.8884535182,0,441.33016428,0.280028223991
UBFC_A1/Eval_On_COHFACE,COHFACE,old,COHFACE_s37_session3_natural,33,73.0,120.0,super_harmonic_1p5x,73.0,0.9999999999999999,72.0,0.9651985092866059,74.0,0.9167949899776535,120.0,0.9999999999999996,121.0,0.9589379961038019,119.0,0.93948431905046,37_3,37,3,natural,117.014579773,61.9055709839,2.8884535182,0,441.33016428,0.280028223991
UBFC_A1/Eval_On_COHFACE,COHFACE,old,COHFACE_s37_session3_natural,34,73.0,120.0,super_harmonic_1p5x,73.0,0.9999999999999999,72.0,0.9520985796150582,74.0,0.9422450422627365,120.0,0.9999999999999993,121.0,0.9901273145543261,119.0,0.9203197387756153,37_3,37,3,natural,117.014579773,61.9055709839,2.8884535182,0,441.33016428,0.280028223991
UBFC_A1/Eval_On_COHFACE,COHFACE,old,COHFACE_s37_session3_natural,35,74.0,67.0,large_error,74.0,0.9999999999999999,75.0,0.986991409143365,73.0,0.9827135427837581,67.0,0.9999999999999992,68.0,0.9318196460707445,66.0,0.8945450764810852,37_3,37,3,natural,117.014579773,61.9055709839,2.8884535182,0,441.33016428,0.280028223991
UBFC_A1/Eval_On_COHFACE,COHFACE,old,COHFACE_s37_session3_natural,36,58.0,48.0,large_error,58.0,0.9999999999999999,59.0,0.9857029461540615,57.0,0.9101524348760484,48.0,0.9999999999999992,47.0,0.9524549594049737,49.0,0.9071910195635351,37_3,37,3,natural,117.014579773,61.9055709839,2.8884535182,0,441.33016428,0.280028223991
UBFC_A1/Eval_On_COHFACE,COHFACE,old,COHFACE_s37_session3_natural,37,56.0,45.0,large_error,56.0,0.9999999999999998,55.0,0.9843093478398751,57.0,0.9561609860030329,45.0,0.9999999999999993,46.0,0.9597351915531509,44.0,0.9538604901172097,37_3,37,3,natural,117.014579773,61.9055709839,2.8884535182,0,441.33016428,0.280028223991
UBFC_A1/Eval_On_COHFACE,COHFACE,old,COHFACE_s37_session3_natural,38,57.0,70.0,large_error,57.0,0.9999999999999999,58.0,0.9889481810459413,56.0,0.981492874546986,70.0,0.9999999999999994,69.0,0.9807156937576975,71.0,0.8920999287349123,37_3,37,3,natural,117.014579773,61.9055709839,2.8884535182,0,441.33016428,0.280028223991
UBFC_A1/Eval_On_COHFACE,COHFACE,old,COHFACE_s37_session3_natural,39,57.0,54.0,correct,57.0,1.0,58.0,0.9874948793665596,56.0,0.9119541740699861,54.0,0.9999999999999997,55.0,0.9731774507488512,53.0,0.9104651333487356,37_3,37,3,natural,117.014579773,61.9055709839,2.8884535182,0,441.33016428,0.280028223991
UBFC_A1/Eval_On_COHFACE,COHFACE,old,COHFACE_s37_session3_natural,40,57.0,53.0,large_error,57.0,1.0,58.0,0.973936063339929,56.0,0.9194470293912705,53.0,0.9999999999999998,52.0,0.948900307879294,54.0,0.933317265297114,37_3,37,3,natural,117.014579773,61.9055709839,2.8884535182,0,441.33016428,0.280028223991
UBFC_A1/Eval_On_COHFACE,COHFACE,old,COHFACE_s37_session3_natural,41,59.0,53.0,large_error,59.0,1.0,58.0,0.9712068693996975,60.0,0.9383719751387751,53.0,0.9999999999999998,52.0,0.9339808575430281,54.0,0.9290127676982888,37_3,37,3,natural,117.014579773,61.9055709839,2.8884535182,0,441.33016428,0.280028223991
UBFC_A1/Eval_On_COHFACE,COHFACE,old,COHFACE_s37_session3_natural,42,61.0,40.0,large_error,61.0,0.9999999999999999,61.99999999999999,0.9620212367735583,60.0,0.958950146540196,40.0,0.9999999999999987,65.0,0.8511246329262934,64.0,0.8322312695874674,37_3,37,3,natural,117.014579773,61.9055709839,2.8884535182,0,441.33016428,0.280028223991
UBFC_A1/Eval_On_COHFACE,COHFACE,old,COHFACE_s37_session3_natural,43,63.0,60.0,correct,63.0,0.9999999999999998,64.0,0.992582719719887,61.99999999999999,0.9469108220157182,60.0,0.9999999999999991,61.0,0.9718576490346514,59.0,0.9467026829430564,37_3,37,3,natural,117.014579773,61.9055709839,2.8884535182,0,441.33016428,0.280028223991
UBFC_A1/Eval_On_COHFACE,COHFACE,old,COHFACE_s37_session3_natural,44,67.0,56.0,large_error,67.0,0.9999999999999998,68.0,0.9696000850001146,66.0,0.9568719645349233,56.0,0.9999999999999997,55.0,0.9970682964378061,57.0,0.9756017125231766,37_3,37,3,natural,117.014579773,61.9055709839,2.8884535182,0,441.33016428,0.280028223991
UBFC_A1/Eval_On_COHFACE,COHFACE,old,COHFACE_s37_session3_natural,45,71.0,52.0,large_error,71.0,0.9999999999999999,70.0,0.962463574061266,72.0,0.9585439981974134,52.0,0.9999999999999998,53.0,0.9855644936572479,51.0,0.8875984342430631,37_3,37,3,natural,117.014579773,61.9055709839,2.8884535182,0,441.33016428,0.280028223991
UBFC_A1/Eval_On_COHFACE,COHFACE,old,COHFACE_s37_session3_natural,46,74.0,55.0,large_error,74.0,0.9999999999999998,75.0,0.9784062029280111,73.0,0.921815127077297,55.0,0.9999999999999996,54.0,0.962509274009344,56.0,0.8739064508926038,37_3,37,3,natural,117.014579773,61.9055709839,2.8884535182,0,441.33016428,0.280028223991
UBFC_A1/Eval_On_COHFACE,COHFACE,old,COHFACE_s37_session3_natural,47,76.0,67.0,large_error,76.0,0.9999999999999999,77.0,0.9742937946370073,75.0,0.9096151397834508,67.0,0.9999999999999998,66.0,0.9981960346102005,68.0,0.8790646525620287,37_3,37,3,natural,117.014579773,61.9055709839,2.8884535182,0,441.33016428,0.280028223991
UBFC_A1/Eval_On_COHFACE,COHFACE,old,COHFACE_s37_session3_natural,48,76.0,53.0,large_error,76.0,0.9999999999999999,75.0,0.961532803236506,77.0,0.9296984802028109,53.0,0.9999999999999998,52.0,0.9897649639273676,54.0,0.8982246524367355,37_3,37,3,natural,117.014579773,61.9055709839,2.8884535182,0,441.33016428,0.280028223991
UBFC_A1/Eval_On_COHFACE,COHFACE,old,COHFACE_s37_session3_natural,49,79.0,52.0,large_error,79.0,0.9999999999999999,80.0,0.9777775869726577,78.0,0.9468960391008812,52.0,0.9999999999999998,53.0,0.9707641460579358,51.0,0.920062127063814,37_3,37,3,natural,117.014579773,61.9055709839,2.8884535182,0,441.33016428,0.280028223991
UBFC_A1/Eval_On_COHFACE,COHFACE,old,COHFACE_s37_session3_natural,50,77.0,52.0,large_error,77.0,0.9999999999999999,78.0,0.9715241483630898,76.0,0.9413001922544921,52.0,0.9999999999999998,51.0,0.9686348161486072,53.0,0.9159523744533096,37_3,37,3,natural,117.014579773,61.9055709839,2.8884535182,0,441.33016428,0.280028223991
UBFC_A1/Eval_On_COHFACE,COHFACE,old,COHFACE_s38_session0_lamp,0,60.0,40.0,large_error,60.0,0.9999999999999999,61.0,0.9515911741814439,59.0,0.8878556773599021,40.0,0.9999999999999994,41.0,0.8666773783663488,79.0,0.7908013621185743,38_0,38,0,lamp,97.9481811523,70.3326568604,11.0209542185,0.13287491783,858.974802465,0.200497150421
UBFC_A1/Eval_On_COHFACE,COHFACE,old,COHFACE_s38_session0_lamp,1,63.0,40.0,large_error,63.0,0.9999999999999998,64.0,0.9688324573083759,61.99999999999999,0.9129973145089579,40.0,0.9999999999999994,80.0,0.9834221720900476,41.0,0.9577057066408798,38_0,38,0,lamp,97.9481811523,70.3326568604,11.0209542185,0.13287491783,858.974802465,0.200497150421
UBFC_A1/Eval_On_COHFACE,COHFACE,old,COHFACE_s38_session0_lamp,2,64.0,68.0,large_error,64.0,0.9999999999999998,63.0,0.980364440561158,65.0,0.9073135062029114,68.0,0.9999999999999997,67.0,0.9868228771953644,69.0,0.8940134171980393,38_0,38,0,lamp,97.9481811523,70.3326568604,11.0209542185,0.13287491783,858.974802465,0.200497150421
UBFC_A1/Eval_On_COHFACE,COHFACE,old,COHFACE_s38_session0_lamp,3,64.0,80.0,large_error,64.0,0.9999999999999998,63.0,0.9974997732407634,65.0,0.8945426866544713,80.0,0.9999999999999997,81.0,0.9966648473410606,82.0,0.8831216752099472,38_0,38,0,lamp,97.9481811523,70.3326568604,11.0209542185,0.13287491783,858.974802465,0.200497150421
UBFC_A1/Eval_On_COHFACE,COHFACE,old,COHFACE_s38_session0_lamp,4,63.0,81.0,super_harmonic_1p5x,63.0,0.9999999999999998,64.0,0.9499245006521747,61.99999999999999,0.9473786938829991,81.0,0.9999999999999996,80.0,0.9919471343075665,82.0,0.8850817644982409,38_0,38,0,lamp,97.9481811523,70.3326568604,11.0209542185,0.13287491783,858.974802465,0.200497150421
UBFC_A1/Eval_On_COHFACE,COHFACE,old,COHFACE_s38_session0_lamp,5,61.99999999999999,120.0,super_harmonic_2x,61.99999999999999,0.9999999999999998,63.0,0.9826161735888702,61.0,0.9084199358922687,120.0,0.9999999999999997,119.0,0.9592387372672476,121.0,0.9404739299220162,38_0,38,0,lamp,97.9481811523,70.3326568604,11.0209542185,0.13287491783,858.974802465,0.200497150421
UBFC_A1/Eval_On_COHFACE,COHFACE,old,COHFACE_s38_session0_lamp,6,61.99999999999999,60.0,correct,61.99999999999999,0.9999999999999998,61.0,0.9525657082843679,63.0,0.9338930141721727,60.0,0.9999999999999999,61.0,0.960679649935001,59.0,0.9427976450536877,38_0,38,0,lamp,97.9481811523,70.3326568604,11.0209542185,0.13287491783,858.974802465,0.200497150421
UBFC_A1/Eval_On_COHFACE,COHFACE,old,COHFACE_s38_session0_lamp,7,61.99999999999999,60.0,correct,61.99999999999999,0.9999999999999998,61.0,0.9599852988792629,63.0,0.9258292317862334,60.0,0.9999999999999999,59.0,0.9463967862210122,61.0,0.938681287362853,38_0,38,0,lamp,97.9481811523,70.3326568604,11.0209542185,0.13287491783,858.974802465,0.200497150421
UBFC_A1/Eval_On_COHFACE,COHFACE,old,COHFACE_s38_session0_lamp,8,61.99999999999999,60.0,correct,61.99999999999999,0.9999999999999998,63.0,0.9787693593317796,61.0,0.9044258627356575,60.0,1.0,59.0,0.9430035286153517,61.0,0.9382966709503664,38_0,38,0,lamp,97.9481811523,70.3326568604,11.0209542185,0.13287491783,858.974802465,0.200497150421
UBFC_A1/Eval_On_COHFACE,COHFACE,old,COHFACE_s38_session0_lamp,9,63.0,60.0,correct,63.0,0.9999999999999999,61.99999999999999,0.9445270148100774,64.0,0.920373734869131,60.0,0.9999999999999999,59.0,0.9765883569788845,61.0,0.9277302043832323,38_0,38,0,lamp,97.9481811523,70.3326568604,11.0209542185,0.13287491783,858.974802465,0.200497150421
UBFC_A1/Eval_On_COHFACE,COHFACE,old,COHFACE_s38_session0_lamp,10,63.0,60.0,correct,63.0,0.9999999999999999,64.0,0.9905163608391886,61.99999999999999,0.890682271762958,60.0,0.9999999999999998,59.0,0.9847376105090567,61.0,0.9537479451050391,38_0,38,0,lamp,97.9481811523,70.3326568604,11.0209542185,0.13287491783,858.974802465,0.200497150421
UBFC_A1/Eval_On_COHFACE,COHFACE,old,COHFACE_s38_session0_lamp,11,64.0,64.0,correct,64.0,0.9999999999999999,65.0,0.9606361866897344,63.0,0.929866030894874,64.0,0.9999999999999998,65.0,0.9948670763580708,63.0,0.9074374482994705,38_0,38,0,lamp,97.9481811523,70.3326568604,11.0209542185,0.13287491783,858.974802465,0.200497150421
UBFC_A1/Eval_On_COHFACE,COHFACE,old,COHFACE_s38_session0_lamp,12,64.0,65.0,correct,64.0,0.9999999999999999,65.0,0.9826671090248127,63.0,0.9147923299665254,65.0,0.9999999999999998,54.0,0.9662008623447501,66.0,0.9431653336715173,38_0,38,0,lamp,97.9481811523,70.3326568604,11.0209542185,0.13287491783,858.974802465,0.200497150421
UBFC_A1/Eval_On_COHFACE,COHFACE,old,COHFACE_s38_session0_lamp,13,64.0,65.0,correct,64.0,0.9999999999999998,63.0,0.9578038610189743,65.0,0.9401839985494238,65.0,0.9999999999999999,66.0,0.9741967619989499,64.0,0.8863072107212017,38_0,38,0,lamp,97.9481811523,70.3326568604,11.0209542185,0.13287491783,858.974802465,0.200497150421
UBFC_A1/Eval_On_COHFACE,COHFACE,old,COHFACE_s38_session0_lamp,14,64.0,67.0,correct,64.0,0.9999999999999998,63.0,0.9793011635220165,65.0,0.9247262791913682,67.0,0.9999999999999999,66.0,0.9550149218286719,68.0,0.9329969197985876,38_0,38,0,lamp,97.9481811523,70.3326568604,11.0209542185,0.13287491783,858.974802465,0.200497150421
UBFC_A1/Eval_On_COHFACE,COHFACE,old,COHFACE_s38_session0_lamp,15,63.0,66.0,correct,63.0,0.9999999999999998,64.0,0.9888072879231528,61.99999999999999,0.9101825533298968,66.0,0.9999999999999998,65.0,0.9984041615743462,67.0,0.9251858148613187,38_0,38,0,lamp,97.9481811523,70.3326568604,11.0209542185,0.13287491783,858.974802465,0.200497150421
UBFC_A1/Eval_On_COHFACE,COHFACE,old,COHFACE_s38_session0_lamp,16,63.0,63.0,correct,63.0,0.9999999999999998,64.0,0.9592886634090112,61.99999999999999,0.9315572517116805,63.0,0.9999999999999998,61.99999999999999,0.9801105523396204,64.0,0.9774759289066062,38_0,38,0,lamp,97.9481811523,70.3326568604,11.0209542185,0.13287491783,858.974802465,0.200497150421
UBFC_A1/Eval_On_COHFACE,COHFACE,old,COHFACE_s38_session0_lamp,17,61.99999999999999,61.0,correct,61.99999999999999,0.9999999999999999,63.0,0.9947272274746358,61.0,0.9023553527959561,61.0,0.9999999999999997,61.99999999999999,0.9921280022741692,60.0,0.9788839467485126,38_0,38,0,lamp,97.9481811523,70.3326568604,11.0209542185,0.13287491783,858.974802465,0.200497150421
UBFC_A1/Eval_On_COHFACE,COHFACE,old,COHFACE_s38_session0_lamp,18,61.99999999999999,69.0,large_error,61.99999999999999,0.9999999999999999,61.0,0.9443286350294624,63.0,0.9431622580926629,69.0,0.9999999999999997,68.0,0.9497756654092674,70.0,0.9150747401610502,38_0,38,0,lamp,97.9481811523,70.3326568604,11.0209542185,0.13287491783,858.974802465,0.200497150421
UBFC_A1/Eval_On_COHFACE,COHFACE,old,COHFACE_s38_session0_lamp,19,61.99999999999999,83.0,super_harmonic_1p5x,61.99999999999999,0.9999999999999999,61.0,0.951226237295963,63.0,0.9320180845675375,83.0,0.9999999999999998,82.0,0.991834264525008,84.0,0.8992422658920829,38_0,38,0,lamp,97.9481811523,70.3326568604,11.0209542185,0.13287491783,858.974802465,0.200497150421
UBFC_A1/Eval_On_COHFACE,COHFACE,old,COHFACE_s38_session0_lamp,20,61.99999999999999,84.0,super_harmonic_1p5x,61.99999999999999,0.9999999999999999,61.0,0.9775850745849108,63.0,0.9118633497742543,84.0,0.9999999999999998,83.0,0.9555861571623413,85.0,0.9484625995698683,38_0,38,0,lamp,97.9481811523,70.3326568604,11.0209542185,0.13287491783,858.974802465,0.200497150421
UBFC_A1/Eval_On_COHFACE,COHFACE,old,COHFACE_s38_session0_lamp,21,61.0,81.0,super_harmonic_1p5x,61.0,0.9999999999999998,61.99999999999999,0.9719813545212515,60.0,0.9224518744908964,81.0,0.9999999999999998,80.0,0.9917182772169393,82.0,0.8953793370951076,38_0,38,0,lamp,97.9481811523,70.3326568604,11.0209542185,0.13287491783,858.974802465,0.200497150421
UBFC_A1/Eval_On_COHFACE,COHFACE,old,COHFACE_s38_session0_lamp,22,61.0,80.0,super_harmonic_1p5x,61.0,0.9999999999999999,61.99999999999999,0.9609992025922882,60.0,0.9235438233310133,80.0,0.9999999999999998,79.0,0.9563322185571246,81.0,0.941014897965739,38_0,38,0,lamp,97.9481811523,70.3326568604,11.0209542185,0.13287491783,858.974802465,0.200497150421
UBFC_A1/Eval_On_COHFACE,COHFACE,old,COHFACE_s38_session0_lamp,23,61.0,77.0,super_harmonic_1p5x,61.0,0.9999999999999999,61.99999999999999,0.9728893353445354,60.0,0.9116777750957574,77.0,0.9999999999999998,76.0,0.9921461936751595,78.0,0.8814743456875772,38_0,38,0,lamp,97.9481811523,70.3326568604,11.0209542185,0.13287491783,858.974802465,0.200497150421
UBFC_A1/Eval_On_COHFACE,COHFACE,old,COHFACE_s38_session0_lamp,24,61.0,60.0,correct,61.0,0.9999999999999999,61.99999999999999,0.9910160087269135,60.0,0.8961252845033516,60.0,0.9999999999999996,61.0,0.9929796157829488,59.0,0.9498011244252802,38_0,38,0,lamp,97.9481811523,70.3326568604,11.0209542185,0.13287491783,858.974802465,0.200497150421
UBFC_A1/Eval_On_COHFACE,COHFACE,old,COHFACE_s38_session0_lamp,25,61.0,60.0,correct,61.0,0.9999999999999999,61.99999999999999,0.9664640006050145,60.0,0.9186392457015714,60.0,0.9999999999999998,59.0,0.9623098686681109,61.0,0.9577383695125657,38_0,38,0,lamp,97.9481811523,70.3326568604,11.0209542185,0.13287491783,858.974802465,0.200497150421
UBFC_A1/Eval_On_COHFACE,COHFACE,old,COHFACE_s38_session0_lamp,26,61.0,60.0,correct,61.0,0.9999999999999999,60.0,0.9462968065286929,61.99999999999999,0.9384796467788671,60.0,0.9999999999999999,59.0,0.9963403212045009,61.0,0.9034618833747097,38_0,38,0,lamp,97.9481811523,70.3326568604,11.0209542185,0.13287491783,858.974802465,0.200497150421
UBFC_A1/Eval_On_COHFACE,COHFACE,old,COHFACE_s38_session0_lamp,27,61.0,60.0,correct,61.0,0.9999999999999998,60.0,0.9747437725416677,61.99999999999999,0.9168604489224343,60.0,0.9999999999999998,59.0,0.9706194987369814,61.0,0.946107180124076,38_0,38,0,lamp,97.9481811523,70.3326568604,11.0209542185,0.13287491783,858.974802465,0.200497150421
UBFC_A1/Eval_On_COHFACE,COHFACE,old,COHFACE_s38_session0_lamp,28,60.0,59.0,correct,60.0,0.9999999999999999,61.0,0.9921291579751855,59.0,0.8954506838978293,59.0,0.9999999999999999,58.0,0.9579617422247431,60.0,0.9516344216251954,38_0,38,0,lamp,97.9481811523,70.3326568604,11.0209542185,0.13287491783,858.974802465,0.200497150421
UBFC_A1/Eval_On_COHFACE,COHFACE,old,COHFACE_s38_session0_lamp,29,60.0,60.0,correct,60.0,0.9999999999999999,61.0,0.9751093891590256,59.0,0.9107063606383206,60.0,0.9999999999999999,59.0,0.9566932314966085,61.0,0.924415424855748,38_0,38,0,lamp,97.9481811523,70.3326568604,11.0209542185,0.13287491783,858.974802465,0.200497150421
UBFC_A1/Eval_On_COHFACE,COHFACE,old,COHFACE_s38_session0_lamp,30,61.0,57.0,large_error,61.0,0.9999999999999999,60.0,0.9951596626647721,61.99999999999999,0.8877007895910689,57.0,0.9999999999999996,58.0,0.94515906131924,56.0,0.9146547342716949,38_0,38,0,lamp,97.9481811523,70.3326568604,11.0209542185,0.13287491783,858.974802465,0.200497150421
UBFC_A1/Eval_On_COHFACE,COHFACE,old,COHFACE_s38_session0_lamp,31,61.0,46.0,large_error,61.0,0.9999999999999999,60.0,0.9659078732282524,61.99999999999999,0.9156218228074938,46.0,0.9999999999999996,47.0,0.9825916729831018,82.0,0.9504662056872436,38_0,38,0,lamp,97.9481811523,70.3326568604,11.0209542185,0.13287491783,858.974802465,0.200497150421
UBFC_A1/Eval_On_COHFACE,COHFACE,old,COHFACE_s38_session0_lamp,32,61.0,43.0,large_error,61.0,0.9999999999999999,61.99999999999999,0.9426623343919944,60.0,0.9398429210590383,43.0,0.9999999999999997,44.0,0.9551456698861577,42.0,0.9351022589560547,38_0,38,0,lamp,97.9481811523,70.3326568604,11.0209542185,0.13287491783,858.974802465,0.200497150421
UBFC_A1/Eval_On_COHFACE,COHFACE,old,COHFACE_s38_session0_lamp,33,61.0,40.0,large_error,61.0,0.9999999999999999,61.99999999999999,0.9515733844933278,60.0,0.9339233530648597,40.0,0.9999999999999994,41.0,0.9863641468676617,42.0,0.8999851543458843,38_0,38,0,lamp,97.9481811523,70.3326568604,11.0209542185,0.13287491783,858.974802465,0.200497150421
UBFC_A1/Eval_On_COHFACE,COHFACE,old,COHFACE_s38_session0_lamp,34,61.0,120.0,super_harmonic_2x,61.0,0.9999999999999999,61.99999999999999,0.9501534338960952,60.0,0.9370364518250979,120.0,0.9999999999999993,121.0,0.9643577069804489,119.0,0.9266317888602561,38_0,38,0,lamp,97.9481811523,70.3326568604,11.0209542185,0.13287491783,858.974802465,0.200497150421
UBFC_A1/Eval_On_COHFACE,COHFACE,old,COHFACE_s38_session0_lamp,35,61.0,50.0,large_error,61.0,0.9999999999999999,60.0,0.9644175214244828,61.99999999999999,0.926779533288683,50.0,0.9999999999999996,51.0,0.9817468608735043,49.0,0.8725107815390515,38_0,38,0,lamp,97.9481811523,70.3326568604,11.0209542185,0.13287491783,858.974802465,0.200497150421
UBFC_A1/Eval_On_COHFACE,COHFACE,old,COHFACE_s38_session0_lamp,36,60.0,50.0,large_error,60.0,0.9999999999999999,61.0,0.9814427312133661,59.0,0.9123200586639756,50.0,0.9999999999999993,51.0,0.9955955966139898,40.0,0.9169441525873466,38_0,38,0,lamp,97.9481811523,70.3326568604,11.0209542185,0.13287491783,858.974802465,0.200497150421
UBFC_A1/Eval_On_COHFACE,COHFACE,old,COHFACE_s38_session0_lamp,37,60.0,58.0,correct,60.0,0.9999999999999999,61.0,0.9443772851776261,59.0,0.9416672378173505,58.0,0.9999999999999988,57.0,0.9780358284407276,59.0,0.932862080055865,38_0,38,0,lamp,97.9481811523,70.3326568604,11.0209542185,0.13287491783,858.974802465,0.200497150421
UBFC_A1/Eval_On_COHFACE,COHFACE,old,COHFACE_s38_session0_lamp,38,60.0,60.0,correct,60.0,0.9999999999999999,61.0,0.9557351946546032,59.0,0.9244211217176741,60.0,0.9999999999999999,59.0,0.9932801532902107,61.0,0.8953488198263004,38_0,38,0,lamp,97.9481811523,70.3326568604,11.0209542185,0.13287491783,858.974802465,0.200497150421
UBFC_A1/Eval_On_COHFACE,COHFACE,old,COHFACE_s38_session0_lamp,39,60.0,59.0,correct,60.0,0.9999999999999999,61.0,0.9923126662663306,59.0,0.8885749286565603,59.0,0.9999999999999998,60.0,0.9639147597421167,58.0,0.9293118715600612,38_0,38,0,lamp,97.9481811523,70.3326568604,11.0209542185,0.13287491783,858.974802465,0.200497150421
UBFC_A1/Eval_On_COHFACE,COHFACE,old,COHFACE_s38_session0_lamp,40,61.0,59.0,correct,61.0,0.9999999999999999,60.0,0.9578809630928792,61.99999999999999,0.921254701681823,59.0,0.9999999999999998,60.0,0.969282767892976,58.0,0.9329852349095097,38_0,38,0,lamp,97.9481811523,70.3326568604,11.0209542185,0.13287491783,858.974802465,0.200497150421
UBFC_A1/Eval_On_COHFACE,COHFACE,old,COHFACE_s38_session0_lamp,41,61.0,60.0,correct,61.0,0.9999999999999999,61.99999999999999,0.9682103303604113,60.0,0.9178700719365909,60.0,0.9999999999999998,59.0,0.9791337082762651,61.0,0.9046325441739254,38_0,38,0,lamp,97.9481811523,70.3326568604,11.0209542185,0.13287491783,858.974802465,0.200497150421
UBFC_A1/Eval_On_COHFACE,COHFACE,old,COHFACE_s38_session0_lamp,42,61.99999999999999,60.0,correct,61.99999999999999,0.9999999999999999,63.0,0.9722514740194094,61.0,0.9168368390942089,60.0,0.9999999999999997,59.0,0.988239282428885,61.0,0.924488478729155,38_0,38,0,lamp,97.9481811523,70.3326568604,11.0209542185,0.13287491783,858.974802465,0.200497150421
UBFC_A1/Eval_On_COHFACE,COHFACE,old,COHFACE_s38_session0_lamp,43,63.0,60.0,correct,63.0,0.9999999999999999,61.99999999999999,0.9801700431741537,64.0,0.9086572804289457,60.0,0.9999999999999994,61.0,0.9675092938621236,59.0,0.9340531932985404,38_0,38,0,lamp,97.9481811523,70.3326568604,11.0209542185,0.13287491783,858.974802465,0.200497150421
UBFC_A1/Eval_On_COHFACE,COHFACE,old,COHFACE_s38_session0_lamp,44,61.99999999999999,63.0,correct,61.99999999999999,0.9999999999999999,63.0,0.9962539992358346,61.0,0.8938023902068095,63.0,0.9999999999999997,61.99999999999999,0.9776090156279975,42.0,0.9617132002324191,38_0,38,0,lamp,97.9481811523,70.3326568604,11.0209542185,0.13287491783,858.974802465,0.200497150421
UBFC_A1/Eval_On_COHFACE,COHFACE,old,COHFACE_s38_session0_lamp,45,63.0,80.0,super_harmonic_1p5x,63.0,0.9999999999999999,61.99999999999999,0.98324934316332,64.0,0.9036911549461235,80.0,0.9999999999999996,40.0,0.9821840538855517,79.0,0.9743608481041012,38_0,38,0,lamp,97.9481811523,70.3326568604,11.0209542185,0.13287491783,858.974802465,0.200497150421
UBFC_A1/Eval_On_COHFACE,COHFACE,old,COHFACE_s38_session0_lamp,46,61.99999999999999,61.99999999999999,correct,61.99999999999999,0.9999999999999999,63.0,0.9954112089631607,61.0,0.8921397694632788,61.99999999999999,0.9999999999999996,63.0,0.9568154799781484,61.0,0.9352558092410219,38_0,38,0,lamp,97.9481811523,70.3326568604,11.0209542185,0.13287491783,858.974802465,0.200497150421
UBFC_A1/Eval_On_COHFACE,COHFACE,old,COHFACE_s38_session0_lamp,47,61.99999999999999,61.99999999999999,correct,61.99999999999999,0.9999999999999999,63.0,0.9429664836337043,61.0,0.9426139331916985,61.99999999999999,0.9999999999999999,61.0,0.9523335284808931,63.0,0.9077991602637371,38_0,38,0,lamp,97.9481811523,70.3326568604,11.0209542185,0.13287491783,858.974802465,0.200497150421
UBFC_A1/Eval_On_COHFACE,COHFACE,old,COHFACE_s38_session0_lamp,48,61.99999999999999,61.99999999999999,correct,61.99999999999999,0.9999999999999999,61.0,0.998370021698045,63.0,0.8905435492850524,61.99999999999999,0.9999999999999999,63.0,0.9444444446038309,61.0,0.9277774329184435,38_0,38,0,lamp,97.9481811523,70.3326568604,11.0209542185,0.13287491783,858.974802465,0.200497150421
UBFC_A1/Eval_On_COHFACE,COHFACE,old,COHFACE_s38_session0_lamp,49,61.99999999999999,64.0,correct,61.99999999999999,0.9999999999999999,61.0,0.9981255793379479,63.0,0.8817674468815598,64.0,0.9999999999999999,63.0,0.9992463520650587,65.0,0.9242677383628134,38_0,38,0,lamp,97.9481811523,70.3326568604,11.0209542185,0.13287491783,858.974802465,0.200497150421
UBFC_A1/Eval_On_COHFACE,COHFACE,old,COHFACE_s38_session0_lamp,50,61.99999999999999,65.0,correct,61.99999999999999,0.9999999999999999,63.0,0.9678967092685357,61.0,0.9139890564244817,65.0,0.9999999999999998,64.0,0.9949205956889611,66.0,0.9344222063458633,38_0,38,0,lamp,97.9481811523,70.3326568604,11.0209542185,0.13287491783,858.974802465,0.200497150421
UBFC_A1/Eval_On_COHFACE,COHFACE,old,COHFACE_s38_session1_lamp,0,68.0,60.0,large_error,68.0,0.9999999999999999,67.0,0.9298103303942123,69.0,0.9217274690315292,60.0,0.9999999999999998,59.0,0.9620904508855143,61.0,0.9382261065578325,38_1,38,1,lamp,83.6395339966,64.2824935913,15.0988690265,0,692.831838645,0.203548565507
UBFC_A1/Eval_On_COHFACE,COHFACE,old,COHFACE_s38_session1_lamp,1,65.0,61.0,large_error,65.0,0.9999999999999998,66.0,0.9394925158216626,64.0,0.9368783422699493,61.0,0.9999999999999999,61.99999999999999,0.997648277428905,60.0,0.9295872840845484,38_1,38,1,lamp,83.6395339966,64.2824935913,15.0988690265,0,692.831838645,0.203548565507
UBFC_A1/Eval_On_COHFACE,COHFACE,old,COHFACE_s38_session1_lamp,2,64.0,63.0,correct,64.0,0.9999999999999998,65.0,0.978028987291171,63.0,0.9039824778747685,63.0,0.9999999999999997,61.99999999999999,0.9794470445880611,64.0,0.9664850737048564,38_1,38,1,lamp,83.6395339966,64.2824935913,15.0988690265,0,692.831838645,0.203548565507
UBFC_A1/Eval_On_COHFACE,COHFACE,old,COHFACE_s38_session1_lamp,3,64.0,61.0,correct,64.0,0.9999999999999998,63.0,0.9770362760052561,65.0,0.9041023739697815,61.0,0.9999999999999998,61.99999999999999,0.9876041568793152,60.0,0.9414165725978834,38_1,38,1,lamp,83.6395339966,64.2824935913,15.0988690265,0,692.831838645,0.203548565507
UBFC_A1/Eval_On_COHFACE,COHFACE,old,COHFACE_s38_session1_lamp,4,64.0,81.0,super_harmonic_1p5x,64.0,0.9999999999999998,65.0,0.9760989238584944,63.0,0.9107494195090113,81.0,0.9999999999999997,82.0,0.9530307006025781,80.0,0.924498922033308,38_1,38,1,lamp,83.6395339966,64.2824935913,15.0988690265,0,692.831838645,0.203548565507
UBFC_A1/Eval_On_COHFACE,COHFACE,old,COHFACE_s38_session1_lamp,5,65.0,53.0,large_error,65.0,0.9999999999999998,64.0,0.9798615092729761,66.0,0.9063557810859055,53.0,0.9999999999999997,54.0,0.9537495799906001,66.0,0.9332690460127279,38_1,38,1,lamp,83.6395339966,64.2824935913,15.0988690265,0,692.831838645,0.203548565507
UBFC_A1/Eval_On_COHFACE,COHFACE,old,COHFACE_s38_session1_lamp,6,64.0,66.0,correct,64.0,0.9999999999999998,63.0,0.9773695262021489,65.0,0.9161597169725022,66.0,0.9999999999999997,67.0,0.9757717791744664,65.0,0.9110883274391369,38_1,38,1,lamp,83.6395339966,64.2824935913,15.0988690265,0,692.831838645,0.203548565507
UBFC_A1/Eval_On_COHFACE,COHFACE,old,COHFACE_s38_session1_lamp,7,63.0,55.0,large_error,63.0,0.9999999999999998,61.99999999999999,0.9898272469542592,64.0,0.8966524309166977,55.0,0.9999999999999997,81.0,0.9378864400753693,56.0,0.9323108918954618,38_1,38,1,lamp,83.6395339966,64.2824935913,15.0988690265,0,692.831838645,0.203548565507
UBFC_A1/Eval_On_COHFACE,COHFACE,old,COHFACE_s38_session1_lamp,8,61.99999999999999,60.0,correct,61.99999999999999,0.9999999999999998,63.0,0.9622015395575468,61.0,0.9160224933819827,60.0,0.9999999999999999,59.0,0.943115126441695,61.0,0.9359986854809688,38_1,38,1,lamp,83.6395339966,64.2824935913,15.0988690265,0,692.831838645,0.203548565507
UBFC_A1/Eval_On_COHFACE,COHFACE,old,COHFACE_s38_session1_lamp,9,61.99999999999999,61.99999999999999,correct,61.99999999999999,0.9999999999999998,61.0,0.9526297512383942,63.0,0.9324523800746239,61.99999999999999,0.9999999999999998,61.0,0.9843866304700694,63.0,0.9596342521653489,38_1,38,1,lamp,83.6395339966,64.2824935913,15.0988690265,0,692.831838645,0.203548565507
UBFC_A1/Eval_On_COHFACE,COHFACE,old,COHFACE_s38_session1_lamp,10,61.0,80.0,super_harmonic_1p5x,61.0,0.9999999999999998,60.0,0.9855459515313213,61.99999999999999,0.9162621885930782,80.0,0.9999999999999997,79.0,0.978980685491061,81.0,0.9447572368599569,38_1,38,1,lamp,83.6395339966,64.2824935913,15.0988690265,0,692.831838645,0.203548565507
UBFC_A1/Eval_On_COHFACE,COHFACE,old,COHFACE_s38_session1_lamp,11,60.0,78.0,super_harmonic_1p5x,60.0,0.9999999999999998,59.0,0.9926479694816501,61.0,0.9022219202385728,78.0,0.9999999999999998,79.0,0.9440344942105171,77.0,0.9411171916814024,38_1,38,1,lamp,83.6395339966,64.2824935913,15.0988690265,0,692.831838645,0.203548565507
UBFC_A1/Eval_On_COHFACE,COHFACE,old,COHFACE_s38_session1_lamp,12,60.0,80.0,super_harmonic_1p5x,60.0,0.9999999999999998,61.0,0.9524954955633317,59.0,0.9377993641353886,80.0,0.9999999999999998,79.0,0.9940623856260333,81.0,0.9147877710894082,38_1,38,1,lamp,83.6395339966,64.2824935913,15.0988690265,0,692.831838645,0.203548565507
UBFC_A1/Eval_On_COHFACE,COHFACE,old,COHFACE_s38_session1_lamp,13,61.0,79.0,super_harmonic_1p5x,61.0,0.9999999999999998,60.0,0.9547326057784081,61.99999999999999,0.928281682368219,79.0,0.9999999999999998,80.0,0.9838465853441409,78.0,0.9696067959824662,38_1,38,1,lamp,83.6395339966,64.2824935913,15.0988690265,0,692.831838645,0.203548565507
UBFC_A1/Eval_On_COHFACE,COHFACE,old,COHFACE_s38_session1_lamp,14,61.0,78.0,super_harmonic_1p5x,61.0,0.9999999999999998,61.99999999999999,0.9608329069425983,60.0,0.9210447323615859,78.0,0.9999999999999998,77.0,0.9947810072836373,79.0,0.9276708232156293,38_1,38,1,lamp,83.6395339966,64.2824935913,15.0988690265,0,692.831838645,0.203548565507
UBFC_A1/Eval_On_COHFACE,COHFACE,old,COHFACE_s38_session1_lamp,15,61.0,80.0,super_harmonic_1p5x,61.0,0.9999999999999998,61.99999999999999,0.9635662786543683,60.0,0.9189890664422458,80.0,0.9999999999999999,81.0,0.9872243804731189,79.0,0.8907709311525093,38_1,38,1,lamp,83.6395339966,64.2824935913,15.0988690265,0,692.831838645,0.203548565507
UBFC_A1/Eval_On_COHFACE,COHFACE,old,COHFACE_s38_session1_lamp,16,61.99999999999999,80.0,super_harmonic_1p5x,61.99999999999999,0.9999999999999998,61.0,0.9998302589170048,63.0,0.8827891242499263,80.0,0.9999999999999998,81.0,0.965361954634149,79.0,0.9138899952107657,38_1,38,1,lamp,83.6395339966,64.2824935913,15.0988690265,0,692.831838645,0.203548565507
UBFC_A1/Eval_On_COHFACE,COHFACE,old,COHFACE_s38_session1_lamp,17,61.0,80.0,super_harmonic_1p5x,61.0,0.9999999999999998,61.99999999999999,0.993517102774407,60.0,0.8883825782221109,80.0,0.9999999999999998,79.0,0.9698383732853461,42.0,0.9660476977972153,38_1,38,1,lamp,83.6395339966,64.2824935913,15.0988690265,0,692.831838645,0.203548565507
UBFC_A1/Eval_On_COHFACE,COHFACE,old,COHFACE_s38_session1_lamp,18,61.0,80.0,super_harmonic_1p5x,61.0,0.9999999999999998,60.0,0.9716651698579245,61.99999999999999,0.9200107634395922,80.0,0.9999999999999998,81.0,0.9986592675690654,79.0,0.8928245652621493,38_1,38,1,lamp,83.6395339966,64.2824935913,15.0988690265,0,692.831838645,0.203548565507
UBFC_A1/Eval_On_COHFACE,COHFACE,old,COHFACE_s38_session1_lamp,19,60.0,81.0,super_harmonic_1p5x,60.0,0.9999999999999998,61.0,0.9565141765896158,59.0,0.9299495803524255,81.0,0.9999999999999997,80.0,0.9756586585782222,82.0,0.9233271168357147,38_1,38,1,lamp,83.6395339966,64.2824935913,15.0988690265,0,692.831838645,0.203548565507
UBFC_A1/Eval_On_COHFACE,COHFACE,old,COHFACE_s38_session1_lamp,20,61.0,41.0,large_error,61.0,0.9999999999999998,60.0,0.9807130950841665,61.99999999999999,0.9039785196546105,41.0,0.9999999999999998,42.0,0.9955987451834492,40.0,0.9081156253680995,38_1,38,1,lamp,83.6395339966,64.2824935913,15.0988690265,0,692.831838645,0.203548565507
UBFC_A1/Eval_On_COHFACE,COHFACE,old,COHFACE_s38_session1_lamp,21,61.0,40.0,large_error,61.0,0.9999999999999998,60.0,0.9488058150085769,61.99999999999999,0.9301028698575126,40.0,0.9999999999999998,80.0,0.9511006594761595,79.0,0.9101721181609553,38_1,38,1,lamp,83.6395339966,64.2824935913,15.0988690265,0,692.831838645,0.203548565507
UBFC_A1/Eval_On_COHFACE,COHFACE,old,COHFACE_s38_session1_lamp,22,61.0,40.0,large_error,61.0,0.9999999999999998,60.0,0.9821010703517629,61.99999999999999,0.899650453650979,40.0,0.9999999999999998,41.0,0.9737347389727841,42.0,0.8358169107111236,38_1,38,1,lamp,83.6395339966,64.2824935913,15.0988690265,0,692.831838645,0.203548565507
UBFC_A1/Eval_On_COHFACE,COHFACE,old,COHFACE_s38_session1_lamp,23,61.0,41.0,large_error,61.0,0.9999999999999998,60.0,0.9634098303743031,61.99999999999999,0.9224664431895453,41.0,0.9999999999999998,40.0,0.9908035425819862,42.0,0.9156651404166284,38_1,38,1,lamp,83.6395339966,64.2824935913,15.0988690265,0,692.831838645,0.203548565507
UBFC_A1/Eval_On_COHFACE,COHFACE,old,COHFACE_s38_session1_lamp,24,61.99999999999999,40.0,large_error,61.99999999999999,0.9999999999999998,61.0,0.9751819121822173,63.0,0.9074400747273299,40.0,0.9999999999999998,41.0,0.9026785850084585,80.0,0.7995957463772406,38_1,38,1,lamp,83.6395339966,64.2824935913,15.0988690265,0,692.831838645,0.203548565507
UBFC_A1/Eval_On_COHFACE,COHFACE,old,COHFACE_s38_session1_lamp,25,61.99999999999999,79.0,super_harmonic_1p5x,61.99999999999999,0.9999999999999998,63.0,0.9562765159083445,61.0,0.922451099622934,79.0,0.9999999999999997,41.0,0.9955654446894652,42.0,0.9933172014993275,38_1,38,1,lamp,83.6395339966,64.2824935913,15.0988690265,0,692.831838645,0.203548565507
UBFC_A1/Eval_On_COHFACE,COHFACE,old,COHFACE_s38_session1_lamp,26,61.99999999999999,78.0,super_harmonic_1p5x,61.99999999999999,0.9999999999999998,61.0,0.9442575834559217,63.0,0.943301751920555,78.0,0.9999999999999998,77.0,0.9684128076768729,79.0,0.9435041131509093,38_1,38,1,lamp,83.6395339966,64.2824935913,15.0988690265,0,692.831838645,0.203548565507
UBFC_A1/Eval_On_COHFACE,COHFACE,old,COHFACE_s38_session1_lamp,27,61.99999999999999,80.0,super_harmonic_1p5x,61.99999999999999,0.9999999999999998,63.0,0.9964241121923272,61.0,0.9007232885549729,80.0,0.9999999999999997,81.0,0.979163187067197,40.0,0.970474210159403,38_1,38,1,lamp,83.6395339966,64.2824935913,15.0988690265,0,692.831838645,0.203548565507
UBFC_A1/Eval_On_COHFACE,COHFACE,old,COHFACE_s38_session1_lamp,28,63.0,81.0,super_harmonic_1p5x,63.0,0.9999999999999998,64.0,0.9936498896916772,61.99999999999999,0.8951255417371763,81.0,0.9999999999999998,82.0,0.9897698554318092,80.0,0.9106094271718468,38_1,38,1,lamp,83.6395339966,64.2824935913,15.0988690265,0,692.831838645,0.203548565507
UBFC_A1/Eval_On_COHFACE,COHFACE,old,COHFACE_s38_session1_lamp,29,63.0,67.0,large_error,63.0,0.9999999999999998,64.0,0.98482435498847,61.99999999999999,0.9018371307079543,67.0,0.9999999999999998,68.0,0.9702723536141689,66.0,0.9397873323830115,38_1,38,1,lamp,83.6395339966,64.2824935913,15.0988690265,0,692.831838645,0.203548565507
UBFC_A1/Eval_On_COHFACE,COHFACE,old,COHFACE_s38_session1_lamp,30,63.0,82.0,super_harmonic_1p5x,63.0,0.9999999999999998,61.99999999999999,0.9636129230912444,64.0,0.930499832622603,82.0,0.9999999999999998,83.0,0.9833101720963436,81.0,0.9222100870494196,38_1,38,1,lamp,83.6395339966,64.2824935913,15.0988690265,0,692.831838645,0.203548565507
UBFC_A1/Eval_On_COHFACE,COHFACE,old,COHFACE_s38_session1_lamp,31,61.99999999999999,63.0,correct,61.99999999999999,0.9999999999999998,63.0,0.9787243550833183,61.0,0.9078966575259906,63.0,0.9999999999999998,61.99999999999999,0.9965468663860658,64.0,0.8866923827050812,38_1,38,1,lamp,83.6395339966,64.2824935913,15.0988690265,0,692.831838645,0.203548565507
UBFC_A1/Eval_On_COHFACE,COHFACE,old,COHFACE_s38_session1_lamp,32,61.99999999999999,60.0,correct,61.99999999999999,0.9999999999999998,61.0,0.9511020773780245,63.0,0.9370134857945671,60.0,0.9999999999999998,59.0,0.9689030559532157,61.0,0.9611649432474957,38_1,38,1,lamp,83.6395339966,64.2824935913,15.0988690265,0,692.831838645,0.203548565507
UBFC_A1/Eval_On_COHFACE,COHFACE,old,COHFACE_s38_session1_lamp,33,61.0,59.0,correct,61.0,0.9999999999999998,61.99999999999999,0.9525905150724782,60.0,0.9502716417724072,59.0,0.9999999999999998,58.0,0.9636632247575547,60.0,0.9337834568965543,38_1,38,1,lamp,83.6395339966,64.2824935913,15.0988690265,0,692.831838645,0.203548565507
UBFC_A1/Eval_On_COHFACE,COHFACE,old,COHFACE_s38_session1_lamp,34,61.0,60.0,correct,61.0,0.9999999999999998,60.0,0.9823235897108089,61.99999999999999,0.917058028059016,60.0,0.9999999999999998,61.0,0.9943155534645747,59.0,0.8838657469647458,38_1,38,1,lamp,83.6395339966,64.2824935913,15.0988690265,0,692.831838645,0.203548565507
UBFC_A1/Eval_On_COHFACE,COHFACE,old,COHFACE_s38_session1_lamp,35,61.99999999999999,60.0,correct,61.99999999999999,0.9999999999999998,61.0,0.9827361890903719,63.0,0.9070472107152182,60.0,0.9999999999999999,61.0,0.9770161849196124,59.0,0.927990351995455,38_1,38,1,lamp,83.6395339966,64.2824935913,15.0988690265,0,692.831838645,0.203548565507
UBFC_A1/Eval_On_COHFACE,COHFACE,old,COHFACE_s38_session1_lamp,36,63.0,60.0,correct,63.0,0.9999999999999998,61.99999999999999,0.9541555856656211,64.0,0.9215229405623093,60.0,0.9999999999999998,59.0,0.9815777272879208,61.0,0.9541203287949627,38_1,38,1,lamp,83.6395339966,64.2824935913,15.0988690265,0,692.831838645,0.203548565507
UBFC_A1/Eval_On_COHFACE,COHFACE,old,COHFACE_s38_session1_lamp,37,63.0,80.0,super_harmonic_1p5x,63.0,0.9999999999999998,61.99999999999999,0.9471720200199127,64.0,0.9312094341002278,80.0,0.9999999999999998,79.0,0.9905035753722939,81.0,0.9471711784609453,38_1,38,1,lamp,83.6395339966,64.2824935913,15.0988690265,0,692.831838645,0.203548565507
UBFC_A1/Eval_On_COHFACE,COHFACE,old,COHFACE_s38_session1_lamp,38,63.0,60.0,correct,63.0,0.9999999999999998,61.99999999999999,0.985657081102216,64.0,0.8936514426187163,60.0,0.9999999999999999,61.0,0.9784650270115363,59.0,0.9318948842687097,38_1,38,1,lamp,83.6395339966,64.2824935913,15.0988690265,0,692.831838645,0.203548565507
UBFC_A1/Eval_On_COHFACE,COHFACE,old,COHFACE_s38_session1_lamp,39,63.0,40.0,large_error,63.0,0.9999999999999998,61.99999999999999,0.9984813772705833,64.0,0.8814029811997323,40.0,0.9999999999999997,59.0,0.9958029489289247,60.0,0.9908289948847162,38_1,38,1,lamp,83.6395339966,64.2824935913,15.0988690265,0,692.831838645,0.203548565507
UBFC_A1/Eval_On_COHFACE,COHFACE,old,COHFACE_s38_session1_lamp,40,61.99999999999999,81.0,super_harmonic_1p5x,61.99999999999999,0.9999999999999998,61.0,0.964545031201014,63.0,0.9249943968377423,81.0,0.9999999999999998,80.0,0.9994177148646529,79.0,0.8856672620662822,38_1,38,1,lamp,83.6395339966,64.2824935913,15.0988690265,0,692.831838645,0.203548565507
UBFC_A1/Eval_On_COHFACE,COHFACE,old,COHFACE_s38_session1_lamp,41,60.0,59.0,correct,60.0,0.9999999999999998,61.0,0.9913673405785272,59.0,0.9097220095736347,59.0,0.9999999999999998,58.0,0.9571137015323179,60.0,0.9364988572212359,38_1,38,1,lamp,83.6395339966,64.2824935913,15.0988690265,0,692.831838645,0.203548565507
UBFC_A1/Eval_On_COHFACE,COHFACE,old,COHFACE_s38_session1_lamp,42,60.0,43.0,large_error,60.0,0.9999999999999998,61.0,0.9460874108158953,59.0,0.9427734186767074,43.0,0.9999999999999997,44.0,0.9945238879670175,45.0,0.9526882617818406,38_1,38,1,lamp,83.6395339966,64.2824935913,15.0988690265,0,692.831838645,0.203548565507
UBFC_A1/Eval_On_COHFACE,COHFACE,old,COHFACE_s38_session1_lamp,43,61.0,60.0,correct,61.0,0.9999999999999998,60.0,0.9872833280471397,61.99999999999999,0.8985441029174221,60.0,0.9999999999999997,59.0,0.9592900951312366,61.0,0.9309333027431852,38_1,38,1,lamp,83.6395339966,64.2824935913,15.0988690265,0,692.831838645,0.203548565507
UBFC_A1/Eval_On_COHFACE,COHFACE,old,COHFACE_s38_session1_lamp,44,61.0,61.0,correct,61.0,0.9999999999999998,61.99999999999999,0.9818660324780699,60.0,0.8992696934665104,61.0,0.9999999999999998,61.99999999999999,0.9823070548488206,60.0,0.8752819519568606,38_1,38,1,lamp,83.6395339966,64.2824935913,15.0988690265,0,692.831838645,0.203548565507
UBFC_A1/Eval_On_COHFACE,COHFACE,old,COHFACE_s38_session1_lamp,45,61.0,67.0,large_error,61.0,0.9999999999999998,61.99999999999999,0.980660817528468,60.0,0.9029755268289253,67.0,0.9999999999999997,68.0,0.9821207120514288,66.0,0.968756567329741,38_1,38,1,lamp,83.6395339966,64.2824935913,15.0988690265,0,692.831838645,0.203548565507
UBFC_A1/Eval_On_COHFACE,COHFACE,old,COHFACE_s38_session1_lamp,46,61.0,64.0,correct,61.0,0.9999999999999998,61.99999999999999,0.972131405459856,60.0,0.9114011846592875,64.0,0.9999999999999997,63.0,0.9975439524905847,65.0,0.975424376470049,38_1,38,1,lamp,83.6395339966,64.2824935913,15.0988690265,0,692.831838645,0.203548565507
UBFC_A1/Eval_On_COHFACE,COHFACE,old,COHFACE_s38_session1_lamp,47,61.99999999999999,61.0,correct,61.99999999999999,0.9999999999999998,61.0,0.9651412776505052,63.0,0.9185127299914105,61.0,0.9999999999999998,61.99999999999999,0.9725274669413202,60.0,0.9582759875691242,38_1,38,1,lamp,83.6395339966,64.2824935913,15.0988690265,0,692.831838645,0.203548565507
UBFC_A1/Eval_On_COHFACE,COHFACE,old,COHFACE_s38_session1_lamp,48,61.99999999999999,64.0,correct,61.99999999999999,0.9999999999999998,61.0,0.9501697129710057,63.0,0.9387843882428859,64.0,0.9999999999999998,65.0,0.9908973026140074,63.0,0.9749893276850387,38_1,38,1,lamp,83.6395339966,64.2824935913,15.0988690265,0,692.831838645,0.203548565507
UBFC_A1/Eval_On_COHFACE,COHFACE,old,COHFACE_s38_session1_lamp,49,61.99999999999999,61.0,correct,61.99999999999999,0.9999999999999998,61.0,0.9706447740870864,63.0,0.9204342923649858,61.0,0.9999999999999996,61.99999999999999,0.9995549957891061,60.0,0.9615734412276765,38_1,38,1,lamp,83.6395339966,64.2824935913,15.0988690265,0,692.831838645,0.203548565507
UBFC_A1/Eval_On_COHFACE,COHFACE,old,COHFACE_s38_session1_lamp,50,61.99999999999999,60.0,correct,61.99999999999999,0.9999999999999998,63.0,0.979195956623968,61.0,0.9165906660932803,60.0,0.9999999999999997,61.0,0.9713566221462853,59.0,0.9561228259970631,38_1,38,1,lamp,83.6395339966,64.2824935913,15.0988690265,0,692.831838645,0.203548565507
UBFC_A1/Eval_On_COHFACE,COHFACE,old,COHFACE_s38_session2_natural,0,63.0,80.0,super_harmonic_1p5x,63.0,1.0,64.0,0.9904900206031018,61.99999999999999,0.8811268883002418,80.0,0.9999999999999996,79.0,0.9892120143800935,81.0,0.8512752703946828,38_2,38,2,natural,80.4104385376,67.0568161011,16.6635234704,1.71447068118e-05,762.714237472,0.170376583934
UBFC_A1/Eval_On_COHFACE,COHFACE,old,COHFACE_s38_session2_natural,1,63.0,90.0,super_harmonic_1p5x,63.0,0.9999999999999999,64.0,0.9728264659991286,61.99999999999999,0.9079145386519979,90.0,0.9999999999999994,89.0,0.9707058360718627,91.0,0.8770715469185474,38_2,38,2,natural,80.4104385376,67.0568161011,16.6635234704,1.71447068118e-05,762.714237472,0.170376583934
UBFC_A1/Eval_On_COHFACE,COHFACE,old,COHFACE_s38_session2_natural,2,64.0,52.0,large_error,64.0,0.9999999999999999,63.0,0.9795214396152301,65.0,0.8882900121607169,52.0,0.9999999999999998,51.0,0.9948820727773489,53.0,0.900492453895143,38_2,38,2,natural,80.4104385376,67.0568161011,16.6635234704,1.71447068118e-05,762.714237472,0.170376583934
UBFC_A1/Eval_On_COHFACE,COHFACE,old,COHFACE_s38_session2_natural,3,64.0,61.99999999999999,correct,64.0,0.9999999999999998,63.0,0.9981585295879182,65.0,0.8729953935979186,61.99999999999999,0.9999999999999997,63.0,0.9949788344113756,61.0,0.8755505872478352,38_2,38,2,natural,80.4104385376,67.0568161011,16.6635234704,1.71447068118e-05,762.714237472,0.170376583934
UBFC_A1/Eval_On_COHFACE,COHFACE,old,COHFACE_s38_session2_natural,4,63.0,61.0,correct,63.0,0.9999999999999998,61.99999999999999,0.996428486318814,64.0,0.894924716622985,61.0,0.9999999999999997,81.0,0.9959426596764103,61.99999999999999,0.9766197664939504,38_2,38,2,natural,80.4104385376,67.0568161011,16.6635234704,1.71447068118e-05,762.714237472,0.170376583934
UBFC_A1/Eval_On_COHFACE,COHFACE,old,COHFACE_s38_session2_natural,5,61.99999999999999,61.0,correct,61.99999999999999,0.9999999999999998,61.0,0.9912483007734412,63.0,0.8854583255083441,61.0,0.9999999999999997,61.99999999999999,0.992305728884127,60.0,0.9125411785178503,38_2,38,2,natural,80.4104385376,67.0568161011,16.6635234704,1.71447068118e-05,762.714237472,0.170376583934
UBFC_A1/Eval_On_COHFACE,COHFACE,old,COHFACE_s38_session2_natural,6,61.99999999999999,61.0,correct,61.99999999999999,0.9999999999999999,61.0,0.9389765963861862,63.0,0.9332737566764194,61.0,0.9999999999999998,61.99999999999999,0.9555439830066295,60.0,0.9354934819357235,38_2,38,2,natural,80.4104385376,67.0568161011,16.6635234704,1.71447068118e-05,762.714237472,0.170376583934
UBFC_A1/Eval_On_COHFACE,COHFACE,old,COHFACE_s38_session2_natural,7,61.99999999999999,61.0,correct,61.99999999999999,0.9999999999999999,63.0,0.9629226377735323,61.0,0.9100976381008636,61.0,0.9999999999999999,60.0,0.9957601328077365,61.99999999999999,0.8996552601455792,38_2,38,2,natural,80.4104385376,67.0568161011,16.6635234704,1.71447068118e-05,762.714237472,0.170376583934
UBFC_A1/Eval_On_COHFACE,COHFACE,old,COHFACE_s38_session2_natural,8,61.99999999999999,64.0,correct,61.99999999999999,0.9999999999999999,61.0,0.9785753865317441,63.0,0.9094520601663711,64.0,0.9999999999999999,63.0,0.9793526503463673,65.0,0.9518823110710604,38_2,38,2,natural,80.4104385376,67.0568161011,16.6635234704,1.71447068118e-05,762.714237472,0.170376583934
UBFC_A1/Eval_On_COHFACE,COHFACE,old,COHFACE_s38_session2_natural,9,61.99999999999999,63.0,correct,61.99999999999999,0.9999999999999999,61.0,0.9927330330144759,63.0,0.9040706018508796,63.0,0.9999999999999999,64.0,0.9770372695607938,61.99999999999999,0.9229588674753253,38_2,38,2,natural,80.4104385376,67.0568161011,16.6635234704,1.71447068118e-05,762.714237472,0.170376583934
UBFC_A1/Eval_On_COHFACE,COHFACE,old,COHFACE_s38_session2_natural,10,61.99999999999999,61.0,correct,61.99999999999999,0.9999999999999999,63.0,0.9914423245882078,61.0,0.9032574146667892,61.0,0.9999999999999998,61.99999999999999,0.9747105827554733,60.0,0.8848938364571363,38_2,38,2,natural,80.4104385376,67.0568161011,16.6635234704,1.71447068118e-05,762.714237472,0.170376583934
UBFC_A1/Eval_On_COHFACE,COHFACE,old,COHFACE_s38_session2_natural,11,63.0,61.0,correct,63.0,0.9999999999999999,61.99999999999999,0.9920190879037853,64.0,0.8993546763370511,61.0,0.9999999999999999,61.99999999999999,0.980516138073314,60.0,0.9352424546578118,38_2,38,2,natural,80.4104385376,67.0568161011,16.6635234704,1.71447068118e-05,762.714237472,0.170376583934
UBFC_A1/Eval_On_COHFACE,COHFACE,old,COHFACE_s38_session2_natural,12,61.99999999999999,60.0,correct,61.99999999999999,0.9999999999999999,63.0,0.9539259383000291,61.0,0.9398963602274408,60.0,0.9999999999999999,61.0,0.9686277641161238,59.0,0.9188471328775168,38_2,38,2,natural,80.4104385376,67.0568161011,16.6635234704,1.71447068118e-05,762.714237472,0.170376583934
UBFC_A1/Eval_On_COHFACE,COHFACE,old,COHFACE_s38_session2_natural,13,61.99999999999999,60.0,correct,61.99999999999999,0.9999999999999999,61.0,0.965193098836683,63.0,0.930742571285739,60.0,0.9999999999999998,61.0,0.9712402037958494,59.0,0.9163331953087702,38_2,38,2,natural,80.4104385376,67.0568161011,16.6635234704,1.71447068118e-05,762.714237472,0.170376583934
UBFC_A1/Eval_On_COHFACE,COHFACE,old,COHFACE_s38_session2_natural,14,63.0,60.0,correct,63.0,0.9999999999999999,61.99999999999999,0.9470829201323994,64.0,0.9405109207045523,60.0,0.9999999999999998,59.0,0.9674006901325841,61.0,0.954927397349701,38_2,38,2,natural,80.4104385376,67.0568161011,16.6635234704,1.71447068118e-05,762.714237472,0.170376583934
UBFC_A1/Eval_On_COHFACE,COHFACE,old,COHFACE_s38_session2_natural,15,64.0,60.0,large_error,64.0,0.9999999999999999,63.0,0.9753829407650668,65.0,0.9083619152410446,60.0,0.9999999999999998,61.0,0.9931529663665862,59.0,0.9270156280807256,38_2,38,2,natural,80.4104385376,67.0568161011,16.6635234704,1.71447068118e-05,762.714237472,0.170376583934
UBFC_A1/Eval_On_COHFACE,COHFACE,old,COHFACE_s38_session2_natural,16,63.0,61.0,correct,63.0,0.9999999999999998,64.0,0.964903715325669,61.99999999999999,0.9239487656909302,61.0,0.9999999999999999,60.0,0.9868674631577211,61.99999999999999,0.9188499993109049,38_2,38,2,natural,80.4104385376,67.0568161011,16.6635234704,1.71447068118e-05,762.714237472,0.170376583934
UBFC_A1/Eval_On_COHFACE,COHFACE,old,COHFACE_s38_session2_natural,17,63.0,64.0,correct,63.0,0.9999999999999998,64.0,0.9473801613952051,61.99999999999999,0.9382043416555456,64.0,0.9999999999999999,63.0,0.9816582923023774,65.0,0.8975508081311924,38_2,38,2,natural,80.4104385376,67.0568161011,16.6635234704,1.71447068118e-05,762.714237472,0.170376583934
UBFC_A1/Eval_On_COHFACE,COHFACE,old,COHFACE_s38_session2_natural,18,63.0,65.0,correct,63.0,0.9999999999999998,64.0,0.9902490976962459,61.99999999999999,0.8960588911979714,65.0,0.9999999999999999,66.0,0.9989965227385281,64.0,0.9209920724374183,38_2,38,2,natural,80.4104385376,67.0568161011,16.6635234704,1.71447068118e-05,762.714237472,0.170376583934
UBFC_A1/Eval_On_COHFACE,COHFACE,old,COHFACE_s38_session2_natural,19,63.0,65.0,correct,63.0,0.9999999999999998,64.0,0.984020159796851,61.99999999999999,0.9112167874271278,65.0,0.9999999999999999,66.0,0.9786781246460352,64.0,0.9351199896484473,38_2,38,2,natural,80.4104385376,67.0568161011,16.6635234704,1.71447068118e-05,762.714237472,0.170376583934
UBFC_A1/Eval_On_COHFACE,COHFACE,old,COHFACE_s38_session2_natural,20,63.0,64.0,correct,63.0,0.9999999999999998,61.99999999999999,0.9662637945981833,64.0,0.9319309324472625,64.0,0.9999999999999998,63.0,0.964308317968009,65.0,0.9481192266718971,38_2,38,2,natural,80.4104385376,67.0568161011,16.6635234704,1.71447068118e-05,762.714237472,0.170376583934
UBFC_A1/Eval_On_COHFACE,COHFACE,old,COHFACE_s38_session2_natural,21,63.0,66.0,correct,63.0,0.9999999999999998,64.0,0.9765231552717818,61.99999999999999,0.9127063529006918,66.0,0.9999999999999998,67.0,0.9806780945493734,65.0,0.9077371132768096,38_2,38,2,natural,80.4104385376,67.0568161011,16.6635234704,1.71447068118e-05,762.714237472,0.170376583934
UBFC_A1/Eval_On_COHFACE,COHFACE,old,COHFACE_s38_session2_natural,22,64.0,66.0,correct,64.0,0.9999999999999998,63.0,0.9669517067165155,65.0,0.9179427544218043,66.0,0.9999999999999998,67.0,0.9941031992445992,65.0,0.9218464664369522,38_2,38,2,natural,80.4104385376,67.0568161011,16.6635234704,1.71447068118e-05,762.714237472,0.170376583934
UBFC_A1/Eval_On_COHFACE,COHFACE,old,COHFACE_s38_session2_natural,23,64.0,63.0,correct,64.0,0.9999999999999999,65.0,0.9469301358634808,63.0,0.9378846473746009,63.0,0.9999999999999999,64.0,0.9740694381723854,61.99999999999999,0.9304886078475971,38_2,38,2,natural,80.4104385376,67.0568161011,16.6635234704,1.71447068118e-05,762.714237472,0.170376583934
UBFC_A1/Eval_On_COHFACE,COHFACE,old,COHFACE_s38_session2_natural,24,64.0,65.0,correct,64.0,0.9999999999999999,63.0,0.9636949680107096,65.0,0.922440409922103,65.0,0.9999999999999999,66.0,0.9470060569135957,64.0,0.9448531715763564,38_2,38,2,natural,80.4104385376,67.0568161011,16.6635234704,1.71447068118e-05,762.714237472,0.170376583934
UBFC_A1/Eval_On_COHFACE,COHFACE,old,COHFACE_s38_session2_natural,25,64.0,66.0,correct,64.0,0.9999999999999999,65.0,0.9615271731527254,63.0,0.9142373575064288,66.0,0.9999999999999999,65.0,0.9616474866544824,67.0,0.9332427360794144,38_2,38,2,natural,80.4104385376,67.0568161011,16.6635234704,1.71447068118e-05,762.714237472,0.170376583934
UBFC_A1/Eval_On_COHFACE,COHFACE,old,COHFACE_s38_session2_natural,26,64.0,66.0,correct,64.0,0.9999999999999999,65.0,0.9904253796631546,63.0,0.8837973226672904,66.0,0.9999999999999999,65.0,0.9734204131113544,67.0,0.9191392492811391,38_2,38,2,natural,80.4104385376,67.0568161011,16.6635234704,1.71447068118e-05,762.714237472,0.170376583934
UBFC_A1/Eval_On_COHFACE,COHFACE,old,COHFACE_s38_session2_natural,27,64.0,64.0,correct,64.0,0.9999999999999999,65.0,0.9984663649271203,63.0,0.88823791932435,64.0,0.9999999999999999,65.0,0.9878841202017744,63.0,0.9287963329622696,38_2,38,2,natural,80.4104385376,67.0568161011,16.6635234704,1.71447068118e-05,762.714237472,0.170376583934
UBFC_A1/Eval_On_COHFACE,COHFACE,old,COHFACE_s38_session2_natural,28,65.0,66.0,correct,65.0,0.9999999999999999,66.0,0.9544291600195026,64.0,0.9315724353150314,66.0,0.9999999999999998,65.0,0.967306702378034,67.0,0.954367426369982,38_2,38,2,natural,80.4104385376,67.0568161011,16.6635234704,1.71447068118e-05,762.714237472,0.170376583934
UBFC_A1/Eval_On_COHFACE,COHFACE,old,COHFACE_s38_session2_natural,29,67.0,67.0,correct,67.0,0.9999999999999999,66.0,0.9943636395763471,68.0,0.8937744042156017,67.0,0.9999999999999999,68.0,0.9936682630563313,66.0,0.8901612862431927,38_2,38,2,natural,80.4104385376,67.0568161011,16.6635234704,1.71447068118e-05,762.714237472,0.170376583934
UBFC_A1/Eval_On_COHFACE,COHFACE,old,COHFACE_s38_session2_natural,30,67.0,66.0,correct,67.0,0.9999999999999999,66.0,0.9874342982883394,68.0,0.9011814609731527,66.0,0.9999999999999999,67.0,0.9973656685319298,53.0,0.9244470365302558,38_2,38,2,natural,80.4104385376,67.0568161011,16.6635234704,1.71447068118e-05,762.714237472,0.170376583934
UBFC_A1/Eval_On_COHFACE,COHFACE,old,COHFACE_s38_session2_natural,31,66.0,54.0,large_error,66.0,0.9999999999999999,67.0,0.9517231052751552,65.0,0.9473061325421692,54.0,0.9999999999999998,53.0,0.9986980982382272,52.0,0.8924876681482479,38_2,38,2,natural,80.4104385376,67.0568161011,16.6635234704,1.71447068118e-05,762.714237472,0.170376583934
UBFC_A1/Eval_On_COHFACE,COHFACE,old,COHFACE_s38_session2_natural,32,66.0,53.0,large_error,66.0,0.9999999999999999,67.0,0.9474647458878686,65.0,0.9420460002827741,53.0,0.9999999999999998,52.0,0.9735958191204019,54.0,0.938284798768387,38_2,38,2,natural,80.4104385376,67.0568161011,16.6635234704,1.71447068118e-05,762.714237472,0.170376583934
UBFC_A1/Eval_On_COHFACE,COHFACE,old,COHFACE_s38_session2_natural,33,66.0,66.0,correct,66.0,0.9999999999999998,65.0,0.9568549172829311,67.0,0.9287557498489037,66.0,0.9999999999999998,67.0,0.9874660748115994,65.0,0.9559993653629025,38_2,38,2,natural,80.4104385376,67.0568161011,16.6635234704,1.71447068118e-05,762.714237472,0.170376583934
UBFC_A1/Eval_On_COHFACE,COHFACE,old,COHFACE_s38_session2_natural,34,65.0,65.0,correct,65.0,0.9999999999999998,66.0,0.9604517186037106,64.0,0.9336920757602662,65.0,0.9999999999999998,64.0,0.9841797145354224,66.0,0.9573251441283207,38_2,38,2,natural,80.4104385376,67.0568161011,16.6635234704,1.71447068118e-05,762.714237472,0.170376583934
UBFC_A1/Eval_On_COHFACE,COHFACE,old,COHFACE_s38_session2_natural,35,65.0,61.0,large_error,65.0,0.9999999999999998,64.0,0.9938220518269864,66.0,0.8915499283324967,61.0,0.9999999999999999,60.0,0.9954049847361308,61.99999999999999,0.9119871818364862,38_2,38,2,natural,80.4104385376,67.0568161011,16.6635234704,1.71447068118e-05,762.714237472,0.170376583934
UBFC_A1/Eval_On_COHFACE,COHFACE,old,COHFACE_s38_session2_natural,36,65.0,64.0,correct,65.0,0.9999999999999998,64.0,0.9961539085799493,66.0,0.8847307708594736,64.0,0.9999999999999998,65.0,0.9478538191094673,63.0,0.9125554802245552,38_2,38,2,natural,80.4104385376,67.0568161011,16.6635234704,1.71447068118e-05,762.714237472,0.170376583934
UBFC_A1/Eval_On_COHFACE,COHFACE,old,COHFACE_s38_session2_natural,37,65.0,65.0,correct,65.0,0.9999999999999998,64.0,0.9480062955778329,66.0,0.9375882653106458,65.0,0.9999999999999999,64.0,0.9312887883130909,66.0,0.9097774768586503,38_2,38,2,natural,80.4104385376,67.0568161011,16.6635234704,1.71447068118e-05,762.714237472,0.170376583934
UBFC_A1/Eval_On_COHFACE,COHFACE,old,COHFACE_s38_session2_natural,38,65.0,66.0,correct,65.0,0.9999999999999998,66.0,0.9542845324071036,64.0,0.9310757499569295,66.0,0.9999999999999998,67.0,0.9314736735026996,65.0,0.9308052696109301,38_2,38,2,natural,80.4104385376,67.0568161011,16.6635234704,1.71447068118e-05,762.714237472,0.170376583934
UBFC_A1/Eval_On_COHFACE,COHFACE,old,COHFACE_s38_session2_natural,39,65.0,66.0,correct,65.0,0.9999999999999998,64.0,0.9452955430168574,66.0,0.9283815926552497,66.0,0.9999999999999998,65.0,0.990200635596891,67.0,0.896203263185209,38_2,38,2,natural,80.4104385376,67.0568161011,16.6635234704,1.71447068118e-05,762.714237472,0.170376583934
UBFC_A1/Eval_On_COHFACE,COHFACE,old,COHFACE_s38_session2_natural,40,65.0,82.0,super_harmonic_1p5x,65.0,0.9999999999999999,66.0,0.9662448329277196,64.0,0.9124404843981302,82.0,0.9999999999999997,81.0,0.9916397780024394,83.0,0.9126032218387096,38_2,38,2,natural,80.4104385376,67.0568161011,16.6635234704,1.71447068118e-05,762.714237472,0.170376583934
UBFC_A1/Eval_On_COHFACE,COHFACE,old,COHFACE_s38_session2_natural,41,65.0,68.0,correct,65.0,0.9999999999999998,66.0,0.9934235605501048,64.0,0.9021054056352792,68.0,0.9999999999999999,67.0,0.9984954639803839,69.0,0.8779752622862921,38_2,38,2,natural,80.4104385376,67.0568161011,16.6635234704,1.71447068118e-05,762.714237472,0.170376583934
UBFC_A1/Eval_On_COHFACE,COHFACE,old,COHFACE_s38_session2_natural,42,66.0,69.0,correct,66.0,0.9999999999999998,65.0,0.9715550178365707,67.0,0.9304757535079529,69.0,0.9999999999999998,80.0,0.9519259181066625,70.0,0.9356822097653206,38_2,38,2,natural,80.4104385376,67.0568161011,16.6635234704,1.71447068118e-05,762.714237472,0.170376583934
UBFC_A1/Eval_On_COHFACE,COHFACE,old,COHFACE_s38_session2_natural,43,66.0,81.0,large_error,66.0,0.9999999999999999,67.0,0.9557500919881282,65.0,0.9446046788575836,81.0,0.9999999999999998,80.0,0.9496034707204624,82.0,0.9219676568594922,38_2,38,2,natural,80.4104385376,67.0568161011,16.6635234704,1.71447068118e-05,762.714237472,0.170376583934
UBFC_A1/Eval_On_COHFACE,COHFACE,old,COHFACE_s38_session2_natural,44,66.0,53.0,large_error,66.0,0.9999999999999999,65.0,0.9952586054768947,67.0,0.9088796885336891,53.0,0.9999999999999999,52.0,0.9645653684011269,54.0,0.9309757439269122,38_2,38,2,natural,80.4104385376,67.0568161011,16.6635234704,1.71447068118e-05,762.714237472,0.170376583934
UBFC_A1/Eval_On_COHFACE,COHFACE,old,COHFACE_s38_session2_natural,45,65.0,79.0,large_error,65.0,0.9999999999999999,64.0,0.9767078635383462,66.0,0.9207373256594581,79.0,0.9999999999999998,80.0,0.9640621170831027,78.0,0.9597629013484432,38_2,38,2,natural,80.4104385376,67.0568161011,16.6635234704,1.71447068118e-05,762.714237472,0.170376583934
UBFC_A1/Eval_On_COHFACE,COHFACE,old,COHFACE_s38_session2_natural,46,64.0,79.0,large_error,64.0,0.9999999999999998,65.0,0.9557257214462461,63.0,0.9279738106401682,79.0,0.9999999999999998,78.0,0.9910140241069315,80.0,0.9520341293913424,38_2,38,2,natural,80.4104385376,67.0568161011,16.6635234704,1.71447068118e-05,762.714237472,0.170376583934
UBFC_A1/Eval_On_COHFACE,COHFACE,old,COHFACE_s38_session2_natural,47,63.0,61.99999999999999,correct,63.0,0.9999999999999998,64.0,0.9602916103040005,61.99999999999999,0.9346765344086033,61.99999999999999,0.9999999999999998,61.0,0.9995133253668974,60.0,0.8968295045583788,38_2,38,2,natural,80.4104385376,67.0568161011,16.6635234704,1.71447068118e-05,762.714237472,0.170376583934
UBFC_A1/Eval_On_COHFACE,COHFACE,old,COHFACE_s38_session2_natural,48,61.99999999999999,61.0,correct,61.99999999999999,0.9999999999999999,61.0,0.9561792518894361,63.0,0.9402186776687771,61.0,0.9999999999999999,60.0,0.9550517989089894,61.99999999999999,0.9519511030556663,38_2,38,2,natural,80.4104385376,67.0568161011,16.6635234704,1.71447068118e-05,762.714237472,0.170376583934
UBFC_A1/Eval_On_COHFACE,COHFACE,old,COHFACE_s38_session2_natural,49,61.99999999999999,63.0,correct,61.99999999999999,0.9999999999999999,61.0,0.965965799742208,63.0,0.9198928100716561,63.0,0.9999999999999998,61.99999999999999,0.9761405962283838,64.0,0.9672367401352508,38_2,38,2,natural,80.4104385376,67.0568161011,16.6635234704,1.71447068118e-05,762.714237472,0.170376583934
UBFC_A1/Eval_On_COHFACE,COHFACE,old,COHFACE_s38_session2_natural,50,61.99999999999999,66.0,large_error,61.99999999999999,0.9999999999999999,63.0,0.983378830532858,61.0,0.8926060778002698,66.0,0.9999999999999999,65.0,0.97157466551773,67.0,0.9715268462668659,38_2,38,2,natural,80.4104385376,67.0568161011,16.6635234704,1.71447068118e-05,762.714237472,0.170376583934
UBFC_A1/Eval_On_COHFACE,COHFACE,old,COHFACE_s38_session3_natural,0,66.0,80.0,large_error,66.0,0.9999999999999998,67.0,0.9965713514745064,68.0,0.9140057021972912,80.0,0.9999999999999996,81.0,0.9506646026206005,79.0,0.8841374925428981,38_3,38,3,natural,89.2923660278,71.3900604248,14.9504019544,0.0139822367749,849.643244546,0.177921548486
UBFC_A1/Eval_On_COHFACE,COHFACE,old,COHFACE_s38_session3_natural,1,63.0,81.0,super_harmonic_1p5x,63.0,0.9999999999999999,64.0,0.9543605795656078,61.99999999999999,0.9404203762956985,81.0,0.9999999999999996,80.0,0.9717278102431463,82.0,0.8870911395612081,38_3,38,3,natural,89.2923660278,71.3900604248,14.9504019544,0.0139822367749,849.643244546,0.177921548486
UBFC_A1/Eval_On_COHFACE,COHFACE,old,COHFACE_s38_session3_natural,2,64.0,75.0,large_error,64.0,0.9999999999999998,63.0,0.9909057840763742,65.0,0.8881829572871752,75.0,0.9999999999999999,76.0,0.9599679698697272,74.0,0.930759736043828,38_3,38,3,natural,89.2923660278,71.3900604248,14.9504019544,0.0139822367749,849.643244546,0.177921548486
UBFC_A1/Eval_On_COHFACE,COHFACE,old,COHFACE_s38_session3_natural,3,64.0,76.0,large_error,64.0,0.9999999999999998,63.0,0.9833490581436756,65.0,0.888105285969838,76.0,0.9999999999999998,77.0,0.9777816955811952,75.0,0.9721135777773271,38_3,38,3,natural,89.2923660278,71.3900604248,14.9504019544,0.0139822367749,849.643244546,0.177921548486
UBFC_A1/Eval_On_COHFACE,COHFACE,old,COHFACE_s38_session3_natural,4,64.0,76.0,large_error,64.0,0.9999999999999998,63.0,0.9883081139346892,65.0,0.8901269664669691,76.0,0.9999999999999997,75.0,0.9901870963378143,77.0,0.985066679789813,38_3,38,3,natural,89.2923660278,71.3900604248,14.9504019544,0.0139822367749,849.643244546,0.177921548486
UBFC_A1/Eval_On_COHFACE,COHFACE,old,COHFACE_s38_session3_natural,5,65.0,78.0,large_error,65.0,0.9999999999999998,64.0,0.9997615613089045,66.0,0.8944659231699855,78.0,0.9999999999999998,79.0,0.944275521924387,77.0,0.9392080850289871,38_3,38,3,natural,89.2923660278,71.3900604248,14.9504019544,0.0139822367749,849.643244546,0.177921548486
UBFC_A1/Eval_On_COHFACE,COHFACE,old,COHFACE_s38_session3_natural,6,66.0,67.0,correct,66.0,0.9999999999999998,67.0,0.994244068641079,65.0,0.8951268202640814,67.0,0.9999999999999998,66.0,0.9749375286477879,68.0,0.917545234658824,38_3,38,3,natural,89.2923660278,71.3900604248,14.9504019544,0.0139822367749,849.643244546,0.177921548486
UBFC_A1/Eval_On_COHFACE,COHFACE,old,COHFACE_s38_session3_natural,7,66.0,67.0,correct,66.0,0.9999999999999998,67.0,0.9608512821891092,65.0,0.9180438880569612,67.0,0.9999999999999998,68.0,0.9342780091123427,66.0,0.9275303145583271,38_3,38,3,natural,89.2923660278,71.3900604248,14.9504019544,0.0139822367749,849.643244546,0.177921548486
UBFC_A1/Eval_On_COHFACE,COHFACE,old,COHFACE_s38_session3_natural,8,65.0,52.0,large_error,65.0,0.9999999999999998,66.0,0.9758242304403599,64.0,0.8945025330597963,52.0,0.9999999999999999,53.0,0.9858024888603868,51.0,0.8643140441086188,38_3,38,3,natural,89.2923660278,71.3900604248,14.9504019544,0.0139822367749,849.643244546,0.177921548486
UBFC_A1/Eval_On_COHFACE,COHFACE,old,COHFACE_s38_session3_natural,9,65.0,63.0,correct,65.0,0.9999999999999998,64.0,0.9889817373314426,66.0,0.8827668817258637,63.0,0.9999999999999997,51.0,0.976604724329817,64.0,0.9702908893124907,38_3,38,3,natural,89.2923660278,71.3900604248,14.9504019544,0.0139822367749,849.643244546,0.177921548486
UBFC_A1/Eval_On_COHFACE,COHFACE,old,COHFACE_s38_session3_natural,10,64.0,64.0,correct,64.0,0.9999999999999998,65.0,0.9691707181821436,63.0,0.9006160874459856,64.0,0.9999999999999998,63.0,0.9762705614422577,65.0,0.9585908894951576,38_3,38,3,natural,89.2923660278,71.3900604248,14.9504019544,0.0139822367749,849.643244546,0.177921548486
UBFC_A1/Eval_On_COHFACE,COHFACE,old,COHFACE_s38_session3_natural,11,63.0,44.0,large_error,63.0,0.9999999999999998,61.99999999999999,0.9888955678340755,64.0,0.9323754146924278,44.0,0.9999999999999999,43.0,0.9886712200622273,45.0,0.9097867331252473,38_3,38,3,natural,89.2923660278,71.3900604248,14.9504019544,0.0139822367749,849.643244546,0.177921548486
UBFC_A1/Eval_On_COHFACE,COHFACE,old,COHFACE_s38_session3_natural,12,60.0,60.0,correct,60.0,0.9999999999999999,61.0,0.9916357199178176,59.0,0.9307680223569988,60.0,0.9999999999999998,59.0,0.9685884260678551,61.0,0.9406604253238301,38_3,38,3,natural,89.2923660278,71.3900604248,14.9504019544,0.0139822367749,849.643244546,0.177921548486
UBFC_A1/Eval_On_COHFACE,COHFACE,old,COHFACE_s38_session3_natural,13,60.0,60.0,correct,60.0,0.9999999999999999,61.0,0.972181199602426,59.0,0.9183456108529944,60.0,0.9999999999999999,59.0,0.960447060800465,61.0,0.9149142938759267,38_3,38,3,natural,89.2923660278,71.3900604248,14.9504019544,0.0139822367749,849.643244546,0.177921548486
UBFC_A1/Eval_On_COHFACE,COHFACE,old,COHFACE_s38_session3_natural,14,61.0,60.0,correct,61.0,0.9999999999999999,60.0,0.9488282805522014,61.99999999999999,0.9374723355547031,60.0,0.9999999999999999,59.0,0.9953765789779507,61.0,0.8789469773719375,38_3,38,3,natural,89.2923660278,71.3900604248,14.9504019544,0.0139822367749,849.643244546,0.177921548486
UBFC_A1/Eval_On_COHFACE,COHFACE,old,COHFACE_s38_session3_natural,15,61.0,61.0,correct,61.0,0.9999999999999999,61.99999999999999,0.9983420058717943,60.0,0.8828277142677697,61.0,0.9999999999999998,60.0,0.9725958050373665,61.99999999999999,0.9314997125453752,38_3,38,3,natural,89.2923660278,71.3900604248,14.9504019544,0.0139822367749,849.643244546,0.177921548486
UBFC_A1/Eval_On_COHFACE,COHFACE,old,COHFACE_s38_session3_natural,16,61.99999999999999,61.0,correct,61.99999999999999,0.9999999999999999,61.0,0.99674071594208,63.0,0.8844419474160635,61.0,0.9999999999999998,61.99999999999999,0.9618944298922184,60.0,0.9419863232400095,38_3,38,3,natural,89.2923660278,71.3900604248,14.9504019544,0.0139822367749,849.643244546,0.177921548486
UBFC_A1/Eval_On_COHFACE,COHFACE,old,COHFACE_s38_session3_natural,17,61.99999999999999,76.0,large_error,61.99999999999999,0.9999999999999998,61.0,0.9652927880759314,63.0,0.9218427201089833,76.0,0.9999999999999998,75.0,0.9849847506667966,42.0,0.9210175294908749,38_3,38,3,natural,89.2923660278,71.3900604248,14.9504019544,0.0139822367749,849.643244546,0.177921548486
UBFC_A1/Eval_On_COHFACE,COHFACE,old,COHFACE_s38_session3_natural,18,63.0,43.0,large_error,63.0,0.9999999999999998,61.99999999999999,0.9728889291940981,64.0,0.9143945685730074,43.0,0.9999999999999997,44.0,0.9825342138531894,42.0,0.9693132670013487,38_3,38,3,natural,89.2923660278,71.3900604248,14.9504019544,0.0139822367749,849.643244546,0.177921548486
UBFC_A1/Eval_On_COHFACE,COHFACE,old,COHFACE_s38_session3_natural,19,63.0,65.0,correct,63.0,0.9999999999999998,64.0,0.9454594346437074,61.99999999999999,0.9389641323990565,65.0,0.9999999999999997,66.0,0.989990226026006,64.0,0.9355438383603891,38_3,38,3,natural,89.2923660278,71.3900604248,14.9504019544,0.0139822367749,849.643244546,0.177921548486
UBFC_A1/Eval_On_COHFACE,COHFACE,old,COHFACE_s38_session3_natural,20,63.0,68.0,large_error,63.0,0.9999999999999998,61.99999999999999,0.9656745821763967,64.0,0.9236670715054343,68.0,0.9999999999999998,69.0,0.981437285773401,67.0,0.9781732693996347,38_3,38,3,natural,89.2923660278,71.3900604248,14.9504019544,0.0139822367749,849.643244546,0.177921548486
UBFC_A1/Eval_On_COHFACE,COHFACE,old,COHFACE_s38_session3_natural,21,63.0,43.0,large_error,63.0,0.9999999999999999,64.0,0.9800159463265049,61.99999999999999,0.9159369866602574,43.0,0.9999999999999996,67.0,0.9734502909637258,42.0,0.949778251263334,38_3,38,3,natural,89.2923660278,71.3900604248,14.9504019544,0.0139822367749,849.643244546,0.177921548486
UBFC_A1/Eval_On_COHFACE,COHFACE,old,COHFACE_s38_session3_natural,22,65.0,89.0,super_harmonic_1p5x,65.0,0.9999999999999999,64.0,0.9943946732431007,66.0,0.89709421408455,89.0,0.9999999999999997,90.0,0.9386310714806458,88.0,0.9287231109780122,38_3,38,3,natural,89.2923660278,71.3900604248,14.9504019544,0.0139822367749,849.643244546,0.177921548486
UBFC_A1/Eval_On_COHFACE,COHFACE,old,COHFACE_s38_session3_natural,23,65.0,59.0,large_error,65.0,0.9999999999999999,64.0,0.9583565461160607,66.0,0.9297393703380787,59.0,0.9999999999999998,60.0,0.9638988581277583,58.0,0.9108596141417544,38_3,38,3,natural,89.2923660278,71.3900604248,14.9504019544,0.0139822367749,849.643244546,0.177921548486
UBFC_A1/Eval_On_COHFACE,COHFACE,old,COHFACE_s38_session3_natural,24,64.0,59.0,large_error,64.0,0.9999999999999999,65.0,0.954025220651935,63.0,0.9349915356345186,59.0,0.9999999999999998,60.0,0.9499611758970717,58.0,0.9448939358552322,38_3,38,3,natural,89.2923660278,71.3900604248,14.9504019544,0.0139822367749,849.643244546,0.177921548486
UBFC_A1/Eval_On_COHFACE,COHFACE,old,COHFACE_s38_session3_natural,25,63.0,59.0,large_error,63.0,0.9999999999999999,64.0,0.9784825747998689,61.99999999999999,0.9073908322774334,59.0,0.9999999999999998,60.0,0.9837260921657723,58.0,0.9540790748510344,38_3,38,3,natural,89.2923660278,71.3900604248,14.9504019544,0.0139822367749,849.643244546,0.177921548486
UBFC_A1/Eval_On_COHFACE,COHFACE,old,COHFACE_s38_session3_natural,26,63.0,59.0,large_error,63.0,0.9999999999999999,61.99999999999999,0.9459083805211836,64.0,0.9415692073896363,59.0,0.9999999999999999,60.0,0.9795271039859386,58.0,0.9282543591713532,38_3,38,3,natural,89.2923660278,71.3900604248,14.9504019544,0.0139822367749,849.643244546,0.177921548486
UBFC_A1/Eval_On_COHFACE,COHFACE,old,COHFACE_s38_session3_natural,27,61.99999999999999,63.0,correct,61.99999999999999,0.9999999999999999,63.0,0.9827081211107346,61.0,0.9119878121442456,63.0,0.9999999999999997,64.0,0.9954135864514423,61.99999999999999,0.9381879053483574,38_3,38,3,natural,89.2923660278,71.3900604248,14.9504019544,0.0139822367749,849.643244546,0.177921548486
UBFC_A1/Eval_On_COHFACE,COHFACE,old,COHFACE_s38_session3_natural,28,61.0,60.0,correct,61.0,0.9999999999999999,61.99999999999999,0.9844821070860064,60.0,0.9075528960469325,60.0,0.9999999999999996,59.0,0.9883174661588455,61.0,0.9766105173446222,38_3,38,3,natural,89.2923660278,71.3900604248,14.9504019544,0.0139822367749,849.643244546,0.177921548486
UBFC_A1/Eval_On_COHFACE,COHFACE,old,COHFACE_s38_session3_natural,29,61.0,53.0,large_error,61.0,0.9999999999999999,60.0,0.9452796167644472,61.99999999999999,0.9371854681939973,53.0,0.9999999999999998,52.0,0.9965686102577941,54.0,0.8771079515126512,38_3,38,3,natural,89.2923660278,71.3900604248,14.9504019544,0.0139822367749,849.643244546,0.177921548486
UBFC_A1/Eval_On_COHFACE,COHFACE,old,COHFACE_s38_session3_natural,30,61.99999999999999,53.0,large_error,61.99999999999999,0.9999999999999999,63.0,0.9536919877893258,61.0,0.9289060017244659,53.0,0.9999999999999996,54.0,0.9516029075823009,52.0,0.8981198444298342,38_3,38,3,natural,89.2923660278,71.3900604248,14.9504019544,0.0139822367749,849.643244546,0.177921548486
UBFC_A1/Eval_On_COHFACE,COHFACE,old,COHFACE_s38_session3_natural,31,63.0,53.0,large_error,63.0,0.9999999999999999,61.99999999999999,0.9410022318421803,64.0,0.9351683916300468,53.0,0.9999999999999997,52.0,0.9988303138937518,54.0,0.8634586792904425,38_3,38,3,natural,89.2923660278,71.3900604248,14.9504019544,0.0139822367749,849.643244546,0.177921548486
UBFC_A1/Eval_On_COHFACE,COHFACE,old,COHFACE_s38_session3_natural,32,63.0,53.0,large_error,63.0,0.9999999999999999,61.99999999999999,0.9493927796513496,64.0,0.9374780210810327,53.0,0.9999999999999999,52.0,0.9860500979624847,54.0,0.8864104541081598,38_3,38,3,natural,89.2923660278,71.3900604248,14.9504019544,0.0139822367749,849.643244546,0.177921548486
UBFC_A1/Eval_On_COHFACE,COHFACE,old,COHFACE_s38_session3_natural,33,63.0,61.0,correct,63.0,0.9999999999999999,61.99999999999999,0.9904404702264515,64.0,0.8972459442706027,61.0,0.9999999999999998,60.0,0.9815068107244072,61.99999999999999,0.9324415635384499,38_3,38,3,natural,89.2923660278,71.3900604248,14.9504019544,0.0139822367749,849.643244546,0.177921548486
UBFC_A1/Eval_On_COHFACE,COHFACE,old,COHFACE_s38_session3_natural,34,63.0,60.0,correct,63.0,0.9999999999999998,61.99999999999999,0.9512979304790167,64.0,0.9278341700500731,60.0,0.9999999999999999,61.0,0.9856525996982076,59.0,0.9159833105548509,38_3,38,3,natural,89.2923660278,71.3900604248,14.9504019544,0.0139822367749,849.643244546,0.177921548486
UBFC_A1/Eval_On_COHFACE,COHFACE,old,COHFACE_s38_session3_natural,35,63.0,61.99999999999999,correct,63.0,0.9999999999999998,61.99999999999999,0.9423772139833563,64.0,0.9386030652882477,61.99999999999999,0.9999999999999999,61.0,0.9787445913807918,63.0,0.9336077889556746,38_3,38,3,natural,89.2923660278,71.3900604248,14.9504019544,0.0139822367749,849.643244546,0.177921548486
UBFC_A1/Eval_On_COHFACE,COHFACE,old,COHFACE_s38_session3_natural,36,63.0,61.0,correct,63.0,0.9999999999999998,61.99999999999999,0.9847605100376403,64.0,0.9048736396824573,61.0,0.9999999999999998,61.99999999999999,0.9601539557593672,60.0,0.9566353761689044,38_3,38,3,natural,89.2923660278,71.3900604248,14.9504019544,0.0139822367749,849.643244546,0.177921548486
UBFC_A1/Eval_On_COHFACE,COHFACE,old,COHFACE_s38_session3_natural,37,61.99999999999999,63.0,correct,61.99999999999999,0.9999999999999998,63.0,0.9976066471186992,61.0,0.8959461544028006,63.0,0.9999999999999998,64.0,0.9851491873478107,61.99999999999999,0.9693124138441133,38_3,38,3,natural,89.2923660278,71.3900604248,14.9504019544,0.0139822367749,849.643244546,0.177921548486
UBFC_A1/Eval_On_COHFACE,COHFACE,old,COHFACE_s38_session3_natural,38,64.0,68.0,large_error,64.0,0.9999999999999998,63.0,0.9563895650626055,65.0,0.9392368179620251,68.0,0.9999999999999999,69.0,0.9326588768326471,67.0,0.9188152701488762,38_3,38,3,natural,89.2923660278,71.3900604248,14.9504019544,0.0139822367749,849.643244546,0.177921548486
UBFC_A1/Eval_On_COHFACE,COHFACE,old,COHFACE_s38_session3_natural,39,65.0,55.0,large_error,65.0,0.9999999999999998,66.0,0.9748024934725517,64.0,0.9052630540761237,55.0,0.9999999999999996,56.0,0.9805704890278105,54.0,0.9370023566541444,38_3,38,3,natural,89.2923660278,71.3900604248,14.9504019544,0.0139822367749,849.643244546,0.177921548486
UBFC_A1/Eval_On_COHFACE,COHFACE,old,COHFACE_s38_session3_natural,40,66.0,54.0,large_error,66.0,0.9999999999999998,65.0,0.9876381130198826,67.0,0.8899157513154545,54.0,0.9999999999999996,55.0,0.9841014992398776,53.0,0.9431391241597464,38_3,38,3,natural,89.2923660278,71.3900604248,14.9504019544,0.0139822367749,849.643244546,0.177921548486
UBFC_A1/Eval_On_COHFACE,COHFACE,old,COHFACE_s38_session3_natural,41,65.0,58.0,large_error,65.0,0.9999999999999998,66.0,0.9777811109723098,64.0,0.9054045233644679,58.0,0.9999999999999994,57.0,0.9816940972574913,59.0,0.9170609571426365,38_3,38,3,natural,89.2923660278,71.3900604248,14.9504019544,0.0139822367749,849.643244546,0.177921548486
UBFC_A1/Eval_On_COHFACE,COHFACE,old,COHFACE_s38_session3_natural,42,65.0,80.0,large_error,65.0,0.9999999999999998,66.0,0.9861865869596557,64.0,0.9041216822885664,80.0,0.9999999999999994,79.0,0.9914009423331334,81.0,0.9339983383474448,38_3,38,3,natural,89.2923660278,71.3900604248,14.9504019544,0.0139822367749,849.643244546,0.177921548486
UBFC_A1/Eval_On_COHFACE,COHFACE,old,COHFACE_s38_session3_natural,43,65.0,59.0,large_error,65.0,0.9999999999999998,64.0,0.9675388134664729,66.0,0.93127006575032,59.0,0.9999999999999996,60.0,0.9517200947052571,58.0,0.9516203504270194,38_3,38,3,natural,89.2923660278,71.3900604248,14.9504019544,0.0139822367749,849.643244546,0.177921548486
UBFC_A1/Eval_On_COHFACE,COHFACE,old,COHFACE_s38_session3_natural,44,64.0,60.0,large_error,64.0,0.9999999999999999,63.0,0.9843219236206286,65.0,0.9207678562474897,60.0,0.9999999999999998,59.0,0.9958053834580289,61.0,0.8933908287787184,38_3,38,3,natural,89.2923660278,71.3900604248,14.9504019544,0.0139822367749,849.643244546,0.177921548486
UBFC_A1/Eval_On_COHFACE,COHFACE,old,COHFACE_s38_session3_natural,45,63.0,95.0,super_harmonic_1p5x,63.0,0.9999999999999999,64.0,0.9685726397255187,61.99999999999999,0.9264725664445175,95.0,0.9999999999999993,96.0,0.945013192750168,94.0,0.8870469752315618,38_3,38,3,natural,89.2923660278,71.3900604248,14.9504019544,0.0139822367749,849.643244546,0.177921548486
UBFC_A1/Eval_On_COHFACE,COHFACE,old,COHFACE_s38_session3_natural,46,64.0,64.0,correct,64.0,0.9999999999999999,63.0,0.9510390135550346,65.0,0.934766132260481,64.0,0.9999999999999996,65.0,0.9701082333410017,63.0,0.9299591972334977,38_3,38,3,natural,89.2923660278,71.3900604248,14.9504019544,0.0139822367749,849.643244546,0.177921548486
UBFC_A1/Eval_On_COHFACE,COHFACE,old,COHFACE_s38_session3_natural,47,65.0,51.0,large_error,65.0,0.9999999999999999,64.0,0.9706815856538843,66.0,0.9094553358076708,51.0,0.9999999999999996,42.0,0.9538215819193516,61.0,0.9395001391171497,38_3,38,3,natural,89.2923660278,71.3900604248,14.9504019544,0.0139822367749,849.643244546,0.177921548486
UBFC_A1/Eval_On_COHFACE,COHFACE,old,COHFACE_s38_session3_natural,48,65.0,90.0,super_harmonic_1p5x,65.0,0.9999999999999999,66.0,0.9587285343755776,64.0,0.9231321724603527,90.0,0.9999999999999997,89.0,0.9524816245762778,91.0,0.9365543537985358,38_3,38,3,natural,89.2923660278,71.3900604248,14.9504019544,0.0139822367749,849.643244546,0.177921548486
UBFC_A1/Eval_On_COHFACE,COHFACE,old,COHFACE_s38_session3_natural,49,65.0,46.0,large_error,65.0,0.9999999999999998,64.0,0.9455223961173681,66.0,0.9425865724145407,46.0,0.9999999999999996,45.0,0.9744494951831351,47.0,0.9310847246854692,38_3,38,3,natural,89.2923660278,71.3900604248,14.9504019544,0.0139822367749,849.643244546,0.177921548486
UBFC_A1/Eval_On_COHFACE,COHFACE,old,COHFACE_s38_session3_natural,50,65.0,45.0,large_error,65.0,0.9999999999999998,66.0,0.9449935955739525,64.0,0.9368311025105381,45.0,0.9999999999999997,44.0,0.9604678512793143,46.0,0.9527060721324455,38_3,38,3,natural,89.2923660278,71.3900604248,14.9504019544,0.0139822367749,849.643244546,0.177921548486
UBFC_A1/Eval_On_COHFACE,COHFACE,old,COHFACE_s39_session0_lamp,0,58.0,79.0,super_harmonic_1p5x,58.0,0.9999999999999999,59.0,0.984938158990775,57.0,0.9316329554093822,79.0,0.9999999999999998,80.0,0.9835392078435816,78.0,0.9456143265772918,39_0,39,0,lamp,94.8019485474,53.4072036743,7.39716174556,0,502.741289507,0.229704886675
UBFC_A1/Eval_On_COHFACE,COHFACE,old,COHFACE_s39_session0_lamp,1,58.0,81.0,super_harmonic_1p5x,58.0,1.0,57.0,0.986289094275028,59.0,0.9008631853753519,81.0,0.9999999999999997,80.0,0.9863472230665118,82.0,0.9527590117358065,39_0,39,0,lamp,94.8019485474,53.4072036743,7.39716174556,0,502.741289507,0.229704886675
UBFC_A1/Eval_On_COHFACE,COHFACE,old,COHFACE_s39_session0_lamp,2,57.0,60.0,correct,57.0,1.0,56.0,0.9489985505283385,58.0,0.9374552075415397,60.0,0.9999999999999999,59.0,0.9705707877320798,61.0,0.9468989311279289,39_0,39,0,lamp,94.8019485474,53.4072036743,7.39716174556,0,502.741289507,0.229704886675
UBFC_A1/Eval_On_COHFACE,COHFACE,old,COHFACE_s39_session0_lamp,3,57.0,83.0,super_harmonic_1p5x,57.0,1.0,56.0,0.9699407334061337,58.0,0.9174571755410917,83.0,0.9999999999999998,84.0,0.9657110070993915,82.0,0.9316617935796246,39_0,39,0,lamp,94.8019485474,53.4072036743,7.39716174556,0,502.741289507,0.229704886675
UBFC_A1/Eval_On_COHFACE,COHFACE,old,COHFACE_s39_session0_lamp,4,57.0,120.0,super_harmonic_2x,57.0,1.0,58.0,0.943124899275389,56.0,0.9431194599936654,120.0,0.9999999999999994,121.0,0.9504686930598142,119.0,0.9357445588665523,39_0,39,0,lamp,94.8019485474,53.4072036743,7.39716174556,0,502.741289507,0.229704886675
UBFC_A1/Eval_On_COHFACE,COHFACE,old,COHFACE_s39_session0_lamp,5,58.0,60.0,correct,58.0,0.9999999999999999,57.0,0.9677302814151857,59.0,0.9144111347299088,60.0,0.9999999999999999,59.0,0.9891963456019366,61.0,0.8540720841593976,39_0,39,0,lamp,94.8019485474,53.4072036743,7.39716174556,0,502.741289507,0.229704886675
UBFC_A1/Eval_On_COHFACE,COHFACE,old,COHFACE_s39_session0_lamp,6,58.0,119.0,super_harmonic_2x,58.0,1.0,59.0,0.955450644674629,57.0,0.9201078987876729,119.0,0.9999999999999998,120.0,0.9847484328080811,118.0,0.9070214369772422,39_0,39,0,lamp,94.8019485474,53.4072036743,7.39716174556,0,502.741289507,0.229704886675
UBFC_A1/Eval_On_COHFACE,COHFACE,old,COHFACE_s39_session0_lamp,7,58.0,47.0,large_error,58.0,1.0,59.0,0.9557295292542916,57.0,0.9257009274835801,47.0,0.9999999999999998,73.0,0.990046146490605,46.0,0.9602802018748448,39_0,39,0,lamp,94.8019485474,53.4072036743,7.39716174556,0,502.741289507,0.229704886675
UBFC_A1/Eval_On_COHFACE,COHFACE,old,COHFACE_s39_session0_lamp,8,58.0,75.0,super_harmonic_1p5x,58.0,0.9999999999999999,59.0,0.9684120692826925,57.0,0.9141853232104346,75.0,0.9999999999999998,76.0,0.9725395315212789,74.0,0.9106358773042952,39_0,39,0,lamp,94.8019485474,53.4072036743,7.39716174556,0,502.741289507,0.229704886675
UBFC_A1/Eval_On_COHFACE,COHFACE,old,COHFACE_s39_session0_lamp,9,58.0,53.0,large_error,58.0,0.9999999999999999,59.0,0.9600854808615445,57.0,0.927490078669565,53.0,0.9999999999999998,54.0,0.9499555617534066,52.0,0.9450323598442322,39_0,39,0,lamp,94.8019485474,53.4072036743,7.39716174556,0,502.741289507,0.229704886675
UBFC_A1/Eval_On_COHFACE,COHFACE,old,COHFACE_s39_session0_lamp,10,58.0,55.0,correct,58.0,0.9999999999999999,57.0,0.961205000583961,59.0,0.9302225571678759,55.0,0.9999999999999998,54.0,0.9996125102931925,56.0,0.9249848162906962,39_0,39,0,lamp,94.8019485474,53.4072036743,7.39716174556,0,502.741289507,0.229704886675
UBFC_A1/Eval_On_COHFACE,COHFACE,old,COHFACE_s39_session0_lamp,11,58.0,54.0,large_error,58.0,0.9999999999999999,57.0,0.956439437305239,59.0,0.9316861900130333,54.0,0.9999999999999999,55.0,0.9573835625602081,53.0,0.920971088746909,39_0,39,0,lamp,94.8019485474,53.4072036743,7.39716174556,0,502.741289507,0.229704886675
UBFC_A1/Eval_On_COHFACE,COHFACE,old,COHFACE_s39_session0_lamp,12,58.0,58.0,correct,58.0,1.0,57.0,0.9605212690923309,59.0,0.9222165637222466,58.0,0.9999999999999998,59.0,0.9807668325897865,57.0,0.9307881597582361,39_0,39,0,lamp,94.8019485474,53.4072036743,7.39716174556,0,502.741289507,0.229704886675
UBFC_A1/Eval_On_COHFACE,COHFACE,old,COHFACE_s39_session0_lamp,13,58.0,60.0,correct,58.0,1.0,59.0,0.9817697991764036,57.0,0.8973580101254738,60.0,0.9999999999999999,59.0,0.9890598036321994,61.0,0.9170028756028112,39_0,39,0,lamp,94.8019485474,53.4072036743,7.39716174556,0,502.741289507,0.229704886675
UBFC_A1/Eval_On_COHFACE,COHFACE,old,COHFACE_s39_session0_lamp,14,59.0,60.0,correct,59.0,1.0,58.0,0.9649889291559111,60.0,0.9150454481658281,60.0,0.9999999999999998,59.0,0.9760946116433312,61.0,0.9371983319909774,39_0,39,0,lamp,94.8019485474,53.4072036743,7.39716174556,0,502.741289507,0.229704886675
UBFC_A1/Eval_On_COHFACE,COHFACE,old,COHFACE_s39_session0_lamp,15,59.0,60.0,correct,59.0,1.0,58.0,0.9615948181804087,60.0,0.919448308500546,60.0,0.9999999999999999,59.0,0.9754792290381351,61.0,0.9134551156402858,39_0,39,0,lamp,94.8019485474,53.4072036743,7.39716174556,0,502.741289507,0.229704886675
UBFC_A1/Eval_On_COHFACE,COHFACE,old,COHFACE_s39_session0_lamp,16,58.0,60.0,correct,58.0,1.0,59.0,0.970866378740232,57.0,0.9125263808635857,60.0,0.9999999999999999,59.0,0.9837101939946172,61.0,0.8716188633082,39_0,39,0,lamp,94.8019485474,53.4072036743,7.39716174556,0,502.741289507,0.229704886675
UBFC_A1/Eval_On_COHFACE,COHFACE,old,COHFACE_s39_session0_lamp,17,58.0,59.0,correct,58.0,1.0,57.0,0.9859133369169398,59.0,0.8960137687877396,59.0,0.9999999999999998,60.0,0.9739509669804294,58.0,0.944365311238093,39_0,39,0,lamp,94.8019485474,53.4072036743,7.39716174556,0,502.741289507,0.229704886675
UBFC_A1/Eval_On_COHFACE,COHFACE,old,COHFACE_s39_session0_lamp,18,57.0,59.0,correct,57.0,1.0,58.0,0.9835544321096702,56.0,0.8976944843986657,59.0,0.9999999999999998,60.0,0.9916317763380681,58.0,0.8952544581797769,39_0,39,0,lamp,94.8019485474,53.4072036743,7.39716174556,0,502.741289507,0.229704886675
UBFC_A1/Eval_On_COHFACE,COHFACE,old,COHFACE_s39_session0_lamp,19,58.0,60.0,correct,58.0,1.0,57.0,0.9536055643469644,59.0,0.927832443385744,60.0,0.9999999999999998,59.0,0.971165016843267,61.0,0.9208147051464909,39_0,39,0,lamp,94.8019485474,53.4072036743,7.39716174556,0,502.741289507,0.229704886675
UBFC_A1/Eval_On_COHFACE,COHFACE,old,COHFACE_s39_session0_lamp,20,59.0,59.0,correct,59.0,1.0,58.0,0.9928114257612202,60.0,0.894611365047117,59.0,0.9999999999999988,58.0,0.9932885578226925,60.0,0.9667949742797514,39_0,39,0,lamp,94.8019485474,53.4072036743,7.39716174556,0,502.741289507,0.229704886675
UBFC_A1/Eval_On_COHFACE,COHFACE,old,COHFACE_s39_session0_lamp,21,59.0,60.0,correct,59.0,0.9999999999999999,60.0,0.9908772227124014,58.0,0.903783029926618,60.0,0.9999999999999997,61.0,0.9729210171611941,59.0,0.9346870634981437,39_0,39,0,lamp,94.8019485474,53.4072036743,7.39716174556,0,502.741289507,0.229704886675
UBFC_A1/Eval_On_COHFACE,COHFACE,old,COHFACE_s39_session0_lamp,22,60.0,60.0,correct,60.0,0.9999999999999999,59.0,0.9610317621745231,61.0,0.9164785706711339,60.0,0.9999999999999996,61.0,0.9986965308820458,59.0,0.8879540878617284,39_0,39,0,lamp,94.8019485474,53.4072036743,7.39716174556,0,502.741289507,0.229704886675
UBFC_A1/Eval_On_COHFACE,COHFACE,old,COHFACE_s39_session0_lamp,23,60.0,65.0,large_error,60.0,0.9999999999999999,59.0,0.955562834453831,61.0,0.9240664346556738,65.0,0.9999999999999989,66.0,0.9962429522932156,40.0,0.8598946605560276,39_0,39,0,lamp,94.8019485474,53.4072036743,7.39716174556,0,502.741289507,0.229704886675
UBFC_A1/Eval_On_COHFACE,COHFACE,old,COHFACE_s39_session0_lamp,24,60.0,44.0,large_error,60.0,0.9999999999999999,59.0,0.9951435479604769,61.0,0.8924043486115282,44.0,0.9999999999999998,43.0,0.9793260600516532,45.0,0.9345902895530679,39_0,39,0,lamp,94.8019485474,53.4072036743,7.39716174556,0,502.741289507,0.229704886675
UBFC_A1/Eval_On_COHFACE,COHFACE,old,COHFACE_s39_session0_lamp,25,59.0,120.0,super_harmonic_2x,59.0,0.9999999999999999,58.0,0.9567387741292527,60.0,0.9285448307051886,120.0,0.9999999999999997,121.0,0.9652323010211346,119.0,0.933060826951096,39_0,39,0,lamp,94.8019485474,53.4072036743,7.39716174556,0,502.741289507,0.229704886675
UBFC_A1/Eval_On_COHFACE,COHFACE,old,COHFACE_s39_session0_lamp,26,58.0,60.0,correct,58.0,0.9999999999999999,59.0,0.9971070694522927,57.0,0.9042468653791654,60.0,0.9999999999999998,61.0,0.9564590827499823,42.0,0.9297252642043347,39_0,39,0,lamp,94.8019485474,53.4072036743,7.39716174556,0,502.741289507,0.229704886675
UBFC_A1/Eval_On_COHFACE,COHFACE,old,COHFACE_s39_session0_lamp,27,59.0,67.0,large_error,59.0,0.9999999999999999,58.0,0.9797408730752616,60.0,0.9091360355523275,67.0,0.9999999999999996,68.0,0.97493015154828,66.0,0.9358060554465178,39_0,39,0,lamp,94.8019485474,53.4072036743,7.39716174556,0,502.741289507,0.229704886675
UBFC_A1/Eval_On_COHFACE,COHFACE,old,COHFACE_s39_session0_lamp,28,59.0,68.0,large_error,59.0,0.9999999999999999,60.0,0.969114852626092,58.0,0.9107787245297464,68.0,0.9999999999999997,69.0,0.9707370337457017,67.0,0.9697307244286176,39_0,39,0,lamp,94.8019485474,53.4072036743,7.39716174556,0,502.741289507,0.229704886675
UBFC_A1/Eval_On_COHFACE,COHFACE,old,COHFACE_s39_session0_lamp,29,60.0,63.0,correct,60.0,0.9999999999999999,59.0,0.9458692979097459,61.0,0.9349157922751125,63.0,0.9999999999999996,61.99999999999999,0.9932530480662008,64.0,0.9765414165140824,39_0,39,0,lamp,94.8019485474,53.4072036743,7.39716174556,0,502.741289507,0.229704886675
UBFC_A1/Eval_On_COHFACE,COHFACE,old,COHFACE_s39_session0_lamp,30,60.0,64.0,large_error,60.0,0.9999999999999999,61.0,0.9998374978626942,61.99999999999999,0.8874158434369008,64.0,0.9999999999999997,63.0,0.9979371557053517,65.0,0.9014275308661087,39_0,39,0,lamp,94.8019485474,53.4072036743,7.39716174556,0,502.741289507,0.229704886675
UBFC_A1/Eval_On_COHFACE,COHFACE,old,COHFACE_s39_session0_lamp,31,61.0,63.0,correct,61.0,0.9999999999999999,60.0,0.9807973465658598,61.99999999999999,0.9020457798000729,63.0,0.9999999999999998,61.99999999999999,0.9716343834512404,64.0,0.8872041869534125,39_0,39,0,lamp,94.8019485474,53.4072036743,7.39716174556,0,502.741289507,0.229704886675
UBFC_A1/Eval_On_COHFACE,COHFACE,old,COHFACE_s39_session0_lamp,32,61.0,61.99999999999999,correct,61.0,1.0,60.0,0.9996552030477067,59.0,0.8900188170069625,61.99999999999999,0.9999999999999999,61.0,0.9926739368915647,63.0,0.901298086503864,39_0,39,0,lamp,94.8019485474,53.4072036743,7.39716174556,0,502.741289507,0.229704886675
UBFC_A1/Eval_On_COHFACE,COHFACE,old,COHFACE_s39_session0_lamp,33,60.0,60.0,correct,60.0,1.0,61.0,0.9432469094029422,59.0,0.9406705390991339,60.0,0.9999999999999998,61.0,0.9549179551343473,59.0,0.93741157334802,39_0,39,0,lamp,94.8019485474,53.4072036743,7.39716174556,0,502.741289507,0.229704886675
UBFC_A1/Eval_On_COHFACE,COHFACE,old,COHFACE_s39_session0_lamp,34,60.0,60.0,correct,60.0,1.0,59.0,0.9740853782067653,61.0,0.9118838200736055,60.0,0.9999999999999998,59.0,0.946248025665315,61.0,0.9416844046843929,39_0,39,0,lamp,94.8019485474,53.4072036743,7.39716174556,0,502.741289507,0.229704886675
UBFC_A1/Eval_On_COHFACE,COHFACE,old,COHFACE_s39_session0_lamp,35,60.0,61.0,correct,60.0,1.0,61.0,0.9462494567977086,59.0,0.9393203140717477,61.0,0.9999999999999998,61.99999999999999,0.9869175547571702,60.0,0.96864717247286,39_0,39,0,lamp,94.8019485474,53.4072036743,7.39716174556,0,502.741289507,0.229704886675
UBFC_A1/Eval_On_COHFACE,COHFACE,old,COHFACE_s39_session0_lamp,36,61.0,60.0,correct,61.0,1.0,60.0,0.9935331405704358,61.99999999999999,0.8966524889341241,60.0,0.9999999999999999,59.0,0.954232158560704,61.0,0.9456679337228688,39_0,39,0,lamp,94.8019485474,53.4072036743,7.39716174556,0,502.741289507,0.229704886675
UBFC_A1/Eval_On_COHFACE,COHFACE,old,COHFACE_s39_session0_lamp,37,61.0,60.0,correct,61.0,1.0,61.99999999999999,0.9679063193205196,60.0,0.9298214252509583,60.0,0.9999999999999999,61.0,0.977572658861273,59.0,0.8864243567506145,39_0,39,0,lamp,94.8019485474,53.4072036743,7.39716174556,0,502.741289507,0.229704886675
UBFC_A1/Eval_On_COHFACE,COHFACE,old,COHFACE_s39_session0_lamp,38,61.99999999999999,60.0,correct,61.99999999999999,0.9999999999999999,63.0,0.9820935267693399,61.0,0.9175830637817834,60.0,0.9999999999999998,61.0,0.9852142942583153,59.0,0.9197951852208667,39_0,39,0,lamp,94.8019485474,53.4072036743,7.39716174556,0,502.741289507,0.229704886675
UBFC_A1/Eval_On_COHFACE,COHFACE,old,COHFACE_s39_session0_lamp,39,61.99999999999999,61.0,correct,61.99999999999999,0.9999999999999999,63.0,0.9653522655348559,61.0,0.9154768691762581,61.0,0.9999999999999999,60.0,0.9973374836260439,61.99999999999999,0.8814335153701268,39_0,39,0,lamp,94.8019485474,53.4072036743,7.39716174556,0,502.741289507,0.229704886675
UBFC_A1/Eval_On_COHFACE,COHFACE,old,COHFACE_s39_session0_lamp,40,61.99999999999999,61.0,correct,61.99999999999999,0.9999999999999999,61.0,0.9775155197679918,63.0,0.9088070189747877,61.0,0.9999999999999998,61.99999999999999,0.9918205674731779,60.0,0.8956889129259906,39_0,39,0,lamp,94.8019485474,53.4072036743,7.39716174556,0,502.741289507,0.229704886675
UBFC_A1/Eval_On_COHFACE,COHFACE,old,COHFACE_s39_session0_lamp,41,61.0,60.0,correct,61.0,0.9999999999999998,60.0,0.9849646369150494,61.99999999999999,0.8951148182692541,60.0,0.9999999999999998,61.0,0.9992042687372732,59.0,0.9626881934170114,39_0,39,0,lamp,94.8019485474,53.4072036743,7.39716174556,0,502.741289507,0.229704886675
UBFC_A1/Eval_On_COHFACE,COHFACE,old,COHFACE_s39_session0_lamp,42,59.0,60.0,correct,59.0,0.9999999999999998,60.0,0.947800362719185,58.0,0.9398618541539853,60.0,0.9999999999999999,59.0,0.9650670987068024,61.0,0.9325456380371338,39_0,39,0,lamp,94.8019485474,53.4072036743,7.39716174556,0,502.741289507,0.229704886675
UBFC_A1/Eval_On_COHFACE,COHFACE,old,COHFACE_s39_session0_lamp,43,58.0,60.0,correct,58.0,0.9999999999999999,57.0,0.9883009023981768,59.0,0.9109539435074411,60.0,0.9999999999999998,59.0,0.9533681280734204,61.0,0.9279508585796754,39_0,39,0,lamp,94.8019485474,53.4072036743,7.39716174556,0,502.741289507,0.229704886675
UBFC_A1/Eval_On_COHFACE,COHFACE,old,COHFACE_s39_session0_lamp,44,57.0,59.0,correct,57.0,0.9999999999999999,58.0,0.9567509627001104,56.0,0.9348466914850393,59.0,0.9999999999999998,60.0,0.9736038421584288,58.0,0.9375762712832987,39_0,39,0,lamp,94.8019485474,53.4072036743,7.39716174556,0,502.741289507,0.229704886675
UBFC_A1/Eval_On_COHFACE,COHFACE,old,COHFACE_s39_session0_lamp,45,57.0,60.0,correct,57.0,1.0,56.0,0.9684432660536585,58.0,0.919404765879051,60.0,0.9999999999999998,59.0,0.9831770232523606,61.0,0.9022591619470606,39_0,39,0,lamp,94.8019485474,53.4072036743,7.39716174556,0,502.741289507,0.229704886675
UBFC_A1/Eval_On_COHFACE,COHFACE,old,COHFACE_s39_session0_lamp,46,57.0,59.0,correct,57.0,1.0,58.0,0.9461571980254678,56.0,0.9361802553657862,59.0,0.9999999999999999,60.0,0.9985390953620695,58.0,0.8823807795132349,39_0,39,0,lamp,94.8019485474,53.4072036743,7.39716174556,0,502.741289507,0.229704886675
UBFC_A1/Eval_On_COHFACE,COHFACE,old,COHFACE_s39_session0_lamp,47,57.0,53.0,large_error,57.0,1.0,58.0,0.9496637162658513,56.0,0.9374019537847296,53.0,0.9999999999999998,54.0,0.987748867677465,52.0,0.9238642676309887,39_0,39,0,lamp,94.8019485474,53.4072036743,7.39716174556,0,502.741289507,0.229704886675
UBFC_A1/Eval_On_COHFACE,COHFACE,old,COHFACE_s39_session0_lamp,48,57.0,54.0,correct,57.0,0.9999999999999999,56.0,0.9865172417928288,58.0,0.9048579316541334,54.0,0.9999999999999998,53.0,0.9821350073927605,55.0,0.9435382572707283,39_0,39,0,lamp,94.8019485474,53.4072036743,7.39716174556,0,502.741289507,0.229704886675
UBFC_A1/Eval_On_COHFACE,COHFACE,old,COHFACE_s39_session0_lamp,49,56.0,55.0,correct,56.0,1.0,57.0,0.9919170484062766,55.0,0.9058664847741781,55.0,0.9999999999999998,54.0,0.9787512316529929,56.0,0.9089308615549708,39_0,39,0,lamp,94.8019485474,53.4072036743,7.39716174556,0,502.741289507,0.229704886675
UBFC_A1/Eval_On_COHFACE,COHFACE,old,COHFACE_s39_session0_lamp,50,57.0,59.0,correct,57.0,1.0,56.0,0.9607386105522908,58.0,0.9265839716528356,59.0,0.9999999999999998,60.0,0.9455987857632124,58.0,0.9398526979174069,39_0,39,0,lamp,94.8019485474,53.4072036743,7.39716174556,0,502.741289507,0.229704886675
UBFC_A1/Eval_On_COHFACE,COHFACE,old,COHFACE_s39_session1_lamp,0,61.0,59.0,correct,61.0,0.9999999999999999,61.99999999999999,0.9916079188996312,60.0,0.8862169582341641,59.0,0.9999999999999998,60.0,0.9995632299319653,61.0,0.8793486853479997,39_1,39,1,lamp,101.58000946,55.4373092651,4.33470884441,0,528.475076732,0.275208473206
UBFC_A1/Eval_On_COHFACE,COHFACE,old,COHFACE_s39_session1_lamp,1,61.0,61.0,correct,61.0,0.9999999999999999,61.99999999999999,0.9784490468762775,60.0,0.9108625657882016,61.0,0.9999999999999998,60.0,0.9848627752690855,61.99999999999999,0.8911010153999435,39_1,39,1,lamp,101.58000946,55.4373092651,4.33470884441,0,528.475076732,0.275208473206
UBFC_A1/Eval_On_COHFACE,COHFACE,old,COHFACE_s39_session1_lamp,2,61.0,59.0,correct,61.0,0.9999999999999999,61.99999999999999,0.9827922058895588,60.0,0.9008539370841498,59.0,0.9999999999999997,60.0,0.9924726791021311,58.0,0.9557126371673758,39_1,39,1,lamp,101.58000946,55.4373092651,4.33470884441,0,528.475076732,0.275208473206
UBFC_A1/Eval_On_COHFACE,COHFACE,old,COHFACE_s39_session1_lamp,3,61.0,57.0,large_error,61.0,0.9999999999999999,60.0,0.9756433499939344,61.99999999999999,0.9077438580050509,57.0,0.9999999999999994,58.0,0.9828416324305935,56.0,0.98264555267778,39_1,39,1,lamp,101.58000946,55.4373092651,4.33470884441,0,528.475076732,0.275208473206
UBFC_A1/Eval_On_COHFACE,COHFACE,old,COHFACE_s39_session1_lamp,4,60.0,83.0,super_harmonic_1p5x,60.0,0.9999999999999999,59.0,0.9538776936237604,61.0,0.9304692611945126,83.0,0.9999999999999997,82.0,0.9893189315286127,84.0,0.9080158419527317,39_1,39,1,lamp,101.58000946,55.4373092651,4.33470884441,0,528.475076732,0.275208473206
UBFC_A1/Eval_On_COHFACE,COHFACE,old,COHFACE_s39_session1_lamp,5,59.0,46.0,large_error,59.0,0.9999999999999999,60.0,0.9627928776561381,58.0,0.9218394400412487,46.0,0.9999999999999996,85.0,0.9955040559736534,47.0,0.9919299107943931,39_1,39,1,lamp,101.58000946,55.4373092651,4.33470884441,0,528.475076732,0.275208473206
UBFC_A1/Eval_On_COHFACE,COHFACE,old,COHFACE_s39_session1_lamp,6,58.0,49.0,large_error,58.0,0.9999999999999999,59.0,0.9686507112161056,57.0,0.9267135244257383,49.0,0.9999999999999994,50.0,0.948029473984158,48.0,0.8844207740964675,39_1,39,1,lamp,101.58000946,55.4373092651,4.33470884441,0,528.475076732,0.275208473206
UBFC_A1/Eval_On_COHFACE,COHFACE,old,COHFACE_s39_session1_lamp,7,58.0,53.0,large_error,58.0,0.9999999999999999,57.0,0.9948333797937735,59.0,0.8967988358895408,53.0,0.9999999999999996,52.0,0.9623695115595263,54.0,0.912549802029191,39_1,39,1,lamp,101.58000946,55.4373092651,4.33470884441,0,528.475076732,0.275208473206
UBFC_A1/Eval_On_COHFACE,COHFACE,old,COHFACE_s39_session1_lamp,8,57.0,67.0,large_error,57.0,0.9999999999999999,58.0,0.9826544876937718,56.0,0.9051596724064239,67.0,0.9999999999999996,55.0,0.9892825961203898,66.0,0.9884127063643026,39_1,39,1,lamp,101.58000946,55.4373092651,4.33470884441,0,528.475076732,0.275208473206
UBFC_A1/Eval_On_COHFACE,COHFACE,old,COHFACE_s39_session1_lamp,9,57.0,78.0,super_harmonic_1p5x,57.0,1.0,58.0,0.9924005642292258,56.0,0.8895875165684106,78.0,0.9999999999999997,79.0,0.9686540454647594,77.0,0.9515513881682595,39_1,39,1,lamp,101.58000946,55.4373092651,4.33470884441,0,528.475076732,0.275208473206
UBFC_A1/Eval_On_COHFACE,COHFACE,old,COHFACE_s39_session1_lamp,10,58.0,58.0,correct,58.0,1.0,59.0,0.9506225604723743,57.0,0.9298365430095875,58.0,0.9999999999999998,57.0,0.9744779725641581,59.0,0.960588563063531,39_1,39,1,lamp,101.58000946,55.4373092651,4.33470884441,0,528.475076732,0.275208473206
UBFC_A1/Eval_On_COHFACE,COHFACE,old,COHFACE_s39_session1_lamp,11,59.0,76.0,super_harmonic_1p5x,59.0,1.0,58.0,0.9767272340912053,60.0,0.909538040533595,76.0,0.9999999999999998,75.0,0.9831331006383427,77.0,0.9470455485651327,39_1,39,1,lamp,101.58000946,55.4373092651,4.33470884441,0,528.475076732,0.275208473206
UBFC_A1/Eval_On_COHFACE,COHFACE,old,COHFACE_s39_session1_lamp,12,60.0,60.0,correct,60.0,1.0,59.0,0.9952271465651591,61.0,0.8938906346189492,60.0,0.9999999999999997,61.0,0.9396855827734018,59.0,0.927219339616559,39_1,39,1,lamp,101.58000946,55.4373092651,4.33470884441,0,528.475076732,0.275208473206
UBFC_A1/Eval_On_COHFACE,COHFACE,old,COHFACE_s39_session1_lamp,13,60.0,60.0,correct,60.0,1.0,61.0,0.9924345817823166,59.0,0.8980950796623887,60.0,0.9999999999999999,61.0,0.9239502004114534,59.0,0.9095425066400828,39_1,39,1,lamp,101.58000946,55.4373092651,4.33470884441,0,528.475076732,0.275208473206
UBFC_A1/Eval_On_COHFACE,COHFACE,old,COHFACE_s39_session1_lamp,14,61.0,46.0,large_error,61.0,1.0,60.0,0.9723924315140284,61.99999999999999,0.9100116776199216,46.0,0.9999999999999998,45.0,0.9799769085870169,47.0,0.9364957922840226,39_1,39,1,lamp,101.58000946,55.4373092651,4.33470884441,0,528.475076732,0.275208473206
UBFC_A1/Eval_On_COHFACE,COHFACE,old,COHFACE_s39_session1_lamp,15,61.0,61.99999999999999,correct,61.0,1.0,60.0,0.9554033992041253,61.99999999999999,0.927964881387258,61.99999999999999,0.9999999999999998,63.0,0.9887622570584628,61.0,0.9680700056022646,39_1,39,1,lamp,101.58000946,55.4373092651,4.33470884441,0,528.475076732,0.275208473206
UBFC_A1/Eval_On_COHFACE,COHFACE,old,COHFACE_s39_session1_lamp,16,61.0,61.99999999999999,correct,61.0,1.0,61.99999999999999,0.9496803705062536,60.0,0.9336963404389496,61.99999999999999,0.9999999999999999,61.0,0.9924529894615969,63.0,0.9208414888759722,39_1,39,1,lamp,101.58000946,55.4373092651,4.33470884441,0,528.475076732,0.275208473206
UBFC_A1/Eval_On_COHFACE,COHFACE,old,COHFACE_s39_session1_lamp,17,61.0,61.0,correct,61.0,1.0,61.99999999999999,0.9608670452536267,60.0,0.9288447203666775,61.0,0.9999999999999998,60.0,0.9972123775772129,61.99999999999999,0.9520658521810558,39_1,39,1,lamp,101.58000946,55.4373092651,4.33470884441,0,528.475076732,0.275208473206
UBFC_A1/Eval_On_COHFACE,COHFACE,old,COHFACE_s39_session1_lamp,18,61.0,59.0,correct,61.0,1.0,61.99999999999999,0.9899698417923586,60.0,0.905669981838107,59.0,0.9999999999999999,60.0,0.9939992087804819,58.0,0.8803336051692716,39_1,39,1,lamp,101.58000946,55.4373092651,4.33470884441,0,528.475076732,0.275208473206
UBFC_A1/Eval_On_COHFACE,COHFACE,old,COHFACE_s39_session1_lamp,19,61.99999999999999,61.0,correct,61.99999999999999,1.0,63.0,0.9538029197973026,61.0,0.9271813734317206,61.0,0.9999999999999999,60.0,0.99908595940836,61.99999999999999,0.8796170081316628,39_1,39,1,lamp,101.58000946,55.4373092651,4.33470884441,0,528.475076732,0.275208473206
UBFC_A1/Eval_On_COHFACE,COHFACE,old,COHFACE_s39_session1_lamp,20,63.0,61.99999999999999,correct,63.0,1.0,61.99999999999999,0.9595413772725633,64.0,0.918698281511262,61.99999999999999,0.9999999999999998,63.0,0.9586987443042766,61.0,0.9268170952209157,39_1,39,1,lamp,101.58000946,55.4373092651,4.33470884441,0,528.475076732,0.275208473206
UBFC_A1/Eval_On_COHFACE,COHFACE,old,COHFACE_s39_session1_lamp,21,63.0,81.0,super_harmonic_1p5x,63.0,1.0,64.0,0.9855971484311623,61.99999999999999,0.8904294912877723,81.0,0.9999999999999992,80.0,0.9813626176709876,82.0,0.9603175513470155,39_1,39,1,lamp,101.58000946,55.4373092651,4.33470884441,0,528.475076732,0.275208473206
UBFC_A1/Eval_On_COHFACE,COHFACE,old,COHFACE_s39_session1_lamp,22,64.0,80.0,large_error,64.0,1.0,63.0,0.9629688992823863,65.0,0.9210011189305982,80.0,0.9999999999999998,81.0,0.9823260981521345,79.0,0.9354749640630733,39_1,39,1,lamp,101.58000946,55.4373092651,4.33470884441,0,528.475076732,0.275208473206
UBFC_A1/Eval_On_COHFACE,COHFACE,old,COHFACE_s39_session1_lamp,23,64.0,44.0,large_error,64.0,1.0,65.0,0.9502903748866663,63.0,0.9330640134361498,44.0,0.9999999999999998,45.0,0.9823084178379301,43.0,0.9332030914354487,39_1,39,1,lamp,101.58000946,55.4373092651,4.33470884441,0,528.475076732,0.275208473206
UBFC_A1/Eval_On_COHFACE,COHFACE,old,COHFACE_s39_session1_lamp,24,64.0,68.0,large_error,64.0,1.0,63.0,0.9761328813001834,65.0,0.9069990740511881,68.0,0.9999999999999998,67.0,0.9759875571636856,69.0,0.8751726928403187,39_1,39,1,lamp,101.58000946,55.4373092651,4.33470884441,0,528.475076732,0.275208473206
UBFC_A1/Eval_On_COHFACE,COHFACE,old,COHFACE_s39_session1_lamp,25,63.0,65.0,correct,63.0,1.0,64.0,0.9417749269389554,61.99999999999999,0.9398455836312691,65.0,0.9999999999999997,64.0,0.9844379870792374,66.0,0.9684920471518246,39_1,39,1,lamp,101.58000946,55.4373092651,4.33470884441,0,528.475076732,0.275208473206
UBFC_A1/Eval_On_COHFACE,COHFACE,old,COHFACE_s39_session1_lamp,26,63.0,61.0,correct,63.0,1.0,61.99999999999999,0.9875755936245095,64.0,0.8962319776931684,61.0,0.9999999999999999,60.0,0.9424322002693547,61.99999999999999,0.9318348048125724,39_1,39,1,lamp,101.58000946,55.4373092651,4.33470884441,0,528.475076732,0.275208473206
UBFC_A1/Eval_On_COHFACE,COHFACE,old,COHFACE_s39_session1_lamp,27,63.0,59.0,large_error,63.0,1.0,64.0,0.9430166916691239,61.99999999999999,0.9391736549097521,59.0,0.9999999999999997,60.0,0.9830110998375033,58.0,0.9790057156144621,39_1,39,1,lamp,101.58000946,55.4373092651,4.33470884441,0,528.475076732,0.275208473206
UBFC_A1/Eval_On_COHFACE,COHFACE,old,COHFACE_s39_session1_lamp,28,64.0,60.0,large_error,64.0,1.0,63.0,0.9804557672926251,65.0,0.9067697288616331,60.0,0.9999999999999998,59.0,0.985832945449226,61.0,0.9360587431287767,39_1,39,1,lamp,101.58000946,55.4373092651,4.33470884441,0,528.475076732,0.275208473206
UBFC_A1/Eval_On_COHFACE,COHFACE,old,COHFACE_s39_session1_lamp,29,64.0,61.0,correct,64.0,0.9999999999999999,65.0,0.9683543698401379,63.0,0.9214789505107904,61.0,0.9999999999999998,60.0,0.9588018281886316,61.99999999999999,0.9228266044461433,39_1,39,1,lamp,101.58000946,55.4373092651,4.33470884441,0,528.475076732,0.275208473206
UBFC_A1/Eval_On_COHFACE,COHFACE,old,COHFACE_s39_session1_lamp,30,64.0,82.0,super_harmonic_1p5x,64.0,1.0,65.0,0.9928472321998635,63.0,0.8872386299373773,82.0,0.9999999999999999,81.0,0.9486549030494419,61.99999999999999,0.9456651116131543,39_1,39,1,lamp,101.58000946,55.4373092651,4.33470884441,0,528.475076732,0.275208473206
UBFC_A1/Eval_On_COHFACE,COHFACE,old,COHFACE_s39_session1_lamp,31,65.0,66.0,correct,65.0,1.0,64.0,0.9614685572393464,66.0,0.923499253400285,66.0,0.9999999999999998,65.0,0.9931191158264023,67.0,0.9272572484349771,39_1,39,1,lamp,101.58000946,55.4373092651,4.33470884441,0,528.475076732,0.275208473206
UBFC_A1/Eval_On_COHFACE,COHFACE,old,COHFACE_s39_session1_lamp,32,65.0,67.0,correct,65.0,1.0,66.0,0.9644692360289973,64.0,0.920342416694353,67.0,0.9999999999999999,66.0,0.9660406511957671,68.0,0.9151452029229045,39_1,39,1,lamp,101.58000946,55.4373092651,4.33470884441,0,528.475076732,0.275208473206
UBFC_A1/Eval_On_COHFACE,COHFACE,old,COHFACE_s39_session1_lamp,33,65.0,67.0,correct,65.0,1.0,66.0,0.9832499337746019,64.0,0.9048419929032638,67.0,0.9999999999999999,66.0,0.9771719285006683,68.0,0.944636258355324,39_1,39,1,lamp,101.58000946,55.4373092651,4.33470884441,0,528.475076732,0.275208473206
UBFC_A1/Eval_On_COHFACE,COHFACE,old,COHFACE_s39_session1_lamp,34,65.0,66.0,correct,65.0,1.0,66.0,0.9559122506101086,64.0,0.9344785985501557,66.0,0.9999999999999998,67.0,0.9718782581170798,65.0,0.9359580095548873,39_1,39,1,lamp,101.58000946,55.4373092651,4.33470884441,0,528.475076732,0.275208473206
UBFC_A1/Eval_On_COHFACE,COHFACE,old,COHFACE_s39_session1_lamp,35,65.0,67.0,correct,65.0,1.0,64.0,0.9750077048708253,66.0,0.9156529005220718,67.0,0.9999999999999999,68.0,0.962734254225145,66.0,0.9229271445565694,39_1,39,1,lamp,101.58000946,55.4373092651,4.33470884441,0,528.475076732,0.275208473206
UBFC_A1/Eval_On_COHFACE,COHFACE,old,COHFACE_s39_session1_lamp,36,65.0,66.0,correct,65.0,1.0,64.0,0.9679743386604356,66.0,0.9183528083003191,66.0,0.9999999999999998,67.0,0.9824944711456897,65.0,0.9436043554207889,39_1,39,1,lamp,101.58000946,55.4373092651,4.33470884441,0,528.475076732,0.275208473206
UBFC_A1/Eval_On_COHFACE,COHFACE,old,COHFACE_s39_session1_lamp,37,65.0,67.0,correct,65.0,1.0,66.0,0.9759038679485524,64.0,0.9053341093324065,67.0,0.9999999999999998,66.0,0.9876424480063879,68.0,0.9238767229872056,39_1,39,1,lamp,101.58000946,55.4373092651,4.33470884441,0,528.475076732,0.275208473206
UBFC_A1/Eval_On_COHFACE,COHFACE,old,COHFACE_s39_session1_lamp,38,66.0,66.0,correct,66.0,1.0,65.0,0.9791208843025326,67.0,0.9014405439823282,66.0,0.9999999999999998,65.0,0.9932049571136369,67.0,0.9068580153062404,39_1,39,1,lamp,101.58000946,55.4373092651,4.33470884441,0,528.475076732,0.275208473206
UBFC_A1/Eval_On_COHFACE,COHFACE,old,COHFACE_s39_session1_lamp,39,65.0,66.0,correct,65.0,1.0,66.0,0.9914453612782195,64.0,0.8947674683178586,66.0,0.9999999999999999,65.0,0.9820301302947327,67.0,0.9212342010269605,39_1,39,1,lamp,101.58000946,55.4373092651,4.33470884441,0,528.475076732,0.275208473206
UBFC_A1/Eval_On_COHFACE,COHFACE,old,COHFACE_s39_session1_lamp,40,65.0,65.0,correct,65.0,1.0,64.0,0.9843402085062886,66.0,0.9029736088300793,65.0,0.9999999999999998,66.0,0.99326054855175,64.0,0.9040476388743994,39_1,39,1,lamp,101.58000946,55.4373092651,4.33470884441,0,528.475076732,0.275208473206
UBFC_A1/Eval_On_COHFACE,COHFACE,old,COHFACE_s39_session1_lamp,41,64.0,43.0,large_error,64.0,1.0,63.0,0.9550732319020481,65.0,0.9302438731647449,43.0,0.9999999999999998,44.0,0.9982309392392403,42.0,0.8872313319517057,39_1,39,1,lamp,101.58000946,55.4373092651,4.33470884441,0,528.475076732,0.275208473206
UBFC_A1/Eval_On_COHFACE,COHFACE,old,COHFACE_s39_session1_lamp,42,63.0,64.0,correct,63.0,1.0,64.0,0.9977276282538237,61.99999999999999,0.8895124410678737,64.0,0.9999999999999997,63.0,0.9626940268927517,65.0,0.88415020421078,39_1,39,1,lamp,101.58000946,55.4373092651,4.33470884441,0,528.475076732,0.275208473206
UBFC_A1/Eval_On_COHFACE,COHFACE,old,COHFACE_s39_session1_lamp,43,64.0,63.0,correct,64.0,1.0,63.0,0.9906881910195995,65.0,0.898160648976515,63.0,0.9999999999999997,61.99999999999999,0.9617329394297234,75.0,0.9263273322204245,39_1,39,1,lamp,101.58000946,55.4373092651,4.33470884441,0,528.475076732,0.275208473206
UBFC_A1/Eval_On_COHFACE,COHFACE,old,COHFACE_s39_session1_lamp,44,64.0,76.0,large_error,64.0,1.0,65.0,0.9467953036123489,63.0,0.9399239463039697,76.0,0.9999999999999999,75.0,0.9801829590258339,77.0,0.8761840738276906,39_1,39,1,lamp,101.58000946,55.4373092651,4.33470884441,0,528.475076732,0.275208473206
UBFC_A1/Eval_On_COHFACE,COHFACE,old,COHFACE_s39_session1_lamp,45,64.0,79.0,large_error,64.0,1.0,65.0,0.9993928367938867,63.0,0.8856365648397947,79.0,0.9999999999999997,80.0,0.9906464827551025,78.0,0.9321257641847575,39_1,39,1,lamp,101.58000946,55.4373092651,4.33470884441,0,528.475076732,0.275208473206
UBFC_A1/Eval_On_COHFACE,COHFACE,old,COHFACE_s39_session1_lamp,46,65.0,81.0,large_error,65.0,1.0,64.0,0.9654265977651114,66.0,0.9202511413218303,81.0,0.9999999999999998,80.0,0.9574997501176141,82.0,0.9447301487991744,39_1,39,1,lamp,101.58000946,55.4373092651,4.33470884441,0,528.475076732,0.275208473206
UBFC_A1/Eval_On_COHFACE,COHFACE,old,COHFACE_s39_session1_lamp,47,65.0,66.0,correct,65.0,1.0,64.0,0.9509047864082403,66.0,0.9366145113399751,66.0,0.9999999999999998,78.0,0.9794525050801183,77.0,0.967374434643719,39_1,39,1,lamp,101.58000946,55.4373092651,4.33470884441,0,528.475076732,0.275208473206
UBFC_A1/Eval_On_COHFACE,COHFACE,old,COHFACE_s39_session1_lamp,48,65.0,79.0,large_error,65.0,0.9999999999999999,64.0,0.9585678193655849,66.0,0.930863239444153,79.0,0.9999999999999998,78.0,0.9884869583390531,66.0,0.9583622547393619,39_1,39,1,lamp,101.58000946,55.4373092651,4.33470884441,0,528.475076732,0.275208473206
UBFC_A1/Eval_On_COHFACE,COHFACE,old,COHFACE_s39_session1_lamp,49,64.0,79.0,large_error,64.0,0.9999999999999999,65.0,0.9807926883268234,63.0,0.914660097330801,79.0,0.9999999999999997,78.0,0.9656957104046563,80.0,0.9500349272229869,39_1,39,1,lamp,101.58000946,55.4373092651,4.33470884441,0,528.475076732,0.275208473206
UBFC_A1/Eval_On_COHFACE,COHFACE,old,COHFACE_s39_session1_lamp,50,63.0,61.0,correct,63.0,1.0,64.0,0.9760822732474296,61.99999999999999,0.9150412907112337,61.0,0.9999999999999999,60.0,0.9856232549624371,61.99999999999999,0.9002041764829039,39_1,39,1,lamp,101.58000946,55.4373092651,4.33470884441,0,528.475076732,0.275208473206
UBFC_A1/Eval_On_COHFACE,COHFACE,old,COHFACE_s39_session2_natural,0,59.0,45.0,large_error,59.0,0.9999999999999999,58.0,0.9567655715573837,60.0,0.9564599051784556,45.0,0.9999999999999994,46.0,0.980316087584658,44.0,0.959877278749796,39_2,39,2,natural,87.1837539673,60.4054527283,9.26165180822,0,447.489216822,0.266399890184
UBFC_A1/Eval_On_COHFACE,COHFACE,old,COHFACE_s39_session2_natural,1,61.0,46.0,large_error,61.0,0.9999999999999999,61.99999999999999,0.9988381081987184,60.0,0.8988518535155817,46.0,0.9999999999999997,45.0,0.9689430217812931,47.0,0.9634091917213412,39_2,39,2,natural,87.1837539673,60.4054527283,9.26165180822,0,447.489216822,0.266399890184
UBFC_A1/Eval_On_COHFACE,COHFACE,old,COHFACE_s39_session2_natural,2,63.0,51.0,large_error,63.0,0.9999999999999999,64.0,0.9852705359045983,61.99999999999999,0.9115415592483848,51.0,0.9999999999999997,50.0,0.9830252916724338,52.0,0.9323440532178834,39_2,39,2,natural,87.1837539673,60.4054527283,9.26165180822,0,447.489216822,0.266399890184
UBFC_A1/Eval_On_COHFACE,COHFACE,old,COHFACE_s39_session2_natural,3,64.0,53.0,large_error,64.0,0.9999999999999998,63.0,0.9473361165208836,65.0,0.9422647348942116,53.0,0.9999999999999998,52.0,0.9666031451332001,54.0,0.9264021212516598,39_2,39,2,natural,87.1837539673,60.4054527283,9.26165180822,0,447.489216822,0.266399890184
UBFC_A1/Eval_On_COHFACE,COHFACE,old,COHFACE_s39_session2_natural,4,64.0,53.0,large_error,64.0,0.9999999999999998,63.0,0.9914918506210104,65.0,0.9024310472883353,53.0,0.9999999999999999,52.0,0.9609105362972713,54.0,0.9280565041978011,39_2,39,2,natural,87.1837539673,60.4054527283,9.26165180822,0,447.489216822,0.266399890184
UBFC_A1/Eval_On_COHFACE,COHFACE,old,COHFACE_s39_session2_natural,5,63.0,53.0,large_error,63.0,0.9999999999999998,61.99999999999999,0.955077945863167,64.0,0.9354196490936217,53.0,0.9999999999999998,52.0,0.9973529628773175,54.0,0.9408306894311397,39_2,39,2,natural,87.1837539673,60.4054527283,9.26165180822,0,447.489216822,0.266399890184
UBFC_A1/Eval_On_COHFACE,COHFACE,old,COHFACE_s39_session2_natural,6,61.99999999999999,42.0,large_error,61.99999999999999,0.9999999999999998,61.0,0.9608728244888838,63.0,0.9347703422988497,42.0,0.9999999999999998,41.0,0.9903451910758089,43.0,0.9525120680022163,39_2,39,2,natural,87.1837539673,60.4054527283,9.26165180822,0,447.489216822,0.266399890184
UBFC_A1/Eval_On_COHFACE,COHFACE,old,COHFACE_s39_session2_natural,7,61.0,42.0,large_error,61.0,0.9999999999999998,61.99999999999999,0.9598639897124479,60.0,0.9423600832223701,42.0,0.9999999999999997,41.0,0.9870592329474542,43.0,0.9351556090659211,39_2,39,2,natural,87.1837539673,60.4054527283,9.26165180822,0,447.489216822,0.266399890184
UBFC_A1/Eval_On_COHFACE,COHFACE,old,COHFACE_s39_session2_natural,8,61.0,40.0,large_error,61.0,0.9999999999999998,61.99999999999999,0.9644456175148057,60.0,0.9263551032399578,40.0,0.9999999999999997,41.0,0.9304421162823874,74.0,0.9169944090472656,39_2,39,2,natural,87.1837539673,60.4054527283,9.26165180822,0,447.489216822,0.266399890184
UBFC_A1/Eval_On_COHFACE,COHFACE,old,COHFACE_s39_session2_natural,9,61.99999999999999,40.0,large_error,61.99999999999999,0.9999999999999999,61.0,0.9521676879874056,63.0,0.9270089993623217,40.0,0.9999999999999997,75.0,0.8900516049105069,76.0,0.8763833693294433,39_2,39,2,natural,87.1837539673,60.4054527283,9.26165180822,0,447.489216822,0.266399890184
UBFC_A1/Eval_On_COHFACE,COHFACE,old,COHFACE_s39_session2_natural,10,61.99999999999999,75.0,large_error,61.99999999999999,0.9999999999999999,63.0,0.9618171259718483,61.0,0.913377979227755,75.0,0.9999999999999998,74.0,0.960020623036973,76.0,0.9422397961877705,39_2,39,2,natural,87.1837539673,60.4054527283,9.26165180822,0,447.489216822,0.266399890184
UBFC_A1/Eval_On_COHFACE,COHFACE,old,COHFACE_s39_session2_natural,11,61.99999999999999,76.0,large_error,61.99999999999999,0.9999999999999999,63.0,0.9445487129831217,61.0,0.9364197473969521,76.0,0.9999999999999996,77.0,0.9807955206218719,75.0,0.9599303395251256,39_2,39,2,natural,87.1837539673,60.4054527283,9.26165180822,0,447.489216822,0.266399890184
UBFC_A1/Eval_On_COHFACE,COHFACE,old,COHFACE_s39_session2_natural,12,61.0,40.0,large_error,61.0,0.9999999999999999,61.99999999999999,0.9764571848278529,60.0,0.9112403103074768,40.0,0.9999999999999996,41.0,0.9396083960068535,75.0,0.9267876327241272,39_2,39,2,natural,87.1837539673,60.4054527283,9.26165180822,0,447.489216822,0.266399890184
UBFC_A1/Eval_On_COHFACE,COHFACE,old,COHFACE_s39_session2_natural,13,61.0,73.0,large_error,61.0,0.9999999999999999,60.0,0.9935710640377995,61.99999999999999,0.8958000684046744,73.0,0.9999999999999996,61.99999999999999,0.9698066728512174,72.0,0.9511735731922843,39_2,39,2,natural,87.1837539673,60.4054527283,9.26165180822,0,447.489216822,0.266399890184
UBFC_A1/Eval_On_COHFACE,COHFACE,old,COHFACE_s39_session2_natural,14,60.0,60.0,correct,60.0,0.9999999999999999,61.0,0.9972163644650016,59.0,0.894070579207317,60.0,0.9999999999999996,61.0,0.9832996378264848,59.0,0.9113091372261275,39_2,39,2,natural,87.1837539673,60.4054527283,9.26165180822,0,447.489216822,0.266399890184
UBFC_A1/Eval_On_COHFACE,COHFACE,old,COHFACE_s39_session2_natural,15,61.0,40.0,large_error,61.0,0.9999999999999999,60.0,0.9825790481254651,61.99999999999999,0.8955733426968959,40.0,0.9999999999999992,90.0,0.920289271341232,89.0,0.9108585107322608,39_2,39,2,natural,87.1837539673,60.4054527283,9.26165180822,0,447.489216822,0.266399890184
UBFC_A1/Eval_On_COHFACE,COHFACE,old,COHFACE_s39_session2_natural,16,61.0,58.0,correct,61.0,0.9999999999999999,61.99999999999999,0.9593549211574879,60.0,0.9232014189819511,58.0,0.9999999999999996,59.0,0.9863210346890734,57.0,0.9006368050748955,39_2,39,2,natural,87.1837539673,60.4054527283,9.26165180822,0,447.489216822,0.266399890184
UBFC_A1/Eval_On_COHFACE,COHFACE,old,COHFACE_s39_session2_natural,17,61.99999999999999,61.0,correct,61.99999999999999,1.0,61.0,0.9428572452138495,63.0,0.9380147755725026,61.0,0.9999999999999998,61.99999999999999,0.959207848579854,60.0,0.9470922809233246,39_2,39,2,natural,87.1837539673,60.4054527283,9.26165180822,0,447.489216822,0.266399890184
UBFC_A1/Eval_On_COHFACE,COHFACE,old,COHFACE_s39_session2_natural,18,61.99999999999999,75.0,large_error,61.99999999999999,1.0,63.0,0.9937596133725105,61.0,0.8928438455973124,75.0,0.9999999999999997,74.0,0.9387276392390149,76.0,0.9336985591573564,39_2,39,2,natural,87.1837539673,60.4054527283,9.26165180822,0,447.489216822,0.266399890184
UBFC_A1/Eval_On_COHFACE,COHFACE,old,COHFACE_s39_session2_natural,19,63.0,63.0,correct,63.0,1.0,61.99999999999999,0.9953569684278197,64.0,0.8916862277797313,63.0,0.9999999999999997,64.0,0.9899111835476978,61.99999999999999,0.8583058754573045,39_2,39,2,natural,87.1837539673,60.4054527283,9.26165180822,0,447.489216822,0.266399890184
UBFC_A1/Eval_On_COHFACE,COHFACE,old,COHFACE_s39_session2_natural,20,61.99999999999999,52.0,large_error,61.99999999999999,1.0,63.0,0.9467141731954413,61.0,0.941246196144705,52.0,0.9999999999999999,51.0,0.97616767068275,53.0,0.8701909237961201,39_2,39,2,natural,87.1837539673,60.4054527283,9.26165180822,0,447.489216822,0.266399890184
UBFC_A1/Eval_On_COHFACE,COHFACE,old,COHFACE_s39_session2_natural,21,61.0,50.0,large_error,61.0,1.0,61.99999999999999,0.9780832038540274,60.0,0.9048093457671792,50.0,0.9999999999999998,51.0,0.9648534872997998,49.0,0.9163255131976177,39_2,39,2,natural,87.1837539673,60.4054527283,9.26165180822,0,447.489216822,0.266399890184
UBFC_A1/Eval_On_COHFACE,COHFACE,old,COHFACE_s39_session2_natural,22,61.0,49.0,large_error,61.0,1.0,60.0,0.9520302034096503,61.99999999999999,0.9356746760254965,49.0,0.9999999999999998,48.0,0.9950462563143837,50.0,0.9566644774910041,39_2,39,2,natural,87.1837539673,60.4054527283,9.26165180822,0,447.489216822,0.266399890184
UBFC_A1/Eval_On_COHFACE,COHFACE,old,COHFACE_s39_session2_natural,23,61.0,60.0,correct,61.0,1.0,61.99999999999999,0.9512726788507583,60.0,0.9405584030279228,60.0,0.9999999999999998,44.0,0.9842938272030533,43.0,0.977161566226357,39_2,39,2,natural,87.1837539673,60.4054527283,9.26165180822,0,447.489216822,0.266399890184
UBFC_A1/Eval_On_COHFACE,COHFACE,old,COHFACE_s39_session2_natural,24,61.0,52.0,large_error,61.0,1.0,61.99999999999999,0.990461454303187,60.0,0.9048234693530183,52.0,0.9999999999999998,53.0,0.9859120239868224,51.0,0.9078780135546765,39_2,39,2,natural,87.1837539673,60.4054527283,9.26165180822,0,447.489216822,0.266399890184
UBFC_A1/Eval_On_COHFACE,COHFACE,old,COHFACE_s39_session2_natural,25,61.99999999999999,53.0,large_error,61.99999999999999,1.0,61.0,0.9629599937135436,63.0,0.9191343421375205,53.0,0.9999999999999998,52.0,0.9911914880693102,54.0,0.8546215048004676,39_2,39,2,natural,87.1837539673,60.4054527283,9.26165180822,0,447.489216822,0.266399890184
UBFC_A1/Eval_On_COHFACE,COHFACE,old,COHFACE_s39_session2_natural,26,61.99999999999999,53.0,large_error,61.99999999999999,1.0,63.0,0.9975741540919872,61.0,0.8829737438180308,53.0,0.9999999999999999,52.0,0.9445133855124035,54.0,0.9109132307091033,39_2,39,2,natural,87.1837539673,60.4054527283,9.26165180822,0,447.489216822,0.266399890184
UBFC_A1/Eval_On_COHFACE,COHFACE,old,COHFACE_s39_session2_natural,27,64.0,52.0,large_error,64.0,1.0,63.0,0.9872543134631863,65.0,0.9043392308671193,52.0,0.9999999999999997,53.0,0.9691352396726952,51.0,0.9414623330704327,39_2,39,2,natural,87.1837539673,60.4054527283,9.26165180822,0,447.489216822,0.266399890184
UBFC_A1/Eval_On_COHFACE,COHFACE,old,COHFACE_s39_session2_natural,28,65.0,51.0,large_error,65.0,1.0,64.0,0.9473067358249496,66.0,0.9458777628862904,51.0,0.9999999999999997,52.0,0.9876260344068951,50.0,0.9669119791438346,39_2,39,2,natural,87.1837539673,60.4054527283,9.26165180822,0,447.489216822,0.266399890184
UBFC_A1/Eval_On_COHFACE,COHFACE,old,COHFACE_s39_session2_natural,29,66.0,51.0,large_error,66.0,1.0,67.0,0.9812876401040718,65.0,0.9089555598603006,51.0,0.9999999999999998,67.0,0.9934532562478281,66.0,0.9600826332877658,39_2,39,2,natural,87.1837539673,60.4054527283,9.26165180822,0,447.489216822,0.266399890184
UBFC_A1/Eval_On_COHFACE,COHFACE,old,COHFACE_s39_session2_natural,30,67.0,52.0,large_error,67.0,1.0,66.0,0.9676646851600724,68.0,0.914168401838937,52.0,0.9999999999999998,51.0,0.9894153574558658,53.0,0.9176085382596976,39_2,39,2,natural,87.1837539673,60.4054527283,9.26165180822,0,447.489216822,0.266399890184
UBFC_A1/Eval_On_COHFACE,COHFACE,old,COHFACE_s39_session2_natural,31,67.0,53.0,large_error,67.0,1.0,66.0,0.9813156380200801,68.0,0.9009222750874194,53.0,0.9999999999999998,54.0,0.9527926217716557,52.0,0.9428426369254729,39_2,39,2,natural,87.1837539673,60.4054527283,9.26165180822,0,447.489216822,0.266399890184
UBFC_A1/Eval_On_COHFACE,COHFACE,old,COHFACE_s39_session2_natural,32,66.0,67.0,correct,66.0,1.0,67.0,0.9629854297853608,65.0,0.9233609922740795,67.0,0.9999999999999997,68.0,0.9957680607765492,66.0,0.8667315201890835,39_2,39,2,natural,87.1837539673,60.4054527283,9.26165180822,0,447.489216822,0.266399890184
UBFC_A1/Eval_On_COHFACE,COHFACE,old,COHFACE_s39_session2_natural,33,66.0,41.0,large_error,66.0,0.9999999999999999,65.0,0.9979228195024511,67.0,0.8970624533339917,41.0,0.9999999999999997,40.0,0.9908577034961309,42.0,0.9444222464797496,39_2,39,2,natural,87.1837539673,60.4054527283,9.26165180822,0,447.489216822,0.266399890184
UBFC_A1/Eval_On_COHFACE,COHFACE,old,COHFACE_s39_session2_natural,34,65.0,58.0,large_error,65.0,1.0,66.0,0.9784276271490749,64.0,0.9142261718464515,58.0,0.9999999999999997,59.0,0.9848215534596735,63.0,0.9840404792598637,39_2,39,2,natural,87.1837539673,60.4054527283,9.26165180822,0,447.489216822,0.266399890184
UBFC_A1/Eval_On_COHFACE,COHFACE,old,COHFACE_s39_session2_natural,35,65.0,61.0,large_error,65.0,1.0,64.0,0.9430110457047987,66.0,0.9389048129952787,61.0,0.9999999999999999,61.99999999999999,0.979106547720095,60.0,0.8890615314308907,39_2,39,2,natural,87.1837539673,60.4054527283,9.26165180822,0,447.489216822,0.266399890184
UBFC_A1/Eval_On_COHFACE,COHFACE,old,COHFACE_s39_session2_natural,36,65.0,64.0,correct,65.0,1.0,64.0,0.9570159354761699,66.0,0.9213393167846868,64.0,0.9999999999999996,65.0,0.9803086294723086,63.0,0.9012043605712701,39_2,39,2,natural,87.1837539673,60.4054527283,9.26165180822,0,447.489216822,0.266399890184
UBFC_A1/Eval_On_COHFACE,COHFACE,old,COHFACE_s39_session2_natural,37,65.0,66.0,correct,65.0,1.0,66.0,0.9643418749876057,64.0,0.9219222072361518,66.0,0.9999999999999998,67.0,0.9736142565073654,65.0,0.9633657194519964,39_2,39,2,natural,87.1837539673,60.4054527283,9.26165180822,0,447.489216822,0.266399890184
UBFC_A1/Eval_On_COHFACE,COHFACE,old,COHFACE_s39_session2_natural,38,66.0,66.0,correct,66.0,1.0,67.0,0.970195329100224,65.0,0.9225873752613696,66.0,0.9999999999999998,65.0,0.9705996041368828,67.0,0.9596860736419998,39_2,39,2,natural,87.1837539673,60.4054527283,9.26165180822,0,447.489216822,0.266399890184
UBFC_A1/Eval_On_COHFACE,COHFACE,old,COHFACE_s39_session2_natural,39,67.0,77.0,large_error,67.0,1.0,68.0,0.9499849407330283,66.0,0.9381169608249503,77.0,0.9999999999999997,76.0,0.9651744668098537,78.0,0.9442573109491224,39_2,39,2,natural,87.1837539673,60.4054527283,9.26165180822,0,447.489216822,0.266399890184
UBFC_A1/Eval_On_COHFACE,COHFACE,old,COHFACE_s39_session2_natural,40,67.0,75.0,large_error,67.0,1.0,66.0,0.9793864820105237,68.0,0.9082566563277066,75.0,0.9999999999999998,76.0,0.9728269465653424,74.0,0.9419914515799978,39_2,39,2,natural,87.1837539673,60.4054527283,9.26165180822,0,447.489216822,0.266399890184
UBFC_A1/Eval_On_COHFACE,COHFACE,old,COHFACE_s39_session2_natural,41,66.0,64.0,correct,66.0,1.0,65.0,0.9752429706206087,67.0,0.9092712074472905,64.0,0.9999999999999997,63.0,0.9531189672628838,74.0,0.9147263400739254,39_2,39,2,natural,87.1837539673,60.4054527283,9.26165180822,0,447.489216822,0.266399890184
UBFC_A1/Eval_On_COHFACE,COHFACE,old,COHFACE_s39_session2_natural,42,65.0,60.0,large_error,65.0,1.0,66.0,0.9647104090086732,64.0,0.919725077586637,60.0,0.9999999999999999,61.0,0.9462067602995963,59.0,0.9322444394100707,39_2,39,2,natural,87.1837539673,60.4054527283,9.26165180822,0,447.489216822,0.266399890184
UBFC_A1/Eval_On_COHFACE,COHFACE,old,COHFACE_s39_session2_natural,43,65.0,61.0,large_error,65.0,1.0,64.0,0.9670953153145463,66.0,0.9215055563419801,61.0,0.9999999999999998,60.0,0.9914693002717891,61.99999999999999,0.90062669427977,39_2,39,2,natural,87.1837539673,60.4054527283,9.26165180822,0,447.489216822,0.266399890184
UBFC_A1/Eval_On_COHFACE,COHFACE,old,COHFACE_s39_session2_natural,44,64.0,53.0,large_error,64.0,1.0,65.0,0.9835861560789655,63.0,0.9117571545789462,53.0,0.9999999999999998,54.0,0.9666228598948258,52.0,0.9369067605144242,39_2,39,2,natural,87.1837539673,60.4054527283,9.26165180822,0,447.489216822,0.266399890184
UBFC_A1/Eval_On_COHFACE,COHFACE,old,COHFACE_s39_session2_natural,45,64.0,53.0,large_error,64.0,1.0,63.0,0.9583121869832247,65.0,0.929902074153672,53.0,0.9999999999999998,52.0,0.9855117991039173,54.0,0.9462459668511449,39_2,39,2,natural,87.1837539673,60.4054527283,9.26165180822,0,447.489216822,0.266399890184
UBFC_A1/Eval_On_COHFACE,COHFACE,old,COHFACE_s39_session2_natural,46,64.0,51.0,large_error,64.0,1.0,63.0,0.9610202937606378,65.0,0.9233997697653263,51.0,0.9999999999999997,50.0,0.996818882141287,52.0,0.9602213409194674,39_2,39,2,natural,87.1837539673,60.4054527283,9.26165180822,0,447.489216822,0.266399890184
UBFC_A1/Eval_On_COHFACE,COHFACE,old,COHFACE_s39_session2_natural,47,64.0,52.0,large_error,64.0,1.0,65.0,0.9910139960811352,63.0,0.893637361920277,52.0,0.9999999999999998,53.0,0.9894707373372313,51.0,0.9763068712398292,39_2,39,2,natural,87.1837539673,60.4054527283,9.26165180822,0,447.489216822,0.266399890184
UBFC_A1/Eval_On_COHFACE,COHFACE,old,COHFACE_s39_session2_natural,48,65.0,51.0,large_error,65.0,1.0,66.0,0.9481569976281548,64.0,0.9322316861868216,51.0,0.9999999999999996,50.0,0.971149118481026,52.0,0.8581595227431532,39_2,39,2,natural,87.1837539673,60.4054527283,9.26165180822,0,447.489216822,0.266399890184
UBFC_A1/Eval_On_COHFACE,COHFACE,old,COHFACE_s39_session2_natural,49,65.0,61.0,large_error,65.0,1.0,66.0,0.9873600710584219,64.0,0.8982317782468062,61.0,0.9999999999999993,60.0,0.9445691838452852,99.0,0.8961002952725619,39_2,39,2,natural,87.1837539673,60.4054527283,9.26165180822,0,447.489216822,0.266399890184
UBFC_A1/Eval_On_COHFACE,COHFACE,old,COHFACE_s39_session2_natural,50,65.0,63.0,correct,65.0,1.0,66.0,0.9739047268082076,64.0,0.9076066612361439,63.0,0.9999999999999997,64.0,0.9889925473508361,61.99999999999999,0.8990302955991721,39_2,39,2,natural,87.1837539673,60.4054527283,9.26165180822,0,447.489216822,0.266399890184
UBFC_A1/Eval_On_COHFACE,COHFACE,old,COHFACE_s39_session3_natural,0,69.0,60.0,large_error,69.0,1.0,70.0,0.9576731606906335,68.0,0.9148697863126327,60.0,0.9999999999999998,59.0,0.99071479674854,61.0,0.8932642636794391,39_3,39,3,natural,86.6105270386,60.3175315857,9.22158679122,0,431.953976448,0.267216145992
UBFC_A1/Eval_On_COHFACE,COHFACE,old,COHFACE_s39_session3_natural,1,67.0,98.0,super_harmonic_1p5x,67.0,0.9999999999999999,68.0,0.9637461373580666,66.0,0.9302723860065292,98.0,0.9999999999999989,99.0,0.9016486700295028,89.0,0.8944056875387228,39_3,39,3,natural,86.6105270386,60.3175315857,9.22158679122,0,431.953976448,0.267216145992
UBFC_A1/Eval_On_COHFACE,COHFACE,old,COHFACE_s39_session3_natural,2,65.0,65.0,correct,65.0,0.9999999999999999,64.0,0.9557529838752947,66.0,0.9393060357391584,65.0,0.9999999999999994,64.0,0.9685385332187543,66.0,0.8733638627803848,39_3,39,3,natural,86.6105270386,60.3175315857,9.22158679122,0,431.953976448,0.267216145992
UBFC_A1/Eval_On_COHFACE,COHFACE,old,COHFACE_s39_session3_natural,3,61.99999999999999,80.0,super_harmonic_1p5x,61.99999999999999,0.9999999999999999,63.0,0.9606557662425051,61.0,0.946199295843584,80.0,0.9999999999999992,81.0,0.9394694995628088,79.0,0.9161314811977128,39_3,39,3,natural,86.6105270386,60.3175315857,9.22158679122,0,431.953976448,0.267216145992
UBFC_A1/Eval_On_COHFACE,COHFACE,old,COHFACE_s39_session3_natural,4,60.0,83.0,super_harmonic_1p5x,60.0,0.9999999999999999,59.0,0.953279993598524,61.0,0.9427457964246594,83.0,0.9999999999999994,84.0,0.9750838488819278,82.0,0.9203647075068485,39_3,39,3,natural,86.6105270386,60.3175315857,9.22158679122,0,431.953976448,0.267216145992
UBFC_A1/Eval_On_COHFACE,COHFACE,old,COHFACE_s39_session3_natural,5,59.0,59.0,correct,59.0,0.9999999999999999,60.0,0.9727504640674027,58.0,0.9234809361110645,59.0,0.9999999999999989,60.0,0.9968581389439626,84.0,0.9953456282698252,39_3,39,3,natural,86.6105270386,60.3175315857,9.22158679122,0,431.953976448,0.267216145992
UBFC_A1/Eval_On_COHFACE,COHFACE,old,COHFACE_s39_session3_natural,6,60.0,55.0,large_error,60.0,0.9999999999999999,59.0,0.9760816078984167,61.0,0.9137885853837328,55.0,0.9999999999999996,54.0,0.9964845904431511,56.0,0.9812276296991296,39_3,39,3,natural,86.6105270386,60.3175315857,9.22158679122,0,431.953976448,0.267216145992
UBFC_A1/Eval_On_COHFACE,COHFACE,old,COHFACE_s39_session3_natural,7,61.0,51.0,large_error,61.0,0.9999999999999999,60.0,0.975703050314624,61.99999999999999,0.9033394477206413,51.0,0.9999999999999997,52.0,0.9927270094943745,84.0,0.9602191229594369,39_3,39,3,natural,86.6105270386,60.3175315857,9.22158679122,0,431.953976448,0.267216145992
UBFC_A1/Eval_On_COHFACE,COHFACE,old,COHFACE_s39_session3_natural,8,61.99999999999999,52.0,large_error,61.99999999999999,0.9999999999999999,61.0,0.9481830878264248,63.0,0.932931227881051,52.0,0.9999999999999998,51.0,0.9845795031511061,53.0,0.8999898662590917,39_3,39,3,natural,86.6105270386,60.3175315857,9.22158679122,0,431.953976448,0.267216145992
UBFC_A1/Eval_On_COHFACE,COHFACE,old,COHFACE_s39_session3_natural,9,63.0,49.0,large_error,63.0,1.0,61.99999999999999,0.9835183366214458,64.0,0.8973042400591246,49.0,0.9999999999999998,50.0,0.9994148689577239,51.0,0.8714579634999186,39_3,39,3,natural,86.6105270386,60.3175315857,9.22158679122,0,431.953976448,0.267216145992
UBFC_A1/Eval_On_COHFACE,COHFACE,old,COHFACE_s39_session3_natural,10,61.99999999999999,51.0,large_error,61.99999999999999,0.9999999999999999,63.0,0.9977586952819357,61.0,0.8826340432109665,51.0,0.9999999999999997,52.0,0.9753424501815948,50.0,0.9157685060897324,39_3,39,3,natural,86.6105270386,60.3175315857,9.22158679122,0,431.953976448,0.267216145992
UBFC_A1/Eval_On_COHFACE,COHFACE,old,COHFACE_s39_session3_natural,11,61.99999999999999,44.0,large_error,61.99999999999999,0.9999999999999999,61.0,0.9951980424077745,63.0,0.8961328494028747,44.0,0.9999999999999998,45.0,0.9941850779226937,43.0,0.9141358168565026,39_3,39,3,natural,86.6105270386,60.3175315857,9.22158679122,0,431.953976448,0.267216145992
UBFC_A1/Eval_On_COHFACE,COHFACE,old,COHFACE_s39_session3_natural,12,61.0,46.0,large_error,61.0,1.0,60.0,0.9949443829097087,61.99999999999999,0.9024774148792503,46.0,0.9999999999999998,45.0,0.985834948156018,47.0,0.9378568873412465,39_3,39,3,natural,86.6105270386,60.3175315857,9.22158679122,0,431.953976448,0.267216145992
UBFC_A1/Eval_On_COHFACE,COHFACE,old,COHFACE_s39_session3_natural,13,61.0,46.0,large_error,61.0,0.9999999999999999,61.99999999999999,0.9639531070094474,60.0,0.9326623328678714,46.0,0.9999999999999997,47.0,0.9841929404679802,45.0,0.9509770605807816,39_3,39,3,natural,86.6105270386,60.3175315857,9.22158679122,0,431.953976448,0.267216145992
UBFC_A1/Eval_On_COHFACE,COHFACE,old,COHFACE_s39_session3_natural,14,61.99999999999999,44.0,large_error,61.99999999999999,0.9999999999999999,63.0,0.9485177538110702,61.0,0.928822600448147,44.0,0.9999999999999997,43.0,0.9933943057210991,45.0,0.8853391647243922,39_3,39,3,natural,86.6105270386,60.3175315857,9.22158679122,0,431.953976448,0.267216145992
UBFC_A1/Eval_On_COHFACE,COHFACE,old,COHFACE_s39_session3_natural,15,63.0,81.0,super_harmonic_1p5x,63.0,0.9999999999999999,61.99999999999999,0.9822280874652141,64.0,0.907535061888306,81.0,0.9999999999999992,40.0,0.9969490358439304,80.0,0.9823485977507747,39_3,39,3,natural,86.6105270386,60.3175315857,9.22158679122,0,431.953976448,0.267216145992
UBFC_A1/Eval_On_COHFACE,COHFACE,old,COHFACE_s39_session3_natural,16,63.0,85.0,super_harmonic_1p5x,63.0,0.9999999999999999,61.99999999999999,0.9531653080116975,64.0,0.9377539730623033,85.0,0.9999999999999987,84.0,0.9510922273682884,86.0,0.9476609815742789,39_3,39,3,natural,86.6105270386,60.3175315857,9.22158679122,0,431.953976448,0.267216145992
UBFC_A1/Eval_On_COHFACE,COHFACE,old,COHFACE_s39_session3_natural,17,63.0,119.0,super_harmonic_2x,63.0,0.9999999999999999,61.99999999999999,0.9765480639930142,64.0,0.9105275540090726,119.0,0.9999999999999994,120.0,0.9830390204110439,118.0,0.9092092175504957,39_3,39,3,natural,86.6105270386,60.3175315857,9.22158679122,0,431.953976448,0.267216145992
UBFC_A1/Eval_On_COHFACE,COHFACE,old,COHFACE_s39_session3_natural,18,61.99999999999999,40.0,large_error,61.99999999999999,0.9999999999999999,63.0,0.9653148977856735,61.0,0.9259606102732919,40.0,0.9999999999999989,63.0,0.6547879322932333,41.0,0.629467301969168,39_3,39,3,natural,86.6105270386,60.3175315857,9.22158679122,0,431.953976448,0.267216145992
UBFC_A1/Eval_On_COHFACE,COHFACE,old,COHFACE_s39_session3_natural,19,61.99999999999999,63.0,correct,61.99999999999999,0.9999999999999999,61.0,0.9515882770168862,63.0,0.9342829494938589,63.0,0.9999999999999993,64.0,0.9082725690468929,61.99999999999999,0.8962103913033935,39_3,39,3,natural,86.6105270386,60.3175315857,9.22158679122,0,431.953976448,0.267216145992
UBFC_A1/Eval_On_COHFACE,COHFACE,old,COHFACE_s39_session3_natural,20,61.99999999999999,52.0,large_error,61.99999999999999,0.9999999999999999,63.0,0.944852049953995,61.0,0.9310954462675473,52.0,0.9999999999999993,51.0,0.9338238806131779,53.0,0.9212845786271434,39_3,39,3,natural,86.6105270386,60.3175315857,9.22158679122,0,431.953976448,0.267216145992
UBFC_A1/Eval_On_COHFACE,COHFACE,old,COHFACE_s39_session3_natural,21,63.0,40.0,large_error,63.0,0.9999999999999999,61.99999999999999,0.9500492396926301,64.0,0.9311563396380528,40.0,0.9999999999999996,41.0,0.9049865366815734,61.99999999999999,0.892674948507521,39_3,39,3,natural,86.6105270386,60.3175315857,9.22158679122,0,431.953976448,0.267216145992
UBFC_A1/Eval_On_COHFACE,COHFACE,old,COHFACE_s39_session3_natural,22,64.0,61.99999999999999,correct,64.0,0.9999999999999999,63.0,0.9728533555358115,65.0,0.9169270374908686,61.99999999999999,0.9999999999999992,61.0,0.9665741688191137,43.0,0.9584874016292952,39_3,39,3,natural,86.6105270386,60.3175315857,9.22158679122,0,431.953976448,0.267216145992
UBFC_A1/Eval_On_COHFACE,COHFACE,old,COHFACE_s39_session3_natural,23,64.0,84.0,super_harmonic_1p5x,64.0,0.9999999999999999,65.0,0.9620194308200478,63.0,0.9250614977288337,84.0,0.9999999999999996,83.0,0.9991655983437084,82.0,0.8885567145560986,39_3,39,3,natural,86.6105270386,60.3175315857,9.22158679122,0,431.953976448,0.267216145992
UBFC_A1/Eval_On_COHFACE,COHFACE,old,COHFACE_s39_session3_natural,24,64.0,81.0,super_harmonic_1p5x,64.0,0.9999999999999999,65.0,0.9987805340548168,63.0,0.891548730235869,81.0,0.9999999999999998,82.0,0.9574717126811717,80.0,0.9112772544936436,39_3,39,3,natural,86.6105270386,60.3175315857,9.22158679122,0,431.953976448,0.267216145992
UBFC_A1/Eval_On_COHFACE,COHFACE,old,COHFACE_s39_session3_natural,25,65.0,82.0,super_harmonic_1p5x,65.0,0.9999999999999999,64.0,0.980351662758125,66.0,0.9012408592084297,82.0,0.9999999999999999,81.0,0.9497550580390128,83.0,0.9164331151788229,39_3,39,3,natural,86.6105270386,60.3175315857,9.22158679122,0,431.953976448,0.267216145992
UBFC_A1/Eval_On_COHFACE,COHFACE,old,COHFACE_s39_session3_natural,26,65.0,76.0,large_error,65.0,0.9999999999999999,64.0,0.9916477274497355,66.0,0.8926159106897961,76.0,0.9999999999999998,75.0,0.974429091050434,77.0,0.9330542988100231,39_3,39,3,natural,86.6105270386,60.3175315857,9.22158679122,0,431.953976448,0.267216145992
UBFC_A1/Eval_On_COHFACE,COHFACE,old,COHFACE_s39_session3_natural,27,65.0,80.0,large_error,65.0,0.9999999999999999,64.0,0.9632601899047032,66.0,0.9245397845556537,80.0,0.9999999999999997,81.0,0.9936062117337565,79.0,0.9761677797258342,39_3,39,3,natural,86.6105270386,60.3175315857,9.22158679122,0,431.953976448,0.267216145992
UBFC_A1/Eval_On_COHFACE,COHFACE,old,COHFACE_s39_session3_natural,28,66.0,81.0,large_error,66.0,0.9999999999999999,67.0,0.9484631140352761,65.0,0.9429990489565964,81.0,0.9999999999999998,82.0,0.9836219819003992,80.0,0.9821364794225903,39_3,39,3,natural,86.6105270386,60.3175315857,9.22158679122,0,431.953976448,0.267216145992
UBFC_A1/Eval_On_COHFACE,COHFACE,old,COHFACE_s39_session3_natural,29,67.0,76.0,large_error,67.0,0.9999999999999999,68.0,0.9486995120633472,66.0,0.9429924645808412,76.0,0.9999999999999996,75.0,0.9916039576445366,77.0,0.9479616185423764,39_3,39,3,natural,86.6105270386,60.3175315857,9.22158679122,0,431.953976448,0.267216145992
UBFC_A1/Eval_On_COHFACE,COHFACE,old,COHFACE_s39_session3_natural,30,68.0,81.0,large_error,68.0,0.9999999999999999,67.0,0.9447124422490307,69.0,0.9425005132431891,81.0,0.9999999999999994,82.0,0.9658263069667689,72.0,0.9078567645623072,39_3,39,3,natural,86.6105270386,60.3175315857,9.22158679122,0,431.953976448,0.267216145992
UBFC_A1/Eval_On_COHFACE,COHFACE,old,COHFACE_s39_session3_natural,31,69.0,69.0,correct,69.0,0.9999999999999999,68.0,0.9873838243009427,70.0,0.895508416615621,69.0,0.9999999999999997,70.0,0.9261279848248218,68.0,0.9131385335009004,39_3,39,3,natural,86.6105270386,60.3175315857,9.22158679122,0,431.953976448,0.267216145992
UBFC_A1/Eval_On_COHFACE,COHFACE,old,COHFACE_s39_session3_natural,32,69.0,68.0,correct,69.0,0.9999999999999999,70.0,0.9493971526000765,68.0,0.9317420907598244,68.0,0.9999999999999998,67.0,0.9554941056731499,69.0,0.892410363229001,39_3,39,3,natural,86.6105270386,60.3175315857,9.22158679122,0,431.953976448,0.267216145992
UBFC_A1/Eval_On_COHFACE,COHFACE,old,COHFACE_s39_session3_natural,33,69.0,40.0,sub_harmonic_half,69.0,0.9999999999999999,70.0,0.9895540572547485,68.0,0.8967172891240522,40.0,0.9999999999999997,41.0,0.8198664282147566,42.0,0.5887296966553467,39_3,39,3,natural,86.6105270386,60.3175315857,9.22158679122,0,431.953976448,0.267216145992
UBFC_A1/Eval_On_COHFACE,COHFACE,old,COHFACE_s39_session3_natural,34,70.0,40.0,sub_harmonic_half,70.0,0.9999999999999999,69.0,0.9587678548611059,71.0,0.9242208785154352,40.0,0.9999999999999993,69.0,0.9628833419147905,68.0,0.949389048406711,39_3,39,3,natural,86.6105270386,60.3175315857,9.22158679122,0,431.953976448,0.267216145992
UBFC_A1/Eval_On_COHFACE,COHFACE,old,COHFACE_s39_session3_natural,35,69.0,43.0,large_error,69.0,1.0,70.0,0.9876772188110375,68.0,0.8949575116271368,43.0,0.9999999999999998,44.0,0.9553798921046216,42.0,0.9313213699938493,39_3,39,3,natural,86.6105270386,60.3175315857,9.22158679122,0,431.953976448,0.267216145992
UBFC_A1/Eval_On_COHFACE,COHFACE,old,COHFACE_s39_session3_natural,36,69.0,68.0,correct,69.0,1.0,68.0,0.9757344123621848,70.0,0.9111870791660232,68.0,0.9999999999999999,67.0,0.9988653064183606,69.0,0.8944427236532262,39_3,39,3,natural,86.6105270386,60.3175315857,9.22158679122,0,431.953976448,0.267216145992
UBFC_A1/Eval_On_COHFACE,COHFACE,old,COHFACE_s39_session3_natural,37,68.0,68.0,correct,68.0,0.9999999999999999,67.0,0.985782438527534,69.0,0.9036832582919512,68.0,0.9999999999999999,69.0,0.9543017787890419,67.0,0.9330482939898216,39_3,39,3,natural,86.6105270386,60.3175315857,9.22158679122,0,431.953976448,0.267216145992
UBFC_A1/Eval_On_COHFACE,COHFACE,old,COHFACE_s39_session3_natural,38,67.0,65.0,correct,67.0,0.9999999999999999,66.0,0.9962016349028766,68.0,0.8943914993183177,65.0,0.9999999999999998,66.0,0.9792711453678894,64.0,0.9491955866858325,39_3,39,3,natural,86.6105270386,60.3175315857,9.22158679122,0,431.953976448,0.267216145992
UBFC_A1/Eval_On_COHFACE,COHFACE,old,COHFACE_s39_session3_natural,39,65.0,64.0,correct,65.0,0.9999999999999999,66.0,0.9793274799830542,64.0,0.9161018312036298,64.0,0.9999999999999999,65.0,0.9765126220820594,63.0,0.9279832358587327,39_3,39,3,natural,86.6105270386,60.3175315857,9.22158679122,0,431.953976448,0.267216145992
UBFC_A1/Eval_On_COHFACE,COHFACE,old,COHFACE_s39_session3_natural,40,64.0,64.0,correct,64.0,0.9999999999999999,65.0,0.9888553213200949,63.0,0.9134693090414628,64.0,0.9999999999999998,65.0,0.976077161427251,63.0,0.9301560995337818,39_3,39,3,natural,86.6105270386,60.3175315857,9.22158679122,0,431.953976448,0.267216145992
UBFC_A1/Eval_On_COHFACE,COHFACE,old,COHFACE_s39_session3_natural,41,64.0,66.0,correct,64.0,1.0,63.0,0.9646658013088684,65.0,0.9167209324577509,66.0,0.9999999999999999,65.0,0.9836135389536045,67.0,0.8809402553541056,39_3,39,3,natural,86.6105270386,60.3175315857,9.22158679122,0,431.953976448,0.267216145992
UBFC_A1/Eval_On_COHFACE,COHFACE,old,COHFACE_s39_session3_natural,42,63.0,65.0,correct,63.0,1.0,64.0,0.9803153173693819,61.99999999999999,0.9057904566120415,65.0,0.9999999999999999,66.0,0.9842972229351408,64.0,0.9328100548573669,39_3,39,3,natural,86.6105270386,60.3175315857,9.22158679122,0,431.953976448,0.267216145992
UBFC_A1/Eval_On_COHFACE,COHFACE,old,COHFACE_s39_session3_natural,43,63.0,61.0,correct,63.0,1.0,64.0,0.9462535784130944,61.99999999999999,0.9421985510796552,61.0,0.9999999999999998,61.99999999999999,0.9757135319149038,60.0,0.9364716501586667,39_3,39,3,natural,86.6105270386,60.3175315857,9.22158679122,0,431.953976448,0.267216145992
UBFC_A1/Eval_On_COHFACE,COHFACE,old,COHFACE_s39_session3_natural,44,63.0,77.0,large_error,63.0,0.9999999999999999,61.99999999999999,0.9674969989623848,64.0,0.9235122144088292,77.0,0.9999999999999998,76.0,0.9842542044434645,78.0,0.9413011169736855,39_3,39,3,natural,86.6105270386,60.3175315857,9.22158679122,0,431.953976448,0.267216145992
UBFC_A1/Eval_On_COHFACE,COHFACE,old,COHFACE_s39_session3_natural,45,61.99999999999999,61.0,correct,61.99999999999999,0.9999999999999999,63.0,0.989816832239885,61.0,0.9056608416093976,61.0,0.9999999999999996,60.0,0.9634826331906402,61.99999999999999,0.9003621995394216,39_3,39,3,natural,86.6105270386,60.3175315857,9.22158679122,0,431.953976448,0.267216145992
UBFC_A1/Eval_On_COHFACE,COHFACE,old,COHFACE_s39_session3_natural,46,61.99999999999999,61.0,correct,61.99999999999999,1.0,63.0,0.965002923573781,61.0,0.9245225275666604,61.0,0.9999999999999998,60.0,0.9572758119097764,61.99999999999999,0.8843457161703415,39_3,39,3,natural,86.6105270386,60.3175315857,9.22158679122,0,431.953976448,0.267216145992
UBFC_A1/Eval_On_COHFACE,COHFACE,old,COHFACE_s39_session3_natural,47,61.99999999999999,40.0,large_error,61.99999999999999,1.0,61.0,0.9477900431565235,63.0,0.9333667986588368,40.0,0.9999999999999994,41.0,0.8986923670567618,64.0,0.8589363482655418,39_3,39,3,natural,86.6105270386,60.3175315857,9.22158679122,0,431.953976448,0.267216145992
UBFC_A1/Eval_On_COHFACE,COHFACE,old,COHFACE_s39_session3_natural,48,61.99999999999999,40.0,large_error,61.99999999999999,1.0,61.0,0.9556940940937669,63.0,0.9275296363288736,40.0,0.9999999999999997,41.0,0.9855072721907412,42.0,0.8824155400604529,39_3,39,3,natural,86.6105270386,60.3175315857,9.22158679122,0,431.953976448,0.267216145992
UBFC_A1/Eval_On_COHFACE,COHFACE,old,COHFACE_s39_session3_natural,49,61.99999999999999,41.0,large_error,61.99999999999999,1.0,63.0,0.9571894347560387,61.0,0.9258407516329913,41.0,0.9999999999999993,40.0,0.9872851774704917,42.0,0.9567838789349099,39_3,39,3,natural,86.6105270386,60.3175315857,9.22158679122,0,431.953976448,0.267216145992
UBFC_A1/Eval_On_COHFACE,COHFACE,old,COHFACE_s39_session3_natural,50,61.99999999999999,41.0,large_error,61.99999999999999,1.0,63.0,0.9814038131524987,61.0,0.905012851888937,41.0,0.9999999999999996,40.0,0.9910675560776411,42.0,0.9147545237827533,39_3,39,3,natural,86.6105270386,60.3175315857,9.22158679122,0,431.953976448,0.267216145992
UBFC_A1/Eval_On_COHFACE,COHFACE,old,COHFACE_s40_session0_lamp,0,63.0,65.0,correct,63.0,1.0,64.0,0.9635027228379374,61.99999999999999,0.9262573969723883,65.0,0.9999999999999998,64.0,0.9851348529239328,66.0,0.9272366530275836,40_0,40,0,lamp,78.2928543091,67.4891357422,24.7774069302,0,419.724965687,0.276231914759
UBFC_A1/Eval_On_COHFACE,COHFACE,old,COHFACE_s40_session0_lamp,1,61.99999999999999,64.0,correct,61.99999999999999,1.0,63.0,0.9696792062200844,61.0,0.9233737063036078,64.0,0.9999999999999996,65.0,0.9610438709373881,63.0,0.9500139050930906,40_0,40,0,lamp,78.2928543091,67.4891357422,24.7774069302,0,419.724965687,0.276231914759
UBFC_A1/Eval_On_COHFACE,COHFACE,old,COHFACE_s40_session0_lamp,2,61.99999999999999,61.0,correct,61.99999999999999,1.0,61.0,0.9500198773663667,63.0,0.9403391470660108,61.0,0.9999999999999999,61.99999999999999,0.9599042226810505,60.0,0.937355175938649,40_0,40,0,lamp,78.2928543091,67.4891357422,24.7774069302,0,419.724965687,0.276231914759
UBFC_A1/Eval_On_COHFACE,COHFACE,old,COHFACE_s40_session0_lamp,3,61.99999999999999,61.0,correct,61.99999999999999,1.0,61.0,0.997824445764888,63.0,0.8911413370781375,61.0,0.9999999999999998,61.99999999999999,0.9880285581886654,60.0,0.9092294889994061,40_0,40,0,lamp,78.2928543091,67.4891357422,24.7774069302,0,419.724965687,0.276231914759
UBFC_A1/Eval_On_COHFACE,COHFACE,old,COHFACE_s40_session0_lamp,4,61.0,61.0,correct,61.0,1.0,61.99999999999999,0.9467891865784451,60.0,0.9367951370036526,61.0,0.9999999999999998,60.0,0.9457108836438376,61.99999999999999,0.9414051045964419,40_0,40,0,lamp,78.2928543091,67.4891357422,24.7774069302,0,419.724965687,0.276231914759
UBFC_A1/Eval_On_COHFACE,COHFACE,old,COHFACE_s40_session0_lamp,5,61.0,60.0,correct,61.0,1.0,60.0,0.9609991656048097,61.99999999999999,0.9199202543470678,60.0,0.9999999999999999,61.0,0.9637957936283779,59.0,0.9235189598887182,40_0,40,0,lamp,78.2928543091,67.4891357422,24.7774069302,0,419.724965687,0.276231914759
UBFC_A1/Eval_On_COHFACE,COHFACE,old,COHFACE_s40_session0_lamp,6,61.0,60.0,correct,61.0,1.0,60.0,0.94854131051094,61.99999999999999,0.9274361290987017,60.0,0.9999999999999999,61.0,0.9673272131654346,59.0,0.9479667065123212,40_0,40,0,lamp,78.2928543091,67.4891357422,24.7774069302,0,419.724965687,0.276231914759
UBFC_A1/Eval_On_COHFACE,COHFACE,old,COHFACE_s40_session0_lamp,7,61.0,60.0,correct,61.0,0.9999999999999999,61.99999999999999,0.942662215201276,60.0,0.931752209363802,60.0,0.9999999999999999,61.0,0.9455334655099925,59.0,0.9371340441307665,40_0,40,0,lamp,78.2928543091,67.4891357422,24.7774069302,0,419.724965687,0.276231914759
UBFC_A1/Eval_On_COHFACE,COHFACE,old,COHFACE_s40_session0_lamp,8,61.0,61.0,correct,61.0,0.9999999999999999,61.99999999999999,0.9545465558282588,60.0,0.9239365876932267,61.0,0.9999999999999998,60.0,0.9577153942106509,61.99999999999999,0.9371741448197923,40_0,40,0,lamp,78.2928543091,67.4891357422,24.7774069302,0,419.724965687,0.276231914759
UBFC_A1/Eval_On_COHFACE,COHFACE,old,COHFACE_s40_session0_lamp,9,61.0,61.0,correct,61.0,0.9999999999999999,61.99999999999999,0.9537656251937443,60.0,0.9276314247435951,61.0,0.9999999999999998,60.0,0.982709696366601,61.99999999999999,0.9031203124621626,40_0,40,0,lamp,78.2928543091,67.4891357422,24.7774069302,0,419.724965687,0.276231914759
UBFC_A1/Eval_On_COHFACE,COHFACE,old,COHFACE_s40_session0_lamp,10,61.0,60.0,correct,61.0,1.0,61.99999999999999,0.9682887440791326,60.0,0.9176636415575404,60.0,0.9999999999999999,61.0,0.997287627221214,59.0,0.8750316411538706,40_0,40,0,lamp,78.2928543091,67.4891357422,24.7774069302,0,419.724965687,0.276231914759
UBFC_A1/Eval_On_COHFACE,COHFACE,old,COHFACE_s40_session0_lamp,11,61.99999999999999,64.0,correct,61.99999999999999,1.0,61.0,0.9851660439917287,63.0,0.9077795084428676,64.0,0.9999999999999999,63.0,0.9877649503930755,65.0,0.9463001477012872,40_0,40,0,lamp,78.2928543091,67.4891357422,24.7774069302,0,419.724965687,0.276231914759
UBFC_A1/Eval_On_COHFACE,COHFACE,old,COHFACE_s40_session0_lamp,12,61.99999999999999,60.0,correct,61.99999999999999,1.0,61.0,0.9528036796519009,63.0,0.9397373627083386,60.0,0.9999999999999999,61.0,0.9919562218869422,59.0,0.9077972664139783,40_0,40,0,lamp,78.2928543091,67.4891357422,24.7774069302,0,419.724965687,0.276231914759
UBFC_A1/Eval_On_COHFACE,COHFACE,old,COHFACE_s40_session0_lamp,13,61.99999999999999,60.0,correct,61.99999999999999,1.0,61.0,0.9518007238634814,63.0,0.9401798543129466,60.0,0.9999999999999999,61.0,0.9833154775739639,59.0,0.9130628318651421,40_0,40,0,lamp,78.2928543091,67.4891357422,24.7774069302,0,419.724965687,0.276231914759
UBFC_A1/Eval_On_COHFACE,COHFACE,old,COHFACE_s40_session0_lamp,14,61.99999999999999,60.0,correct,61.99999999999999,1.0,61.0,0.9632167371380884,63.0,0.9293732796263834,60.0,0.9999999999999999,61.0,0.9459173567342488,59.0,0.9322084006908178,40_0,40,0,lamp,78.2928543091,67.4891357422,24.7774069302,0,419.724965687,0.276231914759
UBFC_A1/Eval_On_COHFACE,COHFACE,old,COHFACE_s40_session0_lamp,15,61.99999999999999,60.0,correct,61.99999999999999,1.0,61.0,0.9996836653858246,63.0,0.897393360638173,60.0,0.9999999999999999,61.0,0.940117511927662,59.0,0.9371928660070987,40_0,40,0,lamp,78.2928543091,67.4891357422,24.7774069302,0,419.724965687,0.276231914759
UBFC_A1/Eval_On_COHFACE,COHFACE,old,COHFACE_s40_session0_lamp,16,61.0,60.0,correct,61.0,1.0,61.99999999999999,0.9513497262312328,60.0,0.9452978001024227,60.0,0.9999999999999999,61.0,0.9425153490605386,59.0,0.9268368400873558,40_0,40,0,lamp,78.2928543091,67.4891357422,24.7774069302,0,419.724965687,0.276231914759
UBFC_A1/Eval_On_COHFACE,COHFACE,old,COHFACE_s40_session0_lamp,17,60.0,60.0,correct,60.0,1.0,61.0,0.9982978060340548,59.0,0.904170864379704,60.0,0.9999999999999999,59.0,0.9929360705734032,61.0,0.9403025739710759,40_0,40,0,lamp,78.2928543091,67.4891357422,24.7774069302,0,419.724965687,0.276231914759
UBFC_A1/Eval_On_COHFACE,COHFACE,old,COHFACE_s40_session0_lamp,18,60.0,60.0,correct,60.0,1.0,61.0,0.9868452092977282,59.0,0.9112430513545589,60.0,0.9999999999999998,59.0,0.9752176956926556,61.0,0.9154749291558275,40_0,40,0,lamp,78.2928543091,67.4891357422,24.7774069302,0,419.724965687,0.276231914759
UBFC_A1/Eval_On_COHFACE,COHFACE,old,COHFACE_s40_session0_lamp,19,61.0,60.0,correct,61.0,1.0,60.0,0.9748225889483586,61.99999999999999,0.9115715154666432,60.0,0.9999999999999998,61.0,0.9704893588699904,59.0,0.918793015422251,40_0,40,0,lamp,78.2928543091,67.4891357422,24.7774069302,0,419.724965687,0.276231914759
UBFC_A1/Eval_On_COHFACE,COHFACE,old,COHFACE_s40_session0_lamp,20,61.0,61.99999999999999,correct,61.0,1.0,61.99999999999999,0.961822325203094,60.0,0.9207478651760603,61.99999999999999,0.9999999999999998,61.0,0.9676655221237331,63.0,0.9419248888663141,40_0,40,0,lamp,78.2928543091,67.4891357422,24.7774069302,0,419.724965687,0.276231914759
UBFC_A1/Eval_On_COHFACE,COHFACE,old,COHFACE_s40_session0_lamp,21,61.99999999999999,61.0,correct,61.99999999999999,1.0,61.0,0.9888558162336883,63.0,0.8950777964755208,61.0,0.9999999999999999,60.0,0.9805867863404373,61.99999999999999,0.8994295203908627,40_0,40,0,lamp,78.2928543091,67.4891357422,24.7774069302,0,419.724965687,0.276231914759
UBFC_A1/Eval_On_COHFACE,COHFACE,old,COHFACE_s40_session0_lamp,22,61.99999999999999,61.0,correct,61.99999999999999,1.0,61.0,0.9716179112848978,63.0,0.9134340934133168,61.0,0.9999999999999999,61.99999999999999,0.9778285048692769,60.0,0.9173720369539355,40_0,40,0,lamp,78.2928543091,67.4891357422,24.7774069302,0,419.724965687,0.276231914759
UBFC_A1/Eval_On_COHFACE,COHFACE,old,COHFACE_s40_session0_lamp,23,61.99999999999999,61.99999999999999,correct,61.99999999999999,1.0,61.0,0.9521327015940185,63.0,0.9350320018907635,61.99999999999999,0.9999999999999998,61.0,0.9950383054209666,63.0,0.9337065781106972,40_0,40,0,lamp,78.2928543091,67.4891357422,24.7774069302,0,419.724965687,0.276231914759
UBFC_A1/Eval_On_COHFACE,COHFACE,old,COHFACE_s40_session0_lamp,24,61.99999999999999,61.0,correct,61.99999999999999,1.0,61.0,0.9651543204211198,63.0,0.921753890952303,61.0,0.9999999999999999,60.0,0.994798310034473,61.99999999999999,0.9237339010383299,40_0,40,0,lamp,78.2928543091,67.4891357422,24.7774069302,0,419.724965687,0.276231914759
UBFC_A1/Eval_On_COHFACE,COHFACE,old,COHFACE_s40_session0_lamp,25,61.0,60.0,correct,61.0,1.0,61.99999999999999,0.9936301362628291,60.0,0.8912233189883537,60.0,0.9999999999999999,59.0,0.9886801752115153,61.0,0.9238574604245035,40_0,40,0,lamp,78.2928543091,67.4891357422,24.7774069302,0,419.724965687,0.276231914759
UBFC_A1/Eval_On_COHFACE,COHFACE,old,COHFACE_s40_session0_lamp,26,61.0,59.0,correct,61.0,1.0,61.99999999999999,0.9713126234644262,60.0,0.9111187749555781,59.0,0.9999999999999998,60.0,0.9633661525683928,58.0,0.9324558692199274,40_0,40,0,lamp,78.2928543091,67.4891357422,24.7774069302,0,419.724965687,0.276231914759
UBFC_A1/Eval_On_COHFACE,COHFACE,old,COHFACE_s40_session0_lamp,27,61.0,60.0,correct,61.0,1.0,61.99999999999999,0.9777458571866792,60.0,0.9051733184440865,60.0,0.9999999999999998,61.0,0.9646024133244218,59.0,0.9298104148351191,40_0,40,0,lamp,78.2928543091,67.4891357422,24.7774069302,0,419.724965687,0.276231914759
UBFC_A1/Eval_On_COHFACE,COHFACE,old,COHFACE_s40_session0_lamp,28,61.0,60.0,correct,61.0,1.0,61.99999999999999,0.9814960601782944,60.0,0.9023895689630969,60.0,0.9999999999999999,59.0,0.9950876769294225,61.0,0.9124926732221849,40_0,40,0,lamp,78.2928543091,67.4891357422,24.7774069302,0,419.724965687,0.276231914759
UBFC_A1/Eval_On_COHFACE,COHFACE,old,COHFACE_s40_session0_lamp,29,61.0,60.0,correct,61.0,1.0,61.99999999999999,0.975382626629649,60.0,0.9098171428344579,60.0,0.9999999999999999,59.0,0.9939746385012543,61.0,0.9120285628112483,40_0,40,0,lamp,78.2928543091,67.4891357422,24.7774069302,0,419.724965687,0.276231914759
UBFC_A1/Eval_On_COHFACE,COHFACE,old,COHFACE_s40_session0_lamp,30,61.0,59.0,correct,61.0,1.0,61.99999999999999,0.9680098018122539,60.0,0.9198334116204465,59.0,0.9999999999999997,60.0,0.9823507503133927,58.0,0.9515633159172008,40_0,40,0,lamp,78.2928543091,67.4891357422,24.7774069302,0,419.724965687,0.276231914759
UBFC_A1/Eval_On_COHFACE,COHFACE,old,COHFACE_s40_session0_lamp,31,61.99999999999999,60.0,correct,61.99999999999999,1.0,61.0,0.993703834749765,63.0,0.8918379358504318,60.0,0.9999999999999998,59.0,0.9736000620545612,61.0,0.9457512341628401,40_0,40,0,lamp,78.2928543091,67.4891357422,24.7774069302,0,419.724965687,0.276231914759
UBFC_A1/Eval_On_COHFACE,COHFACE,old,COHFACE_s40_session0_lamp,32,61.99999999999999,61.0,correct,61.99999999999999,1.0,61.0,0.9616297097047422,63.0,0.9212629579377034,61.0,0.9999999999999998,60.0,0.9726728754197865,61.99999999999999,0.9010946494555061,40_0,40,0,lamp,78.2928543091,67.4891357422,24.7774069302,0,419.724965687,0.276231914759
UBFC_A1/Eval_On_COHFACE,COHFACE,old,COHFACE_s40_session0_lamp,33,61.99999999999999,60.0,correct,61.99999999999999,1.0,61.0,0.956208345083984,63.0,0.9281778829867859,60.0,0.9999999999999999,61.0,0.9988505775551935,59.0,0.9133857278812366,40_0,40,0,lamp,78.2928543091,67.4891357422,24.7774069302,0,419.724965687,0.276231914759
UBFC_A1/Eval_On_COHFACE,COHFACE,old,COHFACE_s40_session0_lamp,34,61.99999999999999,60.0,correct,61.99999999999999,1.0,61.0,0.9908738498780582,63.0,0.8959726910261676,60.0,0.9999999999999998,59.0,0.9586828927886701,61.0,0.9429317037066771,40_0,40,0,lamp,78.2928543091,67.4891357422,24.7774069302,0,419.724965687,0.276231914759
UBFC_A1/Eval_On_COHFACE,COHFACE,old,COHFACE_s40_session0_lamp,35,61.0,60.0,correct,61.0,1.0,61.99999999999999,0.9767100433387977,60.0,0.9102460292746447,60.0,0.9999999999999999,61.0,0.9665201425834663,59.0,0.9153863986990558,40_0,40,0,lamp,78.2928543091,67.4891357422,24.7774069302,0,419.724965687,0.276231914759
UBFC_A1/Eval_On_COHFACE,COHFACE,old,COHFACE_s40_session0_lamp,36,61.0,60.0,correct,61.0,1.0,60.0,0.9669960920923089,61.99999999999999,0.9240567660488677,60.0,0.9999999999999999,59.0,0.9868362388251498,61.0,0.9148209012515611,40_0,40,0,lamp,78.2928543091,67.4891357422,24.7774069302,0,419.724965687,0.276231914759
UBFC_A1/Eval_On_COHFACE,COHFACE,old,COHFACE_s40_session0_lamp,37,60.0,59.0,correct,60.0,1.0,61.0,0.9793659941355971,59.0,0.9170321543580932,59.0,0.9999999999999999,60.0,0.9895064465470901,58.0,0.9197322656629515,40_0,40,0,lamp,78.2928543091,67.4891357422,24.7774069302,0,419.724965687,0.276231914759
UBFC_A1/Eval_On_COHFACE,COHFACE,old,COHFACE_s40_session0_lamp,38,61.0,60.0,correct,61.0,1.0,60.0,0.9718614572084596,61.99999999999999,0.9267945381239184,60.0,0.9999999999999998,59.0,0.9491590333480561,61.0,0.9261009781510577,40_0,40,0,lamp,78.2928543091,67.4891357422,24.7774069302,0,419.724965687,0.276231914759
UBFC_A1/Eval_On_COHFACE,COHFACE,old,COHFACE_s40_session0_lamp,39,61.99999999999999,61.0,correct,61.99999999999999,1.0,61.0,0.9432004851589316,63.0,0.9403501673395819,61.0,0.9999999999999998,61.99999999999999,0.9825309449220655,60.0,0.9348545509252998,40_0,40,0,lamp,78.2928543091,67.4891357422,24.7774069302,0,419.724965687,0.276231914759
UBFC_A1/Eval_On_COHFACE,COHFACE,old,COHFACE_s40_session0_lamp,40,63.0,61.99999999999999,correct,63.0,1.0,61.99999999999999,0.9686796951068273,64.0,0.9058810265732501,61.99999999999999,0.9999999999999998,63.0,0.9639776544341959,61.0,0.9436178436473714,40_0,40,0,lamp,78.2928543091,67.4891357422,24.7774069302,0,419.724965687,0.276231914759
UBFC_A1/Eval_On_COHFACE,COHFACE,old,COHFACE_s40_session0_lamp,41,63.0,63.0,correct,63.0,1.0,61.99999999999999,0.9436094658910781,64.0,0.9309601734109705,63.0,0.9999999999999998,64.0,0.9392906908975636,61.99999999999999,0.937091574279688,40_0,40,0,lamp,78.2928543091,67.4891357422,24.7774069302,0,419.724965687,0.276231914759
UBFC_A1/Eval_On_COHFACE,COHFACE,old,COHFACE_s40_session0_lamp,42,63.0,65.0,correct,63.0,1.0,61.99999999999999,0.9556206568739978,64.0,0.9253163184199049,65.0,0.9999999999999999,64.0,0.9693255397251659,66.0,0.9576116366571815,40_0,40,0,lamp,78.2928543091,67.4891357422,24.7774069302,0,419.724965687,0.276231914759
UBFC_A1/Eval_On_COHFACE,COHFACE,old,COHFACE_s40_session0_lamp,43,63.0,63.0,correct,63.0,1.0,61.99999999999999,0.997290086791005,64.0,0.888464419240184,63.0,0.9999999999999998,64.0,0.9802464346194757,61.99999999999999,0.9534684126846151,40_0,40,0,lamp,78.2928543091,67.4891357422,24.7774069302,0,419.724965687,0.276231914759
UBFC_A1/Eval_On_COHFACE,COHFACE,old,COHFACE_s40_session0_lamp,44,61.99999999999999,61.99999999999999,correct,61.99999999999999,1.0,61.0,0.9907676919995688,63.0,0.902312058761349,61.99999999999999,0.9999999999999998,61.0,0.9785655868101261,63.0,0.957310665334404,40_0,40,0,lamp,78.2928543091,67.4891357422,24.7774069302,0,419.724965687,0.276231914759
UBFC_A1/Eval_On_COHFACE,COHFACE,old,COHFACE_s40_session0_lamp,45,61.0,60.0,correct,61.0,1.0,60.0,0.9925062064616754,61.99999999999999,0.8985192274128645,60.0,0.9999999999999999,61.0,0.9502306820052542,59.0,0.9485436094407823,40_0,40,0,lamp,78.2928543091,67.4891357422,24.7774069302,0,419.724965687,0.276231914759
UBFC_A1/Eval_On_COHFACE,COHFACE,old,COHFACE_s40_session0_lamp,46,60.0,60.0,correct,60.0,1.0,61.0,0.9887462784855723,59.0,0.8977658710266812,60.0,1.0,61.0,0.9686042260244774,59.0,0.9037951036393328,40_0,40,0,lamp,78.2928543091,67.4891357422,24.7774069302,0,419.724965687,0.276231914759
UBFC_A1/Eval_On_COHFACE,COHFACE,old,COHFACE_s40_session0_lamp,47,61.0,60.0,correct,61.0,1.0,60.0,0.9842049226358922,61.99999999999999,0.8983684337462671,60.0,0.9999999999999999,61.0,0.9846897787183373,59.0,0.898610330416494,40_0,40,0,lamp,78.2928543091,67.4891357422,24.7774069302,0,419.724965687,0.276231914759
UBFC_A1/Eval_On_COHFACE,COHFACE,old,COHFACE_s40_session0_lamp,48,61.0,60.0,correct,61.0,1.0,60.0,0.9602586957136242,61.99999999999999,0.922634637329255,60.0,0.9999999999999999,61.0,0.9819091058396635,59.0,0.913103642201334,40_0,40,0,lamp,78.2928543091,67.4891357422,24.7774069302,0,419.724965687,0.276231914759
UBFC_A1/Eval_On_COHFACE,COHFACE,old,COHFACE_s40_session0_lamp,49,61.0,61.0,correct,61.0,1.0,60.0,0.9454920198300277,61.99999999999999,0.9431312278070446,61.0,0.9999999999999998,61.99999999999999,0.9985148872288522,60.0,0.9274709002312458,40_0,40,0,lamp,78.2928543091,67.4891357422,24.7774069302,0,419.724965687,0.276231914759
UBFC_A1/Eval_On_COHFACE,COHFACE,old,COHFACE_s40_session0_lamp,50,61.0,61.99999999999999,correct,61.0,1.0,61.99999999999999,0.9884164322407006,60.0,0.8990725246976309,61.99999999999999,0.9999999999999998,63.0,0.9734467625173551,61.0,0.9651350965065189,40_0,40,0,lamp,78.2928543091,67.4891357422,24.7774069302,0,419.724965687,0.276231914759
UBFC_A1/Eval_On_COHFACE,COHFACE,old,COHFACE_s40_session1_lamp,0,63.0,63.0,correct,63.0,0.9999999999999998,64.0,0.973802541947207,61.99999999999999,0.9206141767524281,63.0,0.9999999999999999,61.99999999999999,0.9935758387702984,64.0,0.9522443041246463,40_1,40,1,lamp,81.0745773315,67.6699981689,21.3844002067,0,429.293411703,0.345382630825
UBFC_A1/Eval_On_COHFACE,COHFACE,old,COHFACE_s40_session1_lamp,1,63.0,63.0,correct,63.0,0.9999999999999998,61.99999999999999,0.9551938752497838,64.0,0.9252161220570004,63.0,0.9999999999999999,64.0,0.9863816169797373,61.99999999999999,0.9582357167798015,40_1,40,1,lamp,81.0745773315,67.6699981689,21.3844002067,0,429.293411703,0.345382630825
UBFC_A1/Eval_On_COHFACE,COHFACE,old,COHFACE_s40_session1_lamp,2,61.99999999999999,66.0,large_error,61.99999999999999,0.9999999999999998,63.0,0.9806885624905435,61.0,0.9090981278298502,66.0,0.9999999999999999,67.0,0.9771173318194668,65.0,0.9642764336997215,40_1,40,1,lamp,81.0745773315,67.6699981689,21.3844002067,0,429.293411703,0.345382630825
UBFC_A1/Eval_On_COHFACE,COHFACE,old,COHFACE_s40_session1_lamp,3,61.99999999999999,63.0,correct,61.99999999999999,0.9999999999999998,61.0,0.9798133346440425,63.0,0.9182136730067015,63.0,0.9999999999999999,61.99999999999999,0.9848400930391445,64.0,0.9747724451240105,40_1,40,1,lamp,81.0745773315,67.6699981689,21.3844002067,0,429.293411703,0.345382630825
UBFC_A1/Eval_On_COHFACE,COHFACE,old,COHFACE_s40_session1_lamp,4,61.0,60.0,correct,61.0,0.9999999999999999,61.99999999999999,0.9656538734009745,60.0,0.9331510414174686,60.0,0.9999999999999999,59.0,0.9696926467721444,61.0,0.8882615374747481,40_1,40,1,lamp,81.0745773315,67.6699981689,21.3844002067,0,429.293411703,0.345382630825
UBFC_A1/Eval_On_COHFACE,COHFACE,old,COHFACE_s40_session1_lamp,5,61.0,61.0,correct,61.0,0.9999999999999999,61.99999999999999,0.9570313134678765,60.0,0.9320649056255633,61.0,0.9999999999999999,60.0,0.9590578398313513,61.99999999999999,0.9081525601751942,40_1,40,1,lamp,81.0745773315,67.6699981689,21.3844002067,0,429.293411703,0.345382630825
UBFC_A1/Eval_On_COHFACE,COHFACE,old,COHFACE_s40_session1_lamp,6,61.0,60.0,correct,61.0,0.9999999999999999,61.99999999999999,0.9846721899888891,60.0,0.9037584870319688,60.0,0.9999999999999999,61.0,0.9715788497994365,59.0,0.8853608137314498,40_1,40,1,lamp,81.0745773315,67.6699981689,21.3844002067,0,429.293411703,0.345382630825
UBFC_A1/Eval_On_COHFACE,COHFACE,old,COHFACE_s40_session1_lamp,7,61.0,61.0,correct,61.0,0.9999999999999999,61.99999999999999,0.9918210633252323,60.0,0.8926504374353892,61.0,0.9999999999999999,61.99999999999999,0.9762293012627821,60.0,0.9361032990528416,40_1,40,1,lamp,81.0745773315,67.6699981689,21.3844002067,0,429.293411703,0.345382630825
UBFC_A1/Eval_On_COHFACE,COHFACE,old,COHFACE_s40_session1_lamp,8,61.0,65.0,large_error,61.0,0.9999999999999999,61.99999999999999,0.9988096323488163,60.0,0.8883793636563234,65.0,0.9999999999999999,66.0,0.9808649535397043,64.0,0.9739668943256572,40_1,40,1,lamp,81.0745773315,67.6699981689,21.3844002067,0,429.293411703,0.345382630825
UBFC_A1/Eval_On_COHFACE,COHFACE,old,COHFACE_s40_session1_lamp,9,61.0,61.99999999999999,correct,61.0,0.9999999999999999,60.0,0.9458470949497684,61.99999999999999,0.9439404617242474,61.99999999999999,0.9999999999999999,61.0,0.9957185781883988,63.0,0.9523076912269441,40_1,40,1,lamp,81.0745773315,67.6699981689,21.3844002067,0,429.293411703,0.345382630825
UBFC_A1/Eval_On_COHFACE,COHFACE,old,COHFACE_s40_session1_lamp,10,60.0,61.99999999999999,correct,60.0,0.9999999999999999,61.0,0.9762983610458983,59.0,0.9216725243096251,61.99999999999999,0.9999999999999999,61.0,0.993300400875958,63.0,0.9467951332545479,40_1,40,1,lamp,81.0745773315,67.6699981689,21.3844002067,0,429.293411703,0.345382630825
UBFC_A1/Eval_On_COHFACE,COHFACE,old,COHFACE_s40_session1_lamp,11,60.0,65.0,large_error,60.0,0.9999999999999999,59.0,0.9630376644282278,61.0,0.9288113763735418,65.0,0.9999999999999994,66.0,0.9820073417677475,64.0,0.9742355362014202,40_1,40,1,lamp,81.0745773315,67.6699981689,21.3844002067,0,429.293411703,0.345382630825
UBFC_A1/Eval_On_COHFACE,COHFACE,old,COHFACE_s40_session1_lamp,12,60.0,82.0,super_harmonic_1p5x,60.0,0.9999999999999999,59.0,0.9569931248688328,61.0,0.9236572525563366,82.0,0.9999999999999996,81.0,0.9883327556040014,83.0,0.8736360845307145,40_1,40,1,lamp,81.0745773315,67.6699981689,21.3844002067,0,429.293411703,0.345382630825
UBFC_A1/Eval_On_COHFACE,COHFACE,old,COHFACE_s40_session1_lamp,13,60.0,60.0,correct,60.0,1.0,59.0,0.940054274856665,61.0,0.9384722206844455,60.0,0.9999999999999999,61.0,0.9311371056183516,59.0,0.9164572817682701,40_1,40,1,lamp,81.0745773315,67.6699981689,21.3844002067,0,429.293411703,0.345382630825
UBFC_A1/Eval_On_COHFACE,COHFACE,old,COHFACE_s40_session1_lamp,14,60.0,60.0,correct,60.0,1.0,61.0,0.9620522611628932,59.0,0.9171996306461982,60.0,0.9999999999999999,59.0,0.9994419689225515,61.0,0.888488707258118,40_1,40,1,lamp,81.0745773315,67.6699981689,21.3844002067,0,429.293411703,0.345382630825
UBFC_A1/Eval_On_COHFACE,COHFACE,old,COHFACE_s40_session1_lamp,15,60.0,60.0,correct,60.0,1.0,61.0,0.9804860933358297,59.0,0.9060527266439037,60.0,0.9999999999999999,61.0,0.9766900593990632,59.0,0.9536265996820994,40_1,40,1,lamp,81.0745773315,67.6699981689,21.3844002067,0,429.293411703,0.345382630825
UBFC_A1/Eval_On_COHFACE,COHFACE,old,COHFACE_s40_session1_lamp,16,60.0,61.0,correct,60.0,1.0,61.0,0.978348562956529,59.0,0.9120962979369206,61.0,0.9999999999999998,60.0,0.9897174984688022,61.99999999999999,0.96490532765678,40_1,40,1,lamp,81.0745773315,67.6699981689,21.3844002067,0,429.293411703,0.345382630825
UBFC_A1/Eval_On_COHFACE,COHFACE,old,COHFACE_s40_session1_lamp,17,60.0,61.99999999999999,correct,60.0,1.0,61.0,0.9800875230050117,59.0,0.9185621195777254,61.99999999999999,0.9999999999999998,63.0,0.9884622411070372,61.0,0.9685940891809467,40_1,40,1,lamp,81.0745773315,67.6699981689,21.3844002067,0,429.293411703,0.345382630825
UBFC_A1/Eval_On_COHFACE,COHFACE,old,COHFACE_s40_session1_lamp,18,60.0,61.0,correct,60.0,1.0,61.0,0.993349242659899,59.0,0.8970266868492557,61.0,0.9999999999999999,60.0,0.9713231189153326,61.99999999999999,0.9222629001777842,40_1,40,1,lamp,81.0745773315,67.6699981689,21.3844002067,0,429.293411703,0.345382630825
UBFC_A1/Eval_On_COHFACE,COHFACE,old,COHFACE_s40_session1_lamp,19,61.0,61.0,correct,61.0,1.0,60.0,0.9811713315780614,61.99999999999999,0.8990769394271373,61.0,0.9999999999999998,61.99999999999999,0.9412707175731702,60.0,0.9360896774308618,40_1,40,1,lamp,81.0745773315,67.6699981689,21.3844002067,0,429.293411703,0.345382630825
UBFC_A1/Eval_On_COHFACE,COHFACE,old,COHFACE_s40_session1_lamp,20,61.0,60.0,correct,61.0,1.0,60.0,0.9859063884025961,61.99999999999999,0.8964101224937676,60.0,0.9999999999999999,61.0,0.9933754716246282,59.0,0.9163448695857522,40_1,40,1,lamp,81.0745773315,67.6699981689,21.3844002067,0,429.293411703,0.345382630825
UBFC_A1/Eval_On_COHFACE,COHFACE,old,COHFACE_s40_session1_lamp,21,60.0,58.0,correct,60.0,1.0,61.0,0.9616284488078735,59.0,0.9211455539123904,58.0,0.9999999999999998,57.0,0.9588367618286054,59.0,0.9422195398153212,40_1,40,1,lamp,81.0745773315,67.6699981689,21.3844002067,0,429.293411703,0.345382630825
UBFC_A1/Eval_On_COHFACE,COHFACE,old,COHFACE_s40_session1_lamp,22,59.0,56.0,correct,59.0,1.0,60.0,0.9869878438664845,58.0,0.9029951207798064,56.0,0.9999999999999998,57.0,0.9955095504039857,55.0,0.9184931127014787,40_1,40,1,lamp,81.0745773315,67.6699981689,21.3844002067,0,429.293411703,0.345382630825
UBFC_A1/Eval_On_COHFACE,COHFACE,old,COHFACE_s40_session1_lamp,23,59.0,57.0,correct,59.0,1.0,58.0,0.9772366950089133,60.0,0.9165913766160637,57.0,0.9999999999999997,56.0,0.990157377346894,58.0,0.9767424990088226,40_1,40,1,lamp,81.0745773315,67.6699981689,21.3844002067,0,429.293411703,0.345382630825
UBFC_A1/Eval_On_COHFACE,COHFACE,old,COHFACE_s40_session1_lamp,24,58.0,57.0,correct,58.0,1.0,59.0,0.9648062138314442,57.0,0.9261408579565645,57.0,0.9999999999999997,58.0,0.9400088980945304,56.0,0.9207789282554789,40_1,40,1,lamp,81.0745773315,67.6699981689,21.3844002067,0,429.293411703,0.345382630825
UBFC_A1/Eval_On_COHFACE,COHFACE,old,COHFACE_s40_session1_lamp,25,58.0,57.0,correct,58.0,1.0,59.0,0.9483653470110782,57.0,0.9344904578619828,57.0,0.9999999999999998,58.0,0.9484476607163197,56.0,0.9058436272486903,40_1,40,1,lamp,81.0745773315,67.6699981689,21.3844002067,0,429.293411703,0.345382630825
UBFC_A1/Eval_On_COHFACE,COHFACE,old,COHFACE_s40_session1_lamp,26,58.0,46.0,large_error,58.0,1.0,59.0,0.9816151073075038,57.0,0.9014865746195997,46.0,0.9999999999999998,45.0,0.9877348233116997,47.0,0.9061848871735344,40_1,40,1,lamp,81.0745773315,67.6699981689,21.3844002067,0,429.293411703,0.345382630825
UBFC_A1/Eval_On_COHFACE,COHFACE,old,COHFACE_s40_session1_lamp,27,59.0,59.0,correct,59.0,1.0,58.0,0.9496204515204867,60.0,0.9348712210306988,59.0,0.9999999999999999,60.0,0.9958719901896073,58.0,0.9015863480477978,40_1,40,1,lamp,81.0745773315,67.6699981689,21.3844002067,0,429.293411703,0.345382630825
UBFC_A1/Eval_On_COHFACE,COHFACE,old,COHFACE_s40_session1_lamp,28,60.0,60.0,correct,60.0,1.0,59.0,0.9767732039395375,61.0,0.9070845169096946,60.0,0.9999999999999999,59.0,0.9461619285907472,61.0,0.9343271162345776,40_1,40,1,lamp,81.0745773315,67.6699981689,21.3844002067,0,429.293411703,0.345382630825
UBFC_A1/Eval_On_COHFACE,COHFACE,old,COHFACE_s40_session1_lamp,29,60.0,60.0,correct,60.0,1.0,61.0,0.9485604489424249,59.0,0.9350264649712978,60.0,0.9999999999999999,61.0,0.9803878795954154,59.0,0.9795733167651324,40_1,40,1,lamp,81.0745773315,67.6699981689,21.3844002067,0,429.293411703,0.345382630825
UBFC_A1/Eval_On_COHFACE,COHFACE,old,COHFACE_s40_session1_lamp,30,60.0,60.0,correct,60.0,1.0,59.0,0.9532293485756228,61.0,0.9310101871789843,60.0,0.9999999999999999,59.0,0.9633319325226588,61.0,0.9541774183004093,40_1,40,1,lamp,81.0745773315,67.6699981689,21.3844002067,0,429.293411703,0.345382630825
UBFC_A1/Eval_On_COHFACE,COHFACE,old,COHFACE_s40_session1_lamp,31,60.0,60.0,correct,60.0,1.0,59.0,0.9775989635008036,61.0,0.9071358693886494,60.0,1.0,61.0,0.9469646319498563,59.0,0.9409178647144545,40_1,40,1,lamp,81.0745773315,67.6699981689,21.3844002067,0,429.293411703,0.345382630825
UBFC_A1/Eval_On_COHFACE,COHFACE,old,COHFACE_s40_session1_lamp,32,59.0,60.0,correct,59.0,1.0,60.0,0.9875778903453049,58.0,0.8958531438560476,60.0,1.0,59.0,0.9589874671612453,61.0,0.9303343026978325,40_1,40,1,lamp,81.0745773315,67.6699981689,21.3844002067,0,429.293411703,0.345382630825
UBFC_A1/Eval_On_COHFACE,COHFACE,old,COHFACE_s40_session1_lamp,33,59.0,60.0,correct,59.0,1.0,58.0,0.9639588168922746,60.0,0.9220709166369917,60.0,1.0,59.0,0.9889310635985447,61.0,0.910497206335888,40_1,40,1,lamp,81.0745773315,67.6699981689,21.3844002067,0,429.293411703,0.345382630825
UBFC_A1/Eval_On_COHFACE,COHFACE,old,COHFACE_s40_session1_lamp,34,58.0,59.0,correct,58.0,1.0,59.0,0.9768591299892588,57.0,0.9141049418231829,59.0,0.9999999999999999,58.0,0.9852971836500579,60.0,0.9237206865148796,40_1,40,1,lamp,81.0745773315,67.6699981689,21.3844002067,0,429.293411703,0.345382630825
UBFC_A1/Eval_On_COHFACE,COHFACE,old,COHFACE_s40_session1_lamp,35,58.0,57.0,correct,58.0,1.0,59.0,0.9854427864729193,57.0,0.9023250023751509,57.0,0.9999999999999998,56.0,0.9642315084358108,58.0,0.9464929762009484,40_1,40,1,lamp,81.0745773315,67.6699981689,21.3844002067,0,429.293411703,0.345382630825
UBFC_A1/Eval_On_COHFACE,COHFACE,old,COHFACE_s40_session1_lamp,36,59.0,58.0,correct,59.0,1.0,58.0,0.9588563155388423,60.0,0.9239730906391065,58.0,0.9999999999999998,59.0,0.99236213229932,57.0,0.880623529288834,40_1,40,1,lamp,81.0745773315,67.6699981689,21.3844002067,0,429.293411703,0.345382630825
UBFC_A1/Eval_On_COHFACE,COHFACE,old,COHFACE_s40_session1_lamp,37,59.0,59.0,correct,59.0,1.0,60.0,0.9751841585122317,58.0,0.9061443838093904,59.0,0.9999999999999999,60.0,0.9649500810066475,58.0,0.870960116181105,40_1,40,1,lamp,81.0745773315,67.6699981689,21.3844002067,0,429.293411703,0.345382630825
UBFC_A1/Eval_On_COHFACE,COHFACE,old,COHFACE_s40_session1_lamp,38,60.0,60.0,correct,60.0,1.0,59.0,0.9992018626199776,61.0,0.8865458016170905,60.0,0.9999999999999998,59.0,0.9785513679452413,61.0,0.9180450634552937,40_1,40,1,lamp,81.0745773315,67.6699981689,21.3844002067,0,429.293411703,0.345382630825
UBFC_A1/Eval_On_COHFACE,COHFACE,old,COHFACE_s40_session1_lamp,39,60.0,60.0,correct,60.0,1.0,59.0,0.9901260226034695,61.0,0.8953644826139353,60.0,0.9999999999999999,59.0,0.9573616300630259,61.0,0.9372642517006917,40_1,40,1,lamp,81.0745773315,67.6699981689,21.3844002067,0,429.293411703,0.345382630825
UBFC_A1/Eval_On_COHFACE,COHFACE,old,COHFACE_s40_session1_lamp,40,59.0,60.0,correct,59.0,1.0,60.0,0.9963144603040345,58.0,0.8929480727431971,60.0,0.9999999999999998,61.0,0.9818599832941232,59.0,0.9452452405254894,40_1,40,1,lamp,81.0745773315,67.6699981689,21.3844002067,0,429.293411703,0.345382630825
UBFC_A1/Eval_On_COHFACE,COHFACE,old,COHFACE_s40_session1_lamp,41,59.0,60.0,correct,59.0,1.0,58.0,0.9601842825219349,60.0,0.9309197793593792,60.0,0.9999999999999999,61.0,0.9890794795445483,59.0,0.960298910281314,40_1,40,1,lamp,81.0745773315,67.6699981689,21.3844002067,0,429.293411703,0.345382630825
UBFC_A1/Eval_On_COHFACE,COHFACE,old,COHFACE_s40_session1_lamp,42,58.0,59.0,correct,58.0,1.0,59.0,0.9616361122367132,57.0,0.9278565850397162,59.0,0.9999999999999999,60.0,0.9819738977672131,58.0,0.9238855494906106,40_1,40,1,lamp,81.0745773315,67.6699981689,21.3844002067,0,429.293411703,0.345382630825
UBFC_A1/Eval_On_COHFACE,COHFACE,old,COHFACE_s40_session1_lamp,43,58.0,58.0,correct,58.0,1.0,57.0,0.970270496747148,59.0,0.9197790840549739,58.0,0.9999999999999998,59.0,0.9981891871973695,57.0,0.8918576181173096,40_1,40,1,lamp,81.0745773315,67.6699981689,21.3844002067,0,429.293411703,0.345382630825
UBFC_A1/Eval_On_COHFACE,COHFACE,old,COHFACE_s40_session1_lamp,44,58.0,58.0,correct,58.0,1.0,57.0,0.9989472469518007,59.0,0.8921726808585587,58.0,0.9999999999999998,57.0,0.9555723303502714,59.0,0.869624803292808,40_1,40,1,lamp,81.0745773315,67.6699981689,21.3844002067,0,429.293411703,0.345382630825
UBFC_A1/Eval_On_COHFACE,COHFACE,old,COHFACE_s40_session1_lamp,45,58.0,58.0,correct,58.0,1.0,57.0,0.9775692251753159,59.0,0.9142781364894144,58.0,0.9999999999999999,59.0,0.9876224145200168,57.0,0.9109967676962794,40_1,40,1,lamp,81.0745773315,67.6699981689,21.3844002067,0,429.293411703,0.345382630825
UBFC_A1/Eval_On_COHFACE,COHFACE,old,COHFACE_s40_session1_lamp,46,59.0,59.0,correct,59.0,1.0,58.0,0.990588937275523,60.0,0.9013483432492729,59.0,0.9999999999999999,60.0,0.967621468861614,58.0,0.9279502924024656,40_1,40,1,lamp,81.0745773315,67.6699981689,21.3844002067,0,429.293411703,0.345382630825
UBFC_A1/Eval_On_COHFACE,COHFACE,old,COHFACE_s40_session1_lamp,47,60.0,61.0,correct,60.0,1.0,59.0,0.9964835812281216,61.0,0.888931669764619,61.0,0.9999999999999998,60.0,0.9954916568962943,61.99999999999999,0.9177305244924048,40_1,40,1,lamp,81.0745773315,67.6699981689,21.3844002067,0,429.293411703,0.345382630825
UBFC_A1/Eval_On_COHFACE,COHFACE,old,COHFACE_s40_session1_lamp,48,60.0,60.0,correct,60.0,1.0,61.0,0.9459303934249804,59.0,0.9363756066138053,60.0,0.9999999999999999,61.0,0.9785521388360383,59.0,0.9495407209863217,40_1,40,1,lamp,81.0745773315,67.6699981689,21.3844002067,0,429.293411703,0.345382630825
UBFC_A1/Eval_On_COHFACE,COHFACE,old,COHFACE_s40_session1_lamp,49,60.0,59.0,correct,60.0,1.0,61.0,0.9439185073127998,59.0,0.9416462353442276,59.0,0.9999999999999998,60.0,0.9949623873056989,58.0,0.9278310485137277,40_1,40,1,lamp,81.0745773315,67.6699981689,21.3844002067,0,429.293411703,0.345382630825
UBFC_A1/Eval_On_COHFACE,COHFACE,old,COHFACE_s40_session1_lamp,50,60.0,59.0,correct,60.0,1.0,59.0,0.985479691677863,61.0,0.9054022135218616,59.0,0.9999999999999998,60.0,0.9843697753274893,58.0,0.9165183975532893,40_1,40,1,lamp,81.0745773315,67.6699981689,21.3844002067,0,429.293411703,0.345382630825
UBFC_A1/Eval_On_COHFACE,COHFACE,old,COHFACE_s40_session2_natural,0,59.0,80.0,super_harmonic_1p5x,59.0,0.9999999999999999,58.0,0.9780785572148123,60.0,0.9341914098105468,80.0,0.9999999999999998,81.0,0.9581830670538429,79.0,0.9365799990244118,40_2,40,2,natural,71.2085723877,67.616104126,27.7537684287,0,342.675931688,0.322168320417
UBFC_A1/Eval_On_COHFACE,COHFACE,old,COHFACE_s40_session2_natural,1,58.0,58.0,correct,58.0,1.0,59.0,0.9665769926986625,57.0,0.9293755038448944,58.0,0.9999999999999998,59.0,0.9837417419297115,57.0,0.8763438978284231,40_2,40,2,natural,71.2085723877,67.616104126,27.7537684287,0,342.675931688,0.322168320417
UBFC_A1/Eval_On_COHFACE,COHFACE,old,COHFACE_s40_session2_natural,2,58.0,61.0,correct,58.0,1.0,59.0,0.9605521761421102,57.0,0.9270382186867757,61.0,0.9999999999999998,60.0,0.9650916157420103,61.99999999999999,0.9150963187929272,40_2,40,2,natural,71.2085723877,67.616104126,27.7537684287,0,342.675931688,0.322168320417
UBFC_A1/Eval_On_COHFACE,COHFACE,old,COHFACE_s40_session2_natural,3,58.0,61.0,correct,58.0,1.0,59.0,0.9947131408328834,57.0,0.8909437063428342,61.0,0.9999999999999999,60.0,0.9945261370314551,61.99999999999999,0.9063796403599175,40_2,40,2,natural,71.2085723877,67.616104126,27.7537684287,0,342.675931688,0.322168320417
UBFC_A1/Eval_On_COHFACE,COHFACE,old,COHFACE_s40_session2_natural,4,59.0,60.0,correct,59.0,1.0,58.0,0.9548170022963259,60.0,0.9259905078438072,60.0,0.9999999999999998,59.0,0.9904383759862727,61.0,0.9587572823558558,40_2,40,2,natural,71.2085723877,67.616104126,27.7537684287,0,342.675931688,0.322168320417
UBFC_A1/Eval_On_COHFACE,COHFACE,old,COHFACE_s40_session2_natural,5,60.0,58.0,correct,60.0,1.0,59.0,0.9748709627379785,61.0,0.91083345405306,58.0,0.9999999999999996,59.0,0.9917293460701503,57.0,0.9784081836101238,40_2,40,2,natural,71.2085723877,67.616104126,27.7537684287,0,342.675931688,0.322168320417
UBFC_A1/Eval_On_COHFACE,COHFACE,old,COHFACE_s40_session2_natural,6,60.0,60.0,correct,60.0,1.0,61.0,0.9486538542769978,59.0,0.9375587515234245,60.0,0.9999999999999996,59.0,0.9884721544940387,61.0,0.960976311744816,40_2,40,2,natural,71.2085723877,67.616104126,27.7537684287,0,342.675931688,0.322168320417
UBFC_A1/Eval_On_COHFACE,COHFACE,old,COHFACE_s40_session2_natural,7,60.0,60.0,correct,60.0,1.0,61.0,0.9545652883143146,59.0,0.9329698856720331,60.0,0.9999999999999992,61.0,0.9777696784745142,59.0,0.935648891249214,40_2,40,2,natural,71.2085723877,67.616104126,27.7537684287,0,342.675931688,0.322168320417
UBFC_A1/Eval_On_COHFACE,COHFACE,old,COHFACE_s40_session2_natural,8,60.0,50.0,large_error,60.0,1.0,59.0,0.9577317177162296,61.0,0.9304871380233137,50.0,0.9999999999999996,51.0,0.9643998834399431,49.0,0.8872953395329901,40_2,40,2,natural,71.2085723877,67.616104126,27.7537684287,0,342.675931688,0.322168320417
UBFC_A1/Eval_On_COHFACE,COHFACE,old,COHFACE_s40_session2_natural,9,60.0,81.0,super_harmonic_1p5x,60.0,1.0,59.0,0.9949090160503653,61.0,0.8939472762155702,81.0,0.9999999999999998,82.0,0.9658441765360174,80.0,0.8581519402553842,40_2,40,2,natural,71.2085723877,67.616104126,27.7537684287,0,342.675931688,0.322168320417
UBFC_A1/Eval_On_COHFACE,COHFACE,old,COHFACE_s40_session2_natural,10,60.0,83.0,super_harmonic_1p5x,60.0,1.0,59.0,0.9452880013389696,61.0,0.9406942661739411,83.0,0.9999999999999993,84.0,0.9540897211015386,82.0,0.920328771916953,40_2,40,2,natural,71.2085723877,67.616104126,27.7537684287,0,342.675931688,0.322168320417
UBFC_A1/Eval_On_COHFACE,COHFACE,old,COHFACE_s40_session2_natural,11,60.0,79.0,super_harmonic_1p5x,60.0,1.0,61.0,0.9985241488464719,59.0,0.8887768679062307,79.0,0.9999999999999992,80.0,0.948229757808666,78.0,0.9478671814813376,40_2,40,2,natural,71.2085723877,67.616104126,27.7537684287,0,342.675931688,0.322168320417
UBFC_A1/Eval_On_COHFACE,COHFACE,old,COHFACE_s40_session2_natural,12,61.0,80.0,super_harmonic_1p5x,61.0,1.0,60.0,0.9704313587353216,61.99999999999999,0.9128882132900725,80.0,0.9999999999999998,81.0,0.9892909397535493,79.0,0.9255638381283363,40_2,40,2,natural,71.2085723877,67.616104126,27.7537684287,0,342.675931688,0.322168320417
UBFC_A1/Eval_On_COHFACE,COHFACE,old,COHFACE_s40_session2_natural,13,61.0,79.0,super_harmonic_1p5x,61.0,1.0,60.0,0.9761274756089419,61.99999999999999,0.9098997421454373,79.0,0.9999999999999996,78.0,0.9922323240847507,80.0,0.9736631489687062,40_2,40,2,natural,71.2085723877,67.616104126,27.7537684287,0,342.675931688,0.322168320417
UBFC_A1/Eval_On_COHFACE,COHFACE,old,COHFACE_s40_session2_natural,14,60.0,76.0,super_harmonic_1p5x,60.0,1.0,61.0,0.984566480212997,59.0,0.9031291767772825,76.0,0.9999999999999998,75.0,0.9930612438116794,77.0,0.9454103900744187,40_2,40,2,natural,71.2085723877,67.616104126,27.7537684287,0,342.675931688,0.322168320417
UBFC_A1/Eval_On_COHFACE,COHFACE,old,COHFACE_s40_session2_natural,15,60.0,79.0,super_harmonic_1p5x,60.0,1.0,59.0,0.9815620437388304,61.0,0.910951713979916,79.0,0.9999999999999998,78.0,0.986794404855892,80.0,0.9449990571452559,40_2,40,2,natural,71.2085723877,67.616104126,27.7537684287,0,342.675931688,0.322168320417
UBFC_A1/Eval_On_COHFACE,COHFACE,old,COHFACE_s40_session2_natural,16,59.0,75.0,super_harmonic_1p5x,59.0,1.0,58.0,0.9980900858055571,60.0,0.8982315723340014,75.0,0.9999999999999992,76.0,0.9760350834075586,74.0,0.9608104130910335,40_2,40,2,natural,71.2085723877,67.616104126,27.7537684287,0,342.675931688,0.322168320417
UBFC_A1/Eval_On_COHFACE,COHFACE,old,COHFACE_s40_session2_natural,17,57.0,68.0,large_error,57.0,1.0,58.0,0.9868452160170914,56.0,0.9091314591926202,68.0,0.9999999999999998,67.0,0.9198274645706321,69.0,0.9053807485417737,40_2,40,2,natural,71.2085723877,67.616104126,27.7537684287,0,342.675931688,0.322168320417
UBFC_A1/Eval_On_COHFACE,COHFACE,old,COHFACE_s40_session2_natural,18,57.0,56.0,correct,57.0,1.0,58.0,0.9538519451281314,56.0,0.9422433582987355,56.0,0.9999999999999998,55.0,0.982258433869155,57.0,0.9061913260746185,40_2,40,2,natural,71.2085723877,67.616104126,27.7537684287,0,342.675931688,0.322168320417
UBFC_A1/Eval_On_COHFACE,COHFACE,old,COHFACE_s40_session2_natural,19,57.0,55.0,correct,57.0,1.0,58.0,0.9878764106598515,56.0,0.9121977157807872,55.0,0.9999999999999999,56.0,0.9628948533457176,54.0,0.9063755290944872,40_2,40,2,natural,71.2085723877,67.616104126,27.7537684287,0,342.675931688,0.322168320417
UBFC_A1/Eval_On_COHFACE,COHFACE,old,COHFACE_s40_session2_natural,20,58.0,59.0,correct,58.0,1.0,59.0,0.9480277503037872,57.0,0.9447825515575007,59.0,0.9999999999999998,58.0,0.9575681585508861,60.0,0.9252188514580697,40_2,40,2,natural,71.2085723877,67.616104126,27.7537684287,0,342.675931688,0.322168320417
UBFC_A1/Eval_On_COHFACE,COHFACE,old,COHFACE_s40_session2_natural,21,59.0,59.0,correct,59.0,1.0,58.0,0.9922502122067075,60.0,0.8975374319729611,59.0,0.9999999999999998,60.0,0.9658393621651439,58.0,0.9400949883270652,40_2,40,2,natural,71.2085723877,67.616104126,27.7537684287,0,342.675931688,0.322168320417
UBFC_A1/Eval_On_COHFACE,COHFACE,old,COHFACE_s40_session2_natural,22,59.0,59.0,correct,59.0,1.0,58.0,0.9452111381151203,60.0,0.9389144626486995,59.0,0.9999999999999998,60.0,0.9765941389462958,58.0,0.9354784977901601,40_2,40,2,natural,71.2085723877,67.616104126,27.7537684287,0,342.675931688,0.322168320417
UBFC_A1/Eval_On_COHFACE,COHFACE,old,COHFACE_s40_session2_natural,23,59.0,60.0,correct,59.0,1.0,60.0,0.9612800037108792,58.0,0.9177829452154802,60.0,0.9999999999999999,59.0,0.9536618787943495,61.0,0.9363706657077039,40_2,40,2,natural,71.2085723877,67.616104126,27.7537684287,0,342.675931688,0.322168320417
UBFC_A1/Eval_On_COHFACE,COHFACE,old,COHFACE_s40_session2_natural,24,59.0,60.0,correct,59.0,1.0,60.0,0.9521594825098352,58.0,0.9288582612325369,60.0,0.9999999999999998,59.0,0.962635593350562,61.0,0.9447916569017968,40_2,40,2,natural,71.2085723877,67.616104126,27.7537684287,0,342.675931688,0.322168320417
UBFC_A1/Eval_On_COHFACE,COHFACE,old,COHFACE_s40_session2_natural,25,59.0,60.0,correct,59.0,1.0,58.0,0.9640065436718287,60.0,0.9209919762087212,60.0,0.9999999999999998,59.0,0.9700414846602299,61.0,0.9493511398450518,40_2,40,2,natural,71.2085723877,67.616104126,27.7537684287,0,342.675931688,0.322168320417
UBFC_A1/Eval_On_COHFACE,COHFACE,old,COHFACE_s40_session2_natural,26,58.0,60.0,correct,58.0,1.0,59.0,0.9987512692253164,57.0,0.8861587201192405,60.0,0.9999999999999998,59.0,0.9958424854296314,61.0,0.8925232254941464,40_2,40,2,natural,71.2085723877,67.616104126,27.7537684287,0,342.675931688,0.322168320417
UBFC_A1/Eval_On_COHFACE,COHFACE,old,COHFACE_s40_session2_natural,27,59.0,60.0,correct,59.0,1.0,58.0,0.9867341602133848,60.0,0.9007339142710081,60.0,0.9999999999999999,59.0,0.9781406872870528,61.0,0.9158633393551573,40_2,40,2,natural,71.2085723877,67.616104126,27.7537684287,0,342.675931688,0.322168320417
UBFC_A1/Eval_On_COHFACE,COHFACE,old,COHFACE_s40_session2_natural,28,59.0,60.0,correct,59.0,1.0,60.0,0.9896138389181425,58.0,0.8995768477774696,60.0,0.9999999999999999,59.0,0.9817650353500619,61.0,0.8824834722358473,40_2,40,2,natural,71.2085723877,67.616104126,27.7537684287,0,342.675931688,0.322168320417
UBFC_A1/Eval_On_COHFACE,COHFACE,old,COHFACE_s40_session2_natural,29,60.0,60.0,correct,60.0,1.0,61.0,0.9611803670168176,59.0,0.9223007096715152,60.0,0.9999999999999998,59.0,0.9292849336144469,61.0,0.916754684589279,40_2,40,2,natural,71.2085723877,67.616104126,27.7537684287,0,342.675931688,0.322168320417
UBFC_A1/Eval_On_COHFACE,COHFACE,old,COHFACE_s40_session2_natural,30,61.0,60.0,correct,61.0,1.0,60.0,0.978433533049634,61.99999999999999,0.9084063251528957,60.0,0.9999999999999998,61.0,0.9891175460464471,59.0,0.9283251539972345,40_2,40,2,natural,71.2085723877,67.616104126,27.7537684287,0,342.675931688,0.322168320417
UBFC_A1/Eval_On_COHFACE,COHFACE,old,COHFACE_s40_session2_natural,31,61.0,59.0,correct,61.0,1.0,61.99999999999999,0.9702194183722909,60.0,0.917104405942137,59.0,0.9999999999999999,60.0,0.9799713042545856,58.0,0.9172287743667996,40_2,40,2,natural,71.2085723877,67.616104126,27.7537684287,0,342.675931688,0.322168320417
UBFC_A1/Eval_On_COHFACE,COHFACE,old,COHFACE_s40_session2_natural,32,61.99999999999999,60.0,correct,61.99999999999999,1.0,61.0,0.9645678759020635,63.0,0.9222930151988696,60.0,0.9999999999999999,59.0,0.9761910062505319,61.0,0.9172285868660347,40_2,40,2,natural,71.2085723877,67.616104126,27.7537684287,0,342.675931688,0.322168320417
UBFC_A1/Eval_On_COHFACE,COHFACE,old,COHFACE_s40_session2_natural,33,61.99999999999999,60.0,correct,61.99999999999999,1.0,61.0,0.9640201816111497,63.0,0.9200081531494388,60.0,0.9999999999999998,59.0,0.9855137541727859,61.0,0.9322542786798381,40_2,40,2,natural,71.2085723877,67.616104126,27.7537684287,0,342.675931688,0.322168320417
UBFC_A1/Eval_On_COHFACE,COHFACE,old,COHFACE_s40_session2_natural,34,61.0,60.0,correct,61.0,1.0,61.99999999999999,0.9523588191501808,60.0,0.9363867414902097,60.0,0.9999999999999999,59.0,0.9794753377366846,61.0,0.9245917120573787,40_2,40,2,natural,71.2085723877,67.616104126,27.7537684287,0,342.675931688,0.322168320417
UBFC_A1/Eval_On_COHFACE,COHFACE,old,COHFACE_s40_session2_natural,35,60.0,60.0,correct,60.0,1.0,61.0,0.9836256162666995,59.0,0.8968994668032073,60.0,0.9999999999999999,59.0,0.9446016334526276,61.0,0.936167863246146,40_2,40,2,natural,71.2085723877,67.616104126,27.7537684287,0,342.675931688,0.322168320417
UBFC_A1/Eval_On_COHFACE,COHFACE,old,COHFACE_s40_session2_natural,36,60.0,60.0,correct,60.0,1.0,61.0,0.9506203039347426,59.0,0.9352651974359496,60.0,0.9999999999999998,59.0,0.9581818235307289,61.0,0.9516903062568752,40_2,40,2,natural,71.2085723877,67.616104126,27.7537684287,0,342.675931688,0.322168320417
UBFC_A1/Eval_On_COHFACE,COHFACE,old,COHFACE_s40_session2_natural,37,60.0,60.0,correct,60.0,1.0,59.0,0.9655839904521201,61.0,0.9247970587462636,60.0,0.9999999999999999,61.0,0.9757774391106447,59.0,0.91400199878813,40_2,40,2,natural,71.2085723877,67.616104126,27.7537684287,0,342.675931688,0.322168320417
UBFC_A1/Eval_On_COHFACE,COHFACE,old,COHFACE_s40_session2_natural,38,59.0,60.0,correct,59.0,1.0,60.0,0.9860853696698396,58.0,0.9080208096614619,60.0,0.9999999999999999,59.0,0.9469736934687795,61.0,0.9263728756185406,40_2,40,2,natural,71.2085723877,67.616104126,27.7537684287,0,342.675931688,0.322168320417
UBFC_A1/Eval_On_COHFACE,COHFACE,old,COHFACE_s40_session2_natural,39,59.0,60.0,correct,59.0,1.0,60.0,0.9828144906742001,58.0,0.9100633476757043,60.0,0.9999999999999999,59.0,0.9867104830482234,61.0,0.9331935721238896,40_2,40,2,natural,71.2085723877,67.616104126,27.7537684287,0,342.675931688,0.322168320417
UBFC_A1/Eval_On_COHFACE,COHFACE,old,COHFACE_s40_session2_natural,40,60.0,59.0,correct,60.0,1.0,61.0,0.9730617845003996,59.0,0.9192410205739713,59.0,0.9999999999999999,60.0,0.9973281448889536,58.0,0.9219479314393543,40_2,40,2,natural,71.2085723877,67.616104126,27.7537684287,0,342.675931688,0.322168320417
UBFC_A1/Eval_On_COHFACE,COHFACE,old,COHFACE_s40_session2_natural,41,61.0,60.0,correct,61.0,1.0,61.99999999999999,0.9865108454441427,60.0,0.8941034849271431,60.0,0.9999999999999999,61.0,0.9585282168157865,59.0,0.9281344322622099,40_2,40,2,natural,71.2085723877,67.616104126,27.7537684287,0,342.675931688,0.322168320417
UBFC_A1/Eval_On_COHFACE,COHFACE,old,COHFACE_s40_session2_natural,42,61.99999999999999,61.0,correct,61.99999999999999,1.0,61.0,0.9363974914603689,63.0,0.9359277724343354,61.0,0.9999999999999998,61.99999999999999,0.9695701360065629,60.0,0.9261373783709571,40_2,40,2,natural,71.2085723877,67.616104126,27.7537684287,0,342.675931688,0.322168320417
UBFC_A1/Eval_On_COHFACE,COHFACE,old,COHFACE_s40_session2_natural,43,61.99999999999999,63.0,correct,61.99999999999999,1.0,63.0,0.9482533803751337,61.0,0.9249129491935549,63.0,0.9999999999999996,64.0,0.9845199048049743,61.99999999999999,0.9403993931306157,40_2,40,2,natural,71.2085723877,67.616104126,27.7537684287,0,342.675931688,0.322168320417
UBFC_A1/Eval_On_COHFACE,COHFACE,old,COHFACE_s40_session2_natural,44,61.99999999999999,64.0,correct,61.99999999999999,1.0,61.0,0.954237969573856,63.0,0.9228608291812836,64.0,0.9999999999999997,63.0,0.9719273514221107,65.0,0.9034535210034814,40_2,40,2,natural,71.2085723877,67.616104126,27.7537684287,0,342.675931688,0.322168320417
UBFC_A1/Eval_On_COHFACE,COHFACE,old,COHFACE_s40_session2_natural,45,61.0,81.0,super_harmonic_1p5x,61.0,1.0,61.99999999999999,0.9932829109343595,60.0,0.887249262276729,81.0,0.9999999999999998,80.0,0.9649149145667811,82.0,0.9264164130682994,40_2,40,2,natural,71.2085723877,67.616104126,27.7537684287,0,342.675931688,0.322168320417
UBFC_A1/Eval_On_COHFACE,COHFACE,old,COHFACE_s40_session2_natural,46,60.0,66.0,large_error,60.0,1.0,61.0,0.9963735968614704,59.0,0.8981804578656588,66.0,0.9999999999999996,65.0,0.988150550516783,67.0,0.9614458229945307,40_2,40,2,natural,71.2085723877,67.616104126,27.7537684287,0,342.675931688,0.322168320417
UBFC_A1/Eval_On_COHFACE,COHFACE,old,COHFACE_s40_session2_natural,47,59.0,69.0,large_error,59.0,1.0,60.0,0.9937453608972515,58.0,0.902111752757661,69.0,0.9999999999999999,68.0,0.980849597699931,70.0,0.8783769717980605,40_2,40,2,natural,71.2085723877,67.616104126,27.7537684287,0,342.675931688,0.322168320417
UBFC_A1/Eval_On_COHFACE,COHFACE,old,COHFACE_s40_session2_natural,48,59.0,80.0,super_harmonic_1p5x,59.0,1.0,58.0,0.9491757079177607,60.0,0.9414149799366962,80.0,0.9999999999999994,70.0,0.9748541532209148,79.0,0.9410647339766937,40_2,40,2,natural,71.2085723877,67.616104126,27.7537684287,0,342.675931688,0.322168320417
UBFC_A1/Eval_On_COHFACE,COHFACE,old,COHFACE_s40_session2_natural,49,59.0,59.0,correct,59.0,1.0,58.0,0.9527263401457844,60.0,0.9396547486910523,59.0,0.9999999999999994,58.0,0.9965446577798343,70.0,0.9379613834883012,40_2,40,2,natural,71.2085723877,67.616104126,27.7537684287,0,342.675931688,0.322168320417
UBFC_A1/Eval_On_COHFACE,COHFACE,old,COHFACE_s40_session2_natural,50,60.0,76.0,super_harmonic_1p5x,60.0,1.0,59.0,0.9940432867212279,61.0,0.895298207628765,76.0,0.9999999999999996,77.0,0.9689046959821487,75.0,0.9416562199696078,40_2,40,2,natural,71.2085723877,67.616104126,27.7537684287,0,342.675931688,0.322168320417
UBFC_A1/Eval_On_COHFACE,COHFACE,old,COHFACE_s40_session3_natural,0,65.0,40.0,large_error,65.0,1.0,64.0,0.993716197730316,66.0,0.9064846014004232,40.0,0.9999999999999997,41.0,0.7669563016128638,60.0,0.5533107594195674,40_3,40,3,natural,83.079574585,75.1076278687,23.0873603325,0,449.607347199,0.30417200923
UBFC_A1/Eval_On_COHFACE,COHFACE,old,COHFACE_s40_session3_natural,1,64.0,61.0,correct,64.0,1.0,65.0,0.9875706164526886,63.0,0.8990355333430535,61.0,0.9999999999999998,60.0,0.9455958421519848,61.99999999999999,0.9441523813908359,40_3,40,3,natural,83.079574585,75.1076278687,23.0873603325,0,449.607347199,0.30417200923
UBFC_A1/Eval_On_COHFACE,COHFACE,old,COHFACE_s40_session3_natural,2,64.0,63.0,correct,64.0,1.0,65.0,0.9485452959496702,63.0,0.9385035123552795,63.0,0.9999999999999996,64.0,0.9794110182345204,61.99999999999999,0.9441795730346293,40_3,40,3,natural,83.079574585,75.1076278687,23.0873603325,0,449.607347199,0.30417200923
UBFC_A1/Eval_On_COHFACE,COHFACE,old,COHFACE_s40_session3_natural,3,63.0,61.0,correct,63.0,1.0,64.0,0.9719999286654358,61.99999999999999,0.9172887513766127,61.0,0.9999999999999998,61.99999999999999,0.9585154507442235,60.0,0.9537711940245016,40_3,40,3,natural,83.079574585,75.1076278687,23.0873603325,0,449.607347199,0.30417200923
UBFC_A1/Eval_On_COHFACE,COHFACE,old,COHFACE_s40_session3_natural,4,61.99999999999999,40.0,large_error,61.99999999999999,1.0,63.0,0.9972632859884923,61.0,0.8948414988339165,40.0,0.9999999999999997,41.0,0.9999507014613206,42.0,0.9036062867192814,40_3,40,3,natural,83.079574585,75.1076278687,23.0873603325,0,449.607347199,0.30417200923
UBFC_A1/Eval_On_COHFACE,COHFACE,old,COHFACE_s40_session3_natural,5,61.99999999999999,60.0,correct,61.99999999999999,1.0,61.0,0.9912319944198613,63.0,0.9010312822045435,60.0,0.9999999999999996,61.0,0.9800922975823124,59.0,0.9644852030814849,40_3,40,3,natural,83.079574585,75.1076278687,23.0873603325,0,449.607347199,0.30417200923
UBFC_A1/Eval_On_COHFACE,COHFACE,old,COHFACE_s40_session3_natural,6,61.0,59.0,correct,61.0,1.0,60.0,0.9506032804668841,61.99999999999999,0.9409377369116361,59.0,0.9999999999999998,60.0,0.9794716946264044,58.0,0.9140212763683214,40_3,40,3,natural,83.079574585,75.1076278687,23.0873603325,0,449.607347199,0.30417200923
UBFC_A1/Eval_On_COHFACE,COHFACE,old,COHFACE_s40_session3_natural,7,61.0,60.0,correct,61.0,1.0,60.0,0.9734157033379941,61.99999999999999,0.9112929759020973,60.0,0.9999999999999999,61.0,0.9950864949625238,59.0,0.8828746261049377,40_3,40,3,natural,83.079574585,75.1076278687,23.0873603325,0,449.607347199,0.30417200923
UBFC_A1/Eval_On_COHFACE,COHFACE,old,COHFACE_s40_session3_natural,8,61.0,61.0,correct,61.0,1.0,60.0,0.9703553934170333,61.99999999999999,0.9152255288716502,61.0,0.9999999999999998,61.99999999999999,0.9887945091359743,60.0,0.9442895886352188,40_3,40,3,natural,83.079574585,75.1076278687,23.0873603325,0,449.607347199,0.30417200923
UBFC_A1/Eval_On_COHFACE,COHFACE,old,COHFACE_s40_session3_natural,9,61.0,61.99999999999999,correct,61.0,1.0,61.99999999999999,0.9502239754413444,60.0,0.936110467363344,61.99999999999999,0.9999999999999999,61.0,0.9761555864903658,63.0,0.9329106245264497,40_3,40,3,natural,83.079574585,75.1076278687,23.0873603325,0,449.607347199,0.30417200923
UBFC_A1/Eval_On_COHFACE,COHFACE,old,COHFACE_s40_session3_natural,10,61.99999999999999,61.99999999999999,correct,61.99999999999999,1.0,61.0,0.9986193388249788,63.0,0.8897676154697259,61.99999999999999,0.9999999999999999,61.0,0.9951670935205648,63.0,0.9222260590439537,40_3,40,3,natural,83.079574585,75.1076278687,23.0873603325,0,449.607347199,0.30417200923
UBFC_A1/Eval_On_COHFACE,COHFACE,old,COHFACE_s40_session3_natural,11,61.99999999999999,61.99999999999999,correct,61.99999999999999,1.0,61.0,0.951307612246039,63.0,0.9336833800276738,61.99999999999999,0.9999999999999998,61.0,0.9793758321744894,63.0,0.9693534521583234,40_3,40,3,natural,83.079574585,75.1076278687,23.0873603325,0,449.607347199,0.30417200923
UBFC_A1/Eval_On_COHFACE,COHFACE,old,COHFACE_s40_session3_natural,12,61.99999999999999,60.0,correct,61.99999999999999,1.0,63.0,0.9841583955783036,61.0,0.9026324368721204,60.0,0.9999999999999998,61.0,0.9722777143310851,59.0,0.9293567883045729,40_3,40,3,natural,83.079574585,75.1076278687,23.0873603325,0,449.607347199,0.30417200923
UBFC_A1/Eval_On_COHFACE,COHFACE,old,COHFACE_s40_session3_natural,13,63.0,40.0,large_error,63.0,1.0,61.99999999999999,0.9780305810047357,64.0,0.9073703303554993,40.0,0.9999999999999997,82.0,0.8785988207510861,81.0,0.8784106511658136,40_3,40,3,natural,83.079574585,75.1076278687,23.0873603325,0,449.607347199,0.30417200923
UBFC_A1/Eval_On_COHFACE,COHFACE,old,COHFACE_s40_session3_natural,14,63.0,51.0,large_error,63.0,1.0,61.99999999999999,0.9686316030188934,64.0,0.9159051757582053,51.0,0.9999999999999998,52.0,0.9379818963993382,50.0,0.922245323313956,40_3,40,3,natural,83.079574585,75.1076278687,23.0873603325,0,449.607347199,0.30417200923
UBFC_A1/Eval_On_COHFACE,COHFACE,old,COHFACE_s40_session3_natural,15,63.0,40.0,large_error,63.0,1.0,61.99999999999999,0.9940366724597702,64.0,0.8960020129946633,40.0,0.9999999999999994,81.0,0.8124498067450725,41.0,0.7893110482702788,40_3,40,3,natural,83.079574585,75.1076278687,23.0873603325,0,449.607347199,0.30417200923
UBFC_A1/Eval_On_COHFACE,COHFACE,old,COHFACE_s40_session3_natural,16,61.99999999999999,120.0,super_harmonic_2x,61.99999999999999,1.0,61.0,0.9458102134428821,63.0,0.9437187660923644,120.0,0.9999999999999989,121.0,0.9988139936954818,80.0,0.9939668408563388,40_3,40,3,natural,83.079574585,75.1076278687,23.0873603325,0,449.607347199,0.30417200923
UBFC_A1/Eval_On_COHFACE,COHFACE,old,COHFACE_s40_session3_natural,17,61.0,44.0,large_error,61.0,1.0,61.99999999999999,0.9708274834456847,60.0,0.9191747856814595,44.0,0.9999999999999996,43.0,0.9985006314219824,45.0,0.8958145297759845,40_3,40,3,natural,83.079574585,75.1076278687,23.0873603325,0,449.607347199,0.30417200923
UBFC_A1/Eval_On_COHFACE,COHFACE,old,COHFACE_s40_session3_natural,18,61.0,60.0,correct,61.0,1.0,60.0,0.9980441729124755,61.99999999999999,0.8916751878811184,60.0,0.9999999999999996,59.0,0.9769662801615079,61.0,0.9487411636831437,40_3,40,3,natural,83.079574585,75.1076278687,23.0873603325,0,449.607347199,0.30417200923
UBFC_A1/Eval_On_COHFACE,COHFACE,old,COHFACE_s40_session3_natural,19,60.0,58.0,correct,60.0,1.0,61.0,0.9942154889025023,59.0,0.899773711265178,58.0,0.9999999999999997,59.0,0.9608824353066618,57.0,0.9297135901534472,40_3,40,3,natural,83.079574585,75.1076278687,23.0873603325,0,449.607347199,0.30417200923
UBFC_A1/Eval_On_COHFACE,COHFACE,old,COHFACE_s40_session3_natural,20,61.0,61.0,correct,61.0,1.0,60.0,0.9444071874388572,61.99999999999999,0.9365632635095256,61.0,0.9999999999999999,61.99999999999999,0.9952616534102487,60.0,0.8640416555430193,40_3,40,3,natural,83.079574585,75.1076278687,23.0873603325,0,449.607347199,0.30417200923
UBFC_A1/Eval_On_COHFACE,COHFACE,old,COHFACE_s40_session3_natural,21,61.99999999999999,63.0,correct,61.99999999999999,1.0,61.0,0.9793907658092328,63.0,0.9001473537607163,63.0,0.9999999999999998,61.99999999999999,0.9838143942201399,64.0,0.911733696489652,40_3,40,3,natural,83.079574585,75.1076278687,23.0873603325,0,449.607347199,0.30417200923
UBFC_A1/Eval_On_COHFACE,COHFACE,old,COHFACE_s40_session3_natural,22,61.99999999999999,63.0,correct,61.99999999999999,1.0,63.0,0.9760921826862125,61.0,0.9048786930718772,63.0,0.9999999999999998,64.0,0.9752900401586705,61.99999999999999,0.9483899470700542,40_3,40,3,natural,83.079574585,75.1076278687,23.0873603325,0,449.607347199,0.30417200923
UBFC_A1/Eval_On_COHFACE,COHFACE,old,COHFACE_s40_session3_natural,23,63.0,61.0,correct,63.0,1.0,61.99999999999999,0.9684761676482972,64.0,0.9183242095770392,61.0,0.9999999999999998,61.99999999999999,0.9976245851922373,60.0,0.939667902248213,40_3,40,3,natural,83.079574585,75.1076278687,23.0873603325,0,449.607347199,0.30417200923
UBFC_A1/Eval_On_COHFACE,COHFACE,old,COHFACE_s40_session3_natural,24,63.0,63.0,correct,63.0,1.0,61.99999999999999,0.9522809218009686,64.0,0.9316184267943379,63.0,0.9999999999999997,61.99999999999999,0.9901837666645114,64.0,0.9661433502486474,40_3,40,3,natural,83.079574585,75.1076278687,23.0873603325,0,449.607347199,0.30417200923
UBFC_A1/Eval_On_COHFACE,COHFACE,old,COHFACE_s40_session3_natural,25,63.0,64.0,correct,63.0,1.0,61.99999999999999,0.9897526521027022,64.0,0.8961340449416663,64.0,0.9999999999999997,65.0,0.9942365021523828,63.0,0.9669447137721691,40_3,40,3,natural,83.079574585,75.1076278687,23.0873603325,0,449.607347199,0.30417200923
UBFC_A1/Eval_On_COHFACE,COHFACE,old,COHFACE_s40_session3_natural,26,61.99999999999999,69.0,large_error,61.99999999999999,1.0,63.0,0.9536995130569876,61.0,0.9364584533412494,69.0,0.9999999999999996,68.0,0.9744704665494708,70.0,0.9198365217172478,40_3,40,3,natural,83.079574585,75.1076278687,23.0873603325,0,449.607347199,0.30417200923
UBFC_A1/Eval_On_COHFACE,COHFACE,old,COHFACE_s40_session3_natural,27,61.99999999999999,81.0,super_harmonic_1p5x,61.99999999999999,1.0,63.0,0.9878656816935195,61.0,0.9014347437422222,81.0,0.9999999999999998,80.0,0.9457415313498022,82.0,0.8867594859588819,40_3,40,3,natural,83.079574585,75.1076278687,23.0873603325,0,449.607347199,0.30417200923
UBFC_A1/Eval_On_COHFACE,COHFACE,old,COHFACE_s40_session3_natural,28,63.0,80.0,super_harmonic_1p5x,63.0,1.0,64.0,0.950049190796887,61.99999999999999,0.9307729854680221,80.0,0.9999999999999998,81.0,0.9913462338231102,79.0,0.8724633383999851,40_3,40,3,natural,83.079574585,75.1076278687,23.0873603325,0,449.607347199,0.30417200923
UBFC_A1/Eval_On_COHFACE,COHFACE,old,COHFACE_s40_session3_natural,29,64.0,66.0,correct,64.0,1.0,63.0,0.98704509917793,65.0,0.8986318075017262,66.0,0.9999999999999998,67.0,0.9654898477974733,65.0,0.9550981034367462,40_3,40,3,natural,83.079574585,75.1076278687,23.0873603325,0,449.607347199,0.30417200923
UBFC_A1/Eval_On_COHFACE,COHFACE,old,COHFACE_s40_session3_natural,30,64.0,67.0,correct,64.0,1.0,63.0,0.9763125207929625,65.0,0.9143710859892334,67.0,0.9999999999999999,68.0,0.9637808459692584,66.0,0.9423735282112754,40_3,40,3,natural,83.079574585,75.1076278687,23.0873603325,0,449.607347199,0.30417200923
UBFC_A1/Eval_On_COHFACE,COHFACE,old,COHFACE_s40_session3_natural,31,64.0,68.0,large_error,64.0,1.0,63.0,0.9986191825921219,65.0,0.8960756792846045,68.0,0.9999999999999999,67.0,0.9791383486562357,69.0,0.9496673807400267,40_3,40,3,natural,83.079574585,75.1076278687,23.0873603325,0,449.607347199,0.30417200923
UBFC_A1/Eval_On_COHFACE,COHFACE,old,COHFACE_s40_session3_natural,32,63.0,67.0,large_error,63.0,1.0,64.0,0.9518354106652107,61.99999999999999,0.9440640769018336,67.0,0.9999999999999998,68.0,0.9766074833923587,66.0,0.8999643399087134,40_3,40,3,natural,83.079574585,75.1076278687,23.0873603325,0,449.607347199,0.30417200923
UBFC_A1/Eval_On_COHFACE,COHFACE,old,COHFACE_s40_session3_natural,33,61.99999999999999,56.0,large_error,61.99999999999999,1.0,63.0,0.9593673445912176,61.0,0.940377567854274,56.0,0.9999999999999998,57.0,0.9784352902960652,55.0,0.8714416268857775,40_3,40,3,natural,83.079574585,75.1076278687,23.0873603325,0,449.607347199,0.30417200923
UBFC_A1/Eval_On_COHFACE,COHFACE,old,COHFACE_s40_session3_natural,34,61.0,60.0,correct,61.0,1.0,61.99999999999999,0.9888019419339013,60.0,0.9063836536723509,60.0,0.9999999999999999,59.0,0.9922190216684519,61.0,0.9315789746441056,40_3,40,3,natural,83.079574585,75.1076278687,23.0873603325,0,449.607347199,0.30417200923
UBFC_A1/Eval_On_COHFACE,COHFACE,old,COHFACE_s40_session3_natural,35,61.99999999999999,59.0,correct,61.99999999999999,1.0,61.0,0.9915015041725747,63.0,0.8941745353570186,59.0,0.9999999999999998,60.0,0.9794973199616975,58.0,0.9121247793115667,40_3,40,3,natural,83.079574585,75.1076278687,23.0873603325,0,449.607347199,0.30417200923
UBFC_A1/Eval_On_COHFACE,COHFACE,old,COHFACE_s40_session3_natural,36,61.99999999999999,60.0,correct,61.99999999999999,1.0,63.0,0.9838952185377381,61.0,0.8991548677730891,60.0,0.9999999999999999,61.0,0.9609098191126142,59.0,0.9134073922764483,40_3,40,3,natural,83.079574585,75.1076278687,23.0873603325,0,449.607347199,0.30417200923
UBFC_A1/Eval_On_COHFACE,COHFACE,old,COHFACE_s40_session3_natural,37,63.0,58.0,large_error,63.0,1.0,64.0,0.9646651674756179,61.99999999999999,0.9136214824595783,58.0,0.9999999999999994,59.0,0.9429645666533023,57.0,0.9146436071711271,40_3,40,3,natural,83.079574585,75.1076278687,23.0873603325,0,449.607347199,0.30417200923
UBFC_A1/Eval_On_COHFACE,COHFACE,old,COHFACE_s40_session3_natural,38,64.0,46.0,large_error,64.0,1.0,63.0,0.9729423891041934,65.0,0.9111382213964447,46.0,0.9999999999999996,45.0,0.956120842284233,47.0,0.9420175570108809,40_3,40,3,natural,83.079574585,75.1076278687,23.0873603325,0,449.607347199,0.30417200923
UBFC_A1/Eval_On_COHFACE,COHFACE,old,COHFACE_s40_session3_natural,39,64.0,47.0,large_error,64.0,1.0,65.0,0.9556804438841515,63.0,0.9288574329853535,47.0,0.9999999999999997,46.0,0.9457922883191584,48.0,0.9317853798750508,40_3,40,3,natural,83.079574585,75.1076278687,23.0873603325,0,449.607347199,0.30417200923
UBFC_A1/Eval_On_COHFACE,COHFACE,old,COHFACE_s40_session3_natural,40,64.0,51.0,large_error,64.0,1.0,65.0,0.9753724398329218,63.0,0.9057596327759115,51.0,0.9999999999999996,52.0,0.9677648659961402,50.0,0.9656516466346476,40_3,40,3,natural,83.079574585,75.1076278687,23.0873603325,0,449.607347199,0.30417200923
UBFC_A1/Eval_On_COHFACE,COHFACE,old,COHFACE_s40_session3_natural,41,64.0,51.0,large_error,64.0,1.0,63.0,0.9490932547132731,65.0,0.9320577789601795,51.0,0.9999999999999998,52.0,0.9943991457431729,50.0,0.9380247877298481,40_3,40,3,natural,83.079574585,75.1076278687,23.0873603325,0,449.607347199,0.30417200923
UBFC_A1/Eval_On_COHFACE,COHFACE,old,COHFACE_s40_session3_natural,42,63.0,52.0,large_error,63.0,1.0,64.0,0.9591820060957795,61.99999999999999,0.9208188017017872,52.0,0.9999999999999997,51.0,0.9765591811884099,53.0,0.9455552605357375,40_3,40,3,natural,83.079574585,75.1076278687,23.0873603325,0,449.607347199,0.30417200923
UBFC_A1/Eval_On_COHFACE,COHFACE,old,COHFACE_s40_session3_natural,43,63.0,53.0,large_error,63.0,1.0,61.99999999999999,0.999808383410372,64.0,0.8818428885255647,53.0,0.9999999999999994,52.0,0.9968018528669531,50.0,0.9915327504443495,40_3,40,3,natural,83.079574585,75.1076278687,23.0873603325,0,449.607347199,0.30417200923
UBFC_A1/Eval_On_COHFACE,COHFACE,old,COHFACE_s40_session3_natural,44,61.99999999999999,82.0,super_harmonic_1p5x,61.99999999999999,1.0,63.0,0.944373088049677,61.0,0.935764437389603,82.0,0.9999999999999992,81.0,0.968904898504466,57.0,0.9646814369825736,40_3,40,3,natural,83.079574585,75.1076278687,23.0873603325,0,449.607347199,0.30417200923
UBFC_A1/Eval_On_COHFACE,COHFACE,old,COHFACE_s40_session3_natural,45,61.99999999999999,81.0,super_harmonic_1p5x,61.99999999999999,1.0,61.0,0.9963449694862756,63.0,0.8915673013475874,81.0,0.9999999999999998,80.0,0.977062399487229,82.0,0.890687193341779,40_3,40,3,natural,83.079574585,75.1076278687,23.0873603325,0,449.607347199,0.30417200923
UBFC_A1/Eval_On_COHFACE,COHFACE,old,COHFACE_s40_session3_natural,46,61.0,81.0,super_harmonic_1p5x,61.0,1.0,61.99999999999999,0.9484561761818027,60.0,0.9418528963449405,81.0,0.9999999999999998,80.0,0.9700463136672561,82.0,0.9187824250409949,40_3,40,3,natural,83.079574585,75.1076278687,23.0873603325,0,449.607347199,0.30417200923
UBFC_A1/Eval_On_COHFACE,COHFACE,old,COHFACE_s40_session3_natural,47,61.0,77.0,super_harmonic_1p5x,61.0,1.0,61.99999999999999,0.9519957991533861,60.0,0.9378255800788406,77.0,0.9999999999999996,78.0,0.9810841283771583,42.0,0.9388274102063326,40_3,40,3,natural,83.079574585,75.1076278687,23.0873603325,0,449.607347199,0.30417200923
UBFC_A1/Eval_On_COHFACE,COHFACE,old,COHFACE_s40_session3_natural,48,61.99999999999999,81.0,super_harmonic_1p5x,61.99999999999999,1.0,61.0,0.9647312963996552,63.0,0.9210961259605053,81.0,0.9999999999999998,80.0,0.9672977295415689,82.0,0.9327685684169249,40_3,40,3,natural,83.079574585,75.1076278687,23.0873603325,0,449.607347199,0.30417200923
UBFC_A1/Eval_On_COHFACE,COHFACE,old,COHFACE_s40_session3_natural,49,63.0,82.0,super_harmonic_1p5x,63.0,1.0,61.99999999999999,0.9601747829525349,64.0,0.9244094505244392,82.0,0.9999999999999996,81.0,0.9909732478494548,83.0,0.9270962070331278,40_3,40,3,natural,83.079574585,75.1076278687,23.0873603325,0,449.607347199,0.30417200923
UBFC_A1/Eval_On_COHFACE,COHFACE,old,COHFACE_s40_session3_natural,50,64.0,44.0,large_error,64.0,1.0,63.0,0.9826380701704817,65.0,0.904328686432427,44.0,0.9999999999999997,43.0,0.9693548591456204,45.0,0.9485588505013396,40_3,40,3,natural,83.079574585,75.1076278687,23.0873603325,0,449.607347199,0.30417200923
