recording_id,measurement_id,sample_index,time_seconds,gt_signal,predicted_signal
COHFACE_s10_session0_lamp,0,0,0.0,-5.692084789276123,0.01530570108690706
COHFACE_s10_session0_lamp,0,1,0.03333333333333333,-4.066034317016602,0.3473443252986073
COHFACE_s10_session0_lamp,0,2,0.06666666666666667,-0.0542064793407917,0.624279333051742
COHFACE_s10_session0_lamp,0,3,0.1,0.45887765288352966,0.8032041783583967
COHFACE_s10_session0_lamp,0,4,0.13333333333333333,-0.3445090651512146,0.8662750137082101
COHFACE_s10_session0_lamp,0,5,0.16666666666666666,-0.4956563115119934,0.8220726148429194
COHFACE_s10_session0_lamp,0,6,0.2,-0.6736523509025574,0.6953225843152963
COHFACE_s10_session0_lamp,0,7,0.23333333333333334,-0.9326040148735046,0.5147956153580231
COHFACE_s10_session0_lamp,0,8,0.26666666666666666,-1.0758726596832275,0.30603570920848955
COHFACE_s10_session0_lamp,0,9,0.3,-1.171910285949707,0.09080291541027712
COHFACE_s10_session0_lamp,0,10,0.3333333333333333,-1.2614710330963135,-0.11014330711531559
COHFACE_s10_session0_lamp,0,11,0.36666666666666664,-1.3347834348678589,-0.27842494938901435
COHFACE_s10_session0_lamp,0,12,0.4,-1.2984086275100708,-0.4039199805145349
COHFACE_s10_session0_lamp,0,13,0.43333333333333335,-0.6480621099472046,-0.48812699202999493
COHFACE_s10_session0_lamp,0,14,0.4666666666666667,0.5152764916419983,-0.540983117721329
COHFACE_s10_session0_lamp,0,15,0.5,1.0935794115066528,-0.5712494404213302
COHFACE_s10_session0_lamp,0,16,0.5333333333333333,0.8857161402702332,-0.5770970330677492
COHFACE_s10_session0_lamp,0,17,0.5666666666666667,0.39997196197509766,-0.5483421231821152
COHFACE_s10_session0_lamp,0,18,0.6,-0.059455499053001404,-0.4783357348780332
COHFACE_s10_session0_lamp,0,19,0.6333333333333333,-0.3993730843067169,-0.37061631748234236
COHFACE_s10_session0_lamp,0,20,0.6666666666666666,-0.4900798499584198,-0.2349088607017567
COHFACE_s10_session0_lamp,0,21,0.7,-0.3429640233516693,-0.07798656176560913
COHFACE_s10_session0_lamp,0,22,0.7333333333333333,-0.22301417589187622,0.10228403995152827
COHFACE_s10_session0_lamp,0,23,0.7666666666666667,-0.2776428759098053,0.31088430546496537
COHFACE_s10_session0_lamp,0,24,0.8,-0.4503387212753296,0.541449624428515
COHFACE_s10_session0_lamp,0,25,0.8333333333333334,-0.6640751957893372,0.7695608654768187
COHFACE_s10_session0_lamp,0,26,0.8666666666666667,-0.8724091053009033,0.9579975626616014
COHFACE_s10_session0_lamp,0,27,0.9,-1.0412986278533936,1.0661710826010056
COHFACE_s10_session0_lamp,0,28,0.9333333333333333,-1.1687792539596558,1.0598396462234905
COHFACE_s10_session0_lamp,0,29,0.9666666666666667,-1.2676717042922974,0.9219235840361258
COHFACE_s10_session0_lamp,0,30,1.0,-1.3433783054351807,0.6614191791984014
COHFACE_s10_session0_lamp,0,31,1.0333333333333334,-1.4002375602722168,0.31403424960401993
COHFACE_s10_session0_lamp,0,32,1.0666666666666667,-1.4610464572906494,-0.06670417780982346
COHFACE_s10_session0_lamp,0,33,1.1,-1.4128741025924683,-0.42362014284475463
COHFACE_s10_session0_lamp,0,34,1.1333333333333333,-0.7289767861366272,-0.7103651383328043
COHFACE_s10_session0_lamp,0,35,1.1666666666666667,0.39309605956077576,-0.90145237766939
COHFACE_s10_session0_lamp,0,36,1.2,0.912350058555603,-0.9957439471854648
COHFACE_s10_session0_lamp,0,37,1.2333333333333334,0.7424271106719971,-1.0141318737889984
COHFACE_s10_session0_lamp,0,38,1.2666666666666666,0.3597908616065979,-0.9904758496516469
COHFACE_s10_session0_lamp,0,39,1.3,0.02729147858917713,-0.953632490187729
COHFACE_s10_session0_lamp,0,40,1.3333333333333333,-0.21243427693843842,-0.9087774318079538
COHFACE_s10_session0_lamp,0,41,1.3666666666666667,-0.28295329213142395,-0.8348005581113017
COHFACE_s10_session0_lamp,0,42,1.4,-0.1837744116783142,-0.6997204784840603
COHFACE_s10_session0_lamp,0,43,1.4333333333333333,-0.09586098790168762,-0.480715254525483
COHFACE_s10_session0_lamp,0,44,1.4666666666666666,-0.13776107132434845,-0.17841056372644754
COHFACE_s10_session0_lamp,0,45,1.5,-0.2889696955680847,0.17949417945020107
COHFACE_s10_session0_lamp,0,46,1.5333333333333334,-0.491993248462677,0.5454893074215985
COHFACE_s10_session0_lamp,0,47,1.5666666666666667,-0.689573347568512,0.866074282512069
COHFACE_s10_session0_lamp,0,48,1.6,-0.8519962430000305,1.0972496257678135
COHFACE_s10_session0_lamp,0,49,1.6333333333333333,-0.9743403792381287,1.2171707683166695
COHFACE_s10_session0_lamp,0,50,1.6666666666666667,-1.0602586269378662,1.2312498137035437
COHFACE_s10_session0_lamp,0,51,1.7,-1.1230114698410034,1.16571617753083
COHFACE_s10_session0_lamp,0,52,1.7333333333333334,-1.1865829229354858,1.051713111542476
COHFACE_s10_session0_lamp,0,53,1.7666666666666666,-1.2345404624938965,0.9077350766517168
COHFACE_s10_session0_lamp,0,54,1.8,-0.9972499012947083,0.7294583735622691
COHFACE_s10_session0_lamp,0,55,1.8333333333333333,-0.08458531647920609,0.49517413911412816
COHFACE_s10_session0_lamp,0,56,1.8666666666666667,0.8044944405555725,0.18546930772220532
COHFACE_s10_session0_lamp,0,57,1.9,0.9518558382987976,-0.19361079496789324
COHFACE_s10_session0_lamp,0,58,1.9333333333333333,0.6647456884384155,-0.5979244902762717
COHFACE_s10_session0_lamp,0,59,1.9666666666666666,0.3683652877807617,-0.9569412367712045
COHFACE_s10_session0_lamp,0,60,2.0,0.15504835546016693,-1.204088797972542
COHFACE_s10_session0_lamp,0,61,2.033333333333333,0.007410683203488588,-1.301826917062264
COHFACE_s10_session0_lamp,0,62,2.066666666666667,-0.015570410527288914,-1.2487132808233248
COHFACE_s10_session0_lamp,0,63,2.1,0.04669136926531792,-1.0698644739436611
COHFACE_s10_session0_lamp,0,64,2.1333333333333333,0.06305234879255295,-0.7998401376187052
COHFACE_s10_session0_lamp,0,65,2.1666666666666665,-0.03588094934821129,-0.4721078761919349
COHFACE_s10_session0_lamp,0,66,2.2,-0.21404069662094116,-0.11852997848204362
COHFACE_s10_session0_lamp,0,67,2.2333333333333334,-0.40770193934440613,0.22901162219564963
COHFACE_s10_session0_lamp,0,68,2.2666666666666666,-0.5872020721435547,0.5392638545597207
COHFACE_s10_session0_lamp,0,69,2.3,-0.7403548359870911,0.7841202543949833
COHFACE_s10_session0_lamp,0,70,2.3333333333333335,-0.8534185290336609,0.9412423748989007
COHFACE_s10_session0_lamp,0,71,2.3666666666666667,-0.9258509278297424,0.9941610990729413
COHFACE_s10_session0_lamp,0,72,2.4,-0.9867825508117676,0.9312759585885255
COHFACE_s10_session0_lamp,0,73,2.433333333333333,-1.043652057647705,0.7487638847786089
COHFACE_s10_session0_lamp,0,74,2.466666666666667,-1.1051771640777588,0.45774447053569695
COHFACE_s10_session0_lamp,0,75,2.5,-1.0850712060928345,0.09111650236326077
COHFACE_s10_session0_lamp,0,76,2.533333333333333,-0.5011202096939087,-0.29598283049034263
COHFACE_s10_session0_lamp,0,77,2.566666666666667,0.5704168081283569,-0.6379796967213929
COHFACE_s10_session0_lamp,0,78,2.6,1.1042309999465942,-0.8795020927410534
COHFACE_s10_session0_lamp,0,79,2.6333333333333333,0.9442023038864136,-0.9926872371164843
COHFACE_s10_session0_lamp,0,80,2.6666666666666665,0.6010616421699524,-0.9823262377759431
COHFACE_s10_session0_lamp,0,81,2.7,0.3471747934818268,-0.8754232789807814
COHFACE_s10_session0_lamp,0,82,2.7333333333333334,0.16670261323451996,-0.7024264470900378
COHFACE_s10_session0_lamp,0,83,2.7666666666666666,0.07762273401021957,-0.48621138069551334
COHFACE_s10_session0_lamp,0,84,2.8,0.11158277094364166,-0.2428348788469807
COHFACE_s10_session0_lamp,0,85,2.8333333333333335,0.16190379858016968,0.014757507544351848
COHFACE_s10_session0_lamp,0,86,2.8666666666666667,0.11742524802684784,0.2750583500290175
COHFACE_s10_session0_lamp,0,87,2.9,-0.02185286395251751,0.5280747859720244
COHFACE_s10_session0_lamp,0,88,2.933333333333333,-0.20717501640319824,0.7644773471219632
COHFACE_s10_session0_lamp,0,89,2.966666666666667,-0.4014297127723694,0.9696699209189034
COHFACE_s10_session0_lamp,0,90,3.0,-0.5758240818977356,1.1170871225801053
COHFACE_s10_session0_lamp,0,91,3.033333333333333,-0.7177318334579468,1.1723845888536057
COHFACE_s10_session0_lamp,0,92,3.066666666666667,-0.8197347521781921,1.108851176528716
COHFACE_s10_session0_lamp,0,93,3.1,-0.8862530589103699,0.922723735927795
COHFACE_s10_session0_lamp,0,94,3.1333333333333333,-0.9381702542304993,0.6393397499922399
COHFACE_s10_session0_lamp,0,95,3.1666666666666665,-1.0012198686599731,0.3055374852901439
COHFACE_s10_session0_lamp,0,96,3.2,-1.0704292058944702,-0.02781311249043159
COHFACE_s10_session0_lamp,0,97,3.2333333333333334,-1.0073692798614502,-0.32170451792606003
COHFACE_s10_session0_lamp,0,98,3.2666666666666666,-0.33702945709228516,-0.5559768087473957
COHFACE_s10_session0_lamp,0,99,3.3,0.6512189507484436,-0.7258093768520898
COHFACE_s10_session0_lamp,0,100,3.3333333333333335,1.0097280740737915,-0.8320967944442623
COHFACE_s10_session0_lamp,0,101,3.3666666666666667,0.7594122290611267,-0.8748039058966314
COHFACE_s10_session0_lamp,0,102,3.4,0.3877856433391571,-0.852847356574721
COHFACE_s10_session0_lamp,0,103,3.433333333333333,0.10212839394807816,-0.7676858587745702
COHFACE_s10_session0_lamp,0,104,3.466666666666667,-0.0854141116142273,-0.6266420953767006
COHFACE_s10_session0_lamp,0,105,3.5,-0.13042472302913666,-0.44195582222518454
COHFACE_s10_session0_lamp,0,106,3.533333333333333,-0.03843895345926285,-0.22753237963971282
COHFACE_s10_session0_lamp,0,107,3.566666666666667,0.031056856736540794,-0.0006927134644092343
COHFACE_s10_session0_lamp,0,108,3.6,-0.026334485039114952,0.21241038849752886
COHFACE_s10_session0_lamp,0,109,3.6333333333333333,-0.18209636211395264,0.37736053078934045
COHFACE_s10_session0_lamp,0,110,3.6666666666666665,-0.36990490555763245,0.4611006703817113
COHFACE_s10_session0_lamp,0,111,3.7,-0.5461717247962952,0.44607273682338794
COHFACE_s10_session0_lamp,0,112,3.7333333333333334,-0.6915686130523682,0.3407527866025929
COHFACE_s10_session0_lamp,0,113,3.7666666666666666,-0.8035886287689209,0.17685632819466246
COHFACE_s10_session0_lamp,0,114,3.8,-0.8890463709831238,-0.005384298681842838
COHFACE_s10_session0_lamp,0,115,3.8333333333333335,-0.9510318636894226,-0.17166866538471057
COHFACE_s10_session0_lamp,0,116,3.8666666666666667,-1.0120657682418823,-0.30043978923196746
COHFACE_s10_session0_lamp,0,117,3.9,-1.0791468620300293,-0.3812529319810037
COHFACE_s10_session0_lamp,0,118,3.933333333333333,-1.0412474870681763,-0.4087734325891061
COHFACE_s10_session0_lamp,0,119,3.966666666666667,-0.45360273122787476,-0.38010865432917307
COHFACE_s10_session0_lamp,0,120,4.0,0.46645957231521606,-0.2972377200862193
COHFACE_s10_session0_lamp,0,121,4.033333333333333,0.8148390054702759,-0.16993025933086844
COHFACE_s10_session0_lamp,0,122,4.066666666666666,0.5667946338653564,-0.015157391729905326
COHFACE_s10_session0_lamp,0,123,4.1,0.19206775724887848,0.1492105376869815
COHFACE_s10_session0_lamp,0,124,4.133333333333334,-0.09867478907108307,0.31204909397631636
COHFACE_s10_session0_lamp,0,125,4.166666666666667,-0.290606826543808,0.4681608811617196
COHFACE_s10_session0_lamp,0,126,4.2,-0.331268846988678,0.6098734121270619
COHFACE_s10_session0_lamp,0,127,4.233333333333333,-0.2171103060245514,0.7223894387279238
COHFACE_s10_session0_lamp,0,128,4.266666666666667,-0.1156599298119545,0.787093831077018
COHFACE_s10_session0_lamp,0,129,4.3,-0.1509910523891449,0.788750124710615
COHFACE_s10_session0_lamp,0,130,4.333333333333333,-0.2928578853607178,0.7217471323546115
COHFACE_s10_session0_lamp,0,131,4.366666666666666,-0.4629650413990021,0.591032903874396
COHFACE_s10_session0_lamp,0,132,4.4,-0.621407687664032,0.4085422945471482
COHFACE_s10_session0_lamp,0,133,4.433333333333334,-0.7524899840354919,0.1907764218273426
COHFACE_s10_session0_lamp,0,134,4.466666666666667,-0.8458161354064941,-0.041742120993464096
COHFACE_s10_session0_lamp,0,135,4.5,-0.9116386771202087,-0.26747073714695874
COHFACE_s10_session0_lamp,0,136,4.533333333333333,-0.9748622179031372,-0.46946078793771895
COHFACE_s10_session0_lamp,0,137,4.566666666666666,-1.02730131149292,-0.6393670557643196
COHFACE_s10_session0_lamp,0,138,4.6,-1.0686795711517334,-0.7764649133854254
COHFACE_s10_session0_lamp,0,139,4.633333333333334,-0.9072490930557251,-0.8800547718887363
COHFACE_s10_session0_lamp,0,140,4.666666666666667,-0.20854611694812775,-0.9398694162730823
COHFACE_s10_session0_lamp,0,141,4.7,0.514989972114563,-0.9342165728144454
COHFACE_s10_session0_lamp,0,142,4.733333333333333,0.6205741167068481,-0.838802773618378
COHFACE_s10_session0_lamp,0,143,4.766666666666667,0.3133375346660614,-0.6415274745799491
COHFACE_s10_session0_lamp,0,144,4.8,-0.03351735696196556,-0.35555149307733835
COHFACE_s10_session0_lamp,0,145,4.833333333333333,-0.30733615159988403,-0.0217425072902525
COHFACE_s10_session0_lamp,0,146,4.866666666666666,-0.45589470863342285,0.3020433812749728
COHFACE_s10_session0_lamp,0,147,4.9,-0.40386494994163513,0.5603327421241192
COHFACE_s10_session0_lamp,0,148,4.933333333333334,-0.247437983751297,0.7192346328994816
COHFACE_s10_session0_lamp,0,149,4.966666666666667,-0.1700328290462494,0.7742853561300129
COHFACE_s10_session0_lamp,0,150,5.0,-0.22926592826843262,0.7440934229585902
COHFACE_s10_session0_lamp,0,151,5.033333333333333,-0.35681816935539246,0.655840324737218
COHFACE_s10_session0_lamp,0,152,5.066666666666666,-0.5020512938499451,0.5313158371279061
COHFACE_s10_session0_lamp,0,153,5.1,-0.6338089108467102,0.38266538775563724
COHFACE_s10_session0_lamp,0,154,5.133333333333334,-0.7351876497268677,0.2168304367401483
COHFACE_s10_session0_lamp,0,155,5.166666666666667,-0.8196017146110535,0.03802132863941392
COHFACE_s10_session0_lamp,0,156,5.2,-0.8930675387382507,-0.15338604709376016
COHFACE_s10_session0_lamp,0,157,5.233333333333333,-0.948545515537262,-0.3576969496439162
COHFACE_s10_session0_lamp,0,158,5.266666666666667,-0.9408612847328186,-0.566822242407762
COHFACE_s10_session0_lamp,0,159,5.3,-0.5564855933189392,-0.7545286550532724
COHFACE_s10_session0_lamp,0,160,5.333333333333333,0.2756325900554657,-0.8745936035713172
COHFACE_s10_session0_lamp,0,161,5.366666666666666,0.807768702507019,-0.8764530311282724
COHFACE_s10_session0_lamp,0,162,5.4,0.7308751344680786,-0.732284025812904
COHFACE_s10_session0_lamp,0,163,5.433333333333334,0.39568474888801575,-0.45503425178127066
COHFACE_s10_session0_lamp,0,164,5.466666666666667,0.07627210766077042,-0.09687861073684984
COHFACE_s10_session0_lamp,0,165,5.5,-0.16035334765911102,0.2698916591647429
COHFACE_s10_session0_lamp,0,166,5.533333333333333,-0.24333494901657104,0.5798747114692224
COHFACE_s10_session0_lamp,0,167,5.566666666666666,-0.14714382588863373,0.7943647212093058
COHFACE_s10_session0_lamp,0,168,5.6,0.0011691572144627571,0.9064718549659473
COHFACE_s10_session0_lamp,0,169,5.633333333333334,0.03569195792078972,0.9331629547737692
COHFACE_s10_session0_lamp,0,170,5.666666666666667,-0.05967037007212639,0.9000332570488029
COHFACE_s10_session0_lamp,0,171,5.7,-0.20888376235961914,0.8273310831061738
COHFACE_s10_session0_lamp,0,172,5.733333333333333,-0.36476844549179077,0.7222478956416183
COHFACE_s10_session0_lamp,0,173,5.766666666666667,-0.4951651692390442,0.5780511759507372
COHFACE_s10_session0_lamp,0,174,5.8,-0.5998283624649048,0.38025510150205344
COHFACE_s10_session0_lamp,0,175,5.833333333333333,-0.6888877749443054,0.11961433586188089
COHFACE_s10_session0_lamp,0,176,5.866666666666666,-0.76513671875,-0.19325938533679438
COHFACE_s10_session0_lamp,0,177,5.9,-0.7704676389694214,-0.5208155295841204
COHFACE_s10_session0_lamp,0,178,5.933333333333334,-0.35178402066230774,-0.8046425479102642
COHFACE_s10_session0_lamp,0,179,5.966666666666667,0.5921598076820374,-0.9853222883777745
COHFACE_s10_session0_lamp,0,180,6.0,1.2346277236938477,-1.0273660875022381
COHFACE_s10_session0_lamp,0,181,6.033333333333333,1.1933619976043701,-0.9331071817916364
COHFACE_s10_session0_lamp,0,182,6.066666666666666,0.8493311405181885,-0.7388118520165213
COHFACE_s10_session0_lamp,0,183,6.1,0.5237997174263,-0.49718813987336585
COHFACE_s10_session0_lamp,0,184,6.133333333333334,0.2863045632839203,-0.2560150180197749
COHFACE_s10_session0_lamp,0,185,6.166666666666667,0.18108882009983063,-0.04582611325138715
COHFACE_s10_session0_lamp,0,186,6.2,0.25873953104019165,0.12013951823751085
COHFACE_s10_session0_lamp,0,187,6.233333333333333,0.3772875964641571,0.24067965659140073
COHFACE_s10_session0_lamp,0,188,6.266666666666667,0.3845318555831909,0.3210673809676413
COHFACE_s10_session0_lamp,0,189,6.3,0.2705574929714203,0.3688676987542243
COHFACE_s10_session0_lamp,0,190,6.333333333333333,0.09411673247814178,0.39069199248965286
COHFACE_s10_session0_lamp,0,191,6.366666666666666,-0.09460245072841644,0.38770960160459533
COHFACE_s10_session0_lamp,0,192,6.4,-0.2529018819332123,0.35216539282919157
COHFACE_s10_session0_lamp,0,193,6.433333333333334,-0.37497997283935547,0.27106936206990323
COHFACE_s10_session0_lamp,0,194,6.466666666666667,-0.4754583239555359,0.1367306071991391
COHFACE_s10_session0_lamp,0,195,6.5,-0.5630852580070496,-0.04277732550880159
COHFACE_s10_session0_lamp,0,196,6.533333333333333,-0.6329903602600098,-0.23971982104621273
COHFACE_s10_session0_lamp,0,197,6.566666666666666,-0.48760372400283813,-0.4138581180842922
COHFACE_s10_session0_lamp,0,198,6.6,0.3431229293346405,-0.5274610093520945
COHFACE_s10_session0_lamp,0,199,6.633333333333334,1.3742332458496094,-0.558001343580997
COHFACE_s10_session0_lamp,0,200,6.666666666666667,1.7127183675765991,-0.5022803323640207
COHFACE_s10_session0_lamp,0,201,6.7,1.462484359741211,-0.3710779684465008
COHFACE_s10_session0_lamp,0,202,6.733333333333333,1.1008236408233643,-0.17953629952908942
COHFACE_s10_session0_lamp,0,203,6.766666666666667,0.8276597261428833,0.05685139354400458
COHFACE_s10_session0_lamp,0,204,6.8,0.6365155577659607,0.3186942920356532
COHFACE_s10_session0_lamp,0,205,6.833333333333333,0.5651472806930542,0.578021947114827
COHFACE_s10_session0_lamp,0,206,6.866666666666666,0.6258231401443481,0.7980620564598828
COHFACE_s10_session0_lamp,0,207,6.9,0.6728903651237488,0.9406609318685625
COHFACE_s10_session0_lamp,0,208,6.933333333333334,0.5924667716026306,0.9783314133148665
COHFACE_s10_session0_lamp,0,209,6.966666666666667,0.41056209802627563,0.9023658818098667
COHFACE_s10_session0_lamp,0,210,7.0,0.19249750673770905,0.7234395108660799
COHFACE_s10_session0_lamp,0,211,7.033333333333333,-0.02533174678683281,0.4669004582798344
COHFACE_s10_session0_lamp,0,212,7.066666666666666,-0.21367235481739044,0.16629437453795698
COHFACE_s10_session0_lamp,0,213,7.1,-0.35527312755584717,-0.14092205776654898
COHFACE_s10_session0_lamp,0,214,7.133333333333334,-0.4581559896469116,-0.41674066539207155
COHFACE_s10_session0_lamp,0,215,7.166666666666667,-0.5458954572677612,-0.6308923689845243
COHFACE_s10_session0_lamp,0,216,7.2,-0.6275162100791931,-0.7708969128179075
COHFACE_s10_session0_lamp,0,217,7.233333333333333,-0.6233927011489868,-0.8423226878248605
COHFACE_s10_session0_lamp,0,218,7.266666666666667,-0.03618790954351425,-0.8581308025303747
COHFACE_s10_session0_lamp,0,219,7.3,1.1118435859680176,-0.8267855876110483
COHFACE_s10_session0_lamp,0,220,7.333333333333333,1.7861841917037964,-0.7465917848089848
COHFACE_s10_session0_lamp,0,221,7.366666666666666,1.6845393180847168,-0.6096420784458494
COHFACE_s10_session0_lamp,0,222,7.4,1.3073158264160156,-0.4116575941234898
COHFACE_s10_session0_lamp,0,223,7.433333333333334,0.9920778870582581,-0.15793431892218038
COHFACE_s10_session0_lamp,0,224,7.466666666666667,0.763187825679779,0.1368514517730734
COHFACE_s10_session0_lamp,0,225,7.5,0.6343668103218079,0.4492619324687097
COHFACE_s10_session0_lamp,0,226,7.533333333333333,0.645724356174469,0.7466111646214972
COHFACE_s10_session0_lamp,0,227,7.566666666666666,0.6944082975387573,0.9885336097421885
COHFACE_s10_session0_lamp,0,228,7.6,0.6366076469421387,1.1326182376716745
COHFACE_s10_session0_lamp,0,229,7.633333333333334,0.4610263705253601,1.1442507000155415
COHFACE_s10_session0_lamp,0,230,7.666666666666667,0.22390978038311005,1.0081940905443167
COHFACE_s10_session0_lamp,0,231,7.7,-0.016143402084708214,0.7371612002407806
COHFACE_s10_session0_lamp,0,232,7.733333333333333,-0.23134303092956543,0.37215620657517007
COHFACE_s10_session0_lamp,0,233,7.766666666666667,-0.3942877948284149,-0.02981690856426241
COHFACE_s10_session0_lamp,0,234,7.8,-0.5106871128082275,-0.41572132052258287
COHFACE_s10_session0_lamp,0,235,7.833333333333333,-0.5994088649749756,-0.7508395786030795
COHFACE_s10_session0_lamp,0,236,7.866666666666666,-0.6798427104949951,-1.020154303316737
COHFACE_s10_session0_lamp,0,237,7.9,-0.7643591165542603,-1.2170745533600724
COHFACE_s10_session0_lamp,0,238,7.933333333333334,-0.7981861233711243,-1.3290365382501912
COHFACE_s10_session0_lamp,0,239,7.966666666666667,-0.3425035774707794,-1.3361759448968684
COHFACE_s10_session0_lamp,0,240,8.0,0.7735733389854431,-1.22417625442496
COHFACE_s10_session0_lamp,0,241,8.033333333333333,1.5696134567260742,-0.9970280945211364
COHFACE_s10_session0_lamp,0,242,8.066666666666666,1.5371267795562744,-0.6806175550799187
COHFACE_s10_session0_lamp,0,243,8.1,1.1360013484954834,-0.31559692992201177
COHFACE_s10_session0_lamp,0,244,8.133333333333333,0.7781163454055786,0.05599142833701215
COHFACE_s10_session0_lamp,0,245,8.166666666666666,0.5183358788490295,0.4009896637970451
COHFACE_s10_session0_lamp,0,246,8.2,0.38376444578170776,0.6984162789750252
COHFACE_s10_session0_lamp,0,247,8.233333333333333,0.41947418451309204,0.9381428825313782
COHFACE_s10_session0_lamp,0,248,8.266666666666667,0.5021078586578369,1.1173284613062944
COHFACE_s10_session0_lamp,0,249,8.3,0.4675646126270294,1.2362936927950445
COHFACE_s10_session0_lamp,0,250,8.333333333333334,0.2870412766933441,1.294720868567616
COHFACE_s10_session0_lamp,0,251,8.366666666666667,0.04679368808865547,1.2882092002890293
COHFACE_s10_session0_lamp,0,252,8.4,-0.1850329488515854,1.2068910281300194
COHFACE_s10_session0_lamp,0,253,8.433333333333334,-0.3895605802536011,1.039112231081626
COHFACE_s10_session0_lamp,0,254,8.466666666666667,-0.5524848699569702,0.7796585061174874
COHFACE_s10_session0_lamp,0,255,8.5,-0.670060932636261,0.4384661183766207
COHFACE_s10_session0_lamp,0,256,8.533333333333333,-0.7503003478050232,0.04526501159959387
COHFACE_s10_session0_lamp,0,257,8.566666666666666,-0.8163684010505676,-0.35384416127824764
COHFACE_s10_session0_lamp,0,258,8.6,-0.8817713856697083,-0.7071376774458118
COHFACE_s10_session0_lamp,0,259,8.633333333333333,-0.9577850103378296,-0.9699580384222184
COHFACE_s10_session0_lamp,0,260,8.666666666666666,-0.9060110449790955,-1.1143515564852093
COHFACE_s10_session0_lamp,0,261,8.7,-0.21017299592494965,-1.1320853507627568
COHFACE_s10_session0_lamp,0,262,8.733333333333333,0.9259074926376343,-1.0318370468361582
COHFACE_s10_session0_lamp,0,263,8.766666666666667,1.4727469682693481,-0.8353137982397
COHFACE_s10_session0_lamp,0,264,8.8,1.266889214515686,-0.5735700407564979
COHFACE_s10_session0_lamp,0,265,8.833333333333334,0.8421789407730103,-0.2810867829075156
COHFACE_s10_session0_lamp,0,266,8.866666666666667,0.49104708433151245,0.011811294074528318
COHFACE_s10_session0_lamp,0,267,8.9,0.2467987835407257,0.28451382734698255
COHFACE_s10_session0_lamp,0,268,8.933333333333334,0.18531464040279388,0.5259071606987075
COHFACE_s10_session0_lamp,0,269,8.966666666666667,0.29198333621025085,0.7255627034663891
COHFACE_s10_session0_lamp,0,270,9.0,0.3728366792201996,0.8622894251323512
COHFACE_s10_session0_lamp,0,271,9.033333333333333,0.29872623085975647,0.9033014568381521
COHFACE_s10_session0_lamp,0,272,9.066666666666666,0.095191091299057,0.8170414038377372
COHFACE_s10_session0_lamp,0,273,9.1,-0.14331704378128052,0.5915455660893544
COHFACE_s10_session0_lamp,0,274,9.133333333333333,-0.3692705035209656,0.24739018813702848
COHFACE_s10_session0_lamp,0,275,9.166666666666666,-0.5584808588027954,-0.1658964709001699
COHFACE_s10_session0_lamp,0,276,9.2,-0.7002044320106506,-0.5877991163243822
COHFACE_s10_session0_lamp,0,277,9.233333333333333,-0.7966411113739014,-0.9642817350828208
COHFACE_s10_session0_lamp,0,278,9.266666666666667,-0.8596702814102173,-1.2560747466458344
COHFACE_s10_session0_lamp,0,279,9.3,-0.9096741080284119,-1.4373179161508896
COHFACE_s10_session0_lamp,0,280,9.333333333333334,-0.966533362865448,-1.4905178313908398
COHFACE_s10_session0_lamp,0,281,9.366666666666667,-1.0311996936798096,-1.4083317574515886
COHFACE_s10_session0_lamp,0,282,9.4,-0.9808889031410217,-1.2012214894503377
COHFACE_s10_session0_lamp,0,283,9.433333333333334,-0.3308084011077881,-0.8988016781293682
COHFACE_s10_session0_lamp,0,284,9.466666666666667,0.7783107757568359,-0.5411038154406517
COHFACE_s10_session0_lamp,0,285,9.5,1.369690179824829,-0.16555629891559628
COHFACE_s10_session0_lamp,0,286,9.533333333333333,1.211830735206604,0.20294022706442902
COHFACE_s10_session0_lamp,0,287,9.566666666666666,0.7823830842971802,0.5516874505484393
COHFACE_s10_session0_lamp,0,288,9.6,0.4044535756111145,0.8714854508214278
COHFACE_s10_session0_lamp,0,289,9.633333333333333,0.13917849957942963,1.1498708634165664
COHFACE_s10_session0_lamp,0,290,9.666666666666666,0.06393230706453323,1.3708993206303381
COHFACE_s10_session0_lamp,0,291,9.7,0.18331938982009888,1.519202092098514
COHFACE_s10_session0_lamp,0,292,9.733333333333333,0.3067174255847931,1.5848944911281804
COHFACE_s10_session0_lamp,0,293,9.766666666666667,0.27710598707199097,1.5657036574333834
COHFACE_s10_session0_lamp,0,294,9.8,0.10464546829462051,1.465873640668709
COHFACE_s10_session0_lamp,0,295,9.833333333333334,-0.12725280225276947,1.2946343175474777
COHFACE_s10_session0_lamp,0,296,9.866666666666667,-0.35382017493247986,1.0653091063439273
COHFACE_s10_session0_lamp,0,297,9.9,-0.5392037630081177,0.7941427691674732
COHFACE_s10_session0_lamp,0,298,9.933333333333334,-0.6684749722480774,0.49841551056537564
COHFACE_s10_session0_lamp,0,299,9.966666666666667,-0.7547205686569214,0.19408976369304287
COHFACE_s10_session0_lamp,1,0,10.0,-0.8236945271492004,0.0796446095575653
COHFACE_s10_session0_lamp,1,1,10.033333333333333,-0.890949547290802,0.4684679910858837
COHFACE_s10_session0_lamp,1,2,10.066666666666666,-0.9052538871765137,0.7955903531682096
COHFACE_s10_session0_lamp,1,3,10.1,-0.48797205090522766,1.014079244456485
COHFACE_s10_session0_lamp,1,4,10.133333333333333,0.5193181037902832,1.1073288625661626
COHFACE_s10_session0_lamp,1,5,10.166666666666666,1.2854807376861572,1.089027167705487
COHFACE_s10_session0_lamp,1,6,10.2,1.3067326545715332,0.9887347867087962
COHFACE_s10_session0_lamp,1,7,10.233333333333333,0.9311769604682922,0.8377861975899185
COHFACE_s10_session0_lamp,1,8,10.266666666666667,0.5385951995849609,0.6627308094159526
COHFACE_s10_session0_lamp,1,9,10.3,0.21819007396697998,0.48436519343678885
COHFACE_s10_session0_lamp,1,10,10.333333333333334,0.03599891811609268,0.31822328486876555
COHFACE_s10_session0_lamp,1,11,10.366666666666667,0.06979524344205856,0.1716151202261897
COHFACE_s10_session0_lamp,1,12,10.4,0.19777722656726837,0.03980150151550854
COHFACE_s10_session0_lamp,1,13,10.433333333333334,0.22477950155735016,-0.08933930174053303
COHFACE_s10_session0_lamp,1,14,10.466666666666667,0.09821976721286774,-0.22355579598666211
COHFACE_s10_session0_lamp,1,15,10.5,-0.1204485073685646,-0.3593256123946546
COHFACE_s10_session0_lamp,1,16,10.533333333333333,-0.3562144637107849,-0.48481465147409564
COHFACE_s10_session0_lamp,1,17,10.566666666666666,-0.5519528388977051,-0.5894350032054315
COHFACE_s10_session0_lamp,1,18,10.6,-0.6975952386856079,-0.6727992013530634
COHFACE_s10_session0_lamp,1,19,10.633333333333333,-0.8045811057090759,-0.7438182336328532
COHFACE_s10_session0_lamp,1,20,10.666666666666666,-0.8901514410972595,-0.8099369927337106
COHFACE_s10_session0_lamp,1,21,10.7,-0.9592788815498352,-0.8657991651742749
COHFACE_s10_session0_lamp,1,22,10.733333333333333,-0.8912258148193359,-0.8899572615076029
COHFACE_s10_session0_lamp,1,23,10.766666666666667,-0.1952752023935318,-0.8552996038710198
COHFACE_s10_session0_lamp,1,24,10.8,0.9707339406013489,-0.7473337829800736
COHFACE_s10_session0_lamp,1,25,10.833333333333334,1.583641529083252,-0.5743459497634874
COHFACE_s10_session0_lamp,1,26,10.866666666666667,1.4304171800613403,-0.36342702990141057
COHFACE_s10_session0_lamp,1,27,10.9,1.0147826671600342,-0.14779575786305146
COHFACE_s10_session0_lamp,1,28,10.933333333333334,0.6596296429634094,0.04696916715499926
COHFACE_s10_session0_lamp,1,29,10.966666666666667,0.39594054222106934,0.20987277198770812
COHFACE_s10_session0_lamp,1,30,11.0,0.2564987242221832,0.3429118878026651
COHFACE_s10_session0_lamp,1,31,11.033333333333333,0.2879723906517029,0.4556533941139739
COHFACE_s10_session0_lamp,1,32,11.066666666666666,0.3520861566066742,0.5598509417037018
COHFACE_s10_session0_lamp,1,33,11.1,0.3055509924888611,0.6661296928679019
COHFACE_s10_session0_lamp,1,34,11.133333333333333,0.1245671957731247,0.7814899130860504
COHFACE_s10_session0_lamp,1,35,11.166666666666666,-0.12167634814977646,0.9036919967374331
COHFACE_s10_session0_lamp,1,36,11.2,-0.3588338792324066,1.0150721524607558
COHFACE_s10_session0_lamp,1,37,11.233333333333333,-0.5538866519927979,1.0842740205242003
COHFACE_s10_session0_lamp,1,38,11.266666666666667,-0.6992630362510681,1.0775981335506093
COHFACE_s10_session0_lamp,1,39,11.3,-0.7987079620361328,0.974240634470555
COHFACE_s10_session0_lamp,1,40,11.333333333333334,-0.8735244274139404,0.7773734787656471
COHFACE_s10_session0_lamp,1,41,11.366666666666667,-0.9410249590873718,0.5125933058160541
COHFACE_s10_session0_lamp,1,42,11.4,-0.9533852338790894,0.2149785607915716
COHFACE_s10_session0_lamp,1,43,11.433333333333334,-0.484155535697937,-0.0846236157087166
COHFACE_s10_session0_lamp,1,44,11.466666666666667,0.7140025496482849,-0.3656281085684441
COHFACE_s10_session0_lamp,1,45,11.5,1.6626838445663452,-0.6118931874559316
COHFACE_s10_session0_lamp,1,46,11.533333333333333,1.7252013683319092,-0.8016142226555335
COHFACE_s10_session0_lamp,1,47,11.566666666666666,1.3605632781982422,-0.9100332410027946
COHFACE_s10_session0_lamp,1,48,11.6,1.0267541408538818,-0.9243855727961925
COHFACE_s10_session0_lamp,1,49,11.633333333333333,0.7784335613250732,-0.8528948278685897
COHFACE_s10_session0_lamp,1,50,11.666666666666666,0.5783977508544922,-0.7206335011951962
COHFACE_s10_session0_lamp,1,51,11.7,0.5020055770874023,-0.5579971600561575
COHFACE_s10_session0_lamp,1,52,11.733333333333333,0.5178549289703369,-0.3901282675447257
COHFACE_s10_session0_lamp,1,53,11.766666666666667,0.47372427582740784,-0.23601946111015656
COHFACE_s10_session0_lamp,1,54,11.8,0.30610349774360657,-0.11418216138270865
COHFACE_s10_session0_lamp,1,55,11.833333333333334,0.05508161708712578,-0.04098414358088993
COHFACE_s10_session0_lamp,1,56,11.866666666666667,-0.20755361020565033,-0.020405832916659275
COHFACE_s10_session0_lamp,1,57,11.9,-0.43152207136154175,-0.0371004578614393
COHFACE_s10_session0_lamp,1,58,11.933333333333334,-0.6083618998527527,-0.06060909495149992
COHFACE_s10_session0_lamp,1,59,11.966666666666667,-0.7390860319137573,-0.06229140541142682
COHFACE_s10_session0_lamp,1,60,12.0,-0.8292198181152344,-0.03475183665689496
COHFACE_s10_session0_lamp,1,61,12.033333333333333,-0.8993192911148071,0.0057142807811178305
COHFACE_s10_session0_lamp,1,62,12.066666666666666,-0.9733683466911316,0.03580763231729025
COHFACE_s10_session0_lamp,1,63,12.1,-1.0602995157241821,0.04527375290357616
COHFACE_s10_session0_lamp,1,64,12.133333333333333,-1.0832499265670776,0.04658175368225353
COHFACE_s10_session0_lamp,1,65,12.166666666666666,-0.5452815294265747,0.06605423907595402
COHFACE_s10_session0_lamp,1,66,12.2,0.7054281234741211,0.12287771240558051
COHFACE_s10_session0_lamp,1,67,12.233333333333333,1.5362366437911987,0.21534966280750234
COHFACE_s10_session0_lamp,1,68,12.266666666666667,1.4820785522460938,0.3225015550434589
COHFACE_s10_session0_lamp,1,69,12.3,1.1050904989242554,0.4160345623325629
COHFACE_s10_session0_lamp,1,70,12.333333333333334,0.8340956568717957,0.4742936998434293
COHFACE_s10_session0_lamp,1,71,12.366666666666667,0.6450899839401245,0.48893350796450497
COHFACE_s10_session0_lamp,1,72,12.4,0.458908349275589,0.4620523144751655
COHFACE_s10_session0_lamp,1,73,12.433333333333334,0.3739928901195526,0.39909675209236634
COHFACE_s10_session0_lamp,1,74,12.466666666666667,0.3665337562561035,0.30402923279086164
COHFACE_s10_session0_lamp,1,75,12.5,0.30561238527297974,0.18265655155085858
COHFACE_s10_session0_lamp,1,76,12.533333333333333,0.1389431655406952,0.0494709206949513
COHFACE_s10_session0_lamp,1,77,12.566666666666666,-0.09579959511756897,-0.07581889535860478
COHFACE_s10_session0_lamp,1,78,12.6,-0.33344826102256775,-0.18057735585546622
COHFACE_s10_session0_lamp,1,79,12.633333333333333,-0.5432965159416199,-0.26387771593127224
COHFACE_s10_session0_lamp,1,80,12.666666666666666,-0.7086355686187744,-0.3291960866287479
COHFACE_s10_session0_lamp,1,81,12.7,-0.8235717415809631,-0.374265565033187
COHFACE_s10_session0_lamp,1,82,12.733333333333333,-0.9025628566741943,-0.3874275795091251
COHFACE_s10_session0_lamp,1,83,12.766666666666667,-0.9675156474113464,-0.35747795323138654
COHFACE_s10_session0_lamp,1,84,12.8,-1.0349138975143433,-0.28955883999533355
COHFACE_s10_session0_lamp,1,85,12.833333333333334,-1.111162781715393,-0.2071658761906315
COHFACE_s10_session0_lamp,1,86,12.866666666666667,-1.1679811477661133,-0.13732050330610004
COHFACE_s10_session0_lamp,1,87,12.9,-0.835850179195404,-0.09380937903997139
COHFACE_s10_session0_lamp,1,88,12.933333333333334,0.22518877685070038,-0.06997258289652639
COHFACE_s10_session0_lamp,1,89,12.966666666666667,1.1129690408706665,-0.04614881028493132
COHFACE_s10_session0_lamp,1,90,13.0,1.1654081344604492,-0.006016061458937918
COHFACE_s10_session0_lamp,1,91,13.033333333333333,0.8093444108963013,0.05327531212256366
COHFACE_s10_session0_lamp,1,92,13.066666666666666,0.5042566061019897,0.12301234817795109
COHFACE_s10_session0_lamp,1,93,13.1,0.3055816888809204,0.19202587161087953
COHFACE_s10_session0_lamp,1,94,13.133333333333333,0.15209129452705383,0.25458302685744894
COHFACE_s10_session0_lamp,1,95,13.166666666666666,0.1147342324256897,0.3074189389117792
COHFACE_s10_session0_lamp,1,96,13.2,0.16057363152503967,0.3399278264632337
COHFACE_s10_session0_lamp,1,97,13.233333333333333,0.15092484652996063,0.33402347838166696
COHFACE_s10_session0_lamp,1,98,13.266666666666667,0.018706820905208588,0.27684344380118364
COHFACE_s10_session0_lamp,1,99,13.3,-0.18288423120975494,0.17508786565042972
COHFACE_s10_session0_lamp,1,100,13.333333333333334,-0.39256879687309265,0.05916996775196582
COHFACE_s10_session0_lamp,1,101,13.366666666666667,-0.5820451378822327,-0.032072626755976934
COHFACE_s10_session0_lamp,1,102,13.4,-0.7293963432312012,-0.0769443031893823
COHFACE_s10_session0_lamp,1,103,13.433333333333334,-0.8298234939575195,-0.0814221929204231
COHFACE_s10_session0_lamp,1,104,13.466666666666667,-0.8910211324691772,-0.06849282595145764
COHFACE_s10_session0_lamp,1,105,13.5,-0.942027747631073,-0.06079727567064826
COHFACE_s10_session0_lamp,1,106,13.533333333333333,-0.9946714043617249,-0.06914910006007141
COHFACE_s10_session0_lamp,1,107,13.566666666666666,-1.062008261680603,-0.0942708487343076
COHFACE_s10_session0_lamp,1,108,13.6,-1.1292121410369873,-0.13685081454455097
COHFACE_s10_session0_lamp,1,109,13.633333333333333,-0.957283616065979,-0.20031273406137196
COHFACE_s10_session0_lamp,1,110,13.666666666666666,-0.09440804272890091,-0.2827955753553133
COHFACE_s10_session0_lamp,1,111,13.7,0.8599212765693665,-0.3679659122839859
COHFACE_s10_session0_lamp,1,112,13.733333333333333,1.0588008165359497,-0.4239709636314919
COHFACE_s10_session0_lamp,1,113,13.766666666666667,0.7338117361068726,-0.41691630162148474
COHFACE_s10_session0_lamp,1,114,13.8,0.3706572651863098,-0.33229469319065874
COHFACE_s10_session0_lamp,1,115,13.833333333333334,0.12015719711780548,-0.18632899517793255
COHFACE_s10_session0_lamp,1,116,13.866666666666667,-0.027582788839936256,-0.0198236245485083
COHFACE_s10_session0_lamp,1,117,13.9,-0.023817410692572594,0.12038006124767398
COHFACE_s10_session0_lamp,1,118,13.933333333333334,0.08895979821681976,0.20243302117424075
COHFACE_s10_session0_lamp,1,119,13.966666666666667,0.127360537648201,0.22060656724654906
COHFACE_s10_session0_lamp,1,120,14.0,0.015841858461499214,0.19269751923411704
COHFACE_s10_session0_lamp,1,121,14.033333333333333,-0.1704011857509613,0.14915064212072499
COHFACE_s10_session0_lamp,1,122,14.066666666666666,-0.3633461892604828,0.12043756274254015
COHFACE_s10_session0_lamp,1,123,14.1,-0.536318302154541,0.12871953213413523
COHFACE_s10_session0_lamp,1,124,14.133333333333333,-0.6659271717071533,0.18371446875121325
COHFACE_s10_session0_lamp,1,125,14.166666666666666,-0.7554470300674438,0.2770403837446679
COHFACE_s10_session0_lamp,1,126,14.2,-0.825812578201294,0.3781116827894741
COHFACE_s10_session0_lamp,1,127,14.233333333333333,-0.8940498232841492,0.44274056220169566
COHFACE_s10_session0_lamp,1,128,14.266666666666667,-0.9611104130744934,0.43337833471508075
COHFACE_s10_session0_lamp,1,129,14.3,-0.988961935043335,0.3376263091410443
COHFACE_s10_session0_lamp,1,130,14.333333333333334,-0.6465272903442383,0.17468003229965068
COHFACE_s10_session0_lamp,1,131,14.366666666666667,0.2537974715232849,-0.015110744823108434
COHFACE_s10_session0_lamp,1,132,14.4,0.9177218675613403,-0.19107722809973027
COHFACE_s10_session0_lamp,1,133,14.433333333333334,0.8780933022499084,-0.3272838002906866
COHFACE_s10_session0_lamp,1,134,14.466666666666667,0.5086358785629272,-0.41422713713870396
COHFACE_s10_session0_lamp,1,135,14.5,0.17070332169532776,-0.4499732000011848
COHFACE_s10_session0_lamp,1,136,14.533333333333333,-0.06606537848711014,-0.4301798420944125
COHFACE_s10_session0_lamp,1,137,14.566666666666666,-0.1700328290462494,-0.3504468896907367
COHFACE_s10_session0_lamp,1,138,14.6,-0.09727300703525543,-0.2188075598542837
COHFACE_s10_session0_lamp,1,139,14.633333333333333,0.02408885955810547,-0.0611569133957222
COHFACE_s10_session0_lamp,1,140,14.666666666666666,0.031547993421554565,0.08668141398488927
COHFACE_s10_session0_lamp,1,141,14.7,-0.10018912702798843,0.19384387987761748
COHFACE_s10_session0_lamp,1,142,14.733333333333333,-0.2849690020084381,0.2469871879630868
COHFACE_s10_session0_lamp,1,143,14.766666666666667,-0.4575727581977844,0.2506937955598103
COHFACE_s10_session0_lamp,1,144,14.8,-0.6031742691993713,0.2173439496930129
COHFACE_s10_session0_lamp,1,145,14.833333333333334,-0.7189187407493591,0.15897321183768523
COHFACE_s10_session0_lamp,1,146,14.866666666666667,-0.8149359226226807,0.08658014264662811
COHFACE_s10_session0_lamp,1,147,14.9,-0.8981937766075134,0.013897883843280126
COHFACE_s10_session0_lamp,1,148,14.933333333333334,-0.9610080718994141,-0.04068997471312205
COHFACE_s10_session0_lamp,1,149,14.966666666666667,-0.79145348072052,-0.06184425465643085
COHFACE_s10_session0_lamp,1,150,15.0,-0.038490112870931625,-0.05008999806293856
COHFACE_s10_session0_lamp,1,151,15.033333333333333,0.7766736149787903,-0.024135705807797586
COHFACE_s10_session0_lamp,1,152,15.066666666666666,0.9442330002784729,-0.008969741074821198
COHFACE_s10_session0_lamp,1,153,15.1,0.6296396255493164,-0.01903776871473461
COHFACE_s10_session0_lamp,1,154,15.133333333333333,0.248261958360672,-0.04789289874587142
COHFACE_s10_session0_lamp,1,155,15.166666666666666,-0.05081968382000923,-0.07488092321972373
COHFACE_s10_session0_lamp,1,156,15.2,-0.229020357131958,-0.08332110300448678
COHFACE_s10_session0_lamp,1,157,15.233333333333333,-0.19811969995498657,-0.07003616407995056
COHFACE_s10_session0_lamp,1,158,15.266666666666667,-0.04737149551510811,-0.04037754297573243
COHFACE_s10_session0_lamp,1,159,15.3,0.008965948596596718,0.0013615513178639436
COHFACE_s10_session0_lamp,1,160,15.333333333333334,-0.08248775452375412,0.05678938087072448
COHFACE_s10_session0_lamp,1,161,15.366666666666667,-0.24226059019565582,0.12731073314913016
COHFACE_s10_session0_lamp,1,162,15.4,-0.40939024090766907,0.2023575107833884
COHFACE_s10_session0_lamp,1,163,15.433333333333334,-0.5615299940109253,0.25729232324678725
COHFACE_s10_session0_lamp,1,164,15.466666666666667,-0.6866572499275208,0.26412805786076876
COHFACE_s10_session0_lamp,1,165,15.5,-0.7936124205589294,0.20509073653328003
COHFACE_s10_session0_lamp,1,166,15.533333333333333,-0.8923410773277283,0.08119511432103953
COHFACE_s10_session0_lamp,1,167,15.566666666666666,-0.9452508091926575,-0.0879470356982089
COHFACE_s10_session0_lamp,1,168,15.6,-0.6868823170661926,-0.27201277563698023
COHFACE_s10_session0_lamp,1,169,15.633333333333333,0.12147712707519531,-0.43997399202118
COHFACE_s10_session0_lamp,1,170,15.666666666666666,0.8191569447517395,-0.5676167012679441
COHFACE_s10_session0_lamp,1,171,15.7,0.8787686228752136,-0.6399604746521002
COHFACE_s10_session0_lamp,1,172,15.733333333333333,0.565976083278656,-0.6503412089007715
COHFACE_s10_session0_lamp,1,173,15.766666666666667,0.21357543766498566,-0.60160046471862
COHFACE_s10_session0_lamp,1,174,15.8,-0.08121898770332336,-0.5082941575274964
COHFACE_s10_session0_lamp,1,175,15.833333333333334,-0.23775850236415863,-0.39261260987669083
COHFACE_s10_session0_lamp,1,176,15.866666666666667,-0.18520689010620117,-0.2735541690811344
COHFACE_s10_session0_lamp,1,177,15.9,-0.041590411216020584,-0.1561134809928836
COHFACE_s10_session0_lamp,1,178,15.933333333333334,0.011513719335198402,-0.02781708539274138
COHFACE_s10_session0_lamp,1,179,15.966666666666667,-0.07289012521505356,0.1313700689323818
COHFACE_s10_session0_lamp,1,180,16.0,-0.2248150110244751,0.3311526261524939
COHFACE_s10_session0_lamp,1,181,16.033333333333335,-0.3817945122718811,0.5605519775772352
COHFACE_s10_session0_lamp,1,182,16.066666666666666,-0.5242342948913574,0.7905833426170049
COHFACE_s10_session0_lamp,1,183,16.1,-0.6455040574073792,0.9841450593298595
COHFACE_s10_session0_lamp,1,184,16.133333333333333,-0.7369987368583679,1.1071185204926215
COHFACE_s10_session0_lamp,1,185,16.166666666666668,-0.811109185218811,1.1359944285844934
COHFACE_s10_session0_lamp,1,186,16.2,-0.7408459186553955,1.0610472129398043
COHFACE_s10_session0_lamp,1,187,16.233333333333334,-0.10906028002500534,0.8877298210619821
COHFACE_s10_session0_lamp,1,188,16.266666666666666,0.7983757257461548,0.636887237736065
COHFACE_s10_session0_lamp,1,189,16.3,1.179252028465271,0.3420473146229205
COHFACE_s10_session0_lamp,1,190,16.333333333333332,0.9939196705818176,0.042966015133337164
COHFACE_s10_session0_lamp,1,191,16.366666666666667,0.6413450837135315,-0.22407494361679786
COHFACE_s10_session0_lamp,1,192,16.4,0.32031577825546265,-0.4357863339407832
COHFACE_s10_session0_lamp,1,193,16.433333333333334,0.07954634726047516,-0.5855011528512001
COHFACE_s10_session0_lamp,1,194,16.466666666666665,0.022073153406381607,-0.6789874691567459
COHFACE_s10_session0_lamp,1,195,16.5,0.13801205158233643,-0.7247697988401769
COHFACE_s10_session0_lamp,1,196,16.533333333333335,0.22790025174617767,-0.7255703462174622
COHFACE_s10_session0_lamp,1,197,16.566666666666666,0.1839742362499237,-0.6800813489279176
COHFACE_s10_session0_lamp,1,198,16.6,0.043130628764629364,-0.5928033609739599
COHFACE_s10_session0_lamp,1,199,16.633333333333333,-0.13180604577064514,-0.47886271344015346
COHFACE_s10_session0_lamp,1,200,16.666666666666668,-0.30165740847587585,-0.3589131109371141
COHFACE_s10_session0_lamp,1,201,16.7,-0.44518178701400757,-0.24878391687571164
COHFACE_s10_session0_lamp,1,202,16.733333333333334,-0.5623792409896851,-0.1516305931711499
COHFACE_s10_session0_lamp,1,203,16.766666666666666,-0.654170572757721,-0.06138020066698593
COHFACE_s10_session0_lamp,1,204,16.8,-0.6501084566116333,0.025520241010180602
COHFACE_s10_session0_lamp,1,205,16.833333333333332,-0.10111001133918762,0.10402192338517094
COHFACE_s10_session0_lamp,1,206,16.866666666666667,0.9750211238861084,0.1644118780703716
COHFACE_s10_session0_lamp,1,207,16.9,1.6271685361862183,0.19988002444644618
COHFACE_s10_session0_lamp,1,208,16.933333333333334,1.5506330728530884,0.2114658464785892
COHFACE_s10_session0_lamp,1,209,16.966666666666665,1.1788734197616577,0.20596288969827492
COHFACE_s10_session0_lamp,1,210,17.0,0.830361008644104,0.18891884600264336
COHFACE_s10_session0_lamp,1,211,17.033333333333335,0.5630087852478027,0.16082406835948282
COHFACE_s10_session0_lamp,1,212,17.066666666666666,0.43821921944618225,0.11954274564459406
COHFACE_s10_session0_lamp,1,213,17.1,0.48113226890563965,0.06618102425128936
COHFACE_s10_session0_lamp,1,214,17.133333333333333,0.5543525218963623,0.008609558833346152
COHFACE_s10_session0_lamp,1,215,17.166666666666668,0.512657105922699,-0.044500317170288316
COHFACE_s10_session0_lamp,1,216,17.2,0.342509001493454,-0.09443705810820506
COHFACE_s10_session0_lamp,1,217,17.233333333333334,0.12964226305484772,-0.15273666095618493
COHFACE_s10_session0_lamp,1,218,17.266666666666666,-0.07613367587327957,-0.22919753889010944
COHFACE_s10_session0_lamp,1,219,17.3,-0.26091355085372925,-0.3198800767494289
COHFACE_s10_session0_lamp,1,220,17.333333333333332,-0.4063308537006378,-0.4044325176715851
COHFACE_s10_session0_lamp,1,221,17.366666666666667,-0.5239478349685669,-0.4566899263012674
COHFACE_s10_session0_lamp,1,222,17.4,-0.6348525881767273,-0.4608415313157322
COHFACE_s10_session0_lamp,1,223,17.433333333333334,-0.5508273243904114,-0.4158341716842
COHFACE_s10_session0_lamp,1,224,17.466666666666665,0.2726652920246124,-0.3264411879010288
COHFACE_s10_session0_lamp,1,225,17.5,1.4680709838867188,-0.19549097442767704
COHFACE_s10_session0_lamp,1,226,17.533333333333335,1.9592176675796509,-0.02431663519170122
COHFACE_s10_session0_lamp,1,227,17.566666666666666,1.7276979684829712,0.1808860778438262
COHFACE_s10_session0_lamp,1,228,17.6,1.3259791135787964,0.4025304479119908
COHFACE_s10_session0_lamp,1,229,17.633333333333333,1.0097997188568115,0.6125320188417293
COHFACE_s10_session0_lamp,1,230,17.666666666666668,0.7617042064666748,0.7813203717030132
COHFACE_s10_session0_lamp,1,231,17.7,0.6323716044425964,0.8885116218519094
COHFACE_s10_session0_lamp,1,232,17.733333333333334,0.6475047469139099,0.9292301067917291
COHFACE_s10_session0_lamp,1,233,17.766666666666666,0.672133207321167,0.9119739245001882
COHFACE_s10_session0_lamp,1,234,17.8,0.5700893402099609,0.8498832912347526
COHFACE_s10_session0_lamp,1,235,17.833333333333332,0.3568747341632843,0.7527374564125017
COHFACE_s10_session0_lamp,1,236,17.866666666666667,0.09849603474140167,0.6245376661111034
COHFACE_s10_session0_lamp,1,237,17.9,-0.15071479976177216,0.4678658346643292
COHFACE_s10_session0_lamp,1,238,17.933333333333334,-0.3596831262111664,0.2904244237162795
COHFACE_s10_session0_lamp,1,239,17.966666666666665,-0.5098685622215271,0.10467365974499812
COHFACE_s10_session0_lamp,1,240,18.0,-0.6230959892272949,-0.07912201777943774
COHFACE_s10_session0_lamp,1,241,18.033333333333335,-0.7228478193283081,-0.25682488815781684
COHFACE_s10_session0_lamp,1,242,18.066666666666666,-0.8132476210594177,-0.4270973723646197
COHFACE_s10_session0_lamp,1,243,18.1,-0.7807508111000061,-0.5831788020242838
COHFACE_s10_session0_lamp,1,244,18.133333333333333,-0.048906296491622925,-0.70685734980869
COHFACE_s10_session0_lamp,1,245,18.166666666666668,1.2496687173843384,-0.7745384991948321
COHFACE_s10_session0_lamp,1,246,18.2,1.91239595413208,-0.7725601047296045
COHFACE_s10_session0_lamp,1,247,18.233333333333334,1.7094440460205078,-0.7067914025441802
COHFACE_s10_session0_lamp,1,248,18.266666666666666,1.2472949028015137,-0.6000265424724929
COHFACE_s10_session0_lamp,1,249,18.3,0.8828511834144592,-0.48081348492025316
COHFACE_s10_session0_lamp,1,250,18.333333333333332,0.6157957315444946,-0.37166337470068017
COHFACE_s10_session0_lamp,1,251,18.366666666666667,0.4662037491798401,-0.2868118210633602
COHFACE_s10_session0_lamp,1,252,18.4,0.4722304046154022,-0.23806748758424767
COHFACE_s10_session0_lamp,1,253,18.433333333333334,0.5106311440467834,-0.23623318772215193
COHFACE_s10_session0_lamp,1,254,18.466666666666665,0.43039172887802124,-0.28435096807888116
COHFACE_s10_session0_lamp,1,255,18.5,0.21613344550132751,-0.36895392429055385
COHFACE_s10_session0_lamp,1,256,18.533333333333335,-0.05111641064286232,-0.45725897714853203
COHFACE_s10_session0_lamp,1,257,18.566666666666666,-0.30432796478271484,-0.5078087953524766
COHFACE_s10_session0_lamp,1,258,18.6,-0.5224744081497192,-0.49010293863948984
COHFACE_s10_session0_lamp,1,259,18.633333333333333,-0.6859614253044128,-0.3977382290233203
COHFACE_s10_session0_lamp,1,260,18.666666666666668,-0.800979495048523,-0.24778993728683582
COHFACE_s10_session0_lamp,1,261,18.7,-0.8934358954429626,-0.06912556876738968
COHFACE_s10_session0_lamp,1,262,18.733333333333334,-0.9778192639350891,0.11322262533799644
COHFACE_s10_session0_lamp,1,263,18.766666666666666,-1.0424139499664307,0.28782096648453875
COHFACE_s10_session0_lamp,1,264,18.8,-0.8012557029724121,0.4566854965132337
COHFACE_s10_session0_lamp,1,265,18.833333333333332,0.2379276305437088,0.6277692721298983
COHFACE_s10_session0_lamp,1,266,18.866666666666667,1.3670504093170166,0.8048424515396129
COHFACE_s10_session0_lamp,1,267,18.9,1.6237305402755737,0.9805516243927271
COHFACE_s10_session0_lamp,1,268,18.933333333333334,1.2287442684173584,1.1352219153127947
COHFACE_s10_session0_lamp,1,269,18.966666666666665,0.7460082769393921,1.2402704965718123
COHFACE_s10_session0_lamp,1,270,19.0,0.38296636939048767,1.2652809849403053
COHFACE_s10_session0_lamp,1,271,19.033333333333335,0.1597755402326584,1.1881238873269786
COHFACE_s10_session0_lamp,1,272,19.066666666666666,0.1493491232395172,1.0051955068869245
COHFACE_s10_session0_lamp,1,273,19.1,0.26736512780189514,0.7369876966102817
COHFACE_s10_session0_lamp,1,274,19.133333333333333,0.30519285798072815,0.4243860456746576
COHFACE_s10_session0_lamp,1,275,19.166666666666668,0.1730566918849945,0.11252059138317272
COHFACE_s10_session0_lamp,1,276,19.2,-0.06602445244789124,-0.16967564889157444
COHFACE_s10_session0_lamp,1,277,19.233333333333334,-0.31865277886390686,-0.41659699284937446
COHFACE_s10_session0_lamp,1,278,19.266666666666666,-0.5487297177314758,-0.6359309152276753
COHFACE_s10_session0_lamp,1,279,19.3,-0.7380526065826416,-0.8322887460740079
COHFACE_s10_session0_lamp,1,280,19.333333333333332,-0.8725011944770813,-0.9961569263410128
COHFACE_s10_session0_lamp,1,281,19.366666666666667,-0.958859384059906,-1.1076433001187667
COHFACE_s10_session0_lamp,1,282,19.4,-1.0235563516616821,-1.1511243116294927
COHFACE_s10_session0_lamp,1,283,19.433333333333334,-1.088069200515747,-1.1246407754291778
COHFACE_s10_session0_lamp,1,284,19.466666666666665,-1.1356582641601562,-1.0376932941917785
COHFACE_s10_session0_lamp,1,285,19.5,-0.8275315165519714,-0.9025156915351678
COHFACE_s10_session0_lamp,1,286,19.533333333333335,0.2553425133228302,-0.7263281911979301
COHFACE_s10_session0_lamp,1,287,19.566666666666666,1.3253446817398071,-0.5124500451400065
COHFACE_s10_session0_lamp,1,288,19.6,1.527314305305481,-0.2683964488470254
COHFACE_s10_session0_lamp,1,289,19.633333333333333,1.1122528314590454,-0.00988983681154133
COHFACE_s10_session0_lamp,1,290,19.666666666666668,0.6099634766578674,0.24327232973583052
COHFACE_s10_session0_lamp,1,291,19.7,0.21352428197860718,0.4754082561192801
COHFACE_s10_session0_lamp,1,292,19.733333333333334,-0.0011023489059880376,0.680159036907573
COHFACE_s10_session0_lamp,1,293,19.766666666666666,0.05379238352179527,0.8546472591112659
COHFACE_s10_session0_lamp,1,294,19.8,0.21819007396697998,0.9868646142761195
COHFACE_s10_session0_lamp,1,295,19.833333333333332,0.2601310908794403,1.0518093369956474
COHFACE_s10_session0_lamp,1,296,19.866666666666667,0.1260610669851303,1.021368095006899
COHFACE_s10_session0_lamp,1,297,19.9,-0.11369538307189941,0.8809649298559983
COHFACE_s10_session0_lamp,1,298,19.933333333333334,-0.3696286380290985,0.6429632005002299
COHFACE_s10_session0_lamp,1,299,19.966666666666665,-0.5961960554122925,0.3462348377164324
COHFACE_s10_session0_lamp,2,0,20.0,-0.7751948237419128,0.06937433759398873
COHFACE_s10_session0_lamp,2,1,20.033333333333335,-0.8958199620246887,0.41338795128942146
COHFACE_s10_session0_lamp,2,2,20.066666666666666,-0.9735320806503296,0.713261973431943
COHFACE_s10_session0_lamp,2,3,20.1,-1.0329186916351318,0.9342405675008629
COHFACE_s10_session0_lamp,2,4,20.133333333333333,-1.0875678062438965,1.0582887064870063
COHFACE_s10_session0_lamp,2,5,20.166666666666668,-1.1471283435821533,1.087021293670229
COHFACE_s10_session0_lamp,2,6,20.2,-1.0207016468048096,1.0371669587394345
COHFACE_s10_session0_lamp,2,7,20.233333333333334,-0.1864040493965149,0.9328721446517472
COHFACE_s10_session0_lamp,2,8,20.266666666666666,0.9943084716796875,0.7982080068877073
COHFACE_s10_session0_lamp,2,9,20.3,1.4983065128326416,0.6515789018264444
COHFACE_s10_session0_lamp,2,10,20.333333333333332,1.24578058719635,0.502523089884107
COHFACE_s10_session0_lamp,2,11,20.366666666666667,0.7380989789962769,0.3503063274349797
COHFACE_s10_session0_lamp,2,12,20.4,0.2771264612674713,0.18526588307431494
COHFACE_s10_session0_lamp,2,13,20.433333333333334,-0.03673020750284195,-0.004836311171915176
COHFACE_s10_session0_lamp,2,14,20.466666666666665,-0.0710790604352951,-0.22546059342507435
COHFACE_s10_session0_lamp,2,15,20.5,0.11330175399780273,-0.46888244142586033
COHFACE_s10_session0_lamp,2,16,20.533333333333335,0.25486159324645996,-0.71385466386853
COHFACE_s10_session0_lamp,2,17,20.566666666666666,0.21344242990016937,-0.9309412273638445
COHFACE_s10_session0_lamp,2,18,20.6,0.03330789878964424,-1.0907666696992602
COHFACE_s10_session0_lamp,2,19,20.633333333333333,-0.21174873411655426,-1.1707201182985196
COHFACE_s10_session0_lamp,2,20,20.666666666666668,-0.45206794142723083,-1.1580873480502534
COHFACE_s10_session0_lamp,2,21,20.7,-0.6418512463569641,-1.0503621712592086
COHFACE_s10_session0_lamp,2,22,20.733333333333334,-0.7874220609664917,-0.854487688574061
COHFACE_s10_session0_lamp,2,23,20.766666666666666,-0.890857458114624,-0.5871892079761782
COHFACE_s10_session0_lamp,2,24,20.8,-0.9717108011245728,-0.27534547190252967
COHFACE_s10_session0_lamp,2,25,20.833333333333332,-1.0438873767852783,0.04754326141953324
COHFACE_s10_session0_lamp,2,26,20.866666666666667,-0.9931570887565613,0.34916665316925016
COHFACE_s10_session0_lamp,2,27,20.9,-0.3423500955104828,0.6070158093050345
COHFACE_s10_session0_lamp,2,28,20.933333333333334,0.79326993227005,0.8131128951469296
COHFACE_s10_session0_lamp,2,29,20.966666666666665,1.4609699249267578,0.970106878088661
COHFACE_s10_session0_lamp,2,30,21.0,1.3764433860778809,1.0810034933708916
COHFACE_s10_session0_lamp,2,31,21.033333333333335,0.9311769604682922,1.1412868871951856
COHFACE_s10_session0_lamp,2,32,21.066666666666666,0.45055902004241943,1.137898488927652
COHFACE_s10_session0_lamp,2,33,21.1,0.06870041787624359,1.0541874992586298
COHFACE_s10_session0_lamp,2,34,21.133333333333333,-0.06886895000934601,0.8780279272223547
COHFACE_s10_session0_lamp,2,35,21.166666666666668,0.0572814978659153,0.6090607085693853
COHFACE_s10_session0_lamp,2,36,21.2,0.2231014519929886,0.26218628132357724
COHFACE_s10_session0_lamp,2,37,21.233333333333334,0.2415088266134262,-0.13382583523682828
COHFACE_s10_session0_lamp,2,38,21.266666666666666,0.09881322830915451,-0.5411758829775505
COHFACE_s10_session0_lamp,2,39,21.3,-0.13892751932144165,-0.9177434985255951
COHFACE_s10_session0_lamp,2,40,21.333333333333332,-0.37834632396698,-1.220990430913773
COHFACE_s10_session0_lamp,2,41,21.366666666666667,-0.5742893218994141,-1.4132939193769045
COHFACE_s10_session0_lamp,2,42,21.4,-0.7312687635421753,-1.4686694515974852
COHFACE_s10_session0_lamp,2,43,21.433333333333334,-0.8576545715332031,-1.3783363784286642
COHFACE_s10_session0_lamp,2,44,21.466666666666665,-0.953682005405426,-1.1528643444468993
COHFACE_s10_session0_lamp,2,45,21.5,-0.9820860624313354,-0.8194079001593968
COHFACE_s10_session0_lamp,2,46,21.533333333333335,-0.5425393581390381,-0.4156353242024393
COHFACE_s10_session0_lamp,2,47,21.566666666666666,0.6317167282104492,0.015343225642752928
COHFACE_s10_session0_lamp,2,48,21.6,1.6608726978302002,0.42865269231748515
COHFACE_s10_session0_lamp,2,49,21.633333333333333,1.873340368270874,0.7833498083443741
COHFACE_s10_session0_lamp,2,50,21.666666666666668,1.5236819982528687,1.0498388057219918
COHFACE_s10_session0_lamp,2,51,21.7,1.0216279029846191,1.2148328907635966
COHFACE_s10_session0_lamp,2,52,21.733333333333334,0.5783670544624329,1.2812894236992742
COHFACE_s10_session0_lamp,2,53,21.766666666666666,0.3134705424308777,1.2629747877385789
COHFACE_s10_session0_lamp,2,54,21.8,0.31681641936302185,1.1759249102658929
COHFACE_s10_session0_lamp,2,55,21.833333333333332,0.45484623312950134,1.0312185709715571
COHFACE_s10_session0_lamp,2,56,21.866666666666667,0.50606769323349,0.8320334844202639
COHFACE_s10_session0_lamp,2,57,21.9,0.3785461485385895,0.5758963136940126
COHFACE_s10_session0_lamp,2,58,21.933333333333334,0.12762656807899475,0.2613272815257544
COHFACE_s10_session0_lamp,2,59,21.966666666666665,-0.15470527112483978,-0.10349396408229213
COHFACE_s10_session0_lamp,2,60,22.0,-0.39548492431640625,-0.4943813836231466
COHFACE_s10_session0_lamp,2,61,22.033333333333335,-0.5825158357620239,-0.8724506347535178
COHFACE_s10_session0_lamp,2,62,22.066666666666666,-0.7180899381637573,-1.192598296242573
COHFACE_s10_session0_lamp,2,63,22.1,-0.8288514614105225,-1.4129718540292149
COHFACE_s10_session0_lamp,2,64,22.133333333333333,-0.9239988923072815,-1.5022982617320269
COHFACE_s10_session0_lamp,2,65,22.166666666666668,-0.8363310694694519,-1.4455685084804013
COHFACE_s10_session0_lamp,2,66,22.2,0.017745012417435646,-1.2476824105292224
COHFACE_s10_session0_lamp,2,67,22.233333333333334,1.4258434772491455,-0.9336194915444491
COHFACE_s10_session0_lamp,2,68,22.266666666666666,2.2366483211517334,-0.5440342615856271
COHFACE_s10_session0_lamp,2,69,22.3,2.1589465141296387,-0.12586204285064667
COHFACE_s10_session0_lamp,2,70,22.333333333333332,1.6838641166687012,0.2786045328366623
COHFACE_s10_session0_lamp,2,71,22.366666666666667,1.2248561382293701,0.6375245028100698
COHFACE_s10_session0_lamp,2,72,22.4,0.8681784868240356,0.9287240854918781
COHFACE_s10_session0_lamp,2,73,22.433333333333334,0.6529072523117065,1.1362354519528748
COHFACE_s10_session0_lamp,2,74,22.466666666666665,0.6529890894889832,1.2476907287589496
COHFACE_s10_session0_lamp,2,75,22.5,0.7028189897537231,1.254759491889962
COHFACE_s10_session0_lamp,2,76,22.533333333333335,0.6178114414215088,1.1556419846982984
COHFACE_s10_session0_lamp,2,77,22.566666666666666,0.37867915630340576,0.9557816547926152
COHFACE_s10_session0_lamp,2,78,22.6,0.06713492423295975,0.6672909812822422
COHFACE_s10_session0_lamp,2,79,22.633333333333333,-0.23750269412994385,0.31170839407195666
COHFACE_s10_session0_lamp,2,80,22.666666666666668,-0.4914100170135498,-0.07617783665637008
COHFACE_s10_session0_lamp,2,81,22.7,-0.682799756526947,-0.45199888901732194
COHFACE_s10_session0_lamp,2,82,22.733333333333334,-0.8157237768173218,-0.7727421713336984
COHFACE_s10_session0_lamp,2,83,22.766666666666666,-0.9172355532646179,-1.005863251513825
COHFACE_s10_session0_lamp,2,84,22.8,-1.0114928483963013,-1.132772305595858
COHFACE_s10_session0_lamp,2,85,22.833333333333332,-1.0925917625427246,-1.1490113227970493
COHFACE_s10_session0_lamp,2,86,22.866666666666667,-0.8922592401504517,-1.061964214075728
COHFACE_s10_session0_lamp,2,87,22.9,0.21168252825737,-0.8852024277166601
COHFACE_s10_session0_lamp,2,88,22.933333333333334,1.6298493146896362,-0.632336007662346
COHFACE_s10_session0_lamp,2,89,22.966666666666665,2.212695360183716,-0.31635357105935497
COHFACE_s10_session0_lamp,2,90,23.0,1.9596679210662842,0.045297807459388585
COHFACE_s10_session0_lamp,2,91,23.033333333333335,1.4536131620407104,0.4254425042184256
COHFACE_s10_session0_lamp,2,92,23.066666666666666,1.037487506866455,0.7860673785662109
COHFACE_s10_session0_lamp,2,93,23.1,0.712641716003418,1.0833892183837177
COHFACE_s10_session0_lamp,2,94,23.133333333333333,0.542319655418396,1.277119164134485
COHFACE_s10_session0_lamp,2,95,23.166666666666668,0.5524595975875854,1.3383870598455143
COHFACE_s10_session0_lamp,2,96,23.2,0.5755532383918762,1.2545610226249315
COHFACE_s10_session0_lamp,2,97,23.233333333333334,0.4487479627132416,1.0331723410963982
COHFACE_s10_session0_lamp,2,98,23.266666666666666,0.18533509969711304,0.7033569279949118
COHFACE_s10_session0_lamp,2,99,23.3,-0.13748480379581451,0.30975609175788327
COHFACE_s10_session0_lamp,2,100,23.333333333333332,-0.44055694341659546,-0.099451518899695
COHFACE_s10_session0_lamp,2,101,23.366666666666667,-0.6766707897186279,-0.4822442799607017
COHFACE_s10_session0_lamp,2,102,23.4,-0.8484662175178528,-0.8067888450441192
COHFACE_s10_session0_lamp,2,103,23.433333333333334,-0.9609671831130981,-1.0518335176156663
COHFACE_s10_session0_lamp,2,104,23.466666666666665,-1.0327959060668945,-1.2049227464962688
COHFACE_s10_session0_lamp,2,105,23.5,-1.0975030660629272,-1.2588606080788658
COHFACE_s10_session0_lamp,2,106,23.533333333333335,-1.1775071620941162,-1.2091185748787234
COHFACE_s10_session0_lamp,2,107,23.566666666666666,-1.26010000705719,-1.05646328912286
COHFACE_s10_session0_lamp,2,108,23.6,-1.035619854927063,-0.8129168588112364
COHFACE_s10_session0_lamp,2,109,23.633333333333333,0.1200241819024086,-0.5034904215762402
COHFACE_s10_session0_lamp,2,110,23.666666666666668,1.5328396558761597,-0.16135530322114394
COHFACE_s10_session0_lamp,2,111,23.7,2.082820415496826,0.17999097448459178
COHFACE_s10_session0_lamp,2,112,23.733333333333334,1.8081523180007935,0.49317086719941694
COHFACE_s10_session0_lamp,2,113,23.766666666666666,1.3023123741149902,0.7578399996709767
COHFACE_s10_session0_lamp,2,114,23.8,0.890709400177002,0.957661516416695
COHFACE_s10_session0_lamp,2,115,23.833333333333332,0.5817742943763733,1.0801250759813696
COHFACE_s10_session0_lamp,2,116,23.866666666666667,0.4462513327598572,1.1198687056900198
COHFACE_s10_session0_lamp,2,117,23.9,0.49175310134887695,1.0798483164315598
COHFACE_s10_session0_lamp,2,118,23.933333333333334,0.5195432305335999,0.9681576894688245
COHFACE_s10_session0_lamp,2,119,23.966666666666665,0.3806129992008209,0.7924421561544015
COHFACE_s10_session0_lamp,2,120,24.0,0.10301858186721802,0.5558883838286584
COHFACE_s10_session0_lamp,2,121,24.033333333333335,-0.21837906539440155,0.2597773695063862
COHFACE_s10_session0_lamp,2,122,24.066666666666666,-0.5157826542854309,-0.0878091055846864
COHFACE_s10_session0_lamp,2,123,24.1,-0.7543522119522095,-0.4629476144530839
COHFACE_s10_session0_lamp,2,124,24.133333333333333,-0.9136952757835388,-0.8231617842940034
COHFACE_s10_session0_lamp,2,125,24.166666666666668,-1.0141122341156006,-1.1168318291469392
COHFACE_s10_session0_lamp,2,126,24.2,-1.0834136009216309,-1.30070309161998
COHFACE_s10_session0_lamp,2,127,24.233333333333334,-1.1428922414779663,-1.3525399551210475
COHFACE_s10_session0_lamp,2,128,24.266666666666666,-1.2088068723678589,-1.2731989078173638
COHFACE_s10_session0_lamp,2,129,24.3,-1.2933744192123413,-1.0808935201034735
COHFACE_s10_session0_lamp,2,130,24.333333333333332,-1.3024502992630005,-0.8024650914737588
COHFACE_s10_session0_lamp,2,131,24.366666666666667,-0.6528404355049133,-0.46721790292514936
COHFACE_s10_session0_lamp,2,132,24.4,0.7699512243270874,-0.10451496828182458
COHFACE_s10_session0_lamp,2,133,24.433333333333334,1.7978895902633667,0.258121980965304
COHFACE_s10_session0_lamp,2,134,24.466666666666665,1.8792340755462646,0.5973324592851169
COHFACE_s10_session0_lamp,2,135,24.5,1.4177294969558716,0.8948725029873791
COHFACE_s10_session0_lamp,2,136,24.533333333333335,0.9182130098342896,1.1364310082897109
COHFACE_s10_session0_lamp,2,137,24.566666666666666,0.5426368713378906,1.3087847751557018
COHFACE_s10_session0_lamp,2,138,24.6,0.32709959149360657,1.3972911203522067
COHFACE_s10_session0_lamp,2,139,24.633333333333333,0.34798312187194824,1.3867479647384244
COHFACE_s10_session0_lamp,2,140,24.666666666666668,0.4477861523628235,1.265770098654654
COHFACE_s10_session0_lamp,2,141,24.7,0.4106541872024536,1.0318722150646107
COHFACE_s10_session0_lamp,2,142,24.733333333333334,0.19671308994293213,0.6952426474773337
COHFACE_s10_session0_lamp,2,143,24.766666666666666,-0.10525397211313248,0.28039190503333217
COHFACE_s10_session0_lamp,2,144,24.8,-0.4104645848274231,-0.1751428693153011
COHFACE_s10_session0_lamp,2,145,24.833333333333332,-0.6702655553817749,-0.625691943807798
COHFACE_s10_session0_lamp,2,146,24.866666666666667,-0.8621566295623779,-1.024871700080856
COHFACE_s10_session0_lamp,2,147,24.9,-0.9898214340209961,-1.3328632283222293
COHFACE_s10_session0_lamp,2,148,24.933333333333334,-1.0643820762634277,-1.5216367537404225
COHFACE_s10_session0_lamp,2,149,24.966666666666665,-1.1135776042938232,-1.5772569008312534
COHFACE_s10_session0_lamp,2,150,25.0,-1.1724014282226562,-1.4995123337440228
COHFACE_s10_session0_lamp,2,151,25.033333333333335,-1.255495548248291,-1.300050221839091
COHFACE_s10_session0_lamp,2,152,25.066666666666666,-1.3479008674621582,-0.9995638996804357
COHFACE_s10_session0_lamp,2,153,25.1,-1.1729846000671387,-0.6238732152233103
COHFACE_s10_session0_lamp,2,154,25.133333333333333,-0.13504958152770996,-0.2008493497798884
COHFACE_s10_session0_lamp,2,155,25.166666666666668,1.2175402641296387,0.23821751839486485
COHFACE_s10_session0_lamp,2,156,25.2,1.7999258041381836,0.6553111865050937
COHFACE_s10_session0_lamp,2,157,25.233333333333334,1.5794566869735718,1.0083255125616861
COHFACE_s10_session0_lamp,2,158,25.266666666666666,1.0473614931106567,1.2604938827258838
COHFACE_s10_session0_lamp,2,159,25.3,0.5625074505805969,1.3900491558004378
COHFACE_s10_session0_lamp,2,160,25.333333333333332,0.22283540666103363,1.395187519192374
COHFACE_s10_session0_lamp,2,161,25.366666666666667,0.12568248808383942,1.292207656288263
COHFACE_s10_session0_lamp,2,162,25.4,0.24412822723388672,1.1079142012781242
COHFACE_s10_session0_lamp,2,163,25.433333333333334,0.3317551612854004,0.8703315795277882
COHFACE_s10_session0_lamp,2,164,25.466666666666665,0.23536962270736694,0.6009807521582969
COHFACE_s10_session0_lamp,2,165,25.5,-0.013779808767139912,0.310572954276706
COHFACE_s10_session0_lamp,2,166,25.533333333333335,-0.32219305634498596,0.00040765366728400844
COHFACE_s10_session0_lamp,2,167,25.566666666666666,-0.6156266331672668,-0.32836147241346253
COHFACE_s10_session0_lamp,2,168,25.6,-0.8454887270927429,-0.6625193418812985
COHFACE_s10_session0_lamp,2,169,25.633333333333333,-1.0053945779800415,-0.9725290128700488
COHFACE_s10_session0_lamp,2,170,25.666666666666668,-1.0937684774398804,-1.2189468774595797
COHFACE_s10_session0_lamp,2,171,25.7,-1.147445559501648,-1.3634260103929856
COHFACE_s10_session0_lamp,2,172,25.733333333333334,-1.1940217018127441,-1.3794391220540012
COHFACE_s10_session0_lamp,2,173,25.766666666666666,-1.246522068977356,-1.260141193902013
COHFACE_s10_session0_lamp,2,174,25.8,-1.3080778121948242,-1.0214406746236968
COHFACE_s10_session0_lamp,2,175,25.833333333333332,-1.330895185470581,-0.6992356858800606
COHFACE_s10_session0_lamp,2,176,25.866666666666667,-0.7901437878608704,-0.3409409150594446
COHFACE_s10_session0_lamp,2,177,25.9,0.5280665159225464,0.007307694971367829
COHFACE_s10_session0_lamp,2,178,25.933333333333334,1.5705138444900513,0.31302898056712475
COHFACE_s10_session0_lamp,2,179,25.966666666666665,1.7222033739089966,0.5621943242095558
COHFACE_s10_session0_lamp,2,180,26.0,1.331473708152771,0.755285207635411
COHFACE_s10_session0_lamp,2,181,26.033333333333335,0.8288261890411377,0.8996103768025406
COHFACE_s10_session0_lamp,2,182,26.066666666666666,0.4101630449295044,1.0020005215926189
COHFACE_s10_session0_lamp,2,183,26.1,0.15474139153957367,1.0641649223363157
COHFACE_s10_session0_lamp,2,184,26.133333333333333,0.16295769810676575,1.0813878222431819
COHFACE_s10_session0_lamp,2,185,26.166666666666668,0.304333359003067,1.0436608729495582
COHFACE_s10_session0_lamp,2,186,26.2,0.3506127595901489,0.9390677754568797
COHFACE_s10_session0_lamp,2,187,26.233333333333334,0.22329585254192352,0.7599594967793721
COHFACE_s10_session0_lamp,2,188,26.266666666666666,-0.04799564927816391,0.5095920181100251
COHFACE_s10_session0_lamp,2,189,26.3,-0.35515034198760986,0.20448206189412932
COHFACE_s10_session0_lamp,2,190,26.333333333333332,-0.618798553943634,-0.1286657241905017
COHFACE_s10_session0_lamp,2,191,26.366666666666667,-0.8161842226982117,-0.4587591664523669
COHFACE_s10_session0_lamp,2,192,26.4,-0.9488115310668945,-0.7563015465449654
COHFACE_s10_session0_lamp,2,193,26.433333333333334,-1.0277924537658691,-0.9977314500509165
COHFACE_s10_session0_lamp,2,194,26.466666666666665,-1.0860637426376343,-1.1665707654683033
COHFACE_s10_session0_lamp,2,195,26.5,-1.1524490118026733,-1.2504266265255728
COHFACE_s10_session0_lamp,2,196,26.533333333333335,-1.224216341972351,-1.2373181453512596
COHFACE_s10_session0_lamp,2,197,26.566666666666666,-1.0600028038024902,-1.118250591391207
COHFACE_s10_session0_lamp,2,198,26.6,-0.08938413113355637,-0.8955780025503733
COHFACE_s10_session0_lamp,2,199,26.633333333333333,1.213058590888977,-0.5893386361793703
COHFACE_s10_session0_lamp,2,200,26.666666666666668,1.800048589706421,-0.23676997816697157
COHFACE_s10_session0_lamp,2,201,26.7,1.6230859756469727,0.11551878051942369
COHFACE_s10_session0_lamp,2,202,26.733333333333334,1.1536719799041748,0.4236054300198304
COHFACE_s10_session0_lamp,2,203,26.766666666666666,0.6971402168273926,0.6564578981652304
COHFACE_s10_session0_lamp,2,204,26.8,0.3342210650444031,0.8008279860018432
COHFACE_s10_session0_lamp,2,205,26.833333333333332,0.16819648444652557,0.860659966311953
COHFACE_s10_session0_lamp,2,206,26.866666666666667,0.2410586178302765,0.8521830032364269
COHFACE_s10_session0_lamp,2,207,26.9,0.3547874093055725,0.7968585356580968
COHFACE_s10_session0_lamp,2,208,26.933333333333334,0.31881165504455566,0.7135460318045913
COHFACE_s10_session0_lamp,2,209,26.966666666666665,0.11770151555538177,0.6103620326581263
COHFACE_s10_session0_lamp,2,210,27.0,-0.17355263233184814,0.48029730860700237
COHFACE_s10_session0_lamp,2,211,27.033333333333335,-0.46809127926826477,0.30731349631649113
COHFACE_s10_session0_lamp,2,212,27.066666666666666,-0.7153989672660828,0.0815381105296511
COHFACE_s10_session0_lamp,2,213,27.1,-0.8817406892776489,-0.1858005094481708
COHFACE_s10_session0_lamp,2,214,27.133333333333333,-0.9849714636802673,-0.4568354893733427
COHFACE_s10_session0_lamp,2,215,27.166666666666668,-1.0588260889053345,-0.6775971242988981
COHFACE_s10_session0_lamp,2,216,27.2,-1.1170257329940796,-0.7997442396958095
COHFACE_s10_session0_lamp,2,217,27.233333333333334,-1.1768829822540283,-0.7981587049014568
COHFACE_s10_session0_lamp,2,218,27.266666666666666,-1.0348013639450073,-0.6764144527452479
COHFACE_s10_session0_lamp,2,219,27.3,-0.06897126883268356,-0.4612354470294501
COHFACE_s10_session0_lamp,2,220,27.333333333333332,1.3631417751312256,-0.1910682286124003
COHFACE_s10_session0_lamp,2,221,27.366666666666667,2.095733165740967,0.09351099707276805
COHFACE_s10_session0_lamp,2,222,27.4,1.958624243736267,0.3550828033680828
COHFACE_s10_session0_lamp,2,223,27.433333333333334,1.4629344940185547,0.5634831519652805
COHFACE_s10_session0_lamp,2,224,27.466666666666665,1.002811312675476,0.6992798668256168
COHFACE_s10_session0_lamp,2,225,27.5,0.6550866365432739,0.7542738218240389
COHFACE_s10_session0_lamp,2,226,27.533333333333335,0.45114225149154663,0.7288677290991087
COHFACE_s10_session0_lamp,2,227,27.566666666666666,0.46234628558158875,0.6283989155724112
COHFACE_s10_session0_lamp,2,228,27.6,0.531964898109436,0.46037313054761764
COHFACE_s10_session0_lamp,2,229,27.633333333333333,0.4803955554962158,0.23393516742813047
COHFACE_s10_session0_lamp,2,230,27.666666666666668,0.2569591701030731,-0.03846689103541716
COHFACE_s10_session0_lamp,2,231,27.7,-0.060376379638910294,-0.3386119050338461
COHFACE_s10_session0_lamp,2,232,27.733333333333334,-0.38299164175987244,-0.6406198499396828
COHFACE_s10_session0_lamp,2,233,27.766666666666666,-0.6581712961196899,-0.9107341449170078
COHFACE_s10_session0_lamp,2,234,27.8,-0.8586879968643188,-1.1103772701361152
COHFACE_s10_session0_lamp,2,235,27.833333333333332,-0.9905274510383606,-1.2041181482327552
COHFACE_s10_session0_lamp,2,236,27.866666666666667,-1.0791468620300293,-1.1695756422976962
COHFACE_s10_session0_lamp,2,237,27.9,-1.1455117464065552,-1.0022768039007042
COHFACE_s10_session0_lamp,2,238,27.933333333333334,-1.2067195177078247,-0.7147345084436918
COHFACE_s10_session0_lamp,2,239,27.966666666666665,-1.2861199378967285,-0.33526050358950477
COHFACE_s10_session0_lamp,2,240,28.0,-1.2489880323410034,0.0933255345415259
COHFACE_s10_session0_lamp,2,241,28.033333333333335,-0.4052053391933441,0.5202897672884126
COHFACE_s10_session0_lamp,2,242,28.066666666666666,1.153262734413147,0.8981361360854379
COHFACE_s10_session0_lamp,2,243,28.1,2.0986902713775635,1.1915659346627139
COHFACE_s10_session0_lamp,2,244,28.133333333333333,2.049443483352661,1.3804617063839815
COHFACE_s10_session0_lamp,2,245,28.166666666666668,1.5436344146728516,1.456915495697002
COHFACE_s10_session0_lamp,2,246,28.2,1.0765430927276611,1.4194894614508289
COHFACE_s10_session0_lamp,2,247,28.233333333333334,0.7453329563140869,1.2701918160021153
COHFACE_s10_session0_lamp,2,248,28.266666666666666,0.5063234567642212,1.01600399081749
COHFACE_s10_session0_lamp,2,249,28.3,0.4467833936214447,0.6727050013947655
COHFACE_s10_session0_lamp,2,250,28.333333333333332,0.504727303981781,0.26725093510002274
COHFACE_s10_session0_lamp,2,251,28.366666666666667,0.47113558650016785,-0.16548751153289362
COHFACE_s10_session0_lamp,2,252,28.4,0.2753461003303528,-0.589810280530893
COHFACE_s10_session0_lamp,2,253,28.433333333333334,-0.020942214876413345,-0.9727279471358687
COHFACE_s10_session0_lamp,2,254,28.466666666666665,-0.3474251627922058,-1.282956237763491
COHFACE_s10_session0_lamp,2,255,28.5,-0.6401322484016418,-1.4909209647734645
COHFACE_s10_session0_lamp,2,256,28.533333333333335,-0.8627910614013672,-1.5726838054707408
COHFACE_s10_session0_lamp,2,257,28.566666666666666,-1.0152376890182495,-1.517118213271524
COHFACE_s10_session0_lamp,2,258,28.6,-1.1101806163787842,-1.3320873025184692
COHFACE_s10_session0_lamp,2,259,28.633333333333333,-1.1723809242248535,-1.0428557103953076
COHFACE_s10_session0_lamp,2,260,28.666666666666668,-1.2331795692443848,-0.6828082096315641
COHFACE_s10_session0_lamp,2,261,28.7,-1.3110860586166382,-0.28344368452328184
COHFACE_s10_session0_lamp,2,262,28.733333333333334,-1.3877545595169067,0.13085328147972342
COHFACE_s10_session0_lamp,2,263,28.766666666666666,-1.1093926429748535,0.5405590512369265
COHFACE_s10_session0_lamp,2,264,28.8,0.12696148455142975,0.9241814118586771
COHFACE_s10_session0_lamp,2,265,28.833333333333332,1.5066968202590942,1.2545538441221018
COHFACE_s10_session0_lamp,2,266,28.866666666666667,1.931447982788086,1.5009293150420406
COHFACE_s10_session0_lamp,2,267,28.9,1.5747089385986328,1.6338675297244611
COHFACE_s10_session0_lamp,2,268,28.933333333333334,1.0397999286651611,1.6309664402250703
COHFACE_s10_session0_lamp,2,269,28.966666666666665,0.6188653707504272,1.4829692319716004
COHFACE_s10_session0_lamp,2,270,29.0,0.32126733660697937,1.1985246035357622
COHFACE_s10_session0_lamp,2,271,29.033333333333335,0.20933939516544342,0.8048887460507175
COHFACE_s10_session0_lamp,2,272,29.066666666666666,0.30219489336013794,0.3434570206687786
COHFACE_s10_session0_lamp,2,273,29.1,0.3879084289073944,-0.13906411649216277
COHFACE_s10_session0_lamp,2,274,29.133333333333333,0.29560545086860657,-0.6002796189662563
COHFACE_s10_session0_lamp,2,275,29.166666666666668,0.05538857728242874,-1.0069604448186977
COHFACE_s10_session0_lamp,2,276,29.2,-0.24455255270004272,-1.3343114807244763
COHFACE_s10_session0_lamp,2,277,29.233333333333334,-0.5388661026954651,-1.5636385217263324
COHFACE_s10_session0_lamp,2,278,29.266666666666666,-0.7868490815162659,-1.6809515718770076
COHFACE_s10_session0_lamp,2,279,29.3,-0.9612741470336914,-1.6769082612522737
COHFACE_s10_session0_lamp,2,280,29.333333333333332,-1.0725882053375244,-1.548645460503735
COHFACE_s10_session0_lamp,2,281,29.366666666666667,-1.1381856203079224,-1.3040296219170369
COHFACE_s10_session0_lamp,2,282,29.4,-1.1776196956634521,-0.9657720132580909
COHFACE_s10_session0_lamp,2,283,29.433333333333334,-1.2227940559387207,-0.5703902785631071
COHFACE_s10_session0_lamp,2,284,29.466666666666665,-1.2861301898956299,-0.16099654834082897
COHFACE_s10_session0_lamp,2,285,29.5,-1.369930386543274,0.22274041992066937
COHFACE_s10_session0_lamp,2,286,29.533333333333335,-1.1257638931274414,0.5528963997276158
COHFACE_s10_session0_lamp,2,287,29.566666666666666,0.04473705589771271,0.8151061215373769
COHFACE_s10_session0_lamp,2,288,29.6,1.3666512966156006,1.0046326376192531
COHFACE_s10_session0_lamp,2,289,29.633333333333333,1.7869720458984375,1.122609840224617
COHFACE_s10_session0_lamp,2,290,29.666666666666668,1.4573273658752441,1.174741034909437
COHFACE_s10_session0_lamp,2,291,29.7,0.9395160675048828,1.1705491616799433
COHFACE_s10_session0_lamp,2,292,29.733333333333334,0.5051058530807495,1.1216775613096102
COHFACE_s10_session0_lamp,2,293,29.766666666666666,0.20889942348003387,1.038679551871672
COHFACE_s10_session0_lamp,2,294,29.8,0.16198565065860748,0.9278586570878519
COHFACE_s10_session0_lamp,2,295,29.833333333333332,0.3360014259815216,0.7914805009259708
COHFACE_s10_session0_lamp,2,296,29.866666666666667,0.4644950032234192,0.6312116514413287
COHFACE_s10_session0_lamp,2,297,29.9,0.3951219916343689,0.45120109480632986
COHFACE_s10_session0_lamp,2,298,29.933333333333334,0.15633758902549744,0.2588149220164929
COHFACE_s10_session0_lamp,2,299,29.966666666666665,-0.14481092989444733,0.06312353444047804
COHFACE_s10_session0_lamp,3,0,30.0,-0.43293407559394836,-0.00425341342767142
COHFACE_s10_session0_lamp,3,1,30.033333333333335,-0.6600540280342102,0.09370658898893086
COHFACE_s10_session0_lamp,3,2,30.066666666666666,-0.8085920810699463,0.15180858999587743
COHFACE_s10_session0_lamp,3,3,30.1,-0.8949093222618103,0.14337104046227953
COHFACE_s10_session0_lamp,3,4,30.133333333333333,-0.9522290229797363,0.06831958834175733
COHFACE_s10_session0_lamp,3,5,30.166666666666668,-1.0107356309890747,-0.04767349091789729
COHFACE_s10_session0_lamp,3,6,30.2,-1.0850712060928345,-0.166502015847504
COHFACE_s10_session0_lamp,3,7,30.233333333333334,-1.0918959379196167,-0.25265901929506024
COHFACE_s10_session0_lamp,3,8,30.266666666666666,-0.4905402958393097,-0.2833643666915447
COHFACE_s10_session0_lamp,3,9,30.3,0.7965032458305359,-0.2526983059479104
COHFACE_s10_session0_lamp,3,10,30.333333333333332,1.6699485778808594,-0.17118278468168596
COHFACE_s10_session0_lamp,3,11,30.366666666666667,1.653475046157837,-0.0640935986376085
COHFACE_s10_session0_lamp,3,12,30.4,1.1979151964187622,0.0327941423265194
COHFACE_s10_session0_lamp,3,13,30.433333333333334,0.7149131894111633,0.08538625711977323
COHFACE_s10_session0_lamp,3,14,30.466666666666665,0.32369232177734375,0.07743207003118728
COHFACE_s10_session0_lamp,3,15,30.5,0.12097575515508652,0.01811000260995558
COHFACE_s10_session0_lamp,3,16,30.533333333333335,0.21820031106472015,-0.06328608542956284
COHFACE_s10_session0_lamp,3,17,30.566666666666666,0.39985939860343933,-0.13059682260917702
COHFACE_s10_session0_lamp,3,18,30.6,0.43524169921875,-0.15530770345353445
COHFACE_s10_session0_lamp,3,19,30.633333333333333,0.29548269510269165,-0.125469039961826
COHFACE_s10_session0_lamp,3,20,30.666666666666668,0.034464117139577866,-0.04676685959973709
COHFACE_s10_session0_lamp,3,21,30.7,-0.26379895210266113,0.061626789568727004
COHFACE_s10_session0_lamp,3,22,30.733333333333334,-0.5120991468429565,0.17371889883059097
COHFACE_s10_session0_lamp,3,23,30.766666666666666,-0.6872916221618652,0.26377575105534223
COHFACE_s10_session0_lamp,3,24,30.8,-0.7990456223487854,0.31172747573374965
COHFACE_s10_session0_lamp,3,25,30.833333333333332,-0.8711710572242737,0.3051555360292425
COHFACE_s10_session0_lamp,3,26,30.866666666666667,-0.9328905344009399,0.2399589900923938
COHFACE_s10_session0_lamp,3,27,30.9,-1.0037881135940552,0.12484333913695389
COHFACE_s10_session0_lamp,3,28,30.933333333333334,-1.0343307256698608,-0.013335620562242563
COHFACE_s10_session0_lamp,3,29,30.966666666666665,-0.5621132254600525,-0.1337031763518816
COHFACE_s10_session0_lamp,3,30,31.0,0.7083442807197571,-0.19595852177647202
COHFACE_s10_session0_lamp,3,31,31.033333333333335,1.7571150064468384,-0.17654467834708956
COHFACE_s10_session0_lamp,3,32,31.066666666666666,1.897487998008728,-0.07871500395487042
COHFACE_s10_session0_lamp,3,33,31.1,1.4946537017822266,0.0682540810748434
COHFACE_s10_session0_lamp,3,34,31.133333333333333,1.0270202159881592,0.21938986047919765
COHFACE_s10_session0_lamp,3,35,31.166666666666668,0.6443942189216614,0.32691618807553474
COHFACE_s10_session0_lamp,3,36,31.2,0.3831198513507843,0.3520329395054752
COHFACE_s10_session0_lamp,3,37,31.233333333333334,0.3854220509529114,0.2757695763380739
COHFACE_s10_session0_lamp,3,38,31.266666666666666,0.5374696850776672,0.1062408454600389
COHFACE_s10_session0_lamp,3,39,31.3,0.5915765762329102,-0.12288595304943876
COHFACE_s10_session0_lamp,3,40,31.333333333333332,0.45801815390586853,-0.3628183153303195
COHFACE_s10_session0_lamp,3,41,31.366666666666667,0.1923133283853531,-0.5638693982500309
COHFACE_s10_session0_lamp,3,42,31.4,-0.12133869528770447,-0.6882797153965259
COHFACE_s10_session0_lamp,3,43,31.433333333333334,-0.39528027176856995,-0.7173138699246635
COHFACE_s10_session0_lamp,3,44,31.466666666666665,-0.5950602889060974,-0.6520226322244106
COHFACE_s10_session0_lamp,3,45,31.5,-0.7276159524917603,-0.5106253797807513
COHFACE_s10_session0_lamp,3,46,31.533333333333335,-0.808377206325531,-0.32377873436797666
COHFACE_s10_session0_lamp,3,47,31.566666666666666,-0.8747317790985107,-0.12703102035179187
COHFACE_s10_session0_lamp,3,48,31.6,-0.9482282996177673,0.04859728241708891
COHFACE_s10_session0_lamp,3,49,31.633333333333333,-0.9957355260848999,0.1852571240745622
COHFACE_s10_session0_lamp,3,50,31.666666666666668,-0.5797634124755859,0.2829816374758843
COHFACE_s10_session0_lamp,3,51,31.7,0.7138081789016724,0.357416193654411
COHFACE_s10_session0_lamp,3,52,31.733333333333334,1.8944900035858154,0.4313070406360188
COHFACE_s10_session0_lamp,3,53,31.766666666666666,2.138472318649292,0.5241531904971314
COHFACE_s10_session0_lamp,3,54,31.8,1.782336950302124,0.6430498881169221
COHFACE_s10_session0_lamp,3,55,31.833333333333332,1.3269203901290894,0.7759112659200896
COHFACE_s10_session0_lamp,3,56,31.866666666666667,0.9584964513778687,0.8902954873896596
COHFACE_s10_session0_lamp,3,57,31.9,0.6841251254081726,0.9423818178557469
COHFACE_s10_session0_lamp,3,58,31.933333333333334,0.6038243174552917,0.8935597331457475
COHFACE_s10_session0_lamp,3,59,31.966666666666665,0.6851892471313477,0.7253935524004145
COHFACE_s10_session0_lamp,3,60,32.0,0.7173995971679688,0.4461268375569479
COHFACE_s10_session0_lamp,3,61,32.03333333333333,0.5784898400306702,0.08580248411492439
COHFACE_s10_session0_lamp,3,62,32.06666666666667,0.3029725253582001,-0.31545827355938455
COHFACE_s10_session0_lamp,3,63,32.1,-0.022497480735182762,-0.7152688963813977
COHFACE_s10_session0_lamp,3,64,32.13333333333333,-0.31144943833351135,-1.0707460910664373
COHFACE_s10_session0_lamp,3,65,32.166666666666664,-0.5271708965301514,-1.3410419194363907
COHFACE_s10_session0_lamp,3,66,32.2,-0.67079758644104,-1.4927648130200755
COHFACE_s10_session0_lamp,3,67,32.233333333333334,-0.7627629041671753,-1.5049373165897815
COHFACE_s10_session0_lamp,3,68,32.266666666666666,-0.838459312915802,-1.3722211115956722
COHFACE_s10_session0_lamp,3,69,32.3,-0.9146775603294373,-1.1074199355573018
COHFACE_s10_session0_lamp,3,70,32.333333333333336,-1.005824327468872,-0.7423074886685663
COHFACE_s10_session0_lamp,3,71,32.36666666666667,-1.0225024223327637,-0.32404928193969007
COHFACE_s10_session0_lamp,3,72,32.4,-0.34508204460144043,0.09349270073964935
COHFACE_s10_session0_lamp,3,73,32.43333333333333,1.1482183933258057,0.4618677580353509
COHFACE_s10_session0_lamp,3,74,32.46666666666667,2.189396858215332,0.7496154428466717
COHFACE_s10_session0_lamp,3,75,32.5,2.2775251865386963,0.9478544321994391
COHFACE_s10_session0_lamp,3,76,32.53333333333333,1.885434627532959,1.0676569338483302
COHFACE_s10_session0_lamp,3,77,32.56666666666667,1.4684085845947266,1.130696110385299
COHFACE_s10_session0_lamp,3,78,32.6,1.1502443552017212,1.1571478487880962
COHFACE_s10_session0_lamp,3,79,32.63333333333333,0.8879978656768799,1.1564951772954593
COHFACE_s10_session0_lamp,3,80,32.666666666666664,0.7833449244499207,1.1244686087438525
COHFACE_s10_session0_lamp,3,81,32.7,0.7913463115692139,1.0463441437565693
COHFACE_s10_session0_lamp,3,82,32.733333333333334,0.7341391444206238,0.9043338538144526
COHFACE_s10_session0_lamp,3,83,32.766666666666666,0.5289566516876221,0.6848986727810601
COHFACE_s10_session0_lamp,3,84,32.8,0.2115597426891327,0.3842742765001961
COHFACE_s10_session0_lamp,3,85,32.833333333333336,-0.12715047597885132,0.013149113354364837
COHFACE_s10_session0_lamp,3,86,32.86666666666667,-0.4246154725551605,-0.40028781319169143
COHFACE_s10_session0_lamp,3,87,32.9,-0.648880660533905,-0.8114285138142944
COHFACE_s10_session0_lamp,3,88,32.93333333333333,-0.7988000512123108,-1.1662276024162828
COHFACE_s10_session0_lamp,3,89,32.96666666666667,-0.8959734439849854,-1.414506631196459
COHFACE_s10_session0_lamp,3,90,33.0,-0.9684262871742249,-1.5249171992601753
COHFACE_s10_session0_lamp,3,91,33.03333333333333,-1.0407154560089111,-1.4927030878076142
COHFACE_s10_session0_lamp,3,92,33.06666666666667,-1.1330286264419556,-1.3370798186580009
COHFACE_s10_session0_lamp,3,93,33.1,-1.2493563890457153,-1.0914034962468353
COHFACE_s10_session0_lamp,3,94,33.13333333333333,-1.2620235681533813,-0.7912620957915222
COHFACE_s10_session0_lamp,3,95,33.166666666666664,-0.4797455370426178,-0.46638674119650786
COHFACE_s10_session0_lamp,3,96,33.2,1.1236001253128052,-0.13832630072527213
COHFACE_s10_session0_lamp,3,97,33.233333333333334,2.1650242805480957,0.178370692414632
COHFACE_s10_session0_lamp,3,98,33.266666666666666,2.2009387016296387,0.4734869089462506
COHFACE_s10_session0_lamp,3,99,33.3,1.7690762281417847,0.7381823805427303
COHFACE_s10_session0_lamp,3,100,33.333333333333336,1.3515795469284058,0.9627518438838031
COHFACE_s10_session0_lamp,3,101,33.36666666666667,1.0426445007324219,1.135729273232517
COHFACE_s10_session0_lamp,3,102,33.4,0.7751388549804688,1.2444711646119258
COHFACE_s10_session0_lamp,3,103,33.43333333333333,0.6682859659194946,1.276864089500527
COHFACE_s10_session0_lamp,3,104,33.46666666666667,0.6840739250183105,1.223677899959327
COHFACE_s10_session0_lamp,3,105,33.5,0.6303763389587402,1.0810427083441103
COHFACE_s10_session0_lamp,3,106,33.53333333333333,0.4255724549293518,0.8524012734299157
COHFACE_s10_session0_lamp,3,107,33.56666666666667,0.11436587572097778,0.5492533114060711
COHFACE_s10_session0_lamp,3,108,33.6,-0.21588246524333954,0.19064372501534896
COHFACE_s10_session0_lamp,3,109,33.63333333333333,-0.5054687857627869,-0.19804707983532233
COHFACE_s10_session0_lamp,3,110,33.666666666666664,-0.7214767336845398,-0.5863079216848511
COHFACE_s10_session0_lamp,3,111,33.7,-0.8694316148757935,-0.9390441675043922
COHFACE_s10_session0_lamp,3,112,33.733333333333334,-0.9683035016059875,-1.218393617898334
COHFACE_s10_session0_lamp,3,113,33.766666666666666,-1.0406131744384766,-1.3906794421000794
COHFACE_s10_session0_lamp,3,114,33.8,-1.1041334867477417,-1.4363161923496135
COHFACE_s10_session0_lamp,3,115,33.833333333333336,-1.1800754070281982,-1.354827278575508
COHFACE_s10_session0_lamp,3,116,33.86666666666667,-1.2870101928710938,-1.162392725489825
COHFACE_s10_session0_lamp,3,117,33.9,-1.3973419666290283,-0.8852190113771915
COHFACE_s10_session0_lamp,3,118,33.93333333333333,-1.139955759048462,-0.5522507619549629
COHFACE_s10_session0_lamp,3,119,33.96666666666667,0.15040302276611328,-0.19014069026431005
COHFACE_s10_session0_lamp,3,120,34.0,1.6275368928909302,0.17839212088772904
COHFACE_s10_session0_lamp,3,121,34.03333333333333,2.123267412185669,0.5336071646717607
COHFACE_s10_session0_lamp,3,122,34.06666666666667,1.823786735534668,0.8569201670991498
COHFACE_s10_session0_lamp,3,123,34.1,1.3126262426376343,1.1303851236173814
COHFACE_s10_session0_lamp,3,124,34.13333333333333,0.900675356388092,1.3374825544927031
COHFACE_s10_session0_lamp,3,125,34.166666666666664,0.5866856575012207,1.4631016508634787
COHFACE_s10_session0_lamp,3,126,34.2,0.4502827525138855,1.492979167119696
COHFACE_s10_session0_lamp,3,127,34.233333333333334,0.5147342085838318,1.4151694193837734
COHFACE_s10_session0_lamp,3,128,34.266666666666666,0.5540046095848083,1.223813056201707
COHFACE_s10_session0_lamp,3,129,34.3,0.4181133210659027,0.9230131493664789
COHFACE_s10_session0_lamp,3,130,34.333333333333336,0.13755160570144653,0.5292710050157023
COHFACE_s10_session0_lamp,3,131,34.36666666666667,-0.1981094628572464,0.07188852565231697
COHFACE_s10_session0_lamp,3,132,34.4,-0.5111782550811768,-0.40893500812747136
COHFACE_s10_session0_lamp,3,133,34.43333333333333,-0.7570022940635681,-0.8662176647269851
COHFACE_s10_session0_lamp,3,134,34.46666666666667,-0.9204893112182617,-1.2524178072929253
COHFACE_s10_session0_lamp,3,135,34.5,-1.0282835960388184,-1.5275112054844444
COHFACE_s10_session0_lamp,3,136,34.53333333333333,-1.1025986671447754,-1.6668565703016351
COHFACE_s10_session0_lamp,3,137,34.56666666666667,-1.1630187034606934,-1.6652765162438279
COHFACE_s10_session0_lamp,3,138,34.6,-1.222988486289978,-1.5357078970062068
COHFACE_s10_session0_lamp,3,139,34.63333333333333,-1.2971091270446777,-1.3030600503915177
COHFACE_s10_session0_lamp,3,140,34.666666666666664,-1.3926454782485962,-0.9957811471044159
COHFACE_s10_session0_lamp,3,141,34.7,-1.4920084476470947,-0.6389836696655659
COHFACE_s10_session0_lamp,3,142,34.733333333333334,-1.2217094898223877,-0.25183564843190476
COHFACE_s10_session0_lamp,3,143,34.766666666666666,0.09993874281644821,0.1497814268275509
COHFACE_s10_session0_lamp,3,144,34.8,1.6076151132583618,0.5477101694883516
COHFACE_s10_session0_lamp,3,145,34.833333333333336,2.1217939853668213,0.9181590503056147
COHFACE_s10_session0_lamp,3,146,34.86666666666667,1.822804570198059,1.2327892404508867
COHFACE_s10_session0_lamp,3,147,34.9,1.2845394611358643,1.4630817700607948
COHFACE_s10_session0_lamp,3,148,34.93333333333333,0.8422710299491882,1.5860464863013204
COHFACE_s10_session0_lamp,3,149,34.96666666666667,0.5173842906951904,1.5890042755905662
COHFACE_s10_session0_lamp,3,150,35.0,0.39693304896354675,1.4719527244479431
COHFACE_s10_session0_lamp,3,151,35.03333333333333,0.4864938259124756,1.2470651753408273
COHFACE_s10_session0_lamp,3,152,35.06666666666667,0.5438135266304016,0.9358176769669379
COHFACE_s10_session0_lamp,3,153,35.1,0.41673198342323303,0.5650448009614775
COHFACE_s10_session0_lamp,3,154,35.13333333333333,0.1354438215494156,0.16325005702283804
COHFACE_s10_session0_lamp,3,155,35.166666666666664,-0.20747174322605133,-0.24173088566207793
COHFACE_s10_session0_lamp,3,156,35.2,-0.5247765779495239,-0.6235890522252835
COHFACE_s10_session0_lamp,3,157,35.233333333333334,-0.7725958824157715,-0.9577208559910813
COHFACE_s10_session0_lamp,3,158,35.266666666666666,-0.943132758140564,-1.2216977642054665
COHFACE_s10_session0_lamp,3,159,35.3,-1.0517046451568604,-1.3968714966519669
COHFACE_s10_session0_lamp,3,160,35.333333333333336,-1.122469186782837,-1.4710551444292383
COHFACE_s10_session0_lamp,3,161,35.36666666666667,-1.1750003099441528,-1.44127571545806
COHFACE_s10_session0_lamp,3,162,35.4,-1.2271324396133423,-1.3151858547438304
COHFACE_s10_session0_lamp,3,163,35.43333333333333,-1.2947250604629517,-1.109648981279974
COHFACE_s10_session0_lamp,3,164,35.46666666666667,-1.386250376701355,-0.8462671126181134
COHFACE_s10_session0_lamp,3,165,35.5,-1.499621033668518,-0.5450226992721705
COHFACE_s10_session0_lamp,3,166,35.53333333333333,-1.5042766332626343,-0.2194687147251902
COHFACE_s10_session0_lamp,3,167,35.56666666666667,-0.6923462152481079,0.12166084654564006
COHFACE_s10_session0_lamp,3,168,35.6,0.9157573580741882,0.46744091901522516
COHFACE_s10_session0_lamp,3,169,35.63333333333333,1.9215127229690552,0.7990258182188101
COHFACE_s10_session0_lamp,3,170,35.666666666666664,1.9219117164611816,1.089265523023109
COHFACE_s10_session0_lamp,3,171,35.7,1.4424397945404053,1.3080894045222768
COHFACE_s10_session0_lamp,3,172,35.733333333333334,0.9067940711975098,1.4309869759407192
COHFACE_s10_session0_lamp,3,173,35.766666666666666,0.4841200113296509,1.4454537721872835
COHFACE_s10_session0_lamp,3,174,35.8,0.24507980048656464,1.3531280346556906
COHFACE_s10_session0_lamp,3,175,35.833333333333336,0.2871435880661011,1.168633382606184
COHFACE_s10_session0_lamp,3,176,35.86666666666667,0.4383727014064789,0.9160340675197749
COHFACE_s10_session0_lamp,3,177,35.9,0.4525849521160126,0.6234578445684325
COHFACE_s10_session0_lamp,3,178,35.93333333333333,0.2695445418357849,0.31705057544072074
COHFACE_s10_session0_lamp,3,179,35.96666666666667,-0.041293684393167496,0.015916256328836344
COHFACE_s10_session0_lamp,3,180,36.0,-0.3898061513900757,-0.27009312888955744
COHFACE_s10_session0_lamp,3,181,36.03333333333333,-0.6991095542907715,-0.5380386701037212
COHFACE_s10_session0_lamp,3,182,36.06666666666667,-0.9163146615028381,-0.785868232471317
COHFACE_s10_session0_lamp,3,183,36.1,-1.0534850358963013,-1.00598091764893
COHFACE_s10_session0_lamp,3,184,36.13333333333333,-1.1335095167160034,-1.1821423826604258
COHFACE_s10_session0_lamp,3,185,36.166666666666664,-1.1810474395751953,-1.2930933323148508
COHFACE_s10_session0_lamp,3,186,36.2,-1.2356352806091309,-1.3211465689495852
COHFACE_s10_session0_lamp,3,187,36.233333333333334,-1.3041794300079346,-1.2594104337656977
COHFACE_s10_session0_lamp,3,188,36.266666666666666,-1.3886241912841797,-1.1141693977777565
COHFACE_s10_session0_lamp,3,189,36.3,-1.486237645149231,-0.9026262588008728
COHFACE_s10_session0_lamp,3,190,36.333333333333336,-1.2339469194412231,-0.6477681935863562
COHFACE_s10_session0_lamp,3,191,36.36666666666667,0.01583162695169449,-0.3732020918342581
COHFACE_s10_session0_lamp,3,192,36.4,1.4196326732635498,-0.09950706322173884
COHFACE_s10_session0_lamp,3,193,36.43333333333333,1.902481198310852,0.1579043235445567
COHFACE_s10_session0_lamp,3,194,36.46666666666667,1.6318854093551636,0.3897662968710571
COHFACE_s10_session0_lamp,3,195,36.5,1.098490834236145,0.5932605297030261
COHFACE_s10_session0_lamp,3,196,36.53333333333333,0.5811296701431274,0.7709706008603718
COHFACE_s10_session0_lamp,3,197,36.56666666666667,0.18408679962158203,0.926895439676894
COHFACE_s10_session0_lamp,3,198,36.6,0.03441295772790909,1.0608703886101103
COHFACE_s10_session0_lamp,3,199,36.63333333333333,0.16874900460243225,1.1654530827791358
COHFACE_s10_session0_lamp,3,200,36.666666666666664,0.3247973918914795,1.2270538964094044
COHFACE_s10_session0_lamp,3,201,36.7,0.2941627502441406,1.2303882715281442
COHFACE_s10_session0_lamp,3,202,36.733333333333334,0.06618334352970123,1.1637334329887536
COHFACE_s10_session0_lamp,3,203,36.766666666666666,-0.26686856150627136,1.021491514810214
COHFACE_s10_session0_lamp,3,204,36.8,-0.6088530421257019,0.803869628223316
COHFACE_s10_session0_lamp,3,205,36.833333333333336,-0.8849331140518188,0.5167333168685776
COHFACE_s10_session0_lamp,3,206,36.86666666666667,-1.073662519454956,0.17280033245803594
COHFACE_s10_session0_lamp,3,207,36.9,-1.1906962394714355,-0.2069290909253883
COHFACE_s10_session0_lamp,3,208,36.93333333333333,-1.2572247982025146,-0.5931708590779144
COHFACE_s10_session0_lamp,3,209,36.96666666666667,-1.294735312461853,-0.9515468925015684
COHFACE_s10_session0_lamp,3,210,37.0,-1.3357043266296387,-1.2483898209606052
COHFACE_s10_session0_lamp,3,211,37.03333333333333,-1.3928500413894653,-1.4563006463824901
COHFACE_s10_session0_lamp,3,212,37.06666666666667,-1.470234751701355,-1.5573715696235682
COHFACE_s10_session0_lamp,3,213,37.1,-1.3084155321121216,-1.5431960517947167
COHFACE_s10_session0_lamp,3,214,37.13333333333333,-0.17086161673069,-1.4135770868059738
COHFACE_s10_session0_lamp,3,215,37.166666666666664,1.3648300170898438,-1.1780148928951262
COHFACE_s10_session0_lamp,3,216,37.2,2.0380961894989014,-0.8588067150473343
COHFACE_s10_session0_lamp,3,217,37.233333333333334,1.8570612668991089,-0.4896513971876266
COHFACE_s10_session0_lamp,3,218,37.266666666666666,1.3472309112548828,-0.1084153106713094
COHFACE_s10_session0_lamp,3,219,37.3,0.8148902058601379,0.25201966539330917
COHFACE_s10_session0_lamp,3,220,37.333333333333336,0.3853708803653717,0.5704289275117999
COHFACE_s10_session0_lamp,3,221,37.36666666666667,0.14574745297431946,0.837579011264785
COHFACE_s10_session0_lamp,3,222,37.4,0.20360946655273438,1.0513037442938826
COHFACE_s10_session0_lamp,3,223,37.43333333333333,0.37163951992988586,1.2119888322796504
COHFACE_s10_session0_lamp,3,224,37.46666666666667,0.39306536316871643,1.3201781931302938
COHFACE_s10_session0_lamp,3,225,37.5,0.20907336473464966,1.373743163184386
COHFACE_s10_session0_lamp,3,226,37.53333333333333,-0.11179222911596298,1.364709993416763
COHFACE_s10_session0_lamp,3,227,37.56666666666667,-0.47105854749679565,1.2786234109298973
COHFACE_s10_session0_lamp,3,228,37.6,-0.7795843482017517,1.0983921566104384
COHFACE_s10_session0_lamp,3,229,37.63333333333333,-1.004555583000183,0.8130234473068362
COHFACE_s10_session0_lamp,3,230,37.666666666666664,-1.1510164737701416,0.4280768030767105
COHFACE_s10_session0_lamp,3,231,37.7,-1.2328726053237915,-0.028312257530758535
COHFACE_s10_session0_lamp,3,232,37.733333333333334,-1.2804514169692993,-0.5077576517182646
COHFACE_s10_session0_lamp,3,233,37.766666666666666,-1.3247969150543213,-0.9530145705439598
COHFACE_s10_session0_lamp,3,234,37.8,-1.3900669813156128,-1.3134586330435476
COHFACE_s10_session0_lamp,3,235,37.833333333333336,-1.475115418434143,-1.5550742359139336
COHFACE_s10_session0_lamp,3,236,37.86666666666667,-1.4394159317016602,-1.6617273478386443
COHFACE_s10_session0_lamp,3,237,37.9,-0.524592399597168,-1.6314425604023777
COHFACE_s10_session0_lamp,3,238,37.93333333333333,1.165500283241272,-1.47199794875194
COHFACE_s10_session0_lamp,3,239,37.96666666666667,2.1993629932403564,-1.1995282402670375
COHFACE_s10_session0_lamp,3,240,38.0,2.2264163494110107,-0.8398047578780166
COHFACE_s10_session0_lamp,3,241,38.03333333333333,1.7540761232376099,-0.4280184795771246
COHFACE_s10_session0_lamp,3,242,38.06666666666667,1.1816974878311157,-0.004895657675327531
COHFACE_s10_session0_lamp,3,243,38.1,0.7220653891563416,0.39031700629529736
COHFACE_s10_session0_lamp,3,244,38.13333333333333,0.42039504647254944,0.7274871503990707
COHFACE_s10_session0_lamp,3,245,38.166666666666664,0.37135303020477295,0.9898731992529543
COHFACE_s10_session0_lamp,3,246,38.2,0.49070942401885986,1.173682467953943
COHFACE_s10_session0_lamp,3,247,38.233333333333334,0.5292534232139587,1.2844248638549434
COHFACE_s10_session0_lamp,3,248,38.266666666666666,0.37310269474983215,1.3316354920301838
COHFACE_s10_session0_lamp,3,249,38.3,0.06210077553987503,1.323278953164143
COHFACE_s10_session0_lamp,3,250,38.333333333333336,-0.2993040382862091,1.2612047903625623
COHFACE_s10_session0_lamp,3,251,38.36666666666667,-0.6361827254295349,1.1389230518492304
COHFACE_s10_session0_lamp,3,252,38.4,-0.9064817428588867,0.9434344231567261
COHFACE_s10_session0_lamp,3,253,38.43333333333333,-1.0861046314239502,0.6628552023922479
COHFACE_s10_session0_lamp,3,254,38.46666666666667,-1.2008873224258423,0.29732291066787203
COHFACE_s10_session0_lamp,3,255,38.5,-1.2764610052108765,-0.133153295122578
COHFACE_s10_session0_lamp,3,256,38.53333333333333,-1.32705819606781,-0.5879621365713079
COHFACE_s10_session0_lamp,3,257,38.56666666666667,-1.3774406909942627,-1.0131497508919902
COHFACE_s10_session0_lamp,3,258,38.6,-1.4441226720809937,-1.3541489832387381
COHFACE_s10_session0_lamp,3,259,38.63333333333333,-1.5299794673919678,-1.5685610340353529
COHFACE_s10_session0_lamp,3,260,38.666666666666664,-1.5063742399215698,-1.6343562763806931
COHFACE_s10_session0_lamp,3,261,38.7,-0.5927683115005493,-1.5505575014090762
COHFACE_s10_session0_lamp,3,262,38.733333333333334,1.146632432937622,-1.3326586423951656
COHFACE_s10_session0_lamp,3,263,38.766666666666666,2.219520092010498,-1.009455774415014
COHFACE_s10_session0_lamp,3,264,38.8,2.2562530040740967,-0.6217905228776237
COHFACE_s10_session0_lamp,3,265,38.833333333333336,1.7821425199508667,-0.21751793020958865
COHFACE_s10_session0_lamp,3,266,38.86666666666667,1.2087407112121582,0.1585758372106541
COHFACE_s10_session0_lamp,3,267,38.9,0.7396542429924011,0.4761107799159778
COHFACE_s10_session0_lamp,3,268,38.93333333333333,0.4277416467666626,0.7259539209418927
COHFACE_s10_session0_lamp,3,269,38.96666666666667,0.37780943512916565,0.9162131224061907
COHFACE_s10_session0_lamp,3,270,39.0,0.5037552118301392,1.0594583572944085
COHFACE_s10_session0_lamp,3,271,39.03333333333333,0.5484486818313599,1.161210971512664
COHFACE_s10_session0_lamp,3,272,39.06666666666667,0.39372020959854126,1.2153261843795387
COHFACE_s10_session0_lamp,3,273,39.1,0.0857367143034935,1.2062197977386464
COHFACE_s10_session0_lamp,3,274,39.13333333333333,-0.27232223749160767,1.1160325150742283
COHFACE_s10_session0_lamp,3,275,39.166666666666664,-0.6152684688568115,0.9334910039149682
COHFACE_s10_session0_lamp,3,276,39.2,-0.8876650333404541,0.6607216835092525
COHFACE_s10_session0_lamp,3,277,39.233333333333334,-1.0734169483184814,0.3145522396129677
COHFACE_s10_session0_lamp,3,278,39.266666666666666,-1.1919854879379272,-0.07707277748667912
COHFACE_s10_session0_lamp,3,279,39.3,-1.2614198923110962,-0.47913126724837457
COHFACE_s10_session0_lamp,3,280,39.333333333333336,-1.3132450580596924,-0.8527153158255618
COHFACE_s10_session0_lamp,3,281,39.36666666666667,-1.3606704473495483,-1.1594490180402415
COHFACE_s10_session0_lamp,3,282,39.4,-1.4245386123657227,-1.3671206130779714
COHFACE_s10_session0_lamp,3,283,39.43333333333333,-1.511459469795227,-1.4542406696773438
COHFACE_s10_session0_lamp,3,284,39.46666666666667,-1.5309003591537476,-1.412084363654607
COHFACE_s10_session0_lamp,3,285,39.5,-0.7742739319801331,-1.2438976218268614
COHFACE_s10_session0_lamp,3,286,39.53333333333333,0.9262554049491882,-0.9631691764218678
COHFACE_s10_session0_lamp,3,287,39.56666666666667,2.1008286476135254,-0.5945101752294085
COHFACE_s10_session0_lamp,3,288,39.6,2.1988205909729004,-0.1755441423014072
COHFACE_s10_session0_lamp,3,289,39.63333333333333,1.7465760707855225,0.24646166770204284
COHFACE_s10_session0_lamp,3,290,39.666666666666664,1.1568644046783447,0.6241091666719741
COHFACE_s10_session0_lamp,3,291,39.7,0.6461541056632996,0.9205945559191306
COHFACE_s10_session0_lamp,3,292,39.733333333333334,0.3058886229991913,1.11683685767032
COHFACE_s10_session0_lamp,3,293,39.766666666666666,0.2672934830188751,1.2114029868815868
COHFACE_s10_session0_lamp,3,294,39.8,0.44322267174720764,1.2143062787720593
COHFACE_s10_session0_lamp,3,295,39.833333333333336,0.532149076461792,1.1401072439660735
COHFACE_s10_session0_lamp,3,296,39.86666666666667,0.40359410643577576,1.0037573910194018
COHFACE_s10_session0_lamp,3,297,39.9,0.10479895025491714,0.8198562432566748
COHFACE_s10_session0_lamp,3,298,39.93333333333333,-0.25166380405426025,0.6037689418524114
COHFACE_s10_session0_lamp,3,299,39.96666666666667,-0.5852887034416199,0.3713703429649832
COHFACE_s10_session0_lamp,4,0,40.0,-0.8559253811836243,0.10766492565710245
COHFACE_s10_session0_lamp,4,1,40.03333333333333,-1.0452994108200073,0.5790994129691475
COHFACE_s10_session0_lamp,4,2,40.06666666666667,-1.1632437705993652,0.9685295055704145
COHFACE_s10_session0_lamp,4,3,40.1,-1.2318289279937744,1.2132257328339848
COHFACE_s10_session0_lamp,4,4,40.13333333333333,-1.2759596109390259,1.2863671548767983
COHFACE_s10_session0_lamp,4,5,40.166666666666664,-1.3141146898269653,1.201797069483473
COHFACE_s10_session0_lamp,4,6,40.2,-1.373368263244629,1.003155386347708
COHFACE_s10_session0_lamp,4,7,40.233333333333334,-1.4566670656204224,0.7471515350118554
COHFACE_s10_session0_lamp,4,8,40.266666666666666,-1.4516022205352783,0.4880544607637427
COHFACE_s10_session0_lamp,4,9,40.3,-0.6238940954208374,0.2662917785345177
COHFACE_s10_session0_lamp,4,10,40.333333333333336,1.0552093982696533,0.10164617661350389
COHFACE_s10_session0_lamp,4,11,40.36666666666667,2.121067523956299,-0.01046157766967432
COHFACE_s10_session0_lamp,4,12,40.4,2.152285575866699,-0.09612435966026743
COHFACE_s10_session0_lamp,4,13,40.43333333333333,1.6725679636001587,-0.18606021746788848
COHFACE_s10_session0_lamp,4,14,40.46666666666667,1.0800015926361084,-0.29316657568752924
COHFACE_s10_session0_lamp,4,15,40.5,0.5671425461769104,-0.40702319346471044
COHFACE_s10_session0_lamp,4,16,40.53333333333333,0.24973537027835846,-0.5081467087052269
COHFACE_s10_session0_lamp,4,17,40.56666666666667,0.2725118100643158,-0.5844400912527485
COHFACE_s10_session0_lamp,4,18,40.6,0.48018068075180054,-0.637733319427905
COHFACE_s10_session0_lamp,4,19,40.63333333333333,0.5563886761665344,-0.6769291846287705
COHFACE_s10_session0_lamp,4,20,40.666666666666664,0.40767666697502136,-0.7035412071888913
COHFACE_s10_session0_lamp,4,21,40.7,0.1054435670375824,-0.703121066730178
COHFACE_s10_session0_lamp,4,22,40.733333333333334,-0.25621703267097473,-0.650027164542353
COHFACE_s10_session0_lamp,4,23,40.766666666666666,-0.5982936024665833,-0.5249175025734386
COHFACE_s10_session0_lamp,4,24,40.8,-0.8579819798469543,-0.3345191648802476
COHFACE_s10_session0_lamp,4,25,40.833333333333336,-1.0288975238800049,-0.11595505509197526
COHFACE_s10_session0_lamp,4,26,40.86666666666667,-1.1442019939422607,0.07839682245879459
COHFACE_s10_session0_lamp,4,27,40.9,-1.2098199129104614,0.2047431866384077
COHFACE_s10_session0_lamp,4,28,40.93333333333333,-1.2430534362792969,0.2483533235977624
COHFACE_s10_session0_lamp,4,29,40.96666666666667,-1.2793054580688477,0.2300988756165759
COHFACE_s10_session0_lamp,4,30,41.0,-1.3232723474502563,0.19588711075231632
COHFACE_s10_session0_lamp,4,31,41.03333333333333,-1.3917449712753296,0.19393896402092486
COHFACE_s10_session0_lamp,4,32,41.06666666666667,-1.2726649045944214,0.2510976910030718
COHFACE_s10_session0_lamp,4,33,41.1,-0.17999880015850067,0.36304636770584686
COHFACE_s10_session0_lamp,4,34,41.13333333333333,1.4222623109817505,0.5010767019976624
COHFACE_s10_session0_lamp,4,35,41.166666666666664,2.1998131275177,0.625442976657501
COHFACE_s10_session0_lamp,4,36,41.2,2.0849997997283936,0.6989375368452335
COHFACE_s10_session0_lamp,4,37,41.233333333333334,1.572590947151184,0.6993486202023254
COHFACE_s10_session0_lamp,4,38,41.266666666666666,0.9867674708366394,0.6272983626828786
COHFACE_s10_session0_lamp,4,39,41.3,0.5125343203544617,0.5043183607220223
COHFACE_s10_session0_lamp,4,40,41.333333333333336,0.2920038104057312,0.3615370961494105
COHFACE_s10_session0_lamp,4,41,41.36666666666667,0.42072248458862305,0.22485696191696328
COHFACE_s10_session0_lamp,4,42,41.4,0.648364245891571,0.10432199015462362
COHFACE_s10_session0_lamp,4,43,41.43333333333333,0.689128577709198,-0.004592259527593141
COHFACE_s10_session0_lamp,4,44,41.46666666666667,0.49762627482414246,-0.11010516508062687
COHFACE_s10_session0_lamp,4,45,41.5,0.1719311624765396,-0.2153818107124034
COHFACE_s10_session0_lamp,4,46,41.53333333333333,-0.1906503289937973,-0.31692570450749885
COHFACE_s10_session0_lamp,4,47,41.56666666666667,-0.501427173614502,-0.407236631121239
COHFACE_s10_session0_lamp,4,48,41.6,-0.7234413027763367,-0.47876621026058386
COHFACE_s10_session0_lamp,4,49,41.63333333333333,-0.866945207118988,-0.5269646552456941
COHFACE_s10_session0_lamp,4,50,41.666666666666664,-0.9479111433029175,-0.5505799126001214
COHFACE_s10_session0_lamp,4,51,41.7,-1.0004115104675293,-0.5481930324636167
COHFACE_s10_session0_lamp,4,52,41.733333333333334,-1.0512340068817139,-0.5147824049703363
COHFACE_s10_session0_lamp,4,53,41.766666666666666,-1.1196861267089844,-0.4458383690938715
COHFACE_s10_session0_lamp,4,54,41.8,-1.1806279420852661,-0.34637530427545293
COHFACE_s10_session0_lamp,4,55,41.833333333333336,-0.8053792119026184,-0.2326800724933616
COHFACE_s10_session0_lamp,4,56,41.86666666666667,0.5668151378631592,-0.12352589547136428
COHFACE_s10_session0_lamp,4,57,41.9,1.9297699928283691,-0.02746881180895733
COHFACE_s10_session0_lamp,4,58,41.93333333333333,2.3414957523345947,0.06384982807841265
COHFACE_s10_session0_lamp,4,59,41.96666666666667,2.039109230041504,0.16581176055962998
COHFACE_s10_session0_lamp,4,60,42.0,1.4752845764160156,0.2808572622774461
COHFACE_s10_session0_lamp,4,61,42.03333333333333,0.9310541749000549,0.3904187272760671
COHFACE_s10_session0_lamp,4,62,42.06666666666667,0.533325731754303,0.46534762978305205
COHFACE_s10_session0_lamp,4,63,42.1,0.4277518689632416,0.48428714376645243
COHFACE_s10_session0_lamp,4,64,42.13333333333333,0.5871870517730713,0.4478469994401759
COHFACE_s10_session0_lamp,4,65,42.166666666666664,0.7134091258049011,0.37792660363950054
COHFACE_s10_session0_lamp,4,66,42.2,0.6264779567718506,0.30310332230027076
COHFACE_s10_session0_lamp,4,67,42.233333333333334,0.35693612694740295,0.24230061912248674
COHFACE_s10_session0_lamp,4,68,42.266666666666666,0.00489360885694623,0.19589143544301815
COHFACE_s10_session0_lamp,4,69,42.3,-0.3381447494029999,0.1481396227265605
COHFACE_s10_session0_lamp,4,70,42.333333333333336,-0.6095385551452637,0.07839360228881857
COHFACE_s10_session0_lamp,4,71,42.36666666666667,-0.7911669611930847,-0.02730827527043922
COHFACE_s10_session0_lamp,4,72,42.4,-0.9041181206703186,-0.16984632477669528
COHFACE_s10_session0_lamp,4,73,42.43333333333333,-0.9700224995613098,-0.33748780689773356
COHFACE_s10_session0_lamp,4,74,42.46666666666667,-1.0165168046951294,-0.5105317246686742
COHFACE_s10_session0_lamp,4,75,42.5,-1.0675745010375977,-0.6639940647849498
COHFACE_s10_session0_lamp,4,76,42.53333333333333,-1.1387176513671875,-0.7695555596779623
COHFACE_s10_session0_lamp,4,77,42.56666666666667,-1.2273985147476196,-0.8048134422648773
COHFACE_s10_session0_lamp,4,78,42.6,-1.1835440397262573,-0.7654117568943718
COHFACE_s10_session0_lamp,4,79,42.63333333333333,-0.23073934018611908,-0.6641640323239734
COHFACE_s10_session0_lamp,4,80,42.666666666666664,1.477791428565979,-0.5175832543934654
COHFACE_s10_session0_lamp,4,81,42.7,2.499488353729248,-0.33645494135851467
COHFACE_s10_session0_lamp,4,82,42.733333333333334,2.526449680328369,-0.12698380640268317
COHFACE_s10_session0_lamp,4,83,42.766666666666666,2.0324788093566895,0.10274696730780003
COHFACE_s10_session0_lamp,4,84,42.8,1.457235336303711,0.3376994103193484
COHFACE_s10_session0_lamp,4,85,42.833333333333336,1.0093188285827637,0.5584360936822931
COHFACE_s10_session0_lamp,4,86,42.86666666666667,0.7502034306526184,0.7492771664853438
COHFACE_s10_session0_lamp,4,87,42.9,0.764763593673706,0.9023101662154968
COHFACE_s10_session0_lamp,4,88,42.93333333333333,0.8816131353378296,1.0145550707066255
COHFACE_s10_session0_lamp,4,89,42.96666666666667,0.8570153713226318,1.0833396653231444
COHFACE_s10_session0_lamp,4,90,43.0,0.646952211856842,1.1030319823320152
COHFACE_s10_session0_lamp,4,91,43.03333333333333,0.310994416475296,1.0635759332295343
COHFACE_s10_session0_lamp,4,92,43.06666666666667,-0.06373248249292374,0.9522075103872123
COHFACE_s10_session0_lamp,4,93,43.1,-0.39223113656044006,0.7602895884522507
COHFACE_s10_session0_lamp,4,94,43.13333333333333,-0.6284779906272888,0.4918425915919868
COHFACE_s10_session0_lamp,4,95,43.166666666666664,-0.7820502519607544,0.16577164537623085
COHFACE_s10_session0_lamp,4,96,43.2,-0.8812189102172852,-0.1894650179856612
COHFACE_s10_session0_lamp,4,97,43.233333333333334,-0.94292813539505,-0.542964569421359
COHFACE_s10_session0_lamp,4,98,43.266666666666666,-0.9909366965293884,-0.8658324700299704
COHFACE_s10_session0_lamp,4,99,43.3,-1.053822636604309,-1.1310254071555634
COHFACE_s10_session0_lamp,4,100,43.333333333333336,-1.1439564228057861,-1.3114949285222488
COHFACE_s10_session0_lamp,4,101,43.36666666666667,-1.2513823509216309,-1.3834773181810784
COHFACE_s10_session0_lamp,4,102,43.4,-1.1715419292449951,-1.3336878180322516
COHFACE_s10_session0_lamp,4,103,43.43333333333333,-0.11901602894067764,-1.1613634571594886
COHFACE_s10_session0_lamp,4,104,43.46666666666667,1.536584496498108,-0.8760508915814011
COHFACE_s10_session0_lamp,4,105,43.5,2.424866199493408,-0.5015879909210454
COHFACE_s10_session0_lamp,4,106,43.53333333333333,2.3656227588653564,-0.08310613601578272
COHFACE_s10_session0_lamp,4,107,43.56666666666667,1.8418360948562622,0.3189158081400375
COHFACE_s10_session0_lamp,4,108,43.6,1.2685468196868896,0.6480274381968364
COHFACE_s10_session0_lamp,4,109,43.63333333333333,0.8263704776763916,0.8691722656148767
COHFACE_s10_session0_lamp,4,110,43.666666666666664,0.5977362394332886,0.9748680160533847
COHFACE_s10_session0_lamp,4,111,43.7,0.6626685857772827,0.9794782425916185
COHFACE_s10_session0_lamp,4,112,43.733333333333334,0.7887576222419739,0.906740265130073
COHFACE_s10_session0_lamp,4,113,43.766666666666666,0.7412606477737427,0.780198444677005
COHFACE_s10_session0_lamp,4,114,43.8,0.5001944899559021,0.6186798249550953
COHFACE_s10_session0_lamp,4,115,43.833333333333336,0.1531042605638504,0.4312297019961194
COHFACE_s10_session0_lamp,4,116,43.86666666666667,-0.21391791105270386,0.21469656603082102
COHFACE_s10_session0_lamp,4,117,43.9,-0.5239171385765076,-0.03488890029065446
COHFACE_s10_session0_lamp,4,118,43.93333333333333,-0.7414189577102661,-0.3043074280326137
COHFACE_s10_session0_lamp,4,119,43.96666666666667,-0.8869181275367737,-0.5622265812711583
COHFACE_s10_session0_lamp,4,120,44.0,-0.981011688709259,-0.7764534515132947
COHFACE_s10_session0_lamp,4,121,44.03333333333333,-1.0332154035568237,-0.927547869038264
COHFACE_s10_session0_lamp,4,122,44.06666666666667,-1.08383309841156,-1.0093603472346506
COHFACE_s10_session0_lamp,4,123,44.1,-1.1476603746414185,-1.0218902571914086
COHFACE_s10_session0_lamp,4,124,44.13333333333333,-1.2284011840820312,-0.9637819508410457
COHFACE_s10_session0_lamp,4,125,44.166666666666664,-1.3375459909439087,-0.8316481409605805
COHFACE_s10_session0_lamp,4,126,44.2,-1.3064817190170288,-0.6258699504408635
COHFACE_s10_session0_lamp,4,127,44.233333333333334,-0.37489813566207886,-0.3551450670815787
COHFACE_s10_session0_lamp,4,128,44.266666666666666,1.261896014213562,-0.037093747936073285
COHFACE_s10_session0_lamp,4,129,44.3,2.1995880603790283,0.30208247674017463
COHFACE_s10_session0_lamp,4,130,44.333333333333336,2.16072678565979,0.6288492158860517
COHFACE_s10_session0_lamp,4,131,44.36666666666667,1.6458112001419067,0.9074295701905333
COHFACE_s10_session0_lamp,4,132,44.4,1.0653390884399414,1.1080809935726819
COHFACE_s10_session0_lamp,4,133,44.43333333333333,0.6159389615058899,1.2142910618945537
COHFACE_s10_session0_lamp,4,134,44.46666666666667,0.39601218700408936,1.2259566412446619
COHFACE_s10_session0_lamp,4,135,44.5,0.4752079248428345,1.1575636342587292
COHFACE_s10_session0_lamp,4,136,44.53333333333333,0.625884473323822,1.031541278764616
COHFACE_s10_session0_lamp,4,137,44.56666666666667,0.6072008609771729,0.868166769879292
COHFACE_s10_session0_lamp,4,138,44.6,0.39346441626548767,0.676932258726615
COHFACE_s10_session0_lamp,4,139,44.63333333333333,0.0659480094909668,0.45671093644441435
COHFACE_s10_session0_lamp,4,140,44.666666666666664,-0.28958362340927124,0.20486346860672616
COHFACE_s10_session0_lamp,4,141,44.7,-0.5919395089149475,-0.07184105981225698
COHFACE_s10_session0_lamp,4,142,44.733333333333334,-0.8027189373970032,-0.3517228280575178
COHFACE_s10_session0_lamp,4,143,44.766666666666666,-0.9370856881141663,-0.6036289234781794
COHFACE_s10_session0_lamp,4,144,44.8,-1.0197193622589111,-0.7998753221906592
COHFACE_s10_session0_lamp,4,145,44.833333333333336,-1.0636351108551025,-0.9251779834132147
COHFACE_s10_session0_lamp,4,146,44.86666666666667,-1.0956408977508545,-0.9767951711230368
COHFACE_s10_session0_lamp,4,147,44.9,-1.1522340774536133,-0.9589794046840517
COHFACE_s10_session0_lamp,4,148,44.93333333333333,-1.2339879274368286,-0.8768128171384528
COHFACE_s10_session0_lamp,4,149,44.96666666666667,-1.3220547437667847,-0.7350845050810966
COHFACE_s10_session0_lamp,4,150,45.0,-1.050538182258606,-0.5427198484684733
COHFACE_s10_session0_lamp,4,151,45.03333333333333,0.23520591855049133,-0.318006512042483
COHFACE_s10_session0_lamp,4,152,45.06666666666667,1.6500881910324097,-0.08937042789215476
COHFACE_s10_session0_lamp,4,153,45.1,2.115388870239258,0.11258099812476602
COHFACE_s10_session0_lamp,4,154,45.13333333333333,1.8336811065673828,0.2671654746997764
COHFACE_s10_session0_lamp,4,155,45.166666666666664,1.288857340812683,0.3675674288702316
COHFACE_s10_session0_lamp,4,156,45.2,0.768784761428833,0.4150799146045442
COHFACE_s10_session0_lamp,4,157,45.233333333333334,0.39227747917175293,0.4132148454136726
COHFACE_s10_session0_lamp,4,158,45.266666666666666,0.3023279011249542,0.3660165150329181
COHFACE_s10_session0_lamp,4,159,45.3,0.4725373685359955,0.27855304563029426
COHFACE_s10_session0_lamp,4,160,45.333333333333336,0.6141074895858765,0.1578571397981892
COHFACE_s10_session0_lamp,4,161,45.36666666666667,0.5530837774276733,0.013432692677669434
COHFACE_s10_session0_lamp,4,162,45.4,0.29548269510269165,-0.14162896621544196
COHFACE_s10_session0_lamp,4,163,45.43333333333333,-0.058063946664333344,-0.28634860203587675
COHFACE_s10_session0_lamp,4,164,45.46666666666667,-0.39514726400375366,-0.3892888242242965
COHFACE_s10_session0_lamp,4,165,45.5,-0.6571685671806335,-0.41872894505384095
COHFACE_s10_session0_lamp,4,166,45.53333333333333,-0.8332614302635193,-0.3619004261242675
COHFACE_s10_session0_lamp,4,167,45.56666666666667,-0.9218604564666748,-0.23560587686227477
COHFACE_s10_session0_lamp,4,168,45.6,-0.9622564315795898,-0.08026294754104683
COHFACE_s10_session0_lamp,4,169,45.63333333333333,-1.00119948387146,0.05877251241191694
COHFACE_s10_session0_lamp,4,170,45.666666666666664,-1.0558077096939087,0.1526714736061325
COHFACE_s10_session0_lamp,4,171,45.7,-1.1341848373413086,0.1997151998204999
COHFACE_s10_session0_lamp,4,172,45.733333333333334,-1.1491440534591675,0.22052574283199064
COHFACE_s10_session0_lamp,4,173,45.766666666666666,-0.4835825264453888,0.24361432514607156
COHFACE_s10_session0_lamp,4,174,45.8,0.9875553250312805,0.2887176556212667
COHFACE_s10_session0_lamp,4,175,45.833333333333336,2.0276596546173096,0.3554703987574659
COHFACE_s10_session0_lamp,4,176,45.86666666666667,2.1239633560180664,0.4227384436167305
COHFACE_s10_session0_lamp,4,177,45.9,1.6986902952194214,0.46053778715489374
COHFACE_s10_session0_lamp,4,178,45.93333333333333,1.1629831790924072,0.44795275303089205
COHFACE_s10_session0_lamp,4,179,45.96666666666667,0.7021539211273193,0.38352436014677704
COHFACE_s10_session0_lamp,4,180,46.0,0.41304847598075867,0.28254207474312604
COHFACE_s10_session0_lamp,4,181,46.03333333333333,0.43372735381126404,0.16494899395987397
COHFACE_s10_session0_lamp,4,182,46.06666666666667,0.5989640951156616,0.04266719236777304
COHFACE_s10_session0_lamp,4,183,46.1,0.6413962244987488,-0.08205176951414014
COHFACE_s10_session0_lamp,4,184,46.13333333333333,0.48651430010795593,-0.20834562499304318
COHFACE_s10_session0_lamp,4,185,46.166666666666664,0.1820608526468277,-0.33187464225128516
COHFACE_s10_session0_lamp,4,186,46.2,-0.17659154534339905,-0.44628221723568107
COHFACE_s10_session0_lamp,4,187,46.233333333333334,-0.4884222745895386,-0.5427615153537445
COHFACE_s10_session0_lamp,4,188,46.266666666666666,-0.7126055955886841,-0.6072459684998004
COHFACE_s10_session0_lamp,4,189,46.3,-0.842480480670929,-0.622678705296189
COHFACE_s10_session0_lamp,4,190,46.333333333333336,-0.9138897061347961,-0.5766822642779988
COHFACE_s10_session0_lamp,4,191,46.36666666666667,-0.9596369862556458,-0.46759870466595577
COHFACE_s10_session0_lamp,4,192,46.4,-1.0084232091903687,-0.30458003290422075
COHFACE_s10_session0_lamp,4,193,46.43333333333333,-1.080139398574829,-0.10125147827289477
COHFACE_s10_session0_lamp,4,194,46.46666666666667,-1.0953748226165771,0.1312565058278227
COHFACE_s10_session0_lamp,4,195,46.5,-0.4485890567302704,0.3814427632132242
COHFACE_s10_session0_lamp,4,196,46.53333333333333,1.0791624784469604,0.6272693338969532
COHFACE_s10_session0_lamp,4,197,46.56666666666667,2.2381012439727783,0.8335521796101028
COHFACE_s10_session0_lamp,4,198,46.6,2.4202311038970947,0.9609169591002333
COHFACE_s10_session0_lamp,4,199,46.63333333333333,2.027127504348755,0.9783120592418663
COHFACE_s10_session0_lamp,4,200,46.666666666666664,1.503269076347351,0.8734068362974146
COHFACE_s10_session0_lamp,4,201,46.7,1.0708643198013306,0.6587956835056736
COHFACE_s10_session0_lamp,4,202,46.733333333333334,0.7551659345626831,0.37065783993892115
COHFACE_s10_session0_lamp,4,203,46.766666666666666,0.6815568804740906,0.05604567766084039
COHFACE_s10_session0_lamp,4,204,46.8,0.7719771265983582,-0.24557616325644632
COHFACE_s10_session0_lamp,4,205,46.833333333333336,0.7659505009651184,-0.5126893828438459
COHFACE_s10_session0_lamp,4,206,46.86666666666667,0.5748267769813538,-0.7385219507667266
COHFACE_s10_session0_lamp,4,207,46.9,0.2462155520915985,-0.9185355391642109
COHFACE_s10_session0_lamp,4,208,46.93333333333333,-0.13606256246566772,-1.0392682340640331
COHFACE_s10_session0_lamp,4,209,46.96666666666667,-0.47896790504455566,-1.0827509231799417
COHFACE_s10_session0_lamp,4,210,47.0,-0.7294577360153198,-1.0421175949850607
COHFACE_s10_session0_lamp,4,211,47.03333333333333,-0.8969557285308838,-0.9266765069182769
COHFACE_s10_session0_lamp,4,212,47.06666666666667,-0.9972499012947083,-0.7520894324656263
COHFACE_s10_session0_lamp,4,213,47.1,-1.062079906463623,-0.5298745449385125
COHFACE_s10_session0_lamp,4,214,47.13333333333333,-1.111786961555481,-0.2649175796571258
COHFACE_s10_session0_lamp,4,215,47.166666666666664,-1.1765453815460205,0.03820590587615365
COHFACE_s10_session0_lamp,4,216,47.2,-1.27059805393219,0.365030740202713
COHFACE_s10_session0_lamp,4,217,47.233333333333334,-1.3778294324874878,0.6864983786576044
COHFACE_s10_session0_lamp,4,218,47.266666666666666,-1.2727466821670532,0.9628613958671657
COHFACE_s10_session0_lamp,4,219,47.3,-0.09085753560066223,1.152290125304882
COHFACE_s10_session0_lamp,4,220,47.333333333333336,1.691947340965271,1.2211626024828381
COHFACE_s10_session0_lamp,4,221,47.36666666666667,2.575174331665039,1.1544913453363015
COHFACE_s10_session0_lamp,4,222,47.4,2.4762206077575684,0.9636209416263406
COHFACE_s10_session0_lamp,4,223,47.43333333333333,1.9896681308746338,0.6874276698919033
COHFACE_s10_session0_lamp,4,224,47.46666666666667,1.535244107246399,0.3843519353973589
COHFACE_s10_session0_lamp,4,225,47.5,1.190118432044983,0.11450586775024865
COHFACE_s10_session0_lamp,4,226,47.53333333333333,0.9075000882148743,-0.08158276314859916
COHFACE_s10_session0_lamp,4,227,47.56666666666667,0.7936280965805054,-0.1949873404501966
COHFACE_s10_session0_lamp,4,228,47.6,0.7809403538703918,-0.24568044359046742
COHFACE_s10_session0_lamp,4,229,47.63333333333333,0.6882792711257935,-0.26797802346537947
COHFACE_s10_session0_lamp,4,230,47.666666666666664,0.4490651488304138,-0.29158161915665165
COHFACE_s10_session0_lamp,4,231,47.7,0.10126890987157822,-0.3285473098321758
COHFACE_s10_session0_lamp,4,232,47.733333333333334,-0.2802315652370453,-0.3719551985916797
COHFACE_s10_session0_lamp,4,233,47.766666666666666,-0.6109198927879333,-0.4062489805961722
COHFACE_s10_session0_lamp,4,234,47.8,-0.8572759628295898,-0.4217577581832322
COHFACE_s10_session0_lamp,4,235,47.833333333333336,-1.019484043121338,-0.4203928658026948
COHFACE_s10_session0_lamp,4,236,47.86666666666667,-1.1162686347961426,-0.40956592617299553
COHFACE_s10_session0_lamp,4,237,47.9,-1.185600757598877,-0.392110336542521
COHFACE_s10_session0_lamp,4,238,47.93333333333333,-1.2485071420669556,-0.3606756111078183
COHFACE_s10_session0_lamp,4,239,47.96666666666667,-1.317900538444519,-0.30346165049627116
COHFACE_s10_session0_lamp,4,240,48.0,-1.4106025695800781,-0.2178263377211915
COHFACE_s10_session0_lamp,4,241,48.03333333333333,-1.5255694389343262,-0.11881774333150584
COHFACE_s10_session0_lamp,4,242,48.06666666666667,-1.6069139242172241,-0.0349736393982069
COHFACE_s10_session0_lamp,4,243,48.1,-1.060667872428894,0.008879296480801279
COHFACE_s10_session0_lamp,4,244,48.13333333333333,0.6204717755317688,0.010618311201737226
COHFACE_s10_session0_lamp,4,245,48.166666666666664,2.087209939956665,-0.00823791708053245
COHFACE_s10_session0_lamp,4,246,48.2,2.414767265319824,-0.019831360604221752
COHFACE_s10_session0_lamp,4,247,48.233333333333334,2.012608289718628,-0.006018210632718556
COHFACE_s10_session0_lamp,4,248,48.266666666666666,1.4207888841629028,0.03688213015875749
COHFACE_s10_session0_lamp,4,249,48.3,0.9404369592666626,0.10275024535273902
COHFACE_s10_session0_lamp,4,250,48.333333333333336,0.600243091583252,0.1835805002949906
COHFACE_s10_session0_lamp,4,251,48.36666666666667,0.4833219051361084,0.27201878826491355
COHFACE_s10_session0_lamp,4,252,48.4,0.5548334121704102,0.3584024740511526
COHFACE_s10_session0_lamp,4,253,48.43333333333333,0.5753588676452637,0.4305903320266673
COHFACE_s10_session0_lamp,4,254,48.46666666666667,0.42160242795944214,0.47769523429241534
COHFACE_s10_session0_lamp,4,255,48.5,0.11084606498479843,0.4913073574031158
COHFACE_s10_session0_lamp,4,256,48.53333333333333,-0.2637171149253845,0.463645583540221
COHFACE_s10_session0_lamp,4,257,48.56666666666667,-0.6131299734115601,0.38806364793827913
COHFACE_s10_session0_lamp,4,258,48.6,-0.8930982351303101,0.26363233411770376
COHFACE_s10_session0_lamp,4,259,48.63333333333333,-1.085173487663269,0.10121606927505562
COHFACE_s10_session0_lamp,4,260,48.666666666666664,-1.1992604732513428,-0.0735639449725402
COHFACE_s10_session0_lamp,4,261,48.7,-1.266208529472351,-0.22590737287237553
COHFACE_s10_session0_lamp,4,262,48.733333333333334,-1.313746452331543,-0.32519247831082915
COHFACE_s10_session0_lamp,4,263,48.766666666666666,-1.3618675470352173,-0.35914038483292676
COHFACE_s10_session0_lamp,4,264,48.8,-1.4246306419372559,-0.34099312457878567
COHFACE_s10_session0_lamp,4,265,48.833333333333336,-1.5050441026687622,-0.3029545387262669
COHFACE_s10_session0_lamp,4,266,48.86666666666667,-1.608479380607605,-0.277859038391234
COHFACE_s10_session0_lamp,4,267,48.9,-1.6862835884094238,-0.27944263710999595
COHFACE_s10_session0_lamp,4,268,48.93333333333333,-1.1450717449188232,-0.29302666488952317
COHFACE_s10_session0_lamp,4,269,48.96666666666667,0.5144272446632385,-0.28695790505033775
COHFACE_s10_session0_lamp,4,270,49.0,1.9298927783966064,-0.2374205621121988
COHFACE_s10_session0_lamp,4,271,49.03333333333333,2.215069055557251,-0.14336343284669884
COHFACE_s10_session0_lamp,4,272,49.06666666666667,1.777016282081604,-0.023478890188836612
COHFACE_s10_session0_lamp,4,273,49.1,1.1088967323303223,0.09573717042263334
COHFACE_s10_session0_lamp,4,274,49.13333333333333,0.5180289149284363,0.1919701811047984
COHFACE_s10_session0_lamp,4,275,49.166666666666664,0.1519787460565567,0.25273408386982815
COHFACE_s10_session0_lamp,4,276,49.2,0.14286202192306519,0.27488420172792094
COHFACE_s10_session0_lamp,4,277,49.233333333333334,0.35685425996780396,0.26442320603845104
COHFACE_s10_session0_lamp,4,278,49.266666666666666,0.46047383546829224,0.23634074873088493
COHFACE_s10_session0_lamp,4,279,49.3,0.3316732943058014,0.20764441185117602
COHFACE_s10_session0_lamp,4,280,49.333333333333336,0.028017951175570488,0.1861127151154797
COHFACE_s10_session0_lamp,4,281,49.36666666666667,-0.33994558453559875,0.1661980380179093
COHFACE_s10_session0_lamp,4,282,49.4,-0.6856851577758789,0.13543242536540787
COHFACE_s10_session0_lamp,4,283,49.43333333333333,-0.9529964327812195,0.08570472989523419
COHFACE_s10_session0_lamp,4,284,49.46666666666667,-1.1343178749084473,0.02203149443151153
COHFACE_s10_session0_lamp,4,285,49.5,-1.2403931617736816,-0.03844239228992546
COHFACE_s10_session0_lamp,4,286,49.53333333333333,-1.2883914709091187,-0.07698260154530431
COHFACE_s10_session0_lamp,4,287,49.56666666666667,-1.3077197074890137,-0.08564611299679184
COHFACE_s10_session0_lamp,4,288,49.6,-1.324561595916748,-0.0740214476480451
COHFACE_s10_session0_lamp,4,289,49.63333333333333,-1.3665742874145508,-0.06490106426263687
COHFACE_s10_session0_lamp,4,290,49.666666666666664,-1.442577600479126,-0.08049663484604785
COHFACE_s10_session0_lamp,4,291,49.7,-1.5447748899459839,-0.12753574399306286
COHFACE_s10_session0_lamp,4,292,49.733333333333334,-1.395776391029358,-0.19048990290346635
COHFACE_s10_session0_lamp,4,293,49.766666666666666,-0.21258775889873505,-0.24079591305174636
COHFACE_s10_session0_lamp,4,294,49.8,1.3457165956497192,-0.2562637769235348
COHFACE_s10_session0_lamp,4,295,49.833333333333336,1.970871925354004,-0.2326485686195412
COHFACE_s10_session0_lamp,4,296,49.86666666666667,1.7198295593261719,-0.1810136891997701
COHFACE_s10_session0_lamp,4,297,49.9,1.1109840869903564,-0.11768246178214915
COHFACE_s10_session0_lamp,4,298,49.93333333333333,0.46204957365989685,-0.054269655101308246
COHFACE_s10_session0_lamp,4,299,49.96666666666667,-0.05966014042496681,0.0059874578925779845
