recording_id,measurement_id,sample_index,time_seconds,gt_signal,predicted_signal
COHFACE_s09_session3_natural,0,0,0.0,-10.615692138671875,-0.044617296721928656
COHFACE_s09_session3_natural,0,1,0.03333333333333333,-7.203938007354736,0.07695686427933544
COHFACE_s09_session3_natural,0,2,0.06666666666666667,1.1307446956634521,0.182923821819822
COHFACE_s09_session3_natural,0,3,0.1,2.1639463901519775,0.25951336380734125
COHFACE_s09_session3_natural,0,4,0.13333333333333333,0.7211874127388,0.2984994165432813
COHFACE_s09_session3_natural,0,5,0.16666666666666666,0.835176408290863,0.2977528221200131
COHFACE_s09_session3_natural,0,6,0.2,0.8963688611984253,0.26043198163930026
COHFACE_s09_session3_natural,0,7,0.23333333333333334,0.6966720223426819,0.19408050279094416
COHFACE_s09_session3_natural,0,8,0.26666666666666666,0.5935958623886108,0.10976750454329617
COHFACE_s09_session3_natural,0,9,0.3,0.4710572361946106,0.02027353576804774
COHFACE_s09_session3_natural,0,10,0.3333333333333333,0.2837717831134796,-0.0626065096995766
COHFACE_s09_session3_natural,0,11,0.36666666666666664,0.07771552354097366,-0.1304413506669704
COHFACE_s09_session3_natural,0,12,0.4,-0.1390422135591507,-0.17926749752912285
COHFACE_s09_session3_natural,0,13,0.43333333333333335,-0.3647722899913788,-0.208916873421219
COHFACE_s09_session3_natural,0,14,0.4666666666666667,-0.5583210587501526,-0.2210594601695437
COHFACE_s09_session3_natural,0,15,0.5,-0.7235503196716309,-0.21732598123707134
COHFACE_s09_session3_natural,0,16,0.5333333333333333,-0.8749656677246094,-0.19836482973735908
COHFACE_s09_session3_natural,0,17,0.5666666666666667,-0.9966589212417603,-0.16399369843700823
COHFACE_s09_session3_natural,0,18,0.6,-1.0877079963684082,-0.1141148537172851
COHFACE_s09_session3_natural,0,19,0.6333333333333333,-1.1893430948257446,-0.049673520498634056
COHFACE_s09_session3_natural,0,20,0.6666666666666666,-1.3041582107543945,0.026668883358062886
COHFACE_s09_session3_natural,0,21,0.7,-1.3945156335830688,0.11002666478035578
COHFACE_s09_session3_natural,0,22,0.7333333333333333,-1.369404673576355,0.1931149894793295
COHFACE_s09_session3_natural,0,23,0.7666666666666667,-0.9599434733390808,0.2668406621438978
COHFACE_s09_session3_natural,0,24,0.8,-0.10330658406019211,0.32164533665519107
COHFACE_s09_session3_natural,0,25,0.8333333333333334,0.6033751368522644,0.3491240091112125
COHFACE_s09_session3_natural,0,26,0.8666666666666667,0.8510268926620483,0.3433319845238155
COHFACE_s09_session3_natural,0,27,0.9,0.8705469965934753,0.30120444184612816
COHFACE_s09_session3_natural,0,28,0.9333333333333333,0.7895078063011169,0.22227972813336355
COHFACE_s09_session3_natural,0,29,0.9666666666666667,0.6442405581474304,0.10860667409800105
COHFACE_s09_session3_natural,0,30,1.0,0.49520760774612427,-0.03494704550191099
COHFACE_s09_session3_natural,0,31,1.0333333333333334,0.37941262125968933,-0.20049688914982988
COHFACE_s09_session3_natural,0,32,1.0666666666666667,0.30427172780036926,-0.37728806101656975
COHFACE_s09_session3_natural,0,33,1.1,0.25180184841156006,-0.5520819408922124
COHFACE_s09_session3_natural,0,34,1.1333333333333333,0.18188680708408356,-0.7097632028348028
COHFACE_s09_session3_natural,0,35,1.1666666666666667,0.059175264090299606,-0.834234108377868
COHFACE_s09_session3_natural,0,36,1.2,-0.10578501969575882,-0.9097249469933173
COHFACE_s09_session3_natural,0,37,1.2333333333333334,-0.28772932291030884,-0.9226407757097459
COHFACE_s09_session3_natural,0,38,1.2666666666666666,-0.4852551519870758,-0.8636907547846739
COHFACE_s09_session3_natural,0,39,1.3,-0.6817050576210022,-0.7296780253156548
COHFACE_s09_session3_natural,0,40,1.3333333333333333,-0.8467998504638672,-0.5247438814799775
COHFACE_s09_session3_natural,0,41,1.3666666666666667,-0.9846317768096924,-0.26125918465506837
COHFACE_s09_session3_natural,0,42,1.4,-1.107535481452942,0.0400795008865997
COHFACE_s09_session3_natural,0,43,1.4333333333333333,-1.1991032361984253,0.3519331726891352
COHFACE_s09_session3_natural,0,44,1.4666666666666666,-1.2550121545791626,0.6437870622082887
COHFACE_s09_session3_natural,0,45,1.5,-1.3425836563110352,0.8861570220917295
COHFACE_s09_session3_natural,0,46,1.5333333333333334,-1.4530566930770874,1.0550910361796533
COHFACE_s09_session3_natural,0,47,1.5666666666666667,-1.5137497186660767,1.1370741599333567
COHFACE_s09_session3_natural,0,48,1.6,-1.3834490776062012,1.1326188575096092
COHFACE_s09_session3_natural,0,49,1.6333333333333333,-0.7760010361671448,1.055329175965443
COHFACE_s09_session3_natural,0,50,1.6666666666666667,0.23525969684123993,0.9265534936705583
COHFACE_s09_session3_natural,0,51,1.7,0.9629985094070435,0.7690788784385295
COHFACE_s09_session3_natural,0,52,1.7333333333333334,1.2078452110290527,0.6023260012425035
COHFACE_s09_session3_natural,0,53,1.7666666666666666,1.249556064605713,0.4400070062156445
COHFACE_s09_session3_natural,0,54,1.8,1.2235804796218872,0.2899863081927098
COHFACE_s09_session3_natural,0,55,1.8333333333333333,1.1060755252838135,0.15505367124350328
COHFACE_s09_session3_natural,0,56,1.8666666666666667,0.9502220749855042,0.03397851699415112
COHFACE_s09_session3_natural,0,57,1.9,0.8140616416931152,-0.07696812287832475
COHFACE_s09_session3_natural,0,58,1.9333333333333333,0.6911771893501282,-0.18211968613661386
COHFACE_s09_session3_natural,0,59,1.9666666666666666,0.6084280610084534,-0.28457537448655645
COHFACE_s09_session3_natural,0,60,2.0,0.5254676342010498,-0.3849765680144198
COHFACE_s09_session3_natural,0,61,2.033333333333333,0.3641769587993622,-0.48149586104441133
COHFACE_s09_session3_natural,0,62,2.066666666666667,0.16165582835674286,-0.5708118964911504
COHFACE_s09_session3_natural,0,63,2.1,-0.03465958684682846,-0.649090297626699
COHFACE_s09_session3_natural,0,64,2.1333333333333333,-0.2479974627494812,-0.7124767962510358
COHFACE_s09_session3_natural,0,65,2.1666666666666665,-0.45639768242836,-0.7572065008180464
COHFACE_s09_session3_natural,0,66,2.2,-0.6317328214645386,-0.7795186307092629
COHFACE_s09_session3_natural,0,67,2.2333333333333334,-0.7893922924995422,-0.7755856637635481
COHFACE_s09_session3_natural,0,68,2.2666666666666666,-0.9289725422859192,-0.7415959913070953
COHFACE_s09_session3_natural,0,69,2.3,-1.0250552892684937,-0.6740227263079934
COHFACE_s09_session3_natural,0,70,2.3333333333333335,-1.1110706329345703,-0.5702963935877158
COHFACE_s09_session3_natural,0,71,2.3666666666666667,-1.1982194185256958,-0.43020310528497496
COHFACE_s09_session3_natural,0,72,2.4,-1.2949745655059814,-0.2575068550115398
COHFACE_s09_session3_natural,0,73,2.433333333333333,-1.388790249824524,-0.06056718039601222
COHFACE_s09_session3_natural,0,74,2.466666666666667,-1.290766954421997,0.14833127337905538
COHFACE_s09_session3_natural,0,75,2.5,-0.6736933588981628,0.3542181120329402
COHFACE_s09_session3_natural,0,76,2.533333333333333,0.3679042160511017,0.5409665674542413
COHFACE_s09_session3_natural,0,77,2.566666666666667,1.149169683456421,0.6933133894590804
COHFACE_s09_session3_natural,0,78,2.6,1.4502711296081543,0.7990233382007726
COHFACE_s09_session3_natural,0,79,2.6333333333333333,1.5313295125961304,0.8503294243552827
COHFACE_s09_session3_natural,0,80,2.6666666666666665,1.5422999858856201,0.8443192548255063
COHFACE_s09_session3_natural,0,81,2.7,1.4484844207763672,0.7825233688667754
COHFACE_s09_session3_natural,0,82,2.7333333333333334,1.2762808799743652,0.6701742050890037
COHFACE_s09_session3_natural,0,83,2.7666666666666666,1.094451904296875,0.5156867738487342
COHFACE_s09_session3_natural,0,84,2.8,0.9454765319824219,0.3304483842297432
COHFACE_s09_session3_natural,0,85,2.8333333333333335,0.8413244485855103,0.12853351790077422
COHFACE_s09_session3_natural,0,86,2.8666666666666667,0.7326958179473877,-0.07400694556353285
COHFACE_s09_session3_natural,0,87,2.9,0.5693878531455994,-0.2604821717101237
COHFACE_s09_session3_natural,0,88,2.933333333333333,0.35266855359077454,-0.4154135018282467
COHFACE_s09_session3_natural,0,89,2.966666666666667,0.11683259159326553,-0.5264665267980658
COHFACE_s09_session3_natural,0,90,3.0,-0.10105869919061661,-0.5862240124378453
COHFACE_s09_session3_natural,0,91,3.033333333333333,-0.31226396560668945,-0.5937491419028852
COHFACE_s09_session3_natural,0,92,3.066666666666667,-0.5172635316848755,-0.5550936579827368
COHFACE_s09_session3_natural,0,93,3.1,-0.689889669418335,-0.48131573579796005
COHFACE_s09_session3_natural,0,94,3.1333333333333333,-0.8257234692573547,-0.3847120512083478
COHFACE_s09_session3_natural,0,95,3.1666666666666665,-0.9365231394767761,-0.27597345528181955
COHFACE_s09_session3_natural,0,96,3.2,-1.0261504650115967,-0.16340970110800196
COHFACE_s09_session3_natural,0,97,3.2333333333333334,-1.0706470012664795,-0.05358154827638055
COHFACE_s09_session3_natural,0,98,3.2666666666666666,-1.1561243534088135,0.0477220231374572
COHFACE_s09_session3_natural,0,99,3.3,-1.275377631187439,0.13531516262956905
COHFACE_s09_session3_natural,0,100,3.3333333333333335,-1.3681365251541138,0.2053606763263735
COHFACE_s09_session3_natural,0,101,3.3666666666666667,-1.2589892148971558,0.256069437893552
COHFACE_s09_session3_natural,0,102,3.4,-0.6777280569076538,0.2878290830945914
COHFACE_s09_session3_natural,0,103,3.433333333333333,0.33168825507164,0.30281394651503946
COHFACE_s09_session3_natural,0,104,3.466666666666667,1.0874391794204712,0.30423353699580163
COHFACE_s09_session3_natural,0,105,3.5,1.3632376194000244,0.2954488637945567
COHFACE_s09_session3_natural,0,106,3.533333333333333,1.4246798753738403,0.27930981334356964
COHFACE_s09_session3_natural,0,107,3.566666666666667,1.4089637994766235,0.25811563828840134
COHFACE_s09_session3_natural,0,108,3.6,1.3318824768066406,0.23406338824310685
COHFACE_s09_session3_natural,0,109,3.6333333333333333,1.2114187479019165,0.2095541176331842
COHFACE_s09_session3_natural,0,110,3.6666666666666665,1.0958927869796753,0.18699781437567753
COHFACE_s09_session3_natural,0,111,3.7,1.0102617740631104,0.16812873348385807
COHFACE_s09_session3_natural,0,112,3.7333333333333334,0.9434784054756165,0.15323256451190764
COHFACE_s09_session3_natural,0,113,3.7666666666666666,0.8589041233062744,0.14097695402185031
COHFACE_s09_session3_natural,0,114,3.8,0.7096790075302124,0.12880370309644842
COHFACE_s09_session3_natural,0,115,3.8333333333333335,0.4967446029186249,0.11313226974370015
COHFACE_s09_session3_natural,0,116,3.8666666666666667,0.2679405212402344,0.08934167334648463
COHFACE_s09_session3_natural,0,117,3.9,0.0454573929309845,0.052220707309827086
COHFACE_s09_session3_natural,0,118,3.933333333333333,-0.17143483459949493,-0.002880938369131658
COHFACE_s09_session3_natural,0,119,3.966666666666667,-0.36780789494514465,-0.07852007619045376
COHFACE_s09_session3_natural,0,120,4.0,-0.52959805727005,-0.17387927358120925
COHFACE_s09_session3_natural,0,121,4.033333333333333,-0.6553836464881897,-0.2845495672934222
COHFACE_s09_session3_natural,0,122,4.066666666666666,-0.7600929141044617,-0.4032159786390429
COHFACE_s09_session3_natural,0,123,4.1,-0.8602102994918823,-0.5201787464836289
COHFACE_s09_session3_natural,0,124,4.133333333333334,-0.9498760104179382,-0.6234038974089373
COHFACE_s09_session3_natural,0,125,4.166666666666667,-1.0606372356414795,-0.6986416665922133
COHFACE_s09_session3_natural,0,126,4.2,-1.1788914203643799,-0.7304497334104184
COHFACE_s09_session3_natural,0,127,4.233333333333333,-1.2443491220474243,-0.704987142245181
COHFACE_s09_session3_natural,0,128,4.266666666666667,-1.1146249771118164,-0.6140668224666919
COHFACE_s09_session3_natural,0,129,4.3,-0.5376673936843872,-0.4586148383617187
COHFACE_s09_session3_natural,0,130,4.333333333333333,0.3644651472568512,-0.2501311126943386
COHFACE_s09_session3_natural,0,131,4.366666666666666,0.9978119730949402,-0.009482952481300662
COHFACE_s09_session3_natural,0,132,4.4,1.1884212493896484,0.23669570107733529
COHFACE_s09_session3_natural,0,133,4.433333333333334,1.1979122161865234,0.46082401247219695
COHFACE_s09_session3_natural,0,134,4.466666666666667,1.1515904664993286,0.6389249040879573
COHFACE_s09_session3_natural,0,135,4.5,1.039311408996582,0.7533717141811226
COHFACE_s09_session3_natural,0,136,4.533333333333333,0.9007685780525208,0.7939061532689347
COHFACE_s09_session3_natural,0,137,4.566666666666666,0.7980958819389343,0.7584669428225983
COHFACE_s09_session3_natural,0,138,4.6,0.7361348867416382,0.6539731134814502
COHFACE_s09_session3_natural,0,139,4.633333333333334,0.6790731549263,0.49572992233975754
COHFACE_s09_session3_natural,0,140,4.666666666666667,0.586083710193634,0.3049104857285243
COHFACE_s09_session3_natural,0,141,4.7,0.43820351362228394,0.10455858720062924
COHFACE_s09_session3_natural,0,142,4.733333333333333,0.26198458671569824,-0.08462035220999645
COHFACE_s09_session3_natural,0,143,4.766666666666667,0.07596716284751892,-0.24682321870471144
COHFACE_s09_session3_natural,0,144,4.8,-0.10180798918008804,-0.3716533109159357
COHFACE_s09_session3_natural,0,145,4.833333333333333,-0.28617310523986816,-0.45361692749212335
COHFACE_s09_session3_natural,0,146,4.866666666666666,-0.4653123617172241,-0.4913249918196525
COHFACE_s09_session3_natural,0,147,4.9,-0.6198593378067017,-0.4865765575510185
COHFACE_s09_session3_natural,0,148,4.933333333333334,-0.7488534450531006,-0.4434793839304606
COHFACE_s09_session3_natural,0,149,4.966666666666667,-0.8555800318717957,-0.36774251327750285
COHFACE_s09_session3_natural,0,150,5.0,-0.9474744200706482,-0.26621157178972016
COHFACE_s09_session3_natural,0,151,5.033333333333333,-1.0309536457061768,-0.14666253612212998
COHFACE_s09_session3_natural,0,152,5.066666666666666,-1.1182177066802979,-0.01773247827694488
COHFACE_s09_session3_natural,0,153,5.1,-1.2164138555526733,0.11122975852521079
COHFACE_s09_session3_natural,0,154,5.133333333333334,-1.3187023401260376,0.23071600759591032
COHFACE_s09_session3_natural,0,155,5.166666666666667,-1.2991629838943481,0.332338711677794
COHFACE_s09_session3_natural,0,156,5.2,-0.8838995695114136,0.4103006381642861
COHFACE_s09_session3_natural,0,157,5.233333333333333,0.007685213349759579,0.4617760828907192
COHFACE_s09_session3_natural,0,158,5.266666666666667,0.8356375098228455,0.4861085117042764
COHFACE_s09_session3_natural,0,159,5.3,1.2210444211959839,0.48393065124696183
COHFACE_s09_session3_natural,0,160,5.333333333333333,1.3334579467773438,0.4568472464305613
COHFACE_s09_session3_natural,0,161,5.366666666666666,1.3713260889053345,0.4076892309387488
COHFACE_s09_session3_natural,0,162,5.4,1.3496925830841064,0.3409639827805257
COHFACE_s09_session3_natural,0,163,5.433333333333334,1.2289408445358276,0.2628509775183108
COHFACE_s09_session3_natural,0,164,5.466666666666667,1.09393310546875,0.1804014287346439
COHFACE_s09_session3_natural,0,165,5.5,0.9989647269248962,0.10001807815760624
COHFACE_s09_session3_natural,0,166,5.533333333333333,0.9095487594604492,0.0258347829013846
COHFACE_s09_session3_natural,0,167,5.566666666666666,0.8140231966972351,-0.04097273312147743
COHFACE_s09_session3_natural,0,168,5.6,0.6932521462440491,-0.10170963197620596
COHFACE_s09_session3_natural,0,169,5.633333333333334,0.5072155594825745,-0.15912319825538712
COHFACE_s09_session3_natural,0,170,5.666666666666667,0.30221596360206604,-0.21635473678802203
COHFACE_s09_session3_natural,0,171,5.7,0.10828293859958649,-0.2762500779752082
COHFACE_s09_session3_natural,0,172,5.733333333333333,-0.10417115688323975,-0.34102252354293633
COHFACE_s09_session3_natural,0,173,5.766666666666667,-0.29641348123550415,-0.4119215002749274
COHFACE_s09_session3_natural,0,174,5.8,-0.4480977952480316,-0.4886767339330818
COHFACE_s09_session3_natural,0,175,5.833333333333333,-0.5930960774421692,-0.5686944725755646
COHFACE_s09_session3_natural,0,176,5.866666666666666,-0.733829140663147,-0.6461462750813375
COHFACE_s09_session3_natural,0,177,5.9,-0.844359815120697,-0.711252505777866
COHFACE_s09_session3_natural,0,178,5.933333333333334,-0.9154852628707886,-0.7503973050451859
COHFACE_s09_session3_natural,0,179,5.966666666666667,-1.0090126991271973,-0.7478824852123942
COHFACE_s09_session3_natural,0,180,6.0,-1.1244233846664429,-0.6895132805204176
COHFACE_s09_session3_natural,0,181,6.033333333333333,-1.2338974475860596,-0.5674516990013982
COHFACE_s09_session3_natural,0,182,6.066666666666666,-1.2823902368545532,-0.3844425943793795
COHFACE_s09_session3_natural,0,183,6.1,-1.0214817523956299,-0.15457229535491268
COHFACE_s09_session3_natural,0,184,6.133333333333334,-0.24146513640880585,0.09977088350253441
COHFACE_s09_session3_natural,0,185,6.166666666666667,0.6652400493621826,0.3524890171947419
COHFACE_s09_session3_natural,0,186,6.2,1.182542085647583,0.5784712936904846
COHFACE_s09_session3_natural,0,187,6.233333333333333,1.3804521560668945,0.7580003049492243
COHFACE_s09_session3_natural,0,188,6.266666666666667,1.4368990659713745,0.8798359310111539
COHFACE_s09_session3_natural,0,189,6.3,1.4263513088226318,0.9414394866804284
COHFACE_s09_session3_natural,0,190,6.333333333333333,1.345369815826416,0.9466098345615814
COHFACE_s09_session3_natural,0,191,6.366666666666666,1.1957796812057495,0.9025235365900977
COHFACE_s09_session3_natural,0,192,6.4,1.0415593385696411,0.8173514322018101
COHFACE_s09_session3_natural,0,193,6.433333333333334,0.9376953840255737,0.6985717902090449
COHFACE_s09_session3_natural,0,194,6.466666666666667,0.8419008255004883,0.5522176720459285
COHFACE_s09_session3_natural,0,195,6.5,0.7116386890411377,0.38341740661003454
COHFACE_s09_session3_natural,0,196,6.533333333333333,0.5417407751083374,0.19778608557616467
COHFACE_s09_session3_natural,0,197,6.566666666666666,0.33758658170700073,0.002534717784342614
COHFACE_s09_session3_natural,0,198,6.6,0.11906126141548157,-0.19319459807357636
COHFACE_s09_session3_natural,0,199,6.633333333333334,-0.09279723465442657,-0.37852157386433866
COHFACE_s09_session3_natural,0,200,6.666666666666667,-0.3002944588661194,-0.5414018345710135
COHFACE_s09_session3_natural,0,201,6.7,-0.492767333984375,-0.6695842316224712
COHFACE_s09_session3_natural,0,202,6.733333333333333,-0.6524441242218018,-0.751857745780406
COHFACE_s09_session3_natural,0,203,6.766666666666667,-0.79181307554245,-0.7793918141682594
COHFACE_s09_session3_natural,0,204,6.8,-0.8993465900421143,-0.7469692405152825
COHFACE_s09_session3_natural,0,205,6.833333333333333,-0.9616917967796326,-0.6539135507540366
COHFACE_s09_session3_natural,0,206,6.866666666666666,-1.0403870344161987,-0.5048658801800745
COHFACE_s09_session3_natural,0,207,6.9,-1.1595826148986816,-0.3108221096971524
COHFACE_s09_session3_natural,0,208,6.933333333333334,-1.2763190269470215,-0.08973106807429196
COHFACE_s09_session3_natural,0,209,6.966666666666667,-1.3233709335327148,0.13498602455832426
COHFACE_s09_session3_natural,0,210,7.0,-1.0529521703720093,0.3381040685949076
COHFACE_s09_session3_natural,0,211,7.033333333333333,-0.2756253182888031,0.4969349809168453
COHFACE_s09_session3_natural,0,212,7.066666666666666,0.5927697420120239,0.595015288445737
COHFACE_s09_session3_natural,0,213,7.1,1.074701189994812,0.6242416328675617
COHFACE_s09_session3_natural,0,214,7.133333333333334,1.2059047222137451,0.5852406080759456
COHFACE_s09_session3_natural,0,215,7.166666666666667,1.195318579673767,0.48641915131332597
COHFACE_s09_session3_natural,0,216,7.2,1.1664034128189087,0.34220151519096936
COHFACE_s09_session3_natural,0,217,7.233333333333333,1.0775254964828491,0.17090084145159837
COHFACE_s09_session3_natural,0,218,7.266666666666667,0.9420759081840515,-0.007573652566764958
COHFACE_s09_session3_natural,0,219,7.3,0.8420737981796265,-0.17418882010113282
COHFACE_s09_session3_natural,0,220,7.333333333333333,0.8060691356658936,-0.3130621535672017
COHFACE_s09_session3_natural,0,221,7.366666666666666,0.7290646433830261,-0.41278711413386404
COHFACE_s09_session3_natural,0,222,7.4,0.6037977933883667,-0.466768507075154
COHFACE_s09_session3_natural,0,223,7.433333333333334,0.43495655059814453,-0.47320078359877865
COHFACE_s09_session3_natural,0,224,7.466666666666667,0.24884308874607086,-0.4351697275402983
COHFACE_s09_session3_natural,0,225,7.5,0.050817735493183136,-0.36105396980678633
COHFACE_s09_session3_natural,0,226,7.533333333333333,-0.13746677339076996,-0.26442055128853337
COHFACE_s09_session3_natural,0,227,7.566666666666666,-0.2979312837123871,-0.16186883613767597
COHFACE_s09_session3_natural,0,228,7.6,-0.43991318345069885,-0.0690160111331293
COHFACE_s09_session3_natural,0,229,7.633333333333334,-0.5563229322433472,0.0034075317814498116
COHFACE_s09_session3_natural,0,230,7.666666666666667,-0.6637027263641357,0.05172707277462956
COHFACE_s09_session3_natural,0,231,7.7,-0.7638970017433167,0.07882231327423692
COHFACE_s09_session3_natural,0,232,7.733333333333333,-0.8406901955604553,0.09148809525066666
COHFACE_s09_session3_natural,0,233,7.766666666666667,-0.9460718631744385,0.09750989902506926
COHFACE_s09_session3_natural,0,234,7.8,-1.069033145904541,0.10352813408863262
COHFACE_s09_session3_natural,0,235,7.833333333333333,-1.0782169103622437,0.11378002723923043
COHFACE_s09_session3_natural,0,236,7.866666666666666,-0.7840319275856018,0.12971365596018547
COHFACE_s09_session3_natural,0,237,7.9,-0.1120099350810051,0.15043621147276778
COHFACE_s09_session3_natural,0,238,7.933333333333334,0.562624990940094,0.17371562943963648
COHFACE_s09_session3_natural,0,239,7.966666666666667,0.855080783367157,0.19707660205526392
COHFACE_s09_session3_natural,0,240,8.0,0.9133720993995667,0.21857038788861974
COHFACE_s09_session3_natural,0,241,8.033333333333333,0.8944283723831177,0.2369175889031428
COHFACE_s09_session3_natural,0,242,8.066666666666666,0.8029182553291321,0.25109014002522667
COHFACE_s09_session3_natural,0,243,8.1,0.6891022324562073,0.2597381145730448
COHFACE_s09_session3_natural,0,244,8.133333333333333,0.5989562273025513,0.2607994067512298
COHFACE_s09_session3_natural,0,245,8.166666666666666,0.5412220358848572,0.25148375906403814
COHFACE_s09_session3_natural,0,246,8.2,0.5131330490112305,0.2286944481635743
COHFACE_s09_session3_natural,0,247,8.233333333333333,0.46913596987724304,0.18980649153647322
COHFACE_s09_session3_natural,0,248,8.266666666666667,0.3506127893924713,0.1335236382350278
COHFACE_s09_session3_natural,0,249,8.3,0.2051726132631302,0.060394999992739014
COHFACE_s09_session3_natural,0,250,8.333333333333334,0.052450817078351974,-0.02710620338781077
COHFACE_s09_session3_natural,0,251,8.366666666666667,-0.11829248815774918,-0.12471072766276607
COHFACE_s09_session3_natural,0,252,8.4,-0.27558690309524536,-0.2266613524338887
COHFACE_s09_session3_natural,0,253,8.433333333333334,-0.4226601719856262,-0.3263818572090324
COHFACE_s09_session3_natural,0,254,8.466666666666667,-0.5667170286178589,-0.41714283089713633
COHFACE_s09_session3_natural,0,255,8.5,-0.6613011956214905,-0.4919072178608138
COHFACE_s09_session3_natural,0,256,8.533333333333333,-0.7369992136955261,-0.542513378640005
COHFACE_s09_session3_natural,0,257,8.566666666666666,-0.8221114873886108,-0.5592945040644428
COHFACE_s09_session3_natural,0,258,8.6,-0.893064022064209,-0.5322414931000108
COHFACE_s09_session3_natural,0,259,8.633333333333333,-0.9891852140426636,-0.4544864824924442
COHFACE_s09_session3_natural,0,260,8.666666666666666,-1.079657793045044,-0.32668965299726893
COHFACE_s09_session3_natural,0,261,8.7,-0.9698379635810852,-0.15901214782449274
COHFACE_s09_session3_natural,0,262,8.733333333333333,-0.416108638048172,0.03067900210061052
COHFACE_s09_session3_natural,0,263,8.766666666666667,0.4148024320602417,0.2214210638752658
COHFACE_s09_session3_natural,0,264,8.8,1.0246713161468506,0.39432440269811525
COHFACE_s09_session3_natural,0,265,8.833333333333334,1.3190484046936035,0.5352627799917039
COHFACE_s09_session3_natural,0,266,8.866666666666667,1.4409722089767456,0.6347201379830224
COHFACE_s09_session3_natural,0,267,8.9,1.4876782894134521,0.6870977921324135
COHFACE_s09_session3_natural,0,268,8.933333333333334,1.4612224102020264,0.6905885616410664
COHFACE_s09_session3_natural,0,269,8.966666666666667,1.3473103046417236,0.6472076095191706
COHFACE_s09_session3_natural,0,270,9.0,1.2335518598556519,0.5625436362214877
COHFACE_s09_session3_natural,0,271,9.033333333333333,1.1240202188491821,0.4449158685343314
COHFACE_s09_session3_natural,0,272,9.066666666666666,1.0272650718688965,0.3040561515001608
COHFACE_s09_session3_natural,0,273,9.1,0.9669755697250366,0.14986861917079236
COHFACE_s09_session3_natural,0,274,9.133333333333333,0.8442832231521606,-0.008353028886762585
COHFACE_s09_session3_natural,0,275,9.166666666666666,0.6378619074821472,-0.16211441054622205
COHFACE_s09_session3_natural,0,276,9.2,0.43145984411239624,-0.3036435630970567
COHFACE_s09_session3_natural,0,277,9.233333333333333,0.24135012924671173,-0.4262317225317405
COHFACE_s09_session3_natural,0,278,9.266666666666667,0.015639273449778557,-0.5249176910916554
COHFACE_s09_session3_natural,0,279,9.3,-0.18100276589393616,-0.5966992979608272
COHFACE_s09_session3_natural,0,280,9.333333333333334,-0.3136472702026367,-0.6401195448770879
COHFACE_s09_session3_natural,0,281,9.366666666666667,-0.45186346769332886,-0.6547836909804122
COHFACE_s09_session3_natural,0,282,9.4,-0.5674086809158325,-0.6409810497258933
COHFACE_s09_session3_natural,0,283,9.433333333333334,-0.6274099349975586,-0.5991725963002258
COHFACE_s09_session3_natural,0,284,9.466666666666667,-0.7298905253410339,-0.5295320623613317
COHFACE_s09_session3_natural,0,285,9.5,-0.8883953094482422,-0.4321203452975657
COHFACE_s09_session3_natural,0,286,9.533333333333333,-0.9506060481071472,-0.3078583614547331
COHFACE_s09_session3_natural,0,287,9.566666666666666,-0.7298905253410339,-0.15998384855623282
COHFACE_s09_session3_natural,0,288,9.6,-0.09731221944093704,0.004627964596946208
COHFACE_s09_session3_natural,0,289,9.633333333333333,0.6955576539039612,0.17507957979225558
COHFACE_s09_session3_natural,0,290,9.666666666666666,1.2225044965744019,0.3374006793484602
COHFACE_s09_session3_natural,0,291,9.7,1.4571877717971802,0.4767250918525801
COHFACE_s09_session3_natural,0,292,9.733333333333333,1.5471992492675781,0.5801215015371102
COHFACE_s09_session3_natural,0,293,9.766666666666667,1.5822432041168213,0.6391253056772047
COHFACE_s09_session3_natural,0,294,9.8,1.5081974267959595,0.6511317773016629
COHFACE_s09_session3_natural,0,295,9.833333333333334,1.3424879312515259,0.619079906174162
COHFACE_s09_session3_natural,0,296,9.866666666666667,1.1937623023986816,0.5497629631791979
COHFACE_s09_session3_natural,0,297,9.9,1.07960045337677,0.45191643933744574
COHFACE_s09_session3_natural,0,298,9.933333333333334,0.9786953330039978,0.33481749518605486
COHFACE_s09_session3_natural,0,299,9.966666666666667,0.8646102547645569,0.20756476246025707
COHFACE_s09_session3_natural,1,0,10.0,0.7107741236686707,-0.10384385611001397
COHFACE_s09_session3_natural,1,1,10.033333333333333,0.5107890963554382,-0.2930950929544033
COHFACE_s09_session3_natural,1,2,10.066666666666666,0.2976241409778595,-0.4829386172070787
COHFACE_s09_session3_natural,1,3,10.1,0.09468033909797668,-0.6699129143797743
COHFACE_s09_session3_natural,1,4,10.133333333333333,-0.1045554056763649,-0.8421882913095441
COHFACE_s09_session3_natural,1,5,10.166666666666666,-0.27464547753334045,-0.9807394903712537
COHFACE_s09_session3_natural,1,6,10.2,-0.4184141457080841,-1.0642484918700033
COHFACE_s09_session3_natural,1,7,10.233333333333333,-0.5508280992507935,-1.0743496415478038
COHFACE_s09_session3_natural,1,8,10.266666666666667,-0.6475448608398438,-0.9996029312579129
COHFACE_s09_session3_natural,1,9,10.3,-0.7265475392341614,-0.8386310773036301
COHFACE_s09_session3_natural,1,10,10.333333333333334,-0.8513148427009583,-0.6019422082072744
COHFACE_s09_session3_natural,1,11,10.366666666666667,-0.9942573308944702,-0.3110463162392718
COHFACE_s09_session3_natural,1,12,10.4,-1.0789469480514526,0.004971943527491189
COHFACE_s09_session3_natural,1,13,10.433333333333334,-0.9970047473907471,0.31372567100741616
COHFACE_s09_session3_natural,1,14,10.466666666666667,-0.53151935338974,0.5840064123268165
COHFACE_s09_session3_natural,1,15,10.5,0.2975088655948639,0.7909105810001973
COHFACE_s09_session3_natural,1,16,10.533333333333333,0.9765434861183167,0.9207903061484937
COHFACE_s09_session3_natural,1,17,10.566666666666666,1.3047349452972412,0.9739770610090173
COHFACE_s09_session3_natural,1,18,10.6,1.4321151971817017,0.963680056804567
COHFACE_s09_session3_natural,1,19,10.633333333333333,1.482298731803894,0.9103158766134906
COHFACE_s09_session3_natural,1,20,10.666666666666666,1.433556079864502,0.833398187063204
COHFACE_s09_session3_natural,1,21,10.7,1.3110750913619995,0.7455726403584811
COHFACE_s09_session3_natural,1,22,10.733333333333333,1.2009670734405518,0.6509232438716988
COHFACE_s09_session3_natural,1,23,10.766666666666667,1.1070938110351562,0.5468107881644568
COHFACE_s09_session3_natural,1,24,10.8,1.0372940301895142,0.42760990056097026
COHFACE_s09_session3_natural,1,25,10.833333333333334,0.9630369544029236,0.28825681539744713
COHFACE_s09_session3_natural,1,26,10.866666666666667,0.8186342716217041,0.12647106636891123
COHFACE_s09_session3_natural,1,27,10.9,0.6024721264839172,-0.056343145587019916
COHFACE_s09_session3_natural,1,28,10.933333333333334,0.40358221530914307,-0.25517401461002365
COHFACE_s09_session3_natural,1,29,10.966666666666667,0.21639283001422882,-0.46193789621582787
COHFACE_s09_session3_natural,1,30,11.0,0.028338871896266937,-0.6660912179916961
COHFACE_s09_session3_natural,1,31,11.033333333333333,-0.14434492588043213,-0.8551737824849364
COHFACE_s09_session3_natural,1,32,11.066666666666666,-0.2899388074874878,-1.0153476723874975
COHFACE_s09_session3_natural,1,33,11.1,-0.4065406918525696,-1.1321647972997906
COHFACE_s09_session3_natural,1,34,11.133333333333333,-0.5070231556892395,-1.1915982460593297
COHFACE_s09_session3_natural,1,35,11.166666666666666,-0.6006850600242615,-1.1811393036867237
COHFACE_s09_session3_natural,1,36,11.2,-0.7204955220222473,-1.0911726631159162
COHFACE_s09_session3_natural,1,37,11.233333333333333,-0.834119439125061,-0.9171414908232876
COHFACE_s09_session3_natural,1,38,11.266666666666667,-0.8525636196136475,-0.6622881783998887
COHFACE_s09_session3_natural,1,39,11.3,-0.6123663783073425,-0.33999626033706204
COHFACE_s09_session3_natural,1,40,11.333333333333334,0.016907311975955963,0.025534528910479228
COHFACE_s09_session3_natural,1,41,11.366666666666667,0.7065473794937134,0.40155027336824584
COHFACE_s09_session3_natural,1,42,11.4,1.067496418952942,0.7518612030047702
COHFACE_s09_session3_natural,1,43,11.433333333333334,1.1838293075561523,1.043316348432602
COHFACE_s09_session3_natural,1,44,11.466666666666667,1.2006404399871826,1.2517130214140253
COHFACE_s09_session3_natural,1,45,11.5,1.1375843286514282,1.3651275374759484
COHFACE_s09_session3_natural,1,46,11.533333333333333,1.010530710220337,1.3838694371172366
COHFACE_s09_session3_natural,1,47,11.566666666666666,0.8895483613014221,1.3175900475809057
COHFACE_s09_session3_natural,1,48,11.6,0.804263174533844,1.1808768899658124
COHFACE_s09_session3_natural,1,49,11.633333333333333,0.735462486743927,0.9891808866703836
COHFACE_s09_session3_natural,1,50,11.666666666666666,0.6746542453765869,0.7560568031843737
COHFACE_s09_session3_natural,1,51,11.7,0.5588977336883545,0.4917115975838562
COHFACE_s09_session3_natural,1,52,11.733333333333333,0.35822102427482605,0.2030110707461716
COHFACE_s09_session3_natural,1,53,11.766666666666667,0.1700902134180069,-0.10473499493886246
COHFACE_s09_session3_natural,1,54,11.8,-0.0002496335073374212,-0.42479291584539464
COHFACE_s09_session3_natural,1,55,11.833333333333334,-0.190974161028862,-0.7462296919055414
COHFACE_s09_session3_natural,1,56,11.866666666666667,-0.3564339578151703,-1.052336954105318
COHFACE_s09_session3_natural,1,57,11.9,-0.49599504470825195,-1.320673668936718
COHFACE_s09_session3_natural,1,58,11.933333333333334,-0.6271986365318298,-1.5249921681564869
COHFACE_s09_session3_natural,1,59,11.966666666666667,-0.74733567237854,-1.639087560425819
COHFACE_s09_session3_natural,1,60,12.0,-0.8321982026100159,-1.6420051107245164
COHFACE_s09_session3_natural,1,61,12.033333333333333,-0.8863396048545837,-1.5234432639915032
COHFACE_s09_session3_natural,1,62,12.066666666666666,-0.985419511795044,-1.2876145133955865
COHFACE_s09_session3_natural,1,63,12.1,-1.1210228204727173,-0.9535598162035357
COHFACE_s09_session3_natural,1,64,12.133333333333333,-1.162964105606079,-0.5518005596525852
COHFACE_s09_session3_natural,1,65,12.166666666666666,-0.9218254685401917,-0.11911699642044522
COHFACE_s09_session3_natural,1,66,12.2,-0.2514941692352295,0.3070594048183625
COHFACE_s09_session3_natural,1,67,12.233333333333333,0.587101936340332,0.6936998699911103
COHFACE_s09_session3_natural,1,68,12.266666666666667,1.1547412872314453,1.0160192892838409
COHFACE_s09_session3_natural,1,69,12.3,1.4139591455459595,1.2597116358030251
COHFACE_s09_session3_natural,1,70,12.333333333333334,1.5837994813919067,1.4209682197782847
COHFACE_s09_session3_natural,1,71,12.366666666666667,1.708182454109192,1.5035600538074894
COHFACE_s09_session3_natural,1,72,12.4,1.653503179550171,1.5142331789507268
COHFACE_s09_session3_natural,1,73,12.433333333333334,1.4995132684707642,1.4593810039568293
COHFACE_s09_session3_natural,1,74,12.466666666666667,1.3846789598464966,1.3442688429340022
COHFACE_s09_session3_natural,1,75,12.5,1.2689993381500244,1.1741438793780385
COHFACE_s09_session3_natural,1,76,12.533333333333333,1.1441935300827026,0.9558709247317185
COHFACE_s09_session3_natural,1,77,12.566666666666666,1.0260930061340332,0.6984274128341585
COHFACE_s09_session3_natural,1,78,12.6,0.8488174080848694,0.41178781275268916
COHFACE_s09_session3_natural,1,79,12.633333333333333,0.6316370368003845,0.10504674998806378
COHFACE_s09_session3_natural,1,80,12.666666666666666,0.41499456763267517,-0.2145657290411762
COHFACE_s09_session3_natural,1,81,12.7,0.17237651348114014,-0.53977881405918
COHFACE_s09_session3_natural,1,82,12.733333333333333,-0.054852139204740524,-0.8593909425867203
COHFACE_s09_session3_natural,1,83,12.766666666666667,-0.22897689044475555,-1.1560124620687966
COHFACE_s09_session3_natural,1,84,12.8,-0.4026789367198944,-1.4069679026987814
COHFACE_s09_session3_natural,1,85,12.833333333333334,-0.5659101009368896,-1.5874211040902648
COHFACE_s09_session3_natural,1,86,12.866666666666667,-0.6769210696220398,-1.674603811004888
COHFACE_s09_session3_natural,1,87,12.9,-0.762628972530365,-1.6520762666266635
COHFACE_s09_session3_natural,1,88,12.933333333333334,-0.8809407949447632,-1.5132073213255572
COHFACE_s09_session3_natural,1,89,12.966666666666667,-1.0279371738433838,-1.263384680834692
COHFACE_s09_session3_natural,1,90,13.0,-1.1313400268554688,-0.9205629352316078
COHFACE_s09_session3_natural,1,91,13.033333333333333,-1.1332036256790161,-0.5138711349345819
COHFACE_s09_session3_natural,1,92,13.066666666666666,-0.7797282934188843,-0.0802718053456761
COHFACE_s09_session3_natural,1,93,13.1,0.06770570576190948,0.34040944509883597
COHFACE_s09_session3_natural,1,94,13.133333333333333,0.8762915730476379,0.7115694290876522
COHFACE_s09_session3_natural,1,95,13.166666666666666,1.336916208267212,1.006260483480178
COHFACE_s09_session3_natural,1,96,13.2,1.5828964710235596,1.2120214865225576
COHFACE_s09_session3_natural,1,97,13.233333333333333,1.7386538982391357,1.3313152745414036
COHFACE_s09_session3_natural,1,98,13.266666666666667,1.7990201711654663,1.376903976688057
COHFACE_s09_session3_natural,1,99,13.3,1.7116600275039673,1.3638319765442972
COHFACE_s09_session3_natural,1,100,13.333333333333334,1.541915774345398,1.3017497073577826
COHFACE_s09_session3_natural,1,101,13.366666666666667,1.3940163850784302,1.1925524048307703
COHFACE_s09_session3_natural,1,102,13.4,1.2874435186386108,1.033954401568415
COHFACE_s09_session3_natural,1,103,13.433333333333334,1.1766438484191895,0.8251753005648662
COHFACE_s09_session3_natural,1,104,13.466666666666667,1.0114145278930664,0.5710635930057629
COHFACE_s09_session3_natural,1,105,13.5,0.7934848666191101,0.2820503574306751
COHFACE_s09_session3_natural,1,106,13.533333333333333,0.5595701336860657,-0.029106640650369085
COHFACE_s09_session3_natural,1,107,13.566666666666666,0.3280186355113983,-0.34958489846550245
COHFACE_s09_session3_natural,1,108,13.6,0.10528575628995895,-0.6662311828759163
COHFACE_s09_session3_natural,1,109,13.633333333333333,-0.10643824934959412,-0.9643040471210187
COHFACE_s09_session3_natural,1,110,13.666666666666666,-0.28588491678237915,-1.2266998426444866
COHFACE_s09_session3_natural,1,111,13.7,-0.45368868112564087,-1.4346648762630116
COHFACE_s09_session3_natural,1,112,13.733333333333333,-0.6015496253967285,-1.5699493586481215
COHFACE_s09_session3_natural,1,113,13.766666666666667,-0.6998034119606018,-1.617308946509327
COHFACE_s09_session3_natural,1,114,13.8,-0.8022840023040771,-1.5663617259742724
COHFACE_s09_session3_natural,1,115,13.833333333333334,-0.9191356897354126,-1.4121292964751677
COHFACE_s09_session3_natural,1,116,13.866666666666667,-1.0107802152633667,-1.1550293380663457
COHFACE_s09_session3_natural,1,117,13.9,-1.136469841003418,-0.8022541063355988
COHFACE_s09_session3_natural,1,118,13.933333333333334,-1.2362990379333496,-0.3704289441837472
COHFACE_s09_session3_natural,1,119,13.966666666666667,-1.067207932472229,0.11263563943120505
COHFACE_s09_session3_natural,1,120,14.0,-0.4071170687675476,0.608763860182708
COHFACE_s09_session3_natural,1,121,14.033333333333333,0.4634874165058136,1.0735114586263257
COHFACE_s09_session3_natural,1,122,14.066666666666666,1.0381778478622437,1.4630500584730897
COHFACE_s09_session3_natural,1,123,14.1,1.292112112045288,1.7421402747158745
COHFACE_s09_session3_natural,1,124,14.133333333333333,1.3986082077026367,1.8905450921736517
COHFACE_s09_session3_natural,1,125,14.166666666666666,1.428080439567566,1.9047851322716112
COHFACE_s09_session3_natural,1,126,14.2,1.3296922445297241,1.7950318465408823
COHFACE_s09_session3_natural,1,127,14.233333333333333,1.1452887058258057,1.5798260493479894
COHFACE_s09_session3_natural,1,128,14.266666666666667,1.0093587636947632,1.280895680236316
COHFACE_s09_session3_natural,1,129,14.3,0.9111242294311523,0.9194532484156123
COHFACE_s09_session3_natural,1,130,14.333333333333334,0.8114486932754517,0.5146308771278114
COHFACE_s09_session3_natural,1,131,14.366666666666667,0.6955576539039612,0.08394729975836712
COHFACE_s09_session3_natural,1,132,14.4,0.5322688817977905,-0.3550432427613954
COHFACE_s09_session3_natural,1,133,14.433333333333334,0.3401995003223419,-0.7832802665902724
COHFACE_s09_session3_natural,1,134,14.466666666666667,0.1557191014289856,-1.1795191072318203
COHFACE_s09_session3_natural,1,135,14.5,-0.03736858069896698,-1.520213720284737
COHFACE_s09_session3_natural,1,136,14.533333333333333,-0.24407806992530823,-1.7803314764367317
COHFACE_s09_session3_natural,1,137,14.566666666666666,-0.42123842239379883,-1.9359834218375398
COHFACE_s09_session3_natural,1,138,14.6,-0.5595698952674866,-1.9685236365991912
COHFACE_s09_session3_natural,1,139,14.633333333333333,-0.6884679198265076,-1.8685424333215825
COHFACE_s09_session3_natural,1,140,14.666666666666666,-0.7982877492904663,-1.6386650862695809
COHFACE_s09_session3_natural,1,141,14.7,-0.9040728807449341,-1.2947203316690292
COHFACE_s09_session3_natural,1,142,14.733333333333333,-1.017677664756775,-0.8649862701847828
COHFACE_s09_session3_natural,1,143,14.766666666666667,-1.1560859680175781,-0.3873928599841102
COHFACE_s09_session3_natural,1,144,14.8,-1.2369329929351807,0.0953089256632223
COHFACE_s09_session3_natural,1,145,14.833333333333334,-1.1177949905395508,0.5421542645875997
COHFACE_s09_session3_natural,1,146,14.866666666666667,-0.6078130006790161,0.920752547802604
COHFACE_s09_session3_natural,1,147,14.9,0.15404759347438812,1.2115433703913574
COHFACE_s09_session3_natural,1,148,14.933333333333334,0.6400905847549438,1.4083214866949931
COHFACE_s09_session3_natural,1,149,14.966666666666667,0.7989796996116638,1.5155506438457425
COHFACE_s09_session3_natural,1,150,15.0,0.8280677199363708,1.5438597822583378
COHFACE_s09_session3_natural,1,151,15.033333333333333,0.765953004360199,1.5056765681014594
COHFACE_s09_session3_natural,1,152,15.066666666666666,0.6286782622337341,1.412293326119205
COHFACE_s09_session3_natural,1,153,15.1,0.4962450861930847,1.2727928866302922
COHFACE_s09_session3_natural,1,154,15.133333333333333,0.39443695545196533,1.0943158495130152
COHFACE_s09_session3_natural,1,155,15.166666666666666,0.32863345742225647,0.8824213040028738
COHFACE_s09_session3_natural,1,156,15.2,0.29001590609550476,0.6411781572662688
COHFACE_s09_session3_natural,1,157,15.233333333333333,0.20553764700889587,0.37360136877536837
COHFACE_s09_session3_natural,1,158,15.266666666666667,0.044708095490932465,0.08282664597288919
COHFACE_s09_session3_natural,1,159,15.3,-0.1258430778980255,-0.22596256425975553
COHFACE_s09_session3_natural,1,160,15.333333333333334,-0.2842518389225006,-0.5435001149479541
COHFACE_s09_session3_natural,1,161,15.366666666666667,-0.46777158975601196,-0.855487745193329
COHFACE_s09_session3_natural,1,162,15.4,-0.6440097093582153,-1.1431980622663267
COHFACE_s09_session3_natural,1,163,15.433333333333334,-0.7693150043487549,-1.3852748556214791
COHFACE_s09_session3_natural,1,164,15.466666666666667,-0.8999614119529724,-1.560091978725444
COHFACE_s09_session3_natural,1,165,15.5,-1.0241330862045288,-1.6478852720596087
COHFACE_s09_session3_natural,1,166,15.533333333333333,-1.1300334930419922,-1.6327190566940475
COHFACE_s09_session3_natural,1,167,15.566666666666666,-1.246962070465088,-1.505084951861829
COHFACE_s09_session3_natural,1,168,15.6,-1.334802508354187,-1.2651118747767258
COHFACE_s09_session3_natural,1,169,15.633333333333333,-1.2347235679626465,-0.9254308790981738
COHFACE_s09_session3_natural,1,170,15.666666666666666,-0.7076038122177124,-0.5123633030012069
COHFACE_s09_session3_natural,1,171,15.7,0.10096289217472076,-0.06401199654701624
COHFACE_s09_session3_natural,1,172,15.733333333333333,0.6548075079917908,0.3750926655136797
COHFACE_s09_session3_natural,1,173,15.766666666666667,0.8548309803009033,0.7618795298282954
COHFACE_s09_session3_natural,1,174,15.8,0.908011794090271,1.0630869733289499
COHFACE_s09_session3_natural,1,175,15.833333333333334,0.9157736897468567,1.2611614565092022
COHFACE_s09_session3_natural,1,176,15.866666666666667,0.839211106300354,1.3557464071994512
COHFACE_s09_session3_natural,1,177,15.9,0.692387580871582,1.360130052920958
COHFACE_s09_session3_natural,1,178,15.933333333333334,0.5600504875183105,1.2942355406484012
COHFACE_s09_session3_natural,1,179,15.966666666666667,0.4781467020511627,1.1776177427784635
COHFACE_s09_session3_natural,1,180,16.0,0.4153788089752197,1.0250037192618742
COHFACE_s09_session3_natural,1,181,16.033333333333335,0.33130401372909546,0.8454985273961663
COHFACE_s09_session3_natural,1,182,16.066666666666666,0.2191210240125656,0.64477182533007
COHFACE_s09_session3_natural,1,183,16.1,0.03404504433274269,0.4279865726896723
COHFACE_s09_session3_natural,1,184,16.133333333333333,-0.16747701168060303,0.20158015535857152
COHFACE_s09_session3_natural,1,185,16.166666666666668,-0.33209148049354553,-0.02718063542423612
COHFACE_s09_session3_natural,1,186,16.2,-0.5141510367393494,-0.251943763989579
COHFACE_s09_session3_natural,1,187,16.233333333333334,-0.6865082383155823,-0.4676751924257385
COHFACE_s09_session3_natural,1,188,16.266666666666666,-0.8108528852462769,-0.6692798975664612
COHFACE_s09_session3_natural,1,189,16.3,-0.8942744135856628,-0.8503274931742286
COHFACE_s09_session3_natural,1,190,16.333333333333332,-0.9733154773712158,-1.0028733030619326
COHFACE_s09_session3_natural,1,191,16.366666666666667,-1.0938944816589355,-1.1182109659826933
COHFACE_s09_session3_natural,1,192,16.4,-1.1905919313430786,-1.1879310343046499
COHFACE_s09_session3_natural,1,193,16.433333333333334,-1.144135594367981,-1.2043752675658579
COHFACE_s09_session3_natural,1,194,16.466666666666665,-0.7432625889778137,-1.160620906022315
COHFACE_s09_session3_natural,1,195,16.5,0.07992498576641083,-1.05111463598393
COHFACE_s09_session3_natural,1,196,16.533333333333335,0.8169627785682678,-0.8734190074705441
COHFACE_s09_session3_natural,1,197,16.566666666666666,1.2053091526031494,-0.6306969607015698
COHFACE_s09_session3_natural,1,198,16.6,1.4043911695480347,-0.3340418688250903
COHFACE_s09_session3_natural,1,199,16.633333333333333,1.4961318969726562,-0.00340739232714418
COHFACE_s09_session3_natural,1,200,16.666666666666668,1.4790902137756348,0.3338700964335557
COHFACE_s09_session3_natural,1,201,16.7,1.3307873010635376,0.6474526188557661
COHFACE_s09_session3_natural,1,202,16.733333333333334,1.1215417385101318,0.9100143267326186
COHFACE_s09_session3_natural,1,203,16.766666666666666,0.9587141275405884,1.1020658129936582
COHFACE_s09_session3_natural,1,204,16.8,0.827433705329895,1.2140149561853835
COHFACE_s09_session3_natural,1,205,16.833333333333332,0.68771892786026,1.245431312433337
COHFACE_s09_session3_natural,1,206,16.866666666666667,0.5383785367012024,1.2024395751553347
COHFACE_s09_session3_natural,1,207,16.9,0.3454637825489044,1.0948685621497978
COHFACE_s09_session3_natural,1,208,16.933333333333334,0.11798535287380219,0.9342787658682912
COHFACE_s09_session3_natural,1,209,16.966666666666665,-0.09706245362758636,0.7332619378984642
COHFACE_s09_session3_natural,1,210,17.0,-0.3062503933906555,0.5054542512318417
COHFACE_s09_session3_natural,1,211,17.033333333333335,-0.501086413860321,0.2649630597214979
COHFACE_s09_session3_natural,1,212,17.066666666666666,-0.6812631487846375,0.025083779577810727
COHFACE_s09_session3_natural,1,213,17.1,-0.8166935443878174,-0.20258526861484147
COHFACE_s09_session3_natural,1,214,17.133333333333333,-0.9219983816146851,-0.4081309170270854
COHFACE_s09_session3_natural,1,215,17.166666666666668,-1.0229803323745728,-0.5826609792318839
COHFACE_s09_session3_natural,1,216,17.2,-1.1188901662826538,-0.7177552060152002
COHFACE_s09_session3_natural,1,217,17.233333333333334,-1.2355880737304688,-0.806112131311287
COHFACE_s09_session3_natural,1,218,17.266666666666666,-1.279028058052063,-0.843309319713822
COHFACE_s09_session3_natural,1,219,17.3,-1.027591347694397,-0.8294314731806663
COHFACE_s09_session3_natural,1,220,17.333333333333332,-0.37070900201797485,-0.7696233302766774
COHFACE_s09_session3_natural,1,221,17.366666666666667,0.3821600377559662,-0.6731554816674064
COHFACE_s09_session3_natural,1,222,17.4,0.8853600025177002,-0.5514137418346158
COHFACE_s09_session3_natural,1,223,17.433333333333334,1.0914931297302246,-0.41595070945017726
COHFACE_s09_session3_natural,1,224,17.466666666666665,1.1409658193588257,-0.2771772275655393
COHFACE_s09_session3_natural,1,225,17.5,1.131820559501648,-0.14360968417799738
COHFACE_s09_session3_natural,1,226,17.533333333333335,1.0088976621627808,-0.021481925762796488
COHFACE_s09_session3_natural,1,227,17.566666666666666,0.8026108741760254,0.08548386390921946
COHFACE_s09_session3_natural,1,228,17.6,0.6457006931304932,0.17625817888892223
COHFACE_s09_session3_natural,1,229,17.633333333333333,0.5407416820526123,0.2526096730548841
COHFACE_s09_session3_natural,1,230,17.666666666666668,0.40750160813331604,0.31867283261752655
COHFACE_s09_session3_natural,1,231,17.7,0.25612470507621765,0.3792286867444964
COHFACE_s09_session3_natural,1,232,17.733333333333334,0.10582371056079865,0.43691130596470273
COHFACE_s09_session3_natural,1,233,17.766666666666666,-0.08055873960256577,0.48953238853266307
COHFACE_s09_session3_natural,1,234,17.8,-0.28238821029663086,0.5290808653113273
COHFACE_s09_session3_natural,1,235,17.833333333333332,-0.45956775546073914,0.5439416584701368
COHFACE_s09_session3_natural,1,236,17.866666666666667,-0.6307337284088135,0.5236188366560119
COHFACE_s09_session3_natural,1,237,17.9,-0.7659719586372375,0.46311517566861565
COHFACE_s09_session3_natural,1,238,17.933333333333334,-0.8753306865692139,0.3651039209618352
COHFACE_s09_session3_natural,1,239,17.966666666666665,-1.0115103721618652,0.23940644199714775
COHFACE_s09_session3_natural,1,240,18.0,-1.1100138425827026,0.10016382713427147
COHFACE_s09_session3_natural,1,241,18.033333333333335,-1.171859622001648,-0.0381389019718567
COHFACE_s09_session3_natural,1,242,18.066666666666666,-1.281583309173584,-0.1642918405566134
COHFACE_s09_session3_natural,1,243,18.1,-1.3827574253082275,-0.27207200885390614
COHFACE_s09_session3_natural,1,244,18.133333333333333,-1.4335750341415405,-0.35966574178722543
COHFACE_s09_session3_natural,1,245,18.166666666666668,-1.405121088027954,-0.42763408117141705
COHFACE_s09_session3_natural,1,246,18.2,-1.0169283151626587,-0.4766748599373857
COHFACE_s09_session3_natural,1,247,18.233333333333334,-0.25241637229919434,-0.5065514847095697
COHFACE_s09_session3_natural,1,248,18.266666666666666,0.34338879585266113,-0.5163381263444353
COHFACE_s09_session3_natural,1,249,18.3,0.6032790541648865,-0.5049191854994269
COHFACE_s09_session3_natural,1,250,18.333333333333332,0.6746542453765869,-0.4712625301625959
COHFACE_s09_session3_natural,1,251,18.366666666666667,0.6662775278091431,-0.4147016027139018
COHFACE_s09_session3_natural,1,252,18.4,0.6003395318984985,-0.3353640782728467
COHFACE_s09_session3_natural,1,253,18.433333333333334,0.4610089957714081,-0.23472659863878884
COHFACE_s09_session3_natural,1,254,18.466666666666665,0.31639495491981506,-0.11598278672016477
COHFACE_s09_session3_natural,1,255,18.5,0.23842979967594147,0.016305190341608274
COHFACE_s09_session3_natural,1,256,18.533333333333335,0.17543134093284607,0.15706414082542078
COHFACE_s09_session3_natural,1,257,18.566666666666666,0.08002104610204697,0.30118407030143396
COHFACE_s09_session3_natural,1,258,18.6,-0.027281908318400383,0.4431585700497467
COHFACE_s09_session3_natural,1,259,18.633333333333333,-0.17579612135887146,0.5760125647495754
COHFACE_s09_session3_natural,1,260,18.666666666666668,-0.33881592750549316,0.6903669325350829
COHFACE_s09_session3_natural,1,261,18.7,-0.47386202216148376,0.7749992099200521
COHFACE_s09_session3_natural,1,262,18.733333333333334,-0.6326742172241211,0.8189754294904171
COHFACE_s09_session3_natural,1,263,18.766666666666666,-0.7687193751335144,0.8140999367745837
COHFACE_s09_session3_natural,1,264,18.8,-0.869893491268158,0.7566914251879757
COHFACE_s09_session3_natural,1,265,18.833333333333332,-0.9759092330932617,0.6481658040853222
COHFACE_s09_session3_natural,1,266,18.866666666666667,-1.0648448467254639,0.494575422596608
COHFACE_s09_session3_natural,1,267,18.9,-1.119754672050476,0.305846008708076
COHFACE_s09_session3_natural,1,268,18.933333333333334,-1.1988341808319092,0.09487390994533998
COHFACE_s09_session3_natural,1,269,18.966666666666665,-1.3104792833328247,-0.12395073277113892
COHFACE_s09_session3_natural,1,270,19.0,-1.3731318712234497,-0.33670846244063785
COHFACE_s09_session3_natural,1,271,19.033333333333335,-1.2721115350723267,-0.5317567911969144
COHFACE_s09_session3_natural,1,272,19.066666666666666,-0.8716418743133545,-0.7007019263561317
COHFACE_s09_session3_natural,1,273,19.1,-0.21034055948257446,-0.8379718969466049
COHFACE_s09_session3_natural,1,274,19.133333333333333,0.29777783155441284,-0.9394361911345614
COHFACE_s09_session3_natural,1,275,19.166666666666668,0.4722484052181244,-1.0014104008268276
COHFACE_s09_session3_natural,1,276,19.2,0.49664855003356934,-1.020514148772781
COHFACE_s09_session3_natural,1,277,19.233333333333334,0.4673875868320465,-0.9938837785954292
COHFACE_s09_session3_natural,1,278,19.266666666666666,0.35284146666526794,-0.9195123882980885
COHFACE_s09_session3_natural,1,279,19.3,0.21572038531303406,-0.7968301138893974
COHFACE_s09_session3_natural,1,280,19.333333333333332,0.14082926511764526,-0.6275615249017039
COHFACE_s09_session3_natural,1,281,19.366666666666667,0.07617850601673126,-0.4167795189200038
COHFACE_s09_session3_natural,1,282,19.4,0.009548845700919628,-0.1739080155824423
COHFACE_s09_session3_natural,1,283,19.433333333333334,-0.05062534660100937,0.08671840066047329
COHFACE_s09_session3_natural,1,284,19.466666666666665,-0.1591579169034958,0.34619902017317883
COHFACE_s09_session3_natural,1,285,19.5,-0.30452123284339905,0.5827344601796294
COHFACE_s09_session3_natural,1,286,19.533333333333335,-0.4361667037010193,0.7746046760722187
COHFACE_s09_session3_natural,1,287,19.566666666666666,-0.5771303176879883,0.9039490982583563
COHFACE_s09_session3_natural,1,288,19.6,-0.7134636640548706,0.96051973035008
COHFACE_s09_session3_natural,1,289,19.633333333333333,-0.8299695253372192,0.9443508338790374
COHFACE_s09_session3_natural,1,290,19.666666666666668,-0.9460334777832031,0.8661344667616767
COHFACE_s09_session3_natural,1,291,19.7,-1.0270726680755615,0.7442053415495081
COHFACE_s09_session3_natural,1,292,19.733333333333334,-1.0805608034133911,0.5991722391765022
COHFACE_s09_session3_natural,1,293,19.766666666666666,-1.158737301826477,0.4491717035966452
COHFACE_s09_session3_natural,1,294,19.8,-1.2270193099975586,0.30739784639963774
COHFACE_s09_session3_natural,1,295,19.833333333333332,-1.2783172130584717,0.1819216229808199
COHFACE_s09_session3_natural,1,296,19.866666666666667,-1.3560134172439575,0.07686182653617299
COHFACE_s09_session3_natural,1,297,19.9,-1.3922677040100098,-0.006674662409144175
COHFACE_s09_session3_natural,1,298,19.933333333333334,-1.1867302656173706,-0.070364579073107
COHFACE_s09_session3_natural,1,299,19.966666666666665,-0.5783983469009399,-0.11842814905488466
COHFACE_s09_session3_natural,2,0,20.0,0.1629238724708557,-0.06171720681550731
COHFACE_s09_session3_natural,2,1,20.033333333333335,0.6286206245422363,-0.2115564712707207
COHFACE_s09_session3_natural,2,2,20.066666666666666,0.789411723613739,-0.3667368697307764
COHFACE_s09_session3_natural,2,3,20.1,0.8443793058395386,-0.5271097441946802
COHFACE_s09_session3_natural,2,4,20.133333333333333,0.8736594319343567,-0.686376517184369
COHFACE_s09_session3_natural,2,5,20.166666666666668,0.7988644242286682,-0.8330316937044996
COHFACE_s09_session3_natural,2,6,20.2,0.642242431640625,-0.9537085995239164
COHFACE_s09_session3_natural,2,7,20.233333333333334,0.5256405472755432,-1.035748845628764
COHFACE_s09_session3_natural,2,8,20.266666666666666,0.45292043685913086,-1.0680041510372553
COHFACE_s09_session3_natural,2,9,20.3,0.36811554431915283,-1.0412730933186272
COHFACE_s09_session3_natural,2,10,20.333333333333332,0.26263779401779175,-0.9493298527121876
COHFACE_s09_session3_natural,2,11,20.366666666666667,0.14190517365932465,-0.7907268037888853
COHFACE_s09_session3_natural,2,12,20.4,0.00026910952874459326,-0.5709486482075983
COHFACE_s09_session3_natural,2,13,20.433333333333334,-0.1554306447505951,-0.3039425380484676
COHFACE_s09_session3_natural,2,14,20.466666666666665,-0.3164331018924713,-0.011775391372119678
COHFACE_s09_session3_natural,2,15,20.5,-0.46244966983795166,0.27877611365794347
COHFACE_s09_session3_natural,2,16,20.533333333333335,-0.5744020938873291,0.5420290887144233
COHFACE_s09_session3_natural,2,17,20.566666666666666,-0.6990733742713928,0.7591117112891471
COHFACE_s09_session3_natural,2,18,20.6,-0.8438987135887146,0.9214534112827412
COHFACE_s09_session3_natural,2,19,20.633333333333333,-0.9302021861076355,1.0306756127141505
COHFACE_s09_session3_natural,2,20,20.666666666666668,-0.989646315574646,1.0951258056907451
COHFACE_s09_session3_natural,2,21,20.7,-1.0758920907974243,1.124846172161457
COHFACE_s09_session3_natural,2,22,20.733333333333334,-1.1697077751159668,1.1269474728984443
COHFACE_s09_session3_natural,2,23,20.766666666666666,-1.251515507698059,1.1031461413114048
COHFACE_s09_session3_natural,2,24,20.8,-1.2961273193359375,1.0500339595136348
COHFACE_s09_session3_natural,2,25,20.833333333333332,-1.1176029443740845,0.9613976037289139
COHFACE_s09_session3_natural,2,26,20.866666666666667,-0.5106735825538635,0.8314659934312802
COHFACE_s09_session3_natural,2,27,20.9,0.20459622144699097,0.6577751227557441
COHFACE_s09_session3_natural,2,28,20.933333333333334,0.5790518522262573,0.44286251982711133
COHFACE_s09_session3_natural,2,29,20.966666666666665,0.697440505027771,0.1946393399780882
COHFACE_s09_session3_natural,2,30,21.0,0.7349821329116821,-0.07443990384832788
COHFACE_s09_session3_natural,2,31,21.033333333333335,0.7349821329116821,-0.3490785819900327
COHFACE_s09_session3_natural,2,32,21.066666666666666,0.6477949023246765,-0.613074956845866
COHFACE_s09_session3_natural,2,33,21.1,0.5241995453834534,-0.8506864302951266
COHFACE_s09_session3_natural,2,34,21.133333333333333,0.47292086482048035,-1.047525439014553
COHFACE_s09_session3_natural,2,35,21.166666666666668,0.42546546459198,-1.1919110967163458
COHFACE_s09_session3_natural,2,36,21.2,0.3561844527721405,-1.27678823030469
COHFACE_s09_session3_natural,2,37,21.233333333333334,0.3005252480506897,-1.3014156885066863
COHFACE_s09_session3_natural,2,38,21.266666666666666,0.20121479034423828,-1.271688385821111
COHFACE_s09_session3_natural,2,39,21.3,0.06666821986436844,-1.1979139096570497
COHFACE_s09_session3_natural,2,40,21.333333333333332,-0.05494820326566696,-1.0905610765240252
COHFACE_s09_session3_natural,2,41,21.366666666666667,-0.21176229417324066,-0.9561371756443141
COHFACE_s09_session3_natural,2,42,21.4,-0.3933415710926056,-0.7949867049704289
COHFACE_s09_session3_natural,2,43,21.433333333333334,-0.5306931734085083,-0.6020580593557443
COHFACE_s09_session3_natural,2,44,21.466666666666665,-0.638399600982666,-0.3706648347595677
COHFACE_s09_session3_natural,2,45,21.5,-0.7468937635421753,-0.09819922801491265
COHFACE_s09_session3_natural,2,46,21.533333333333335,-0.8431878685951233,0.20845182958078512
COHFACE_s09_session3_natural,2,47,21.566666666666666,-0.9215949177742004,0.5307977669765523
COHFACE_s09_session3_natural,2,48,21.6,-1.0114526748657227,0.8412030725931613
COHFACE_s09_session3_natural,2,49,21.633333333333333,-1.103539228439331,1.1091253725274186
COHFACE_s09_session3_natural,2,50,21.666666666666668,-1.1708221435546875,1.3086855844188925
COHFACE_s09_session3_natural,2,51,21.7,-1.0762379169464111,1.423969067975107
COHFACE_s09_session3_natural,2,52,21.733333333333334,-0.5793781876564026,1.4505307995671317
COHFACE_s09_session3_natural,2,53,21.766666666666666,0.08759085088968277,1.3938991352589718
COHFACE_s09_session3_natural,2,54,21.8,0.49509233236312866,1.2664017259871538
COHFACE_s09_session3_natural,2,55,21.833333333333332,0.6540966629981995,1.08381088257477
COHFACE_s09_session3_natural,2,56,21.866666666666667,0.6578047275543213,0.862631121461205
COHFACE_s09_session3_natural,2,57,21.9,0.5594164729118347,0.61807308006772
COHFACE_s09_session3_natural,2,58,21.933333333333334,0.4504227936267853,0.3626832650299196
COHFACE_s09_session3_natural,2,59,21.966666666666665,0.35195767879486084,0.10562712590681668
COHFACE_s09_session3_natural,2,60,22.0,0.26494333148002625,-0.14722220117622908
COHFACE_s09_session3_natural,2,61,22.033333333333335,0.2318974733352661,-0.39210804477145417
COHFACE_s09_session3_natural,2,62,22.066666666666666,0.21189704537391663,-0.6254250133959436
COHFACE_s09_session3_natural,2,63,22.1,0.14822614192962646,-0.8418118961634574
COHFACE_s09_session3_natural,2,64,22.133333333333333,0.040750280022621155,-1.0329871272319757
COHFACE_s09_session3_natural,2,65,22.166666666666668,-0.0979846641421318,-1.1877266720298791
COHFACE_s09_session3_natural,2,66,22.2,-0.2451539784669876,-1.2930349516796076
COHFACE_s09_session3_natural,2,67,22.233333333333334,-0.39349526166915894,-1.3362029062784622
COHFACE_s09_session3_natural,2,68,22.266666666666666,-0.5345357656478882,-1.3073375308902513
COHFACE_s09_session3_natural,2,69,22.3,-0.6539811491966248,-1.2018776541736476
COHFACE_s09_session3_natural,2,70,22.333333333333332,-0.7708135843276978,-1.0224735032653058
COHFACE_s09_session3_natural,2,71,22.366666666666667,-0.8514493107795715,-0.7795516270050328
COHFACE_s09_session3_natural,2,72,22.4,-0.9134103059768677,-0.4903266835733883
COHFACE_s09_session3_natural,2,73,22.433333333333334,-0.9992334246635437,-0.1765076755627724
COHFACE_s09_session3_natural,2,74,22.466666666666665,-1.07752525806427,0.13873003404792394
COHFACE_s09_session3_natural,2,75,22.5,-1.0408481359481812,0.4336962064444042
COHFACE_s09_session3_natural,2,76,22.533333333333335,-0.6732707023620605,0.690310687084866
COHFACE_s09_session3_natural,2,77,22.566666666666666,-0.029414519667625427,0.894828363100543
COHFACE_s09_session3_natural,2,78,22.6,0.5090407729148865,1.037656471657082
COHFACE_s09_session3_natural,2,79,22.633333333333333,0.7473359107971191,1.1136389833432099
COHFACE_s09_session3_natural,2,80,22.666666666666668,0.8000171780586243,1.123010483559091
COHFACE_s09_session3_natural,2,81,22.7,0.7998826503753662,1.0719760549257773
COHFACE_s09_session3_natural,2,82,22.733333333333334,0.7418026924133301,0.9721806293321149
COHFACE_s09_session3_natural,2,83,22.766666666666666,0.6203399300575256,0.8388495671910916
COHFACE_s09_session3_natural,2,84,22.8,0.5301362872123718,0.6879427548177427
COHFACE_s09_session3_natural,2,85,22.833333333333332,0.47705158591270447,0.533196098779908
COHFACE_s09_session3_natural,2,86,22.866666666666667,0.43263182044029236,0.3839492344683408
COHFACE_s09_session3_natural,2,87,22.9,0.39808738231658936,0.24452511530310841
COHFACE_s09_session3_natural,2,88,22.933333333333334,0.3086138069629669,0.11506251891278602
COHFACE_s09_session3_natural,2,89,22.966666666666665,0.1500321477651596,-0.007105292558011313
COHFACE_s09_session3_natural,2,90,23.0,0.0015371480258181691,-0.12601046796825593
COHFACE_s09_session3_natural,2,91,23.033333333333335,-0.15362465381622314,-0.24552333576605676
COHFACE_s09_session3_natural,2,92,23.066666666666666,-0.33960363268852234,-0.36793832950905503
COHFACE_s09_session3_natural,2,93,23.1,-0.4904617965221405,-0.4931078238944145
COHFACE_s09_session3_natural,2,94,23.133333333333333,-0.607198178768158,-0.6181951104245037
COHFACE_s09_session3_natural,2,95,23.166666666666668,-0.7268164753913879,-0.737771067075863
COHFACE_s09_session3_natural,2,96,23.2,-0.8131775856018066,-0.8441648240407033
COHFACE_s09_session3_natural,2,97,23.233333333333334,-0.8715457916259766,-0.9281897161950822
COHFACE_s09_session3_natural,2,98,23.266666666666666,-0.9705488681793213,-0.9801682079659614
COHFACE_s09_session3_natural,2,99,23.3,-1.0703011751174927,-0.9909761143374158
COHFACE_s09_session3_natural,2,100,23.333333333333332,-0.9969471096992493,-0.9531818433686834
COHFACE_s09_session3_natural,2,101,23.366666666666667,-0.5268890857696533,-0.8626415712010452
COHFACE_s09_session3_natural,2,102,23.4,0.22269459068775177,-0.7202369415563675
COHFACE_s09_session3_natural,2,103,23.433333333333334,0.7942917943000793,-0.5327948742033615
COHFACE_s09_session3_natural,2,104,23.466666666666665,1.055411696434021,-0.31239861143576536
COHFACE_s09_session3_natural,2,105,23.5,1.1606396436691284,-0.07368442314189844
COHFACE_s09_session3_natural,2,106,23.533333333333335,1.1879985332489014,0.1698681843205103
COHFACE_s09_session3_natural,2,107,23.566666666666666,1.1561245918273926,0.4084305889020108
COHFACE_s09_session3_natural,2,108,23.6,1.063692331314087,0.6358138972294923
COHFACE_s09_session3_natural,2,109,23.633333333333333,0.9412497282028198,0.8469034815665512
COHFACE_s09_session3_natural,2,110,23.666666666666668,0.8497780561447144,1.0341798469498666
COHFACE_s09_session3_natural,2,111,23.7,0.7904300093650818,1.186255314483891
COHFACE_s09_session3_natural,2,112,23.733333333333334,0.722820520401001,1.2892833722598676
COHFACE_s09_session3_natural,2,113,23.766666666666666,0.616862416267395,1.329828585901718
COHFACE_s09_session3_natural,2,114,23.8,0.4779161512851715,1.297983974185755
COHFACE_s09_session3_natural,2,115,23.833333333333332,0.31278297305107117,1.1899862105163166
COHFACE_s09_session3_natural,2,116,23.866666666666667,0.11902283877134323,1.009675175991452
COHFACE_s09_session3_natural,2,117,23.9,-0.06076965481042862,0.7683265518885107
COHFACE_s09_session3_natural,2,118,23.933333333333334,-0.22653687000274658,0.48284080925072814
COHFACE_s09_session3_natural,2,119,23.966666666666665,-0.3946864604949951,0.17273865120061133
COHFACE_s09_session3_natural,2,120,24.0,-0.5264279842376709,-0.14307148536800696
COHFACE_s09_session3_natural,2,121,24.033333333333335,-0.610752522945404,-0.44844781587150745
COHFACE_s09_session3_natural,2,122,24.066666666666666,-0.7004566788673401,-0.7303832716616298
COHFACE_s09_session3_natural,2,123,24.1,-0.8164629936218262,-0.9776167244574727
COHFACE_s09_session3_natural,2,124,24.133333333333333,-0.9276084899902344,-1.178784494398337
COHFACE_s09_session3_natural,2,125,24.166666666666668,-0.9652461409568787,-1.3223346359529373
COHFACE_s09_session3_natural,2,126,24.2,-0.7055672407150269,-1.3985650395291584
COHFACE_s09_session3_natural,2,127,24.233333333333334,-0.04505366086959839,-1.4021815819875776
COHFACE_s09_session3_natural,2,128,24.266666666666666,0.6399176716804504,-1.3338962661123772
COHFACE_s09_session3_natural,2,129,24.3,1.0302045345306396,-1.200073758215722
COHFACE_s09_session3_natural,2,130,24.333333333333332,1.1908996105194092,-1.0106327648347246
COHFACE_s09_session3_natural,2,131,24.366666666666667,1.2305161952972412,-0.7765559881058421
COHFACE_s09_session3_natural,2,132,24.4,1.206577181816101,-0.5082829019130546
COHFACE_s09_session3_natural,2,133,24.433333333333334,1.1142985820770264,-0.2158801920520553
COHFACE_s09_session3_natural,2,134,24.466666666666665,0.9834985136985779,0.08921218210858717
COHFACE_s09_session3_natural,2,135,24.5,0.8542930483818054,0.39211245336320544
COHFACE_s09_session3_natural,2,136,24.533333333333335,0.7678934931755066,0.6737189921654867
COHFACE_s09_session3_natural,2,137,24.566666666666666,0.7168837785720825,0.9127836949093014
COHFACE_s09_session3_natural,2,138,24.6,0.6122129559516907,1.0903994812179014
COHFACE_s09_session3_natural,2,139,24.633333333333333,0.4458693861961365,1.19451977371271
COHFACE_s09_session3_natural,2,140,24.666666666666668,0.28079381585121155,1.2226465928142778
COHFACE_s09_session3_natural,2,141,24.7,0.09669767320156097,1.1817366356601566
COHFACE_s09_session3_natural,2,142,24.733333333333334,-0.11687075346708298,1.085583491408063
COHFACE_s09_session3_natural,2,143,24.766666666666666,-0.28788304328918457,0.9510616862296951
COHFACE_s09_session3_natural,2,144,24.8,-0.4455040693283081,0.7944142334577718
COHFACE_s09_session3_natural,2,145,24.833333333333332,-0.6153827905654907,0.6283554647789756
COHFACE_s09_session3_natural,2,146,24.866666666666667,-0.718689501285553,0.46058577316615823
COHFACE_s09_session3_natural,2,147,24.9,-0.7902376055717468,0.29408000248041355
COHFACE_s09_session3_natural,2,148,24.933333333333334,-0.8998268842697144,0.12885280485052134
COHFACE_s09_session3_natural,2,149,24.966666666666665,-1.0093777179718018,-0.03568026302039433
COHFACE_s09_session3_natural,2,150,25.0,-1.0883996486663818,-0.19887413154019867
COHFACE_s09_session3_natural,2,151,25.033333333333335,-1.1343755722045898,-0.3586836886902202
COHFACE_s09_session3_natural,2,152,25.066666666666666,-0.8965991735458374,-0.5128189905846673
COHFACE_s09_session3_natural,2,153,25.1,-0.22763200104236603,-0.6595527555011169
COHFACE_s09_session3_natural,2,154,25.133333333333333,0.4696354866027832,-0.7971924495984211
COHFACE_s09_session3_natural,2,155,25.166666666666668,0.8243212103843689,-0.9221998103692637
COHFACE_s09_session3_natural,2,156,25.2,0.9523354768753052,-1.0271091902638982
COHFACE_s09_session3_natural,2,157,25.233333333333334,0.9947763681411743,-1.1002831236495096
COHFACE_s09_session3_natural,2,158,25.266666666666666,0.9567351937294006,-1.1280596173137054
COHFACE_s09_session3_natural,2,159,25.3,0.8462237119674683,-1.0981991270365499
COHFACE_s09_session3_natural,2,160,25.333333333333332,0.726624608039856,-1.0033165181399357
COHFACE_s09_session3_natural,2,161,25.366666666666667,0.6436641812324524,-0.8430283507666273
COHFACE_s09_session3_natural,2,162,25.4,0.57330721616745,-0.6242882506302224
COHFACE_s09_session3_natural,2,163,25.433333333333334,0.5269085764884949,-0.360194244342492
COHFACE_s09_session3_natural,2,164,25.466666666666665,0.4660811424255371,-0.06800989296036274
COHFACE_s09_session3_natural,2,165,25.5,0.305001825094223,0.23258976342307933
COHFACE_s09_session3_natural,2,166,25.533333333333335,0.12094410508871078,0.5208183440410086
COHFACE_s09_session3_natural,2,167,25.566666666666666,-0.027339547872543335,0.7761767115249623
COHFACE_s09_session3_natural,2,168,25.6,-0.199677512049675,0.9804425669252798
COHFACE_s09_session3_natural,2,169,25.633333333333333,-0.38223662972450256,1.1204658706337827
COHFACE_s09_session3_natural,2,170,25.666666666666668,-0.5234500169754028,1.1908964712059784
COHFACE_s09_session3_natural,2,171,25.7,-0.6478138566017151,1.195040590339844
COHFACE_s09_session3_natural,2,172,25.733333333333334,-0.7632821798324585,1.1432447012097529
COHFACE_s09_session3_natural,2,173,25.766666666666666,-0.827337384223938,1.0495657681743111
COHFACE_s09_session3_natural,2,174,25.8,-0.9172143936157227,0.9278399779012237
COHFACE_s09_session3_natural,2,175,25.833333333333332,-1.0414245128631592,0.788413182536967
COHFACE_s09_session3_natural,2,176,25.866666666666667,-1.058504581451416,0.6364918875124572
COHFACE_s09_session3_natural,2,177,25.9,-0.8017652630805969,0.4726122912471117
COHFACE_s09_session3_natural,2,178,25.933333333333334,-0.21533586084842682,0.2949637854271129
COHFACE_s09_session3_natural,2,179,25.966666666666665,0.43345797061920166,0.10259844081731395
COHFACE_s09_session3_natural,2,180,26.0,0.7983840703964233,-0.1018883341238811
COHFACE_s09_session3_natural,2,181,26.033333333333335,0.8915656805038452,-0.3117668948294311
COHFACE_s09_session3_natural,2,182,26.066666666666666,0.879269540309906,-0.5176216815011093
COHFACE_s09_session3_natural,2,183,26.1,0.8019000291824341,-0.7092261089694719
COHFACE_s09_session3_natural,2,184,26.133333333333333,0.6731748580932617,-0.8767047285249783
COHFACE_s09_session3_natural,2,185,26.166666666666668,0.5602425932884216,-1.0106028958549669
COHFACE_s09_session3_natural,2,186,26.2,0.5103664398193359,-1.1015982495576224
COHFACE_s09_session3_natural,2,187,26.233333333333334,0.485678106546402,-1.1414622610596372
COHFACE_s09_session3_natural,2,188,26.266666666666666,0.4555718004703522,-1.1252465836362153
COHFACE_s09_session3_natural,2,189,26.3,0.37958553433418274,-1.0530012857815927
COHFACE_s09_session3_natural,2,190,26.333333333333332,0.23881405591964722,-0.9301200370389021
COHFACE_s09_session3_natural,2,191,26.366666666666667,0.07640905678272247,-0.7664091207242172
COHFACE_s09_session3_natural,2,192,26.4,-0.0918365940451622,-0.5743237061580745
COHFACE_s09_session3_natural,2,193,26.433333333333334,-0.2605817914009094,-0.3670576783593934
COHFACE_s09_session3_natural,2,194,26.466666666666665,-0.4246390759944916,-0.15665049001623607
COHFACE_s09_session3_natural,2,195,26.5,-0.5670628547668457,0.048210121097342254
COHFACE_s09_session3_natural,2,196,26.533333333333335,-0.6690438985824585,0.24381085813387987
COHFACE_s09_session3_natural,2,197,26.566666666666666,-0.7803623080253601,0.43056696985878745
COHFACE_s09_session3_natural,2,198,26.6,-0.8802683353424072,0.6095564799952051
COHFACE_s09_session3_natural,2,199,26.633333333333333,-0.9403464794158936,0.7781268266713366
COHFACE_s09_session3_natural,2,200,26.666666666666668,-0.9192317128181458,0.9269820813912404
COHFACE_s09_session3_natural,2,201,26.7,-0.5806078314781189,1.0413086879961302
COHFACE_s09_session3_natural,2,202,26.733333333333334,0.07483361661434174,1.105524813578641
COHFACE_s09_session3_natural,2,203,26.766666666666666,0.6371126174926758,1.1083522352945723
COHFACE_s09_session3_natural,2,204,26.8,0.8831121325492859,1.0459461424687395
COHFACE_s09_session3_natural,2,205,26.833333333333332,0.9244194030761719,0.9223501869874183
COHFACE_s09_session3_natural,2,206,26.866666666666667,0.8770985007286072,0.7477211981439956
COHFACE_s09_session3_natural,2,207,26.9,0.7677205801010132,0.5357755278269287
COHFACE_s09_session3_natural,2,208,26.933333333333334,0.623394787311554,0.30138281842426273
COHFACE_s09_session3_natural,2,209,26.966666666666665,0.5193771719932556,0.058527991535246376
COHFACE_s09_session3_natural,2,210,27.0,0.4911729395389557,-0.18096805695667412
COHFACE_s09_session3_natural,2,211,27.033333333333335,0.48387211561203003,-0.4074432952742642
COHFACE_s09_session3_natural,2,212,27.066666666666666,0.4241397976875305,-0.6124069336444663
COHFACE_s09_session3_natural,2,213,27.1,0.31266769766807556,-0.7876122258876788
COHFACE_s09_session3_natural,2,214,27.133333333333333,0.18190601468086243,-0.9249804194742525
COHFACE_s09_session3_natural,2,215,27.166666666666668,0.008645848371088505,-1.017709979175198
COHFACE_s09_session3_natural,2,216,27.2,-0.18717004358768463,-1.0618772519720432
COHFACE_s09_session3_natural,2,217,27.233333333333334,-0.35414764285087585,-1.0569860897065355
COHFACE_s09_session3_natural,2,218,27.266666666666666,-0.4928249716758728,-1.004995571737856
COHFACE_s09_session3_natural,2,219,27.3,-0.6274099349975586,-0.9085581234269264
COHFACE_s09_session3_natural,2,220,27.333333333333332,-0.7375755906105042,-0.7696386750663452
COHFACE_s09_session3_natural,2,221,27.366666666666667,-0.8181728720664978,-0.5898275415420574
COHFACE_s09_session3_natural,2,222,27.4,-0.9102401733398438,-0.3723052023379686
COHFACE_s09_session3_natural,2,223,27.433333333333334,-0.9676477313041687,-0.1240582219633418
COHFACE_s09_session3_natural,2,224,27.466666666666665,-0.7910445332527161,0.14278752708060904
COHFACE_s09_session3_natural,2,225,27.5,-0.2042309194803238,0.41112955238635174
COHFACE_s09_session3_natural,2,226,27.533333333333335,0.5529225468635559,0.660792189377219
COHFACE_s09_session3_natural,2,227,27.566666666666666,1.0631351470947266,0.8719702141767681
COHFACE_s09_session3_natural,2,228,27.6,1.2731492519378662,1.0292182745560232
COHFACE_s09_session3_natural,2,229,27.633333333333333,1.349846363067627,1.1243627864351469
COHFACE_s09_session3_natural,2,230,27.666666666666668,1.3733242750167847,1.1572491215785983
COHFACE_s09_session3_natural,2,231,27.7,1.2962621450424194,1.1339931278485207
COHFACE_s09_session3_natural,2,232,27.733333333333334,1.1593908071517944,1.0635952056981117
COHFACE_s09_session3_natural,2,233,27.766666666666666,1.0548737049102783,0.954773400989533
COHFACE_s09_session3_natural,2,234,27.8,0.9917023181915283,0.8141750551938516
COHFACE_s09_session3_natural,2,235,27.833333333333332,0.9427675604820251,0.6462060436310579
COHFACE_s09_session3_natural,2,236,27.866666666666667,0.8801725506782532,0.4542945904454545
COHFACE_s09_session3_natural,2,237,27.9,0.7501986026763916,0.24304702924371474
COHFACE_s09_session3_natural,2,238,27.933333333333334,0.5584558248519897,0.020094297509232483
COHFACE_s09_session3_natural,2,239,27.966666666666665,0.3658100366592407,-0.20395156756320496
COHFACE_s09_session3_natural,2,240,28.0,0.18684367835521698,-0.41749666267528385
COHFACE_s09_session3_natural,2,241,28.033333333333335,0.0006533636478707194,-0.6104533581386848
COHFACE_s09_session3_natural,2,242,28.066666666666666,-0.17691045999526978,-0.7760094084165672
COHFACE_s09_session3_natural,2,243,28.1,-0.308152437210083,-0.9110060678708158
COHFACE_s09_session3_natural,2,244,28.133333333333333,-0.40969157218933105,-1.0150707847898464
COHFACE_s09_session3_natural,2,245,28.166666666666668,-0.5012593269348145,-1.0894019398963377
COHFACE_s09_session3_natural,2,246,28.2,-0.6085046529769897,-1.1354993968452056
COHFACE_s09_session3_natural,2,247,28.233333333333334,-0.726951003074646,-1.1534983833271908
COHFACE_s09_session3_natural,2,248,28.266666666666666,-0.7312930226325989,-1.1405758765932599
COHFACE_s09_session3_natural,2,249,28.3,-0.3277494013309479,-1.0906437711196844
COHFACE_s09_session3_natural,2,250,28.333333333333332,0.44948136806488037,-0.9957009576660766
COHFACE_s09_session3_natural,2,251,28.366666666666667,1.1533387899398804,-0.8482718204332295
COHFACE_s09_session3_natural,2,252,28.4,1.5756916999816895,-0.6442564547335445
COHFACE_s09_session3_natural,2,253,28.433333333333334,1.7769063711166382,-0.38551938039283407
COHFACE_s09_session3_natural,2,254,28.466666666666665,1.8606352806091309,-0.08156851090930181
COHFACE_s09_session3_natural,2,255,28.5,1.8537379503250122,0.2502174095177831
COHFACE_s09_session3_natural,2,256,28.533333333333335,1.7404406070709229,0.5859778366906776
COHFACE_s09_session3_natural,2,257,28.566666666666666,1.566258192062378,0.8981309862885238
COHFACE_s09_session3_natural,2,258,28.6,1.4281957149505615,1.1594215020754208
COHFACE_s09_session3_natural,2,259,28.633333333333333,1.3191059827804565,1.3482333396511974
COHFACE_s09_session3_natural,2,260,28.666666666666668,1.1933972835540771,1.4534673413857062
COHFACE_s09_session3_natural,2,261,28.7,1.039368987083435,1.4759110357281005
COHFACE_s09_session3_natural,2,262,28.733333333333334,0.8533900380134583,1.4254484263813474
COHFACE_s09_session3_natural,2,263,28.766666666666666,0.6220883131027222,1.3160335532159804
COHFACE_s09_session3_natural,2,264,28.8,0.3655218482017517,1.1608522695916523
COHFACE_s09_session3_natural,2,265,28.833333333333332,0.14025287330150604,0.9700513442063556
COHFACE_s09_session3_natural,2,266,28.866666666666667,-0.06484274566173553,0.751197283389462
COHFACE_s09_session3_natural,2,267,28.9,-0.24647966027259827,0.5104665158356428
COHFACE_s09_session3_natural,2,268,28.933333333333334,-0.4087693691253662,0.25357909735367734
COHFACE_s09_session3_natural,2,269,28.966666666666665,-0.5553238987922668,-0.013245326042939196
COHFACE_s09_session3_natural,2,270,29.0,-0.6589956283569336,-0.2823581844608856
COHFACE_s09_session3_natural,2,271,29.033333333333335,-0.7672976851463318,-0.5441980069514644
COHFACE_s09_session3_natural,2,272,29.066666666666666,-0.9116619229316711,-0.7875539606198084
COHFACE_s09_session3_natural,2,273,29.1,-1.0112221240997314,-1.0006936572704934
COHFACE_s09_session3_natural,2,274,29.133333333333333,-0.9209416508674622,-1.17283560486526
COHFACE_s09_session3_natural,2,275,29.166666666666668,-0.4249849021434784,-1.294932386976942
COHFACE_s09_session3_natural,2,276,29.2,0.4188947379589081,-1.359608010904564
COHFACE_s09_session3_natural,2,277,29.233333333333334,1.10065758228302,-1.3609909415744847
COHFACE_s09_session3_natural,2,278,29.266666666666666,1.4274656772613525,-1.2951349160053212
COHFACE_s09_session3_natural,2,279,29.3,1.5831270217895508,-1.161456169855055
COHFACE_s09_session3_natural,2,280,29.333333333333332,1.6553667783737183,-0.9647759794223965
COHFACE_s09_session3_natural,2,281,29.366666666666667,1.5893710851669312,-0.716780195401289
COHFACE_s09_session3_natural,2,282,29.4,1.432403326034546,-0.43584563702760054
COHFACE_s09_session3_natural,2,283,29.433333333333334,1.266194224357605,-0.14458604970052125
COHFACE_s09_session3_natural,2,284,29.466666666666665,1.1228097677230835,0.13432609414604332
COHFACE_s09_session3_natural,2,285,29.5,1.0133742094039917,0.38237415355996396
COHFACE_s09_session3_natural,2,286,29.533333333333335,0.9017292261123657,0.5878284317132986
COHFACE_s09_session3_natural,2,287,29.566666666666666,0.7355393171310425,0.7455775964728011
COHFACE_s09_session3_natural,2,288,29.6,0.5430472493171692,0.8547194554302707
COHFACE_s09_session3_natural,2,289,29.633333333333333,0.34089115262031555,0.9160805946596207
COHFACE_s09_session3_natural,2,290,29.666666666666668,0.11902283877134323,0.9310206531229187
COHFACE_s09_session3_natural,2,291,29.7,-0.09650528430938721,0.901745919371058
COHFACE_s09_session3_natural,2,292,29.733333333333334,-0.28256112337112427,0.8326276090015035
COHFACE_s09_session3_natural,2,293,29.766666666666666,-0.4546301066875458,0.7314375127207984
COHFACE_s09_session3_natural,2,294,29.8,-0.5966312289237976,0.6093981192965311
COHFACE_s09_session3_natural,2,295,29.833333333333332,-0.6885831952095032,0.4792208221020303
COHFACE_s09_session3_natural,2,296,29.866666666666667,-0.7804391384124756,0.35187127080078046
COHFACE_s09_session3_natural,2,297,29.9,-0.8995771408081055,0.23421214357308853
COHFACE_s09_session3_natural,2,298,29.933333333333334,-1.0272263288497925,0.128449160760217
COHFACE_s09_session3_natural,2,299,29.966666666666665,-1.1303025484085083,0.03288962258975397
COHFACE_s09_session3_natural,3,0,30.0,-1.1373920440673828,-0.005187824542690065
COHFACE_s09_session3_natural,3,1,30.033333333333335,-0.8082399368286133,0.3117173088907412
COHFACE_s09_session3_natural,3,2,30.066666666666666,-0.059328701347112656,0.6080827146170505
COHFACE_s09_session3_natural,3,3,30.1,0.6810328960418701,0.8645640070665701
COHFACE_s09_session3_natural,3,4,30.133333333333333,1.059119701385498,1.0656718192416337
COHFACE_s09_session3_natural,3,5,30.166666666666668,1.2072304487228394,1.2009739803192738
COHFACE_s09_session3_natural,3,6,30.2,1.2467509508132935,1.2644503703689063
COHFACE_s09_session3_natural,3,7,30.233333333333334,1.1779502630233765,1.2558590947932304
COHFACE_s09_session3_natural,3,8,30.266666666666666,1.0250171422958374,1.1832983170274978
COHFACE_s09_session3_natural,3,9,30.3,0.8883571624755859,1.0616763138592367
COHFACE_s09_session3_natural,3,10,30.333333333333332,0.8138502836227417,0.9070408114600543
COHFACE_s09_session3_natural,3,11,30.366666666666667,0.7304287552833557,0.7320473505650182
COHFACE_s09_session3_natural,3,12,30.4,0.6368820667266846,0.5447081296302877
COHFACE_s09_session3_natural,3,13,30.433333333333334,0.5353813767433167,0.3489377983309757
COHFACE_s09_session3_natural,3,14,30.466666666666665,0.36974862217903137,0.14571488010323297
COHFACE_s09_session3_natural,3,15,30.5,0.17445148527622223,-0.06566177720060193
COHFACE_s09_session3_natural,3,16,30.533333333333335,0.007819702848792076,-0.28593258055424586
COHFACE_s09_session3_natural,3,17,30.566666666666666,-0.17060868442058563,-0.5129205829353665
COHFACE_s09_session3_natural,3,18,30.6,-0.3623898923397064,-0.7382397894204108
COHFACE_s09_session3_natural,3,19,30.633333333333333,-0.5163220763206482,-0.9463949106382366
COHFACE_s09_session3_natural,3,20,30.666666666666668,-0.6414160132408142,-1.1174115150271868
COHFACE_s09_session3_natural,3,21,30.7,-0.7600352764129639,-1.232223423799064
COHFACE_s09_session3_natural,3,22,30.733333333333334,-0.8363865613937378,-1.2782124726628885
COHFACE_s09_session3_natural,3,23,30.766666666666666,-0.937003493309021,-1.2510617283227856
COHFACE_s09_session3_natural,3,24,30.8,-1.0741629600524902,-1.152492297166337
COHFACE_s09_session3_natural,3,25,30.833333333333332,-1.136623501777649,-0.9869211832234808
COHFACE_s09_session3_natural,3,26,30.866666666666667,-1.0347000360488892,-0.7597700881796848
COHFACE_s09_session3_natural,3,27,30.9,-0.577149510383606,-0.47911783641384953
COHFACE_s09_session3_natural,3,28,30.933333333333334,0.15641076862812042,-0.15924970378114106
COHFACE_s09_session3_natural,3,29,30.966666666666665,0.7018978595733643,0.17809459420500504
COHFACE_s09_session3_natural,3,30,31.0,0.8983861804008484,0.5066449499052104
COHFACE_s09_session3_natural,3,31,31.033333333333335,0.9186556339263916,0.8016987247449263
COHFACE_s09_session3_natural,3,32,31.066666666666666,0.8710849285125732,1.045789515457952
COHFACE_s09_session3_natural,3,33,31.1,0.7343481183052063,1.2286214424523958
COHFACE_s09_session3_natural,3,34,31.133333333333333,0.5776877403259277,1.34216134672365
COHFACE_s09_session3_natural,3,35,31.166666666666668,0.48185476660728455,1.3777056468739661
COHFACE_s09_session3_natural,3,36,31.2,0.4216037392616272,1.327553373850841
COHFACE_s09_session3_natural,3,37,31.233333333333334,0.3679426312446594,1.1890231806399905
COHFACE_s09_session3_natural,3,38,31.266666666666666,0.29197561740875244,0.9679340860068502
COHFACE_s09_session3_natural,3,39,31.3,0.1514538824558258,0.6788051105157072
COHFACE_s09_session3_natural,3,40,31.333333333333332,-0.03852134197950363,0.3418884500955331
COHFACE_s09_session3_natural,3,41,31.366666666666667,-0.2208499163389206,-0.02004719230846516
COHFACE_s09_session3_natural,3,42,31.4,-0.39881718158721924,-0.38340161716243853
COHFACE_s09_session3_natural,3,43,31.433333333333334,-0.5938453674316406,-0.7236948377719317
COHFACE_s09_session3_natural,3,44,31.466666666666665,-0.7492569088935852,-1.0151415458320645
COHFACE_s09_session3_natural,3,45,31.5,-0.8696629405021667,-1.232340943035375
COHFACE_s09_session3_natural,3,46,31.533333333333335,-0.9762166142463684,-1.3545222060416862
COHFACE_s09_session3_natural,3,47,31.566666666666666,-1.0528560876846313,-1.3705253203477674
COHFACE_s09_session3_natural,3,48,31.6,-1.118025541305542,-1.2819013742800545
COHFACE_s09_session3_natural,3,49,31.633333333333333,-1.2214092016220093,-1.101347856590366
COHFACE_s09_session3_natural,3,50,31.666666666666668,-1.328750491142273,-0.8478516389220662
COHFACE_s09_session3_natural,3,51,31.7,-1.3294998407363892,-0.5436927261977533
COHFACE_s09_session3_natural,3,52,31.733333333333334,-0.9894925951957703,-0.214381612620215
COHFACE_s09_session3_natural,3,53,31.766666666666666,-0.23187799751758575,0.11169669593140269
COHFACE_s09_session3_natural,3,54,31.8,0.5353237390518188,0.405622702308066
COHFACE_s09_session3_natural,3,55,31.833333333333332,0.9575613141059875,0.6418690386940463
COHFACE_s09_session3_natural,3,56,31.866666666666667,1.1422146558761597,0.8025309385563586
COHFACE_s09_session3_natural,3,57,31.9,1.216202735900879,0.8799433050494363
COHFACE_s09_session3_natural,3,58,31.933333333333334,1.1856738328933716,0.8767559393702842
COHFACE_s09_session3_natural,3,59,31.966666666666665,1.0836350917816162,0.8037154513126323
COHFACE_s09_session3_natural,3,60,32.0,0.9361391663551331,0.6760931404710702
COHFACE_s09_session3_natural,3,61,32.03333333333333,0.8044745326042175,0.510193006877896
COHFACE_s09_session3_natural,3,62,32.06666666666667,0.7313509583473206,0.32118261485180283
COHFACE_s09_session3_natural,3,63,32.1,0.6529631018638611,0.12305388528188414
COHFACE_s09_session3_natural,3,64,32.13333333333333,0.5089831352233887,-0.0700075632694924
COHFACE_s09_session3_natural,3,65,32.166666666666664,0.3301704525947571,-0.24287356875541508
COHFACE_s09_session3_natural,3,66,32.2,0.1331826001405716,-0.3799830135684991
COHFACE_s09_session3_natural,3,67,32.233333333333334,-0.09281644225120544,-0.4662075947797494
COHFACE_s09_session3_natural,3,68,32.266666666666666,-0.31889232993125916,-0.48804373396914813
COHFACE_s09_session3_natural,3,69,32.3,-0.4906923472881317,-0.4359582656709962
COHFACE_s09_session3_natural,3,70,32.333333333333336,-0.6382459402084351,-0.30784695367289916
COHFACE_s09_session3_natural,3,71,32.36666666666667,-0.8091621398925781,-0.11259643345764764
COHFACE_s09_session3_natural,3,72,32.4,-0.9324308633804321,0.1281367673770958
COHFACE_s09_session3_natural,3,73,32.43333333333333,-0.9880132079124451,0.38225873150254336
COHFACE_s09_session3_natural,3,74,32.46666666666667,-1.0736442804336548,0.6133406015893275
COHFACE_s09_session3_natural,3,75,32.5,-1.2152034044265747,0.7874955005833234
COHFACE_s09_session3_natural,3,76,32.53333333333333,-1.3177993297576904,0.8788388075487772
COHFACE_s09_session3_natural,3,77,32.56666666666667,-1.3313826322555542,0.8725481728497121
COHFACE_s09_session3_natural,3,78,32.6,-1.0256893634796143,0.7655519983717665
COHFACE_s09_session3_natural,3,79,32.63333333333333,-0.22592206299304962,0.5657450474405051
COHFACE_s09_session3_natural,3,80,32.666666666666664,0.6486210227012634,0.29078587968979536
COHFACE_s09_session3_natural,3,81,32.7,1.1572966575622559,-0.03261712815600224
COHFACE_s09_session3_natural,3,82,32.733333333333334,1.3930941820144653,-0.3700412048149936
COHFACE_s09_session3_natural,3,83,32.766666666666666,1.5113483667373657,-0.6840438528873892
COHFACE_s09_session3_natural,3,84,32.8,1.5194945335388184,-0.9414228502470701
COHFACE_s09_session3_natural,3,85,32.833333333333336,1.4037764072418213,-1.118767431245784
COHFACE_s09_session3_natural,3,86,32.86666666666667,1.2092862129211426,-1.2043660239185043
COHFACE_s09_session3_natural,3,87,32.9,1.030608057975769,-1.1972606790222449
COHFACE_s09_session3_natural,3,88,32.93333333333333,0.8944668173789978,-1.1052599401659957
COHFACE_s09_session3_natural,3,89,32.96666666666667,0.7730617523193359,-0.9442030982376866
COHFACE_s09_session3_natural,3,90,33.0,0.6395910978317261,-0.7375961405203069
COHFACE_s09_session3_natural,3,91,33.03333333333333,0.45155632495880127,-0.5128924161409878
COHFACE_s09_session3_natural,3,92,33.06666666666667,0.21931315958499908,-0.2946111185512218
COHFACE_s09_session3_natural,3,93,33.1,-0.007108569145202637,-0.09851800852641077
COHFACE_s09_session3_natural,3,94,33.13333333333333,-0.2278241217136383,0.07048799834806066
COHFACE_s09_session3_natural,3,95,33.166666666666664,-0.43632039427757263,0.2163140527874853
COHFACE_s09_session3_natural,3,96,33.2,-0.6083317399024963,0.3467763646332282
COHFACE_s09_session3_natural,3,97,33.233333333333334,-0.7694879174232483,0.46868206457953815
COHFACE_s09_session3_natural,3,98,33.266666666666666,-0.922440230846405,0.5847409112981956
COHFACE_s09_session3_natural,3,99,33.3,-1.0265538692474365,0.6928348276823079
COHFACE_s09_session3_natural,3,100,33.333333333333336,-1.1095335483551025,0.7873339367078965
COHFACE_s09_session3_natural,3,101,33.36666666666667,-1.2278262376785278,0.8614460191437691
COHFACE_s09_session3_natural,3,102,33.4,-1.3573967218399048,0.9094482228104203
COHFACE_s09_session3_natural,3,103,33.43333333333333,-1.4415675401687622,0.927769819014924
COHFACE_s09_session3_natural,3,104,33.46666666666667,-1.3966866731643677,0.914791822800309
COHFACE_s09_session3_natural,3,105,33.5,-0.9503563046455383,0.870116609227382
COHFACE_s09_session3_natural,3,106,33.53333333333333,-0.10294154286384583,0.7937730495104677
COHFACE_s09_session3_natural,3,107,33.56666666666667,0.6124243140220642,0.685423485314884
COHFACE_s09_session3_natural,3,108,33.6,0.9117582440376282,0.5437727155698286
COHFACE_s09_session3_natural,3,109,33.63333333333333,1.035142183303833,0.366494471876182
COHFACE_s09_session3_natural,3,110,33.666666666666664,1.0717809200286865,0.15125386989699682
COHFACE_s09_session3_natural,3,111,33.7,0.9985612630844116,-0.10151669826612375
COHFACE_s09_session3_natural,3,112,33.733333333333334,0.873063862323761,-0.38493731306824003
COHFACE_s09_session3_natural,3,113,33.766666666666666,0.7334067225456238,-0.683315670416778
COHFACE_s09_session3_natural,3,114,33.8,0.6067950129508972,-0.9721854949305764
COHFACE_s09_session3_natural,3,115,33.833333333333336,0.5377637147903442,-1.2204799631936631
COHFACE_s09_session3_natural,3,116,33.86666666666667,0.4631415903568268,-1.3944165947055076
COHFACE_s09_session3_natural,3,117,33.9,0.31439682841300964,-1.4625699245303532
COHFACE_s09_session3_natural,3,118,33.93333333333333,0.1354881227016449,-1.4016739672829157
COHFACE_s09_session3_natural,3,119,33.96666666666667,-0.04893462732434273,-1.2026790780588055
COHFACE_s09_session3_natural,3,120,34.0,-0.2924172282218933,-0.8757080049657181
COHFACE_s09_session3_natural,3,121,34.03333333333333,-0.5166487097740173,-0.4518234852458706
COHFACE_s09_session3_natural,3,122,34.06666666666667,-0.6803025603294373,0.01990092272884538
COHFACE_s09_session3_natural,3,123,34.1,-0.8242441415786743,0.48054286648005373
COHFACE_s09_session3_natural,3,124,34.13333333333333,-0.9569462537765503,0.8727839560054228
COHFACE_s09_session3_natural,3,125,34.166666666666664,-1.0466119050979614,1.1514952993943726
COHFACE_s09_session3_natural,3,126,34.2,-1.1188324689865112,1.290248190272273
COHFACE_s09_session3_natural,3,127,34.233333333333334,-1.2112648487091064,1.2820567002220602
COHFACE_s09_session3_natural,3,128,34.266666666666666,-1.3044272661209106,1.1360644176792276
COHFACE_s09_session3_natural,3,129,34.3,-1.394803762435913,0.8747139811889096
COHFACE_s09_session3_natural,3,130,34.333333333333336,-1.4642001390457153,0.5320767155743434
COHFACE_s09_session3_natural,3,131,34.36666666666667,-1.230861783027649,0.15007732955222974
COHFACE_s09_session3_natural,3,132,34.4,-0.5349584221839905,-0.22760081472636637
COHFACE_s09_session3_natural,3,133,34.43333333333333,0.19458641111850739,-0.5608599731015597
COHFACE_s09_session3_natural,3,134,34.46666666666667,0.5906563401222229,-0.816557062281303
COHFACE_s09_session3_natural,3,135,34.5,0.7199962139129639,-0.9706948802108045
COHFACE_s09_session3_natural,3,136,34.53333333333333,0.6727713942527771,-1.0100195889960715
COHFACE_s09_session3_natural,3,137,34.56666666666667,0.5500982999801636,-0.9331251513470357
COHFACE_s09_session3_natural,3,138,34.6,0.41543644666671753,-0.7506728362969233
COHFACE_s09_session3_natural,3,139,34.63333333333333,0.26624980568885803,-0.48393105828364535
COHFACE_s09_session3_natural,3,140,34.666666666666664,0.16964831948280334,-0.162051103351383
COHFACE_s09_session3_natural,3,141,34.7,0.15739060938358307,0.18036967014062877
COHFACE_s09_session3_natural,3,142,34.733333333333334,0.12438318133354187,0.5057022797253591
COHFACE_s09_session3_natural,3,143,34.766666666666666,0.00434220302850008,0.777577686466324
COHFACE_s09_session3_natural,3,144,34.8,-0.14647753536701202,0.966691803981041
COHFACE_s09_session3_natural,3,145,34.833333333333336,-0.3136472702026367,1.0554329661114343
COHFACE_s09_session3_natural,3,146,34.86666666666667,-0.5210292339324951,1.0396260666032207
COHFACE_s09_session3_natural,3,147,34.9,-0.7215906381607056,0.9270287014131432
COHFACE_s09_session3_natural,3,148,34.93333333333333,-0.8863011598587036,0.7337630393395643
COHFACE_s09_session3_natural,3,149,34.96666666666667,-1.0461316108703613,0.481108830645045
COHFACE_s09_session3_natural,3,150,35.0,-1.1875371932983398,0.19334799825039056
COHFACE_s09_session3_natural,3,151,35.03333333333333,-1.2802000045776367,-0.10445754157508072
COHFACE_s09_session3_natural,3,152,35.06666666666667,-1.34590744972229,-0.38908600583357245
COHFACE_s09_session3_natural,3,153,35.1,-1.405466914176941,-0.6415155439959858
COHFACE_s09_session3_natural,3,154,35.13333333333333,-1.4959394931793213,-0.8480829966533772
COHFACE_s09_session3_natural,3,155,35.166666666666664,-1.6036843061447144,-0.9994352558902344
COHFACE_s09_session3_natural,3,156,35.2,-1.58426034450531,-1.0883301126857052
COHFACE_s09_session3_natural,3,157,35.233333333333334,-1.1649045944213867,-1.1091296230965888
COHFACE_s09_session3_natural,3,158,35.266666666666666,-0.3387390673160553,-1.0594228605143714
COHFACE_s09_session3_natural,3,159,35.3,0.43169039487838745,-0.9416999952327741
COHFACE_s09_session3_natural,3,160,35.333333333333336,0.8248015642166138,-0.7638932213698915
COHFACE_s09_session3_natural,3,161,35.36666666666667,0.927685558795929,-0.5388001643138363
COHFACE_s09_session3_natural,3,162,35.4,0.9099714756011963,-0.28263621184369714
COHFACE_s09_session3_natural,3,163,35.43333333333333,0.8472035527229309,-0.01313142384049817
COHFACE_s09_session3_natural,3,164,35.46666666666667,0.7207455635070801,0.25245932960247575
COHFACE_s09_session3_natural,3,165,35.5,0.5609150528907776,0.4991488388702887
COHFACE_s09_session3_natural,3,166,35.53333333333333,0.4421805441379547,0.7155299374742804
COHFACE_s09_session3_natural,3,167,35.56666666666667,0.39874061942100525,0.8943417539112484
COHFACE_s09_session3_natural,3,168,35.6,0.3539365828037262,1.031861478232265
COHFACE_s09_session3_natural,3,169,35.63333333333333,0.21973583102226257,1.1256567762058978
COHFACE_s09_session3_natural,3,170,35.666666666666664,0.028530998155474663,1.172016311924513
COHFACE_s09_session3_natural,3,171,35.7,-0.1571982204914093,1.165845289360951
COHFACE_s09_session3_natural,3,172,35.733333333333334,-0.37574273347854614,1.1031718951070335
COHFACE_s09_session3_natural,3,173,35.766666666666666,-0.6094844937324524,0.9837302104453618
COHFACE_s09_session3_natural,3,174,35.8,-0.8093158602714539,0.8118782748946868
COHFACE_s09_session3_natural,3,175,35.833333333333336,-0.9873407483100891,0.5953491294923254
COHFACE_s09_session3_natural,3,176,35.86666666666667,-1.1398128271102905,0.3430745870113266
COHFACE_s09_session3_natural,3,177,35.9,-1.2567604780197144,0.06471289833563618
COHFACE_s09_session3_natural,3,178,35.93333333333333,-1.3246197700500488,-0.22775551224517332
COHFACE_s09_session3_natural,3,179,35.96666666666667,-1.3836220502853394,-0.5183725168773682
COHFACE_s09_session3_natural,3,180,36.0,-1.4912899732589722,-0.7870508923546817
COHFACE_s09_session3_natural,3,181,36.03333333333333,-1.6070466041564941,-1.0116286985517973
COHFACE_s09_session3_natural,3,182,36.06666666666667,-1.611523151397705,-1.1716745896612126
COHFACE_s09_session3_natural,3,183,36.1,-1.2564146518707275,-1.2524961250234226
COHFACE_s09_session3_natural,3,184,36.13333333333333,-0.4249080419540405,-1.2480262139045664
COHFACE_s09_session3_natural,3,185,36.166666666666664,0.46293026208877563,-1.1617317154838385
COHFACE_s09_session3_natural,3,186,36.2,0.9543527960777283,-1.005608784395122
COHFACE_s09_session3_natural,3,187,36.233333333333334,1.0708779096603394,-0.7981838062382874
COHFACE_s09_session3_natural,3,188,36.266666666666666,1.0974490642547607,-0.5619285544554922
COHFACE_s09_session3_natural,3,189,36.3,1.1134339570999146,-0.319945713909785
COHFACE_s09_session3_natural,3,190,36.333333333333336,1.000693917274475,-0.09244236250507956
COHFACE_s09_session3_natural,3,191,36.36666666666667,0.82166987657547,0.10584817212626646
COHFACE_s09_session3_natural,3,192,36.4,0.7004569172859192,0.2665038286926942
COHFACE_s09_session3_natural,3,193,36.43333333333333,0.6179959774017334,0.38623576718871305
COHFACE_s09_session3_natural,3,194,36.46666666666667,0.547197163105011,0.46464962526955883
COHFACE_s09_session3_natural,3,195,36.5,0.4597601592540741,0.5028867191130163
COHFACE_s09_session3_natural,3,196,36.53333333333333,0.28267666697502136,0.5038909048227318
COHFACE_s09_session3_natural,3,197,36.56666666666667,0.05804171413183212,0.4736752482326859
COHFACE_s09_session3_natural,3,198,36.6,-0.16002248227596283,0.422025893207131
COHFACE_s09_session3_natural,3,199,36.63333333333333,-0.3980678915977478,0.3605901351503027
COHFACE_s09_session3_natural,3,200,36.666666666666664,-0.6383419632911682,0.2991231049184114
COHFACE_s09_session3_natural,3,201,36.7,-0.8316217660903931,0.24332558319120193
COHFACE_s09_session3_natural,3,202,36.733333333333334,-1.0038444995880127,0.19556338979570376
COHFACE_s09_session3_natural,3,203,36.766666666666666,-1.1581801176071167,0.15728872493573848
COHFACE_s09_session3_natural,3,204,36.8,-1.2572792768478394,0.13105762899307022
COHFACE_s09_session3_natural,3,205,36.833333333333336,-1.3251961469650269,0.11967898332296167
COHFACE_s09_session3_natural,3,206,36.86666666666667,-1.4224125146865845,0.12314211484782009
COHFACE_s09_session3_natural,3,207,36.9,-1.5369970798492432,0.1369089180189817
COHFACE_s09_session3_natural,3,208,36.93333333333333,-1.6279499530792236,0.15342586325112348
COHFACE_s09_session3_natural,3,209,36.96666666666667,-1.5568245649337769,0.16645346474684306
COHFACE_s09_session3_natural,3,210,37.0,-0.9526618123054504,0.17523806796875602
COHFACE_s09_session3_natural,3,211,37.03333333333333,0.020154258236289024,0.18374576772657927
COHFACE_s09_session3_natural,3,212,37.06666666666667,0.7377871870994568,0.1956063271243308
COHFACE_s09_session3_natural,3,213,37.1,1.053490400314331,0.21066995721076281
COHFACE_s09_session3_natural,3,214,37.13333333333333,1.135528564453125,0.2257288664663819
COHFACE_s09_session3_natural,3,215,37.166666666666664,1.0987746715545654,0.23793539701017274
COHFACE_s09_session3_natural,3,216,37.2,1.0174089670181274,0.24756923170974315
COHFACE_s09_session3_natural,3,217,37.233333333333334,0.8764452934265137,0.2558655095110512
COHFACE_s09_session3_natural,3,218,37.266666666666666,0.7098327279090881,0.2593054685278446
COHFACE_s09_session3_natural,3,219,37.3,0.5994173288345337,0.2471137815066102
COHFACE_s09_session3_natural,3,220,37.333333333333336,0.5526536107063293,0.20409441188813893
COHFACE_s09_session3_natural,3,221,37.36666666666667,0.4963027238845825,0.11575785759137747
COHFACE_s09_session3_natural,3,222,37.4,0.36459964513778687,-0.02669877043556319
COHFACE_s09_session3_natural,3,223,37.43333333333333,0.18029215931892395,-0.2228325547579101
COHFACE_s09_session3_natural,3,224,37.46666666666667,-0.036715347319841385,-0.4616426564427067
COHFACE_s09_session3_natural,3,225,37.5,-0.28838256001472473,-0.7227922138136358
COHFACE_s09_session3_natural,3,226,37.53333333333333,-0.5206257700920105,-0.9795583972781514
COHFACE_s09_session3_natural,3,227,37.56666666666667,-0.7237232327461243,-1.2018281813695315
COHFACE_s09_session3_natural,3,228,37.6,-0.9273586869239807,-1.3589034920140137
COHFACE_s09_session3_natural,3,229,37.63333333333333,-1.080906629562378,-1.4232747460764092
COHFACE_s09_session3_natural,3,230,37.666666666666664,-1.176297664642334,-1.3750837266937865
COHFACE_s09_session3_natural,3,231,37.7,-1.2614868879318237,-1.2054867138724201
COHFACE_s09_session3_natural,3,232,37.733333333333334,-1.3324394226074219,-0.9183029174471817
COHFACE_s09_session3_natural,3,233,37.766666666666666,-1.4227967262268066,-0.530556920131948
COHFACE_s09_session3_natural,3,234,37.8,-1.549331545829773,-0.07198877316719848
COHFACE_s09_session3_natural,3,235,37.833333333333336,-1.5178996324539185,0.4169878053532068
COHFACE_s09_session3_natural,3,236,37.86666666666667,-0.9899921417236328,0.8893693291619138
COHFACE_s09_session3_natural,3,237,37.9,-0.09022273123264313,1.2979099169543105
COHFACE_s09_session3_natural,3,238,37.93333333333333,0.608159065246582,1.6023491025236716
COHFACE_s09_session3_natural,3,239,37.96666666666667,0.9239967465400696,1.7747059773393608
COHFACE_s09_session3_natural,3,240,38.0,0.9563125371932983,1.8017665014720174
COHFACE_s09_session3_natural,3,241,38.03333333333333,0.8348497748374939,1.6858835053428405
COHFACE_s09_session3_natural,3,242,38.06666666666667,0.6827428340911865,1.4442347286445596
COHFACE_s09_session3_natural,3,243,38.1,0.5226433277130127,1.105634665794156
COHFACE_s09_session3_natural,3,244,38.13333333333333,0.36356213688850403,0.7055544972591129
COHFACE_s09_session3_natural,3,245,38.166666666666664,0.2927056849002838,0.2814979905348695
COHFACE_s09_session3_natural,3,246,38.2,0.3095552325248718,-0.13040476754162397
COHFACE_s09_session3_natural,3,247,38.233333333333334,0.27132195234298706,-0.49809038154993496
COHFACE_s09_session3_natural,3,248,38.266666666666666,0.13552655279636383,-0.7959896301887691
COHFACE_s09_session3_natural,3,249,38.3,-0.03465958684682846,-1.007329040826333
COHFACE_s09_session3_natural,3,250,38.333333333333336,-0.26158085465431213,-1.125464890559854
COHFACE_s09_session3_natural,3,251,38.36666666666667,-0.5186660289764404,-1.152615368229829
COHFACE_s09_session3_natural,3,252,38.4,-0.7229739427566528,-1.0967701535482992
COHFACE_s09_session3_natural,3,253,38.43333333333333,-0.9224210381507874,-0.9697865431509736
COHFACE_s09_session3_natural,3,254,38.46666666666667,-1.1330883502960205,-0.7877110918856083
COHFACE_s09_session3_natural,3,255,38.5,-1.2616021633148193,-0.5721373753635
COHFACE_s09_session3_natural,3,256,38.53333333333333,-1.3270021677017212,-0.35047099650646624
COHFACE_s09_session3_natural,3,257,38.56666666666667,-1.4166102409362793,-0.152644815952799
COHFACE_s09_session3_natural,3,258,38.6,-1.5107717514038086,-0.004497849129044116
COHFACE_s09_session3_natural,3,259,38.63333333333333,-1.5829730033874512,0.0792261414270114
COHFACE_s09_session3_natural,3,260,38.666666666666664,-1.6266435384750366,0.09931922886937174
COHFACE_s09_session3_natural,3,261,38.7,-1.2855795621871948,0.07169192825537912
COHFACE_s09_session3_natural,3,262,38.733333333333334,-0.3654831647872925,0.022428555029781177
COHFACE_s09_session3_natural,3,263,38.766666666666666,0.5251601934432983,-0.01881906769369435
COHFACE_s09_session3_natural,3,264,38.8,0.9646700620651245,-0.02473436723802087
COHFACE_s09_session3_natural,3,265,38.833333333333336,1.0984865427017212,0.025863892418709372
COHFACE_s09_session3_natural,3,266,38.86666666666667,1.0702630281448364,0.14533683569030703
COHFACE_s09_session3_natural,3,267,38.9,0.9545833468437195,0.33278480862650023
COHFACE_s09_session3_natural,3,268,38.93333333333333,0.7891043424606323,0.568838656918414
COHFACE_s09_session3_natural,3,269,38.96666666666667,0.6178423166275024,0.8144296325110075
COHFACE_s09_session3_natural,3,270,39.0,0.5171101093292236,1.016511935227531
COHFACE_s09_session3_natural,3,271,39.03333333333333,0.5002028942108154,1.121038016003585
COHFACE_s09_session3_natural,3,272,39.06666666666667,0.4593951106071472,1.0887659369200087
COHFACE_s09_session3_natural,3,273,39.1,0.34408044815063477,0.9055907024618941
COHFACE_s09_session3_natural,3,274,39.13333333333333,0.17840930819511414,0.5848762777499401
COHFACE_s09_session3_natural,3,275,39.166666666666664,-0.042363882064819336,0.16537258757949058
COHFACE_s09_session3_natural,3,276,39.2,-0.29835397005081177,-0.2940072756024567
COHFACE_s09_session3_natural,3,277,39.233333333333334,-0.5384551286697388,-0.7239134959067305
COHFACE_s09_session3_natural,3,278,39.266666666666666,-0.7514087557792664,-1.0577633396908812
COHFACE_s09_session3_natural,3,279,39.3,-0.9629214406013489,-1.2448862587735563
COHFACE_s09_session3_natural,3,280,39.333333333333336,-1.1483432054519653,-1.260135510401128
COHFACE_s09_session3_natural,3,281,39.36666666666667,-1.2536096572875977,-1.1070768953070595
COHFACE_s09_session3_natural,3,282,39.4,-1.310191035270691,-0.8146930943550397
COHFACE_s09_session3_natural,3,283,39.43333333333333,-1.3893858194351196,-0.43024823969626985
COHFACE_s09_session3_natural,3,284,39.46666666666667,-1.4805885553359985,-0.011116312410138031
COHFACE_s09_session3_natural,3,285,39.5,-1.5590147972106934,0.3820476278967488
COHFACE_s09_session3_natural,3,286,39.53333333333333,-1.5372083187103271,0.691392295791596
COHFACE_s09_session3_natural,3,287,39.56666666666667,-1.0014429092407227,0.8702879195528345
COHFACE_s09_session3_natural,3,288,39.6,0.03398740664124489,0.8933199224719198
COHFACE_s09_session3_natural,3,289,39.63333333333333,0.841189980506897,0.7631338283775478
COHFACE_s09_session3_natural,3,290,39.666666666666664,1.180716872215271,0.5105953283093312
COHFACE_s09_session3_natural,3,291,39.7,1.265944480895996,0.18675842297580908
COHFACE_s09_session3_natural,3,292,39.733333333333334,1.2055588960647583,-0.15039011072237154
COHFACE_s09_session3_natural,3,293,39.766666666666666,1.1122428178787231,-0.447557525954818
COHFACE_s09_session3_natural,3,294,39.8,0.9811545610427856,-0.6632563420488563
COHFACE_s09_session3_natural,3,295,39.833333333333336,0.8024187684059143,-0.7718795326733577
COHFACE_s09_session3_natural,3,296,39.86666666666667,0.7009756565093994,-0.7656883350642537
COHFACE_s09_session3_natural,3,297,39.9,0.6990159749984741,-0.6546445504985275
COHFACE_s09_session3_natural,3,298,39.93333333333333,0.6441252827644348,-0.46382413742004336
COHFACE_s09_session3_natural,3,299,39.96666666666667,0.5203378200531006,-0.22806557931807817
COHFACE_s09_session3_natural,4,0,40.0,0.38425421714782715,-0.02952578128205965
COHFACE_s09_session3_natural,4,1,40.03333333333333,0.15143467485904694,-0.038046292904464124
COHFACE_s09_session3_natural,4,2,40.06666666666667,-0.12895554304122925,-0.0744167762629919
COHFACE_s09_session3_natural,4,3,40.1,-0.3572024703025818,-0.15822587132789617
COHFACE_s09_session3_natural,4,4,40.13333333333333,-0.5794934630393982,-0.2958196014677566
COHFACE_s09_session3_natural,4,5,40.166666666666664,-0.7874325513839722,-0.47954968098736356
COHFACE_s09_session3_natural,4,6,40.2,-0.928741991519928,-0.6917818840016399
COHFACE_s09_session3_natural,4,7,40.233333333333334,-1.0285520553588867,-0.9092052656651339
COHFACE_s09_session3_natural,4,8,40.266666666666666,-1.1227134466171265,-1.1052676849154386
COHFACE_s09_session3_natural,4,9,40.3,-1.1949148178100586,-1.2513596250914147
COHFACE_s09_session3_natural,4,10,40.333333333333336,-1.2781250476837158,-1.318262911885794
COHFACE_s09_session3_natural,4,11,40.36666666666667,-1.3797410726547241,-1.279739628953333
COHFACE_s09_session3_natural,4,12,40.4,-1.4442572593688965,-1.1183598657876683
COHFACE_s09_session3_natural,4,13,40.43333333333333,-1.2099199295043945,-0.8317013404086885
COHFACE_s09_session3_natural,4,14,40.46666666666667,-0.3834470212459564,-0.43668660188992403
COHFACE_s09_session3_natural,4,15,40.5,0.5856994390487671,0.030114732044534062
COHFACE_s09_session3_natural,4,16,40.53333333333333,1.1384681463241577,0.5172187346527979
COHFACE_s09_session3_natural,4,17,40.56666666666667,1.2482495307922363,0.9675257983262445
COHFACE_s09_session3_natural,4,18,40.6,1.168939471244812,1.3297560427776718
COHFACE_s09_session3_natural,4,19,40.63333333333333,1.0559687614440918,1.5679956855890826
COHFACE_s09_session3_natural,4,20,40.666666666666664,0.8849372863769531,1.6665596203813189
COHFACE_s09_session3_natural,4,21,40.7,0.6903126239776611,1.6290793813709477
COHFACE_s09_session3_natural,4,22,40.733333333333334,0.6079285144805908,1.473246850484098
COHFACE_s09_session3_natural,4,23,40.766666666666666,0.6205320954322815,1.2247584097278328
COHFACE_s09_session3_natural,4,24,40.8,0.5956708192825317,0.9123771553369667
COHFACE_s09_session3_natural,4,25,40.833333333333336,0.4957839846611023,0.5640764763458354
COHFACE_s09_session3_natural,4,26,40.86666666666667,0.3468855023384094,0.2043143704096585
COHFACE_s09_session3_natural,4,27,40.9,0.12920556962490082,-0.1472656060336025
COHFACE_s09_session3_natural,4,28,40.93333333333333,-0.14246207475662231,-0.47537585366320817
COHFACE_s09_session3_natural,4,29,40.96666666666667,-0.38450372219085693,-0.7665764057223519
COHFACE_s09_session3_natural,4,30,41.0,-0.6025102734565735,-1.0062856093613204
COHFACE_s09_session3_natural,4,31,41.03333333333333,-0.8183842301368713,-1.1783751859250553
COHFACE_s09_session3_natural,4,32,41.06666666666667,-0.9629790782928467,-1.267708611734445
COHFACE_s09_session3_natural,4,33,41.1,-1.055372953414917,-1.2631969712354327
COHFACE_s09_session3_natural,4,34,41.13333333333333,-1.128554105758667,-1.1599910546732068
COHFACE_s09_session3_natural,4,35,41.166666666666664,-1.1925324201583862,-0.960785475993702
COHFACE_s09_session3_natural,4,36,41.2,-1.2881733179092407,-0.6764813443223385
COHFACE_s09_session3_natural,4,37,41.233333333333334,-1.391345500946045,-0.3265742910442864
COHFACE_s09_session3_natural,4,38,41.266666666666666,-1.3715180158615112,0.06084736549023362
COHFACE_s09_session3_natural,4,39,41.3,-0.8878189325332642,0.45009091534195267
COHFACE_s09_session3_natural,4,40,41.333333333333336,0.0716635212302208,0.8006009596016807
COHFACE_s09_session3_natural,4,41,41.36666666666667,0.9197314977645874,1.0721193873048782
COHFACE_s09_session3_natural,4,42,41.4,1.2913051843643188,1.2320190275615042
COHFACE_s09_session3_natural,4,43,41.43333333333333,1.3263492584228516,1.263504851840485
COHFACE_s09_session3_natural,4,44,41.46666666666667,1.2768380641937256,1.1709407686907194
COHFACE_s09_session3_natural,4,45,41.5,1.1845594644546509,0.9769653317517426
COHFACE_s09_session3_natural,4,46,41.53333333333333,0.978791356086731,0.71274580352896
COHFACE_s09_session3_natural,4,47,41.56666666666667,0.81734699010849,0.409109088984581
COHFACE_s09_session3_natural,4,48,41.6,0.7743489742279053,0.0924459575598025
COHFACE_s09_session3_natural,4,49,41.63333333333333,0.7357890605926514,-0.2154110810460041
COHFACE_s09_session3_natural,4,50,41.666666666666664,0.6612053513526917,-0.49578823358685054
COHFACE_s09_session3_natural,4,51,41.7,0.5370528697967529,-0.7335591714590252
COHFACE_s09_session3_natural,4,52,41.733333333333334,0.3490181267261505,-0.9192750986719443
COHFACE_s09_session3_natural,4,53,41.766666666666666,0.10238463431596756,-1.0496526935121189
COHFACE_s09_session3_natural,4,54,41.8,-0.16947513818740845,-1.1254750784343432
COHFACE_s09_session3_natural,4,55,41.833333333333336,-0.41691556572914124,-1.148701393958785
COHFACE_s09_session3_natural,4,56,41.86666666666667,-0.6308106184005737,-1.1202721684247834
COHFACE_s09_session3_natural,4,57,41.9,-0.8232642412185669,-1.0394493100657396
COHFACE_s09_session3_natural,4,58,41.93333333333333,-0.9941420555114746,-0.9046644238871905
COHFACE_s09_session3_natural,4,59,41.96666666666667,-1.1079580783843994,-0.7150291995154233
COHFACE_s09_session3_natural,4,60,42.0,-1.1737040281295776,-0.4723287397181289
COHFACE_s09_session3_natural,4,61,42.03333333333333,-1.231034755706787,-0.18396367236698882
COHFACE_s09_session3_natural,4,62,42.06666666666667,-1.3256572484970093,0.13403804736117636
COHFACE_s09_session3_natural,4,63,42.1,-1.4482343196868896,0.45603624608143306
COHFACE_s09_session3_natural,4,64,42.13333333333333,-1.5047004222869873,0.7493581862036717
COHFACE_s09_session3_natural,4,65,42.166666666666664,-1.195894718170166,0.9809809751475929
COHFACE_s09_session3_natural,4,66,42.2,-0.2607162594795227,1.1261031947544229
COHFACE_s09_session3_natural,4,67,42.233333333333334,0.760227620601654,1.1740512239320462
COHFACE_s09_session3_natural,4,68,42.266666666666666,1.3170310258865356,1.1294928497060692
COHFACE_s09_session3_natural,4,69,42.3,1.5090043544769287,1.0098382999927402
COHFACE_s09_session3_natural,4,70,42.333333333333336,1.5285629034042358,0.840340935286489
COHFACE_s09_session3_natural,4,71,42.36666666666667,1.4849116802215576,0.6486711248136897
COHFACE_s09_session3_natural,4,72,42.4,1.3956878185272217,0.4600674526581819
COHFACE_s09_session3_natural,4,73,42.43333333333333,1.2201029062271118,0.2933981100961147
COHFACE_s09_session3_natural,4,74,42.46666666666667,1.0542012453079224,0.1586138842331952
COHFACE_s09_session3_natural,4,75,42.5,0.9661110043525696,0.0562466997435002
COHFACE_s09_session3_natural,4,76,42.53333333333333,0.8859171867370605,-0.02107072717503223
COHFACE_s09_session3_natural,4,77,42.56666666666667,0.7727927565574646,-0.08574335928138722
COHFACE_s09_session3_natural,4,78,42.6,0.5963048338890076,-0.1517168334175909
COHFACE_s09_session3_natural,4,79,42.63333333333333,0.35437846183776855,-0.23098837151268078
COHFACE_s09_session3_natural,4,80,42.666666666666664,0.08030923455953598,-0.3303752706652039
COHFACE_s09_session3_natural,4,81,42.7,-0.17604587972164154,-0.4484862243163728
COHFACE_s09_session3_natural,4,82,42.733333333333334,-0.4255036413669586,-0.5738354391051381
COHFACE_s09_session3_natural,4,83,42.766666666666666,-0.6713302135467529,-0.6858770629249543
COHFACE_s09_session3_natural,4,84,42.8,-0.8621123433113098,-0.7592355926414526
COHFACE_s09_session3_natural,4,85,42.833333333333336,-0.9880132079124451,-0.7697710627303818
COHFACE_s09_session3_natural,4,86,42.86666666666667,-1.1188901662826538,-0.7007229162551183
COHFACE_s09_session3_natural,4,87,42.9,-1.2172207832336426,-0.547067235449314
COHFACE_s09_session3_natural,4,88,42.93333333333333,-1.2717463970184326,-0.3174917575002092
COHFACE_s09_session3_natural,4,89,42.96666666666667,-1.3885020017623901,-0.03464192805422108
COHFACE_s09_session3_natural,4,90,43.0,-1.5431643724441528,0.266505393585281
COHFACE_s09_session3_natural,4,91,43.03333333333333,-1.603549838066101,0.543059049160516
COHFACE_s09_session3_natural,4,92,43.06666666666667,-1.3281933069229126,0.7510791729346334
COHFACE_s09_session3_natural,4,93,43.1,-0.4311521649360657,0.8532059985102978
COHFACE_s09_session3_natural,4,94,43.13333333333333,0.6294851899147034,0.8255200412535628
COHFACE_s09_session3_natural,4,95,43.166666666666664,1.232014775276184,0.662405509706058
COHFACE_s09_session3_natural,4,96,43.2,1.3846213817596436,0.37864432484478916
COHFACE_s09_session3_natural,4,97,43.233333333333334,1.3741120100021362,0.008444451024760987
COHFACE_s09_session3_natural,4,98,43.266666666666666,1.3327854871749878,-0.3984746987990752
COHFACE_s09_session3_natural,4,99,43.3,1.2107847929000854,-0.7832072822880767
COHFACE_s09_session3_natural,4,100,43.333333333333336,1.0047285556793213,-1.0859132833454792
COHFACE_s09_session3_natural,4,101,43.36666666666667,0.8513727188110352,-1.2554449749834489
COHFACE_s09_session3_natural,4,102,43.4,0.7759628295898438,-1.258761511201421
COHFACE_s09_session3_natural,4,103,43.43333333333333,0.7027816772460938,-1.087592615404099
COHFACE_s09_session3_natural,4,104,43.46666666666667,0.5984566807746887,-0.7609224260394226
COHFACE_s09_session3_natural,4,105,43.5,0.43151748180389404,-0.32312809259245917
COHFACE_s09_session3_natural,4,106,43.53333333333333,0.18549878895282745,0.16250553394539244
COHFACE_s09_session3_natural,4,107,43.56666666666667,-0.0911257266998291,0.6251159915889459
COHFACE_s09_session3_natural,4,108,43.6,-0.3573177456855774,1.0003384318237953
COHFACE_s09_session3_natural,4,109,43.63333333333333,-0.6025295257568359,1.2428637392750101
COHFACE_s09_session3_natural,4,110,43.666666666666664,-0.836905300617218,1.3338128738393569
COHFACE_s09_session3_natural,4,111,43.7,-1.02436363697052,1.280474129466425
COHFACE_s09_session3_natural,4,112,43.733333333333334,-1.163367509841919,1.1094124332943789
COHFACE_s09_session3_natural,4,113,43.766666666666666,-1.2817562818527222,0.8571266031706851
COHFACE_s09_session3_natural,4,114,43.8,-1.3587223291397095,0.5615069416215086
COHFACE_s09_session3_natural,4,115,43.833333333333336,-1.4310581684112549,0.25581881417036234
COHFACE_s09_session3_natural,4,116,43.86666666666667,-1.530522346496582,-0.03407078751582407
COHFACE_s09_session3_natural,4,117,43.9,-1.6464518308639526,-0.2894728462703041
COHFACE_s09_session3_natural,4,118,43.93333333333333,-1.766627311706543,-0.4971257771841625
COHFACE_s09_session3_natural,4,119,43.96666666666667,-1.6884700059890747,-0.6481532995374447
COHFACE_s09_session3_natural,4,120,44.0,-0.9662067890167236,-0.738324098757228
COHFACE_s09_session3_natural,4,121,44.03333333333333,0.19775649905204773,-0.768440296623032
COHFACE_s09_session3_natural,4,122,44.06666666666667,1.0011357069015503,-0.7438129896207208
COHFACE_s09_session3_natural,4,123,44.1,1.2690569162368774,-0.672247298586091
COHFACE_s09_session3_natural,4,124,44.13333333333333,1.312785029411316,-0.5614360753076195
COHFACE_s09_session3_natural,4,125,44.166666666666664,1.244310975074768,-0.4179399131888666
COHFACE_s09_session3_natural,4,126,44.2,1.1005806922912598,-0.2482289765719597
COHFACE_s09_session3_natural,4,127,44.233333333333334,0.9364465475082397,-0.060445554843231226
COHFACE_s09_session3_natural,4,128,44.266666666666666,0.7923896908760071,0.13423991217494224
COHFACE_s09_session3_natural,4,129,44.3,0.7148088216781616,0.321323291574675
COHFACE_s09_session3_natural,4,130,44.333333333333336,0.6844527125358582,0.4839987784701002
COHFACE_s09_session3_natural,4,131,44.36666666666667,0.5900415182113647,0.6053959136610412
COHFACE_s09_session3_natural,4,132,44.4,0.4372812807559967,0.671488874839316
COHFACE_s09_session3_natural,4,133,44.43333333333333,0.23395323753356934,0.6738214879450729
COHFACE_s09_session3_natural,4,134,44.46666666666667,-0.04055788740515709,0.6113400957660325
COHFACE_s09_session3_natural,4,135,44.5,-0.31345513463020325,0.4908785268569026
COHFACE_s09_session3_natural,4,136,44.53333333333333,-0.5408182740211487,0.32626165208283975
COHFACE_s09_session3_natural,4,137,44.56666666666667,-0.7569035887718201,0.13640092240638288
COHFACE_s09_session3_natural,4,138,44.6,-0.938252329826355,-0.05734141113001969
COHFACE_s09_session3_natural,4,139,44.63333333333333,-1.0574095249176025,-0.2343450549150297
COHFACE_s09_session3_natural,4,140,44.666666666666664,-1.1562204360961914,-0.37780926011463994
COHFACE_s09_session3_natural,4,141,44.7,-1.2501320838928223,-0.476621965220655
COHFACE_s09_session3_natural,4,142,44.733333333333334,-1.307482123374939,-0.525934879006099
COHFACE_s09_session3_natural,4,143,44.766666666666666,-1.3604706525802612,-0.5273135302549398
COHFACE_s09_session3_natural,4,144,44.8,-1.4749784469604492,-0.4886842859406663
COHFACE_s09_session3_natural,4,145,44.833333333333336,-1.5812054872512817,-0.4235753072583061
COHFACE_s09_session3_natural,4,146,44.86666666666667,-1.5613011121749878,-0.3489725504478183
COHFACE_s09_session3_natural,4,147,44.9,-1.058543086051941,-0.28119396675446945
COHFACE_s09_session3_natural,4,148,44.93333333333333,-0.017252877354621887,-0.2307207395872785
COHFACE_s09_session3_natural,4,149,44.96666666666667,0.8897212743759155,-0.19835267272653762
COHFACE_s09_session3_natural,4,150,45.0,1.2447912693023682,-0.1747523215025716
COHFACE_s09_session3_natural,4,151,45.03333333333333,1.227250099182129,-0.14464833150333
COHFACE_s09_session3_natural,4,152,45.06666666666667,1.0992357730865479,-0.0939383359286344
COHFACE_s09_session3_natural,4,153,45.1,0.9258219599723816,-0.015270379284048266
COHFACE_s09_session3_natural,4,154,45.13333333333333,0.7063936591148376,0.09035145374004999
COHFACE_s09_session3_natural,4,155,45.166666666666664,0.5605307817459106,0.2158919779395158
COHFACE_s09_session3_natural,4,156,45.2,0.548349916934967,0.3521511532531817
COHFACE_s09_session3_natural,4,157,45.233333333333334,0.5478504300117493,0.48910911792539763
COHFACE_s09_session3_natural,4,158,45.266666666666666,0.4939587712287903,0.614392891284631
COHFACE_s09_session3_natural,4,159,45.3,0.36823081970214844,0.712268772393831
COHFACE_s09_session3_natural,4,160,45.333333333333336,0.16138684749603271,0.7651930996637011
COHFACE_s09_session3_natural,4,161,45.36666666666667,-0.09612102806568146,0.7579743345642312
COHFACE_s09_session3_natural,4,162,45.4,-0.34262004494667053,0.682834416903215
COHFACE_s09_session3_natural,4,163,45.43333333333333,-0.558205783367157,0.542259785802396
COHFACE_s09_session3_natural,4,164,45.46666666666667,-0.7781912684440613,0.34832755413511224
COHFACE_s09_session3_natural,4,165,45.5,-0.9506444931030273,0.11928115911010594
COHFACE_s09_session3_natural,4,166,45.53333333333333,-1.0463621616363525,-0.12493761237263099
COHFACE_s09_session3_natural,4,167,45.56666666666667,-1.1337608098983765,-0.36595624619322265
COHFACE_s09_session3_natural,4,168,45.6,-1.1982578039169312,-0.5880868264643523
COHFACE_s09_session3_natural,4,169,45.63333333333333,-1.210803747177124,-0.777791321608523
COHFACE_s09_session3_natural,4,170,45.666666666666664,-1.2910935878753662,-0.9225404848361353
COHFACE_s09_session3_natural,4,171,45.7,-1.4180896282196045,-1.0103531956978429
COHFACE_s09_session3_natural,4,172,45.733333333333334,-1.4577831029891968,-1.030487170838385
COHFACE_s09_session3_natural,4,173,45.766666666666666,-1.2123215198516846,-0.9748231262176398
COHFACE_s09_session3_natural,4,174,45.8,-0.349017858505249,-0.839490628293499
COHFACE_s09_session3_natural,4,175,45.833333333333336,0.7558279633522034,-0.6263807909886041
COHFACE_s09_session3_natural,4,176,45.86666666666667,1.391384243965149,-0.3443451043675484
COHFACE_s09_session3_natural,4,177,45.9,1.5366706848144531,-0.010022863663910826
COHFACE_s09_session3_natural,4,178,45.93333333333333,1.510387659072876,0.3519982894772098
COHFACE_s09_session3_natural,4,179,45.96666666666667,1.4159188270568848,0.7101813134077712
COHFACE_s09_session3_natural,4,180,46.0,1.2488259077072144,1.028564389831914
COHFACE_s09_session3_natural,4,181,46.03333333333333,1.0810221433639526,1.2709068259769458
COHFACE_s09_session3_natural,4,182,46.06666666666667,0.98103928565979,1.4058209365319916
COHFACE_s09_session3_natural,4,183,46.1,0.9191359281539917,1.4115559750148843
COHFACE_s09_session3_natural,4,184,46.13333333333333,0.8982517123222351,1.2793926645392446
COHFACE_s09_session3_natural,4,185,46.166666666666664,0.8200944066047668,1.0150264680018648
COHFACE_s09_session3_natural,4,186,46.2,0.6263919472694397,0.6380037977959309
COHFACE_s09_session3_natural,4,187,46.233333333333334,0.4074631631374359,0.17987634525476814
COHFACE_s09_session3_natural,4,188,46.266666666666666,0.15792857110500336,-0.3183456137870873
COHFACE_s09_session3_natural,4,189,46.3,-0.11304742097854614,-0.8090630335551678
COHFACE_s09_session3_natural,4,190,46.333333333333336,-0.3447718620300293,-1.2415815822007383
COHFACE_s09_session3_natural,4,191,46.36666666666667,-0.5285990238189697,-1.567005340468539
COHFACE_s09_session3_natural,4,192,46.4,-0.7011290788650513,-1.7445762432393546
COHFACE_s09_session3_natural,4,193,46.43333333333333,-0.8340618014335632,-1.7485572507520004
COHFACE_s09_session3_natural,4,194,46.46666666666667,-0.8943896889686584,-1.5741418965480816
COHFACE_s09_session3_natural,4,195,46.5,-0.9676477313041687,-1.240437988630097
COHFACE_s09_session3_natural,4,196,46.53333333333333,-1.0713386535644531,-0.7891818272603137
COHFACE_s09_session3_natural,4,197,46.56666666666667,-1.1542030572891235,-0.27873637555651937
COHFACE_s09_session3_natural,4,198,46.6,-1.2595847845077515,0.2258473922010875
COHFACE_s09_session3_natural,4,199,46.63333333333333,-1.3248311281204224,0.6646853238199752
COHFACE_s09_session3_natural,4,200,46.666666666666664,-0.9025166630744934,0.9939666678325553
COHFACE_s09_session3_natural,4,201,46.7,0.1420012265443802,1.1925909692673555
COHFACE_s09_session3_natural,4,202,46.733333333333334,1.1130881309509277,1.2630384827884382
COHFACE_s09_session3_natural,4,203,46.766666666666666,1.5812249183654785,1.2269917401568768
COHFACE_s09_session3_natural,4,204,46.8,1.716386318206787,1.1173510361993366
COHFACE_s09_session3_natural,4,205,46.833333333333336,1.7182884216308594,0.9691008487943374
COHFACE_s09_session3_natural,4,206,46.86666666666667,1.6524848937988281,0.8114694192203643
COHFACE_s09_session3_natural,4,207,46.9,1.5264110565185547,0.6634531970545592
COHFACE_s09_session3_natural,4,208,46.93333333333333,1.3487319946289062,0.5330552062395982
COHFACE_s09_session3_natural,4,209,46.96666666666667,1.2081910371780396,0.4189537449383525
COHFACE_s09_session3_natural,4,210,47.0,1.1234630346298218,0.3134327121332439
COHFACE_s09_session3_natural,4,211,47.03333333333333,1.0564298629760742,0.20580563192476242
COHFACE_s09_session3_natural,4,212,47.06666666666667,0.9260140657424927,0.08582211721659112
COHFACE_s09_session3_natural,4,213,47.1,0.7125609517097473,-0.053206169586603944
COHFACE_s09_session3_natural,4,214,47.13333333333333,0.4825464189052582,-0.2121437207496852
COHFACE_s09_session3_natural,4,215,47.166666666666664,0.21518242359161377,-0.38549849086700216
COHFACE_s09_session3_natural,4,216,47.2,-0.06549597531557083,-0.5624695557342587
COHFACE_s09_session3_natural,4,217,47.233333333333334,-0.2909378707408905,-0.7284865944080856
COHFACE_s09_session3_natural,4,218,47.266666666666666,-0.48487091064453125,-0.8669308933553789
COHFACE_s09_session3_natural,4,219,47.3,-0.6655663847923279,-0.9615354109639412
COHFACE_s09_session3_natural,4,220,47.333333333333336,-0.7910829782485962,-0.9993393519003588
COHFACE_s09_session3_natural,4,221,47.36666666666667,-0.8763105273246765,-0.9733791867831989
COHFACE_s09_session3_natural,4,222,47.4,-0.9841898679733276,-0.8840815675066448
COHFACE_s09_session3_natural,4,223,47.43333333333333,-1.0888030529022217,-0.7383223010891024
COHFACE_s09_session3_natural,4,224,47.46666666666667,-1.1899579763412476,-0.5468847113168793
COHFACE_s09_session3_natural,4,225,47.5,-1.3235630989074707,-0.3226274115394447
COHFACE_s09_session3_natural,4,226,47.53333333333333,-1.3830071687698364,-0.08027105716268462
COHFACE_s09_session3_natural,4,227,47.56666666666667,-0.972969651222229,0.16290361092056443
COHFACE_s09_session3_natural,4,228,47.6,0.027128471061587334,0.38704210682380696
COHFACE_s09_session3_natural,4,229,47.63333333333333,0.9874370694160461,0.5723933227237339
COHFACE_s09_session3_natural,4,230,47.666666666666664,1.4649689197540283,0.7038845343762031
COHFACE_s09_session3_natural,4,231,47.7,1.605721116065979,0.7741446994384167
COHFACE_s09_session3_natural,4,232,47.733333333333334,1.603588581085205,0.7831203941532405
COHFACE_s09_session3_natural,4,233,47.766666666666666,1.5483136177062988,0.7344972953466656
COHFACE_s09_session3_natural,4,234,47.8,1.42652428150177,0.6314578845285047
COHFACE_s09_session3_natural,4,235,47.833333333333336,1.2312463521957397,0.4759753953661175
COHFACE_s09_session3_natural,4,236,47.86666666666667,1.087785005569458,0.27231265648947384
COHFACE_s09_session3_natural,4,237,47.9,1.0133742094039917,0.031673402605349434
COHFACE_s09_session3_natural,4,238,47.93333333333333,0.9250918626785278,-0.22500972209343675
COHFACE_s09_session3_natural,4,239,47.96666666666667,0.8085860013961792,-0.4683861087459573
COHFACE_s09_session3_natural,4,240,48.0,0.6306571364402771,-0.6660756078135898
COHFACE_s09_session3_natural,4,241,48.03333333333333,0.3803156316280365,-0.7898207606674197
COHFACE_s09_session3_natural,4,242,48.06666666666667,0.11222153902053833,-0.8215995795596714
COHFACE_s09_session3_natural,4,243,48.1,-0.12895554304122925,-0.7559919057384101
COHFACE_s09_session3_natural,4,244,48.13333333333333,-0.35816311836242676,-0.5989629152668399
COHFACE_s09_session3_natural,4,245,48.166666666666664,-0.5654297471046448,-0.36593578706062385
COHFACE_s09_session3_natural,4,246,48.2,-0.7116768956184387,-0.08040781786519749
COHFACE_s09_session3_natural,4,247,48.233333333333334,-0.8312375545501709,0.22757448054464166
COHFACE_s09_session3_natural,4,248,48.266666666666666,-0.948108434677124,0.523970437820343
COHFACE_s09_session3_natural,4,249,48.3,-1.031510829925537,0.7750733629439347
COHFACE_s09_session3_natural,4,250,48.333333333333336,-1.1084768772125244,0.9529439829235984
COHFACE_s09_session3_natural,4,251,48.36666666666667,-1.2314958572387695,1.0399011080812988
COHFACE_s09_session3_natural,4,252,48.4,-1.3601633310317993,1.0307247257222558
COHFACE_s09_session3_natural,4,253,48.43333333333333,-1.4388201236724854,0.9321694397411237
COHFACE_s09_session3_natural,4,254,48.46666666666667,-1.2997585535049438,0.7603481378311522
COHFACE_s09_session3_natural,4,255,48.5,-0.5595698952674866,0.5373544508133212
COHFACE_s09_session3_natural,4,256,48.53333333333333,0.5562655925750732,0.28777923856023657
COHFACE_s09_session3_natural,4,257,48.56666666666667,1.2833319902420044,0.03501068644868485
COHFACE_s09_session3_natural,4,258,48.6,1.502260684967041,-0.20195579557520027
COHFACE_s09_session3_natural,4,259,48.63333333333333,1.5368051528930664,-0.409705524564695
COHFACE_s09_session3_natural,4,260,48.666666666666664,1.5195329189300537,-0.5794633384492992
COHFACE_s09_session3_natural,4,261,48.7,1.4162646532058716,-0.7052647196567466
COHFACE_s09_session3_natural,4,262,48.733333333333334,1.247961401939392,-0.7826188085746474
COHFACE_s09_session3_natural,4,263,48.766666666666666,1.076007604598999,-0.8088319935256887
COHFACE_s09_session3_natural,4,264,48.8,0.9899155497550964,-0.784393174437167
COHFACE_s09_session3_natural,4,265,48.833333333333336,0.9513171911239624,-0.7132424502054737
COHFACE_s09_session3_natural,4,266,48.86666666666667,0.8445329666137695,-0.6015209612267365
COHFACE_s09_session3_natural,4,267,48.9,0.6671997308731079,-0.45629378590224123
COHFACE_s09_session3_natural,4,268,48.93333333333333,0.47001972794532776,-0.2851558492802289
COHFACE_s09_session3_natural,4,269,48.96666666666667,0.23412615060806274,-0.09680574036856233
COHFACE_s09_session3_natural,4,270,49.0,-0.03852134197950363,0.09786179154266746
COHFACE_s09_session3_natural,4,271,49.03333333333333,-0.2846168875694275,0.28502015300900924
COHFACE_s09_session3_natural,4,272,49.06666666666667,-0.4767247140407562,0.4479731391732335
COHFACE_s09_session3_natural,4,273,49.1,-0.6224530935287476,0.5679317930200871
COHFACE_s09_session3_natural,4,274,49.13333333333333,-0.7429744005203247,0.6258685541665994
COHFACE_s09_session3_natural,4,275,49.166666666666664,-0.8569825887680054,0.6061166755029689
COHFACE_s09_session3_natural,4,276,49.2,-0.9494917392730713,0.5011937659286229
COHFACE_s09_session3_natural,4,277,49.233333333333334,-1.0190801620483398,0.3161383071967493
COHFACE_s09_session3_natural,4,278,49.266666666666666,-1.1255377531051636,0.07048706639082054
COHFACE_s09_session3_natural,4,279,49.3,-1.247019648551941,-0.2037454267043445
COHFACE_s09_session3_natural,4,280,49.333333333333336,-1.3331694602966309,-0.46754568496322835
COHFACE_s09_session3_natural,4,281,49.36666666666667,-1.278509259223938,-0.6812180766937906
COHFACE_s09_session3_natural,4,282,49.4,-0.6996304988861084,-0.8101817517903347
COHFACE_s09_session3_natural,4,283,49.43333333333333,0.3345509469509125,-0.8303107994862604
COHFACE_s09_session3_natural,4,284,49.46666666666667,1.1351443529129028,-0.7327143398175836
COHFACE_s09_session3_natural,4,285,49.5,1.4053133726119995,-0.5274707493443778
COHFACE_s09_session3_natural,4,286,49.53333333333333,1.4148237705230713,-0.24441421211347936
COHFACE_s09_session3_natural,4,287,49.56666666666667,1.3445243835449219,0.07190264805877725
COHFACE_s09_session3_natural,4,288,49.6,1.1974704265594482,0.3724008805667603
COHFACE_s09_session3_natural,4,289,49.63333333333333,1.023057460784912,0.614591287312469
COHFACE_s09_session3_natural,4,290,49.666666666666664,0.8909893035888672,0.771099261790385
COHFACE_s09_session3_natural,4,291,49.7,0.822534441947937,0.8334236800231043
COHFACE_s09_session3_natural,4,292,49.733333333333334,0.8068568706512451,0.8105756755181385
COHFACE_s09_session3_natural,4,293,49.766666666666666,0.7376142740249634,0.724009681653236
COHFACE_s09_session3_natural,4,294,49.8,0.5631629228591919,0.6007023159282128
COHFACE_s09_session3_natural,4,295,49.833333333333336,0.352169007062912,0.46632764371350854
COHFACE_s09_session3_natural,4,296,49.86666666666667,0.12670792639255524,0.3401425607633321
COHFACE_s09_session3_natural,4,297,49.9,-0.12405630201101303,0.2326644835003705
COHFACE_s09_session3_natural,4,298,49.93333333333333,-0.33416643738746643,0.14600973317525995
COHFACE_s09_session3_natural,4,299,49.96666666666667,-0.5160723328590393,0.07569352445861302
