recording_id,measurement_id,sample_index,time_seconds,gt_signal,predicted_signal
COHFACE_s36_session0_lamp,0,0,0.0,-22.351402282714844,0.010951076492542906
COHFACE_s36_session0_lamp,0,1,0.03333333333333333,-15.430410385131836,0.22491461746786895
COHFACE_s36_session0_lamp,0,2,0.06666666666666667,1.57820463180542,0.4375906302207176
COHFACE_s36_session0_lamp,0,3,0.1,3.897707939147949,0.6400762856001736
COHFACE_s36_session0_lamp,0,4,0.13333333333333333,1.1844736337661743,0.8086411676984888
COHFACE_s36_session0_lamp,0,5,0.16666666666666666,1.5477873086929321,0.909522707622319
COHFACE_s36_session0_lamp,0,6,0.2,1.689264178276062,0.9111792903697054
COHFACE_s36_session0_lamp,0,7,0.23333333333333334,1.2807279825210571,0.7960718889682601
COHFACE_s36_session0_lamp,0,8,0.26666666666666666,1.1975038051605225,0.5672705928521696
COHFACE_s36_session0_lamp,0,9,0.3,1.2161818742752075,0.24936703288080275
COHFACE_s36_session0_lamp,0,10,0.3333333333333333,1.134490728378296,-0.11516093315014465
COHFACE_s36_session0_lamp,0,11,0.36666666666666664,0.9828478097915649,-0.4717657994084465
COHFACE_s36_session0_lamp,0,12,0.4,0.8102678060531616,-0.7613465953654578
COHFACE_s36_session0_lamp,0,13,0.43333333333333335,0.6325643658638,-0.9307646594420492
COHFACE_s36_session0_lamp,0,14,0.4666666666666667,0.42791301012039185,-0.9451099613184248
COHFACE_s36_session0_lamp,0,15,0.5,0.2516215741634369,-0.7978320841093764
COHFACE_s36_session0_lamp,0,16,0.5333333333333333,0.09299961477518082,-0.5144162024400665
COHFACE_s36_session0_lamp,0,17,0.5666666666666667,-0.07796677947044373,-0.1457824245807776
COHFACE_s36_session0_lamp,0,18,0.6,-0.08797141909599304,0.24634120711889723
COHFACE_s36_session0_lamp,0,19,0.6333333333333333,0.3489651083946228,0.6041698929369311
COHFACE_s36_session0_lamp,0,20,0.6666666666666666,1.0878965854644775,0.8840483339221685
COHFACE_s36_session0_lamp,0,21,0.7,1.584215521812439,1.0614283226334167
COHFACE_s36_session0_lamp,0,22,0.7333333333333333,1.6767584085464478,1.130813012056694
COHFACE_s36_session0_lamp,0,23,0.7666666666666667,1.5819159746170044,1.101387022355593
COHFACE_s36_session0_lamp,0,24,0.8,1.4785616397857666,0.990654459839422
COHFACE_s36_session0_lamp,0,25,0.8333333333333334,1.2843586206436157,0.8194867950335273
COHFACE_s36_session0_lamp,0,26,0.8666666666666667,1.0492092370986938,0.6094905327382514
COHFACE_s36_session0_lamp,0,27,0.9,0.9385530948638916,0.38106154803574255
COHFACE_s36_session0_lamp,0,28,0.9333333333333333,0.9347206950187683,0.1512703377119126
COHFACE_s36_session0_lamp,0,29,0.9666666666666667,0.9421031475067139,-0.06813411828118009
COHFACE_s36_session0_lamp,0,30,1.0,0.8815508484840393,-0.2719212498454352
COHFACE_s36_session0_lamp,0,31,1.0333333333333334,0.7651662230491638,-0.46084257335188133
COHFACE_s36_session0_lamp,0,32,1.0666666666666667,0.604809582233429,-0.6392948550807159
COHFACE_s36_session0_lamp,0,33,1.1,0.4290425777435303,-0.8120386081243217
COHFACE_s36_session0_lamp,0,34,1.1333333333333333,0.27606838941574097,-0.9807652276860884
COHFACE_s36_session0_lamp,0,35,1.1666666666666667,0.12575674057006836,-1.1411516133087616
COHFACE_s36_session0_lamp,0,36,1.2,-0.04996992275118828,-1.2808192081632943
COHFACE_s36_session0_lamp,0,37,1.2333333333333334,-0.19185024499893188,-1.3784150848691705
COHFACE_s36_session0_lamp,0,38,1.2666666666666666,-0.2068975418806076,-1.4049502381355838
COHFACE_s36_session0_lamp,0,39,1.3,0.19607160985469818,-1.329137742376576
COHFACE_s36_session0_lamp,0,40,1.3333333333333333,0.856539249420166,-1.1266561815748783
COHFACE_s36_session0_lamp,0,41,1.3666666666666667,1.221627950668335,-0.7912136015441857
COHFACE_s36_session0_lamp,0,42,1.4,1.18955659866333,-0.3430628732132469
COHFACE_s36_session0_lamp,0,43,1.4333333333333333,1.053162693977356,0.1707313942517778
COHFACE_s36_session0_lamp,0,44,1.4666666666666666,0.9161233305931091,0.6852788172801434
COHFACE_s36_session0_lamp,0,45,1.5,0.6951740980148315,1.1321160517974187
COHFACE_s36_session0_lamp,0,46,1.5333333333333334,0.5028268098831177,1.4543607180979001
COHFACE_s36_session0_lamp,0,47,1.5666666666666667,0.4120992422103882,1.6187736406143025
COHFACE_s36_session0_lamp,0,48,1.6,0.3584856688976288,1.6212681456476759
COHFACE_s36_session0_lamp,0,49,1.6333333333333333,0.3236711323261261,1.483498277353705
COHFACE_s36_session0_lamp,0,50,1.6666666666666667,0.23387140035629272,1.2425499145391645
COHFACE_s36_session0_lamp,0,51,1.7,0.0398297943174839,0.939669221602812
COHFACE_s36_session0_lamp,0,52,1.7333333333333334,-0.14985495805740356,0.611978337175585
COHFACE_s36_session0_lamp,0,53,1.7666666666666666,-0.2856437563896179,0.2883991751088061
COHFACE_s36_session0_lamp,0,54,1.8,-0.40674829483032227,-0.01072990120170217
COHFACE_s36_session0_lamp,0,55,1.8333333333333333,-0.5469343066215515,-0.27224692035570114
COHFACE_s36_session0_lamp,0,56,1.8666666666666667,-0.6675950884819031,-0.48812393261983744
COHFACE_s36_session0_lamp,0,57,1.9,-0.7831325531005859,-0.6529202351393812
COHFACE_s36_session0_lamp,0,58,1.9333333333333333,-0.7640914916992188,-0.7616091856022797
COHFACE_s36_session0_lamp,0,59,1.9666666666666666,-0.30694395303726196,-0.8092638227609529
COHFACE_s36_session0_lamp,0,60,2.0,0.2951901853084564,-0.7931400542749438
COHFACE_s36_session0_lamp,0,61,2.033333333333333,0.5255389213562012,-0.7165892581236818
COHFACE_s36_session0_lamp,0,62,2.066666666666667,0.4453808069229126,-0.5919675758838863
COHFACE_s36_session0_lamp,0,63,2.1,0.29228559136390686,-0.4381764243688231
COHFACE_s36_session0_lamp,0,64,2.1333333333333333,0.10247982293367386,-0.2739314102025479
COHFACE_s36_session0_lamp,0,65,2.1666666666666665,-0.1058022677898407,-0.1130697158654667
COHFACE_s36_session0_lamp,0,66,2.2,-0.2312636822462082,0.03543485178779621
COHFACE_s36_session0_lamp,0,67,2.2333333333333334,-0.2344909906387329,0.16438156502951956
COHFACE_s36_session0_lamp,0,68,2.2666666666666666,-0.21932266652584076,0.2650261143679539
COHFACE_s36_session0_lamp,0,69,2.3,-0.2463916689157486,0.32683318970883746
COHFACE_s36_session0_lamp,0,70,2.3333333333333335,-0.309929221868515,0.34042731666517534
COHFACE_s36_session0_lamp,0,71,2.3666666666666667,-0.4086039960384369,0.30068905251579287
COHFACE_s36_session0_lamp,0,72,2.4,-0.5269250273704529,0.20886649319103423
COHFACE_s36_session0_lamp,0,73,2.433333333333333,-0.64847332239151,0.07471174571489578
COHFACE_s36_session0_lamp,0,74,2.466666666666667,-0.757314145565033,-0.08187718166898787
COHFACE_s36_session0_lamp,0,75,2.5,-0.8478803634643555,-0.23171007436938362
COHFACE_s36_session0_lamp,0,76,2.533333333333333,-0.9317902326583862,-0.340371523006722
COHFACE_s36_session0_lamp,0,77,2.566666666666667,-1.0379281044006348,-0.37467962197772103
COHFACE_s36_session0_lamp,0,78,2.6,-1.039703130722046,-0.3105169099365235
COHFACE_s36_session0_lamp,0,79,2.6333333333333333,-0.6709030866622925,-0.1408469777217954
COHFACE_s36_session0_lamp,0,80,2.6666666666666665,-0.07837019115686417,0.11839623353278132
COHFACE_s36_session0_lamp,0,81,2.7,0.15770705044269562,0.4276269250899181
COHFACE_s36_session0_lamp,0,82,2.7333333333333334,0.030389931052923203,0.7297530791657741
COHFACE_s36_session0_lamp,0,83,2.7666666666666666,-0.16094881296157837,0.9628264552190053
COHFACE_s36_session0_lamp,0,84,2.8,-0.33147144317626953,1.0756828898391642
COHFACE_s36_session0_lamp,0,85,2.8333333333333335,-0.5545991659164429,1.0404188334769606
COHFACE_s36_session0_lamp,0,86,2.8666666666666667,-0.7033374905586243,0.857945588100302
COHFACE_s36_session0_lamp,0,87,2.9,-0.7003522515296936,0.5558930465526576
COHFACE_s36_session0_lamp,0,88,2.933333333333333,-0.6719115972518921,0.180248730260261
COHFACE_s36_session0_lamp,0,89,2.966666666666667,-0.6716695427894592,-0.21611368117133703
COHFACE_s36_session0_lamp,0,90,3.0,-0.7232257723808289,-0.5846282493773064
COHFACE_s36_session0_lamp,0,91,3.033333333333333,-0.7970906496047974,-0.888885373816807
COHFACE_s36_session0_lamp,0,92,3.066666666666667,-0.913112223148346,-1.1077053692483425
COHFACE_s36_session0_lamp,0,93,3.1,-1.0380088090896606,-1.2337526389061724
COHFACE_s36_session0_lamp,0,94,3.1333333333333333,-1.1061049699783325,-1.2694394670294638
COHFACE_s36_session0_lamp,0,95,3.1666666666666665,-1.1673833131790161,-1.2228244679138633
COHFACE_s36_session0_lamp,0,96,3.2,-1.236124873161316,-1.1046991474007763
COHFACE_s36_session0_lamp,0,97,3.2333333333333334,-1.2982505559921265,-0.9263730906435631
COHFACE_s36_session0_lamp,0,98,3.2666666666666666,-1.3545266389846802,-0.6981493270627905
COHFACE_s36_session0_lamp,0,99,3.3,-1.203811526298523,-0.4290755374629634
COHFACE_s36_session0_lamp,0,100,3.3333333333333335,-0.6842963695526123,-0.12839259527886185
COHFACE_s36_session0_lamp,0,101,3.3666666666666667,-0.23424895107746124,0.1912053716128041
COHFACE_s36_session0_lamp,0,102,3.4,-0.18757407367229462,0.5106423353579375
COHFACE_s36_session0_lamp,0,103,3.433333333333333,-0.3473255932331085,0.8057388194747647
COHFACE_s36_session0_lamp,0,104,3.466666666666667,-0.5101430416107178,1.0520656904884718
COHFACE_s36_session0_lamp,0,105,3.5,-0.7195950150489807,1.2284002701251262
COHFACE_s36_session0_lamp,0,106,3.533333333333333,-0.8996382355690002,1.3179049146234403
COHFACE_s36_session0_lamp,0,107,3.566666666666667,-0.9020183682441711,1.310374841915449
COHFACE_s36_session0_lamp,0,108,3.6,-0.8672441840171814,1.2053435495404736
COHFACE_s36_session0_lamp,0,109,3.6333333333333333,-0.8432410955429077,1.012242984153319
COHFACE_s36_session0_lamp,0,110,3.6666666666666665,-0.8210533857345581,0.7472481698511927
COHFACE_s36_session0_lamp,0,111,3.7,-0.8634924292564392,0.4299860858233864
COHFACE_s36_session0_lamp,0,112,3.7333333333333334,-0.9776179194450378,0.08188531807745446
COHFACE_s36_session0_lamp,0,113,3.7666666666666666,-1.0593494176864624,-0.27389413741162905
COHFACE_s36_session0_lamp,0,114,3.8,-1.1378535032272339,-0.6115849576667235
COHFACE_s36_session0_lamp,0,115,3.8333333333333335,-1.241611361503601,-0.9020119843011467
COHFACE_s36_session0_lamp,0,116,3.8666666666666667,-1.2941356897354126,-1.1131696353737461
COHFACE_s36_session0_lamp,0,117,3.9,-1.3417787551879883,-1.213407885257014
COHFACE_s36_session0_lamp,0,118,3.933333333333333,-1.446867823600769,-1.177449031088041
COHFACE_s36_session0_lamp,0,119,3.966666666666667,-1.4698623418807983,-0.9942417964115982
COHFACE_s36_session0_lamp,0,120,4.0,-1.2605717182159424,-0.6746705653995927
COHFACE_s36_session0_lamp,0,121,4.033333333333333,-0.7557004690170288,-0.256404649877649
COHFACE_s36_session0_lamp,0,122,4.066666666666666,-0.4015846252441406,0.19750104603644056
COHFACE_s36_session0_lamp,0,123,4.1,-0.4447498023509979,0.6094715274239199
COHFACE_s36_session0_lamp,0,124,4.133333333333334,-0.6462545394897461,0.9055293060666707
COHFACE_s36_session0_lamp,0,125,4.166666666666667,-0.8158090114593506,1.0332433172962352
COHFACE_s36_session0_lamp,0,126,4.2,-1.0085999965667725,0.9733015514182544
COHFACE_s36_session0_lamp,0,127,4.233333333333333,-1.1493911743164062,0.7408952402056195
COHFACE_s36_session0_lamp,0,128,4.266666666666667,-1.158387303352356,0.37842614801521146
COHFACE_s36_session0_lamp,0,129,4.3,-1.1125595569610596,-0.05418606937468258
COHFACE_s36_session0_lamp,0,130,4.333333333333333,-1.037081003189087,-0.48869326290123505
COHFACE_s36_session0_lamp,0,131,4.366666666666666,-1.0098103284835815,-0.8581666336216992
COHFACE_s36_session0_lamp,0,132,4.4,-1.0698381662368774,-1.106862955942968
COHFACE_s36_session0_lamp,0,133,4.433333333333334,-1.1600816249847412,-1.1985059460099357
COHFACE_s36_session0_lamp,0,134,4.466666666666667,-1.2403204441070557,-1.121805806668583
COHFACE_s36_session0_lamp,0,135,4.5,-1.297484040260315,-0.8926793158402729
COHFACE_s36_session0_lamp,0,136,4.533333333333333,-1.321204662322998,-0.5522176741647011
COHFACE_s36_session0_lamp,0,137,4.566666666666666,-1.3601744174957275,-0.15924613144226868
COHFACE_s36_session0_lamp,0,138,4.6,-1.4016855955123901,0.22218344763293923
COHFACE_s36_session0_lamp,0,139,4.633333333333334,-1.434281349182129,0.5382818867566717
COHFACE_s36_session0_lamp,0,140,4.666666666666667,-1.460059404373169,0.7584111278059121
COHFACE_s36_session0_lamp,0,141,4.7,-1.2470170259475708,0.8773871417266251
COHFACE_s36_session0_lamp,0,142,4.733333333333333,-0.7112444043159485,0.9076583466593277
COHFACE_s36_session0_lamp,0,143,4.766666666666667,-0.4002533555030823,0.870026415697646
COHFACE_s36_session0_lamp,0,144,4.8,-0.46036189794540405,0.7873768127051224
COHFACE_s36_session0_lamp,0,145,4.833333333333333,-0.6145059466362,0.680691189051356
COHFACE_s36_session0_lamp,0,146,4.866666666666666,-0.7565879821777344,0.5663595669729599
COHFACE_s36_session0_lamp,0,147,4.9,-0.9386482238769531,0.4540779066228756
COHFACE_s36_session0_lamp,0,148,4.933333333333334,-1.0443423986434937,0.3459075053593081
COHFACE_s36_session0_lamp,0,149,4.966666666666667,-0.9988374710083008,0.238261514339892
COHFACE_s36_session0_lamp,0,150,5.0,-0.941068708896637,0.12624380784156966
COHFACE_s36_session0_lamp,0,151,5.033333333333333,-0.8903193473815918,0.007502386955547703
COHFACE_s36_session0_lamp,0,152,5.066666666666666,-0.8570781350135803,-0.11579651452080618
COHFACE_s36_session0_lamp,0,153,5.1,-0.9081501960754395,-0.2365645166988477
COHFACE_s36_session0_lamp,0,154,5.133333333333334,-0.9891555309295654,-0.343981564418402
COHFACE_s36_session0_lamp,0,155,5.166666666666667,-1.03042471408844,-0.42665355004996386
COHFACE_s36_session0_lamp,0,156,5.2,-1.0875076055526733,-0.4766540559554728
COHFACE_s36_session0_lamp,0,157,5.233333333333333,-1.1533849239349365,-0.49210911973110294
COHFACE_s36_session0_lamp,0,158,5.266666666666667,-1.1802926063537598,-0.47704983014744784
COHFACE_s36_session0_lamp,0,159,5.3,-1.2099838256835938,-0.43861592224990964
COHFACE_s36_session0_lamp,0,160,5.333333333333333,-1.2726740837097168,-0.3834812435520084
COHFACE_s36_session0_lamp,0,161,5.366666666666666,-1.2855833768844604,-0.3166818455911324
COHFACE_s36_session0_lamp,0,162,5.4,-1.043454885482788,-0.24326091382903614
COHFACE_s36_session0_lamp,0,163,5.433333333333334,-0.5297489166259766,-0.17029437425951063
COHFACE_s36_session0_lamp,0,164,5.466666666666667,-0.25183776021003723,-0.10757108379184573
COHFACE_s36_session0_lamp,0,165,5.5,-0.3087189793586731,-0.06636826063674606
COHFACE_s36_session0_lamp,0,166,5.533333333333333,-0.48242858052253723,-0.05636873856246992
COHFACE_s36_session0_lamp,0,167,5.566666666666666,-0.6292708516120911,-0.08141126271753776
COHFACE_s36_session0_lamp,0,168,5.6,-0.7609851956367493,-0.13530573772387974
COHFACE_s36_session0_lamp,0,169,5.633333333333334,-0.8516320586204529,-0.19930187314458842
COHFACE_s36_session0_lamp,0,170,5.666666666666667,-0.8541332483291626,-0.24375558929371066
COHFACE_s36_session0_lamp,0,171,5.7,-0.7839797139167786,-0.23679374467228567
COHFACE_s36_session0_lamp,0,172,5.733333333333333,-0.7310922741889954,-0.15747641956465816
COHFACE_s36_session0_lamp,0,173,5.766666666666667,-0.7694568634033203,-0.006049651433302376
COHFACE_s36_session0_lamp,0,174,5.8,-0.8012861609458923,0.19323005341668392
COHFACE_s36_session0_lamp,0,175,5.833333333333333,-0.8549400568008423,0.3973608479564702
COHFACE_s36_session0_lamp,0,176,5.866666666666666,-0.9308623671531677,0.557029346498089
COHFACE_s36_session0_lamp,0,177,5.9,-0.9820958375930786,0.6337553734877344
COHFACE_s36_session0_lamp,0,178,5.933333333333334,-1.0140864849090576,0.6151954308824082
COHFACE_s36_session0_lamp,0,179,5.966666666666667,-1.0359917879104614,0.519259589054834
COHFACE_s36_session0_lamp,0,180,6.0,-1.0663284063339233,0.3848253345146964
COHFACE_s36_session0_lamp,0,181,6.033333333333333,-1.0976332426071167,0.2544914082353606
COHFACE_s36_session0_lamp,0,182,6.066666666666666,-1.0982383489608765,0.15771786979165295
COHFACE_s36_session0_lamp,0,183,6.1,-0.8334785103797913,0.10371589383710413
COHFACE_s36_session0_lamp,0,184,6.133333333333334,-0.3567250967025757,0.08492436545653502
COHFACE_s36_session0_lamp,0,185,6.166666666666667,-0.11528247594833374,0.08346431416641148
COHFACE_s36_session0_lamp,0,186,6.2,-0.23634669184684753,0.07640321647490608
COHFACE_s36_session0_lamp,0,187,6.233333333333333,-0.44119977951049805,0.04015098328587594
COHFACE_s36_session0_lamp,0,188,6.266666666666667,-0.5885664820671082,-0.044826518891206285
COHFACE_s36_session0_lamp,0,189,6.3,-0.7573544979095459,-0.18754006587625696
COHFACE_s36_session0_lamp,0,190,6.333333333333333,-0.8505024909973145,-0.380096986831139
COHFACE_s36_session0_lamp,0,191,6.366666666666666,-0.8077811002731323,-0.5962428527290733
COHFACE_s36_session0_lamp,0,192,6.4,-0.7405321598052979,-0.7962213353533357
COHFACE_s36_session0_lamp,0,193,6.433333333333334,-0.693171501159668,-0.9355347923968568
COHFACE_s36_session0_lamp,0,194,6.466666666666667,-0.6989402770996094,-0.9748167251478381
COHFACE_s36_session0_lamp,0,195,6.5,-0.7177796959877014,-0.8881586052919024
COHFACE_s36_session0_lamp,0,196,6.533333333333333,-0.7518680691719055,-0.6687575655236265
COHFACE_s36_session0_lamp,0,197,6.566666666666666,-0.8224653005599976,-0.3322448643065478
COHFACE_s36_session0_lamp,0,198,6.6,-0.8993154764175415,0.08333508571729417
COHFACE_s36_session0_lamp,0,199,6.633333333333334,-0.9441750049591064,0.523145261447391
COHFACE_s36_session0_lamp,0,200,6.666666666666667,-0.9434891939163208,0.9261785773977508
COHFACE_s36_session0_lamp,0,201,6.7,-0.9842742681503296,1.2373742084156425
COHFACE_s36_session0_lamp,0,202,6.733333333333333,-1.0358707904815674,1.4176260303188506
COHFACE_s36_session0_lamp,0,203,6.766666666666667,-0.9826202392578125,1.4486037213528502
COHFACE_s36_session0_lamp,0,204,6.8,-0.6417766809463501,1.3322660531787356
COHFACE_s36_session0_lamp,0,205,6.833333333333333,-0.18144218623638153,1.08773130313735
COHFACE_s36_session0_lamp,0,206,6.866666666666666,0.005015258211642504,0.7469192415798749
COHFACE_s36_session0_lamp,0,207,6.9,-0.11931660026311874,0.3488296487980707
COHFACE_s36_session0_lamp,0,208,6.933333333333334,-0.3229997754096985,-0.06663869042761042
COHFACE_s36_session0_lamp,0,209,6.966666666666667,-0.4989685118198395,-0.4634110763883319
COHFACE_s36_session0_lamp,0,210,7.0,-0.6451653242111206,-0.8117501179024338
COHFACE_s36_session0_lamp,0,211,7.033333333333333,-0.6929294466972351,-1.0890170190287485
COHFACE_s36_session0_lamp,0,212,7.066666666666666,-0.637823224067688,-1.2797728496878333
COHFACE_s36_session0_lamp,0,213,7.1,-0.5557286739349365,-1.3765780599825146
COHFACE_s36_session0_lamp,0,214,7.133333333333334,-0.5285386443138123,-1.3806036062340832
COHFACE_s36_session0_lamp,0,215,7.166666666666667,-0.5459257364273071,-1.2991972601066881
COHFACE_s36_session0_lamp,0,216,7.2,-0.567225992679596,-1.1414079869815612
COHFACE_s36_session0_lamp,0,217,7.233333333333333,-0.6131343841552734,-0.9161284207497759
COHFACE_s36_session0_lamp,0,218,7.266666666666667,-0.661140501499176,-0.6338155522532319
COHFACE_s36_session0_lamp,0,219,7.3,-0.6958743333816528,-0.3088183005293857
COHFACE_s36_session0_lamp,0,220,7.333333333333333,-0.7270581722259521,0.03952781420775182
COHFACE_s36_session0_lamp,0,221,7.366666666666666,-0.7715142965316772,0.3872747178564343
COHFACE_s36_session0_lamp,0,222,7.4,-0.7995917797088623,0.7077991461960261
COHFACE_s36_session0_lamp,0,223,7.433333333333334,-0.8049975633621216,0.9752306640204892
COHFACE_s36_session0_lamp,0,224,7.466666666666667,-0.6820372939109802,1.1684030392226352
COHFACE_s36_session0_lamp,0,225,7.5,-0.23489440977573395,1.2736343581062919
COHFACE_s36_session0_lamp,0,226,7.533333333333333,0.12611982226371765,1.2856642757513
COHFACE_s36_session0_lamp,0,227,7.566666666666666,0.12902438640594482,1.2071969070329498
COHFACE_s36_session0_lamp,0,228,7.6,-0.03931982070207596,1.0477566239358496
COHFACE_s36_session0_lamp,0,229,7.633333333333334,-0.22468805313110352,0.8226169505934243
COHFACE_s36_session0_lamp,0,230,7.666666666666667,-0.37144967913627625,0.5522235161002162
COHFACE_s36_session0_lamp,0,231,7.7,-0.49691110849380493,0.2620960880943513
COHFACE_s36_session0_lamp,0,232,7.733333333333333,-0.5133299827575684,-0.01833313754678804
COHFACE_s36_session0_lamp,0,233,7.766666666666667,-0.43623778223991394,-0.2605216304620574
COHFACE_s36_session0_lamp,0,234,7.8,-0.37733951210975647,-0.4440022873872321
COHFACE_s36_session0_lamp,0,235,7.833333333333333,-0.3672138452529907,-0.5610552660465806
COHFACE_s36_session0_lamp,0,236,7.866666666666666,-0.37988099455833435,-0.616606393813966
COHFACE_s36_session0_lamp,0,237,7.9,-0.42453882098197937,-0.624253471662143
COHFACE_s36_session0_lamp,0,238,7.933333333333334,-0.5293858647346497,-0.6004557634346124
COHFACE_s36_session0_lamp,0,239,7.966666666666667,-0.5852181911468506,-0.5595859003970929
COHFACE_s36_session0_lamp,0,240,8.0,-0.5985711216926575,-0.5111638076971999
COHFACE_s36_session0_lamp,0,241,8.033333333333333,-0.6690877079963684,-0.45902290342761337
COHFACE_s36_session0_lamp,0,242,8.066666666666666,-0.738111674785614,-0.40237783625301476
COHFACE_s36_session0_lamp,0,243,8.1,-0.7710301876068115,-0.33902275897224515
COHFACE_s36_session0_lamp,0,244,8.133333333333333,-0.7384344339370728,-0.2693164855106646
COHFACE_s36_session0_lamp,0,245,8.166666666666666,-0.43357527256011963,-0.1983074517526531
COHFACE_s36_session0_lamp,0,246,8.2,0.007395394612103701,-0.13459725147850052
COHFACE_s36_session0_lamp,0,247,8.233333333333333,0.14278076589107513,-0.08613821913098366
COHFACE_s36_session0_lamp,0,248,8.266666666666667,0.02111143432557583,-0.05517221362554402
COHFACE_s36_session0_lamp,0,249,8.3,-0.08494582027196884,-0.03601520219080836
COHFACE_s36_session0_lamp,0,250,8.333333333333334,-0.23166710138320923,-0.016976199881209856
COHFACE_s36_session0_lamp,0,251,8.366666666666667,-0.413727343082428,0.015024773533164927
COHFACE_s36_session0_lamp,0,252,8.4,-0.445717990398407,0.06890596446399942
COHFACE_s36_session0_lamp,0,253,8.433333333333334,-0.3825031816959381,0.14468665602365577
COHFACE_s36_session0_lamp,0,254,8.466666666666667,-0.311099112033844,0.23199717765997985
COHFACE_s36_session0_lamp,0,255,8.5,-0.26696571707725525,0.31439265515121756
COHFACE_s36_session0_lamp,0,256,8.533333333333333,-0.2549036741256714,0.3774365515988105
COHFACE_s36_session0_lamp,0,257,8.566666666666666,-0.29536598920822144,0.41438214536072693
COHFACE_s36_session0_lamp,0,258,8.6,-0.3664473593235016,0.42689627336807323
COHFACE_s36_session0_lamp,0,259,8.633333333333333,-0.4237319827079773,0.4224426340833924
COHFACE_s36_session0_lamp,0,260,8.666666666666666,-0.45172885060310364,0.41007331682267006
COHFACE_s36_session0_lamp,0,261,8.7,-0.49957361817359924,0.39606584872629935
COHFACE_s36_session0_lamp,0,262,8.733333333333333,-0.5508474111557007,0.38058652952900596
COHFACE_s36_session0_lamp,0,263,8.766666666666667,-0.5806192755699158,0.3561439841536279
COHFACE_s36_session0_lamp,0,264,8.8,-0.5598435401916504,0.30910531521586204
COHFACE_s36_session0_lamp,0,265,8.833333333333334,-0.2675708532333374,0.22571642743483972
COHFACE_s36_session0_lamp,0,266,8.866666666666667,0.22410881519317627,0.10028433706119273
COHFACE_s36_session0_lamp,0,267,8.9,0.46486565470695496,-0.06013725801452899
COHFACE_s36_session0_lamp,0,268,8.933333333333334,0.36909541487693787,-0.2369760474808135
COHFACE_s36_session0_lamp,0,269,8.966666666666667,0.22544007003307343,-0.4059006908109291
COHFACE_s36_session0_lamp,0,270,9.0,0.10457756370306015,-0.5440307283597655
COHFACE_s36_session0_lamp,0,271,9.033333333333333,-0.040207330137491226,-0.6345527823473441
COHFACE_s36_session0_lamp,0,272,9.066666666666666,-0.09010950475931168,-0.667981396075588
COHFACE_s36_session0_lamp,0,273,9.1,-0.043313611298799515,-0.6426116472195589
COHFACE_s36_session0_lamp,0,274,9.133333333333333,0.0022720503620803356,-0.5643068103358514
COHFACE_s36_session0_lamp,0,275,9.166666666666666,0.028534231707453728,-0.44330195215903656
COHFACE_s36_session0_lamp,0,276,9.2,0.010057919658720493,-0.2898695172509511
COHFACE_s36_session0_lamp,0,277,9.233333333333333,-0.05537565425038338,-0.1144104128370652
COHFACE_s36_session0_lamp,0,278,9.266666666666667,-0.09777435660362244,0.06851891666763772
COHFACE_s36_session0_lamp,0,279,9.3,-0.15017768740653992,0.238642726430117
COHFACE_s36_session0_lamp,0,280,9.333333333333334,-0.19636847078800201,0.37351164545269516
COHFACE_s36_session0_lamp,0,281,9.366666666666667,-0.2532900273799896,0.45527050209652903
COHFACE_s36_session0_lamp,0,282,9.4,-0.30859795212745667,0.477055863538863
COHFACE_s36_session0_lamp,0,283,9.433333333333334,-0.38673901557922363,0.4445834969931325
COHFACE_s36_session0_lamp,0,284,9.466666666666667,-0.3924674987792969,0.37228405774595147
COHFACE_s36_session0_lamp,0,285,9.5,-0.0727224126458168,0.2772780452068371
COHFACE_s36_session0_lamp,0,286,9.533333333333333,0.34517303109169006,0.17438261547463657
COHFACE_s36_session0_lamp,0,287,9.566666666666666,0.5186405777931213,0.0744896034164835
COHFACE_s36_session0_lamp,0,288,9.6,0.4684963524341583,-0.014324236313306286
COHFACE_s36_session0_lamp,0,289,9.633333333333333,0.3321831226348877,-0.08628721190527813
COHFACE_s36_session0_lamp,0,290,9.666666666666666,0.19675742089748383,-0.1386189863949423
COHFACE_s36_session0_lamp,0,291,9.7,0.09961558878421783,-0.17111457056671953
COHFACE_s36_session0_lamp,0,292,9.733333333333333,0.05104467272758484,-0.184782138529524
COHFACE_s36_session0_lamp,0,293,9.766666666666667,0.07533013075590134,-0.182120291389029
COHFACE_s36_session0_lamp,0,294,9.8,0.1335022747516632,-0.16831544795179726
COHFACE_s36_session0_lamp,0,295,9.833333333333334,0.17880554497241974,-0.14955893932877637
COHFACE_s36_session0_lamp,0,296,9.866666666666667,0.20494669675827026,-0.129246387957825
COHFACE_s36_session0_lamp,0,297,9.9,0.1682361215353012,-0.10721507930460837
COHFACE_s36_session0_lamp,0,298,9.933333333333334,0.10623156279325485,-0.08254039873164841
COHFACE_s36_session0_lamp,0,299,9.966666666666667,0.06088794767856598,-0.05563967211739279
COHFACE_s36_session0_lamp,1,0,10.0,-0.006159279495477676,-0.07665110982915953
COHFACE_s36_session0_lamp,1,1,10.033333333333333,-0.11153073608875275,0.23646824274173778
COHFACE_s36_session0_lamp,1,2,10.066666666666666,-0.186283141374588,0.5172136028727294
COHFACE_s36_session0_lamp,1,3,10.1,-0.2203715443611145,0.735679052605542
COHFACE_s36_session0_lamp,1,4,10.133333333333333,-0.0983794704079628,0.8734478279233199
COHFACE_s36_session0_lamp,1,5,10.166666666666666,0.307897686958313,0.9269221967801328
COHFACE_s36_session0_lamp,1,6,10.2,0.6811352968215942,0.9060322388505393
COHFACE_s36_session0_lamp,1,7,10.233333333333333,0.7743237018585205,0.8292042866289012
COHFACE_s36_session0_lamp,1,8,10.266666666666667,0.7045332789421082,0.7167823250634532
COHFACE_s36_session0_lamp,1,9,10.3,0.6099732518196106,0.5859394136705097
COHFACE_s36_session0_lamp,1,10,10.333333333333334,0.46704408526420593,0.44858352480135566
COHFACE_s36_session0_lamp,1,11,10.366666666666667,0.3582436144351959,0.31198063161843836
COHFACE_s36_session0_lamp,1,12,10.4,0.3694988191127777,0.18091295144800973
COHFACE_s36_session0_lamp,1,13,10.433333333333334,0.3991093337535858,0.059628651281705074
COHFACE_s36_session0_lamp,1,14,10.466666666666667,0.4440898895263672,-0.04732376841722319
COHFACE_s36_session0_lamp,1,15,10.5,0.4918539822101593,-0.13525937398244567
COHFACE_s36_session0_lamp,1,16,10.533333333333333,0.4588547945022583,-0.20023333197950005
COHFACE_s36_session0_lamp,1,17,10.566666666666666,0.36788517236709595,-0.24026759355039679
COHFACE_s36_session0_lamp,1,18,10.6,0.315401166677475,-0.256308324846586
COHFACE_s36_session0_lamp,1,19,10.633333333333333,0.24133454263210297,-0.2521795252125623
COHFACE_s36_session0_lamp,1,20,10.666666666666666,0.1594417244195938,-0.2336181252402298
COHFACE_s36_session0_lamp,1,21,10.7,0.07771026343107224,-0.2072655304236561
COHFACE_s36_session0_lamp,1,22,10.733333333333333,0.048906583338975906,-0.18008163253853124
COHFACE_s36_session0_lamp,1,23,10.766666666666667,0.11292821168899536,-0.1591276931379863
COHFACE_s36_session0_lamp,1,24,10.8,0.43194714188575745,-0.15131718421800636
COHFACE_s36_session0_lamp,1,25,10.833333333333334,0.8771132826805115,-0.16252097747792954
COHFACE_s36_session0_lamp,1,26,10.866666666666667,1.1056467294692993,-0.1962166058768564
COHFACE_s36_session0_lamp,1,27,10.9,1.1052029132843018,-0.2526491187091564
COHFACE_s36_session0_lamp,1,28,10.933333333333334,1.0388416051864624,-0.32861348907525567
COHFACE_s36_session0_lamp,1,29,10.966666666666667,0.9513009190559387,-0.4171154309643648
COHFACE_s36_session0_lamp,1,30,11.0,0.809541642665863,-0.5068921053233464
COHFACE_s36_session0_lamp,1,31,11.033333333333333,0.7493524551391602,-0.5825299659747786
COHFACE_s36_session0_lamp,1,32,11.066666666666666,0.7677480578422546,-0.6258834409814429
COHFACE_s36_session0_lamp,1,33,11.1,0.7547178268432617,-0.6192399091025991
COHFACE_s36_session0_lamp,1,34,11.133333333333333,0.7421717047691345,-0.5496710903614855
COHFACE_s36_session0_lamp,1,35,11.166666666666666,0.6413184404373169,-0.4130439254365552
COHFACE_s36_session0_lamp,1,36,11.2,0.4922170341014862,-0.2168567654486204
COHFACE_s36_session0_lamp,1,37,11.233333333333333,0.4166174530982971,0.018167615957462704
COHFACE_s36_session0_lamp,1,38,11.266666666666667,0.3690550625324249,0.25938105077469376
COHFACE_s36_session0_lamp,1,39,11.3,0.28962308168411255,0.4691762516131393
COHFACE_s36_session0_lamp,1,40,11.333333333333334,0.17013216018676758,0.6159974073632657
COHFACE_s36_session0_lamp,1,41,11.366666666666667,0.04967306926846504,0.6835713223212108
COHFACE_s36_session0_lamp,1,42,11.4,0.05665211006999016,0.6744770064785269
COHFACE_s36_session0_lamp,1,43,11.433333333333334,0.36191466450691223,0.6069409073996174
COHFACE_s36_session0_lamp,1,44,11.466666666666667,0.8486323356628418,0.5067388014159727
COHFACE_s36_session0_lamp,1,45,11.5,1.1835054159164429,0.3986231719045751
COHFACE_s36_session0_lamp,1,46,11.533333333333333,1.2919024229049683,0.30048080149741085
COHFACE_s36_session0_lamp,1,47,11.566666666666666,1.2555549144744873,0.22158060955904996
COHFACE_s36_session0_lamp,1,48,11.6,1.1964550018310547,0.16426748455668577
COHFACE_s36_session0_lamp,1,49,11.633333333333333,1.1169825792312622,0.12674173139207945
COHFACE_s36_session0_lamp,1,50,11.666666666666666,1.0080207586288452,0.10517588307914148
COHFACE_s36_session0_lamp,1,51,11.7,0.984663188457489,0.09445855246643148
COHFACE_s36_session0_lamp,1,52,11.733333333333333,1.0008803606033325,0.0881535954157391
COHFACE_s36_session0_lamp,1,53,11.766666666666667,1.0093923807144165,0.07932766379351859
COHFACE_s36_session0_lamp,1,54,11.8,0.9950712323188782,0.06240896312774499
COHFACE_s36_session0_lamp,1,55,11.833333333333334,0.9134204983711243,0.03466003851264199
COHFACE_s36_session0_lamp,1,56,11.866666666666667,0.8021591901779175,-0.0034538092075429884
COHFACE_s36_session0_lamp,1,57,11.9,0.6991678476333618,-0.04885126145596048
COHFACE_s36_session0_lamp,1,58,11.933333333333334,0.5967009663581848,-0.09702606626610678
COHFACE_s36_session0_lamp,1,59,11.966666666666667,0.4805583953857422,-0.14337385728119786
COHFACE_s36_session0_lamp,1,60,12.0,0.37385568022727966,-0.1839788257694683
COHFACE_s36_session0_lamp,1,61,12.033333333333333,0.38273078203201294,-0.2151352955686405
COHFACE_s36_session0_lamp,1,62,12.066666666666666,0.642972469329834,-0.23224045253736247
COHFACE_s36_session0_lamp,1,63,12.1,1.1737024784088135,-0.22987493978982312
COHFACE_s36_session0_lamp,1,64,12.133333333333333,1.6213698387145996,-0.20345803528377124
COHFACE_s36_session0_lamp,1,65,12.166666666666666,1.7989118099212646,-0.15130695329183425
COHFACE_s36_session0_lamp,1,66,12.2,1.830014944076538,-0.07607121558596641
COHFACE_s36_session0_lamp,1,67,12.233333333333333,1.8271104097366333,0.015108841373333461
COHFACE_s36_session0_lamp,1,68,12.266666666666667,1.7417885065078735,0.11171559516193648
COHFACE_s36_session0_lamp,1,69,12.3,1.6004326343536377,0.20159542524181312
COHFACE_s36_session0_lamp,1,70,12.333333333333334,1.4806190729141235,0.2727383961855273
COHFACE_s36_session0_lamp,1,71,12.366666666666667,1.4641194343566895,0.3146773596059648
COHFACE_s36_session0_lamp,1,72,12.4,1.4553250074386597,0.3193589137338734
COHFACE_s36_session0_lamp,1,73,12.433333333333334,1.3911420106887817,0.2815994354666193
COHFACE_s36_session0_lamp,1,74,12.466666666666667,1.2871018648147583,0.199584589610975
COHFACE_s36_session0_lamp,1,75,12.5,1.1647467613220215,0.07604922909332194
COHFACE_s36_session0_lamp,1,76,12.533333333333333,1.0259727239608765,-0.08036093631253487
COHFACE_s36_session0_lamp,1,77,12.566666666666666,0.9022055864334106,-0.2550754515926599
COHFACE_s36_session0_lamp,1,78,12.6,0.7339017391204834,-0.42928662320021616
COHFACE_s36_session0_lamp,1,79,12.633333333333333,0.5666870474815369,-0.5824106134971672
COHFACE_s36_session0_lamp,1,80,12.666666666666666,0.48822325468063354,-0.6946827216741175
COHFACE_s36_session0_lamp,1,81,12.7,0.6143301129341125,-0.7496400911716697
COHFACE_s36_session0_lamp,1,82,12.733333333333333,1.0778515338897705,-0.7363916136783941
COHFACE_s36_session0_lamp,1,83,12.766666666666667,1.6384341716766357,-0.6516443957083508
COHFACE_s36_session0_lamp,1,84,12.8,1.9665298461914062,-0.501371702228249
COHFACE_s36_session0_lamp,1,85,12.833333333333334,2.0510449409484863,-0.3018627917413809
COHFACE_s36_session0_lamp,1,86,12.866666666666667,2.0989301204681396,-0.07910903442772176
COHFACE_s36_session0_lamp,1,87,12.9,2.073514938354492,0.13502260042779404
COHFACE_s36_session0_lamp,1,88,12.933333333333334,1.875197172164917,0.3096095689257526
COHFACE_s36_session0_lamp,1,89,12.966666666666667,1.6820027828216553,0.4223951314059608
COHFACE_s36_session0_lamp,1,90,13.0,1.614350438117981,0.46560428640048357
COHFACE_s36_session0_lamp,1,91,13.033333333333333,1.5887740850448608,0.44688396470552927
COHFACE_s36_session0_lamp,1,92,13.066666666666666,1.5283831357955933,0.3851103733380554
COHFACE_s36_session0_lamp,1,93,13.1,1.4306361675262451,0.30356293179244476
COHFACE_s36_session0_lamp,1,94,13.133333333333333,1.3084827661514282,0.22328018766710442
COHFACE_s36_session0_lamp,1,95,13.166666666666666,1.1931873559951782,0.15913952519180116
COHFACE_s36_session0_lamp,1,96,13.2,1.0693799257278442,0.11910068040993364
COHFACE_s36_session0_lamp,1,97,13.233333333333333,0.909709095954895,0.10499256610768246
COHFACE_s36_session0_lamp,1,98,13.266666666666667,0.7479404807090759,0.11378533645905199
COHFACE_s36_session0_lamp,1,99,13.3,0.5788701176643372,0.13914927951370526
COHFACE_s36_session0_lamp,1,100,13.333333333333334,0.5263457894325256,0.17302375094696643
COHFACE_s36_session0_lamp,1,101,13.366666666666667,0.7963097095489502,0.2068492795772383
COHFACE_s36_session0_lamp,1,102,13.4,1.4081257581710815,0.23257769571215373
COHFACE_s36_session0_lamp,1,103,13.433333333333334,1.955557107925415,0.24394121529065288
COHFACE_s36_session0_lamp,1,104,13.466666666666667,2.152987241744995,0.2377489624064411
COHFACE_s36_session0_lamp,1,105,13.5,2.181347370147705,0.21428627744447454
COHFACE_s36_session0_lamp,1,106,13.533333333333333,2.194216251373291,0.1765568693350773
COHFACE_s36_session0_lamp,1,107,13.566666666666666,2.090458393096924,0.12884362427533574
COHFACE_s36_session0_lamp,1,108,13.6,1.900208830833435,0.07542184233380025
COHFACE_s36_session0_lamp,1,109,13.633333333333333,1.7548590898513794,0.020413909366570965
COHFACE_s36_session0_lamp,1,110,13.666666666666666,1.6728452444076538,-0.031540899901877195
COHFACE_s36_session0_lamp,1,111,13.7,1.609993577003479,-0.07533105578323256
COHFACE_s36_session0_lamp,1,112,13.733333333333333,1.5446406602859497,-0.10646201138757078
COHFACE_s36_session0_lamp,1,113,13.766666666666667,1.420107126235962,-0.12221394846594852
COHFACE_s36_session0_lamp,1,114,13.8,1.2515208721160889,-0.1223719316344763
COHFACE_s36_session0_lamp,1,115,13.833333333333334,1.099595546722412,-0.10961968801633619
COHFACE_s36_session0_lamp,1,116,13.866666666666667,0.9457741975784302,-0.08935043268718973
COHFACE_s36_session0_lamp,1,117,13.9,0.7757759690284729,-0.06837029331311018
COHFACE_s36_session0_lamp,1,118,13.933333333333334,0.6326854228973389,-0.05280189032144328
COHFACE_s36_session0_lamp,1,119,13.966666666666667,0.4899982810020447,-0.046289145713840914
COHFACE_s36_session0_lamp,1,120,14.0,0.4234754741191864,-0.049305134327799864
COHFACE_s36_session0_lamp,1,121,14.033333333333333,0.7481825351715088,-0.05988779034347322
COHFACE_s36_session0_lamp,1,122,14.066666666666666,1.3947324752807617,-0.07535743404929375
COHFACE_s36_session0_lamp,1,123,14.1,1.8871382474899292,-0.09390593082232644
COHFACE_s36_session0_lamp,1,124,14.133333333333333,2.0655274391174316,-0.11523875449738724
COHFACE_s36_session0_lamp,1,125,14.166666666666666,2.08654522895813,-0.1399312114909555
COHFACE_s36_session0_lamp,1,126,14.2,2.0346662998199463,-0.16813035615003905
COHFACE_s36_session0_lamp,1,127,14.233333333333333,1.8773353099822998,-0.19902827981783278
COHFACE_s36_session0_lamp,1,128,14.266666666666667,1.7016489505767822,-0.23106466324436775
COHFACE_s36_session0_lamp,1,129,14.3,1.5730812549591064,-0.26139297871978084
COHFACE_s36_session0_lamp,1,130,14.333333333333334,1.4693235158920288,-0.28474962388477953
COHFACE_s36_session0_lamp,1,131,14.366666666666667,1.41554856300354,-0.29345685587681025
COHFACE_s36_session0_lamp,1,132,14.4,1.2996883392333984,-0.27936226197271874
COHFACE_s36_session0_lamp,1,133,14.433333333333334,1.1188383102416992,-0.2373271274166989
COHFACE_s36_session0_lamp,1,134,14.466666666666667,0.9584816694259644,-0.1691082853568706
COHFACE_s36_session0_lamp,1,135,14.5,0.7683935165405273,-0.08591200645786068
COHFACE_s36_session0_lamp,1,136,14.533333333333333,0.5806451439857483,-0.00751776791686167
COHFACE_s36_session0_lamp,1,137,14.566666666666666,0.40044060349464417,0.04395194611752355
COHFACE_s36_session0_lamp,1,138,14.6,0.23588846623897552,0.05376850584113717
COHFACE_s36_session0_lamp,1,139,14.633333333333333,0.04753497987985611,0.02251771305077556
COHFACE_s36_session0_lamp,1,140,14.666666666666666,-0.004142215009778738,-0.03219334014069986
COHFACE_s36_session0_lamp,1,141,14.7,0.3694988191127777,-0.08266473187300091
COHFACE_s36_session0_lamp,1,142,14.733333333333333,0.984663188457489,-0.10343321471416787
COHFACE_s36_session0_lamp,1,143,14.766666666666667,1.3902949094772339,-0.08083477348622266
COHFACE_s36_session0_lamp,1,144,14.8,1.4990146160125732,-0.015863316830528256
COHFACE_s36_session0_lamp,1,145,14.833333333333334,1.457019329071045,0.07856025231638107
COHFACE_s36_session0_lamp,1,146,14.866666666666667,1.3719395399093628,0.1836275769678659
COHFACE_s36_session0_lamp,1,147,14.9,1.2486162185668945,0.281155577649471
COHFACE_s36_session0_lamp,1,148,14.933333333333334,1.0771657228469849,0.35830275243569215
COHFACE_s36_session0_lamp,1,149,14.966666666666667,0.9472264647483826,0.40920451041748085
COHFACE_s36_session0_lamp,1,150,15.0,0.893048107624054,0.4338126564783227
COHFACE_s36_session0_lamp,1,151,15.033333333333333,0.8325765132904053,0.43562367385209183
COHFACE_s36_session0_lamp,1,152,15.066666666666666,0.7628264427185059,0.4196244801873346
COHFACE_s36_session0_lamp,1,153,15.1,0.630426287651062,0.39111079193707415
COHFACE_s36_session0_lamp,1,154,15.133333333333333,0.43820005655288696,0.35522645833248456
COHFACE_s36_session0_lamp,1,155,15.166666666666666,0.27945706248283386,0.316376123281344
COHFACE_s36_session0_lamp,1,156,15.2,0.11062876135110855,0.27746953093441085
COHFACE_s36_session0_lamp,1,157,15.233333333333333,-0.07764405012130737,0.23980073602646382
COHFACE_s36_session0_lamp,1,158,15.266666666666667,-0.23707284033298492,0.20368762695927195
COHFACE_s36_session0_lamp,1,159,15.3,-0.30702462792396545,0.16927921413521443
COHFACE_s36_session0_lamp,1,160,15.333333333333334,-0.3008524179458618,0.13697162860909828
COHFACE_s36_session0_lamp,1,161,15.366666666666667,0.026073412969708443,0.10704985284371041
COHFACE_s36_session0_lamp,1,162,15.4,0.655962347984314,0.07874597870022437
COHFACE_s36_session0_lamp,1,163,15.433333333333334,1.1122627258300781,0.04943590697964047
COHFACE_s36_session0_lamp,1,164,15.466666666666667,1.2249763011932373,0.014520039066891912
COHFACE_s36_session0_lamp,1,165,15.5,1.1822952032089233,-0.031776932717200446
COHFACE_s36_session0_lamp,1,166,15.533333333333333,1.0964488983154297,-0.09485626863862233
COHFACE_s36_session0_lamp,1,167,15.566666666666666,0.8985345363616943,-0.17799748185712677
COHFACE_s36_session0_lamp,1,168,15.6,0.6990468502044678,-0.2808877068357673
COHFACE_s36_session0_lamp,1,169,15.633333333333333,0.5825411677360535,-0.39875499400993936
COHFACE_s36_session0_lamp,1,170,15.666666666666666,0.5126297473907471,-0.5223527131466197
COHFACE_s36_session0_lamp,1,171,15.7,0.48834428191185,-0.6389272862143336
COHFACE_s36_session0_lamp,1,172,15.733333333333333,0.4256539046764374,-0.7339274727142873
COHFACE_s36_session0_lamp,1,173,15.766666666666667,0.27397066354751587,-0.7928790278808041
COHFACE_s36_session0_lamp,1,174,15.8,0.11317025870084763,-0.8030952558908125
COHFACE_s36_session0_lamp,1,175,15.833333333333334,0.010784062556922436,-0.755167864470129
COHFACE_s36_session0_lamp,1,176,15.866666666666667,-0.10217155516147614,-0.6446627959057647
COHFACE_s36_session0_lamp,1,177,15.9,-0.22545453906059265,-0.4747185561730538
COHFACE_s36_session0_lamp,1,178,15.933333333333334,-0.3486568331718445,-0.25841625343369423
COHFACE_s36_session0_lamp,1,179,15.966666666666667,-0.520470380783081,-0.018203078933880262
COHFACE_s36_session0_lamp,1,180,16.0,-0.6227759122848511,0.21773578406830724
COHFACE_s36_session0_lamp,1,181,16.033333333333335,-0.5166783332824707,0.41960004327492767
COHFACE_s36_session0_lamp,1,182,16.066666666666666,-0.06041831895709038,0.5602505634268669
COHFACE_s36_session0_lamp,1,183,16.1,0.44925355911254883,0.6214348248796011
COHFACE_s36_session0_lamp,1,184,16.133333333333333,0.6562447547912598,0.5999881924179425
COHFACE_s36_session0_lamp,1,185,16.166666666666668,0.5977498888969421,0.5086180765349275
COHFACE_s36_session0_lamp,1,186,16.2,0.4974210560321808,0.3708788273082264
COHFACE_s36_session0_lamp,1,187,16.233333333333334,0.41161513328552246,0.2150365131862635
COHFACE_s36_session0_lamp,1,188,16.266666666666666,0.22548042237758636,0.06909727760219662
COHFACE_s36_session0_lamp,1,189,16.3,0.0620981864631176,-0.04360655629837625
COHFACE_s36_session0_lamp,1,190,16.333333333333332,0.02954276278614998,-0.1082476082370333
COHFACE_s36_session0_lamp,1,191,16.366666666666667,0.04301675409078598,-0.12089648461622872
COHFACE_s36_session0_lamp,1,192,16.4,-0.004706993233412504,-0.08844778079451515
COHFACE_s36_session0_lamp,1,193,16.433333333333334,-0.08236397802829742,-0.025110891455337472
COHFACE_s36_session0_lamp,1,194,16.466666666666665,-0.16522499918937683,0.052998363663434224
COHFACE_s36_session0_lamp,1,195,16.5,-0.29903706908226013,0.13145300161443685
COHFACE_s36_session0_lamp,1,196,16.533333333333335,-0.449873149394989,0.19837761129591583
COHFACE_s36_session0_lamp,1,197,16.566666666666666,-0.5295068621635437,0.24458266912337642
COHFACE_s36_session0_lamp,1,198,16.6,-0.6218077540397644,0.2641318070645368
COHFACE_s36_session0_lamp,1,199,16.633333333333333,-0.7523118257522583,0.25528147966213743
COHFACE_s36_session0_lamp,1,200,16.666666666666668,-0.8640168309211731,0.22116333386853052
COHFACE_s36_session0_lamp,1,201,16.7,-0.9436101913452148,0.16917928331136264
COHFACE_s36_session0_lamp,1,202,16.733333333333334,-0.7851899862289429,0.1090460967414955
COHFACE_s36_session0_lamp,1,203,16.766666666666666,-0.28144824504852295,0.050444075922500976
COHFACE_s36_session0_lamp,1,204,16.8,0.17828111350536346,0.000979376884318782
COHFACE_s36_session0_lamp,1,205,16.833333333333332,0.3018464744091034,-0.03519533561270441
COHFACE_s36_session0_lamp,1,206,16.866666666666667,0.19986370205879211,-0.057730611714630786
COHFACE_s36_session0_lamp,1,207,16.9,0.0813409835100174,-0.06906045834470445
COHFACE_s36_session0_lamp,1,208,16.933333333333334,-0.05380234494805336,-0.07257077179844697
COHFACE_s36_session0_lamp,1,209,16.966666666666665,-0.2532497048377991,-0.07128188788989173
COHFACE_s36_session0_lamp,1,210,17.0,-0.3698360323905945,-0.06749810211721069
COHFACE_s36_session0_lamp,1,211,17.033333333333335,-0.3806878328323364,-0.0629207751129726
COHFACE_s36_session0_lamp,1,212,17.066666666666666,-0.3834310472011566,-0.05876128541892907
COHFACE_s36_session0_lamp,1,213,17.1,-0.43809348344802856,-0.05557527908598793
COHFACE_s36_session0_lamp,1,214,17.133333333333333,-0.5131686329841614,-0.05305033683208027
COHFACE_s36_session0_lamp,1,215,17.166666666666668,-0.5995796918869019,-0.05041843934394864
COHFACE_s36_session0_lamp,1,216,17.2,-0.7430736422538757,-0.04731120531097367
COHFACE_s36_session0_lamp,1,217,17.233333333333334,-0.8540928959846497,-0.044060469553608775
COHFACE_s36_session0_lamp,1,218,17.266666666666666,-0.9231975078582764,-0.04115313539922041
COHFACE_s36_session0_lamp,1,219,17.3,-0.9862106442451477,-0.03833740418169683
COHFACE_s36_session0_lamp,1,220,17.333333333333332,-1.0469646453857422,-0.03402019028401343
COHFACE_s36_session0_lamp,1,221,17.366666666666667,-1.1128419637680054,-0.02557349591379022
COHFACE_s36_session0_lamp,1,222,17.4,-1.1877154111862183,-0.010374665252847182
COHFACE_s36_session0_lamp,1,223,17.433333333333334,-1.1325688362121582,0.01334256900326178
COHFACE_s36_session0_lamp,1,224,17.466666666666665,-0.707976758480072,0.04597873728004833
COHFACE_s36_session0_lamp,1,225,17.5,-0.1640954315662384,0.08577566409841438
COHFACE_s36_session0_lamp,1,226,17.533333333333335,0.03991047665476799,0.1279385194161185
COHFACE_s36_session0_lamp,1,227,17.566666666666666,-0.044725555926561356,0.16467343543978596
COHFACE_s36_session0_lamp,1,228,17.6,-0.1761978268623352,0.18630154975656538
COHFACE_s36_session0_lamp,1,229,17.633333333333333,-0.3278810679912567,0.1827227432381868
COHFACE_s36_session0_lamp,1,230,17.666666666666668,-0.5104254484176636,0.14510969864905113
COHFACE_s36_session0_lamp,1,231,17.7,-0.6235020756721497,0.06829341403084503
COHFACE_s36_session0_lamp,1,232,17.733333333333334,-0.6387107372283936,-0.046935733815034346
COHFACE_s36_session0_lamp,1,233,17.766666666666666,-0.5872755646705627,-0.19348341355540677
COHFACE_s36_session0_lamp,1,234,17.8,-0.5474990606307983,-0.35931639248386693
COHFACE_s36_session0_lamp,1,235,17.833333333333332,-0.5890909433364868,-0.5282740639930817
COHFACE_s36_session0_lamp,1,236,17.866666666666667,-0.7020869255065918,-0.6800841485134375
COHFACE_s36_session0_lamp,1,237,17.9,-0.7941457629203796,-0.791415170540313
COHFACE_s36_session0_lamp,1,238,17.933333333333334,-0.8731339573860168,-0.8389551555957214
COHFACE_s36_session0_lamp,1,239,17.966666666666665,-0.9676939845085144,-0.8043018467773865
COHFACE_s36_session0_lamp,1,240,18.0,-1.0227597951889038,-0.6796839709377646
COHFACE_s36_session0_lamp,1,241,18.033333333333335,-1.0552749633789062,-0.47285527660074067
COHFACE_s36_session0_lamp,1,242,18.066666666666666,-1.1097760200500488,-0.20863025880271374
COHFACE_s36_session0_lamp,1,243,18.1,-1.152497410774231,0.0757563984461446
COHFACE_s36_session0_lamp,1,244,18.133333333333333,-1.1393461227416992,0.3402176447675721
COHFACE_s36_session0_lamp,1,245,18.166666666666668,-0.9916970133781433,0.5511861356385951
COHFACE_s36_session0_lamp,1,246,18.2,-0.516153872013092,0.6876480302809959
COHFACE_s36_session0_lamp,1,247,18.233333333333334,-0.004868358373641968,0.7432603366145555
COHFACE_s36_session0_lamp,1,248,18.266666666666666,0.1183742880821228,0.7250348445943936
COHFACE_s36_session0_lamp,1,249,18.3,0.0006180573836900294,0.6498799214791181
COHFACE_s36_session0_lamp,1,250,18.333333333333332,-0.11649271100759506,0.5400645695422531
COHFACE_s36_session0_lamp,1,251,18.366666666666667,-0.23973536491394043,0.41826919761717885
COHFACE_s36_session0_lamp,1,252,18.4,-0.3812122642993927,0.30342225453496013
COHFACE_s36_session0_lamp,1,253,18.433333333333334,-0.3806878328323364,0.20889856337815652
COHFACE_s36_session0_lamp,1,254,18.466666666666665,-0.29476088285446167,0.1428732387043498
COHFACE_s36_session0_lamp,1,255,18.5,-0.2675708532333374,0.10898377536077558
COHFACE_s36_session0_lamp,1,256,18.533333333333335,-0.3040393888950348,0.10645694196658662
COHFACE_s36_session0_lamp,1,257,18.566666666666666,-0.3393380045890808,0.13009388243239833
COHFACE_s36_session0_lamp,1,258,18.6,-0.43155819177627563,0.17048516731647806
COHFACE_s36_session0_lamp,1,259,18.633333333333333,-0.6162809729576111,0.21468388482391237
COHFACE_s36_session0_lamp,1,260,18.666666666666668,-0.744606614112854,0.24781152604650836
COHFACE_s36_session0_lamp,1,261,18.7,-0.8069742918014526,0.25613678777848176
COHFACE_s36_session0_lamp,1,262,18.733333333333334,-0.8636941313743591,0.2306454821748773
COHFACE_s36_session0_lamp,1,263,18.766666666666666,-0.885438084602356,0.16877859441867954
COHFACE_s36_session0_lamp,1,264,18.8,-0.9288452863693237,0.07398812453386786
COHFACE_s36_session0_lamp,1,265,18.833333333333332,-0.9787878394126892,-0.04523205620876698
COHFACE_s36_session0_lamp,1,266,18.866666666666667,-0.9261021018028259,-0.1761295391224605
COHFACE_s36_session0_lamp,1,267,18.9,-0.5576651096343994,-0.3027148285689379
COHFACE_s36_session0_lamp,1,268,18.933333333333334,-0.08587367087602615,-0.4074721677003041
COHFACE_s36_session0_lamp,1,269,18.966666666666665,0.0890461727976799,-0.4740472777496625
COHFACE_s36_session0_lamp,1,270,19.0,0.024096690118312836,-0.4906313856022693
COHFACE_s36_session0_lamp,1,271,19.033333333333335,-0.1445702463388443,-0.4531609744722355
COHFACE_s36_session0_lamp,1,272,19.066666666666666,-0.33066463470458984,-0.3673946450457938
COHFACE_s36_session0_lamp,1,273,19.1,-0.4817831218242645,-0.24902136556169424
COHFACE_s36_session0_lamp,1,274,19.133333333333333,-0.5863074064254761,-0.12124882891120836
COHFACE_s36_session0_lamp,1,275,19.166666666666668,-0.6015967726707458,-0.009784527241899897
COHFACE_s36_session0_lamp,1,276,19.2,-0.5477411150932312,0.06331006524131844
COHFACE_s36_session0_lamp,1,277,19.233333333333334,-0.5229312181472778,0.08409345145804326
COHFACE_s36_session0_lamp,1,278,19.266666666666666,-0.5575440526008606,0.04843935193289789
COHFACE_s36_session0_lamp,1,279,19.3,-0.6254384517669678,-0.038308825392865044
COHFACE_s36_session0_lamp,1,280,19.333333333333332,-0.7004328966140747,-0.16279836853588953
COHFACE_s36_session0_lamp,1,281,19.366666666666667,-0.8061674237251282,-0.3054139666849239
COHFACE_s36_session0_lamp,1,282,19.4,-0.8851556777954102,-0.44218346120429386
COHFACE_s36_session0_lamp,1,283,19.433333333333334,-0.9274333715438843,-0.5473814945550299
COHFACE_s36_session0_lamp,1,284,19.466666666666665,-0.9903658032417297,-0.5970779356140051
COHFACE_s36_session0_lamp,1,285,19.5,-1.0729846954345703,-0.5733939546847914
COHFACE_s36_session0_lamp,1,286,19.533333333333335,-1.0962213277816772,-0.46860436774631226
COHFACE_s36_session0_lamp,1,287,19.566666666666666,-0.9910112619400024,-0.28768772001902543
COHFACE_s36_session0_lamp,1,288,19.6,-0.5678310990333557,-0.04872216182598092
COHFACE_s36_session0_lamp,1,289,19.633333333333333,-0.13162069022655487,0.21860777802562303
COHFACE_s36_session0_lamp,1,290,19.666666666666668,-0.03500330448150635,0.4771045012338889
COHFACE_s36_session0_lamp,1,291,19.7,-0.11859045922756195,0.6901395082164317
COHFACE_s36_session0_lamp,1,292,19.733333333333334,-0.22767330706119537,0.8314132185551598
COHFACE_s36_session0_lamp,1,293,19.766666666666666,-0.3904504179954529,0.8907542554927588
COHFACE_s36_session0_lamp,1,294,19.8,-0.5494354367256165,0.8737229648798829
COHFACE_s36_session0_lamp,1,295,19.833333333333332,-0.6415346264839172,0.7966485011146661
COHFACE_s36_session0_lamp,1,296,19.866666666666667,-0.678446888923645,0.6796978360887482
COHFACE_s36_session0_lamp,1,297,19.9,-0.6190241575241089,0.540943258213235
COHFACE_s36_session0_lamp,1,298,19.933333333333334,-0.5599645376205444,0.3931442872394628
COHFACE_s36_session0_lamp,1,299,19.966666666666665,-0.5982484221458435,0.2434394277611499
COHFACE_s36_session0_lamp,2,0,20.0,-0.6790520548820496,-0.005691862494184232
COHFACE_s36_session0_lamp,2,1,20.033333333333335,-0.7461799383163452,-0.03557767615717932
COHFACE_s36_session0_lamp,2,2,20.066666666666666,-0.8285971879959106,-0.08534707975937735
COHFACE_s36_session0_lamp,2,3,20.1,-0.9017359614372253,-0.16453744262831227
COHFACE_s36_session0_lamp,2,4,20.133333333333333,-0.9313464760780334,-0.26542315090644736
COHFACE_s36_session0_lamp,2,5,20.166666666666668,-0.9779810309410095,-0.36275543529840565
COHFACE_s36_session0_lamp,2,6,20.2,-1.0320786237716675,-0.4213712018418507
COHFACE_s36_session0_lamp,2,7,20.233333333333334,-1.0585426092147827,-0.40662229011820833
COHFACE_s36_session0_lamp,2,8,20.266666666666666,-0.8473962545394897,-0.29458000886475205
COHFACE_s36_session0_lamp,2,9,20.3,-0.32771971821784973,-0.08145845983547642
COHFACE_s36_session0_lamp,2,10,20.333333333333332,0.07815402001142502,0.2103331505150595
COHFACE_s36_session0_lamp,2,11,20.366666666666667,0.14524158835411072,0.5337616504563443
COHFACE_s36_session0_lamp,2,12,20.4,0.04454972594976425,0.8272066103066779
COHFACE_s36_session0_lamp,2,13,20.433333333333334,-0.06884964555501938,1.0300552073395808
COHFACE_s36_session0_lamp,2,14,20.466666666666665,-0.18834055960178375,1.0981490462705457
COHFACE_s36_session0_lamp,2,15,20.5,-0.33836981654167175,1.0117069520692434
COHFACE_s36_session0_lamp,2,16,20.533333333333335,-0.41747909784317017,0.7748275179786208
COHFACE_s36_session0_lamp,2,17,20.566666666666666,-0.432728111743927,0.4120758017659072
COHFACE_s36_session0_lamp,2,18,20.6,-0.3979135751724243,-0.03526042263669384
COHFACE_s36_session0_lamp,2,19,20.633333333333333,-0.3796389698982239,-0.5142573770525465
COHFACE_s36_session0_lamp,2,20,20.666666666666668,-0.4626210033893585,-0.9667075571825872
COHFACE_s36_session0_lamp,2,21,20.7,-0.5506457090377808,-1.3353687017642173
COHFACE_s36_session0_lamp,2,22,20.733333333333334,-0.6233810186386108,-1.569744957019148
COHFACE_s36_session0_lamp,2,23,20.766666666666666,-0.6944624185562134,-1.6318992741143572
COHFACE_s36_session0_lamp,2,24,20.8,-0.7665522694587708,-1.5022596519044409
COHFACE_s36_session0_lamp,2,25,20.833333333333332,-0.8492922782897949,-1.1846073696282382
COHFACE_s36_session0_lamp,2,26,20.866666666666667,-0.9133139252662659,-0.7093695101179918
COHFACE_s36_session0_lamp,2,27,20.9,-1.0003703832626343,-0.13431330977271658
COHFACE_s36_session0_lamp,2,28,20.933333333333334,-1.023768424987793,0.4607435813204532
COHFACE_s36_session0_lamp,2,29,20.966666666666665,-0.7832536101341248,0.9900220976409507
COHFACE_s36_session0_lamp,2,30,21.0,-0.2833039462566376,1.3835188930218898
COHFACE_s36_session0_lamp,2,31,21.033333333333335,0.10607019811868668,1.600214526988546
COHFACE_s36_session0_lamp,2,32,21.066666666666666,0.16755032539367676,1.6285800724818051
COHFACE_s36_session0_lamp,2,33,21.1,0.06403456628322601,1.480974286719212
COHFACE_s36_session0_lamp,2,34,21.133333333333333,-0.010233750566840172,1.1866823984592632
COHFACE_s36_session0_lamp,2,35,21.166666666666668,-0.11951830983161926,0.7852442777151202
COHFACE_s36_session0_lamp,2,36,21.2,-0.2785840332508087,0.3209550404016785
COHFACE_s36_session0_lamp,2,37,21.233333333333334,-0.32445207238197327,-0.16130376919124365
COHFACE_s36_session0_lamp,2,38,21.266666666666666,-0.3106553554534912,-0.6185121212236466
COHFACE_s36_session0_lamp,2,39,21.3,-0.2939540445804596,-1.0095806024974316
COHFACE_s36_session0_lamp,2,40,21.333333333333332,-0.297423392534256,-1.2947412619266592
COHFACE_s36_session0_lamp,2,41,21.366666666666667,-0.3554745316505432,-1.437812355217794
COHFACE_s36_session0_lamp,2,42,21.4,-0.43119513988494873,-1.4125292675461496
COHFACE_s36_session0_lamp,2,43,21.433333333333334,-0.4917474091053009,-1.2113053126078315
COHFACE_s36_session0_lamp,2,44,21.466666666666665,-0.5366069078445435,-0.8532343362253033
COHFACE_s36_session0_lamp,2,45,21.5,-0.6112786531448364,-0.38720656572812384
COHFACE_s36_session0_lamp,2,46,21.533333333333335,-0.687120258808136,0.11384200293540929
COHFACE_s36_session0_lamp,2,47,21.566666666666666,-0.7216524481773376,0.570246343329614
COHFACE_s36_session0_lamp,2,48,21.6,-0.7718773484230042,0.9180194165426612
COHFACE_s36_session0_lamp,2,49,21.633333333333333,-0.8255312442779541,1.1220043666258506
COHFACE_s36_session0_lamp,2,50,21.666666666666668,-0.5737612843513489,1.1757034631461603
COHFACE_s36_session0_lamp,2,51,21.7,0.03849853202700615,1.0947101605623457
COHFACE_s36_session0_lamp,2,52,21.733333333333334,0.4626065194606781,0.9087774663863688
COHFACE_s36_session0_lamp,2,53,21.766666666666666,0.5771757960319519,0.6543515828993578
COHFACE_s36_session0_lamp,2,54,21.8,0.5252565741539001,0.36845537775698467
COHFACE_s36_session0_lamp,2,55,21.833333333333332,0.42791301012039185,0.08394444826254456
COHFACE_s36_session0_lamp,2,56,21.866666666666667,0.3181443512439728,-0.17364589625457844
COHFACE_s36_session0_lamp,2,57,21.9,0.20115461945533752,-0.38711104578041755
COHFACE_s36_session0_lamp,2,58,21.933333333333334,0.12248910218477249,-0.5466649687366635
COHFACE_s36_session0_lamp,2,59,21.966666666666665,0.11752711981534958,-0.6480065880455619
COHFACE_s36_session0_lamp,2,60,22.0,0.15056663751602173,-0.6903081011664339
COHFACE_s36_session0_lamp,2,61,22.033333333333335,0.18324308097362518,-0.6749184847166376
COHFACE_s36_session0_lamp,2,62,22.066666666666666,0.17158445715904236,-0.6052779362515264
COHFACE_s36_session0_lamp,2,63,22.1,0.13132384419441223,-0.48814784285362445
COHFACE_s36_session0_lamp,2,64,22.133333333333333,0.028816619887948036,-0.33563263558453554
COHFACE_s36_session0_lamp,2,65,22.166666666666668,-0.07837019115686417,-0.16693889350783356
COHFACE_s36_session0_lamp,2,66,22.2,-0.1297246515750885,-0.007581692878021206
COHFACE_s36_session0_lamp,2,67,22.233333333333334,-0.21109303832054138,0.11683669263408233
COHFACE_s36_session0_lamp,2,68,22.266666666666666,-0.316585510969162,0.18953197679346426
COHFACE_s36_session0_lamp,2,69,22.3,-0.37165138125419617,0.20637382737603227
COHFACE_s36_session0_lamp,2,70,22.333333333333332,-0.40452954173088074,0.1732078232835503
COHFACE_s36_session0_lamp,2,71,22.366666666666667,-0.15925447642803192,0.10182019786725152
COHFACE_s36_session0_lamp,2,72,22.4,0.44901150465011597,0.0077915692177525555
COHFACE_s36_session0_lamp,2,73,22.433333333333334,0.8934515118598938,-0.08929957739097291
COHFACE_s36_session0_lamp,2,74,22.466666666666665,0.9475088715553284,-0.16556267641535605
COHFACE_s36_session0_lamp,2,75,22.5,0.8518999814987183,-0.19659277652839352
COHFACE_s36_session0_lamp,2,76,22.533333333333335,0.7603656053543091,-0.16480043443467698
COHFACE_s36_session0_lamp,2,77,22.566666666666666,0.593836784362793,-0.06491091434468485
COHFACE_s36_session0_lamp,2,78,22.6,0.441508024930954,0.09457999662671114
COHFACE_s36_session0_lamp,2,79,22.633333333333333,0.41197821497917175,0.29259531178806547
COHFACE_s36_session0_lamp,2,80,22.666666666666668,0.39200925827026367,0.4984701170953656
COHFACE_s36_session0_lamp,2,81,22.7,0.35303959250450134,0.6766936455996047
COHFACE_s36_session0_lamp,2,82,22.733333333333334,0.3730488717556,0.7931331258427398
COHFACE_s36_session0_lamp,2,83,22.766666666666666,0.3449309766292572,0.8221276388043901
COHFACE_s36_session0_lamp,2,84,22.8,0.23588846623897552,0.7525483046141531
COHFACE_s36_session0_lamp,2,85,22.833333333333332,0.15480247139930725,0.5899201607846936
COHFACE_s36_session0_lamp,2,86,22.866666666666667,0.08832002431154251,0.35395880747167285
COHFACE_s36_session0_lamp,2,87,22.9,-0.010032043792307377,0.07324915095356123
COHFACE_s36_session0_lamp,2,88,22.933333333333334,-0.10237325727939606,-0.22060181702134493
COHFACE_s36_session0_lamp,2,89,22.966666666666665,-0.17018696665763855,-0.49691217368302004
COHFACE_s36_session0_lamp,2,90,23.0,-0.26212477684020996,-0.7274810770822924
COHFACE_s36_session0_lamp,2,91,23.033333333333335,-0.29528531432151794,-0.8871864931369466
COHFACE_s36_session0_lamp,2,92,23.066666666666666,0.03861955553293228,-0.9552268655482953
COHFACE_s36_session0_lamp,2,93,23.1,0.5983549952507019,-0.9182493513926758
COHFACE_s36_session0_lamp,2,94,23.133333333333333,0.9051101803779602,-0.7746000570389534
COHFACE_s36_session0_lamp,2,95,23.166666666666668,0.9255228638648987,-0.5370365705817864
COHFACE_s36_session0_lamp,2,96,23.2,0.8667859435081482,-0.2326939213313222
COHFACE_s36_session0_lamp,2,97,23.233333333333334,0.7494734525680542,0.09920032542391513
COHFACE_s36_session0_lamp,2,98,23.266666666666666,0.5814116597175598,0.4115249556478176
COHFACE_s36_session0_lamp,2,99,23.3,0.4762418866157532,0.6552278160633096
COHFACE_s36_session0_lamp,2,100,23.333333333333332,0.4545382857322693,0.7870251025612018
COHFACE_s36_session0_lamp,2,101,23.366666666666667,0.4714816212654114,0.7786765418107986
COHFACE_s36_session0_lamp,2,102,23.4,0.4756367802619934,0.6254292153740767
COHFACE_s36_session0_lamp,2,103,23.433333333333334,0.44562286138534546,0.34932533681767614
COHFACE_s36_session0_lamp,2,104,23.466666666666665,0.38200461864471436,-0.004440366228108814
COHFACE_s36_session0_lamp,2,105,23.5,0.2957952916622162,-0.3770083012545257
COHFACE_s36_session0_lamp,2,106,23.533333333333335,0.20716546475887299,-0.7079217052707718
COHFACE_s36_session0_lamp,2,107,23.566666666666666,0.13729435205459595,-0.9449801869374373
COHFACE_s36_session0_lamp,2,108,23.6,0.06221920996904373,-1.0503414660550738
COHFACE_s36_session0_lamp,2,109,23.633333333333333,-0.01402583159506321,-1.0046422474797432
COHFACE_s36_session0_lamp,2,110,23.666666666666668,-0.08482480049133301,-0.8096819876533485
COHFACE_s36_session0_lamp,2,111,23.7,-0.1482413113117218,-0.4886295023044582
COHFACE_s36_session0_lamp,2,112,23.733333333333334,-0.07578834891319275,-0.08323716468608189
COHFACE_s36_session0_lamp,2,113,23.766666666666666,0.3843444287776947,0.35176711156360385
COHFACE_s36_session0_lamp,2,114,23.8,0.854562520980835,0.7570458381314636
COHFACE_s36_session0_lamp,2,115,23.833333333333332,1.0138702392578125,1.0795833431227093
COHFACE_s36_session0_lamp,2,116,23.866666666666667,1.0005979537963867,1.2832900962601548
COHFACE_s36_session0_lamp,2,117,23.9,0.8838502764701843,1.3541296572981747
COHFACE_s36_session0_lamp,2,118,23.933333333333334,0.7404370307922363,1.2983720606430187
COHFACE_s36_session0_lamp,2,119,23.966666666666665,0.6103363633155823,1.1365654716251492
COHFACE_s36_session0_lamp,2,120,24.0,0.5269508957862854,0.8960646465892981
COHFACE_s36_session0_lamp,2,121,24.033333333333335,0.5474442839622498,0.6045806102133218
COHFACE_s36_session0_lamp,2,122,24.066666666666666,0.5893185138702393,0.28631926502122695
COHFACE_s36_session0_lamp,2,123,24.1,0.5569648146629333,-0.03882090291663909
COHFACE_s36_session0_lamp,2,124,24.133333333333333,0.4785413444042206,-0.354050494033006
COHFACE_s36_session0_lamp,2,125,24.166666666666668,0.3924126923084259,-0.644711040124677
COHFACE_s36_session0_lamp,2,126,24.2,0.2715905010700226,-0.8980625784947963
COHFACE_s36_session0_lamp,2,127,24.233333333333334,0.15121209621429443,-1.1026032024978085
COHFACE_s36_session0_lamp,2,128,24.266666666666666,0.0904177725315094,-1.2467854228469157
COHFACE_s36_session0_lamp,2,129,24.3,0.036441124975681305,-1.3181944825608487
COHFACE_s36_session0_lamp,2,130,24.333333333333332,-0.04629886522889137,-1.304210495512477
COHFACE_s36_session0_lamp,2,131,24.366666666666667,-0.13113659620285034,-1.1948516965896632
COHFACE_s36_session0_lamp,2,132,24.4,-0.10116302222013474,-0.9873167821536357
COHFACE_s36_session0_lamp,2,133,24.433333333333334,0.2207604944705963,-0.690583850197711
COHFACE_s36_session0_lamp,2,134,24.466666666666665,0.7211942076683044,-0.3281873891578769
COHFACE_s36_session0_lamp,2,135,24.5,1.0437228679656982,0.06256698122570431
COHFACE_s36_session0_lamp,2,136,24.533333333333335,1.0542922019958496,0.4360353461875325
COHFACE_s36_session0_lamp,2,137,24.566666666666666,0.9472264647483826,0.7483701063142373
COHFACE_s36_session0_lamp,2,138,24.6,0.820554792881012,0.9687899711221871
COHFACE_s36_session0_lamp,2,139,24.633333333333333,0.6562044024467468,1.0854881076552918
COHFACE_s36_session0_lamp,2,140,24.666666666666668,0.5231184959411621,1.1042501642690765
COHFACE_s36_session0_lamp,2,141,24.7,0.5150905251502991,1.0427792086658543
COHFACE_s36_session0_lamp,2,142,24.733333333333334,0.5936753749847412,0.9237226593001026
COHFACE_s36_session0_lamp,2,143,24.766666666666666,0.610981822013855,0.7686982166015673
COHFACE_s36_session0_lamp,2,144,24.8,0.5395373702049255,0.5947550262099348
COHFACE_s36_session0_lamp,2,145,24.833333333333332,0.44606658816337585,0.4136667920351245
COHFACE_s36_session0_lamp,2,146,24.866666666666667,0.3419053852558136,0.23286951249103344
COHFACE_s36_session0_lamp,2,147,24.9,0.2124098390340805,0.05568659217580689
COHFACE_s36_session0_lamp,2,148,24.933333333333334,0.10598950833082199,-0.11867545468067976
COHFACE_s36_session0_lamp,2,149,24.966666666666665,-0.01317866425961256,-0.2922228474958076
COHFACE_s36_session0_lamp,2,150,25.0,-0.15441352128982544,-0.46309040937750084
COHFACE_s36_session0_lamp,2,151,25.033333333333335,-0.24691611528396606,-0.622788491163416
COHFACE_s36_session0_lamp,2,152,25.066666666666666,-0.24735985696315765,-0.7570902855852994
COHFACE_s36_session0_lamp,2,153,25.1,0.033415526151657104,-0.8483833229997445
COHFACE_s36_session0_lamp,2,154,25.133333333333333,0.5545039772987366,-0.8782059647144067
COHFACE_s36_session0_lamp,2,155,25.166666666666668,0.8869969248771667,-0.8299050925562788
COHFACE_s36_session0_lamp,2,156,25.2,0.8866338729858398,-0.6920544409272297
COHFACE_s36_session0_lamp,2,157,25.233333333333334,0.7361608147621155,-0.46363771109556867
COHFACE_s36_session0_lamp,2,158,25.266666666666666,0.6088437438011169,-0.1596719287578124
COHFACE_s36_session0_lamp,2,159,25.3,0.45506271719932556,0.18621425469789685
COHFACE_s36_session0_lamp,2,160,25.333333333333332,0.37365397810935974,0.5251366978008981
COHFACE_s36_session0_lamp,2,161,25.366666666666667,0.4325522780418396,0.803736183684996
COHFACE_s36_session0_lamp,2,162,25.4,0.4873760938644409,0.9787214104760864
COHFACE_s36_session0_lamp,2,163,25.433333333333334,0.5595466494560242,1.0270542108063823
COHFACE_s36_session0_lamp,2,164,25.466666666666665,0.5873417854309082,0.948268317642403
COHFACE_s36_session0_lamp,2,165,25.5,0.49245908856391907,0.7606917112226956
COHFACE_s36_session0_lamp,2,166,25.533333333333335,0.3561055362224579,0.4943596665955067
COHFACE_s36_session0_lamp,2,167,25.566666666666666,0.22810260951519012,0.18370107281323944
COHFACE_s36_session0_lamp,2,168,25.6,0.07565286010503769,-0.13784868528714342
COHFACE_s36_session0_lamp,2,169,25.633333333333333,-0.04097381606698036,-0.4404371640782438
COHFACE_s36_session0_lamp,2,170,25.666666666666668,-0.16268348693847656,-0.6980570333720578
COHFACE_s36_session0_lamp,2,171,25.7,-0.2853613495826721,-0.8880393646042529
COHFACE_s36_session0_lamp,2,172,25.733333333333334,-0.2489735186100006,-0.9911637821973679
COHFACE_s36_session0_lamp,2,173,25.766666666666666,0.07537046819925308,-0.9932029410103026
COHFACE_s36_session0_lamp,2,174,25.8,0.5442572832107544,-0.8877407257333171
COHFACE_s36_session0_lamp,2,175,25.833333333333332,0.848067581653595,-0.6791221865024533
COHFACE_s36_session0_lamp,2,176,25.866666666666667,0.9352450966835022,-0.3845468288476243
COHFACE_s36_session0_lamp,2,177,25.9,0.8810667395591736,-0.034644097565801224
COHFACE_s36_session0_lamp,2,178,25.933333333333334,0.7202260494232178,0.32867806587390486
COHFACE_s36_session0_lamp,2,179,25.966666666666665,0.5472022294998169,0.6585216251192797
COHFACE_s36_session0_lamp,2,180,26.0,0.42287036776542664,0.9114747482139633
COHFACE_s36_session0_lamp,2,181,26.033333333333335,0.3306501805782318,1.05333186581864
COHFACE_s36_session0_lamp,2,182,26.066666666666666,0.3084624707698822,1.0615202317603396
COHFACE_s36_session0_lamp,2,183,26.1,0.2655393183231354,0.928025631782065
COHFACE_s36_session0_lamp,2,184,26.133333333333333,0.13822220265865326,0.6630436898783478
COHFACE_s36_session0_lamp,2,185,26.166666666666668,0.10034172981977463,0.29580956722645585
COHFACE_s36_session0_lamp,2,186,26.2,0.07565286010503769,-0.1286563430856499
COHFACE_s36_session0_lamp,2,187,26.233333333333334,-0.0134207122027874,-0.5555020899608392
COHFACE_s36_session0_lamp,2,188,26.266666666666666,-0.04504828527569771,-0.9272647991738021
COHFACE_s36_session0_lamp,2,189,26.3,-0.08978677541017532,-1.1910929196578004
COHFACE_s36_session0_lamp,2,190,26.333333333333332,-0.22319543361663818,-1.3057381860769766
COHFACE_s36_session0_lamp,2,191,26.366666666666667,-0.24836839735507965,-1.2488755859598206
COHFACE_s36_session0_lamp,2,192,26.4,0.04491279646754265,-1.0231673486187782
COHFACE_s36_session0_lamp,2,193,26.433333333333334,0.6329678297042847,-0.6575256591995067
COHFACE_s36_session0_lamp,2,194,26.466666666666665,1.129730463027954,-0.20256394154468907
COHFACE_s36_session0_lamp,2,195,26.5,1.3650412559509277,0.2779741839286595
COHFACE_s36_session0_lamp,2,196,26.533333333333335,1.404938817024231,0.718323519666035
COHFACE_s36_session0_lamp,2,197,26.566666666666666,1.3644764423370361,1.0632519668883642
COHFACE_s36_session0_lamp,2,198,26.6,1.2454696893692017,1.2784577605833383
COHFACE_s36_session0_lamp,2,199,26.633333333333333,1.0964893102645874,1.3532926697774832
COHFACE_s36_session0_lamp,2,200,26.666666666666668,1.0530012845993042,1.2956668919082854
COHFACE_s36_session0_lamp,2,201,26.7,1.1018142700195312,1.1243111600590268
COHFACE_s36_session0_lamp,2,202,26.733333333333334,1.1379197835922241,0.8622575356348222
COHFACE_s36_session0_lamp,2,203,26.766666666666666,1.1571625471115112,0.5332165046439681
COHFACE_s36_session0_lamp,2,204,26.8,1.0900750160217285,0.1611626597607049
COHFACE_s36_session0_lamp,2,205,26.833333333333332,0.9499293565750122,-0.22785751731020315
COHFACE_s36_session0_lamp,2,206,26.866666666666667,0.7593167424201965,-0.6034751288714518
COHFACE_s36_session0_lamp,2,207,26.9,0.5303395390510559,-0.9304204797078289
COHFACE_s36_session0_lamp,2,208,26.933333333333334,0.4036678969860077,-1.1707361892532315
COHFACE_s36_session0_lamp,2,209,26.966666666666665,0.29026854038238525,-1.28861047622463
COHFACE_s36_session0_lamp,2,210,27.0,0.17053557932376862,-1.2572927522305573
COHFACE_s36_session0_lamp,2,211,27.033333333333335,0.24508628249168396,-1.0671511838993541
COHFACE_s36_session0_lamp,2,212,27.066666666666666,0.6985223889350891,-0.7327661636581301
COHFACE_s36_session0_lamp,2,213,27.1,1.2074681520462036,-0.29607616100846723
COHFACE_s36_session0_lamp,2,214,27.133333333333333,1.405180811882019,0.17759425489239491
COHFACE_s36_session0_lamp,2,215,27.166666666666668,1.3938852548599243,0.6131168678172013
COHFACE_s36_session0_lamp,2,216,27.2,1.302955985069275,0.9443352478880042
COHFACE_s36_session0_lamp,2,217,27.233333333333334,1.1603899002075195,1.1275203782465055
COHFACE_s36_session0_lamp,2,218,27.266666666666666,0.9816779494285583,1.1454407529358293
COHFACE_s36_session0_lamp,2,219,27.3,0.8556517362594604,1.0051332240413677
COHFACE_s36_session0_lamp,2,220,27.333333333333332,0.811558723449707,0.732929845155209
COHFACE_s36_session0_lamp,2,221,27.366666666666667,0.7991335988044739,0.3697214881876634
COHFACE_s36_session0_lamp,2,222,27.4,0.7086077332496643,-0.03314554701429181
COHFACE_s36_session0_lamp,2,223,27.433333333333334,0.5671711564064026,-0.4194325357568188
COHFACE_s36_session0_lamp,2,224,27.466666666666665,0.4954443573951721,-0.7353137950064287
COHFACE_s36_session0_lamp,2,225,27.5,0.38474783301353455,-0.9365680245174439
COHFACE_s36_session0_lamp,2,226,27.533333333333335,0.20526942610740662,-0.9946415169792463
COHFACE_s36_session0_lamp,2,227,27.566666666666666,0.06980337202548981,-0.9014295953675766
COHFACE_s36_session0_lamp,2,228,27.6,-0.07889463007450104,-0.6725089890712396
COHFACE_s36_session0_lamp,2,229,27.633333333333333,-0.2735413610935211,-0.3483001884225256
COHFACE_s36_session0_lamp,2,230,27.666666666666668,-0.2935909926891327,0.009581283421344098
COHFACE_s36_session0_lamp,2,231,27.7,0.08085688948631287,0.3309155146330468
COHFACE_s36_session0_lamp,2,232,27.733333333333334,0.6522509455680847,0.5553439177655067
COHFACE_s36_session0_lamp,2,233,27.766666666666666,1.0525575876235962,0.6468579583709593
COHFACE_s36_session0_lamp,2,234,27.8,1.2126721143722534,0.5993904121624889
COHFACE_s36_session0_lamp,2,235,27.833333333333332,1.2048863172531128,0.43444585907684763
COHFACE_s36_session0_lamp,2,236,27.866666666666667,1.1365078687667847,0.1933232566552544
COHFACE_s36_session0_lamp,2,237,27.9,1.0909221172332764,-0.0726160691536344
COHFACE_s36_session0_lamp,2,238,27.933333333333334,0.9817585945129395,-0.3115837865187865
COHFACE_s36_session0_lamp,2,239,27.966666666666665,0.8949844837188721,-0.4804543123512177
COHFACE_s36_session0_lamp,2,240,28.0,0.8990992903709412,-0.5521065451034769
COHFACE_s36_session0_lamp,2,241,28.033333333333335,0.8838099837303162,-0.5190310192730847
COHFACE_s36_session0_lamp,2,242,28.066666666666666,0.8197479844093323,-0.3924282696582988
COHFACE_s36_session0_lamp,2,243,28.1,0.7109071612358093,-0.1973370523023981
COHFACE_s36_session0_lamp,2,244,28.133333333333333,0.572496235370636,0.03445694529063609
COHFACE_s36_session0_lamp,2,245,28.166666666666668,0.43920859694480896,0.2710961647658807
COHFACE_s36_session0_lamp,2,246,28.2,0.3365803360939026,0.48515392624326414
COHFACE_s36_session0_lamp,2,247,28.233333333333334,0.18917325139045715,0.6553482440200707
COHFACE_s36_session0_lamp,2,248,28.266666666666666,0.012155666947364807,0.7663123183592411
COHFACE_s36_session0_lamp,2,249,28.3,-0.05590009316802025,0.8083908361120712
COHFACE_s36_session0_lamp,2,250,28.333333333333332,0.14875128865242004,0.7779932790340331
COHFACE_s36_session0_lamp,2,251,28.366666666666667,0.6554378867149353,0.6774560409593745
COHFACE_s36_session0_lamp,2,252,28.4,1.155669927597046,0.5142969887144893
COHFACE_s36_session0_lamp,2,253,28.433333333333334,1.4064717292785645,0.3007318081363046
COHFACE_s36_session0_lamp,2,254,28.466666666666665,1.4151451587677002,0.05332859853498413
COHFACE_s36_session0_lamp,2,255,28.5,1.3674616813659668,-0.20825711646402129
COHFACE_s36_session0_lamp,2,256,28.533333333333335,1.302875280380249,-0.46335197755229307
COHFACE_s36_session0_lamp,2,257,28.566666666666666,1.1242843866348267,-0.6918420057973959
COHFACE_s36_session0_lamp,2,258,28.6,0.9291132092475891,-0.8746451998900225
COHFACE_s36_session0_lamp,2,259,28.633333333333333,0.8299139738082886,-0.9932999884981192
COHFACE_s36_session0_lamp,2,260,28.666666666666668,0.7758566737174988,-1.0303685932057989
COHFACE_s36_session0_lamp,2,261,28.7,0.6743579506874084,-0.9733130880898452
COHFACE_s36_session0_lamp,2,262,28.733333333333334,0.5643876194953918,-0.8204820175544626
COHFACE_s36_session0_lamp,2,263,28.766666666666666,0.4248470962047577,-0.5840900696126893
COHFACE_s36_session0_lamp,2,264,28.8,0.27340587973594666,-0.28872726005379745
COHFACE_s36_session0_lamp,2,265,28.833333333333332,0.1402796059846878,0.032086793093490294
COHFACE_s36_session0_lamp,2,266,28.866666666666667,0.007072663865983486,0.34028583409450874
COHFACE_s36_session0_lamp,2,267,28.9,-0.16494260728359222,0.5992413789603891
COHFACE_s36_session0_lamp,2,268,28.933333333333334,-0.33433568477630615,0.7804427816996781
COHFACE_s36_session0_lamp,2,269,28.966666666666665,-0.31949010491371155,0.8684178878838096
COHFACE_s36_session0_lamp,2,270,29.0,0.08339838683605194,0.8625192733569675
COHFACE_s36_session0_lamp,2,271,29.033333333333335,0.6377684473991394,0.7755060541653098
COHFACE_s36_session0_lamp,2,272,29.066666666666666,0.9944661259651184,0.6295022511079426
COHFACE_s36_session0_lamp,2,273,29.1,1.1015722751617432,0.4504485680400089
COHFACE_s36_session0_lamp,2,274,29.133333333333333,1.0829346179962158,0.2627002557474779
COHFACE_s36_session0_lamp,2,275,29.166666666666668,1.012660026550293,0.08568424930008768
COHFACE_s36_session0_lamp,2,276,29.2,0.9063607454299927,-0.06703689636499734
COHFACE_s36_session0_lamp,2,277,29.233333333333334,0.7599218487739563,-0.18747716310333884
COHFACE_s36_session0_lamp,2,278,29.266666666666666,0.6175171136856079,-0.2725538797758604
COHFACE_s36_session0_lamp,2,279,29.3,0.5666466951370239,-0.3232782578668296
COHFACE_s36_session0_lamp,2,280,29.333333333333332,0.542684018611908,-0.34369610973952663
COHFACE_s36_session0_lamp,2,281,29.366666666666667,0.4407012164592743,-0.3391908483482301
COHFACE_s36_session0_lamp,2,282,29.4,0.2882918119430542,-0.3147409543377654
COHFACE_s36_session0_lamp,2,283,29.433333333333334,0.13777844607830048,-0.274593081107919
COHFACE_s36_session0_lamp,2,284,29.466666666666665,-0.03500330448150635,-0.22331084410884228
COHFACE_s36_session0_lamp,2,285,29.5,-0.24881215393543243,-0.16668030955141852
COHFACE_s36_session0_lamp,2,286,29.533333333333335,-0.426394522190094,-0.11144053082341798
COHFACE_s36_session0_lamp,2,287,29.566666666666666,-0.5443524718284607,-0.06358251936251406
COHFACE_s36_session0_lamp,2,288,29.6,-0.6458914875984192,-0.026232378499131653
COHFACE_s36_session0_lamp,2,289,29.633333333333333,-0.5299102663993835,0.0008490476390912204
COHFACE_s36_session0_lamp,2,290,29.666666666666668,0.00856529176235199,0.019821086972353345
COHFACE_s36_session0_lamp,2,291,29.7,0.5517607927322388,0.03283379881619337
COHFACE_s36_session0_lamp,2,292,29.733333333333334,0.7558473944664001,0.04097874560024402
COHFACE_s36_session0_lamp,2,293,29.766666666666666,0.7838442325592041,0.045033952715597216
COHFACE_s36_session0_lamp,2,294,29.8,0.7642787098884583,0.04687320117645206
COHFACE_s36_session0_lamp,2,295,29.833333333333332,0.6578583717346191,0.04870195024592995
COHFACE_s36_session0_lamp,2,296,29.866666666666667,0.5090393424034119,0.05072039884647109
COHFACE_s36_session0_lamp,2,297,29.9,0.3461412191390991,0.05108979433452193
COHFACE_s36_session0_lamp,2,298,29.933333333333334,0.2539210319519043,0.048382881029425145
COHFACE_s36_session0_lamp,2,299,29.966666666666665,0.20547114312648773,0.04294423263639606
COHFACE_s36_session0_lamp,3,0,30.0,0.1632741391658783,-0.020442890413579867
COHFACE_s36_session0_lamp,3,1,30.033333333333335,0.062259551137685776,-0.12647882336002667
COHFACE_s36_session0_lamp,3,2,30.066666666666666,-0.07857190072536469,-0.246580791733627
COHFACE_s36_session0_lamp,3,3,30.1,-0.20209693908691406,-0.3908262934781767
COHFACE_s36_session0_lamp,3,4,30.133333333333333,-0.3140440285205841,-0.5651826384692179
COHFACE_s36_session0_lamp,3,5,30.166666666666668,-0.4345838129520416,-0.7696076850784335
COHFACE_s36_session0_lamp,3,6,30.2,-0.5493144392967224,-0.9957136143624895
COHFACE_s36_session0_lamp,3,7,30.233333333333334,-0.6435920596122742,-1.2248951286991583
COHFACE_s36_session0_lamp,3,8,30.266666666666666,-0.7253638505935669,-1.4282253885380403
COHFACE_s36_session0_lamp,3,9,30.3,-0.5402376651763916,-1.5695037130189728
COHFACE_s36_session0_lamp,3,10,30.333333333333332,0.026718873530626297,-1.6114861946926062
COHFACE_s36_session0_lamp,3,11,30.366666666666667,0.5028268098831177,-1.5238393054673438
COHFACE_s36_session0_lamp,3,12,30.4,0.6229228377342224,-1.2909355806818572
COHFACE_s36_session0_lamp,3,13,30.433333333333334,0.6045271754264832,-0.9174300548790829
COHFACE_s36_session0_lamp,3,14,30.466666666666665,0.5845986008644104,-0.43027270813267626
COHFACE_s36_session0_lamp,3,15,30.5,0.49730002880096436,0.1233086665863487
COHFACE_s36_session0_lamp,3,16,30.533333333333335,0.3512645661830902,0.6821917471997953
COHFACE_s36_session0_lamp,3,17,30.566666666666666,0.25468751788139343,1.1821252059183907
COHFACE_s36_session0_lamp,3,18,30.6,0.202243834733963,1.5685303571007077
COHFACE_s36_session0_lamp,3,19,30.633333333333333,0.18489708006381989,1.806895691418778
COHFACE_s36_session0_lamp,3,20,30.666666666666668,0.16266903281211853,1.8874907488303112
COHFACE_s36_session0_lamp,3,21,30.7,0.07976767420768738,1.8228853238224902
COHFACE_s36_session0_lamp,3,22,30.733333333333334,-0.021408287808299065,1.6401482796800035
COHFACE_s36_session0_lamp,3,23,30.766666666666666,-0.12258424609899521,1.372511322721982
COHFACE_s36_session0_lamp,3,24,30.8,-0.26744982600212097,1.0531921183121384
COHFACE_s36_session0_lamp,3,25,30.833333333333332,-0.41138756275177,0.7115056436506374
COHFACE_s36_session0_lamp,3,26,30.866666666666667,-0.511877715587616,0.37097819916858127
COHFACE_s36_session0_lamp,3,27,30.9,-0.6307635307312012,0.0490309732066825
COHFACE_s36_session0_lamp,3,28,30.933333333333334,-0.7315763831138611,-0.24238638076900954
COHFACE_s36_session0_lamp,3,29,30.966666666666665,-0.5329762101173401,-0.4958259966927304
COHFACE_s36_session0_lamp,3,30,31.0,-0.020682144910097122,-0.7074765065463908
COHFACE_s36_session0_lamp,3,31,31.033333333333335,0.4045957624912262,-0.8765899261511209
COHFACE_s36_session0_lamp,3,32,31.066666666666666,0.5373589396476746,-1.0047741460102002
COHFACE_s36_session0_lamp,3,33,31.1,0.5279191136360168,-1.0942860238636172
COHFACE_s36_session0_lamp,3,34,31.133333333333333,0.49080508947372437,-1.1456613704475116
COHFACE_s36_session0_lamp,3,35,31.166666666666668,0.3680061995983124,-1.1561957592741736
COHFACE_s36_session0_lamp,3,36,31.2,0.20018643140792847,-1.1199302321683309
COHFACE_s36_session0_lamp,3,37,31.233333333333334,0.12309421598911285,-1.0287994783019356
COHFACE_s36_session0_lamp,3,38,31.266666666666666,0.11514698714017868,-0.874729732739468
COHFACE_s36_session0_lamp,3,39,31.3,0.09840534627437592,-0.6526198564355039
COHFACE_s36_session0_lamp,3,40,31.333333333333332,0.0668584555387497,-0.36407450385492235
COHFACE_s36_session0_lamp,3,41,31.366666666666667,-0.0034967544488608837,-0.02158252110045921
COHFACE_s36_session0_lamp,3,42,31.4,-0.11931660026311874,0.3485531524611587
COHFACE_s36_session0_lamp,3,43,31.433333333333334,-0.23352280259132385,0.70728265447267
COHFACE_s36_session0_lamp,3,44,31.466666666666665,-0.3397010862827301,1.0087531748935152
COHFACE_s36_session0_lamp,3,45,31.5,-0.4805728793144226,1.2098215194131077
COHFACE_s36_session0_lamp,3,46,31.533333333333335,-0.6162406206130981,1.2802305921226
COHFACE_s36_session0_lamp,3,47,31.566666666666666,-0.6878464221954346,1.2094529170178885
COHFACE_s36_session0_lamp,3,48,31.6,-0.7393219470977783,1.0084441586869932
COHFACE_s36_session0_lamp,3,49,31.633333333333333,-0.6750178933143616,0.7070357828296004
COHFACE_s36_session0_lamp,3,50,31.666666666666668,-0.27301692962646484,0.34805737928813274
COHFACE_s36_session0_lamp,3,51,31.7,0.15625476837158203,-0.0205952394196808
COHFACE_s36_session0_lamp,3,52,31.733333333333334,0.305880606174469,-0.35406691366314796
COHFACE_s36_session0_lamp,3,53,31.766666666666666,0.2775610387325287,-0.6165290402773694
COHFACE_s36_session0_lamp,3,54,31.8,0.2289901077747345,-0.7843553361706804
COHFACE_s36_session0_lamp,3,55,31.833333333333332,0.10699804127216339,-0.847365223374778
COHFACE_s36_session0_lamp,3,56,31.866666666666667,-0.052551764994859695,-0.8088855861043481
COHFACE_s36_session0_lamp,3,57,31.9,-0.13444459438323975,-0.684966482808904
COHFACE_s36_session0_lamp,3,58,31.933333333333334,-0.18733201920986176,-0.5021995587309996
COHFACE_s36_session0_lamp,3,59,31.966666666666665,-0.2133924961090088,-0.29292464762123965
COHFACE_s36_session0_lamp,3,60,32.0,-0.22158177196979523,-0.08893222514169594
COHFACE_s36_session0_lamp,3,61,32.03333333333333,-0.3040393888950348,0.08305217762572953
COHFACE_s36_session0_lamp,3,62,32.06666666666667,-0.4293394386768341,0.20358779110005798
COHFACE_s36_session0_lamp,3,63,32.1,-0.5189374685287476,0.2626676110752984
COHFACE_s36_session0_lamp,3,64,32.13333333333333,-0.6027666330337524,0.2616844106636568
COHFACE_s36_session0_lamp,3,65,32.166666666666664,-0.7193933129310608,0.2127099019622071
COHFACE_s36_session0_lamp,3,66,32.2,-0.8102419376373291,0.13498423928471864
COHFACE_s36_session0_lamp,3,67,32.233333333333334,-0.8782976865768433,0.05098619593869242
COHFACE_s36_session0_lamp,3,68,32.266666666666666,-0.9507102966308594,-0.0169037482897127
COHFACE_s36_session0_lamp,3,69,32.3,-0.9545023441314697,-0.04964313064778912
COHFACE_s36_session0_lamp,3,70,32.333333333333336,-0.6828844547271729,-0.034574509134867
COHFACE_s36_session0_lamp,3,71,32.36666666666667,-0.18216833472251892,0.03252169468989765
COHFACE_s36_session0_lamp,3,72,32.4,0.11280719190835953,0.14672755394944442
COHFACE_s36_session0_lamp,3,73,32.43333333333333,0.10885374248027802,0.29453162986631615
COHFACE_s36_session0_lamp,3,74,32.46666666666667,0.017763106152415276,0.45573682562712825
COHFACE_s36_session0_lamp,3,75,32.5,-0.08966575562953949,0.6070167524981084
COHFACE_s36_session0_lamp,3,76,32.53333333333333,-0.27733343839645386,0.7261861272302047
COHFACE_s36_session0_lamp,3,77,32.56666666666667,-0.3888367712497711,0.7951749286075577
COHFACE_s36_session0_lamp,3,78,32.6,-0.3884736895561218,0.8011661143392411
COHFACE_s36_session0_lamp,3,79,32.63333333333333,-0.4096528887748718,0.7368753703725247
COHFACE_s36_session0_lamp,3,80,32.666666666666664,-0.4089670777320862,0.6006612858142351
COHFACE_s36_session0_lamp,3,81,32.7,-0.39319363236427307,0.3966395157315097
COHFACE_s36_session0_lamp,3,82,32.733333333333334,-0.46338748931884766,0.13458941589095205
COHFACE_s36_session0_lamp,3,83,32.766666666666666,-0.5939319133758545,-0.17087177338646434
COHFACE_s36_session0_lamp,3,84,32.8,-0.678446888923645,-0.5015236466420485
COHFACE_s36_session0_lamp,3,85,32.833333333333336,-0.7873684167861938,-0.836087265177021
COHFACE_s36_session0_lamp,3,86,32.86666666666667,-0.8981859087944031,-1.1499918956739577
COHFACE_s36_session0_lamp,3,87,32.9,-0.9276350736618042,-1.4153113287688168
COHFACE_s36_session0_lamp,3,88,32.93333333333333,-0.9659189581871033,-1.6020447201326362
COHFACE_s36_session0_lamp,3,89,32.96666666666667,-1.0509583950042725,-1.6817890823101909
COHFACE_s36_session0_lamp,3,90,33.0,-1.0124727487564087,-1.6332575984199098
COHFACE_s36_session0_lamp,3,91,33.03333333333333,-0.6374198198318481,-1.4475260501235236
COHFACE_s36_session0_lamp,3,92,33.06666666666667,-0.15953686833381653,-1.1316181319004064
COHFACE_s36_session0_lamp,3,93,33.1,0.0398297943174839,-0.7099712522832945
COHFACE_s36_session0_lamp,3,94,33.13333333333333,-0.0030126587953418493,-0.22300160825322504
COHFACE_s36_session0_lamp,3,95,33.166666666666664,-0.130813866853714,0.2781650592950611
COHFACE_s36_session0_lamp,3,96,33.2,-0.2686600685119629,0.7405241076679354
COHFACE_s36_session0_lamp,3,97,33.233333333333334,-0.40985459089279175,1.1199538020485356
COHFACE_s36_session0_lamp,3,98,33.266666666666666,-0.4735131561756134,1.3902049445571392
COHFACE_s36_session0_lamp,3,99,33.3,-0.4861399829387665,1.5450520657911742
COHFACE_s36_session0_lamp,3,100,33.333333333333336,-0.4450725317001343,1.593323468875623
COHFACE_s36_session0_lamp,3,101,33.36666666666667,-0.4280485212802887,1.5513198654984643
COHFACE_s36_session0_lamp,3,102,33.4,-0.47924160957336426,1.4362001302445329
COHFACE_s36_session0_lamp,3,103,33.43333333333333,-0.5501212477684021,1.2621925892450327
COHFACE_s36_session0_lamp,3,104,33.46666666666667,-0.6414136290550232,1.039735858904086
COHFACE_s36_session0_lamp,3,105,33.5,-0.7546919584274292,0.7760532403118433
COHFACE_s36_session0_lamp,3,106,33.53333333333333,-0.8363427519798279,0.4766982611689883
COHFACE_s36_session0_lamp,3,107,33.56666666666667,-0.9139190316200256,0.14874978065069497
COHFACE_s36_session0_lamp,3,108,33.6,-0.9945612549781799,-0.1953668609671939
COHFACE_s36_session0_lamp,3,109,33.63333333333333,-1.0486589670181274,-0.5360018039383844
COHFACE_s36_session0_lamp,3,110,33.666666666666664,-1.085893988609314,-0.8474575762920865
COHFACE_s36_session0_lamp,3,111,33.7,-1.075647234916687,-1.1016229687677945
COHFACE_s36_session0_lamp,3,112,33.733333333333334,-0.7260899543762207,-1.2726278106301463
COHFACE_s36_session0_lamp,3,113,33.766666666666666,-0.17321257293224335,-1.3405568978949212
COHFACE_s36_session0_lamp,3,114,33.8,0.059556685388088226,-1.2938520393098996
COHFACE_s36_session0_lamp,3,115,33.833333333333336,0.0004970335285179317,-1.131572377426681
COHFACE_s36_session0_lamp,3,116,33.86666666666667,-0.09531353414058685,-0.8654492339311649
COHFACE_s36_session0_lamp,3,117,33.9,-0.23041652143001556,-0.5203472696520631
COHFACE_s36_session0_lamp,3,118,33.93333333333333,-0.4186893403530121,-0.132348132001335
COHFACE_s36_session0_lamp,3,119,33.96666666666667,-0.5047776699066162,0.2555031933127296
COHFACE_s36_session0_lamp,3,120,34.0,-0.4672602415084839,0.5991851921999685
COHFACE_s36_session0_lamp,3,121,34.03333333333333,-0.44301512837409973,0.8602678721185768
COHFACE_s36_session0_lamp,3,122,34.06666666666667,-0.44616174697875977,1.0115426933195868
COHFACE_s36_session0_lamp,3,123,34.1,-0.46520283818244934,1.040032012585469
COHFACE_s36_session0_lamp,3,124,34.13333333333333,-0.5150646567344666,0.9472096087260196
COHFACE_s36_session0_lamp,3,125,34.166666666666664,-0.6118837594985962,0.7477042850334975
COHFACE_s36_session0_lamp,3,126,34.2,-0.6910333633422852,0.46686586106550154
COHFACE_s36_session0_lamp,3,127,34.233333333333334,-0.7731279134750366,0.1366242364798953
COHFACE_s36_session0_lamp,3,128,34.266666666666666,-0.8459842801094055,-0.2093257591720283
COHFACE_s36_session0_lamp,3,129,34.3,-0.8801937103271484,-0.5385299450292376
COHFACE_s36_session0_lamp,3,130,34.333333333333336,-0.9334038496017456,-0.8205418771723851
COHFACE_s36_session0_lamp,3,131,34.36666666666667,-1.0035573244094849,-1.0271039366545667
COHFACE_s36_session0_lamp,3,132,34.4,-1.0170717239379883,-1.1331300235957174
COHFACE_s36_session0_lamp,3,133,34.43333333333333,-0.7442435622215271,-1.119183958654062
COHFACE_s36_session0_lamp,3,134,34.46666666666667,-0.22646307945251465,-0.9753519467146397
COHFACE_s36_session0_lamp,3,135,34.5,0.07674207538366318,-0.7055450149396613
COHFACE_s36_session0_lamp,3,136,34.53333333333333,0.0782347023487091,-0.3312346028297851
COHFACE_s36_session0_lamp,3,137,34.56666666666667,-0.04847729578614235,0.10630396716749362
COHFACE_s36_session0_lamp,3,138,34.6,-0.19967645406723022,0.5483132167791759
COHFACE_s36_session0_lamp,3,139,34.63333333333333,-0.3472045660018921,0.9297879454770291
COHFACE_s36_session0_lamp,3,140,34.666666666666664,-0.46806707978248596,1.1964871540037982
COHFACE_s36_session0_lamp,3,141,34.7,-0.48977068066596985,1.317610532146873
COHFACE_s36_session0_lamp,3,142,34.733333333333334,-0.416873961687088,1.289394528601597
COHFACE_s36_session0_lamp,3,143,34.766666666666666,-0.37072354555130005,1.1312087274408746
COHFACE_s36_session0_lamp,3,144,34.8,-0.4015442728996277,0.8769631040469972
COHFACE_s36_session0_lamp,3,145,34.833333333333336,-0.4753285050392151,0.5651485548290676
COHFACE_s36_session0_lamp,3,146,34.86666666666667,-0.5131282806396484,0.23060306851706533
COHFACE_s36_session0_lamp,3,147,34.9,-0.5994183421134949,-0.09965780359727469
COHFACE_s36_session0_lamp,3,148,34.93333333333333,-0.6882498264312744,-0.4063193860509112
COHFACE_s36_session0_lamp,3,149,34.96666666666667,-0.7288331985473633,-0.6751321024390013
COHFACE_s36_session0_lamp,3,150,35.0,-0.7770813703536987,-0.8936393736209264
COHFACE_s36_session0_lamp,3,151,35.03333333333333,-0.8463070392608643,-1.0487962330405616
COHFACE_s36_session0_lamp,3,152,35.06666666666667,-0.8971370458602905,-1.12633082171293
COHFACE_s36_session0_lamp,3,153,35.1,-0.9039143919944763,-1.1118946074722664
COHFACE_s36_session0_lamp,3,154,35.13333333333333,-0.787247359752655,-0.994198620732178
COHFACE_s36_session0_lamp,3,155,35.166666666666664,-0.3579353392124176,-0.7703736665656763
COHFACE_s36_session0_lamp,3,156,35.2,0.09187006205320358,-0.45191121403627393
COHFACE_s36_session0_lamp,3,157,35.233333333333334,0.2024051994085312,-0.06792406840302932
COHFACE_s36_session0_lamp,3,158,35.266666666666666,0.0647607147693634,0.3366158553822262
COHFACE_s36_session0_lamp,3,159,35.3,-0.08409865200519562,0.7085021485090988
COHFACE_s36_session0_lamp,3,160,35.333333333333336,-0.2465933859348297,0.9977555989284725
COHFACE_s36_session0_lamp,3,161,35.36666666666667,-0.43276843428611755,1.1683482105943481
COHFACE_s36_session0_lamp,3,162,35.4,-0.49618494510650635,1.2045394913814655
COHFACE_s36_session0_lamp,3,163,35.43333333333333,-0.4292587637901306,1.1107932126414757
COHFACE_s36_session0_lamp,3,164,35.46666666666667,-0.3656405210494995,0.9063787364758653
COHFACE_s36_session0_lamp,3,165,35.5,-0.3910152018070221,0.6185545742361099
COHFACE_s36_session0_lamp,3,166,35.53333333333333,-0.3927498757839203,0.27715428021717736
COHFACE_s36_session0_lamp,3,167,35.56666666666667,-0.4146552085876465,-0.08827186498669827
COHFACE_s36_session0_lamp,3,168,35.6,-0.5277721881866455,-0.44908265608548625
COHFACE_s36_session0_lamp,3,169,35.63333333333333,-0.6253980994224548,-0.7775125165618483
COHFACE_s36_session0_lamp,3,170,35.666666666666664,-0.6639240384101868,-1.0468798423956631
COHFACE_s36_session0_lamp,3,171,35.7,-0.7396849989891052,-1.232009573202021
COHFACE_s36_session0_lamp,3,172,35.733333333333334,-0.7950332164764404,-1.310449118252418
COHFACE_s36_session0_lamp,3,173,35.766666666666666,-0.7932582497596741,-1.2654864222726154
COHFACE_s36_session0_lamp,3,174,35.8,-0.8269432187080383,-1.0909132013097125
COHFACE_s36_session0_lamp,3,175,35.833333333333336,-0.8448547124862671,-0.7962915790637077
COHFACE_s36_session0_lamp,3,176,35.86666666666667,-0.48436495661735535,-0.4101319740767333
COHFACE_s36_session0_lamp,3,177,35.9,0.06669709086418152,0.022378944865186427
COHFACE_s36_session0_lamp,3,178,35.93333333333333,0.2701382339000702,0.44764705441035324
COHFACE_s36_session0_lamp,3,179,35.96666666666667,0.21721045672893524,0.8153978901729417
COHFACE_s36_session0_lamp,3,180,36.0,0.08521374315023422,1.089526435473232
COHFACE_s36_session0_lamp,3,181,36.03333333333333,-0.12197913229465485,1.2528084330748854
COHFACE_s36_session0_lamp,3,182,36.06666666666667,-0.3067825734615326,1.3048161130207583
COHFACE_s36_session0_lamp,3,183,36.1,-0.3803651034832001,1.2569910390728274
COHFACE_s36_session0_lamp,3,184,36.13333333333333,-0.3744349479675293,1.1276543513405652
COHFACE_s36_session0_lamp,3,185,36.166666666666664,-0.3690291941165924,0.9379062023603328
COHFACE_s36_session0_lamp,3,186,36.2,-0.3216685354709625,0.7086465664202476
COHFACE_s36_session0_lamp,3,187,36.233333333333334,-0.29024267196655273,0.4583571532761671
COHFACE_s36_session0_lamp,3,188,36.266666666666666,-0.3318345248699188,0.20167096094570378
COHFACE_s36_session0_lamp,3,189,36.3,-0.4061431884765625,-0.05077190801547426
COHFACE_s36_session0_lamp,3,190,36.333333333333336,-0.47391656041145325,-0.2912638634287058
COHFACE_s36_session0_lamp,3,191,36.36666666666667,-0.5552849173545837,-0.513411861800873
COHFACE_s36_session0_lamp,3,192,36.4,-0.6215656995773315,-0.7106505209841106
COHFACE_s36_session0_lamp,3,193,36.43333333333333,-0.6395175457000732,-0.8754851696578139
COHFACE_s36_session0_lamp,3,194,36.46666666666667,-0.6936555504798889,-0.9996338829557372
COHFACE_s36_session0_lamp,3,195,36.5,-0.7032567858695984,-1.0748000489283
COHFACE_s36_session0_lamp,3,196,36.53333333333333,-0.5999830961227417,-1.0935362321103277
COHFACE_s36_session0_lamp,3,197,36.56666666666667,-0.27293625473976135,-1.049537202397652
COHFACE_s36_session0_lamp,3,198,36.6,0.20236486196517944,-0.9378457139380623
COHFACE_s36_session0_lamp,3,199,36.63333333333333,0.46401846408843994,-0.7564319360852694
COHFACE_s36_session0_lamp,3,200,36.666666666666664,0.43598127365112305,-0.5092750745946557
COHFACE_s36_session0_lamp,3,201,36.7,0.2879287302494049,-0.20961855411485475
COHFACE_s36_session0_lamp,3,202,36.733333333333334,0.13951312005519867,0.11825185816371342
COHFACE_s36_session0_lamp,3,203,36.766666666666666,-0.002447880804538727,0.44031428581189047
COHFACE_s36_session0_lamp,3,204,36.8,-0.060377977788448334,0.7175179344686643
COHFACE_s36_session0_lamp,3,205,36.833333333333336,-0.032381121069192886,0.9127723730526132
COHFACE_s36_session0_lamp,3,206,36.86666666666667,0.016270479187369347,0.9984887438513957
COHFACE_s36_session0_lamp,3,207,36.9,0.014535803347826004,0.9625741309944243
COHFACE_s36_session0_lamp,3,208,36.93333333333333,-0.013864465989172459,0.8113887985248852
COHFACE_s36_session0_lamp,3,209,36.96666666666667,-0.04464487358927727,0.5689852760378412
COHFACE_s36_session0_lamp,3,210,37.0,-0.1519930511713028,0.2729881194951878
COHFACE_s36_session0_lamp,3,211,37.03333333333333,-0.2544599175453186,-0.031575976675463635
COHFACE_s36_session0_lamp,3,212,37.06666666666667,-0.28294089436531067,-0.2992626036204687
COHFACE_s36_session0_lamp,3,213,37.1,-0.33715957403182983,-0.49097213009224155
COHFACE_s36_session0_lamp,3,214,37.13333333333333,-0.42203766107559204,-0.5794448354228644
COHFACE_s36_session0_lamp,3,215,37.166666666666664,-0.48218652606010437,-0.5524732946006282
COHFACE_s36_session0_lamp,3,216,37.2,-0.5019940733909607,-0.41389129758993987
COHFACE_s36_session0_lamp,3,217,37.233333333333334,-0.3802037239074707,-0.18331365549445788
COHFACE_s36_session0_lamp,3,218,37.266666666666666,0.05519982427358627,0.10529114042831425
COHFACE_s36_session0_lamp,3,219,37.3,0.4499797224998474,0.4070254858865646
COHFACE_s36_session0_lamp,3,220,37.333333333333336,0.4979051649570465,0.6716409434815928
COHFACE_s36_session0_lamp,3,221,37.36666666666667,0.39438942074775696,0.8505611541315158
COHFACE_s36_session0_lamp,3,222,37.4,0.2611824572086334,0.9049789014271298
COHFACE_s36_session0_lamp,3,223,37.43333333333333,0.04894692450761795,0.8148007097100957
COHFACE_s36_session0_lamp,3,224,37.46666666666667,-0.11721885949373245,0.5855896858345374
COHFACE_s36_session0_lamp,3,225,37.5,-0.13020874559879303,0.2485465179370448
COHFACE_s36_session0_lamp,3,226,37.53333333333333,-0.11984103918075562,-0.14705552521083168
COHFACE_s36_session0_lamp,3,227,37.56666666666667,-0.054972242563962936,-0.5449987112664879
COHFACE_s36_session0_lamp,3,228,37.6,0.030026858672499657,-0.8926919660726713
COHFACE_s36_session0_lamp,3,229,37.63333333333333,0.021192116662859917,-1.1477566930864738
COHFACE_s36_session0_lamp,3,230,37.666666666666664,0.0037243368569761515,-1.280565486011168
COHFACE_s36_session0_lamp,3,231,37.7,-0.010395115241408348,-1.2757658205109481
COHFACE_s36_session0_lamp,3,232,37.733333333333334,-0.004868358373641968,-1.133839488786218
COHFACE_s36_session0_lamp,3,233,37.766666666666666,0.005983449053019285,-0.8713743248107313
COHFACE_s36_session0_lamp,3,234,37.8,-0.1081824079155922,-0.5192157145388897
COHFACE_s36_session0_lamp,3,235,37.833333333333336,-0.1961667686700821,-0.11842185168793073
COHFACE_s36_session0_lamp,3,236,37.86666666666667,-0.20435604453086853,0.28539803749566084
COHFACE_s36_session0_lamp,3,237,37.9,-0.0670342892408371,0.6481402203878298
COHFACE_s36_session0_lamp,3,238,37.93333333333333,0.3494895398616791,0.932804015989433
COHFACE_s36_session0_lamp,3,239,37.96666666666667,0.7614951729774475,1.114157223041132
COHFACE_s36_session0_lamp,3,240,38.0,0.9220938682556152,1.1815675108387678
COHFACE_s36_session0_lamp,3,241,38.03333333333333,0.8799775242805481,1.1387629807579183
COHFACE_s36_session0_lamp,3,242,38.06666666666667,0.7839652895927429,1.0006420679383023
COHFACE_s36_session0_lamp,3,243,38.1,0.6368405818939209,0.7885989388976601
COHFACE_s36_session0_lamp,3,244,38.13333333333333,0.43884551525115967,0.5259831530864862
COHFACE_s36_session0_lamp,3,245,38.166666666666664,0.38575637340545654,0.2351631966436152
COHFACE_s36_session0_lamp,3,246,38.2,0.4182714521884918,-0.06354910192278652
COHFACE_s36_session0_lamp,3,247,38.233333333333334,0.42299139499664307,-0.3520233715759802
COHFACE_s36_session0_lamp,3,248,38.266666666666666,0.458330363035202,-0.6138605840414079
COHFACE_s36_session0_lamp,3,249,38.3,0.4505848288536072,-0.8331068315210932
COHFACE_s36_session0_lamp,3,250,38.333333333333336,0.38494953513145447,-0.9928015787034827
COHFACE_s36_session0_lamp,3,251,38.36666666666667,0.31794264912605286,-1.0748354738678079
COHFACE_s36_session0_lamp,3,252,38.4,0.23443618416786194,-1.0619827501097856
COHFACE_s36_session0_lamp,3,253,38.43333333333333,0.11760780215263367,-0.9421060332560452
COHFACE_s36_session0_lamp,3,254,38.46666666666667,0.002393074333667755,-0.7137159304155687
COHFACE_s36_session0_lamp,3,255,38.5,-0.07635312527418137,-0.3913136210902491
COHFACE_s36_session0_lamp,3,256,38.53333333333333,-0.09797605872154236,-0.007915971426115727
COHFACE_s36_session0_lamp,3,257,38.56666666666667,0.10042241215705872,0.38829351714096166
COHFACE_s36_session0_lamp,3,258,38.6,0.6088840365409851,0.7433662284628548
COHFACE_s36_session0_lamp,3,259,38.63333333333333,1.0758748054504395,1.0101410554107602
COHFACE_s36_session0_lamp,3,260,38.666666666666664,1.2539010047912598,1.1590570992225293
COHFACE_s36_session0_lamp,3,261,38.7,1.2458326816558838,1.1813591555815393
COHFACE_s36_session0_lamp,3,262,38.733333333333334,1.1583324670791626,1.0846874381770164
COHFACE_s36_session0_lamp,3,263,38.766666666666666,0.9944661259651184,0.8867672605563709
COHFACE_s36_session0_lamp,3,264,38.8,0.8065160512924194,0.6106509840312255
COHFACE_s36_session0_lamp,3,265,38.833333333333336,0.7088901400566101,0.28188796769538216
COHFACE_s36_session0_lamp,3,266,38.86666666666667,0.6958599090576172,-0.07255996565063709
COHFACE_s36_session0_lamp,3,267,38.9,0.6791989207267761,-0.4242099113394088
COHFACE_s36_session0_lamp,3,268,38.93333333333333,0.6499515175819397,-0.7426812110870009
COHFACE_s36_session0_lamp,3,269,38.96666666666667,0.6053340435028076,-0.9960864353395201
COHFACE_s36_session0_lamp,3,270,39.0,0.48519766330718994,-1.1534606684542434
COHFACE_s36_session0_lamp,3,271,39.03333333333333,0.3717176020145416,-1.1903320354299802
COHFACE_s36_session0_lamp,3,272,39.06666666666667,0.3080187141895294,-1.0960301590459014
COHFACE_s36_session0_lamp,3,273,39.1,0.20660069584846497,-0.879024470393393
COHFACE_s36_session0_lamp,3,274,39.13333333333333,0.03611839562654495,-0.5678088040385368
COHFACE_s36_session0_lamp,3,275,39.166666666666664,-0.08664015680551529,-0.20661966406636256
COHFACE_s36_session0_lamp,3,276,39.2,-0.11060288548469543,0.15308321853572254
COHFACE_s36_session0_lamp,3,277,39.233333333333334,0.12386070191860199,0.46291765839862564
COHFACE_s36_session0_lamp,3,278,39.266666666666666,0.6770608425140381,0.6868974314470914
COHFACE_s36_session0_lamp,3,279,39.3,1.1286816596984863,0.8071191336323593
COHFACE_s36_session0_lamp,3,280,39.333333333333336,1.311387300491333,0.8247186643181421
COHFACE_s36_session0_lamp,3,281,39.36666666666667,1.3531405925750732,0.7566487460944704
COHFACE_s36_session0_lamp,3,282,39.4,1.3719395399093628,0.6296588877338622
COHFACE_s36_session0_lamp,3,283,39.43333333333333,1.2642686367034912,0.4734046422789671
COHFACE_s36_session0_lamp,3,284,39.46666666666667,1.052839994430542,0.31424733104933983
COHFACE_s36_session0_lamp,3,285,39.5,0.9844211339950562,0.17076441252897537
COHFACE_s36_session0_lamp,3,286,39.53333333333333,0.9886166453361511,0.051834769532430325
COHFACE_s36_session0_lamp,3,287,39.56666666666667,0.9740937948226929,-0.04206994864432805
COHFACE_s36_session0_lamp,3,288,39.6,0.9753443598747253,-0.11541273249714698
COHFACE_s36_session0_lamp,3,289,39.63333333333333,0.9400860667228699,-0.1743606997209494
COHFACE_s36_session0_lamp,3,290,39.666666666666664,0.8228542804718018,-0.22464646549223194
COHFACE_s36_session0_lamp,3,291,39.7,0.6890018582344055,-0.2696877960454235
COHFACE_s36_session0_lamp,3,292,39.733333333333334,0.5639438629150391,-0.3091727241806862
COHFACE_s36_session0_lamp,3,293,39.766666666666666,0.43469035625457764,-0.33938445727159544
COHFACE_s36_session0_lamp,3,294,39.8,0.2834508419036865,-0.35501572898562905
COHFACE_s36_session0_lamp,3,295,39.833333333333336,0.18909257650375366,-0.35076174731567555
COHFACE_s36_session0_lamp,3,296,39.86666666666667,0.2709047198295593,-0.3224289948255084
COHFACE_s36_session0_lamp,3,297,39.9,0.7399529218673706,-0.26874979798560833
COHFACE_s36_session0_lamp,3,298,39.93333333333333,1.3283710479736328,-0.19331671981738127
COHFACE_s36_session0_lamp,3,299,39.96666666666667,1.702254056930542,-0.10437509705319273
COHFACE_s36_session0_lamp,4,0,40.0,1.8715261220932007,-0.09536241380952633
COHFACE_s36_session0_lamp,4,1,40.03333333333333,1.883588194847107,-0.24785696667068816
COHFACE_s36_session0_lamp,4,2,40.06666666666667,1.8743096590042114,-0.4104701590839507
COHFACE_s36_session0_lamp,4,3,40.1,1.780637264251709,-0.5877525398248431
COHFACE_s36_session0_lamp,4,4,40.13333333333333,1.5828438997268677,-0.7734919471264745
COHFACE_s36_session0_lamp,4,5,40.166666666666664,1.453993797302246,-0.9502663403523647
COHFACE_s36_session0_lamp,4,6,40.2,1.4469743967056274,-1.0929725795199492
COHFACE_s36_session0_lamp,4,7,40.233333333333334,1.4240201711654663,-1.174304558794062
COHFACE_s36_session0_lamp,4,8,40.266666666666666,1.3106207847595215,-1.1707418332072648
COHFACE_s36_session0_lamp,4,9,40.3,1.1991175413131714,-1.0684070459299417
COHFACE_s36_session0_lamp,4,10,40.333333333333336,1.0689361095428467,-0.8677318446405997
COHFACE_s36_session0_lamp,4,11,40.36666666666667,0.8806633353233337,-0.5855114919271528
COHFACE_s36_session0_lamp,4,12,40.4,0.7493927478790283,-0.2531228129631455
COHFACE_s36_session0_lamp,4,13,40.43333333333333,0.6225597262382507,0.08982844031271132
COHFACE_s36_session0_lamp,4,14,40.46666666666667,0.41556859016418457,0.40472736626491956
COHFACE_s36_session0_lamp,4,15,40.5,0.28127241134643555,0.6621522510667748
COHFACE_s36_session0_lamp,4,16,40.53333333333333,0.5133155584335327,0.8464170418721129
COHFACE_s36_session0_lamp,4,17,40.56666666666667,1.0983046293258667,0.9555316251210316
COHFACE_s36_session0_lamp,4,18,40.6,1.6771618127822876,0.9974100483446019
COHFACE_s36_session0_lamp,4,19,40.63333333333333,1.9980767965316772,0.9846532077602013
COHFACE_s36_session0_lamp,4,20,40.666666666666664,2.0696020126342773,0.9299748827453724
COHFACE_s36_session0_lamp,4,21,40.7,2.0552403926849365,0.8436688754737593
COHFACE_s36_session0_lamp,4,22,40.733333333333334,1.9912590980529785,0.7332803216522437
COHFACE_s36_session0_lamp,4,23,40.766666666666666,1.80859375,0.6044774974220193
COHFACE_s36_session0_lamp,4,24,40.8,1.6108406782150269,0.462223546303825
COHFACE_s36_session0_lamp,4,25,40.833333333333336,1.541332721710205,0.3116913009797811
COHFACE_s36_session0_lamp,4,26,40.86666666666667,1.4707354307174683,0.15889032443728907
COHFACE_s36_session0_lamp,4,27,40.9,1.347855806350708,0.0114518733155731
COHFACE_s36_session0_lamp,4,28,40.93333333333333,1.2117443084716797,-0.12100316737490804
COHFACE_s36_session0_lamp,4,29,40.96666666666667,1.0749067068099976,-0.2283672379413353
COHFACE_s36_session0_lamp,4,30,41.0,0.8876020312309265,-0.30299307308384804
COHFACE_s36_session0_lamp,4,31,41.03333333333333,0.7138924598693848,-0.34184699718946143
COHFACE_s36_session0_lamp,4,32,41.06666666666667,0.5375202894210815,-0.346881279371982
COHFACE_s36_session0_lamp,4,33,41.1,0.3396059274673462,-0.3241074206370446
COHFACE_s36_session0_lamp,4,34,41.13333333333333,0.17820042371749878,-0.2822571824370094
COHFACE_s36_session0_lamp,4,35,41.166666666666664,0.12494991719722748,-0.23207122046952863
COHFACE_s36_session0_lamp,4,36,41.2,0.44525977969169617,-0.18596969015937334
COHFACE_s36_session0_lamp,4,37,41.233333333333334,1.1371935606002808,-0.15668098035336028
COHFACE_s36_session0_lamp,4,38,41.266666666666666,1.7040694952011108,-0.15478657229541384
COHFACE_s36_session0_lamp,4,39,41.3,1.9388154745101929,-0.18659242054768832
COHFACE_s36_session0_lamp,4,40,41.333333333333336,1.9582599401474,-0.25312726859501283
COHFACE_s36_session0_lamp,4,41,41.36666666666667,1.8925843238830566,-0.35029132931730256
COHFACE_s36_session0_lamp,4,42,41.4,1.7396100759506226,-0.46950133194623084
COHFACE_s36_session0_lamp,4,43,41.43333333333333,1.5605754852294922,-0.5977098465578825
COHFACE_s36_session0_lamp,4,44,41.46666666666667,1.4211559295654297,-0.7171785237747645
COHFACE_s36_session0_lamp,4,45,41.5,1.3384159803390503,-0.8067713931311756
COHFACE_s36_session0_lamp,4,46,41.53333333333333,1.2837132215499878,-0.8450581284403932
COHFACE_s36_session0_lamp,4,47,41.56666666666667,1.1718064546585083,-0.8138992437959477
COHFACE_s36_session0_lamp,4,48,41.6,0.971834659576416,-0.7018493589898436
COHFACE_s36_session0_lamp,4,49,41.63333333333333,0.7940909266471863,-0.5074340828204027
COHFACE_s36_session0_lamp,4,50,41.666666666666664,0.594119131565094,-0.24154725474640457
COHFACE_s36_session0_lamp,4,51,41.7,0.3845057785511017,0.07250638892726309
COHFACE_s36_session0_lamp,4,52,41.733333333333334,0.20430123805999756,0.4019852709200723
COHFACE_s36_session0_lamp,4,53,41.766666666666666,0.024459760636091232,0.7103443680807419
COHFACE_s36_session0_lamp,4,54,41.8,-0.17450349032878876,0.9642633860528207
COHFACE_s36_session0_lamp,4,55,41.833333333333336,-0.20766402781009674,1.1400497814484618
COHFACE_s36_session0_lamp,4,56,41.86666666666667,0.19679775834083557,1.22741187219355
COHFACE_s36_session0_lamp,4,57,41.9,0.8747735023498535,1.2289711156289052
COHFACE_s36_session0_lamp,4,58,41.93333333333333,1.3876726627349854,1.1563050072500278
COHFACE_s36_session0_lamp,4,59,41.96666666666667,1.558477759361267,1.02550989201331
COHFACE_s36_session0_lamp,4,60,42.0,1.5471822023391724,0.8536683019109496
COHFACE_s36_session0_lamp,4,61,42.03333333333333,1.4577858448028564,0.655769703575042
COHFACE_s36_session0_lamp,4,62,42.06666666666667,1.3140095472335815,0.4426484683933703
COHFACE_s36_session0_lamp,4,63,42.1,1.1003620624542236,0.22147801308697387
COHFACE_s36_session0_lamp,4,64,42.13333333333333,0.907893717288971,-0.00155503838030897
COHFACE_s36_session0_lamp,4,65,42.166666666666664,0.8129706382751465,-0.21860494800885588
COHFACE_s36_session0_lamp,4,66,42.2,0.7687565684318542,-0.4191220147620183
COHFACE_s36_session0_lamp,4,67,42.233333333333334,0.6668545007705688,-0.590973931533553
COHFACE_s36_session0_lamp,4,68,42.266666666666666,0.5184792280197144,-0.7230407512751758
COHFACE_s36_session0_lamp,4,69,42.3,0.35267651081085205,-0.8075149013665238
COHFACE_s36_session0_lamp,4,70,42.333333333333336,0.17577995359897614,-0.8409900105357511
COHFACE_s36_session0_lamp,4,71,42.36666666666667,0.03700590133666992,-0.824465295308238
COHFACE_s36_session0_lamp,4,72,42.4,-0.12500472366809845,-0.7628780502905995
COHFACE_s36_session0_lamp,4,73,42.43333333333333,-0.3072666823863983,-0.6650581184342186
COHFACE_s36_session0_lamp,4,74,42.46666666666667,-0.4935627579689026,-0.543622683645596
COHFACE_s36_session0_lamp,4,75,42.5,-0.5525820851325989,-0.4131100758474977
COHFACE_s36_session0_lamp,4,76,42.53333333333333,-0.22884321212768555,-0.2865650693228915
COHFACE_s36_session0_lamp,4,77,42.56666666666667,0.4134708344936371,-0.1727174596407984
COHFACE_s36_session0_lamp,4,78,42.6,0.9322598576545715,-0.07487247644498407
COHFACE_s36_session0_lamp,4,79,42.63333333333333,1.0764799118041992,0.008626081647416774
COHFACE_s36_session0_lamp,4,80,42.666666666666664,1.0451347827911377,0.08274563766749443
COHFACE_s36_session0_lamp,4,81,42.7,0.9805483818054199,0.1534586380254611
COHFACE_s36_session0_lamp,4,82,42.733333333333334,0.8569023013114929,0.22531260401820363
COHFACE_s36_session0_lamp,4,83,42.766666666666666,0.6718164682388306,0.2993518757554521
COHFACE_s36_session0_lamp,4,84,42.8,0.5075870752334595,0.37212159508681497
COHFACE_s36_session0_lamp,4,85,42.833333333333336,0.4196430444717407,0.4366022271903547
COHFACE_s36_session0_lamp,4,86,42.86666666666667,0.38236770033836365,0.48483522813843927
COHFACE_s36_session0_lamp,4,87,42.9,0.3098340630531311,0.5109425371826166
COHFACE_s36_session0_lamp,4,88,42.93333333333333,0.1550445258617401,0.5133039605683581
COHFACE_s36_session0_lamp,4,89,42.96666666666667,-0.021609993651509285,0.49497197117858444
COHFACE_s36_session0_lamp,4,90,43.0,-0.1610698401927948,0.4622285275905334
COHFACE_s36_session0_lamp,4,91,43.03333333333333,-0.3473659157752991,0.4220236288931558
COHFACE_s36_session0_lamp,4,92,43.06666666666667,-0.5287403464317322,0.3793338683216898
COHFACE_s36_session0_lamp,4,93,43.1,-0.6324578523635864,0.3355650898455082
COHFACE_s36_session0_lamp,4,94,43.13333333333333,-0.7536834478378296,0.28856886226665324
COHFACE_s36_session0_lamp,4,95,43.166666666666664,-0.8434427976608276,0.23418080022055632
COHFACE_s36_session0_lamp,4,96,43.2,-0.658962070941925,0.1685387817144657
COHFACE_s36_session0_lamp,4,97,43.233333333333334,-0.09482944011688232,0.08995596124650657
COHFACE_s36_session0_lamp,4,98,43.266666666666666,0.41883623600006104,-0.0005205998538398236
COHFACE_s36_session0_lamp,4,99,43.3,0.5903673768043518,-0.10018456690228712
COHFACE_s36_session0_lamp,4,100,43.333333333333336,0.5438942313194275,-0.20653255223546485
COHFACE_s36_session0_lamp,4,101,43.36666666666667,0.4388858377933502,-0.3181252654117557
COHFACE_s36_session0_lamp,4,102,43.4,0.26929107308387756,-0.4339040241335366
COHFACE_s36_session0_lamp,4,103,43.43333333333333,0.07399886846542358,-0.5517982194775503
COHFACE_s36_session0_lamp,4,104,43.46666666666667,-0.059692174196243286,-0.6674601136688807
COHFACE_s36_session0_lamp,4,105,43.5,-0.1350497007369995,-0.7737606049538334
COHFACE_s36_session0_lamp,4,106,43.53333333333333,-0.1559464931488037,-0.8611312385188706
COHFACE_s36_session0_lamp,4,107,43.56666666666667,-0.19326218962669373,-0.9182948758322703
COHFACE_s36_session0_lamp,4,108,43.6,-0.32784074544906616,-0.9332118640212979
COHFACE_s36_session0_lamp,4,109,43.63333333333333,-0.47290802001953125,-0.8943847056114593
COHFACE_s36_session0_lamp,4,110,43.666666666666664,-0.599176287651062,-0.7928716108541904
COHFACE_s36_session0_lamp,4,111,43.7,-0.742468535900116,-0.62539424706913
COHFACE_s36_session0_lamp,4,112,43.733333333333334,-0.847073495388031,-0.3978016284369166
COHFACE_s36_session0_lamp,4,113,43.766666666666666,-0.9703968167304993,-0.12711551560557677
COHFACE_s36_session0_lamp,4,114,43.8,-1.109291911125183,0.15933406831502195
COHFACE_s36_session0_lamp,4,115,43.833333333333336,-1.1875540018081665,0.42851267130953297
COHFACE_s36_session0_lamp,4,116,43.86666666666667,-1.1345858573913574,0.649272613144119
COHFACE_s36_session0_lamp,4,117,43.9,-0.7482776641845703,0.8006272675719495
COHFACE_s36_session0_lamp,4,118,43.93333333333333,-0.2268664836883545,0.8773901037588757
COHFACE_s36_session0_lamp,4,119,43.96666666666667,0.04148378595709801,0.8895358330394507
COHFACE_s36_session0_lamp,4,120,44.0,0.05314242094755173,0.8558530868962686
COHFACE_s36_session0_lamp,4,121,44.03333333333333,-0.06449278444051743,0.7965196397778089
COHFACE_s36_session0_lamp,4,122,44.06666666666667,-0.21557092666625977,0.727510025818971
COHFACE_s36_session0_lamp,4,123,44.1,-0.3695939779281616,0.6574371856949621
COHFACE_s36_session0_lamp,4,124,44.13333333333333,-0.47391656041145325,0.5871753645663966
COHFACE_s36_session0_lamp,4,125,44.166666666666664,-0.5378575325012207,0.5123947000889392
COHFACE_s36_session0_lamp,4,126,44.2,-0.5153067111968994,0.42757932781559915
COHFACE_s36_session0_lamp,4,127,44.233333333333334,-0.47601431608200073,0.32887689026251105
COHFACE_s36_session0_lamp,4,128,44.266666666666666,-0.5387046933174133,0.21511649207106948
COHFACE_s36_session0_lamp,4,129,44.3,-0.642139732837677,0.08839198935464687
COHFACE_s36_session0_lamp,4,130,44.333333333333336,-0.7460185885429382,-0.04546259374078582
COHFACE_s36_session0_lamp,4,131,44.36666666666667,-0.8706731796264648,-0.1773873888478373
COHFACE_s36_session0_lamp,4,132,44.4,-0.9647893905639648,-0.2967266469822609
COHFACE_s36_session0_lamp,4,133,44.43333333333333,-1.0109801292419434,-0.39327804488618123
COHFACE_s36_session0_lamp,4,134,44.46666666666667,-1.066933512687683,-0.45915866413294987
COHFACE_s36_session0_lamp,4,135,44.5,-1.154675841331482,-0.4900786012870537
COHFACE_s36_session0_lamp,4,136,44.53333333333333,-1.2009069919586182,-0.4857958644635024
COHFACE_s36_session0_lamp,4,137,44.56666666666667,-1.0693540573120117,-0.4497229071101322
COHFACE_s36_session0_lamp,4,138,44.6,-0.6308845281600952,-0.3882722737346809
COHFACE_s36_session0_lamp,4,139,44.63333333333333,-0.18475018441677094,-0.3109691389473011
COHFACE_s36_session0_lamp,4,140,44.666666666666664,-0.022699208930134773,-0.23086820014070042
COHFACE_s36_session0_lamp,4,141,44.7,-0.10382554680109024,-0.16345959543452643
COHFACE_s36_session0_lamp,4,142,44.733333333333334,-0.28584545850753784,-0.12364281897996703
COHFACE_s36_session0_lamp,4,143,44.766666666666666,-0.4535441994667053,-0.12192440544467027
COHFACE_s36_session0_lamp,4,144,44.8,-0.6174508929252625,-0.16115068112244016
COHFACE_s36_session0_lamp,4,145,44.833333333333336,-0.661301851272583,-0.23499403098232796
COHFACE_s36_session0_lamp,4,146,44.86666666666667,-0.6216866970062256,-0.3286048701592485
COHFACE_s36_session0_lamp,4,147,44.9,-0.6001444458961487,-0.4209794406286688
COHFACE_s36_session0_lamp,4,148,44.93333333333333,-0.6506921052932739,-0.4885166026752839
COHFACE_s36_session0_lamp,4,149,44.96666666666667,-0.6943817138671875,-0.5092272113661005
COHFACE_s36_session0_lamp,4,150,45.0,-0.7214103937149048,-0.4669693883976398
COHFACE_s36_session0_lamp,4,151,45.03333333333333,-0.8190363049507141,-0.3550027973475112
COHFACE_s36_session0_lamp,4,152,45.06666666666667,-0.9393743872642517,-0.1781054125255147
COHFACE_s36_session0_lamp,4,153,45.1,-1.0139250755310059,0.047473519177721135
COHFACE_s36_session0_lamp,4,154,45.13333333333333,-1.1117527484893799,0.29652973951737216
COHFACE_s36_session0_lamp,4,155,45.166666666666664,-1.2260799407958984,0.5396730548986893
COHFACE_s36_session0_lamp,4,156,45.2,-1.2903436422348022,0.7490455512695273
COHFACE_s36_session0_lamp,4,157,45.233333333333334,-1.2873179912567139,0.9028018743780969
COHFACE_s36_session0_lamp,4,158,45.266666666666666,-1.0439794063568115,0.9875075429932869
COHFACE_s36_session0_lamp,4,159,45.3,-0.550040602684021,0.9990245513264082
COHFACE_s36_session0_lamp,4,160,45.333333333333336,-0.2863295376300812,0.9421778000212946
COHFACE_s36_session0_lamp,4,161,45.36666666666667,-0.34292837977409363,0.8290907155034286
COHFACE_s36_session0_lamp,4,162,45.4,-0.5147016048431396,0.676434582727925
COHFACE_s36_session0_lamp,4,163,45.43333333333333,-0.7029340863227844,0.5021973227851694
COHFACE_s36_session0_lamp,4,164,45.46666666666667,-0.8947569131851196,0.32266591151425883
COHFACE_s36_session0_lamp,4,165,45.5,-0.991898775100708,0.15033022769863993
COHFACE_s36_session0_lamp,4,166,45.53333333333333,-0.9969817399978638,-0.007275144166437365
COHFACE_s36_session0_lamp,4,167,45.56666666666667,-0.9834270477294922,-0.14837482827713414
COHFACE_s36_session0_lamp,4,168,45.6,-0.9997652769088745,-0.2769633087883919
COHFACE_s36_session0_lamp,4,169,45.63333333333333,-1.01384437084198,-0.4006706264762273
COHFACE_s36_session0_lamp,4,170,45.666666666666664,-1.0495867729187012,-0.526946726328038
COHFACE_s36_session0_lamp,4,171,45.7,-1.1521342992782593,-0.6597979493520901
COHFACE_s36_session0_lamp,4,172,45.733333333333334,-1.2569410800933838,-0.7980231351393078
COHFACE_s36_session0_lamp,4,173,45.766666666666666,-1.3166460990905762,-0.9344616068378901
COHFACE_s36_session0_lamp,4,174,45.8,-1.393576979637146,-1.0560684764713162
COHFACE_s36_session0_lamp,4,175,45.833333333333336,-1.5197645425796509,-1.1450399924317958
COHFACE_s36_session0_lamp,4,176,45.86666666666667,-1.5741446018218994,-1.181176753562717
COHFACE_s36_session0_lamp,4,177,45.9,-1.5891516208648682,-1.1455297441861885
COHFACE_s36_session0_lamp,4,178,45.93333333333333,-1.4187499284744263,-1.0247341003482273
COHFACE_s36_session0_lamp,4,179,45.96666666666667,-0.9264651536941528,-0.8148209823716317
COHFACE_s36_session0_lamp,4,180,46.0,-0.5537922978401184,-0.5236938017380813
COHFACE_s36_session0_lamp,4,181,46.03333333333333,-0.5527837872505188,-0.1719311566573011
COHFACE_s36_session0_lamp,4,182,46.06666666666667,-0.7214910387992859,0.20878497892069944
COHFACE_s36_session0_lamp,4,183,46.1,-0.8806778192520142,0.5804989646817988
COHFACE_s36_session0_lamp,4,184,46.13333333333333,-1.0662074089050293,0.9062207723937955
COHFACE_s36_session0_lamp,4,185,46.166666666666664,-1.1954206228256226,1.1570494094871568
COHFACE_s36_session0_lamp,4,186,46.2,-1.201754093170166,1.3168690815490445
COHFACE_s36_session0_lamp,4,187,46.233333333333334,-1.1391041278839111,1.3829457424970575
COHFACE_s36_session0_lamp,4,188,46.266666666666666,-1.0633431673049927,1.362791288015658
COHFACE_s36_session0_lamp,4,189,46.3,-1.0405503511428833,1.269566563059584
COHFACE_s36_session0_lamp,4,190,46.333333333333336,-1.084481954574585,1.1181936860203712
COHFACE_s36_session0_lamp,4,191,46.36666666666667,-1.1190141439437866,0.9237653842374415
COHFACE_s36_session0_lamp,4,192,46.4,-1.1620583534240723,0.7018252628725823
COHFACE_s36_session0_lamp,4,193,46.43333333333333,-1.207522988319397,0.46828957812041466
COHFACE_s36_session0_lamp,4,194,46.46666666666667,-1.271504282951355,0.23825713238313345
COHFACE_s36_session0_lamp,4,195,46.5,-1.3434730768203735,0.02466442200436963
COHFACE_s36_session0_lamp,4,196,46.53333333333333,-1.4141913652420044,-0.16260430344945528
COHFACE_s36_session0_lamp,4,197,46.56666666666667,-1.4536855220794678,-0.31703963264679574
COHFACE_s36_session0_lamp,4,198,46.6,-1.37590754032135,-0.43530700935931876
COHFACE_s36_session0_lamp,4,199,46.63333333333333,-0.9495000243186951,-0.5167040125934185
COHFACE_s36_session0_lamp,4,200,46.666666666666664,-0.400898814201355,-0.562673454563973
COHFACE_s36_session0_lamp,4,201,46.7,-0.17414042353630066,-0.5768870238833365
COHFACE_s36_session0_lamp,4,202,46.733333333333334,-0.2785840332508087,-0.5657481138486026
COHFACE_s36_session0_lamp,4,203,46.766666666666666,-0.4139290452003479,-0.538535737530291
COHFACE_s36_session0_lamp,4,204,46.8,-0.552219033241272,-0.5068755540276362
COHFACE_s36_session0_lamp,4,205,46.833333333333336,-0.7540868520736694,-0.4837710572835244
COHFACE_s36_session0_lamp,4,206,46.86666666666667,-0.8626049160957336,-0.4818537525549011
COHFACE_s36_session0_lamp,4,207,46.9,-0.8205289244651794,-0.5100857131576677
COHFACE_s36_session0_lamp,4,208,46.93333333333333,-0.7772830724716187,-0.5696365644862826
COHFACE_s36_session0_lamp,4,209,46.96666666666667,-0.7628408670425415,-0.6510701401223499
COHFACE_s36_session0_lamp,4,210,47.0,-0.7776864767074585,-0.7343928149579321
COHFACE_s36_session0_lamp,4,211,47.03333333333333,-0.8117748498916626,-0.7925695711543117
COHFACE_s36_session0_lamp,4,212,47.06666666666667,-0.8768050670623779,-0.7975116912449138
COHFACE_s36_session0_lamp,4,213,47.1,-0.9419158697128296,-0.7261071103841344
COHFACE_s36_session0_lamp,4,214,47.13333333333333,-1.0098103284835815,-0.5652682098614724
COHFACE_s36_session0_lamp,4,215,47.166666666666664,-1.0739933252334595,-0.31642383927234397
COHFACE_s36_session0_lamp,4,216,47.2,-1.113769769668579,0.0014497251730003994
COHFACE_s36_session0_lamp,4,217,47.233333333333334,-1.1236131191253662,0.3524245528407399
COHFACE_s36_session0_lamp,4,218,47.266666666666666,-1.1593958139419556,0.6896791648892316
COHFACE_s36_session0_lamp,4,219,47.3,-1.0491430759429932,0.9678969307767126
COHFACE_s36_session0_lamp,4,220,47.333333333333336,-0.512039065361023,1.1571502661639306
COHFACE_s36_session0_lamp,4,221,47.36666666666667,0.049511704593896866,1.248679961039711
COHFACE_s36_session0_lamp,4,222,47.4,0.2026069015264511,1.2507862236904121
COHFACE_s36_session0_lamp,4,223,47.43333333333333,0.10437586158514023,1.1811698364848895
COHFACE_s36_session0_lamp,4,224,47.46666666666667,-0.02770152874290943,1.059885576551121
COHFACE_s36_session0_lamp,4,225,47.5,-0.19072069227695465,0.9039155497091503
COHFACE_s36_session0_lamp,4,226,47.53333333333333,-0.36128365993499756,0.7242230537829006
COHFACE_s36_session0_lamp,4,227,47.56666666666667,-0.4359554052352905,0.5259907333129574
COHFACE_s36_session0_lamp,4,228,47.6,-0.4303479492664337,0.31147592804412433
COHFACE_s36_session0_lamp,4,229,47.63333333333333,-0.37612926959991455,0.08380610654311928
COHFACE_s36_session0_lamp,4,230,47.666666666666664,-0.3480517268180847,-0.1501033004075314
COHFACE_s36_session0_lamp,4,231,47.7,-0.401907354593277,-0.3790725224792698
COHFACE_s36_session0_lamp,4,232,47.733333333333334,-0.46641308069229126,-0.5892233991494781
COHFACE_s36_session0_lamp,4,233,47.766666666666666,-0.5112322568893433,-0.7653944892690356
COHFACE_s36_session0_lamp,4,234,47.8,-0.6041382551193237,-0.8920224397037391
COHFACE_s36_session0_lamp,4,235,47.833333333333336,-0.7165694236755371,-0.9549830119880345
COHFACE_s36_session0_lamp,4,236,47.86666666666667,-0.7348843812942505,-0.9448043724329663
COHFACE_s36_session0_lamp,4,237,47.9,-0.7480356097221375,-0.8603612349807729
COHFACE_s36_session0_lamp,4,238,47.93333333333333,-0.8248454332351685,-0.7114885837494158
COHFACE_s36_session0_lamp,4,239,47.96666666666667,-0.8598616719245911,-0.5186115207531811
COHFACE_s36_session0_lamp,4,240,48.0,-0.6481909155845642,-0.30893466304168
COHFACE_s36_session0_lamp,4,241,48.03333333333333,-0.10184882581233978,-0.11034028477231009
COHFACE_s36_session0_lamp,4,242,48.06666666666667,0.377204030752182,0.054934435776697724
COHFACE_s36_session0_lamp,4,243,48.1,0.4820510447025299,0.17424006923868685
COHFACE_s36_session0_lamp,4,244,48.13333333333333,0.31427159905433655,0.24493247283837552
COHFACE_s36_session0_lamp,4,245,48.166666666666664,0.12232773751020432,0.27177014036417235
COHFACE_s36_session0_lamp,4,246,48.2,-0.023828765377402306,0.2628519844196463
COHFACE_s36_session0_lamp,4,247,48.233333333333334,-0.1425531804561615,0.22633799292520373
COHFACE_s36_session0_lamp,4,248,48.266666666666666,-0.2237602025270462,0.16929103854220529
COHFACE_s36_session0_lamp,4,249,48.3,-0.18733201920986176,0.0987961061783936
COHFACE_s36_session0_lamp,4,250,48.333333333333336,-0.11649271100759506,0.02412935875335499
COHFACE_s36_session0_lamp,4,251,48.36666666666667,-0.11822738498449326,-0.042298735072571335
COHFACE_s36_session0_lamp,4,252,48.4,-0.14243216812610626,-0.08623780785620952
COHFACE_s36_session0_lamp,4,253,48.43333333333333,-0.16623352468013763,-0.09460750700783944
COHFACE_s36_session0_lamp,4,254,48.46666666666667,-0.22428464889526367,-0.05937731007862792
COHFACE_s36_session0_lamp,4,255,48.5,-0.32021623849868774,0.018716725847316866
COHFACE_s36_session0_lamp,4,256,48.53333333333333,-0.3626149296760559,0.1284427960085888
COHFACE_s36_session0_lamp,4,257,48.56666666666667,-0.3828662633895874,0.2505328357511819
COHFACE_s36_session0_lamp,4,258,48.6,-0.4246598482131958,0.3636137466942913
COHFACE_s36_session0_lamp,4,259,48.63333333333333,-0.4451128840446472,0.4500935284498619
COHFACE_s36_session0_lamp,4,260,48.666666666666664,-0.4472913146018982,0.49977090372098365
COHFACE_s36_session0_lamp,4,261,48.7,-0.22739093005657196,0.5106706973941255
COHFACE_s36_session0_lamp,4,262,48.733333333333334,0.29640039801597595,0.4875196878382391
COHFACE_s36_session0_lamp,4,263,48.766666666666666,0.6825069189071655,0.4390183539402857
COHFACE_s36_session0_lamp,4,264,48.8,0.6695170402526855,0.37495471357490934
COHFACE_s36_session0_lamp,4,265,48.833333333333336,0.4488905072212219,0.3038939335565354
COHFACE_s36_session0_lamp,4,266,48.86666666666667,0.2567852735519409,0.2317696191791511
COHFACE_s36_session0_lamp,4,267,48.9,0.0654868558049202,0.16130254832862345
COHFACE_s36_session0_lamp,4,268,48.93333333333333,-0.09612035751342773,0.09198366748940019
COHFACE_s36_session0_lamp,4,269,48.96666666666667,-0.10592329502105713,0.020283238987204702
COHFACE_s36_session0_lamp,4,270,49.0,-0.029153816401958466,-0.059734877385138885
COHFACE_s36_session0_lamp,4,271,49.03333333333333,-0.03363170102238655,-0.15476656565849023
COHFACE_s36_session0_lamp,4,272,49.06666666666667,-0.11253926903009415,-0.2697698873293026
COHFACE_s36_session0_lamp,4,273,49.1,-0.14497366547584534,-0.4056268746213788
COHFACE_s36_session0_lamp,4,274,49.13333333333333,-0.19382697343826294,-0.5575991719777663
COHFACE_s36_session0_lamp,4,275,49.166666666666664,-0.29318755865097046,-0.7147449721194976
COHFACE_s36_session0_lamp,4,276,49.2,-0.3830276429653168,-0.8603838373673469
COHFACE_s36_session0_lamp,4,277,49.233333333333334,-0.44414469599723816,-0.9736249397005624
COHFACE_s36_session0_lamp,4,278,49.266666666666666,-0.5343478322029114,-1.0320503657835243
COHFACE_s36_session0_lamp,4,279,49.3,-0.6395982503890991,-1.01562907430423
COHFACE_s36_session0_lamp,4,280,49.333333333333336,-0.6764298677444458,-0.911492623875586
COHFACE_s36_session0_lamp,4,281,49.36666666666667,-0.5424967408180237,-0.7186958947445913
COHFACE_s36_session0_lamp,4,282,49.4,-0.059772856533527374,-0.45133360469322636
COHFACE_s36_session0_lamp,4,283,49.43333333333333,0.44671207666397095,-0.13792934654769584
COHFACE_s36_session0_lamp,4,284,49.46666666666667,0.5806451439857483,0.18347130872369163
COHFACE_s36_session0_lamp,4,285,49.5,0.4646236002445221,0.47335057373624995
COHFACE_s36_session0_lamp,4,286,49.53333333333333,0.2902281880378723,0.6995285237947698
COHFACE_s36_session0_lamp,4,287,49.56666666666667,0.09336268901824951,0.8435203925413639
COHFACE_s36_session0_lamp,4,288,49.6,-0.06727633625268936,0.9025545321515231
COHFACE_s36_session0_lamp,4,289,49.63333333333333,-0.10430964082479477,0.8870105956137543
COHFACE_s36_session0_lamp,4,290,49.666666666666664,-0.05598077550530434,0.8148745341409885
COHFACE_s36_session0_lamp,4,291,49.7,-0.010274091735482216,0.7062546546775726
COHFACE_s36_session0_lamp,4,292,49.733333333333334,-0.0011569594498723745,0.5796299619523018
COHFACE_s36_session0_lamp,4,293,49.766666666666666,-0.02516002766788006,0.44984954916618564
COHFACE_s36_session0_lamp,4,294,49.8,-0.09136008471250534,0.327432537863682
COHFACE_s36_session0_lamp,4,295,49.833333333333336,-0.16893638670444489,0.2184847172338516
COHFACE_s36_session0_lamp,4,296,49.86666666666667,-0.2218238264322281,0.12504052478948516
COHFACE_s36_session0_lamp,4,297,49.9,-0.30738770961761475,0.04618378923240937
COHFACE_s36_session0_lamp,4,298,49.93333333333333,-0.4194154739379883,-0.02036205972763499
COHFACE_s36_session0_lamp,4,299,49.96666666666667,-0.45899027585983276,-0.07710781130919964
