recording_id,measurement_id,sample_index,time_seconds,gt_signal,predicted_signal
UBFC_PHYS_s09_T2_test,0,0,0.0,0.21960735321044922,0.014543312710113773
UBFC_PHYS_s09_T2_test,0,1,0.03333333333333333,0.1735176295042038,-1.2344530665281275
UBFC_PHYS_s09_T2_test,0,2,0.06666666666666667,0.11666732281446457,-2.3206260437466373
UBFC_PHYS_s09_T2_test,0,3,0.1,0.06282241642475128,-3.109560432818396
UBFC_PHYS_s09_T2_test,0,4,0.13333333333333333,-0.003226214786991477,-3.528399532339018
UBFC_PHYS_s09_T2_test,0,5,0.16666666666666666,-0.16002516448497772,-3.577793831532357
UBFC_PHYS_s09_T2_test,0,6,0.2,-0.42209699749946594,-3.3147287914044163
UBFC_PHYS_s09_T2_test,0,7,0.23333333333333334,-0.6276758313179016,-2.826591808422272
UBFC_PHYS_s09_T2_test,0,8,0.26666666666666666,-0.5524428486824036,-2.2093434468465176
UBFC_PHYS_s09_T2_test,0,9,0.3,-0.18960973620414734,-1.552214557734844
UBFC_PHYS_s09_T2_test,0,10,0.3333333333333333,0.22822421789169312,-0.9287660877086059
UBFC_PHYS_s09_T2_test,0,11,0.36666666666666664,0.5058414340019226,-0.3923399631426063
UBFC_PHYS_s09_T2_test,0,12,0.4,0.6062104105949402,0.025641733653415003
UBFC_PHYS_s09_T2_test,0,13,0.43333333333333335,0.5595672726631165,0.3149827917749764
UBFC_PHYS_s09_T2_test,0,14,0.4666666666666667,0.42191457748413086,0.4840454316244464
UBFC_PHYS_s09_T2_test,0,15,0.5,0.2813965976238251,0.5554428179703457
UBFC_PHYS_s09_T2_test,0,16,0.5333333333333333,0.18855860829353333,0.5600985647568536
UBFC_PHYS_s09_T2_test,0,17,0.5666666666666667,0.12306342273950577,0.5295766000182389
UBFC_PHYS_s09_T2_test,0,18,0.6,0.06437765806913376,0.48869842202816555
UBFC_PHYS_s09_T2_test,0,19,0.6333333333333333,0.005881042685359716,0.4522790580931093
UBFC_PHYS_s09_T2_test,0,20,0.6666666666666666,-0.07588811963796616,0.426362755555309
UBFC_PHYS_s09_T2_test,0,21,0.7,-0.22718767821788788,0.4109003568492129
UBFC_PHYS_s09_T2_test,0,22,0.7333333333333333,-0.45872920751571655,0.4024812845647283
UBFC_PHYS_s09_T2_test,0,23,0.7666666666666667,-0.6201798319816589,0.3977030122348999
UBFC_PHYS_s09_T2_test,0,24,0.8,-0.4766354560852051,0.39625142134179975
UBFC_PHYS_s09_T2_test,0,25,0.8333333333333334,-0.059775277972221375,0.4013775884802411
UBFC_PHYS_s09_T2_test,0,26,0.8666666666666667,0.33133238554000854,0.417664789536221
UBFC_PHYS_s09_T2_test,0,27,0.9,0.4948006570339203,0.4481962470122494
UBFC_PHYS_s09_T2_test,0,28,0.9333333333333333,0.4659586548805237,0.49241448469281335
UBFC_PHYS_s09_T2_test,0,29,0.9666666666666667,0.3372451066970825,0.5448639504558306
UBFC_PHYS_s09_T2_test,0,30,1.0,0.17494677007198334,0.5947968453538675
UBFC_PHYS_s09_T2_test,0,31,1.0333333333333334,0.04516134411096573,0.6264921555958851
UBFC_PHYS_s09_T2_test,0,32,1.0666666666666667,-0.03466726839542389,0.6212620278542266
UBFC_PHYS_s09_T2_test,0,33,1.1,-0.09782960265874863,0.5629157759354
UBFC_PHYS_s09_T2_test,0,34,1.1333333333333333,-0.16329677402973175,0.44505444912397174
UBFC_PHYS_s09_T2_test,0,35,1.1666666666666667,-0.233058363199234,0.27543800590114353
UBFC_PHYS_s09_T2_test,0,36,1.2,-0.3434523344039917,0.07507647759723698
UBFC_PHYS_s09_T2_test,0,37,1.2333333333333334,-0.5469505190849304,-0.12734068068473922
UBFC_PHYS_s09_T2_test,0,38,1.2666666666666666,-0.7673881649971008,-0.30343927338210663
UBFC_PHYS_s09_T2_test,0,39,1.3,-0.755611777305603,-0.43218395895433065
UBFC_PHYS_s09_T2_test,0,40,1.3333333333333333,-0.3983200490474701,-0.5038425919027447
UBFC_PHYS_s09_T2_test,0,41,1.3666666666666667,0.08208777010440826,-0.5204537933590814
UBFC_PHYS_s09_T2_test,0,42,1.4,0.3894226849079132,-0.4932618806866909
UBFC_PHYS_s09_T2_test,0,43,1.4333333333333333,0.46546828746795654,-0.43831536503722207
UBFC_PHYS_s09_T2_test,0,44,1.4666666666666666,0.40494003891944885,-0.37172694422556657
UBFC_PHYS_s09_T2_test,0,45,1.5,0.2698373794555664,-0.3061230351195122
UBFC_PHYS_s09_T2_test,0,46,1.5333333333333334,0.11182647198438644,-0.24907062425645313
UBFC_PHYS_s09_T2_test,0,47,1.5666666666666667,-0.0025326621253043413,-0.20343993850442055
UBFC_PHYS_s09_T2_test,0,48,1.6,-0.06247943267226219,-0.16884873411501503
UBFC_PHYS_s09_T2_test,0,49,1.6333333333333333,-0.10388242453336716,-0.14277561939609432
UBFC_PHYS_s09_T2_test,0,50,1.6666666666666667,-0.15736304223537445,-0.12117332140678864
UBFC_PHYS_s09_T2_test,0,51,1.7,-0.2534586191177368,-0.09965016122151171
UBFC_PHYS_s09_T2_test,0,52,1.7333333333333334,-0.43728509545326233,-0.07534680729571508
UBFC_PHYS_s09_T2_test,0,53,1.7666666666666666,-0.6708301901817322,-0.04859077329557971
UBFC_PHYS_s09_T2_test,0,54,1.8,-0.7361502647399902,-0.023142520840742344
UBFC_PHYS_s09_T2_test,0,55,1.8333333333333333,-0.4611601233482361,-0.003889668289351337
UBFC_PHYS_s09_T2_test,0,56,1.8666666666666667,0.009699084796011448,0.006706901377600154
UBFC_PHYS_s09_T2_test,0,57,1.9,0.3645808696746826,0.009976001669068901
UBFC_PHYS_s09_T2_test,0,58,1.9333333333333333,0.47677528858184814,0.009408885724551374
UBFC_PHYS_s09_T2_test,0,59,1.9666666666666666,0.42384812235832214,0.008076774067510815
UBFC_PHYS_s09_T2_test,0,60,2.0,0.2871761918067932,0.0067180433573848525
UBFC_PHYS_s09_T2_test,0,61,2.033333333333333,0.11216273903846741,0.0033045148395792426
UBFC_PHYS_s09_T2_test,0,62,2.066666666666667,-0.043795544654130936,-0.005885961825501831
UBFC_PHYS_s09_T2_test,0,63,2.1,-0.15016131103038788,-0.024430593590622794
UBFC_PHYS_s09_T2_test,0,64,2.1333333333333333,-0.2259056568145752,-0.05374625129085378
UBFC_PHYS_s09_T2_test,0,65,2.1666666666666665,-0.2992611229419708,-0.09123844108073773
UBFC_PHYS_s09_T2_test,0,66,2.2,-0.3882180154323578,-0.1291557860452364
UBFC_PHYS_s09_T2_test,0,67,2.2333333333333334,-0.5360288023948669,-0.1548143150568598
UBFC_PHYS_s09_T2_test,0,68,2.2666666666666666,-0.7595559358596802,-0.1525319129974112
UBFC_PHYS_s09_T2_test,0,69,2.3,-0.8772357106208801,-0.10717611294216262
UBFC_PHYS_s09_T2_test,0,70,2.3333333333333335,-0.6495752930641174,-0.00864222893660493
UBFC_PHYS_s09_T2_test,0,71,2.3666666666666667,-0.15810564160346985,0.1439533599010205
UBFC_PHYS_s09_T2_test,0,72,2.4,0.24707624316215515,0.33951164029136066
UBFC_PHYS_s09_T2_test,0,73,2.433333333333333,0.38666948676109314,0.5545360182290625
UBFC_PHYS_s09_T2_test,0,74,2.466666666666667,0.34551867842674255,0.7557514164922384
UBFC_PHYS_s09_T2_test,0,75,2.5,0.21855652332305908,0.9060266826010678
UBFC_PHYS_s09_T2_test,0,76,2.533333333333333,0.04651342332363129,0.9725297474890483
UBFC_PHYS_s09_T2_test,0,77,2.566666666666667,-0.1003095805644989,0.9347796326768891
UBFC_PHYS_s09_T2_test,0,78,2.6,-0.18149727582931519,0.7905707772082554
UBFC_PHYS_s09_T2_test,0,79,2.6333333333333333,-0.22729277610778809,0.5583296247569829
UBFC_PHYS_s09_T2_test,0,80,2.6666666666666665,-0.2732003629207611,0.27406719644742034
UBFC_PHYS_s09_T2_test,0,81,2.7,-0.3358652889728546,-0.01881555713988651
UBFC_PHYS_s09_T2_test,0,82,2.7333333333333334,-0.4619447588920593,-0.28294751129207607
UBFC_PHYS_s09_T2_test,0,83,2.7666666666666666,-0.6673974990844727,-0.49483739638619384
UBFC_PHYS_s09_T2_test,0,84,2.8,-0.7720679044723511,-0.6446616108658918
UBFC_PHYS_s09_T2_test,0,85,2.8333333333333335,-0.5504112839698792,-0.7322472894944531
UBFC_PHYS_s09_T2_test,0,86,2.8666666666666667,-0.07329605519771576,-0.7626713225467759
UBFC_PHYS_s09_T2_test,0,87,2.9,0.34051671624183655,-0.7431502928046284
UBFC_PHYS_s09_T2_test,0,88,2.933333333333333,0.5200487971305847,-0.681835008607681
UBFC_PHYS_s09_T2_test,0,89,2.966666666666667,0.5364558696746826,-0.5880240250493847
UBFC_PHYS_s09_T2_test,0,90,3.0,0.4617202877998352,-0.47297169662215754
UBFC_PHYS_s09_T2_test,0,91,3.033333333333333,0.3004377782344818,-0.3503771321781693
UBFC_PHYS_s09_T2_test,0,92,3.066666666666667,0.11357786506414413,-0.2354435915274846
UBFC_PHYS_s09_T2_test,0,93,3.1,-0.028159083798527718,-0.14152780702182624
UBFC_PHYS_s09_T2_test,0,94,3.1333333333333333,-0.13584189116954803,-0.07595984351400899
UBFC_PHYS_s09_T2_test,0,95,3.1666666666666665,-0.2606953978538513,-0.03881033421509726
UBFC_PHYS_s09_T2_test,0,96,3.2,-0.43907853960990906,-0.02510347685962548
UBFC_PHYS_s09_T2_test,0,97,3.2333333333333334,-0.696078360080719,-0.02758805295097269
UBFC_PHYS_s09_T2_test,0,98,3.2666666666666666,-0.949526309967041,-0.03851429253736206
UBFC_PHYS_s09_T2_test,0,99,3.3,-0.9471163749694824,-0.050574251505290574
UBFC_PHYS_s09_T2_test,0,100,3.3333333333333335,-0.576401948928833,-0.0572546120028264
UBFC_PHYS_s09_T2_test,0,101,3.3666666666666667,-0.0773242637515068,-0.05281870753165129
UBFC_PHYS_s09_T2_test,0,102,3.4,0.24699218571186066,-0.032352737103967855
UBFC_PHYS_s09_T2_test,0,103,3.433333333333333,0.34301769733428955,0.0076031820917615515
UBFC_PHYS_s09_T2_test,0,104,3.466666666666667,0.29786673188209534,0.06798440434143926
UBFC_PHYS_s09_T2_test,0,105,3.5,0.1660146564245224,0.14647991317513284
UBFC_PHYS_s09_T2_test,0,106,3.533333333333333,0.00250435178168118,0.23747163323916845
UBFC_PHYS_s09_T2_test,0,107,3.566666666666667,-0.11978510022163391,0.3324044622908698
UBFC_PHYS_s09_T2_test,0,108,3.6,-0.17683155834674835,0.42066578951339756
UBFC_PHYS_s09_T2_test,0,109,3.6333333333333333,-0.20312350988388062,0.4913226183264286
UBFC_PHYS_s09_T2_test,0,110,3.6666666666666665,-0.25792819261550903,0.535412857380455
UBFC_PHYS_s09_T2_test,0,111,3.7,-0.3953636884689331,0.5478544846787204
UBFC_PHYS_s09_T2_test,0,112,3.7333333333333334,-0.6090620160102844,0.5281863602562316
UBFC_PHYS_s09_T2_test,0,113,3.7666666666666666,-0.7403255701065063,0.47967425709891987
UBFC_PHYS_s09_T2_test,0,114,3.8,-0.5717572569847107,0.4073681366988509
UBFC_PHYS_s09_T2_test,0,115,3.8333333333333335,-0.1365564614534378,0.31660408776099414
UBFC_PHYS_s09_T2_test,0,116,3.8666666666666667,0.28601327538490295,0.21225304236238093
UBFC_PHYS_s09_T2_test,0,117,3.9,0.4985206127166748,0.09780491744684677
UBFC_PHYS_s09_T2_test,0,118,3.933333333333333,0.5311176180839539,-0.025190001884911634
UBFC_PHYS_s09_T2_test,0,119,3.966666666666667,0.46768903732299805,-0.15549661996596803
UBFC_PHYS_s09_T2_test,0,120,4.0,0.334148645401001,-0.28883082373502306
UBFC_PHYS_s09_T2_test,0,121,4.033333333333333,0.17188532650470734,-0.4154126659867697
UBFC_PHYS_s09_T2_test,0,122,4.066666666666666,0.05106004327535629,-0.5202295656385653
UBFC_PHYS_s09_T2_test,0,123,4.1,-0.026309609413146973,-0.5864788626358749
UBFC_PHYS_s09_T2_test,0,124,4.133333333333334,-0.11373227834701538,-0.6011788799145117
UBFC_PHYS_s09_T2_test,0,125,4.166666666666667,-0.2462989091873169,-0.560622836522176
UBFC_PHYS_s09_T2_test,0,126,4.2,-0.44794759154319763,-0.4732451082327034
UBFC_PHYS_s09_T2_test,0,127,4.233333333333333,-0.6910203099250793,-0.3578898479637929
UBFC_PHYS_s09_T2_test,0,128,4.266666666666667,-0.7871859073638916,-0.23820522453041315
UBFC_PHYS_s09_T2_test,0,129,4.3,-0.5446246266365051,-0.13646060121352688
UBFC_PHYS_s09_T2_test,0,130,4.333333333333333,-0.07532767206430435,-0.06851322153494539
UBFC_PHYS_s09_T2_test,0,131,4.366666666666666,0.32782259583473206,-0.039815639112715975
UBFC_PHYS_s09_T2_test,0,132,4.4,0.5217861533164978,-0.043578905711750784
UBFC_PHYS_s09_T2_test,0,133,4.433333333333334,0.5609893798828125,-0.06325937805281744
UBFC_PHYS_s09_T2_test,0,134,4.466666666666667,0.5136877298355103,-0.07856533899744822
UBFC_PHYS_s09_T2_test,0,135,4.5,0.401822566986084,-0.0713488651752061
UBFC_PHYS_s09_T2_test,0,136,4.533333333333333,0.25967228412628174,-0.029412465079212705
UBFC_PHYS_s09_T2_test,0,137,4.566666666666666,0.13862282037734985,0.05171424136838959
UBFC_PHYS_s09_T2_test,0,138,4.6,0.054604869335889816,0.16842607771527848
UBFC_PHYS_s09_T2_test,0,139,4.633333333333334,-0.020901300013065338,0.30925655318832906
UBFC_PHYS_s09_T2_test,0,140,4.666666666666667,-0.13624121248722076,0.4558372082970112
UBFC_PHYS_s09_T2_test,0,141,4.7,-0.3323975205421448,0.5857620609364674
UBFC_PHYS_s09_T2_test,0,142,4.733333333333333,-0.5883184671401978,0.6771267430745918
UBFC_PHYS_s09_T2_test,0,143,4.766666666666667,-0.7351624965667725,0.713063386404445
UBFC_PHYS_s09_T2_test,0,144,4.8,-0.5628671646118164,0.6851776058005693
UBFC_PHYS_s09_T2_test,0,145,4.833333333333333,-0.12037356942892075,0.5955228017835799
UBFC_PHYS_s09_T2_test,0,146,4.866666666666666,0.3135802447795868,0.4564214224469707
UBFC_PHYS_s09_T2_test,0,147,4.9,0.5523024797439575,0.287250868120341
UBFC_PHYS_s09_T2_test,0,148,4.933333333333334,0.6181479692459106,0.109148377715011
UBFC_PHYS_s09_T2_test,0,149,4.966666666666667,0.5782371163368225,-0.059729612179729004
UBFC_PHYS_s09_T2_test,0,150,5.0,0.4680253267288208,-0.20679574626988406
UBFC_PHYS_s09_T2_test,0,151,5.033333333333333,0.3348982334136963,-0.32520629226066317
UBFC_PHYS_s09_T2_test,0,152,5.066666666666666,0.21742162108421326,-0.4126395612347996
UBFC_PHYS_s09_T2_test,0,153,5.1,0.109647735953331,-0.47063942019563954
UBFC_PHYS_s09_T2_test,0,154,5.133333333333334,0.005159467458724976,-0.5043668962046426
UBFC_PHYS_s09_T2_test,0,155,5.166666666666667,-0.08940888941287994,-0.52057690589281
UBFC_PHYS_s09_T2_test,0,156,5.2,-0.21659524738788605,-0.5241249968042376
UBFC_PHYS_s09_T2_test,0,157,5.233333333333333,-0.45346799492836,-0.5157999156521413
UBFC_PHYS_s09_T2_test,0,158,5.266666666666667,-0.7391206622123718,-0.49276964333978124
UBFC_PHYS_s09_T2_test,0,159,5.3,-0.807039737701416,-0.4511010589552099
UBFC_PHYS_s09_T2_test,0,160,5.333333333333333,-0.5011270046234131,-0.3887692383116751
UBFC_PHYS_s09_T2_test,0,161,5.366666666666666,-0.0026517570950090885,-0.3069221723251699
UBFC_PHYS_s09_T2_test,0,162,5.4,0.3952232897281647,-0.20921444281995916
UBFC_PHYS_s09_T2_test,0,163,5.433333333333334,0.5931870341300964,-0.10106537130023323
UBFC_PHYS_s09_T2_test,0,164,5.466666666666667,0.6360471844673157,0.010922848924587785
UBFC_PHYS_s09_T2_test,0,165,5.5,0.5594481825828552,0.12081157760209232
UBFC_PHYS_s09_T2_test,0,166,5.533333333333333,0.4225310683250427,0.22545227956727207
UBFC_PHYS_s09_T2_test,0,167,5.566666666666666,0.30539771914482117,0.32373350387296074
UBFC_PHYS_s09_T2_test,0,168,5.6,0.20556816458702087,0.4132396761360118
UBFC_PHYS_s09_T2_test,0,169,5.633333333333334,0.09367500245571136,0.48801223384766673
UBFC_PHYS_s09_T2_test,0,170,5.666666666666667,-0.007443575654178858,0.5393357331399259
UBFC_PHYS_s09_T2_test,0,171,5.7,-0.0938154011964798,0.5591856143590856
UBFC_PHYS_s09_T2_test,0,172,5.733333333333333,-0.23506896197795868,0.5439965687795113
UBFC_PHYS_s09_T2_test,0,173,5.766666666666667,-0.4891824722290039,0.49503757493632355
UBFC_PHYS_s09_T2_test,0,174,5.8,-0.7603615522384644,0.41558759462764544
UBFC_PHYS_s09_T2_test,0,175,5.833333333333333,-0.8007557392120361,0.3089326812152929
UBFC_PHYS_s09_T2_test,0,176,5.866666666666666,-0.4733218252658844,0.17906176889906164
UBFC_PHYS_s09_T2_test,0,177,5.9,0.03306270390748978,0.03327220873755787
UBFC_PHYS_s09_T2_test,0,178,5.933333333333334,0.41282132267951965,-0.11565850152959023
UBFC_PHYS_s09_T2_test,0,179,5.966666666666667,0.5674976110458374,-0.25099709528031644
UBFC_PHYS_s09_T2_test,0,180,6.0,0.5678548812866211,-0.35702478821523725
UBFC_PHYS_s09_T2_test,0,181,6.033333333333333,0.4732234477996826,-0.4237064909759676
UBFC_PHYS_s09_T2_test,0,182,6.066666666666666,0.3365025222301483,-0.4488380614079425
UBFC_PHYS_s09_T2_test,0,183,6.1,0.2126508206129074,-0.4374807212269616
UBFC_PHYS_s09_T2_test,0,184,6.133333333333334,0.11726280301809311,-0.39974874834630925
UBFC_PHYS_s09_T2_test,0,185,6.166666666666667,0.03227807953953743,-0.34894727892682326
UBFC_PHYS_s09_T2_test,0,186,6.2,-0.052349358797073364,-0.29993788110351466
UBFC_PHYS_s09_T2_test,0,187,6.233333333333333,-0.15196174383163452,-0.26562094485253596
UBFC_PHYS_s09_T2_test,0,188,6.266666666666667,-0.3280610740184784,-0.2522497360916611
UBFC_PHYS_s09_T2_test,0,189,6.3,-0.5938038229942322,-0.25705317561778784
UBFC_PHYS_s09_T2_test,0,190,6.333333333333333,-0.750840961933136,-0.26934917420891213
UBFC_PHYS_s09_T2_test,0,191,6.366666666666666,-0.5541732311248779,-0.27376348161177155
UBFC_PHYS_s09_T2_test,0,192,6.4,-0.07996536791324615,-0.2544945670154033
UBFC_PHYS_s09_T2_test,0,193,6.433333333333334,0.33012741804122925,-0.20008177440517352
UBFC_PHYS_s09_T2_test,0,194,6.466666666666667,0.5019393563270569,-0.1073645882700649
UBFC_PHYS_s09_T2_test,0,195,6.5,0.5160486102104187,0.017252646773852874
UBFC_PHYS_s09_T2_test,0,196,6.533333333333333,0.44269314408302307,0.15907705136998204
UBFC_PHYS_s09_T2_test,0,197,6.566666666666666,0.29879847168922424,0.29686995770641805
UBFC_PHYS_s09_T2_test,0,198,6.6,0.14670026302337646,0.4057218373365311
UBFC_PHYS_s09_T2_test,0,199,6.633333333333334,0.04509129002690315,0.4641627025249507
UBFC_PHYS_s09_T2_test,0,200,6.666666666666667,-0.020368875935673714,0.4637462021055149
UBFC_PHYS_s09_T2_test,0,201,6.7,-0.09606419503688812,0.4147034612511355
UBFC_PHYS_s09_T2_test,0,202,6.733333333333333,-0.21885104477405548,0.3446506526403655
UBFC_PHYS_s09_T2_test,0,203,6.766666666666667,-0.424016535282135,0.2914245577999259
UBFC_PHYS_s09_T2_test,0,204,6.8,-0.6837765574455261,0.29105832821135913
UBFC_PHYS_s09_T2_test,0,205,6.833333333333333,-0.808707058429718,0.36187217483098244
UBFC_PHYS_s09_T2_test,0,206,6.866666666666666,-0.5989179015159607,0.4923381203491386
UBFC_PHYS_s09_T2_test,0,207,6.9,-0.134798064827919,0.6453342165518432
UBFC_PHYS_s09_T2_test,0,208,6.933333333333334,0.28239139914512634,0.7761582599602842
UBFC_PHYS_s09_T2_test,0,209,6.966666666666667,0.4876970052719116,0.8470869489147406
UBFC_PHYS_s09_T2_test,0,210,7.0,0.5382212400436401,0.8321953531439342
UBFC_PHYS_s09_T2_test,0,211,7.033333333333333,0.4998026490211487,0.718437749691494
UBFC_PHYS_s09_T2_test,0,212,7.066666666666666,0.3814573287963867,0.5067265907555051
UBFC_PHYS_s09_T2_test,0,213,7.1,0.2244201898574829,0.2132040329202241
UBFC_PHYS_s09_T2_test,0,214,7.133333333333334,0.10192757844924927,-0.13123929631184023
UBFC_PHYS_s09_T2_test,0,215,7.166666666666667,0.02831992320716381,-0.4866957185862894
UBFC_PHYS_s09_T2_test,0,216,7.2,-0.04396367818117142,-0.8136285234572086
UBFC_PHYS_s09_T2_test,0,217,7.233333333333333,-0.15532441437244415,-1.0794864174472765
UBFC_PHYS_s09_T2_test,0,218,7.266666666666667,-0.33896175026893616,-1.260807412507151
UBFC_PHYS_s09_T2_test,0,219,7.3,-0.5714420080184937,-1.3440352818681407
UBFC_PHYS_s09_T2_test,0,220,7.333333333333333,-0.6533582806587219,-1.3265914414985447
UBFC_PHYS_s09_T2_test,0,221,7.366666666666666,-0.3865296542644501,-1.217532767721027
UBFC_PHYS_s09_T2_test,0,222,7.4,0.1106775552034378,-1.036434996249596
UBFC_PHYS_s09_T2_test,0,223,7.433333333333334,0.5191240310668945,-0.8088749236599765
UBFC_PHYS_s09_T2_test,0,224,7.466666666666667,0.6997349858283997,-0.5599312266870443
UBFC_PHYS_s09_T2_test,0,225,7.5,0.7276872396469116,-0.3099192544153391
UBFC_PHYS_s09_T2_test,0,226,7.533333333333333,0.6722100377082825,-0.0737871107641633
UBFC_PHYS_s09_T2_test,0,227,7.566666666666666,0.5481761693954468,0.1374632706071057
UBFC_PHYS_s09_T2_test,0,228,7.6,0.3793136179447174,0.31475866846328804
UBFC_PHYS_s09_T2_test,0,229,7.633333333333334,0.2133723944425583,0.44918362666270367
UBFC_PHYS_s09_T2_test,0,230,7.666666666666667,0.08807754516601562,0.5317965253900344
UBFC_PHYS_s09_T2_test,0,231,7.7,-0.003989823162555695,0.5565321518606365
UBFC_PHYS_s09_T2_test,0,232,7.733333333333333,-0.12219502031803131,0.5249276303569903
UBFC_PHYS_s09_T2_test,0,233,7.766666666666667,-0.3380089998245239,0.4489152033628961
UBFC_PHYS_s09_T2_test,0,234,7.8,-0.6190449595451355,0.34968604452589624
UBFC_PHYS_s09_T2_test,0,235,7.833333333333333,-0.7554646730422974,0.25289601639331805
UBFC_PHYS_s09_T2_test,0,236,7.866666666666666,-0.5443304181098938,0.18191230134082886
UBFC_PHYS_s09_T2_test,0,237,7.9,-0.06634651124477386,0.15189338482039333
UBFC_PHYS_s09_T2_test,0,238,7.933333333333334,0.37918752431869507,0.16632747268189338
UBFC_PHYS_s09_T2_test,0,239,7.966666666666667,0.609650194644928,0.21624096809416968
UBFC_PHYS_s09_T2_test,0,240,8.0,0.6657929420471191,0.2823752414833448
UBFC_PHYS_s09_T2_test,0,241,8.033333333333333,0.6304707527160645,0.34065612799333667
UBFC_PHYS_s09_T2_test,0,242,8.066666666666666,0.5267671346664429,0.36963395964027895
UBFC_PHYS_s09_T2_test,0,243,8.1,0.3728824853897095,0.3570883936580466
UBFC_PHYS_s09_T2_test,0,244,8.133333333333333,0.22053909301757812,0.30338821644015357
UBFC_PHYS_s09_T2_test,0,245,8.166666666666666,0.10863892734050751,0.2200612332431634
UBFC_PHYS_s09_T2_test,0,246,8.2,0.027640381827950478,0.12480451987722477
UBFC_PHYS_s09_T2_test,0,247,8.233333333333333,-0.06142859533429146,0.03660803473176508
UBFC_PHYS_s09_T2_test,0,248,8.266666666666667,-0.21764607727527618,-0.02782964293632819
UBFC_PHYS_s09_T2_test,0,249,8.3,-0.4707507789134979,-0.05785367603394982
UBFC_PHYS_s09_T2_test,0,250,8.333333333333334,-0.6739897131919861,-0.052174976241341806
UBFC_PHYS_s09_T2_test,0,251,8.366666666666667,-0.5708045363426208,-0.019117160483521016
UBFC_PHYS_s09_T2_test,0,252,8.4,-0.13086792826652527,0.026413133920297475
UBFC_PHYS_s09_T2_test,0,253,8.433333333333334,0.3746969401836395,0.06693587806889621
UBFC_PHYS_s09_T2_test,0,254,8.466666666666667,0.718187689781189,0.08620648172695218
UBFC_PHYS_s09_T2_test,0,255,8.5,0.8895161747932434,0.07295231623987918
UBFC_PHYS_s09_T2_test,0,256,8.533333333333333,0.9264146089553833,0.02366445844538993
UBFC_PHYS_s09_T2_test,0,257,8.566666666666666,0.8505301475524902,-0.05732116582198409
UBFC_PHYS_s09_T2_test,0,258,8.6,0.7113782167434692,-0.16034417584657515
UBFC_PHYS_s09_T2_test,0,259,8.633333333333333,0.5485544800758362,-0.27359107406025457
UBFC_PHYS_s09_T2_test,0,260,8.666666666666666,0.36886128783226013,-0.38496052885452986
UBFC_PHYS_s09_T2_test,0,261,8.7,0.20369768142700195,-0.48115204613949925
UBFC_PHYS_s09_T2_test,0,262,8.733333333333333,0.08047648519277573,-0.5460852890340877
UBFC_PHYS_s09_T2_test,0,263,8.766666666666667,-0.06760051101446152,-0.5636961947450048
UBFC_PHYS_s09_T2_test,0,264,8.8,-0.34765568375587463,-0.5246635847101062
UBFC_PHYS_s09_T2_test,0,265,8.833333333333334,-0.7181599140167236,-0.43114368381880924
UBFC_PHYS_s09_T2_test,0,266,8.866666666666667,-0.9387587308883667,-0.29654984277057306
UBFC_PHYS_s09_T2_test,0,267,8.9,-0.7877883911132812,-0.1411176768392166
UBFC_PHYS_s09_T2_test,0,268,8.933333333333334,-0.33981645107269287,0.014349849494000082
UBFC_PHYS_s09_T2_test,0,269,8.966666666666667,0.10818356275558472,0.15308229528870143
UBFC_PHYS_s09_T2_test,0,270,9.0,0.37155845761299133,0.2638584821096334
UBFC_PHYS_s09_T2_test,0,271,9.033333333333333,0.45759400725364685,0.3403085804268205
UBFC_PHYS_s09_T2_test,0,272,9.066666666666666,0.4151962101459503,0.3793290293209765
UBFC_PHYS_s09_T2_test,0,273,9.1,0.29369139671325684,0.3800066508342826
UBFC_PHYS_s09_T2_test,0,274,9.133333333333333,0.17403604090213776,0.3437208929723121
UBFC_PHYS_s09_T2_test,0,275,9.166666666666666,0.08243805170059204,0.2752063427720633
UBFC_PHYS_s09_T2_test,0,276,9.2,-0.014267013408243656,0.18378959584007062
UBFC_PHYS_s09_T2_test,0,277,9.233333333333333,-0.11261138319969177,0.08364668587584222
UBFC_PHYS_s09_T2_test,0,278,9.266666666666667,-0.18398426473140717,-0.007908514422293633
UBFC_PHYS_s09_T2_test,0,279,9.3,-0.2673507034778595,-0.07462755955161285
UBFC_PHYS_s09_T2_test,0,280,9.333333333333334,-0.4497760534286499,-0.10645342115373405
UBFC_PHYS_s09_T2_test,0,281,9.366666666666667,-0.7334321141242981,-0.10222447229093407
UBFC_PHYS_s09_T2_test,0,282,9.4,-0.9294202923774719,-0.06878086782900154
UBFC_PHYS_s09_T2_test,0,283,9.433333333333334,-0.7919777631759644,-0.01772391669484803
UBFC_PHYS_s09_T2_test,0,284,9.466666666666667,-0.3372173607349396,0.038493487368254184
UBFC_PHYS_s09_T2_test,0,285,9.5,0.14268605411052704,0.08943107347661737
UBFC_PHYS_s09_T2_test,0,286,9.533333333333333,0.4228883385658264,0.12767301265243433
UBFC_PHYS_s09_T2_test,0,287,9.566666666666666,0.5100167989730835,0.14821608836564917
UBFC_PHYS_s09_T2_test,0,288,9.6,0.44478079676628113,0.1471661496261909
UBFC_PHYS_s09_T2_test,0,289,9.633333333333333,0.2704959213733673,0.12111249109096026
UBFC_PHYS_s09_T2_test,0,290,9.666666666666666,0.08660636842250824,0.06803644823446973
UBFC_PHYS_s09_T2_test,0,291,9.7,-0.03971829637885094,-0.010148353364187086
UBFC_PHYS_s09_T2_test,0,292,9.733333333333333,-0.14367413520812988,-0.10475986366876464
UBFC_PHYS_s09_T2_test,0,293,9.766666666666667,-0.2623206675052643,-0.19967713443905258
UBFC_PHYS_s09_T2_test,0,294,9.8,-0.35482239723205566,-0.2743676243636304
UBFC_PHYS_s09_T2_test,0,295,9.833333333333334,-0.41765546798706055,-0.31075083393165664
UBFC_PHYS_s09_T2_test,0,296,9.866666666666667,-0.547447919845581,-0.3006049826684084
UBFC_PHYS_s09_T2_test,0,297,9.9,-0.7832908034324646,-0.24754129990807167
UBFC_PHYS_s09_T2_test,0,298,9.933333333333334,-0.9577578902244568,-0.16310349840353494
UBFC_PHYS_s09_T2_test,0,299,9.966666666666667,-0.8363510966300964,-0.06213204610655461
UBFC_PHYS_s09_T2_test,1,0,10.0,-0.4050104022026062,0.1181217018918875
UBFC_PHYS_s09_T2_test,1,1,10.033333333333333,0.08813358843326569,-0.6737928928596115
UBFC_PHYS_s09_T2_test,1,2,10.066666666666666,0.4188181161880493,-1.3426700039310004
UBFC_PHYS_s09_T2_test,1,3,10.1,0.5730039477348328,-1.7883636447492923
UBFC_PHYS_s09_T2_test,1,4,10.133333333333333,0.6187714338302612,-1.9657146092314384
UBFC_PHYS_s09_T2_test,1,5,10.166666666666666,0.5739497542381287,-1.8935112246505235
UBFC_PHYS_s09_T2_test,1,6,10.2,0.44740790128707886,-1.6374528243087172
UBFC_PHYS_s09_T2_test,1,7,10.233333333333333,0.3091176748275757,-1.2843577472383012
UBFC_PHYS_s09_T2_test,1,8,10.266666666666667,0.22659192979335785,-0.9195283737341985
UBFC_PHYS_s09_T2_test,1,9,10.3,0.16939835250377655,-0.611208942381364
UBFC_PHYS_s09_T2_test,1,10,10.333333333333334,0.0514383465051651,-0.40228739519650786
UBFC_PHYS_s09_T2_test,1,11,10.366666666666667,-0.21134105324745178,-0.30630967311111845
UBFC_PHYS_s09_T2_test,1,12,10.4,-0.6598594784736633,-0.3080083469126613
UBFC_PHYS_s09_T2_test,1,13,10.433333333333334,-1.1248620748519897,-0.37176830452125853
UBFC_PHYS_s09_T2_test,1,14,10.466666666666667,-1.2639929056167603,-0.4557939260015514
UBFC_PHYS_s09_T2_test,1,15,10.5,-0.9920081496238708,-0.524375800389629
UBFC_PHYS_s09_T2_test,1,16,10.533333333333333,-0.5985466241836548,-0.5540459901332291
UBFC_PHYS_s09_T2_test,1,17,10.566666666666666,-0.24359476566314697,-0.5335895191085509
UBFC_PHYS_s09_T2_test,1,18,10.6,0.28980329632759094,-0.4607168785153425
UBFC_PHYS_s09_T2_test,1,19,10.633333333333333,1.1891309022903442,-0.34013627526809265
UBFC_PHYS_s09_T2_test,1,20,10.666666666666666,2.207721710205078,-0.18347624113849695
UBFC_PHYS_s09_T2_test,1,21,10.7,2.799434185028076,-0.00718944103964695
UBFC_PHYS_s09_T2_test,1,22,10.733333333333333,2.666853427886963,0.17220575569519514
UBFC_PHYS_s09_T2_test,1,23,10.766666666666667,2.030571460723877,0.3426405423362812
UBFC_PHYS_s09_T2_test,1,24,10.8,1.4112149477005005,0.4986329401717724
UBFC_PHYS_s09_T2_test,1,25,10.833333333333334,1.243613362312317,0.6401667097113751
UBFC_PHYS_s09_T2_test,1,26,10.866666666666667,1.5463876724243164,0.7689515692474582
UBFC_PHYS_s09_T2_test,1,27,10.9,1.8289227485656738,0.8840786549851168
UBFC_PHYS_s09_T2_test,1,28,10.933333333333334,1.6083869934082031,0.9794408473305618
UBFC_PHYS_s09_T2_test,1,29,10.966666666666667,0.892941951751709,1.0450880140763334
UBFC_PHYS_s09_T2_test,1,30,11.0,-0.01945815049111843,1.071483303238748
UBFC_PHYS_s09_T2_test,1,31,11.033333333333333,-0.8647657632827759,1.052701094320541
UBFC_PHYS_s09_T2_test,1,32,11.066666666666666,-1.5475298166275024,0.986575724498888
UBFC_PHYS_s09_T2_test,1,33,11.1,-2.0994226932525635,0.87228181052817
UBFC_PHYS_s09_T2_test,1,34,11.133333333333333,-2.354762077331543,0.708419492685182
UBFC_PHYS_s09_T2_test,1,35,11.166666666666666,-1.9590587615966797,0.49637744142706863
UBFC_PHYS_s09_T2_test,1,36,11.2,-0.9550186991691589,0.2468673900253756
UBFC_PHYS_s09_T2_test,1,37,11.233333333333333,0.15904410183429718,-0.0188325846484949
UBFC_PHYS_s09_T2_test,1,38,11.266666666666667,0.9827324748039246,-0.2745311990285403
UBFC_PHYS_s09_T2_test,1,39,11.3,1.3062783479690552,-0.4959647063970157
UBFC_PHYS_s09_T2_test,1,40,11.333333333333334,1.0244086980819702,-0.6655026408268077
UBFC_PHYS_s09_T2_test,1,41,11.366666666666667,0.34784454107284546,-0.7745479792728692
UBFC_PHYS_s09_T2_test,1,42,11.4,-0.36602431535720825,-0.8239079859751002
UBFC_PHYS_s09_T2_test,1,43,11.433333333333334,-1.0098023414611816,-0.8226510512548018
UBFC_PHYS_s09_T2_test,1,44,11.466666666666667,-1.6165207624435425,-0.785683979635445
UBFC_PHYS_s09_T2_test,1,45,11.5,-2.0952823162078857,-0.729985151662254
UBFC_PHYS_s09_T2_test,1,46,11.533333333333333,-2.2306160926818848,-0.6702738524814875
UBFC_PHYS_s09_T2_test,1,47,11.566666666666666,-1.857008457183838,-0.6156676067067519
UBFC_PHYS_s09_T2_test,1,48,11.6,-1.0276105403900146,-0.5679304539752439
UBFC_PHYS_s09_T2_test,1,49,11.633333333333333,-0.10655155032873154,-0.5209306901519879
UBFC_PHYS_s09_T2_test,1,50,11.666666666666666,0.5216881036758423,-0.46178639637556446
UBFC_PHYS_s09_T2_test,1,51,11.7,0.7612089514732361,-0.37490546446494316
UBFC_PHYS_s09_T2_test,1,52,11.733333333333333,0.7321988344192505,-0.24875117898177979
UBFC_PHYS_s09_T2_test,1,53,11.766666666666667,0.574804425239563,-0.08363590767260183
UBFC_PHYS_s09_T2_test,1,54,11.8,0.38215088844299316,0.1039316757321758
UBFC_PHYS_s09_T2_test,1,55,11.833333333333334,0.21666501462459564,0.2865142011692001
UBFC_PHYS_s09_T2_test,1,56,11.866666666666667,0.16260293126106262,0.43812004577194924
UBFC_PHYS_s09_T2_test,1,57,11.9,0.25642868876457214,0.5430663988803285
UBFC_PHYS_s09_T2_test,1,58,11.933333333333334,0.3543877601623535,0.597233677308969
UBFC_PHYS_s09_T2_test,1,59,11.966666666666667,0.24299199879169464,0.6050463349828556
UBFC_PHYS_s09_T2_test,1,60,12.0,-0.12464696913957596,0.5757060744210553
UBFC_PHYS_s09_T2_test,1,61,12.033333333333333,-0.5601209998130798,0.5213822332335936
UBFC_PHYS_s09_T2_test,1,62,12.066666666666666,-0.7151125073432922,0.4569746089036031
UBFC_PHYS_s09_T2_test,1,63,12.1,-0.38708311319351196,0.39819213041679924
UBFC_PHYS_s09_T2_test,1,64,12.133333333333333,0.1855672299861908,0.35751997671665814
UBFC_PHYS_s09_T2_test,1,65,12.166666666666666,0.5631260871887207,0.34070580346644475
UBFC_PHYS_s09_T2_test,1,66,12.2,0.6104768514633179,0.3452314011769319
UBFC_PHYS_s09_T2_test,1,67,12.233333333333333,0.5151588916778564,0.36075856231248815
UBFC_PHYS_s09_T2_test,1,68,12.266666666666667,0.44751298427581787,0.3712826766549754
UBFC_PHYS_s09_T2_test,1,69,12.3,0.39824971556663513,0.3585425918726062
UBFC_PHYS_s09_T2_test,1,70,12.333333333333334,0.27635258436203003,0.30657343491541594
UBFC_PHYS_s09_T2_test,1,71,12.366666666666667,0.06205881014466286,0.20749728189159405
UBFC_PHYS_s09_T2_test,1,72,12.4,-0.14494915306568146,0.06632561338370611
UBFC_PHYS_s09_T2_test,1,73,12.433333333333334,-0.2222977876663208,-0.09932722747113379
UBFC_PHYS_s09_T2_test,1,74,12.466666666666667,-0.18721383810043335,-0.2656064831843414
UBFC_PHYS_s09_T2_test,1,75,12.5,-0.24822545051574707,-0.41238289287117424
UBFC_PHYS_s09_T2_test,1,76,12.533333333333333,-0.5686047673225403,-0.5312659004660644
UBFC_PHYS_s09_T2_test,1,77,12.566666666666666,-0.9264639019966125,-0.6243609852301961
UBFC_PHYS_s09_T2_test,1,78,12.6,-0.9387937784194946,-0.6950466019684983
UBFC_PHYS_s09_T2_test,1,79,12.633333333333333,-0.5316853523254395,-0.7402782062322546
UBFC_PHYS_s09_T2_test,1,80,12.666666666666666,-0.01760167069733143,-0.7497392529427725
UBFC_PHYS_s09_T2_test,1,81,12.7,0.2794630527496338,-0.7116134123145503
UBFC_PHYS_s09_T2_test,1,82,12.733333333333333,0.2944830358028412,-0.6209993156925089
UBFC_PHYS_s09_T2_test,1,83,12.766666666666667,0.1333756446838379,-0.4842631077388125
UBFC_PHYS_s09_T2_test,1,84,12.8,-0.0802806168794632,-0.31704203832815103
UBFC_PHYS_s09_T2_test,1,85,12.833333333333334,-0.2500819265842438,-0.1385593198711014
UBFC_PHYS_s09_T2_test,1,86,12.866666666666667,-0.33831024169921875,0.034367619780096254
UBFC_PHYS_s09_T2_test,1,87,12.9,-0.3876505494117737,0.19035876117983838
UBFC_PHYS_s09_T2_test,1,88,12.933333333333334,-0.45334190130233765,0.3228331032187331
UBFC_PHYS_s09_T2_test,1,89,12.966666666666667,-0.5561208128929138,0.42763661989691276
UBFC_PHYS_s09_T2_test,1,90,13.0,-0.702292263507843,0.5008829463610429
UBFC_PHYS_s09_T2_test,1,91,13.033333333333333,-0.8131766319274902,0.5384517502793583
UBFC_PHYS_s09_T2_test,1,92,13.066666666666666,-0.7070350646972656,0.5372400555977743
UBFC_PHYS_s09_T2_test,1,93,13.1,-0.34313708543777466,0.4969136089682139
UBFC_PHYS_s09_T2_test,1,94,13.133333333333333,0.06952676177024841,0.4212880727510718
UBFC_PHYS_s09_T2_test,1,95,13.166666666666666,0.33050572872161865,0.31904853061221894
UBFC_PHYS_s09_T2_test,1,96,13.2,0.42346981167793274,0.20325787228428743
UBFC_PHYS_s09_T2_test,1,97,13.233333333333333,0.3881056308746338,0.08898351316295133
UBFC_PHYS_s09_T2_test,1,98,13.266666666666667,0.2539066970348358,-0.010091621955125283
UBFC_PHYS_s09_T2_test,1,99,13.3,0.11063551902770996,-0.08384826398997296
UBFC_PHYS_s09_T2_test,1,100,13.333333333333334,0.030106347054243088,-0.12636947384959565
UBFC_PHYS_s09_T2_test,1,101,13.366666666666667,-0.014883504249155521,-0.13661066562826732
UBFC_PHYS_s09_T2_test,1,102,13.4,-0.0752786323428154,-0.1192888041292314
UBFC_PHYS_s09_T2_test,1,103,13.433333333333334,-0.1693565994501114,-0.08470068363616928
UBFC_PHYS_s09_T2_test,1,104,13.466666666666667,-0.3187786638736725,-0.04714018461280761
UBFC_PHYS_s09_T2_test,1,105,13.5,-0.49485698342323303,-0.02265621603040858
UBFC_PHYS_s09_T2_test,1,106,13.533333333333333,-0.5267954468727112,-0.026118626967072064
UBFC_PHYS_s09_T2_test,1,107,13.566666666666666,-0.29708239436149597,-0.06689944210266423
UBFC_PHYS_s09_T2_test,1,108,13.6,0.060258373618125916,-0.14447737106549696
UBFC_PHYS_s09_T2_test,1,109,13.633333333333333,0.3204387128353119,-0.2470558302330969
UBFC_PHYS_s09_T2_test,1,110,13.666666666666666,0.41569361090660095,-0.3541420642252493
UBFC_PHYS_s09_T2_test,1,111,13.7,0.3980395495891571,-0.4416524742242694
UBFC_PHYS_s09_T2_test,1,112,13.733333333333333,0.30288973450660706,-0.4876420765446325
UBFC_PHYS_s09_T2_test,1,113,13.766666666666667,0.1622036099433899,-0.47667086257895697
UBFC_PHYS_s09_T2_test,1,114,13.8,0.04308769106864929,-0.40209575782940715
UBFC_PHYS_s09_T2_test,1,115,13.833333333333334,-0.017811838537454605,-0.26687872139794766
UBFC_PHYS_s09_T2_test,1,116,13.866666666666667,-0.04989740625023842,-0.08311838648579963
UBFC_PHYS_s09_T2_test,1,117,13.9,-0.10625731945037842,0.12997372171987345
UBFC_PHYS_s09_T2_test,1,118,13.933333333333334,-0.22445550560951233,0.3492611169735598
UBFC_PHYS_s09_T2_test,1,119,13.966666666666667,-0.40191391110420227,0.5510057790099884
UBFC_PHYS_s09_T2_test,1,120,14.0,-0.5362600088119507,0.7136174619943957
UBFC_PHYS_s09_T2_test,1,121,14.033333333333333,-0.4492016136646271,0.8195228147730619
UBFC_PHYS_s09_T2_test,1,122,14.066666666666666,-0.12634232640266418,0.8565542533761804
UBFC_PHYS_s09_T2_test,1,123,14.1,0.24112850427627563,0.8197563198153998
UBFC_PHYS_s09_T2_test,1,124,14.133333333333333,0.4725719392299652,0.7132443283739559
UBFC_PHYS_s09_T2_test,1,125,14.166666666666666,0.5454019904136658,0.5505256853903642
UBFC_PHYS_s09_T2_test,1,126,14.2,0.5107103586196899,0.35233606048051874
UBFC_PHYS_s09_T2_test,1,127,14.233333333333333,0.4071328043937683,0.14197938719949382
UBFC_PHYS_s09_T2_test,1,128,14.266666666666667,0.2728217542171478,-0.06009347507830669
UBFC_PHYS_s09_T2_test,1,129,14.3,0.15233275294303894,-0.23933634809677468
UBFC_PHYS_s09_T2_test,1,130,14.333333333333334,0.06632521003484726,-0.38691005600164785
UBFC_PHYS_s09_T2_test,1,131,14.366666666666667,0.002034977776929736,-0.497759941026635
UBFC_PHYS_s09_T2_test,1,132,14.4,-0.07994434982538223,-0.5687225044970605
UBFC_PHYS_s09_T2_test,1,133,14.433333333333334,-0.22743287682533264,-0.5981755814068971
UBFC_PHYS_s09_T2_test,1,134,14.466666666666667,-0.4298381805419922,-0.5871041800631803
UBFC_PHYS_s09_T2_test,1,135,14.5,-0.5497106909751892,-0.5398781232671414
UBFC_PHYS_s09_T2_test,1,136,14.533333333333333,-0.4142647683620453,-0.464150157927447
UBFC_PHYS_s09_T2_test,1,137,14.566666666666666,-0.07052884995937347,-0.3705464189428344
UBFC_PHYS_s09_T2_test,1,138,14.6,0.2638266086578369,-0.27191792292226563
UBFC_PHYS_s09_T2_test,1,139,14.633333333333333,0.4458456337451935,-0.181100543189808
UBFC_PHYS_s09_T2_test,1,140,14.666666666666666,0.48984771966934204,-0.10773586757711787
UBFC_PHYS_s09_T2_test,1,141,14.7,0.4461468756198883,-0.05623202371203413
UBFC_PHYS_s09_T2_test,1,142,14.733333333333333,0.3396269977092743,-0.025721416709720807
UBFC_PHYS_s09_T2_test,1,143,14.766666666666667,0.20908497273921967,-0.011463628652422262
UBFC_PHYS_s09_T2_test,1,144,14.8,0.10258610546588898,-0.006838754892877202
UBFC_PHYS_s09_T2_test,1,145,14.833333333333334,0.030281485989689827,-0.004984158743595486
UBFC_PHYS_s09_T2_test,1,146,14.866666666666667,-0.026624860242009163,0.00018976924258407024
UBFC_PHYS_s09_T2_test,1,147,14.9,-0.09244931489229202,0.013179124504270643
UBFC_PHYS_s09_T2_test,1,148,14.933333333333334,-0.2122938185930252,0.036037947750781604
UBFC_PHYS_s09_T2_test,1,149,14.966666666666667,-0.41163766384124756,0.06759174105653673
UBFC_PHYS_s09_T2_test,1,150,15.0,-0.5685206651687622,0.10330973525496855
UBFC_PHYS_s09_T2_test,1,151,15.033333333333333,-0.45873621106147766,0.13677838710631407
UBFC_PHYS_s09_T2_test,1,152,15.066666666666666,-0.09258942306041718,0.16242069113706958
UBFC_PHYS_s09_T2_test,1,153,15.1,0.2813335359096527,0.17784934148872933
UBFC_PHYS_s09_T2_test,1,154,15.133333333333333,0.49021899700164795,0.18471703374644158
UBFC_PHYS_s09_T2_test,1,155,15.166666666666666,0.5557352304458618,0.18765873182913553
UBFC_PHYS_s09_T2_test,1,156,15.2,0.5312857031822205,0.1919779216577196
UBFC_PHYS_s09_T2_test,1,157,15.233333333333333,0.4466302692890167,0.20162348690578574
UBFC_PHYS_s09_T2_test,1,158,15.266666666666667,0.3547380268573761,0.21809396563277977
UBFC_PHYS_s09_T2_test,1,159,15.3,0.26702114939689636,0.23988871369678555
UBFC_PHYS_s09_T2_test,1,160,15.333333333333334,0.1713038682937622,0.26250317854879684
UBFC_PHYS_s09_T2_test,1,161,15.366666666666667,0.11152523010969162,0.27937308601351063
UBFC_PHYS_s09_T2_test,1,162,15.4,0.06996811181306839,0.2834571767326462
UBFC_PHYS_s09_T2_test,1,163,15.433333333333334,-0.045490894466638565,0.2684910369907413
UBFC_PHYS_s09_T2_test,1,164,15.466666666666667,-0.1966223269701004,0.22990716603516237
UBFC_PHYS_s09_T2_test,1,165,15.5,-0.23687641322612762,0.16632082034617127
UBFC_PHYS_s09_T2_test,1,166,15.533333333333333,-0.08795873820781708,0.08093683602452185
UBFC_PHYS_s09_T2_test,1,167,15.566666666666666,0.23528584837913513,-0.01917061596038222
UBFC_PHYS_s09_T2_test,1,168,15.6,0.6243899464607239,-0.12574937893074004
UBFC_PHYS_s09_T2_test,1,169,15.633333333333333,0.8748185038566589,-0.2316859616584217
UBFC_PHYS_s09_T2_test,1,170,15.666666666666666,0.875575065612793,-0.33176507832615504
UBFC_PHYS_s09_T2_test,1,171,15.7,0.6740735173225403,-0.4221299564410375
UBFC_PHYS_s09_T2_test,1,172,15.733333333333333,0.3578765392303467,-0.4991149899101916
UBFC_PHYS_s09_T2_test,1,173,15.766666666666667,0.009846202097833157,-0.5583470942940889
UBFC_PHYS_s09_T2_test,1,174,15.8,-0.29076334834098816,-0.5948950412233173
UBFC_PHYS_s09_T2_test,1,175,15.833333333333334,-0.5122658610343933,-0.6049221720290567
UBFC_PHYS_s09_T2_test,1,176,15.866666666666667,-0.6585354208946228,-0.5876802247980111
UBFC_PHYS_s09_T2_test,1,177,15.9,-0.7385251522064209,-0.5453685019649672
UBFC_PHYS_s09_T2_test,1,178,15.933333333333334,-0.7747860550880432,-0.4807545578629284
UBFC_PHYS_s09_T2_test,1,179,15.966666666666667,-0.8215273022651672,-0.3948694173989969
UBFC_PHYS_s09_T2_test,1,180,16.0,-0.9359984993934631,-0.2863395563122969
UBFC_PHYS_s09_T2_test,1,181,16.033333333333335,-1.0742326974868774,-0.1527702051360676
UBFC_PHYS_s09_T2_test,1,182,16.066666666666666,-1.0318979024887085,0.006992013211333129
UBFC_PHYS_s09_T2_test,1,183,16.1,-0.6614146828651428,0.1921533586823876
UBFC_PHYS_s09_T2_test,1,184,16.133333333333333,-0.11113320291042328,0.400206015238002
UBFC_PHYS_s09_T2_test,1,185,16.166666666666668,0.3120110034942627,0.6246705654693353
UBFC_PHYS_s09_T2_test,1,186,16.2,0.4778401255607605,0.8510986012428636
UBFC_PHYS_s09_T2_test,1,187,16.233333333333334,0.45914924144744873,1.0561432943892861
UBFC_PHYS_s09_T2_test,1,188,16.266666666666666,0.33966901898384094,1.211134088185416
UBFC_PHYS_s09_T2_test,1,189,16.3,0.184278205037117,1.2878101003105515
UBFC_PHYS_s09_T2_test,1,190,16.333333333333332,0.06681559979915619,1.2643965514479483
UBFC_PHYS_s09_T2_test,1,191,16.366666666666667,0.003583211451768875,1.1310670830549678
UBFC_PHYS_s09_T2_test,1,192,16.4,-0.04846126213669777,0.8940893636672016
UBFC_PHYS_s09_T2_test,1,193,16.433333333333334,-0.11170065402984619,0.5781635131211652
UBFC_PHYS_s09_T2_test,1,194,16.466666666666665,-0.18851687014102936,0.2246460553719296
UBFC_PHYS_s09_T2_test,1,195,16.5,-0.3224145770072937,-0.11782907905594135
UBFC_PHYS_s09_T2_test,1,196,16.533333333333335,-0.5280564427375793,-0.4080399197104536
UBFC_PHYS_s09_T2_test,1,197,16.566666666666666,-0.6388987898826599,-0.6243988444107199
UBFC_PHYS_s09_T2_test,1,198,16.6,-0.4571739435195923,-0.7682752505629037
UBFC_PHYS_s09_T2_test,1,199,16.633333333333333,-0.05255252122879028,-0.8548607272772415
UBFC_PHYS_s09_T2_test,1,200,16.666666666666668,0.29148462414741516,-0.897980786403029
UBFC_PHYS_s09_T2_test,1,201,16.7,0.4285138249397278,-0.9035777103121588
UBFC_PHYS_s09_T2_test,1,202,16.733333333333334,0.42716875672340393,-0.8744516064161931
UBFC_PHYS_s09_T2_test,1,203,16.766666666666666,0.35412853956222534,-0.816185293063312
UBFC_PHYS_s09_T2_test,1,204,16.8,0.21777890622615814,-0.7384447231139212
UBFC_PHYS_s09_T2_test,1,205,16.833333333333332,0.06639526784420013,-0.6517239191846669
UBFC_PHYS_s09_T2_test,1,206,16.866666666666667,-0.03580217435956001,-0.5622291783985093
UBFC_PHYS_s09_T2_test,1,207,16.9,-0.07601422071456909,-0.4694837194245637
UBFC_PHYS_s09_T2_test,1,208,16.933333333333334,-0.08614429086446762,-0.36813759188965733
UBFC_PHYS_s09_T2_test,1,209,16.966666666666665,-0.12248925119638443,-0.25200043967726216
UBFC_PHYS_s09_T2_test,1,210,17.0,-0.2501169443130493,-0.1182003638870858
UBFC_PHYS_s09_T2_test,1,211,17.033333333333335,-0.4434850513935089,0.03025502410510124
UBFC_PHYS_s09_T2_test,1,212,17.066666666666666,-0.5075300931930542,0.18414978406954488
UBFC_PHYS_s09_T2_test,1,213,17.1,-0.29166707396507263,0.32943379395689015
UBFC_PHYS_s09_T2_test,1,214,17.133333333333333,0.08580072969198227,0.4498995739931689
UBFC_PHYS_s09_T2_test,1,215,17.166666666666668,0.377267986536026,0.5309581088660282
UBFC_PHYS_s09_T2_test,1,216,17.2,0.48790717124938965,0.5635615723514991
UBFC_PHYS_s09_T2_test,1,217,17.233333333333334,0.4716261923313141,0.5466997807183466
UBFC_PHYS_s09_T2_test,1,218,17.266666666666666,0.37835386395454407,0.4875303433090225
UBFC_PHYS_s09_T2_test,1,219,17.3,0.243587464094162,0.3990221743781419
UBFC_PHYS_s09_T2_test,1,220,17.333333333333332,0.11609987169504166,0.2963465765608411
UBFC_PHYS_s09_T2_test,1,221,17.366666666666667,0.023233870044350624,0.19431113884315046
UBFC_PHYS_s09_T2_test,1,222,17.4,-0.04404774308204651,0.1062702662912681
UBFC_PHYS_s09_T2_test,1,223,17.433333333333334,-0.10813481360673904,0.043060744889772413
UBFC_PHYS_s09_T2_test,1,224,17.466666666666665,-0.2066403180360794,0.011397682447388152
UBFC_PHYS_s09_T2_test,1,225,17.5,-0.3922952711582184,0.012283067116827008
UBFC_PHYS_s09_T2_test,1,226,17.533333333333335,-0.6137067079544067,0.03998622995882182
UBFC_PHYS_s09_T2_test,1,227,17.566666666666666,-0.6462405920028687,0.08205558901872154
UBFC_PHYS_s09_T2_test,1,228,17.6,-0.3626616299152374,0.12081260545189378
UBFC_PHYS_s09_T2_test,1,229,17.633333333333333,0.06093091145157814,0.13662951841042617
UBFC_PHYS_s09_T2_test,1,230,17.666666666666668,0.36413252353668213,0.11265140020304994
UBFC_PHYS_s09_T2_test,1,231,17.7,0.4797946810722351,0.03993928705040884
UBFC_PHYS_s09_T2_test,1,232,17.733333333333334,0.4747927188873291,-0.07862558582813506
UBFC_PHYS_s09_T2_test,1,233,17.766666666666666,0.39771029353141785,-0.22767971788509564
UBFC_PHYS_s09_T2_test,1,234,17.8,0.2799254357814789,-0.3828035763997455
UBFC_PHYS_s09_T2_test,1,235,17.833333333333332,0.161846324801445,-0.5174805426743709
UBFC_PHYS_s09_T2_test,1,236,17.866666666666667,0.07057059556245804,-0.6103462471446409
UBFC_PHYS_s09_T2_test,1,237,17.9,0.0035551891196519136,-0.6475321687822877
UBFC_PHYS_s09_T2_test,1,238,17.933333333333334,-0.0643429160118103,-0.6201625548304766
UBFC_PHYS_s09_T2_test,1,239,17.966666666666665,-0.17115703225135803,-0.5222006627995617
UBFC_PHYS_s09_T2_test,1,240,18.0,-0.35824811458587646,-0.3513699826605381
UBFC_PHYS_s09_T2_test,1,241,18.033333333333335,-0.5806823968887329,-0.11262740853182375
UBFC_PHYS_s09_T2_test,1,242,18.066666666666666,-0.6332802772521973,0.17794654835128254
UBFC_PHYS_s09_T2_test,1,243,18.1,-0.37342220544815063,0.4920603895191033
UBFC_PHYS_s09_T2_test,1,244,18.133333333333333,0.054583851248025894,0.7922112623931483
UBFC_PHYS_s09_T2_test,1,245,18.166666666666668,0.386620432138443,1.0377741773573508
UBFC_PHYS_s09_T2_test,1,246,18.2,0.5293732285499573,1.1925614022039017
UBFC_PHYS_s09_T2_test,1,247,18.233333333333334,0.5365749597549438,1.231866391597286
UBFC_PHYS_s09_T2_test,1,248,18.266666666666666,0.45694950222969055,1.147506922522946
UBFC_PHYS_s09_T2_test,1,249,18.3,0.33162662386894226,0.950035832251937
UBFC_PHYS_s09_T2_test,1,250,18.333333333333332,0.20598149299621582,0.6668462712006296
UBFC_PHYS_s09_T2_test,1,251,18.366666666666667,0.10155628621578217,0.3347735839543047
UBFC_PHYS_s09_T2_test,1,252,18.4,0.02278551273047924,-0.01002577431695235
UBFC_PHYS_s09_T2_test,1,253,18.433333333333334,-0.03925592452287674,-0.33851391320878504
UBFC_PHYS_s09_T2_test,1,254,18.466666666666665,-0.12948782742023468,-0.6294213514418318
UBFC_PHYS_s09_T2_test,1,255,18.5,-0.3139027953147888,-0.866691510256509
UBFC_PHYS_s09_T2_test,1,256,18.533333333333335,-0.5658515691757202,-1.037075940371394
UBFC_PHYS_s09_T2_test,1,257,18.566666666666666,-0.6730159521102905,-1.1310539815196663
UBFC_PHYS_s09_T2_test,1,258,18.6,-0.45555567741394043,-1.1462457558661971
UBFC_PHYS_s09_T2_test,1,259,18.633333333333333,-0.024523185566067696,-1.0887285889703557
UBFC_PHYS_s09_T2_test,1,260,18.666666666666668,0.3415745496749878,-0.9709651773148331
UBFC_PHYS_s09_T2_test,1,261,18.7,0.5185285806655884,-0.8087108716726071
UBFC_PHYS_s09_T2_test,1,262,18.733333333333334,0.5564217567443848,-0.6183912839426325
UBFC_PHYS_s09_T2_test,1,263,18.766666666666666,0.5007694363594055,-0.4152184399498608
UBFC_PHYS_s09_T2_test,1,264,18.8,0.3723781108856201,-0.21226762860856535
UBFC_PHYS_s09_T2_test,1,265,18.833333333333332,0.227383553981781,-0.020698730896235484
UBFC_PHYS_s09_T2_test,1,266,18.866666666666667,0.12071654945611954,0.1496105664046182
UBFC_PHYS_s09_T2_test,1,267,18.9,0.05748416483402252,0.2904531699485944
UBFC_PHYS_s09_T2_test,1,268,18.933333333333334,0.0038914571050554514,0.3965354711672036
UBFC_PHYS_s09_T2_test,1,269,18.966666666666665,-0.08901657909154892,0.4658538525657266
UBFC_PHYS_s09_T2_test,1,270,19.0,-0.2695574462413788,0.49904505550131917
UBFC_PHYS_s09_T2_test,1,271,19.033333333333335,-0.49736499786376953,0.49914888604788477
UBFC_PHYS_s09_T2_test,1,272,19.066666666666666,-0.5646886229515076,0.4719767862961527
UBFC_PHYS_s09_T2_test,1,273,19.1,-0.3121163547039032,0.4259786714395692
UBFC_PHYS_s09_T2_test,1,274,19.133333333333333,0.1241142600774765,0.37146739708587556
UBFC_PHYS_s09_T2_test,1,275,19.166666666666668,0.4593033790588379,0.3200697908588544
UBFC_PHYS_s09_T2_test,1,276,19.2,0.5831760764122009,0.28427592098654864
UBFC_PHYS_s09_T2_test,1,277,19.233333333333334,0.5630420446395874,0.2760162925250766
UBFC_PHYS_s09_T2_test,1,278,19.266666666666666,0.46388500928878784,0.3039916809342295
UBFC_PHYS_s09_T2_test,1,279,19.3,0.32902055978775024,0.37042806570852516
UBFC_PHYS_s09_T2_test,1,280,19.333333333333332,0.21575428545475006,0.4682356369937181
UBFC_PHYS_s09_T2_test,1,281,19.366666666666667,0.15009796619415283,0.5796997139054548
UBFC_PHYS_s09_T2_test,1,282,19.4,0.10311152040958405,0.6777688679605857
UBFC_PHYS_s09_T2_test,1,283,19.433333333333334,0.039668966084718704,0.7306724577348308
UBFC_PHYS_s09_T2_test,1,284,19.466666666666665,-0.053869571536779404,0.7090295607713857
UBFC_PHYS_s09_T2_test,1,285,19.5,-0.2374018281698227,0.5931053802815919
UBFC_PHYS_s09_T2_test,1,286,19.533333333333335,-0.6236616373062134,0.37883599956112746
UBFC_PHYS_s09_T2_test,1,287,19.566666666666666,-1.1508808135986328,0.08230544496751048
UBFC_PHYS_s09_T2_test,1,288,19.6,-1.564819574356079,-0.2600996437308414
UBFC_PHYS_s09_T2_test,1,289,19.633333333333333,-1.710710883140564,-0.6004021270089596
UBFC_PHYS_s09_T2_test,1,290,19.666666666666668,-1.6976103782653809,-0.8938457484416296
UBFC_PHYS_s09_T2_test,1,291,19.7,-1.6565157175064087,-1.110213448021634
UBFC_PHYS_s09_T2_test,1,292,19.733333333333334,-1.5076470375061035,-1.2370946789011883
UBFC_PHYS_s09_T2_test,1,293,19.766666666666666,-1.0846219062805176,-1.2765341839958224
UBFC_PHYS_s09_T2_test,1,294,19.8,-0.43239521980285645,-1.2382252306247299
UBFC_PHYS_s09_T2_test,1,295,19.833333333333332,0.09872602671384811,-1.1332852120683825
UBFC_PHYS_s09_T2_test,1,296,19.866666666666667,0.19047114253044128,-0.9714681720328388
UBFC_PHYS_s09_T2_test,1,297,19.9,0.008725308813154697,-0.7628646653608236
UBFC_PHYS_s09_T2_test,1,298,19.933333333333334,0.015296545810997486,-0.5215714006757642
UBFC_PHYS_s09_T2_test,1,299,19.966666666666665,0.2640647888183594,-0.26598113705331483
UBFC_PHYS_s09_T2_test,2,0,20.0,0.3312062919139862,-0.05156355658429374
UBFC_PHYS_s09_T2_test,2,1,20.033333333333335,-0.03371451050043106,-1.0697239084862127
UBFC_PHYS_s09_T2_test,2,2,20.066666666666666,-0.32422199845314026,-1.9573180229470126
UBFC_PHYS_s09_T2_test,2,3,20.1,0.4057106673717499,-2.606514976565306
UBFC_PHYS_s09_T2_test,2,4,20.133333333333333,2.356912612915039,-2.9581685968187053
UBFC_PHYS_s09_T2_test,2,5,20.166666666666668,4.370100021362305,-3.0123577015985505
UBFC_PHYS_s09_T2_test,2,6,20.2,5.311250686645508,-2.815706716472172
UBFC_PHYS_s09_T2_test,2,7,20.233333333333334,5.32800817489624,-2.4399400171053056
UBFC_PHYS_s09_T2_test,2,8,20.266666666666666,5.027952194213867,-1.9620612730693807
UBFC_PHYS_s09_T2_test,2,9,20.3,4.595735549926758,-1.4501333281306146
UBFC_PHYS_s09_T2_test,2,10,20.333333333333332,4.1452555656433105,-0.9557947837571877
UBFC_PHYS_s09_T2_test,2,11,20.366666666666667,3.769322156906128,-0.5121181447098946
UBFC_PHYS_s09_T2_test,2,12,20.4,3.2962491512298584,-0.13512994002481538
UBFC_PHYS_s09_T2_test,2,13,20.433333333333334,2.6127703189849854,0.17236553728469828
UBFC_PHYS_s09_T2_test,2,14,20.466666666666665,1.9000924825668335,0.41582853138894643
UBFC_PHYS_s09_T2_test,2,15,20.5,1.3062783479690552,0.6037200012884252
UBFC_PHYS_s09_T2_test,2,16,20.533333333333335,0.7194836735725403,0.7433477154636674
UBFC_PHYS_s09_T2_test,2,17,20.566666666666666,0.03348303958773613,0.8396337313773952
UBFC_PHYS_s09_T2_test,2,18,20.6,-0.6552568078041077,0.8963563552322921
UBFC_PHYS_s09_T2_test,2,19,20.633333333333333,-1.2524056434631348,0.9173614693888235
UBFC_PHYS_s09_T2_test,2,20,20.666666666666668,-1.8604902029037476,0.9064115226131076
UBFC_PHYS_s09_T2_test,2,21,20.7,-2.5741488933563232,0.865880600051292
UBFC_PHYS_s09_T2_test,2,22,20.733333333333334,-3.1480321884155273,0.7957795775176676
UBFC_PHYS_s09_T2_test,2,23,20.766666666666666,-3.1938207149505615,0.6954356879574507
UBFC_PHYS_s09_T2_test,2,24,20.8,-2.7455615997314453,0.5671423357300592
UBFC_PHYS_s09_T2_test,2,25,20.833333333333332,-2.1691911220550537,0.41822025966781745
UBFC_PHYS_s09_T2_test,2,26,20.866666666666667,-1.6558641195297241,0.26003606063697177
UBFC_PHYS_s09_T2_test,2,27,20.9,-1.2093843221664429,0.10499895855836584
UBFC_PHYS_s09_T2_test,2,28,20.933333333333334,-0.8397698402404785,-0.03656381853499472
UBFC_PHYS_s09_T2_test,2,29,20.966666666666665,-0.5358957052230835,-0.1573574357840482
UBFC_PHYS_s09_T2_test,2,30,21.0,-0.2688218653202057,-0.25200868118943176
UBFC_PHYS_s09_T2_test,2,31,21.033333333333335,-0.09979817271232605,-0.31633656077118555
UBFC_PHYS_s09_T2_test,2,32,21.066666666666666,-0.07459208369255066,-0.34789048326814775
UBFC_PHYS_s09_T2_test,2,33,21.1,-0.08131043612957001,-0.3468351599006214
UBFC_PHYS_s09_T2_test,2,34,21.133333333333333,0.01545767392963171,-0.3162633482966625
UBFC_PHYS_s09_T2_test,2,35,21.166666666666668,0.15844862163066864,-0.261281161002195
UBFC_PHYS_s09_T2_test,2,36,21.2,0.18600158393383026,-0.1875604503134679
UBFC_PHYS_s09_T2_test,2,37,21.233333333333334,0.09003910422325134,-0.10121454060733191
UBFC_PHYS_s09_T2_test,2,38,21.266666666666666,-0.004143946338444948,-0.010017599351532635
UBFC_PHYS_s09_T2_test,2,39,21.3,-0.08963306993246078,0.07585772247586522
UBFC_PHYS_s09_T2_test,2,40,21.333333333333332,-0.2647586166858673,0.14514810156579117
UBFC_PHYS_s09_T2_test,2,41,21.366666666666667,-0.4810349643230438,0.18968159830931472
UBFC_PHYS_s09_T2_test,2,42,21.4,-0.5835686922073364,0.20896357320080744
UBFC_PHYS_s09_T2_test,2,43,21.433333333333334,-0.6102809906005859,0.2100070209066665
UBFC_PHYS_s09_T2_test,2,44,21.466666666666665,-0.8212540745735168,0.20200150748263904
UBFC_PHYS_s09_T2_test,2,45,21.5,-1.391221284866333,0.19031547119678524
UBFC_PHYS_s09_T2_test,2,46,21.533333333333335,-2.193479537963867,0.1735159790497893
UBFC_PHYS_s09_T2_test,2,47,21.566666666666666,-2.8135926723480225,0.14536633641682864
UBFC_PHYS_s09_T2_test,2,48,21.6,-2.8310365676879883,0.09967451617572785
UBFC_PHYS_s09_T2_test,2,49,21.633333333333333,-2.1599929332733154,0.032384430411008254
UBFC_PHYS_s09_T2_test,2,50,21.666666666666668,-1.080873966217041,-0.05924318252333459
UBFC_PHYS_s09_T2_test,2,51,21.7,0.11607885360717773,-0.17511642406568326
UBFC_PHYS_s09_T2_test,2,52,21.733333333333334,1.1973134279251099,-0.3082316880315765
UBFC_PHYS_s09_T2_test,2,53,21.766666666666666,1.7602540254592896,-0.44296540718217176
UBFC_PHYS_s09_T2_test,2,54,21.8,1.6574681997299194,-0.5578762345541902
UBFC_PHYS_s09_T2_test,2,55,21.833333333333332,1.5027499198913574,-0.6317420405771123
UBFC_PHYS_s09_T2_test,2,56,21.866666666666667,1.8939906358718872,-0.6503771180879566
UBFC_PHYS_s09_T2_test,2,57,21.9,2.478949785232544,-0.6111105715210383
UBFC_PHYS_s09_T2_test,2,58,21.933333333333334,2.4723715782165527,-0.5228443432275061
UBFC_PHYS_s09_T2_test,2,59,21.966666666666665,1.7871134281158447,-0.4011143571877573
UBFC_PHYS_s09_T2_test,2,60,22.0,1.0019557476043701,-0.2609807280228691
UBFC_PHYS_s09_T2_test,2,61,22.033333333333335,0.6061123609542847,-0.11329299840469846
UBFC_PHYS_s09_T2_test,2,62,22.066666666666666,0.6825852990150452,0.03451638955708284
UBFC_PHYS_s09_T2_test,2,63,22.1,1.0205976963043213,0.17654651718529754
UBFC_PHYS_s09_T2_test,2,64,22.133333333333333,1.193236231803894,0.3076956779798059
UBFC_PHYS_s09_T2_test,2,65,22.166666666666668,0.9274163842201233,0.42449723350482355
UBFC_PHYS_s09_T2_test,2,66,22.2,0.3773380517959595,0.5266289650184427
UBFC_PHYS_s09_T2_test,2,67,22.233333333333334,-0.16459280252456665,0.6171503367695957
UBFC_PHYS_s09_T2_test,2,68,22.266666666666666,-0.6643921136856079,0.7005786225023239
UBFC_PHYS_s09_T2_test,2,69,22.3,-1.2722244262695312,0.7792543108375241
UBFC_PHYS_s09_T2_test,2,70,22.333333333333332,-1.9356951713562012,0.8494611485975044
UBFC_PHYS_s09_T2_test,2,71,22.366666666666667,-2.3798842430114746,0.8994864661972928
UBFC_PHYS_s09_T2_test,2,72,22.4,-2.4787960052490234,0.9106636831263601
UBFC_PHYS_s09_T2_test,2,73,22.433333333333334,-2.3998360633850098,0.861062059108454
UBFC_PHYS_s09_T2_test,2,74,22.466666666666665,-2.313275098800659,0.7315950375143493
UBFC_PHYS_s09_T2_test,2,75,22.5,-2.1768274307250977,0.514321666679348
UBFC_PHYS_s09_T2_test,2,76,22.533333333333335,-1.8387519121170044,0.21997796737384923
UBFC_PHYS_s09_T2_test,2,77,22.566666666666666,-1.2642170190811157,-0.12040733692635495
UBFC_PHYS_s09_T2_test,2,78,22.6,-0.5949387550354004,-0.46184500768737274
UBFC_PHYS_s09_T2_test,2,79,22.633333333333333,-0.04638760909438133,-0.7580050804736289
UBFC_PHYS_s09_T2_test,2,80,22.666666666666668,0.2764926850795746,-0.9745886257542481
UBFC_PHYS_s09_T2_test,2,81,22.7,0.4194346070289612,-1.0952511706889132
UBFC_PHYS_s09_T2_test,2,82,22.733333333333334,0.47151410579681396,-1.1186883278358166
UBFC_PHYS_s09_T2_test,2,83,22.766666666666666,0.5051969289779663,-1.0524862464081963
UBFC_PHYS_s09_T2_test,2,84,22.8,0.5883461833000183,-0.9083761408386706
UBFC_PHYS_s09_T2_test,2,85,22.833333333333332,0.752101719379425,-0.7013586520160336
UBFC_PHYS_s09_T2_test,2,86,22.866666666666667,0.9548572897911072,-0.45184133762857576
UBFC_PHYS_s09_T2_test,2,87,22.9,1.07322359085083,-0.18692994286340414
UBFC_PHYS_s09_T2_test,2,88,22.933333333333334,0.9455958604812622,0.061559313947148885
UBFC_PHYS_s09_T2_test,2,89,22.966666666666665,0.5396503806114197,0.2626602450242193
UBFC_PHYS_s09_T2_test,2,90,23.0,0.04453784599900246,0.3935688375178148
UBFC_PHYS_s09_T2_test,2,91,23.033333333333335,-0.3500305712223053,0.44511624944353706
UBFC_PHYS_s09_T2_test,2,92,23.066666666666666,-0.6533933281898499,0.4234097694381177
UBFC_PHYS_s09_T2_test,2,93,23.1,-0.883414626121521,0.34763826660567276
UBFC_PHYS_s09_T2_test,2,94,23.133333333333333,-0.9806380867958069,0.24475737696804195
UBFC_PHYS_s09_T2_test,2,95,23.166666666666668,-0.96587735414505,0.1423605639897935
UBFC_PHYS_s09_T2_test,2,96,23.2,-0.9483984112739563,0.06190007523910673
UBFC_PHYS_s09_T2_test,2,97,23.233333333333334,-0.9709914326667786,0.014913863029150676
UBFC_PHYS_s09_T2_test,2,98,23.266666666666666,-0.9892899990081787,0.0031187701234322972
UBFC_PHYS_s09_T2_test,2,99,23.3,-0.9654219746589661,0.02132436624009933
UBFC_PHYS_s09_T2_test,2,100,23.333333333333332,-0.90534907579422,0.06120965770396083
UBFC_PHYS_s09_T2_test,2,101,23.366666666666667,-0.8600369691848755,0.11358155593821864
UBFC_PHYS_s09_T2_test,2,102,23.4,-0.920929491519928,0.16858503527602053
UBFC_PHYS_s09_T2_test,2,103,23.433333333333334,-1.0994527339935303,0.21524884274628234
UBFC_PHYS_s09_T2_test,2,104,23.466666666666665,-1.1820906400680542,0.2418635930756195
UBFC_PHYS_s09_T2_test,2,105,23.5,-0.8804092407226562,0.23834081591022413
UBFC_PHYS_s09_T2_test,2,106,23.533333333333335,-0.21146716177463531,0.20015928663719756
UBFC_PHYS_s09_T2_test,2,107,23.566666666666666,0.44043734669685364,0.13197961671569428
UBFC_PHYS_s09_T2_test,2,108,23.6,0.795529305934906,0.04824263538417935
UBFC_PHYS_s09_T2_test,2,109,23.633333333333333,0.8624256253242493,-0.03199267104904648
UBFC_PHYS_s09_T2_test,2,110,23.666666666666668,0.7571457028388977,-0.09364003169614372
UBFC_PHYS_s09_T2_test,2,111,23.7,0.5643450617790222,-0.13071051525451644
UBFC_PHYS_s09_T2_test,2,112,23.733333333333334,0.36954084038734436,-0.14536752677422496
UBFC_PHYS_s09_T2_test,2,113,23.766666666666666,0.24117054045200348,-0.1432082970636025
UBFC_PHYS_s09_T2_test,2,114,23.8,0.1492432802915573,-0.12839294216919375
UBFC_PHYS_s09_T2_test,2,115,23.833333333333332,0.014378814026713371,-0.10261320503412326
UBFC_PHYS_s09_T2_test,2,116,23.866666666666667,-0.19340676069259644,-0.06783937979553968
UBFC_PHYS_s09_T2_test,2,117,23.9,-0.4568376839160919,-0.028803538871687247
UBFC_PHYS_s09_T2_test,2,118,23.933333333333334,-0.6875735521316528,0.006746990160207908
UBFC_PHYS_s09_T2_test,2,119,23.966666666666665,-0.6863616108894348,0.029400314086899696
UBFC_PHYS_s09_T2_test,2,120,24.0,-0.3183163106441498,0.03033119441037029
UBFC_PHYS_s09_T2_test,2,121,24.033333333333335,0.25209224224090576,0.003844904388381097
UBFC_PHYS_s09_T2_test,2,122,24.066666666666666,0.6937171816825867,-0.05035304385909494
UBFC_PHYS_s09_T2_test,2,123,24.1,0.865536093711853,-0.12562772064097175
UBFC_PHYS_s09_T2_test,2,124,24.133333333333333,0.8190119862556458,-0.20878227224866236
UBFC_PHYS_s09_T2_test,2,125,24.166666666666668,0.643795371055603,-0.2838649168688626
UBFC_PHYS_s09_T2_test,2,126,24.2,0.4155675172805786,-0.3376017784167355
UBFC_PHYS_s09_T2_test,2,127,24.233333333333334,0.20292706787586212,-0.3616998358256341
UBFC_PHYS_s09_T2_test,2,128,24.266666666666666,0.040495626628398895,-0.3516262465556842
UBFC_PHYS_s09_T2_test,2,129,24.3,-0.08557683974504471,-0.30585474316703837
UBFC_PHYS_s09_T2_test,2,130,24.333333333333332,-0.20720776915550232,-0.22664878924520052
UBFC_PHYS_s09_T2_test,2,131,24.366666666666667,-0.3644830882549286,-0.12022115240022638
UBFC_PHYS_s09_T2_test,2,132,24.4,-0.5960736274719238,0.004176771089556388
UBFC_PHYS_s09_T2_test,2,133,24.433333333333334,-0.8301721811294556,0.1348297391376808
UBFC_PHYS_s09_T2_test,2,134,24.466666666666665,-0.8290722966194153,0.25779179931080287
UBFC_PHYS_s09_T2_test,2,135,24.5,-0.43758633732795715,0.3581559023405439
UBFC_PHYS_s09_T2_test,2,136,24.533333333333335,0.15264800190925598,0.422680570043678
UBFC_PHYS_s09_T2_test,2,137,24.566666666666666,0.5940627455711365,0.4428772837003123
UBFC_PHYS_s09_T2_test,2,138,24.6,0.7660007476806641,0.41757994968512074
UBFC_PHYS_s09_T2_test,2,139,24.633333333333333,0.7340553402900696,0.3541083875400209
UBFC_PHYS_s09_T2_test,2,140,24.666666666666668,0.5821462273597717,0.26715482564423954
UBFC_PHYS_s09_T2_test,2,141,24.7,0.38511425256729126,0.17476728368481925
UBFC_PHYS_s09_T2_test,2,142,24.733333333333334,0.20794306695461273,0.09307587775044263
UBFC_PHYS_s09_T2_test,2,143,24.766666666666666,0.0687701553106308,0.03333131927669608
UBFC_PHYS_s09_T2_test,2,144,24.8,-0.04974328354001045,0.001858924508405085
UBFC_PHYS_s09_T2_test,2,145,24.833333333333332,-0.1576782912015915,0.0005056147593561402
UBFC_PHYS_s09_T2_test,2,146,24.866666666666667,-0.2703140377998352,0.026529472675725918
UBFC_PHYS_s09_T2_test,2,147,24.9,-0.4392887055873871,0.0725719271871743
UBFC_PHYS_s09_T2_test,2,148,24.933333333333334,-0.6775065064430237,0.12711673682553035
UBFC_PHYS_s09_T2_test,2,149,24.966666666666665,-0.8118805885314941,0.17547473166848998
UBFC_PHYS_s09_T2_test,2,150,25.0,-0.5897476077079773,0.2016813541649416
UBFC_PHYS_s09_T2_test,2,151,25.033333333333335,-0.036194488406181335,0.1918756805786127
UBFC_PHYS_s09_T2_test,2,152,25.066666666666666,0.49590054154396057,0.13841008184794962
UBFC_PHYS_s09_T2_test,2,153,25.1,0.7725579738616943,0.04270684925844916
UBFC_PHYS_s09_T2_test,2,154,25.133333333333333,0.8047206401824951,-0.08423622463747203
UBFC_PHYS_s09_T2_test,2,155,25.166666666666668,0.6744447946548462,-0.2236839197128851
UBFC_PHYS_s09_T2_test,2,156,25.2,0.45814743638038635,-0.35326128555437636
UBFC_PHYS_s09_T2_test,2,157,25.233333333333334,0.24608145654201508,-0.4530893019331782
UBFC_PHYS_s09_T2_test,2,158,25.266666666666666,0.09061356633901596,-0.5120281962195955
UBFC_PHYS_s09_T2_test,2,159,25.3,-0.02605740912258625,-0.5307220368851774
UBFC_PHYS_s09_T2_test,2,160,25.333333333333332,-0.1343146711587906,-0.5197205522223155
UBFC_PHYS_s09_T2_test,2,161,25.366666666666667,-0.24940238893032074,-0.49296025007637134
UBFC_PHYS_s09_T2_test,2,162,25.4,-0.40709105134010315,-0.45964142253243917
UBFC_PHYS_s09_T2_test,2,163,25.433333333333334,-0.6448605060577393,-0.4196261759407688
UBFC_PHYS_s09_T2_test,2,164,25.466666666666665,-0.8497037291526794,-0.36511855748595623
UBFC_PHYS_s09_T2_test,2,165,25.5,-0.7427495121955872,-0.2883419676214051
UBFC_PHYS_s09_T2_test,2,166,25.533333333333335,-0.2274889200925827,-0.19018132044552338
UBFC_PHYS_s09_T2_test,2,167,25.566666666666666,0.35777145624160767,-0.08127878496306777
UBFC_PHYS_s09_T2_test,2,168,25.6,0.6796639561653137,0.02557536178416596
UBFC_PHYS_s09_T2_test,2,169,25.633333333333333,0.7108878493309021,0.1252331622196202
UBFC_PHYS_s09_T2_test,2,170,25.666666666666668,0.5686955451965332,0.22530366179872463
UBFC_PHYS_s09_T2_test,2,171,25.7,0.3406638205051422,0.3411679389751341
UBFC_PHYS_s09_T2_test,2,172,25.733333333333334,0.11758505553007126,0.48392212831026443
UBFC_PHYS_s09_T2_test,2,173,25.766666666666666,-0.023437321186065674,0.6519759199654936
UBFC_PHYS_s09_T2_test,2,174,25.8,-0.09564386308193207,0.8304731785477952
UBFC_PHYS_s09_T2_test,2,175,25.833333333333332,-0.16209180653095245,0.9951976461772742
UBFC_PHYS_s09_T2_test,2,176,25.866666666666667,-0.26239773631095886,1.117375446578041
UBFC_PHYS_s09_T2_test,2,177,25.9,-0.42106717824935913,1.1665452656823525
UBFC_PHYS_s09_T2_test,2,178,25.933333333333334,-0.6408603191375732,1.112914413994807
UBFC_PHYS_s09_T2_test,2,179,25.966666666666665,-0.7921388745307922,0.9342704927751696
UBFC_PHYS_s09_T2_test,2,180,26.0,-0.6312556862831116,0.6272827829938459
UBFC_PHYS_s09_T2_test,2,181,26.033333333333335,-0.11737518012523651,0.2174999943386253
UBFC_PHYS_s09_T2_test,2,182,26.066666666666666,0.4111960232257843,-0.23834119632683723
UBFC_PHYS_s09_T2_test,2,183,26.1,0.6657088398933411,-0.6631884319416361
UBFC_PHYS_s09_T2_test,2,184,26.133333333333333,0.6564685106277466,-0.9822483510289403
UBFC_PHYS_s09_T2_test,2,185,26.166666666666668,0.5063108205795288,-1.1487761166912818
UBFC_PHYS_s09_T2_test,2,186,26.2,0.28545284271240234,-1.1608611349138787
UBFC_PHYS_s09_T2_test,2,187,26.233333333333334,0.06816767901182175,-1.056014794998861
UBFC_PHYS_s09_T2_test,2,188,26.266666666666666,-0.07293175905942917,-0.8876449276475649
UBFC_PHYS_s09_T2_test,2,189,26.3,-0.1548060029745102,-0.7037138367768367
UBFC_PHYS_s09_T2_test,2,190,26.333333333333332,-0.23449450731277466,-0.5371456956604962
UBFC_PHYS_s09_T2_test,2,191,26.366666666666667,-0.3404048979282379,-0.4047305211697433
UBFC_PHYS_s09_T2_test,2,192,26.4,-0.5110398530960083,-0.31042941424566783
UBFC_PHYS_s09_T2_test,2,193,26.433333333333334,-0.7432399392127991,-0.249533395193948
UBFC_PHYS_s09_T2_test,2,194,26.466666666666665,-0.8421867489814758,-0.21193328843627388
UBFC_PHYS_s09_T2_test,2,195,26.5,-0.5613750219345093,-0.18490352061667734
UBFC_PHYS_s09_T2_test,2,196,26.533333333333335,0.01327893789857626,-0.15568682772395404
UBFC_PHYS_s09_T2_test,2,197,26.566666666666666,0.4869403839111328,-0.11381282504301134
UBFC_PHYS_s09_T2_test,2,198,26.6,0.6613793969154358,-0.0525132252104347
UBFC_PHYS_s09_T2_test,2,199,26.633333333333333,0.6165086627006531,0.03186591269728298
UBFC_PHYS_s09_T2_test,2,200,26.666666666666668,0.4630163311958313,0.14121455880555148
UBFC_PHYS_s09_T2_test,2,201,26.7,0.26098933815956116,0.2745601647467153
UBFC_PHYS_s09_T2_test,2,202,26.733333333333334,0.07890023291110992,0.4252649995221539
UBFC_PHYS_s09_T2_test,2,203,26.766666666666666,-0.036796968430280685,0.5810251460574173
UBFC_PHYS_s09_T2_test,2,204,26.8,-0.10844305902719498,0.7269465112779078
UBFC_PHYS_s09_T2_test,2,205,26.833333333333332,-0.18654128909111023,0.8476581094238546
UBFC_PHYS_s09_T2_test,2,206,26.866666666666667,-0.31596943736076355,0.927453350227203
UBFC_PHYS_s09_T2_test,2,207,26.9,-0.5300600528717041,0.9507231833275436
UBFC_PHYS_s09_T2_test,2,208,26.933333333333334,-0.7583299279212952,0.9039052112881488
UBFC_PHYS_s09_T2_test,2,209,26.966666666666665,-0.7554506659507751,0.7787214629589863
UBFC_PHYS_s09_T2_test,2,210,27.0,-0.35194310545921326,0.5764807781230311
UBFC_PHYS_s09_T2_test,2,211,27.033333333333335,0.23838932812213898,0.3131370645918288
UBFC_PHYS_s09_T2_test,2,212,27.066666666666666,0.6428846716880798,0.021051750344228917
UBFC_PHYS_s09_T2_test,2,213,27.1,0.7648028135299683,-0.2592581063766435
UBFC_PHYS_s09_T2_test,2,214,27.133333333333333,0.6976683139801025,-0.49426804639737526
UBFC_PHYS_s09_T2_test,2,215,27.166666666666668,0.5163288116455078,-0.6671622800506339
UBFC_PHYS_s09_T2_test,2,216,27.2,0.2883951663970947,-0.7773009189292153
UBFC_PHYS_s09_T2_test,2,217,27.233333333333334,0.09974183887243271,-0.8332505556962447
UBFC_PHYS_s09_T2_test,2,218,27.266666666666666,-0.012571661733090878,-0.8446400046411003
UBFC_PHYS_s09_T2_test,2,219,27.3,-0.084736168384552,-0.8181762226866388
UBFC_PHYS_s09_T2_test,2,220,27.333333333333332,-0.17207476496696472,-0.7586433440594349
UBFC_PHYS_s09_T2_test,2,221,27.366666666666667,-0.31792399287223816,-0.6711300860619251
UBFC_PHYS_s09_T2_test,2,222,27.4,-0.5495005249977112,-0.5618069207124574
UBFC_PHYS_s09_T2_test,2,223,27.433333333333334,-0.773560106754303,-0.43641723194356663
UBFC_PHYS_s09_T2_test,2,224,27.466666666666665,-0.7309941649436951,-0.2982203287900144
UBFC_PHYS_s09_T2_test,2,225,27.5,-0.2978249788284302,-0.1491881981267196
UBFC_PHYS_s09_T2_test,2,226,27.533333333333335,0.26801592111587524,0.006095849578583709
UBFC_PHYS_s09_T2_test,2,227,27.566666666666666,0.6453856229782104,0.15862789839883332
UBFC_PHYS_s09_T2_test,2,228,27.6,0.7839280366897583,0.29680867475947925
UBFC_PHYS_s09_T2_test,2,229,27.633333333333333,0.7409908175468445,0.4097893525278138
UBFC_PHYS_s09_T2_test,2,230,27.666666666666668,0.5584323406219482,0.4904552544001337
UBFC_PHYS_s09_T2_test,2,231,27.7,0.3264565169811249,0.536854325874107
UBFC_PHYS_s09_T2_test,2,232,27.733333333333334,0.1523047238588333,0.552054912351156
UBFC_PHYS_s09_T2_test,2,233,27.766666666666666,0.058626074343919754,0.5435256861313094
UBFC_PHYS_s09_T2_test,2,234,27.8,-0.009748412296175957,0.5220061733196192
UBFC_PHYS_s09_T2_test,2,235,27.833333333333332,-0.10324491560459137,0.498750627687227
UBFC_PHYS_s09_T2_test,2,236,27.866666666666667,-0.26377785205841064,0.4809181832368473
UBFC_PHYS_s09_T2_test,2,237,27.9,-0.5194675922393799,0.4659903875655942
UBFC_PHYS_s09_T2_test,2,238,27.933333333333334,-0.7433730363845825,0.43978007070017344
UBFC_PHYS_s09_T2_test,2,239,27.966666666666665,-0.6517120003700256,0.38504752615913546
UBFC_PHYS_s09_T2_test,2,240,28.0,-0.1697278916835785,0.2957367671475162
UBFC_PHYS_s09_T2_test,2,241,28.033333333333335,0.36765632033348083,0.1810522584050766
UBFC_PHYS_s09_T2_test,2,242,28.066666666666666,0.6291677355766296,0.05717670605226713
UBFC_PHYS_s09_T2_test,2,243,28.1,0.6181689500808716,-0.0614700932024767
UBFC_PHYS_s09_T2_test,2,244,28.133333333333333,0.4586378335952759,-0.16587974392630725
UBFC_PHYS_s09_T2_test,2,245,28.166666666666668,0.22261975705623627,-0.25320132602974277
UBFC_PHYS_s09_T2_test,2,246,28.2,-0.0065958998166024685,-0.325742547467845
UBFC_PHYS_s09_T2_test,2,247,28.233333333333334,-0.14339391887187958,-0.38792797014385144
UBFC_PHYS_s09_T2_test,2,248,28.266666666666666,-0.19435252249240875,-0.44223409251714685
UBFC_PHYS_s09_T2_test,2,249,28.3,-0.22977274656295776,-0.4862651682987423
UBFC_PHYS_s09_T2_test,2,250,28.333333333333332,-0.2949526906013489,-0.512502820536671
UBFC_PHYS_s09_T2_test,2,251,28.366666666666667,-0.4333479702472687,-0.5112775128281353
UBFC_PHYS_s09_T2_test,2,252,28.4,-0.650338888168335,-0.4753281310073955
UBFC_PHYS_s09_T2_test,2,253,28.433333333333334,-0.7708559036254883,-0.40252606864460544
UBFC_PHYS_s09_T2_test,2,254,28.466666666666665,-0.5484707355499268,-0.2961561761233851
UBFC_PHYS_s09_T2_test,2,255,28.5,-0.027339430525898933,-0.1650228139965211
UBFC_PHYS_s09_T2_test,2,256,28.533333333333335,0.4341603219509125,-0.023813609541449985
UBFC_PHYS_s09_T2_test,2,257,28.566666666666666,0.610091507434845,0.10783933439548721
UBFC_PHYS_s09_T2_test,2,258,28.6,0.5599735975265503,0.2086397675134128
UBFC_PHYS_s09_T2_test,2,259,28.633333333333333,0.3946838676929474,0.2613850535629239
UBFC_PHYS_s09_T2_test,2,260,28.666666666666668,0.17886988818645477,0.2589968508243786
UBFC_PHYS_s09_T2_test,2,261,28.7,-0.003695588791742921,0.20672596006541422
UBFC_PHYS_s09_T2_test,2,262,28.733333333333334,-0.08536667376756668,0.11943194885535321
UBFC_PHYS_s09_T2_test,2,263,28.766666666666666,-0.10498930513858795,0.016092480438020983
UBFC_PHYS_s09_T2_test,2,264,28.8,-0.16090086102485657,-0.08542994401037982
UBFC_PHYS_s09_T2_test,2,265,28.833333333333332,-0.30707234144210815,-0.17019412660574182
UBFC_PHYS_s09_T2_test,2,266,28.866666666666667,-0.5445195436477661,-0.22534265654514388
UBFC_PHYS_s09_T2_test,2,267,28.9,-0.7497270703315735,-0.2410188890314733
UBFC_PHYS_s09_T2_test,2,268,28.933333333333334,-0.6721052527427673,-0.21351021400922368
UBFC_PHYS_s09_T2_test,2,269,28.966666666666665,-0.24004292488098145,-0.1469731093879696
UBFC_PHYS_s09_T2_test,2,270,29.0,0.26300695538520813,-0.05222092941007356
UBFC_PHYS_s09_T2_test,2,271,29.033333333333335,0.5369672775268555,0.056398927068268136
UBFC_PHYS_s09_T2_test,2,272,29.066666666666666,0.5906720757484436,0.164633115707588
UBFC_PHYS_s09_T2_test,2,273,29.1,0.5153550505638123,0.2609833959932471
UBFC_PHYS_s09_T2_test,2,274,29.133333333333333,0.34162357449531555,0.3379577806494353
UBFC_PHYS_s09_T2_test,2,275,29.166666666666668,0.14131997525691986,0.3925167802002984
UBFC_PHYS_s09_T2_test,2,276,29.2,0.013811361975967884,0.4254614768667113
UBFC_PHYS_s09_T2_test,2,277,29.233333333333334,-0.042793747037649155,0.4387236072000249
UBFC_PHYS_s09_T2_test,2,278,29.266666666666666,-0.11095806211233139,0.43216096043256247
UBFC_PHYS_s09_T2_test,2,279,29.3,-0.24479971826076508,0.40371782700715686
UBFC_PHYS_s09_T2_test,2,280,29.333333333333332,-0.46151041984558105,0.352533726952374
UBFC_PHYS_s09_T2_test,2,281,29.366666666666667,-0.7006529569625854,0.2804387437535926
UBFC_PHYS_s09_T2_test,2,282,29.4,-0.7446620464324951,0.19083650919974476
UBFC_PHYS_s09_T2_test,2,283,29.433333333333334,-0.4228045642375946,0.08779163617338923
UBFC_PHYS_s09_T2_test,2,284,29.466666666666665,0.10352485626935959,-0.023535548347635042
UBFC_PHYS_s09_T2_test,2,285,29.5,0.5079571604728699,-0.13597581942903753
UBFC_PHYS_s09_T2_test,2,286,29.533333333333335,0.6725252866744995,-0.24006688385388317
UBFC_PHYS_s09_T2_test,2,287,29.566666666666666,0.6855206489562988,-0.3254297385697318
UBFC_PHYS_s09_T2_test,2,288,29.6,0.5903638005256653,-0.38357037554240947
UBFC_PHYS_s09_T2_test,2,289,29.633333333333333,0.41791439056396484,-0.41061863020739653
UBFC_PHYS_s09_T2_test,2,290,29.666666666666668,0.24854041635990143,-0.4086566389538511
UBFC_PHYS_s09_T2_test,2,291,29.7,0.1349518895149231,-0.3847389998366523
UBFC_PHYS_s09_T2_test,2,292,29.733333333333334,0.052229978144168854,-0.34795438085360486
UBFC_PHYS_s09_T2_test,2,293,29.766666666666666,-0.05010056868195534,-0.3060598418727531
UBFC_PHYS_s09_T2_test,2,294,29.8,-0.21585965156555176,-0.2630669803891759
UBFC_PHYS_s09_T2_test,2,295,29.833333333333332,-0.4630165994167328,-0.2187204343666283
UBFC_PHYS_s09_T2_test,2,296,29.866666666666667,-0.6725045442581177,-0.1700647387317267
UBFC_PHYS_s09_T2_test,2,297,29.9,-0.6031142473220825,-0.1145085339376437
UBFC_PHYS_s09_T2_test,2,298,29.933333333333334,-0.19334371387958527,-0.05271502326333574
UBFC_PHYS_s09_T2_test,2,299,29.966666666666665,0.3007950484752655,0.011039604000626223
UBFC_PHYS_s09_T2_test,3,0,30.0,0.6105188727378845,0.005652370703238974
UBFC_PHYS_s09_T2_test,3,1,30.033333333333335,0.6989363431930542,-0.7673347373990044
UBFC_PHYS_s09_T2_test,3,2,30.066666666666666,0.6484681367874146,-1.439873516844666
UBFC_PHYS_s09_T2_test,3,3,30.1,0.5071164965629578,-1.9301167591344315
UBFC_PHYS_s09_T2_test,3,4,30.133333333333333,0.32921668887138367,-2.1971679131434994
UBFC_PHYS_s09_T2_test,3,5,30.166666666666668,0.17904503643512726,-2.246893534812437
UBFC_PHYS_s09_T2_test,3,6,30.2,0.0811069905757904,-2.1168043877652347
UBFC_PHYS_s09_T2_test,3,7,30.233333333333334,0.0058179921470582485,-1.8572790452757373
UBFC_PHYS_s09_T2_test,3,8,30.266666666666666,-0.09442488849163055,-1.5192513873609121
UBFC_PHYS_s09_T2_test,3,9,30.3,-0.2641771733760834,-1.1489301122900277
UBFC_PHYS_s09_T2_test,3,10,30.333333333333332,-0.5086930394172668,-0.7864925528797516
UBFC_PHYS_s09_T2_test,3,11,30.366666666666667,-0.6826416254043579,-0.4633201760278858
UBFC_PHYS_s09_T2_test,3,12,30.4,-0.5478612184524536,-0.19770491043923163
UBFC_PHYS_s09_T2_test,3,13,30.433333333333334,-0.09421472251415253,0.005566807407909886
UBFC_PHYS_s09_T2_test,3,14,30.466666666666665,0.3840283751487732,0.15093146047065692
UBFC_PHYS_s09_T2_test,3,15,30.5,0.6403626203536987,0.2471125843595431
UBFC_PHYS_s09_T2_test,3,16,30.533333333333335,0.6786831617355347,0.30387075477980646
UBFC_PHYS_s09_T2_test,3,17,30.566666666666666,0.5913655757904053,0.33055389597151147
UBFC_PHYS_s09_T2_test,3,18,30.6,0.4212840795516968,0.3359791417758566
UBFC_PHYS_s09_T2_test,3,19,30.633333333333333,0.23458528518676758,0.32881355117531863
UBFC_PHYS_s09_T2_test,3,20,30.666666666666668,0.1080784797668457,0.31747459619445606
UBFC_PHYS_s09_T2_test,3,21,30.7,0.04970796778798103,0.3087134836777199
UBFC_PHYS_s09_T2_test,3,22,30.733333333333334,0.004409870132803917,0.30555989966126773
UBFC_PHYS_s09_T2_test,3,23,30.766666666666666,-0.07913170009851456,0.30665795316083444
UBFC_PHYS_s09_T2_test,3,24,30.8,-0.2449048012495041,0.30773604136609906
UBFC_PHYS_s09_T2_test,3,25,30.833333333333332,-0.5013371706008911,0.30444742880532755
UBFC_PHYS_s09_T2_test,3,26,30.866666666666667,-0.6938855648040771,0.29506967108918863
UBFC_PHYS_s09_T2_test,3,27,30.9,-0.5716521739959717,0.28115543100725965
UBFC_PHYS_s09_T2_test,3,28,30.933333333333334,-0.1275683045387268,0.2657166305802878
UBFC_PHYS_s09_T2_test,3,29,30.966666666666665,0.3352695405483246,0.25012034296674507
UBFC_PHYS_s09_T2_test,3,30,31.0,0.5829869508743286,0.2319219088062808
UBFC_PHYS_s09_T2_test,3,31,31.033333333333335,0.637462317943573,0.20633168607682834
UBFC_PHYS_s09_T2_test,3,32,31.066666666666666,0.5751476883888245,0.1705774867145519
UBFC_PHYS_s09_T2_test,3,33,31.1,0.41911935806274414,0.12715950090360525
UBFC_PHYS_s09_T2_test,3,34,31.133333333333333,0.23624561727046967,0.08366743602897889
UBFC_PHYS_s09_T2_test,3,35,31.166666666666668,0.09511815756559372,0.04910653870051199
UBFC_PHYS_s09_T2_test,3,36,31.2,-0.004199991002678871,0.02892806245949789
UBFC_PHYS_s09_T2_test,3,37,31.233333333333334,-0.09092209488153458,0.02266775394006919
UBFC_PHYS_s09_T2_test,3,38,31.266666666666666,-0.1983737200498581,0.025523342668406966
UBFC_PHYS_s09_T2_test,3,39,31.3,-0.3840356767177582,0.032308032275391294
UBFC_PHYS_s09_T2_test,3,40,31.333333333333332,-0.6524125337600708,0.040968129290984
UBFC_PHYS_s09_T2_test,3,41,31.366666666666667,-0.82832270860672,0.052333519909057685
UBFC_PHYS_s09_T2_test,3,42,31.4,-0.669779360294342,0.06655988381795201
UBFC_PHYS_s09_T2_test,3,43,31.433333333333334,-0.20528823137283325,0.08037514990146132
UBFC_PHYS_s09_T2_test,3,44,31.466666666666665,0.25131461024284363,0.08716401572876084
UBFC_PHYS_s09_T2_test,3,45,31.5,0.4893573224544525,0.07931888862878657
UBFC_PHYS_s09_T2_test,3,46,31.533333333333335,0.5420743227005005,0.051426417823698736
UBFC_PHYS_s09_T2_test,3,47,31.566666666666666,0.47475767135620117,0.002359112806665606
UBFC_PHYS_s09_T2_test,3,48,31.6,0.31363627314567566,-0.06430984767094743
UBFC_PHYS_s09_T2_test,3,49,31.633333333333333,0.14001692831516266,-0.1407167883318783
UBFC_PHYS_s09_T2_test,3,50,31.666666666666668,0.024571936577558517,-0.2156444883190438
UBFC_PHYS_s09_T2_test,3,51,31.7,-0.04585518315434456,-0.2763238207415252
UBFC_PHYS_s09_T2_test,3,52,31.733333333333334,-0.1172700971364975,-0.3107648404435129
UBFC_PHYS_s09_T2_test,3,53,31.766666666666666,-0.2350059151649475,-0.3096367898255995
UBFC_PHYS_s09_T2_test,3,54,31.8,-0.44935572147369385,-0.26790830370936697
UBFC_PHYS_s09_T2_test,3,55,31.833333333333332,-0.6970030665397644,-0.18749102275093127
UBFC_PHYS_s09_T2_test,3,56,31.866666666666667,-0.7372992038726807,-0.07969905989725729
UBFC_PHYS_s09_T2_test,3,57,31.9,-0.4111052453517914,0.03583743485847324
UBFC_PHYS_s09_T2_test,3,58,31.933333333333334,0.10210972279310226,0.13638783790989628
UBFC_PHYS_s09_T2_test,3,59,31.966666666666665,0.48698943853378296,0.20302927106773266
UBFC_PHYS_s09_T2_test,3,60,32.0,0.6319559216499329,0.22620927929966936
UBFC_PHYS_s09_T2_test,3,61,32.03333333333333,0.6034432053565979,0.20698747241081342
UBFC_PHYS_s09_T2_test,3,62,32.06666666666667,0.47231271862983704,0.15386707280524592
UBFC_PHYS_s09_T2_test,3,63,32.1,0.28942498564720154,0.07798820285677469
UBFC_PHYS_s09_T2_test,3,64,32.13333333333333,0.1264331042766571,-0.011310449001771413
UBFC_PHYS_s09_T2_test,3,65,32.166666666666664,0.01711099222302437,-0.10973238318906486
UBFC_PHYS_s09_T2_test,3,66,32.2,-0.07897757738828659,-0.21803342219736171
UBFC_PHYS_s09_T2_test,3,67,32.233333333333334,-0.21464769542217255,-0.3360783657243152
UBFC_PHYS_s09_T2_test,3,68,32.266666666666666,-0.41914764046669006,-0.45427631311265604
UBFC_PHYS_s09_T2_test,3,69,32.3,-0.6896191835403442,-0.5509994712028765
UBFC_PHYS_s09_T2_test,3,70,32.333333333333336,-0.8781324028968811,-0.5982738074658557
UBFC_PHYS_s09_T2_test,3,71,32.36666666666667,-0.7416636347770691,-0.571106950153463
UBFC_PHYS_s09_T2_test,3,72,32.4,-0.2719953954219818,-0.4566629736290715
UBFC_PHYS_s09_T2_test,3,73,32.43333333333333,0.2302488386631012,-0.2611258108736137
UBFC_PHYS_s09_T2_test,3,74,32.46666666666667,0.5233764052391052,-0.011754606953800872
UBFC_PHYS_s09_T2_test,3,75,32.5,0.6239696145057678,0.24823647766967774
UBFC_PHYS_s09_T2_test,3,76,32.53333333333333,0.608984649181366,0.47122152630515546
UBFC_PHYS_s09_T2_test,3,77,32.56666666666667,0.4915921092033386,0.6192585184648481
UBFC_PHYS_s09_T2_test,3,78,32.6,0.3080248236656189,0.6753215783082321
UBFC_PHYS_s09_T2_test,3,79,32.63333333333333,0.1430223286151886,0.6458003334128104
UBFC_PHYS_s09_T2_test,3,80,32.666666666666664,0.032663386315107346,0.5543833402718037
UBFC_PHYS_s09_T2_test,3,81,32.7,-0.06058792397379875,0.43327138318816016
UBFC_PHYS_s09_T2_test,3,82,32.733333333333334,-0.1809578388929367,0.3150620595260712
UBFC_PHYS_s09_T2_test,3,83,32.766666666666666,-0.37083014845848083,0.22538139914399943
UBFC_PHYS_s09_T2_test,3,84,32.8,-0.6205371618270874,0.17710426741385957
UBFC_PHYS_s09_T2_test,3,85,32.833333333333336,-0.7463223934173584,0.1678580577777529
UBFC_PHYS_s09_T2_test,3,86,32.86666666666667,-0.5387119054794312,0.1822353652040633
UBFC_PHYS_s09_T2_test,3,87,32.9,-0.0683220848441124,0.19951286435197882
UBFC_PHYS_s09_T2_test,3,88,32.93333333333333,0.369309663772583,0.20325082954222176
UBFC_PHYS_s09_T2_test,3,89,32.96666666666667,0.5963395833969116,0.1855296405802005
UBFC_PHYS_s09_T2_test,3,90,33.0,0.6448812484741211,0.14470194899024777
UBFC_PHYS_s09_T2_test,3,91,33.03333333333333,0.5839536786079407,0.08182524783178734
UBFC_PHYS_s09_T2_test,3,92,33.06666666666667,0.4461468756198883,-0.0011605553843083947
UBFC_PHYS_s09_T2_test,3,93,33.1,0.2720651626586914,-0.1013687677642652
UBFC_PHYS_s09_T2_test,3,94,33.13333333333333,0.12412126362323761,-0.2136152520113861
UBFC_PHYS_s09_T2_test,3,95,33.166666666666664,0.024641992524266243,-0.32892572424045985
UBFC_PHYS_s09_T2_test,3,96,33.2,-0.06025165691971779,-0.43417124443212146
UBFC_PHYS_s09_T2_test,3,97,33.233333333333334,-0.18109795451164246,-0.5138931194121623
UBFC_PHYS_s09_T2_test,3,98,33.266666666666666,-0.39114633202552795,-0.5540709691288879
UBFC_PHYS_s09_T2_test,3,99,33.3,-0.6569801568984985,-0.5462789943169428
UBFC_PHYS_s09_T2_test,3,100,33.333333333333336,-0.7523471713066101,-0.49069236126263976
UBFC_PHYS_s09_T2_test,3,101,33.36666666666667,-0.4753464460372925,-0.3967241567962013
UBFC_PHYS_s09_T2_test,3,102,33.4,0.04434869810938835,-0.2810413287311068
UBFC_PHYS_s09_T2_test,3,103,33.43333333333333,0.4833255112171173,-0.16372330335741397
UBFC_PHYS_s09_T2_test,3,104,33.46666666666667,0.6899131536483765,-0.06341233571628212
UBFC_PHYS_s09_T2_test,3,105,33.5,0.7130805850028992,0.007701850636704723
UBFC_PHYS_s09_T2_test,3,106,33.53333333333333,0.6210062503814697,0.04731750964329459
UBFC_PHYS_s09_T2_test,3,107,33.56666666666667,0.46917423605918884,0.06255715329697914
UBFC_PHYS_s09_T2_test,3,108,33.6,0.3053136467933655,0.06568674681748501
UBFC_PHYS_s09_T2_test,3,109,33.63333333333333,0.1580352932214737,0.06850295148341035
UBFC_PHYS_s09_T2_test,3,110,33.666666666666664,0.04064974933862686,0.07796315435320514
UBFC_PHYS_s09_T2_test,3,111,33.7,-0.05239139497280121,0.09515561467957905
UBFC_PHYS_s09_T2_test,3,112,33.733333333333334,-0.16041748225688934,0.11725588663549963
UBFC_PHYS_s09_T2_test,3,113,33.766666666666666,-0.351824015378952,0.13983036690049383
UBFC_PHYS_s09_T2_test,3,114,33.8,-0.6230171322822571,0.15829971902283152
UBFC_PHYS_s09_T2_test,3,115,33.833333333333336,-0.769756019115448,0.16909778892172533
UBFC_PHYS_s09_T2_test,3,116,33.86666666666667,-0.5521836876869202,0.17054297666020876
UBFC_PHYS_s09_T2_test,3,117,33.9,-0.041105400770902634,0.16285463394467953
UBFC_PHYS_s09_T2_test,3,118,33.93333333333333,0.42284631729125977,0.14735402427292127
UBFC_PHYS_s09_T2_test,3,119,33.96666666666667,0.6390175819396973,0.1254852336476499
UBFC_PHYS_s09_T2_test,3,120,34.0,0.6612743139266968,0.09831772951953328
UBFC_PHYS_s09_T2_test,3,121,34.03333333333333,0.5638616681098938,0.06704983001484871
UBFC_PHYS_s09_T2_test,3,122,34.06666666666667,0.3819056749343872,0.034212461941153786
UBFC_PHYS_s09_T2_test,3,123,34.1,0.18776698410511017,0.004523280765227085
UBFC_PHYS_s09_T2_test,3,124,34.13333333333333,0.05063270404934883,-0.015392447200044564
UBFC_PHYS_s09_T2_test,3,125,34.166666666666664,-0.03262864425778389,-0.018720741429883857
UBFC_PHYS_s09_T2_test,3,126,34.2,-0.10402954369783401,-0.0009189312896740413
UBFC_PHYS_s09_T2_test,3,127,34.233333333333334,-0.20982785522937775,0.038639029927594486
UBFC_PHYS_s09_T2_test,3,128,34.266666666666666,-0.41246432065963745,0.09654837950966541
UBFC_PHYS_s09_T2_test,3,129,34.3,-0.6849955320358276,0.16651251767046052
UBFC_PHYS_s09_T2_test,3,130,34.333333333333336,-0.7937501668930054,0.24090462997985906
UBFC_PHYS_s09_T2_test,3,131,34.36666666666667,-0.5269705653190613,0.31158862453441494
UBFC_PHYS_s09_T2_test,3,132,34.4,-0.019016798585653305,0.3698953691261956
UBFC_PHYS_s09_T2_test,3,133,34.43333333333333,0.39352795481681824,0.4067097138029473
UBFC_PHYS_s09_T2_test,3,134,34.46666666666667,0.566979169845581,0.41296430382426774
UBFC_PHYS_s09_T2_test,3,135,34.5,0.5697463750839233,0.3800872582479852
UBFC_PHYS_s09_T2_test,3,136,34.53333333333333,0.45711761713027954,0.30059329230621173
UBFC_PHYS_s09_T2_test,3,137,34.56666666666667,0.27172189950942993,0.16957796636295894
UBFC_PHYS_s09_T2_test,3,138,34.6,0.10161933302879333,-0.01275624412659311
UBFC_PHYS_s09_T2_test,3,139,34.63333333333333,0.0001995150960283354,-0.2381589409958936
UBFC_PHYS_s09_T2_test,3,140,34.666666666666664,-0.06716616451740265,-0.4882175289167112
UBFC_PHYS_s09_T2_test,3,141,34.7,-0.15095993876457214,-0.734684713215502
UBFC_PHYS_s09_T2_test,3,142,34.733333333333334,-0.284941703081131,-0.9435397024099498
UBFC_PHYS_s09_T2_test,3,143,34.766666666666666,-0.5141433477401733,-1.0833247741127396
UBFC_PHYS_s09_T2_test,3,144,34.8,-0.771437406539917,-1.134099225367827
UBFC_PHYS_s09_T2_test,3,145,34.833333333333336,-0.7945908308029175,-1.08996190866371
UBFC_PHYS_s09_T2_test,3,146,34.86666666666667,-0.42137542366981506,-0.9549673793441145
UBFC_PHYS_s09_T2_test,3,147,34.9,0.14237080514431,-0.7390815816330857
UBFC_PHYS_s09_T2_test,3,148,34.93333333333333,0.5574585795402527,-0.4575577214239139
UBFC_PHYS_s09_T2_test,3,149,34.96666666666667,0.7148249745368958,-0.13293462407379686
UBFC_PHYS_s09_T2_test,3,150,35.0,0.7007858157157898,0.2035088341184457
UBFC_PHYS_s09_T2_test,3,151,35.03333333333333,0.5864827036857605,0.515447136032851
UBFC_PHYS_s09_T2_test,3,152,35.06666666666667,0.41329070925712585,0.7695654749377872
UBFC_PHYS_s09_T2_test,3,153,35.1,0.2348024696111679,0.9419100994006004
UBFC_PHYS_s09_T2_test,3,154,35.13333333333333,0.09624605625867844,1.0203595028594128
UBFC_PHYS_s09_T2_test,3,155,35.166666666666664,0.0005778165650554001,1.0053615676744359
UBFC_PHYS_s09_T2_test,3,156,35.2,-0.09331100434064865,0.9097999142712957
UBFC_PHYS_s09_T2_test,3,157,35.233333333333334,-0.2516652047634125,0.757253027822134
UBFC_PHYS_s09_T2_test,3,158,35.266666666666666,-0.5226551294326782,0.5782170831591413
UBFC_PHYS_s09_T2_test,3,159,35.3,-0.8102763295173645,0.40439210575309786
UBFC_PHYS_s09_T2_test,3,160,35.333333333333336,-0.8396016955375671,0.2617228443823435
UBFC_PHYS_s09_T2_test,3,161,35.36666666666667,-0.44943979382514954,0.1635226003501164
UBFC_PHYS_s09_T2_test,3,162,35.4,0.145901620388031,0.10679263024063015
UBFC_PHYS_s09_T2_test,3,163,35.43333333333333,0.5906720757484436,0.07593797767713206
UBFC_PHYS_s09_T2_test,3,164,35.46666666666667,0.7637449502944946,0.05225957335776109
UBFC_PHYS_s09_T2_test,3,165,35.5,0.74008709192276,0.022120719299489902
UBFC_PHYS_s09_T2_test,3,166,35.53333333333333,0.5870641469955444,-0.02005102889669692
UBFC_PHYS_s09_T2_test,3,167,35.56666666666667,0.37026241421699524,-0.07364385107896042
UBFC_PHYS_s09_T2_test,3,168,35.6,0.15907911956310272,-0.13672930297491484
UBFC_PHYS_s09_T2_test,3,169,35.63333333333333,-0.014042834751307964,-0.2109286550047318
UBFC_PHYS_s09_T2_test,3,170,35.666666666666664,-0.15252919495105743,-0.3029873525737376
UBFC_PHYS_s09_T2_test,3,171,35.7,-0.266341894865036,-0.4202935413056272
UBFC_PHYS_s09_T2_test,3,172,35.733333333333334,-0.38058191537857056,-0.5623643083185798
UBFC_PHYS_s09_T2_test,3,173,35.766666666666666,-0.560135006904602,-0.7146731573758807
UBFC_PHYS_s09_T2_test,3,174,35.8,-0.8169386386871338,-0.84932350017716
UBFC_PHYS_s09_T2_test,3,175,35.833333333333336,-0.9540379047393799,-0.9340394014254819
UBFC_PHYS_s09_T2_test,3,176,35.86666666666667,-0.7236663103103638,-0.9455546173930881
UBFC_PHYS_s09_T2_test,3,177,35.9,-0.17968983948230743,-0.878939680458461
UBFC_PHYS_s09_T2_test,3,178,35.93333333333333,0.3518587350845337,-0.7479670461745087
UBFC_PHYS_s09_T2_test,3,179,35.96666666666667,0.6528536081314087,-0.5763291483461924
UBFC_PHYS_s09_T2_test,3,180,36.0,0.7360939383506775,-0.38461640858233404
UBFC_PHYS_s09_T2_test,3,181,36.03333333333333,0.6685250997543335,-0.18188545201571904
UBFC_PHYS_s09_T2_test,3,182,36.06666666666667,0.5108224153518677,0.03421449491133301
UBFC_PHYS_s09_T2_test,3,183,36.1,0.3351154029369354,0.2705329202855139
UBFC_PHYS_s09_T2_test,3,184,36.13333333333333,0.19181621074676514,0.5289176242330338
UBFC_PHYS_s09_T2_test,3,185,36.166666666666664,0.08173748850822449,0.7997033319259558
UBFC_PHYS_s09_T2_test,3,186,36.2,-0.010736199095845222,1.0612764673652304
UBFC_PHYS_s09_T2_test,3,187,36.233333333333334,-0.10729414224624634,1.2856355575272258
UBFC_PHYS_s09_T2_test,3,188,36.266666666666666,-0.27018094062805176,1.4466995326118754
UBFC_PHYS_s09_T2_test,3,189,36.3,-0.5487649440765381,1.5257553457755124
UBFC_PHYS_s09_T2_test,3,190,36.333333333333336,-0.810143232345581,1.5122436834121018
UBFC_PHYS_s09_T2_test,3,191,36.36666666666667,-0.7738263010978699,1.4022231488228067
UBFC_PHYS_s09_T2_test,3,192,36.4,-0.3458902835845947,1.197265244770949
UBFC_PHYS_s09_T2_test,3,193,36.43333333333333,0.2225567102432251,0.9061219442932914
UBFC_PHYS_s09_T2_test,3,194,36.46666666666667,0.6311993598937988,0.547684423131263
UBFC_PHYS_s09_T2_test,3,195,36.5,0.7947306632995605,0.15033315717796897
UBFC_PHYS_s09_T2_test,3,196,36.53333333333333,0.7561019062995911,-0.2532804178883872
UBFC_PHYS_s09_T2_test,3,197,36.56666666666667,0.6045781373977661,-0.6327048323276508
UBFC_PHYS_s09_T2_test,3,198,36.6,0.4466092586517334,-0.9642566884792534
UBFC_PHYS_s09_T2_test,3,199,36.63333333333333,0.32864224910736084,-1.231430573041648
UBFC_PHYS_s09_T2_test,3,200,36.666666666666664,0.21487858891487122,-1.4223892333388513
UBFC_PHYS_s09_T2_test,3,201,36.7,0.08852589875459671,-1.528857076451416
UBFC_PHYS_s09_T2_test,3,202,36.733333333333334,-0.024144884198904037,-1.547707528765766
UBFC_PHYS_s09_T2_test,3,203,36.766666666666666,-0.13564573228359222,-1.48314451433758
UBFC_PHYS_s09_T2_test,3,204,36.8,-0.3275846838951111,-1.347409051371608
UBFC_PHYS_s09_T2_test,3,205,36.833333333333336,-0.6341279745101929,-1.1585468251326874
UBFC_PHYS_s09_T2_test,3,206,36.86666666666667,-0.8819644451141357,-0.9361675855239645
UBFC_PHYS_s09_T2_test,3,207,36.9,-0.7820508480072021,-0.6983150346879798
UBFC_PHYS_s09_T2_test,3,208,36.93333333333333,-0.30159398913383484,-0.4603107367474071
UBFC_PHYS_s09_T2_test,3,209,36.96666666666667,0.25042492151260376,-0.23403895456965082
UBFC_PHYS_s09_T2_test,3,210,37.0,0.5989596843719482,-0.02713430253325743
UBFC_PHYS_s09_T2_test,3,211,37.03333333333333,0.7146148085594177,0.15726894498901667
UBFC_PHYS_s09_T2_test,3,212,37.06666666666667,0.6656107902526855,0.3197747422621477
UBFC_PHYS_s09_T2_test,3,213,37.1,0.5105001926422119,0.46285174901273907
UBFC_PHYS_s09_T2_test,3,214,37.13333333333333,0.3420509397983551,0.5888170298994978
UBFC_PHYS_s09_T2_test,3,215,37.166666666666664,0.2150537222623825,0.699486037579857
UBFC_PHYS_s09_T2_test,3,216,37.2,0.1066843718290329,0.7973296657957818
UBFC_PHYS_s09_T2_test,3,217,37.233333333333334,-0.004746426362544298,0.8860739749367063
UBFC_PHYS_s09_T2_test,3,218,37.266666666666666,-0.10973909497261047,0.9698742937975404
UBFC_PHYS_s09_T2_test,3,219,37.3,-0.24114280939102173,1.0516397210039568
UBFC_PHYS_s09_T2_test,3,220,37.333333333333336,-0.47226399183273315,1.1307338583580646
UBFC_PHYS_s09_T2_test,3,221,37.36666666666667,-0.7609710693359375,1.1999373841764067
UBFC_PHYS_s09_T2_test,3,222,37.4,-0.863028347492218,1.2429190342309024
UBFC_PHYS_s09_T2_test,3,223,37.43333333333333,-0.5729131698608398,1.2345784658095298
UBFC_PHYS_s09_T2_test,3,224,37.46666666666667,-0.026849038898944855,1.1458407413345892
UBFC_PHYS_s09_T2_test,3,225,37.5,0.43282225728034973,0.953175217967477
UBFC_PHYS_s09_T2_test,3,226,37.53333333333333,0.6288174390792847,0.6494597276038251
UBFC_PHYS_s09_T2_test,3,227,37.56666666666667,0.6231919527053833,0.24980324167845924
UBFC_PHYS_s09_T2_test,3,228,37.6,0.49725961685180664,-0.2103297386271884
UBFC_PHYS_s09_T2_test,3,229,37.63333333333333,0.32076096534729004,-0.6830407957905724
UBFC_PHYS_s09_T2_test,3,230,37.666666666666664,0.16335253417491913,-1.1183221527768397
UBFC_PHYS_s09_T2_test,3,231,37.7,0.04632427170872688,-1.471974998498774
UBFC_PHYS_s09_T2_test,3,232,37.733333333333334,-0.05560695752501488,-1.7096818720483316
UBFC_PHYS_s09_T2_test,3,233,37.766666666666666,-0.15178659558296204,-1.8092690982348316
UBFC_PHYS_s09_T2_test,3,234,37.8,-0.2523447275161743,-1.7622333950720401
UBFC_PHYS_s09_T2_test,3,235,37.833333333333336,-0.43348807096481323,-1.574205912725041
UBFC_PHYS_s09_T2_test,3,236,37.86666666666667,-0.7220690250396729,-1.2643501215540192
UBFC_PHYS_s09_T2_test,3,237,37.9,-0.8982314467430115,-0.8640011325849752
UBFC_PHYS_s09_T2_test,3,238,37.93333333333333,-0.6726937294006348,-0.413572551314738
UBFC_PHYS_s09_T2_test,3,239,37.96666666666667,-0.10638342052698135,0.044147006999853244
UBFC_PHYS_s09_T2_test,3,240,38.0,0.43387308716773987,0.47204368710203726
UBFC_PHYS_s09_T2_test,3,241,38.03333333333333,0.714607834815979,0.8421089046536032
UBFC_PHYS_s09_T2_test,3,242,38.06666666666667,0.776179850101471,1.1332183482155505
UBFC_PHYS_s09_T2_test,3,243,38.1,0.6883018612861633,1.3273682556116135
UBFC_PHYS_s09_T2_test,3,244,38.13333333333333,0.5160486102104187,1.4082263041270418
UBFC_PHYS_s09_T2_test,3,245,38.166666666666664,0.35173264145851135,1.3645487907678298
UBFC_PHYS_s09_T2_test,3,246,38.2,0.24598337709903717,1.1969056422714617
UBFC_PHYS_s09_T2_test,3,247,38.233333333333334,0.17776301503181458,0.9223972840658765
UBFC_PHYS_s09_T2_test,3,248,38.266666666666666,0.11379503458738327,0.5743119597337176
UBFC_PHYS_s09_T2_test,3,249,38.3,0.03495420888066292,0.1966914354202529
UBFC_PHYS_s09_T2_test,3,250,38.333333333333336,-0.09392749518156052,-0.1650793178958885
UBFC_PHYS_s09_T2_test,3,251,38.36666666666667,-0.27139291167259216,-0.4755114143284551
UBFC_PHYS_s09_T2_test,3,252,38.4,-0.33172500133514404,-0.7173162415270272
UBFC_PHYS_s09_T2_test,3,253,38.43333333333333,-0.04445406794548035,-0.890423806842715
UBFC_PHYS_s09_T2_test,3,254,38.46666666666667,0.5615078210830688,-1.0026958000036104
UBFC_PHYS_s09_T2_test,3,255,38.5,1.1808083057403564,-1.0603955104669978
UBFC_PHYS_s09_T2_test,3,256,38.53333333333333,1.5857590436935425,-1.0637062536533088
UBFC_PHYS_s09_T2_test,3,257,38.56666666666667,1.785873532295227,-1.0085667814236043
UBFC_PHYS_s09_T2_test,3,258,38.6,1.8080321550369263,-0.8922298666617612
UBFC_PHYS_s09_T2_test,3,259,38.63333333333333,1.6718575954437256,-0.7168557393982224
UBFC_PHYS_s09_T2_test,3,260,38.666666666666664,1.4800167083740234,-0.48966396567329085
UBFC_PHYS_s09_T2_test,3,261,38.7,1.3366475105285645,-0.2226745102699635
UBFC_PHYS_s09_T2_test,3,262,38.733333333333334,1.2198994159698486,0.06712625576777971
UBFC_PHYS_s09_T2_test,3,263,38.766666666666666,1.0231056213378906,0.3588301764602625
UBFC_PHYS_s09_T2_test,3,264,38.8,0.6730436682701111,0.6301867963111772
UBFC_PHYS_s09_T2_test,3,265,38.833333333333336,0.16422823071479797,0.8605839540452078
UBFC_PHYS_s09_T2_test,3,266,38.86666666666667,-0.40720313787460327,1.0334815059388212
UBFC_PHYS_s09_T2_test,3,267,38.9,-0.8002513647079468,1.1377162374979424
UBFC_PHYS_s09_T2_test,3,268,38.93333333333333,-0.8238111138343811,1.1677997972630065
UBFC_PHYS_s09_T2_test,3,269,38.96666666666667,-0.5987217426300049,1.1239424634305548
UBFC_PHYS_s09_T2_test,3,270,39.0,-0.43201690912246704,1.0122232705195093
UBFC_PHYS_s09_T2_test,3,271,39.03333333333333,-0.46021437644958496,0.8448780724421787
UBFC_PHYS_s09_T2_test,3,272,39.06666666666667,-0.589103102684021,0.6397480779850281
UBFC_PHYS_s09_T2_test,3,273,39.1,-0.7361922860145569,0.4172985282561364
UBFC_PHYS_s09_T2_test,3,274,39.13333333333333,-0.8769064545631409,0.1957264181572544
UBFC_PHYS_s09_T2_test,3,275,39.166666666666664,-0.9917279481887817,-0.01324501109802375
UBFC_PHYS_s09_T2_test,3,276,39.2,-1.0678786039352417,-0.2054370255887533
UBFC_PHYS_s09_T2_test,3,277,39.233333333333334,-1.1183258295059204,-0.3804635373477218
UBFC_PHYS_s09_T2_test,3,278,39.266666666666666,-1.1744405031204224,-0.5355930300215382
UBFC_PHYS_s09_T2_test,3,279,39.3,-1.2739688158035278,-0.6631817130600847
UBFC_PHYS_s09_T2_test,3,280,39.333333333333336,-1.4248480796813965,-0.7532070897302422
UBFC_PHYS_s09_T2_test,3,281,39.36666666666667,-1.5091462135314941,-0.797635134372859
UBFC_PHYS_s09_T2_test,3,282,39.4,-1.296877145767212,-0.7937234644520615
UBFC_PHYS_s09_T2_test,3,283,39.43333333333333,-0.7382799386978149,-0.7444714412003741
UBFC_PHYS_s09_T2_test,3,284,39.46666666666667,-0.1356247216463089,-0.6567728336263509
UBFC_PHYS_s09_T2_test,3,285,39.5,0.1880822330713272,-0.539959969176796
UBFC_PHYS_s09_T2_test,3,286,39.53333333333333,0.21405893564224243,-0.405553312344894
UBFC_PHYS_s09_T2_test,3,287,39.56666666666667,0.07384219765663147,-0.26695287244328086
UBFC_PHYS_s09_T2_test,3,288,39.6,-0.18174947798252106,-0.13807987776376857
UBFC_PHYS_s09_T2_test,3,289,39.63333333333333,-0.46864208579063416,-0.03058372992848514
UBFC_PHYS_s09_T2_test,3,290,39.666666666666664,-0.6565808653831482,0.04917749862303129
UBFC_PHYS_s09_T2_test,3,291,39.7,-0.7143138647079468,0.10084970180758202
UBFC_PHYS_s09_T2_test,3,292,39.733333333333334,-0.7326194643974304,0.1283225061048602
UBFC_PHYS_s09_T2_test,3,293,39.766666666666666,-0.8208617568016052,0.13772056879921699
UBFC_PHYS_s09_T2_test,3,294,39.8,-1.0419650077819824,0.13622490955781394
UBFC_PHYS_s09_T2_test,3,295,39.833333333333336,-1.3184332847595215,0.13139961185712762
UBFC_PHYS_s09_T2_test,3,296,39.86666666666667,-1.348711371421814,0.13027099345269755
UBFC_PHYS_s09_T2_test,3,297,39.9,-0.8598968982696533,0.13725732379595157
UBFC_PHYS_s09_T2_test,3,298,39.93333333333333,-0.024299006909132004,0.15200035618853763
UBFC_PHYS_s09_T2_test,3,299,39.96666666666667,0.6745078563690186,0.16985435730845014
UBFC_PHYS_s09_T2_test,4,0,40.0,0.9999592304229736,0.056433973855827956
UBFC_PHYS_s09_T2_test,4,1,40.03333333333333,1.0631635189056396,-0.4890386679223479
UBFC_PHYS_s09_T2_test,4,2,40.06666666666667,0.9738214015960693,-0.9546617730781577
UBFC_PHYS_s09_T2_test,4,3,40.1,0.7353793382644653,-1.2782365809583678
UBFC_PHYS_s09_T2_test,4,4,40.13333333333333,0.4451100528240204,-1.4374010461745945
UBFC_PHYS_s09_T2_test,4,5,40.166666666666664,0.2524985671043396,-1.4535820739797474
UBFC_PHYS_s09_T2_test,4,6,40.2,0.16111774742603302,-1.3754585004217996
UBFC_PHYS_s09_T2_test,4,7,40.233333333333334,0.04684969037771225,-1.2566242736827167
UBFC_PHYS_s09_T2_test,4,8,40.266666666666666,-0.19200564920902252,-1.1380005409403762
UBFC_PHYS_s09_T2_test,4,9,40.3,-0.5779572129249573,-1.0390478718968168
UBFC_PHYS_s09_T2_test,4,10,40.333333333333336,-0.9453859925270081,-0.9587102888141842
UBFC_PHYS_s09_T2_test,4,11,40.36666666666667,-0.9202640056610107,-0.8840254030661486
UBFC_PHYS_s09_T2_test,4,12,40.4,-0.331682950258255,-0.8010105193267447
UBFC_PHYS_s09_T2_test,4,13,40.43333333333333,0.46285519003868103,-0.7004324510735042
UBFC_PHYS_s09_T2_test,4,14,40.46666666666667,0.9828935861587524,-0.5772109540085316
UBFC_PHYS_s09_T2_test,4,15,40.5,1.127110481262207,-0.42846241913156213
UBFC_PHYS_s09_T2_test,4,16,40.53333333333333,1.034328579902649,-0.2530668093632932
UBFC_PHYS_s09_T2_test,4,17,40.56666666666667,0.8032004237174988,-0.05267147283251923
UBFC_PHYS_s09_T2_test,4,18,40.6,0.5064018964767456,0.16688759334159275
UBFC_PHYS_s09_T2_test,4,19,40.63333333333333,0.24159787595272064,0.3954039808019226
UBFC_PHYS_s09_T2_test,4,20,40.666666666666664,0.058654095977544785,0.6194118207096938
UBFC_PHYS_s09_T2_test,4,21,40.7,-0.06325705349445343,0.8230355385679691
UBFC_PHYS_s09_T2_test,4,22,40.733333333333334,-0.18759213387966156,0.9885616970146016
UBFC_PHYS_s09_T2_test,4,23,40.766666666666666,-0.401934951543808,1.098228001151967
UBFC_PHYS_s09_T2_test,4,24,40.8,-0.7579236030578613,1.1373241964052891
UBFC_PHYS_s09_T2_test,4,25,40.833333333333336,-1.1033269166946411,1.097190608332005
UBFC_PHYS_s09_T2_test,4,26,40.86666666666667,-1.0753675699234009,0.9771994087509152
UBFC_PHYS_s09_T2_test,4,27,40.9,-0.5011619925498962,0.7854624756965303
UBFC_PHYS_s09_T2_test,4,28,40.93333333333333,0.28898364305496216,0.5390159219273273
UBFC_PHYS_s09_T2_test,4,29,40.96666666666667,0.8255762457847595,0.2649439213398152
UBFC_PHYS_s09_T2_test,4,30,41.0,0.9997490644454956,0.0006618213069818999
UBFC_PHYS_s09_T2_test,4,31,41.03333333333333,0.9590886235237122,-0.21115644236023473
UBFC_PHYS_s09_T2_test,4,32,41.06666666666667,0.7939460277557373,-0.33357998371963615
UBFC_PHYS_s09_T2_test,4,33,41.1,0.5364348292350769,-0.3485571547987938
UBFC_PHYS_s09_T2_test,4,34,41.13333333333333,0.2715047001838684,-0.26536005645194166
UBFC_PHYS_s09_T2_test,4,35,41.166666666666664,0.07249011844396591,-0.11608515783793147
UBFC_PHYS_s09_T2_test,4,36,41.2,-0.06502246111631393,0.05882834358243248
UBFC_PHYS_s09_T2_test,4,37,41.233333333333334,-0.1899460107088089,0.221645076159366
UBFC_PHYS_s09_T2_test,4,38,41.266666666666666,-0.36751651763916016,0.3403641498168303
UBFC_PHYS_s09_T2_test,4,39,41.3,-0.6784172654151917,0.3889687763604016
UBFC_PHYS_s09_T2_test,4,40,41.333333333333336,-1.0657418966293335,0.34901938198570714
UBFC_PHYS_s09_T2_test,4,41,41.36666666666667,-1.189726710319519,0.21425380009145653
UBFC_PHYS_s09_T2_test,4,42,41.4,-0.7403115630149841,-0.004244171618761464
UBFC_PHYS_s09_T2_test,4,43,41.43333333333333,0.07985299080610275,-0.2782565895030663
UBFC_PHYS_s09_T2_test,4,44,41.46666666666667,0.7433167099952698,-0.5690820820218596
UBFC_PHYS_s09_T2_test,4,45,41.5,1.005318522453308,-0.8364404675703083
UBFC_PHYS_s09_T2_test,4,46,41.53333333333333,0.9675513505935669,-1.0458936342547511
UBFC_PHYS_s09_T2_test,4,47,41.56666666666667,0.7658746838569641,-1.1723035831742328
UBFC_PHYS_s09_T2_test,4,48,41.6,0.4860787093639374,-1.199922745274054
UBFC_PHYS_s09_T2_test,4,49,41.63333333333333,0.23050104081630707,-1.1224423573569853
UBFC_PHYS_s09_T2_test,4,50,41.666666666666664,0.04954683780670166,-0.9437896097292521
UBFC_PHYS_s09_T2_test,4,51,41.7,-0.07357627898454666,-0.677687472965224
UBFC_PHYS_s09_T2_test,4,52,41.733333333333334,-0.17537440359592438,-0.345372576112413
UBFC_PHYS_s09_T2_test,4,53,41.766666666666666,-0.3101968467235565,0.027525706330184724
UBFC_PHYS_s09_T2_test,4,54,41.8,-0.5685627460479736,0.4137497264699352
UBFC_PHYS_s09_T2_test,4,55,41.833333333333336,-0.9619892239570618,0.785689007571397
UBFC_PHYS_s09_T2_test,4,56,41.86666666666667,-1.2229331731796265,1.1152669398793
UBFC_PHYS_s09_T2_test,4,57,41.9,-0.9579399824142456,1.37370566337788
UBFC_PHYS_s09_T2_test,4,58,41.93333333333333,-0.18738897144794464,1.5322378800718532
UBFC_PHYS_s09_T2_test,4,59,41.96666666666667,0.5872042775154114,1.5643333166567748
UBFC_PHYS_s09_T2_test,4,60,42.0,0.9862983226776123,1.4498903256081594
UBFC_PHYS_s09_T2_test,4,61,42.03333333333333,1.0319536924362183,1.1814926787493512
UBFC_PHYS_s09_T2_test,4,62,42.06666666666667,0.8750006556510925,0.7714514139049079
UBFC_PHYS_s09_T2_test,4,63,42.1,0.6306949257850647,0.2570758895875789
UBFC_PHYS_s09_T2_test,4,64,42.13333333333333,0.43490293622016907,-0.2999959916057213
UBFC_PHYS_s09_T2_test,4,65,42.166666666666664,0.3227645754814148,-0.8251071994115571
UBFC_PHYS_s09_T2_test,4,66,42.2,0.21332335472106934,-1.2491138520908491
UBFC_PHYS_s09_T2_test,4,67,42.233333333333334,0.07664443552494049,-1.523207017860549
UBFC_PHYS_s09_T2_test,4,68,42.266666666666666,-0.0613725520670414,-1.6249644890488846
UBFC_PHYS_s09_T2_test,4,69,42.3,-0.2662578225135803,-1.557410003345764
UBFC_PHYS_s09_T2_test,4,70,42.333333333333336,-0.6406781673431396,-1.3437965400464396
UBFC_PHYS_s09_T2_test,4,71,42.36666666666667,-1.0656368732452393,-1.0209412031611433
UBFC_PHYS_s09_T2_test,4,72,42.4,-1.1402603387832642,-0.6324920126619379
UBFC_PHYS_s09_T2_test,4,73,42.43333333333333,-0.6056292653083801,-0.22194018797130607
UBFC_PHYS_s09_T2_test,4,74,42.46666666666667,0.2576616704463959,0.17366750470326076
UBFC_PHYS_s09_T2_test,4,75,42.5,0.9295530915260315,0.5272105801404907
UBFC_PHYS_s09_T2_test,4,76,42.53333333333333,1.1878279447555542,0.8214457681232705
UBFC_PHYS_s09_T2_test,4,77,42.56666666666667,1.1324067115783691,1.0461851114343683
UBFC_PHYS_s09_T2_test,4,78,42.6,0.8760444521903992,1.1946126990375707
UBFC_PHYS_s09_T2_test,4,79,42.63333333333333,0.5581941604614258,1.2613470304083445
UBFC_PHYS_s09_T2_test,4,80,42.666666666666664,0.3072822093963623,1.242845712452069
UBFC_PHYS_s09_T2_test,4,81,42.7,0.1163310557603836,1.1386570100685716
UBFC_PHYS_s09_T2_test,4,82,42.733333333333334,-0.07098420709371567,0.9530232735055291
UBFC_PHYS_s09_T2_test,4,83,42.766666666666666,-0.23121589422225952,0.6974398898935534
UBFC_PHYS_s09_T2_test,4,84,42.8,-0.3559572994709015,0.3926248160834409
UBFC_PHYS_s09_T2_test,4,85,42.833333333333336,-0.5608845949172974,0.06657201612239869
UBFC_PHYS_s09_T2_test,4,86,42.86666666666667,-0.9518661499023438,-0.2505853320897932
UBFC_PHYS_s09_T2_test,4,87,42.9,-1.3595069646835327,-0.5302883298663522
UBFC_PHYS_s09_T2_test,4,88,42.93333333333333,-1.3379788398742676,-0.7469829716119355
UBFC_PHYS_s09_T2_test,4,89,42.96666666666667,-0.6735553741455078,-0.8802848658280726
UBFC_PHYS_s09_T2_test,4,90,43.0,0.2596442699432373,-0.918705220180919
UBFC_PHYS_s09_T2_test,4,91,43.03333333333333,0.9224774837493896,-0.8632098081765213
UBFC_PHYS_s09_T2_test,4,92,43.06666666666667,1.1823285818099976,-0.7289029214501727
UBFC_PHYS_s09_T2_test,4,93,43.1,1.124651551246643,-0.5435354368909218
UBFC_PHYS_s09_T2_test,4,94,43.13333333333333,0.8435946106910706,-0.3428204826306776
UBFC_PHYS_s09_T2_test,4,95,43.166666666666664,0.5057503581047058,-0.16388786018239876
UBFC_PHYS_s09_T2_test,4,96,43.2,0.2574164867401123,-0.03794155575798511
UBFC_PHYS_s09_T2_test,4,97,43.233333333333334,0.0700731948018074,0.017124153512176818
UBFC_PHYS_s09_T2_test,4,98,43.266666666666666,-0.12627927958965302,0.0020021744600294197
UBFC_PHYS_s09_T2_test,4,99,43.3,-0.29065826535224915,-0.06404661325222998
UBFC_PHYS_s09_T2_test,4,100,43.333333333333336,-0.417515367269516,-0.1491558275374086
UBFC_PHYS_s09_T2_test,4,101,43.36666666666667,-0.6355851292610168,-0.21864566875982935
UBFC_PHYS_s09_T2_test,4,102,43.4,-1.0413554906845093,-0.24526908056566585
UBFC_PHYS_s09_T2_test,4,103,43.43333333333333,-1.462909460067749,-0.21590405425145393
UBFC_PHYS_s09_T2_test,4,104,43.46666666666667,-1.4830855131149292,-0.13290334232761644
UBFC_PHYS_s09_T2_test,4,105,43.5,-0.8818804025650024,-0.010797521202415528
UBFC_PHYS_s09_T2_test,4,106,43.53333333333333,0.012326178140938282,0.13004816349195386
UBFC_PHYS_s09_T2_test,4,107,43.56666666666667,0.686781644821167,0.2706684797863194
UBFC_PHYS_s09_T2_test,4,108,43.6,0.9816956520080566,0.3991028753005139
UBFC_PHYS_s09_T2_test,4,109,43.63333333333333,0.9563354253768921,0.5119456172412732
UBFC_PHYS_s09_T2_test,4,110,43.666666666666664,0.6994547247886658,0.6109542622837127
UBFC_PHYS_s09_T2_test,4,111,43.7,0.3829284906387329,0.6955956137267506
UBFC_PHYS_s09_T2_test,4,112,43.733333333333334,0.16734571754932404,0.7559754330480639
UBFC_PHYS_s09_T2_test,4,113,43.766666666666666,0.025342551991343498,0.7730920772564739
UBFC_PHYS_s09_T2_test,4,114,43.8,-0.13725702464580536,0.7266549014916329
UBFC_PHYS_s09_T2_test,4,115,43.833333333333336,-0.2920103371143341,0.6039303666056975
UBFC_PHYS_s09_T2_test,4,116,43.86666666666667,-0.40330803394317627,0.40577874550090276
UBFC_PHYS_s09_T2_test,4,117,43.9,-0.5663139224052429,0.1495631989432571
UBFC_PHYS_s09_T2_test,4,118,43.93333333333333,-0.8998637199401855,-0.13214923601121825
UBFC_PHYS_s09_T2_test,4,119,43.96666666666667,-1.2767360210418701,-0.3987406982733935
UBFC_PHYS_s09_T2_test,4,120,44.0,-1.2700597047805786,-0.6122114090566882
UBFC_PHYS_s09_T2_test,4,121,44.03333333333333,-0.6186736822128296,-0.7454698743401303
UBFC_PHYS_s09_T2_test,4,122,44.06666666666667,0.28026169538497925,-0.7856865981432454
UBFC_PHYS_s09_T2_test,4,123,44.1,0.9159342646598816,-0.733936414938752
UBFC_PHYS_s09_T2_test,4,124,44.13333333333333,1.1891169548034668,-0.6032246543109665
UBFC_PHYS_s09_T2_test,4,125,44.166666666666664,1.2034013271331787,-0.4171952444222544
UBFC_PHYS_s09_T2_test,4,126,44.2,0.9915945529937744,-0.20872137251187012
UBFC_PHYS_s09_T2_test,4,127,44.233333333333334,0.6780386567115784,-0.014803518053182328
UBFC_PHYS_s09_T2_test,4,128,44.266666666666666,0.4725649356842041,0.1318747393056286
UBFC_PHYS_s09_T2_test,4,129,44.3,0.3736601173877716,0.21033662256226818
UBFC_PHYS_s09_T2_test,4,130,44.333333333333336,0.23036092519760132,0.21493407500861708
UBFC_PHYS_s09_T2_test,4,131,44.36666666666667,0.035675786435604095,0.15471506899197432
UBFC_PHYS_s09_T2_test,4,132,44.4,-0.12141039222478867,0.0495194569116993
UBFC_PHYS_s09_T2_test,4,133,44.43333333333333,-0.2652280032634735,-0.07503059080661142
UBFC_PHYS_s09_T2_test,4,134,44.46666666666667,-0.49903932213783264,-0.19240351802665132
UBFC_PHYS_s09_T2_test,4,135,44.5,-0.8100031018257141,-0.2797408305386292
UBFC_PHYS_s09_T2_test,4,136,44.53333333333333,-1.0132560729980469,-0.3215366881398517
UBFC_PHYS_s09_T2_test,4,137,44.56666666666667,-0.9241660833358765,-0.311331781664398
UBFC_PHYS_s09_T2_test,4,138,44.6,-0.5314261317253113,-0.2512887834467562
UBFC_PHYS_s09_T2_test,4,139,44.63333333333333,0.008536158129572868,-0.15044150489874508
UBFC_PHYS_s09_T2_test,4,140,44.666666666666664,0.507361650466919,-0.02216587648646957
UBFC_PHYS_s09_T2_test,4,141,44.7,0.8250788450241089,0.11890900109233887
UBFC_PHYS_s09_T2_test,4,142,44.733333333333334,0.8865318298339844,0.2594862848178776
UBFC_PHYS_s09_T2_test,4,143,44.766666666666666,0.7426581382751465,0.3879765205764362
UBFC_PHYS_s09_T2_test,4,144,44.8,0.5610244274139404,0.4934821791320271
UBFC_PHYS_s09_T2_test,4,145,44.833333333333336,0.43107086420059204,0.5664604747671984
UBFC_PHYS_s09_T2_test,4,146,44.86666666666667,0.3078286647796631,0.6010014822745244
UBFC_PHYS_s09_T2_test,4,147,44.9,0.16361874341964722,0.5955270492060286
UBFC_PHYS_s09_T2_test,4,148,44.93333333333333,0.035647764801979065,0.5513432767778979
UBFC_PHYS_s09_T2_test,4,149,44.96666666666667,-0.08958403021097183,0.4712673341814748
UBFC_PHYS_s09_T2_test,4,150,45.0,-0.3080180883407593,0.35903569827100174
UBFC_PHYS_s09_T2_test,4,151,45.03333333333333,-0.6699545383453369,0.2185265626039871
UBFC_PHYS_s09_T2_test,4,152,45.06666666666667,-0.9998683929443359,0.053427954619102436
UBFC_PHYS_s09_T2_test,4,153,45.1,-0.981163501739502,-0.1305907258419552
UBFC_PHYS_s09_T2_test,4,154,45.13333333333333,-0.5049800276756287,-0.32211717023440595
UBFC_PHYS_s09_T2_test,4,155,45.166666666666664,0.15438538789749146,-0.5023506308995987
UBFC_PHYS_s09_T2_test,4,156,45.2,0.6505137085914612,-0.6476331126187427
UBFC_PHYS_s09_T2_test,4,157,45.233333333333334,0.8636866211891174,-0.7359886178419616
UBFC_PHYS_s09_T2_test,4,158,45.266666666666666,0.818129301071167,-0.7545602418273571
UBFC_PHYS_s09_T2_test,4,159,45.3,0.5943149328231812,-0.7026033771941406
UBFC_PHYS_s09_T2_test,4,160,45.333333333333336,0.3443417549133301,-0.5891140478080333
UBFC_PHYS_s09_T2_test,4,161,45.36666666666667,0.16838954389095306,-0.42875079491768464
UBFC_PHYS_s09_T2_test,4,162,45.4,0.03049865923821926,-0.23900164555198455
UBFC_PHYS_s09_T2_test,4,163,45.43333333333333,-0.11624027043581009,-0.040064659589768924
UBFC_PHYS_s09_T2_test,4,164,45.46666666666667,-0.24754591286182404,0.14469562123042176
UBFC_PHYS_s09_T2_test,4,165,45.5,-0.3615057170391083,0.2927587668760576
UBFC_PHYS_s09_T2_test,4,166,45.53333333333333,-0.5466702580451965,0.38968616807524
UBFC_PHYS_s09_T2_test,4,167,45.56666666666667,-0.8599599003791809,0.4322877097220199
UBFC_PHYS_s09_T2_test,4,168,45.6,-1.1409958600997925,0.4259790122479892
UBFC_PHYS_s09_T2_test,4,169,45.63333333333333,-1.0689504146575928,0.3805771576154051
UBFC_PHYS_s09_T2_test,4,170,45.666666666666664,-0.5575569272041321,0.30747122867474264
UBFC_PHYS_s09_T2_test,4,171,45.7,0.08634015917778015,0.21903262718548755
UBFC_PHYS_s09_T2_test,4,172,45.733333333333334,0.5395733118057251,0.1288050425969852
UBFC_PHYS_s09_T2_test,4,173,45.766666666666666,0.730398416519165,0.049196230095558784
UBFC_PHYS_s09_T2_test,4,174,45.8,0.6891005039215088,-0.012365503772862432
UBFC_PHYS_s09_T2_test,4,175,45.833333333333336,0.46539822220802307,-0.05382181729245891
UBFC_PHYS_s09_T2_test,4,176,45.86666666666667,0.19063226878643036,-0.07549671955924353
UBFC_PHYS_s09_T2_test,4,177,45.9,-0.012543640099465847,-0.07883312954988758
UBFC_PHYS_s09_T2_test,4,178,45.93333333333333,-0.13273842632770538,-0.06780242330335616
UBFC_PHYS_s09_T2_test,4,179,45.96666666666667,-0.21619592607021332,-0.04953303178504934
UBFC_PHYS_s09_T2_test,4,180,46.0,-0.2980351448059082,-0.03240296358455746
UBFC_PHYS_s09_T2_test,4,181,46.03333333333333,-0.4212913513183594,-0.022089105232408205
UBFC_PHYS_s09_T2_test,4,182,46.06666666666667,-0.6399916410446167,-0.01809498758972181
UBFC_PHYS_s09_T2_test,4,183,46.1,-0.8854532241821289,-0.01466953548261269
UBFC_PHYS_s09_T2_test,4,184,46.13333333333333,-0.8761778473854065,-0.005812555052576931
UBFC_PHYS_s09_T2_test,4,185,46.166666666666664,-0.4149232804775238,0.010104066521615135
UBFC_PHYS_s09_T2_test,4,186,46.2,0.25432702898979187,0.029060014105435863
UBFC_PHYS_s09_T2_test,4,187,46.233333333333334,0.7077493667602539,0.04416257148370434
UBFC_PHYS_s09_T2_test,4,188,46.266666666666666,0.8468872308731079,0.05049246955398747
UBFC_PHYS_s09_T2_test,4,189,46.3,0.8226829171180725,0.04786239839104662
UBFC_PHYS_s09_T2_test,4,190,46.333333333333336,0.6677194237709045,0.040482919516676916
UBFC_PHYS_s09_T2_test,4,191,46.36666666666667,0.3894787132740021,0.035869216557177404
UBFC_PHYS_s09_T2_test,4,192,46.4,0.12435945868492126,0.04297855875595864
UBFC_PHYS_s09_T2_test,4,193,46.43333333333333,-0.026877062395215034,0.06728419157571636
UBFC_PHYS_s09_T2_test,4,194,46.46666666666667,-0.12124226242303848,0.10513023269394625
UBFC_PHYS_s09_T2_test,4,195,46.5,-0.2491711974143982,0.14382948022827582
UBFC_PHYS_s09_T2_test,4,196,46.53333333333333,-0.4612722098827362,0.16804123955578382
UBFC_PHYS_s09_T2_test,4,197,46.56666666666667,-0.7841665148735046,0.16686039723612398
UBFC_PHYS_s09_T2_test,4,198,46.6,-1.0807198286056519,0.13777578075788466
UBFC_PHYS_s09_T2_test,4,199,46.63333333333333,-1.0255788564682007,0.08629606322562842
UBFC_PHYS_s09_T2_test,4,200,46.666666666666664,-0.5087981224060059,0.022284753913714688
UBFC_PHYS_s09_T2_test,4,201,46.7,0.1478351652622223,-0.04403641920969132
UBFC_PHYS_s09_T2_test,4,202,46.733333333333334,0.5928788185119629,-0.10455051625690155
UBFC_PHYS_s09_T2_test,4,203,46.766666666666666,0.7830873727798462,-0.1538178561777012
UBFC_PHYS_s09_T2_test,4,204,46.8,0.7991441488265991,-0.18827817624274726
UBFC_PHYS_s09_T2_test,4,205,46.833333333333336,0.6588923931121826,-0.20528423861466724
UBFC_PHYS_s09_T2_test,4,206,46.86666666666667,0.42375704646110535,-0.20279293187112948
UBFC_PHYS_s09_T2_test,4,207,46.9,0.22103649377822876,-0.17994725303310588
UBFC_PHYS_s09_T2_test,4,208,46.93333333333333,0.10280327498912811,-0.13828586080718647
UBFC_PHYS_s09_T2_test,4,209,46.96666666666667,0.006511544808745384,-0.08287861828972226
UBFC_PHYS_s09_T2_test,4,210,47.0,-0.1446128785610199,-0.022585185858073512
UBFC_PHYS_s09_T2_test,4,211,47.03333333333333,-0.40896153450012207,0.03126530882541937
UBFC_PHYS_s09_T2_test,4,212,47.06666666666667,-0.7538253664970398,0.06742374449853072
UBFC_PHYS_s09_T2_test,4,213,47.1,-0.9284324645996094,0.07715531635810845
UBFC_PHYS_s09_T2_test,4,214,47.13333333333333,-0.6585984826087952,0.05589158261943463
UBFC_PHYS_s09_T2_test,4,215,47.166666666666664,-0.05000248923897743,0.00421419127797637
UBFC_PHYS_s09_T2_test,4,216,47.2,0.5080412030220032,-0.07172372799579924
UBFC_PHYS_s09_T2_test,4,217,47.233333333333334,0.8096035122871399,-0.160325406149728
UBFC_PHYS_s09_T2_test,4,218,47.266666666666666,0.907716691493988,-0.24586118786018213
UBFC_PHYS_s09_T2_test,4,219,47.3,0.8618581295013428,-0.31203134522010767
UBFC_PHYS_s09_T2_test,4,220,47.333333333333336,0.6834819912910461,-0.3467048519173064
UBFC_PHYS_s09_T2_test,4,221,47.36666666666667,0.4367804229259491,-0.34479649254548156
UBFC_PHYS_s09_T2_test,4,222,47.4,0.2202378660440445,-0.3082043585431002
UBFC_PHYS_s09_T2_test,4,223,47.43333333333333,0.0736880749464035,-0.24390772365682115
UBFC_PHYS_s09_T2_test,4,224,47.46666666666667,-0.041280537843704224,-0.16115379258744933
UBFC_PHYS_s09_T2_test,4,225,47.5,-0.20083267986774445,-0.06828458834889524
UBFC_PHYS_s09_T2_test,4,226,47.53333333333333,-0.483066588640213,0.02967543092821115
UBFC_PHYS_s09_T2_test,4,227,47.56666666666667,-0.8144376277923584,0.13118975430720745
UBFC_PHYS_s09_T2_test,4,228,47.6,-0.9021615386009216,0.23593114753799246
UBFC_PHYS_s09_T2_test,4,229,47.63333333333333,-0.5334087014198303,0.3411882030203197
UBFC_PHYS_s09_T2_test,4,230,47.666666666666664,0.1033497154712677,0.4389133524156694
UBFC_PHYS_s09_T2_test,4,231,47.7,0.6286352872848511,0.5157371916314198
UBFC_PHYS_s09_T2_test,4,232,47.733333333333334,0.8819571733474731,0.5562858607072703
UBFC_PHYS_s09_T2_test,4,233,47.766666666666666,0.9331189393997192,0.5480481707843706
UBFC_PHYS_s09_T2_test,4,234,47.8,0.8663557171821594,0.4859548754038519
UBFC_PHYS_s09_T2_test,4,235,47.833333333333336,0.7162331342697144,0.3751122343357823
UBFC_PHYS_s09_T2_test,4,236,47.86666666666667,0.5146404504776001,0.23065316417113235
UBFC_PHYS_s09_T2_test,4,237,47.9,0.3107359707355499,0.0743908123101973
UBFC_PHYS_s09_T2_test,4,238,47.93333333333333,0.14426231384277344,-0.07064817318312158
UBFC_PHYS_s09_T2_test,4,239,47.96666666666667,0.013825373724102974,-0.18553564377695977
UBFC_PHYS_s09_T2_test,4,240,48.0,-0.13011132180690765,-0.258972145016449
UBFC_PHYS_s09_T2_test,4,241,48.03333333333333,-0.38124746084213257,-0.28833572262651136
UBFC_PHYS_s09_T2_test,4,242,48.06666666666667,-0.7517586946487427,-0.2784693390511495
UBFC_PHYS_s09_T2_test,4,243,48.1,-1.0084222555160522,-0.23922923060237544
UBFC_PHYS_s09_T2_test,4,244,48.13333333333333,-0.8333527445793152,-0.18264921806975642
UBFC_PHYS_s09_T2_test,4,245,48.166666666666664,-0.249836727976799,-0.12025263163268773
UBFC_PHYS_s09_T2_test,4,246,48.2,0.36788052320480347,-0.0609871259155812
UBFC_PHYS_s09_T2_test,4,247,48.233333333333334,0.7415443062782288,-0.01017527699573376
UBFC_PHYS_s09_T2_test,4,248,48.266666666666666,0.870222806930542,0.030294034324846075
UBFC_PHYS_s09_T2_test,4,249,48.3,0.837920069694519,0.06050726422839239
UBFC_PHYS_s09_T2_test,4,250,48.333333333333336,0.6974231004714966,0.08044508188539688
UBFC_PHYS_s09_T2_test,4,251,48.36666666666667,0.5023806691169739,0.08846342693083327
UBFC_PHYS_s09_T2_test,4,252,48.4,0.30203503370285034,0.08107420285489969
UBFC_PHYS_s09_T2_test,4,253,48.43333333333333,0.12118592858314514,0.05415462042946729
UBFC_PHYS_s09_T2_test,4,254,48.46666666666667,-0.03132560849189758,0.00506172221181364
UBFC_PHYS_s09_T2_test,4,255,48.5,-0.1697278916835785,-0.0654109380933516
UBFC_PHYS_s09_T2_test,4,256,48.53333333333333,-0.3671662211418152,-0.15183280415982509
UBFC_PHYS_s09_T2_test,4,257,48.56666666666667,-0.7049193978309631,-0.24373226455781183
UBFC_PHYS_s09_T2_test,4,258,48.6,-1.0675634145736694,-0.32639369335981294
UBFC_PHYS_s09_T2_test,4,259,48.63333333333333,-1.1130785942077637,-0.3835203670275683
UBFC_PHYS_s09_T2_test,4,260,48.666666666666664,-0.6709072589874268,-0.401179161450797
UBFC_PHYS_s09_T2_test,4,261,48.7,-0.005271845031529665,-0.3712620892577803
UBFC_PHYS_s09_T2_test,4,262,48.733333333333334,0.5120974183082581,-0.2930682514421521
UBFC_PHYS_s09_T2_test,4,263,48.766666666666666,0.7599829435348511,-0.17227422942907628
UBFC_PHYS_s09_T2_test,4,264,48.8,0.7936587929725647,-0.018453510875457615
UBFC_PHYS_s09_T2_test,4,265,48.833333333333336,0.6850932836532593,0.15613139307872193
UBFC_PHYS_s09_T2_test,4,266,48.86666666666667,0.5167000889778137,0.33598187572260424
UBFC_PHYS_s09_T2_test,4,267,48.9,0.3522230386734009,0.5019278241539298
UBFC_PHYS_s09_T2_test,4,268,48.93333333333333,0.20539303123950958,0.6323725154402674
UBFC_PHYS_s09_T2_test,4,269,48.96666666666667,0.07592285424470901,0.7070087767269049
UBFC_PHYS_s09_T2_test,4,270,49.0,-0.029546188190579414,0.7119949941959622
UBFC_PHYS_s09_T2_test,4,271,49.03333333333333,-0.1383989304304123,0.6439394027229056
UBFC_PHYS_s09_T2_test,4,272,49.06666666666667,-0.34117552638053894,0.5109374821139386
UBFC_PHYS_s09_T2_test,4,273,49.1,-0.6820111274719238,0.3301891477679368
UBFC_PHYS_s09_T2_test,4,274,49.13333333333333,-0.9783402681350708,0.12319312253831118
UBFC_PHYS_s09_T2_test,4,275,49.166666666666664,-0.9127750396728516,-0.08922469968625464
UBFC_PHYS_s09_T2_test,4,276,49.2,-0.4246610403060913,-0.2901338487407522
UBFC_PHYS_s09_T2_test,4,277,49.233333333333334,0.185581237077713,-0.46679259589912564
UBFC_PHYS_s09_T2_test,4,278,49.266666666666666,0.615864098072052,-0.6086328276222761
UBFC_PHYS_s09_T2_test,4,279,49.3,0.8017292618751526,-0.7051583424523825
UBFC_PHYS_s09_T2_test,4,280,49.333333333333336,0.7865691781044006,-0.7454499576854506
UBFC_PHYS_s09_T2_test,4,281,49.36666666666667,0.63402259349823,-0.7200086358068148
UBFC_PHYS_s09_T2_test,4,282,49.4,0.44915229082107544,-0.6245812078777463
UBFC_PHYS_s09_T2_test,4,283,49.43333333333333,0.29916274547576904,-0.464557264510217
UBFC_PHYS_s09_T2_test,4,284,49.46666666666667,0.17003585398197174,-0.25772098500565527
UBFC_PHYS_s09_T2_test,4,285,49.5,0.04348700866103172,-0.032837265097672826
UBFC_PHYS_s09_T2_test,4,286,49.53333333333333,-0.06774763017892838,0.17636290508830094
UBFC_PHYS_s09_T2_test,4,287,49.56666666666667,-0.19339975714683533,0.33994770666573193
UBFC_PHYS_s09_T2_test,4,288,49.6,-0.420016348361969,0.43964589592115966
UBFC_PHYS_s09_T2_test,4,289,49.63333333333333,-0.7560040950775146,0.47112781480614657
UBFC_PHYS_s09_T2_test,4,290,49.666666666666664,-0.9843370318412781,0.4408588898068386
UBFC_PHYS_s09_T2_test,4,291,49.7,-0.8150051236152649,0.36235325615149006
UBFC_PHYS_s09_T2_test,4,292,49.733333333333334,-0.25570741295814514,0.2538325405336871
UBFC_PHYS_s09_T2_test,4,293,49.766666666666666,0.3565104603767395,0.13599940289460125
UBFC_PHYS_s09_T2_test,4,294,49.8,0.7419155836105347,0.029132989878401225
UBFC_PHYS_s09_T2_test,4,295,49.833333333333336,0.8690248727798462,-0.05042418736328684
UBFC_PHYS_s09_T2_test,4,296,49.86666666666667,0.7891752123832703,-0.0934894415499507
UBFC_PHYS_s09_T2_test,4,297,49.9,0.5933061242103577,-0.0993809506237113
UBFC_PHYS_s09_T2_test,4,298,49.93333333333333,0.40513619780540466,-0.07493949808500788
UBFC_PHYS_s09_T2_test,4,299,49.96666666666667,0.2688145637512207,-0.03203407023393173
UBFC_PHYS_s09_T2_test,5,0,50.0,0.14279113709926605,-0.029983112879279007
UBFC_PHYS_s09_T2_test,5,1,50.03333333333333,0.017972677946090698,-1.4558282698967833
UBFC_PHYS_s09_T2_test,5,2,50.06666666666667,-0.09254039078950882,-2.704355585398565
UBFC_PHYS_s09_T2_test,5,3,50.1,-0.23918825387954712,-3.623872016480988
UBFC_PHYS_s09_T2_test,5,4,50.13333333333333,-0.4962300658226013,-4.1199443106807765
UBFC_PHYS_s09_T2_test,5,5,50.166666666666664,-0.8221928477287292,-4.174251425440698
UBFC_PHYS_s09_T2_test,5,6,50.2,-0.9776327013969421,-3.839036898062172
UBFC_PHYS_s09_T2_test,5,7,50.233333333333334,-0.7205418348312378,-3.2177219035335662
UBFC_PHYS_s09_T2_test,5,8,50.266666666666666,-0.13408349454402924,-2.439321139070713
UBFC_PHYS_s09_T2_test,5,9,50.3,0.4245416522026062,-1.6298290004939933
UBFC_PHYS_s09_T2_test,5,10,50.333333333333336,0.7388961911201477,-0.8868714215238733
UBFC_PHYS_s09_T2_test,5,11,50.36666666666667,0.8085947036743164,-0.26635764324573363
UBFC_PHYS_s09_T2_test,5,12,50.4,0.699924111366272,0.2157072288857245
UBFC_PHYS_s09_T2_test,5,13,50.43333333333333,0.5135125517845154,0.5691190878641215
UBFC_PHYS_s09_T2_test,5,14,50.46666666666667,0.3555576801300049,0.8114765178565477
UBFC_PHYS_s09_T2_test,5,15,50.5,0.24766471982002258,0.9582077831510332
UBFC_PHYS_s09_T2_test,5,16,50.53333333333333,0.1466442197561264,1.0227498302890616
UBFC_PHYS_s09_T2_test,5,17,50.56666666666667,0.04159550368785858,1.0190301565678552
UBFC_PHYS_s09_T2_test,5,18,50.6,-0.06222723051905632,0.9619526403360047
UBFC_PHYS_s09_T2_test,5,19,50.63333333333333,-0.21781422197818756,0.8664126651396322
UBFC_PHYS_s09_T2_test,5,20,50.666666666666664,-0.5005665421485901,0.7459192067419627
UBFC_PHYS_s09_T2_test,5,21,50.7,-0.841654360294342,0.6121134973200687
UBFC_PHYS_s09_T2_test,5,22,50.733333333333334,-0.9648405313491821,0.475142665446069
UBFC_PHYS_s09_T2_test,5,23,50.766666666666666,-0.6467870473861694,0.3435324365868297
UBFC_PHYS_s09_T2_test,5,24,50.8,-0.03919287770986557,0.22351013492213556
UBFC_PHYS_s09_T2_test,5,25,50.833333333333336,0.5160135626792908,0.11904391180469676
UBFC_PHYS_s09_T2_test,5,26,50.86666666666667,0.8373526334762573,0.032624195576039246
UBFC_PHYS_s09_T2_test,5,27,50.9,0.9066869020462036,-0.03444564620650764
UBFC_PHYS_s09_T2_test,5,28,50.93333333333333,0.7800469398498535,-0.08203961718210553
UBFC_PHYS_s09_T2_test,5,29,50.96666666666667,0.5985603332519531,-0.10991708288322138
UBFC_PHYS_s09_T2_test,5,30,51.0,0.4823167026042938,-0.11576428015043926
UBFC_PHYS_s09_T2_test,5,31,51.03333333333333,0.39641425013542175,-0.09522961831985659
UBFC_PHYS_s09_T2_test,5,32,51.06666666666667,0.27617043256759644,-0.04449215521857502
UBFC_PHYS_s09_T2_test,5,33,51.1,0.16401806473731995,0.036399563303957126
UBFC_PHYS_s09_T2_test,5,34,51.13333333333333,0.0825781598687172,0.14115599256442107
UBFC_PHYS_s09_T2_test,5,35,51.166666666666664,-0.062332313507795334,0.2571550213470422
UBFC_PHYS_s09_T2_test,5,36,51.2,-0.3564196825027466,0.3677252519499934
UBFC_PHYS_s09_T2_test,5,37,51.233333333333334,-0.6808832287788391,0.4556649800516716
UBFC_PHYS_s09_T2_test,5,38,51.266666666666666,-0.7125274538993835,0.5065092816876178
UBFC_PHYS_s09_T2_test,5,39,51.3,-0.2843112051486969,0.5100360538504299
UBFC_PHYS_s09_T2_test,5,40,51.333333333333336,0.3403835892677307,0.46033335060844655
UBFC_PHYS_s09_T2_test,5,41,51.36666666666667,0.7684667110443115,0.35641091950047454
UBFC_PHYS_s09_T2_test,5,42,51.4,0.8101779818534851,0.20367110748795367
UBFC_PHYS_s09_T2_test,5,43,51.43333333333333,0.4217394292354584,0.014756186125727707
UBFC_PHYS_s09_T2_test,5,44,51.46666666666667,-0.42764541506767273,-0.19142070299324476
UBFC_PHYS_s09_T2_test,5,45,51.5,-1.5926668643951416,-0.39301666541175256
UBFC_PHYS_s09_T2_test,5,46,51.53333333333333,-2.527092456817627,-0.5694292767055187
UBFC_PHYS_s09_T2_test,5,47,51.56666666666667,-2.684143543243408,-0.703012279144307
UBFC_PHYS_s09_T2_test,5,48,51.6,-2.1631243228912354,-0.7788438560634826
UBFC_PHYS_s09_T2_test,5,49,51.63333333333333,-1.5607494115829468,-0.7866076773303904
UBFC_PHYS_s09_T2_test,5,50,51.666666666666664,-1.2568541765213013,-0.7241470424151709
UBFC_PHYS_s09_T2_test,5,51,51.7,-1.2526367902755737,-0.597816834214921
UBFC_PHYS_s09_T2_test,5,52,51.733333333333334,-1.4832535982131958,-0.41988569204031195
UBFC_PHYS_s09_T2_test,5,53,51.766666666666666,-1.83601975440979,-0.20826628535201935
UBFC_PHYS_s09_T2_test,5,54,51.8,-2.098686933517456,0.011535395662637976
UBFC_PHYS_s09_T2_test,5,55,51.833333333333336,-2.2057254314422607,0.2077163900908414
UBFC_PHYS_s09_T2_test,5,56,51.86666666666667,-2.277259349822998,0.34881948358482645
UBFC_PHYS_s09_T2_test,5,57,51.9,-2.383758306503296,0.41371607673994254
UBFC_PHYS_s09_T2_test,5,58,51.93333333333333,-2.4613590240478516,0.4003663830814871
UBFC_PHYS_s09_T2_test,5,59,51.96666666666667,-2.4721267223358154,0.3272517127209725
UBFC_PHYS_s09_T2_test,5,60,52.0,-2.484407424926758,0.22616129674514818
UBFC_PHYS_s09_T2_test,5,61,52.03333333333333,-2.539583444595337,0.13016707494303714
UBFC_PHYS_s09_T2_test,5,62,52.06666666666667,-2.5554370880126953,0.062130391830042056
UBFC_PHYS_s09_T2_test,5,63,52.1,-2.432243824005127,0.029431278506975973
UBFC_PHYS_s09_T2_test,5,64,52.13333333333333,-2.166501045227051,0.025795610655050698
UBFC_PHYS_s09_T2_test,5,65,52.166666666666664,-1.8348848819732666,0.03625082903887843
UBFC_PHYS_s09_T2_test,5,66,52.2,-1.5118154287338257,0.04282874941981185
UBFC_PHYS_s09_T2_test,5,67,52.233333333333334,-1.2429341077804565,0.030749812625195886
UBFC_PHYS_s09_T2_test,5,68,52.266666666666666,-1.0870318412780762,-0.0060603496623083545
UBFC_PHYS_s09_T2_test,5,69,52.3,-1.1108578443527222,-0.06209408604511383
UBFC_PHYS_s09_T2_test,5,70,52.333333333333336,-1.2945091724395752,-0.12109301517787235
UBFC_PHYS_s09_T2_test,5,71,52.36666666666667,-1.5024279356002808,-0.16054711343595107
UBFC_PHYS_s09_T2_test,5,72,52.4,-1.6039948463439941,-0.15827535245307356
UBFC_PHYS_s09_T2_test,5,73,52.43333333333333,-1.6037216186523438,-0.09825937904065242
UBFC_PHYS_s09_T2_test,5,74,52.46666666666667,-1.5640770196914673,0.02497677180542679
UBFC_PHYS_s09_T2_test,5,75,52.5,-1.4373530149459839,0.2020868954783443
UBFC_PHYS_s09_T2_test,5,76,52.53333333333333,-1.0971479415893555,0.4065361594398622
UBFC_PHYS_s09_T2_test,5,77,52.56666666666667,-0.5435037612915039,0.5987537912302118
UBFC_PHYS_s09_T2_test,5,78,52.6,0.16979765892028809,0.7365038468154648
UBFC_PHYS_s09_T2_test,5,79,52.63333333333333,1.1279091835021973,0.786171692549417
UBFC_PHYS_s09_T2_test,5,80,52.666666666666664,2.5432889461517334,0.7309862855585204
UBFC_PHYS_s09_T2_test,5,81,52.7,4.585269451141357,0.5742836513060212
UBFC_PHYS_s09_T2_test,5,82,52.733333333333334,7.060369491577148,0.3375239372104799
UBFC_PHYS_s09_T2_test,5,83,52.766666666666666,9.125279426574707,0.054319497021552865
UBFC_PHYS_s09_T2_test,5,84,52.8,9.911165237426758,-0.23727058967368364
UBFC_PHYS_s09_T2_test,5,85,52.833333333333336,9.543442726135254,-0.50137606567328
UBFC_PHYS_s09_T2_test,5,86,52.86666666666667,8.717974662780762,-0.7089611398188261
UBFC_PHYS_s09_T2_test,5,87,52.9,7.806211948394775,-0.8414321308035623
UBFC_PHYS_s09_T2_test,5,88,52.93333333333333,6.872248649597168,-0.8929720205778334
UBFC_PHYS_s09_T2_test,5,89,52.96666666666667,6.003955841064453,-0.870097178417336
UBFC_PHYS_s09_T2_test,5,90,53.0,5.203939437866211,-0.7882112360640326
UBFC_PHYS_s09_T2_test,5,91,53.03333333333333,4.3928117752075195,-0.6663206314834936
UBFC_PHYS_s09_T2_test,5,92,53.06666666666667,3.607121706008911,-0.5219338395120816
UBFC_PHYS_s09_T2_test,5,93,53.1,2.9089105129241943,-0.3686195182362548
UBFC_PHYS_s09_T2_test,5,94,53.13333333333333,2.2378597259521484,-0.21637525401381286
UBFC_PHYS_s09_T2_test,5,95,53.166666666666664,1.5063227415084839,-0.07269569679223362
UBFC_PHYS_s09_T2_test,5,96,53.2,0.7336770296096802,0.056911859079354615
UBFC_PHYS_s09_T2_test,5,97,53.233333333333334,-0.013363292440772057,0.16901133371088042
UBFC_PHYS_s09_T2_test,5,98,53.266666666666666,-0.7710520625114441,0.26265480894154575
UBFC_PHYS_s09_T2_test,5,99,53.3,-1.6046884059906006,0.33964410715806687
UBFC_PHYS_s09_T2_test,5,100,53.333333333333336,-2.3359241485595703,0.40360408117726093
UBFC_PHYS_s09_T2_test,5,101,53.36666666666667,-2.645472764968872,0.4566221763143432
UBFC_PHYS_s09_T2_test,5,102,53.4,-2.4930872917175293,0.49551833956685887
UBFC_PHYS_s09_T2_test,5,103,53.43333333333333,-2.1404824256896973,0.5126072116504354
UBFC_PHYS_s09_T2_test,5,104,53.46666666666667,-1.7840242385864258,0.5010750536708704
UBFC_PHYS_s09_T2_test,5,105,53.5,-1.4637290239334106,0.46027195770818996
UBFC_PHYS_s09_T2_test,5,106,53.53333333333333,-1.2187858819961548,0.3972696538609086
UBFC_PHYS_s09_T2_test,5,107,53.56666666666667,-1.0570340156555176,0.32302229818669903
UBFC_PHYS_s09_T2_test,5,108,53.6,-0.9267091155052185,0.24582638279685015
UBFC_PHYS_s09_T2_test,5,109,53.63333333333333,-0.8082587122917175,0.1684347645513593
UBFC_PHYS_s09_T2_test,5,110,53.666666666666664,-0.7257609963417053,0.09019435549881062
UBFC_PHYS_s09_T2_test,5,111,53.7,-0.6718600392341614,0.010283852134113513
UBFC_PHYS_s09_T2_test,5,112,53.733333333333334,-0.6003540754318237,-0.07052066617461245
UBFC_PHYS_s09_T2_test,5,113,53.766666666666666,-0.48985499143600464,-0.15008818752282602
UBFC_PHYS_s09_T2_test,5,114,53.8,-0.37834012508392334,-0.2262431443839634
UBFC_PHYS_s09_T2_test,5,115,53.833333333333336,-0.31309714913368225,-0.2970302502327233
UBFC_PHYS_s09_T2_test,5,116,53.86666666666667,-0.30370965600013733,-0.35984729120113834
UBFC_PHYS_s09_T2_test,5,117,53.9,-0.3281731605529785,-0.4114010703758258
UBFC_PHYS_s09_T2_test,5,118,53.93333333333333,-0.34748753905296326,-0.44875960014390026
UBFC_PHYS_s09_T2_test,5,119,53.96666666666667,-0.3071073591709137,-0.47000402639831024
UBFC_PHYS_s09_T2_test,5,120,54.0,-0.18338878452777863,-0.4737432238190474
UBFC_PHYS_s09_T2_test,5,121,54.03333333333333,-0.034422073513269424,-0.4577289238481983
UBFC_PHYS_s09_T2_test,5,122,54.06666666666667,0.05052762106060982,-0.41814421425442805
UBFC_PHYS_s09_T2_test,5,123,54.1,0.03451285883784294,-0.3520241784164677
UBFC_PHYS_s09_T2_test,5,124,54.13333333333333,-0.050338756293058395,-0.26147709637916866
UBFC_PHYS_s09_T2_test,5,125,54.166666666666664,-0.13119719922542572,-0.1549010230868863
UBFC_PHYS_s09_T2_test,5,126,54.2,-0.16726893186569214,-0.04369526522229186
UBFC_PHYS_s09_T2_test,5,127,54.233333333333334,-0.18570062518119812,0.0632940040413439
UBFC_PHYS_s09_T2_test,5,128,54.266666666666666,-0.21631501615047455,0.16433375879982628
UBFC_PHYS_s09_T2_test,5,129,54.3,-0.2492762804031372,0.26488413122482574
UBFC_PHYS_s09_T2_test,5,130,54.333333333333336,-0.2782093286514282,0.37306178922889005
UBFC_PHYS_s09_T2_test,5,131,54.36666666666667,-0.31179410219192505,0.49373958072602225
UBFC_PHYS_s09_T2_test,5,132,54.4,-0.3515017628669739,0.6243882164110803
UBFC_PHYS_s09_T2_test,5,133,54.43333333333333,-0.38575905561447144,0.7548939077634446
UBFC_PHYS_s09_T2_test,5,134,54.46666666666667,-0.3769250214099884,0.8701465146900441
UBFC_PHYS_s09_T2_test,5,135,54.5,-0.2806963324546814,0.951173599684377
UBFC_PHYS_s09_T2_test,5,136,54.53333333333333,-0.11911255866289139,0.9750923818576934
UBFC_PHYS_s09_T2_test,5,137,54.56666666666667,0.019752096384763718,0.9185160419023533
UBFC_PHYS_s09_T2_test,5,138,54.6,0.08339781314134598,0.76508239563006
UBFC_PHYS_s09_T2_test,5,139,54.63333333333333,0.07288943976163864,0.5134219687186345
UBFC_PHYS_s09_T2_test,5,140,54.666666666666664,0.005902059376239777,0.18175650791781595
UBFC_PHYS_s09_T2_test,5,141,54.7,-0.08532463759183884,-0.1939506171547496
UBFC_PHYS_s09_T2_test,5,142,54.733333333333334,-0.15622113645076752,-0.5678621960029825
UBFC_PHYS_s09_T2_test,5,143,54.766666666666666,-0.18701067566871643,-0.8942795094424019
UBFC_PHYS_s09_T2_test,5,144,54.8,-0.19648221135139465,-1.1361255914888606
UBFC_PHYS_s09_T2_test,5,145,54.833333333333336,-0.20888909697532654,-1.2691604085195867
UBFC_PHYS_s09_T2_test,5,146,54.86666666666667,-0.23909717798233032,-1.2829628947401028
UBFC_PHYS_s09_T2_test,5,147,54.9,-0.2933273911476135,-1.1829538419158812
UBFC_PHYS_s09_T2_test,5,148,54.93333333333333,-0.3483772575855255,-0.9922686658148637
UBFC_PHYS_s09_T2_test,5,149,54.96666666666667,-0.3414977788925171,-0.7471248142680917
UBFC_PHYS_s09_T2_test,5,150,55.0,-0.23372389376163483,-0.48559147513400797
UBFC_PHYS_s09_T2_test,5,151,55.03333333333333,-0.07350622117519379,-0.23619284846860522
UBFC_PHYS_s09_T2_test,5,152,55.06666666666667,0.048383913934230804,-0.011949998718277812
UBFC_PHYS_s09_T2_test,5,153,55.1,0.09104791283607483,0.18665606175567728
UBFC_PHYS_s09_T2_test,5,154,55.13333333333333,0.06122514605522156,0.3623632682187284
UBFC_PHYS_s09_T2_test,5,155,55.166666666666664,-0.01585027389228344,0.5133830801420091
UBFC_PHYS_s09_T2_test,5,156,55.2,-0.10375632345676422,0.6311687046208917
UBFC_PHYS_s09_T2_test,5,157,55.233333333333334,-0.16754215955734253,0.7027497626166966
UBFC_PHYS_s09_T2_test,5,158,55.266666666666666,-0.20030726492404938,0.7155333715838037
UBFC_PHYS_s09_T2_test,5,159,55.3,-0.22500194609165192,0.6619044286240348
UBFC_PHYS_s09_T2_test,5,160,55.333333333333336,-0.25375986099243164,0.5423544744957861
UBFC_PHYS_s09_T2_test,5,161,55.36666666666667,-0.2863708436489105,0.36744660698582043
UBFC_PHYS_s09_T2_test,5,162,55.4,-0.34416690468788147,0.15858409937551618
UBFC_PHYS_s09_T2_test,5,163,55.43333333333333,-0.42125633358955383,-0.05289447961476133
UBFC_PHYS_s09_T2_test,5,164,55.46666666666667,-0.42525652050971985,-0.23058799819002757
UBFC_PHYS_s09_T2_test,5,165,55.5,-0.28416410088539124,-0.3451919646545531
UBFC_PHYS_s09_T2_test,5,166,55.53333333333333,-0.07015054672956467,-0.3875574208739822
UBFC_PHYS_s09_T2_test,5,167,55.56666666666667,0.09110395610332489,-0.3680711025627466
UBFC_PHYS_s09_T2_test,5,168,55.6,0.16374483704566956,-0.3042254473113995
UBFC_PHYS_s09_T2_test,5,169,55.63333333333333,0.16000385582447052,-0.21411200525118146
UBFC_PHYS_s09_T2_test,5,170,55.666666666666664,0.09126508235931396,-0.11864712591266001
UBFC_PHYS_s09_T2_test,5,171,55.7,-0.005902347154915333,-0.03981086861092239
UBFC_PHYS_s09_T2_test,5,172,55.733333333333334,-0.08125439286231995,0.008100972690284676
UBFC_PHYS_s09_T2_test,5,173,55.766666666666666,-0.12684673070907593,0.026412104916475037
UBFC_PHYS_s09_T2_test,5,174,55.8,-0.17618003487586975,0.03322409734589597
UBFC_PHYS_s09_T2_test,5,175,55.833333333333336,-0.24664919078350067,0.055248286642752165
UBFC_PHYS_s09_T2_test,5,176,55.86666666666667,-0.33060410618782043,0.11421052397753348
UBFC_PHYS_s09_T2_test,5,177,55.9,-0.41627535223960876,0.21729967539473677
UBFC_PHYS_s09_T2_test,5,178,55.93333333333333,-0.4661621153354645,0.3557369020342965
UBFC_PHYS_s09_T2_test,5,179,55.96666666666667,-0.4148392081260681,0.5092855888649479
UBFC_PHYS_s09_T2_test,5,180,56.0,-0.24349668622016907,0.6525573158322633
UBFC_PHYS_s09_T2_test,5,181,56.03333333333333,-0.021419713273644447,0.758157285305166
UBFC_PHYS_s09_T2_test,5,182,56.06666666666667,0.1641511619091034,0.7966933483476237
UBFC_PHYS_s09_T2_test,5,183,56.1,0.2687234878540039,0.7385073909627248
UBFC_PHYS_s09_T2_test,5,184,56.13333333333333,0.2750915586948395,0.5604195560743376
UBFC_PHYS_s09_T2_test,5,185,56.166666666666664,0.2004120647907257,0.2580482730126495
UBFC_PHYS_s09_T2_test,5,186,56.2,0.09813055396080017,-0.14184753612170126
UBFC_PHYS_s09_T2_test,5,187,56.233333333333334,0.025601757690310478,-0.5794702333926645
UBFC_PHYS_s09_T2_test,5,188,56.266666666666666,0.009790157899260521,-0.9742926224793119
UBFC_PHYS_s09_T2_test,5,189,56.3,0.020137403160333633,-1.2475171595854424
UBFC_PHYS_s09_T2_test,5,190,56.333333333333336,0.0009981514886021614,-1.3454854268543404
UBFC_PHYS_s09_T2_test,5,191,56.36666666666667,-0.07019257545471191,-1.2516377178355582
UBFC_PHYS_s09_T2_test,5,192,56.4,-0.175675630569458,-0.9845825295687459
UBFC_PHYS_s09_T2_test,5,193,56.43333333333333,-0.2525899410247803,-0.5900176012873379
UBFC_PHYS_s09_T2_test,5,194,56.46666666666667,-0.20295538008213043,-0.13146880218442658
UBFC_PHYS_s09_T2_test,5,195,56.5,-0.0005430766614153981,0.31920291191281885
UBFC_PHYS_s09_T2_test,5,196,56.53333333333333,0.2509223222732544,0.6913368353718339
UBFC_PHYS_s09_T2_test,5,197,56.56666666666667,0.43767014145851135,0.9252429365506213
UBFC_PHYS_s09_T2_test,5,198,56.6,0.5200628042221069,0.9824981790649534
UBFC_PHYS_s09_T2_test,5,199,56.63333333333333,0.48920318484306335,0.8566132001037765
UBFC_PHYS_s09_T2_test,5,200,56.666666666666664,0.3655686676502228,0.579594428764009
UBFC_PHYS_s09_T2_test,5,201,56.7,0.20571528375148773,0.21656476542410197
UBFC_PHYS_s09_T2_test,5,202,56.733333333333334,0.05545955151319504,-0.15141880489109963
UBFC_PHYS_s09_T2_test,5,203,56.766666666666666,-0.08213008940219879,-0.4480288069299069
UBFC_PHYS_s09_T2_test,5,204,56.8,-0.22363585233688354,-0.6197362534651788
UBFC_PHYS_s09_T2_test,5,205,56.833333333333336,-0.3693870007991791,-0.6484487598591917
UBFC_PHYS_s09_T2_test,5,206,56.86666666666667,-0.519201397895813,-0.5550798499881042
UBFC_PHYS_s09_T2_test,5,207,56.9,-0.6781020164489746,-0.39019639460177385
UBFC_PHYS_s09_T2_test,5,208,56.93333333333333,-0.7738263010978699,-0.21433983039202634
UBFC_PHYS_s09_T2_test,5,209,56.96666666666667,-0.6591448783874512,-0.07669477065903338
UBFC_PHYS_s09_T2_test,5,210,57.0,-0.30612659454345703,-0.00015561796227794985
UBFC_PHYS_s09_T2_test,5,211,57.03333333333333,0.1066003069281578,0.021368256915487334
UBFC_PHYS_s09_T2_test,5,212,57.06666666666667,0.387391060590744,0.014050759127209492
UBFC_PHYS_s09_T2_test,5,213,57.1,0.48132890462875366,0.010441472187852864
UBFC_PHYS_s09_T2_test,5,214,57.13333333333333,0.41403329372406006,0.03666245146171636
UBFC_PHYS_s09_T2_test,5,215,57.166666666666664,0.24864549934864044,0.1039597794786596
UBFC_PHYS_s09_T2_test,5,216,57.2,0.07240605354309082,0.20695584660048227
UBFC_PHYS_s09_T2_test,5,217,57.233333333333334,-0.05311296880245209,0.32949367747062724
UBFC_PHYS_s09_T2_test,5,218,57.266666666666666,-0.12944579124450684,0.45367416909648234
UBFC_PHYS_s09_T2_test,5,219,57.3,-0.19465376436710358,0.5635498200820855
UBFC_PHYS_s09_T2_test,5,220,57.333333333333336,-0.28398895263671875,0.6429676068006603
UBFC_PHYS_s09_T2_test,5,221,57.36666666666667,-0.42730915546417236,0.675068866995443
UBFC_PHYS_s09_T2_test,5,222,57.4,-0.6143581867218018,0.6464129543896246
UBFC_PHYS_s09_T2_test,5,223,57.43333333333333,-0.714748203754425,0.5532043317309022
UBFC_PHYS_s09_T2_test,5,224,57.46666666666667,-0.5467333197593689,0.4053049255894268
UBFC_PHYS_s09_T2_test,5,225,57.5,-0.11897245049476624,0.22303833309264942
UBFC_PHYS_s09_T2_test,5,226,57.53333333333333,0.3133980929851532,0.02847025912555541
UBFC_PHYS_s09_T2_test,5,227,57.56666666666667,0.5380250811576843,-0.1608713725241229
UBFC_PHYS_s09_T2_test,5,228,57.6,0.5446313619613647,-0.3328003528882205
UBFC_PHYS_s09_T2_test,5,229,57.63333333333333,0.39827072620391846,-0.47838776793668836
UBFC_PHYS_s09_T2_test,5,230,57.666666666666664,0.17431627213954926,-0.5894840753620098
UBFC_PHYS_s09_T2_test,5,231,57.7,-0.026982145383954048,-0.6575460221034036
UBFC_PHYS_s09_T2_test,5,232,57.733333333333334,-0.14427661895751953,-0.6746313451287892
UBFC_PHYS_s09_T2_test,5,233,57.766666666666666,-0.20750901103019714,-0.6363775267727518
UBFC_PHYS_s09_T2_test,5,234,57.8,-0.27981361746788025,-0.5455650330914505
UBFC_PHYS_s09_T2_test,5,235,57.833333333333336,-0.3984951972961426,-0.41396147316500725
UBFC_PHYS_s09_T2_test,5,236,57.86666666666667,-0.5805492997169495,-0.2609801998093573
UBFC_PHYS_s09_T2_test,5,237,57.9,-0.7684740424156189,-0.1089071128307252
UBFC_PHYS_s09_T2_test,5,238,57.93333333333333,-0.7749121785163879,0.023139052765190644
UBFC_PHYS_s09_T2_test,5,239,57.96666666666667,-0.44594401121139526,0.12242359960781468
UBFC_PHYS_s09_T2_test,5,240,58.0,0.09108994156122208,0.1823177116580843
UBFC_PHYS_s09_T2_test,5,241,58.03333333333333,0.5088958740234375,0.20134220067246783
UBFC_PHYS_s09_T2_test,5,242,58.06666666666667,0.6497291326522827,0.18269918184509298
UBFC_PHYS_s09_T2_test,5,243,58.1,0.5662575960159302,0.13347841094492047
UBFC_PHYS_s09_T2_test,5,244,58.13333333333333,0.3514103889465332,0.06352081236476226
UBFC_PHYS_s09_T2_test,5,245,58.166666666666664,0.1083587035536766,-0.015237216249967855
UBFC_PHYS_s09_T2_test,5,246,58.2,-0.05571204051375389,-0.0891275853343131
UBFC_PHYS_s09_T2_test,5,247,58.233333333333334,-0.12136836349964142,-0.14394027122596095
UBFC_PHYS_s09_T2_test,5,248,58.266666666666666,-0.16561561822891235,-0.1672948075534898
UBFC_PHYS_s09_T2_test,5,249,58.3,-0.266615092754364,-0.15162238946531925
UBFC_PHYS_s09_T2_test,5,250,58.333333333333336,-0.4517376124858856,-0.0965863845485982
UBFC_PHYS_s09_T2_test,5,251,58.36666666666667,-0.6936824321746826,-0.009413038115843101
UBFC_PHYS_s09_T2_test,5,252,58.4,-0.853360652923584,0.09671970291122854
UBFC_PHYS_s09_T2_test,5,253,58.43333333333333,-0.7186293005943298,0.20447967818345866
UBFC_PHYS_s09_T2_test,5,254,58.46666666666667,-0.24662818014621735,0.2941104532900203
UBFC_PHYS_s09_T2_test,5,255,58.5,0.3137623965740204,0.34634595576416827
UBFC_PHYS_s09_T2_test,5,256,58.53333333333333,0.6695759296417236,0.34742301095896794
UBFC_PHYS_s09_T2_test,5,257,58.56666666666667,0.7650620341300964,0.296321246206868
UBFC_PHYS_s09_T2_test,5,258,58.6,0.6642166376113892,0.20984113828530812
UBFC_PHYS_s09_T2_test,5,259,58.63333333333333,0.436423122882843,0.11769828508529472
UBFC_PHYS_s09_T2_test,5,260,58.666666666666664,0.1772235780954361,0.04901231470852863
UBFC_PHYS_s09_T2_test,5,261,58.7,-0.018239177763462067,0.020558913957277387
UBFC_PHYS_s09_T2_test,5,262,58.733333333333334,-0.13519036769866943,0.0327338850892447
UBFC_PHYS_s09_T2_test,5,263,58.766666666666666,-0.22920529544353485,0.07337973541714209
UBFC_PHYS_s09_T2_test,5,264,58.8,-0.36436399817466736,0.1257444624453552
UBFC_PHYS_s09_T2_test,5,265,58.833333333333336,-0.5836177468299866,0.17399950152196506
UBFC_PHYS_s09_T2_test,5,266,58.86666666666667,-0.8387890458106995,0.20440484586763105
UBFC_PHYS_s09_T2_test,5,267,58.9,-0.9019724130630493,0.20522558759049425
UBFC_PHYS_s09_T2_test,5,268,58.93333333333333,-0.5520645976066589,0.16784450423247865
UBFC_PHYS_s09_T2_test,5,269,58.96666666666667,0.09192360937595367,0.09005948148003412
UBFC_PHYS_s09_T2_test,5,270,59.0,0.6467727422714233,-0.020005649375038893
UBFC_PHYS_s09_T2_test,5,271,59.03333333333333,0.8808783292770386,-0.14315269474174894
UBFC_PHYS_s09_T2_test,5,272,59.06666666666667,0.8641489744186401,-0.25368754798186993
UBFC_PHYS_s09_T2_test,5,273,59.1,0.6937451958656311,-0.3292031760562793
UBFC_PHYS_s09_T2_test,5,274,59.13333333333333,0.42859789729118347,-0.3606326587833979
UBFC_PHYS_s09_T2_test,5,275,59.166666666666664,0.16034013032913208,-0.35396835518935416
UBFC_PHYS_s09_T2_test,5,276,59.2,-0.028222134336829185,-0.32332744631825666
UBFC_PHYS_s09_T2_test,5,277,59.233333333333334,-0.14743612706661224,-0.2833510075977419
UBFC_PHYS_s09_T2_test,5,278,59.266666666666666,-0.2616061270236969,-0.24477052355681947
UBFC_PHYS_s09_T2_test,5,279,59.3,-0.4197221100330353,-0.21194369122612625
UBFC_PHYS_s09_T2_test,5,280,59.333333333333336,-0.6528679132461548,-0.1822295969245337
UBFC_PHYS_s09_T2_test,5,281,59.36666666666667,-0.8958845734596252,-0.1483106302740326
UBFC_PHYS_s09_T2_test,5,282,59.4,-0.8974117636680603,-0.10286755537600914
UBFC_PHYS_s09_T2_test,5,283,59.43333333333333,-0.46243515610694885,-0.0433834519255237
UBFC_PHYS_s09_T2_test,5,284,59.46666666666667,0.2183883786201477,0.025442929823295008
UBFC_PHYS_s09_T2_test,5,285,59.5,0.7410328984260559,0.09390271903412488
UBFC_PHYS_s09_T2_test,5,286,59.53333333333333,0.9138815999031067,0.15263370036823135
UBFC_PHYS_s09_T2_test,5,287,59.56666666666667,0.8314469456672668,0.1963389096050493
UBFC_PHYS_s09_T2_test,5,288,59.6,0.61131751537323,0.22390597438078844
UBFC_PHYS_s09_T2_test,5,289,59.63333333333333,0.35155749320983887,0.23625589919817697
UBFC_PHYS_s09_T2_test,5,290,59.666666666666664,0.12916529178619385,0.23387204121336644
UBFC_PHYS_s09_T2_test,5,291,59.7,-0.039781343191862106,0.2160488511494692
UBFC_PHYS_s09_T2_test,5,292,59.733333333333334,-0.17568965256214142,0.18228391707695532
UBFC_PHYS_s09_T2_test,5,293,59.766666666666666,-0.292942076921463,0.13452025836267784
UBFC_PHYS_s09_T2_test,5,294,59.8,-0.4206888973712921,0.07879232260423576
UBFC_PHYS_s09_T2_test,5,295,59.833333333333336,-0.6223235726356506,0.02503468866582851
UBFC_PHYS_s09_T2_test,5,296,59.86666666666667,-0.8963959813117981,-0.015468608147938365
UBFC_PHYS_s09_T2_test,5,297,59.9,-1.0286192893981934,-0.034620002066516824
UBFC_PHYS_s09_T2_test,5,298,59.93333333333333,-0.7358910441398621,-0.031823181258562115
UBFC_PHYS_s09_T2_test,5,299,59.96666666666667,-0.07130646705627441,-0.01453896664005586
UBFC_PHYS_s09_T2_test,6,0,60.0,0.5615498423576355,-0.12219364965985231
UBFC_PHYS_s09_T2_test,6,1,60.03333333333333,0.8720092177391052,-1.4292747760998947
UBFC_PHYS_s09_T2_test,6,2,60.06666666666667,0.9054399132728577,-2.5579712711683844
UBFC_PHYS_s09_T2_test,6,3,60.1,0.7600530385971069,-3.3643888983327295
UBFC_PHYS_s09_T2_test,6,4,60.13333333333333,0.5184234976768494,-3.7696863941902463
UBFC_PHYS_s09_T2_test,6,5,60.166666666666664,0.2888575494289398,-3.774785106224883
UBFC_PHYS_s09_T2_test,6,6,60.2,0.12137507647275925,-3.4458288537723236
UBFC_PHYS_s09_T2_test,6,7,60.233333333333334,-0.011289640329778194,-2.8859740332383685
UBFC_PHYS_s09_T2_test,6,8,60.266666666666666,-0.1254386007785797,-2.205962230073758
UBFC_PHYS_s09_T2_test,6,9,60.3,-0.24011299014091492,-1.5001090266712438
UBFC_PHYS_s09_T2_test,6,10,60.333333333333336,-0.4295649528503418,-0.8323593193592026
UBFC_PHYS_s09_T2_test,6,11,60.36666666666667,-0.7397301197052002,-0.234708802761169
UBFC_PHYS_s09_T2_test,6,12,60.4,-1.021179437637329,0.284467985791536
UBFC_PHYS_s09_T2_test,6,13,60.43333333333333,-0.9370914101600647,0.7285838183604776
UBFC_PHYS_s09_T2_test,6,14,60.46666666666667,-0.33467432856559753,1.1022837590403416
UBFC_PHYS_s09_T2_test,6,15,60.5,0.450896680355072,1.4044114012014666
UBFC_PHYS_s09_T2_test,6,16,60.53333333333333,0.9133982062339783,1.625305245722114
UBFC_PHYS_s09_T2_test,6,17,60.56666666666667,0.9613023996353149,1.747915152325835
UBFC_PHYS_s09_T2_test,6,18,60.6,0.788425624370575,1.752607756950245
UBFC_PHYS_s09_T2_test,6,19,60.63333333333333,0.5284204483032227,1.625894210281843
UBFC_PHYS_s09_T2_test,6,20,60.666666666666664,0.2463686764240265,1.3697387945289583
UBFC_PHYS_s09_T2_test,6,21,60.7,0.027304114773869514,1.005183518110785
UBFC_PHYS_s09_T2_test,6,22,60.733333333333334,-0.09319891035556793,0.5690288483597385
UBFC_PHYS_s09_T2_test,6,23,60.766666666666666,-0.16663843393325806,0.107528373503934
UBFC_PHYS_s09_T2_test,6,24,60.8,-0.25181931257247925,-0.3306154501552171
UBFC_PHYS_s09_T2_test,6,25,60.833333333333336,-0.3924003541469574,-0.7018035412353019
UBFC_PHYS_s09_T2_test,6,26,60.86666666666667,-0.647179365158081,-0.9741141209249563
UBFC_PHYS_s09_T2_test,6,27,60.9,-0.9434384703636169,-1.1301517306473832
UBFC_PHYS_s09_T2_test,6,28,60.93333333333333,-0.9506962299346924,-1.1661616094757996
UBFC_PHYS_s09_T2_test,6,29,60.96666666666667,-0.42792564630508423,-1.0900242583053072
UBFC_PHYS_s09_T2_test,6,30,61.0,0.3430807590484619,-0.9195197130440124
UBFC_PHYS_s09_T2_test,6,31,61.03333333333333,0.83148193359375,-0.6806750642382431
UBFC_PHYS_s09_T2_test,6,32,61.06666666666667,0.9118149876594543,-0.40530574950731807
UBFC_PHYS_s09_T2_test,6,33,61.1,0.7679343223571777,-0.12652233091345008
UBFC_PHYS_s09_T2_test,6,34,61.13333333333333,0.5298425555229187,0.12706003502813537
UBFC_PHYS_s09_T2_test,6,35,61.166666666666664,0.25589627027511597,0.33574905468405586
UBFC_PHYS_s09_T2_test,6,36,61.2,0.01963300071656704,0.49026651881844213
UBFC_PHYS_s09_T2_test,6,37,61.233333333333334,-0.14199979603290558,0.5901383187678625
UBFC_PHYS_s09_T2_test,6,38,61.266666666666666,-0.2582644522190094,0.639950595334485
UBFC_PHYS_s09_T2_test,6,39,61.3,-0.3712784945964813,0.6453506703194666
UBFC_PHYS_s09_T2_test,6,40,61.333333333333336,-0.5174499750137329,0.610463350008908
UBFC_PHYS_s09_T2_test,6,41,61.36666666666667,-0.7465535402297974,0.5378419887062421
UBFC_PHYS_s09_T2_test,6,42,61.4,-0.9966108202934265,0.43066053856757
UBFC_PHYS_s09_T2_test,6,43,61.43333333333333,-0.9728478789329529,0.29553276263711703
UBFC_PHYS_s09_T2_test,6,44,61.46666666666667,-0.4526273310184479,0.1443140104327425
UBFC_PHYS_s09_T2_test,6,45,61.5,0.30577602982521057,-0.006403747866354295
UBFC_PHYS_s09_T2_test,6,46,61.53333333333333,0.8031933903694153,-0.138182491638842
UBFC_PHYS_s09_T2_test,6,47,61.56666666666667,0.9118149876594543,-0.2348462169128347
UBFC_PHYS_s09_T2_test,6,48,61.6,0.7946466207504272,-0.28621387951750776
UBFC_PHYS_s09_T2_test,6,49,61.63333333333333,0.5745521783828735,-0.28976978204301074
UBFC_PHYS_s09_T2_test,6,50,61.666666666666664,0.31992730498313904,-0.2501856031796073
UBFC_PHYS_s09_T2_test,6,51,61.7,0.10309050977230072,-0.17815764719674027
UBFC_PHYS_s09_T2_test,6,52,61.733333333333334,-0.052111171185970306,-0.0887424988343904
UBFC_PHYS_s09_T2_test,6,53,61.766666666666666,-0.16535641252994537,0.0019095185317046116
UBFC_PHYS_s09_T2_test,6,54,61.8,-0.25249186158180237,0.08080766631680021
UBFC_PHYS_s09_T2_test,6,55,61.833333333333336,-0.3574775159358978,0.14107375353818524
UBFC_PHYS_s09_T2_test,6,56,61.86666666666667,-0.5684996843338013,0.18170916670329476
UBFC_PHYS_s09_T2_test,6,57,61.9,-0.8683245778083801,0.2031806657241795
UBFC_PHYS_s09_T2_test,6,58,61.93333333333333,-0.9715728759765625,0.20269087489819607
UBFC_PHYS_s09_T2_test,6,59,61.96666666666667,-0.5706573724746704,0.17681144237651522
UBFC_PHYS_s09_T2_test,6,60,62.0,0.19218049943447113,0.12901576114536684
UBFC_PHYS_s09_T2_test,6,61,62.03333333333333,0.8054282069206238,0.07019119528665597
UBFC_PHYS_s09_T2_test,6,62,62.06666666666667,1.0205135345458984,0.01079473746976797
UBFC_PHYS_s09_T2_test,6,63,62.1,0.951473593711853,-0.04568365214839897
UBFC_PHYS_s09_T2_test,6,64,62.13333333333333,0.7447948455810547,-0.10279012893151654
UBFC_PHYS_s09_T2_test,6,65,62.166666666666664,0.4839630126953125,-0.16543482139383714
UBFC_PHYS_s09_T2_test,6,66,62.2,0.23810209333896637,-0.23269796765864312
UBFC_PHYS_s09_T2_test,6,67,62.233333333333334,0.03472302481532097,-0.2957228773562825
UBFC_PHYS_s09_T2_test,6,68,62.266666666666666,-0.12309873849153519,-0.341140992678933
UBFC_PHYS_s09_T2_test,6,69,62.3,-0.22538024187088013,-0.35428495268767773
UBFC_PHYS_s09_T2_test,6,70,62.333333333333336,-0.30696725845336914,-0.3215802822661558
UBFC_PHYS_s09_T2_test,6,71,62.36666666666667,-0.46843191981315613,-0.23668309757984496
UBFC_PHYS_s09_T2_test,6,72,62.4,-0.7762502431869507,-0.10839335794972667
UBFC_PHYS_s09_T2_test,6,73,62.43333333333333,-1.0692096948623657,0.037832530979240005
UBFC_PHYS_s09_T2_test,6,74,62.46666666666667,-0.971124529838562,0.1671399352020487
UBFC_PHYS_s09_T2_test,6,75,62.5,-0.3413296341896057,0.24717081397775184
UBFC_PHYS_s09_T2_test,6,76,62.53333333333333,0.4258376955986023,0.25989737991567374
UBFC_PHYS_s09_T2_test,6,77,62.56666666666667,0.8793790936470032,0.20908900457907453
UBFC_PHYS_s09_T2_test,6,78,62.6,0.9976893663406372,0.1200454624134823
UBFC_PHYS_s09_T2_test,6,79,62.63333333333333,0.9295951128005981,0.029901982785363747
UBFC_PHYS_s09_T2_test,6,80,62.666666666666664,0.7305595278739929,-0.02771933563939888
UBFC_PHYS_s09_T2_test,6,81,62.7,0.4563400149345398,-0.03522478976283007
UBFC_PHYS_s09_T2_test,6,82,62.733333333333334,0.20442625880241394,0.004233369518919998
UBFC_PHYS_s09_T2_test,6,83,62.766666666666666,0.011625620536506176,0.07026990828835997
UBFC_PHYS_s09_T2_test,6,84,62.8,-0.14681963622570038,0.1346952761346316
UBFC_PHYS_s09_T2_test,6,85,62.833333333333336,-0.2892431318759918,0.1723808467223807
UBFC_PHYS_s09_T2_test,6,86,62.86666666666667,-0.45212993025779724,0.16933698210180012
UBFC_PHYS_s09_T2_test,6,87,62.9,-0.7083871364593506,0.12488058406342424
UBFC_PHYS_s09_T2_test,6,88,62.93333333333333,-1.0199604034423828,0.048438995018501727
UBFC_PHYS_s09_T2_test,6,89,62.96666666666667,-1.0999221801757812,-0.045078104353684256
UBFC_PHYS_s09_T2_test,6,90,63.0,-0.6812755465507507,-0.13896345144980546
UBFC_PHYS_s09_T2_test,6,91,63.03333333333333,0.045406538993120193,-0.21718355543209722
UBFC_PHYS_s09_T2_test,6,92,63.06666666666667,0.5948894023895264,-0.26644055709921355
UBFC_PHYS_s09_T2_test,6,93,63.1,0.7939109802246094,-0.27931516300096015
UBFC_PHYS_s09_T2_test,6,94,63.13333333333333,0.7673808932304382,-0.2576294500335158
UBFC_PHYS_s09_T2_test,6,95,63.166666666666664,0.6093629598617554,-0.21294743219289317
UBFC_PHYS_s09_T2_test,6,96,63.2,0.3527904748916626,-0.1627889876813094
UBFC_PHYS_s09_T2_test,6,97,63.233333333333334,0.09446663409471512,-0.12323939200249813
UBFC_PHYS_s09_T2_test,6,98,63.266666666666666,-0.07313492149114609,-0.10169526566047608
UBFC_PHYS_s09_T2_test,6,99,63.3,-0.1687190979719162,-0.09568061691328311
UBFC_PHYS_s09_T2_test,6,100,63.333333333333336,-0.25922420620918274,-0.09765035948014794
UBFC_PHYS_s09_T2_test,6,101,63.36666666666667,-0.3941377103328705,-0.09976635986226304
UBFC_PHYS_s09_T2_test,6,102,63.4,-0.6177839636802673,-0.09577502185075905
UBFC_PHYS_s09_T2_test,6,103,63.43333333333333,-0.8717643618583679,-0.08096589178028349
UBFC_PHYS_s09_T2_test,6,104,63.46666666666667,-0.8832464814186096,-0.051390746966514994
UBFC_PHYS_s09_T2_test,6,105,63.5,-0.42676272988319397,-0.0033386658970676955
UBFC_PHYS_s09_T2_test,6,106,63.53333333333333,0.27301090955734253,0.06601327802840724
UBFC_PHYS_s09_T2_test,6,107,63.56666666666667,0.7541332840919495,0.1562011645566127
UBFC_PHYS_s09_T2_test,6,108,63.6,0.8866999745368958,0.2609125094375869
UBFC_PHYS_s09_T2_test,6,109,63.63333333333333,0.8034666180610657,0.36860137881188243
UBFC_PHYS_s09_T2_test,6,110,63.666666666666664,0.6012715101242065,0.46622066835981835
UBFC_PHYS_s09_T2_test,6,111,63.7,0.3426814377307892,0.5426060390999814
UBFC_PHYS_s09_T2_test,6,112,63.733333333333334,0.11460068076848984,0.5900645105879982
UBFC_PHYS_s09_T2_test,6,113,63.766666666666666,-0.04200911894440651,0.605052617270863
UBFC_PHYS_s09_T2_test,6,114,63.8,-0.14024139940738678,0.5881299457601545
UBFC_PHYS_s09_T2_test,6,115,63.833333333333336,-0.20962469279766083,0.5425849523442703
UBFC_PHYS_s09_T2_test,6,116,63.86666666666667,-0.32004669308662415,0.47146945734126244
UBFC_PHYS_s09_T2_test,6,117,63.9,-0.5518123507499695,0.37328735548559977
UBFC_PHYS_s09_T2_test,6,118,63.93333333333333,-0.8270897269248962,0.24005974097774713
UBFC_PHYS_s09_T2_test,6,119,63.96666666666667,-0.8324840068817139,0.06395456227988439
UBFC_PHYS_s09_T2_test,6,120,64.0,-0.3481600880622864,-0.1509227421301495
UBFC_PHYS_s09_T2_test,6,121,64.03333333333333,0.3586331307888031,-0.3837910231844479
UBFC_PHYS_s09_T2_test,6,122,64.06666666666666,0.8029482364654541,-0.6034091286670806
UBFC_PHYS_s09_T2_test,6,123,64.1,0.8691089153289795,-0.779794873531181
UBFC_PHYS_s09_T2_test,6,124,64.13333333333334,0.7226222157478333,-0.8946551566152168
UBFC_PHYS_s09_T2_test,6,125,64.16666666666667,0.48378786444664,-0.944058704275375
UBFC_PHYS_s09_T2_test,6,126,64.2,0.2178419530391693,-0.9335877865161522
UBFC_PHYS_s09_T2_test,6,127,64.23333333333333,0.006777757313102484,-0.8727031691405251
UBFC_PHYS_s09_T2_test,6,128,64.26666666666667,-0.12093401700258255,-0.7716425030653877
UBFC_PHYS_s09_T2_test,6,129,64.3,-0.21041631698608398,-0.6399530019582086
UBFC_PHYS_s09_T2_test,6,130,64.33333333333333,-0.3034294545650482,-0.48572109441736677
UBFC_PHYS_s09_T2_test,6,131,64.36666666666666,-0.43127432465553284,-0.3149092243676551
UBFC_PHYS_s09_T2_test,6,132,64.4,-0.6351017355918884,-0.13092204042751696
UBFC_PHYS_s09_T2_test,6,133,64.43333333333334,-0.8492133617401123,0.0647776743904703
UBFC_PHYS_s09_T2_test,6,134,64.46666666666667,-0.8069136738777161,0.27100024373497533
UBFC_PHYS_s09_T2_test,6,135,64.5,-0.31747564673423767,0.4849592599095996
UBFC_PHYS_s09_T2_test,6,136,64.53333333333333,0.3726373016834259,0.7007299125918154
UBFC_PHYS_s09_T2_test,6,137,64.56666666666666,0.8143532872200012,0.9081678666198204
UBFC_PHYS_s09_T2_test,6,138,64.6,0.8856070637702942,1.091834746220379
UBFC_PHYS_s09_T2_test,6,139,64.63333333333334,0.7306575775146484,1.2291120575401315
UBFC_PHYS_s09_T2_test,6,140,64.66666666666667,0.48343759775161743,1.289894578580905
UBFC_PHYS_s09_T2_test,6,141,64.7,0.23274283111095428,1.2427895644908988
UBFC_PHYS_s09_T2_test,6,142,64.73333333333333,0.05166252329945564,1.0666708098108422
UBFC_PHYS_s09_T2_test,6,143,64.76666666666667,-0.05804489925503731,0.7604410169328878
UBFC_PHYS_s09_T2_test,6,144,64.8,-0.14454983174800873,0.34706711095997383
UBFC_PHYS_s09_T2_test,6,145,64.83333333333333,-0.2306414395570755,-0.1280332720324311
UBFC_PHYS_s09_T2_test,6,146,64.86666666666666,-0.3463386297225952,-0.6039036550152665
UBFC_PHYS_s09_T2_test,6,147,64.9,-0.5543974041938782,-1.0156962851660774
UBFC_PHYS_s09_T2_test,6,148,64.93333333333334,-0.8048750162124634,-1.308686433622994
UBFC_PHYS_s09_T2_test,6,149,64.96666666666667,-0.827075719833374,-1.4507015784028605
UBFC_PHYS_s09_T2_test,6,150,65.0,-0.4059561491012573,-1.438427799886666
UBFC_PHYS_s09_T2_test,6,151,65.03333333333333,0.2503548562526703,-1.2933717412157832
UBFC_PHYS_s09_T2_test,6,152,65.06666666666666,0.7037281394004822,-1.050348446686589
UBFC_PHYS_s09_T2_test,6,153,65.1,0.8092952966690063,-0.7477250920045588
UBFC_PHYS_s09_T2_test,6,154,65.13333333333334,0.6887221932411194,-0.4218558769165856
UBFC_PHYS_s09_T2_test,6,155,65.16666666666667,0.464102178812027,-0.10103320299206181
UBFC_PHYS_s09_T2_test,6,156,65.2,0.21752670407295227,0.20017254582180913
UBFC_PHYS_s09_T2_test,6,157,65.23333333333333,0.03131130710244179,0.4797675984313676
UBFC_PHYS_s09_T2_test,6,158,65.26666666666667,-0.07195097953081131,0.7400350322914556
UBFC_PHYS_s09_T2_test,6,159,65.3,-0.14391933381557465,0.9780049276213976
UBFC_PHYS_s09_T2_test,6,160,65.33333333333333,-0.23288322985172272,1.179093875038747
UBFC_PHYS_s09_T2_test,6,161,65.36666666666666,-0.36907175183296204,1.3158462214095656
UBFC_PHYS_s09_T2_test,6,162,65.4,-0.5758345127105713,1.3525170386433787
UBFC_PHYS_s09_T2_test,6,163,65.43333333333334,-0.7790664434432983,1.2548901857273724
UBFC_PHYS_s09_T2_test,6,164,65.46666666666667,-0.7360031604766846,1.0034262755782495
UBFC_PHYS_s09_T2_test,6,165,65.5,-0.2765980660915375,0.6066710401920137
UBFC_PHYS_s09_T2_test,6,166,65.53333333333333,0.3655126392841339,0.10854097209449688
UBFC_PHYS_s09_T2_test,6,167,65.56666666666666,0.7599689364433289,-0.41879622621246365
UBFC_PHYS_s09_T2_test,6,168,65.6,0.7909896969795227,-0.8946246565291569
UBFC_PHYS_s09_T2_test,6,169,65.63333333333334,0.6110582947731018,-1.2503142474692348
UBFC_PHYS_s09_T2_test,6,170,65.66666666666667,0.3475993573665619,-1.4428608426334006
UBFC_PHYS_s09_T2_test,6,171,65.7,0.07658838480710983,-1.4585835087232604
UBFC_PHYS_s09_T2_test,6,172,65.73333333333333,-0.10648149996995926,-1.3092332601087433
UBFC_PHYS_s09_T2_test,6,173,65.76666666666667,-0.17691563069820404,-1.0268645673215533
UBFC_PHYS_s09_T2_test,6,174,65.8,-0.22214366495609283,-0.6590265887364997
UBFC_PHYS_s09_T2_test,6,175,65.83333333333333,-0.30623167753219604,-0.2607873431908885
UBFC_PHYS_s09_T2_test,6,176,65.86666666666666,-0.4429876506328583,0.11613361389974991
UBFC_PHYS_s09_T2_test,6,177,65.9,-0.6478378772735596,0.43279701711625174
UBFC_PHYS_s09_T2_test,6,178,65.93333333333334,-0.817758321762085,0.6679786892588416
UBFC_PHYS_s09_T2_test,6,179,65.96666666666667,-0.6858642101287842,0.8173849357068167
UBFC_PHYS_s09_T2_test,6,180,66.0,-0.1604805290699005,0.8880159513028745
UBFC_PHYS_s09_T2_test,6,181,66.03333333333333,0.4391763210296631,0.8904199373334931
UBFC_PHYS_s09_T2_test,6,182,66.06666666666666,0.7608096599578857,0.832343809496571
UBFC_PHYS_s09_T2_test,6,183,66.1,0.776719331741333,0.7172995272490427
UBFC_PHYS_s09_T2_test,6,184,66.13333333333334,0.6066657900810242,0.5480175762859274
UBFC_PHYS_s09_T2_test,6,185,66.16666666666667,0.3487902879714966,0.3312894102588506
UBFC_PHYS_s09_T2_test,6,186,66.2,0.1104883998632431,0.08116838424143048
UBFC_PHYS_s09_T2_test,6,187,66.23333333333333,-0.03144470229744911,-0.18129493994853638
UBFC_PHYS_s09_T2_test,6,188,66.26666666666667,-0.10487021505832672,-0.431085598833828
UBFC_PHYS_s09_T2_test,6,189,66.3,-0.17838679254055023,-0.6420485357535588
UBFC_PHYS_s09_T2_test,6,190,66.33333333333333,-0.28780698776245117,-0.7888732747537397
UBFC_PHYS_s09_T2_test,6,191,66.36666666666666,-0.472565233707428,-0.8500429163122427
UBFC_PHYS_s09_T2_test,6,192,66.4,-0.7309170961380005,-0.8126361921936799
UBFC_PHYS_s09_T2_test,6,193,66.43333333333334,-0.8753932118415833,-0.6785253667177309
UBFC_PHYS_s09_T2_test,6,194,66.46666666666667,-0.6386746168136597,-0.46801971119070174
UBFC_PHYS_s09_T2_test,6,195,66.5,-0.05697304382920265,-0.21450815524994205
UBFC_PHYS_s09_T2_test,6,196,66.53333333333333,0.48392799496650696,0.04702167504388509
UBFC_PHYS_s09_T2_test,6,197,66.56666666666666,0.7257116436958313,0.28608334611147135
UBFC_PHYS_s09_T2_test,6,198,66.6,0.7137741446495056,0.47544902327148797
UBFC_PHYS_s09_T2_test,6,199,66.63333333333334,0.5525897145271301,0.5905146325614651
UBFC_PHYS_s09_T2_test,6,200,66.66666666666667,0.3116256892681122,0.6134471535794299
UBFC_PHYS_s09_T2_test,6,201,66.7,0.08146427571773529,0.54118358359436
UBFC_PHYS_s09_T2_test,6,202,66.73333333333333,-0.06458110362291336,0.3918939820022762
UBFC_PHYS_s09_T2_test,6,203,66.76666666666667,-0.134798064827919,0.2014496835204632
UBFC_PHYS_s09_T2_test,6,204,66.8,-0.1931825876235962,0.010748201480904399
UBFC_PHYS_s09_T2_test,6,205,66.83333333333333,-0.29418206214904785,-0.14605881994717862
UBFC_PHYS_s09_T2_test,6,206,66.86666666666666,-0.47997012734413147,-0.24703360385857617
UBFC_PHYS_s09_T2_test,6,207,66.9,-0.7265876531600952,-0.28207389106672365
UBFC_PHYS_s09_T2_test,6,208,66.93333333333334,-0.8160068988800049,-0.24938589013917187
UBFC_PHYS_s09_T2_test,6,209,66.96666666666667,-0.489918053150177,-0.15289504999260242
UBFC_PHYS_s09_T2_test,6,210,67.0,0.15161818265914917,-0.00195807781525819
UBFC_PHYS_s09_T2_test,6,211,67.03333333333333,0.6793767213821411,0.1882891985882354
UBFC_PHYS_s09_T2_test,6,212,67.06666666666666,0.8758693337440491,0.396893811600403
UBFC_PHYS_s09_T2_test,6,213,67.1,0.848974883556366,0.5972997835290795
UBFC_PHYS_s09_T2_test,6,214,67.13333333333334,0.7208077311515808,0.7584195574493435
UBFC_PHYS_s09_T2_test,6,215,67.16666666666667,0.5251558423042297,0.8476508402007862
UBFC_PHYS_s09_T2_test,6,216,67.2,0.308760404586792,0.8363578490024035
UBFC_PHYS_s09_T2_test,6,217,67.23333333333333,0.1417192965745926,0.7074710730920861
UBFC_PHYS_s09_T2_test,6,218,67.26666666666667,0.044804058969020844,0.46302520817821596
UBFC_PHYS_s09_T2_test,6,219,67.3,-0.03068109229207039,0.12796687109294203
UBFC_PHYS_s09_T2_test,6,220,67.33333333333333,-0.14261628687381744,-0.25262530682965645
UBFC_PHYS_s09_T2_test,6,221,67.36666666666666,-0.3352978229522705,-0.6242107074387908
UBFC_PHYS_s09_T2_test,6,222,67.4,-0.6071704626083374,-0.9373756468674905
UBFC_PHYS_s09_T2_test,6,223,67.43333333333334,-0.7817145586013794,-1.1578927428967571
UBFC_PHYS_s09_T2_test,6,224,67.46666666666667,-0.5740971565246582,-1.2690599610421038
UBFC_PHYS_s09_T2_test,6,225,67.5,0.018582163378596306,-1.2689623644632073
UBFC_PHYS_s09_T2_test,6,226,67.53333333333333,0.6103367209434509,-1.1660253423249805
UBFC_PHYS_s09_T2_test,6,227,67.56666666666666,0.9104068279266357,-0.9760011974703943
UBFC_PHYS_s09_T2_test,6,228,67.6,0.9574423432350159,-0.7209882528121243
UBFC_PHYS_s09_T2_test,6,229,67.63333333333334,0.8417661190032959,-0.42849660694207914
UBFC_PHYS_s09_T2_test,6,230,67.66666666666667,0.5884162783622742,-0.12909500547037092
UBFC_PHYS_s09_T2_test,6,231,67.7,0.2716658413410187,0.14779395927574882
UBFC_PHYS_s09_T2_test,6,232,67.73333333333333,-0.009405138902366161,0.3790252647903163
UBFC_PHYS_s09_T2_test,6,233,67.76666666666667,-0.2298147827386856,0.5516246179385103
UBFC_PHYS_s09_T2_test,6,234,67.8,-0.39687690138816833,0.6633582431053093
UBFC_PHYS_s09_T2_test,6,235,67.83333333333333,-0.5139822363853455,0.7184884115441597
UBFC_PHYS_s09_T2_test,6,236,67.86666666666666,-0.6501567363739014,0.7218038166762035
UBFC_PHYS_s09_T2_test,6,237,67.9,-0.8973907828330994,0.6777958366798199
UBFC_PHYS_s09_T2_test,6,238,67.93333333333334,-1.1521908044815063,0.5945936384096445
UBFC_PHYS_s09_T2_test,6,239,67.96666666666667,-1.08556067943573,0.4851802557995051
UBFC_PHYS_s09_T2_test,6,240,68.0,-0.5328972935676575,0.3642745920928922
UBFC_PHYS_s09_T2_test,6,241,68.03333333333333,0.21039502322673798,0.24558645792189923
UBFC_PHYS_s09_T2_test,6,242,68.06666666666666,0.7186149954795837,0.14108189172546778
UBFC_PHYS_s09_T2_test,6,243,68.1,0.8784403800964355,0.0604062946936247
UBFC_PHYS_s09_T2_test,6,244,68.13333333333334,0.7793183922767639,0.009679956155473918
UBFC_PHYS_s09_T2_test,6,245,68.16666666666667,0.5283083319664001,-0.00977273587290646
UBFC_PHYS_s09_T2_test,6,246,68.2,0.2510274052619934,-0.0019044677629650071
UBFC_PHYS_s09_T2_test,6,247,68.23333333333333,0.05170455947518349,0.02528934356459878
UBFC_PHYS_s09_T2_test,6,248,68.26666666666667,-0.06899462640285492,0.06170835702897414
UBFC_PHYS_s09_T2_test,6,249,68.3,-0.1587991863489151,0.09511818815370726
UBFC_PHYS_s09_T2_test,6,250,68.33333333333333,-0.22973071038722992,0.10997016844370709
UBFC_PHYS_s09_T2_test,6,251,68.36666666666666,-0.3148765563964844,0.08911825621359719
UBFC_PHYS_s09_T2_test,6,252,68.4,-0.5099470019340515,0.019242853171648183
UBFC_PHYS_s09_T2_test,6,253,68.43333333333334,-0.8290162682533264,-0.10279125960273196
UBFC_PHYS_s09_T2_test,6,254,68.46666666666667,-1.0175014734268188,-0.26536122789424815
UBFC_PHYS_s09_T2_test,6,255,68.5,-0.723098874092102,-0.4413867313850799
UBFC_PHYS_s09_T2_test,6,256,68.53333333333333,0.01294967532157898,-0.5924496579691383
UBFC_PHYS_s09_T2_test,6,257,68.56666666666666,0.6799511909484863,-0.6772738859274584
UBFC_PHYS_s09_T2_test,6,258,68.6,0.953722357749939,-0.6628234737625005
UBFC_PHYS_s09_T2_test,6,259,68.63333333333334,0.9047603607177734,-0.5351577201608663
UBFC_PHYS_s09_T2_test,6,260,68.66666666666667,0.6883859038352966,-0.305992020395896
UBFC_PHYS_s09_T2_test,6,261,68.7,0.3986069858074188,-0.01052098196222254
UBFC_PHYS_s09_T2_test,6,262,68.73333333333333,0.14529913663864136,0.3023590679026637
UBFC_PHYS_s09_T2_test,6,263,68.76666666666667,-0.0016709754709154367,0.580986782113835
UBFC_PHYS_s09_T2_test,6,264,68.8,-0.08225619047880173,0.7792855916692284
UBFC_PHYS_s09_T2_test,6,265,68.83333333333333,-0.15487606823444366,0.862190373820667
UBFC_PHYS_s09_T2_test,6,266,68.86666666666666,-0.24625688791275024,0.8094916203277541
UBFC_PHYS_s09_T2_test,6,267,68.9,-0.406040221452713,0.6204260256988923
UBFC_PHYS_s09_T2_test,6,268,68.93333333333334,-0.6877346634864807,0.3177661302260675
UBFC_PHYS_s09_T2_test,6,269,68.96666666666667,-0.9565809369087219,-0.05322382655257741
UBFC_PHYS_s09_T2_test,6,270,69.0,-0.8516162633895874,-0.4326911223334374
UBFC_PHYS_s09_T2_test,6,271,69.03333333333333,-0.22269710898399353,-0.7591689618953794
UBFC_PHYS_s09_T2_test,6,272,69.06666666666666,0.5028710961341858,-0.9835005488489732
UBFC_PHYS_s09_T2_test,6,273,69.1,0.8777888417243958,-1.0779990723682078
UBFC_PHYS_s09_T2_test,6,274,69.13333333333334,0.8727378249168396,-1.0386752117519873
UBFC_PHYS_s09_T2_test,6,275,69.16666666666667,0.6687703132629395,-0.8821934130880379
UBFC_PHYS_s09_T2_test,6,276,69.2,0.38307562470436096,-0.6391352182957554
UBFC_PHYS_s09_T2_test,6,277,69.23333333333333,0.11090172827243805,-0.3447156275861698
UBFC_PHYS_s09_T2_test,6,278,69.26666666666667,-0.05878749117255211,-0.029943816013400883
UBFC_PHYS_s09_T2_test,6,279,69.3,-0.13742515444755554,0.28245748298943835
UBFC_PHYS_s09_T2_test,6,280,69.33333333333333,-0.20433548092842102,0.5766809076728712
UBFC_PHYS_s09_T2_test,6,281,69.36666666666666,-0.31348946690559387,0.8399875621423479
UBFC_PHYS_s09_T2_test,6,282,69.4,-0.4987450838088989,1.0589382279734771
UBFC_PHYS_s09_T2_test,6,283,69.43333333333334,-0.7846499085426331,1.217218680246507
UBFC_PHYS_s09_T2_test,6,284,69.46666666666667,-1.035428762435913,1.2957679073631847
UBFC_PHYS_s09_T2_test,6,285,69.5,-0.9083614945411682,1.2750181948575734
UBFC_PHYS_s09_T2_test,6,286,69.53333333333333,-0.2635676860809326,1.13948531931986
UBFC_PHYS_s09_T2_test,6,287,69.56666666666666,0.47335657477378845,0.885197217812634
UBFC_PHYS_s09_T2_test,6,288,69.6,0.865115761756897,0.5268945698395389
UBFC_PHYS_s09_T2_test,6,289,69.63333333333334,0.8980770111083984,0.09901477483586256
UBFC_PHYS_s09_T2_test,6,290,69.66666666666667,0.7531175017356873,-0.35066850031634594
UBFC_PHYS_s09_T2_test,6,291,69.7,0.5145984292030334,-0.7707146350130215
UBFC_PHYS_s09_T2_test,6,292,69.73333333333333,0.24285888671875,-1.115466611208552
UBFC_PHYS_s09_T2_test,6,293,69.76666666666667,0.03454788774251938,-1.35197060592213
UBFC_PHYS_s09_T2_test,6,294,69.8,-0.08101620525121689,-1.4632496149848897
UBFC_PHYS_s09_T2_test,6,295,69.83333333333333,-0.15921951830387115,-1.4480616410710287
UBFC_PHYS_s09_T2_test,6,296,69.86666666666666,-0.2596515417098999,-1.3182165831484645
UBFC_PHYS_s09_T2_test,6,297,69.9,-0.44174766540527344,-1.0951466079327776
UBFC_PHYS_s09_T2_test,6,298,69.93333333333334,-0.7477795481681824,-0.8064422767901414
UBFC_PHYS_s09_T2_test,6,299,69.96666666666667,-1.0254597663879395,-0.4820214368851754
UBFC_PHYS_s09_T2_test,7,0,70.0,-0.9080462455749512,-0.0899184557916557
UBFC_PHYS_s09_T2_test,7,1,70.03333333333333,-0.26369377970695496,-0.6761220237586498
UBFC_PHYS_s09_T2_test,7,2,70.06666666666666,0.47249487042427063,-1.2042263437643819
UBFC_PHYS_s09_T2_test,7,3,70.1,0.8747414350509644,-1.625673817041756
UBFC_PHYS_s09_T2_test,7,4,70.13333333333334,0.9243829846382141,-1.908162037285969
UBFC_PHYS_s09_T2_test,7,5,70.16666666666667,0.7824008464813232,-2.038937794240286
UBFC_PHYS_s09_T2_test,7,6,70.2,0.539082944393158,-2.01594003207157
UBFC_PHYS_s09_T2_test,7,7,70.23333333333333,0.26943105459213257,-1.8376585032551394
UBFC_PHYS_s09_T2_test,7,8,70.26666666666667,0.05716891214251518,-1.502578998688973
UBFC_PHYS_s09_T2_test,7,9,70.3,-0.0756569355726242,-1.0260042913612935
UBFC_PHYS_s09_T2_test,7,10,70.33333333333333,-0.1596398651599884,-0.46215878580507047
UBFC_PHYS_s09_T2_test,7,11,70.36666666666666,-0.24363678693771362,0.09728472802609679
UBFC_PHYS_s09_T2_test,7,12,70.4,-0.3973813056945801,0.5512558551231992
UBFC_PHYS_s09_T2_test,7,13,70.43333333333334,-0.6785643696784973,0.8200462014309142
UBFC_PHYS_s09_T2_test,7,14,70.46666666666667,-0.9915107488632202,0.8653437914347355
UBFC_PHYS_s09_T2_test,7,15,70.5,-1.003462314605713,0.6994671257579912
UBFC_PHYS_s09_T2_test,7,16,70.53333333333333,-0.46337389945983887,0.3829706256039586
UBFC_PHYS_s09_T2_test,7,17,70.56666666666666,0.3214755356311798,0.008843309606724123
UBFC_PHYS_s09_T2_test,7,18,70.6,0.863413393497467,-0.3235524512670547
UBFC_PHYS_s09_T2_test,7,19,70.63333333333334,1.0247869491577148,-0.5369830068290433
UBFC_PHYS_s09_T2_test,7,20,70.66666666666667,0.9438444972038269,-0.5972406824194639
UBFC_PHYS_s09_T2_test,7,21,70.7,0.7206886410713196,-0.5160775557343775
UBFC_PHYS_s09_T2_test,7,22,70.73333333333333,0.4321286976337433,-0.33673965665445044
UBFC_PHYS_s09_T2_test,7,23,70.76666666666667,0.18702439963817596,-0.1132884307445347
UBFC_PHYS_s09_T2_test,7,24,70.8,0.01570286974310875,0.10701454611028482
UBFC_PHYS_s09_T2_test,7,25,70.83333333333333,-0.11438379436731339,0.29290145352022523
UBFC_PHYS_s09_T2_test,7,26,70.86666666666666,-0.20511309802532196,0.42941764879477157
UBFC_PHYS_s09_T2_test,7,27,70.9,-0.2888298034667969,0.513519124828216
UBFC_PHYS_s09_T2_test,7,28,70.93333333333334,-0.4765513837337494,0.5486940501494171
UBFC_PHYS_s09_T2_test,7,29,70.96666666666667,-0.8190893530845642,0.5409643910351286
UBFC_PHYS_s09_T2_test,7,30,71.0,-1.1040273904800415,0.49710427031062404
UBFC_PHYS_s09_T2_test,7,31,71.03333333333333,-0.9276759028434753,0.4243355009054043
UBFC_PHYS_s09_T2_test,7,32,71.06666666666666,-0.25071942806243896,0.330367069424276
UBFC_PHYS_s09_T2_test,7,33,71.1,0.4915010333061218,0.22263968397441505
UBFC_PHYS_s09_T2_test,7,34,71.13333333333334,0.9075695872306824,0.10699690288735063
UBFC_PHYS_s09_T2_test,7,35,71.16666666666667,0.9840565323829651,-0.012679273379089735
UBFC_PHYS_s09_T2_test,7,36,71.2,0.8406732678413391,-0.13326576037550897
UBFC_PHYS_s09_T2_test,7,37,71.23333333333333,0.5644991993904114,-0.2501523479910879
UBFC_PHYS_s09_T2_test,7,38,71.26666666666667,0.28777167201042175,-0.35548281930250003
UBFC_PHYS_s09_T2_test,7,39,71.3,0.10281728953123093,-0.43903678694956944
UBFC_PHYS_s09_T2_test,7,40,71.33333333333333,-0.02502758800983429,-0.49137210730693603
UBFC_PHYS_s09_T2_test,7,41,71.36666666666666,-0.13360711932182312,-0.5064026492543588
UBFC_PHYS_s09_T2_test,7,42,71.4,-0.22922630608081818,-0.48221054894613036
UBFC_PHYS_s09_T2_test,7,43,71.43333333333334,-0.35786283016204834,-0.4207874521090978
UBFC_PHYS_s09_T2_test,7,44,71.46666666666667,-0.5979371070861816,-0.32717417335919496
UBFC_PHYS_s09_T2_test,7,45,71.5,-0.9376798868179321,-0.20810285102431345
UBFC_PHYS_s09_T2_test,7,46,71.53333333333333,-1.1112362146377563,-0.07073279188645984
UBFC_PHYS_s09_T2_test,7,47,71.56666666666666,-0.7936521172523499,0.07756974033868559
UBFC_PHYS_s09_T2_test,7,48,71.6,-0.07384949177503586,0.22852065545559888
UBFC_PHYS_s09_T2_test,7,49,71.63333333333334,0.5803248286247253,0.3724111786539959
UBFC_PHYS_s09_T2_test,7,50,71.66666666666667,0.8783422708511353,0.4987288740592654
UBFC_PHYS_s09_T2_test,7,51,71.7,0.8759813904762268,0.5983476108336268
UBFC_PHYS_s09_T2_test,7,52,71.73333333333333,0.6855766773223877,0.6661036886840543
UBFC_PHYS_s09_T2_test,7,53,71.76666666666667,0.4023689925670624,0.7012391488487645
UBFC_PHYS_s09_T2_test,7,54,71.8,0.1700918972492218,0.705228782552231
UBFC_PHYS_s09_T2_test,7,55,71.83333333333333,0.03360913693904877,0.678687475657597
UBFC_PHYS_s09_T2_test,7,56,71.86666666666666,-0.0802806168794632,0.6194581524529543
UBFC_PHYS_s09_T2_test,7,57,71.9,-0.20507806539535522,0.5238510559262037
UBFC_PHYS_s09_T2_test,7,58,71.93333333333334,-0.32366156578063965,0.39039953168401653
UBFC_PHYS_s09_T2_test,7,59,71.96666666666667,-0.4885939955711365,0.22303946481736103
UBFC_PHYS_s09_T2_test,7,60,72.0,-0.7981286644935608,0.031857626749693814
UBFC_PHYS_s09_T2_test,7,61,72.03333333333333,-1.155021071434021,-0.16876029339829424
UBFC_PHYS_s09_T2_test,7,62,72.06666666666666,-1.1673508882522583,-0.36356940291620043
UBFC_PHYS_s09_T2_test,7,63,72.1,-0.5992051362991333,-0.5395467155898341
UBFC_PHYS_s09_T2_test,7,64,72.13333333333334,0.246753990650177,-0.6869831421476523
UBFC_PHYS_s09_T2_test,7,65,72.16666666666667,0.8612837195396423,-0.79766609849668
UBFC_PHYS_s09_T2_test,7,66,72.2,1.0709537267684937,-0.861718803385488
UBFC_PHYS_s09_T2_test,7,67,72.23333333333333,0.9920218586921692,-0.8667393036905766
UBFC_PHYS_s09_T2_test,7,68,72.26666666666667,0.7369276285171509,-0.8006390038576521
UBFC_PHYS_s09_T2_test,7,69,72.3,0.4207586646080017,-0.6569305644390193
UBFC_PHYS_s09_T2_test,7,70,72.33333333333333,0.17634788155555725,-0.4402306263095911
UBFC_PHYS_s09_T2_test,7,71,72.36666666666666,0.04331887513399124,-0.16922800494173904
UBFC_PHYS_s09_T2_test,7,72,72.4,-0.03219429776072502,0.12432508218120647
UBFC_PHYS_s09_T2_test,7,73,72.43333333333334,-0.10721007734537125,0.4004256746131091
UBFC_PHYS_s09_T2_test,7,74,72.46666666666667,-0.22422432899475098,0.618525413326205
UBFC_PHYS_s09_T2_test,7,75,72.5,-0.4545048177242279,0.7465599126712019
UBFC_PHYS_s09_T2_test,7,76,72.53333333333333,-0.8018626570701599,0.768006893220104
UBFC_PHYS_s09_T2_test,7,77,72.56666666666666,-0.9792649745941162,0.6826088094973972
UBFC_PHYS_s09_T2_test,7,78,72.6,-0.6401667594909668,0.5028827399229957
UBFC_PHYS_s09_T2_test,7,79,72.63333333333334,0.11659727245569229,0.2542947812931385
UBFC_PHYS_s09_T2_test,7,80,72.66666666666667,0.7975329160690308,-0.022812135045383677
UBFC_PHYS_s09_T2_test,7,81,72.7,1.093294620513916,-0.2806222816074189
UBFC_PHYS_s09_T2_test,7,82,72.73333333333333,1.0606205463409424,-0.4793903497880484
UBFC_PHYS_s09_T2_test,7,83,72.76666666666667,0.8399026393890381,-0.5976949724164726
UBFC_PHYS_s09_T2_test,7,84,72.8,0.5399656295776367,-0.6327755964164213
UBFC_PHYS_s09_T2_test,7,85,72.83333333333333,0.27274471521377563,-0.5961632437283549
UBFC_PHYS_s09_T2_test,7,86,72.86666666666666,0.09332472831010818,-0.5078444372232291
UBFC_PHYS_s09_T2_test,7,87,72.9,-0.02857941761612892,-0.3893884388157867
UBFC_PHYS_s09_T2_test,7,88,72.93333333333334,-0.13947078585624695,-0.25743473646454496
UBFC_PHYS_s09_T2_test,7,89,72.96666666666667,-0.2741391062736511,-0.11979764503257363
UBFC_PHYS_s09_T2_test,7,90,73.0,-0.5015823245048523,0.02341984226645362
UBFC_PHYS_s09_T2_test,7,91,73.03333333333333,-0.861045777797699,0.171786822419644
UBFC_PHYS_s09_T2_test,7,92,73.06666666666666,-1.1308867931365967,0.31545269176433866
UBFC_PHYS_s09_T2_test,7,93,73.1,-0.9425557255744934,0.43714508050948314
UBFC_PHYS_s09_T2_test,7,94,73.13333333333334,-0.26135390996932983,0.5236125966869889
UBFC_PHYS_s09_T2_test,7,95,73.16666666666667,0.49366575479507446,0.5715345767918005
UBFC_PHYS_s09_T2_test,7,96,73.2,0.9392838478088379,0.5832738619602322
UBFC_PHYS_s09_T2_test,7,97,73.23333333333333,1.034727931022644,0.5594432345766611
UBFC_PHYS_s09_T2_test,7,98,73.26666666666667,0.8869591355323792,0.4950659765780089
UBFC_PHYS_s09_T2_test,7,99,73.3,0.6183791160583496,0.38405565297726635
UBFC_PHYS_s09_T2_test,7,100,73.33333333333333,0.3676353096961975,0.22870999374392764
UBFC_PHYS_s09_T2_test,7,101,73.36666666666666,0.18799817562103271,0.043750166823584846
UBFC_PHYS_s09_T2_test,7,102,73.4,0.03444980829954147,-0.1478898730845299
UBFC_PHYS_s09_T2_test,7,103,73.43333333333334,-0.11242222785949707,-0.3219383108736408
UBFC_PHYS_s09_T2_test,7,104,73.46666666666667,-0.2359306514263153,-0.4581801036401369
UBFC_PHYS_s09_T2_test,7,105,73.5,-0.3858851492404938,-0.5427070661742086
UBFC_PHYS_s09_T2_test,7,106,73.53333333333333,-0.6774924993515015,-0.567659664764432
UBFC_PHYS_s09_T2_test,7,107,73.56666666666666,-1.077329158782959,-0.5310842690409681
UBFC_PHYS_s09_T2_test,7,108,73.6,-1.266802191734314,-0.43774444052202904
UBFC_PHYS_s09_T2_test,7,109,73.63333333333334,-0.9161657094955444,-0.29967728590289433
UBFC_PHYS_s09_T2_test,7,110,73.66666666666667,-0.1457337737083435,-0.13541572415579417
UBFC_PHYS_s09_T2_test,7,111,73.7,0.5753158330917358,0.03274858587518619
UBFC_PHYS_s09_T2_test,7,112,73.73333333333333,0.9694148898124695,0.18291287973745884
UBFC_PHYS_s09_T2_test,7,113,73.76666666666667,1.0623579025268555,0.2974567398365921
UBFC_PHYS_s09_T2_test,7,114,73.8,0.9195281267166138,0.36577573955822645
UBFC_PHYS_s09_T2_test,7,115,73.83333333333333,0.6313955187797546,0.3858250676879503
UBFC_PHYS_s09_T2_test,7,116,73.86666666666666,0.36250022053718567,0.3640670532778032
UBFC_PHYS_s09_T2_test,7,117,73.9,0.185476154088974,0.31310481564626097
UBFC_PHYS_s09_T2_test,7,118,73.93333333333334,0.03646041080355644,0.24738122592860706
UBFC_PHYS_s09_T2_test,7,119,73.96666666666667,-0.11537858843803406,0.17841651613812565
UBFC_PHYS_s09_T2_test,7,120,74.0,-0.23687641322612762,0.11155996183213704
UBFC_PHYS_s09_T2_test,7,121,74.03333333333333,-0.3748863935470581,0.04631695588300881
UBFC_PHYS_s09_T2_test,7,122,74.06666666666666,-0.6527277827262878,-0.020045661021039916
UBFC_PHYS_s09_T2_test,7,123,74.1,-1.0348403453826904,-0.08819911343273917
UBFC_PHYS_s09_T2_test,7,124,74.13333333333334,-1.1958565711975098,-0.15412504746120573
UBFC_PHYS_s09_T2_test,7,125,74.16666666666667,-0.8196007609367371,-0.20975752812958134
UBFC_PHYS_s09_T2_test,7,126,74.2,-0.04327012598514557,-0.24606200451837365
UBFC_PHYS_s09_T2_test,7,127,74.23333333333333,0.6673972010612488,-0.2555392918328369
UBFC_PHYS_s09_T2_test,7,128,74.26666666666667,1.038763165473938,-0.23300069626170508
UBFC_PHYS_s09_T2_test,7,129,74.3,1.0968464612960815,-0.1755783370331486
UBFC_PHYS_s09_T2_test,7,130,74.33333333333333,0.9131249785423279,-0.0833654563208942
UBFC_PHYS_s09_T2_test,7,131,74.36666666666666,0.6055518984794617,0.03795062980267419
UBFC_PHYS_s09_T2_test,7,132,74.4,0.35190778970718384,0.17411428952076058
UBFC_PHYS_s09_T2_test,7,133,74.43333333333334,0.19807219505310059,0.3032456682850719
UBFC_PHYS_s09_T2_test,7,134,74.46666666666667,0.057049818336963654,0.40109854302522274
UBFC_PHYS_s09_T2_test,7,135,74.5,-0.09553878009319305,0.4469989767085967
UBFC_PHYS_s09_T2_test,7,136,74.53333333333333,-0.2192363440990448,0.42824256874493555
UBFC_PHYS_s09_T2_test,7,137,74.56666666666666,-0.3698423504829407,0.3425869847771948
UBFC_PHYS_s09_T2_test,7,138,74.6,-0.6603428721427917,0.19859109581137074
UBFC_PHYS_s09_T2_test,7,139,74.63333333333334,-1.0350924730300903,0.01362865951161091
UBFC_PHYS_s09_T2_test,7,140,74.66666666666667,-1.1638901233673096,-0.18977703206336993
UBFC_PHYS_s09_T2_test,7,141,74.7,-0.7525013089179993,-0.38794867062099947
UBFC_PHYS_s09_T2_test,7,142,74.73333333333333,0.032208021730184555,-0.5591219626092288
UBFC_PHYS_s09_T2_test,7,143,74.76666666666667,0.7069717049598694,-0.684646395210734
UBFC_PHYS_s09_T2_test,7,144,74.8,1.0190844535827637,-0.7493029878404984
UBFC_PHYS_s09_T2_test,7,145,74.83333333333333,1.02248215675354,-0.743277565588116
UBFC_PHYS_s09_T2_test,7,146,74.86666666666666,0.80519700050354,-0.665859510453966
UBFC_PHYS_s09_T2_test,7,147,74.9,0.4972386062145233,-0.5283541434091741
UBFC_PHYS_s09_T2_test,7,148,74.93333333333334,0.256835013628006,-0.3533459353643703
UBFC_PHYS_s09_T2_test,7,149,74.96666666666667,0.10089775919914246,-0.16789850342712484
UBFC_PHYS_s09_T2_test,7,150,75.0,-0.056762877851724625,0.006091166312083032
UBFC_PHYS_s09_T2_test,7,151,75.03333333333333,-0.21981781721115112,0.15626573491253565
UBFC_PHYS_s09_T2_test,7,152,75.06666666666666,-0.35064005851745605,0.2774481126948466
UBFC_PHYS_s09_T2_test,7,153,75.1,-0.5135198831558228,0.36802378125241486
UBFC_PHYS_s09_T2_test,7,154,75.13333333333334,-0.8057787418365479,0.4278339067655639
UBFC_PHYS_s09_T2_test,7,155,75.16666666666667,-1.1543275117874146,0.45692406118491685
UBFC_PHYS_s09_T2_test,7,156,75.2,-1.2319773435592651,0.45533603372563974
UBFC_PHYS_s09_T2_test,7,157,75.23333333333333,-0.7540284991264343,0.42498014963660863
UBFC_PHYS_s09_T2_test,7,158,75.26666666666667,0.09032633900642395,0.37236694468938747
UBFC_PHYS_s09_T2_test,7,159,75.3,0.7654333114624023,0.30901970281996055
UBFC_PHYS_s09_T2_test,7,160,75.33333333333333,1.0253543853759766,0.24881209481450187
UBFC_PHYS_s09_T2_test,7,161,75.36666666666666,0.9752084612846375,0.2041165485800394
UBFC_PHYS_s09_T2_test,7,162,75.4,0.7542524337768555,0.18213767956550608
UBFC_PHYS_s09_T2_test,7,163,75.43333333333334,0.4818543493747711,0.182029104828861
UBFC_PHYS_s09_T2_test,7,164,75.46666666666667,0.2884792387485504,0.19408616515795074
UBFC_PHYS_s09_T2_test,7,165,75.5,0.20037703216075897,0.20272063231801277
UBFC_PHYS_s09_T2_test,7,166,75.53333333333333,0.1467282772064209,0.19261827416435656
UBFC_PHYS_s09_T2_test,7,167,75.56666666666666,0.091293103992939,0.1552224464424927
UBFC_PHYS_s09_T2_test,7,168,75.6,0.017867594957351685,0.09251636769709251
UBFC_PHYS_s09_T2_test,7,169,75.63333333333334,-0.1478494554758072,0.01558060515031118
UBFC_PHYS_s09_T2_test,7,170,75.66666666666667,-0.4466235637664795,-0.061112606632432794
UBFC_PHYS_s09_T2_test,7,171,75.7,-0.6762945652008057,-0.12546447891827284
UBFC_PHYS_s09_T2_test,7,172,75.73333333333333,-0.45938771963119507,-0.1708904789191194
UBFC_PHYS_s09_T2_test,7,173,75.76666666666667,0.25651276111602783,-0.19626869734062916
UBFC_PHYS_s09_T2_test,7,174,75.8,0.976882815361023,-0.2037780535986124
UBFC_PHYS_s09_T2_test,7,175,75.83333333333333,1.2883089780807495,-0.19700654937627562
UBFC_PHYS_s09_T2_test,7,176,75.86666666666666,1.2251746654510498,-0.18037607603977032
UBFC_PHYS_s09_T2_test,7,177,75.9,0.9506539106369019,-0.15934826274668532
UBFC_PHYS_s09_T2_test,7,178,75.93333333333334,0.5575286149978638,-0.14048741726404892
UBFC_PHYS_s09_T2_test,7,179,75.96666666666667,0.173426553606987,-0.1303598928012584
UBFC_PHYS_s09_T2_test,7,180,76.0,-0.09154559671878815,-0.13336596106755574
UBFC_PHYS_s09_T2_test,7,181,76.03333333333333,-0.2602260112762451,-0.14973636289767062
UBFC_PHYS_s09_T2_test,7,182,76.06666666666666,-0.405269593000412,-0.1746902640592304
UBFC_PHYS_s09_T2_test,7,183,76.1,-0.5573607683181763,-0.19928780830463705
UBFC_PHYS_s09_T2_test,7,184,76.13333333333334,-0.776089072227478,-0.21289174464961513
UBFC_PHYS_s09_T2_test,7,185,76.16666666666667,-1.1284419298171997,-0.20652198628065285
UBFC_PHYS_s09_T2_test,7,186,76.2,-1.462194800376892,-0.17589217238255825
UBFC_PHYS_s09_T2_test,7,187,76.23333333333333,-1.386569619178772,-0.12265596574044522
UBFC_PHYS_s09_T2_test,7,188,76.26666666666667,-0.7538043260574341,-0.05346948623159794
UBFC_PHYS_s09_T2_test,7,189,76.3,0.010301564820110798,0.022375955399543915
UBFC_PHYS_s09_T2_test,7,190,76.33333333333333,0.4519825279712677,0.09567472498767227
UBFC_PHYS_s09_T2_test,7,191,76.36666666666666,0.5383613705635071,0.15921967335797813
UBFC_PHYS_s09_T2_test,7,192,76.4,0.41941356658935547,0.20829484992843583
UBFC_PHYS_s09_T2_test,7,193,76.43333333333334,0.19232061505317688,0.23979638984633808
UBFC_PHYS_s09_T2_test,7,194,76.46666666666667,-0.03714023903012276,0.25089968342353164
UBFC_PHYS_s09_T2_test,7,195,76.5,-0.17676851153373718,0.23880929586188704
UBFC_PHYS_s09_T2_test,7,196,76.53333333333333,-0.2462078481912613,0.20186762880115017
UBFC_PHYS_s09_T2_test,7,197,76.56666666666666,-0.31291499733924866,0.14096398570410487
UBFC_PHYS_s09_T2_test,7,198,76.6,-0.39597317576408386,0.06042940361275752
UBFC_PHYS_s09_T2_test,7,199,76.63333333333334,-0.5291773080825806,-0.031957036155462935
UBFC_PHYS_s09_T2_test,7,200,76.66666666666667,-0.7877954244613647,-0.12593059002394813
UBFC_PHYS_s09_T2_test,7,201,76.7,-1.1057298183441162,-0.21043806537528473
UBFC_PHYS_s09_T2_test,7,202,76.73333333333333,-1.1371147632598877,-0.2755222593181106
UBFC_PHYS_s09_T2_test,7,203,76.76666666666667,-0.5977479815483093,-0.3136355792153111
UBFC_PHYS_s09_T2_test,7,204,76.8,0.2504809498786926,-0.3201228238743701
UBFC_PHYS_s09_T2_test,7,205,76.83333333333333,0.8990787863731384,-0.29313939945189926
UBFC_PHYS_s09_T2_test,7,206,76.86666666666666,1.159371256828308,-0.2334936987869809
UBFC_PHYS_s09_T2_test,7,207,76.9,1.1254922151565552,-0.1449725135876134
UBFC_PHYS_s09_T2_test,7,208,76.93333333333334,0.9057621359825134,-0.034840343322563416
UBFC_PHYS_s09_T2_test,7,209,76.96666666666667,0.6026095747947693,0.08657960623471521
UBFC_PHYS_s09_T2_test,7,210,77.0,0.3319418728351593,0.2075607586608219
UBFC_PHYS_s09_T2_test,7,211,77.03333333333333,0.1387699395418167,0.31728792192566807
UBFC_PHYS_s09_T2_test,7,212,77.06666666666666,-0.011023428291082382,0.4075971482435029
UBFC_PHYS_s09_T2_test,7,213,77.1,-0.14566372334957123,0.4725504546915815
UBFC_PHYS_s09_T2_test,7,214,77.13333333333334,-0.30075329542160034,0.5064015260749932
UBFC_PHYS_s09_T2_test,7,215,77.16666666666667,-0.5567863583564758,0.5025047921450111
UBFC_PHYS_s09_T2_test,7,216,77.2,-0.9165160059928894,0.4544574826768969
UBFC_PHYS_s09_T2_test,7,217,77.23333333333333,-1.1178003549575806,0.35913879128954057
UBFC_PHYS_s09_T2_test,7,218,77.26666666666667,-0.804496705532074,0.22026391588783303
UBFC_PHYS_s09_T2_test,7,219,77.3,-0.043669443577528,0.05032661659801714
UBFC_PHYS_s09_T2_test,7,220,77.33333333333333,0.6834819912910461,-0.1300773766495443
UBFC_PHYS_s09_T2_test,7,221,77.36666666666666,1.0511770248413086,-0.29521301328437816
UBFC_PHYS_s09_T2_test,7,222,77.4,1.0776581764221191,-0.41926655022615233
UBFC_PHYS_s09_T2_test,7,223,77.43333333333334,0.8859643936157227,-0.48338639601226124
UBFC_PHYS_s09_T2_test,7,224,77.46666666666667,0.5851026177406311,-0.48214161305565495
UBFC_PHYS_s09_T2_test,7,225,77.5,0.29243040084838867,-0.42489039401413714
UBFC_PHYS_s09_T2_test,7,226,77.53333333333333,0.07355497032403946,-0.3314523802114838
UBFC_PHYS_s09_T2_test,7,227,77.56666666666666,-0.0825083926320076,-0.22551348755624182
UBFC_PHYS_s09_T2_test,7,228,77.6,-0.19095481932163239,-0.12838963008345344
UBFC_PHYS_s09_T2_test,7,229,77.63333333333334,-0.29769888520240784,-0.05443396881157766
UBFC_PHYS_s09_T2_test,7,230,77.66666666666667,-0.5147878527641296,-0.008898187700517118
UBFC_PHYS_s09_T2_test,7,231,77.7,-0.897432804107666,0.011459618409482262
UBFC_PHYS_s09_T2_test,7,232,77.73333333333333,-1.22206449508667,0.015584109072860102
UBFC_PHYS_s09_T2_test,7,233,77.76666666666667,-1.047730565071106,0.014422192431196901
UBFC_PHYS_s09_T2_test,7,234,77.8,-0.2835546135902405,0.017516967779747115
UBFC_PHYS_s09_T2_test,7,235,77.83333333333333,0.5732141137123108,0.03082233705223194
UBFC_PHYS_s09_T2_test,7,236,77.86666666666666,1.0401712656021118,0.05593594265107737
UBFC_PHYS_s09_T2_test,7,237,77.9,1.0818614959716797,0.09026157325164193
UBFC_PHYS_s09_T2_test,7,238,77.93333333333334,0.8788607120513916,0.12804354652226924
UBFC_PHYS_s09_T2_test,7,239,77.96666666666667,0.5564217567443848,0.16265253993453532
UBFC_PHYS_s09_T2_test,7,240,78.0,0.22633270919322968,0.18907904505572426
UBFC_PHYS_s09_T2_test,7,241,78.03333333333333,-0.0034293767530471087,0.20439645868371104
UBFC_PHYS_s09_T2_test,7,242,78.06666666666666,-0.13316576182842255,0.2064603453239666
UBFC_PHYS_s09_T2_test,7,243,78.1,-0.23094968497753143,0.1935064448976337
UBFC_PHYS_s09_T2_test,7,244,78.13333333333334,-0.35333019495010376,0.1654076246031278
UBFC_PHYS_s09_T2_test,7,245,78.16666666666667,-0.5602190494537354,0.12521766564421719
UBFC_PHYS_s09_T2_test,7,246,78.2,-0.8984416127204895,0.07950337827442283
UBFC_PHYS_s09_T2_test,7,247,78.23333333333333,-1.1917372941970825,0.036257493125245066
UBFC_PHYS_s09_T2_test,7,248,78.26666666666667,-1.0102787017822266,0.0013100137165406537
UBFC_PHYS_s09_T2_test,7,249,78.3,-0.250306099653244,-0.023918788836962242
UBFC_PHYS_s09_T2_test,7,250,78.33333333333333,0.5686955451965332,-0.042155695862880614
UBFC_PHYS_s09_T2_test,7,251,78.36666666666666,0.9695199728012085,-0.05828264668681385
UBFC_PHYS_s09_T2_test,7,252,78.4,0.974634051322937,-0.0766018254960564
UBFC_PHYS_s09_T2_test,7,253,78.43333333333334,0.7774409055709839,-0.09832656804957056
UBFC_PHYS_s09_T2_test,7,254,78.46666666666667,0.4515131711959839,-0.12033089906368932
UBFC_PHYS_s09_T2_test,7,255,78.5,0.09939155727624893,-0.13604335667911427
UBFC_PHYS_s09_T2_test,7,256,78.53333333333333,-0.11543463170528412,-0.1382396782195799
UBFC_PHYS_s09_T2_test,7,257,78.56666666666666,-0.18769021332263947,-0.12239377581095268
UBFC_PHYS_s09_T2_test,7,258,78.6,-0.2437909096479416,-0.08909753644446859
UBFC_PHYS_s09_T2_test,7,259,78.63333333333334,-0.38411274552345276,-0.04423203229493285
UBFC_PHYS_s09_T2_test,7,260,78.66666666666667,-0.6603288650512695,0.0032351684066508953
UBFC_PHYS_s09_T2_test,7,261,78.7,-1.0297752618789673,0.04472808186718212
UBFC_PHYS_s09_T2_test,7,262,78.73333333333333,-1.189061164855957,0.07492816961862933
UBFC_PHYS_s09_T2_test,7,263,78.76666666666667,-0.7685651183128357,0.09180234876642976
UBFC_PHYS_s09_T2_test,7,264,78.8,0.07625211775302887,0.09449615001217783
UBFC_PHYS_s09_T2_test,7,265,78.83333333333333,0.7736788988113403,0.08249337322437929
UBFC_PHYS_s09_T2_test,7,266,78.86666666666666,1.0456916093826294,0.056791737482556254
UBFC_PHYS_s09_T2_test,7,267,78.9,1.0166674852371216,0.020989085530384272
UBFC_PHYS_s09_T2_test,7,268,78.93333333333334,0.8260526061058044,-0.019092089378523205
UBFC_PHYS_s09_T2_test,7,269,78.96666666666667,0.5263117551803589,-0.057481568895237714
UBFC_PHYS_s09_T2_test,7,270,79.0,0.2130921632051468,-0.09056357558230571
UBFC_PHYS_s09_T2_test,7,271,79.03333333333333,-0.012858890928328037,-0.11753257098579929
UBFC_PHYS_s09_T2_test,7,272,79.06666666666666,-0.15875715017318726,-0.1387313036025057
UBFC_PHYS_s09_T2_test,7,273,79.1,-0.29250773787498474,-0.15420330571209512
UBFC_PHYS_s09_T2_test,7,274,79.13333333333334,-0.4914662837982178,-0.16336947239046584
UBFC_PHYS_s09_T2_test,7,275,79.16666666666667,-0.8284978866577148,-0.16509145801682962
UBFC_PHYS_s09_T2_test,7,276,79.2,-1.2162147760391235,-0.15786426964077646
UBFC_PHYS_s09_T2_test,7,277,79.23333333333333,-1.271012544631958,-0.14044433397326264
UBFC_PHYS_s09_T2_test,7,278,79.26666666666667,-0.6864947080612183,-0.11305704788100084
UBFC_PHYS_s09_T2_test,7,279,79.3,0.22797201573848724,-0.07908244626122332
UBFC_PHYS_s09_T2_test,7,280,79.33333333333333,0.8980980515480042,-0.04569812038787802
UBFC_PHYS_s09_T2_test,7,281,79.36666666666666,1.1387748718261719,-0.02095489723499166
UBFC_PHYS_s09_T2_test,7,282,79.4,1.093525767326355,-0.008901967001205751
UBFC_PHYS_s09_T2_test,7,283,79.43333333333334,0.8856210708618164,-0.008130648012363429
UBFC_PHYS_s09_T2_test,7,284,79.46666666666667,0.5866017937660217,-0.013974088754528116
UBFC_PHYS_s09_T2_test,7,285,79.5,0.2973693311214447,-0.019466807510041127
UBFC_PHYS_s09_T2_test,7,286,79.53333333333333,0.09570661932229996,-0.014827619439914886
UBFC_PHYS_s09_T2_test,7,287,79.56666666666666,-0.037343401461839676,0.010077369844506887
UBFC_PHYS_s09_T2_test,7,288,79.6,-0.17088381946086884,0.060579953206791506
UBFC_PHYS_s09_T2_test,7,289,79.63333333333334,-0.37722623348236084,0.1344239173641818
UBFC_PHYS_s09_T2_test,7,290,79.66666666666667,-0.7138515114784241,0.22304822820933137
UBFC_PHYS_s09_T2_test,7,291,79.7,-1.107348084449768,0.3148550764625215
UBFC_PHYS_s09_T2_test,7,292,79.73333333333333,-1.2204391956329346,0.3981913018350889
UBFC_PHYS_s09_T2_test,7,293,79.76666666666667,-0.7288994789123535,0.46217614790662886
UBFC_PHYS_s09_T2_test,7,294,79.8,0.1477510929107666,0.4960999379240418
UBFC_PHYS_s09_T2_test,7,295,79.83333333333333,0.8603729605674744,0.49043643022494277
UBFC_PHYS_s09_T2_test,7,296,79.86666666666666,1.163917899131775,0.43991723095867147
UBFC_PHYS_s09_T2_test,7,297,79.9,1.1517211198806763,0.34633069800280963
UBFC_PHYS_s09_T2_test,7,298,79.93333333333334,0.9448112845420837,0.2193065455962493
UBFC_PHYS_s09_T2_test,7,299,79.96666666666667,0.6391366720199585,0.07438129910112885
UBFC_PHYS_s09_T2_test,8,0,80.0,0.3453925848007202,-0.05817827397578244
UBFC_PHYS_s09_T2_test,8,1,80.03333333333333,0.11506304889917374,-0.9500017769924178
UBFC_PHYS_s09_T2_test,8,2,80.06666666666666,-0.06376145780086517,-1.7151394714251915
UBFC_PHYS_s09_T2_test,8,3,80.1,-0.1957045942544937,-2.2518948577254663
UBFC_PHYS_s09_T2_test,8,4,80.13333333333334,-0.3198154866695404,-2.5088299729670647
UBFC_PHYS_s09_T2_test,8,5,80.16666666666667,-0.5492553114891052,-2.492503800510367
UBFC_PHYS_s09_T2_test,8,6,80.2,-0.9565108418464661,-2.2509959976242895
UBFC_PHYS_s09_T2_test,8,7,80.23333333333333,-1.3367809057235718,-1.8529778930310594
UBFC_PHYS_s09_T2_test,8,8,80.26666666666667,-1.22652006149292,-1.3725206873810325
UBFC_PHYS_s09_T2_test,8,9,80.3,-0.48107001185417175,-0.8779425821949055
UBFC_PHYS_s09_T2_test,8,10,80.33333333333333,0.42255908250808716,-0.4240147118799547
UBFC_PHYS_s09_T2_test,8,11,80.36666666666666,0.9873351454734802,-0.04861291259000178
UBFC_PHYS_s09_T2_test,8,12,80.4,1.1513848304748535,0.2269634771092957
UBFC_PHYS_s09_T2_test,8,13,80.43333333333334,1.0535378456115723,0.3962863243410214
UBFC_PHYS_s09_T2_test,8,14,80.46666666666667,0.7805863618850708,0.4659708949044049
UBFC_PHYS_s09_T2_test,8,15,80.5,0.4497407376766205,0.4536762610768906
UBFC_PHYS_s09_T2_test,8,16,80.53333333333333,0.19624373316764832,0.38537721811716674
UBFC_PHYS_s09_T2_test,8,17,80.56666666666666,0.02966499514877796,0.29112926746847834
UBFC_PHYS_s09_T2_test,8,18,80.6,-0.10018347948789597,0.19942448298536358
UBFC_PHYS_s09_T2_test,8,19,80.63333333333334,-0.2162659764289856,0.13127425961954442
UBFC_PHYS_s09_T2_test,8,20,80.66666666666667,-0.36770567297935486,0.096149386773052
UBFC_PHYS_s09_T2_test,8,21,80.7,-0.6659543514251709,0.09247288594993577
UBFC_PHYS_s09_T2_test,8,22,80.73333333333333,-1.1018487215042114,0.11217819818359372
UBFC_PHYS_s09_T2_test,8,23,80.76666666666667,-1.3088496923446655,0.14578030823282576
UBFC_PHYS_s09_T2_test,8,24,80.8,-0.8639951348304749,0.18558035891734243
UBFC_PHYS_s09_T2_test,8,25,80.83333333333333,0.044572874903678894,0.22632036193334032
UBFC_PHYS_s09_T2_test,8,26,80.86666666666666,0.7981353998184204,0.2641757502398575
UBFC_PHYS_s09_T2_test,8,27,80.9,1.0856654644012451,0.29621993975288774
UBFC_PHYS_s09_T2_test,8,28,80.93333333333334,1.0461679697036743,0.3207041727178644
UBFC_PHYS_s09_T2_test,8,29,80.96666666666667,0.846186637878418,0.3366272004975658
UBFC_PHYS_s09_T2_test,8,30,81.0,0.5608142614364624,0.34248026180619956
UBFC_PHYS_s09_T2_test,8,31,81.03333333333333,0.29203808307647705,0.33553075817345523
UBFC_PHYS_s09_T2_test,8,32,81.06666666666666,0.09672943502664566,0.31233666518418063
UBFC_PHYS_s09_T2_test,8,33,81.1,-0.05861235037446022,0.2703228837263037
UBFC_PHYS_s09_T2_test,8,34,81.13333333333334,-0.20628303289413452,0.2095155160623172
UBFC_PHYS_s09_T2_test,8,35,81.16666666666667,-0.3684062063694,0.1330156074328757
UBFC_PHYS_s09_T2_test,8,36,81.2,-0.6260855793952942,0.04579113192268875
UBFC_PHYS_s09_T2_test,8,37,81.23333333333333,-1.0342518091201782,-0.047520177641088256
UBFC_PHYS_s09_T2_test,8,38,81.26666666666667,-1.3442769050598145,-0.14390898121711293
UBFC_PHYS_s09_T2_test,8,39,81.3,-1.0828214883804321,-0.23982705046512787
UBFC_PHYS_s09_T2_test,8,40,81.33333333333333,-0.2343543916940689,-0.32715972284486206
UBFC_PHYS_s09_T2_test,8,41,81.36666666666666,0.6381698846817017,-0.3927018631938889
UBFC_PHYS_s09_T2_test,8,42,81.4,1.084404468536377,-0.4223333145443404
UBFC_PHYS_s09_T2_test,8,43,81.43333333333334,1.1429431438446045,-0.4065611476889546
UBFC_PHYS_s09_T2_test,8,44,81.46666666666667,0.98077791929245,-0.3447363577202157
UBFC_PHYS_s09_T2_test,8,45,81.5,0.672413170337677,-0.24650456898060205
UBFC_PHYS_s09_T2_test,8,46,81.53333333333333,0.33531156182289124,-0.12977899284559913
UBFC_PHYS_s09_T2_test,8,47,81.56666666666666,0.09637214988470078,-0.015409700255850867
UBFC_PHYS_s09_T2_test,8,48,81.6,-0.043774526566267014,0.07914628219395557
UBFC_PHYS_s09_T2_test,8,49,81.63333333333334,-0.15655739605426788,0.143218669067486
UBFC_PHYS_s09_T2_test,8,50,81.66666666666667,-0.3001368045806885,0.17272792544975066
UBFC_PHYS_s09_T2_test,8,51,81.7,-0.5367223620414734,0.16908106321172078
UBFC_PHYS_s09_T2_test,8,52,81.73333333333333,-0.9121304750442505,0.1380902248254895
UBFC_PHYS_s09_T2_test,8,53,81.76666666666667,-1.241610050201416,0.08785071635790315
UBFC_PHYS_s09_T2_test,8,54,81.8,-1.086247205734253,0.025791701350529193
UBFC_PHYS_s09_T2_test,8,55,81.83333333333333,-0.3378969132900238,-0.04356918620299518
UBFC_PHYS_s09_T2_test,8,56,81.86666666666666,0.5297234654426575,-0.11835534693485271
UBFC_PHYS_s09_T2_test,8,57,81.9,1.0376001596450806,-0.1949475186731502
UBFC_PHYS_s09_T2_test,8,58,81.93333333333334,1.1602469682693481,-0.26258646757267523
UBFC_PHYS_s09_T2_test,8,59,81.96666666666667,1.0531805753707886,-0.30396927256091094
UBFC_PHYS_s09_T2_test,8,60,82.0,0.7957814931869507,-0.3023156070048643
UBFC_PHYS_s09_T2_test,8,61,82.03333333333333,0.48567238450050354,-0.24867293125084888
UBFC_PHYS_s09_T2_test,8,62,82.06666666666666,0.22521883249282837,-0.14517348198167682
UBFC_PHYS_s09_T2_test,8,63,82.1,0.02444583736360073,-0.0029546506884221904
UBFC_PHYS_s09_T2_test,8,64,82.13333333333334,-0.13967394828796387,0.16297392677991812
UBFC_PHYS_s09_T2_test,8,65,82.16666666666667,-0.29204535484313965,0.33671469795603304
UBFC_PHYS_s09_T2_test,8,66,82.2,-0.5014772415161133,0.5015046253484131
UBFC_PHYS_s09_T2_test,8,67,82.23333333333333,-0.8567023277282715,0.640475932259431
UBFC_PHYS_s09_T2_test,8,68,82.26666666666667,-1.2795943021774292,0.7390316243356523
UBFC_PHYS_s09_T2_test,8,69,82.3,-1.3770560026168823,0.7865751750693551
UBFC_PHYS_s09_T2_test,8,70,82.33333333333333,-0.8405124545097351,0.776865219636611
UBFC_PHYS_s09_T2_test,8,71,82.36666666666666,0.07475993037223816,0.7079681467450655
UBFC_PHYS_s09_T2_test,8,72,82.4,0.8034526109695435,0.582309968594603
UBFC_PHYS_s09_T2_test,8,73,82.43333333333334,1.0989550352096558,0.40670181051005294
UBFC_PHYS_s09_T2_test,8,74,82.46666666666667,1.0717453956604004,0.19227996030831815
UBFC_PHYS_s09_T2_test,8,75,82.5,0.8521063923835754,-0.04561571695413005
UBFC_PHYS_s09_T2_test,8,76,82.53333333333333,0.5460885167121887,-0.2876519979855412
UBFC_PHYS_s09_T2_test,8,77,82.56666666666666,0.2789096236228943,-0.5108794414538701
UBFC_PHYS_s09_T2_test,8,78,82.6,0.0789632797241211,-0.6903840814235505
UBFC_PHYS_s09_T2_test,8,79,82.63333333333334,-0.08465210348367691,-0.8039845758614986
UBFC_PHYS_s09_T2_test,8,80,82.66666666666667,-0.20815351605415344,-0.8385559781113519
UBFC_PHYS_s09_T2_test,8,81,82.7,-0.31568920612335205,-0.7936182820525722
UBFC_PHYS_s09_T2_test,8,82,82.73333333333333,-0.5246727466583252,-0.6808124329242494
UBFC_PHYS_s09_T2_test,8,83,82.76666666666667,-0.9216931462287903,-0.5211484482430793
UBFC_PHYS_s09_T2_test,8,84,82.8,-1.2855911254882812,-0.3414826836795968
UBFC_PHYS_s09_T2_test,8,85,82.83333333333333,-1.1435039043426514,-0.17089934549562788
UBFC_PHYS_s09_T2_test,8,86,82.86666666666666,-0.3599714934825897,-0.036582682035260425
UBFC_PHYS_s09_T2_test,8,87,82.9,0.5698724985122681,0.042018824436712975
UBFC_PHYS_s09_T2_test,8,88,82.93333333333334,1.1024929285049438,0.059431184711799825
UBFC_PHYS_s09_T2_test,8,89,82.96666666666667,1.1876246929168701,0.02713532990282885
UBFC_PHYS_s09_T2_test,8,90,83.0,1.0192946195602417,-0.029099715393673196
UBFC_PHYS_s09_T2_test,8,91,83.03333333333333,0.7086040377616882,-0.07800602634405167
UBFC_PHYS_s09_T2_test,8,92,83.06666666666666,0.3759019076824188,-0.09438630843382148
UBFC_PHYS_s09_T2_test,8,93,83.1,0.14100472629070282,-0.06697048350930317
UBFC_PHYS_s09_T2_test,8,94,83.13333333333334,0.0047251214273273945,0.0003847477591525008
UBFC_PHYS_s09_T2_test,8,95,83.16666666666667,-0.09876134246587753,0.09296378263662593
UBFC_PHYS_s09_T2_test,8,96,83.2,-0.20135809481143951,0.19201924004661725
UBFC_PHYS_s09_T2_test,8,97,83.23333333333333,-0.35183101892471313,0.2802711858458729
UBFC_PHYS_s09_T2_test,8,98,83.26666666666667,-0.6679158806800842,0.34451641844700215
UBFC_PHYS_s09_T2_test,8,99,83.3,-1.1094707250595093,0.3763504704469531
UBFC_PHYS_s09_T2_test,8,100,83.33333333333333,-1.2544373273849487,0.37195796877781295
UBFC_PHYS_s09_T2_test,8,101,83.36666666666666,-0.7176485061645508,0.331538051711295
UBFC_PHYS_s09_T2_test,8,102,83.4,0.23602144420146942,0.2588186583488801
UBFC_PHYS_s09_T2_test,8,103,83.43333333333334,0.9479707479476929,0.16088800975793613
UBFC_PHYS_s09_T2_test,8,104,83.46666666666667,1.1552659273147583,0.04837242063217065
UBFC_PHYS_s09_T2_test,8,105,83.5,1.0478774309158325,-0.0642159386615036
UBFC_PHYS_s09_T2_test,8,106,83.53333333333333,0.787283718585968,-0.1588992842121177
UBFC_PHYS_s09_T2_test,8,107,83.56666666666666,0.4535447657108307,-0.2168437373160364
UBFC_PHYS_s09_T2_test,8,108,83.6,0.16284112632274628,-0.22311939981419138
UBFC_PHYS_s09_T2_test,8,109,83.63333333333334,-0.029581217095255852,-0.17200474110392713
UBFC_PHYS_s09_T2_test,8,110,83.66666666666667,-0.16303756833076477,-0.07083746962293946
UBFC_PHYS_s09_T2_test,8,111,83.7,-0.2784895598888397,0.05958533229155789
UBFC_PHYS_s09_T2_test,8,112,83.73333333333333,-0.4176134467124939,0.18872327840136596
UBFC_PHYS_s09_T2_test,8,113,83.76666666666667,-0.6754679083824158,0.28327081588229175
UBFC_PHYS_s09_T2_test,8,114,83.8,-1.074835181236267,0.3159190219639877
UBFC_PHYS_s09_T2_test,8,115,83.83333333333333,-1.3166468143463135,0.27394601152041465
UBFC_PHYS_s09_T2_test,8,116,83.86666666666666,-0.9739197492599487,0.16459726140357944
UBFC_PHYS_s09_T2_test,8,117,83.9,-0.0978926494717598,0.013708875314515694
UBFC_PHYS_s09_T2_test,8,118,83.93333333333334,0.7302653193473816,-0.1422209124573049
UBFC_PHYS_s09_T2_test,8,119,83.96666666666667,1.1008045673370361,-0.2665562160010557
UBFC_PHYS_s09_T2_test,8,120,84.0,1.0955854654312134,-0.3322338912732888
UBFC_PHYS_s09_T2_test,8,121,84.03333333333333,0.899961531162262,-0.3283994298090058
UBFC_PHYS_s09_T2_test,8,122,84.06666666666666,0.6021682024002075,-0.26157809863487314
UBFC_PHYS_s09_T2_test,8,123,84.1,0.2948683202266693,-0.14933131785879455
UBFC_PHYS_s09_T2_test,8,124,84.13333333333334,0.05189370736479759,-0.010189592084669274
UBFC_PHYS_s09_T2_test,8,125,84.16666666666667,-0.1305316686630249,0.1414278913937979
UBFC_PHYS_s09_T2_test,8,126,84.2,-0.2691161036491394,0.2933543956089358
UBFC_PHYS_s09_T2_test,8,127,84.23333333333333,-0.37993040680885315,0.432078210798148
UBFC_PHYS_s09_T2_test,8,128,84.26666666666667,-0.5465371608734131,0.5410923927381525
UBFC_PHYS_s09_T2_test,8,129,84.3,-0.8782024383544922,0.6023464760799038
UBFC_PHYS_s09_T2_test,8,130,84.33333333333333,-1.2421075105667114,0.6002675169256894
UBFC_PHYS_s09_T2_test,8,131,84.36666666666666,-1.2040531635284424,0.5262551614701868
UBFC_PHYS_s09_T2_test,8,132,84.4,-0.5328132510185242,0.38209241226057183
UBFC_PHYS_s09_T2_test,8,133,84.43333333333334,0.3807707726955414,0.18154338151252172
UBFC_PHYS_s09_T2_test,8,134,84.46666666666667,0.9730017185211182,-0.05147877471129779
UBFC_PHYS_s09_T2_test,8,135,84.5,1.1287918090820312,-0.2902258180687168
UBFC_PHYS_s09_T2_test,8,136,84.53333333333333,1.0334389209747314,-0.5141679883943536
UBFC_PHYS_s09_T2_test,8,137,84.56666666666666,0.8020164966583252,-0.711128410379267
UBFC_PHYS_s09_T2_test,8,138,84.6,0.499613493680954,-0.8717537356590752
UBFC_PHYS_s09_T2_test,8,139,84.63333333333334,0.22592639923095703,-0.9836509245504741
UBFC_PHYS_s09_T2_test,8,140,84.66666666666667,0.02565780282020569,-1.0306352822352471
UBFC_PHYS_s09_T2_test,8,141,84.7,-0.1199602410197258,-0.999163833632901
UBFC_PHYS_s09_T2_test,8,142,84.73333333333333,-0.23831255733966827,-0.8875594323655575
UBFC_PHYS_s09_T2_test,8,143,84.76666666666667,-0.3861863911151886,-0.7083010093879811
UBFC_PHYS_s09_T2_test,8,144,84.8,-0.669148862361908,-0.48209932323616067
UBFC_PHYS_s09_T2_test,8,145,84.83333333333333,-1.0805237293243408,-0.23122466755016316
UBFC_PHYS_s09_T2_test,8,146,84.86666666666666,-1.3048003911972046,0.023624917286650185
UBFC_PHYS_s09_T2_test,8,147,84.9,-0.9427449107170105,0.26289976932949116
UBFC_PHYS_s09_T2_test,8,148,84.93333333333334,-0.07663771510124207,0.46683657240538873
UBFC_PHYS_s09_T2_test,8,149,84.96666666666667,0.7368155121803284,0.6175800245658215
UBFC_PHYS_s09_T2_test,8,150,85.0,1.1256393194198608,0.7043598232665265
UBFC_PHYS_s09_T2_test,8,151,85.03333333333333,1.1560295820236206,0.7264963705512565
UBFC_PHYS_s09_T2_test,8,152,85.06666666666666,0.9940674901008606,0.6927418889635755
UBFC_PHYS_s09_T2_test,8,153,85.1,0.707132875919342,0.6195415140543977
UBFC_PHYS_s09_T2_test,8,154,85.13333333333334,0.3934859037399292,0.528888166487462
UBFC_PHYS_s09_T2_test,8,155,85.16666666666667,0.14426231384277344,0.4443886673292734
UBFC_PHYS_s09_T2_test,8,156,85.2,-0.036166463047266006,0.38524271588614034
UBFC_PHYS_s09_T2_test,8,157,85.23333333333333,-0.17284537851810455,0.35921073859114777
UBFC_PHYS_s09_T2_test,8,158,85.26666666666667,-0.29095950722694397,0.3579719447012382
UBFC_PHYS_s09_T2_test,8,159,85.3,-0.485399454832077,0.35982546207087324
UBFC_PHYS_s09_T2_test,8,160,85.33333333333333,-0.8530173897743225,0.3389789603066787
UBFC_PHYS_s09_T2_test,8,161,85.36666666666666,-1.2391160726547241,0.2750757561622568
UBFC_PHYS_s09_T2_test,8,162,85.4,-1.214050054550171,0.15924414729326886
UBFC_PHYS_s09_T2_test,8,163,85.43333333333334,-0.5642893314361572,-0.003664223534874802
UBFC_PHYS_s09_T2_test,8,164,85.46666666666667,0.3355497419834137,-0.1962758637789177
UBFC_PHYS_s09_T2_test,8,165,85.5,0.9421631693840027,-0.3924981515352763
UBFC_PHYS_s09_T2_test,8,166,85.53333333333333,1.1109906435012817,-0.5627581548978386
UBFC_PHYS_s09_T2_test,8,167,85.56666666666666,1.012961506843567,-0.6793857897927585
UBFC_PHYS_s09_T2_test,8,168,85.6,0.7615452408790588,-0.7212815426595353
UBFC_PHYS_s09_T2_test,8,169,85.63333333333334,0.46341565251350403,-0.6774686562425727
UBFC_PHYS_s09_T2_test,8,170,85.66666666666667,0.22643780708312988,-0.5492216395563642
UBFC_PHYS_s09_T2_test,8,171,85.7,0.057189930230379105,-0.35048936974065004
UBFC_PHYS_s09_T2_test,8,172,85.73333333333333,-0.08870833367109299,-0.10643516982281809
UBFC_PHYS_s09_T2_test,8,173,85.76666666666667,-0.2133096307516098,0.1499454555610616
UBFC_PHYS_s09_T2_test,8,174,85.8,-0.3467940092086792,0.3828376882678555
UBFC_PHYS_s09_T2_test,8,175,85.83333333333333,-0.5987147688865662,0.5595724381021085
UBFC_PHYS_s09_T2_test,8,176,85.86666666666666,-0.9843580722808838,0.656625077704658
UBFC_PHYS_s09_T2_test,8,177,85.9,-1.200431227684021,0.664513446280836
UBFC_PHYS_s09_T2_test,8,178,85.93333333333334,-0.8309778571128845,0.5896225827616067
UBFC_PHYS_s09_T2_test,8,179,85.96666666666667,0.06687164306640625,0.4505672545010938
UBFC_PHYS_s09_T2_test,8,180,86.0,0.9135803580284119,0.27100604795913674
UBFC_PHYS_s09_T2_test,8,181,86.03333333333333,1.286123275756836,0.07467641346420455
UBFC_PHYS_s09_T2_test,8,182,86.06666666666666,1.2918328046798706,-0.11604235111152494
UBFC_PHYS_s09_T2_test,8,183,86.1,1.1137018203735352,-0.2813874320320432
UBFC_PHYS_s09_T2_test,8,184,86.13333333333334,0.8454791307449341,-0.4066396262601647
UBFC_PHYS_s09_T2_test,8,185,86.16666666666667,0.6045641303062439,-0.4845736080676576
UBFC_PHYS_s09_T2_test,8,186,86.2,0.47195544838905334,-0.5164496605195456
UBFC_PHYS_s09_T2_test,8,187,86.23333333333333,0.41486695408821106,-0.5101112202941026
UBFC_PHYS_s09_T2_test,8,188,86.26666666666667,0.3835029602050781,-0.4758970156330038
UBFC_PHYS_s09_T2_test,8,189,86.3,0.3507518768310547,-0.42308761031424325
UBFC_PHYS_s09_T2_test,8,190,86.33333333333333,0.2323925495147705,-0.35814972112432386
UBFC_PHYS_s09_T2_test,8,191,86.36666666666666,-0.03759560361504555,-0.2843456895315492
UBFC_PHYS_s09_T2_test,8,192,86.4,-0.24252991378307343,-0.20244588273140351
UBFC_PHYS_s09_T2_test,8,193,86.43333333333334,0.031458426266908646,-0.11255244079521506
UBFC_PHYS_s09_T2_test,8,194,86.46666666666667,0.7933645844459534,-0.016488922356336304
UBFC_PHYS_s09_T2_test,8,195,86.5,1.4863917827606201,0.08026557551465555
UBFC_PHYS_s09_T2_test,8,196,86.53333333333333,1.6628694534301758,0.16809447050365262
UBFC_PHYS_s09_T2_test,8,197,86.56666666666666,1.430137038230896,0.23496294998022704
UBFC_PHYS_s09_T2_test,8,198,86.6,0.9853525757789612,0.26961744907778723
UBFC_PHYS_s09_T2_test,8,199,86.63333333333334,0.4284157454967499,0.2642335484675358
UBFC_PHYS_s09_T2_test,8,200,86.66666666666667,-0.12187976390123367,0.2160713263760367
UBFC_PHYS_s09_T2_test,8,201,86.7,-0.5906723141670227,0.12930174689111062
UBFC_PHYS_s09_T2_test,8,202,86.73333333333333,-1.0071401596069336,0.0165644408808316
UBFC_PHYS_s09_T2_test,8,203,86.76666666666667,-1.3826674222946167,-0.10173945460252586
UBFC_PHYS_s09_T2_test,8,204,86.8,-1.6895750761032104,-0.2010862442298564
UBFC_PHYS_s09_T2_test,8,205,86.83333333333333,-1.9599344730377197,-0.2584935630562594
UBFC_PHYS_s09_T2_test,8,206,86.86666666666666,-2.2673113346099854,-0.25834814628551866
UBFC_PHYS_s09_T2_test,8,207,86.9,-2.6377036571502686,-0.19592528517845686
UBFC_PHYS_s09_T2_test,8,208,86.93333333333334,-3.0312912464141846,-0.07780191056564768
UBFC_PHYS_s09_T2_test,8,209,86.96666666666667,-3.393563985824585,0.07986750323313133
UBFC_PHYS_s09_T2_test,8,210,87.0,-3.6768977642059326,0.2542712489346741
UBFC_PHYS_s09_T2_test,8,211,87.03333333333333,-3.7931833267211914,0.419372498315914
UBFC_PHYS_s09_T2_test,8,212,87.06666666666666,-3.6287972927093506,0.5497479179529476
UBFC_PHYS_s09_T2_test,8,213,87.1,-3.157910108566284,0.6251813119077674
UBFC_PHYS_s09_T2_test,8,214,87.13333333333334,-2.5291731357574463,0.635050658922386
UBFC_PHYS_s09_T2_test,8,215,87.16666666666667,-1.9398634433746338,0.5803382990106801
UBFC_PHYS_s09_T2_test,8,216,87.2,-1.4667134284973145,0.4726270733580865
UBFC_PHYS_s09_T2_test,8,217,87.23333333333333,-1.0833820104599,0.33109488208696986
UBFC_PHYS_s09_T2_test,8,218,87.26666666666667,-0.7646700143814087,0.17845633802877514
UBFC_PHYS_s09_T2_test,8,219,87.3,-0.5055124759674072,0.03657039868464393
UBFC_PHYS_s09_T2_test,8,220,87.33333333333333,-0.31113559007644653,-0.07780776738784538
UBFC_PHYS_s09_T2_test,8,221,87.36666666666666,-0.2089381366968155,-0.15683751855373584
UBFC_PHYS_s09_T2_test,8,222,87.4,-0.21833963692188263,-0.2033690432950336
UBFC_PHYS_s09_T2_test,8,223,87.43333333333334,-0.3125016689300537,-0.2281299007087961
UBFC_PHYS_s09_T2_test,8,224,87.46666666666667,-0.4341185986995697,-0.2435404100896871
UBFC_PHYS_s09_T2_test,8,225,87.5,-0.5401480793952942,-0.25889477063259214
UBFC_PHYS_s09_T2_test,8,226,87.53333333333333,-0.61724454164505,-0.27852989377198645
UBFC_PHYS_s09_T2_test,8,227,87.56666666666666,-0.6663536429405212,-0.3011972290310792
UBFC_PHYS_s09_T2_test,8,228,87.6,-0.6954197883605957,-0.3205641134147389
UBFC_PHYS_s09_T2_test,8,229,87.63333333333334,-0.7417057156562805,-0.3285344191851699
UBFC_PHYS_s09_T2_test,8,230,87.66666666666667,-0.8746646642684937,-0.32022449163654354
UBFC_PHYS_s09_T2_test,8,231,87.7,-1.1434968709945679,-0.2967865248935544
UBFC_PHYS_s09_T2_test,8,232,87.73333333333333,-1.5147366523742676,-0.2648183320690731
UBFC_PHYS_s09_T2_test,8,233,87.76666666666667,-1.8900468349456787,-0.2339152902074765
UBFC_PHYS_s09_T2_test,8,234,87.8,-2.190004825592041,-0.21371151821731443
UBFC_PHYS_s09_T2_test,8,235,87.83333333333333,-2.377957582473755,-0.21122383886137208
UBFC_PHYS_s09_T2_test,8,236,87.86666666666666,-2.3929636478424072,-0.22862145583058022
UBFC_PHYS_s09_T2_test,8,237,87.9,-2.1585006713867188,-0.2609503746764578
UBFC_PHYS_s09_T2_test,8,238,87.93333333333334,-1.672810673713684,-0.29421954914943765
UBFC_PHYS_s09_T2_test,8,239,87.96666666666667,-1.0129128694534302,-0.3051267334016948
UBFC_PHYS_s09_T2_test,8,240,88.0,-0.23330356180667877,-0.26477462793941076
UBFC_PHYS_s09_T2_test,8,241,88.03333333333333,0.6716706156730652,-0.14904892932434774
UBFC_PHYS_s09_T2_test,8,242,88.06666666666666,1.722472906112671,0.048518587552155816
UBFC_PHYS_s09_T2_test,8,243,88.1,2.907376289367676,0.3115649081180055
UBFC_PHYS_s09_T2_test,8,244,88.13333333333334,3.987973213195801,0.605297200644177
UBFC_PHYS_s09_T2_test,8,245,88.16666666666667,4.514695167541504,0.8837771321089446
UBFC_PHYS_s09_T2_test,8,246,88.2,4.328823089599609,1.096968858540448
UBFC_PHYS_s09_T2_test,8,247,88.23333333333333,3.7855188846588135,1.1987057077362022
UBFC_PHYS_s09_T2_test,8,248,88.26666666666667,3.2311322689056396,1.1558849856725877
UBFC_PHYS_s09_T2_test,8,249,88.3,2.685523509979248,0.9578733997218293
UBFC_PHYS_s09_T2_test,8,250,88.33333333333333,2.135739326477051,0.6227134424866506
UBFC_PHYS_s09_T2_test,8,251,88.36666666666666,1.5646792650222778,0.19499424253223602
UBFC_PHYS_s09_T2_test,8,252,88.4,0.9187504649162292,-0.2647918669610795
UBFC_PHYS_s09_T2_test,8,253,88.43333333333334,0.45229077339172363,-0.6944715838901354
UBFC_PHYS_s09_T2_test,8,254,88.46666666666667,0.592297375202179,-1.0423896262715773
UBFC_PHYS_s09_T2_test,8,255,88.5,1.2342959642410278,-1.272484133444253
UBFC_PHYS_s09_T2_test,8,256,88.53333333333333,1.760681390762329,-1.3631284800993333
UBFC_PHYS_s09_T2_test,8,257,88.56666666666666,1.8591238260269165,-1.3061107866009378
UBFC_PHYS_s09_T2_test,8,258,88.6,1.65984308719635,-1.1080993539350734
UBFC_PHYS_s09_T2_test,8,259,88.63333333333334,1.3365634679794312,-0.7922210090390116
UBFC_PHYS_s09_T2_test,8,260,88.66666666666667,1.0197149515151978,-0.3971824081933258
UBFC_PHYS_s09_T2_test,8,261,88.7,0.8085596561431885,0.028066827464714984
UBFC_PHYS_s09_T2_test,8,262,88.73333333333333,0.6473822593688965,0.43264632490494354
UBFC_PHYS_s09_T2_test,8,263,88.76666666666667,0.3981166183948517,0.7703227253942526
UBFC_PHYS_s09_T2_test,8,264,88.8,0.06650035083293915,1.0036435716520329
UBFC_PHYS_s09_T2_test,8,265,88.83333333333333,-0.296458899974823,1.1088608487880025
UBFC_PHYS_s09_T2_test,8,266,88.86666666666666,-0.7667436599731445,1.0813579357093894
UBFC_PHYS_s09_T2_test,8,267,88.9,-1.2869782447814941,0.9376455631220018
UBFC_PHYS_s09_T2_test,8,268,88.93333333333334,-1.4650180339813232,0.7117120810391917
UBFC_PHYS_s09_T2_test,8,269,88.96666666666667,-1.0284231901168823,0.4458711248108014
UBFC_PHYS_s09_T2_test,8,270,89.0,-0.2915199398994446,0.17939048578101424
UBFC_PHYS_s09_T2_test,8,271,89.03333333333333,0.18690529465675354,-0.059311044162454155
UBFC_PHYS_s09_T2_test,8,272,89.06666666666666,0.31484124064445496,-0.254258240455748
UBFC_PHYS_s09_T2_test,8,273,89.1,0.3470529019832611,-0.398317202311267
UBFC_PHYS_s09_T2_test,8,274,89.13333333333334,0.3452034294605255,-0.4877931828464916
UBFC_PHYS_s09_T2_test,8,275,89.16666666666667,0.1258726567029953,-0.5200974460456774
UBFC_PHYS_s09_T2_test,8,276,89.2,-0.31104451417922974,-0.49526034504184574
UBFC_PHYS_s09_T2_test,8,277,89.23333333333333,-0.6219663023948669,-0.4178532546349807
UBFC_PHYS_s09_T2_test,8,278,89.26666666666667,-0.39567193388938904,-0.29743287428335863
UBFC_PHYS_s09_T2_test,8,279,89.3,0.381100058555603,-0.14769630696639224
UBFC_PHYS_s09_T2_test,8,280,89.33333333333333,1.00178062915802,0.014925372626096554
UBFC_PHYS_s09_T2_test,8,281,89.36666666666666,0.7771396636962891,0.17218251915052096
UBFC_PHYS_s09_T2_test,8,282,89.4,0.28110235929489136,0.3046200177874611
UBFC_PHYS_s09_T2_test,8,283,89.43333333333334,0.788740873336792,0.3932293622962729
UBFC_PHYS_s09_T2_test,8,284,89.46666666666667,2.3794145584106445,0.42256955763825765
UBFC_PHYS_s09_T2_test,8,285,89.5,3.947453022003174,0.3846671261599162
UBFC_PHYS_s09_T2_test,8,286,89.53333333333333,4.74835205078125,0.28224592436217427
UBFC_PHYS_s09_T2_test,8,287,89.56666666666666,4.778644561767578,0.12936752166510432
UBFC_PHYS_s09_T2_test,8,288,89.6,4.1599955558776855,-0.05124465832823162
UBFC_PHYS_s09_T2_test,8,289,89.63333333333334,3.2337591648101807,-0.2335276890397895
UBFC_PHYS_s09_T2_test,8,290,89.66666666666667,2.444159984588623,-0.39408267443310163
UBFC_PHYS_s09_T2_test,8,291,89.7,1.9002536535263062,-0.5159918037003963
UBFC_PHYS_s09_T2_test,8,292,89.73333333333333,1.4594413042068481,-0.5897454737096121
UBFC_PHYS_s09_T2_test,8,293,89.76666666666667,1.0869125127792358,-0.6127951762521769
UBFC_PHYS_s09_T2_test,8,294,89.8,0.7967692613601685,-0.5886129858267934
UBFC_PHYS_s09_T2_test,8,295,89.83333333333333,0.4757314622402191,-0.5252470625528444
UBFC_PHYS_s09_T2_test,8,296,89.86666666666666,0.08224189281463623,-0.43343178232952956
UBFC_PHYS_s09_T2_test,8,297,89.9,-0.17838679254055023,-0.32443783010922944
UBFC_PHYS_s09_T2_test,8,298,89.93333333333334,-0.10898248851299286,-0.2080039052700215
UBFC_PHYS_s09_T2_test,8,299,89.96666666666667,0.18003281950950623,-0.09083925642557711
UBFC_PHYS_s09_T2_test,9,0,90.0,0.4106495976448059,-0.06683829216775566
UBFC_PHYS_s09_T2_test,9,1,90.03333333333333,0.43544235825538635,-1.1922266819119756
UBFC_PHYS_s09_T2_test,9,2,90.06666666666666,0.2918209135532379,-2.1814339919526526
UBFC_PHYS_s09_T2_test,9,3,90.1,0.06696271896362305,-2.9184496777095146
UBFC_PHYS_s09_T2_test,9,4,90.13333333333334,-0.1561020314693451,-3.333531292258563
UBFC_PHYS_s09_T2_test,9,5,90.16666666666667,-0.3500515818595886,-3.4152479847263817
UBFC_PHYS_s09_T2_test,9,6,90.2,-0.5284207463264465,-3.2009755725460254
UBFC_PHYS_s09_T2_test,9,7,90.23333333333333,-0.6684903502464294,-2.7580031842265087
UBFC_PHYS_s09_T2_test,9,8,90.26666666666667,-0.7310852408409119,-2.164815083498406
UBFC_PHYS_s09_T2_test,9,9,90.3,-0.7497481107711792,-1.4973092427884005
UBFC_PHYS_s09_T2_test,9,10,90.33333333333333,-0.7926642894744873,-0.8213609864715679
UBFC_PHYS_s09_T2_test,9,11,90.36666666666666,-0.8526951670646667,-0.18997602371628536
UBFC_PHYS_s09_T2_test,9,12,90.4,-0.8392794728279114,0.35688767509138286
UBFC_PHYS_s09_T2_test,9,13,90.43333333333334,-0.6852126717567444,0.7912097892554906
UBFC_PHYS_s09_T2_test,9,14,90.46666666666667,-0.44242721796035767,1.0954905564511184
UBFC_PHYS_s09_T2_test,9,15,90.5,-0.23393405973911285,1.2614023330918556
UBFC_PHYS_s09_T2_test,9,16,90.53333333333333,-0.1251583844423294,1.288981358123015
UBFC_PHYS_s09_T2_test,9,17,90.56666666666666,-0.09750734269618988,1.1868668771046567
UBFC_PHYS_s09_T2_test,9,18,90.6,-0.12315478175878525,0.9740146353018959
UBFC_PHYS_s09_T2_test,9,19,90.63333333333334,-0.15664146840572357,0.6830645510672049
UBFC_PHYS_s09_T2_test,9,20,90.66666666666667,-0.15456080436706543,0.36182483499381224
UBFC_PHYS_s09_T2_test,9,21,90.7,-0.13233910501003265,0.06657908062297241
UBFC_PHYS_s09_T2_test,9,22,90.73333333333333,-0.1257118284702301,-0.15202562741245174
UBFC_PHYS_s09_T2_test,9,23,90.76666666666667,-0.12845100462436676,-0.26265157437406694
UBFC_PHYS_s09_T2_test,9,24,90.8,-0.13116216659545898,-0.26017447948347644
UBFC_PHYS_s09_T2_test,9,25,90.83333333333333,-0.1511981338262558,-0.16244938695069638
UBFC_PHYS_s09_T2_test,9,26,90.86666666666666,-0.1853223294019699,-3.437087167085587e-05
UBFC_PHYS_s09_T2_test,9,27,90.9,-0.20001302659511566,0.19241796914945944
UBFC_PHYS_s09_T2_test,9,28,90.93333333333334,-0.17495405673980713,0.3799639109449269
UBFC_PHYS_s09_T2_test,9,29,90.96666666666667,-0.12331591546535492,0.5294171981036693
UBFC_PHYS_s09_T2_test,9,30,91.0,-0.07105426490306854,0.6121392157217634
UBFC_PHYS_s09_T2_test,9,31,91.03333333333333,-0.038121022284030914,0.6086131338446837
UBFC_PHYS_s09_T2_test,9,32,91.06666666666666,-0.03454116731882095,0.5147067333368329
UBFC_PHYS_s09_T2_test,9,33,91.1,-0.05602728947997093,0.3482075343477936
UBFC_PHYS_s09_T2_test,9,34,91.13333333333334,-0.08470814675092697,0.14974087218188145
UBFC_PHYS_s09_T2_test,9,35,91.16666666666667,-0.10506636649370193,-0.030673131709950337
UBFC_PHYS_s09_T2_test,9,36,91.2,-0.1136552169919014,-0.15550582934406532
UBFC_PHYS_s09_T2_test,9,37,91.23333333333333,-0.11728410422801971,-0.21075919889014436
UBFC_PHYS_s09_T2_test,9,38,91.26666666666667,-0.12633532285690308,-0.20237330223353364
UBFC_PHYS_s09_T2_test,9,39,91.3,-0.14570575952529907,-0.1504244870093405
UBFC_PHYS_s09_T2_test,9,40,91.33333333333333,-0.1635279506444931,-0.08632367630441765
UBFC_PHYS_s09_T2_test,9,41,91.36666666666666,-0.16150334477424622,-0.049573266039575986
UBFC_PHYS_s09_T2_test,9,42,91.4,-0.13837091624736786,-0.07976240697613668
UBFC_PHYS_s09_T2_test,9,43,91.43333333333334,-0.10961999744176865,-0.20019379263496928
UBFC_PHYS_s09_T2_test,9,44,91.46666666666667,-0.09034063667058945,-0.4000035354273378
UBFC_PHYS_s09_T2_test,9,45,91.5,-0.08744733035564423,-0.6306657340659606
UBFC_PHYS_s09_T2_test,9,46,91.53333333333333,-0.0965966209769249,-0.8220699349552142
UBFC_PHYS_s09_T2_test,9,47,91.56666666666666,-0.10852712392807007,-0.9111227393703095
UBFC_PHYS_s09_T2_test,9,48,91.6,-0.11897245049476624,-0.868503380885583
UBFC_PHYS_s09_T2_test,9,49,91.63333333333334,-0.12565577030181885,-0.7051981379087927
UBFC_PHYS_s09_T2_test,9,50,91.66666666666667,-0.1283949613571167,-0.4583300796852179
UBFC_PHYS_s09_T2_test,9,51,91.7,-0.13288553059101105,-0.17352784954730244
UBFC_PHYS_s09_T2_test,9,52,91.73333333333333,-0.1411871463060379,0.10659203055801135
UBFC_PHYS_s09_T2_test,9,53,91.76666666666667,-0.14464090764522552,0.3481968709008782
UBFC_PHYS_s09_T2_test,9,54,91.8,-0.13458789885044098,0.5281512342174401
UBFC_PHYS_s09_T2_test,9,55,91.83333333333333,-0.11508435010910034,0.6345769332089783
UBFC_PHYS_s09_T2_test,9,56,91.86666666666666,-0.09204299002885818,0.6670252275554175
UBFC_PHYS_s09_T2_test,9,57,91.9,-0.06353026628494263,0.6353671966293973
UBFC_PHYS_s09_T2_test,9,58,91.93333333333334,-0.031549785286188126,0.5577933372700256
UBFC_PHYS_s09_T2_test,9,59,91.96666666666667,-0.0071493410505354404,0.4595281221789954
UBFC_PHYS_s09_T2_test,9,60,92.0,0.0007179282256402075,0.370624782208627
UBFC_PHYS_s09_T2_test,9,61,92.03333333333333,-0.011219584383070469,0.31855737580870935
UBFC_PHYS_s09_T2_test,9,62,92.06666666666666,-0.036026351153850555,0.31754954755681997
UBFC_PHYS_s09_T2_test,9,63,92.1,-0.05745643004775047,0.3625228720734309
UBFC_PHYS_s09_T2_test,9,64,92.13333333333334,-0.06523963063955307,0.43108472751968563
UBFC_PHYS_s09_T2_test,9,65,92.16666666666667,-0.062472425401210785,0.49168369332957995
UBFC_PHYS_s09_T2_test,9,66,92.2,-0.06008352339267731,0.5131499222868506
UBFC_PHYS_s09_T2_test,9,67,92.23333333333333,-0.0705498605966568,0.4691119867448096
UBFC_PHYS_s09_T2_test,9,68,92.26666666666667,-0.09861423075199127,0.33866101862983655
UBFC_PHYS_s09_T2_test,9,69,92.3,-0.1316455453634262,0.1118503748921028
UBFC_PHYS_s09_T2_test,9,70,92.33333333333333,-0.1529495269060135,-0.2001611137404051
UBFC_PHYS_s09_T2_test,9,71,92.36666666666666,-0.1566554754972458,-0.5595087574145741
UBFC_PHYS_s09_T2_test,9,72,92.4,-0.14892131090164185,-0.9066172580220297
UBFC_PHYS_s09_T2_test,9,73,92.43333333333334,-0.13929565250873566,-1.1770051389262683
UBFC_PHYS_s09_T2_test,9,74,92.46666666666667,-0.1324722021818161,-1.3221603856203825
UBFC_PHYS_s09_T2_test,9,75,92.5,-0.1305316686630249,-1.319538017045541
UBFC_PHYS_s09_T2_test,9,76,92.53333333333333,-0.13690674304962158,-1.169631289497245
UBFC_PHYS_s09_T2_test,9,77,92.56666666666666,-0.14807364344596863,-0.8911638543073942
UBFC_PHYS_s09_T2_test,9,78,92.6,-0.15226298570632935,-0.5184115244404989
UBFC_PHYS_s09_T2_test,9,79,92.63333333333334,-0.1405286341905594,-0.09654908795509613
UBFC_PHYS_s09_T2_test,9,80,92.66666666666667,-0.11841200292110443,0.3249978435149615
UBFC_PHYS_s09_T2_test,9,81,92.7,-0.10268446803092957,0.6969108153864445
UBFC_PHYS_s09_T2_test,9,82,92.73333333333333,-0.10405056178569794,0.9721072513128977
UBFC_PHYS_s09_T2_test,9,83,92.76666666666667,-0.1146710216999054,1.1098574849308833
UBFC_PHYS_s09_T2_test,9,84,92.8,-0.11769042909145355,1.083481087349206
UBFC_PHYS_s09_T2_test,9,85,92.83333333333333,-0.11014541983604431,0.8898895170740766
UBFC_PHYS_s09_T2_test,9,86,92.86666666666666,-0.10105917602777481,0.5580540813205548
UBFC_PHYS_s09_T2_test,9,87,92.9,-0.09787163883447647,0.15276524567154137
UBFC_PHYS_s09_T2_test,9,88,92.93333333333334,-0.10376333445310593,-0.23413822434894938
UBFC_PHYS_s09_T2_test,9,89,92.96666666666667,-0.11723506450653076,-0.5147050027470956
UBFC_PHYS_s09_T2_test,9,90,93.0,-0.12433172017335892,-0.6416952178387193
UBFC_PHYS_s09_T2_test,9,91,93.03333333333333,-0.11070585995912552,-0.6129698206460144
UBFC_PHYS_s09_T2_test,9,92,93.06666666666666,-0.0850163921713829,-0.4469680385571306
UBFC_PHYS_s09_T2_test,9,93,93.1,-0.0637824684381485,-0.17327646676797534
UBFC_PHYS_s09_T2_test,9,94,93.13333333333334,-0.05342121422290802,0.15550068324830535
UBFC_PHYS_s09_T2_test,9,95,93.16666666666667,-0.05290980637073517,0.46373934601305217
UBFC_PHYS_s09_T2_test,9,96,93.2,-0.06346721947193146,0.6736851294215931
UBFC_PHYS_s09_T2_test,9,97,93.23333333333333,-0.08161167800426483,0.7291554552498379
UBFC_PHYS_s09_T2_test,9,98,93.26666666666667,-0.09162966161966324,0.6108121401836332
UBFC_PHYS_s09_T2_test,9,99,93.3,-0.08914968371391296,0.3411601769914225
UBFC_PHYS_s09_T2_test,9,100,93.33333333333333,-0.092526376247406,-0.020956232997415357
UBFC_PHYS_s09_T2_test,9,101,93.36666666666666,-0.10454795509576797,-0.3951540573179935
UBFC_PHYS_s09_T2_test,9,102,93.4,-0.10047771036624908,-0.6994020351086326
UBFC_PHYS_s09_T2_test,9,103,93.43333333333334,-0.07637850940227509,-0.8684589830849619
UBFC_PHYS_s09_T2_test,9,104,93.46666666666667,-0.06427285820245743,-0.8668490394883887
UBFC_PHYS_s09_T2_test,9,105,93.5,-0.07872537523508072,-0.6953219823555099
UBFC_PHYS_s09_T2_test,9,106,93.53333333333333,-0.09704497456550598,-0.3907088893583277
UBFC_PHYS_s09_T2_test,9,107,93.56666666666666,-0.10059680789709091,-0.019762002447561027
UBFC_PHYS_s09_T2_test,9,108,93.6,-0.0911252573132515,0.3337766434594806
UBFC_PHYS_s09_T2_test,9,109,93.63333333333334,-0.07197900116443634,0.5904279934983826
UBFC_PHYS_s09_T2_test,9,110,93.66666666666667,-0.054696232080459595,0.6978425207308359
UBFC_PHYS_s09_T2_test,9,111,93.7,-0.05367341637611389,0.6414936287313742
UBFC_PHYS_s09_T2_test,9,112,93.73333333333333,-0.05936194956302643,0.4422129762348479
UBFC_PHYS_s09_T2_test,9,113,93.76666666666667,-0.05508153885602951,0.15218612768676087
UBFC_PHYS_s09_T2_test,9,114,93.8,-0.04564501717686653,-0.1501679507595993
UBFC_PHYS_s09_T2_test,9,115,93.83333333333333,-0.04075511917471886,-0.37715370925220026
UBFC_PHYS_s09_T2_test,9,116,93.86666666666666,-0.0356060191988945,-0.4584724438472468
UBFC_PHYS_s09_T2_test,9,117,93.9,-0.02723434567451477,-0.3625222468986242
UBFC_PHYS_s09_T2_test,9,118,93.93333333333334,-0.024074828252196312,-0.10411625985816955
UBFC_PHYS_s09_T2_test,9,119,93.96666666666667,-0.027535585686564445,0.2610456000057917
UBFC_PHYS_s09_T2_test,9,120,94.0,-0.024292001500725746,0.6510517788077516
UBFC_PHYS_s09_T2_test,9,121,94.03333333333333,-0.015023616142570972,0.9748272510038966
UBFC_PHYS_s09_T2_test,9,122,94.06666666666666,-0.020144697278738022,1.1481734320543753
UBFC_PHYS_s09_T2_test,9,123,94.1,-0.04026472941040993,1.1091077887536154
UBFC_PHYS_s09_T2_test,9,124,94.13333333333334,-0.056994061917066574,0.8331645371021336
UBFC_PHYS_s09_T2_test,9,125,94.16666666666667,-0.06275264918804169,0.3487046917667196
UBFC_PHYS_s09_T2_test,9,126,94.2,-0.06092419475317001,-0.2564852018370659
UBFC_PHYS_s09_T2_test,9,127,94.23333333333333,-0.06317999213933945,-0.8526926998364052
UBFC_PHYS_s09_T2_test,9,128,94.26666666666667,-0.0848202332854271,-1.3079492471896237
UBFC_PHYS_s09_T2_test,9,129,94.3,-0.11798465996980667,-1.5304107385603813
UBFC_PHYS_s09_T2_test,9,130,94.33333333333333,-0.1372920423746109,-1.4953655893481665
UBFC_PHYS_s09_T2_test,9,131,94.36666666666666,-0.13333389163017273,-1.244039114613182
UBFC_PHYS_s09_T2_test,9,132,94.4,-0.11281454563140869,-0.8582000000415058
UBFC_PHYS_s09_T2_test,9,133,94.43333333333334,-0.08882743120193481,-0.4301685102227821
UBFC_PHYS_s09_T2_test,9,134,94.46666666666667,-0.07346418499946594,-0.040152302694391184
UBFC_PHYS_s09_T2_test,9,135,94.5,-0.06548482924699783,0.25726696244638486
UBFC_PHYS_s09_T2_test,9,136,94.53333333333333,-0.06228327751159668,0.43747152372297565
UBFC_PHYS_s09_T2_test,9,137,94.56666666666666,-0.07169177383184433,0.5021053661295787
UBFC_PHYS_s09_T2_test,9,138,94.6,-0.08921273797750473,0.4709073940603963
UBFC_PHYS_s09_T2_test,9,139,94.63333333333334,-0.09300275892019272,0.3741443197596608
UBFC_PHYS_s09_T2_test,9,140,94.66666666666667,-0.07742934674024582,0.24724506437814417
UBFC_PHYS_s09_T2_test,9,141,94.7,-0.06325705349445343,0.12563680739225136
UBFC_PHYS_s09_T2_test,9,142,94.73333333333333,-0.06738334149122238,0.03914503217606444
UBFC_PHYS_s09_T2_test,9,143,94.76666666666667,-0.08377640694379807,0.007131872581532474
UBFC_PHYS_s09_T2_test,9,144,94.8,-0.0990065410733223,0.03543834925013754
UBFC_PHYS_s09_T2_test,9,145,94.83333333333333,-0.10334999859333038,0.11595461063885017
UBFC_PHYS_s09_T2_test,9,146,94.86666666666666,-0.08733523637056351,0.22888048036202277
UBFC_PHYS_s09_T2_test,9,147,94.9,-0.0587804839015007,0.34696966219549025
UBFC_PHYS_s09_T2_test,9,148,94.93333333333334,-0.041672851890325546,0.44095921176929526
UBFC_PHYS_s09_T2_test,9,149,94.96666666666667,-0.04184098541736603,0.48535241736844853
UBFC_PHYS_s09_T2_test,9,150,95.0,-0.04436299577355385,0.46377591814228375
UBFC_PHYS_s09_T2_test,9,151,95.03333333333333,-0.04493044689297676,0.3731639469853034
UBFC_PHYS_s09_T2_test,9,152,95.06666666666666,-0.05170484632253647,0.2254044498885303
UBFC_PHYS_s09_T2_test,9,153,95.1,-0.06491737812757492,0.04471195516985087
UBFC_PHYS_s09_T2_test,9,154,95.13333333333334,-0.07756945490837097,-0.13882762214771016
UBFC_PHYS_s09_T2_test,9,155,95.16666666666667,-0.08208806067705154,-0.29693145103916835
UBFC_PHYS_s09_T2_test,9,156,95.2,-0.07479524612426758,-0.4092486274833627
UBFC_PHYS_s09_T2_test,9,157,95.23333333333333,-0.06470020115375519,-0.4655617710785446
UBFC_PHYS_s09_T2_test,9,158,95.26666666666667,-0.0673973485827446,-0.46440002581273465
UBFC_PHYS_s09_T2_test,9,159,95.3,-0.08341211080551147,-0.41091434626740425
UBFC_PHYS_s09_T2_test,9,160,95.33333333333333,-0.09151056408882141,-0.31567622345092733
UBFC_PHYS_s09_T2_test,9,161,95.36666666666666,-0.07571297883987427,-0.1944350059437955
UBFC_PHYS_s09_T2_test,9,162,95.4,-0.05119343847036362,-0.06746198935488021
UBFC_PHYS_s09_T2_test,9,163,95.43333333333334,-0.04182697460055351,0.043838650090094355
UBFC_PHYS_s09_T2_test,9,164,95.46666666666667,-0.04590422287583351,0.12250315022586318
UBFC_PHYS_s09_T2_test,9,165,95.5,-0.0510883554816246,0.16037176040154263
UBFC_PHYS_s09_T2_test,9,166,95.53333333333333,-0.05461916700005531,0.15940750215017635
UBFC_PHYS_s09_T2_test,9,167,95.56666666666666,-0.049596164375543594,0.13008901509995682
UBFC_PHYS_s09_T2_test,9,168,95.6,-0.036082398146390915,0.08770789680134046
UBFC_PHYS_s09_T2_test,9,169,95.63333333333334,-0.03093329444527626,0.047920378066227405
UBFC_PHYS_s09_T2_test,9,170,95.66666666666667,-0.03234842047095299,0.02269355950893988
UBFC_PHYS_s09_T2_test,9,171,95.7,-0.02502758800983429,0.017422468241584256
UBFC_PHYS_s09_T2_test,9,172,95.73333333333333,-0.022008182480931282,0.02999373023317401
UBFC_PHYS_s09_T2_test,9,173,95.76666666666667,-0.03905276581645012,0.052454991232336434
UBFC_PHYS_s09_T2_test,9,174,95.8,-0.05648965761065483,0.07457621002137883
UBFC_PHYS_s09_T2_test,9,175,95.83333333333333,-0.05557192862033844,0.0873635334626688
UBFC_PHYS_s09_T2_test,9,176,95.86666666666666,-0.042597588151693344,0.0853010121877309
UBFC_PHYS_s09_T2_test,9,177,95.9,-0.02841128408908844,0.067037764044007
UBFC_PHYS_s09_T2_test,9,178,95.93333333333334,-0.017146307975053787,0.03487415196969769
UBFC_PHYS_s09_T2_test,9,179,95.96666666666667,-0.00791995506733656,-0.006112758617972596
UBFC_PHYS_s09_T2_test,9,180,96.0,-0.0034854214172810316,-0.0490142842649182
UBFC_PHYS_s09_T2_test,9,181,96.03333333333333,-0.013874700292944908,-0.08641624036795312
UBFC_PHYS_s09_T2_test,9,182,96.06666666666666,-0.03323112428188324,-0.11206000972355439
UBFC_PHYS_s09_T2_test,9,183,96.1,-0.040180664509534836,-0.12238596586197115
UBFC_PHYS_s09_T2_test,9,184,96.13333333333334,-0.035248734056949615,-0.11726832777440989
UBFC_PHYS_s09_T2_test,9,185,96.16666666666667,-0.03641165792942047,-0.09916687970669984
UBFC_PHYS_s09_T2_test,9,186,96.2,-0.04869244620203972,-0.0714273919177912
UBFC_PHYS_s09_T2_test,9,187,96.23333333333333,-0.06889654695987701,-0.03777102945523583
UBFC_PHYS_s09_T2_test,9,188,96.26666666666667,-0.08861025422811508,-0.00311141442001343
UBFC_PHYS_s09_T2_test,9,189,96.3,-0.08597615361213684,0.026086871885879246
UBFC_PHYS_s09_T2_test,9,190,96.33333333333333,-0.05760354548692703,0.042829905068184945
UBFC_PHYS_s09_T2_test,9,191,96.36666666666666,-0.03207520395517349,0.04177112874000791
UBFC_PHYS_s09_T2_test,9,192,96.4,-0.028852635994553566,0.02187135386040693
UBFC_PHYS_s09_T2_test,9,193,96.43333333333334,-0.03667787089943886,-0.01146415464014255
UBFC_PHYS_s09_T2_test,9,194,96.46666666666667,-0.045546937733888626,-0.046387601796724735
UBFC_PHYS_s09_T2_test,9,195,96.5,-0.05728829652070999,-0.06855227215029538
UBFC_PHYS_s09_T2_test,9,196,96.53333333333333,-0.0633271113038063,-0.06702723799083173
UBFC_PHYS_s09_T2_test,9,197,96.56666666666666,-0.055382777005434036,-0.03689777483960396
UBFC_PHYS_s09_T2_test,9,198,96.6,-0.045834168791770935,0.021987134425256096
UBFC_PHYS_s09_T2_test,9,199,96.63333333333334,-0.0420021153986454,0.10586100163165114
UBFC_PHYS_s09_T2_test,9,200,96.66666666666667,-0.03784780576825142,0.2062857480852593
UBFC_PHYS_s09_T2_test,9,201,96.7,-0.04047489911317825,0.3100215798813555
UBFC_PHYS_s09_T2_test,9,202,96.73333333333333,-0.054500073194503784,0.39966487957654867
UBFC_PHYS_s09_T2_test,9,203,96.76666666666667,-0.05835314467549324,0.45309195405602454
UBFC_PHYS_s09_T2_test,9,204,96.8,-0.041042350232601166,0.44442295065678084
UBFC_PHYS_s09_T2_test,9,205,96.83333333333333,-0.02247055061161518,0.35304288563671604
UBFC_PHYS_s09_T2_test,9,206,96.86666666666666,-0.014021817594766617,0.17776922236991677
UBFC_PHYS_s09_T2_test,9,207,96.9,-0.00949621107429266,-0.05568724227325402
UBFC_PHYS_s09_T2_test,9,208,96.93333333333334,-0.006806067656725645,-0.29979337286372865
UBFC_PHYS_s09_T2_test,9,209,96.96666666666667,-0.008515429683029652,-0.5010550900299646
UBFC_PHYS_s09_T2_test,9,210,97.0,-0.017041223123669624,-0.6192250151806247
UBFC_PHYS_s09_T2_test,9,211,97.03333333333333,-0.031262557953596115,-0.6383850844925758
UBFC_PHYS_s09_T2_test,9,212,97.06666666666666,-0.03942406177520752,-0.5662118431224493
UBFC_PHYS_s09_T2_test,9,213,97.1,-0.036944083869457245,-0.4261836240209425
UBFC_PHYS_s09_T2_test,9,214,97.13333333333334,-0.040068574249744415,-0.2479583558601477
UBFC_PHYS_s09_T2_test,9,215,97.16666666666667,-0.05767360329627991,-0.06029271385250895
UBFC_PHYS_s09_T2_test,9,216,97.2,-0.0741647407412529,0.11212475507891181
UBFC_PHYS_s09_T2_test,9,217,97.23333333333333,-0.07177583873271942,0.24965513263817904
UBFC_PHYS_s09_T2_test,9,218,97.26666666666667,-0.045666035264730453,0.33817713015892586
UBFC_PHYS_s09_T2_test,9,219,97.3,-0.0056921797804534435,0.3700774019754269
UBFC_PHYS_s09_T2_test,9,220,97.33333333333333,0.02215501107275486,0.3457914009525667
UBFC_PHYS_s09_T2_test,9,221,97.36666666666666,0.018869392573833466,0.2748720732834987
UBFC_PHYS_s09_T2_test,9,222,97.4,-0.004221007693558931,0.1751612572645708
UBFC_PHYS_s09_T2_test,9,223,97.43333333333334,-0.023206137120723724,0.06865369773100113
UBFC_PHYS_s09_T2_test,9,224,97.46666666666667,-0.03351835533976555,-0.024798039499288774
UBFC_PHYS_s09_T2_test,9,225,97.5,-0.042681656777858734,-0.09241065572443444
UBFC_PHYS_s09_T2_test,9,226,97.53333333333333,-0.04934396594762802,-0.13019425939781634
UBFC_PHYS_s09_T2_test,9,227,97.56666666666666,-0.04680093750357628,-0.14169902394964032
UBFC_PHYS_s09_T2_test,9,228,97.6,-0.039066776633262634,-0.13484844601810034
UBFC_PHYS_s09_T2_test,9,229,97.63333333333334,-0.0356060191988945,-0.11848140479467892
UBFC_PHYS_s09_T2_test,9,230,97.66666666666667,-0.04324210435152054,-0.09990173201746319
UBFC_PHYS_s09_T2_test,9,231,97.7,-0.060062505304813385,-0.08415787420649509
UBFC_PHYS_s09_T2_test,9,232,97.73333333333333,-0.0678597167134285,-0.07454340368016815
UBFC_PHYS_s09_T2_test,9,233,97.76666666666667,-0.05290980637073517,-0.07277754190768675
UBFC_PHYS_s09_T2_test,9,234,97.8,-0.03299293667078018,-0.07844610672783434
UBFC_PHYS_s09_T2_test,9,235,97.83333333333333,-0.02341630309820175,-0.08852951133714634
UBFC_PHYS_s09_T2_test,9,236,97.86666666666666,-0.012655729427933693,-0.0974829575505804
UBFC_PHYS_s09_T2_test,9,237,97.9,0.0031138374470174313,-0.09784379370171661
UBFC_PHYS_s09_T2_test,9,238,97.93333333333334,0.008739320561289787,-0.08142587292507761
UBFC_PHYS_s09_T2_test,9,239,97.96666666666667,0.0011102408170700073,-0.041201027066894415
UBFC_PHYS_s09_T2_test,9,240,98.0,-0.004746426362544298,0.026345416072633677
UBFC_PHYS_s09_T2_test,9,241,98.03333333333333,-0.0024345838464796543,0.11893300487620434
UBFC_PHYS_s09_T2_test,9,242,98.06666666666666,-0.000522059912327677,0.2270028163013851
UBFC_PHYS_s09_T2_test,9,243,98.1,-0.0022454331628978252,0.3338138736769207
UBFC_PHYS_s09_T2_test,9,244,98.13333333333334,-0.007240413688123226,0.4177032244061627
UBFC_PHYS_s09_T2_test,9,245,98.16666666666667,-0.020193735137581825,0.45670922325711566
UBFC_PHYS_s09_T2_test,9,246,98.2,-0.03641866520047188,0.4345454639101365
UBFC_PHYS_s09_T2_test,9,247,98.23333333333333,-0.040012527257204056,0.3458119998214364
UBFC_PHYS_s09_T2_test,9,248,98.26666666666667,-0.02794891595840454,0.19896970123939878
UBFC_PHYS_s09_T2_test,9,249,98.3,-0.008970792405307293,0.016466716262745786
UBFC_PHYS_s09_T2_test,9,250,98.33333333333333,0.014799149706959724,-0.16912592335291268
UBFC_PHYS_s09_T2_test,9,251,98.36666666666666,0.036278266459703445,-0.32427891304097367
UBFC_PHYS_s09_T2_test,9,252,98.4,0.03680368512868881,-0.42527472055589666
UBFC_PHYS_s09_T2_test,9,253,98.43333333333334,0.006994930095970631,-0.46265568084012093
UBFC_PHYS_s09_T2_test,9,254,98.46666666666667,-0.03617347031831741,-0.438662694096204
UBFC_PHYS_s09_T2_test,9,255,98.5,-0.06369840353727341,-0.3642307988927044
UBFC_PHYS_s09_T2_test,9,256,98.53333333333333,-0.0659191757440567,-0.2573470308040507
UBFC_PHYS_s09_T2_test,9,257,98.56666666666666,-0.059460025280714035,-0.13937496020096396
UBFC_PHYS_s09_T2_test,9,258,98.6,-0.05869641900062561,-0.029456164104756963
UBFC_PHYS_s09_T2_test,9,259,98.63333333333334,-0.06828005611896515,0.05925010376338837
UBFC_PHYS_s09_T2_test,9,260,98.66666666666667,-0.08229822665452957,0.12020932771016665
UBFC_PHYS_s09_T2_test,9,261,98.7,-0.08305482566356659,0.1524854241708845
UBFC_PHYS_s09_T2_test,9,262,98.73333333333333,-0.05580311268568039,0.15925348965954617
UBFC_PHYS_s09_T2_test,9,263,98.76666666666667,-0.007877921685576439,0.14647986139632
UBFC_PHYS_s09_T2_test,9,264,98.8,0.026925813406705856,0.12196771627970315
UBFC_PHYS_s09_T2_test,9,265,98.83333333333333,0.025237467139959335,0.09453932768902895
UBFC_PHYS_s09_T2_test,9,266,98.86666666666666,0.0027075137477368116,0.07290045920057239
UBFC_PHYS_s09_T2_test,9,267,98.9,-0.014708364382386208,0.06369291739488304
UBFC_PHYS_s09_T2_test,9,268,98.93333333333334,-0.023213142529129982,0.06899921630099613
UBFC_PHYS_s09_T2_test,9,269,98.96666666666667,-0.03205418586730957,0.08432966745343291
UBFC_PHYS_s09_T2_test,9,270,99.0,-0.04530875012278557,0.09868222589273802
UBFC_PHYS_s09_T2_test,9,271,99.03333333333333,-0.05625847354531288,0.0984015739712251
UBFC_PHYS_s09_T2_test,9,272,99.06666666666666,-0.051459651440382004,0.07351384540103413
UBFC_PHYS_s09_T2_test,9,273,99.1,-0.031227529048919678,0.022406113643345865
UBFC_PHYS_s09_T2_test,9,274,99.13333333333334,-0.01498858816921711,-0.047247009435930847
UBFC_PHYS_s09_T2_test,9,275,99.16666666666667,-0.02092932164669037,-0.12091913268948398
UBFC_PHYS_s09_T2_test,9,276,99.2,-0.042051155120134354,-0.1815475053121645
UBFC_PHYS_s09_T2_test,9,277,99.23333333333333,-0.04624049365520477,-0.2135259389894798
UBFC_PHYS_s09_T2_test,9,278,99.26666666666667,-0.016186542809009552,-0.20538816606210358
UBFC_PHYS_s09_T2_test,9,279,99.3,0.02097807265818119,-0.15154115398417017
UBFC_PHYS_s09_T2_test,9,280,99.33333333333333,0.037287067621946335,-0.0535201314976512
UBFC_PHYS_s09_T2_test,9,281,99.36666666666666,0.034645963460206985,0.07889007015506234
UBFC_PHYS_s09_T2_test,9,282,99.4,0.021272307261824608,0.22723179229465995
UBFC_PHYS_s09_T2_test,9,283,99.43333333333334,0.005502741318196058,0.3659992525204784
UBFC_PHYS_s09_T2_test,9,284,99.46666666666667,0.0004026769893243909,0.46677514828328776
UBFC_PHYS_s09_T2_test,9,285,99.5,0.006077198777347803,0.5042381113875128
UBFC_PHYS_s09_T2_test,9,286,99.53333333333333,0.007639443967491388,0.4629189646270322
UBFC_PHYS_s09_T2_test,9,287,99.56666666666666,0.003225926775485277,0.343182218629012
UBFC_PHYS_s09_T2_test,9,288,99.6,-0.0038427060935646296,0.16346175798874105
UBFC_PHYS_s09_T2_test,9,289,99.63333333333334,-0.023654494434595108,-0.04498353870555393
UBFC_PHYS_s09_T2_test,9,290,99.66666666666667,-0.06047583743929863,-0.249114045447338
UBFC_PHYS_s09_T2_test,9,291,99.7,-0.09318490326404572,-0.4241518115231071
UBFC_PHYS_s09_T2_test,9,292,99.73333333333333,-0.09581900388002396,-0.5577422074560667
UBFC_PHYS_s09_T2_test,9,293,99.76666666666667,-0.06597521901130676,-0.6463995168908722
UBFC_PHYS_s09_T2_test,9,294,99.8,-0.025300806388258934,-0.6880114506965658
UBFC_PHYS_s09_T2_test,9,295,99.83333333333333,0.002259156433865428,-0.6787383659993353
UBFC_PHYS_s09_T2_test,9,296,99.86666666666666,0.008585197851061821,-0.616209475740558
UBFC_PHYS_s09_T2_test,9,297,99.9,0.0027565527707338333,-0.5040249721448073
UBFC_PHYS_s09_T2_test,9,298,99.93333333333334,-0.00712832435965538,-0.3538437815492151
UBFC_PHYS_s09_T2_test,9,299,99.96666666666667,-0.02017972432076931,-0.18360716731468515
UBFC_PHYS_s09_T2_test,10,0,100.0,-0.03133261203765869,-0.03846311070073573
UBFC_PHYS_s09_T2_test,10,1,100.03333333333333,-0.0347723551094532,-0.8876045823112582
UBFC_PHYS_s09_T2_test,10,2,100.06666666666666,-0.033847615122795105,-1.617413899211376
UBFC_PHYS_s09_T2_test,10,3,100.1,-0.033560387790203094,-2.131465785420266
UBFC_PHYS_s09_T2_test,10,4,100.13333333333334,-0.03581618517637253,-2.3813351503849627
UBFC_PHYS_s09_T2_test,10,5,100.16666666666667,-0.04415282979607582,-2.374833337354766
UBFC_PHYS_s09_T2_test,10,6,100.2,-0.05987335741519928,-2.1612245032199056
UBFC_PHYS_s09_T2_test,10,7,100.23333333333333,-0.06935891509056091,-1.8102612410194503
UBFC_PHYS_s09_T2_test,10,8,100.26666666666667,-0.05183795094490051,-1.39488769514229
UBFC_PHYS_s09_T2_test,10,9,100.3,-0.012690756469964981,-0.9782663528504933
UBFC_PHYS_s09_T2_test,10,10,100.33333333333333,0.018547136336565018,-0.6055406322036219
UBFC_PHYS_s09_T2_test,10,11,100.36666666666666,0.029048504307866096,-0.3009886626801095
UBFC_PHYS_s09_T2_test,10,12,100.4,0.029763074591755867,-0.07011085534669771
UBFC_PHYS_s09_T2_test,10,13,100.43333333333334,0.02866319753229618,0.09467588492111385
UBFC_PHYS_s09_T2_test,10,14,100.46666666666667,0.0214054137468338,0.2070626192226976
UBFC_PHYS_s09_T2_test,10,15,100.5,0.01091105118393898,0.28146407256179706
UBFC_PHYS_s09_T2_test,10,16,100.53333333333333,0.01025252602994442,0.33031225732490427
UBFC_PHYS_s09_T2_test,10,17,100.56666666666666,0.016319360584020615,0.36324316076351604
UBFC_PHYS_s09_T2_test,10,18,100.6,0.015282534062862396,0.3872690889884856
UBFC_PHYS_s09_T2_test,10,19,100.63333333333334,0.009411856532096863,0.4072318973147668
UBFC_PHYS_s09_T2_test,10,20,100.66666666666667,0.004255747422575951,0.42575980669711067
UBFC_PHYS_s09_T2_test,10,21,100.7,-0.00972739513963461,0.44209744407195306
UBFC_PHYS_s09_T2_test,10,22,100.73333333333333,-0.035627033561468124,0.45102656991420337
UBFC_PHYS_s09_T2_test,10,23,100.76666666666667,-0.05410075560212135,0.44459254076437005
UBFC_PHYS_s09_T2_test,10,24,100.8,-0.04846126213669777,0.416413210667262
UBFC_PHYS_s09_T2_test,10,25,100.83333333333333,-0.023486359044909477,0.36539226415651344
UBFC_PHYS_s09_T2_test,10,26,100.86666666666666,0.0054116686806082726,0.2968619624536815
UBFC_PHYS_s09_T2_test,10,27,100.9,0.025097355246543884,0.22084653473379087
UBFC_PHYS_s09_T2_test,10,28,100.93333333333334,0.031031083315610886,0.14862948308866014
UBFC_PHYS_s09_T2_test,10,29,100.96666666666667,0.025237467139959335,0.08999254575237407
UBFC_PHYS_s09_T2_test,10,30,101.0,0.013327976688742638,0.052024666515571194
UBFC_PHYS_s09_T2_test,10,31,101.03333333333333,0.0024973461404442787,0.03876805880622489
UBFC_PHYS_s09_T2_test,10,32,101.06666666666666,-0.005545062478631735,0.05082675164760064
UBFC_PHYS_s09_T2_test,10,33,101.1,-0.013909728266298771,0.08422612678876937
UBFC_PHYS_s09_T2_test,10,34,101.13333333333334,-0.022106260061264038,0.12895635637000988
UBFC_PHYS_s09_T2_test,10,35,101.16666666666667,-0.03234842047095299,0.1686974916721477
UBFC_PHYS_s09_T2_test,10,36,101.2,-0.05075208842754364,0.18331889717395958
UBFC_PHYS_s09_T2_test,10,37,101.23333333333333,-0.06982128322124481,0.1553374004992153
UBFC_PHYS_s09_T2_test,10,38,101.26666666666667,-0.06929586082696915,0.07801195487465731
UBFC_PHYS_s09_T2_test,10,39,101.3,-0.04345927760004997,-0.04030803838882074
UBFC_PHYS_s09_T2_test,10,40,101.33333333333333,-0.0025396677665412426,-0.17836091885015493
UBFC_PHYS_s09_T2_test,10,41,101.36666666666666,0.03735712543129921,-0.31015449682855245
UBFC_PHYS_s09_T2_test,10,42,101.4,0.056874677538871765,-0.41469108379708436
UBFC_PHYS_s09_T2_test,10,43,101.43333333333334,0.05094795674085617,-0.4799059567947496
UBFC_PHYS_s09_T2_test,10,44,101.46666666666667,0.036628544330596924,-0.49987690741630936
UBFC_PHYS_s09_T2_test,10,45,101.5,0.031087128445506096,-0.47087577132356734
UBFC_PHYS_s09_T2_test,10,46,101.53333333333333,0.029833128675818443,-0.39033857416136936
UBFC_PHYS_s09_T2_test,10,47,101.56666666666666,0.016011115163564682,-0.2601989829188816
UBFC_PHYS_s09_T2_test,10,48,101.6,-0.00804605521261692,-0.09205292371600966
UBFC_PHYS_s09_T2_test,10,49,101.63333333333334,-0.02553899586200714,0.0916870590602001
UBFC_PHYS_s09_T2_test,10,50,101.66666666666667,-0.037287358194589615,0.2624189175399066
UBFC_PHYS_s09_T2_test,10,51,101.7,-0.05539678782224655,0.3929484471713471
UBFC_PHYS_s09_T2_test,10,52,101.73333333333333,-0.07782165706157684,0.4648531905981462
UBFC_PHYS_s09_T2_test,10,53,101.76666666666667,-0.09291168302297592,0.4727062665070047
UBFC_PHYS_s09_T2_test,10,54,101.8,-0.08856121450662613,0.4239283995728177
UBFC_PHYS_s09_T2_test,10,55,101.83333333333333,-0.05686796084046364,0.3349125071748418
UBFC_PHYS_s09_T2_test,10,56,101.86666666666666,-0.010750210843980312,0.2254084220115502
UBFC_PHYS_s09_T2_test,10,57,101.9,0.026442427188158035,0.11403830777942128
UBFC_PHYS_s09_T2_test,10,58,101.93333333333334,0.04940672591328621,0.01557764085846415
UBFC_PHYS_s09_T2_test,10,59,101.96666666666667,0.0638522356748581,-0.06158694517088278
UBFC_PHYS_s09_T2_test,10,60,102.0,0.06860202550888062,-0.11722385961591913
UBFC_PHYS_s09_T2_test,10,61,102.03333333333333,0.05915149301290512,-0.15753948284687314
UBFC_PHYS_s09_T2_test,10,62,102.06666666666666,0.03839395195245743,-0.1902329686003284
UBFC_PHYS_s09_T2_test,10,63,102.1,0.017867594957351685,-0.21955344866370327
UBFC_PHYS_s09_T2_test,10,64,102.13333333333334,0.005292573478072882,-0.24389523388010675
UBFC_PHYS_s09_T2_test,10,65,102.16666666666667,-0.0064277658239007,-0.25718703047756836
UBFC_PHYS_s09_T2_test,10,66,102.2,-0.02361946552991867,-0.25334871938827
UBFC_PHYS_s09_T2_test,10,67,102.23333333333333,-0.03971128910779953,-0.2312726301553914
UBFC_PHYS_s09_T2_test,10,68,102.26666666666667,-0.05014960840344429,-0.19736215197499082
UBFC_PHYS_s09_T2_test,10,69,102.3,-0.05436696857213974,-0.16295914329242422
UBFC_PHYS_s09_T2_test,10,70,102.33333333333333,-0.04436299577355385,-0.13792353694598122
UBFC_PHYS_s09_T2_test,10,71,102.36666666666666,-0.015710163861513138,-0.12527190603559074
UBFC_PHYS_s09_T2_test,10,72,102.4,0.021335357800126076,-0.1200363846724712
UBFC_PHYS_s09_T2_test,10,73,102.43333333333334,0.05117914080619812,-0.11298650441220455
UBFC_PHYS_s09_T2_test,10,74,102.46666666666667,0.06392929702997208,-0.09640141780928525
UBFC_PHYS_s09_T2_test,10,75,102.5,0.05399538576602936,-0.06636906560219104
UBFC_PHYS_s09_T2_test,10,76,102.53333333333333,0.024291712790727615,-0.020758913489267797
UBFC_PHYS_s09_T2_test,10,77,102.56666666666666,-0.0011385511606931686,0.043145012295631203
UBFC_PHYS_s09_T2_test,10,78,102.6,-0.004515241831541061,0.12873446391254798
UBFC_PHYS_s09_T2_test,10,79,102.63333333333334,0.0011732911225408316,0.2373853159838299
UBFC_PHYS_s09_T2_test,10,80,102.66666666666667,-0.006007431074976921,0.3647146076723873
UBFC_PHYS_s09_T2_test,10,81,102.7,-0.03242548182606697,0.4993157316693566
UBFC_PHYS_s09_T2_test,10,82,102.73333333333333,-0.07575501501560211,0.6243978590060544
UBFC_PHYS_s09_T2_test,10,83,102.76666666666667,-0.12795360386371613,0.719588077492041
UBFC_PHYS_s09_T2_test,10,84,102.8,-0.1635279506444931,0.7624233280183342
UBFC_PHYS_s09_T2_test,10,85,102.83333333333333,-0.15736304223537445,0.7314122455468907
UBFC_PHYS_s09_T2_test,10,86,102.86666666666666,-0.10779154300689697,0.611433339897018
UBFC_PHYS_s09_T2_test,10,87,102.9,-0.03030279092490673,0.40072529678855356
UBFC_PHYS_s09_T2_test,10,88,102.93333333333334,0.044944170862436295,0.11670331756202783
UBFC_PHYS_s09_T2_test,10,89,102.96666666666667,0.08441362529993057,-0.20362962390872127
UBFC_PHYS_s09_T2_test,10,90,103.0,0.08909334987401962,-0.5106471475375718
UBFC_PHYS_s09_T2_test,10,91,103.03333333333333,0.0852683037519455,-0.755534456822271
UBFC_PHYS_s09_T2_test,10,92,103.06666666666666,0.07108200341463089,-0.9049398926011551
UBFC_PHYS_s09_T2_test,10,93,103.1,0.03316778689622879,-0.9483176415650847
UBFC_PHYS_s09_T2_test,10,94,103.13333333333334,-0.014435146935284138,-0.8957589443571212
UBFC_PHYS_s09_T2_test,10,95,103.16666666666667,-0.054521091282367706,-0.7708046217697658
UBFC_PHYS_s09_T2_test,10,96,103.2,-0.09230219572782516,-0.6019471423148587
UBFC_PHYS_s09_T2_test,10,97,103.23333333333333,-0.1456356942653656,-0.4148917361669556
UBFC_PHYS_s09_T2_test,10,98,103.26666666666667,-0.23317044973373413,-0.22735426573250694
UBFC_PHYS_s09_T2_test,10,99,103.3,-0.3514387011528015,-0.047682348522675486
UBFC_PHYS_s09_T2_test,10,100,103.33333333333333,-0.4455376863479614,0.12238841946383511
UBFC_PHYS_s09_T2_test,10,101,103.36666666666666,-0.4247311055660248,0.2815606117643904
UBFC_PHYS_s09_T2_test,10,102,103.4,-0.2587968707084656,0.4228366550836846
UBFC_PHYS_s09_T2_test,10,103,103.43333333333334,-0.04210019111633301,0.5327970986757714
UBFC_PHYS_s09_T2_test,10,104,103.46666666666667,0.1053883358836174,0.5965279655814234
UBFC_PHYS_s09_T2_test,10,105,103.5,0.1612858772277832,0.6032536844886185
UBFC_PHYS_s09_T2_test,10,106,103.53333333333333,0.16556629538536072,0.5499601836205735
UBFC_PHYS_s09_T2_test,10,107,103.56666666666666,0.14572648704051971,0.44313451890366934
UBFC_PHYS_s09_T2_test,10,108,103.6,0.11923136562108994,0.2985899490568004
UBFC_PHYS_s09_T2_test,10,109,103.63333333333334,0.10479986667633057,0.1391009878992104
UBFC_PHYS_s09_T2_test,10,110,103.66666666666667,0.09911133348941803,-0.01033638897200229
UBFC_PHYS_s09_T2_test,10,111,103.7,0.07936260104179382,-0.12954014559150234
UBFC_PHYS_s09_T2_test,10,112,103.73333333333333,0.0391995944082737,-0.20951635101116411
UBFC_PHYS_s09_T2_test,10,113,103.76666666666667,-0.006729006301611662,-0.2529699248610509
UBFC_PHYS_s09_T2_test,10,114,103.8,-0.0554388202726841,-0.26871054688363727
UBFC_PHYS_s09_T2_test,10,115,103.83333333333333,-0.10601212084293365,-0.2647392308105308
UBFC_PHYS_s09_T2_test,10,116,103.86666666666666,-0.12280450761318207,-0.24437649831931857
UBFC_PHYS_s09_T2_test,10,117,103.9,-0.07263052463531494,-0.2082793257269602
UBFC_PHYS_s09_T2_test,10,118,103.93333333333334,0.0145679647102952,-0.15970091748621246
UBFC_PHYS_s09_T2_test,10,119,103.96666666666667,0.07546048611402512,-0.10562466882835851
UBFC_PHYS_s09_T2_test,10,120,104.0,0.0842595025897026,-0.0528050678554195
UBFC_PHYS_s09_T2_test,10,121,104.03333333333333,0.06309563666582108,-0.004404628107208693
UBFC_PHYS_s09_T2_test,10,122,104.06666666666666,0.03968297690153122,0.039992014205376396
UBFC_PHYS_s09_T2_test,10,123,104.1,0.013811361975967884,0.0818695362042263
UBFC_PHYS_s09_T2_test,10,124,104.13333333333334,-0.024523185566067696,0.12088889909916035
UBFC_PHYS_s09_T2_test,10,125,104.16666666666667,-0.07245538383722305,0.15437756952445894
UBFC_PHYS_s09_T2_test,10,126,104.2,-0.11743822693824768,0.17895281488258924
UBFC_PHYS_s09_T2_test,10,127,104.23333333333333,-0.15753817558288574,0.19112421125369042
UBFC_PHYS_s09_T2_test,10,128,104.26666666666667,-0.2098838984966278,0.1862717756164171
UBFC_PHYS_s09_T2_test,10,129,104.3,-0.2878420054912567,0.15812137160590237
UBFC_PHYS_s09_T2_test,10,130,104.33333333333333,-0.368861585855484,0.10046603594649198
UBFC_PHYS_s09_T2_test,10,131,104.36666666666666,-0.4084431231021881,0.011956427697858815
UBFC_PHYS_s09_T2_test,10,132,104.4,-0.3980748653411865,-0.09829224857150096
UBFC_PHYS_s09_T2_test,10,133,104.43333333333334,-0.3883160948753357,-0.20911158249352813
UBFC_PHYS_s09_T2_test,10,134,104.46666666666667,-0.42857715487480164,-0.2920560023525807
UBFC_PHYS_s09_T2_test,10,135,104.5,-0.518500804901123,-0.3217164468788447
UBFC_PHYS_s09_T2_test,10,136,104.53333333333333,-0.649652361869812,-0.2867669869136845
UBFC_PHYS_s09_T2_test,10,137,104.56666666666666,-0.8359447717666626,-0.19403582750114362
UBFC_PHYS_s09_T2_test,10,138,104.6,-1.0547010898590088,-0.0642402523495838
UBFC_PHYS_s09_T2_test,10,139,104.63333333333334,-1.248069167137146,0.07538408867931502
UBFC_PHYS_s09_T2_test,10,140,104.66666666666667,-1.4329395294189453,0.1978108567491526
UBFC_PHYS_s09_T2_test,10,141,104.7,-1.6713324785232544,0.2809151965958093
UBFC_PHYS_s09_T2_test,10,142,104.73333333333333,-1.9352678060531616,0.31023782670762756
UBFC_PHYS_s09_T2_test,10,143,104.76666666666667,-2.144615650177002,0.28116588966043327
UBFC_PHYS_s09_T2_test,10,144,104.8,-2.2307562828063965,0.20075862634749025
UBFC_PHYS_s09_T2_test,10,145,104.83333333333333,-2.052373170852661,0.08815012070088162
UBFC_PHYS_s09_T2_test,10,146,104.86666666666666,-1.485866665840149,-0.028852909159610987
UBFC_PHYS_s09_T2_test,10,147,104.9,-0.6114158630371094,-0.1239045334096918
UBFC_PHYS_s09_T2_test,10,148,104.93333333333334,0.39873310923576355,-0.18379562913186293
UBFC_PHYS_s09_T2_test,10,149,104.96666666666667,1.366638422012329,-0.20958229662362735
UBFC_PHYS_s09_T2_test,10,150,105.0,1.9744007587432861,-0.20728597207693658
UBFC_PHYS_s09_T2_test,10,151,105.03333333333333,1.9427285194396973,-0.18041143464924492
UBFC_PHYS_s09_T2_test,10,152,105.06666666666666,1.4832253456115723,-0.12996107927189746
UBFC_PHYS_s09_T2_test,10,153,105.1,1.011623501777649,-0.059560635857152454
UBFC_PHYS_s09_T2_test,10,154,105.13333333333334,0.737523078918457,0.019657985627621444
UBFC_PHYS_s09_T2_test,10,155,105.16666666666667,0.6527975797653198,0.09123016028775771
UBFC_PHYS_s09_T2_test,10,156,105.2,0.6716355681419373,0.14156006021081652
UBFC_PHYS_s09_T2_test,10,157,105.23333333333333,0.6652114391326904,0.1655212471127731
UBFC_PHYS_s09_T2_test,10,158,105.26666666666667,0.5423405170440674,0.16590516205576783
UBFC_PHYS_s09_T2_test,10,159,105.3,0.413507878780365,0.14914229362002598
UBFC_PHYS_s09_T2_test,10,160,105.33333333333333,0.5741949081420898,0.12046672417392076
UBFC_PHYS_s09_T2_test,10,161,105.36666666666666,1.1522746086120605,0.08161256553887349
UBFC_PHYS_s09_T2_test,10,162,105.4,1.8423104286193848,0.032036712134679554
UBFC_PHYS_s09_T2_test,10,163,105.43333333333334,2.1994481086730957,-0.027642690605213273
UBFC_PHYS_s09_T2_test,10,164,105.46666666666667,2.0815792083740234,-0.09188634550851947
UBFC_PHYS_s09_T2_test,10,165,105.5,1.6078686714172363,-0.14818980035366314
UBFC_PHYS_s09_T2_test,10,166,105.53333333333333,0.9189676642417908,-0.17880718286890152
UBFC_PHYS_s09_T2_test,10,167,105.56666666666666,0.18450237810611725,-0.16774430879209862
UBFC_PHYS_s09_T2_test,10,168,105.6,-0.4219709038734436,-0.10975451018345327
UBFC_PHYS_s09_T2_test,10,169,105.63333333333334,-0.8466633558273315,-0.0140306812891424
UBFC_PHYS_s09_T2_test,10,170,105.66666666666667,-1.1635398864746094,0.09933371431620636
UBFC_PHYS_s09_T2_test,10,171,105.7,-1.4126583337783813,0.2062167084699361
UBFC_PHYS_s09_T2_test,10,172,105.73333333333333,-1.5918331146240234,0.28506481066704953
UBFC_PHYS_s09_T2_test,10,173,105.76666666666667,-1.8422547578811646,0.3207516234002124
UBFC_PHYS_s09_T2_test,10,174,105.8,-2.3050715923309326,0.3058296760459288
UBFC_PHYS_s09_T2_test,10,175,105.83333333333333,-2.6843817234039307,0.2416702639580205
UBFC_PHYS_s09_T2_test,10,176,105.86666666666666,-2.46026611328125,0.13962739968045274
UBFC_PHYS_s09_T2_test,10,177,105.9,-1.5814018249511719,0.019904100967254673
UBFC_PHYS_s09_T2_test,10,178,105.93333333333334,-0.5468874573707581,-0.09364696892367613
UBFC_PHYS_s09_T2_test,10,179,105.96666666666667,0.22545701265335083,-0.18335735139214465
UBFC_PHYS_s09_T2_test,10,180,106.0,0.739771842956543,-0.2465211508611871
UBFC_PHYS_s09_T2_test,10,181,106.03333333333333,1.135986566543579,-0.2925612578665531
UBFC_PHYS_s09_T2_test,10,182,106.06666666666666,1.4513429403305054,-0.33060406444137336
UBFC_PHYS_s09_T2_test,10,183,106.1,1.7282105684280396,-0.36154586372731495
UBFC_PHYS_s09_T2_test,10,184,106.13333333333334,2.0547757148742676,-0.3794615648636489
UBFC_PHYS_s09_T2_test,10,185,106.16666666666667,2.4055593013763428,-0.3767784805777994
UBFC_PHYS_s09_T2_test,10,186,106.2,2.6170928478240967,-0.3489268652143155
UBFC_PHYS_s09_T2_test,10,187,106.23333333333333,2.434331178665161,-0.29662634383595005
UBFC_PHYS_s09_T2_test,10,188,106.26666666666667,1.4939018487930298,-0.22572742619412403
UBFC_PHYS_s09_T2_test,10,189,106.3,-0.18261116743087769,-0.1461885756778377
UBFC_PHYS_s09_T2_test,10,190,106.33333333333333,-1.7379976511001587,-0.07016879810058164
UBFC_PHYS_s09_T2_test,10,191,106.36666666666666,-2.304980516433716,-0.007672392355364487
UBFC_PHYS_s09_T2_test,10,192,106.4,-1.9040719270706177,0.03850468450928475
UBFC_PHYS_s09_T2_test,10,193,106.43333333333334,-1.0578606128692627,0.07382191542095264
UBFC_PHYS_s09_T2_test,10,194,106.46666666666667,-0.24624986946582794,0.10777995758675109
UBFC_PHYS_s09_T2_test,10,195,106.5,0.04548360034823418,0.1470070901619996
UBFC_PHYS_s09_T2_test,10,196,106.53333333333333,-0.3076818287372589,0.19045238730339503
UBFC_PHYS_s09_T2_test,10,197,106.56666666666666,-0.7331588864326477,0.23249410029861386
UBFC_PHYS_s09_T2_test,10,198,106.6,-0.8662018775939941,0.27066254888307634
UBFC_PHYS_s09_T2_test,10,199,106.63333333333334,-0.9241100549697876,0.3065029583625515
UBFC_PHYS_s09_T2_test,10,200,106.66666666666667,-1.0687192678451538,0.33917557518914154
UBFC_PHYS_s09_T2_test,10,201,106.7,-1.1244977712631226,0.3625510348507941
UBFC_PHYS_s09_T2_test,10,202,106.73333333333333,-1.013003945350647,0.36873894124921
UBFC_PHYS_s09_T2_test,10,203,106.76666666666667,-0.8757785558700562,0.35234401649171637
UBFC_PHYS_s09_T2_test,10,204,106.8,-0.6580100059509277,0.3121620207117072
UBFC_PHYS_s09_T2_test,10,205,106.83333333333333,-0.01599038578569889,0.25032398047598753
UBFC_PHYS_s09_T2_test,10,206,106.86666666666666,1.2454698085784912,0.17071731157641312
UBFC_PHYS_s09_T2_test,10,207,106.9,2.8412575721740723,0.07976631362740141
UBFC_PHYS_s09_T2_test,10,208,106.93333333333334,4.1083083152771,-0.011318261268505731
UBFC_PHYS_s09_T2_test,10,209,106.96666666666667,4.514036655426025,-0.08743391898629659
UBFC_PHYS_s09_T2_test,10,210,107.0,4.094570159912109,-0.13429036277100484
UBFC_PHYS_s09_T2_test,10,211,107.03333333333333,3.2511260509490967,-0.1433810275104272
UBFC_PHYS_s09_T2_test,10,212,107.06666666666666,2.311880588531494,-0.11488438010383234
UBFC_PHYS_s09_T2_test,10,213,107.1,1.463756799697876,-0.05788617828083829
UBFC_PHYS_s09_T2_test,10,214,107.13333333333334,0.8224096894264221,0.011814566353588542
UBFC_PHYS_s09_T2_test,10,215,107.16666666666667,0.31029462814331055,0.07528492475407
UBFC_PHYS_s09_T2_test,10,216,107.2,-0.2607934772968292,0.1145196467442292
UBFC_PHYS_s09_T2_test,10,217,107.23333333333333,-0.9763226509094238,0.11633554736666478
UBFC_PHYS_s09_T2_test,10,218,107.26666666666667,-1.7070889472961426,0.07525664683382045
UBFC_PHYS_s09_T2_test,10,219,107.3,-2.124096393585205,-0.005553792891976868
UBFC_PHYS_s09_T2_test,10,220,107.33333333333333,-2.0067317485809326,-0.11506013952938787
UBFC_PHYS_s09_T2_test,10,221,107.36666666666666,-1.494336485862732,-0.23549766099776517
UBFC_PHYS_s09_T2_test,10,222,107.4,-0.9114089012145996,-0.3450428627299723
UBFC_PHYS_s09_T2_test,10,223,107.43333333333334,-0.4535030424594879,-0.42519688874724115
UBFC_PHYS_s09_T2_test,10,224,107.46666666666667,-0.15771332383155823,-0.46936392244351766
UBFC_PHYS_s09_T2_test,10,225,107.5,0.005236528813838959,-0.48319912763434
UBFC_PHYS_s09_T2_test,10,226,107.53333333333333,0.10421840846538544,-0.4757144713149801
UBFC_PHYS_s09_T2_test,10,227,107.56666666666666,0.189371258020401,-0.44887834451911535
UBFC_PHYS_s09_T2_test,10,228,107.6,0.24644574522972107,-0.39308662353039336
UBFC_PHYS_s09_T2_test,10,229,107.63333333333334,0.24626359343528748,-0.293620517200377
UBFC_PHYS_s09_T2_test,10,230,107.66666666666667,0.17515693604946136,-0.14378429698111497
UBFC_PHYS_s09_T2_test,10,231,107.7,0.006077198777347803,0.04790714756175921
UBFC_PHYS_s09_T2_test,10,232,107.73333333333333,-0.3037867248058319,0.26019220651795494
UBFC_PHYS_s09_T2_test,10,233,107.76666666666667,-0.6659052968025208,0.4651036793137627
UBFC_PHYS_s09_T2_test,10,234,107.8,-0.7524802684783936,0.6336416589753929
UBFC_PHYS_s09_T2_test,10,235,107.83333333333333,-0.3705429136753082,0.7402788293378545
UBFC_PHYS_s09_T2_test,10,236,107.86666666666666,0.20745967328548431,0.7663803739380991
UBFC_PHYS_s09_T2_test,10,237,107.9,0.5803598165512085,0.7032609023623766
UBFC_PHYS_s09_T2_test,10,238,107.93333333333334,0.6820388436317444,0.5548481410562917
UBFC_PHYS_s09_T2_test,10,239,107.96666666666667,0.6468708515167236,0.3390350917500739
UBFC_PHYS_s09_T2_test,10,240,108.0,0.5242451429367065,0.0859011327962445
UBFC_PHYS_s09_T2_test,10,241,108.03333333333333,0.34013840556144714,-0.16938770698078554
UBFC_PHYS_s09_T2_test,10,242,108.06666666666666,0.17793114483356476,-0.3964603849386057
UBFC_PHYS_s09_T2_test,10,243,108.1,0.08400730043649673,-0.5756321625857407
UBFC_PHYS_s09_T2_test,10,244,108.13333333333334,0.045518629252910614,-0.6972228354669205
UBFC_PHYS_s09_T2_test,10,245,108.16666666666667,0.0015235701575875282,-0.7564898571727829
UBFC_PHYS_s09_T2_test,10,246,108.2,-0.16331778466701508,-0.7487263326407668
UBFC_PHYS_s09_T2_test,10,247,108.23333333333333,-0.5175760984420776,-0.6702074673820686
UBFC_PHYS_s09_T2_test,10,248,108.26666666666667,-0.874188244342804,-0.5239978277465699
UBFC_PHYS_s09_T2_test,10,249,108.3,-0.843777060508728,-0.3232471105622701
UBFC_PHYS_s09_T2_test,10,250,108.33333333333333,-0.3298404812812805,-0.0892853362042019
UBFC_PHYS_s09_T2_test,10,251,108.36666666666666,0.30373039841651917,0.15277570547320987
UBFC_PHYS_s09_T2_test,10,252,108.4,0.6722240447998047,0.3784773812425025
UBFC_PHYS_s09_T2_test,10,253,108.43333333333334,0.7401571869850159,0.566887688607251
UBFC_PHYS_s09_T2_test,10,254,108.46666666666667,0.6433610320091248,0.7015221607184177
UBFC_PHYS_s09_T2_test,10,255,108.5,0.4475339949131012,0.7701326930144272
UBFC_PHYS_s09_T2_test,10,256,108.53333333333333,0.21574027836322784,0.7646407102885592
UBFC_PHYS_s09_T2_test,10,257,108.56666666666666,0.06301157176494598,0.6825546865497853
UBFC_PHYS_s09_T2_test,10,258,108.6,0.012277139350771904,0.5297819606729323
UBFC_PHYS_s09_T2_test,10,259,108.63333333333334,-0.02620452642440796,0.32327559406002426
UBFC_PHYS_s09_T2_test,10,260,108.66666666666667,-0.13326384127140045,0.0912986527188944
UBFC_PHYS_s09_T2_test,10,261,108.7,-0.3533512353897095,-0.13098488303668193
UBFC_PHYS_s09_T2_test,10,262,108.73333333333333,-0.6616529226303101,-0.31024138586882244
UBFC_PHYS_s09_T2_test,10,263,108.76666666666667,-0.8029064536094666,-0.42493764828919034
UBFC_PHYS_s09_T2_test,10,264,108.8,-0.46669453382492065,-0.4720237416692426
UBFC_PHYS_s09_T2_test,10,265,108.83333333333333,0.20916904509067535,-0.4653654922472106
UBFC_PHYS_s09_T2_test,10,266,108.86666666666666,0.7635838389396667,-0.4266462593611308
UBFC_PHYS_s09_T2_test,10,267,108.9,0.9744659066200256,-0.3749914453893478
UBFC_PHYS_s09_T2_test,10,268,108.93333333333334,0.951473593711853,-0.3195168977134839
UBFC_PHYS_s09_T2_test,10,269,108.96666666666667,0.7957254648208618,-0.25609534749275464
UBFC_PHYS_s09_T2_test,10,270,109.0,0.5363297462463379,-0.17079117653158066
UBFC_PHYS_s09_T2_test,10,271,109.03333333333333,0.2984621822834015,-0.05291321910490351
UBFC_PHYS_s09_T2_test,10,272,109.06666666666666,0.2062406986951828,0.09030663326616915
UBFC_PHYS_s09_T2_test,10,273,109.1,0.19142389297485352,0.23437563191146119
UBFC_PHYS_s09_T2_test,10,274,109.13333333333334,0.09958771616220474,0.3529502930016216
UBFC_PHYS_s09_T2_test,10,275,109.16666666666667,-0.1147691011428833,0.430014575053085
UBFC_PHYS_s09_T2_test,10,276,109.2,-0.38872241973876953,0.4612835819113479
UBFC_PHYS_s09_T2_test,10,277,109.23333333333333,-0.5543273687362671,0.4496130550664698
UBFC_PHYS_s09_T2_test,10,278,109.26666666666667,-0.3562305271625519,0.3996479360464677
UBFC_PHYS_s09_T2_test,10,279,109.3,0.19856959581375122,0.3159000784165908
UBFC_PHYS_s09_T2_test,10,280,109.33333333333333,0.732731282711029,0.20452327233001263
UBFC_PHYS_s09_T2_test,10,281,109.36666666666666,1.0048000812530518,0.07514573993387787
UBFC_PHYS_s09_T2_test,10,282,109.4,1.083984136581421,-0.0590890809005347
UBFC_PHYS_s09_T2_test,10,283,109.43333333333334,0.981863796710968,-0.18282369469437718
UBFC_PHYS_s09_T2_test,10,284,109.46666666666667,0.6334341168403625,-0.28101042398603926
UBFC_PHYS_s09_T2_test,10,285,109.5,0.23652583360671997,-0.34285563258419716
UBFC_PHYS_s09_T2_test,10,286,109.53333333333333,0.11701060086488724,-0.36533690154400306
UBFC_PHYS_s09_T2_test,10,287,109.56666666666666,0.20109860599040985,-0.3528203397269091
UBFC_PHYS_s09_T2_test,10,288,109.6,0.16895699501037598,-0.31357105304291283
UBFC_PHYS_s09_T2_test,10,289,109.63333333333334,-0.03010663576424122,-0.2579732217361768
UBFC_PHYS_s09_T2_test,10,290,109.66666666666667,-0.19288134574890137,-0.19866511163933237
UBFC_PHYS_s09_T2_test,10,291,109.7,-0.2653961181640625,-0.1482018438634887
UBFC_PHYS_s09_T2_test,10,292,109.73333333333333,-0.31328630447387695,-0.1142406521644982
UBFC_PHYS_s09_T2_test,10,293,109.76666666666667,-0.23116685450077057,-0.0967408333581401
UBFC_PHYS_s09_T2_test,10,294,109.8,0.1142924353480339,-0.08896866161252226
UBFC_PHYS_s09_T2_test,10,295,109.83333333333333,0.6121301651000977,-0.08094026081321842
UBFC_PHYS_s09_T2_test,10,296,109.86666666666666,1.0246118307113647,-0.06363135369975365
UBFC_PHYS_s09_T2_test,10,297,109.9,1.1742931604385376,-0.03235627983829385
UBFC_PHYS_s09_T2_test,10,298,109.93333333333334,1.0273370742797852,0.011785195162805797
UBFC_PHYS_s09_T2_test,10,299,109.96666666666667,0.7203173637390137,0.06280591215580644
UBFC_PHYS_s09_T2_test,11,0,110.0,0.45741185545921326,-0.05894296423591367
UBFC_PHYS_s09_T2_test,11,1,110.03333333333333,0.3454556465148926,-0.79026020683922
UBFC_PHYS_s09_T2_test,11,2,110.06666666666666,0.343360960483551,-1.4171969142242813
UBFC_PHYS_s09_T2_test,11,3,110.1,0.3411892354488373,-1.858460637401058
UBFC_PHYS_s09_T2_test,11,4,110.13333333333334,0.24717432260513306,-2.0757846210839483
UBFC_PHYS_s09_T2_test,11,5,110.16666666666667,0.05777839943766594,-2.0771502887577316
UBFC_PHYS_s09_T2_test,11,6,110.2,-0.22142909467220306,-1.8993734093415104
UBFC_PHYS_s09_T2_test,11,7,110.23333333333333,-0.5913938879966736,-1.5907750845586024
UBFC_PHYS_s09_T2_test,11,8,110.26666666666667,-0.875869631767273,-1.2024596528107114
UBFC_PHYS_s09_T2_test,11,9,110.3,-0.8440712690353394,-0.7825819992122081
UBFC_PHYS_s09_T2_test,11,10,110.33333333333333,-0.6014118790626526,-0.3714986875565355
UBFC_PHYS_s09_T2_test,11,11,110.36666666666666,-0.4341956377029419,-0.00016586620910591723
UBFC_PHYS_s09_T2_test,11,12,110.4,-0.4422730803489685,0.30879971457083594
UBFC_PHYS_s09_T2_test,11,13,110.43333333333334,-0.5897265672683716,0.5407043431464073
UBFC_PHYS_s09_T2_test,11,14,110.46666666666667,-0.8845425248146057,0.6896765143974617
UBFC_PHYS_s09_T2_test,11,15,110.5,-1.2990628480911255,0.758746396563081
UBFC_PHYS_s09_T2_test,11,16,110.53333333333333,-1.6941916942596436,0.7580261945540634
UBFC_PHYS_s09_T2_test,11,17,110.56666666666666,-1.9506170749664307,0.7013319571702191
UBFC_PHYS_s09_T2_test,11,18,110.6,-2.0317697525024414,0.6027842761126763
UBFC_PHYS_s09_T2_test,11,19,110.63333333333334,-1.9611114263534546,0.47577616847598286
UBFC_PHYS_s09_T2_test,11,20,110.66666666666667,-1.8883024454116821,0.3339507921042196
UBFC_PHYS_s09_T2_test,11,21,110.7,-1.9964195489883423,0.19123982076090498
UBFC_PHYS_s09_T2_test,11,22,110.73333333333333,-2.180253028869629,0.06017011349252216
UBFC_PHYS_s09_T2_test,11,23,110.76666666666667,-2.086756467819214,-0.049955002941922524
UBFC_PHYS_s09_T2_test,11,24,110.8,-1.6014307737350464,-0.13417687205160758
UBFC_PHYS_s09_T2_test,11,25,110.83333333333333,-0.9333714246749878,-0.19245773093481347
UBFC_PHYS_s09_T2_test,11,26,110.86666666666666,-0.3112826943397522,-0.22915197061651238
UBFC_PHYS_s09_T2_test,11,27,110.9,0.08102291822433472,-0.25026141049822237
UBFC_PHYS_s09_T2_test,11,28,110.93333333333334,0.1348748356103897,-0.25970271793298666
UBFC_PHYS_s09_T2_test,11,29,110.96666666666667,-0.08044875413179398,-0.2578888257137708
UBFC_PHYS_s09_T2_test,11,30,111.0,-0.3805258870124817,-0.24314197529335504
UBFC_PHYS_s09_T2_test,11,31,111.03333333333333,-0.6045293807983398,-0.2135710286104418
UBFC_PHYS_s09_T2_test,11,32,111.06666666666666,-0.7012274265289307,-0.16804194034487138
UBFC_PHYS_s09_T2_test,11,33,111.1,-0.7219639420509338,-0.10622367847522732
UBFC_PHYS_s09_T2_test,11,34,111.13333333333334,-0.6986843943595886,-0.028419735086549946
UBFC_PHYS_s09_T2_test,11,35,111.16666666666667,-0.576401948928833,0.06361666941338395
UBFC_PHYS_s09_T2_test,11,36,111.2,-0.26850661635398865,0.16510648195522964
UBFC_PHYS_s09_T2_test,11,37,111.23333333333333,0.3050544559955597,0.26752238912783116
UBFC_PHYS_s09_T2_test,11,38,111.26666666666667,1.105582356452942,0.3594572536608668
UBFC_PHYS_s09_T2_test,11,39,111.3,1.8674254417419434,0.4287426051666255
UBFC_PHYS_s09_T2_test,11,40,111.33333333333333,2.356520175933838,0.46524545175801196
UBFC_PHYS_s09_T2_test,11,41,111.36666666666666,2.5650203227996826,0.4636291855127164
UBFC_PHYS_s09_T2_test,11,42,111.4,2.586702585220337,0.42484332624428345
UBFC_PHYS_s09_T2_test,11,43,111.43333333333334,2.5307490825653076,0.35485978513240657
UBFC_PHYS_s09_T2_test,11,44,111.46666666666667,2.510481834411621,0.26191148612698145
UBFC_PHYS_s09_T2_test,11,45,111.5,2.542588472366333,0.15587445957377624
UBFC_PHYS_s09_T2_test,11,46,111.53333333333333,2.546224355697632,0.04945459382078377
UBFC_PHYS_s09_T2_test,11,47,111.56666666666666,2.47353458404541,-0.04300304271729829
UBFC_PHYS_s09_T2_test,11,48,111.6,2.2962512969970703,-0.10993613200602478
UBFC_PHYS_s09_T2_test,11,49,111.63333333333334,1.9380978345870972,-0.14740652892955394
UBFC_PHYS_s09_T2_test,11,50,111.66666666666667,1.3707647323608398,-0.1613496326230787
UBFC_PHYS_s09_T2_test,11,51,111.7,0.816672146320343,-0.16477517886368298
UBFC_PHYS_s09_T2_test,11,52,111.73333333333333,0.6827324032783508,-0.17118069434185496
UBFC_PHYS_s09_T2_test,11,53,111.76666666666667,1.1205042600631714,-0.1888806125242357
UBFC_PHYS_s09_T2_test,11,54,111.8,1.7000271081924438,-0.2188984171139
UBFC_PHYS_s09_T2_test,11,55,111.83333333333333,1.8029390573501587,-0.25642312346530943
UBFC_PHYS_s09_T2_test,11,56,111.86666666666666,1.285913109779358,-0.2941063415058902
UBFC_PHYS_s09_T2_test,11,57,111.9,0.597614586353302,-0.32424611581304064
UBFC_PHYS_s09_T2_test,11,58,111.93333333333334,0.18921713531017303,-0.33938163794600573
UBFC_PHYS_s09_T2_test,11,59,111.96666666666667,0.04085991531610489,-0.33334669524487265
UBFC_PHYS_s09_T2_test,11,60,112.0,-0.09322693198919296,-0.3032356445492108
UBFC_PHYS_s09_T2_test,11,61,112.03333333333333,-0.27461546659469604,-0.2509400249918051
UBFC_PHYS_s09_T2_test,11,62,112.06666666666666,-0.320453017950058,-0.1831228258392827
UBFC_PHYS_s09_T2_test,11,63,112.1,0.013643228448927402,-0.1090059566489114
UBFC_PHYS_s09_T2_test,11,64,112.13333333333334,0.6884769797325134,-0.037028763170279255
UBFC_PHYS_s09_T2_test,11,65,112.16666666666667,1.2039967775344849,0.02712175211186557
UBFC_PHYS_s09_T2_test,11,66,112.2,1.129632592201233,0.08042838218979344
UBFC_PHYS_s09_T2_test,11,67,112.23333333333333,0.6835100054740906,0.1216771677400456
UBFC_PHYS_s09_T2_test,11,68,112.26666666666667,0.40262120962142944,0.15054542914370125
UBFC_PHYS_s09_T2_test,11,69,112.3,0.4107967019081116,0.1666580706814898
UBFC_PHYS_s09_T2_test,11,70,112.33333333333333,0.4006316065788269,0.1690380965858972
UBFC_PHYS_s09_T2_test,11,71,112.36666666666666,0.13118989765644073,0.15670012707209136
UBFC_PHYS_s09_T2_test,11,72,112.4,-0.320102721452713,0.13026499214525045
UBFC_PHYS_s09_T2_test,11,73,112.43333333333334,-0.6702767610549927,0.093610146001056
UBFC_PHYS_s09_T2_test,11,74,112.46666666666667,-0.7788913249969482,0.054271252729980665
UBFC_PHYS_s09_T2_test,11,75,112.5,-0.780684769153595,0.021347568549092606
UBFC_PHYS_s09_T2_test,11,76,112.53333333333333,-0.8310408592224121,0.0018296149156626063
UBFC_PHYS_s09_T2_test,11,77,112.56666666666666,-0.9268912672996521,-0.001768407597449912
UBFC_PHYS_s09_T2_test,11,78,112.6,-1.0112384557724,0.008733102297672591
UBFC_PHYS_s09_T2_test,11,79,112.63333333333334,-1.0261954069137573,0.02907519619960061
UBFC_PHYS_s09_T2_test,11,80,112.66666666666667,-0.936278760433197,0.054811925523194055
UBFC_PHYS_s09_T2_test,11,81,112.7,-0.7749682068824768,0.08224055651410868
UBFC_PHYS_s09_T2_test,11,82,112.73333333333333,-0.6101128458976746,0.10781327421994134
UBFC_PHYS_s09_T2_test,11,83,112.76666666666667,-0.48002615571022034,0.12733327653971466
UBFC_PHYS_s09_T2_test,11,84,112.8,-0.3824804425239563,0.13607846214251704
UBFC_PHYS_s09_T2_test,11,85,112.83333333333333,-0.30269384384155273,0.13050287723865162
UBFC_PHYS_s09_T2_test,11,86,112.86666666666666,-0.2511257529258728,0.11051106142451841
UBFC_PHYS_s09_T2_test,11,87,112.9,-0.25118881464004517,0.07989459487240884
UBFC_PHYS_s09_T2_test,11,88,112.93333333333334,-0.2908053696155548,0.045015486102370265
UBFC_PHYS_s09_T2_test,11,89,112.96666666666667,-0.3062106668949127,0.014262031527602246
UBFC_PHYS_s09_T2_test,11,90,113.0,-0.22153417766094208,-0.0021846318332375157
UBFC_PHYS_s09_T2_test,11,91,113.03333333333333,-0.04210019111633301,0.004453905308927779
UBFC_PHYS_s09_T2_test,11,92,113.06666666666666,0.09119502454996109,0.03623122996524328
UBFC_PHYS_s09_T2_test,11,93,113.1,0.061288196593523026,0.08585727370774669
UBFC_PHYS_s09_T2_test,11,94,113.13333333333334,-0.09048774838447571,0.1384907197820236
UBFC_PHYS_s09_T2_test,11,95,113.16666666666667,-0.25764796137809753,0.1761005518094214
UBFC_PHYS_s09_T2_test,11,96,113.2,-0.4011012613773346,0.18246768977620592
UBFC_PHYS_s09_T2_test,11,97,113.23333333333333,-0.5059748291969299,0.14723607197835262
UBFC_PHYS_s09_T2_test,11,98,113.26666666666667,-0.5536338090896606,0.06830696275872099
UBFC_PHYS_s09_T2_test,11,99,113.3,-0.5857334136962891,-0.047212857387921914
UBFC_PHYS_s09_T2_test,11,100,113.33333333333333,-0.6193462014198303,-0.1830538699585024
UBFC_PHYS_s09_T2_test,11,101,113.36666666666666,-0.555504322052002,-0.3143227300570263
UBFC_PHYS_s09_T2_test,11,102,113.4,-0.282755970954895,-0.41049573686255014
UBFC_PHYS_s09_T2_test,11,103,113.43333333333334,0.195963516831398,-0.4446127718098783
UBFC_PHYS_s09_T2_test,11,104,113.46666666666667,0.7260408997535706,-0.40520798603801944
UBFC_PHYS_s09_T2_test,11,105,113.5,1.0340063571929932,-0.3009930108335544
UBFC_PHYS_s09_T2_test,11,106,113.53333333333333,0.9312694668769836,-0.15588584461601773
UBFC_PHYS_s09_T2_test,11,107,113.56666666666666,0.5883601903915405,-0.00011741660743194455
UBFC_PHYS_s09_T2_test,11,108,113.6,0.313384085893631,0.13774787798825217
UBFC_PHYS_s09_T2_test,11,109,113.63333333333334,0.22809112071990967,0.2350964994474822
UBFC_PHYS_s09_T2_test,11,110,113.66666666666667,0.2641978859901428,0.27644278241929465
UBFC_PHYS_s09_T2_test,11,111,113.7,0.3629205524921417,0.25505702671291064
UBFC_PHYS_s09_T2_test,11,112,113.73333333333333,0.5092812180519104,0.17588466501197944
UBFC_PHYS_s09_T2_test,11,113,113.76666666666667,0.6420159935951233,0.05752604274106572
UBFC_PHYS_s09_T2_test,11,114,113.8,0.6289505362510681,-0.06956634475824935
UBFC_PHYS_s09_T2_test,11,115,113.83333333333333,0.37628722190856934,-0.17129225632659575
UBFC_PHYS_s09_T2_test,11,116,113.86666666666666,-0.03283180668950081,-0.22184449008638732
UBFC_PHYS_s09_T2_test,11,117,113.9,-0.38762953877449036,-0.2119140598051745
UBFC_PHYS_s09_T2_test,11,118,113.93333333333334,-0.5763459205627441,-0.14932088125626528
UBFC_PHYS_s09_T2_test,11,119,113.96666666666667,-0.63361656665802,-0.05273051014193289
UBFC_PHYS_s09_T2_test,11,120,114.0,-0.6202219128608704,0.05723108192112808
UBFC_PHYS_s09_T2_test,11,121,114.03333333333333,-0.6175737977027893,0.16260678617950416
UBFC_PHYS_s09_T2_test,11,122,114.06666666666666,-0.700183629989624,0.24773413934685137
UBFC_PHYS_s09_T2_test,11,123,114.1,-0.8236219882965088,0.2992495339113878
UBFC_PHYS_s09_T2_test,11,124,114.13333333333334,-0.8907985091209412,0.3083799182399839
UBFC_PHYS_s09_T2_test,11,125,114.16666666666667,-0.9030022025108337,0.27334022382554013
UBFC_PHYS_s09_T2_test,11,126,114.2,-0.9250067472457886,0.20030560654545024
UBFC_PHYS_s09_T2_test,11,127,114.23333333333333,-0.9766309261322021,0.10247225696781423
UBFC_PHYS_s09_T2_test,11,128,114.26666666666667,-1.0399123430252075,-0.0029778003172935413
UBFC_PHYS_s09_T2_test,11,129,114.3,-1.1008118391036987,-0.09978432953792649
UBFC_PHYS_s09_T2_test,11,130,114.33333333333333,-1.1473920345306396,-0.17681989827716443
UBFC_PHYS_s09_T2_test,11,131,114.36666666666666,-1.169060230255127,-0.227302837878767
UBFC_PHYS_s09_T2_test,11,132,114.4,-1.1610878705978394,-0.24516005953118045
UBFC_PHYS_s09_T2_test,11,133,114.43333333333334,-1.1140244007110596,-0.22647540994478
UBFC_PHYS_s09_T2_test,11,134,114.46666666666667,-1.0153788328170776,-0.17584991530605618
UBFC_PHYS_s09_T2_test,11,135,114.5,-0.8475180268287659,-0.10937466159718973
UBFC_PHYS_s09_T2_test,11,136,114.53333333333333,-0.5757014155387878,-0.05090654285155308
UBFC_PHYS_s09_T2_test,11,137,114.56666666666666,-0.21763907372951508,-0.024263051461210692
UBFC_PHYS_s09_T2_test,11,138,114.6,0.12335065007209778,-0.04501740482508582
UBFC_PHYS_s09_T2_test,11,139,114.63333333333334,0.3407478928565979,-0.11580645892217732
UBFC_PHYS_s09_T2_test,11,140,114.66666666666667,0.416464239358902,-0.2259846125325563
UBFC_PHYS_s09_T2_test,11,141,114.7,0.404050350189209,-0.35334134320678035
UBFC_PHYS_s09_T2_test,11,142,114.73333333333333,0.38872212171554565,-0.46671351191671673
UBFC_PHYS_s09_T2_test,11,143,114.76666666666667,0.45065146684646606,-0.529751927567853
UBFC_PHYS_s09_T2_test,11,144,114.8,0.5763456225395203,-0.5071610209030407
UBFC_PHYS_s09_T2_test,11,145,114.83333333333333,0.6586121916770935,-0.37518130800565025
UBFC_PHYS_s09_T2_test,11,146,114.86666666666666,0.6201655268669128,-0.1324786011254069
UBFC_PHYS_s09_T2_test,11,147,114.9,0.4755913317203522,0.197249356364986
UBFC_PHYS_s09_T2_test,11,148,114.93333333333334,0.28378549218177795,0.5710963441709372
UBFC_PHYS_s09_T2_test,11,149,114.96666666666667,0.0936189591884613,0.9329034502133036
UBFC_PHYS_s09_T2_test,11,150,115.0,-0.06664074957370758,1.217998893326851
UBFC_PHYS_s09_T2_test,11,151,115.03333333333333,-0.19056950509548187,1.3625061866194383
UBFC_PHYS_s09_T2_test,11,152,115.06666666666666,-0.30096346139907837,1.3181638802847708
UBFC_PHYS_s09_T2_test,11,153,115.1,-0.4250183403491974,1.0680114710980548
UBFC_PHYS_s09_T2_test,11,154,115.13333333333334,-0.5624678730964661,0.638278681986213
UBFC_PHYS_s09_T2_test,11,155,115.16666666666667,-0.6900675296783447,0.1025455194101114
UBFC_PHYS_s09_T2_test,11,156,115.2,-0.7970778346061707,-0.4282362298227535
UBFC_PHYS_s09_T2_test,11,157,115.23333333333333,-0.8914290070533752,-0.8368663363317896
UBFC_PHYS_s09_T2_test,11,158,115.26666666666667,-0.9674325585365295,-1.0415912663112732
UBFC_PHYS_s09_T2_test,11,159,115.3,-1.0052697658538818,-1.0221733059459672
UBFC_PHYS_s09_T2_test,11,160,115.33333333333333,-1.0143909454345703,-0.8185139579036931
UBFC_PHYS_s09_T2_test,11,161,115.36666666666666,-1.0321711301803589,-0.5070099095558899
UBFC_PHYS_s09_T2_test,11,162,115.4,-1.060165524482727,-0.1690141693052167
UBFC_PHYS_s09_T2_test,11,163,115.43333333333334,-1.0578255653381348,0.12858605141038584
UBFC_PHYS_s09_T2_test,11,164,115.46666666666667,-1.016814947128296,0.33681793305423446
UBFC_PHYS_s09_T2_test,11,165,115.5,-0.9612185955047607,0.4247136122234188
UBFC_PHYS_s09_T2_test,11,166,115.53333333333333,-0.8245677351951599,0.38191371710951694
UBFC_PHYS_s09_T2_test,11,167,115.56666666666666,-0.4059421420097351,0.2210083512159901
UBFC_PHYS_s09_T2_test,11,168,115.6,0.4453062117099762,-0.022620759632644045
UBFC_PHYS_s09_T2_test,11,169,115.63333333333334,1.5640556812286377,-0.2945154723589112
UBFC_PHYS_s09_T2_test,11,170,115.66666666666667,2.4964218139648438,-0.5302885488415912
UBFC_PHYS_s09_T2_test,11,171,115.7,2.904055595397949,-0.6721078707026156
UBFC_PHYS_s09_T2_test,11,172,115.73333333333333,2.863213062286377,-0.6875827819959908
UBFC_PHYS_s09_T2_test,11,173,115.76666666666667,2.681936502456665,-0.5801008638349249
UBFC_PHYS_s09_T2_test,11,174,115.8,2.5339505672454834,-0.38562275847173044
UBFC_PHYS_s09_T2_test,11,175,115.83333333333333,2.407205581665039,-0.1580454673383031
UBFC_PHYS_s09_T2_test,11,176,115.86666666666666,2.2989554405212402,0.0493868412213119
UBFC_PHYS_s09_T2_test,11,177,115.9,2.2011923789978027,0.1955172235392518
UBFC_PHYS_s09_T2_test,11,178,115.93333333333334,1.9785130023956299,0.25408304540882004
UBFC_PHYS_s09_T2_test,11,179,115.96666666666667,1.4862587451934814,0.21598399852249253
UBFC_PHYS_s09_T2_test,11,180,116.0,0.7395616769790649,0.0941987607609638
UBFC_PHYS_s09_T2_test,11,181,116.03333333333333,-0.13362112641334534,-0.07152784715234495
UBFC_PHYS_s09_T2_test,11,182,116.06666666666666,-0.8950508832931519,-0.21801402183253993
UBFC_PHYS_s09_T2_test,11,183,116.1,-1.2740318775177002,-0.2803460124911498
UBFC_PHYS_s09_T2_test,11,184,116.13333333333334,-1.2650717496871948,-0.22201508979172013
UBFC_PHYS_s09_T2_test,11,185,116.16666666666667,-1.157900333404541,-0.04545238072193991
UBFC_PHYS_s09_T2_test,11,186,116.2,-1.15167236328125,0.22098095110465257
UBFC_PHYS_s09_T2_test,11,187,116.23333333333333,-1.2180572748184204,0.5386109285927018
UBFC_PHYS_s09_T2_test,11,188,116.26666666666667,-1.3127517700195312,0.8651784190274465
UBFC_PHYS_s09_T2_test,11,189,116.3,-1.4413461685180664,1.1536459808160677
UBFC_PHYS_s09_T2_test,11,190,116.33333333333333,-1.5915459394454956,1.3501005304073268
UBFC_PHYS_s09_T2_test,11,191,116.36666666666666,-1.7508248090744019,1.401586040849418
UBFC_PHYS_s09_T2_test,11,192,116.4,-1.918384313583374,1.273828303397047
UBFC_PHYS_s09_T2_test,11,193,116.43333333333334,-2.0891454219818115,0.9675944619652459
UBFC_PHYS_s09_T2_test,11,194,116.46666666666667,-2.2926857471466064,0.5238890719729521
UBFC_PHYS_s09_T2_test,11,195,116.5,-2.600630044937134,0.012071016090682674
UBFC_PHYS_s09_T2_test,11,196,116.53333333333333,-2.99406361579895,-0.4918186958970415
UBFC_PHYS_s09_T2_test,11,197,116.56666666666666,-3.3069047927856445,-0.9178653718109155
UBFC_PHYS_s09_T2_test,11,198,116.6,-3.453132390975952,-1.2061162093951836
UBFC_PHYS_s09_T2_test,11,199,116.63333333333334,-3.527069330215454,-1.319296768711763
UBFC_PHYS_s09_T2_test,11,200,116.66666666666667,-3.592970848083496,-1.261515937634354
UBFC_PHYS_s09_T2_test,11,201,116.7,-3.5415287017822266,-1.079658058099681
UBFC_PHYS_s09_T2_test,11,202,116.73333333333333,-3.2766616344451904,-0.8436094654521702
UBFC_PHYS_s09_T2_test,11,203,116.76666666666667,-2.885105609893799,-0.622125500508007
UBFC_PHYS_s09_T2_test,11,204,116.8,-2.506159782409668,-0.46469711846869166
UBFC_PHYS_s09_T2_test,11,205,116.83333333333333,-2.1599788665771484,-0.391105696131014
UBFC_PHYS_s09_T2_test,11,206,116.86666666666666,-1.8153672218322754,-0.3891256277320743
UBFC_PHYS_s09_T2_test,11,207,116.9,-1.4602402448654175,-0.41997225357551043
UBFC_PHYS_s09_T2_test,11,208,116.93333333333334,-1.0651603937149048,-0.4305029212608396
UBFC_PHYS_s09_T2_test,11,209,116.96666666666667,-0.5917441844940186,-0.3706314836531534
UBFC_PHYS_s09_T2_test,11,210,117.0,-0.06800683587789536,-0.21047049155833367
UBFC_PHYS_s09_T2_test,11,211,117.03333333333333,0.40835174918174744,0.051290756538068166
UBFC_PHYS_s09_T2_test,11,212,117.06666666666666,0.7720465660095215,0.388979986625554
UBFC_PHYS_s09_T2_test,11,213,117.1,1.0400381088256836,0.7554516114516241
UBFC_PHYS_s09_T2_test,11,214,117.13333333333334,1.2434872388839722,1.0893607711352802
UBFC_PHYS_s09_T2_test,11,215,117.16666666666667,1.3449491262435913,1.3264014702644724
UBFC_PHYS_s09_T2_test,11,216,117.2,1.2812683582305908,1.413791338374488
UBFC_PHYS_s09_T2_test,11,217,117.23333333333333,1.0850980281829834,1.324061503071174
UBFC_PHYS_s09_T2_test,11,218,117.26666666666667,0.8715188503265381,1.0632716331305274
UBFC_PHYS_s09_T2_test,11,219,117.3,0.6686932444572449,0.6687722589223036
UBFC_PHYS_s09_T2_test,11,220,117.33333333333333,0.4064812660217285,0.20020878184851298
UBFC_PHYS_s09_T2_test,11,221,117.36666666666666,0.11005405336618423,-0.2650960501509575
UBFC_PHYS_s09_T2_test,11,222,117.4,-0.07723318785429001,-0.6365218929088108
UBFC_PHYS_s09_T2_test,11,223,117.43333333333334,-0.0201236791908741,-0.8321453344301284
UBFC_PHYS_s09_T2_test,11,224,117.46666666666667,0.40255114436149597,-0.8129622630068316
UBFC_PHYS_s09_T2_test,11,225,117.5,1.1359375715255737,-0.6014085778995574
UBFC_PHYS_s09_T2_test,11,226,117.53333333333333,1.7630913257598877,-0.272887184689674
UBFC_PHYS_s09_T2_test,11,227,117.56666666666666,2.066236972808838,0.0715478795880512
UBFC_PHYS_s09_T2_test,11,228,117.6,2.3593013286590576,0.3375992662569801
UBFC_PHYS_s09_T2_test,11,229,117.63333333333334,2.8028528690338135,0.45907095840229123
UBFC_PHYS_s09_T2_test,11,230,117.66666666666667,3.1604809761047363,0.40549146753100634
UBFC_PHYS_s09_T2_test,11,231,117.7,3.4004712104797363,0.18667750757346957
UBFC_PHYS_s09_T2_test,11,232,117.73333333333333,3.6301491260528564,-0.1440890233214232
UBFC_PHYS_s09_T2_test,11,233,117.76666666666667,3.6399219036102295,-0.4963646291768799
UBFC_PHYS_s09_T2_test,11,234,117.8,3.3976969718933105,-0.7642465047591492
UBFC_PHYS_s09_T2_test,11,235,117.83333333333333,3.341295003890991,-0.8649399921217891
UBFC_PHYS_s09_T2_test,11,236,117.86666666666666,3.5597081184387207,-0.7767147269970479
UBFC_PHYS_s09_T2_test,11,237,117.9,3.525773048400879,-0.5436804951839418
UBFC_PHYS_s09_T2_test,11,238,117.93333333333334,2.892496347427368,-0.24667496216479246
UBFC_PHYS_s09_T2_test,11,239,117.96666666666667,1.8449585437774658,0.02858424345001147
UBFC_PHYS_s09_T2_test,11,240,118.0,0.6304847598075867,0.21151367353909484
UBFC_PHYS_s09_T2_test,11,241,118.03333333333333,-0.5603101253509521,0.2600722473960474
UBFC_PHYS_s09_T2_test,11,242,118.06666666666666,-1.3942546844482422,0.17031917705070876
UBFC_PHYS_s09_T2_test,11,243,118.1,-1.75741708278656,-0.01918533182437619
UBFC_PHYS_s09_T2_test,11,244,118.13333333333334,-2.0023462772369385,-0.2341208251664771
UBFC_PHYS_s09_T2_test,11,245,118.16666666666667,-2.4293084144592285,-0.3911750993683627
UBFC_PHYS_s09_T2_test,11,246,118.2,-2.8581693172454834,-0.43405038908405774
UBFC_PHYS_s09_T2_test,11,247,118.23333333333333,-2.9150755405426025,-0.3504628355596961
UBFC_PHYS_s09_T2_test,11,248,118.26666666666667,-2.440279245376587,-0.16328729477475723
UBFC_PHYS_s09_T2_test,11,249,118.3,-1.6299926042556763,0.08817556224576777
UBFC_PHYS_s09_T2_test,11,250,118.33333333333333,-0.9346674680709839,0.36343743803613743
UBFC_PHYS_s09_T2_test,11,251,118.36666666666666,-0.722573459148407,0.6252659073376983
UBFC_PHYS_s09_T2_test,11,252,118.4,-0.904872715473175,0.8371616286080721
UBFC_PHYS_s09_T2_test,11,253,118.43333333333334,-1.0584560632705688,0.9673403632237152
UBFC_PHYS_s09_T2_test,11,254,118.46666666666667,-0.9508573412895203,0.9996191094145199
UBFC_PHYS_s09_T2_test,11,255,118.5,-0.6627808213233948,0.938230397888409
UBFC_PHYS_s09_T2_test,11,256,118.53333333333333,-0.29204535484313965,0.8027589033850691
UBFC_PHYS_s09_T2_test,11,257,118.56666666666666,0.09468381106853485,0.6195993556433449
UBFC_PHYS_s09_T2_test,11,258,118.6,0.4098299443721771,0.41474534131098073
UBFC_PHYS_s09_T2_test,11,259,118.63333333333334,0.6837061643600464,0.20996561724788704
UBFC_PHYS_s09_T2_test,11,260,118.66666666666667,1.0397509336471558,0.021734217138242536
UBFC_PHYS_s09_T2_test,11,261,118.7,1.4654381275177002,-0.14001611258967303
UBFC_PHYS_s09_T2_test,11,262,118.73333333333333,1.808410406112671,-0.27332177690392634
UBFC_PHYS_s09_T2_test,11,263,118.76666666666667,1.9791924953460693,-0.38282781086082196
UBFC_PHYS_s09_T2_test,11,264,118.8,2.0214991569519043,-0.47548584965348495
UBFC_PHYS_s09_T2_test,11,265,118.83333333333333,2.001547336578369,-0.5561042084850394
UBFC_PHYS_s09_T2_test,11,266,118.86666666666666,1.926629662513733,-0.6247382297207544
UBFC_PHYS_s09_T2_test,11,267,118.9,1.7701178789138794,-0.67667380983609
UBFC_PHYS_s09_T2_test,11,268,118.93333333333334,1.5621291399002075,-0.7046540685628966
UBFC_PHYS_s09_T2_test,11,269,118.96666666666667,1.3866463899612427,-0.7020121126750862
UBFC_PHYS_s09_T2_test,11,270,119.0,1.2263095378875732,-0.6652605798792133
UBFC_PHYS_s09_T2_test,11,271,119.03333333333333,0.9450494647026062,-0.5948951238960432
UBFC_PHYS_s09_T2_test,11,272,119.06666666666666,0.5320843458175659,-0.49468049246210655
UBFC_PHYS_s09_T2_test,11,273,119.1,0.14722567796707153,-0.3710681040498907
UBFC_PHYS_s09_T2_test,11,274,119.13333333333334,-0.07337311655282974,-0.2330968198276332
UBFC_PHYS_s09_T2_test,11,275,119.16666666666667,-0.14226602017879486,-0.09174160075363996
UBFC_PHYS_s09_T2_test,11,276,119.2,-0.17439360916614532,0.041505326432724685
UBFC_PHYS_s09_T2_test,11,277,119.23333333333333,-0.26321038603782654,0.15611880856204186
UBFC_PHYS_s09_T2_test,11,278,119.26666666666667,-0.3549344837665558,0.24394229722927613
UBFC_PHYS_s09_T2_test,11,279,119.3,-0.28546711802482605,0.30089289227126187
UBFC_PHYS_s09_T2_test,11,280,119.33333333333333,-0.02677898295223713,0.3284611518304958
UBFC_PHYS_s09_T2_test,11,281,119.36666666666666,0.28228631615638733,0.333685720629449
UBFC_PHYS_s09_T2_test,11,282,119.4,0.5599735975265503,0.32724422270544257
UBFC_PHYS_s09_T2_test,11,283,119.43333333333334,0.8272995948791504,0.3203804907204525
UBFC_PHYS_s09_T2_test,11,284,119.46666666666667,1.0430645942687988,0.32163594550736513
UBFC_PHYS_s09_T2_test,11,285,119.5,1.116917371749878,0.3344314494166995
UBFC_PHYS_s09_T2_test,11,286,119.53333333333333,1.0415863990783691,0.3559827592032506
UBFC_PHYS_s09_T2_test,11,287,119.56666666666666,0.8499346375465393,0.3774310729940599
UBFC_PHYS_s09_T2_test,11,288,119.6,0.5372334718704224,0.3853857676750036
UBFC_PHYS_s09_T2_test,11,289,119.63333333333334,0.1914028823375702,0.365322989768954
UBFC_PHYS_s09_T2_test,11,290,119.66666666666667,-0.04166584834456444,0.3062894142664421
UBFC_PHYS_s09_T2_test,11,291,119.7,-0.19103887677192688,0.20537916285031718
UBFC_PHYS_s09_T2_test,11,292,119.73333333333333,-0.3610783815383911,0.07059046371686747
UBFC_PHYS_s09_T2_test,11,293,119.76666666666667,-0.5409607291221619,-0.07896165271438646
UBFC_PHYS_s09_T2_test,11,294,119.8,-0.813933253288269,-0.21637608469460917
UBFC_PHYS_s09_T2_test,11,295,119.83333333333333,-1.165501356124878,-0.31433571755979706
UBFC_PHYS_s09_T2_test,11,296,119.86666666666666,-1.1162941455841064,-0.3540449848086427
UBFC_PHYS_s09_T2_test,11,297,119.9,-0.4713602662086487,-0.3307477496810578
UBFC_PHYS_s09_T2_test,11,298,119.93333333333334,0.11962368339300156,-0.2539857249511962
UBFC_PHYS_s09_T2_test,11,299,119.96666666666667,0.16727565228939056,-0.14423767206311605
UBFC_PHYS_s09_T2_test,12,0,120.0,-0.05981030687689781,0.007723617316591068
UBFC_PHYS_s09_T2_test,12,1,120.03333333333333,-0.37194404006004333,-1.0606789568956645
UBFC_PHYS_s09_T2_test,12,2,120.06666666666666,-0.8846896290779114,-2.0045375632287894
UBFC_PHYS_s09_T2_test,12,3,120.1,-1.4314683675765991,-2.717961385917084
UBFC_PHYS_s09_T2_test,12,4,120.13333333333334,-1.8189961910247803,-3.137767994407241
UBFC_PHYS_s09_T2_test,12,5,120.16666666666667,-2.25049090385437,-3.2554902535210837
UBFC_PHYS_s09_T2_test,12,6,120.2,-2.8144333362579346,-3.109328674811568
UBFC_PHYS_s09_T2_test,12,7,120.23333333333333,-3.038156747817993,-2.7659600585478374
UBFC_PHYS_s09_T2_test,12,8,120.26666666666667,-2.486957550048828,-2.3009091874904954
UBFC_PHYS_s09_T2_test,12,9,120.3,-1.4510139226913452,-1.783025990542723
UBFC_PHYS_s09_T2_test,12,10,120.33333333333333,-0.5382915735244751,-1.2655932810454427
UBFC_PHYS_s09_T2_test,12,11,120.36666666666666,-0.07987429201602936,-0.7834890738182004
UBFC_PHYS_s09_T2_test,12,12,120.4,-0.04476231336593628,-0.3548446228315348
UBFC_PHYS_s09_T2_test,12,13,120.43333333333334,-0.07412971556186676,0.014740696989381116
UBFC_PHYS_s09_T2_test,12,14,120.46666666666667,0.1867792010307312,0.32711552630350726
UBFC_PHYS_s09_T2_test,12,15,120.5,0.576261579990387,0.5867578044694797
UBFC_PHYS_s09_T2_test,12,16,120.53333333333333,0.6434871554374695,0.7973084870099573
UBFC_PHYS_s09_T2_test,12,17,120.56666666666666,0.4032447040081024,0.960395621087049
UBFC_PHYS_s09_T2_test,12,18,120.6,0.13566645979881287,1.076317902294699
UBFC_PHYS_s09_T2_test,12,19,120.63333333333334,-0.1036442369222641,1.1449842985668819
UBFC_PHYS_s09_T2_test,12,20,120.66666666666667,-0.34385165572166443,1.1664213698306405
UBFC_PHYS_s09_T2_test,12,21,120.7,-0.5047138333320618,1.141244236009202
UBFC_PHYS_s09_T2_test,12,22,120.73333333333333,-0.5539490580558777,1.0712298042468507
UBFC_PHYS_s09_T2_test,12,23,120.76666666666667,-0.5454372763633728,0.9597950719430041
UBFC_PHYS_s09_T2_test,12,24,120.8,-0.48163744807243347,0.8120665112217083
UBFC_PHYS_s09_T2_test,12,25,120.83333333333333,-0.315829336643219,0.6341849118505997
UBFC_PHYS_s09_T2_test,12,26,120.86666666666666,-0.09097814559936523,0.43226321226587366
UBFC_PHYS_s09_T2_test,12,27,120.9,0.025559723377227783,0.2120814344002207
UBFC_PHYS_s09_T2_test,12,28,120.93333333333334,-0.016725972294807434,-0.019962875386216723
UBFC_PHYS_s09_T2_test,12,29,120.96666666666667,0.03919258713722229,-0.2548592622694502
UBFC_PHYS_s09_T2_test,12,30,121.0,0.469601571559906,-0.4789041107016871
UBFC_PHYS_s09_T2_test,12,31,121.03333333333333,1.1601418256759644,-0.673042587391674
UBFC_PHYS_s09_T2_test,12,32,121.06666666666666,1.5513195991516113,-0.8152482818848726
UBFC_PHYS_s09_T2_test,12,33,121.1,1.145142912864685,-0.887175317532742
UBFC_PHYS_s09_T2_test,12,34,121.13333333333334,0.17353864014148712,-0.8815872538467895
UBFC_PHYS_s09_T2_test,12,35,121.16666666666667,-0.45650142431259155,-0.8031664430214249
UBFC_PHYS_s09_T2_test,12,36,121.2,-0.12059073895215988,-0.662551347347771
UBFC_PHYS_s09_T2_test,12,37,121.23333333333333,0.9344920516014099,-0.47070952660668286
UBFC_PHYS_s09_T2_test,12,38,121.26666666666667,1.8518941402435303,-0.23775365663387174
UBFC_PHYS_s09_T2_test,12,39,121.3,1.905171513557434,0.02377084276489811
UBFC_PHYS_s09_T2_test,12,40,121.33333333333333,1.302109956741333,0.29439858317615974
UBFC_PHYS_s09_T2_test,12,41,121.36666666666666,0.8481202125549316,0.5477295153915318
UBFC_PHYS_s09_T2_test,12,42,121.4,0.8338428139686584,0.7558625591176643
UBFC_PHYS_s09_T2_test,12,43,121.43333333333334,0.7883205413818359,0.8962583000152746
UBFC_PHYS_s09_T2_test,12,44,121.46666666666667,0.2946721613407135,0.9566840918429219
UBFC_PHYS_s09_T2_test,12,45,121.5,-0.4594437777996063,0.9363445942268991
UBFC_PHYS_s09_T2_test,12,46,121.53333333333333,-0.9489448666572571,0.8434332614290095
UBFC_PHYS_s09_T2_test,12,47,121.56666666666666,-1.022517442703247,0.6913462958471623
UBFC_PHYS_s09_T2_test,12,48,121.6,-1.009830355644226,0.49608976236457003
UBFC_PHYS_s09_T2_test,12,49,121.63333333333334,-1.198007345199585,0.27704935023383725
UBFC_PHYS_s09_T2_test,12,50,121.66666666666667,-1.4834847450256348,0.059153850027627145
UBFC_PHYS_s09_T2_test,12,51,121.7,-1.5197176933288574,-0.12908156832953774
UBFC_PHYS_s09_T2_test,12,52,121.73333333333333,-1.0564525127410889,-0.2630402353328781
UBFC_PHYS_s09_T2_test,12,53,121.76666666666667,-0.3272974491119385,-0.331770085515891
UBFC_PHYS_s09_T2_test,12,54,121.8,-0.08576598763465881,-0.3441327876674004
UBFC_PHYS_s09_T2_test,12,55,121.83333333333333,-0.6760213375091553,-0.324251871660331
UBFC_PHYS_s09_T2_test,12,56,121.86666666666666,-1.496515154838562,-0.29852632958472186
UBFC_PHYS_s09_T2_test,12,57,121.9,-1.8288320302963257,-0.2853060954578465
UBFC_PHYS_s09_T2_test,12,58,121.93333333333334,-1.639190912246704,-0.29168404351724153
UBFC_PHYS_s09_T2_test,12,59,121.96666666666667,-1.15787935256958,-0.3142635310812381
UBFC_PHYS_s09_T2_test,12,60,122.0,-0.43432876467704773,-0.3420451689563913
UBFC_PHYS_s09_T2_test,12,61,122.03333333333333,0.38474294543266296,-0.3614301153215487
UBFC_PHYS_s09_T2_test,12,62,122.06666666666666,1.0541894435882568,-0.3619470448632238
UBFC_PHYS_s09_T2_test,12,63,122.1,1.5510393381118774,-0.34011739503939614
UBFC_PHYS_s09_T2_test,12,64,122.13333333333334,1.8828657865524292,-0.29993837996964934
UBFC_PHYS_s09_T2_test,12,65,122.16666666666667,1.9013324975967407,-0.24983604751612024
UBFC_PHYS_s09_T2_test,12,66,122.2,1.5842667818069458,-0.1981826235300822
UBFC_PHYS_s09_T2_test,12,67,122.23333333333333,1.1878349781036377,-0.15117748597409433
UBFC_PHYS_s09_T2_test,12,68,122.26666666666667,0.9163755774497986,-0.1134131341411852
UBFC_PHYS_s09_T2_test,12,69,122.3,0.6902143955230713,-0.0879705401081404
UBFC_PHYS_s09_T2_test,12,70,122.33333333333333,0.3761470913887024,-0.07541297378828538
UBFC_PHYS_s09_T2_test,12,71,122.36666666666666,0.0170479416847229,-0.07377242246430402
UBFC_PHYS_s09_T2_test,12,72,122.4,-0.204489603638649,-0.0796796623723566
UBFC_PHYS_s09_T2_test,12,73,122.43333333333334,-0.15893229842185974,-0.08879542195025678
UBFC_PHYS_s09_T2_test,12,74,122.46666666666667,0.0848129391670227,-0.09545251403765585
UBFC_PHYS_s09_T2_test,12,75,122.5,0.3491756021976471,-0.09318374765211641
UBFC_PHYS_s09_T2_test,12,76,122.53333333333333,0.5312857031822205,-0.07713285226360128
UBFC_PHYS_s09_T2_test,12,77,122.56666666666666,0.6076956391334534,-0.04831032462317734
UBFC_PHYS_s09_T2_test,12,78,122.6,0.5387466549873352,-0.016014200108005583
UBFC_PHYS_s09_T2_test,12,79,122.63333333333334,0.3389684855937958,0.007900139231737269
UBFC_PHYS_s09_T2_test,12,80,122.66666666666667,0.12293031811714172,0.019789950553971945
UBFC_PHYS_s09_T2_test,12,81,122.7,-0.02771773189306259,0.02823005418001282
UBFC_PHYS_s09_T2_test,12,82,122.73333333333333,-0.1582317352294922,0.04871927136139149
UBFC_PHYS_s09_T2_test,12,83,122.76666666666667,-0.3479219079017639,0.0964542056421691
UBFC_PHYS_s09_T2_test,12,84,122.8,-0.5975658297538757,0.18124249625599367
UBFC_PHYS_s09_T2_test,12,85,122.83333333333333,-0.7965173721313477,0.30434806953706456
UBFC_PHYS_s09_T2_test,12,86,122.86666666666666,-0.7784920334815979,0.45751334004009786
UBFC_PHYS_s09_T2_test,12,87,122.9,-0.5021077394485474,0.6249367847987137
UBFC_PHYS_s09_T2_test,12,88,122.93333333333334,-0.1297890692949295,0.7871968297686953
UBFC_PHYS_s09_T2_test,12,89,122.96666666666667,0.16649803519248962,0.9245627607852555
UBFC_PHYS_s09_T2_test,12,90,123.0,0.3422400951385498,1.0182927174587084
UBFC_PHYS_s09_T2_test,12,91,123.03333333333333,0.37239211797714233,1.049991538381687
UBFC_PHYS_s09_T2_test,12,92,123.06666666666666,0.24868053197860718,1.0013795736345097
UBFC_PHYS_s09_T2_test,12,93,123.1,0.06032142415642738,0.8583779687142911
UBFC_PHYS_s09_T2_test,12,94,123.13333333333334,-0.09388545900583267,0.6190996419796493
UBFC_PHYS_s09_T2_test,12,95,123.16666666666667,-0.23190243542194366,0.3009539270569497
UBFC_PHYS_s09_T2_test,12,96,123.2,-0.4195329546928406,-0.058338233224847186
UBFC_PHYS_s09_T2_test,12,97,123.23333333333333,-0.6685113906860352,-0.410080026989494
UBFC_PHYS_s09_T2_test,12,98,123.26666666666667,-0.9285235404968262,-0.7106768567122803
UBFC_PHYS_s09_T2_test,12,99,123.3,-1.0678155422210693,-0.9337154438379693
UBFC_PHYS_s09_T2_test,12,100,123.33333333333333,-0.9587666392326355,-1.07294269032721
UBFC_PHYS_s09_T2_test,12,101,123.36666666666666,-0.6461495757102966,-1.137774904197101
UBFC_PHYS_s09_T2_test,12,102,123.4,-0.31245264410972595,-1.1450869291138408
UBFC_PHYS_s09_T2_test,12,103,123.43333333333334,-0.08166772127151489,-1.1121488159874584
UBFC_PHYS_s09_T2_test,12,104,123.46666666666667,0.03325885906815529,-1.0526732833114594
UBFC_PHYS_s09_T2_test,12,105,123.5,0.05788348242640495,-0.9747473869988749
UBFC_PHYS_s09_T2_test,12,106,123.53333333333333,0.027276091277599335,-0.8803838852170978
UBFC_PHYS_s09_T2_test,12,107,123.56666666666666,-0.017349468544125557,-0.7675738853651916
UBFC_PHYS_s09_T2_test,12,108,123.6,-0.05272766202688217,-0.6337321447659096
UBFC_PHYS_s09_T2_test,12,109,123.63333333333334,-0.027227340266108513,-0.4776889724034981
UBFC_PHYS_s09_T2_test,12,110,123.66666666666667,0.20727753639221191,-0.2996862291108904
UBFC_PHYS_s09_T2_test,12,111,123.7,0.7821205854415894,-0.10121468598077732
UBFC_PHYS_s09_T2_test,12,112,123.73333333333333,1.527010202407837,0.1144453309233319
UBFC_PHYS_s09_T2_test,12,113,123.76666666666667,2.0001111030578613,0.3413695874880775
UBFC_PHYS_s09_T2_test,12,114,123.8,2.007838249206543,0.5705362926484813
UBFC_PHYS_s09_T2_test,12,115,123.83333333333333,1.780731439590454,0.7906190806868352
UBFC_PHYS_s09_T2_test,12,116,123.86666666666666,1.5286705493927002,0.9892916643694687
UBFC_PHYS_s09_T2_test,12,117,123.9,1.2654848098754883,1.152940194984253
UBFC_PHYS_s09_T2_test,12,118,123.93333333333334,0.9584161043167114,1.2652832716502282
UBFC_PHYS_s09_T2_test,12,119,123.96666666666667,0.5204340815544128,1.3078684424256661
UBFC_PHYS_s09_T2_test,12,120,124.0,-0.1886429637670517,1.263691162942738
UBFC_PHYS_s09_T2_test,12,121,124.03333333333333,-1.0806918144226074,1.12303571258486
UBFC_PHYS_s09_T2_test,12,122,124.06666666666666,-1.7306767702102661,0.8894640413807924
UBFC_PHYS_s09_T2_test,12,123,124.1,-1.8091603517532349,0.5830963774526601
UBFC_PHYS_s09_T2_test,12,124,124.13333333333334,-1.3485713005065918,0.2388778759479383
UBFC_PHYS_s09_T2_test,12,125,124.16666666666667,-0.5792742371559143,-0.1013387279520752
UBFC_PHYS_s09_T2_test,12,126,124.2,0.27397769689559937,-0.4003143137757681
UBFC_PHYS_s09_T2_test,12,127,124.23333333333333,0.9904175996780396,-0.6346853468226981
UBFC_PHYS_s09_T2_test,12,128,124.26666666666667,1.4423828125,-0.7976385585557849
UBFC_PHYS_s09_T2_test,12,129,124.3,1.7741742134094238,-0.8931891627704485
UBFC_PHYS_s09_T2_test,12,130,124.33333333333333,2.160048723220825,-0.9258443466472154
UBFC_PHYS_s09_T2_test,12,131,124.36666666666666,2.4578700065612793,-0.894087216567437
UBFC_PHYS_s09_T2_test,12,132,124.4,2.353311777114868,-0.7921705043132132
UBFC_PHYS_s09_T2_test,12,133,124.43333333333334,1.778804898262024,-0.6196142099789816
UBFC_PHYS_s09_T2_test,12,134,124.46666666666667,1.0300761461257935,-0.3916837455908442
UBFC_PHYS_s09_T2_test,12,135,124.5,0.4768523573875427,-0.13973688739928408
UBFC_PHYS_s09_T2_test,12,136,124.53333333333333,0.2088397741317749,0.09914802701941268
UBFC_PHYS_s09_T2_test,12,137,124.56666666666666,-0.03007861226797104,0.2931737158754149
UBFC_PHYS_s09_T2_test,12,138,124.6,-0.43044066429138184,0.4217058546591179
UBFC_PHYS_s09_T2_test,12,139,124.63333333333334,-0.8702231049537659,0.47599138069437286
UBFC_PHYS_s09_T2_test,12,140,124.66666666666667,-1.107635259628296,0.4570083369399609
UBFC_PHYS_s09_T2_test,12,141,124.7,-1.101820707321167,0.3742967852688522
UBFC_PHYS_s09_T2_test,12,142,124.73333333333333,-1.085105299949646,0.24558622353539508
UBFC_PHYS_s09_T2_test,12,143,124.76666666666667,-1.3035534620285034,0.093128632260379
UBFC_PHYS_s09_T2_test,12,144,124.8,-1.648844599723816,-0.06266963177122971
UBFC_PHYS_s09_T2_test,12,145,124.83333333333333,-1.7769486904144287,-0.20705813746477728
UBFC_PHYS_s09_T2_test,12,146,124.86666666666666,-1.5637898445129395,-0.33048733305145056
UBFC_PHYS_s09_T2_test,12,147,124.9,-1.1689060926437378,-0.42612288275536875
UBFC_PHYS_s09_T2_test,12,148,124.93333333333334,-0.7821488976478577,-0.48776366879798627
UBFC_PHYS_s09_T2_test,12,149,124.96666666666667,-0.5231245160102844,-0.5101342274469076
UBFC_PHYS_s09_T2_test,12,150,125.0,-0.4293898046016693,-0.4910509660588482
UBFC_PHYS_s09_T2_test,12,151,125.03333333333333,-0.3969259560108185,-0.43265209190077547
UBFC_PHYS_s09_T2_test,12,152,125.06666666666666,-0.22676734626293182,-0.34084425036017285
UBFC_PHYS_s09_T2_test,12,153,125.1,0.17244577407836914,-0.22429985982644673
UBFC_PHYS_s09_T2_test,12,154,125.13333333333334,0.6457289457321167,-0.09363584966611185
UBFC_PHYS_s09_T2_test,12,155,125.16666666666667,0.925559937953949,0.03946355803717716
UBFC_PHYS_s09_T2_test,12,156,125.2,0.9445170164108276,0.16345336352481846
UBFC_PHYS_s09_T2_test,12,157,125.23333333333333,0.8806681632995605,0.26864620307334086
UBFC_PHYS_s09_T2_test,12,158,125.26666666666667,0.9232410788536072,0.34919745245989614
UBFC_PHYS_s09_T2_test,12,159,125.3,1.1223607063293457,0.4046843718580898
UBFC_PHYS_s09_T2_test,12,160,125.33333333333333,1.3768244981765747,0.44002812027675875
UBFC_PHYS_s09_T2_test,12,161,125.36666666666666,1.4728569984436035,0.4622676001267898
UBFC_PHYS_s09_T2_test,12,162,125.4,1.2183862924575806,0.4756894668874353
UBFC_PHYS_s09_T2_test,12,163,125.43333333333334,0.5967739224433899,0.47948243689959497
UBFC_PHYS_s09_T2_test,12,164,125.46666666666667,-0.24962656199932098,0.46897789893814384
UBFC_PHYS_s09_T2_test,12,165,125.5,-1.1231526136398315,0.4382016565978888
UBFC_PHYS_s09_T2_test,12,166,125.53333333333333,-1.7437702417373657,0.3825074870179955
UBFC_PHYS_s09_T2_test,12,167,125.56666666666666,-1.811528205871582,0.3013842458668069
UBFC_PHYS_s09_T2_test,12,168,125.6,-1.311946153640747,0.20125378070440644
UBFC_PHYS_s09_T2_test,12,169,125.63333333333334,-0.6405590772628784,0.09770863977663809
UBFC_PHYS_s09_T2_test,12,170,125.66666666666667,-0.18514017760753632,0.013971796441069299
UBFC_PHYS_s09_T2_test,12,171,125.7,0.02442481927573681,-0.02935819282563441
UBFC_PHYS_s09_T2_test,12,172,125.73333333333333,0.15503689646720886,-0.028320949790836266
UBFC_PHYS_s09_T2_test,12,173,125.76666666666667,0.2920871078968048,0.0003638714112148486
UBFC_PHYS_s09_T2_test,12,174,125.8,0.37794753909111023,0.028389957853129956
UBFC_PHYS_s09_T2_test,12,175,125.83333333333333,0.33243227005004883,0.029849488468782086
UBFC_PHYS_s09_T2_test,12,176,125.86666666666666,0.14493484795093536,-0.007510560742799825
UBFC_PHYS_s09_T2_test,12,177,125.9,-0.1605646014213562,-0.07894497105610133
UBFC_PHYS_s09_T2_test,12,178,125.93333333333334,-0.560275137424469,-0.16761124029050856
UBFC_PHYS_s09_T2_test,12,179,125.96666666666667,-0.9825295805931091,-0.25325372901806564
UBFC_PHYS_s09_T2_test,12,180,126.0,-1.2924425601959229,-0.3200733082097662
UBFC_PHYS_s09_T2_test,12,181,126.03333333333333,-1.3101106882095337,-0.36012486413850386
UBFC_PHYS_s09_T2_test,12,182,126.06666666666666,-0.9485945701599121,-0.3720512327015473
UBFC_PHYS_s09_T2_test,12,183,126.1,-0.35330918431282043,-0.3583219202194884
UBFC_PHYS_s09_T2_test,12,184,126.13333333333334,0.15948544442653656,-0.32325799276966266
UBFC_PHYS_s09_T2_test,12,185,126.16666666666667,0.3706827461719513,-0.272629253560625
UBFC_PHYS_s09_T2_test,12,186,126.2,0.29547780752182007,-0.21424068493117526
UBFC_PHYS_s09_T2_test,12,187,126.23333333333333,0.1045546755194664,-0.157768889949515
UBFC_PHYS_s09_T2_test,12,188,126.26666666666667,-0.04168686270713806,-0.11322024721571197
UBFC_PHYS_s09_T2_test,12,189,126.3,-0.11762738227844238,-0.08870131019707866
UBFC_PHYS_s09_T2_test,12,190,126.33333333333333,-0.1881876140832901,-0.0882466577770582
UBFC_PHYS_s09_T2_test,12,191,126.36666666666666,-0.307373583316803,-0.11036441483759284
UBFC_PHYS_s09_T2_test,12,192,126.4,-0.45299163460731506,-0.14786038283243125
UBFC_PHYS_s09_T2_test,12,193,126.43333333333334,-0.473987340927124,-0.1892909798752958
UBFC_PHYS_s09_T2_test,12,194,126.46666666666667,-0.23366084694862366,-0.2217636262865969
UBFC_PHYS_s09_T2_test,12,195,126.5,0.14909616112709045,-0.23419551963864468
UBFC_PHYS_s09_T2_test,12,196,126.53333333333333,0.41857990622520447,-0.2201254954669838
UBFC_PHYS_s09_T2_test,12,197,126.56666666666666,0.5305361151695251,-0.17929713667655467
UBFC_PHYS_s09_T2_test,12,198,126.6,0.5659213066101074,-0.11739060129989896
UBFC_PHYS_s09_T2_test,12,199,126.63333333333334,0.515782356262207,-0.04357065674111135
UBFC_PHYS_s09_T2_test,12,200,126.66666666666667,0.37646234035491943,0.032881954456084564
UBFC_PHYS_s09_T2_test,12,201,126.7,0.26096832752227783,0.10428359500728815
UBFC_PHYS_s09_T2_test,12,202,126.73333333333333,0.2519240975379944,0.16434888066916126
UBFC_PHYS_s09_T2_test,12,203,126.76666666666667,0.297075092792511,0.20814149969138
UBFC_PHYS_s09_T2_test,12,204,126.8,0.30844515562057495,0.23291852100128754
UBFC_PHYS_s09_T2_test,12,205,126.83333333333333,0.2502917945384979,0.2390554847857393
UBFC_PHYS_s09_T2_test,12,206,126.86666666666666,0.17460349202156067,0.23029748970542774
UBFC_PHYS_s09_T2_test,12,207,126.9,0.22986352443695068,0.2128445078257088
UBFC_PHYS_s09_T2_test,12,208,126.93333333333334,0.49031707644462585,0.19375652769736687
UBFC_PHYS_s09_T2_test,12,209,126.96666666666667,0.8177089691162109,0.18002258034095392
UBFC_PHYS_s09_T2_test,12,210,127.0,1.0370538234710693,0.17843787680760748
UBFC_PHYS_s09_T2_test,12,211,127.03333333333333,1.1029483079910278,0.19522503787493156
UBFC_PHYS_s09_T2_test,12,212,127.06666666666666,1.0235049724578857,0.23492304501226713
UBFC_PHYS_s09_T2_test,12,213,127.1,0.8015400767326355,0.29882487542500935
UBFC_PHYS_s09_T2_test,12,214,127.13333333333334,0.4880472719669342,0.38359556450571053
UBFC_PHYS_s09_T2_test,12,215,127.16666666666667,0.12394612282514572,0.4809211108104763
UBFC_PHYS_s09_T2_test,12,216,127.2,-0.2980351448059082,0.5782483339462482
UBFC_PHYS_s09_T2_test,12,217,127.23333333333333,-0.7559410333633423,0.6598906037494189
UBFC_PHYS_s09_T2_test,12,218,127.26666666666667,-1.1895725727081299,0.7083415800012863
UBFC_PHYS_s09_T2_test,12,219,127.3,-1.5683714151382446,0.7062175874812655
UBFC_PHYS_s09_T2_test,12,220,127.33333333333333,-1.8038851022720337,0.6391995965783851
UBFC_PHYS_s09_T2_test,12,221,127.36666666666666,-1.7069698572158813,0.5000897543432788
UBFC_PHYS_s09_T2_test,12,222,127.4,-1.239396333694458,0.2928545041522281
UBFC_PHYS_s09_T2_test,12,223,127.43333333333334,-0.6424716114997864,0.03445629677865221
UBFC_PHYS_s09_T2_test,12,224,127.46666666666667,-0.1702813357114792,-0.247416833940182
UBFC_PHYS_s09_T2_test,12,225,127.5,0.11231686174869537,-0.5217773416172931
UBFC_PHYS_s09_T2_test,12,226,127.53333333333333,0.2174636423587799,-0.7636923744384855
UBFC_PHYS_s09_T2_test,12,227,127.56666666666666,0.17878583073616028,-0.9587598592223388
UBFC_PHYS_s09_T2_test,12,228,127.6,0.08837878704071045,-1.1008906202420032
UBFC_PHYS_s09_T2_test,12,229,127.63333333333334,0.03239717334508896,-1.186963475480046
UBFC_PHYS_s09_T2_test,12,230,127.66666666666667,0.0006829003104940057,-1.2124531251045465
UBFC_PHYS_s09_T2_test,12,231,127.7,-0.06012555584311485,-1.1715957436606248
UBFC_PHYS_s09_T2_test,12,232,127.73333333333333,-0.1710379421710968,-1.061950581455271
UBFC_PHYS_s09_T2_test,12,233,127.76666666666667,-0.317874938249588,-0.8895536708732659
UBFC_PHYS_s09_T2_test,12,234,127.8,-0.41619130969047546,-0.6712776958845765
UBFC_PHYS_s09_T2_test,12,235,127.83333333333333,-0.3360404372215271,-0.43227893998321804
UBFC_PHYS_s09_T2_test,12,236,127.86666666666666,-0.05902567878365517,-0.19937715857933727
UBFC_PHYS_s09_T2_test,12,237,127.9,0.27433496713638306,0.005985420728044144
UBFC_PHYS_s09_T2_test,12,238,127.93333333333334,0.5089449286460876,0.17230689328964477
UBFC_PHYS_s09_T2_test,12,239,127.96666666666667,0.5697463750839233,0.29857104872053175
UBFC_PHYS_s09_T2_test,12,240,128.0,0.44879499077796936,0.39144237619829614
UBFC_PHYS_s09_T2_test,12,241,128.03333333333333,0.21836736798286438,0.4617413510533045
UBFC_PHYS_s09_T2_test,12,242,128.06666666666666,0.015892019495368004,0.5209405473201424
UBFC_PHYS_s09_T2_test,12,243,128.1,-0.09541267901659012,0.5764703546158456
UBFC_PHYS_s09_T2_test,12,244,128.13333333333333,-0.15311065316200256,0.6282162452250277
UBFC_PHYS_s09_T2_test,12,245,128.16666666666666,-0.21365289390087128,0.6716254805274808
UBFC_PHYS_s09_T2_test,12,246,128.2,-0.34645771980285645,0.7051442980890221
UBFC_PHYS_s09_T2_test,12,247,128.23333333333332,-0.5903570652008057,0.7325954652138132
UBFC_PHYS_s09_T2_test,12,248,128.26666666666668,-0.7668347358703613,0.7580006578247445
UBFC_PHYS_s09_T2_test,12,249,128.3,-0.6086206436157227,0.7779532907084219
UBFC_PHYS_s09_T2_test,12,250,128.33333333333334,-0.17466683685779572,0.7776360033706444
UBFC_PHYS_s09_T2_test,12,251,128.36666666666667,0.22391578555107117,0.7359421550860166
UBFC_PHYS_s09_T2_test,12,252,128.4,0.36664053797721863,0.6369637448851739
UBFC_PHYS_s09_T2_test,12,253,128.43333333333334,0.27729132771492004,0.47756699790904095
UBFC_PHYS_s09_T2_test,12,254,128.46666666666667,0.17498180270195007,0.2680107971829929
UBFC_PHYS_s09_T2_test,12,255,128.5,0.21067523956298828,0.030415820460294903
UBFC_PHYS_s09_T2_test,12,256,128.53333333333333,0.22622062265872955,-0.2042880581186765
UBFC_PHYS_s09_T2_test,12,257,128.56666666666666,0.017755504697561264,-0.4046261004497222
UBFC_PHYS_s09_T2_test,12,258,128.6,-0.3374415338039398,-0.5497289569603607
UBFC_PHYS_s09_T2_test,12,259,128.63333333333333,-0.6321383714675903,-0.6353815541051744
UBFC_PHYS_s09_T2_test,12,260,128.66666666666666,-0.7598081231117249,-0.6718819242839935
UBFC_PHYS_s09_T2_test,12,261,128.7,-0.6944950819015503,-0.676244659392523
UBFC_PHYS_s09_T2_test,12,262,128.73333333333332,-0.3885752856731415,-0.6629289467450669
UBFC_PHYS_s09_T2_test,12,263,128.76666666666668,0.16006691753864288,-0.6379361190916847
UBFC_PHYS_s09_T2_test,12,264,128.8,0.7457196116447449,-0.598648047244886
UBFC_PHYS_s09_T2_test,12,265,128.83333333333334,1.1027661561965942,-0.5388190154819029
UBFC_PHYS_s09_T2_test,12,266,128.86666666666667,1.1422425508499146,-0.45557634529424645
UBFC_PHYS_s09_T2_test,12,267,128.9,0.9185823798179626,-0.3535039997607641
UBFC_PHYS_s09_T2_test,12,268,128.93333333333334,0.5374926924705505,-0.24351417934698755
UBFC_PHYS_s09_T2_test,12,269,128.96666666666667,0.19265687465667725,-0.13738703653784165
UBFC_PHYS_s09_T2_test,12,270,129.0,0.08037140220403671,-0.041579545516965154
UBFC_PHYS_s09_T2_test,12,271,129.03333333333333,0.18942029774188995,0.044290555368065296
UBFC_PHYS_s09_T2_test,12,272,129.06666666666666,0.30677783489227295,0.12373400485478647
UBFC_PHYS_s09_T2_test,12,273,129.1,0.28564196825027466,0.19886119437944572
UBFC_PHYS_s09_T2_test,12,274,129.13333333333333,0.12025418132543564,0.2680336575360698
UBFC_PHYS_s09_T2_test,12,275,129.16666666666666,-0.10485620051622391,0.3265247126722206
UBFC_PHYS_s09_T2_test,12,276,129.2,-0.2901538610458374,0.36911843397161703
UBFC_PHYS_s09_T2_test,12,277,129.23333333333332,-0.4196660816669464,0.392000704383076
UBFC_PHYS_s09_T2_test,12,278,129.26666666666668,-0.5145426988601685,0.39311435090906754
UBFC_PHYS_s09_T2_test,12,279,129.3,-0.46797657012939453,0.37214572568447646
UBFC_PHYS_s09_T2_test,12,280,129.33333333333334,-0.19768017530441284,0.3306334430987143
UBFC_PHYS_s09_T2_test,12,281,129.36666666666667,0.11320656538009644,0.2718511148835393
UBFC_PHYS_s09_T2_test,12,282,129.4,0.2432301789522171,0.20040015241002188
UBFC_PHYS_s09_T2_test,12,283,129.43333333333334,0.26618045568466187,0.12175915299982158
UBFC_PHYS_s09_T2_test,12,284,129.46666666666667,0.40968984365463257,0.041956909920245464
UBFC_PHYS_s09_T2_test,12,285,129.5,0.7802290916442871,-0.032580801180715734
UBFC_PHYS_s09_T2_test,12,286,129.53333333333333,1.2659331560134888,-0.09545420358949859
UBFC_PHYS_s09_T2_test,12,287,129.56666666666666,1.5181621313095093,-0.14176970123352692
UBFC_PHYS_s09_T2_test,12,288,129.6,1.3147270679473877,-0.1699486276451912
UBFC_PHYS_s09_T2_test,12,289,129.63333333333333,0.8843250870704651,-0.181789718049314
UBFC_PHYS_s09_T2_test,12,290,129.66666666666666,0.5421794056892395,-0.18069048583098343
UBFC_PHYS_s09_T2_test,12,291,129.7,0.2944900393486023,-0.1699425673230818
UBFC_PHYS_s09_T2_test,12,292,129.73333333333332,0.04822278395295143,-0.15198984991054976
UBFC_PHYS_s09_T2_test,12,293,129.76666666666668,-0.24691540002822876,-0.12830387392689285
UBFC_PHYS_s09_T2_test,12,294,129.8,-0.6481741666793823,-0.09993364771753782
UBFC_PHYS_s09_T2_test,12,295,129.83333333333334,-1.0261253118515015,-0.0691727072343078
UBFC_PHYS_s09_T2_test,12,296,129.86666666666667,-1.123615026473999,-0.04091456888614955
UBFC_PHYS_s09_T2_test,12,297,129.9,-0.9113038182258606,-0.020780230809851218
UBFC_PHYS_s09_T2_test,12,298,129.93333333333334,-0.6422334313392639,-0.010973825979640592
UBFC_PHYS_s09_T2_test,12,299,129.96666666666667,-0.6081442832946777,-0.008472701914276716
UBFC_PHYS_s09_T2_test,13,0,130.0,-0.8633856773376465,0.11128526479364756
UBFC_PHYS_s09_T2_test,13,1,130.03333333333333,-1.1121748685836792,-1.0709483848811345
UBFC_PHYS_s09_T2_test,13,2,130.06666666666666,-1.0705897808074951,-2.155678775158003
UBFC_PHYS_s09_T2_test,13,3,130.1,-0.7886291146278381,-3.042117781880966
UBFC_PHYS_s09_T2_test,13,4,130.13333333333333,-0.411392480134964,-3.6418121156887775
UBFC_PHYS_s09_T2_test,13,5,130.16666666666666,-0.020193735137581825,-3.9015345946758213
UBFC_PHYS_s09_T2_test,13,6,130.2,0.21695925295352936,-3.8229832285061973
UBFC_PHYS_s09_T2_test,13,7,130.23333333333332,0.16770300269126892,-3.463885647233416
UBFC_PHYS_s09_T2_test,13,8,130.26666666666668,-0.03306299075484276,-2.9184331885274846
UBFC_PHYS_s09_T2_test,13,9,130.3,-0.1944015622138977,-2.288918488751739
UBFC_PHYS_s09_T2_test,13,10,130.33333333333334,-0.30511078238487244,-1.660501505516272
UBFC_PHYS_s09_T2_test,13,11,130.36666666666667,-0.36074912548065186,-1.088531066871844
UBFC_PHYS_s09_T2_test,13,12,130.4,-0.3354659676551819,-0.599620247802725
UBFC_PHYS_s09_T2_test,13,13,130.43333333333334,-0.3610503673553467,-0.1996333568104096
UBFC_PHYS_s09_T2_test,13,14,130.46666666666667,-0.5476440787315369,0.11732095149295489
UBFC_PHYS_s09_T2_test,13,15,130.5,-0.6195913553237915,0.3623649997014958
UBFC_PHYS_s09_T2_test,13,16,130.53333333333333,-0.17495405673980713,0.5484341141434727
UBFC_PHYS_s09_T2_test,13,17,130.56666666666666,0.6234161257743835,0.6879086573872627
UBFC_PHYS_s09_T2_test,13,18,130.6,1.2882459163665771,0.7907733774265957
UBFC_PHYS_s09_T2_test,13,19,130.63333333333333,1.588189959526062,0.8645937989725937
UBFC_PHYS_s09_T2_test,13,20,130.66666666666666,1.5705639123916626,0.9155607822104898
UBFC_PHYS_s09_T2_test,13,21,130.7,1.3091576099395752,0.9480424349426303
UBFC_PHYS_s09_T2_test,13,22,130.73333333333332,0.9160743355751038,0.9627972425321742
UBFC_PHYS_s09_T2_test,13,23,130.76666666666668,0.5585024356842041,0.9566741220607831
UBFC_PHYS_s09_T2_test,13,24,130.8,0.27357837557792664,0.9248965903794044
UBFC_PHYS_s09_T2_test,13,25,130.83333333333334,-0.06625544279813766,0.8649419493721975
UBFC_PHYS_s09_T2_test,13,26,130.86666666666667,-0.5404843688011169,0.7805564126193106
UBFC_PHYS_s09_T2_test,13,27,130.9,-1.0298173427581787,0.6842516859822008
UBFC_PHYS_s09_T2_test,13,28,130.93333333333334,-1.3042399883270264,0.5954729677725342
UBFC_PHYS_s09_T2_test,13,29,130.96666666666667,-1.2902288436889648,0.5312719034973803
UBFC_PHYS_s09_T2_test,13,30,131.0,-1.1411219835281372,0.49469296011526054
UBFC_PHYS_s09_T2_test,13,31,131.03333333333333,-0.9852547645568848,0.4732064699558738
UBFC_PHYS_s09_T2_test,13,32,131.06666666666666,-0.8292053937911987,0.448044224426418
UBFC_PHYS_s09_T2_test,13,33,131.1,-0.7356879115104675,0.4036153369996152
UBFC_PHYS_s09_T2_test,13,34,131.13333333333333,-0.7778825163841248,0.3311002211546232
UBFC_PHYS_s09_T2_test,13,35,131.16666666666666,-0.8931593894958496,0.22672494052276235
UBFC_PHYS_s09_T2_test,13,36,131.2,-0.9921552538871765,0.08839860796088331
UBFC_PHYS_s09_T2_test,13,37,131.23333333333332,-1.055906057357788,-0.08354821512023704
UBFC_PHYS_s09_T2_test,13,38,131.26666666666668,-1.0457550287246704,-0.2812676987890863
UBFC_PHYS_s09_T2_test,13,39,131.3,-0.9549345970153809,-0.4852882226012105
UBFC_PHYS_s09_T2_test,13,40,131.33333333333334,-0.8909526467323303,-0.6652834046348752
UBFC_PHYS_s09_T2_test,13,41,131.36666666666667,-0.8451361060142517,-0.7870782301510252
UBFC_PHYS_s09_T2_test,13,42,131.4,-0.6294482350349426,-0.823613865310722
UBFC_PHYS_s09_T2_test,13,43,131.43333333333334,-0.2188650518655777,-0.764366415999931
UBFC_PHYS_s09_T2_test,13,44,131.46666666666667,0.21419204771518707,-0.6191624655699483
UBFC_PHYS_s09_T2_test,13,45,131.5,0.6640064716339111,-0.41465158413874736
UBFC_PHYS_s09_T2_test,13,46,131.53333333333333,1.2252867221832275,-0.18556127861535787
UBFC_PHYS_s09_T2_test,13,47,131.56666666666666,1.7543903589248657,0.033805015044366844
UBFC_PHYS_s09_T2_test,13,48,131.6,2.0578582286834717,0.21503839799159782
UBFC_PHYS_s09_T2_test,13,49,131.63333333333333,2.085341215133667,0.3384543404112767
UBFC_PHYS_s09_T2_test,13,50,131.66666666666666,1.8507522344589233,0.393944689960689
UBFC_PHYS_s09_T2_test,13,51,131.7,1.4591541290283203,0.3804462461387773
UBFC_PHYS_s09_T2_test,13,52,131.73333333333332,1.0978412628173828,0.3046287177282827
UBFC_PHYS_s09_T2_test,13,53,131.76666666666668,0.7927901148796082,0.17925744625336007
UBFC_PHYS_s09_T2_test,13,54,131.8,0.3816254734992981,0.0214586219121532
UBFC_PHYS_s09_T2_test,13,55,131.83333333333334,-0.0972551479935646,-0.14910680531166962
UBFC_PHYS_s09_T2_test,13,56,131.86666666666667,-0.29158300161361694,-0.31204321883374164
UBFC_PHYS_s09_T2_test,13,57,131.9,0.05882923677563667,-0.4477294801497614
UBFC_PHYS_s09_T2_test,13,58,131.93333333333334,0.8088608980178833,-0.5386601967597954
UBFC_PHYS_s09_T2_test,13,59,131.96666666666667,1.5627036094665527,-0.5710362545788316
UBFC_PHYS_s09_T2_test,13,60,132.0,1.9181809425354004,-0.5366384048410863
UBFC_PHYS_s09_T2_test,13,61,132.03333333333333,1.7172257900238037,-0.4345609477249896
UBFC_PHYS_s09_T2_test,13,62,132.06666666666666,1.3425041437149048,-0.2723703925141111
UBFC_PHYS_s09_T2_test,13,63,132.1,1.2163896560668945,-0.06630293613302811
UBFC_PHYS_s09_T2_test,13,64,132.13333333333333,1.2278227806091309,0.15987426462273382
UBFC_PHYS_s09_T2_test,13,65,132.16666666666666,1.0180336236953735,0.37759869998185286
UBFC_PHYS_s09_T2_test,13,66,132.2,0.5728148221969604,0.5578056268918956
UBFC_PHYS_s09_T2_test,13,67,132.23333333333332,0.16382890939712524,0.6763331401890079
UBFC_PHYS_s09_T2_test,13,68,132.26666666666668,-0.04214923083782196,0.7188088027837037
UBFC_PHYS_s09_T2_test,13,69,132.3,-0.09682080149650574,0.6824884514538301
UBFC_PHYS_s09_T2_test,13,70,132.33333333333334,-0.07946096360683441,0.5749291554194229
UBFC_PHYS_s09_T2_test,13,71,132.36666666666667,0.04274441674351692,0.41174671207310704
UBFC_PHYS_s09_T2_test,13,72,132.4,0.3232409358024597,0.21455575472707752
UBFC_PHYS_s09_T2_test,13,73,132.43333333333334,0.6880006194114685,0.00878413343928005
UBFC_PHYS_s09_T2_test,13,74,132.46666666666667,0.9406429529190063,-0.179261663075971
UBFC_PHYS_s09_T2_test,13,75,132.5,0.9287124276161194,-0.32671708630700863
UBFC_PHYS_s09_T2_test,13,76,132.53333333333333,0.730979859828949,-0.41863730378831604
UBFC_PHYS_s09_T2_test,13,77,132.56666666666666,0.6280888915061951,-0.449746179143268
UBFC_PHYS_s09_T2_test,13,78,132.6,0.7729153037071228,-0.42321216272807816
UBFC_PHYS_s09_T2_test,13,79,132.63333333333333,1.0788140296936035,-0.3488537226287067
UBFC_PHYS_s09_T2_test,13,80,132.66666666666666,1.3846356868743896,-0.24160645715780066
UBFC_PHYS_s09_T2_test,13,81,132.7,1.564574122428894,-0.11932969792396755
UBFC_PHYS_s09_T2_test,13,82,132.73333333333332,1.523661494255066,5.6183200704824736e-05
UBFC_PHYS_s09_T2_test,13,83,132.76666666666668,1.2618769407272339,0.10109327736356835
UBFC_PHYS_s09_T2_test,13,84,132.8,0.8668811321258545,0.17233760693483768
UBFC_PHYS_s09_T2_test,13,85,132.83333333333334,0.37926459312438965,0.20678007480577448
UBFC_PHYS_s09_T2_test,13,86,132.86666666666667,-0.1715773642063141,0.2015843972176486
UBFC_PHYS_s09_T2_test,13,87,132.9,-0.6855839490890503,0.15803951331027005
UBFC_PHYS_s09_T2_test,13,88,132.93333333333334,-1.07980215549469,0.08187058250018464
UBFC_PHYS_s09_T2_test,13,89,132.96666666666667,-1.367584466934204,-0.016741994000394004
UBFC_PHYS_s09_T2_test,13,90,133.0,-1.586466908454895,-0.12374502908864773
UBFC_PHYS_s09_T2_test,13,91,133.03333333333333,-1.7329045534133911,-0.22227185948173006
UBFC_PHYS_s09_T2_test,13,92,133.06666666666666,-1.813349723815918,-0.29510652622556877
UBFC_PHYS_s09_T2_test,13,93,133.1,-1.8586547374725342,-0.3301822074204817
UBFC_PHYS_s09_T2_test,13,94,133.13333333333333,-1.8723646402359009,-0.32601821744968007
UBFC_PHYS_s09_T2_test,13,95,133.16666666666666,-1.8370915651321411,-0.290031374989893
UBFC_PHYS_s09_T2_test,13,96,133.2,-1.7698800563812256,-0.23045904878991968
UBFC_PHYS_s09_T2_test,13,97,133.23333333333332,-1.6867307424545288,-0.1502850039622645
UBFC_PHYS_s09_T2_test,13,98,133.26666666666668,-1.552889108657837,-0.04775509863133888
UBFC_PHYS_s09_T2_test,13,99,133.3,-1.3575104475021362,0.07694531835800295
UBFC_PHYS_s09_T2_test,13,100,133.33333333333334,-1.1657816171646118,0.2139007883502008
UBFC_PHYS_s09_T2_test,13,101,133.36666666666667,-1.038132905960083,0.342908186631857
UBFC_PHYS_s09_T2_test,13,102,133.4,-0.9723154902458191,0.44141533160572044
UBFC_PHYS_s09_T2_test,13,103,133.43333333333334,-0.9317110776901245,0.4947567325594452
UBFC_PHYS_s09_T2_test,13,104,133.46666666666667,-0.8764020204544067,0.5022142262710947
UBFC_PHYS_s09_T2_test,13,105,133.5,-0.7738543152809143,0.4737873807695231
UBFC_PHYS_s09_T2_test,13,106,133.53333333333333,-0.6218822002410889,0.42071002079098996
UBFC_PHYS_s09_T2_test,13,107,133.56666666666666,-0.46530044078826904,0.3500620473087554
UBFC_PHYS_s09_T2_test,13,108,133.6,-0.343473345041275,0.26629233867380564
UBFC_PHYS_s09_T2_test,13,109,133.63333333333333,-0.2528211176395416,0.1742772258368062
UBFC_PHYS_s09_T2_test,13,110,133.66666666666666,-0.17480693757534027,0.08037019771988031
UBFC_PHYS_s09_T2_test,13,111,133.7,-0.1098511815071106,-0.009256605741991811
UBFC_PHYS_s09_T2_test,13,112,133.73333333333332,-0.06210813671350479,-0.09144571449866422
UBFC_PHYS_s09_T2_test,13,113,133.76666666666668,-0.02218332141637802,-0.1667277070209876
UBFC_PHYS_s09_T2_test,13,114,133.8,0.0175103098154068,-0.23692206158113532
UBFC_PHYS_s09_T2_test,13,115,133.83333333333334,0.04618415981531143,-0.3014475749033217
UBFC_PHYS_s09_T2_test,13,116,133.86666666666667,0.05024039000272751,-0.3548217219119637
UBFC_PHYS_s09_T2_test,13,117,133.9,0.0362362302839756,-0.38789678478430456
UBFC_PHYS_s09_T2_test,13,118,133.93333333333334,0.021286318078637123,-0.3921136561066319
UBFC_PHYS_s09_T2_test,13,119,133.96666666666667,0.010189475491642952,-0.36296689756948985
UBFC_PHYS_s09_T2_test,13,120,134.0,0.00134843064006418,-0.3011715294013586
UBFC_PHYS_s09_T2_test,13,121,134.03333333333333,-0.006771039683371782,-0.21264205632790345
UBFC_PHYS_s09_T2_test,13,122,134.06666666666666,-0.018666518852114677,-0.10798810854284033
UBFC_PHYS_s09_T2_test,13,123,134.1,-0.027213329449295998,-0.0015868253175004726
UBFC_PHYS_s09_T2_test,13,124,134.13333333333333,-0.018722563982009888,0.09019496666908244
UBFC_PHYS_s09_T2_test,13,125,134.16666666666666,0.00026256535784341395,0.15236221247186926
UBFC_PHYS_s09_T2_test,13,126,134.2,0.015303551219403744,0.17557368573345067
UBFC_PHYS_s09_T2_test,13,127,134.23333333333332,0.025433624163269997,0.15934126972684412
UBFC_PHYS_s09_T2_test,13,128,134.26666666666668,0.03220101818442345,0.11244600575092083
UBFC_PHYS_s09_T2_test,13,129,134.3,0.03129729628562927,0.049577613119668476
UBFC_PHYS_s09_T2_test,13,130,134.33333333333334,0.02201489917933941,-0.0140374983216656
UBFC_PHYS_s09_T2_test,13,131,134.36666666666667,0.009411856532096863,-0.06591379062810354
UBFC_PHYS_s09_T2_test,13,132,134.4,3.35878758050967e-06,-0.09674734122947103
UBFC_PHYS_s09_T2_test,13,133,134.43333333333334,-0.008550457656383514,-0.100728459138922
UBFC_PHYS_s09_T2_test,13,134,134.46666666666667,-0.02726236917078495,-0.07677521364484804
UBFC_PHYS_s09_T2_test,13,135,134.5,-0.04982735216617584,-0.029720998147720768
UBFC_PHYS_s09_T2_test,13,136,134.53333333333333,-0.04872046783566475,0.029589352008636237
UBFC_PHYS_s09_T2_test,13,137,134.56666666666666,-0.023724550381302834,0.08613276473483238
UBFC_PHYS_s09_T2_test,13,138,134.6,-0.007268435787409544,0.12435006724929626
UBFC_PHYS_s09_T2_test,13,139,134.63333333333333,-0.015093672089278698,0.13247195642584433
UBFC_PHYS_s09_T2_test,13,140,134.66666666666666,-0.03480037674307823,0.10578501611216251
UBFC_PHYS_s09_T2_test,13,141,134.7,-0.06189096346497536,0.0468411986718113
UBFC_PHYS_s09_T2_test,13,142,134.73333333333332,-0.10505235940217972,-0.0368296902554958
UBFC_PHYS_s09_T2_test,13,143,134.76666666666668,-0.15922652184963226,-0.13458107409765152
UBFC_PHYS_s09_T2_test,13,144,134.8,-0.20518314838409424,-0.2331890732640679
UBFC_PHYS_s09_T2_test,13,145,134.83333333333334,-0.24079953134059906,-0.31741032960314647
UBFC_PHYS_s09_T2_test,13,146,134.86666666666667,-0.28964945673942566,-0.3716413445671085
UBFC_PHYS_s09_T2_test,13,147,134.9,-0.35814303159713745,-0.3831298699268608
UBFC_PHYS_s09_T2_test,13,148,134.93333333333334,-0.39456507563591003,-0.3456805545634801
UBFC_PHYS_s09_T2_test,13,149,134.96666666666667,-0.325454980134964,-0.261487145482153
UBFC_PHYS_s09_T2_test,13,150,135.0,-0.14587388932704926,-0.14006541771115238
UBFC_PHYS_s09_T2_test,13,151,135.03333333333333,0.053119685500860214,0.005144932848858662
UBFC_PHYS_s09_T2_test,13,152,135.06666666666666,0.19536103308200836,0.16091782075026645
UBFC_PHYS_s09_T2_test,13,153,135.1,0.3140566349029541,0.3168575164803358
UBFC_PHYS_s09_T2_test,13,154,135.13333333333333,0.458021342754364,0.46561134363604767
UBFC_PHYS_s09_T2_test,13,155,135.16666666666666,0.5756310820579529,0.6013385333703244
UBFC_PHYS_s09_T2_test,13,156,135.2,0.5784263014793396,0.7178166307685362
UBFC_PHYS_s09_T2_test,13,157,135.23333333333332,0.4796055555343628,0.8079198830452131
UBFC_PHYS_s09_T2_test,13,158,135.26666666666668,0.38038548827171326,0.8635100170495456
UBFC_PHYS_s09_T2_test,13,159,135.3,0.31540170311927795,0.8724504242930361
UBFC_PHYS_s09_T2_test,13,160,135.33333333333334,0.20387981832027435,0.8161125070172133
UBFC_PHYS_s09_T2_test,13,161,135.36666666666667,-0.010217785835266113,0.6764496088239838
UBFC_PHYS_s09_T2_test,13,162,135.4,-0.2602260112762451,0.45020452328865146
UBFC_PHYS_s09_T2_test,13,163,135.43333333333334,-0.43017444014549255,0.15675227694775754
UBFC_PHYS_s09_T2_test,13,164,135.46666666666667,-0.49096888303756714,-0.16586232985839985
UBFC_PHYS_s09_T2_test,13,165,135.5,-0.509148359298706,-0.47268302467081624
UBFC_PHYS_s09_T2_test,13,166,135.53333333333333,-0.4865623712539673,-0.7253853730886908
UBFC_PHYS_s09_T2_test,13,167,135.56666666666666,-0.330954372882843,-0.9010028038920904
UBFC_PHYS_s09_T2_test,13,168,135.6,-0.09028459340333939,-0.9937149478514924
UBFC_PHYS_s09_T2_test,13,169,135.63333333333333,0.04792154207825661,-1.0123302363255229
UBFC_PHYS_s09_T2_test,13,170,135.66666666666666,0.05970493331551552,-0.9748778772228737
UBFC_PHYS_s09_T2_test,13,171,135.7,0.09733191877603531,-0.9001824627236519
UBFC_PHYS_s09_T2_test,13,172,135.73333333333332,0.1979110687971115,-0.7997435686930038
UBFC_PHYS_s09_T2_test,13,173,135.76666666666668,0.2649054527282715,-0.6760259257332643
UBFC_PHYS_s09_T2_test,13,174,135.8,0.273704469203949,-0.5275799032716465
UBFC_PHYS_s09_T2_test,13,175,135.83333333333334,0.2547053396701813,-0.3556634603964353
UBFC_PHYS_s09_T2_test,13,176,135.86666666666667,0.1900157779455185,-0.16822006861191632
UBFC_PHYS_s09_T2_test,13,177,135.9,0.07877413183450699,0.02072890312254499
UBFC_PHYS_s09_T2_test,13,178,135.93333333333334,0.001803793478757143,0.19581449039718118
UBFC_PHYS_s09_T2_test,13,179,135.96666666666667,0.019478878006339073,0.34643662626591715
UBFC_PHYS_s09_T2_test,13,180,136.0,0.06944269686937332,0.47044819858743514
UBFC_PHYS_s09_T2_test,13,181,136.03333333333333,0.058051615953445435,0.5714625948644692
UBFC_PHYS_s09_T2_test,13,182,136.06666666666666,0.012900636531412601,0.6515142586794118
UBFC_PHYS_s09_T2_test,13,183,136.1,0.010154448449611664,0.7060469630247164
UBFC_PHYS_s09_T2_test,13,184,136.13333333333333,0.062065813690423965,0.7249596563686421
UBFC_PHYS_s09_T2_test,13,185,136.16666666666666,0.13683639466762543,0.6992188742437919
UBFC_PHYS_s09_T2_test,13,186,136.2,0.19783399999141693,0.6289148177196124
UBFC_PHYS_s09_T2_test,13,187,136.23333333333332,0.18941329419612885,0.5260310362218648
UBFC_PHYS_s09_T2_test,13,188,136.26666666666668,0.08159037679433823,0.4095475732373237
UBFC_PHYS_s09_T2_test,13,189,136.3,-0.04020167887210846,0.2954908547355762
UBFC_PHYS_s09_T2_test,13,190,136.33333333333334,-0.05399567261338234,0.18830881891911158
UBFC_PHYS_s09_T2_test,13,191,136.36666666666667,0.044369712471961975,0.08210624267742365
UBFC_PHYS_s09_T2_test,13,192,136.4,0.15678830444812775,-0.029900716222168965
UBFC_PHYS_s09_T2_test,13,193,136.43333333333334,0.21571925282478333,-0.14904912921376132
UBFC_PHYS_s09_T2_test,13,194,136.46666666666667,0.2094772905111313,-0.2721244778917948
UBFC_PHYS_s09_T2_test,13,195,136.5,0.12723875045776367,-0.39533348584106415
UBFC_PHYS_s09_T2_test,13,196,136.53333333333333,-0.025160694494843483,-0.5162664419220668
UBFC_PHYS_s09_T2_test,13,197,136.56666666666666,-0.19186553359031677,-0.6293172424219111
UBFC_PHYS_s09_T2_test,13,198,136.6,-0.32403287291526794,-0.7186373248633031
UBFC_PHYS_s09_T2_test,13,199,136.63333333333333,-0.41702497005462646,-0.7601972075403736
UBFC_PHYS_s09_T2_test,13,200,136.66666666666666,-0.4904784858226776,-0.7329201842425821
UBFC_PHYS_s09_T2_test,13,201,136.7,-0.5576130151748657,-0.6271628440669713
UBFC_PHYS_s09_T2_test,13,202,136.73333333333332,-0.6069393157958984,-0.4458091656335284
UBFC_PHYS_s09_T2_test,13,203,136.76666666666668,-0.5857403874397278,-0.2013826395557307
UBFC_PHYS_s09_T2_test,13,204,136.8,-0.4364094138145447,0.0869257285986976
UBFC_PHYS_s09_T2_test,13,205,136.83333333333334,-0.19042938947677612,0.39307453572731105
UBFC_PHYS_s09_T2_test,13,206,136.86666666666667,0.05973295494914055,0.6823527294532735
UBFC_PHYS_s09_T2_test,13,207,136.9,0.27897965908050537,0.9137272878579449
UBFC_PHYS_s09_T2_test,13,208,136.93333333333334,0.5007273554801941,1.0475940337829044
UBFC_PHYS_s09_T2_test,13,209,136.96666666666667,0.7321147918701172,1.0551046788388472
UBFC_PHYS_s09_T2_test,13,210,137.0,0.9228277206420898,0.9258913259802029
UBFC_PHYS_s09_T2_test,13,211,137.03333333333333,0.9961481690406799,0.6722580213347177
UBFC_PHYS_s09_T2_test,13,212,137.06666666666666,0.9016148447990417,0.3291901467219602
UBFC_PHYS_s09_T2_test,13,213,137.1,0.6475293636322021,-0.04919342664213347
UBFC_PHYS_s09_T2_test,13,214,137.13333333333333,0.31121236085891724,-0.3982177465165647
UBFC_PHYS_s09_T2_test,13,215,137.16666666666666,-0.012347483076155186,-0.6591834929580546
UBFC_PHYS_s09_T2_test,13,216,137.2,-0.28038108348846436,-0.7982727403587443
UBFC_PHYS_s09_T2_test,13,217,137.23333333333332,-0.47374215722084045,-0.8147781090587753
UBFC_PHYS_s09_T2_test,13,218,137.26666666666668,-0.5047558546066284,-0.7348393960504006
UBFC_PHYS_s09_T2_test,13,219,137.3,-0.30593743920326233,-0.5969742424744622
UBFC_PHYS_s09_T2_test,13,220,137.33333333333334,0.012452279217541218,-0.43718889936611105
UBFC_PHYS_s09_T2_test,13,221,137.36666666666667,0.261500746011734,-0.2811164236022482
UBFC_PHYS_s09_T2_test,13,222,137.4,0.3715164065361023,-0.14373665684139506
UBFC_PHYS_s09_T2_test,13,223,137.43333333333334,0.39845287799835205,-0.03054626775955589
UBFC_PHYS_s09_T2_test,13,224,137.46666666666667,0.3750402331352234,0.061640196805057446
UBFC_PHYS_s09_T2_test,13,225,137.5,0.276247501373291,0.141243505876301
UBFC_PHYS_s09_T2_test,13,226,137.53333333333333,0.10461071878671646,0.21572581193082774
UBFC_PHYS_s09_T2_test,13,227,137.56666666666666,-0.09730418026447296,0.2856895335919152
UBFC_PHYS_s09_T2_test,13,228,137.6,-0.2947985529899597,0.3426135118012255
UBFC_PHYS_s09_T2_test,13,229,137.63333333333333,-0.4479405879974365,0.3730721522347472
UBFC_PHYS_s09_T2_test,13,230,137.66666666666666,-0.5604292154312134,0.36673341203802157
UBFC_PHYS_s09_T2_test,13,231,137.7,-0.6971221566200256,0.32056345725454494
UBFC_PHYS_s09_T2_test,13,232,137.73333333333332,-0.8615782260894775,0.23774632619549482
UBFC_PHYS_s09_T2_test,13,233,137.76666666666668,-0.9835034012794495,0.12618443658399692
UBFC_PHYS_s09_T2_test,13,234,137.8,-1.0667437314987183,-0.001305560205043659
UBFC_PHYS_s09_T2_test,13,235,137.83333333333334,-1.1730324029922485,-0.1263716610737547
UBFC_PHYS_s09_T2_test,13,236,137.86666666666667,-1.2830480337142944,-0.2259719634574844
UBFC_PHYS_s09_T2_test,13,237,137.9,-1.3305459022521973,-0.2766188276227993
UBFC_PHYS_s09_T2_test,13,238,137.93333333333334,-1.3113926649093628,-0.26156581949466784
UBFC_PHYS_s09_T2_test,13,239,137.96666666666667,-1.2947124242782593,-0.1780406841568844
UBFC_PHYS_s09_T2_test,13,240,138.0,-1.419068455696106,-0.041145997655687355
UBFC_PHYS_s09_T2_test,13,241,138.03333333333333,-1.8341282606124878,0.11868242166890722
UBFC_PHYS_s09_T2_test,13,242,138.06666666666666,-2.385530710220337,0.2642332179124608
UBFC_PHYS_s09_T2_test,13,243,138.1,-2.6083853244781494,0.3621540693323668
UBFC_PHYS_s09_T2_test,13,244,138.13333333333333,-2.2201569080352783,0.39188710245001745
UBFC_PHYS_s09_T2_test,13,245,138.16666666666666,-1.417527198791504,0.3500151385044223
UBFC_PHYS_s09_T2_test,13,246,138.2,-0.4818266034126282,0.24907997989987843
UBFC_PHYS_s09_T2_test,13,247,138.23333333333332,0.5603448748588562,0.1119859005735051
UBFC_PHYS_s09_T2_test,13,248,138.26666666666668,1.6270709037780762,-0.035630777209042466
UBFC_PHYS_s09_T2_test,13,249,138.3,2.3512940406799316,-0.17191755919158339
UBFC_PHYS_s09_T2_test,13,250,138.33333333333334,2.560837984085083,-0.2822306143172282
UBFC_PHYS_s09_T2_test,13,251,138.36666666666667,2.5122263431549072,-0.3589970272166186
UBFC_PHYS_s09_T2_test,13,252,138.4,2.479433059692383,-0.39935588834841707
UBFC_PHYS_s09_T2_test,13,253,138.43333333333334,2.4440550804138184,-0.40331209439740834
UBFC_PHYS_s09_T2_test,13,254,138.46666666666667,2.260235548019409,-0.3731760319942779
UBFC_PHYS_s09_T2_test,13,255,138.5,1.9083030223846436,-0.3129523351983996
UBFC_PHYS_s09_T2_test,13,256,138.53333333333333,1.5242079496383667,-0.22776378529228633
UBFC_PHYS_s09_T2_test,13,257,138.56666666666666,1.1852918863296509,-0.12482121813240081
UBFC_PHYS_s09_T2_test,13,258,138.6,0.7772867679595947,-0.01540539335221818
UBFC_PHYS_s09_T2_test,13,259,138.63333333333333,0.13295531272888184,0.08460352797378407
UBFC_PHYS_s09_T2_test,13,260,138.66666666666666,-0.7491245865821838,0.15738848164764244
UBFC_PHYS_s09_T2_test,13,261,138.7,-1.6161845922470093,0.189526495964805
UBFC_PHYS_s09_T2_test,13,262,138.73333333333332,-2.1509697437286377,0.1781905732602383
UBFC_PHYS_s09_T2_test,13,263,138.76666666666668,-2.1890311241149902,0.13009709275880624
UBFC_PHYS_s09_T2_test,13,264,138.8,-1.6535943746566772,0.05434972248409652
UBFC_PHYS_s09_T2_test,13,265,138.83333333333334,-0.7294739484786987,-0.041715785601049486
UBFC_PHYS_s09_T2_test,13,266,138.86666666666667,-0.1774410456418991,-0.150291096862042
UBFC_PHYS_s09_T2_test,13,267,138.9,-0.552905261516571,-0.2576962694542436
UBFC_PHYS_s09_T2_test,13,268,138.93333333333334,-1.2519572973251343,-0.3413746898920669
UBFC_PHYS_s09_T2_test,13,269,138.96666666666667,-1.249589443206787,-0.3756005466371801
UBFC_PHYS_s09_T2_test,13,270,139.0,-0.3237806558609009,-0.3431005287833686
UBFC_PHYS_s09_T2_test,13,271,139.03333333333333,0.9584861397743225,-0.24132927419767458
UBFC_PHYS_s09_T2_test,13,272,139.06666666666666,1.9245280027389526,-0.08008444634269021
UBFC_PHYS_s09_T2_test,13,273,139.1,2.335909843444824,0.12411892733263562
UBFC_PHYS_s09_T2_test,13,274,139.13333333333333,2.347623109817505,0.352571284508847
UBFC_PHYS_s09_T2_test,13,275,139.16666666666666,2.0326521396636963,0.5856767398723699
UBFC_PHYS_s09_T2_test,13,276,139.2,1.3283668756484985,0.8013623595119268
UBFC_PHYS_s09_T2_test,13,277,139.23333333333332,0.42414936423301697,0.9731789449114172
UBFC_PHYS_s09_T2_test,13,278,139.26666666666668,-0.3417149484157562,1.071510956955154
UBFC_PHYS_s09_T2_test,13,279,139.3,-0.6653238534927368,1.071132539864743
UBFC_PHYS_s09_T2_test,13,280,139.33333333333334,-0.20405524969100952,0.9624713999474344
UBFC_PHYS_s09_T2_test,13,281,139.36666666666667,0.8689337968826294,0.7585699196391963
UBFC_PHYS_s09_T2_test,13,282,139.4,1.4792882204055786,0.4928896644782119
UBFC_PHYS_s09_T2_test,13,283,139.43333333333334,0.8631051182746887,0.2075156123778578
UBFC_PHYS_s09_T2_test,13,284,139.46666666666667,-0.30010879039764404,-0.06262717548801276
UBFC_PHYS_s09_T2_test,13,285,139.5,-0.8490942716598511,-0.2991417593771722
UBFC_PHYS_s09_T2_test,13,286,139.53333333333333,-0.6028830409049988,-0.4990991354429508
UBFC_PHYS_s09_T2_test,13,287,139.56666666666666,-0.19185152649879456,-0.6667938224519412
UBFC_PHYS_s09_T2_test,13,288,139.6,0.02955290675163269,-0.8041370801180028
UBFC_PHYS_s09_T2_test,13,289,139.63333333333333,0.049154527485370636,-0.9065991562532104
UBFC_PHYS_s09_T2_test,13,290,139.66666666666666,-0.08856822550296783,-0.9659113655889351
UBFC_PHYS_s09_T2_test,13,291,139.7,-0.29706835746765137,-0.9748575329987588
UBFC_PHYS_s09_T2_test,13,292,139.73333333333332,-0.4293617904186249,-0.9310748707643194
UBFC_PHYS_s09_T2_test,13,293,139.76666666666668,-0.45379728078842163,-0.8391480134229922
UBFC_PHYS_s09_T2_test,13,294,139.8,-0.516167938709259,-0.7106891499122411
UBFC_PHYS_s09_T2_test,13,295,139.83333333333334,-0.7390716075897217,-0.5624904253803417
UBFC_PHYS_s09_T2_test,13,296,139.86666666666667,-1.0538954734802246,-0.4128381297857477
UBFC_PHYS_s09_T2_test,13,297,139.9,-1.2057064771652222,-0.2761396708547463
UBFC_PHYS_s09_T2_test,13,298,139.93333333333334,-1.0006810426712036,-0.15795626450744468
UBFC_PHYS_s09_T2_test,13,299,139.96666666666667,-0.6322644948959351,-0.05405247656995994
UBFC_PHYS_s09_T2_test,14,0,140.0,-0.5838629007339478,0.026187897357623797
UBFC_PHYS_s09_T2_test,14,1,140.03333333333333,-1.0059282779693604,-1.1745869365281112
UBFC_PHYS_s09_T2_test,14,2,140.06666666666666,-1.326917052268982,-2.2418659767954816
UBFC_PHYS_s09_T2_test,14,3,140.1,-0.902119517326355,-3.057989125189038
UBFC_PHYS_s09_T2_test,14,4,140.13333333333333,0.2563025951385498,-3.549012347701132
UBFC_PHYS_s09_T2_test,14,5,140.16666666666666,1.3627432584762573,-3.6984646538354453
UBFC_PHYS_s09_T2_test,14,6,140.2,1.5948172807693481,-3.540886822212861
UBFC_PHYS_s09_T2_test,14,7,140.23333333333332,1.0091434717178345,-3.145331297828266
UBFC_PHYS_s09_T2_test,14,8,140.26666666666668,0.44340068101882935,-2.5970952378694085
UBFC_PHYS_s09_T2_test,14,9,140.3,0.5680440068244934,-1.982144285668029
UBFC_PHYS_s09_T2_test,14,10,140.33333333333334,1.3845306634902954,-1.3757703321589083
UBFC_PHYS_s09_T2_test,14,11,140.36666666666667,2.24251127243042,-0.8343453398004658
UBFC_PHYS_s09_T2_test,14,12,140.4,2.1478729248046875,-0.3904132198534177
UBFC_PHYS_s09_T2_test,14,13,140.43333333333334,0.7922086715698242,-0.05301129100296917
UBFC_PHYS_s09_T2_test,14,14,140.46666666666667,-0.9148556590080261,0.18738111542965094
UBFC_PHYS_s09_T2_test,14,15,140.5,-1.6823031902313232,0.35222611202265275
UBFC_PHYS_s09_T2_test,14,16,140.53333333333333,-0.9651347398757935,0.4685426079403294
UBFC_PHYS_s09_T2_test,14,17,140.56666666666666,0.37832584977149963,0.5633072980389441
UBFC_PHYS_s09_T2_test,14,18,140.6,1.0081137418746948,0.6589601272109162
UBFC_PHYS_s09_T2_test,14,19,140.63333333333333,0.4860086441040039,0.7702559736408927
UBFC_PHYS_s09_T2_test,14,20,140.66666666666666,-0.5172748565673828,0.902665902436993
UBFC_PHYS_s09_T2_test,14,21,140.7,-1.316002368927002,1.0525570921026388
UBFC_PHYS_s09_T2_test,14,22,140.73333333333332,-1.6836133003234863,1.2085229541910087
UBFC_PHYS_s09_T2_test,14,23,140.76666666666668,-1.6453838348388672,1.3525624884927205
UBFC_PHYS_s09_T2_test,14,24,140.8,-1.6365917921066284,1.4613192502024293
UBFC_PHYS_s09_T2_test,14,25,140.83333333333334,-2.1189610958099365,1.50897846783149
UBFC_PHYS_s09_T2_test,14,26,140.86666666666667,-2.7907824516296387,1.472295159712824
UBFC_PHYS_s09_T2_test,14,27,140.9,-2.954888343811035,1.3368126730075982
UBFC_PHYS_s09_T2_test,14,28,140.93333333333334,-2.45493483543396,1.1023172569035837
UBFC_PHYS_s09_T2_test,14,29,140.96666666666667,-1.64256751537323,0.7849024931039245
UBFC_PHYS_s09_T2_test,14,30,141.0,-0.7990744113922119,0.41478004227660165
UBFC_PHYS_s09_T2_test,14,31,141.03333333333333,0.04301062971353531,0.030912378249198444
UBFC_PHYS_s09_T2_test,14,32,141.06666666666666,0.9262534976005554,-0.3263008384804427
UBFC_PHYS_s09_T2_test,14,33,141.1,1.673903226852417,-0.623045797317119
UBFC_PHYS_s09_T2_test,14,34,141.13333333333333,1.9504836797714233,-0.8383747884281324
UBFC_PHYS_s09_T2_test,14,35,141.16666666666666,1.7351950407028198,-0.9655024170977055
UBFC_PHYS_s09_T2_test,14,36,141.2,1.4386627674102783,-1.008176293923887
UBFC_PHYS_s09_T2_test,14,37,141.23333333333332,1.44438636302948,-0.9754165355717604
UBFC_PHYS_s09_T2_test,14,38,141.26666666666668,1.7637147903442383,-0.8782930615974356
UBFC_PHYS_s09_T2_test,14,39,141.3,2.1465909481048584,-0.731838766333463
UBFC_PHYS_s09_T2_test,14,40,141.33333333333334,2.3727731704711914,-0.5592200917009492
UBFC_PHYS_s09_T2_test,14,41,141.36666666666667,2.354285478591919,-0.39014942461162216
UBFC_PHYS_s09_T2_test,14,42,141.4,2.120845317840576,-0.2525024641898818
UBFC_PHYS_s09_T2_test,14,43,141.43333333333334,1.8098325729370117,-0.1634839171013732
UBFC_PHYS_s09_T2_test,14,44,141.46666666666667,1.5627316236495972,-0.1249863165872346
UBFC_PHYS_s09_T2_test,14,45,141.5,1.3431626558303833,-0.12498435969794824
UBFC_PHYS_s09_T2_test,14,46,141.53333333333333,1.0422519445419312,-0.14372655176609347
UBFC_PHYS_s09_T2_test,14,47,141.56666666666666,0.7824988961219788,-0.16074224809702187
UBFC_PHYS_s09_T2_test,14,48,141.6,0.7011220455169678,-0.1599289131714282
UBFC_PHYS_s09_T2_test,14,49,141.63333333333333,0.6094820499420166,-0.13178546539774064
UBFC_PHYS_s09_T2_test,14,50,141.66666666666666,0.20517586171627045,-0.07316603166496376
UBFC_PHYS_s09_T2_test,14,51,141.7,-0.5120907425880432,0.013988159906090964
UBFC_PHYS_s09_T2_test,14,52,141.73333333333332,-1.1734317541122437,0.12388697499021485
UBFC_PHYS_s09_T2_test,14,53,141.76666666666668,-1.2949925661087036,0.2477267208017693
UBFC_PHYS_s09_T2_test,14,54,141.8,-0.7251795530319214,0.3741603799242488
UBFC_PHYS_s09_T2_test,14,55,141.83333333333334,0.09210575371980667,0.48979739323300486
UBFC_PHYS_s09_T2_test,14,56,141.86666666666667,0.4844183921813965,0.5801406252820875
UBFC_PHYS_s09_T2_test,14,57,141.9,0.21002371609210968,0.6312326652482293
UBFC_PHYS_s09_T2_test,14,58,141.93333333333334,-0.30059218406677246,0.632160908836045
UBFC_PHYS_s09_T2_test,14,59,141.96666666666667,-0.4630376398563385,0.5783263239926562
UBFC_PHYS_s09_T2_test,14,60,142.0,-0.1689923107624054,0.47444675656551505
UBFC_PHYS_s09_T2_test,14,61,142.03333333333333,0.21983854472637177,0.3355078350832953
UBFC_PHYS_s09_T2_test,14,62,142.06666666666666,0.37674957513809204,0.18381528636896619
UBFC_PHYS_s09_T2_test,14,63,142.1,0.32010945677757263,0.04080502564502862
UBFC_PHYS_s09_T2_test,14,64,142.13333333333333,0.2666778564453125,-0.08236153464222384
UBFC_PHYS_s09_T2_test,14,65,142.16666666666666,0.3466886281967163,-0.18694005455647794
UBFC_PHYS_s09_T2_test,14,66,142.2,0.476663202047348,-0.28027848173101455
UBFC_PHYS_s09_T2_test,14,67,142.23333333333332,0.4492013156414032,-0.3673909574915624
UBFC_PHYS_s09_T2_test,14,68,142.26666666666668,0.14649009704589844,-0.44572560413488715
UBFC_PHYS_s09_T2_test,14,69,142.3,-0.28157901763916016,-0.5060350081774162
UBFC_PHYS_s09_T2_test,14,70,142.33333333333334,-0.566173791885376,-0.5379395838812943
UBFC_PHYS_s09_T2_test,14,71,142.36666666666667,-0.6208873987197876,-0.5348836541052079
UBFC_PHYS_s09_T2_test,14,72,142.4,-0.5799537897109985,-0.49581019554510675
UBFC_PHYS_s09_T2_test,14,73,142.43333333333334,-0.5878490805625916,-0.424138512765636
UBFC_PHYS_s09_T2_test,14,74,142.46666666666667,-0.6680489778518677,-0.32558473497279267
UBFC_PHYS_s09_T2_test,14,75,142.5,-0.761664628982544,-0.20686150887777158
UBFC_PHYS_s09_T2_test,14,76,142.53333333333333,-0.7537202835083008,-0.07567006549239963
UBFC_PHYS_s09_T2_test,14,77,142.56666666666666,-0.5337169766426086,0.059297462876168924
UBFC_PHYS_s09_T2_test,14,78,142.6,-0.13992615044116974,0.1890083328967301
UBFC_PHYS_s09_T2_test,14,79,142.63333333333333,0.2397063672542572,0.30522261432632564
UBFC_PHYS_s09_T2_test,14,80,142.66666666666666,0.49839451909065247,0.4015839221031348
UBFC_PHYS_s09_T2_test,14,81,142.7,0.7009539604187012,0.4739101240663254
UBFC_PHYS_s09_T2_test,14,82,142.73333333333332,0.8865808844566345,0.51983516368568
UBFC_PHYS_s09_T2_test,14,83,142.76666666666668,0.9771350026130676,0.5388018399293604
UBFC_PHYS_s09_T2_test,14,84,142.8,0.9405658841133118,0.5320466642792976
UBFC_PHYS_s09_T2_test,14,85,142.83333333333334,0.8179541826248169,0.5009834215641256
UBFC_PHYS_s09_T2_test,14,86,142.86666666666667,0.6022592782974243,0.44489641352467735
UBFC_PHYS_s09_T2_test,14,87,142.9,0.29480528831481934,0.36114238110039015
UBFC_PHYS_s09_T2_test,14,88,142.93333333333334,-0.023059019818902016,0.2481238286428707
UBFC_PHYS_s09_T2_test,14,89,142.96666666666667,-0.2575218677520752,0.1082620023688384
UBFC_PHYS_s09_T2_test,14,90,143.0,-0.33702120184898376,-0.0507128623802494
UBFC_PHYS_s09_T2_test,14,91,143.03333333333333,-0.2330443561077118,-0.21634607001915393
UBFC_PHYS_s09_T2_test,14,92,143.06666666666666,-0.04065003618597984,-0.3737029613919718
UBFC_PHYS_s09_T2_test,14,93,143.1,0.12412827461957932,-0.5087006164447608
UBFC_PHYS_s09_T2_test,14,94,143.13333333333333,0.2095893770456314,-0.6109596985998298
UBFC_PHYS_s09_T2_test,14,95,143.16666666666666,0.18254782259464264,-0.6739739071283039
UBFC_PHYS_s09_T2_test,14,96,143.2,0.03341998904943466,-0.6932019062899359
UBFC_PHYS_s09_T2_test,14,97,143.23333333333332,-0.15395133197307587,-0.6652956348271042
UBFC_PHYS_s09_T2_test,14,98,143.26666666666668,-0.27275198698043823,-0.5893580837394518
UBFC_PHYS_s09_T2_test,14,99,143.3,-0.3336375057697296,-0.4685530397867876
UBFC_PHYS_s09_T2_test,14,100,143.33333333333334,-0.42340004444122314,-0.31098040015024037
UBFC_PHYS_s09_T2_test,14,101,143.36666666666667,-0.5471396446228027,-0.1295977081460868
UBFC_PHYS_s09_T2_test,14,102,143.4,-0.5728711485862732,0.058774293441798374
UBFC_PHYS_s09_T2_test,14,103,143.43333333333334,-0.3429969847202301,0.23508791536868923
UBFC_PHYS_s09_T2_test,14,104,143.46666666666667,0.12618090212345123,0.38061466930731797
UBFC_PHYS_s09_T2_test,14,105,143.5,0.586139440536499,0.48105232585572744
UBFC_PHYS_s09_T2_test,14,106,143.53333333333333,0.7729642987251282,0.530606058734691
UBFC_PHYS_s09_T2_test,14,107,143.56666666666666,0.6726443767547607,0.5325462680064019
UBFC_PHYS_s09_T2_test,14,108,143.6,0.4030205011367798,0.4958193323016164
UBFC_PHYS_s09_T2_test,14,109,143.63333333333333,0.05760325863957405,0.4304800989085957
UBFC_PHYS_s09_T2_test,14,110,143.66666666666666,-0.28945329785346985,0.3449292115596554
UBFC_PHYS_s09_T2_test,14,111,143.7,-0.5670915246009827,0.24739265746313455
UBFC_PHYS_s09_T2_test,14,112,143.73333333333332,-0.7507709264755249,0.14863227668473564
UBFC_PHYS_s09_T2_test,14,113,143.76666666666668,-0.8668814301490784,0.05834530582382062
UBFC_PHYS_s09_T2_test,14,114,143.8,-0.9614918231964111,-0.021460783694893473
UBFC_PHYS_s09_T2_test,14,115,143.83333333333334,-1.0504347085952759,-0.0929238785841777
UBFC_PHYS_s09_T2_test,14,116,143.86666666666667,-1.0571460723876953,-0.15039465873745922
UBFC_PHYS_s09_T2_test,14,117,143.9,-0.8465301990509033,-0.17648033676097596
UBFC_PHYS_s09_T2_test,14,118,143.93333333333334,-0.38697803020477295,-0.15031139530443796
UBFC_PHYS_s09_T2_test,14,119,143.96666666666667,0.18439029157161713,-0.058964388755006314
UBFC_PHYS_s09_T2_test,14,120,144.0,0.701941728591919,0.09368455232596005
UBFC_PHYS_s09_T2_test,14,121,144.03333333333333,1.0736579895019531,0.28175244150981676
UBFC_PHYS_s09_T2_test,14,122,144.06666666666666,1.2526085376739502,0.45934672415092964
UBFC_PHYS_s09_T2_test,14,123,144.1,1.2184282541275024,0.5749145498913097
UBFC_PHYS_s09_T2_test,14,124,144.13333333333333,1.0249831676483154,0.5924300083731517
UBFC_PHYS_s09_T2_test,14,125,144.16666666666666,0.770596444606781,0.5043529384746094
UBFC_PHYS_s09_T2_test,14,126,144.2,0.5315799713134766,0.32964179985167325
UBFC_PHYS_s09_T2_test,14,127,144.23333333333332,0.3428495526313782,0.1000338420535647
UBFC_PHYS_s09_T2_test,14,128,144.26666666666668,0.21424809098243713,-0.15632847461578084
UBFC_PHYS_s09_T2_test,14,129,144.3,0.14447247982025146,-0.42128102403741635
UBFC_PHYS_s09_T2_test,14,130,144.33333333333334,0.1287449449300766,-0.681197122042418
UBFC_PHYS_s09_T2_test,14,131,144.36666666666667,0.16085854172706604,-0.9189911717813872
UBFC_PHYS_s09_T2_test,14,132,144.4,0.2302418351173401,-1.1101017484003708
UBFC_PHYS_s09_T2_test,14,133,144.43333333333334,0.3094329237937927,-1.2245326790526327
UBFC_PHYS_s09_T2_test,14,134,144.46666666666667,0.3537152111530304,-1.2343596425487569
UBFC_PHYS_s09_T2_test,14,135,144.5,0.3351994752883911,-1.123562209726036
UBFC_PHYS_s09_T2_test,14,136,144.53333333333333,0.265290766954422,-0.8959751100693032
UBFC_PHYS_s09_T2_test,14,137,144.56666666666666,0.17411310970783234,-0.5769843546590983
UBFC_PHYS_s09_T2_test,14,138,144.6,0.08612999320030212,-0.2080938451409748
UBFC_PHYS_s09_T2_test,14,139,144.63333333333333,0.02031954750418663,0.16281990696567936
UBFC_PHYS_s09_T2_test,14,140,144.66666666666666,-0.03042188659310341,0.49206125931201783
UBFC_PHYS_s09_T2_test,14,141,144.7,-0.10178074985742569,0.7479731010260295
UBFC_PHYS_s09_T2_test,14,142,144.73333333333332,-0.21021315455436707,0.9144443105292254
UBFC_PHYS_s09_T2_test,14,143,144.76666666666668,-0.31206732988357544,0.9904355075347481
UBFC_PHYS_s09_T2_test,14,144,144.8,-0.3370632529258728,0.9862808614115595
UBFC_PHYS_s09_T2_test,14,145,144.83333333333334,-0.2689269483089447,0.9177084600320968
UBFC_PHYS_s09_T2_test,14,146,144.86666666666667,-0.15357302129268646,0.799699873384753
UBFC_PHYS_s09_T2_test,14,147,144.9,-0.04751550778746605,0.6430982680860944
UBFC_PHYS_s09_T2_test,14,148,144.93333333333334,0.008942482061684132,0.45542668612992204
UBFC_PHYS_s09_T2_test,14,149,144.96666666666667,-0.003051075153052807,0.24560629928598107
UBFC_PHYS_s09_T2_test,14,150,145.0,-0.05917980149388313,0.02918697955432106
UBFC_PHYS_s09_T2_test,14,151,145.03333333333333,-0.11174269020557404,-0.17151650503003582
UBFC_PHYS_s09_T2_test,14,152,145.06666666666666,-0.147576242685318,-0.33281649824986254
UBFC_PHYS_s09_T2_test,14,153,145.1,-0.1837460696697235,-0.435719761129552
UBFC_PHYS_s09_T2_test,14,154,145.13333333333333,-0.23284119367599487,-0.46984222655960406
UBFC_PHYS_s09_T2_test,14,155,145.16666666666666,-0.30087241530418396,-0.4350098728626843
UBFC_PHYS_s09_T2_test,14,156,145.2,-0.3688405752182007,-0.340988847751446
UBFC_PHYS_s09_T2_test,14,157,145.23333333333332,-0.37326109409332275,-0.2061649430735773
UBFC_PHYS_s09_T2_test,14,158,145.26666666666668,-0.2717011570930481,-0.0550574291814477
UBFC_PHYS_s09_T2_test,14,159,145.3,-0.12168361246585846,0.08628526506429389
UBFC_PHYS_s09_T2_test,14,160,145.33333333333334,-0.0014538023388013244,0.19590691629002818
UBFC_PHYS_s09_T2_test,14,161,145.36666666666667,0.07258119434118271,0.25957480689876883
UBFC_PHYS_s09_T2_test,14,162,145.4,0.09304450452327728,0.27166678191565374
UBFC_PHYS_s09_T2_test,14,163,145.43333333333334,0.03995619714260101,0.23489472871425518
UBFC_PHYS_s09_T2_test,14,164,145.46666666666667,-0.04069207236170769,0.15993556496401057
UBFC_PHYS_s09_T2_test,14,165,145.5,-0.062122147530317307,0.06519385273138287
UBFC_PHYS_s09_T2_test,14,166,145.53333333333333,-0.031780969351530075,-0.025732872570154167
UBFC_PHYS_s09_T2_test,14,167,145.56666666666666,-0.038604408502578735,-0.0931515859832887
UBFC_PHYS_s09_T2_test,14,168,145.6,-0.10718205571174622,-0.132217539593957
UBFC_PHYS_s09_T2_test,14,169,145.63333333333333,-0.180964857339859,-0.15313201019116718
UBFC_PHYS_s09_T2_test,14,170,145.66666666666666,-0.18867799639701843,-0.170008162182385
UBFC_PHYS_s09_T2_test,14,171,145.7,-0.09392048418521881,-0.19002044507564245
UBFC_PHYS_s09_T2_test,14,172,145.73333333333332,0.07325372844934464,-0.20984439743610828
UBFC_PHYS_s09_T2_test,14,173,145.76666666666668,0.22845540940761566,-0.22002211246886763
UBFC_PHYS_s09_T2_test,14,174,145.8,0.3124803602695465,-0.21383718932939705
UBFC_PHYS_s09_T2_test,14,175,145.83333333333334,0.3263023793697357,-0.19413698220833384
UBFC_PHYS_s09_T2_test,14,176,145.86666666666667,0.2834562361240387,-0.17375303779304077
UBFC_PHYS_s09_T2_test,14,177,145.9,0.20266786217689514,-0.16846711248845683
UBFC_PHYS_s09_T2_test,14,178,145.93333333333334,0.12526316940784454,-0.18645520887552344
UBFC_PHYS_s09_T2_test,14,179,145.96666666666667,0.0734989270567894,-0.2221844691221694
UBFC_PHYS_s09_T2_test,14,180,146.0,0.010385632514953613,-0.2581498868709151
UBFC_PHYS_s09_T2_test,14,181,146.03333333333333,-0.10756035894155502,-0.2724466424966386
UBFC_PHYS_s09_T2_test,14,182,146.06666666666666,-0.24901707470417023,-0.24805490950903689
UBFC_PHYS_s09_T2_test,14,183,146.1,-0.33708426356315613,-0.178580027128574
UBFC_PHYS_s09_T2_test,14,184,146.13333333333333,-0.33564111590385437,-0.06849486344717905
UBFC_PHYS_s09_T2_test,14,185,146.16666666666666,-0.2853200137615204,0.07040714974357569
UBFC_PHYS_s09_T2_test,14,186,146.2,-0.2519874572753906,0.22339162169752144
UBFC_PHYS_s09_T2_test,14,187,146.23333333333332,-0.2748396694660187,0.374589178706252
UBFC_PHYS_s09_T2_test,14,188,146.26666666666668,-0.3580029308795929,0.506616847018238
UBFC_PHYS_s09_T2_test,14,189,146.3,-0.4705406129360199,0.6019859221607728
UBFC_PHYS_s09_T2_test,14,190,146.33333333333334,-0.5818312764167786,0.6464717813223716
UBFC_PHYS_s09_T2_test,14,191,146.36666666666667,-0.7050314545631409,0.6307139009657986
UBFC_PHYS_s09_T2_test,14,192,146.4,-0.8645415902137756,0.5505796982831913
UBFC_PHYS_s09_T2_test,14,193,146.43333333333334,-1.0399824380874634,0.4108420123684905
UBFC_PHYS_s09_T2_test,14,194,146.46666666666667,-1.184850811958313,0.23055883113877668
UBFC_PHYS_s09_T2_test,14,195,146.5,-1.2707953453063965,0.04271998737381127
UBFC_PHYS_s09_T2_test,14,196,146.53333333333333,-1.2798815965652466,-0.11382676637257388
UBFC_PHYS_s09_T2_test,14,197,146.56666666666666,-1.2034436464309692,-0.20605077558594567
UBFC_PHYS_s09_T2_test,14,198,146.6,-1.0576224327087402,-0.21671253473241303
UBFC_PHYS_s09_T2_test,14,199,146.63333333333333,-0.8581874966621399,-0.14733323908328716
UBFC_PHYS_s09_T2_test,14,200,146.66666666666666,-0.5705173015594482,-0.015311857940063692
UBFC_PHYS_s09_T2_test,14,201,146.7,-0.16728995740413666,0.14773669165714645
UBFC_PHYS_s09_T2_test,14,202,146.73333333333332,0.285599946975708,0.296424784309523
UBFC_PHYS_s09_T2_test,14,203,146.76666666666668,0.7014793753623962,0.37783115068504497
UBFC_PHYS_s09_T2_test,14,204,146.8,1.0871996879577637,0.3445532795163691
UBFC_PHYS_s09_T2_test,14,205,146.83333333333334,1.4504882097244263,0.16897017406157103
UBFC_PHYS_s09_T2_test,14,206,146.86666666666667,1.7123428583145142,-0.1450714508924527
UBFC_PHYS_s09_T2_test,14,207,146.9,1.811457872390747,-0.5545820905787329
UBFC_PHYS_s09_T2_test,14,208,146.93333333333334,1.780962586402893,-0.9791603660669448
UBFC_PHYS_s09_T2_test,14,209,146.96666666666667,1.7249670028686523,-1.3201128005224196
UBFC_PHYS_s09_T2_test,14,210,147.0,1.7869312763214111,-1.4922657750418842
UBFC_PHYS_s09_T2_test,14,211,147.03333333333333,2.014108419418335,-1.4517073999396737
UBFC_PHYS_s09_T2_test,14,212,147.06666666666666,2.2049193382263184,-1.2062833002085132
UBFC_PHYS_s09_T2_test,14,213,147.1,2.130281925201416,-0.8022478184690505
UBFC_PHYS_s09_T2_test,14,214,147.13333333333333,1.7899717092514038,-0.29780624593848426
UBFC_PHYS_s09_T2_test,14,215,147.16666666666666,1.3744776248931885,0.2512448437634595
UBFC_PHYS_s09_T2_test,14,216,147.2,1.0480875968933105,0.7889416189330354
UBFC_PHYS_s09_T2_test,14,217,147.23333333333332,0.8502218723297119,1.2560698538684227
UBFC_PHYS_s09_T2_test,14,218,147.26666666666668,0.7444726228713989,1.5947642369868535
UBFC_PHYS_s09_T2_test,14,219,147.3,0.6517747640609741,1.758245392581782
UBFC_PHYS_s09_T2_test,14,220,147.33333333333334,0.48207151889801025,1.721666975815324
UBFC_PHYS_s09_T2_test,14,221,147.36666666666667,0.23281988501548767,1.489456358922165
UBFC_PHYS_s09_T2_test,14,222,147.4,0.004017557483166456,1.0965895046229026
UBFC_PHYS_s09_T2_test,14,223,147.43333333333334,-0.13207289576530457,0.603776279613397
UBFC_PHYS_s09_T2_test,14,224,147.46666666666667,-0.19739994406700134,0.08648717909581377
UBFC_PHYS_s09_T2_test,14,225,147.5,-0.24906611442565918,-0.3820496890219616
UBFC_PHYS_s09_T2_test,14,226,147.53333333333333,-0.3397533893585205,-0.7484725882484639
UBFC_PHYS_s09_T2_test,14,227,147.56666666666666,-0.5084618330001831,-0.9878096214221076
UBFC_PHYS_s09_T2_test,14,228,147.6,-0.764648973941803,-1.1003851350613143
UBFC_PHYS_s09_T2_test,14,229,147.63333333333333,-1.053958535194397,-1.102240840005435
UBFC_PHYS_s09_T2_test,14,230,147.66666666666666,-1.2626338005065918,-1.0150988305148494
UBFC_PHYS_s09_T2_test,14,231,147.7,-1.3225384950637817,-0.8613035068312725
UBFC_PHYS_s09_T2_test,14,232,147.73333333333332,-1.2962535619735718,-0.6640918696024856
UBFC_PHYS_s09_T2_test,14,233,147.76666666666668,-1.2709354162216187,-0.4485887149758976
UBFC_PHYS_s09_T2_test,14,234,147.8,-1.2160887718200684,-0.24065950941766562
UBFC_PHYS_s09_T2_test,14,235,147.83333333333334,-1.0680887699127197,-0.06335868345527158
UBFC_PHYS_s09_T2_test,14,236,147.86666666666667,-0.8510417938232422,0.06768441101325293
UBFC_PHYS_s09_T2_test,14,237,147.9,-0.5794494152069092,0.1472867955637575
UBFC_PHYS_s09_T2_test,14,238,147.93333333333334,-0.1331167221069336,0.18087442772694237
UBFC_PHYS_s09_T2_test,14,239,147.96666666666667,0.5864757299423218,0.18218533952674462
UBFC_PHYS_s09_T2_test,14,240,148.0,1.4058977365493774,0.16920157730568128
UBFC_PHYS_s09_T2_test,14,241,148.03333333333333,1.970491647720337,0.1591747720072476
UBFC_PHYS_s09_T2_test,14,242,148.06666666666666,2.1380650997161865,0.1643657347485939
UBFC_PHYS_s09_T2_test,14,243,148.1,2.0460257530212402,0.19058063251171703
UBFC_PHYS_s09_T2_test,14,244,148.13333333333333,1.935225486755371,0.23833523905202492
UBFC_PHYS_s09_T2_test,14,245,148.16666666666666,1.9470789432525635,0.3043452219387723
UBFC_PHYS_s09_T2_test,14,246,148.2,2.0101711750030518,0.3822793573573379
UBFC_PHYS_s09_T2_test,14,247,148.23333333333332,1.9568517208099365,0.46322096470636975
UBFC_PHYS_s09_T2_test,14,248,148.26666666666668,1.735552430152893,0.536081799524605
UBFC_PHYS_s09_T2_test,14,249,148.3,1.4128962755203247,0.5879122923848618
UBFC_PHYS_s09_T2_test,14,250,148.33333333333334,1.0454604625701904,0.6047138873678645
UBFC_PHYS_s09_T2_test,14,251,148.36666666666667,0.6648752093315125,0.5738181302306787
UBFC_PHYS_s09_T2_test,14,252,148.4,0.2700265347957611,0.48762015215539384
UBFC_PHYS_s09_T2_test,14,253,148.43333333333334,-0.19707068800926208,0.3471362365517551
UBFC_PHYS_s09_T2_test,14,254,148.46666666666667,-0.7836270928382874,0.1635996439460894
UBFC_PHYS_s09_T2_test,14,255,148.5,-1.4376683235168457,-0.04353440873856576
UBFC_PHYS_s09_T2_test,14,256,148.53333333333333,-2.015530824661255,-0.25130575649272197
UBFC_PHYS_s09_T2_test,14,257,148.56666666666666,-2.422386884689331,-0.43751597552477106
UBFC_PHYS_s09_T2_test,14,258,148.6,-2.7084670066833496,-0.5832678093661557
UBFC_PHYS_s09_T2_test,14,259,148.63333333333333,-2.9818737506866455,-0.6746163688336729
UBFC_PHYS_s09_T2_test,14,260,148.66666666666666,-3.274637222290039,-0.7038689219953541
UBFC_PHYS_s09_T2_test,14,261,148.7,-3.556114435195923,-0.6705208652232931
UBFC_PHYS_s09_T2_test,14,262,148.73333333333332,-3.7908644676208496,-0.5818338053573296
UBFC_PHYS_s09_T2_test,14,263,148.76666666666668,-3.9271512031555176,-0.4530351572687647
UBFC_PHYS_s09_T2_test,14,264,148.8,-3.926870822906494,-0.3064907519137434
UBFC_PHYS_s09_T2_test,14,265,148.83333333333334,-3.8072714805603027,-0.16876746312128882
UBFC_PHYS_s09_T2_test,14,266,148.86666666666667,-3.6084041595458984,-0.06533622105357494
UBFC_PHYS_s09_T2_test,14,267,148.9,-3.3683717250823975,-0.013715023525933937
UBFC_PHYS_s09_T2_test,14,268,148.93333333333334,-3.123239517211914,-0.017709584869021366
UBFC_PHYS_s09_T2_test,14,269,148.96666666666667,-2.9089457988739014,-0.06672385403299723
UBFC_PHYS_s09_T2_test,14,270,149.0,-2.7414422035217285,-0.1402843892117395
UBFC_PHYS_s09_T2_test,14,271,149.03333333333333,-2.583081007003784,-0.2140804806874022
UBFC_PHYS_s09_T2_test,14,272,149.06666666666666,-2.396270275115967,-0.2649480083248766
UBFC_PHYS_s09_T2_test,14,273,149.1,-2.2139430046081543,-0.2739071654029672
UBFC_PHYS_s09_T2_test,14,274,149.13333333333333,-2.0923330783843994,-0.22783664214882673
UBFC_PHYS_s09_T2_test,14,275,149.16666666666666,-2.0753865242004395,-0.12150876704723214
UBFC_PHYS_s09_T2_test,14,276,149.2,-2.1416873931884766,0.04054848053035179
UBFC_PHYS_s09_T2_test,14,277,149.23333333333332,-2.100025177001953,0.2450664188589945
UBFC_PHYS_s09_T2_test,14,278,149.26666666666668,-1.737871527671814,0.4736732539956611
UBFC_PHYS_s09_T2_test,14,279,149.3,-1.1306977272033691,0.705972780215075
UBFC_PHYS_s09_T2_test,14,280,149.33333333333334,-0.5036489963531494,0.9205982084218066
UBFC_PHYS_s09_T2_test,14,281,149.36666666666667,0.0663602352142334,1.0948362582902023
UBFC_PHYS_s09_T2_test,14,282,149.4,0.5914566516876221,1.2044358653611342
UBFC_PHYS_s09_T2_test,14,283,149.43333333333334,1.0504834651947021,1.2257468135940501
UBFC_PHYS_s09_T2_test,14,284,149.46666666666667,1.428364634513855,1.1401889919039552
UBFC_PHYS_s09_T2_test,14,285,149.5,1.727979302406311,0.9388268472788488
UBFC_PHYS_s09_T2_test,14,286,149.53333333333333,1.9153016805648804,0.6263349653962026
UBFC_PHYS_s09_T2_test,14,287,149.56666666666666,1.9601373672485352,0.22516199000933265
UBFC_PHYS_s09_T2_test,14,288,149.6,1.8821161985397339,-0.222199418927009
UBFC_PHYS_s09_T2_test,14,289,149.63333333333333,1.7157195806503296,-0.6573680854805342
UBFC_PHYS_s09_T2_test,14,290,149.66666666666666,1.4630281925201416,-1.0182540662632928
UBFC_PHYS_s09_T2_test,14,291,149.7,1.1261857748031616,-1.2572147086189873
UBFC_PHYS_s09_T2_test,14,292,149.73333333333332,0.7435268759727478,-1.3572713233721256
UBFC_PHYS_s09_T2_test,14,293,149.76666666666668,0.34785154461860657,-1.3343249233150614
UBFC_PHYS_s09_T2_test,14,294,149.8,-0.06189096346497536,-1.2243736251476558
UBFC_PHYS_s09_T2_test,14,295,149.83333333333334,-0.46028444170951843,-1.0660317814646345
UBFC_PHYS_s09_T2_test,14,296,149.86666666666667,-0.7901282906532288,-0.8874416757493147
UBFC_PHYS_s09_T2_test,14,297,149.9,-1.0602495670318604,-0.7033377889719398
UBFC_PHYS_s09_T2_test,14,298,149.93333333333334,-1.354918360710144,-0.5202273421587403
UBFC_PHYS_s09_T2_test,14,299,149.96666666666667,-1.6832910776138306,-0.34066519999355727
UBFC_PHYS_s09_T2_test,15,0,150.0,-1.914223074913025,-0.026332137866597636
UBFC_PHYS_s09_T2_test,15,1,150.03333333333333,-1.9300416707992554,-0.3881719430267418
UBFC_PHYS_s09_T2_test,15,2,150.06666666666666,-1.7479596138000488,-0.6960692338020188
UBFC_PHYS_s09_T2_test,15,3,150.1,-1.3532860279083252,-0.9076560912679286
UBFC_PHYS_s09_T2_test,15,4,150.13333333333333,-0.6317180395126343,-1.0030468113040687
UBFC_PHYS_s09_T2_test,15,5,150.16666666666666,0.5265920162200928,-0.9872745763236156
UBFC_PHYS_s09_T2_test,15,6,150.2,2.1085927486419678,-0.881727124113311
UBFC_PHYS_s09_T2_test,15,7,150.23333333333332,3.7467010021209717,-0.7145621971623322
UBFC_PHYS_s09_T2_test,15,8,150.26666666666668,4.781341552734375,-0.5149206595054162
UBFC_PHYS_s09_T2_test,15,9,150.3,5.036435604095459,-0.3094819860490005
UBFC_PHYS_s09_T2_test,15,10,150.33333333333334,4.978954792022705,-0.12017046473744512
UBFC_PHYS_s09_T2_test,15,11,150.36666666666667,4.853513240814209,0.03736340109481559
UBFC_PHYS_s09_T2_test,15,12,150.4,4.5402512550354,0.15439624697295856
UBFC_PHYS_s09_T2_test,15,13,150.43333333333334,4.069581508636475,0.22834400830310814
UBFC_PHYS_s09_T2_test,15,14,150.46666666666667,3.538123846054077,0.2609845317792651
UBFC_PHYS_s09_T2_test,15,15,150.5,2.847226142883301,0.257075948547297
UBFC_PHYS_s09_T2_test,15,16,150.53333333333333,1.9770418405532837,0.22382222796124987
UBFC_PHYS_s09_T2_test,15,17,150.56666666666666,1.1443372964859009,0.1706253061317383
UBFC_PHYS_s09_T2_test,15,18,150.6,0.5450516939163208,0.1082745592064362
UBFC_PHYS_s09_T2_test,15,19,150.63333333333333,0.2591818869113922,0.046722830618208484
UBFC_PHYS_s09_T2_test,15,20,150.66666666666666,0.26503854990005493,-0.00755635591249062
UBFC_PHYS_s09_T2_test,15,21,150.7,0.4340832829475403,-0.05201693352971572
UBFC_PHYS_s09_T2_test,15,22,150.73333333333332,0.5856560468673706,-0.0860552217019624
UBFC_PHYS_s09_T2_test,15,23,150.76666666666668,0.5891028046607971,-0.10879392106503324
UBFC_PHYS_s09_T2_test,15,24,150.8,0.4464201033115387,-0.1181696352173117
UBFC_PHYS_s09_T2_test,15,25,150.83333333333334,0.24808505177497864,-0.11180136095521144
UBFC_PHYS_s09_T2_test,15,26,150.86666666666667,0.04774640500545502,-0.08880957077405287
UBFC_PHYS_s09_T2_test,15,27,150.9,-0.16810961067676544,-0.050681282460853155
UBFC_PHYS_s09_T2_test,15,28,150.93333333333334,-0.4293617904186249,-0.0008561843586736215
UBFC_PHYS_s09_T2_test,15,29,150.96666666666667,-0.7337123155593872,0.055650549097564034
UBFC_PHYS_s09_T2_test,15,30,151.0,-1.0420280694961548,0.11226260148862376
UBFC_PHYS_s09_T2_test,15,31,151.03333333333333,-1.3442418575286865,0.16125150903061136
UBFC_PHYS_s09_T2_test,15,32,151.06666666666666,-1.6644600629806519,0.19482407222904188
UBFC_PHYS_s09_T2_test,15,33,151.1,-1.9612375497817993,0.20658963809325792
UBFC_PHYS_s09_T2_test,15,34,151.13333333333333,-2.1407556533813477,0.19328505590187034
UBFC_PHYS_s09_T2_test,15,35,151.16666666666666,-2.163831949234009,0.1567805388523039
UBFC_PHYS_s09_T2_test,15,36,151.2,-2.0585029125213623,0.105032495639834
UBFC_PHYS_s09_T2_test,15,37,151.23333333333332,-1.8641891479492188,0.04963201332176902
UBFC_PHYS_s09_T2_test,15,38,151.26666666666668,-1.6446832418441772,0.0008255356163993378
UBFC_PHYS_s09_T2_test,15,39,151.3,-1.501832365989685,-0.0360551567695841
UBFC_PHYS_s09_T2_test,15,40,151.33333333333334,-1.4566184282302856,-0.06074885097550795
UBFC_PHYS_s09_T2_test,15,41,151.36666666666667,-1.4221298694610596,-0.075221940057651
UBFC_PHYS_s09_T2_test,15,42,151.4,-1.3732730150222778,-0.0800085574884519
UBFC_PHYS_s09_T2_test,15,43,151.43333333333334,-1.365833044052124,-0.07311050948649284
UBFC_PHYS_s09_T2_test,15,44,151.46666666666667,-1.314426064491272,-0.05203904168207396
UBFC_PHYS_s09_T2_test,15,45,151.5,-0.9953708648681641,-0.016652080874399896
UBFC_PHYS_s09_T2_test,15,46,151.53333333333333,-0.3381771445274353,0.029058759988531892
UBFC_PHYS_s09_T2_test,15,47,151.56666666666666,0.4545605778694153,0.07711351055522347
UBFC_PHYS_s09_T2_test,15,48,151.6,1.1627339124679565,0.11735805658369261
UBFC_PHYS_s09_T2_test,15,49,151.63333333333333,1.6575732231140137,0.13962633937296545
UBFC_PHYS_s09_T2_test,15,50,151.66666666666666,1.9162544012069702,0.13564098848069214
UBFC_PHYS_s09_T2_test,15,51,151.7,2.021709442138672,0.10085254462627845
UBFC_PHYS_s09_T2_test,15,52,151.73333333333332,2.0428943634033203,0.03623029583219022
UBFC_PHYS_s09_T2_test,15,53,151.76666666666668,1.9433729648590088,-0.05026610053265301
UBFC_PHYS_s09_T2_test,15,54,151.8,1.722472906112671,-0.1436381573399514
UBFC_PHYS_s09_T2_test,15,55,151.83333333333334,1.4747625589370728,-0.22487406130348794
UBFC_PHYS_s09_T2_test,15,56,151.86666666666667,1.2423033714294434,-0.276357929020152
UBFC_PHYS_s09_T2_test,15,57,151.9,0.9947680830955505,-0.2867148714433527
UBFC_PHYS_s09_T2_test,15,58,151.93333333333334,0.7080225944519043,-0.25306638071370025
UBFC_PHYS_s09_T2_test,15,59,151.96666666666667,0.3910059332847595,-0.18002700274421038
UBFC_PHYS_s09_T2_test,15,60,152.0,0.1384827047586441,-0.07674497864082687
UBFC_PHYS_s09_T2_test,15,61,152.03333333333333,0.11432045698165894,0.04511502062420064
UBFC_PHYS_s09_T2_test,15,62,152.06666666666666,0.319506973028183,0.17170681793914502
UBFC_PHYS_s09_T2_test,15,63,152.1,0.5700196027755737,0.2872209044913333
UBFC_PHYS_s09_T2_test,15,64,152.13333333333333,0.6868587136268616,0.37496441597236335
UBFC_PHYS_s09_T2_test,15,65,152.16666666666666,0.604388952255249,0.4193747036257043
UBFC_PHYS_s09_T2_test,15,66,152.2,0.33114323019981384,0.4085149664974098
UBFC_PHYS_s09_T2_test,15,67,152.23333333333332,-0.03638363629579544,0.33614227486039705
UBFC_PHYS_s09_T2_test,15,68,152.26666666666668,-0.1951301395893097,0.20362846978331972
UBFC_PHYS_s09_T2_test,15,69,152.3,0.1614750325679779,0.023010604840020904
UBFC_PHYS_s09_T2_test,15,70,152.33333333333334,0.740192174911499,-0.18023836228855036
UBFC_PHYS_s09_T2_test,15,71,152.36666666666667,0.7883345484733582,-0.3685174566408864
UBFC_PHYS_s09_T2_test,15,72,152.4,-0.0019301819847896695,-0.4996553925881687
UBFC_PHYS_s09_T2_test,15,73,152.43333333333334,-1.1504113674163818,-0.5404954824707041
UBFC_PHYS_s09_T2_test,15,74,152.46666666666667,-1.945117712020874,-0.48099564725445926
UBFC_PHYS_s09_T2_test,15,75,152.5,-1.9581480026245117,-0.33918764900066606
UBFC_PHYS_s09_T2_test,15,76,152.53333333333333,-1.2103651762008667,-0.15440270468461917
UBFC_PHYS_s09_T2_test,15,77,152.56666666666666,-0.15617209672927856,0.02616172488153911
UBFC_PHYS_s09_T2_test,15,78,152.6,0.8410726189613342,0.1619829701870178
UBFC_PHYS_s09_T2_test,15,79,152.63333333333333,1.647457242012024,0.22999854188320906
UBFC_PHYS_s09_T2_test,15,80,152.66666666666666,2.084948778152466,0.22870726860403157
UBFC_PHYS_s09_T2_test,15,81,152.7,2.0445125102996826,0.17502503456362073
UBFC_PHYS_s09_T2_test,15,82,152.73333333333332,1.7560367584228516,0.09630143027045344
UBFC_PHYS_s09_T2_test,15,83,152.76666666666668,1.4153201580047607,0.022242301911451674
UBFC_PHYS_s09_T2_test,15,84,152.8,0.9020001292228699,-0.021649283367991545
UBFC_PHYS_s09_T2_test,15,85,152.83333333333334,0.24959124624729156,-0.020757457650406753
UBFC_PHYS_s09_T2_test,15,86,152.86666666666667,-0.25506290793418884,0.024097928005822424
UBFC_PHYS_s09_T2_test,15,87,152.9,-0.47411346435546875,0.09999282918308375
UBFC_PHYS_s09_T2_test,15,88,152.93333333333334,-0.469503790140152,0.19074252800376715
UBFC_PHYS_s09_T2_test,15,89,152.96666666666667,-0.32021480798721313,0.2813835337284401
UBFC_PHYS_s09_T2_test,15,90,153.0,-0.09469810873270035,0.3568258126894428
UBFC_PHYS_s09_T2_test,15,91,153.03333333333333,0.10308349877595901,0.4018763380962506
UBFC_PHYS_s09_T2_test,15,92,153.06666666666666,0.14149510860443115,0.4042968783570005
UBFC_PHYS_s09_T2_test,15,93,153.1,-0.0025186508428305387,0.3564847088529187
UBFC_PHYS_s09_T2_test,15,94,153.13333333333333,-0.25615575909614563,0.25488679201174014
UBFC_PHYS_s09_T2_test,15,95,153.16666666666666,-0.6790688037872314,0.10000682054929785
UBFC_PHYS_s09_T2_test,15,96,153.2,-1.311126470565796,-0.1017408242156966
UBFC_PHYS_s09_T2_test,15,97,153.23333333333332,-1.8601329326629639,-0.33509740904013163
UBFC_PHYS_s09_T2_test,15,98,153.26666666666668,-2.080003261566162,-0.5740981457923863
UBFC_PHYS_s09_T2_test,15,99,153.3,-2.1480133533477783,-0.7842706683859757
UBFC_PHYS_s09_T2_test,15,100,153.33333333333334,-2.0527584552764893,-0.9289904800584607
UBFC_PHYS_s09_T2_test,15,101,153.36666666666667,-1.4302704334259033,-0.9770821310338388
UBFC_PHYS_s09_T2_test,15,102,153.4,-0.36232537031173706,-0.9094408717305522
UBFC_PHYS_s09_T2_test,15,103,153.43333333333334,0.5489327907562256,-0.7235094452661962
UBFC_PHYS_s09_T2_test,15,104,153.46666666666667,1.0203875303268433,-0.4346834388465959
UBFC_PHYS_s09_T2_test,15,105,153.5,1.2421772480010986,-0.07404520645098467
UBFC_PHYS_s09_T2_test,15,106,153.53333333333333,1.2902565002441406,0.3163019438395464
UBFC_PHYS_s09_T2_test,15,107,153.56666666666666,1.1190540790557861,0.687478255173029
UBFC_PHYS_s09_T2_test,15,108,153.6,0.8812355995178223,0.9873066566432723
UBFC_PHYS_s09_T2_test,15,109,153.63333333333333,0.7457196116447449,1.1651006714136707
UBFC_PHYS_s09_T2_test,15,110,153.66666666666666,0.6573161482810974,1.1795715723355908
UBFC_PHYS_s09_T2_test,15,111,153.7,0.5247284770011902,1.0106011241424655
UBFC_PHYS_s09_T2_test,15,112,153.73333333333332,0.38861003518104553,0.6723710412473719
UBFC_PHYS_s09_T2_test,15,113,153.76666666666668,0.30621737241744995,0.2223180335936778
UBFC_PHYS_s09_T2_test,15,114,153.8,0.3428075313568115,-0.24406061329511344
UBFC_PHYS_s09_T2_test,15,115,153.83333333333334,0.643339991569519,-0.6241427719055097
UBFC_PHYS_s09_T2_test,15,116,153.86666666666667,1.2140778303146362,-0.8503895498462389
UBFC_PHYS_s09_T2_test,15,117,153.9,1.7390761375427246,-0.906553428048295
UBFC_PHYS_s09_T2_test,15,118,153.93333333333334,1.8418340682983398,-0.812305501099088
UBFC_PHYS_s09_T2_test,15,119,153.96666666666667,1.4211838245391846,-0.6034527261547317
UBFC_PHYS_s09_T2_test,15,120,154.0,0.6731487512588501,-0.32151995150264245
UBFC_PHYS_s09_T2_test,15,121,154.03333333333333,-0.028306201100349426,-0.009534313104376295
UBFC_PHYS_s09_T2_test,15,122,154.06666666666666,-0.35118648409843445,0.2893290474939316
UBFC_PHYS_s09_T2_test,15,123,154.1,-0.2720584273338318,0.5324573181680162
UBFC_PHYS_s09_T2_test,15,124,154.13333333333333,-0.05926387012004852,0.6806869103754556
UBFC_PHYS_s09_T2_test,15,125,154.16666666666666,0.026708640158176422,0.7058733349071755
UBFC_PHYS_s09_T2_test,15,126,154.2,-0.08099518716335297,0.601871469289752
UBFC_PHYS_s09_T2_test,15,127,154.23333333333332,-0.3027639091014862,0.39393119409252314
UBFC_PHYS_s09_T2_test,15,128,154.26666666666668,-0.4882437288761139,0.13799450481727052
UBFC_PHYS_s09_T2_test,15,129,154.3,-0.5233767032623291,-0.09979714161970907
UBFC_PHYS_s09_T2_test,15,130,154.33333333333334,-0.44844499230384827,-0.27298660404122854
UBFC_PHYS_s09_T2_test,15,131,154.36666666666667,-0.3707881271839142,-0.36600934413006936
UBFC_PHYS_s09_T2_test,15,132,154.4,-0.3378829061985016,-0.38286086880161835
UBFC_PHYS_s09_T2_test,15,133,154.43333333333334,-0.34757161140441895,-0.3342952639616083
UBFC_PHYS_s09_T2_test,15,134,154.46666666666667,-0.38751745223999023,-0.23367224527621677
UBFC_PHYS_s09_T2_test,15,135,154.5,-0.4333829879760742,-0.0979326114815777
UBFC_PHYS_s09_T2_test,15,136,154.53333333333333,-0.4770067632198334,0.05061354480395757
UBFC_PHYS_s09_T2_test,15,137,154.56666666666666,-0.5337099432945251,0.18541809156634828
UBFC_PHYS_s09_T2_test,15,138,154.6,-0.6060145497322083,0.2806714153132971
UBFC_PHYS_s09_T2_test,15,139,154.63333333333333,-0.7001135349273682,0.3179057711674847
UBFC_PHYS_s09_T2_test,15,140,154.66666666666666,-0.8416333198547363,0.2914277594876574
UBFC_PHYS_s09_T2_test,15,141,154.7,-1.0153157711029053,0.20981013635403703
UBFC_PHYS_s09_T2_test,15,142,154.73333333333332,-1.1401201486587524,0.09259488258940757
UBFC_PHYS_s09_T2_test,15,143,154.76666666666668,-1.1671056747436523,-0.036508974358539836
UBFC_PHYS_s09_T2_test,15,144,154.8,-1.1585028171539307,-0.1568333718491399
UBFC_PHYS_s09_T2_test,15,145,154.83333333333334,-1.1904062032699585,-0.25413566401964316
UBFC_PHYS_s09_T2_test,15,146,154.86666666666667,-1.2648265361785889,-0.3197555780460085
UBFC_PHYS_s09_T2_test,15,147,154.9,-1.3545050621032715,-0.34894163090942437
UBFC_PHYS_s09_T2_test,15,148,154.93333333333334,-1.4454865455627441,-0.3406576572241
UBFC_PHYS_s09_T2_test,15,149,154.96666666666667,-1.5225969552993774,-0.2994243600311434
UBFC_PHYS_s09_T2_test,15,150,155.0,-1.5526299476623535,-0.23686418470388432
UBFC_PHYS_s09_T2_test,15,151,155.03333333333333,-1.4359869956970215,-0.1684137025611257
UBFC_PHYS_s09_T2_test,15,152,155.06666666666666,-1.0469739437103271,-0.10640038324566065
UBFC_PHYS_s09_T2_test,15,153,155.1,-0.3540237545967102,-0.05617920389875013
UBFC_PHYS_s09_T2_test,15,154,155.13333333333333,0.5557982325553894,-0.017396588934258262
UBFC_PHYS_s09_T2_test,15,155,155.16666666666666,1.5522443056106567,0.012674375770014153
UBFC_PHYS_s09_T2_test,15,156,155.2,2.4964146614074707,0.0360986193132984
UBFC_PHYS_s09_T2_test,15,157,155.23333333333332,3.2546639442443848,0.05262112910709569
UBFC_PHYS_s09_T2_test,15,158,155.26666666666668,3.713711738586426,0.06008489219426459
UBFC_PHYS_s09_T2_test,15,159,155.3,3.825745105743408,0.057100205432521894
UBFC_PHYS_s09_T2_test,15,160,155.33333333333334,3.680190086364746,0.04640567919994962
UBFC_PHYS_s09_T2_test,15,161,155.36666666666667,3.457202434539795,0.03600017514296517
UBFC_PHYS_s09_T2_test,15,162,155.4,3.2748961448669434,0.03695065482880549
UBFC_PHYS_s09_T2_test,15,163,155.43333333333334,3.101388692855835,0.05890472150757317
UBFC_PHYS_s09_T2_test,15,164,155.46666666666667,2.835120677947998,0.1055395932764561
UBFC_PHYS_s09_T2_test,15,165,155.5,2.4483284950256348,0.17286827909450528
UBFC_PHYS_s09_T2_test,15,166,155.53333333333333,2.0031657218933105,0.25038541033490885
UBFC_PHYS_s09_T2_test,15,167,155.56666666666666,1.5455539226531982,0.32219473015971545
UBFC_PHYS_s09_T2_test,15,168,155.6,1.079087257385254,0.3684013341837819
UBFC_PHYS_s09_T2_test,15,169,155.63333333333333,0.6289295554161072,0.3700498993437822
UBFC_PHYS_s09_T2_test,15,170,155.66666666666666,0.26090526580810547,0.31704792384331154
UBFC_PHYS_s09_T2_test,15,171,155.7,0.062296997755765915,0.21460761219350138
UBFC_PHYS_s09_T2_test,15,172,155.73333333333332,0.06124616041779518,0.08358674619459915
UBFC_PHYS_s09_T2_test,15,173,155.76666666666668,0.14976169168949127,-0.04883841212207639
UBFC_PHYS_s09_T2_test,15,174,155.8,0.17265594005584717,-0.16262768062440086
UBFC_PHYS_s09_T2_test,15,175,155.83333333333334,0.07844486832618713,-0.24917677515335146
UBFC_PHYS_s09_T2_test,15,176,155.86666666666667,-0.09145452082157135,-0.3054954578030533
UBFC_PHYS_s09_T2_test,15,177,155.9,-0.259490430355072,-0.32972265829009406
UBFC_PHYS_s09_T2_test,15,178,155.93333333333334,-0.366738885641098,-0.32223010881750613
UBFC_PHYS_s09_T2_test,15,179,155.96666666666667,-0.4301254153251648,-0.28818632393792243
UBFC_PHYS_s09_T2_test,15,180,156.0,-0.5162940621376038,-0.23828253725523235
UBFC_PHYS_s09_T2_test,15,181,156.03333333333333,-0.6480130553245544,-0.18611654681957768
UBFC_PHYS_s09_T2_test,15,182,156.06666666666666,-0.7777634263038635,-0.1430678086742575
UBFC_PHYS_s09_T2_test,15,183,156.1,-0.8550630211830139,-0.11368543595113595
UBFC_PHYS_s09_T2_test,15,184,156.13333333333333,-0.8718764185905457,-0.09357748009109092
UBFC_PHYS_s09_T2_test,15,185,156.16666666666666,-0.8608636260032654,-0.07033396423515598
UBFC_PHYS_s09_T2_test,15,186,156.2,-0.8607165217399597,-0.027869975825803278
UBFC_PHYS_s09_T2_test,15,187,156.23333333333332,-0.8916181325912476,0.04574607796549467
UBFC_PHYS_s09_T2_test,15,188,156.26666666666668,-0.9578559398651123,0.15090716860697206
UBFC_PHYS_s09_T2_test,15,189,156.3,-1.0508129596710205,0.27654358946262075
UBFC_PHYS_s09_T2_test,15,190,156.33333333333334,-1.14634108543396,0.40671047393054977
UBFC_PHYS_s09_T2_test,15,191,156.36666666666667,-1.2197526693344116,0.5250828034213109
UBFC_PHYS_s09_T2_test,15,192,156.4,-1.27193021774292,0.6146519100320171
UBFC_PHYS_s09_T2_test,15,193,156.43333333333334,-1.334882378578186,0.6564956677802302
UBFC_PHYS_s09_T2_test,15,194,156.46666666666667,-1.4342916011810303,0.630629289304934
UBFC_PHYS_s09_T2_test,15,195,156.5,-1.5443283319473267,0.5201638726362967
UBFC_PHYS_s09_T2_test,15,196,156.53333333333333,-1.5917631387710571,0.3182320186678164
UBFC_PHYS_s09_T2_test,15,197,156.56666666666666,-1.5325028896331787,0.035350137187491304
UBFC_PHYS_s09_T2_test,15,198,156.6,-1.3943947553634644,-0.29603247696468415
UBFC_PHYS_s09_T2_test,15,199,156.63333333333333,-1.2521394491195679,-0.6232833023090917
UBFC_PHYS_s09_T2_test,15,200,156.66666666666666,-1.165921688079834,-0.8832406974653919
UBFC_PHYS_s09_T2_test,15,201,156.7,-1.1348800659179688,-1.0189086502144968
UBFC_PHYS_s09_T2_test,15,202,156.73333333333332,-1.1192295551300049,-0.997587230674469
UBFC_PHYS_s09_T2_test,15,203,156.76666666666668,-1.105120301246643,-0.8211248811272996
UBFC_PHYS_s09_T2_test,15,204,156.8,-1.0859739780426025,-0.5243093966313788
UBFC_PHYS_s09_T2_test,15,205,156.83333333333334,-1.0117288827896118,-0.16355208150893843
UBFC_PHYS_s09_T2_test,15,206,156.86666666666667,-0.8651300668716431,0.19810069610885608
UBFC_PHYS_s09_T2_test,15,207,156.9,-0.7095220685005188,0.5011570524353791
UBFC_PHYS_s09_T2_test,15,208,156.93333333333334,-0.5793863534927368,0.6943023033621477
UBFC_PHYS_s09_T2_test,15,209,156.96666666666667,-0.437824547290802,0.7401675170295708
UBFC_PHYS_s09_T2_test,15,210,157.0,-0.27796414494514465,0.6239350769642577
UBFC_PHYS_s09_T2_test,15,211,157.03333333333333,-0.14417153596878052,0.3606335949679677
UBFC_PHYS_s09_T2_test,15,212,157.06666666666666,-0.04949808865785599,-0.0027868461812923725
UBFC_PHYS_s09_T2_test,15,213,157.1,0.011583587154746056,-0.3933471355803192
UBFC_PHYS_s09_T2_test,15,214,157.13333333333333,0.022316139191389084,-0.7277215012639622
UBFC_PHYS_s09_T2_test,15,215,157.16666666666666,-0.007758826948702335,-0.9377290473097155
UBFC_PHYS_s09_T2_test,15,216,157.2,-0.049680233001708984,-0.9933860090118392
UBFC_PHYS_s09_T2_test,15,217,157.23333333333332,-0.16777333617210388,-0.9018069339670226
UBFC_PHYS_s09_T2_test,15,218,157.26666666666668,-0.4228045642375946,-0.6856600675417703
UBFC_PHYS_s09_T2_test,15,219,157.3,-0.6572533845901489,-0.36916485211701877
UBFC_PHYS_s09_T2_test,15,220,157.33333333333334,-0.7194559574127197,0.019992310492278766
UBFC_PHYS_s09_T2_test,15,221,157.36666666666667,-0.7191967368125916,0.44611324869700225
UBFC_PHYS_s09_T2_test,15,222,157.4,-0.7709749937057495,0.8648356775817746
UBFC_PHYS_s09_T2_test,15,223,157.43333333333334,-0.7771469354629517,1.2242324302387313
UBFC_PHYS_s09_T2_test,15,224,157.46666666666667,-0.6788516044616699,1.4681796080897387
UBFC_PHYS_s09_T2_test,15,225,157.5,-0.5773476958274841,1.5450080172542917
UBFC_PHYS_s09_T2_test,15,226,157.53333333333333,-0.49134019017219543,1.4210116492739457
UBFC_PHYS_s09_T2_test,15,227,157.56666666666666,-0.3587595224380493,1.0946837811358774
UBFC_PHYS_s09_T2_test,15,228,157.6,-0.2769763469696045,0.6071603868559194
UBFC_PHYS_s09_T2_test,15,229,157.63333333333333,-0.34266769886016846,0.04471588379757624
UBFC_PHYS_s09_T2_test,15,230,157.66666666666666,-0.39737430214881897,-0.4748436462938386
UBFC_PHYS_s09_T2_test,15,231,157.7,-0.2637568414211273,-0.841502704886873
UBFC_PHYS_s09_T2_test,15,232,157.73333333333332,-0.06592617928981781,-0.9996080208400158
UBFC_PHYS_s09_T2_test,15,233,157.76666666666668,-0.0656389519572258,-0.9593028245060536
UBFC_PHYS_s09_T2_test,15,234,157.8,-0.3139658272266388,-0.7700649440613473
UBFC_PHYS_s09_T2_test,15,235,157.83333333333334,-0.5759115815162659,-0.4935794718081143
UBFC_PHYS_s09_T2_test,15,236,157.86666666666667,-0.48541346192359924,-0.1918231020721458
UBFC_PHYS_s09_T2_test,15,237,157.9,0.11599478870630264,0.0789949201471973
UBFC_PHYS_s09_T2_test,15,238,157.93333333333334,0.9207820892333984,0.2739243429772531
UBFC_PHYS_s09_T2_test,15,239,157.96666666666667,1.4769343137741089,0.3633902202734832
UBFC_PHYS_s09_T2_test,15,240,158.0,1.6655596494674683,0.33597786255861883
UBFC_PHYS_s09_T2_test,15,241,158.03333333333333,1.592890739440918,0.20060967254992887
UBFC_PHYS_s09_T2_test,15,242,158.06666666666666,1.3254315853118896,-0.013525827060872016
UBFC_PHYS_s09_T2_test,15,243,158.1,0.9710401296615601,-0.26284729127374923
UBFC_PHYS_s09_T2_test,15,244,158.13333333333333,0.7045828104019165,-0.4995982872820769
UBFC_PHYS_s09_T2_test,15,245,158.16666666666666,0.5419692397117615,-0.6801425802710557
UBFC_PHYS_s09_T2_test,15,246,158.2,0.3474312126636505,-0.7698111742518765
UBFC_PHYS_s09_T2_test,15,247,158.23333333333332,0.04991813376545906,-0.7476346582379801
UBFC_PHYS_s09_T2_test,15,248,158.26666666666668,-0.29595449566841125,-0.6108445061189918
UBFC_PHYS_s09_T2_test,15,249,158.3,-0.5224940180778503,-0.37540348234075177
UBFC_PHYS_s09_T2_test,15,250,158.33333333333334,-0.43961796164512634,-0.07232571246860328
UBFC_PHYS_s09_T2_test,15,251,158.36666666666667,-0.07319096475839615,0.2568957571633289
UBFC_PHYS_s09_T2_test,15,252,158.4,0.3208240270614624,0.5647267811298924
UBFC_PHYS_s09_T2_test,15,253,158.43333333333334,0.5628458857536316,0.8032932485641849
UBFC_PHYS_s09_T2_test,15,254,158.46666666666667,0.6444469094276428,0.9311084264459799
UBFC_PHYS_s09_T2_test,15,255,158.5,0.5714277029037476,0.9187859464236183
UBFC_PHYS_s09_T2_test,15,256,158.53333333333333,0.37760427594184875,0.7540108738630509
UBFC_PHYS_s09_T2_test,15,257,158.56666666666666,0.18689128756523132,0.4480027805136197
UBFC_PHYS_s09_T2_test,15,258,158.6,0.07261621952056885,0.04205831312183081
UBFC_PHYS_s09_T2_test,15,259,158.63333333333333,0.00658160075545311,-0.390764053563362
UBFC_PHYS_s09_T2_test,15,260,158.66666666666666,-0.07441694289445877,-0.755731543466645
UBFC_PHYS_s09_T2_test,15,261,158.7,-0.23210559785366058,-0.9650206373484511
UBFC_PHYS_s09_T2_test,15,262,158.73333333333332,-0.48439764976501465,-0.9721068671992603
UBFC_PHYS_s09_T2_test,15,263,158.76666666666668,-0.6762245297431946,-0.782650651367929
UBFC_PHYS_s09_T2_test,15,264,158.8,-0.5332966446876526,-0.43937852517265136
UBFC_PHYS_s09_T2_test,15,265,158.83333333333334,-0.04527372121810913,-0.005562158524967362
UBFC_PHYS_s09_T2_test,15,266,158.86666666666667,0.4780082702636719,0.44338372677147164
UBFC_PHYS_s09_T2_test,15,267,158.9,0.7941211462020874,0.828077136106126
UBFC_PHYS_s09_T2_test,15,268,158.93333333333334,0.9085643887519836,1.0764784852296065
UBFC_PHYS_s09_T2_test,15,269,158.96666666666667,0.8690739274024963,1.1356824216770434
UBFC_PHYS_s09_T2_test,15,270,159.0,0.702046811580658,0.9833377188724637
UBFC_PHYS_s09_T2_test,15,271,159.03333333333333,0.5210225582122803,0.6393685572067753
UBFC_PHYS_s09_T2_test,15,272,159.06666666666666,0.43394315242767334,0.17122089332835755
UBFC_PHYS_s09_T2_test,15,273,159.1,0.40371406078338623,-0.3199443989739179
UBFC_PHYS_s09_T2_test,15,274,159.13333333333333,0.33466005325317383,-0.7292701026848009
UBFC_PHYS_s09_T2_test,15,275,159.16666666666666,0.19126977026462555,-0.9764471184281418
UBFC_PHYS_s09_T2_test,15,276,159.2,0.0004026769893243909,-1.0212829503328598
UBFC_PHYS_s09_T2_test,15,277,159.23333333333332,-0.1175503209233284,-0.8650028539341376
UBFC_PHYS_s09_T2_test,15,278,159.26666666666668,0.053519003093242645,-0.541607979296162
UBFC_PHYS_s09_T2_test,15,279,159.3,0.5474265813827515,-0.10806379652113217
UBFC_PHYS_s09_T2_test,15,280,159.33333333333334,1.0872488021850586,0.3637323248295439
UBFC_PHYS_s09_T2_test,15,281,159.36666666666667,1.4302070140838623,0.7965640279311644
UBFC_PHYS_s09_T2_test,15,282,159.4,1.5470671653747559,1.1197128061006607
UBFC_PHYS_s09_T2_test,15,283,159.43333333333334,1.4531153440475464,1.2802216947098146
UBFC_PHYS_s09_T2_test,15,284,159.46666666666667,1.1737186908721924,1.2505394412998905
UBFC_PHYS_s09_T2_test,15,285,159.5,0.858201265335083,1.029676529919485
UBFC_PHYS_s09_T2_test,15,286,159.53333333333333,0.6667386889457703,0.6415736721074505
UBFC_PHYS_s09_T2_test,15,287,159.56666666666666,0.5761845111846924,0.13968184197048425
UBFC_PHYS_s09_T2_test,15,288,159.6,0.4851749837398529,-0.38940002729054374
UBFC_PHYS_s09_T2_test,15,289,159.63333333333333,0.3450913429260254,-0.8444252626579769
UBFC_PHYS_s09_T2_test,15,290,159.66666666666666,0.15575146675109863,-1.1463451123479702
UBFC_PHYS_s09_T2_test,15,291,159.7,-0.03070211037993431,-1.2650730112187107
UBFC_PHYS_s09_T2_test,15,292,159.73333333333332,-0.1181948333978653,-1.2219495177949302
UBFC_PHYS_s09_T2_test,15,293,159.76666666666668,-0.08345414698123932,-1.0712831663098292
UBFC_PHYS_s09_T2_test,15,294,159.8,-0.019857468083500862,-0.8728707043432119
UBFC_PHYS_s09_T2_test,15,295,159.83333333333334,0.0036602728068828583,-0.6729368717551204
UBFC_PHYS_s09_T2_test,15,296,159.86666666666667,-0.011380712501704693,-0.499182961088033
UBFC_PHYS_s09_T2_test,15,297,159.9,-0.06487534195184708,-0.3629623770247549
UBFC_PHYS_s09_T2_test,15,298,159.93333333333334,-0.15505820512771606,-0.26317513136774434
UBFC_PHYS_s09_T2_test,15,299,159.96666666666667,-0.24831652641296387,-0.18969976086480272
UBFC_PHYS_s09_T2_test,16,0,160.0,-0.324831485748291,-0.014070660600855302
UBFC_PHYS_s09_T2_test,16,1,160.03333333333333,-0.4127795696258545,-0.5641628270886327
UBFC_PHYS_s09_T2_test,16,2,160.06666666666666,-0.5483095645904541,-1.0840328064763374
UBFC_PHYS_s09_T2_test,16,3,160.1,-0.7335652112960815,-1.5397332690261984
UBFC_PHYS_s09_T2_test,16,4,160.13333333333333,-0.9033384919166565,-1.8975309682446873
UBFC_PHYS_s09_T2_test,16,5,160.16666666666666,-0.936278760433197,-2.12613419240051
UBFC_PHYS_s09_T2_test,16,6,160.2,-0.7734760046005249,-2.1979823893762287
UBFC_PHYS_s09_T2_test,16,7,160.23333333333332,-0.4954664707183838,-2.0974766579416397
UBFC_PHYS_s09_T2_test,16,8,160.26666666666668,-0.2217513471841812,-1.8327511476976441
UBFC_PHYS_s09_T2_test,16,9,160.3,0.019359784200787544,-1.4370206023156957
UBFC_PHYS_s09_T2_test,16,10,160.33333333333334,0.2765977680683136,-0.9577643781957457
UBFC_PHYS_s09_T2_test,16,11,160.36666666666667,0.5733402371406555,-0.4447287808652869
UBFC_PHYS_s09_T2_test,16,12,160.4,0.8508033156394958,0.05676827492907102
UBFC_PHYS_s09_T2_test,16,13,160.43333333333334,1.0194627046585083,0.5068169085705718
UBFC_PHYS_s09_T2_test,16,14,160.46666666666667,1.055261254310608,0.8688659934200939
UBFC_PHYS_s09_T2_test,16,15,160.5,0.9961761832237244,1.1095394374038952
UBFC_PHYS_s09_T2_test,16,16,160.53333333333333,0.8664818406105042,1.2021795296752558
UBFC_PHYS_s09_T2_test,16,17,160.56666666666666,0.6730086803436279,1.1323863075893539
UBFC_PHYS_s09_T2_test,16,18,160.6,0.43395715951919556,0.904191442374006
UBFC_PHYS_s09_T2_test,16,19,160.63333333333333,0.1873466521501541,0.5460547291378038
UBFC_PHYS_s09_T2_test,16,20,160.66666666666666,-0.019037814810872078,0.11289828276721531
UBFC_PHYS_s09_T2_test,16,21,160.7,-0.16888722777366638,-0.3216587041392216
UBFC_PHYS_s09_T2_test,16,22,160.73333333333332,-0.32275083661079407,-0.681308604767749
UBFC_PHYS_s09_T2_test,16,23,160.76666666666668,-0.5673927664756775,-0.9025294605739969
UBFC_PHYS_s09_T2_test,16,24,160.8,-0.911577045917511,-0.9449757528339744
UBFC_PHYS_s09_T2_test,16,25,160.83333333333334,-1.3189237117767334,-0.7972374267508692
UBFC_PHYS_s09_T2_test,16,26,160.86666666666667,-1.7958567142486572,-0.4784370408204693
UBFC_PHYS_s09_T2_test,16,27,160.9,-2.329913377761841,-0.03573014184620115
UBFC_PHYS_s09_T2_test,16,28,160.93333333333334,-2.8270084857940674,0.46201403514817413
UBFC_PHYS_s09_T2_test,16,29,160.96666666666667,-3.189680337905884,0.9338433466685938
UBFC_PHYS_s09_T2_test,16,30,161.0,-3.350822925567627,1.2987366115981558
UBFC_PHYS_s09_T2_test,16,31,161.03333333333333,-3.2378437519073486,1.488526196699394
UBFC_PHYS_s09_T2_test,16,32,161.06666666666666,-2.8847415447235107,1.4602850647556165
UBFC_PHYS_s09_T2_test,16,33,161.1,-2.414421558380127,1.206642801211844
UBFC_PHYS_s09_T2_test,16,34,161.13333333333333,-1.9190078973770142,0.7615361475033456
UBFC_PHYS_s09_T2_test,16,35,161.16666666666666,-1.4827141761779785,0.19825882572747477
UBFC_PHYS_s09_T2_test,16,36,161.2,-1.1796666383743286,-0.3825006906680019
UBFC_PHYS_s09_T2_test,16,37,161.23333333333332,-0.8434267640113831,-0.8752843875989742
UBFC_PHYS_s09_T2_test,16,38,161.26666666666668,-0.1475832462310791,-1.196454692152832
UBFC_PHYS_s09_T2_test,16,39,161.3,0.8108505010604858,-1.3018243929080375
UBFC_PHYS_s09_T2_test,16,40,161.33333333333334,1.514904499053955,-1.1903595744231732
UBFC_PHYS_s09_T2_test,16,41,161.36666666666667,1.7539139986038208,-0.8977446983611889
UBFC_PHYS_s09_T2_test,16,42,161.4,1.804585337638855,-0.4842216807104395
UBFC_PHYS_s09_T2_test,16,43,161.43333333333334,1.8913074731826782,-0.020621747125991047
UBFC_PHYS_s09_T2_test,16,44,161.46666666666667,1.8929327726364136,0.4233907651643587
UBFC_PHYS_s09_T2_test,16,45,161.5,1.6270989179611206,0.7853949346653862
UBFC_PHYS_s09_T2_test,16,46,161.53333333333333,1.1833373308181763,1.0126295592375432
UBFC_PHYS_s09_T2_test,16,47,161.56666666666666,0.9111704230308533,1.0673425344176146
UBFC_PHYS_s09_T2_test,16,48,161.6,1.0197570323944092,0.9358371889738109
UBFC_PHYS_s09_T2_test,16,49,161.63333333333333,1.3763902187347412,0.6356730673585819
UBFC_PHYS_s09_T2_test,16,50,161.66666666666666,1.759434461593628,0.2166658249940475
UBFC_PHYS_s09_T2_test,16,51,161.7,2.099050998687744,-0.24640535471783032
UBFC_PHYS_s09_T2_test,16,52,161.73333333333332,2.3739922046661377,-0.668539031499075
UBFC_PHYS_s09_T2_test,16,53,161.76666666666668,2.536353588104248,-0.9728712161559316
UBFC_PHYS_s09_T2_test,16,54,161.8,2.58390736579895,-1.1079416001675022
UBFC_PHYS_s09_T2_test,16,55,161.83333333333334,2.5361783504486084,-1.0589451511984382
UBFC_PHYS_s09_T2_test,16,56,161.86666666666667,2.4485034942626953,-0.8492197979812219
UBFC_PHYS_s09_T2_test,16,57,161.9,2.419787645339966,-0.5300950188290066
UBFC_PHYS_s09_T2_test,16,58,161.93333333333334,2.435690402984619,-0.16372498916387945
UBFC_PHYS_s09_T2_test,16,59,161.96666666666667,2.351196050643921,0.19098453750011013
UBFC_PHYS_s09_T2_test,16,60,162.0,2.0948266983032227,0.48529656969921
UBFC_PHYS_s09_T2_test,16,61,162.03333333333333,1.736049771308899,0.6830636921677176
UBFC_PHYS_s09_T2_test,16,62,162.06666666666666,1.338006615638733,0.7619815622521411
UBFC_PHYS_s09_T2_test,16,63,162.1,0.9158081412315369,0.7165036536675965
UBFC_PHYS_s09_T2_test,16,64,162.13333333333333,0.5764857530593872,0.561958853188373
UBFC_PHYS_s09_T2_test,16,65,162.16666666666666,0.42329466342926025,0.3361490388998859
UBFC_PHYS_s09_T2_test,16,66,162.2,0.3244388997554779,0.09381711992676331
UBFC_PHYS_s09_T2_test,16,67,162.23333333333332,0.07424852252006531,-0.11007366814595546
UBFC_PHYS_s09_T2_test,16,68,162.26666666666668,-0.30901989340782166,-0.24088112590210076
UBFC_PHYS_s09_T2_test,16,69,162.3,-0.7219429612159729,-0.2914656938008323
UBFC_PHYS_s09_T2_test,16,70,162.33333333333334,-1.1388452053070068,-0.2734766817648303
UBFC_PHYS_s09_T2_test,16,71,162.36666666666667,-1.4750430583953857,-0.20535250484816478
UBFC_PHYS_s09_T2_test,16,72,162.4,-1.6658051013946533,-0.10536373983633303
UBFC_PHYS_s09_T2_test,16,73,162.43333333333334,-1.813776969909668,0.008391751722113358
UBFC_PHYS_s09_T2_test,16,74,162.46666666666667,-2.0267326831817627,0.11434596261147646
UBFC_PHYS_s09_T2_test,16,75,162.5,-2.235884428024292,0.18760398375949447
UBFC_PHYS_s09_T2_test,16,76,162.53333333333333,-2.292412519454956,0.2055633531155419
UBFC_PHYS_s09_T2_test,16,77,162.56666666666666,-2.1760566234588623,0.15441667566699135
UBFC_PHYS_s09_T2_test,16,78,162.6,-1.986352562904358,0.034463209732217094
UBFC_PHYS_s09_T2_test,16,79,162.63333333333333,-1.826443076133728,-0.13496323682405473
UBFC_PHYS_s09_T2_test,16,80,162.66666666666666,-1.7174712419509888,-0.3144232838568317
UBFC_PHYS_s09_T2_test,16,81,162.7,-1.5910274982452393,-0.4540252285095342
UBFC_PHYS_s09_T2_test,16,82,162.73333333333332,-1.3550515174865723,-0.5121427994960923
UBFC_PHYS_s09_T2_test,16,83,162.76666666666668,-1.0081069469451904,-0.47307805726894175
UBFC_PHYS_s09_T2_test,16,84,162.8,-0.668602466583252,-0.3535138938055011
UBFC_PHYS_s09_T2_test,16,85,162.83333333333334,-0.44508230686187744,-0.19004381051175348
UBFC_PHYS_s09_T2_test,16,86,162.86666666666667,-0.3636634349822998,-0.016451510999894153
UBFC_PHYS_s09_T2_test,16,87,162.9,-0.38733530044555664,0.14643704182588071
UBFC_PHYS_s09_T2_test,16,88,162.93333333333334,-0.4739593267440796,0.284747493511846
UBFC_PHYS_s09_T2_test,16,89,162.96666666666667,-0.6223445534706116,0.38573429781070595
UBFC_PHYS_s09_T2_test,16,90,163.0,-0.7780576348304749,0.439137321678616
UBFC_PHYS_s09_T2_test,16,91,163.03333333333333,-0.7037354111671448,0.44136918768645245
UBFC_PHYS_s09_T2_test,16,92,163.06666666666666,-0.2828260362148285,0.39820184604648967
UBFC_PHYS_s09_T2_test,16,93,163.1,0.17353864014148712,0.3228766831410258
UBFC_PHYS_s09_T2_test,16,94,163.13333333333333,0.28786274790763855,0.2306133510353818
UBFC_PHYS_s09_T2_test,16,95,163.16666666666666,0.11270216852426529,0.1343121514595154
UBFC_PHYS_s09_T2_test,16,96,163.2,-0.07649760693311691,0.04328662432235246
UBFC_PHYS_s09_T2_test,16,97,163.23333333333332,-0.189588725566864,-0.036492668846444865
UBFC_PHYS_s09_T2_test,16,98,163.26666666666668,-0.23756995797157288,-0.10171121810461628
UBFC_PHYS_s09_T2_test,16,99,163.3,-0.1910599023103714,-0.15086607226323157
UBFC_PHYS_s09_T2_test,16,100,163.33333333333334,-0.11592502146959305,-0.18354017258582553
UBFC_PHYS_s09_T2_test,16,101,163.36666666666667,-0.16467687487602234,-0.2000231087428529
UBFC_PHYS_s09_T2_test,16,102,163.4,-0.3863685429096222,-0.201081383686074
UBFC_PHYS_s09_T2_test,16,103,163.43333333333334,-0.6306111812591553,-0.18734492784465642
UBFC_PHYS_s09_T2_test,16,104,163.46666666666667,-0.6898993849754333,-0.1590051218619753
UBFC_PHYS_s09_T2_test,16,105,163.5,-0.5343684554100037,-0.11754624542193483
UBFC_PHYS_s09_T2_test,16,106,163.53333333333333,-0.3252097964286804,-0.06830612686855439
UBFC_PHYS_s09_T2_test,16,107,163.56666666666666,-0.21260206401348114,-0.020041179883806482
UBFC_PHYS_s09_T2_test,16,108,163.6,-0.2517772912979126,0.01886770392182087
UBFC_PHYS_s09_T2_test,16,109,163.63333333333333,-0.40772154927253723,0.04433134657903852
UBFC_PHYS_s09_T2_test,16,110,163.66666666666666,-0.5243855118751526,0.05807974591163256
UBFC_PHYS_s09_T2_test,16,111,163.7,-0.4650972783565521,0.0656512294005744
UBFC_PHYS_s09_T2_test,16,112,163.73333333333332,-0.31773483753204346,0.07214341003620293
UBFC_PHYS_s09_T2_test,16,113,163.76666666666668,-0.35525673627853394,0.07914946042766126
UBFC_PHYS_s09_T2_test,16,114,163.8,-0.7819457650184631,0.0844204491694056
UBFC_PHYS_s09_T2_test,16,115,163.83333333333334,-1.4947638511657715,0.083559900167325
UBFC_PHYS_s09_T2_test,16,116,163.86666666666667,-2.0745317935943604,0.07271427545463802
UBFC_PHYS_s09_T2_test,16,117,163.9,-2.083660125732422,0.05113590489148488
UBFC_PHYS_s09_T2_test,16,118,163.93333333333334,-1.440260410308838,0.022364179071412173
UBFC_PHYS_s09_T2_test,16,119,163.96666666666667,-0.43796464800834656,-0.007078544729118516
UBFC_PHYS_s09_T2_test,16,120,164.0,0.5120553970336914,-0.030070134106033992
UBFC_PHYS_s09_T2_test,16,121,164.03333333333333,1.0886778831481934,-0.03884145591205445
UBFC_PHYS_s09_T2_test,16,122,164.06666666666666,1.1968441009521484,-0.023486772891762802
UBFC_PHYS_s09_T2_test,16,123,164.1,0.9309402108192444,0.025800568890235492
UBFC_PHYS_s09_T2_test,16,124,164.13333333333333,0.5128890872001648,0.1120369038219553
UBFC_PHYS_s09_T2_test,16,125,164.16666666666666,0.16002488136291504,0.22436821282455222
UBFC_PHYS_s09_T2_test,16,126,164.2,-0.06197503209114075,0.33534065210227093
UBFC_PHYS_s09_T2_test,16,127,164.23333333333332,-0.27526000142097473,0.40673868160950083
UBFC_PHYS_s09_T2_test,16,128,164.26666666666668,-0.6307793259620667,0.40253084126017263
UBFC_PHYS_s09_T2_test,16,129,164.3,-1.0044500827789307,0.30198960970308536
UBFC_PHYS_s09_T2_test,16,130,164.33333333333334,-1.014285922050476,0.10806789503278373
UBFC_PHYS_s09_T2_test,16,131,164.36666666666667,-0.5208407044410706,-0.1509059510706393
UBFC_PHYS_s09_T2_test,16,132,164.4,0.17337051033973694,-0.4265428537287278
UBFC_PHYS_s09_T2_test,16,133,164.43333333333334,0.7647957801818848,-0.6614277008524039
UBFC_PHYS_s09_T2_test,16,134,164.46666666666667,1.1858242750167847,-0.8039598034731857
UBFC_PHYS_s09_T2_test,16,135,164.5,1.3529354333877563,-0.8245479081075511
UBFC_PHYS_s09_T2_test,16,136,164.53333333333333,1.1699426174163818,-0.7264324548576302
UBFC_PHYS_s09_T2_test,16,137,164.56666666666666,0.8153620958328247,-0.5415530337591107
UBFC_PHYS_s09_T2_test,16,138,164.6,0.5356361865997314,-0.313791723468334
UBFC_PHYS_s09_T2_test,16,139,164.63333333333333,0.35573282837867737,-0.08328319364217701
UBFC_PHYS_s09_T2_test,16,140,164.66666666666666,0.1331934928894043,0.12112442951324194
UBFC_PHYS_s09_T2_test,16,141,164.7,-0.22224874794483185,0.2823383738497521
UBFC_PHYS_s09_T2_test,16,142,164.73333333333332,-0.6500586867332458,0.39169525793649174
UBFC_PHYS_s09_T2_test,16,143,164.76666666666668,-0.9304431080818176,0.44622527260821376
UBFC_PHYS_s09_T2_test,16,144,164.8,-0.8214151859283447,0.4482329003040565
UBFC_PHYS_s09_T2_test,16,145,164.83333333333334,-0.35814303159713745,0.4058514581286839
UBFC_PHYS_s09_T2_test,16,146,164.86666666666667,0.16371682286262512,0.33294758835488303
UBFC_PHYS_s09_T2_test,16,147,164.9,0.5239088535308838,0.24698106664940803
UBFC_PHYS_s09_T2_test,16,148,164.93333333333334,0.6818076968193054,0.16500968569305452
UBFC_PHYS_s09_T2_test,16,149,164.96666666666667,0.5950855612754822,0.09964756667418516
UBFC_PHYS_s09_T2_test,16,150,165.0,0.2893829643726349,0.056624658009057104
UBFC_PHYS_s09_T2_test,16,151,165.03333333333333,0.01773448847234249,0.03508229752027402
UBFC_PHYS_s09_T2_test,16,152,165.06666666666666,-0.03676193952560425,0.03009967942671548
UBFC_PHYS_s09_T2_test,16,153,165.1,-0.021076438948512077,0.03544999657447034
UBFC_PHYS_s09_T2_test,16,154,165.13333333333333,-0.16011624038219452,0.04530384254800925
UBFC_PHYS_s09_T2_test,16,155,165.16666666666666,-0.4922999441623688,0.054599017674432426
UBFC_PHYS_s09_T2_test,16,156,165.2,-0.8473078608512878,0.05873062741160225
UBFC_PHYS_s09_T2_test,16,157,165.23333333333332,-0.9114579558372498,0.0539189076234122
UBFC_PHYS_s09_T2_test,16,158,165.26666666666668,-0.48394230008125305,0.03822076345430789
UBFC_PHYS_s09_T2_test,16,159,165.3,0.22864456474781036,0.011759067697781369
UBFC_PHYS_s09_T2_test,16,160,165.33333333333334,0.8631752133369446,-0.024004986011205348
UBFC_PHYS_s09_T2_test,16,161,165.36666666666667,1.2568118572235107,-0.06682972307634777
UBFC_PHYS_s09_T2_test,16,162,165.4,1.378239631652832,-0.11362911940152987
UBFC_PHYS_s09_T2_test,16,163,165.43333333333334,1.2397112846374512,-0.16013231121186625
UBFC_PHYS_s09_T2_test,16,164,165.46666666666667,0.9753625988960266,-0.20087758595194427
UBFC_PHYS_s09_T2_test,16,165,165.5,0.7618394494056702,-0.23023582098213843
UBFC_PHYS_s09_T2_test,16,166,165.53333333333333,0.6298472881317139,-0.24399241830680604
UBFC_PHYS_s09_T2_test,16,167,165.56666666666666,0.4657765328884125,-0.2399597263656208
UBFC_PHYS_s09_T2_test,16,168,165.6,0.17150002717971802,-0.2176102295479736
UBFC_PHYS_s09_T2_test,16,169,165.63333333333333,-0.22353076934814453,-0.1782139070032662
UBFC_PHYS_s09_T2_test,16,170,165.66666666666666,-0.4860299527645111,-0.1254448970182633
UBFC_PHYS_s09_T2_test,16,171,165.7,-0.3509553074836731,-0.06490934129280783
UBFC_PHYS_s09_T2_test,16,172,165.73333333333332,0.1266222596168518,-0.0024084401688918046
UBFC_PHYS_s09_T2_test,16,173,165.76666666666668,0.6090826988220215,0.057802189867456485
UBFC_PHYS_s09_T2_test,16,174,165.8,0.8912816047668457,0.11351168287573517
UBFC_PHYS_s09_T2_test,16,175,165.83333333333334,0.9679787158966064,0.16291130749921406
UBFC_PHYS_s09_T2_test,16,176,165.86666666666667,0.8095964789390564,0.20224860788846497
UBFC_PHYS_s09_T2_test,16,177,165.9,0.45304036140441895,0.22616766666674842
UBFC_PHYS_s09_T2_test,16,178,165.93333333333334,0.09552447497844696,0.2306385067979344
UBFC_PHYS_s09_T2_test,16,179,165.96666666666667,-0.13537251949310303,0.21491104625679755
UBFC_PHYS_s09_T2_test,16,180,166.0,-0.33218735456466675,0.1811390144206842
UBFC_PHYS_s09_T2_test,16,181,166.03333333333333,-0.63649582862854,0.1328802952946083
UBFC_PHYS_s09_T2_test,16,182,166.06666666666666,-1.0605717897415161,0.07396771194417225
UBFC_PHYS_s09_T2_test,16,183,166.1,-1.4824129343032837,0.009110121456150602
UBFC_PHYS_s09_T2_test,16,184,166.13333333333333,-1.63593327999115,-0.054621479222244085
UBFC_PHYS_s09_T2_test,16,185,166.16666666666666,-1.3603266477584839,-0.10822865002864498
UBFC_PHYS_s09_T2_test,16,186,166.2,-0.9056082963943481,-0.14359898258566772
UBFC_PHYS_s09_T2_test,16,187,166.23333333333332,-0.6037797927856445,-0.15663995139725975
UBFC_PHYS_s09_T2_test,16,188,166.26666666666668,-0.3792228400707245,-0.1488412568867747
UBFC_PHYS_s09_T2_test,16,189,166.3,-0.04345927760004997,-0.12601106322792366
UBFC_PHYS_s09_T2_test,16,190,166.33333333333334,0.29001346230506897,-0.09507347519232591
UBFC_PHYS_s09_T2_test,16,191,166.36666666666667,0.5107733607292175,-0.06172685881671115
UBFC_PHYS_s09_T2_test,16,192,166.4,0.695993959903717,-0.029883061635615396
UBFC_PHYS_s09_T2_test,16,193,166.43333333333334,0.881151556968689,-0.0017410931750863655
UBFC_PHYS_s09_T2_test,16,194,166.46666666666667,1.0121278762817383,0.02209689521099209
UBFC_PHYS_s09_T2_test,16,195,166.5,1.071941614151001,0.04231584977076705
UBFC_PHYS_s09_T2_test,16,196,166.53333333333333,1.003167748451233,0.06032848463640595
UBFC_PHYS_s09_T2_test,16,197,166.56666666666666,0.7086040377616882,0.07754378363361691
UBFC_PHYS_s09_T2_test,16,198,166.6,0.3499111831188202,0.09456190391299774
UBFC_PHYS_s09_T2_test,16,199,166.63333333333333,0.3485310971736908,0.11042134717051008
UBFC_PHYS_s09_T2_test,16,200,166.66666666666666,0.8243643045425415,0.12232946273657314
UBFC_PHYS_s09_T2_test,16,201,166.7,1.3878862857818604,0.12650904077717168
UBFC_PHYS_s09_T2_test,16,202,166.73333333333332,1.6956626176834106,0.11969136583669103
UBFC_PHYS_s09_T2_test,16,203,166.76666666666668,1.7757713794708252,0.09979810657832305
UBFC_PHYS_s09_T2_test,16,204,166.8,1.7307535409927368,0.06563464194020703
UBFC_PHYS_s09_T2_test,16,205,166.83333333333334,1.5860111713409424,0.016724293331613054
UBFC_PHYS_s09_T2_test,16,206,166.86666666666667,1.4065701961517334,-0.04605096685019849
UBFC_PHYS_s09_T2_test,16,207,166.9,1.230470895767212,-0.11901408533712543
UBFC_PHYS_s09_T2_test,16,208,166.93333333333334,1.00536048412323,-0.19451656841458306
UBFC_PHYS_s09_T2_test,16,209,166.96666666666667,0.7053183913230896,-0.26185014711772986
UBFC_PHYS_s09_T2_test,16,210,167.0,0.37082284688949585,-0.31014502800592275
UBFC_PHYS_s09_T2_test,16,211,167.03333333333333,0.002315201098099351,-0.33121768967889476
UBFC_PHYS_s09_T2_test,16,212,167.06666666666666,-0.4058650732040405,-0.32089045003144645
UBFC_PHYS_s09_T2_test,16,213,167.1,-0.6708092093467712,-0.2782171482707723
UBFC_PHYS_s09_T2_test,16,214,167.13333333333333,-0.532869279384613,-0.2039514964060972
UBFC_PHYS_s09_T2_test,16,215,167.16666666666666,-0.04355735331773758,-0.10109783176105455
UBFC_PHYS_s09_T2_test,16,216,167.2,0.4524519145488739,0.02269789451378713
UBFC_PHYS_s09_T2_test,16,217,167.23333333333332,0.744857907295227,0.15419136749006795
UBFC_PHYS_s09_T2_test,16,218,167.26666666666668,0.8621033430099487,0.27623051516252123
UBFC_PHYS_s09_T2_test,16,219,167.3,0.8394333124160767,0.3709030127957342
UBFC_PHYS_s09_T2_test,16,220,167.33333333333334,0.6993496417999268,0.42294665317643415
UBFC_PHYS_s09_T2_test,16,221,167.36666666666667,0.5379550457000732,0.42247476391721794
UBFC_PHYS_s09_T2_test,16,222,167.4,0.4267904460430145,0.366878766161272
UBFC_PHYS_s09_T2_test,16,223,167.43333333333334,0.32745829224586487,0.26249381258813165
UBFC_PHYS_s09_T2_test,16,224,167.46666666666667,0.17855463922023773,0.12537131640169447
UBFC_PHYS_s09_T2_test,16,225,167.5,-0.03038685768842697,-0.02061081408141761
UBFC_PHYS_s09_T2_test,16,226,167.53333333333333,-0.29510679841041565,-0.14922800523242258
UBFC_PHYS_s09_T2_test,16,227,167.56666666666666,-0.5702580809593201,-0.24066868258989213
UBFC_PHYS_s09_T2_test,16,228,167.6,-0.7006529569625854,-0.28875668068267557
UBFC_PHYS_s09_T2_test,16,229,167.63333333333333,-0.550362229347229,-0.29847659305785934
UBFC_PHYS_s09_T2_test,16,230,167.66666666666666,-0.2180313915014267,-0.27606021034527584
UBFC_PHYS_s09_T2_test,16,231,167.7,0.04518936574459076,-0.2237010833469054
UBFC_PHYS_s09_T2_test,16,232,167.73333333333332,0.11916831880807877,-0.14231402491370485
UBFC_PHYS_s09_T2_test,16,233,167.76666666666668,0.07114505022764206,-0.0362475473542152
UBFC_PHYS_s09_T2_test,16,234,167.8,-0.007940972223877907,0.08423075268748781
UBFC_PHYS_s09_T2_test,16,235,167.83333333333334,-0.0903896763920784,0.2038060325204019
UBFC_PHYS_s09_T2_test,16,236,167.86666666666667,-0.16910439729690552,0.3055622487849953
UBFC_PHYS_s09_T2_test,16,237,167.9,-0.23595166206359863,0.3745381209415239
UBFC_PHYS_s09_T2_test,16,238,167.93333333333334,-0.2939368784427643,0.4001629373821351
UBFC_PHYS_s09_T2_test,16,239,167.96666666666667,-0.354780375957489,0.3778139790174481
UBFC_PHYS_s09_T2_test,16,240,168.0,-0.42959997057914734,0.30963948724891444
UBFC_PHYS_s09_T2_test,16,241,168.03333333333333,-0.5285888910293579,0.20457193141473362
UBFC_PHYS_s09_T2_test,16,242,168.06666666666666,-0.6345272660255432,0.07740290718111294
UBFC_PHYS_s09_T2_test,16,243,168.1,-0.6852056980133057,-0.05322333781106758
UBFC_PHYS_s09_T2_test,16,244,168.13333333333333,-0.6260645389556885,-0.16798068280096826
UBFC_PHYS_s09_T2_test,16,245,168.16666666666666,-0.47930458188056946,-0.25109945483307206
UBFC_PHYS_s09_T2_test,16,246,168.2,-0.32405388355255127,-0.2943464796555095
UBFC_PHYS_s09_T2_test,16,247,168.23333333333332,-0.21805940568447113,-0.29842627812653044
UBFC_PHYS_s09_T2_test,16,248,168.26666666666668,-0.16988901793956757,-0.2711746310393808
UBFC_PHYS_s09_T2_test,16,249,168.3,-0.1668696254491806,-0.22375194852533262
UBFC_PHYS_s09_T2_test,16,250,168.33333333333334,-0.19732989370822906,-0.1667102736517611
UBFC_PHYS_s09_T2_test,16,251,168.36666666666667,-0.25006091594696045,-0.10804764402804568
UBFC_PHYS_s09_T2_test,16,252,168.4,-0.3174125850200653,-0.053605585672229096
UBFC_PHYS_s09_T2_test,16,253,168.43333333333334,-0.400856077671051,-0.008381486713358775
UBFC_PHYS_s09_T2_test,16,254,168.46666666666667,-0.5064582228660583,0.022728301593982255
UBFC_PHYS_s09_T2_test,16,255,168.5,-0.6371403932571411,0.035879699691171
UBFC_PHYS_s09_T2_test,16,256,168.53333333333333,-0.7938272356987,0.03027187672526944
UBFC_PHYS_s09_T2_test,16,257,168.56666666666666,-0.9629700183868408,0.008918023931042433
UBFC_PHYS_s09_T2_test,16,258,168.6,-1.0964614152908325,-0.022349200783110666
UBFC_PHYS_s09_T2_test,16,259,168.63333333333333,-1.1213032007217407,-0.05632766854856814
UBFC_PHYS_s09_T2_test,16,260,168.66666666666666,-1.0101525783538818,-0.08578708714363652
UBFC_PHYS_s09_T2_test,16,261,168.7,-0.8175060749053955,-0.10500026134055145
UBFC_PHYS_s09_T2_test,16,262,168.73333333333332,-0.6061686873435974,-0.11109299820804472
UBFC_PHYS_s09_T2_test,16,263,168.76666666666668,-0.3898222744464874,-0.10422065619720769
UBFC_PHYS_s09_T2_test,16,264,168.8,-0.1886429637670517,-0.08662430274694737
UBFC_PHYS_s09_T2_test,16,265,168.83333333333334,-0.059460025280714035,-0.06164146093460526
UBFC_PHYS_s09_T2_test,16,266,168.86666666666667,-0.02645672671496868,-0.03299808260292712
UBFC_PHYS_s09_T2_test,16,267,168.9,-0.042849790304899216,-0.003903540715115517
UBFC_PHYS_s09_T2_test,16,268,168.93333333333334,-0.043052952736616135,0.023722045141346557
UBFC_PHYS_s09_T2_test,16,269,168.96666666666667,-0.025980347767472267,0.04881626146248538
UBFC_PHYS_s09_T2_test,16,270,169.0,-0.07557286322116852,0.07000049575942482
UBFC_PHYS_s09_T2_test,16,271,169.03333333333333,-0.2867981791496277,0.08553125571862874
UBFC_PHYS_s09_T2_test,16,272,169.06666666666666,-0.5940490365028381,0.09451581884290382
UBFC_PHYS_s09_T2_test,16,273,169.1,-0.7136833667755127,0.09776046614118056
UBFC_PHYS_s09_T2_test,16,274,169.13333333333333,-0.36732736229896545,0.09750409461582162
UBFC_PHYS_s09_T2_test,16,275,169.16666666666666,0.3451123833656311,0.09637880719785416
UBFC_PHYS_s09_T2_test,16,276,169.2,1.01584792137146,0.09633953284932567
UBFC_PHYS_s09_T2_test,16,277,169.23333333333332,1.417470932006836,0.09851018838107398
UBFC_PHYS_s09_T2_test,16,278,169.26666666666668,1.6418877840042114,0.10378368853004676
UBFC_PHYS_s09_T2_test,16,279,169.3,1.7910505533218384,0.11296297867683139
UBFC_PHYS_s09_T2_test,16,280,169.33333333333334,1.8696322441101074,0.12617096525040325
UBFC_PHYS_s09_T2_test,16,281,169.36666666666667,1.9161142110824585,0.14227976076625964
UBFC_PHYS_s09_T2_test,16,282,169.4,1.939491868019104,0.15883515776735666
UBFC_PHYS_s09_T2_test,16,283,169.43333333333334,1.8549134731292725,0.17254958192636233
UBFC_PHYS_s09_T2_test,16,284,169.46666666666667,1.6448301076889038,0.17993439779432352
UBFC_PHYS_s09_T2_test,16,285,169.5,1.3869825601577759,0.1772610655370443
UBFC_PHYS_s09_T2_test,16,286,169.53333333333333,1.0624769926071167,0.16021021917104572
UBFC_PHYS_s09_T2_test,16,287,169.56666666666666,0.6726513504981995,0.12462495280779394
UBFC_PHYS_s09_T2_test,16,288,169.6,0.4474499225616455,0.06831864688728843
UBFC_PHYS_s09_T2_test,16,289,169.63333333333333,0.5522604584693909,-0.007596586492877125
UBFC_PHYS_s09_T2_test,16,290,169.66666666666666,0.7903872132301331,-0.09851240108517906
UBFC_PHYS_s09_T2_test,16,291,169.7,0.8700336813926697,-0.19687846912412788
UBFC_PHYS_s09_T2_test,16,292,169.73333333333332,0.7158898115158081,-0.2929691099437081
UBFC_PHYS_s09_T2_test,16,293,169.76666666666668,0.40159839391708374,-0.37531956112161635
UBFC_PHYS_s09_T2_test,16,294,169.8,0.03884230926632881,-0.4313191698868956
UBFC_PHYS_s09_T2_test,16,295,169.83333333333334,-0.24206054210662842,-0.44930463367854834
UBFC_PHYS_s09_T2_test,16,296,169.86666666666667,-0.3590467572212219,-0.42198839731737975
UBFC_PHYS_s09_T2_test,16,297,169.9,-0.3634602725505829,-0.3495047615063328
UBFC_PHYS_s09_T2_test,16,298,169.93333333333334,-0.3795240819454193,-0.24061827810160127
UBFC_PHYS_s09_T2_test,16,299,169.96666666666667,-0.41683581471443176,-0.11122867166356037
