recording_id,measurement_id,sample_index,time_seconds,gt_signal,predicted_signal
BH_s29_low,0,0,0.0,0.5147539973258972,-0.009829762174820969
BH_s29_low,0,1,0.03333333333333333,0.1269366592168808,-0.17292374104976888
BH_s29_low,0,2,0.06666666666666667,-0.03774087131023407,-0.3554684173246705
BH_s29_low,0,3,0.1,-0.1887746900320053,-0.5589478217968538
BH_s29_low,0,4,0.13333333333333333,-0.19559654593467712,-0.7567846679258485
BH_s29_low,0,5,0.16666666666666666,-0.27452439069747925,-0.8998103210029934
BH_s29_low,0,6,0.2,-0.33980852365493774,-0.9346154345604516
BH_s29_low,0,7,0.23333333333333334,-0.49539023637771606,-0.8269074453506751
BH_s29_low,0,8,0.26666666666666666,-0.7117081880569458,-0.5796132847403945
BH_s29_low,0,9,0.3,-0.8854815363883972,-0.23732031398150527
BH_s29_low,0,10,0.3333333333333333,-1.097251534461975,0.12619995877151166
BH_s29_low,0,11,0.36666666666666664,-1.22165846824646,0.43326255911882444
BH_s29_low,0,12,0.4,-1.352226734161377,0.629259192266029
BH_s29_low,0,13,0.43333333333333335,-1.4288805723190308,0.698865381528478
BH_s29_low,0,14,0.4666666666666667,-1.458441972732544,0.6652652499689551
BH_s29_low,0,15,0.5,-1.5373698472976685,0.5751154249171948
BH_s29_low,0,16,0.5333333333333333,-1.4158973693847656,0.4772408048414169
BH_s29_low,0,17,0.5666666666666667,-0.8624494671821594,0.40373187764848556
BH_s29_low,0,18,0.6,-0.005612996872514486,0.3599708033484977
BH_s29_low,0,19,0.6333333333333333,0.8512234687805176,0.3261120786374389
BH_s29_low,0,20,0.6666666666666666,1.337481141090393,0.2678032955224404
BH_s29_low,0,21,0.7,1.320610523223877,0.15084473491849254
BH_s29_low,0,22,0.7333333333333333,1.0094470977783203,-0.04545052922241519
BH_s29_low,0,23,0.7666666666666667,0.6193557381629944,-0.319495434422322
BH_s29_low,0,24,0.8,0.22926448285579681,-0.6447166714972918
BH_s29_low,0,25,0.8333333333333334,-0.03774087131023407,-0.9730128682295708
BH_s29_low,0,26,0.8666666666666667,-0.13647380471229553,-1.2434111275703068
BH_s29_low,0,27,0.9,-0.19559654593467712,-1.3942398363984339
BH_s29_low,0,28,0.9333333333333333,-0.19559654593467712,-1.3768852945426104
BH_s29_low,0,29,0.9666666666666667,-0.2875076234340668,-1.1688988645776233
BH_s29_low,0,30,1.0,-0.4430893659591675,-0.783486766864823
BH_s29_low,0,31,1.0333333333333334,-0.6071064472198486,-0.271629190030066
BH_s29_low,0,32,1.0666666666666667,-0.8331806659698486,0.2864854549963482
BH_s29_low,0,33,1.1,-0.988762378692627,0.8005510696747803
BH_s29_low,0,34,1.1333333333333333,-1.1443440914154053,1.193671859324844
BH_s29_low,0,35,1.1666666666666667,-1.2999258041381836,1.4208209788806507
BH_s29_low,0,36,1.2,-1.3795140981674194,1.4755160341386395
BH_s29_low,0,37,1.2333333333333334,-1.458441972732544,1.3841931843921802
BH_s29_low,0,38,1.2666666666666666,-1.5298874378204346,1.1925269143649742
BH_s29_low,0,39,1.3,-1.5373698472976685,0.9496019950169069
BH_s29_low,0,40,1.3333333333333333,-1.257749080657959,0.6950087377609652
BH_s29_low,0,41,1.3666666666666667,-0.5182051062583923,0.4517564196567993
BH_s29_low,0,42,1.4,0.3987071216106415,0.22553073706209475
BH_s29_low,0,43,1.4333333333333333,1.1496962308883667,0.009019180829399804
BH_s29_low,0,44,1.4666666666666666,1.3829602003097534,-0.21088643621558142
BH_s29_low,0,45,1.5,1.192976713180542,-0.4452201844118876
BH_s29_low,0,46,1.5333333333333334,0.7496314644813538,-0.6960628760293028
BH_s29_low,0,47,1.5666666666666667,0.3338662385940552,-0.9517922764094263
BH_s29_low,0,48,1.6,-0.007519036065787077,-1.185468270978351
BH_s29_low,0,49,1.6333333333333333,-0.2420285940170288,-1.3573233423371576
BH_s29_low,0,50,1.6666666666666667,-0.27452439069747925,-1.4218892969945827
BH_s29_low,0,51,1.7,-0.27452439069747925,-1.3392684835971835
BH_s29_low,0,52,1.7333333333333334,-0.3141345977783203,-1.0885386897173561
BH_s29_low,0,53,1.7666666666666666,-0.3907884657382965,-0.6794818532790035
BH_s29_low,0,54,1.8,-0.5463702082633972,-0.1575994462389189
BH_s29_low,0,55,1.8333333333333333,-0.7808797359466553,0.401604677437688
BH_s29_low,0,56,1.8666666666666667,-0.9669758677482605,0.909154909096482
BH_s29_low,0,57,1.9,-1.1709710359573364,1.2850397586599789
BH_s29_low,0,58,1.9333333333333333,-1.3005863428115845,1.4785012622744251
BH_s29_low,0,59,1.9666666666666666,-1.3795140981674194,1.4787969078745347
BH_s29_low,0,60,2.0,-1.458441972732544,1.313372669055306
BH_s29_low,0,61,2.033333333333333,-1.4775866270065308,1.0355475859562486
BH_s29_low,0,62,2.066666666666667,-1.5204991102218628,0.7069338511575181
BH_s29_low,0,63,2.1,-1.25679612159729,0.38045105689205355
BH_s29_low,0,64,2.1333333333333333,-0.5952269434928894,0.08875864241609706
BH_s29_low,0,65,2.1666666666666665,0.3382634222507477,-0.15923558277663225
BH_s29_low,0,66,2.2,1.0905734300613403,-0.37386485409802195
BH_s29_low,0,67,2.2333333333333334,1.3774592876434326,-0.5745322360971883
BH_s29_low,0,68,2.2666666666666666,1.13649582862854,-0.7773016221756458
BH_s29_low,0,69,2.3,0.670703649520874,-0.9838128190040009
BH_s29_low,0,70,2.3333333333333335,0.2819332778453827,-1.17478514067524
BH_s29_low,0,71,2.3666666666666667,-0.034145988523960114,-1.3106802346574924
BH_s29_low,0,72,2.4,-0.3417145609855652,-1.3406928597696124
BH_s29_low,0,73,2.433333333333333,-0.42423728108406067,-1.2188210467186946
BH_s29_low,0,74,2.466666666666667,-0.36386895179748535,-0.92265261668652
BH_s29_low,0,75,2.5,-0.35345223546028137,-0.46803443332239913
BH_s29_low,0,76,2.533333333333333,-0.4323800504207611,0.0873146577389978
BH_s29_low,0,77,2.566666666666667,-0.5729971528053284,0.6547578724513876
BH_s29_low,0,78,2.6,-0.7879941463470459,1.137541813780332
BH_s29_low,0,79,2.6333333333333333,-0.9630884528160095,1.4570623754603265
BH_s29_low,0,80,2.6666666666666665,-1.118670105934143,1.5725718998209255
BH_s29_low,0,81,2.7,-1.274251937866211,1.487556288201988
BH_s29_low,0,82,2.7333333333333334,-1.3509057760238647,1.2422764623900604
BH_s29_low,0,83,2.7666666666666666,-1.4275596141815186,0.8973593159925916
BH_s29_low,0,84,2.8,-1.458441972732544,0.515076637764239
BH_s29_low,0,85,2.8333333333333335,-1.4938721656799316,0.14405504713223355
BH_s29_low,0,86,2.8666666666666667,-1.2146193981170654,-0.18843109046803172
BH_s29_low,0,87,2.9,-0.5143930315971375,-0.4747939097222884
BH_s29_low,0,88,2.933333333333333,0.41909730434417725,-0.7177609847535249
BH_s29_low,0,89,2.966666666666667,1.2493821382522583,-0.9180796706472955
BH_s29_low,0,90,3.0,1.429760217666626,-1.0651240851012063
BH_s29_low,0,91,3.033333333333333,1.214470624923706,-1.134879337860553
BH_s29_low,0,92,3.066666666666667,0.7477254271507263,-1.0967424769223206
BH_s29_low,0,93,3.1,0.28098025918006897,-0.9270046681715183
BH_s29_low,0,94,3.1333333333333333,-0.06077294051647186,-0.6238881654545368
BH_s29_low,0,95,3.1666666666666665,-0.27452439069747925,-0.21733674742050185
BH_s29_low,0,96,3.2,-0.27452439069747925,0.23260536957757885
BH_s29_low,0,97,3.2333333333333334,-0.27452439069747925,0.6504302358669224
BH_s29_low,0,98,3.2666666666666666,-0.27452439069747925,0.9669675600327511
BH_s29_low,0,99,3.3,-0.35345223546028137,1.138117651962762
BH_s29_low,0,100,3.3333333333333335,-0.44176843762397766,1.15320438118784
BH_s29_low,0,101,3.3666666666666667,-0.6762779951095581,1.0322594951157364
BH_s29_low,0,102,3.4,-0.8318597078323364,0.8160417399619665
BH_s29_low,0,103,3.433333333333333,-0.9874414205551147,0.5532628644685867
BH_s29_low,0,104,3.466666666666667,-1.064095377922058,0.2879472354068333
BH_s29_low,0,105,3.5,-1.2196770906448364,0.04882698552719436
BH_s29_low,0,106,3.533333333333333,-1.2963309288024902,-0.1566133556061979
BH_s29_low,0,107,3.566666666666667,-1.3005863428115845,-0.3405584000093047
BH_s29_low,0,108,3.6,-0.9323568344116211,-0.525216485035632
BH_s29_low,0,109,3.6333333333333333,-0.18313193321228027,-0.7282753303785369
BH_s29_low,0,110,3.6666666666666665,0.7503584027290344,-0.9490930385559763
BH_s29_low,0,111,3.7,1.3517099618911743,-1.1612856215241403
BH_s29_low,0,112,3.7333333333333334,1.4008592367172241,-1.3151664904635616
BH_s29_low,0,113,3.7666666666666666,1.1075948476791382,-1.3502337836990466
BH_s29_low,0,114,3.8,0.5820949077606201,-1.214770636725806
BH_s29_low,0,115,3.8333333333333335,0.11534970253705978,-0.8869619502988741
BH_s29_low,0,116,3.8666666666666667,-0.14160682260990143,-0.39013663105596497
BH_s29_low,0,117,3.9,-0.27452439069747925,0.204923371852436
BH_s29_low,0,118,3.933333333333333,-0.22713932394981384,0.7941361918360719
BH_s29_low,0,119,3.966666666666667,-0.15048542618751526,1.267862927898214
BH_s29_low,0,120,4.0,-0.15950587391853333,1.5425566938436848
BH_s29_low,0,121,4.033333333333333,-0.2361597716808319,1.5839294752729551
BH_s29_low,0,122,4.066666666666666,-0.39174148440361023,1.4131894703506376
BH_s29_low,0,123,4.1,-0.5833384990692139,1.0955961990657557
BH_s29_low,0,124,4.133333333333334,-0.781832754611969,0.7172195730890131
BH_s29_low,0,125,4.166666666666667,-0.9059470891952515,0.3587483735213327
BH_s29_low,0,126,4.2,-1.014068365097046,0.07437192304056676
BH_s29_low,0,127,4.233333333333333,-1.0368832349777222,-0.11901558466855527
BH_s29_low,0,128,4.266666666666667,-0.6495091915130615,-0.24001202768766167
BH_s29_low,0,129,4.3,0.09648874402046204,-0.32924589179703617
BH_s29_low,0,130,4.333333333333333,1.0098814964294434,-0.4288664146296742
BH_s29_low,0,131,4.366666666666666,1.637567400932312,-0.5623379896391563
BH_s29_low,0,132,4.4,1.667572021484375,-0.722048474564581
BH_s29_low,0,133,4.433333333333334,1.3431328535079956,-0.8694533607973253
BH_s29_low,0,134,4.466666666666667,0.7974598407745361,-0.9477652184087325
BH_s29_low,0,135,4.5,0.3307146430015564,-0.9026473518662284
BH_s29_low,0,136,4.533333333333333,-0.03774087131023407,-0.7037991047406679
BH_s29_low,0,137,4.566666666666666,-0.12084870040416718,-0.3600640342946613
BH_s29_low,0,138,4.6,-0.19369050860404968,0.07756122252199513
BH_s29_low,0,139,4.633333333333334,-0.1166687086224556,0.5269491836760843
BH_s29_low,0,140,4.666666666666667,-0.19295468926429749,0.89683447471457
BH_s29_low,0,141,4.7,-0.2696085572242737,1.112403055282495
BH_s29_low,0,142,4.733333333333333,-0.4251902997493744,1.1355119118076102
BH_s29_low,0,143,4.766666666666667,-0.5807720422744751,0.9724209316628759
BH_s29_low,0,144,4.8,-0.8152815699577332,0.6666531340648029
BH_s29_low,0,145,4.833333333333333,-0.9708632826805115,0.28073440752670425
BH_s29_low,0,146,4.866666666666666,-1.04751718044281,-0.12443226885572196
BH_s29_low,0,147,4.9,-1.003434419631958,-0.5032210640409127
BH_s29_low,0,148,4.933333333333334,-0.4576196074485779,-0.8274856388816586
BH_s29_low,0,149,4.966666666666667,0.5108577013015747,-1.0795444049374348
BH_s29_low,0,150,5.0,1.4139089584350586,-1.2423498499027603
BH_s29_low,0,151,5.033333333333333,1.9077997207641602,-1.293620836493538
BH_s29_low,0,152,5.066666666666666,1.8075287342071533,-1.2081671742106517
BH_s29_low,0,153,5.1,1.4006420373916626,-0.968358317861079
BH_s29_low,0,154,5.133333333333334,0.9338968992233276,-0.5782333742692817
BH_s29_low,0,155,5.166666666666667,0.4671517312526703,-0.07404226963572798
BH_s29_low,0,156,5.2,0.11923713982105255,0.475472222662445
BH_s29_low,0,157,5.233333333333333,-0.03774087131023407,0.9817441233653569
BH_s29_low,0,158,5.266666666666667,-0.03774087131023407,1.3586932955078743
BH_s29_low,0,159,5.3,-0.07082176953554153,1.5465102811894011
BH_s29_low,0,160,5.333333333333333,-0.14747565984725952,1.527750136131727
BH_s29_low,0,161,5.366666666666666,-0.30305737257003784,1.3295973943715211
BH_s29_low,0,162,5.4,-0.45863911509513855,1.0116228133912544
BH_s29_low,0,163,5.433333333333334,-0.6142208576202393,0.6440629750771362
BH_s29_low,0,164,5.466666666666667,-0.8487303853034973,0.28537323481244986
BH_s29_low,0,165,5.5,-1.0043121576309204,-0.032260091342273624
BH_s29_low,0,166,5.533333333333333,-1.029476284980774,-0.30475321259119975
BH_s29_low,0,167,5.566666666666666,-0.5947171449661255,-0.546259365954371
BH_s29_low,0,168,5.6,0.20842212438583374,-0.7729973548238664
BH_s29_low,0,169,5.633333333333334,1.1978836059570312,-0.9878434370057001
BH_s29_low,0,170,5.666666666666667,1.785666823387146,-1.171636409874859
BH_s29_low,0,171,5.7,1.8449403047561646,-1.2844072558352868
BH_s29_low,0,172,5.733333333333333,1.4513294696807861,-1.2766311967708721
BH_s29_low,0,173,5.766666666666667,0.9845843315124512,-1.1074381284527768
BH_s29_low,0,174,5.8,0.5178391337394714,-0.763817785653802
BH_s29_low,0,175,5.833333333333333,0.12671945989131927,-0.27342773158241757
BH_s29_low,0,176,5.866666666666666,-0.03774087131023407,0.2951089865650197
BH_s29_low,0,177,5.9,-0.1166687086224556,0.8463487401210611
BH_s29_low,0,178,5.933333333333334,-0.1166687086224556,1.2827290243436753
BH_s29_low,0,179,5.966666666666667,-0.18319840729236603,1.5311848947731297
BH_s29_low,0,180,6.0,-0.2598522901535034,1.5618656426580495
BH_s29_low,0,181,6.033333333333333,-0.4154340326786041,1.3922483235635577
BH_s29_low,0,182,6.066666666666666,-0.6499435901641846,1.0760244255741676
BH_s29_low,0,183,6.1,-0.8055253028869629,0.6822409191908168
BH_s29_low,0,184,6.133333333333334,-0.9611070156097412,0.2734430961839923
BH_s29_low,0,185,6.166666666666667,-1.1166887283325195,-0.10913196761196038
BH_s29_low,0,186,6.2,-0.9625787138938904,-0.449146566484863
BH_s29_low,0,187,6.233333333333333,-0.37913504242897034,-0.7481511677119782
BH_s29_low,0,188,6.266666666666667,0.5214915871620178,-1.012118112380938
BH_s29_low,0,189,6.3,1.479193091392517,-1.2374469622354842
BH_s29_low,0,190,6.333333333333333,1.8565272092819214,-1.4025395092367703
BH_s29_low,0,191,6.366666666666666,1.6991147994995117,-1.46929162156339
BH_s29_low,0,192,6.4,1.2720552682876587,-1.3951711198639642
BH_s29_low,0,193,6.433333333333334,0.7706156373023987,-1.1520812452662084
BH_s29_low,0,194,6.466666666666667,0.29205745458602905,-0.7446574708657532
BH_s29_low,0,195,6.5,-0.03774087131023407,-0.21950792454572504
BH_s29_low,0,196,6.533333333333333,-0.1166687086224556,0.34075046534487147
BH_s29_low,0,197,6.566666666666666,-0.1166687086224556,0.8386269966639789
BH_s29_low,0,198,6.6,-0.1399933397769928,1.1901044954264146
BH_s29_low,0,199,6.633333333333334,-0.2166472226381302,1.3479891065563419
BH_s29_low,0,200,6.666666666666667,-0.3722289502620697,1.3110743338841313
BH_s29_low,0,201,6.7,-0.5278106927871704,1.1174010380534234
BH_s29_low,0,202,6.733333333333333,-0.7623202204704285,0.8265821328220683
BH_s29_low,0,203,6.766666666666667,-0.9179019331932068,0.4992135663529537
BH_s29_low,0,204,6.8,-1.063802719116211,0.1806048939934509
BH_s29_low,0,205,6.833333333333333,-1.1427305936813354,-0.10686998200371298
BH_s29_low,0,206,6.866666666666666,-1.1273316144943237,-0.36168882304154143
BH_s29_low,0,207,6.9,-0.5759404301643372,-0.5931668015141094
BH_s29_low,0,208,6.933333333333334,0.2820662260055542,-0.8078222477074574
BH_s29_low,0,209,6.966666666666667,1.2938992977142334,-0.9976229781878362
BH_s29_low,0,210,7.0,1.8486016988754272,-1.134809896914121
BH_s29_low,0,211,7.033333333333333,1.7838361263275146,-1.175784999595358
BH_s29_low,0,212,7.066666666666666,1.3295644521713257,-1.0738398368638886
BH_s29_low,0,213,7.1,0.8628193140029907,-0.7975569184823446
BH_s29_low,0,214,7.133333333333334,0.396074116230011,-0.34887208928309055
BH_s29_low,0,215,7.166666666666667,0.07185207307338715,0.2268787489642516
BH_s29_low,0,216,7.2,-0.03774087131023407,0.8454722205447915
BH_s29_low,0,217,7.233333333333333,-0.03774087131023407,1.4039752837238828
BH_s29_low,0,218,7.266666666666667,-0.03774087131023407,1.8094015131100052
BH_s29_low,0,219,7.3,-0.1166687086224556,2.0036700962242575
BH_s29_low,0,220,7.333333333333333,-0.24782207608222961,1.975431775344956
BH_s29_low,0,221,7.366666666666666,-0.4533553719520569,1.7565876030785241
BH_s29_low,0,222,7.4,-0.6379133462905884,1.4074141031357645
BH_s29_low,0,223,7.433333333333334,-0.7934950590133667,0.9968897096963607
BH_s29_low,0,224,7.466666666666667,-0.9490768313407898,0.584567419390811
BH_s29_low,0,225,7.5,-1.063802719116211,0.2085178316913623
BH_s29_low,0,226,7.533333333333333,-1.1041487455368042,-0.11834218383863289
BH_s29_low,0,227,7.566666666666666,-0.6817877888679504,-0.4035872503475899
BH_s29_low,0,228,7.6,0.16646261513233185,-0.6647805036987138
BH_s29_low,0,229,7.633333333333334,1.1788808107376099,-0.9172827298820891
BH_s29_low,0,230,7.666666666666667,1.836571455001831,-1.16462204455972
BH_s29_low,0,231,7.7,1.829315185546875,-1.3943842900304435
BH_s29_low,0,232,7.733333333333333,1.4660015106201172,-1.580590675314121
BH_s29_low,0,233,7.766666666666667,0.9992563724517822,-1.6914392096392676
BH_s29_low,0,234,7.8,0.5325112342834473,-1.6995849154769356
BH_s29_low,0,235,7.833333333333333,0.16281013190746307,-1.5912073954460184
BH_s29_low,0,236,7.866666666666666,-0.03774087131023407,-1.3703835863339404
BH_s29_low,0,237,7.9,-0.03774087131023407,-1.0572232142199027
BH_s29_low,0,238,7.933333333333334,-0.03774087131023407,-0.6814226653399312
BH_s29_low,0,239,7.966666666666667,-0.1166687086224556,-0.27539090602358546
BH_s29_low,1,0,1.0,-0.4430893659591675,0.11586470529833504
BH_s29_low,1,1,1.0333333333333334,-0.6071064472198486,-6.290623308301269e-05
BH_s29_low,1,2,1.0666666666666667,-0.8331806659698486,-0.06014006815830638
BH_s29_low,1,3,1.1,-0.988762378692627,-0.023763482634871914
BH_s29_low,1,4,1.1333333333333333,-1.1443440914154053,0.12021047213212951
BH_s29_low,1,5,1.1666666666666667,-1.2999258041381836,0.3485050330915741
BH_s29_low,1,6,1.2,-1.3795140981674194,0.6095841824824992
BH_s29_low,1,7,1.2333333333333334,-1.458441972732544,0.8407498640308351
BH_s29_low,1,8,1.2666666666666666,-1.5298874378204346,0.9893173453399798
BH_s29_low,1,9,1.3,-1.5373698472976685,1.0276591183263735
BH_s29_low,1,10,1.3333333333333333,-1.257749080657959,0.956280973489932
BH_s29_low,1,11,1.3666666666666667,-0.5182051062583923,0.7965184657381393
BH_s29_low,1,12,1.4,0.3987071216106415,0.578390182683452
BH_s29_low,1,13,1.4333333333333333,1.1496962308883667,0.32909766868481055
BH_s29_low,1,14,1.4666666666666666,1.3829602003097534,0.06601817355273161
BH_s29_low,1,15,1.5,1.192976713180542,-0.20409386552495695
BH_s29_low,1,16,1.5333333333333334,0.7496314644813538,-0.48024112580268197
BH_s29_low,1,17,1.5666666666666667,0.3338662385940552,-0.7589848668811295
BH_s29_low,1,18,1.6,-0.007519036065787077,-1.0261551495469436
BH_s29_low,1,19,1.6333333333333333,-0.2420285940170288,-1.251934933586423
BH_s29_low,1,20,1.6666666666666667,-0.27452439069747925,-1.3923932572356705
BH_s29_low,1,21,1.7,-0.27452439069747925,-1.3989332881764216
BH_s29_low,1,22,1.7333333333333334,-0.3141345977783203,-1.2340686063078157
BH_s29_low,1,23,1.7666666666666666,-0.3907884657382965,-0.8886024578023499
BH_s29_low,1,24,1.8,-0.5463702082633972,-0.3933644781163368
BH_s29_low,1,25,1.8333333333333333,-0.7808797359466553,0.18069300466199054
BH_s29_low,1,26,1.8666666666666667,-0.9669758677482605,0.7366950991669774
BH_s29_low,1,27,1.9,-1.1709710359573364,1.1771864892604886
BH_s29_low,1,28,1.9333333333333333,-1.3005863428115845,1.4316288366246037
BH_s29_low,1,29,1.9666666666666666,-1.3795140981674194,1.4751340300985916
BH_s29_low,1,30,2.0,-1.458441972732544,1.3315149634584422
BH_s29_low,1,31,2.033333333333333,-1.4775866270065308,1.0608088354155596
BH_s29_low,1,32,2.066666666666667,-1.5204991102218628,0.7372103085668722
BH_s29_low,1,33,2.1,-1.25679612159729,0.42581791506289557
BH_s29_low,1,34,2.1333333333333333,-0.5952269434928894,0.16575247607134938
BH_s29_low,1,35,2.1666666666666665,0.3382634222507477,-0.03592611891482042
BH_s29_low,1,36,2.2,1.0905734300613403,-0.19903974714653322
BH_s29_low,1,37,2.2333333333333334,1.3774592876434326,-0.35682499237702475
BH_s29_low,1,38,2.2666666666666666,1.13649582862854,-0.5391641247402672
BH_s29_low,1,39,2.3,0.670703649520874,-0.7577893183899999
BH_s29_low,1,40,2.3333333333333335,0.2819332778453827,-0.9976086792763169
BH_s29_low,1,41,2.3666666666666667,-0.034145988523960114,-1.2165439083367406
BH_s29_low,1,42,2.4,-0.3417145609855652,-1.354451813755549
BH_s29_low,1,43,2.433333333333333,-0.42423728108406067,-1.3496979491312506
BH_s29_low,1,44,2.466666666666667,-0.36386895179748535,-1.1596064288529804
BH_s29_low,1,45,2.5,-0.35345223546028137,-0.7788546252477652
BH_s29_low,1,46,2.533333333333333,-0.4323800504207611,-0.24898804685334824
BH_s29_low,1,47,2.566666666666667,-0.5729971528053284,0.3462510505466775
BH_s29_low,1,48,2.6,-0.7879941463470459,0.9006816006365906
BH_s29_low,1,49,2.6333333333333333,-0.9630884528160095,1.315006585651394
BH_s29_low,1,50,2.6666666666666665,-1.118670105934143,1.5245658856934157
BH_s29_low,1,51,2.7,-1.274251937866211,1.5141348621628732
BH_s29_low,1,52,2.7333333333333334,-1.3509057760238647,1.3150785633778115
BH_s29_low,1,53,2.7666666666666666,-1.4275596141815186,0.9886758402453504
BH_s29_low,1,54,2.8,-1.458441972732544,0.6038846268848808
BH_s29_low,1,55,2.8333333333333335,-1.4938721656799316,0.2178087360529756
BH_s29_low,1,56,2.8666666666666667,-1.2146193981170654,-0.1351704141530924
BH_s29_low,1,57,2.9,-0.5143930315971375,-0.4431481466561617
BH_s29_low,1,58,2.933333333333333,0.41909730434417725,-0.7070181965962121
BH_s29_low,1,59,2.966666666666667,1.2493821382522583,-0.9266048122863577
BH_s29_low,1,60,3.0,1.429760217666626,-1.0895090064663544
BH_s29_low,1,61,3.033333333333333,1.214470624923706,-1.1684281463578388
BH_s29_low,1,62,3.066666666666667,0.7477254271507263,-1.1289472128585996
BH_s29_low,1,63,3.1,0.28098025918006897,-0.9451092034848535
BH_s29_low,1,64,3.1333333333333333,-0.06077294051647186,-0.6164200189000621
BH_s29_low,1,65,3.1666666666666665,-0.27452439069747925,-0.17832071479747097
BH_s29_low,1,66,3.2,-0.27452439069747925,0.3006175523789449
BH_s29_low,1,67,3.2333333333333334,-0.27452439069747925,0.7361576755461479
BH_s29_low,1,68,3.2666666666666666,-0.27452439069747925,1.0537183613756684
BH_s29_low,1,69,3.3,-0.35345223546028137,1.2098502420719222
BH_s29_low,1,70,3.3333333333333335,-0.44176843762397766,1.2009887472528396
BH_s29_low,1,71,3.3666666666666667,-0.6762779951095581,1.0580179298240544
BH_s29_low,1,72,3.4,-0.8318597078323364,0.8313451867454911
BH_s29_low,1,73,3.433333333333333,-0.9874414205551147,0.5733912605893771
BH_s29_low,1,74,3.466666666666667,-1.064095377922058,0.32407732649846327
BH_s29_low,1,75,3.5,-1.2196770906448364,0.10241751840334473
BH_s29_low,1,76,3.533333333333333,-1.2963309288024902,-0.09436126286573196
BH_s29_low,1,77,3.566666666666667,-1.3005863428115845,-0.2841519289400884
BH_s29_low,1,78,3.6,-0.9323568344116211,-0.48782513493470336
BH_s29_low,1,79,3.6333333333333333,-0.18313193321228027,-0.7157268309412107
BH_s29_low,1,80,3.6666666666666665,0.7503584027290344,-0.9576113145705317
BH_s29_low,1,81,3.7,1.3517099618911743,-1.1797270336900159
BH_s29_low,1,82,3.7333333333333334,1.4008592367172241,-1.3304347435972013
BH_s29_low,1,83,3.7666666666666666,1.1075948476791382,-1.3532652275683879
BH_s29_low,1,84,3.8,0.5820949077606201,-1.2044882851885745
BH_s29_low,1,85,3.8333333333333335,0.11534970253705978,-0.8707163835239172
BH_s29_low,1,86,3.8666666666666667,-0.14160682260990143,-0.3806823942486023
BH_s29_low,1,87,3.9,-0.27452439069747925,0.1946023656607252
BH_s29_low,1,88,3.933333333333333,-0.22713932394981384,0.7561903253869718
BH_s29_low,1,89,3.966666666666667,-0.15048542618751526,1.2031923954216404
BH_s29_low,1,90,4.0,-0.15950587391853333,1.461334813971645
BH_s29_low,1,91,4.033333333333333,-0.2361597716808319,1.5027406027013714
BH_s29_low,1,92,4.066666666666666,-0.39174148440361023,1.3497713568940328
BH_s29_low,1,93,4.1,-0.5833384990692139,1.0630509467557938
BH_s29_low,1,94,4.133333333333334,-0.781832754611969,0.71940065535885
BH_s29_low,1,95,4.166666666666667,-0.9059470891952515,0.38775130766250926
BH_s29_low,1,96,4.2,-1.014068365097046,0.11069166686613885
BH_s29_low,1,97,4.233333333333333,-1.0368832349777222,-0.10301746846373346
BH_s29_low,1,98,4.266666666666667,-0.6495091915130615,-0.2731452859856312
BH_s29_low,1,99,4.3,0.09648874402046204,-0.4322066143335897
BH_s29_low,1,100,4.333333333333333,1.0098814964294434,-0.6053043562656382
BH_s29_low,1,101,4.366666666666666,1.637567400932312,-0.7936041641242946
BH_s29_low,1,102,4.4,1.667572021484375,-0.9682320163116231
BH_s29_low,1,103,4.433333333333334,1.3431328535079956,-1.0774714725468502
BH_s29_low,1,104,4.466666666666667,0.7974598407745361,-1.0650554950947295
BH_s29_low,1,105,4.5,0.3307146430015564,-0.8929980922500499
BH_s29_low,1,106,4.533333333333333,-0.03774087131023407,-0.5603848367425045
BH_s29_low,1,107,4.566666666666666,-0.12084870040416718,-0.11051965297841473
BH_s29_low,1,108,4.6,-0.19369050860404968,0.3773350532867976
BH_s29_low,1,109,4.633333333333334,-0.1166687086224556,0.8094828160584178
BH_s29_low,1,110,4.666666666666667,-0.19295468926429749,1.1045494845424675
BH_s29_low,1,111,4.7,-0.2696085572242737,1.2151074904227488
BH_s29_low,1,112,4.733333333333333,-0.4251902997493744,1.1368437423591566
BH_s29_low,1,113,4.766666666666667,-0.5807720422744751,0.9037533230591075
BH_s29_low,1,114,4.8,-0.8152815699577332,0.5727672530714011
BH_s29_low,1,115,4.833333333333333,-0.9708632826805115,0.20418434185036188
BH_s29_low,1,116,4.866666666666666,-1.04751718044281,-0.1546848362781436
BH_s29_low,1,117,4.9,-1.003434419631958,-0.4767916302467545
BH_s29_low,1,118,4.933333333333334,-0.4576196074485779,-0.7518304580989315
BH_s29_low,1,119,4.966666666666667,0.5108577013015747,-0.9751614322741244
BH_s29_low,1,120,5.0,1.4139089584350586,-1.1357374047929292
BH_s29_low,1,121,5.033333333333333,1.9077997207641602,-1.209880858694355
BH_s29_low,1,122,5.066666666666666,1.8075287342071533,-1.164932000788764
BH_s29_low,1,123,5.1,1.4006420373916626,-0.9721883721820825
BH_s29_low,1,124,5.133333333333334,0.9338968992233276,-0.624092329956673
BH_s29_low,1,125,5.166666666666667,0.4671517312526703,-0.147880045795454
BH_s29_low,1,126,5.2,0.11923713982105255,0.3918841938832422
BH_s29_low,1,127,5.233333333333333,-0.03774087131023407,0.9054599437146187
BH_s29_low,1,128,5.266666666666667,-0.03774087131023407,1.3015683709503023
BH_s29_low,1,129,5.3,-0.07082176953554153,1.5135856408479356
BH_s29_low,1,130,5.333333333333333,-0.14747565984725952,1.518130209743634
BH_s29_low,1,131,5.366666666666666,-0.30305737257003784,1.339178452668439
BH_s29_low,1,132,5.4,-0.45863911509513855,1.0365742312877395
BH_s29_low,1,133,5.433333333333334,-0.6142208576202393,0.6836632799821283
BH_s29_low,1,134,5.466666666666667,-0.8487303853034973,0.34274050056061844
BH_s29_low,1,135,5.5,-1.0043121576309204,0.04757438367050542
BH_s29_low,1,136,5.533333333333333,-1.029476284980774,-0.20082471106348726
BH_s29_low,1,137,5.566666666666666,-0.5947171449661255,-0.4245328057220584
BH_s29_low,1,138,5.6,0.20842212438583374,-0.650103804963114
BH_s29_low,1,139,5.633333333333334,1.1978836059570312,-0.8892152242784066
BH_s29_low,1,140,5.666666666666667,1.785666823387146,-1.1263003358632915
BH_s29_low,1,141,5.7,1.8449403047561646,-1.3178004153907716
BH_s29_low,1,142,5.733333333333333,1.4513294696807861,-1.4037176143229246
BH_s29_low,1,143,5.766666666666667,0.9845843315124512,-1.328200832602533
BH_s29_low,1,144,5.8,0.5178391337394714,-1.0624996853438753
BH_s29_low,1,145,5.833333333333333,0.12671945989131927,-0.6217874448777485
BH_s29_low,1,146,5.866666666666666,-0.03774087131023407,-0.06827776337126634
BH_s29_low,1,147,5.9,-0.1166687086224556,0.5024544547687247
BH_s29_low,1,148,5.933333333333334,-0.1166687086224556,0.9879593765319075
BH_s29_low,1,149,5.966666666666667,-0.18319840729236603,1.3081314780599425
BH_s29_low,1,150,6.0,-0.2598522901535034,1.4256365080413032
BH_s29_low,1,151,6.033333333333333,-0.4154340326786041,1.3501910164040576
BH_s29_low,1,152,6.066666666666666,-0.6499435901641846,1.1270367238882895
BH_s29_low,1,153,6.1,-0.8055253028869629,0.8165769839894291
BH_s29_low,1,154,6.133333333333334,-0.9611070156097412,0.47412307169474943
BH_s29_low,1,155,6.166666666666667,-1.1166887283325195,0.1365895196778296
BH_s29_low,1,156,6.2,-0.9625787138938904,-0.18073142194211494
BH_s29_low,1,157,6.233333333333333,-0.37913504242897034,-0.47783035167394444
BH_s29_low,1,158,6.266666666666667,0.5214915871620178,-0.7574513305912126
BH_s29_low,1,159,6.3,1.479193091392517,-1.0116661344117397
BH_s29_low,1,160,6.333333333333333,1.8565272092819214,-1.2135752667762423
BH_s29_low,1,161,6.366666666666666,1.6991147994995117,-1.3188761032965726
BH_s29_low,1,162,6.4,1.2720552682876587,-1.2784281408788716
BH_s29_low,1,163,6.433333333333334,0.7706156373023987,-1.0582498239677518
BH_s29_low,1,164,6.466666666666667,0.29205745458602905,-0.659503935289882
BH_s29_low,1,165,6.5,-0.03774087131023407,-0.12940119711469739
BH_s29_low,1,166,6.533333333333333,-0.1166687086224556,0.444221013343838
BH_s29_low,1,167,6.566666666666666,-0.1166687086224556,0.9555329527641931
BH_s29_low,1,168,6.6,-0.1399933397769928,1.312349157093254
BH_s29_low,1,169,6.633333333333334,-0.2166472226381302,1.463065452645455
BH_s29_low,1,170,6.666666666666667,-0.3722289502620697,1.4079597548439793
BH_s29_low,1,171,6.7,-0.5278106927871704,1.1921103365874506
BH_s29_low,1,172,6.733333333333333,-0.7623202204704285,0.8849776346559749
BH_s29_low,1,173,6.766666666666667,-0.9179019331932068,0.5557406192913135
BH_s29_low,1,174,6.8,-1.063802719116211,0.2532105123995732
BH_s29_low,1,175,6.833333333333333,-1.1427305936813354,-0.003974873526975828
BH_s29_low,1,176,6.866666666666666,-1.1273316144943237,-0.22513187747740948
BH_s29_low,1,177,6.9,-0.5759404301643372,-0.4352115655432749
BH_s29_low,1,178,6.933333333333334,0.2820662260055542,-0.6571618184247142
BH_s29_low,1,179,6.966666666666667,1.2938992977142334,-0.8953052500232411
BH_s29_low,1,180,7.0,1.8486016988754272,-1.1259012641721313
BH_s29_low,1,181,7.033333333333333,1.7838361263275146,-1.2990028054616525
BH_s29_low,1,182,7.066666666666666,1.3295644521713257,-1.3521049449517946
BH_s29_low,1,183,7.1,0.8628193140029907,-1.231980885636476
BH_s29_low,1,184,7.133333333333334,0.396074116230011,-0.9177433109291319
BH_s29_low,1,185,7.166666666666667,0.07185207307338715,-0.4363493819039653
BH_s29_low,1,186,7.2,-0.03774087131023407,0.13741272347058964
BH_s29_low,1,187,7.233333333333333,-0.03774087131023407,0.6991617935590638
BH_s29_low,1,188,7.266666666666667,-0.03774087131023407,1.1452577377776934
BH_s29_low,1,189,7.3,-0.1166687086224556,1.4026421744099453
BH_s29_low,1,190,7.333333333333333,-0.24782207608222961,1.4465222300757852
BH_s29_low,1,191,7.366666666666666,-0.4533553719520569,1.3008184945474612
BH_s29_low,1,192,7.4,-0.6379133462905884,1.0236916770363398
BH_s29_low,1,193,7.433333333333334,-0.7934950590133667,0.6853395642411942
BH_s29_low,1,194,7.466666666666667,-0.9490768313407898,0.3464389756229847
BH_s29_low,1,195,7.5,-1.063802719116211,0.043823645862829316
BH_s29_low,1,196,7.533333333333333,-1.1041487455368042,-0.21323059226749147
BH_s29_low,1,197,7.566666666666666,-0.6817877888679504,-0.4362426959404711
BH_s29_low,1,198,7.6,0.16646261513233185,-0.6434812820545144
BH_s29_low,1,199,7.633333333333334,1.1788808107376099,-0.843972603703359
BH_s29_low,1,200,7.666666666666667,1.836571455001831,-1.0256753521978033
BH_s29_low,1,201,7.7,1.829315185546875,-1.1528963175145022
BH_s29_low,1,202,7.733333333333333,1.4660015106201172,-1.1750818575889814
BH_s29_low,1,203,7.766666666666667,0.9992563724517822,-1.04499463380329
BH_s29_low,1,204,7.8,0.5325112342834473,-0.7402759434575512
BH_s29_low,1,205,7.833333333333333,0.16281013190746307,-0.2800083657145742
BH_s29_low,1,206,7.866666666666666,-0.03774087131023407,0.2715366126851192
BH_s29_low,1,207,7.9,-0.03774087131023407,0.8175823248199157
BH_s29_low,1,208,7.933333333333334,-0.03774087131023407,1.254780034847117
BH_s29_low,1,209,7.966666666666667,-0.1166687086224556,1.5030970510143176
BH_s29_low,1,210,8.0,-0.20908954739570618,1.5282807802632175
BH_s29_low,1,211,8.033333333333333,-0.4368526041507721,1.3485446988081582
BH_s29_low,1,212,8.066666666666666,-0.6713621616363525,1.0238302983163399
BH_s29_low,1,213,8.1,-0.8269438743591309,0.6329538567323006
BH_s29_low,1,214,8.133333333333333,-0.982525646686554,0.24789675377384043
BH_s29_low,1,215,8.166666666666666,-1.063802719116211,-0.0855616300188577
BH_s29_low,1,216,8.2,-1.2147612571716309,-0.3549984249936417
BH_s29_low,1,217,8.233333333333333,-1.22165846824646,-0.5755018461285082
BH_s29_low,1,218,8.266666666666667,-0.8613545894622803,-0.7749012019658431
BH_s29_low,1,219,8.3,-0.04112744331359863,-0.9767090257841335
BH_s29_low,1,220,8.333333333333334,1.034225583076477,-1.1867893679872523
BH_s29_low,1,221,8.366666666666667,1.8017263412475586,-1.3872027072588358
BH_s29_low,1,222,8.4,2.014382839202881,-1.5380820322082518
BH_s29_low,1,223,8.433333333333334,1.6881883144378662,-1.5867570434081708
BH_s29_low,1,224,8.466666666666667,1.2465319633483887,-1.4824967266434759
BH_s29_low,1,225,8.5,0.7546979784965515,-1.1941392980836951
BH_s29_low,1,226,8.533333333333333,0.3668806552886963,-0.7260316812350434
BH_s29_low,1,227,8.566666666666666,0.07309764623641968,-0.12632701992410825
BH_s29_low,1,228,8.6,-0.03774087131023407,0.5174702613984143
BH_s29_low,1,229,8.633333333333333,-0.03774087131023407,1.097039119622219
BH_s29_low,1,230,8.666666666666666,-0.03774087131023407,1.5114660254217525
BH_s29_low,1,231,8.7,-0.15459005534648895,1.6959876721665366
BH_s29_low,1,232,8.733333333333333,-0.3890996277332306,1.6409819436137958
BH_s29_low,1,233,8.766666666666667,-0.5780547857284546,1.3940928552143343
BH_s29_low,1,234,8.8,-0.7791908979415894,1.044442055404512
BH_s29_low,1,235,8.833333333333334,-0.9347726106643677,0.6943728306478891
BH_s29_low,1,236,8.866666666666667,-1.090354323387146,0.42848141590885497
BH_s29_low,1,237,8.9,-1.1670082807540894,0.29010877270104557
BH_s29_low,1,238,8.933333333333334,-1.2436621189117432,0.27202839098919807
BH_s29_low,1,239,8.966666666666667,-1.2808564901351929,0.3229096505819281
BH_s29_low,2,0,2.0,-1.458441972732544,-0.12084052238488296
BH_s29_low,2,1,2.033333333333333,-1.4775866270065308,-0.04301167525154759
BH_s29_low,2,2,2.066666666666667,-1.5204991102218628,-0.006073538149971476
BH_s29_low,2,3,2.1,-1.25679612159729,-0.04124072158128904
BH_s29_low,2,4,2.1333333333333333,-0.5952269434928894,-0.1599554225567064
BH_s29_low,2,5,2.1666666666666665,0.3382634222507477,-0.3538352329438918
BH_s29_low,2,6,2.2,1.0905734300613403,-0.6004895698081264
BH_s29_low,2,7,2.2333333333333334,1.3774592876434326,-0.8708430924640227
BH_s29_low,2,8,2.2666666666666666,1.13649582862854,-1.1341948691914163
BH_s29_low,2,9,2.3,0.670703649520874,-1.3599613448346877
BH_s29_low,2,10,2.3333333333333335,0.2819332778453827,-1.5173550823066548
BH_s29_low,2,11,2.3666666666666667,-0.034145988523960114,-1.5753181843758233
BH_s29_low,2,12,2.4,-0.3417145609855652,-1.505017147387069
BH_s29_low,2,13,2.433333333333333,-0.42423728108406067,-1.2861211682395823
BH_s29_low,2,14,2.466666666666667,-0.36386895179748535,-0.9160082666926934
BH_s29_low,2,15,2.5,-0.35345223546028137,-0.4184306767777958
BH_s29_low,2,16,2.533333333333333,-0.4323800504207611,0.1536664056778514
BH_s29_low,2,17,2.566666666666667,-0.5729971528053284,0.7253042109325324
BH_s29_low,2,18,2.6,-0.7879941463470459,1.2159696130204587
BH_s29_low,2,19,2.6333333333333333,-0.9630884528160095,1.5595561774797237
BH_s29_low,2,20,2.6666666666666665,-1.118670105934143,1.7198397964465313
BH_s29_low,2,21,2.7,-1.274251937866211,1.6958525703151432
BH_s29_low,2,22,2.7333333333333334,-1.3509057760238647,1.5164689644082454
BH_s29_low,2,23,2.7666666666666666,-1.4275596141815186,1.2279118862335805
BH_s29_low,2,24,2.8,-1.458441972732544,0.8793936747499939
BH_s29_low,2,25,2.8333333333333335,-1.4938721656799316,0.5114196582880663
BH_s29_low,2,26,2.8666666666666667,-1.2146193981170654,0.14995622751492332
BH_s29_low,2,27,2.9,-0.5143930315971375,-0.19224140526036781
BH_s29_low,2,28,2.933333333333333,0.41909730434417725,-0.5085031985135083
BH_s29_low,2,29,2.966666666666667,1.2493821382522583,-0.7890136302751953
BH_s29_low,2,30,3.0,1.429760217666626,-1.013960576648195
BH_s29_low,2,31,3.033333333333333,1.214470624923706,-1.15265159377443
BH_s29_low,2,32,3.066666666666667,0.7477254271507263,-1.1700733070659604
BH_s29_low,2,33,3.1,0.28098025918006897,-1.039540580104861
BH_s29_low,2,34,3.1333333333333333,-0.06077294051647186,-0.757174122563554
BH_s29_low,2,35,3.1666666666666665,-0.27452439069747925,-0.35185220583530935
BH_s29_low,2,36,3.2,-0.27452439069747925,0.1156122593688862
BH_s29_low,2,37,3.2333333333333334,-0.27452439069747925,0.5662716861443631
BH_s29_low,2,38,3.2666666666666666,-0.27452439069747925,0.9248791081297721
BH_s29_low,2,39,3.3,-0.35345223546028137,1.1400110842322684
BH_s29_low,2,40,3.3333333333333335,-0.44176843762397766,1.1944768251751812
BH_s29_low,2,41,3.3666666666666667,-0.6762779951095581,1.1038710245030952
BH_s29_low,2,42,3.4,-0.8318597078323364,0.9062457850823598
BH_s29_low,2,43,3.433333333333333,-0.9874414205551147,0.6480440406594555
BH_s29_low,2,44,3.466666666666667,-1.064095377922058,0.3709292884159994
BH_s29_low,2,45,3.5,-1.2196770906448364,0.10256833901231582
BH_s29_low,2,46,3.533333333333333,-1.2963309288024902,-0.14685643094439216
BH_s29_low,2,47,3.566666666666667,-1.3005863428115845,-0.38178357342629804
BH_s29_low,2,48,3.6,-0.9323568344116211,-0.6130495289357305
BH_s29_low,2,49,3.6333333333333333,-0.18313193321228027,-0.8470218007683105
BH_s29_low,2,50,3.6666666666666665,0.7503584027290344,-1.0758743068542336
BH_s29_low,2,51,3.7,1.3517099618911743,-1.2727567103195268
BH_s29_low,2,52,3.7333333333333334,1.4008592367172241,-1.3943813966452536
BH_s29_low,2,53,3.7666666666666666,1.1075948476791382,-1.3913889207834345
BH_s29_low,2,54,3.8,0.5820949077606201,-1.2242600774603924
BH_s29_low,2,55,3.8333333333333335,0.11534970253705978,-0.8801450186975642
BH_s29_low,2,56,3.8666666666666667,-0.14160682260990143,-0.38458828746703966
BH_s29_low,2,57,3.9,-0.27452439069747925,0.1973236904635609
BH_s29_low,2,58,3.933333333333333,-0.22713932394981384,0.7728860552480019
BH_s29_low,2,59,3.966666666666667,-0.15048542618751526,1.2443553732742452
BH_s29_low,2,60,4.0,-0.15950587391853333,1.5347912458513984
BH_s29_low,2,61,4.033333333333333,-0.2361597716808319,1.6077655841744343
BH_s29_low,2,62,4.066666666666666,-0.39174148440361023,1.4741973561995343
BH_s29_low,2,63,4.1,-0.5833384990692139,1.1849707513662697
BH_s29_low,2,64,4.133333333333334,-0.781832754611969,0.8129922283706408
BH_s29_low,2,65,4.166666666666667,-0.9059470891952515,0.43120857773351906
BH_s29_low,2,66,4.2,-1.014068365097046,0.09352828099183158
BH_s29_low,2,67,4.233333333333333,-1.0368832349777222,-0.17586321808882216
BH_s29_low,2,68,4.266666666666667,-0.6495091915130615,-0.381923341355661
BH_s29_low,2,69,4.3,0.09648874402046204,-0.5475928393188692
BH_s29_low,2,70,4.333333333333333,1.0098814964294434,-0.6966274923639055
BH_s29_low,2,71,4.366666666666666,1.637567400932312,-0.8374578470147755
BH_s29_low,2,72,4.4,1.667572021484375,-0.9547109389417759
BH_s29_low,2,73,4.433333333333334,1.3431328535079956,-1.012049439977462
BH_s29_low,2,74,4.466666666666667,0.7974598407745361,-0.9657291387823509
BH_s29_low,2,75,4.5,0.3307146430015564,-0.7840772340543262
BH_s29_low,2,76,4.533333333333333,-0.03774087131023407,-0.46527888297865644
BH_s29_low,2,77,4.566666666666666,-0.12084870040416718,-0.045706666649437296
BH_s29_low,2,78,4.6,-0.19369050860404968,0.40581920424807016
BH_s29_low,2,79,4.633333333333334,-0.1166687086224556,0.806545444942399
BH_s29_low,2,80,4.666666666666667,-0.19295468926429749,1.083524754362522
BH_s29_low,2,81,4.7,-0.2696085572242737,1.192659698912203
BH_s29_low,2,82,4.733333333333333,-0.4251902997493744,1.126647091752793
BH_s29_low,2,83,4.766666666666667,-0.5807720422744751,0.9112609175899179
BH_s29_low,2,84,4.8,-0.8152815699577332,0.5932599122253831
BH_s29_low,2,85,4.833333333333333,-0.9708632826805115,0.22490016460482848
BH_s29_low,2,86,4.866666666666666,-1.04751718044281,-0.14924763063738794
BH_s29_low,2,87,4.9,-1.003434419631958,-0.4985121990661769
BH_s29_low,2,88,4.933333333333334,-0.4576196074485779,-0.8041101135288363
BH_s29_low,2,89,4.966666666666667,0.5108577013015747,-1.0516408015947059
BH_s29_low,2,90,5.0,1.4139089584350586,-1.2231035099977305
BH_s29_low,2,91,5.033333333333333,1.9077997207641602,-1.293348544262621
BH_s29_low,2,92,5.066666666666666,1.8075287342071533,-1.2338218833655707
BH_s29_low,2,93,5.1,1.4006420373916626,-1.0231963279284613
BH_s29_low,2,94,5.133333333333334,0.9338968992233276,-0.6610241452575788
BH_s29_low,2,95,5.166666666666667,0.4671517312526703,-0.1781679977008399
BH_s29_low,2,96,5.2,0.11923713982105255,0.3622346743357165
BH_s29_low,2,97,5.233333333333333,-0.03774087131023407,0.8761932795240553
BH_s29_low,2,98,5.266666666666667,-0.03774087131023407,1.2797584851436807
BH_s29_low,2,99,5.3,-0.07082176953554153,1.51158232978565
BH_s29_low,2,100,5.333333333333333,-0.14747565984725952,1.5484965775529589
BH_s29_low,2,101,5.366666666666666,-0.30305737257003784,1.4085632095795375
BH_s29_low,2,102,5.4,-0.45863911509513855,1.1410711703753253
BH_s29_low,2,103,5.433333333333334,-0.6142208576202393,0.8078384414915263
BH_s29_low,2,104,5.466666666666667,-0.8487303853034973,0.46321356301347394
BH_s29_low,2,105,5.5,-1.0043121576309204,0.14018236515381927
BH_s29_low,2,106,5.533333333333333,-1.029476284980774,-0.15300638386917703
BH_s29_low,2,107,5.566666666666666,-0.5947171449661255,-0.42569876903946463
BH_s29_low,2,108,5.6,0.20842212438583374,-0.691024437921613
BH_s29_low,2,109,5.633333333333334,1.1978836059570312,-0.9513237234700974
BH_s29_low,2,110,5.666666666666667,1.785666823387146,-1.1886360217893568
BH_s29_low,2,111,5.7,1.8449403047561646,-1.36416019539847
BH_s29_low,2,112,5.733333333333333,1.4513294696807861,-1.4275606386286475
BH_s29_low,2,113,5.766666666666667,0.9845843315124512,-1.3336377710795857
BH_s29_low,2,114,5.8,0.5178391337394714,-1.0610358667814628
BH_s29_low,2,115,5.833333333333333,0.12671945989131927,-0.626110798714383
BH_s29_low,2,116,5.866666666666666,-0.03774087131023407,-0.08566862902077284
BH_s29_low,2,117,5.9,-0.1166687086224556,0.47418032034960006
BH_s29_low,2,118,5.933333333333334,-0.1166687086224556,0.9599794864235202
BH_s29_low,2,119,5.966666666666667,-0.18319840729236603,1.2955927909488343
BH_s29_low,2,120,6.0,-0.2598522901535034,1.4403169602742723
BH_s29_low,2,121,6.033333333333333,-0.4154340326786041,1.3944000324670733
BH_s29_low,2,122,6.066666666666666,-0.6499435901641846,1.1916842607441287
BH_s29_low,2,123,6.1,-0.8055253028869629,0.8841270632437639
BH_s29_low,2,124,6.133333333333334,-0.9611070156097412,0.5248496376257814
BH_s29_low,2,125,6.166666666666667,-1.1166887283325195,0.15541288267043682
BH_s29_low,2,126,6.2,-0.9625787138938904,-0.19928793552739468
BH_s29_low,2,127,6.233333333333333,-0.37913504242897034,-0.5279278499695464
BH_s29_low,2,128,6.266666666666667,0.5214915871620178,-0.8237084220233538
BH_s29_low,2,129,6.3,1.479193091392517,-1.073858768904866
BH_s29_low,2,130,6.333333333333333,1.8565272092819214,-1.253064480112076
BH_s29_low,2,131,6.366666666666666,1.6991147994995117,-1.3249936884088227
BH_s29_low,2,132,6.4,1.2720552682876587,-1.252750542051651
BH_s29_low,2,133,6.433333333333334,0.7706156373023987,-1.014910572210222
BH_s29_low,2,134,6.466666666666667,0.29205745458602905,-0.6206147657102132
BH_s29_low,2,135,6.5,-0.03774087131023407,-0.11643646924362973
BH_s29_low,2,136,6.533333333333333,-0.1166687086224556,0.41988937774473045
BH_s29_low,2,137,6.566666666666666,-0.1166687086224556,0.8984306113447704
BH_s29_low,2,138,6.6,-0.1399933397769928,1.2418923591145998
BH_s29_low,2,139,6.633333333333334,-0.2166472226381302,1.4061344984796265
BH_s29_low,2,140,6.666666666666667,-0.3722289502620697,1.3884618641889286
BH_s29_low,2,141,6.7,-0.5278106927871704,1.2218088724988618
BH_s29_low,2,142,6.733333333333333,-0.7623202204704285,0.9588661339184064
BH_s29_low,2,143,6.766666666666667,-0.9179019331932068,0.6533383892517814
BH_s29_low,2,144,6.8,-1.063802719116211,0.34513314904162345
BH_s29_low,2,145,6.833333333333333,-1.1427305936813354,0.05357049072719737
BH_s29_low,2,146,6.866666666666666,-1.1273316144943237,-0.2205177647484722
BH_s29_low,2,147,6.9,-0.5759404301643372,-0.485677815183172
BH_s29_low,2,148,6.933333333333334,0.2820662260055542,-0.7474879380111202
BH_s29_low,2,149,6.966666666666667,1.2938992977142334,-0.9975570678648579
BH_s29_low,2,150,7.0,1.8486016988754272,-1.2080680747826105
BH_s29_low,2,151,7.033333333333333,1.7838361263275146,-1.3346276965007742
BH_s29_low,2,152,7.066666666666666,1.3295644521713257,-1.3278669186345615
BH_s29_low,2,153,7.1,0.8628193140029907,-1.1512008887155338
BH_s29_low,2,154,7.133333333333334,0.396074116230011,-0.7990128253417438
BH_s29_low,2,155,7.166666666666667,0.07185207307338715,-0.30761966313967765
BH_s29_low,2,156,7.2,-0.03774087131023407,0.24761589029161002
BH_s29_low,2,157,7.233333333333333,-0.03774087131023407,0.7704809989257642
BH_s29_low,2,158,7.266666666666667,-0.03774087131023407,1.1709965434822438
BH_s29_low,2,159,7.3,-0.1166687086224556,1.389961940090552
BH_s29_low,2,160,7.333333333333333,-0.24782207608222961,1.4115033923527889
BH_s29_low,2,161,7.366666666666666,-0.4533553719520569,1.260696367369575
BH_s29_low,2,162,7.4,-0.6379133462905884,0.9895371533533623
BH_s29_low,2,163,7.433333333333334,-0.7934950590133667,0.6579274778178853
BH_s29_low,2,164,7.466666666666667,-0.9490768313407898,0.3166136795705279
BH_s29_low,2,165,7.5,-1.063802719116211,-0.002971993019554251
BH_s29_low,2,166,7.533333333333333,-1.1041487455368042,-0.2900191235159702
BH_s29_low,2,167,7.566666666666666,-0.6817877888679504,-0.5478261206486059
BH_s29_low,2,168,7.6,0.16646261513233185,-0.7827648554380883
BH_s29_low,2,169,7.633333333333334,1.1788808107376099,-0.9931264111475152
BH_s29_low,2,170,7.666666666666667,1.836571455001831,-1.1620506645481452
BH_s29_low,2,171,7.7,1.829315185546875,-1.2574437849196844
BH_s29_low,2,172,7.733333333333333,1.4660015106201172,-1.239722443561625
BH_s29_low,2,173,7.766666666666667,0.9992563724517822,-1.0756862428973724
BH_s29_low,2,174,7.8,0.5325112342834473,-0.7542808512545918
BH_s29_low,2,175,7.833333333333333,0.16281013190746307,-0.2982903870795787
BH_s29_low,2,176,7.866666666666666,-0.03774087131023407,0.23384239546896246
BH_s29_low,2,177,7.9,-0.03774087131023407,0.7588379256474522
BH_s29_low,2,178,7.933333333333334,-0.03774087131023407,1.1894124366180903
BH_s29_low,2,179,7.966666666666667,-0.1166687086224556,1.4576537673430112
BH_s29_low,2,180,8.0,-0.20908954739570618,1.5321818980302344
BH_s29_low,2,181,8.033333333333333,-0.4368526041507721,1.4231365501817235
BH_s29_low,2,182,8.066666666666666,-0.6713621616363525,1.1742995419985176
BH_s29_low,2,183,8.1,-0.8269438743591309,0.8465386855279037
BH_s29_low,2,184,8.133333333333333,-0.982525646686554,0.49903106135781394
BH_s29_low,2,185,8.166666666666666,-1.063802719116211,0.1743486244982142
BH_s29_low,2,186,8.2,-1.2147612571716309,-0.108514839604059
BH_s29_low,2,187,8.233333333333333,-1.22165846824646,-0.352042008788693
BH_s29_low,2,188,8.266666666666667,-0.8613545894622803,-0.5710331420424694
BH_s29_low,2,189,8.3,-0.04112744331359863,-0.7805079213516225
BH_s29_low,2,190,8.333333333333334,1.034225583076477,-0.9850090170483532
BH_s29_low,2,191,8.366666666666667,1.8017263412475586,-1.1724354837142565
BH_s29_low,2,192,8.4,2.014382839202881,-1.3138657170233958
BH_s29_low,2,193,8.433333333333334,1.6881883144378662,-1.3693802499704784
BH_s29_low,2,194,8.466666666666667,1.2465319633483887,-1.298808029273186
BH_s29_low,2,195,8.5,0.7546979784965515,-1.0752511263845226
BH_s29_low,2,196,8.533333333333333,0.3668806552886963,-0.6979960112961632
BH_s29_low,2,197,8.566666666666666,0.07309764623641968,-0.20049777131363145
BH_s29_low,2,198,8.6,-0.03774087131023407,0.3505901247981421
BH_s29_low,2,199,8.633333333333333,-0.03774087131023407,0.867183339271938
BH_s29_low,2,200,8.666666666666666,-0.03774087131023407,1.2603143913256518
BH_s29_low,2,201,8.7,-0.15459005534648895,1.4634957901919412
BH_s29_low,2,202,8.733333333333333,-0.3890996277332306,1.450913613071578
BH_s29_low,2,203,8.766666666666667,-0.5780547857284546,1.2436511810846964
BH_s29_low,2,204,8.8,-0.7791908979415894,0.9014207555177779
BH_s29_low,2,205,8.833333333333334,-0.9347726106643677,0.5028694294086127
BH_s29_low,2,206,8.866666666666667,-1.090354323387146,0.12192300590162784
BH_s29_low,2,207,8.9,-1.1670082807540894,-0.19119057972701461
BH_s29_low,2,208,8.933333333333334,-1.2436621189117432,-0.41815790082051246
BH_s29_low,2,209,8.966666666666667,-1.2808564901351929,-0.568658928866407
BH_s29_low,2,210,9.0,-0.9150517582893372,-0.6674244470283576
BH_s29_low,2,211,9.033333333333333,-0.10450553148984909,-0.7380832595883734
BH_s29_low,2,212,9.066666666666666,0.9079126715660095,-0.7899394168693332
BH_s29_low,2,213,9.1,1.7305734157562256,-0.8121599300920639
BH_s29_low,2,214,9.133333333333333,1.9270950555801392,-0.7770871679791137
BH_s29_low,2,215,9.166666666666666,1.6804134845733643,-0.6514314669011555
BH_s29_low,2,216,9.2,1.2136683464050293,-0.411631272860585
BH_s29_low,2,217,9.233333333333333,0.7469231486320496,-0.05802954812749465
BH_s29_low,2,218,9.266666666666667,0.35836997628211975,0.37779287735750844
BH_s29_low,2,219,9.3,0.04419674351811409,0.8361852870234503
BH_s29_low,2,220,9.333333333333334,-0.03774087131023407,1.2425331747493957
BH_s29_low,2,221,9.366666666666667,-0.03774087131023407,1.5256972921867094
BH_s29_low,2,222,9.4,-0.10683707892894745,1.6356295549454702
BH_s29_low,2,223,9.433333333333334,-0.18349096179008484,1.5547979812179427
BH_s29_low,2,224,9.466666666666667,-0.40362098813056946,1.3001318480412067
BH_s29_low,2,225,9.5,-0.5735822319984436,0.9153930639798967
BH_s29_low,2,226,9.533333333333333,-0.8080918192863464,0.4576273164315546
BH_s29_low,2,227,9.566666666666666,-0.9636735320091248,-0.01649039072169943
BH_s29_low,2,228,9.6,-1.1192553043365479,-0.4596397159195472
BH_s29_low,2,229,9.633333333333333,-1.1959091424942017,-0.8367134531244449
BH_s29_low,2,230,9.666666666666666,-1.3005863428115845,-1.1234845545826098
BH_s29_low,2,231,9.7,-1.3005863428115845,-1.3046220075909871
BH_s29_low,2,232,9.733333333333333,-0.9573038220405579,-1.3737396018413968
BH_s29_low,2,233,9.766666666666667,-0.16788361966609955,-1.335710930484079
BH_s29_low,2,234,9.8,0.8863433599472046,-1.2090238657324568
BH_s29_low,2,235,9.833333333333334,1.659420371055603,-1.0247448949243902
BH_s29_low,2,236,9.866666666666667,1.8981941938400269,-0.8195771988946945
BH_s29_low,2,237,9.9,1.5937107801437378,-0.6239654604318673
BH_s29_low,2,238,9.933333333333334,1.1269656419754028,-0.4507858107719492
BH_s29_low,2,239,9.966666666666667,0.6602204442024231,-0.2918072090995921
BH_s29_low,3,0,3.0,1.429760217666626,0.12174793222813544
BH_s29_low,3,1,3.033333333333333,1.214470624923706,-0.21614133810052222
BH_s29_low,3,2,3.066666666666667,0.7477254271507263,-0.5090510118331806
BH_s29_low,3,3,3.1,0.28098025918006897,-0.7129664033449907
BH_s29_low,3,4,3.1333333333333333,-0.06077294051647186,-0.7913730725506911
BH_s29_low,3,5,3.1666666666666665,-0.27452439069747925,-0.7231236317464841
BH_s29_low,3,6,3.2,-0.27452439069747925,-0.510787945373702
BH_s29_low,3,7,3.2333333333333334,-0.27452439069747925,-0.185577921426412
BH_s29_low,3,8,3.2666666666666666,-0.27452439069747925,0.19523390473180413
BH_s29_low,3,9,3.3,-0.35345223546028137,0.5600138418110608
BH_s29_low,3,10,3.3333333333333335,-0.44176843762397766,0.8403724640585207
BH_s29_low,3,11,3.3666666666666667,-0.6762779951095581,0.9880379447923212
BH_s29_low,3,12,3.4,-0.8318597078323364,0.9852370122574288
BH_s29_low,3,13,3.433333333333333,-0.9874414205551147,0.8460363727186601
BH_s29_low,3,14,3.466666666666667,-1.064095377922058,0.6087147618789264
BH_s29_low,3,15,3.5,-1.2196770906448364,0.321515097225288
BH_s29_low,3,16,3.533333333333333,-1.2963309288024902,0.026794218180979303
BH_s29_low,3,17,3.566666666666667,-1.3005863428115845,-0.2500941597597616
BH_s29_low,3,18,3.6,-0.9323568344116211,-0.5026912149391174
BH_s29_low,3,19,3.6333333333333333,-0.18313193321228027,-0.7359032853147832
BH_s29_low,3,20,3.6666666666666665,0.7503584027290344,-0.9532734938430273
BH_s29_low,3,21,3.7,1.3517099618911743,-1.1453572330947277
BH_s29_low,3,22,3.7333333333333334,1.4008592367172241,-1.284336593209471
BH_s29_low,3,23,3.7666666666666666,1.1075948476791382,-1.3273663444169221
BH_s29_low,3,24,3.8,0.5820949077606201,-1.2288184870964822
BH_s29_low,3,25,3.8333333333333335,0.11534970253705978,-0.9589008356595013
BH_s29_low,3,26,3.8666666666666667,-0.14160682260990143,-0.5224943493688623
BH_s29_low,3,27,3.9,-0.27452439069747925,0.030416389947061057
BH_s29_low,3,28,3.933333333333333,-0.22713932394981384,0.6099543081829063
BH_s29_low,3,29,3.966666666666667,-0.15048542618751526,1.1084237181285097
BH_s29_low,3,30,4.0,-0.15950587391853333,1.432077737473631
BH_s29_low,3,31,4.033333333333333,-0.2361597716808319,1.5298793176195684
BH_s29_low,3,32,4.066666666666666,-0.39174148440361023,1.4077768430240079
BH_s29_low,3,33,4.1,-0.5833384990692139,1.1235823782397225
BH_s29_low,3,34,4.133333333333334,-0.781832754611969,0.7653521129343344
BH_s29_low,3,35,4.166666666666667,-0.9059470891952515,0.4218498090232182
BH_s29_low,3,36,4.2,-1.014068365097046,0.1555172734057645
BH_s29_low,3,37,4.233333333333333,-1.0368832349777222,-0.013370982178218166
BH_s29_low,3,38,4.266666666666667,-0.6495091915130615,-0.10677803738756102
BH_s29_low,3,39,4.3,0.09648874402046204,-0.1738447622511979
BH_s29_low,3,40,4.333333333333333,1.0098814964294434,-0.2664573250739192
BH_s29_low,3,41,4.366666666666666,1.637567400932312,-0.4145912599678948
BH_s29_low,3,42,4.4,1.667572021484375,-0.6108678211029419
BH_s29_low,3,43,4.433333333333334,1.3431328535079956,-0.8103963467999524
BH_s29_low,3,44,4.466666666666667,0.7974598407745361,-0.9459463533084852
BH_s29_low,3,45,4.5,0.3307146430015564,-0.9525948607270772
BH_s29_low,3,46,4.533333333333333,-0.03774087131023407,-0.792842404555165
BH_s29_low,3,47,4.566666666666666,-0.12084870040416718,-0.4732945198381705
BH_s29_low,3,48,4.6,-0.19369050860404968,-0.046787037920552124
BH_s29_low,3,49,4.633333333333334,-0.1166687086224556,0.40115490112149593
BH_s29_low,3,50,4.666666666666667,-0.19295468926429749,0.7766685504401931
BH_s29_low,3,51,4.7,-0.2696085572242737,1.0038217230527398
BH_s29_low,3,52,4.733333333333333,-0.4251902997493744,1.0439083939748013
BH_s29_low,3,53,4.766666666666667,-0.5807720422744751,0.9020979174141115
BH_s29_low,3,54,4.8,-0.8152815699577332,0.6202571805057121
BH_s29_low,3,55,4.833333333333333,-0.9708632826805115,0.25956564982549785
BH_s29_low,3,56,4.866666666666666,-1.04751718044281,-0.11948495282761461
BH_s29_low,3,57,4.9,-1.003434419631958,-0.4713526107413989
BH_s29_low,3,58,4.933333333333334,-0.4576196074485779,-0.7691995805463783
BH_s29_low,3,59,4.966666666666667,0.5108577013015747,-0.9989992859520573
BH_s29_low,3,60,5.0,1.4139089584350586,-1.149213529685025
BH_s29_low,3,61,5.033333333333333,1.9077997207641602,-1.202748919702256
BH_s29_low,3,62,5.066666666666666,1.8075287342071533,-1.1364126940501698
BH_s29_low,3,63,5.1,1.4006420373916626,-0.9292896896523878
BH_s29_low,3,64,5.133333333333334,0.9338968992233276,-0.5767879798676677
BH_s29_low,3,65,5.166666666666667,0.4671517312526703,-0.10358643551308927
BH_s29_low,3,66,5.2,0.11923713982105255,0.43187188584738
BH_s29_low,3,67,5.233333333333333,-0.03774087131023407,0.9457310429312363
BH_s29_low,3,68,5.266666666666667,-0.03774087131023407,1.3487572311027793
BH_s29_low,3,69,5.3,-0.07082176953554153,1.5713429138467188
BH_s29_low,3,70,5.333333333333333,-0.14747565984725952,1.5839493832244302
BH_s29_low,3,71,5.366666666666666,-0.30305737257003784,1.4047250180565785
BH_s29_low,3,72,5.4,-0.45863911509513855,1.090996895120209
BH_s29_low,3,73,5.433333333333334,-0.6142208576202393,0.7179657219627532
BH_s29_low,3,74,5.466666666666667,-0.8487303853034973,0.35332887166100096
BH_s29_low,3,75,5.5,-1.0043121576309204,0.03793852456153462
BH_s29_low,3,76,5.533333333333333,-1.029476284980774,-0.22080867184615055
BH_s29_low,3,77,5.566666666666666,-0.5947171449661255,-0.44188431217677665
BH_s29_low,3,78,5.6,0.20842212438583374,-0.6537734656362265
BH_s29_low,3,79,5.633333333333334,1.1978836059570312,-0.8746719748213106
BH_s29_low,3,80,5.666666666666667,1.785666823387146,-1.0973558068065759
BH_s29_low,3,81,5.7,1.8449403047561646,-1.284819020726074
BH_s29_low,3,82,5.733333333333333,1.4513294696807861,-1.3790861796314522
BH_s29_low,3,83,5.766666666666667,0.9845843315124512,-1.320907515505513
BH_s29_low,3,84,5.8,0.5178391337394714,-1.0738946455339085
BH_s29_low,3,85,5.833333333333333,0.12671945989131927,-0.6442934670471046
BH_s29_low,3,86,5.866666666666666,-0.03774087131023407,-0.08800294582390825
BH_s29_low,3,87,5.9,-0.1166687086224556,0.499666799174889
BH_s29_low,3,88,5.933333333333334,-0.1166687086224556,1.0093181970182938
BH_s29_low,3,89,5.966666666666667,-0.18319840729236603,1.3490067283516074
BH_s29_low,3,90,6.0,-0.2598522901535034,1.4698485510930859
BH_s29_low,3,91,6.033333333333333,-0.4154340326786041,1.375808042209434
BH_s29_low,3,92,6.066666666666666,-0.6499435901641846,1.1149757633298407
BH_s29_low,3,93,6.1,-0.8055253028869629,0.7577400474363664
BH_s29_low,3,94,6.133333333333334,-0.9611070156097412,0.37189952946678567
BH_s29_low,3,95,6.166666666666667,-1.1166887283325195,0.0044920422996770105
BH_s29_low,3,96,6.2,-0.9625787138938904,-0.3240365283734694
BH_s29_low,3,97,6.233333333333333,-0.37913504242897034,-0.6133377830425231
BH_s29_low,3,98,6.266666666666667,0.5214915871620178,-0.8690126137091747
BH_s29_low,3,99,6.3,1.479193091392517,-1.0877610784233664
BH_s29_low,3,100,6.333333333333333,1.8565272092819214,-1.2484173020857594
BH_s29_low,3,101,6.366666666666666,1.6991147994995117,-1.3130364164178037
BH_s29_low,3,102,6.4,1.2720552682876587,-1.238598264806959
BH_s29_low,3,103,6.433333333333334,0.7706156373023987,-0.9957818941032571
BH_s29_low,3,104,6.466666666666667,0.29205745458602905,-0.587635211720977
BH_s29_low,3,105,6.5,-0.03774087131023407,-0.05952195154547113
BH_s29_low,3,106,6.533333333333333,-0.1166687086224556,0.5060507184010721
BH_s29_low,3,107,6.566666666666666,-0.1166687086224556,1.0100750736333646
BH_s29_low,3,108,6.6,-0.1399933397769928,1.3658126212321466
BH_s29_low,3,109,6.633333333333334,-0.2166472226381302,1.5237200721100153
BH_s29_low,3,110,6.666666666666667,-0.3722289502620697,1.482392286761232
BH_s29_low,3,111,6.7,-0.5278106927871704,1.2822217769966004
BH_s29_low,3,112,6.733333333333333,-0.7623202204704285,0.986171516199403
BH_s29_low,3,113,6.766666666666667,-0.9179019331932068,0.6567768532843702
BH_s29_low,3,114,6.8,-1.063802719116211,0.33839120676106926
BH_s29_low,3,115,6.833333333333333,-1.1427305936813354,0.04987292994840172
BH_s29_low,3,116,6.866666666666666,-1.1273316144943237,-0.2119928344565925
BH_s29_low,3,117,6.9,-0.5759404301643372,-0.4616801155365532
BH_s29_low,3,118,6.933333333333334,0.2820662260055542,-0.7113867967947007
BH_s29_low,3,119,6.966666666666667,1.2938992977142334,-0.9592055890710859
BH_s29_low,3,120,7.0,1.8486016988754272,-1.1827075122706374
BH_s29_low,3,121,7.033333333333333,1.7838361263275146,-1.3404669978169277
BH_s29_low,3,122,7.066666666666666,1.3295644521713257,-1.3820566720104999
BH_s29_low,3,123,7.1,0.8628193140029907,-1.264408858040434
BH_s29_low,3,124,7.133333333333334,0.396074116230011,-0.9698187104872885
BH_s29_low,3,125,7.166666666666667,0.07185207307338715,-0.5190478889171435
BH_s29_low,3,126,7.2,-0.03774087131023407,0.02687030876941676
BH_s29_low,3,127,7.233333333333333,-0.03774087131023407,0.5790154501791966
BH_s29_low,3,128,7.266666666666667,-0.03774087131023407,1.043681959353123
BH_s29_low,3,129,7.3,-0.1166687086224556,1.3474716683710208
BH_s29_low,3,130,7.333333333333333,-0.24782207608222961,1.4551065235731417
BH_s29_low,3,131,7.366666666666666,-0.4533553719520569,1.3743458468669263
BH_s29_low,3,132,7.4,-0.6379133462905884,1.1476030668574877
BH_s29_low,3,133,7.433333333333334,-0.7934950590133667,0.8344878075273887
BH_s29_low,3,134,7.466666666666667,-0.9490768313407898,0.49217944304120104
BH_s29_low,3,135,7.5,-1.063802719116211,0.1605686168027507
BH_s29_low,3,136,7.533333333333333,-1.1041487455368042,-0.14332882677221134
BH_s29_low,3,137,7.566666666666666,-0.6817877888679504,-0.42095100562750143
BH_s29_low,3,138,7.6,0.16646261513233185,-0.6806543415346508
BH_s29_low,3,139,7.633333333333334,1.1788808107376099,-0.9242092202888909
BH_s29_low,3,140,7.666666666666667,1.836571455001831,-1.1367856352210008
BH_s29_low,3,141,7.7,1.829315185546875,-1.2845616879392852
BH_s29_low,3,142,7.733333333333333,1.4660015106201172,-1.321721992271195
BH_s29_low,3,143,7.766666666666667,0.9992563724517822,-1.2055612180693034
BH_s29_low,3,144,7.8,0.5325112342834473,-0.9151641230900385
BH_s29_low,3,145,7.833333333333333,0.16281013190746307,-0.4667193782512698
BH_s29_low,3,146,7.866666666666666,-0.03774087131023407,0.0817359711509746
BH_s29_low,3,147,7.9,-0.03774087131023407,0.6403202352472349
BH_s29_low,3,148,7.933333333333334,-0.03774087131023407,1.1102848520063249
BH_s29_low,3,149,7.966666666666667,-0.1166687086224556,1.412032392616447
BH_s29_low,3,150,8.0,-0.20908954739570618,1.5072609198083766
BH_s29_low,3,151,8.033333333333333,-0.4368526041507721,1.4065281205672722
BH_s29_low,3,152,8.066666666666666,-0.6713621616363525,1.160187935607739
BH_s29_low,3,153,8.1,-0.8269438743591309,0.8377869434904918
BH_s29_low,3,154,8.133333333333333,-0.982525646686554,0.5046929980251764
BH_s29_low,3,155,8.166666666666666,-1.063802719116211,0.20429852262822135
BH_s29_low,3,156,8.2,-1.2147612571716309,-0.04905751490715897
BH_s29_low,3,157,8.233333333333333,-1.22165846824646,-0.2657578901662977
BH_s29_low,3,158,8.266666666666667,-0.8613545894622803,-0.4686106115515082
BH_s29_low,3,159,8.3,-0.04112744331359863,-0.6782059942158241
BH_s29_low,3,160,8.333333333333334,1.034225583076477,-0.9010588146387125
BH_s29_low,3,161,8.366666666666667,1.8017263412475586,-1.1235067147228346
BH_s29_low,3,162,8.4,2.014382839202881,-1.3120933452713608
BH_s29_low,3,163,8.433333333333334,1.6881883144378662,-1.4198317326767802
BH_s29_low,3,164,8.466666666666667,1.2465319633483887,-1.397317655878462
BH_s29_low,3,165,8.5,0.7546979784965515,-1.2071902110549706
BH_s29_low,3,166,8.533333333333333,0.3668806552886963,-0.8391165824766653
BH_s29_low,3,167,8.566666666666666,0.07309764623641968,-0.3206859528569014
BH_s29_low,3,168,8.6,-0.03774087131023407,0.28122577330608345
BH_s29_low,3,169,8.633333333333333,-0.03774087131023407,0.8720501413510311
BH_s29_low,3,170,8.666666666666666,-0.03774087131023407,1.3523536354326013
BH_s29_low,3,171,8.7,-0.15459005534648895,1.6445714787814398
BH_s29_low,3,172,8.733333333333333,-0.3890996277332306,1.7137416718570244
BH_s29_low,3,173,8.766666666666667,-0.5780547857284546,1.5743937704864361
BH_s29_low,3,174,8.8,-0.7791908979415894,1.2815814519032678
BH_s29_low,3,175,8.833333333333334,-0.9347726106643677,0.910465297493233
BH_s29_low,3,176,8.866666666666667,-1.090354323387146,0.5326219721986325
BH_s29_low,3,177,8.9,-1.1670082807540894,0.19734480351960923
BH_s29_low,3,178,8.933333333333334,-1.2436621189117432,-0.07666526998491333
BH_s29_low,3,179,8.966666666666667,-1.2808564901351929,-0.298106370209099
BH_s29_low,3,180,9.0,-0.9150517582893372,-0.4912377725218619
BH_s29_low,3,181,9.033333333333333,-0.10450553148984909,-0.6805034736850125
BH_s29_low,3,182,9.066666666666666,0.9079126715660095,-0.8767846256254426
BH_s29_low,3,183,9.1,1.7305734157562256,-1.069093826790628
BH_s29_low,3,184,9.133333333333333,1.9270950555801392,-1.2238387487205433
BH_s29_low,3,185,9.166666666666666,1.6804134845733643,-1.2922459187255138
BH_s29_low,3,186,9.2,1.2136683464050293,-1.2249557095149122
BH_s29_low,3,187,9.233333333333333,0.7469231486320496,-0.99059715446169
BH_s29_low,3,188,9.266666666666667,0.35836997628211975,-0.5925337866692191
BH_s29_low,3,189,9.3,0.04419674351811409,-0.07674970640274263
BH_s29_low,3,190,9.333333333333334,-0.03774087131023407,0.4741921280439409
BH_s29_low,3,191,9.366666666666667,-0.03774087131023407,0.9610569552554835
BH_s29_low,3,192,9.4,-0.10683707892894745,1.2953552625863822
BH_s29_low,3,193,9.433333333333334,-0.18349096179008484,1.4239294020818236
BH_s29_low,3,194,9.466666666666667,-0.40362098813056946,1.341293297187711
BH_s29_low,3,195,9.5,-0.5735822319984436,1.085730396884644
BH_s29_low,3,196,9.533333333333333,-0.8080918192863464,0.722275849150605
BH_s29_low,3,197,9.566666666666666,-0.9636735320091248,0.3207244549081
BH_s29_low,3,198,9.6,-1.1192553043365479,-0.06268749270671935
BH_s29_low,3,199,9.633333333333333,-1.1959091424942017,-0.3943894260091827
BH_s29_low,3,200,9.666666666666666,-1.3005863428115845,-0.6621978396338171
BH_s29_low,3,201,9.7,-1.3005863428115845,-0.8664359574689935
BH_s29_low,3,202,9.733333333333333,-0.9573038220405579,-1.008715781800899
BH_s29_low,3,203,9.766666666666667,-0.16788361966609955,-1.0837412219457832
BH_s29_low,3,204,9.8,0.8863433599472046,-1.0772872633541806
BH_s29_low,3,205,9.833333333333334,1.659420371055603,-0.9706526912040407
BH_s29_low,3,206,9.866666666666667,1.8981941938400269,-0.7498819162916279
BH_s29_low,3,207,9.9,1.5937107801437378,-0.41673910615713095
BH_s29_low,3,208,9.933333333333334,1.1269656419754028,0.0027028262620284035
BH_s29_low,3,209,9.966666666666667,0.6602204442024231,0.4563149036900264
BH_s29_low,3,210,10.0,0.22164031863212585,0.8739509770394157
BH_s29_low,3,211,10.033333333333333,-0.03774087131023407,1.184437882071455
BH_s29_low,3,212,10.066666666666666,-0.03774087131023407,1.3358415574889888
BH_s29_low,3,213,10.1,-0.03774087131023407,1.3107071599468898
BH_s29_low,3,214,10.133333333333333,-0.03774087131023407,1.129876727080443
BH_s29_low,3,215,10.166666666666666,-0.1334640383720398,0.8435144402516085
BH_s29_low,3,216,10.2,-0.2890457510948181,0.5131203246962511
BH_s29_low,3,217,10.233333333333333,-0.523555338382721,0.19163840730687265
BH_s29_low,3,218,10.266666666666667,-0.6791370511054993,-0.09069705350295815
BH_s29_low,3,219,10.3,-0.8347187638282776,-0.32973406575298003
BH_s29_low,3,220,10.333333333333334,-0.9903004765510559,-0.5397494645700204
BH_s29_low,3,221,10.366666666666667,-1.0669543743133545,-0.7389361907089614
BH_s29_low,3,222,10.4,-1.1427305936813354,-0.9341117903270494
BH_s29_low,3,223,10.433333333333334,-0.9876675009727478,-1.1104164224267685
BH_s29_low,3,224,10.466666666666667,-0.21761800348758698,-1.230270773157744
BH_s29_low,3,225,10.5,0.7099281549453735,-1.2432276897990961
BH_s29_low,3,226,10.533333333333333,1.5786529779434204,-1.1045525463733312
BH_s29_low,3,227,10.566666666666666,1.8565272092819214,-0.7964098182065246
BH_s29_low,3,228,10.6,1.6452758312225342,-0.3430785905744489
BH_s29_low,3,229,10.633333333333333,1.1912966966629028,0.1877256154777254
BH_s29_low,3,230,10.666666666666666,0.6629376411437988,0.7007873194596408
BH_s29_low,3,231,10.7,0.23821844160556793,1.1021962166394579
BH_s29_low,3,232,10.733333333333333,-0.015879018232226372,1.3290128585968535
BH_s29_low,3,233,10.766666666666667,-0.09253290295600891,1.3663369795973663
BH_s29_low,3,234,10.8,-0.03774087131023407,1.24552207059022
BH_s29_low,3,235,10.833333333333334,-0.08798500150442123,1.027002318708206
BH_s29_low,3,236,10.866666666666667,-0.16463889181613922,0.7763120990751395
BH_s29_low,3,237,10.9,-0.32022061944007874,0.5421081143541052
BH_s29_low,3,238,10.933333333333334,-0.5547301769256592,0.34310077478041257
BH_s29_low,3,239,10.966666666666667,-0.7514601945877075,0.1676534926812949
BH_s29_low,4,0,4.0,-0.15950587391853333,-0.06158658301218648
BH_s29_low,4,1,4.033333333333333,-0.2361597716808319,-0.2699262567484594
BH_s29_low,4,2,4.066666666666666,-0.39174148440361023,-0.4758426177560421
BH_s29_low,4,3,4.1,-0.5833384990692139,-0.666098904496199
BH_s29_low,4,4,4.133333333333334,-0.781832754611969,-0.8108660544257005
BH_s29_low,4,5,4.166666666666667,-0.9059470891952515,-0.8706215741096602
BH_s29_low,4,6,4.2,-1.014068365097046,-0.8125258842750204
BH_s29_low,4,7,4.233333333333333,-1.0368832349777222,-0.6292538853115746
BH_s29_low,4,8,4.266666666666667,-0.6495091915130615,-0.3508753011579212
BH_s29_low,4,9,4.3,0.09648874402046204,-0.04220706445386781
BH_s29_low,4,10,4.333333333333333,1.0098814964294434,0.21603294585938362
BH_s29_low,4,11,4.366666666666666,1.637567400932312,0.35605436788300343
BH_s29_low,4,12,4.4,1.667572021484375,0.34944020401355463
BH_s29_low,4,13,4.433333333333334,1.3431328535079956,0.21879539978130896
BH_s29_low,4,14,4.466666666666667,0.7974598407745361,0.02935386026979974
BH_s29_low,4,15,4.5,0.3307146430015564,-0.13527536276505997
BH_s29_low,4,16,4.533333333333333,-0.03774087131023407,-0.2031749960999855
BH_s29_low,4,17,4.566666666666666,-0.12084870040416718,-0.13887064638157864
BH_s29_low,4,18,4.6,-0.19369050860404968,0.0458415988788504
BH_s29_low,4,19,4.633333333333334,-0.1166687086224556,0.2981589664516029
BH_s29_low,4,20,4.666666666666667,-0.19295468926429749,0.5439145268539657
BH_s29_low,4,21,4.7,-0.2696085572242737,0.7120516085386529
BH_s29_low,4,22,4.733333333333333,-0.4251902997493744,0.7550552765726397
BH_s29_low,4,23,4.766666666666667,-0.5807720422744751,0.6593570168906693
BH_s29_low,4,24,4.8,-0.8152815699577332,0.44356163552917716
BH_s29_low,4,25,4.833333333333333,-0.9708632826805115,0.14676026049973695
BH_s29_low,4,26,4.866666666666666,-1.04751718044281,-0.18649117968854123
BH_s29_low,4,27,4.9,-1.003434419631958,-0.5168762051817491
BH_s29_low,4,28,4.933333333333334,-0.4576196074485779,-0.812942834610463
BH_s29_low,4,29,4.966666666666667,0.5108577013015747,-1.0475389916965487
BH_s29_low,4,30,5.0,1.4139089584350586,-1.193138609375135
BH_s29_low,4,31,5.033333333333333,1.9077997207641602,-1.2208645508761866
BH_s29_low,4,32,5.066666666666666,1.8075287342071533,-1.1054468861511828
BH_s29_low,4,33,5.1,1.4006420373916626,-0.8350240676575716
BH_s29_low,4,34,5.133333333333334,0.9338968992233276,-0.42193691170199227
BH_s29_low,4,35,5.166666666666667,0.4671517312526703,0.0907373054532323
BH_s29_low,4,36,5.2,0.11923713982105255,0.6316657193363848
BH_s29_low,4,37,5.233333333333333,-0.03774087131023407,1.1145186672275484
BH_s29_low,4,38,5.266666666666667,-0.03774087131023407,1.4588760389025623
BH_s29_low,4,39,5.3,-0.07082176953554153,1.6115222745185847
BH_s29_low,4,40,5.333333333333333,-0.14747565984725952,1.560092459138554
BH_s29_low,4,41,5.366666666666666,-0.30305737257003784,1.3339010131762945
BH_s29_low,4,42,5.4,-0.45863911509513855,0.991833096811661
BH_s29_low,4,43,5.433333333333334,-0.6142208576202393,0.6022153248752931
BH_s29_low,4,44,5.466666666666667,-0.8487303853034973,0.22250069420497456
BH_s29_low,4,45,5.5,-1.0043121576309204,-0.11385325321542615
BH_s29_low,4,46,5.533333333333333,-1.029476284980774,-0.3995029550591711
BH_s29_low,4,47,5.566666666666666,-0.5947171449661255,-0.6451791122926925
BH_s29_low,4,48,5.6,0.20842212438583374,-0.8658180075915771
BH_s29_low,4,49,5.633333333333334,1.1978836059570312,-1.0665451155718986
BH_s29_low,4,50,5.666666666666667,1.785666823387146,-1.2336002186574613
BH_s29_low,4,51,5.7,1.8449403047561646,-1.3335785251450634
BH_s29_low,4,52,5.733333333333333,1.4513294696807861,-1.3221322644336644
BH_s29_low,4,53,5.766666666666667,0.9845843315124512,-1.1603315283392446
BH_s29_low,4,54,5.8,0.5178391337394714,-0.8334210948867701
BH_s29_low,4,55,5.833333333333333,0.12671945989131927,-0.36440478678561744
BH_s29_low,4,56,5.866666666666666,-0.03774087131023407,0.184366047567043
BH_s29_low,4,57,5.9,-0.1166687086224556,0.7240300960775085
BH_s29_low,4,58,5.933333333333334,-0.1166687086224556,1.162411909298272
BH_s29_low,4,59,5.966666666666667,-0.18319840729236603,1.4287091071879057
BH_s29_low,4,60,6.0,-0.2598522901535034,1.4906511049157554
BH_s29_low,4,61,6.033333333333333,-0.4154340326786041,1.3588356044908094
BH_s29_low,4,62,6.066666666666666,-0.6499435901641846,1.0780130152346787
BH_s29_low,4,63,6.1,-0.8055253028869629,0.7096116193024744
BH_s29_low,4,64,6.133333333333334,-0.9611070156097412,0.31252147882376935
BH_s29_low,4,65,6.166666666666667,-1.1166887283325195,-0.07086676035434779
BH_s29_low,4,66,6.2,-0.9625787138938904,-0.419130982884564
BH_s29_low,4,67,6.233333333333333,-0.37913504242897034,-0.7266234064446585
BH_s29_low,4,68,6.266666666666667,0.5214915871620178,-0.9920462028173174
BH_s29_low,4,69,6.3,1.479193091392517,-1.20637087393779
BH_s29_low,4,70,6.333333333333333,1.8565272092819214,-1.345916183448675
BH_s29_low,4,71,6.366666666666666,1.6991147994995117,-1.37453429369383
BH_s29_low,4,72,6.4,1.2720552682876587,-1.2552578762921325
BH_s29_low,4,73,6.433333333333334,0.7706156373023987,-0.9676727682145085
BH_s29_low,4,74,6.466666666666667,0.29205745458602905,-0.5242043425071172
BH_s29_low,4,75,6.5,-0.03774087131023407,0.022484390747650632
BH_s29_low,4,76,6.533333333333333,-0.1166687086224556,0.5867765163121561
BH_s29_low,4,77,6.566666666666666,-0.1166687086224556,1.071998075786472
BH_s29_low,4,78,6.6,-0.1399933397769928,1.3988185206899155
BH_s29_low,4,79,6.633333333333334,-0.2166472226381302,1.5275863133981629
BH_s29_low,4,80,6.666666666666667,-0.3722289502620697,1.46527018234842
BH_s29_low,4,81,6.7,-0.5278106927871704,1.255817602104598
BH_s29_low,4,82,6.733333333333333,-0.7623202204704285,0.9601213785164531
BH_s29_low,4,83,6.766666666666667,-0.9179019331932068,0.6348845897989008
BH_s29_low,4,84,6.8,-1.063802719116211,0.3179930543416003
BH_s29_low,4,85,6.833333333333333,-1.1427305936813354,0.023801705627630024
BH_s29_low,4,86,6.866666666666666,-1.1273316144943237,-0.2521810926209749
BH_s29_low,4,87,6.9,-0.5759404301643372,-0.5222304516961935
BH_s29_low,4,88,6.933333333333334,0.2820662260055542,-0.7931557288762402
BH_s29_low,4,89,6.966666666666667,1.2938992977142334,-1.0552799227423313
BH_s29_low,4,90,7.0,1.8486016988754272,-1.2775750195067275
BH_s29_low,4,91,7.033333333333333,1.7838361263275146,-1.4115536989559843
BH_s29_low,4,92,7.066666666666666,1.3295644521713257,-1.4041706432811194
BH_s29_low,4,93,7.1,0.8628193140029907,-1.216840635948804
BH_s29_low,4,94,7.133333333333334,0.396074116230011,-0.844501490809727
BH_s29_low,4,95,7.166666666666667,0.07185207307338715,-0.3266838730052113
BH_s29_low,4,96,7.2,-0.03774087131023407,0.25645983917724574
BH_s29_low,4,97,7.233333333333333,-0.03774087131023407,0.8044321069160979
BH_s29_low,4,98,7.266666666666667,-0.03774087131023407,1.225212265094422
BH_s29_low,4,99,7.3,-0.1166687086224556,1.4597536530985713
BH_s29_low,4,100,7.333333333333333,-0.24782207608222961,1.492975036993069
BH_s29_low,4,101,7.366666666666666,-0.4533553719520569,1.3500622381100873
BH_s29_low,4,102,7.4,-0.6379133462905884,1.0824200043554646
BH_s29_low,4,103,7.433333333333334,-0.7934950590133667,0.7494145282296694
BH_s29_low,4,104,7.466666666666667,-0.9490768313407898,0.4018047281736345
BH_s29_low,4,105,7.5,-1.063802719116211,0.0713406096305439
BH_s29_low,4,106,7.533333333333333,-1.1041487455368042,-0.23125113919992704
BH_s29_low,4,107,7.566666666666666,-0.6817877888679504,-0.51023813372695
BH_s29_low,4,108,7.6,0.16646261513233185,-0.7734697445732086
BH_s29_low,4,109,7.633333333333334,1.1788808107376099,-1.0198740266685142
BH_s29_low,4,110,7.666666666666667,1.836571455001831,-1.2307249122242405
BH_s29_low,4,111,7.7,1.829315185546875,-1.3687014545332585
BH_s29_low,4,112,7.733333333333333,1.4660015106201172,-1.3864239603444504
BH_s29_low,4,113,7.766666666666667,0.9992563724517822,-1.2427204563584362
BH_s29_low,4,114,7.8,0.5325112342834473,-0.9213467285428341
BH_s29_low,4,115,7.833333333333333,0.16281013190746307,-0.4447452224465755
BH_s29_low,4,116,7.866666666666666,-0.03774087131023407,0.12392681289830053
BH_s29_low,4,117,7.9,-0.03774087131023407,0.6932630683574361
BH_s29_low,4,118,7.933333333333334,-0.03774087131023407,1.1671191547993907
BH_s29_low,4,119,7.966666666666667,-0.1166687086224556,1.4705740553030184
BH_s29_low,4,120,8.0,-0.20908954739570618,1.5686726686617323
BH_s29_low,4,121,8.033333333333333,-0.4368526041507721,1.4716502428131837
BH_s29_low,4,122,8.066666666666666,-0.6713621616363525,1.2262039310868598
BH_s29_low,4,123,8.1,-0.8269438743591309,0.8974960685906287
BH_s29_low,4,124,8.133333333333333,-0.982525646686554,0.5486817203937764
BH_s29_low,4,125,8.166666666666666,-1.063802719116211,0.22437559148810027
BH_s29_low,4,126,8.2,-1.2147612571716309,-0.057135663123387935
BH_s29_low,4,127,8.233333333333333,-1.22165846824646,-0.3011498096261664
BH_s29_low,4,128,8.266666666666667,-0.8613545894622803,-0.5256785456809698
BH_s29_low,4,129,8.3,-0.04112744331359863,-0.747753315872952
BH_s29_low,4,130,8.333333333333334,1.034225583076477,-0.9719390872036981
BH_s29_low,4,131,8.366666666666667,1.8017263412475586,-1.1839895877630735
BH_s29_low,4,132,8.4,2.014382839202881,-1.3508128339007432
BH_s29_low,4,133,8.433333333333334,1.6881883144378662,-1.4268353617206149
BH_s29_low,4,134,8.466666666666667,1.2465319633483887,-1.365820295354556
BH_s29_low,4,135,8.5,0.7546979784965515,-1.135864069562334
BH_s29_low,4,136,8.533333333333333,0.3668806552886963,-0.7338036895485651
BH_s29_low,4,137,8.566666666666666,0.07309764623641968,-0.19418046352774937
BH_s29_low,4,138,8.6,-0.03774087131023407,0.41183099490298375
BH_s29_low,4,139,8.633333333333333,-0.03774087131023407,0.989515952029662
BH_s29_low,4,140,8.666666666666666,-0.03774087131023407,1.4430383256507595
BH_s29_low,4,141,8.7,-0.15459005534648895,1.7001386583982803
BH_s29_low,4,142,8.733333333333333,-0.3890996277332306,1.7306310934322948
BH_s29_low,4,143,8.766666666666667,-0.5780547857284546,1.5523249157093613
BH_s29_low,4,144,8.8,-0.7791908979415894,1.222591522845873
BH_s29_low,4,145,8.833333333333334,-0.9347726106643677,0.8189233778281576
BH_s29_low,4,146,8.866666666666667,-1.090354323387146,0.41548621752704396
BH_s29_low,4,147,8.9,-1.1670082807540894,0.06363147690358033
BH_s29_low,4,148,8.933333333333334,-1.2436621189117432,-0.2175613091531652
BH_s29_low,4,149,8.966666666666667,-1.2808564901351929,-0.4385131289548894
BH_s29_low,4,150,9.0,-0.9150517582893372,-0.6262926095308031
BH_s29_low,4,151,9.033333333333333,-0.10450553148984909,-0.8070879730707827
BH_s29_low,4,152,9.066666666666666,0.9079126715660095,-0.9905382332942282
BH_s29_low,4,153,9.1,1.7305734157562256,-1.1613632271268475
BH_s29_low,4,154,9.133333333333333,1.9270950555801392,-1.2810723589997948
BH_s29_low,4,155,9.166666666666666,1.6804134845733643,-1.2993769044666919
BH_s29_low,4,156,9.2,1.2136683464050293,-1.1721152826312422
BH_s29_low,4,157,9.233333333333333,0.7469231486320496,-0.8801677568440127
BH_s29_low,4,158,9.266666666666667,0.35836997628211975,-0.4424307339838336
BH_s29_low,4,159,9.3,0.04419674351811409,0.08304570429857829
BH_s29_low,4,160,9.333333333333334,-0.03774087131023407,0.6114401536010597
BH_s29_low,4,161,9.366666666666667,-0.03774087131023407,1.053102566302885
BH_s29_low,4,162,9.4,-0.10683707892894745,1.3369450622609338
BH_s29_low,4,163,9.433333333333334,-0.18349096179008484,1.4268080143168946
BH_s29_low,4,164,9.466666666666667,-0.40362098813056946,1.3260294925930731
BH_s29_low,4,165,9.5,-0.5735822319984436,1.0706777830037768
BH_s29_low,4,166,9.533333333333333,-0.8080918192863464,0.7156769984944907
BH_s29_low,4,167,9.566666666666666,-0.9636735320091248,0.31931305729265663
BH_s29_low,4,168,9.6,-1.1192553043365479,-0.06918550240885066
BH_s29_low,4,169,9.633333333333333,-1.1959091424942017,-0.4161131521200557
BH_s29_low,4,170,9.666666666666666,-1.3005863428115845,-0.7029541711526291
BH_s29_low,4,171,9.7,-1.3005863428115845,-0.9206123962721695
BH_s29_low,4,172,9.733333333333333,-0.9573038220405579,-1.0617185082595662
BH_s29_low,4,173,9.766666666666667,-0.16788361966609955,-1.115345001470474
BH_s29_low,4,174,9.8,0.8863433599472046,-1.067065154996624
BH_s29_low,4,175,9.833333333333334,1.659420371055603,-0.9046289141044752
BH_s29_low,4,176,9.866666666666667,1.8981941938400269,-0.6270450493239766
BH_s29_low,4,177,9.9,1.5937107801437378,-0.25308589589523695
BH_s29_low,4,178,9.933333333333334,1.1269656419754028,0.1754325494346963
BH_s29_low,4,179,9.966666666666667,0.6602204442024231,0.5987554831287223
BH_s29_low,4,180,10.0,0.22164031863212585,0.9520945128192637
BH_s29_low,4,181,10.033333333333333,-0.03774087131023407,1.1818945728212273
BH_s29_low,4,182,10.066666666666666,-0.03774087131023407,1.2594498800015421
BH_s29_low,4,183,10.1,-0.03774087131023407,1.1870556291288477
BH_s29_low,4,184,10.133333333333333,-0.03774087131023407,0.9948840977596953
BH_s29_low,4,185,10.166666666666666,-0.1334640383720398,0.7300364742208645
BH_s29_low,4,186,10.2,-0.2890457510948181,0.4415372382794731
BH_s29_low,4,187,10.233333333333333,-0.523555338382721,0.16622486608524795
BH_s29_low,4,188,10.266666666666667,-0.6791370511054993,-0.07951025223940245
BH_s29_low,4,189,10.3,-0.8347187638282776,-0.29915845597248997
BH_s29_low,4,190,10.333333333333334,-0.9903004765510559,-0.5075206726740672
BH_s29_low,4,191,10.366666666666667,-1.0669543743133545,-0.7182189442808535
BH_s29_low,4,192,10.4,-1.1427305936813354,-0.9320576176698511
BH_s29_low,4,193,10.433333333333334,-0.9876675009727478,-1.1299804236319781
BH_s29_low,4,194,10.466666666666667,-0.21761800348758698,-1.2731980589321934
BH_s29_low,4,195,10.5,0.7099281549453735,-1.3116705245464457
BH_s29_low,4,196,10.533333333333333,1.5786529779434204,-1.1998428787716908
BH_s29_low,4,197,10.566666666666666,1.8565272092819214,-0.9154666300361528
BH_s29_low,4,198,10.6,1.6452758312225342,-0.47460575827697504
BH_s29_low,4,199,10.633333333333333,1.1912966966629028,0.06460657975342429
BH_s29_low,4,200,10.666666666666666,0.6629376411437988,0.613725387340994
BH_s29_low,4,201,10.7,0.23821844160556793,1.0787069842487653
BH_s29_low,4,202,10.733333333333333,-0.015879018232226372,1.3874853787286758
BH_s29_low,4,203,10.766666666666667,-0.09253290295600891,1.5081142049956358
BH_s29_low,4,204,10.8,-0.03774087131023407,1.451170438137362
BH_s29_low,4,205,10.833333333333334,-0.08798500150442123,1.2588204408373822
BH_s29_low,4,206,10.866666666666667,-0.16463889181613922,0.9875369506856093
BH_s29_low,4,207,10.9,-0.32022061944007874,0.6911806807448625
BH_s29_low,4,208,10.933333333333334,-0.5547301769256592,0.4087066910806635
BH_s29_low,4,209,10.966666666666667,-0.7514601945877075,0.1583043710246252
BH_s29_low,4,210,11.0,-0.9448214769363403,-0.0617757278760109
BH_s29_low,4,211,11.033333333333333,-1.063802719116211,-0.26658769150221384
BH_s29_low,4,212,11.066666666666666,-1.1770570278167725,-0.4742577565709083
BH_s29_low,4,213,11.1,-1.22165846824646,-0.695399081693219
BH_s29_low,4,214,11.133333333333333,-1.0831735134124756,-0.9254114713264845
BH_s29_low,4,215,11.166666666666666,-0.42520806193351746,-1.1418671231930069
BH_s29_low,4,216,11.2,0.5587435960769653,-1.3076719716116556
BH_s29_low,4,217,11.233333333333333,1.5766716003417969,-1.3794066977747275
BH_s29_low,4,218,11.266666666666667,2.093310832977295,-1.319376520878771
BH_s29_low,4,219,11.3,1.9775652885437012,-1.1086934095627312
BH_s29_low,4,220,11.333333333333334,1.5713391304016113,-0.7571112116506946
BH_s29_low,4,221,11.366666666666667,1.1045939922332764,-0.3052079334782487
BH_s29_low,4,222,11.4,0.6378487944602966,0.18277841025016112
BH_s29_low,4,223,11.433333333333334,0.2593444883823395,0.6331112107216015
BH_s29_low,4,224,11.466666666666667,0.03414791822433472,0.9786324391786712
BH_s29_low,4,225,11.5,-0.03774087131023407,1.1718337212060035
BH_s29_low,4,226,11.533333333333333,-0.03774087131023407,1.1925893270283696
BH_s29_low,4,227,11.566666666666666,-0.037958066910505295,1.0505098369729433
BH_s29_low,4,228,11.6,-0.1935397982597351,0.7820156061602225
BH_s29_low,4,229,11.633333333333333,-0.42371866106987,0.4419432824722733
BH_s29_low,4,230,11.666666666666666,-0.5836310982704163,0.09090203213526102
BH_s29_low,4,231,11.7,-0.8181406259536743,-0.2181524189690828
BH_s29_low,4,232,11.733333333333333,-0.9737223386764526,-0.4496761484644296
BH_s29_low,4,233,11.766666666666667,-1.129304051399231,-0.5885836850532031
BH_s29_low,4,234,11.8,-1.1427305936813354,-0.6367987377959191
BH_s29_low,4,235,11.833333333333334,-0.9418959021568298,-0.6064111465689923
BH_s29_low,4,236,11.866666666666667,-0.15923108160495758,-0.5131316555770409
BH_s29_low,4,237,11.9,0.8870702981948853,-0.3722856601596486
BH_s29_low,4,238,11.933333333333334,1.7573421001434326,-0.19757855215190168
BH_s29_low,4,239,11.966666666666667,2.014382839202881,-0.0016278876085069798
BH_s29_low,5,0,5.0,1.4139089584350586,0.08085073025801418
BH_s29_low,5,1,5.033333333333333,1.9077997207641602,-0.21301971193873473
BH_s29_low,5,2,5.066666666666666,1.8075287342071533,-0.4067184491154178
BH_s29_low,5,3,5.1,1.4006420373916626,-0.4266090827177446
BH_s29_low,5,4,5.133333333333334,0.9338968992233276,-0.24636386327579565
BH_s29_low,5,5,5.166666666666667,0.4671517312526703,0.1038309593464844
BH_s29_low,5,6,5.2,0.11923713982105255,0.5442009714573517
BH_s29_low,5,7,5.233333333333333,-0.03774087131023407,0.9685343375965247
BH_s29_low,5,8,5.266666666666667,-0.03774087131023407,1.2766025955515814
BH_s29_low,5,9,5.3,-0.07082176953554153,1.4038860234000157
BH_s29_low,5,10,5.333333333333333,-0.14747565984725952,1.3375254603990783
BH_s29_low,5,11,5.366666666666666,-0.30305737257003784,1.113526536651249
BH_s29_low,5,12,5.4,-0.45863911509513855,0.7980565471125993
BH_s29_low,5,13,5.433333333333334,-0.6142208576202393,0.46148838585955154
BH_s29_low,5,14,5.466666666666667,-0.8487303853034973,0.1553927398570324
BH_s29_low,5,15,5.5,-1.0043121576309204,-0.0997652541059188
BH_s29_low,5,16,5.533333333333333,-1.029476284980774,-0.31315396947710195
BH_s29_low,5,17,5.566666666666666,-0.5947171449661255,-0.5103441887576746
BH_s29_low,5,18,5.6,0.20842212438583374,-0.7142920838532262
BH_s29_low,5,19,5.633333333333334,1.1978836059570312,-0.9282823869124064
BH_s29_low,5,20,5.666666666666667,1.785666823387146,-1.127713923242686
BH_s29_low,5,21,5.7,1.8449403047561646,-1.2643120233152263
BH_s29_low,5,22,5.733333333333333,1.4513294696807861,-1.2816451983712558
BH_s29_low,5,23,5.766666666666667,0.9845843315124512,-1.136564895189701
BH_s29_low,5,24,5.8,0.5178391337394714,-0.8189675046799016
BH_s29_low,5,25,5.833333333333333,0.12671945989131927,-0.36240803609885164
BH_s29_low,5,26,5.866666666666666,-0.03774087131023407,0.15955450210391114
BH_s29_low,5,27,5.9,-0.1166687086224556,0.6516055743203963
BH_s29_low,5,28,5.933333333333334,-0.1166687086224556,1.0235975850956769
BH_s29_low,5,29,5.966666666666667,-0.18319840729236603,1.215938906564363
BH_s29_low,5,30,6.0,-0.2598522901535034,1.213829844023874
BH_s29_low,5,31,6.033333333333333,-0.4154340326786041,1.0457369589168246
BH_s29_low,5,32,6.066666666666666,-0.6499435901641846,0.768193077464863
BH_s29_low,5,33,6.1,-0.8055253028869629,0.4441591075643571
BH_s29_low,5,34,6.133333333333334,-0.9611070156097412,0.12364769702166348
BH_s29_low,5,35,6.166666666666667,-1.1166887283325195,-0.16677985627770286
BH_s29_low,5,36,6.2,-0.9625787138938904,-0.4231429787029946
BH_s29_low,5,37,6.233333333333333,-0.37913504242897034,-0.6537077349331349
BH_s29_low,5,38,6.266666666666667,0.5214915871620178,-0.8643728298578367
BH_s29_low,5,39,6.3,1.479193091392517,-1.0462254470058556
BH_s29_low,5,40,6.333333333333333,1.8565272092819214,-1.1707558614621396
BH_s29_low,5,41,6.366666666666666,1.6991147994995117,-1.1954298348018264
BH_s29_low,5,42,6.4,1.2720552682876587,-1.0785141035100625
BH_s29_low,5,43,6.433333333333334,0.7706156373023987,-0.7982577011025548
BH_s29_low,5,44,6.466666666666667,0.29205745458602905,-0.3689481583818827
BH_s29_low,5,45,6.5,-0.03774087131023407,0.1537781464674607
BH_s29_low,5,46,6.533333333333333,-0.1166687086224556,0.6828793297934556
BH_s29_low,5,47,6.566666666666666,-0.1166687086224556,1.123390070857003
BH_s29_low,5,48,6.6,-0.1399933397769928,1.4006475422477305
BH_s29_low,5,49,6.633333333333334,-0.2166472226381302,1.4812725035288832
BH_s29_low,5,50,6.666666666666667,-0.3722289502620697,1.3785358671968804
BH_s29_low,5,51,6.7,-0.5278106927871704,1.1414958538222955
BH_s29_low,5,52,6.733333333333333,-0.7623202204704285,0.8342125018510235
BH_s29_low,5,53,6.766666666666667,-0.9179019331932068,0.5142339755410629
BH_s29_low,5,54,6.8,-1.063802719116211,0.21789594216899869
BH_s29_low,5,55,6.833333333333333,-1.1427305936813354,-0.04408925793808903
BH_s29_low,5,56,6.866666666666666,-1.1273316144943237,-0.28114003760742023
BH_s29_low,5,57,6.9,-0.5759404301643372,-0.5104852590310183
BH_s29_low,5,58,6.933333333333334,0.2820662260055542,-0.7426542798041704
BH_s29_low,5,59,6.966666666666667,1.2938992977142334,-0.9698770722704765
BH_s29_low,5,60,7.0,1.8486016988754272,-1.161773071021253
BH_s29_low,5,61,7.033333333333333,1.7838361263275146,-1.270719016958937
BH_s29_low,5,62,7.066666666666666,1.3295644521713257,-1.2462150678437387
BH_s29_low,5,63,7.1,0.8628193140029907,-1.05414935190809
BH_s29_low,5,64,7.133333333333334,0.396074116230011,-0.6942307494736916
BH_s29_low,5,65,7.166666666666667,0.07185207307338715,-0.20822788904656747
BH_s29_low,5,66,7.2,-0.03774087131023407,0.3260395318915807
BH_s29_low,5,67,7.233333333333333,-0.03774087131023407,0.8145283664710857
BH_s29_low,5,68,7.266666666666667,-0.03774087131023407,1.1733973647139846
BH_s29_low,5,69,7.3,-0.1166687086224556,1.3513003329506377
BH_s29_low,5,70,7.333333333333333,-0.24782207608222961,1.339495907740605
BH_s29_low,5,71,7.366666666666666,-0.4533553719520569,1.1679053581243959
BH_s29_low,5,72,7.4,-0.6379133462905884,0.8905631388911233
BH_s29_low,5,73,7.433333333333334,-0.7934950590133667,0.5666783723233951
BH_s29_low,5,74,7.466666666666667,-0.9490768313407898,0.24390414754774156
BH_s29_low,5,75,7.5,-1.063802719116211,-0.05121634274402433
BH_s29_low,5,76,7.533333333333333,-1.1041487455368042,-0.3136133936983609
BH_s29_low,5,77,7.566666666666666,-0.6817877888679504,-0.552031694607763
BH_s29_low,5,78,7.6,0.16646261513233185,-0.7768988682970153
BH_s29_low,5,79,7.633333333333334,1.1788808107376099,-0.9883372694389804
BH_s29_low,5,80,7.666666666666667,1.836571455001831,-1.1686472011944316
BH_s29_low,5,81,7.7,1.829315185546875,-1.2822726343119124
BH_s29_low,5,82,7.733333333333333,1.4660015106201172,-1.2842393138788368
BH_s29_low,5,83,7.766666666666667,0.9992563724517822,-1.1354268782762749
BH_s29_low,5,84,7.8,0.5325112342834473,-0.8201626460075673
BH_s29_low,5,85,7.833333333333333,0.16281013190746307,-0.35954973034309606
BH_s29_low,5,86,7.866666666666666,-0.03774087131023407,0.1859678188980452
BH_s29_low,5,87,7.9,-0.03774087131023407,0.7279949440583525
BH_s29_low,5,88,7.933333333333334,-0.03774087131023407,1.1728294846023373
BH_s29_low,5,89,7.966666666666667,-0.1166687086224556,1.4473160199316288
BH_s29_low,5,90,8.0,-0.20908954739570618,1.5182531166608242
BH_s29_low,5,91,8.033333333333333,-0.4368526041507721,1.398474825510729
BH_s29_low,5,92,8.066666666666666,-0.6713621616363525,1.1383164489655049
BH_s29_low,5,93,8.1,-0.8269438743591309,0.8067296001490415
BH_s29_low,5,94,8.133333333333333,-0.982525646686554,0.4693961681035945
BH_s29_low,5,95,8.166666666666666,-1.063802719116211,0.17123533928811216
BH_s29_low,5,96,8.2,-1.2147612571716309,-0.07162372875992168
BH_s29_low,5,97,8.233333333333333,-1.22165846824646,-0.2690342514600735
BH_s29_low,5,98,8.266666666666667,-0.8613545894622803,-0.4456488104692331
BH_s29_low,5,99,8.3,-0.04112744331359863,-0.6262620055139545
BH_s29_low,5,100,8.333333333333334,1.034225583076477,-0.8227846303734734
BH_s29_low,5,101,8.366666666666667,1.8017263412475586,-1.0264621279325274
BH_s29_low,5,102,8.4,2.014382839202881,-1.2069327501885851
BH_s29_low,5,103,8.433333333333334,1.6881883144378662,-1.3180992184855795
BH_s29_low,5,104,8.466666666666667,1.2465319633483887,-1.3097639428378394
BH_s29_low,5,105,8.5,0.7546979784965515,-1.142920891118956
BH_s29_low,5,106,8.533333333333333,0.3668806552886963,-0.8050820284442635
BH_s29_low,5,107,8.566666666666666,0.07309764623641968,-0.3207515210515732
BH_s29_low,5,108,8.6,-0.03774087131023407,0.24765702193516173
BH_s29_low,5,109,8.633333333333333,-0.03774087131023407,0.8108015683482801
BH_s29_low,5,110,8.666666666666666,-0.03774087131023407,1.2734326355672207
BH_s29_low,5,111,8.7,-0.15459005534648895,1.5592775495473268
BH_s29_low,5,112,8.733333333333333,-0.3890996277332306,1.6313071458373427
BH_s29_low,5,113,8.766666666666667,-0.5780547857284546,1.4999866419891759
BH_s29_low,5,114,8.8,-0.7791908979415894,1.2164956941766094
BH_s29_low,5,115,8.833333333333334,-0.9347726106643677,0.8537255449093047
BH_s29_low,5,116,8.866666666666667,-1.090354323387146,0.48251822757782054
BH_s29_low,5,117,8.9,-1.1670082807540894,0.15201617672879789
BH_s29_low,5,118,8.933333333333334,-1.2436621189117432,-0.11942623106002408
BH_s29_low,5,119,8.966666666666667,-1.2808564901351929,-0.341031209982923
BH_s29_low,5,120,9.0,-0.9150517582893372,-0.536986008457765
BH_s29_low,5,121,9.033333333333333,-0.10450553148984909,-0.73009411106756
BH_s29_low,5,122,9.066666666666666,0.9079126715660095,-0.9276118361779077
BH_s29_low,5,123,9.1,1.7305734157562256,-1.1136745266002561
BH_s29_low,5,124,9.133333333333333,1.9270950555801392,-1.250535671690226
BH_s29_low,5,125,9.166666666666666,1.6804134845733643,-1.2885477312191087
BH_s29_low,5,126,9.2,1.2136683464050293,-1.1825357382259978
BH_s29_low,5,127,9.233333333333333,0.7469231486320496,-0.9100596603332852
BH_s29_low,5,128,9.266666666666667,0.35836997628211975,-0.48549648591113415
BH_s29_low,5,129,9.3,0.04419674351811409,0.03610281989395179
BH_s29_low,5,130,9.333333333333334,-0.03774087131023407,0.5688898651086846
BH_s29_low,5,131,9.366666666666667,-0.03774087131023407,1.0182023965765792
BH_s29_low,5,132,9.4,-0.10683707892894745,1.3070659037591856
BH_s29_low,5,133,9.433333333333334,-0.18349096179008484,1.3967805045859856
BH_s29_low,5,134,9.466666666666667,-0.40362098813056946,1.293954471265269
BH_s29_low,5,135,9.5,-0.5735822319984436,1.0426644939253937
BH_s29_low,5,136,9.533333333333333,-0.8080918192863464,0.7063414157299239
BH_s29_low,5,137,9.566666666666666,-0.9636735320091248,0.34714286163327224
BH_s29_low,5,138,9.6,-1.1192553043365479,0.010344148344210904
BH_s29_low,5,139,9.633333333333333,-1.1959091424942017,-0.28171777952458704
BH_s29_low,5,140,9.666666666666666,-1.3005863428115845,-0.5258808316926397
BH_s29_low,5,141,9.7,-1.3005863428115845,-0.7280164665039209
BH_s29_low,5,142,9.733333333333333,-0.9573038220405579,-0.8917102370395135
BH_s29_low,5,143,9.766666666666667,-0.16788361966609955,-1.010419249426018
BH_s29_low,5,144,9.8,0.8863433599472046,-1.0656243766853881
BH_s29_low,5,145,9.833333333333334,1.659420371055603,-1.031257690917985
BH_s29_low,5,146,9.866666666666667,1.8981941938400269,-0.8832633754104572
BH_s29_low,5,147,9.9,1.5937107801437378,-0.6118500039029356
BH_s29_low,5,148,9.933333333333334,1.1269656419754028,-0.2322416828477292
BH_s29_low,5,149,9.966666666666667,0.6602204442024231,0.2112677330044993
BH_s29_low,5,150,10.0,0.22164031863212585,0.6517568059272705
BH_s29_low,5,151,10.033333333333333,-0.03774087131023407,1.0161628557503846
BH_s29_low,5,152,10.066666666666666,-0.03774087131023407,1.2459089493028055
BH_s29_low,5,153,10.1,-0.03774087131023407,1.3129901384208509
BH_s29_low,5,154,10.133333333333333,-0.03774087131023407,1.2251895008342293
BH_s29_low,5,155,10.166666666666666,-0.1334640383720398,1.0194281617807972
BH_s29_low,5,156,10.2,-0.2890457510948181,0.7469066208122795
BH_s29_low,5,157,10.233333333333333,-0.523555338382721,0.45604635973704344
BH_s29_low,5,158,10.266666666666667,-0.6791370511054993,0.1792235816757062
BH_s29_low,5,159,10.3,-0.8347187638282776,-0.07266941330678059
BH_s29_low,5,160,10.333333333333334,-0.9903004765510559,-0.3068455142642419
BH_s29_low,5,161,10.366666666666667,-1.0669543743133545,-0.5383725323017691
BH_s29_low,5,162,10.4,-1.1427305936813354,-0.7769268818207554
BH_s29_low,5,163,10.433333333333334,-0.9876675009727478,-1.0152583597302847
BH_s29_low,5,164,10.466666666666667,-0.21761800348758698,-1.223886859187038
BH_s29_low,5,165,10.5,0.7099281549453735,-1.3550095275925407
BH_s29_low,5,166,10.533333333333333,1.5786529779434204,-1.355619313937821
BH_s29_low,5,167,10.566666666666666,1.8565272092819214,-1.1863034672796022
BH_s29_low,5,168,10.6,1.6452758312225342,-0.8393987554646056
BH_s29_low,5,169,10.633333333333333,1.1912966966629028,-0.34913069617889336
BH_s29_low,5,170,10.666666666666666,0.6629376411437988,0.21201963412490846
BH_s29_low,5,171,10.7,0.23821844160556793,0.7513043859938141
BH_s29_low,5,172,10.733333333333333,-0.015879018232226372,1.1813552376649252
BH_s29_low,5,173,10.766666666666667,-0.09253290295600891,1.442649634632625
BH_s29_low,5,174,10.8,-0.03774087131023407,1.5145964582053348
BH_s29_low,5,175,10.833333333333334,-0.08798500150442123,1.413557696132543
BH_s29_low,5,176,10.866666666666667,-0.16463889181613922,1.181461467505753
BH_s29_low,5,177,10.9,-0.32022061944007874,0.870677311009353
BH_s29_low,5,178,10.933333333333334,-0.5547301769256592,0.5300108770843713
BH_s29_low,5,179,10.966666666666667,-0.7514601945877075,0.1948492481080594
BH_s29_low,5,180,11.0,-0.9448214769363403,-0.11688459149993632
BH_s29_low,5,181,11.033333333333333,-1.063802719116211,-0.40247569142308615
BH_s29_low,5,182,11.066666666666666,-1.1770570278167725,-0.6669815954881834
BH_s29_low,5,183,11.1,-1.22165846824646,-0.9133577220918793
BH_s29_low,5,184,11.133333333333333,-1.0831735134124756,-1.1336879175290637
BH_s29_low,5,185,11.166666666666666,-0.42520806193351746,-1.3047911943403971
BH_s29_low,5,186,11.2,0.5587435960769653,-1.390294495529495
BH_s29_low,5,187,11.233333333333333,1.5766716003417969,-1.3495485923225496
BH_s29_low,5,188,11.266666666666667,2.093310832977295,-1.151765321633152
BH_s29_low,5,189,11.3,1.9775652885437012,-0.7913792972188739
BH_s29_low,5,190,11.333333333333334,1.5713391304016113,-0.29851911544622395
BH_s29_low,5,191,11.366666666666667,1.1045939922332764,0.2613270268554588
BH_s29_low,5,192,11.4,0.6378487944602966,0.8005513129254269
BH_s29_low,5,193,11.433333333333334,0.2593444883823395,1.2317634877425578
BH_s29_low,5,194,11.466666666666667,0.03414791822433472,1.4906916073422465
BH_s29_low,5,195,11.5,-0.03774087131023407,1.5508312840073364
BH_s29_low,5,196,11.533333333333333,-0.03774087131023407,1.4257123498419826
BH_s29_low,5,197,11.566666666666666,-0.037958066910505295,1.1603128947295218
BH_s29_low,5,198,11.6,-0.1935397982597351,0.8158771152858889
BH_s29_low,5,199,11.633333333333333,-0.42371866106987,0.4527745893065415
BH_s29_low,5,200,11.666666666666666,-0.5836310982704163,0.11603682724322871
BH_s29_low,5,201,11.7,-0.8181406259536743,-0.17243623487318166
BH_s29_low,5,202,11.733333333333333,-0.9737223386764526,-0.4131160424276085
BH_s29_low,5,203,11.766666666666667,-1.129304051399231,-0.620567423097069
BH_s29_low,5,204,11.8,-1.1427305936813354,-0.8111076125343065
BH_s29_low,5,205,11.833333333333334,-0.9418959021568298,-0.9908844372195506
BH_s29_low,5,206,11.866666666666667,-0.15923108160495758,-1.1483287248911624
BH_s29_low,5,207,11.9,0.8870702981948853,-1.2535012971389874
BH_s29_low,5,208,11.933333333333334,1.7573421001434326,-1.2651508192033134
BH_s29_low,5,209,11.966666666666667,2.014382839202881,-1.1442547135226544
BH_s29_low,5,210,12.0,1.8362877368927002,-0.8704021039647788
BH_s29_low,5,211,12.033333333333333,1.398886799812317,-0.4553744048651087
BH_s29_low,5,212,12.066666666666666,0.8532137274742126,0.05209330346121955
BH_s29_low,5,213,12.1,0.42923039197921753,0.5741270675098562
BH_s29_low,5,214,12.133333333333333,0.07962694764137268,1.0231035729862816
BH_s29_low,5,215,12.166666666666666,-0.03774087131023407,1.3262389695466836
BH_s29_low,5,216,12.2,-0.03774087131023407,1.4458037921175082
BH_s29_low,5,217,12.233333333333333,-0.07140687108039856,1.3868044410127216
BH_s29_low,5,218,12.266666666666667,-0.14806075394153595,1.1899242046039782
BH_s29_low,5,219,12.3,-0.3327605724334717,0.9140835609482678
BH_s29_low,5,220,12.333333333333334,-0.5649961829185486,0.6161854113107346
BH_s29_low,5,221,12.366666666666667,-0.7726616263389587,0.3351840045226785
BH_s29_low,5,222,12.4,-0.9282433390617371,0.08518832046488127
BH_s29_low,5,223,12.433333333333334,-1.1627528667449951,-0.1409812635601663
BH_s29_low,5,224,12.466666666666667,-1.2394068241119385,-0.359792625361341
BH_s29_low,5,225,12.5,-1.2696374654769897,-0.5813997092293247
BH_s29_low,5,226,12.533333333333333,-0.8399448990821838,-0.7967362702520914
BH_s29_low,5,227,12.566666666666666,0.04967102035880089,-0.972908680214694
BH_s29_low,5,228,12.6,1.1894394159317017,-1.0595674427067334
BH_s29_low,5,229,12.633333333333333,1.8629058599472046,-1.0049748707395079
BH_s29_low,5,230,12.666666666666666,1.8524225950241089,-0.7769577829808904
BH_s29_low,5,231,12.7,1.5353238582611084,-0.3815766220847877
BH_s29_low,5,232,12.733333333333333,1.0685787200927734,0.1281752084256096
BH_s29_low,5,233,12.766666666666667,0.5229056477546692,0.6588485114444098
BH_s29_low,5,234,12.8,0.1300971508026123,1.0978685608353937
BH_s29_low,5,235,12.833333333333334,-0.03047574684023857,1.3432169537846947
BH_s29_low,5,236,12.866666666666667,-0.03774087131023407,1.3313319849082603
BH_s29_low,5,237,12.9,-0.03774087131023407,1.0539745521075956
BH_s29_low,5,238,12.933333333333334,-0.10258173197507858,0.5598011661420063
BH_s29_low,5,239,12.966666666666667,-0.17923562228679657,-0.05766133448525202
BH_s29_low,6,0,6.0,-0.2598522901535034,-0.08096526309462192
BH_s29_low,6,1,6.033333333333333,-0.4154340326786041,-0.3123754436366328
BH_s29_low,6,2,6.066666666666666,-0.6499435901641846,-0.5169730095749018
BH_s29_low,6,3,6.1,-0.8055253028869629,-0.680629575429203
BH_s29_low,6,4,6.133333333333334,-0.9611070156097412,-0.8049968793551454
BH_s29_low,6,5,6.166666666666667,-1.1166887283325195,-0.9064848396115194
BH_s29_low,6,6,6.2,-0.9625787138938904,-1.0080449065991026
BH_s29_low,6,7,6.233333333333333,-0.37913504242897034,-1.126918198841959
BH_s29_low,6,8,6.266666666666667,0.5214915871620178,-1.2629406872251625
BH_s29_low,6,9,6.3,1.479193091392517,-1.3916842041737587
BH_s29_low,6,10,6.333333333333333,1.8565272092819214,-1.465789377822907
BH_s29_low,6,11,6.366666666666666,1.6991147994995117,-1.4260964186389962
BH_s29_low,6,12,6.4,1.2720552682876587,-1.2210944935414376
BH_s29_low,6,13,6.433333333333334,0.7706156373023987,-0.8293131836197771
BH_s29_low,6,14,6.466666666666667,0.29205745458602905,-0.27616493092047584
BH_s29_low,6,15,6.5,-0.03774087131023407,0.3633708898763685
BH_s29_low,6,16,6.533333333333333,-0.1166687086224556,0.980546834544503
BH_s29_low,6,17,6.566666666666666,-0.1166687086224556,1.4635140768080521
BH_s29_low,6,18,6.6,-0.1399933397769928,1.7311250239069584
BH_s29_low,6,19,6.633333333333334,-0.2166472226381302,1.7555759468780137
BH_s29_low,6,20,6.666666666666667,-0.3722289502620697,1.5653582141851294
BH_s29_low,6,21,6.7,-0.5278106927871704,1.2296313858908143
BH_s29_low,6,22,6.733333333333333,-0.7623202204704285,0.8322720994539564
BH_s29_low,6,23,6.766666666666667,-0.9179019331932068,0.44604212911238067
BH_s29_low,6,24,6.8,-1.063802719116211,0.11526520702894782
BH_s29_low,6,25,6.833333333333333,-1.1427305936813354,-0.14893738267354484
BH_s29_low,6,26,6.866666666666666,-1.1273316144943237,-0.36135736919385597
BH_s29_low,6,27,6.9,-0.5759404301643372,-0.5473671633846471
BH_s29_low,6,28,6.933333333333334,0.2820662260055542,-0.7254830133257647
BH_s29_low,6,29,6.966666666666667,1.2938992977142334,-0.8939636187660341
BH_s29_low,6,30,7.0,1.8486016988754272,-1.0261957823404728
BH_s29_low,6,31,7.033333333333333,1.7838361263275146,-1.0770158481881982
BH_s29_low,6,32,7.066666666666666,1.3295644521713257,-0.998757455162242
BH_s29_low,6,33,7.1,0.8628193140029907,-0.7621925590578872
BH_s29_low,6,34,7.133333333333334,0.396074116230011,-0.37459942607689545
BH_s29_low,6,35,7.166666666666667,0.07185207307338715,0.11342163308402618
BH_s29_low,6,36,7.2,-0.03774087131023407,0.6176022288496764
BH_s29_low,6,37,7.233333333333333,-0.03774087131023407,1.044165201863227
BH_s29_low,6,38,7.266666666666667,-0.03774087131023407,1.3182179864679198
BH_s29_low,6,39,7.3,-0.1166687086224556,1.4034156635419592
BH_s29_low,6,40,7.333333333333333,-0.24782207608222961,1.3061461695151704
BH_s29_low,6,41,7.366666666666666,-0.4533553719520569,1.0663800755502875
BH_s29_low,6,42,7.4,-0.6379133462905884,0.7415074068360649
BH_s29_low,6,43,7.433333333333334,-0.7934950590133667,0.38911014163086866
BH_s29_low,6,44,7.466666666666667,-0.9490768313407898,0.05312041547123222
BH_s29_low,6,45,7.5,-1.063802719116211,-0.2436098750363651
BH_s29_low,6,46,7.533333333333333,-1.1041487455368042,-0.4989367888312929
BH_s29_low,6,47,7.566666666666666,-0.6817877888679504,-0.7239220306940298
BH_s29_low,6,48,7.6,0.16646261513233185,-0.9310979056446449
BH_s29_low,6,49,7.633333333333334,1.1788808107376099,-1.122808417300038
BH_s29_low,6,50,7.666666666666667,1.836571455001831,-1.2837923814436007
BH_s29_low,6,51,7.7,1.829315185546875,-1.3808787784528247
BH_s29_low,6,52,7.733333333333333,1.4660015106201172,-1.370826051511706
BH_s29_low,6,53,7.766666666666667,0.9992563724517822,-1.2148662395934517
BH_s29_low,6,54,7.8,0.5325112342834473,-0.8956071684918602
BH_s29_low,6,55,7.833333333333333,0.16281013190746307,-0.4299841379676468
BH_s29_low,6,56,7.866666666666666,-0.03774087131023407,0.12759155072870365
BH_s29_low,6,57,7.9,-0.03774087131023407,0.6945702087266786
BH_s29_low,6,58,7.933333333333334,-0.03774087131023407,1.1799342161705295
BH_s29_low,6,59,7.966666666666667,-0.1166687086224556,1.5076981845043298
BH_s29_low,6,60,8.0,-0.20908954739570618,1.6359882365160143
BH_s29_low,6,61,8.033333333333333,-0.4368526041507721,1.5651983100831792
BH_s29_low,6,62,8.066666666666666,-0.6713621616363525,1.3332017205061868
BH_s29_low,6,63,8.1,-0.8269438743591309,1.000428839990837
BH_s29_low,6,64,8.133333333333333,-0.982525646686554,0.6305888078173085
BH_s29_low,6,65,8.166666666666666,-1.063802719116211,0.2735027502591294
BH_s29_low,6,66,8.2,-1.2147612571716309,-0.04463438385478336
BH_s29_low,6,67,8.233333333333333,-1.22165846824646,-0.32109365933016515
BH_s29_low,6,68,8.266666666666667,-0.8613545894622803,-0.5679595049344474
BH_s29_low,6,69,8.3,-0.04112744331359863,-0.799355815020434
BH_s29_low,6,70,8.333333333333334,1.034225583076477,-1.0195101577752
BH_s29_low,6,71,8.366666666666667,1.8017263412475586,-1.2154206175739761
BH_s29_low,6,72,8.4,2.014382839202881,-1.3562162980765737
BH_s29_low,6,73,8.433333333333334,1.6881883144378662,-1.3996441171392051
BH_s29_low,6,74,8.466666666666667,1.2465319633483887,-1.3044152530385795
BH_s29_low,6,75,8.5,0.7546979784965515,-1.0453596893138601
BH_s29_low,6,76,8.533333333333333,0.3668806552886963,-0.6268016670814142
BH_s29_low,6,77,8.566666666666666,0.07309764623641968,-0.08916592032790262
BH_s29_low,6,78,8.6,-0.03774087131023407,0.4947078821930918
BH_s29_low,6,79,8.633333333333333,-0.03774087131023407,1.0338916584720317
BH_s29_low,6,80,8.666666666666666,-0.03774087131023407,1.440834034568707
BH_s29_low,6,81,8.7,-0.15459005534648895,1.6535179189462068
BH_s29_low,6,82,8.733333333333333,-0.3890996277332306,1.651147260853815
BH_s29_low,6,83,8.766666666666667,-0.5780547857284546,1.4579652255451592
BH_s29_low,6,84,8.8,-0.7791908979415894,1.1335228450763688
BH_s29_low,6,85,8.833333333333334,-0.9347726106643677,0.7524679219322635
BH_s29_low,6,86,8.866666666666667,-1.090354323387146,0.3811445088796954
BH_s29_low,6,87,8.9,-1.1670082807540894,0.05974056376259103
BH_s29_low,6,88,8.933333333333334,-1.2436621189117432,-0.2037814485563195
BH_s29_low,6,89,8.966666666666667,-1.2808564901351929,-0.42679809884045183
BH_s29_low,6,90,9.0,-0.9150517582893372,-0.6360547909486554
BH_s29_low,6,91,9.033333333333333,-0.10450553148984909,-0.8494679625007069
BH_s29_low,6,92,9.066666666666666,0.9079126715660095,-1.0626446213320073
BH_s29_low,6,93,9.1,1.7305734157562256,-1.2449000069879481
BH_s29_low,6,94,9.133333333333333,1.9270950555801392,-1.3463354914130632
BH_s29_low,6,95,9.166666666666666,1.6804134845733643,-1.3140701908291856
BH_s29_low,6,96,9.2,1.2136683464050293,-1.11259702551769
BH_s29_low,6,97,9.233333333333333,0.7469231486320496,-0.7411731518060359
BH_s29_low,6,98,9.266666666666667,0.35836997628211975,-0.24113144184791976
BH_s29_low,6,99,9.3,0.04419674351811409,0.31088344826251246
BH_s29_low,6,100,9.333333333333334,-0.03774087131023407,0.8219406494345542
BH_s29_low,6,101,9.366666666666667,-0.03774087131023407,1.2070015419901792
BH_s29_low,6,102,9.4,-0.10683707892894745,1.4095232614151096
BH_s29_low,6,103,9.433333333333334,-0.18349096179008484,1.4120816928249558
BH_s29_low,6,104,9.466666666666667,-0.40362098813056946,1.2350869912621716
BH_s29_low,6,105,9.5,-0.5735822319984436,0.9259460535913204
BH_s29_low,6,106,9.533333333333333,-0.8080918192863464,0.5434463368714335
BH_s29_low,6,107,9.566666666666666,-0.9636735320091248,0.1426203095478803
BH_s29_low,6,108,9.6,-1.1192553043365479,-0.23550623570854137
BH_s29_low,6,109,9.633333333333333,-1.1959091424942017,-0.5668688162370098
BH_s29_low,6,110,9.666666666666666,-1.3005863428115845,-0.8404049944303419
BH_s29_low,6,111,9.7,-1.3005863428115845,-1.0501354319385288
BH_s29_low,6,112,9.733333333333333,-0.9573038220405579,-1.1874874975705147
BH_s29_low,6,113,9.766666666666667,-0.16788361966609955,-1.2375208321234443
BH_s29_low,6,114,9.8,0.8863433599472046,-1.1807391011734378
BH_s29_low,6,115,9.833333333333334,1.659420371055603,-0.9999110707132958
BH_s29_low,6,116,9.866666666666667,1.8981941938400269,-0.6897165242650176
BH_s29_low,6,117,9.9,1.5937107801437378,-0.2659626277568005
BH_s29_low,6,118,9.933333333333334,1.1269656419754028,0.22956176754987456
BH_s29_low,6,119,9.966666666666667,0.6602204442024231,0.73201387361975
BH_s29_low,6,120,10.0,0.22164031863212585,1.165253642897954
BH_s29_low,6,121,10.033333333333333,-0.03774087131023407,1.4598476821068656
BH_s29_low,6,122,10.066666666666666,-0.03774087131023407,1.5714576191461815
BH_s29_low,6,123,10.1,-0.03774087131023407,1.4927433931174654
BH_s29_low,6,124,10.133333333333333,-0.03774087131023407,1.2541191888869947
BH_s29_low,6,125,10.166666666666666,-0.1334640383720398,0.9130217402709387
BH_s29_low,6,126,10.2,-0.2890457510948181,0.5356922097118403
BH_s29_low,6,127,10.233333333333333,-0.523555338382721,0.17807286298809102
BH_s29_low,6,128,10.266666666666667,-0.6791370511054993,-0.1276210888556489
BH_s29_low,6,129,10.3,-0.8347187638282776,-0.3765439662725537
BH_s29_low,6,130,10.333333333333334,-0.9903004765510559,-0.5847035884375383
BH_s29_low,6,131,10.366666666666667,-1.0669543743133545,-0.7753614971169477
BH_s29_low,6,132,10.4,-1.1427305936813354,-0.9634170280206136
BH_s29_low,6,133,10.433333333333334,-0.9876675009727478,-1.1433075910127921
BH_s29_low,6,134,10.466666666666667,-0.21761800348758698,-1.2851364743095604
BH_s29_low,6,135,10.5,0.7099281549453735,-1.3414290241982874
BH_s29_low,6,136,10.533333333333333,1.5786529779434204,-1.2632356785801744
BH_s29_low,6,137,10.566666666666666,1.8565272092819214,-1.0204572468779136
BH_s29_low,6,138,10.6,1.6452758312225342,-0.6188624332977534
BH_s29_low,6,139,10.633333333333333,1.1912966966629028,-0.10638320999980148
BH_s29_low,6,140,10.666666666666666,0.6629376411437988,0.43559259484144097
BH_s29_low,6,141,10.7,0.23821844160556793,0.9142059231876606
BH_s29_low,6,142,10.733333333333333,-0.015879018232226372,1.2519268216552435
BH_s29_low,6,143,10.766666666666667,-0.09253290295600891,1.4069938610188626
BH_s29_low,6,144,10.8,-0.03774087131023407,1.3802358057258284
BH_s29_low,6,145,10.833333333333334,-0.08798500150442123,1.2079836151038683
BH_s29_low,6,146,10.866666666666667,-0.16463889181613922,0.9457985560928551
BH_s29_low,6,147,10.9,-0.32022061944007874,0.6496128772071529
BH_s29_low,6,148,10.933333333333334,-0.5547301769256592,0.36050892623569447
BH_s29_low,6,149,10.966666666666667,-0.7514601945877075,0.09730473508833554
BH_s29_low,6,150,11.0,-0.9448214769363403,-0.14200221252733186
BH_s29_low,6,151,11.033333333333333,-1.063802719116211,-0.3717605358858131
BH_s29_low,6,152,11.066666666666666,-1.1770570278167725,-0.6066210139345206
BH_s29_low,6,153,11.1,-1.22165846824646,-0.8498705875206763
BH_s29_low,6,154,11.133333333333333,-1.0831735134124756,-1.085854427778796
BH_s29_low,6,155,11.166666666666666,-0.42520806193351746,-1.2791657629906918
BH_s29_low,6,156,11.2,0.5587435960769653,-1.381422096570763
BH_s29_low,6,157,11.233333333333333,1.5766716003417969,-1.3443575374930936
BH_s29_low,6,158,11.266666666666667,2.093310832977295,-1.1361707413458044
BH_s29_low,6,159,11.3,1.9775652885437012,-0.7563774756469265
BH_s29_low,6,160,11.333333333333334,1.5713391304016113,-0.24324335543027592
BH_s29_low,6,161,11.366666666666667,1.1045939922332764,0.33076220351648294
BH_s29_low,6,162,11.4,0.6378487944602966,0.8752903534947971
BH_s29_low,6,163,11.433333333333334,0.2593444883823395,1.304617097620506
BH_s29_low,6,164,11.466666666666667,0.03414791822433472,1.5582188146995106
BH_s29_low,6,165,11.5,-0.03774087131023407,1.6128001243342882
BH_s29_low,6,166,11.533333333333333,-0.03774087131023407,1.4833441683445912
BH_s29_low,6,167,11.566666666666666,-0.037958066910505295,1.214757032109947
BH_s29_low,6,168,11.6,-0.1935397982597351,0.8674767216423694
BH_s29_low,6,169,11.633333333333333,-0.42371866106987,0.5008687318456869
BH_s29_low,6,170,11.666666666666666,-0.5836310982704163,0.15872083911647472
BH_s29_low,6,171,11.7,-0.8181406259536743,-0.13887184679685266
BH_s29_low,6,172,11.733333333333333,-0.9737223386764526,-0.39456018548930455
BH_s29_low,6,173,11.766666666666667,-1.129304051399231,-0.624138307052695
BH_s29_low,6,174,11.8,-1.1427305936813354,-0.8420629487526644
BH_s29_low,6,175,11.833333333333334,-0.9418959021568298,-1.0479400689642462
BH_s29_low,6,176,11.866666666666667,-0.15923108160495758,-1.2195261561153412
BH_s29_low,6,177,11.9,0.8870702981948853,-1.3154546011848176
BH_s29_low,6,178,11.933333333333334,1.7573421001434326,-1.2875658219044055
BH_s29_low,6,179,11.966666666666667,2.014382839202881,-1.09934536441823
BH_s29_low,6,180,12.0,1.8362877368927002,-0.7443648831088825
BH_s29_low,6,181,12.033333333333333,1.398886799812317,-0.2574688011690085
BH_s29_low,6,182,12.066666666666666,0.8532137274742126,0.2874068914429114
BH_s29_low,6,183,12.1,0.42923039197921753,0.7944684439142653
BH_s29_low,6,184,12.133333333333333,0.07962694764137268,1.173141921757853
BH_s29_low,6,185,12.166666666666666,-0.03774087131023407,1.3644253848994734
BH_s29_low,6,186,12.2,-0.03774087131023407,1.3558783200195381
BH_s29_low,6,187,12.233333333333333,-0.07140687108039856,1.1798802670693096
BH_s29_low,6,188,12.266666666666667,-0.14806075394153595,0.8974213206946162
BH_s29_low,6,189,12.3,-0.3327605724334717,0.575374442579128
BH_s29_low,6,190,12.333333333333334,-0.5649961829185486,0.26617895479265596
BH_s29_low,6,191,12.366666666666667,-0.7726616263389587,-0.0038246894947785875
BH_s29_low,6,192,12.4,-0.9282433390617371,-0.23498147563898966
BH_s29_low,6,193,12.433333333333334,-1.1627528667449951,-0.444961670893743
BH_s29_low,6,194,12.466666666666667,-1.2394068241119385,-0.6533982165525852
BH_s29_low,6,195,12.5,-1.2696374654769897,-0.8661804932722061
BH_s29_low,6,196,12.533333333333333,-0.8399448990821838,-1.0653308483438368
BH_s29_low,6,197,12.566666666666666,0.04967102035880089,-1.2088527926367352
BH_s29_low,6,198,12.6,1.1894394159317017,-1.2416917401771712
BH_s29_low,6,199,12.633333333333333,1.8629058599472046,-1.114973240268223
BH_s29_low,6,200,12.666666666666666,1.8524225950241089,-0.8073220208786107
BH_s29_low,6,201,12.7,1.5353238582611084,-0.34037976666427017
BH_s29_low,6,202,12.733333333333333,1.0685787200927734,0.2185372333566763
BH_s29_low,6,203,12.766666666666667,0.5229056477546692,0.7697958897475892
BH_s29_low,6,204,12.8,0.1300971508026123,1.2077339483270857
BH_s29_low,6,205,12.833333333333334,-0.03047574684023857,1.4509786826227746
BH_s29_low,6,206,12.866666666666667,-0.03774087131023407,1.4655710904025443
BH_s29_low,6,207,12.9,-0.03774087131023407,1.2722363405156898
BH_s29_low,6,208,12.933333333333334,-0.10258173197507858,0.9356818332465173
BH_s29_low,6,209,12.966666666666667,-0.17923562228679657,0.5410747297123756
BH_s29_low,6,210,13.0,-0.4137451946735382,0.16733003256206644
BH_s29_low,6,211,13.033333333333333,-0.5693268775939941,-0.13316008887390784
BH_s29_low,6,212,13.066666666666666,-0.7806536555290222,-0.3426468870639273
BH_s29_low,6,213,13.1,-0.9594181776046753,-0.4735944915674257
BH_s29_low,6,214,13.133333333333333,-1.1149998903274536,-0.5553698039442095
BH_s29_low,6,215,13.166666666666666,-1.0938074588775635,-0.6176200090568028
BH_s29_low,6,216,13.2,-0.7193500995635986,-0.6759540211850213
BH_s29_low,6,217,13.233333333333333,0.14958305656909943,-0.7245085728946611
BH_s29_low,6,218,13.266666666666667,1.1620012521743774,-0.7382086024109765
BH_s29_low,6,219,13.3,1.778326392173767,-0.6844760618146811
BH_s29_low,6,220,13.333333333333334,1.8189737796783447,-0.5399969879747463
BH_s29_low,6,221,13.366666666666667,1.434977412223816,-0.30525859465367033
BH_s29_low,6,222,13.4,0.9352267384529114,-0.010169380946634688
BH_s29_low,6,223,13.433333333333334,0.4225592315196991,0.29197987248446594
BH_s29_low,6,224,13.466666666666667,0.09165716916322708,0.5397371165739628
BH_s29_low,6,225,13.5,-0.03774087131023407,0.6817705133097027
BH_s29_low,6,226,13.533333333333333,-0.03774087131023407,0.6917122226933754
BH_s29_low,6,227,13.566666666666666,-0.03774087131023407,0.5749970360860491
BH_s29_low,6,228,13.6,-0.03774087131023407,0.3657692465829162
BH_s29_low,6,229,13.633333333333333,-0.15084445476531982,0.11513296257615487
BH_s29_low,6,230,13.666666666666666,-0.36826613545417786,-0.12456244875040123
BH_s29_low,6,231,13.7,-0.5238478779792786,-0.31323068897613354
BH_s29_low,6,232,13.733333333333333,-0.7583574652671814,-0.4300588790074612
BH_s29_low,6,233,13.766666666666667,-0.9139391779899597,-0.47328724559059937
BH_s29_low,6,234,13.8,-0.9848749041557312,-0.45476652958635905
BH_s29_low,6,235,13.833333333333334,-0.7343147397041321,-0.39242946570031273
BH_s29_low,6,236,13.866666666666667,-0.030719585716724396,-0.30362421328784084
BH_s29_low,6,237,13.9,0.9805948734283447,-0.20112578838876424
BH_s29_low,6,238,13.933333333333334,1.8396388292312622,-0.09211550740836577
BH_s29_low,6,239,13.966666666666667,2.0876591205596924,0.02065898066866331
BH_s29_low,7,0,7.0,1.8486016988754272,0.0951529031488394
BH_s29_low,7,1,7.033333333333333,1.7838361263275146,-0.30115527615578275
BH_s29_low,7,2,7.066666666666666,1.3295644521713257,-0.6011799577314698
BH_s29_low,7,3,7.1,0.8628193140029907,-0.728581388336494
BH_s29_low,7,4,7.133333333333334,0.396074116230011,-0.64456634576152
BH_s29_low,7,5,7.166666666666667,0.07185207307338715,-0.3582463519170809
BH_s29_low,7,6,7.2,-0.03774087131023407,0.07371112818658543
BH_s29_low,7,7,7.233333333333333,-0.03774087131023407,0.559832475013266
BH_s29_low,7,8,7.266666666666667,-0.03774087131023407,0.996880906215817
BH_s29_low,7,9,7.3,-0.1166687086224556,1.296896818655515
BH_s29_low,7,10,7.333333333333333,-0.24782207608222961,1.4091975599654551
BH_s29_low,7,11,7.366666666666666,-0.4533553719520569,1.3294466095896056
BH_s29_low,7,12,7.4,-0.6379133462905884,1.0934429682191071
BH_s29_low,7,13,7.433333333333334,-0.7934950590133667,0.7598067628417704
BH_s29_low,7,14,7.466666666666667,-0.9490768313407898,0.38931745528622425
BH_s29_low,7,15,7.5,-1.063802719116211,0.028399100397743713
BH_s29_low,7,16,7.533333333333333,-1.1041487455368042,-0.29861638555550185
BH_s29_low,7,17,7.566666666666666,-0.6817877888679504,-0.58749739645483
BH_s29_low,7,18,7.6,0.16646261513233185,-0.8445296691342252
BH_s29_low,7,19,7.633333333333334,1.1788808107376099,-1.0735532081508128
BH_s29_low,7,20,7.666666666666667,1.836571455001831,-1.2648545957511528
BH_s29_low,7,21,7.7,1.829315185546875,-1.390785613368229
BH_s29_low,7,22,7.733333333333333,1.4660015106201172,-1.4109220862696934
BH_s29_low,7,23,7.766666666666667,0.9992563724517822,-1.2860501022142132
BH_s29_low,7,24,7.8,0.5325112342834473,-0.996282576036519
BH_s29_low,7,25,7.833333333333333,0.16281013190746307,-0.5559783159688184
BH_s29_low,7,26,7.866666666666666,-0.03774087131023407,-0.018434591186019506
BH_s29_low,7,27,7.9,-0.03774087131023407,0.533176585592356
BH_s29_low,7,28,7.933333333333334,-0.03774087131023407,1.0066400303693899
BH_s29_low,7,29,7.966666666666667,-0.1166687086224556,1.326143871199414
BH_s29_low,7,30,8.0,-0.20908954739570618,1.4528294785142617
BH_s29_low,7,31,8.033333333333333,-0.4368526041507721,1.3927112448573469
BH_s29_low,7,32,8.066666666666666,-0.6713621616363525,1.189566430682605
BH_s29_low,7,33,8.1,-0.8269438743591309,0.9065449478387609
BH_s29_low,7,34,8.133333333333333,-0.982525646686554,0.6042187920275776
BH_s29_low,7,35,8.166666666666666,-1.063802719116211,0.3232729295763542
BH_s29_low,7,36,8.2,-1.2147612571716309,0.07733763033344927
BH_s29_low,7,37,8.233333333333333,-1.22165846824646,-0.1430418185157802
BH_s29_low,7,38,8.266666666666667,-0.8613545894622803,-0.35864641861416674
BH_s29_low,7,39,8.3,-0.04112744331359863,-0.5876183018268794
BH_s29_low,7,40,8.333333333333334,1.034225583076477,-0.8342506588327926
BH_s29_low,7,41,8.366666666666667,1.8017263412475586,-1.0832663434136844
BH_s29_low,7,42,8.4,2.014382839202881,-1.3002456687103716
BH_s29_low,7,43,8.433333333333334,1.6881883144378662,-1.4376597642463842
BH_s29_low,7,44,8.466666666666667,1.2465319633483887,-1.4454308357002927
BH_s29_low,7,45,8.5,0.7546979784965515,-1.284494102316699
BH_s29_low,7,46,8.533333333333333,0.3668806552886963,-0.9409514426356314
BH_s29_low,7,47,8.566666666666666,0.07309764623641968,-0.4370019710343303
BH_s29_low,7,48,8.6,-0.03774087131023407,0.1662245255268246
BH_s29_low,7,49,8.633333333333333,-0.03774087131023407,0.7776658648428777
BH_s29_low,7,50,8.666666666666666,-0.03774087131023407,1.2967151302062507
BH_s29_low,7,51,8.7,-0.15459005534648895,1.6392312448044637
BH_s29_low,7,52,8.733333333333333,-0.3890996277332306,1.7599922328325963
BH_s29_low,7,53,8.766666666666667,-0.5780547857284546,1.663065894919258
BH_s29_low,7,54,8.8,-0.7791908979415894,1.3963721914680367
BH_s29_low,7,55,8.833333333333334,-0.9347726106643677,1.0331050727092341
BH_s29_low,7,56,8.866666666666667,-1.090354323387146,0.6474615412236803
BH_s29_low,7,57,8.9,-1.1670082807540894,0.2935639107547059
BH_s29_low,7,58,8.933333333333334,-1.2436621189117432,-0.005554668777156199
BH_s29_low,7,59,8.966666666666667,-1.2808564901351929,-0.25633617360227423
BH_s29_low,7,60,9.0,-0.9150517582893372,-0.48262938970075286
BH_s29_low,7,61,9.033333333333333,-0.10450553148984909,-0.7086555521926323
BH_s29_low,7,62,9.066666666666666,0.9079126715660095,-0.9433533226700707
BH_s29_low,7,63,9.1,1.7305734157562256,-1.1711975805015788
BH_s29_low,7,64,9.133333333333333,1.9270950555801392,-1.3522523438186937
BH_s29_low,7,65,9.166666666666666,1.6804134845733643,-1.431686748314919
BH_s29_low,7,66,9.2,1.2136683464050293,-1.3566737723157425
BH_s29_low,7,67,9.233333333333333,0.7469231486320496,-1.0964103374026133
BH_s29_low,7,68,9.266666666666667,0.35836997628211975,-0.6590736577079145
BH_s29_low,7,69,9.3,0.04419674351811409,-0.09880820464909669
BH_s29_low,7,70,9.333333333333334,-0.03774087131023407,0.4923541196411967
BH_s29_low,7,71,9.366666666666667,-0.03774087131023407,1.0074893429413414
BH_s29_low,7,72,9.4,-0.10683707892894745,1.3552310339114435
BH_s29_low,7,73,9.433333333333334,-0.18349096179008484,1.485551401500954
BH_s29_low,7,74,9.466666666666667,-0.40362098813056946,1.4005438346127983
BH_s29_low,7,75,9.5,-0.5735822319984436,1.1469589202637274
BH_s29_low,7,76,9.533333333333333,-0.8080918192863464,0.7954072497884896
BH_s29_low,7,77,9.566666666666666,-0.9636735320091248,0.4160712843394003
BH_s29_low,7,78,9.6,-1.1192553043365479,0.060324101261927866
BH_s29_low,7,79,9.633333333333333,-1.1959091424942017,-0.24665933342763177
BH_s29_low,7,80,9.666666666666666,-1.3005863428115845,-0.5023196679836377
BH_s29_low,7,81,9.7,-1.3005863428115845,-0.7159084130351979
BH_s29_low,7,82,9.733333333333333,-0.9573038220405579,-0.8956846398466078
BH_s29_low,7,83,9.766666666666667,-0.16788361966609955,-1.0388374536662408
BH_s29_low,7,84,9.8,0.8863433599472046,-1.1272800070646891
BH_s29_low,7,85,9.833333333333334,1.659420371055603,-1.130678413886266
BH_s29_low,7,86,9.866666666666667,1.8981941938400269,-1.016409199588351
BH_s29_low,7,87,9.9,1.5937107801437378,-0.7641326779174106
BH_s29_low,7,88,9.933333333333334,1.1269656419754028,-0.3802274606198465
BH_s29_low,7,89,9.966666666666667,0.6602204442024231,0.09433363131207309
BH_s29_low,7,90,10.0,0.22164031863212585,0.5882129092233737
BH_s29_low,7,91,10.033333333333333,-0.03774087131023407,1.0170281644632149
BH_s29_low,7,92,10.066666666666666,-0.03774087131023407,1.3078330232089896
BH_s29_low,7,93,10.1,-0.03774087131023407,1.42032752763207
BH_s29_low,7,94,10.133333333333333,-0.03774087131023407,1.3559966401519514
BH_s29_low,7,95,10.166666666666666,-0.1334640383720398,1.1525495811450546
BH_s29_low,7,96,10.2,-0.2890457510948181,0.867571821374128
BH_s29_low,7,97,10.233333333333333,-0.523555338382721,0.5589659518048213
BH_s29_low,7,98,10.266666666666667,-0.6791370511054993,0.2693936806472956
BH_s29_low,7,99,10.3,-0.8347187638282776,0.01881691044529594
BH_s29_low,7,100,10.333333333333334,-0.9903004765510559,-0.19438163017659602
BH_s29_low,7,101,10.366666666666667,-1.0669543743133545,-0.38577995436552237
BH_s29_low,7,102,10.4,-1.1427305936813354,-0.5739305120784034
BH_s29_low,7,103,10.433333333333334,-0.9876675009727478,-0.7692435099269956
BH_s29_low,7,104,10.466666666666667,-0.21761800348758698,-0.9658190479417268
BH_s29_low,7,105,10.5,0.7099281549453735,-1.1387861076146535
BH_s29_low,7,106,10.533333333333333,1.5786529779434204,-1.2484586312534858
BH_s29_low,7,107,10.566666666666666,1.8565272092819214,-1.2507132419210258
BH_s29_low,7,108,10.6,1.6452758312225342,-1.110953115647695
BH_s29_low,7,109,10.633333333333333,1.1912966966629028,-0.8176814729121842
BH_s29_low,7,110,10.666666666666666,0.6629376411437988,-0.391540812584588
BH_s29_low,7,111,10.7,0.23821844160556793,0.1137677046224998
BH_s29_low,7,112,10.733333333333333,-0.015879018232226372,0.6210025652943169
BH_s29_low,7,113,10.766666666666667,-0.09253290295600891,1.0482327433830192
BH_s29_low,7,114,10.8,-0.03774087131023407,1.3306139663506853
BH_s29_low,7,115,10.833333333333334,-0.08798500150442123,1.4360038540315063
BH_s29_low,7,116,10.866666666666667,-0.16463889181613922,1.3686012185993313
BH_s29_low,7,117,10.9,-0.32022061944007874,1.1610956577325473
BH_s29_low,7,118,10.933333333333334,-0.5547301769256592,0.8603483607492473
BH_s29_low,7,119,10.966666666666667,-0.7514601945877075,0.5127561001126255
BH_s29_low,7,120,11.0,-0.9448214769363403,0.1539770482786057
BH_s29_low,7,121,11.033333333333333,-1.063802719116211,-0.19478310151761535
BH_s29_low,7,122,11.066666666666666,-1.1770570278167725,-0.5239323446146704
BH_s29_low,7,123,11.1,-1.22165846824646,-0.8278963931724768
BH_s29_low,7,124,11.133333333333333,-1.0831735134124756,-1.0960726363471307
BH_s29_low,7,125,11.166666666666666,-0.42520806193351746,-1.306344553395238
BH_s29_low,7,126,11.2,0.5587435960769653,-1.4245085062978584
BH_s29_low,7,127,11.233333333333333,1.5766716003417969,-1.4111306405265895
BH_s29_low,7,128,11.266666666666667,2.093310832977295,-1.234794597532737
BH_s29_low,7,129,11.3,1.9775652885437012,-0.8876611898149489
BH_s29_low,7,130,11.333333333333334,1.5713391304016113,-0.3967289227282088
BH_s29_low,7,131,11.366666666666667,1.1045939922332764,0.1754932567127941
BH_s29_low,7,132,11.4,0.6378487944602966,0.7429086692177324
BH_s29_low,7,133,11.433333333333334,0.2593444883823395,1.2165272203034907
BH_s29_low,7,134,11.466666666666667,0.03414791822433472,1.526292523163339
BH_s29_low,7,135,11.5,-0.03774087131023407,1.6365321990139599
BH_s29_low,7,136,11.533333333333333,-0.03774087131023407,1.551076239548625
BH_s29_low,7,137,11.566666666666666,-0.037958066910505295,1.3081489117879463
BH_s29_low,7,138,11.6,-0.1935397982597351,0.9673560022119835
BH_s29_low,7,139,11.633333333333333,-0.42371866106987,0.5922745772947845
BH_s29_low,7,140,11.666666666666666,-0.5836310982704163,0.2335759211972696
BH_s29_low,7,141,11.7,-0.8181406259536743,-0.08183372816238385
BH_s29_low,7,142,11.733333333333333,-0.9737223386764526,-0.351961580020736
BH_s29_low,7,143,11.766666666666667,-1.129304051399231,-0.591135828255239
BH_s29_low,7,144,11.8,-1.1427305936813354,-0.8154775229089216
BH_s29_low,7,145,11.833333333333334,-0.9418959021568298,-1.0284873801621504
BH_s29_low,7,146,11.866666666666667,-0.15923108160495758,-1.2125176675905447
BH_s29_low,7,147,11.9,0.8870702981948853,-1.3296148132999632
BH_s29_low,7,148,11.933333333333334,1.7573421001434326,-1.3320624981012807
BH_s29_low,7,149,11.966666666666667,2.014382839202881,-1.1797340237945642
BH_s29_low,7,150,12.0,1.8362877368927002,-0.858697018477959
BH_s29_low,7,151,12.033333333333333,1.398886799812317,-0.3940838369182666
BH_s29_low,7,152,12.066666666666666,0.8532137274742126,0.14906678907490162
BH_s29_low,7,153,12.1,0.42923039197921753,0.6795052593328376
BH_s29_low,7,154,12.133333333333333,0.07962694764137268,1.1042563280225373
BH_s29_low,7,155,12.166666666666666,-0.03774087131023407,1.3548249727652921
BH_s29_low,7,156,12.2,-0.03774087131023407,1.405040810896529
BH_s29_low,7,157,12.233333333333333,-0.07140687108039856,1.274189384912566
BH_s29_low,7,158,12.266666666666667,-0.14806075394153595,1.0154664613219624
BH_s29_low,7,159,12.3,-0.3327605724334717,0.6954466898729853
BH_s29_low,7,160,12.333333333333334,-0.5649961829185486,0.3726297775250985
BH_s29_low,7,161,12.366666666666667,-0.7726616263389587,0.0822771444635571
BH_s29_low,7,162,12.4,-0.9282433390617371,-0.1680242447350831
BH_s29_low,7,163,12.433333333333334,-1.1627528667449951,-0.39146733717104704
BH_s29_low,7,164,12.466666666666667,-1.2394068241119385,-0.6072108455998448
BH_s29_low,7,165,12.5,-1.2696374654769897,-0.8238101691660511
BH_s29_low,7,166,12.533333333333333,-0.8399448990821838,-1.0274839600385706
BH_s29_low,7,167,12.566666666666666,0.04967102035880089,-1.1801039717928796
BH_s29_low,7,168,12.6,1.1894394159317017,-1.2287060710420108
BH_s29_low,7,169,12.633333333333333,1.8629058599472046,-1.1243693049812526
BH_s29_low,7,170,12.666666666666666,1.8524225950241089,-0.844296973007204
BH_s29_low,7,171,12.7,1.5353238582611084,-0.4083732636954149
BH_s29_low,7,172,12.733333333333333,1.0685787200927734,0.11798379406146658
BH_s29_low,7,173,12.766666666666667,0.5229056477546692,0.6382312753346406
BH_s29_low,7,174,12.8,0.1300971508026123,1.052342538852654
BH_s29_low,7,175,12.833333333333334,-0.03047574684023857,1.2870199351378664
BH_s29_low,7,176,12.866666666666667,-0.03774087131023407,1.3161094711335681
BH_s29_low,7,177,12.9,-0.03774087131023407,1.1631518018341787
BH_s29_low,7,178,12.933333333333334,-0.10258173197507858,0.8862805202296908
BH_s29_low,7,179,12.966666666666667,-0.17923562228679657,0.5534812541491008
BH_s29_low,7,180,13.0,-0.4137451946735382,0.21951981611063234
BH_s29_low,7,181,13.033333333333333,-0.5693268775939941,-0.08633690214034723
BH_s29_low,7,182,13.066666666666666,-0.7806536555290222,-0.3586177502078443
BH_s29_low,7,183,13.1,-0.9594181776046753,-0.6032002519838182
BH_s29_low,7,184,13.133333333333333,-1.1149998903274536,-0.8213488923310606
BH_s29_low,7,185,13.166666666666666,-1.0938074588775635,-0.9980270116226837
BH_s29_low,7,186,13.2,-0.7193500995635986,-1.0999425890542476
BH_s29_low,7,187,13.233333333333333,0.14958305656909943,-1.0848308854554212
BH_s29_low,7,188,13.266666666666667,1.1620012521743774,-0.9191727378570035
BH_s29_low,7,189,13.3,1.778326392173767,-0.5976950639318918
BH_s29_low,7,190,13.333333333333334,1.8189737796783447,-0.15574157812711664
BH_s29_low,7,191,13.366666666666667,1.434977412223816,0.33299423290886987
BH_s29_low,7,192,13.4,0.9352267384529114,0.7750160473513309
BH_s29_low,7,193,13.433333333333334,0.4225592315196991,1.085579645933402
BH_s29_low,7,194,13.466666666666667,0.09165716916322708,1.2152729717839077
BH_s29_low,7,195,13.5,-0.03774087131023407,1.1630878127644197
BH_s29_low,7,196,13.533333333333333,-0.03774087131023407,0.9715066785685141
BH_s29_low,7,197,13.566666666666666,-0.03774087131023407,0.7076831086959056
BH_s29_low,7,198,13.6,-0.03774087131023407,0.43937628582685345
BH_s29_low,7,199,13.633333333333333,-0.15084445476531982,0.21429442259016213
BH_s29_low,7,200,13.666666666666666,-0.36826613545417786,0.048932204738917934
BH_s29_low,7,201,13.7,-0.5238478779792786,-0.07057143818191952
BH_s29_low,7,202,13.733333333333333,-0.7583574652671814,-0.17670653651588347
BH_s29_low,7,203,13.766666666666667,-0.9139391779899597,-0.30251773394797266
BH_s29_low,7,204,13.8,-0.9848749041557312,-0.4640745245387782
BH_s29_low,7,205,13.833333333333334,-0.7343147397041321,-0.6502571736820196
BH_s29_low,7,206,13.866666666666667,-0.030719585716724396,-0.8234724305588359
BH_s29_low,7,207,13.9,0.9805948734283447,-0.9306590767560905
BH_s29_low,7,208,13.933333333333334,1.8396388292312622,-0.9208483308958537
BH_s29_low,7,209,13.966666666666667,2.0876591205596924,-0.7639778844014709
BH_s29_low,7,210,14.0,1.801376223564148,-0.46515730070164074
BH_s29_low,7,211,14.033333333333333,1.413558840751648,-0.06916856331186724
BH_s29_low,7,212,14.066666666666666,0.8678858280181885,0.347866412421363
BH_s29_low,7,213,14.1,0.40114066004753113,0.6984952593431427
BH_s29_low,7,214,14.133333333333333,0.07522976398468018,0.9090898926576355
BH_s29_low,7,215,14.166666666666666,-0.03774087131023407,0.940394664118921
BH_s29_low,7,216,14.2,-0.03774087131023407,0.7954101952555716
BH_s29_low,7,217,14.233333333333333,-0.03774087131023407,0.5124786700972285
BH_s29_low,7,218,14.266666666666667,-0.09055150300264359,0.14837714911463212
BH_s29_low,7,219,14.3,-0.2966699004173279,-0.23977582652379267
BH_s29_low,7,220,14.333333333333334,-0.48064279556274414,-0.6061218424706208
BH_s29_low,7,221,14.366666666666667,-0.715152382850647,-0.9182476132483395
BH_s29_low,7,222,14.4,-0.8707340955734253,-1.1521866325604357
BH_s29_low,7,223,14.433333333333334,-1.0263158082962036,-1.2855481215861235
BH_s29_low,7,224,14.466666666666667,-0.9854689240455627,-1.2941430857480074
BH_s29_low,7,225,14.5,-0.4478057324886322,-1.1553399523356274
BH_s29_low,7,226,14.533333333333333,0.4759948253631592,-0.8582321855246087
BH_s29_low,7,227,14.566666666666666,1.4657577276229858,-0.4167432451041292
BH_s29_low,7,228,14.6,2.0444540977478027,0.12185852826150906
BH_s29_low,7,229,14.633333333333333,1.9587886333465576,0.6804087274304319
BH_s29_low,7,230,14.666666666666666,1.622101902961731,1.168931830973133
BH_s29_low,7,231,14.7,1.155356764793396,1.5094519424477584
BH_s29_low,7,232,14.733333333333333,0.6306590437889099,1.6583094216700978
BH_s29_low,7,233,14.766666666666667,0.24056775867938995,1.6168631526006254
BH_s29_low,7,234,14.8,0.024759557098150253,1.4269032492935305
BH_s29_low,7,235,14.833333333333334,-0.03774087131023407,1.1535344414549578
BH_s29_low,7,236,14.866666666666667,-0.03774087131023407,0.8624735597591728
BH_s29_low,7,237,14.9,-0.04734642803668976,0.5997292189711348
BH_s29_low,7,238,14.933333333333334,-0.20292815566062927,0.38012750952849195
BH_s29_low,7,239,14.966666666666667,-0.4374377131462097,0.18802390062813973
BH_s29_low,8,0,8.0,-0.20908954739570618,-0.1397829474656701
BH_s29_low,8,1,8.033333333333333,-0.4368526041507721,0.17458534528533132
BH_s29_low,8,2,8.066666666666666,-0.6713621616363525,0.4295960974998196
BH_s29_low,8,3,8.1,-0.8269438743591309,0.5800458165867005
BH_s29_low,8,4,8.133333333333333,-0.982525646686554,0.6072597870931183
BH_s29_low,8,5,8.166666666666666,-1.063802719116211,0.5198117787883517
BH_s29_low,8,6,8.2,-1.2147612571716309,0.3452149900375876
BH_s29_low,8,7,8.233333333333333,-1.22165846824646,0.11752694121265048
BH_s29_low,8,8,8.266666666666667,-0.8613545894622803,-0.13331993841193202
BH_s29_low,8,9,8.3,-0.04112744331359863,-0.38672231678344504
BH_s29_low,8,10,8.333333333333334,1.034225583076477,-0.6301223518172016
BH_s29_low,8,11,8.366666666666667,1.8017263412475586,-0.8527787831656529
BH_s29_low,8,12,8.4,2.014382839202881,-1.0382839000354696
BH_s29_low,8,13,8.433333333333334,1.6881883144378662,-1.1602884501801987
BH_s29_low,8,14,8.466666666666667,1.2465319633483887,-1.1846172767673968
BH_s29_low,8,15,8.5,0.7546979784965515,-1.0782411303098252
BH_s29_low,8,16,8.533333333333333,0.3668806552886963,-0.8225968958595572
BH_s29_low,8,17,8.566666666666666,0.07309764623641968,-0.42641689345736083
BH_s29_low,8,18,8.6,-0.03774087131023407,0.0676900192978716
BH_s29_low,8,19,8.633333333333333,-0.03774087131023407,0.5873737946957284
BH_s29_low,8,20,8.666666666666666,-0.03774087131023407,1.046204244972599
BH_s29_low,8,21,8.7,-0.15459005534648895,1.3666769644875103
BH_s29_low,8,22,8.733333333333333,-0.3890996277332306,1.502237236000344
BH_s29_low,8,23,8.766666666666667,-0.5780547857284546,1.4494750818733868
BH_s29_low,8,24,8.8,-0.7791908979415894,1.245785924892078
BH_s29_low,8,25,8.833333333333334,-0.9347726106643677,0.9540394706261274
BH_s29_low,8,26,8.866666666666667,-1.090354323387146,0.6406336259223396
BH_s29_low,8,27,8.9,-1.1670082807540894,0.35513880213616794
BH_s29_low,8,28,8.933333333333334,-1.2436621189117432,0.11850947758970169
BH_s29_low,8,29,8.966666666666667,-1.2808564901351929,-0.07682136473997153
BH_s29_low,8,30,9.0,-0.9150517582893372,-0.2563440008237871
BH_s29_low,8,31,9.033333333333333,-0.10450553148984909,-0.44732877206754923
BH_s29_low,8,32,9.066666666666666,0.9079126715660095,-0.663138235679883
BH_s29_low,8,33,9.1,1.7305734157562256,-0.8930099323037294
BH_s29_low,8,34,9.133333333333333,1.9270950555801392,-1.1004848172395776
BH_s29_low,8,35,9.166666666666666,1.6804134845733643,-1.2314041667229327
BH_s29_low,8,36,9.2,1.2136683464050293,-1.2298265609794514
BH_s29_low,8,37,9.233333333333333,0.7469231486320496,-1.0576907731873009
BH_s29_low,8,38,9.266666666666667,0.35836997628211975,-0.7121800547582796
BH_s29_low,8,39,9.3,0.04419674351811409,-0.23421421418370264
BH_s29_low,8,40,9.333333333333334,-0.03774087131023407,0.29687829231796264
BH_s29_low,8,41,9.366666666666667,-0.03774087131023407,0.7829179744828645
BH_s29_low,8,42,9.4,-0.10683707892894745,1.134603652603569
BH_s29_low,8,43,9.433333333333334,-0.18349096179008484,1.2967649132017682
BH_s29_low,8,44,9.466666666666667,-0.40362098813056946,1.2611710970031533
BH_s29_low,8,45,9.5,-0.5735822319984436,1.0626282708166361
BH_s29_low,8,46,9.533333333333333,-0.8080918192863464,0.7616956075505003
BH_s29_low,8,47,9.566666666666666,-0.9636735320091248,0.42262724665321383
BH_s29_low,8,48,9.6,-1.1192553043365479,0.09545142006916416
BH_s29_low,8,49,9.633333333333333,-1.1959091424942017,-0.19251299388724205
BH_s29_low,8,50,9.666666666666666,-1.3005863428115845,-0.43509756188385995
BH_s29_low,8,51,9.7,-1.3005863428115845,-0.6386523184421067
BH_s29_low,8,52,9.733333333333333,-0.9573038220405579,-0.810781356698931
BH_s29_low,8,53,9.766666666666667,-0.16788361966609955,-0.9505520876674914
BH_s29_low,8,54,9.8,0.8863433599472046,-1.043107327528298
BH_s29_low,8,55,9.833333333333334,1.659420371055603,-1.0604605486710559
BH_s29_low,8,56,9.866666666666667,1.8981941938400269,-0.9692572663447113
BH_s29_low,8,57,9.9,1.5937107801437378,-0.7445687192994865
BH_s29_low,8,58,9.933333333333334,1.1269656419754028,-0.38585103750751454
BH_s29_low,8,59,9.966666666666667,0.6602204442024231,0.07182122906546164
BH_s29_low,8,60,10.0,0.22164031863212585,0.5588199732161158
BH_s29_low,8,61,10.033333333333333,-0.03774087131023407,0.987511341758056
BH_s29_low,8,62,10.066666666666666,-0.03774087131023407,1.2787341447194174
BH_s29_low,8,63,10.1,-0.03774087131023407,1.3862101769316837
BH_s29_low,8,64,10.133333333333333,-0.03774087131023407,1.3082844800357094
BH_s29_low,8,65,10.166666666666666,-0.1334640383720398,1.0834063126249138
BH_s29_low,8,66,10.2,-0.2890457510948181,0.7729392373454039
BH_s29_low,8,67,10.233333333333333,-0.523555338382721,0.4391910066750677
BH_s29_low,8,68,10.266666666666667,-0.6791370511054993,0.1271904938716526
BH_s29_low,8,69,10.3,-0.8347187638282776,-0.1438718832905214
BH_s29_low,8,70,10.333333333333334,-0.9903004765510559,-0.3780490728324617
BH_s29_low,8,71,10.366666666666667,-1.0669543743133545,-0.591544852531237
BH_s29_low,8,72,10.4,-1.1427305936813354,-0.7981101842013356
BH_s29_low,8,73,10.433333333333334,-0.9876675009727478,-0.9963676803414809
BH_s29_low,8,74,10.466666666666667,-0.21761800348758698,-1.1636564438437969
BH_s29_low,8,75,10.5,0.7099281549453735,-1.2590810570885809
BH_s29_low,8,76,10.533333333333333,1.5786529779434204,-1.2356244457726344
BH_s29_low,8,77,10.566666666666666,1.8565272092819214,-1.0579242075779118
BH_s29_low,8,78,10.6,1.6452758312225342,-0.7195469453935605
BH_s29_low,8,79,10.633333333333333,1.1912966966629028,-0.2526302303613821
BH_s29_low,8,80,10.666666666666666,0.6629376411437988,0.2753318483193062
BH_s29_low,8,81,10.7,0.23821844160556793,0.7778683054493074
BH_s29_low,8,82,10.733333333333333,-0.015879018232226372,1.1731926604623093
BH_s29_low,8,83,10.766666666666667,-0.09253290295600891,1.4056749493924559
BH_s29_low,8,84,10.8,-0.03774087131023407,1.4572744530937027
BH_s29_low,8,85,10.833333333333334,-0.08798500150442123,1.3461951656491056
BH_s29_low,8,86,10.866666666666667,-0.16463889181613922,1.1151889295679194
BH_s29_low,8,87,10.9,-0.32022061944007874,0.815099967120486
BH_s29_low,8,88,10.933333333333334,-0.5547301769256592,0.4898374882658389
BH_s29_low,8,89,10.966666666666667,-0.7514601945877075,0.16737041824488616
BH_s29_low,8,90,11.0,-0.9448214769363403,-0.14145482441446086
BH_s29_low,8,91,11.033333333333333,-1.063802719116211,-0.43732348016350403
BH_s29_low,8,92,11.066666666666666,-1.1770570278167725,-0.7231155207820499
BH_s29_low,8,93,11.1,-1.22165846824646,-0.9944727888914844
BH_s29_low,8,94,11.133333333333333,-1.0831735134124756,-1.2333518794648506
BH_s29_low,8,95,11.166666666666666,-0.42520806193351746,-1.4066918907084285
BH_s29_low,8,96,11.2,0.5587435960769653,-1.4714856088141894
BH_s29_low,8,97,11.233333333333333,1.5766716003417969,-1.3862612816092927
BH_s29_low,8,98,11.266666666666667,2.093310832977295,-1.1266850912331359
BH_s29_low,8,99,11.3,1.9775652885437012,-0.7001743844814905
BH_s29_low,8,100,11.333333333333334,1.5713391304016113,-0.15272020107782158
BH_s29_low,8,101,11.366666666666667,1.1045939922332764,0.43711643826162466
BH_s29_low,8,102,11.4,0.6378487944602966,0.9764263102912375
BH_s29_low,8,103,11.433333333333334,0.2593444883823395,1.3817128875464595
BH_s29_low,8,104,11.466666666666667,0.03414791822433472,1.5990618282027862
BH_s29_low,8,105,11.5,-0.03774087131023407,1.6138461371645945
BH_s29_low,8,106,11.533333333333333,-0.03774087131023407,1.4483224099103116
BH_s29_low,8,107,11.566666666666666,-0.037958066910505295,1.1502027505352723
BH_s29_low,8,108,11.6,-0.1935397982597351,0.7770872170244474
BH_s29_low,8,109,11.633333333333333,-0.42371866106987,0.38138515507232085
BH_s29_low,8,110,11.666666666666666,-0.5836310982704163,-0.000253936435109358
BH_s29_low,8,111,11.7,-0.8181406259536743,-0.3500746568507346
BH_s29_low,8,112,11.733333333333333,-0.9737223386764526,-0.66425075313708
BH_s29_low,8,113,11.766666666666667,-1.129304051399231,-0.9421451886302029
BH_s29_low,8,114,11.8,-1.1427305936813354,-1.1746496227956813
BH_s29_low,8,115,11.833333333333334,-0.9418959021568298,-1.3372819386720665
BH_s29_low,8,116,11.866666666666667,-0.15923108160495758,-1.3921804456633353
BH_s29_low,8,117,11.9,0.8870702981948853,-1.2996964634715562
BH_s29_low,8,118,11.933333333333334,1.7573421001434326,-1.0361352045593022
BH_s29_low,8,119,11.966666666666667,2.014382839202881,-0.6106491668446521
BH_s29_low,8,120,12.0,1.8362877368927002,-0.07296625771733356
BH_s29_low,8,121,12.033333333333333,1.398886799812317,0.49362833593929234
BH_s29_low,8,122,12.066666666666666,0.8532137274742126,0.9929991590851747
BH_s29_low,8,123,12.1,0.42923039197921753,1.3427190619315845
BH_s29_low,8,124,12.133333333333333,0.07962694764137268,1.4959095484960097
BH_s29_low,8,125,12.166666666666666,-0.03774087131023407,1.4503329382009864
BH_s29_low,8,126,12.2,-0.03774087131023407,1.2427957067898368
BH_s29_low,8,127,12.233333333333333,-0.07140687108039856,0.9328753213940462
BH_s29_low,8,128,12.266666666666667,-0.14806075394153595,0.5828505414980215
BH_s29_low,8,129,12.3,-0.3327605724334717,0.24059836509068627
BH_s29_low,8,130,12.333333333333334,-0.5649961829185486,-0.06952602715422487
BH_s29_low,8,131,12.366666666666667,-0.7726616263389587,-0.3456991625646981
BH_s29_low,8,132,12.4,-0.9282433390617371,-0.5990070679771161
BH_s29_low,8,133,12.433333333333334,-1.1627528667449951,-0.8396443036085971
BH_s29_low,8,134,12.466666666666667,-1.2394068241119385,-1.0644984444430785
BH_s29_low,8,135,12.5,-1.2696374654769897,-1.2508507839318475
BH_s29_low,8,136,12.533333333333333,-0.8399448990821838,-1.3587746183262528
BH_s29_low,8,137,12.566666666666666,0.04967102035880089,-1.342088260262697
BH_s29_low,8,138,12.6,1.1894394159317017,-1.1650038536842124
BH_s29_low,8,139,12.633333333333333,1.8629058599472046,-0.8192137587366299
BH_s29_low,8,140,12.666666666666666,1.8524225950241089,-0.33475342462378493
BH_s29_low,8,141,12.7,1.5353238582611084,0.2209747828239722
BH_s29_low,8,142,12.733333333333333,1.0685787200927734,0.7574789414597194
BH_s29_low,8,143,12.766666666666667,0.5229056477546692,1.1845190644845602
BH_s29_low,8,144,12.8,0.1300971508026123,1.4359040198599187
BH_s29_low,8,145,12.833333333333334,-0.03047574684023857,1.4848352442431834
BH_s29_low,8,146,12.866666666666667,-0.03774087131023407,1.3461435333737217
BH_s29_low,8,147,12.9,-0.03774087131023407,1.066401822831196
BH_s29_low,8,148,12.933333333333334,-0.10258173197507858,0.7065670871484844
BH_s29_low,8,149,12.966666666666667,-0.17923562228679657,0.32339292314002055
BH_s29_low,8,150,13.0,-0.4137451946735382,-0.04384528429824322
BH_s29_low,8,151,13.033333333333333,-0.5693268775939941,-0.3766252956173678
BH_s29_low,8,152,13.066666666666666,-0.7806536555290222,-0.6701843089785351
BH_s29_low,8,153,13.1,-0.9594181776046753,-0.9207921043851213
BH_s29_low,8,154,13.133333333333333,-1.1149998903274536,-1.1142926701424662
BH_s29_low,8,155,13.166666666666666,-1.0938074588775635,-1.2220636042697994
BH_s29_low,8,156,13.2,-0.7193500995635986,-1.2070611281773433
BH_s29_low,8,157,13.233333333333333,0.14958305656909943,-1.0382815746570653
BH_s29_low,8,158,13.266666666666667,1.1620012521743774,-0.7084088453308695
BH_s29_low,8,159,13.3,1.778326392173767,-0.24706891638704864
BH_s29_low,8,160,13.333333333333334,1.8189737796783447,0.27818124704239194
BH_s29_low,8,161,13.366666666666667,1.434977412223816,0.7767623156120042
BH_s29_low,8,162,13.4,0.9352267384529114,1.1609383712841768
BH_s29_low,8,163,13.433333333333334,0.4225592315196991,1.3710820520823408
BH_s29_low,8,164,13.466666666666667,0.09165716916322708,1.3896888277792137
BH_s29_low,8,165,13.5,-0.03774087131023407,1.2401289985330617
BH_s29_low,8,166,13.533333333333333,-0.03774087131023407,0.9732085967833551
BH_s29_low,8,167,13.566666666666666,-0.03774087131023407,0.6484353642857529
BH_s29_low,8,168,13.6,-0.03774087131023407,0.3166365568453725
BH_s29_low,8,169,13.633333333333333,-0.15084445476531982,0.00843719696699785
BH_s29_low,8,170,13.666666666666666,-0.36826613545417786,-0.26870402084839873
BH_s29_low,8,171,13.7,-0.5238478779792786,-0.5242049113332627
BH_s29_low,8,172,13.733333333333333,-0.7583574652671814,-0.7712133664984588
BH_s29_low,8,173,13.766666666666667,-0.9139391779899597,-1.0118940555804228
BH_s29_low,8,174,13.8,-0.9848749041557312,-1.2273265813412093
BH_s29_low,8,175,13.833333333333334,-0.7343147397041321,-1.3767557618838415
BH_s29_low,8,176,13.866666666666667,-0.030719585716724396,-1.4077695215291344
BH_s29_low,8,177,13.9,0.9805948734283447,-1.2748279803043179
BH_s29_low,8,178,13.933333333333334,1.8396388292312622,-0.9596361905058192
BH_s29_low,8,179,13.966666666666667,2.0876591205596924,-0.48500203553326177
BH_s29_low,8,180,14.0,1.801376223564148,0.0845144468983754
BH_s29_low,8,181,14.033333333333333,1.413558840751648,0.6567596592471279
BH_s29_low,8,182,14.066666666666666,0.8678858280181885,1.1360313804084958
BH_s29_low,8,183,14.1,0.40114066004753113,1.4478252349424394
BH_s29_low,8,184,14.133333333333333,0.07522976398468018,1.5555948965867055
BH_s29_low,8,185,14.166666666666666,-0.03774087131023407,1.4649227934012496
BH_s29_low,8,186,14.2,-0.03774087131023407,1.215417757247159
BH_s29_low,8,187,14.233333333333333,-0.03774087131023407,0.8645987271106769
BH_s29_low,8,188,14.266666666666667,-0.09055150300264359,0.47009991411277424
BH_s29_low,8,189,14.3,-0.2966699004173279,0.07636985119248119
BH_s29_low,8,190,14.333333333333334,-0.48064279556274414,-0.2901762890080401
BH_s29_low,8,191,14.366666666666667,-0.715152382850647,-0.6170947054818229
BH_s29_low,8,192,14.4,-0.8707340955734253,-0.8960946186493441
BH_s29_low,8,193,14.433333333333334,-1.0263158082962036,-1.1129458917299841
BH_s29_low,8,194,14.466666666666667,-0.9854689240455627,-1.2426504152150812
BH_s29_low,8,195,14.5,-0.4478057324886322,-1.2531333393781996
BH_s29_low,8,196,14.533333333333333,0.4759948253631592,-1.1168986143109327
BH_s29_low,8,197,14.566666666666666,1.4657577276229858,-0.8261753674416505
BH_s29_low,8,198,14.6,2.0444540977478027,-0.4046793108195194
BH_s29_low,8,199,14.633333333333333,1.9587886333465576,0.09046881230973775
BH_s29_low,8,200,14.666666666666666,1.622101902961731,0.579531036449799
BH_s29_low,8,201,14.7,1.155356764793396,0.9807798664981368
BH_s29_low,8,202,14.733333333333333,0.6306590437889099,1.2328249702868876
BH_s29_low,8,203,14.766666666666667,0.24056775867938995,1.3093776341267531
BH_s29_low,8,204,14.8,0.024759557098150253,1.2215497713348906
BH_s29_low,8,205,14.833333333333334,-0.03774087131023407,1.008877514487105
BH_s29_low,8,206,14.866666666666667,-0.03774087131023407,0.7238047256149548
BH_s29_low,8,207,14.9,-0.04734642803668976,0.41514638351226385
BH_s29_low,8,208,14.933333333333334,-0.20292815566062927,0.11561363443083938
BH_s29_low,8,209,14.966666666666667,-0.4374377131462097,-0.1628315548775969
BH_s29_low,8,210,15.0,-0.593019425868988,-0.42443730141503355
BH_s29_low,8,211,15.033333333333333,-0.8275290131568909,-0.6778518574373318
BH_s29_low,8,212,15.066666666666666,-0.9831107258796692,-0.9221149824017564
BH_s29_low,8,213,15.1,-1.1386924982070923,-1.1369184409197057
BH_s29_low,8,214,15.133333333333333,-1.0701148509979248,-1.282161910807942
BH_s29_low,8,215,15.166666666666666,-0.475310355424881,-1.3082216500206327
BH_s29_low,8,216,15.2,0.5068017840385437,-1.1740818656184513
BH_s29_low,8,217,15.233333333333333,1.4620121717453003,-0.8667976545696336
BH_s29_low,8,218,15.266666666666667,1.9200471639633179,-0.4139699767120554
BH_s29_low,8,219,15.3,1.8129631280899048,0.11739672084913919
BH_s29_low,8,220,15.333333333333334,1.4428277015686035,0.6368702353329868
BH_s29_low,8,221,15.366666666666667,0.9760825037956238,1.0558834788126792
BH_s29_low,8,222,15.4,0.509337306022644,1.3123061811564674
BH_s29_low,8,223,15.433333333333334,0.0947423055768013,1.3846185126713049
BH_s29_low,8,224,15.466666666666667,-0.03774087131023407,1.2913230949671626
BH_s29_low,8,225,15.5,-0.03774087131023407,1.0780404689335228
BH_s29_low,8,226,15.533333333333333,-0.08306918293237686,0.7990975704707141
BH_s29_low,8,227,15.566666666666666,-0.15972307324409485,0.501039397967423
BH_s29_low,8,228,15.6,-0.31530478596687317,0.2131819887037601
BH_s29_low,8,229,15.633333333333333,-0.5093929767608643,-0.053228324942503735
BH_s29_low,8,230,15.666666666666666,-0.7053960561752319,-0.2988585689258097
BH_s29_low,8,231,15.7,-0.860977828502655,-0.5267520412499523
BH_s29_low,8,232,15.733333333333333,-1.0165594816207886,-0.7336640237802552
BH_s29_low,8,233,15.766666666666667,-1.1721413135528564,-0.9057421614256495
BH_s29_low,8,234,15.8,-1.2734495401382446,-1.0200979510056616
BH_s29_low,8,235,15.833333333333334,-0.9643517732620239,-1.0515095732215383
BH_s29_low,8,236,15.866666666666667,-0.21791943907737732,-0.9816420708460394
BH_s29_low,8,237,15.9,0.8148136138916016,-0.8072627366592269
BH_s29_low,8,238,15.933333333333334,1.6558254957199097,-0.5442411100766968
BH_s29_low,8,239,15.966666666666667,1.840760350227356,-0.22583223934835264
BH_s29_low,9,0,9.0,-0.9150517582893372,0.06286843365659366
BH_s29_low,9,1,9.033333333333333,-0.10450553148984909,-0.2479651977672977
BH_s29_low,9,2,9.066666666666666,0.9079126715660095,-0.5521450587834688
BH_s29_low,9,3,9.1,1.7305734157562256,-0.8346939112550137
BH_s29_low,9,4,9.133333333333333,1.9270950555801392,-1.0687644514485801
BH_s29_low,9,5,9.166666666666666,1.6804134845733643,-1.2173533995605157
BH_s29_low,9,6,9.2,1.2136683464050293,-1.2408332940621045
BH_s29_low,9,7,9.233333333333333,0.7469231486320496,-1.109002779933762
BH_s29_low,9,8,9.266666666666667,0.35836997628211975,-0.8146905838122882
BH_s29_low,9,9,9.3,0.04419674351811409,-0.38416683767733983
BH_s29_low,9,10,9.333333333333334,-0.03774087131023407,0.12113662074329772
BH_s29_low,9,11,9.366666666666667,-0.03774087131023407,0.6151554453875081
BH_s29_low,9,12,9.4,-0.10683707892894745,1.0085244970135754
BH_s29_low,9,13,9.433333333333334,-0.18349096179008484,1.2335344518070204
BH_s29_low,9,14,9.466666666666667,-0.40362098813056946,1.2625629510697896
BH_s29_low,9,15,9.5,-0.5735822319984436,1.1121294240059516
BH_s29_low,9,16,9.533333333333333,-0.8080918192863464,0.8317716237289272
BH_s29_low,9,17,9.566666666666666,-0.9636735320091248,0.4841294159967283
BH_s29_low,9,18,9.6,-1.1192553043365479,0.1254053698790544
BH_s29_low,9,19,9.633333333333333,-1.1959091424942017,-0.2066198012935383
BH_s29_low,9,20,9.666666666666666,-1.3005863428115845,-0.49435049179961005
BH_s29_low,9,21,9.7,-1.3005863428115845,-0.7338004342437514
BH_s29_low,9,22,9.733333333333333,-0.9573038220405579,-0.9243365900021254
BH_s29_low,9,23,9.766666666666667,-0.16788361966609955,-1.059794966995039
BH_s29_low,9,24,9.8,0.8863433599472046,-1.1245301775905905
BH_s29_low,9,25,9.833333333333334,1.659420371055603,-1.0957821393635994
BH_s29_low,9,26,9.866666666666667,1.8981941938400269,-0.9517924790132779
BH_s29_low,9,27,9.9,1.5937107801437378,-0.6832729301914671
BH_s29_low,9,28,9.933333333333334,1.1269656419754028,-0.3040194644757574
BH_s29_low,9,29,9.966666666666667,0.6602204442024231,0.14440074139292916
BH_s29_low,9,30,10.0,0.22164031863212585,0.5977053800086157
BH_s29_low,9,31,10.033333333333333,-0.03774087131023407,0.9837012837729056
BH_s29_low,9,32,10.066666666666666,-0.03774087131023407,1.2417965002105584
BH_s29_low,9,33,10.1,-0.03774087131023407,1.339317128721293
BH_s29_low,9,34,10.133333333333333,-0.03774087131023407,1.2783653586372534
BH_s29_low,9,35,10.166666666666666,-0.1334640383720398,1.0914523921782697
BH_s29_low,9,36,10.2,-0.2890457510948181,0.8284580264316902
BH_s29_low,9,37,10.233333333333333,-0.523555338382721,0.5401623626954078
BH_s29_low,9,38,10.266666666666667,-0.6791370511054993,0.26429582117164213
BH_s29_low,9,39,10.3,-0.8347187638282776,0.018562855590700353
BH_s29_low,9,40,10.333333333333334,-0.9903004765510559,-0.19806064698723977
BH_s29_low,9,41,10.366666666666667,-1.0669543743133545,-0.3975982874124825
BH_s29_low,9,42,10.4,-1.1427305936813354,-0.5924217681723744
BH_s29_low,9,43,10.433333333333334,-0.9876675009727478,-0.785382002342511
BH_s29_low,9,44,10.466666666666667,-0.21761800348758698,-0.9638191294250128
BH_s29_low,9,45,10.5,0.7099281549453735,-1.0994859662303524
BH_s29_low,9,46,10.533333333333333,1.5786529779434204,-1.154947199265752
BH_s29_low,9,47,10.566666666666666,1.8565272092819214,-1.0951054453578306
BH_s29_low,9,48,10.6,1.6452758312225342,-0.900458955249482
BH_s29_low,9,49,10.633333333333333,1.1912966966629028,-0.5774258555509711
BH_s29_low,9,50,10.666666666666666,0.6629376411437988,-0.1614886844011032
BH_s29_low,9,51,10.7,0.23821844160556793,0.28877130087655734
BH_s29_low,9,52,10.733333333333333,-0.015879018232226372,0.7051920482780266
BH_s29_low,9,53,10.766666666666667,-0.09253290295600891,1.0264875995400278
BH_s29_low,9,54,10.8,-0.03774087131023407,1.2119477086260277
BH_s29_low,9,55,10.833333333333334,-0.08798500150442123,1.2480790541844466
BH_s29_low,9,56,10.866666666666667,-0.16463889181613922,1.147035392767952
BH_s29_low,9,57,10.9,-0.32022061944007874,0.9388020878606975
BH_s29_low,9,58,10.933333333333334,-0.5547301769256592,0.6606815811001987
BH_s29_low,9,59,10.966666666666667,-0.7514601945877075,0.34762677466765873
BH_s29_low,9,60,11.0,-0.9448214769363403,0.02605544938110858
BH_s29_low,9,61,11.033333333333333,-1.063802719116211,-0.28762204961466037
BH_s29_low,9,62,11.066666666666666,-1.1770570278167725,-0.5840988351241727
BH_s29_low,9,63,11.1,-1.22165846824646,-0.8555034165304065
BH_s29_low,9,64,11.133333333333333,-1.0831735134124756,-1.089249797406867
BH_s29_low,9,65,11.166666666666666,-0.42520806193351746,-1.2638382300199966
BH_s29_low,9,66,11.2,0.5587435960769653,-1.3487890256580037
BH_s29_low,9,67,11.233333333333333,1.5766716003417969,-1.3100781169315594
BH_s29_low,9,68,11.266666666666667,2.093310832977295,-1.1208142583809153
BH_s29_low,9,69,11.3,1.9775652885437012,-0.7744230043865661
BH_s29_low,9,70,11.333333333333334,1.5713391304016113,-0.2951385935790594
BH_s29_low,9,71,11.366666666666667,1.1045939922332764,0.25982344186862016
BH_s29_low,9,72,11.4,0.6378487944602966,0.8092134728997519
BH_s29_low,9,73,11.433333333333334,0.2593444883823395,1.2659017359375462
BH_s29_low,9,74,11.466666666666667,0.03414791822433472,1.5582981146246138
BH_s29_low,9,75,11.5,-0.03774087131023407,1.6477165239386984
BH_s29_low,9,76,11.533333333333333,-0.03774087131023407,1.5361519797985648
BH_s29_low,9,77,11.566666666666666,-0.037958066910505295,1.2626101621205583
BH_s29_low,9,78,11.6,-0.1935397982597351,0.8898446603243455
BH_s29_low,9,79,11.633333333333333,-0.42371866106987,0.48605367439368635
BH_s29_low,9,80,11.666666666666666,-0.5836310982704163,0.10731540554878989
BH_s29_low,9,81,11.7,-0.8181406259536743,-0.21391349964981918
BH_s29_low,9,82,11.733333333333333,-0.9737223386764526,-0.4709795443043105
BH_s29_low,9,83,11.766666666666667,-1.129304051399231,-0.6758661801715113
BH_s29_low,9,84,11.8,-1.1427305936813354,-0.8460604940598785
BH_s29_low,9,85,11.833333333333334,-0.9418959021568298,-0.9909030366743072
BH_s29_low,9,86,11.866666666666667,-0.15923108160495758,-1.1026455764053973
BH_s29_low,9,87,11.9,0.8870702981948853,-1.155481180880034
BH_s29_low,9,88,11.933333333333334,1.7573421001434326,-1.1132102677360196
BH_s29_low,9,89,11.966666666666667,2.014382839202881,-0.943532594324701
BH_s29_low,9,90,12.0,1.8362877368927002,-0.634542648523161
BH_s29_low,9,91,12.033333333333333,1.398886799812317,-0.20738297759085758
BH_s29_low,9,92,12.066666666666666,0.8532137274742126,0.2809745722790584
BH_s29_low,9,93,12.1,0.42923039197921753,0.7481738300779519
BH_s29_low,9,94,12.133333333333333,0.07962694764137268,1.1082400796258887
BH_s29_low,9,95,12.166666666666666,-0.03774087131023407,1.2970858028293413
BH_s29_low,9,96,12.2,-0.03774087131023407,1.291246607556874
BH_s29_low,9,97,12.233333333333333,-0.07140687108039856,1.1117206110803142
BH_s29_low,9,98,12.266666666666667,-0.14806075394153595,0.8120745295623577
BH_s29_low,9,99,12.3,-0.3327605724334717,0.45740394812625623
BH_s29_low,9,100,12.333333333333334,-0.5649961829185486,0.10361360983017778
BH_s29_low,9,101,12.366666666666667,-0.7726616263389587,-0.21537892222516664
BH_s29_low,9,102,12.4,-0.9282433390617371,-0.48919010983290795
BH_s29_low,9,103,12.433333333333334,-1.1627528667449951,-0.7225536201066689
BH_s29_low,9,104,12.466666666666667,-1.2394068241119385,-0.9216956459097504
BH_s29_low,9,105,12.5,-1.2696374654769897,-1.081698486165699
BH_s29_low,9,106,12.533333333333333,-0.8399448990821838,-1.180310841641101
BH_s29_low,9,107,12.566666666666666,0.04967102035880089,-1.1813275231339115
BH_s29_low,9,108,12.6,1.1894394159317017,-1.0474116467369294
BH_s29_low,9,109,12.633333333333333,1.8629058599472046,-0.7583680966076798
BH_s29_low,9,110,12.666666666666666,1.8524225950241089,-0.32737590038182224
BH_s29_low,9,111,12.7,1.5353238582611084,0.19302858281365148
BH_s29_low,9,112,12.733333333333333,1.0685787200927734,0.7197633830962896
BH_s29_low,9,113,12.766666666666667,0.5229056477546692,1.160706293673929
BH_s29_low,9,114,12.8,0.1300971508026123,1.4405677514739454
BH_s29_low,9,115,12.833333333333334,-0.03047574684023857,1.5207093827605123
BH_s29_low,9,116,12.866666666666667,-0.03774087131023407,1.4058924650735458
BH_s29_low,9,117,12.9,-0.03774087131023407,1.1370229496079067
BH_s29_low,9,118,12.933333333333334,-0.10258173197507858,0.7740011981371938
BH_s29_low,9,119,12.966666666666667,-0.17923562228679657,0.3756448947801224
BH_s29_low,9,120,13.0,-0.4137451946735382,-0.01564665721497939
BH_s29_low,9,121,13.033333333333333,-0.5693268775939941,-0.3788857536741874
BH_s29_low,9,122,13.066666666666666,-0.7806536555290222,-0.7082448002657213
BH_s29_low,9,123,13.1,-0.9594181776046753,-0.9998146160884551
BH_s29_low,9,124,13.133333333333333,-1.1149998903274536,-1.2386509528962213
BH_s29_low,9,125,13.166666666666666,-1.0938074588775635,-1.3930616896627743
BH_s29_low,9,126,13.2,-0.7193500995635986,-1.4197650047137609
BH_s29_low,9,127,13.233333333333333,0.14958305656909943,-1.2788972331840454
BH_s29_low,9,128,13.266666666666667,1.1620012521743774,-0.9536848482577076
BH_s29_low,9,129,13.3,1.778326392173767,-0.4667950938977853
BH_s29_low,9,130,13.333333333333334,1.8189737796783447,0.11512617527462952
BH_s29_low,9,131,13.366666666666667,1.434977412223816,0.6936522614905138
BH_s29_low,9,132,13.4,0.9352267384529114,1.164879562473043
BH_s29_low,9,133,13.433333333333334,0.4225592315196991,1.4498243558124646
BH_s29_low,9,134,13.466666666666667,0.09165716916322708,1.5164102871435736
BH_s29_low,9,135,13.5,-0.03774087131023407,1.384429022805585
BH_s29_low,9,136,13.533333333333333,-0.03774087131023407,1.1129543375530662
BH_s29_low,9,137,13.566666666666666,-0.03774087131023407,0.7770236572113287
BH_s29_low,9,138,13.6,-0.03774087131023407,0.4430641852174395
BH_s29_low,9,139,13.633333333333333,-0.15084445476531982,0.1510926958274319
BH_s29_low,9,140,13.666666666666666,-0.36826613545417786,-0.09147199513041857
BH_s29_low,9,141,13.7,-0.5238478779792786,-0.30344465244122915
BH_s29_low,9,142,13.733333333333333,-0.7583574652671814,-0.514088764616986
BH_s29_low,9,143,13.766666666666667,-0.9139391779899597,-0.7440359210182156
BH_s29_low,9,144,13.8,-0.9848749041557312,-0.9898736404347593
BH_s29_low,9,145,13.833333333333334,-0.7343147397041321,-1.218062559143714
BH_s29_low,9,146,13.866666666666667,-0.030719585716724396,-1.3709887581754177
BH_s29_low,9,147,13.9,0.9805948734283447,-1.3841604621428745
BH_s29_low,9,148,13.933333333333334,1.8396388292312622,-1.2096140669381095
BH_s29_low,9,149,13.966666666666667,2.0876591205596924,-0.8376560859642609
BH_s29_low,9,150,14.0,1.801376223564148,-0.30839919138326505
BH_s29_low,9,151,14.033333333333333,1.413558840751648,0.2929101887586222
BH_s29_low,9,152,14.066666666666666,0.8678858280181885,0.8571152750046122
BH_s29_low,9,153,14.1,0.40114066004753113,1.2821238874407999
BH_s29_low,9,154,14.133333333333333,0.07522976398468018,1.5014472052077117
BH_s29_low,9,155,14.166666666666666,-0.03774087131023407,1.4986644080348988
BH_s29_low,9,156,14.2,-0.03774087131023407,1.3036091759347601
BH_s29_low,9,157,14.233333333333333,-0.03774087131023407,0.9749580812595237
BH_s29_low,9,158,14.266666666666667,-0.09055150300264359,0.5783012356781889
BH_s29_low,9,159,14.3,-0.2966699004173279,0.16823194505465394
BH_s29_low,9,160,14.333333333333334,-0.48064279556274414,-0.22015463541078545
BH_s29_low,9,161,14.366666666666667,-0.715152382850647,-0.5691781388666266
BH_s29_low,9,162,14.4,-0.8707340955734253,-0.8689182503134013
BH_s29_low,9,163,14.433333333333334,-1.0263158082962036,-1.1057815245884572
BH_s29_low,9,164,14.466666666666667,-0.9854689240455627,-1.2554739764966187
BH_s29_low,9,165,14.5,-0.4478057324886322,-1.284632307903263
BH_s29_low,9,166,14.533333333333333,0.4759948253631592,-1.1617973349317785
BH_s29_low,9,167,14.566666666666666,1.4657577276229858,-0.8740227365766069
BH_s29_low,9,168,14.6,2.0444540977478027,-0.44164248711429777
BH_s29_low,9,169,14.633333333333333,1.9587886333465576,0.07711348838727272
BH_s29_low,9,170,14.666666666666666,1.622101902961731,0.5963957283188612
BH_s29_low,9,171,14.7,1.155356764793396,1.0256579535289185
BH_s29_low,9,172,14.733333333333333,0.6306590437889099,1.2959654832489167
BH_s29_low,9,173,14.766666666666667,0.24056775867938995,1.3782145596484279
BH_s29_low,9,174,14.8,0.024759557098150253,1.2864453066987804
BH_s29_low,9,175,14.833333333333334,-0.03774087131023407,1.066994606987703
BH_s29_low,9,176,14.866666666666667,-0.03774087131023407,0.7794675629309038
BH_s29_low,9,177,14.9,-0.04734642803668976,0.47700505848235064
BH_s29_low,9,178,14.933333333333334,-0.20292815566062927,0.19217545659311855
BH_s29_low,9,179,14.966666666666667,-0.4374377131462097,-0.06766011273637587
BH_s29_low,9,180,15.0,-0.593019425868988,-0.3145899761498958
BH_s29_low,9,181,15.033333333333333,-0.8275290131568909,-0.5663037027223696
BH_s29_low,9,182,15.066666666666666,-0.9831107258796692,-0.8295640908710858
BH_s29_low,9,183,15.1,-1.1386924982070923,-1.0878983608885717
BH_s29_low,9,184,15.133333333333333,-1.0701148509979248,-1.299089324728001
BH_s29_low,9,185,15.166666666666666,-0.475310355424881,-1.4045062022460195
BH_s29_low,9,186,15.2,0.5068017840385437,-1.3480109455671085
BH_s29_low,9,187,15.233333333333333,1.4620121717453003,-1.0983426425534593
BH_s29_low,9,188,15.266666666666667,1.9200471639633179,-0.6666602149938153
BH_s29_low,9,189,15.3,1.8129631280899048,-0.11148266525664076
BH_s29_low,9,190,15.333333333333334,1.4428277015686035,0.4728475367867393
BH_s29_low,9,191,15.366666666666667,0.9760825037956238,0.9815677734404146
BH_s29_low,9,192,15.4,0.509337306022644,1.329535624697845
BH_s29_low,9,193,15.433333333333334,0.0947423055768013,1.4739442554433815
BH_s29_low,9,194,15.466666666666667,-0.03774087131023407,1.4211996736901924
BH_s29_low,9,195,15.5,-0.03774087131023407,1.2168251337470302
BH_s29_low,9,196,15.533333333333333,-0.08306918293237686,0.9242990051480088
BH_s29_low,9,197,15.566666666666666,-0.15972307324409485,0.602305012303894
BH_s29_low,9,198,15.6,-0.31530478596687317,0.2889509663641815
BH_s29_low,9,199,15.633333333333333,-0.5093929767608643,-0.002591686555145354
BH_s29_low,9,200,15.666666666666666,-0.7053960561752319,-0.2774949403074889
BH_s29_low,9,201,15.7,-0.860977828502655,-0.5459936133936986
BH_s29_low,9,202,15.733333333333333,-1.0165594816207886,-0.8093612964992776
BH_s29_low,9,203,15.766666666666667,-1.1721413135528564,-1.050716996634322
BH_s29_low,9,204,15.8,-1.2734495401382446,-1.234370925872288
BH_s29_low,9,205,15.833333333333334,-0.9643517732620239,-1.3144877992679185
BH_s29_low,9,206,15.866666666666667,-0.21791943907737732,-1.2504478016118579
BH_s29_low,9,207,15.9,0.8148136138916016,-1.0235069522323292
BH_s29_low,9,208,15.933333333333334,1.6558254957199097,-0.6483468185214899
BH_s29_low,9,209,15.966666666666667,1.840760350227356,-0.17452333299726455
BH_s29_low,9,210,16.0,1.579264760017395,0.3235630974595363
BH_s29_low,9,211,16.033333333333335,1.101300597190857,0.7651159479463582
BH_s29_low,9,212,16.066666666666666,0.5668465495109558,1.083382518066557
BH_s29_low,9,213,16.1,0.18570037186145782,1.2410023364940876
BH_s29_low,9,214,16.133333333333333,-0.03774087131023407,1.2355955195137966
BH_s29_low,9,215,16.166666666666668,-0.03774087131023407,1.0948360870331988
BH_s29_low,9,216,16.2,-0.03774087131023407,0.8636922157947243
BH_s29_low,9,217,16.233333333333334,-0.03774087131023407,0.5886615532730721
BH_s29_low,9,218,16.266666666666666,-0.19089792668819427,0.30451895201169754
BH_s29_low,9,219,16.3,-0.3464796543121338,0.028097061636846492
BH_s29_low,9,220,16.333333333333332,-0.5020613670349121,-0.2390090671271379
BH_s29_low,9,221,16.366666666666667,-0.6576430797576904,-0.500450125761826
BH_s29_low,9,222,16.4,-0.8132248520851135,-0.7526114513773681
BH_s29_low,9,223,16.433333333333334,-0.9688065648078918,-0.975542147684298
BH_s29_low,9,224,16.466666666666665,-1.0032172203063965,-1.1318337750561382
BH_s29_low,9,225,16.5,-0.5937730073928833,-1.1748708189548924
BH_s29_low,9,226,16.533333333333335,0.16351932287216187,-1.064584086074604
BH_s29_low,9,227,16.566666666666666,1.1530473232269287,-0.7858890829113228
BH_s29_low,9,228,16.6,1.8016510009765625,-0.3627881741093653
BH_s29_low,9,229,16.633333333333333,1.8862392902374268,0.13930489156217657
BH_s29_low,9,230,16.666666666666668,1.557846188545227,0.6276523544637997
BH_s29_low,9,231,16.7,1.0464330911636353,1.0100995216352564
BH_s29_low,9,232,16.733333333333334,0.5454279780387878,1.2250420663073913
BH_s29_low,9,233,16.766666666666666,0.19773058593273163,1.2586821515871713
BH_s29_low,9,234,16.8,-0.03774087131023407,1.142460656957982
BH_s29_low,9,235,16.833333333333332,-0.03774087131023407,0.9348249837296394
BH_s29_low,9,236,16.866666666666667,-0.03774087131023407,0.6972920089941028
BH_s29_low,9,237,16.9,-0.06876500695943832,0.4741919832286483
BH_s29_low,9,238,16.933333333333334,-0.22434674203395844,0.2820024936210087
BH_s29_low,9,239,16.966666666666665,-0.4064047038555145,0.11021962661173433
BH_s29_low,10,0,10.0,0.22164031863212585,-0.09221334189154305
BH_s29_low,10,1,10.033333333333333,-0.03774087131023407,0.24771670800709952
BH_s29_low,10,2,10.066666666666666,-0.03774087131023407,0.5199700368279286
BH_s29_low,10,3,10.1,-0.03774087131023407,0.6742853171114515
BH_s29_low,10,4,10.133333333333333,-0.03774087131023407,0.6911700284659218
BH_s29_low,10,5,10.166666666666666,-0.1334640383720398,0.5827958484010233
BH_s29_low,10,6,10.2,-0.2890457510948181,0.38340489974809955
BH_s29_low,10,7,10.233333333333333,-0.523555338382721,0.134925880879459
BH_s29_low,10,8,10.266666666666667,-0.6791370511054993,-0.12576065671683778
BH_s29_low,10,9,10.3,-0.8347187638282776,-0.37399838386032563
BH_s29_low,10,10,10.333333333333334,-0.9903004765510559,-0.5979119918087243
BH_s29_low,10,11,10.366666666666667,-1.0669543743133545,-0.7934563774999611
BH_s29_low,10,12,10.4,-1.1427305936813354,-0.9566773164066138
BH_s29_low,10,13,10.433333333333334,-0.9876675009727478,-1.0767927156326713
BH_s29_low,10,14,10.466666666666667,-0.21761800348758698,-1.133534110958332
BH_s29_low,10,15,10.5,0.7099281549453735,-1.1006890679837484
BH_s29_low,10,16,10.533333333333333,1.5786529779434204,-0.9551811688191421
BH_s29_low,10,17,10.566666666666666,1.8565272092819214,-0.6883477982600487
BH_s29_low,10,18,10.6,1.6452758312225342,-0.3145873846378277
BH_s29_low,10,19,10.633333333333333,1.1912966966629028,0.12696162432300412
BH_s29_low,10,20,10.666666666666666,0.6629376411437988,0.5794822071717115
BH_s29_low,10,21,10.7,0.23821844160556793,0.9820966381410763
BH_s29_low,10,22,10.733333333333333,-0.015879018232226372,1.284334576934897
BH_s29_low,10,23,10.766666666666667,-0.09253290295600891,1.4555281487977771
BH_s29_low,10,24,10.8,-0.03774087131023407,1.4870413541374277
BH_s29_low,10,25,10.833333333333334,-0.08798500150442123,1.3893175829433453
BH_s29_low,10,26,10.866666666666667,-0.16463889181613922,1.1864763524663895
BH_s29_low,10,27,10.9,-0.32022061944007874,0.9098743430856248
BH_s29_low,10,28,10.933333333333334,-0.5547301769256592,0.591420879223217
BH_s29_low,10,29,10.966666666666667,-0.7514601945877075,0.2578310231236056
BH_s29_low,10,30,11.0,-0.9448214769363403,-0.0726424611628152
BH_s29_low,10,31,11.033333333333333,-1.063802719116211,-0.38988701749255317
BH_s29_low,10,32,11.066666666666666,-1.1770570278167725,-0.6881825245714963
BH_s29_low,10,33,11.1,-1.22165846824646,-0.9605593287390042
BH_s29_low,10,34,11.133333333333333,-1.0831735134124756,-1.1934596907261634
BH_s29_low,10,35,11.166666666666666,-0.42520806193351746,-1.3638205539658377
BH_s29_low,10,36,11.2,0.5587435960769653,-1.4402019778482031
BH_s29_low,10,37,11.233333333333333,1.5766716003417969,-1.3889038605642259
BH_s29_low,10,38,11.266666666666667,2.093310832977295,-1.1848933536657624
BH_s29_low,10,39,11.3,1.9775652885437012,-0.8249892818445418
BH_s29_low,10,40,11.333333333333334,1.5713391304016113,-0.3376711178351304
BH_s29_low,10,41,11.366666666666667,1.1045939922332764,0.21663978633867592
BH_s29_low,10,42,11.4,0.6378487944602966,0.7569121239849055
BH_s29_low,10,43,11.433333333333334,0.2593444883823395,1.2006661602099267
BH_s29_low,10,44,11.466666666666667,0.03414791822433472,1.4836959360974373
BH_s29_low,10,45,11.5,-0.03774087131023407,1.5736079992520422
BH_s29_low,10,46,11.533333333333333,-0.03774087131023407,1.4739495219298608
BH_s29_low,10,47,11.566666666666666,-0.037958066910505295,1.219412919962553
BH_s29_low,10,48,11.6,-0.1935397982597351,0.8644497845481381
BH_s29_low,10,49,11.633333333333333,-0.42371866106987,0.4683495773369217
BH_s29_low,10,50,11.666666666666666,-0.5836310982704163,0.08073769265308905
BH_s29_low,10,51,11.7,-0.8181406259536743,-0.2680474848984953
BH_s29_low,10,52,11.733333333333333,-0.9737223386764526,-0.5683366110450473
BH_s29_low,10,53,11.766666666666667,-1.129304051399231,-0.8238241717913504
BH_s29_low,10,54,11.8,-1.1427305936813354,-1.0388849247217442
BH_s29_low,10,55,11.833333333333334,-0.9418959021568298,-1.2064725935396654
BH_s29_low,10,56,11.866666666666667,-0.15923108160495758,-1.3025494929602779
BH_s29_low,10,57,11.9,0.8870702981948853,-1.2904166794379028
BH_s29_low,10,58,11.933333333333334,1.7573421001434326,-1.1343250130583737
BH_s29_low,10,59,11.966666666666667,2.014382839202881,-0.817699354520213
BH_s29_low,10,60,12.0,1.8362877368927002,-0.3585879641899879
BH_s29_low,10,61,12.033333333333333,1.398886799812317,0.18519532590135163
BH_s29_low,10,62,12.066666666666666,0.8532137274742126,0.7256574825381664
BH_s29_low,10,63,12.1,0.42923039197921753,1.167311558910954
BH_s29_low,10,64,12.133333333333333,0.07962694764137268,1.4346086990450715
BH_s29_low,10,65,12.166666666666666,-0.03774087131023407,1.4928348607928403
BH_s29_low,10,66,12.2,-0.03774087131023407,1.3546030750951918
BH_s29_low,10,67,12.233333333333333,-0.07140687108039856,1.0709348856560927
BH_s29_low,10,68,12.266666666666667,-0.14806075394153595,0.7117368293620273
BH_s29_low,10,69,12.3,-0.3327605724334717,0.34342362692540396
BH_s29_low,10,70,12.333333333333334,-0.5649961829185486,0.011511757407631041
BH_s29_low,10,71,12.366666666666667,-0.7726616263389587,-0.26651111045545395
BH_s29_low,10,72,12.4,-0.9282433390617371,-0.4969619087114801
BH_s29_low,10,73,12.433333333333334,-1.1627528667449951,-0.6974635100837232
BH_s29_low,10,74,12.466666666666667,-1.2394068241119385,-0.8817257298376107
BH_s29_low,10,75,12.5,-1.2696374654769897,-1.0474558593609224
BH_s29_low,10,76,12.533333333333333,-0.8399448990821838,-1.171739254880947
BH_s29_low,10,77,12.566666666666666,0.04967102035880089,-1.2156857862870154
BH_s29_low,10,78,12.6,1.1894394159317017,-1.1372810732683443
BH_s29_low,10,79,12.633333333333333,1.8629058599472046,-0.9085978944898689
BH_s29_low,10,80,12.666666666666666,1.8524225950241089,-0.5313871265268018
BH_s29_low,10,81,12.7,1.5353238582611084,-0.044754999305784145
BH_s29_low,10,82,12.733333333333333,1.0685787200927734,0.4790894064079068
BH_s29_low,10,83,12.766666666666667,0.5229056477546692,0.9508204560487362
BH_s29_low,10,84,12.8,0.1300971508026123,1.286998559155845
BH_s29_low,10,85,12.833333333333334,-0.03047574684023857,1.4323893515693553
BH_s29_low,10,86,12.866666666666667,-0.03774087131023407,1.3737803005629956
BH_s29_low,10,87,12.9,-0.03774087131023407,1.1403640495398264
BH_s29_low,10,88,12.933333333333334,-0.10258173197507858,0.7907210991606217
BH_s29_low,10,89,12.966666666666667,-0.17923562228679657,0.39178399088095406
BH_s29_low,10,90,13.0,-0.4137451946735382,-0.0012970027296538471
BH_s29_low,10,91,13.033333333333333,-0.5693268775939941,-0.3559723659728546
BH_s29_low,10,92,13.066666666666666,-0.7806536555290222,-0.660299381700396
BH_s29_low,10,93,13.1,-0.9594181776046753,-0.9111054750175231
BH_s29_low,10,94,13.133333333333333,-1.1149998903274536,-1.0997026950991133
BH_s29_low,10,95,13.166666666666666,-1.0938074588775635,-1.203322667755342
BH_s29_low,10,96,13.2,-0.7193500995635986,-1.1876941266276972
BH_s29_low,10,97,13.233333333333333,0.14958305656909943,-1.0210110915455233
BH_s29_low,10,98,13.266666666666667,1.1620012521743774,-0.6937559239366834
BH_s29_low,10,99,13.3,1.778326392173767,-0.2346290029465379
BH_s29_low,10,100,13.333333333333334,1.8189737796783447,0.28742374959855604
BH_s29_low,10,101,13.366666666666667,1.434977412223816,0.779281491519827
BH_s29_low,10,102,13.4,0.9352267384529114,1.1517420676861843
BH_s29_low,10,103,13.433333333333334,0.4225592315196991,1.3463522814118645
BH_s29_low,10,104,13.466666666666667,0.09165716916322708,1.3494000967133235
BH_s29_low,10,105,13.5,-0.03774087131023407,1.1893085399183132
BH_s29_low,10,106,13.533333333333333,-0.03774087131023407,0.9212476888508847
BH_s29_low,10,107,13.566666666666666,-0.03774087131023407,0.6066018872813802
BH_s29_low,10,108,13.6,-0.03774087131023407,0.2946720771428973
BH_s29_low,10,109,13.633333333333333,-0.15084445476531982,0.01161418331105471
BH_s29_low,10,110,13.666666666666666,-0.36826613545417786,-0.24088766155247351
BH_s29_low,10,111,13.7,-0.5238478779792786,-0.4773027820138481
BH_s29_low,10,112,13.733333333333333,-0.7583574652671814,-0.713449339385228
BH_s29_low,10,113,13.766666666666667,-0.9139391779899597,-0.9509558454870762
BH_s29_low,10,114,13.8,-0.9848749041557312,-1.1674827020533398
BH_s29_low,10,115,13.833333333333334,-0.7343147397041321,-1.317506202786889
BH_s29_low,10,116,13.866666666666667,-0.030719585716724396,-1.3447061205727557
BH_s29_low,10,117,13.9,0.9805948734283447,-1.2024025745103442
BH_s29_low,10,118,13.933333333333334,1.8396388292312622,-0.874749675579476
BH_s29_low,10,119,13.966666666666667,2.0876591205596924,-0.39009067544194675
BH_s29_low,10,120,14.0,1.801376223564148,0.18002953880941766
BH_s29_low,10,121,14.033333333333333,1.413558840751648,0.7373396729306133
BH_s29_low,10,122,14.066666666666666,0.8678858280181885,1.1832153914238517
BH_s29_low,10,123,14.1,0.40114066004753113,1.4450225821017963
BH_s29_low,10,124,14.133333333333333,0.07522976398468018,1.4931581143927402
BH_s29_low,10,125,14.166666666666666,-0.03774087131023407,1.343886127022871
BH_s29_low,10,126,14.2,-0.03774087131023407,1.0483518692037157
BH_s29_low,10,127,14.233333333333333,-0.03774087131023407,0.672765237178365
BH_s29_low,10,128,14.266666666666667,-0.09055150300264359,0.2776471334330301
BH_s29_low,10,129,14.3,-0.2966699004173279,-0.09614382181836803
BH_s29_low,10,130,14.333333333333334,-0.48064279556274414,-0.4304174635727277
BH_s29_low,10,131,14.366666666666667,-0.715152382850647,-0.722381385222622
BH_s29_low,10,132,14.4,-0.8707340955734253,-0.9715842869447859
BH_s29_low,10,133,14.433333333333334,-1.0263158082962036,-1.1673854230610379
BH_s29_low,10,134,14.466666666666667,-0.9854689240455627,-1.2830525706339342
BH_s29_low,10,135,14.5,-0.4478057324886322,-1.280255713919092
BH_s29_low,10,136,14.533333333333333,0.4759948253631592,-1.1235517832129265
BH_s29_low,10,137,14.566666666666666,1.4657577276229858,-0.7995907734534177
BH_s29_low,10,138,14.6,2.0444540977478027,-0.3322520400441604
BH_s29_low,10,139,14.633333333333333,1.9587886333465576,0.2146949810939127
BH_s29_low,10,140,14.666666666666666,1.622101902961731,0.750622432125781
BH_s29_low,10,141,14.7,1.155356764793396,1.18251674088391
BH_s29_low,10,142,14.733333333333333,0.6306590437889099,1.4410140518389443
BH_s29_low,10,143,14.766666666666667,0.24056775867938995,1.4976279317015235
BH_s29_low,10,144,14.8,0.024759557098150253,1.3677298813264287
BH_s29_low,10,145,14.833333333333334,-0.03774087131023407,1.1003171666486535
BH_s29_low,10,146,14.866666666666667,-0.03774087131023407,0.7596238198790273
BH_s29_low,10,147,14.9,-0.04734642803668976,0.40501587624753166
BH_s29_low,10,148,14.933333333333334,-0.20292815566062927,0.07561090346077362
BH_s29_low,10,149,14.966666666666667,-0.4374377131462097,-0.2154854189881504
BH_s29_low,10,150,15.0,-0.593019425868988,-0.47584853519031506
BH_s29_low,10,151,15.033333333333333,-0.8275290131568909,-0.7200756414936657
BH_s29_low,10,152,15.066666666666666,-0.9831107258796692,-0.9538811462990049
BH_s29_low,10,153,15.1,-1.1386924982070923,-1.1628968187426356
BH_s29_low,10,154,15.133333333333333,-1.0701148509979248,-1.3110899207146856
BH_s29_low,10,155,15.166666666666666,-0.475310355424881,-1.349957140498214
BH_s29_low,10,156,15.2,0.5068017840385437,-1.2357880584108745
BH_s29_low,10,157,15.233333333333333,1.4620121717453003,-0.9491203840211441
BH_s29_low,10,158,15.266666666666667,1.9200471639633179,-0.5087714693917944
BH_s29_low,10,159,15.3,1.8129631280899048,0.026096508974324334
BH_s29_low,10,160,15.333333333333334,1.4428277015686035,0.5680789589661339
BH_s29_low,10,161,15.366666666666667,0.9760825037956238,1.0242451795894705
BH_s29_low,10,162,15.4,0.509337306022644,1.3214758307274423
BH_s29_low,10,163,15.433333333333334,0.0947423055768013,1.425163220902263
BH_s29_low,10,164,15.466666666666667,-0.03774087131023407,1.3445034778173504
BH_s29_low,10,165,15.5,-0.03774087131023407,1.1230566998937854
BH_s29_low,10,166,15.533333333333333,-0.08306918293237686,0.8194734784132287
BH_s29_low,10,167,15.566666666666666,-0.15972307324409485,0.48708929205553975
BH_s29_low,10,168,15.6,-0.31530478596687317,0.16046088781895607
BH_s29_low,10,169,15.633333333333333,-0.5093929767608643,-0.1471295142292047
BH_s29_low,10,170,15.666666666666666,-0.7053960561752319,-0.43613644048090383
BH_s29_low,10,171,15.7,-0.860977828502655,-0.7079023712952536
BH_s29_low,10,172,15.733333333333333,-1.0165594816207886,-0.9527202739795883
BH_s29_low,10,173,15.766666666666667,-1.1721413135528564,-1.1442433601672255
BH_s29_low,10,174,15.8,-1.2734495401382446,-1.2431936756096855
BH_s29_low,10,175,15.833333333333334,-0.9643517732620239,-1.2097335973959733
BH_s29_low,10,176,15.866666666666667,-0.21791943907737732,-1.0200955587260923
BH_s29_low,10,177,15.9,0.8148136138916016,-0.6806392552438614
BH_s29_low,10,178,15.933333333333334,1.6558254957199097,-0.23279617054213575
BH_s29_low,10,179,15.966666666666667,1.840760350227356,0.25423964969043866
BH_s29_low,10,180,16.0,1.579264760017395,0.7008686757051461
BH_s29_low,10,181,16.033333333333335,1.101300597190857,1.037801484934671
BH_s29_low,10,182,16.066666666666666,0.5668465495109558,1.222343195742
BH_s29_low,10,183,16.1,0.18570037186145782,1.2450791790815827
BH_s29_low,10,184,16.133333333333333,-0.03774087131023407,1.126416316417064
BH_s29_low,10,185,16.166666666666668,-0.03774087131023407,0.9060604167104694
BH_s29_low,10,186,16.2,-0.03774087131023407,0.6294375859734704
BH_s29_low,10,187,16.233333333333334,-0.03774087131023407,0.3348608800132776
BH_s29_low,10,188,16.266666666666666,-0.19089792668819427,0.045484980950700415
BH_s29_low,10,189,16.3,-0.3464796543121338,-0.23074729387212137
BH_s29_low,10,190,16.333333333333332,-0.5020613670349121,-0.4933332842504441
BH_s29_low,10,191,16.366666666666667,-0.6576430797576904,-0.7377788408635373
BH_s29_low,10,192,16.4,-0.8132248520851135,-0.946531797978894
BH_s29_low,10,193,16.433333333333334,-0.9688065648078918,-1.087279876873496
BH_s29_low,10,194,16.466666666666665,-1.0032172203063965,-1.1204708427789645
BH_s29_low,10,195,16.5,-0.5937730073928833,-1.0139586729275973
BH_s29_low,10,196,16.533333333333335,0.16351932287216187,-0.7593096729504386
BH_s29_low,10,197,16.566666666666666,1.1530473232269287,-0.38260962244672764
BH_s29_low,10,198,16.6,1.8016510009765625,0.05646282256788532
BH_s29_low,10,199,16.633333333333333,1.8862392902374268,0.479169532598602
BH_s29_low,10,200,16.666666666666668,1.557846188545227,0.8109784135601109
BH_s29_low,10,201,16.7,1.0464330911636353,1.003618915375966
BH_s29_low,10,202,16.733333333333334,0.5454279780387878,1.0462639689412911
BH_s29_low,10,203,16.766666666666666,0.19773058593273163,0.9616632570492338
BH_s29_low,10,204,16.8,-0.03774087131023407,0.790586737959139
BH_s29_low,10,205,16.833333333333332,-0.03774087131023407,0.5731194700588944
BH_s29_low,10,206,16.866666666666667,-0.03774087131023407,0.3353884510974734
BH_s29_low,10,207,16.9,-0.06876500695943832,0.08626075443675216
BH_s29_low,10,208,16.933333333333334,-0.22434674203395844,-0.1765370409519608
BH_s29_low,10,209,16.966666666666665,-0.4064047038555145,-0.4550246968160353
BH_s29_low,10,210,17.0,-0.614437997341156,-0.7395163434644763
BH_s29_low,10,211,17.033333333333335,-0.7700197696685791,-1.00171598626186
BH_s29_low,10,212,17.066666666666666,-1.004529356956482,-1.1957153461907695
BH_s29_low,10,213,17.1,-1.063802719116211,-1.2680144517021799
BH_s29_low,10,214,17.133333333333333,-0.8455212116241455,-1.1742488215842377
BH_s29_low,10,215,17.166666666666668,-0.05250608175992966,-0.8971414204899475
BH_s29_low,10,216,17.2,0.9043753743171692,-0.458972219289214
BH_s29_low,10,217,17.233333333333334,1.7235254049301147,0.07720040974876763
BH_s29_low,10,218,17.266666666666666,2.0083723068237305,0.6203918172675055
BH_s29_low,10,219,17.3,1.76638925075531,1.0760624426850156
BH_s29_low,10,220,17.333333333333332,1.299644112586975,1.3730348582738723
BH_s29_low,10,221,17.366666666666667,0.8328989148139954,1.4814988453925082
BH_s29_low,10,222,17.4,0.3661537170410156,1.4152452954405765
BH_s29_low,10,223,17.433333333333334,0.05190514028072357,1.2193866354706089
BH_s29_low,10,224,17.466666666666665,-0.03774087131023407,0.9507885530869798
BH_s29_low,10,225,17.5,-0.10676172375679016,0.6598087520433706
BH_s29_low,10,226,17.533333333333335,-0.1166687086224556,0.3793018863045441
BH_s29_low,10,227,17.566666666666666,-0.26006948947906494,0.12253994944597126
BH_s29_low,10,228,17.6,-0.41565123200416565,-0.11183286480777146
BH_s29_low,10,229,17.633333333333333,-0.5712329149246216,-0.3313586109556642
BH_s29_low,10,230,17.666666666666668,-0.8057425022125244,-0.5413481244438219
BH_s29_low,10,231,17.7,-1.016701340675354,-0.7390749074687338
BH_s29_low,10,232,17.733333333333334,-1.1958338022232056,-0.9120689617535036
BH_s29_low,10,233,17.766666666666666,-1.091901421546936,-1.0407308822453645
BH_s29_low,10,234,17.8,-0.5053150057792664,-1.1040188727589528
BH_s29_low,10,235,17.833333333333332,0.44408413767814636,-1.0859435771698942
BH_s29_low,10,236,17.866666666666667,1.4451414346694946,-0.9806278511401806
BH_s29_low,10,237,17.9,1.8982607126235962,-0.7945230591270174
BH_s29_low,10,238,17.933333333333334,1.8565361499786377,-0.5454862999194457
BH_s29_low,10,239,17.966666666666665,1.4292593002319336,-0.2595534550915909
BH_s29_low,11,0,11.0,-0.9448214769363403,0.006024707064055782
BH_s29_low,11,1,11.033333333333333,-1.063802719116211,-0.2454968663530338
BH_s29_low,11,2,11.066666666666666,-1.1770570278167725,-0.49910647117060075
BH_s29_low,11,3,11.1,-1.22165846824646,-0.7490664609206427
BH_s29_low,11,4,11.133333333333333,-1.0831735134124756,-0.9768441921215296
BH_s29_low,11,5,11.166666666666666,-0.42520806193351746,-1.1509183951886612
BH_s29_low,11,6,11.2,0.5587435960769653,-1.2317667508647459
BH_s29_low,11,7,11.233333333333333,1.5766716003417969,-1.181614934476154
BH_s29_low,11,8,11.266666666666667,2.093310832977295,-0.9771169864885925
BH_s29_low,11,9,11.3,1.9775652885437012,-0.6213168030460017
BH_s29_low,11,10,11.333333333333334,1.5713391304016113,-0.14997413989960431
BH_s29_low,11,11,11.366666666666667,1.1045939922332764,0.37177063992064385
BH_s29_low,11,12,11.4,0.6378487944602966,0.8627964274146749
BH_s29_low,11,13,11.433333333333334,0.2593444883823395,1.2453398407515548
BH_s29_low,11,14,11.466666666666667,0.03414791822433472,1.4634089976647218
BH_s29_low,11,15,11.5,-0.03774087131023407,1.4941429417041654
BH_s29_low,11,16,11.533333333333333,-0.03774087131023407,1.3496944326488078
BH_s29_low,11,17,11.566666666666666,-0.037958066910505295,1.0708267834161813
BH_s29_low,11,18,11.6,-0.1935397982597351,0.7146673459922481
BH_s29_low,11,19,11.633333333333333,-0.42371866106987,0.33942951154853246
BH_s29_low,11,20,11.666666666666666,-0.5836310982704163,-0.009830502560206627
BH_s29_low,11,21,11.7,-0.8181406259536743,-0.3096653437108114
BH_s29_low,11,22,11.733333333333333,-0.9737223386764526,-0.5579312242113115
BH_s29_low,11,23,11.766666666666667,-1.129304051399231,-0.7653437457850385
BH_s29_low,11,24,11.8,-1.1427305936813354,-0.9428467901356629
BH_s29_low,11,25,11.833333333333334,-0.9418959021568298,-1.0902077188675439
BH_s29_low,11,26,11.866666666666667,-0.15923108160495758,-1.1903568665789954
BH_s29_low,11,27,11.9,0.8870702981948853,-1.211719141625884
BH_s29_low,11,28,11.933333333333334,1.7573421001434326,-1.118331073604417
BH_s29_low,11,29,11.966666666666667,2.014382839202881,-0.8850929882049651
BH_s29_low,11,30,12.0,1.8362877368927002,-0.5131565967980051
BH_s29_low,11,31,12.033333333333333,1.398886799812317,-0.0391051744090803
BH_s29_low,11,32,12.066666666666666,0.8532137274742126,0.4675018128131111
BH_s29_low,11,33,12.1,0.42923039197921753,0.9196815007001162
BH_s29_low,11,34,12.133333333333333,0.07962694764137268,1.2370933745820127
BH_s29_low,11,35,12.166666666666666,-0.03774087131023407,1.3693547523210199
BH_s29_low,11,36,12.2,-0.03774087131023407,1.3091999084120618
BH_s29_low,11,37,12.233333333333333,-0.07140687108039856,1.0905868392400813
BH_s29_low,11,38,12.266666666666667,-0.14806075394153595,0.773589340590811
BH_s29_low,11,39,12.3,-0.3327605724334717,0.42322297691521904
BH_s29_low,11,40,12.333333333333334,-0.5649961829185486,0.09066264866981003
BH_s29_low,11,41,12.366666666666667,-0.7726616263389587,-0.19702179681458212
BH_s29_low,11,42,12.4,-0.9282433390617371,-0.4365014890462657
BH_s29_low,11,43,12.433333333333334,-1.1627528667449951,-0.6390118851835385
BH_s29_low,11,44,12.466666666666667,-1.2394068241119385,-0.8168391492569671
BH_s29_low,11,45,12.5,-1.2696374654769897,-0.9708561975087031
BH_s29_low,11,46,12.533333333333333,-0.8399448990821838,-1.0837701578876784
BH_s29_low,11,47,12.566666666666666,0.04967102035880089,-1.1218750545221203
BH_s29_low,11,48,12.6,1.1894394159317017,-1.0455604566795034
BH_s29_low,11,49,12.633333333333333,1.8629058599472046,-0.8257994917468581
BH_s29_low,11,50,12.666666666666666,1.8524225950241089,-0.4609117460696375
BH_s29_low,11,51,12.7,1.5353238582611084,0.013443249114871688
BH_s29_low,11,52,12.733333333333333,1.0685787200927734,0.5265309955571886
BH_s29_low,11,53,12.766666666666667,0.5229056477546692,0.9881602617283148
BH_s29_low,11,54,12.8,0.1300971508026123,1.313061992598722
BH_s29_low,11,55,12.833333333333334,-0.03047574684023857,1.4451461129760623
BH_s29_low,11,56,12.866666666666667,-0.03774087131023407,1.3722148314865852
BH_s29_low,11,57,12.9,-0.03774087131023407,1.1254728774095057
BH_s29_low,11,58,12.933333333333334,-0.10258173197507858,0.7647317713467605
BH_s29_low,11,59,12.966666666666667,-0.17923562228679657,0.35634779051896226
BH_s29_low,11,60,13.0,-0.4137451946735382,-0.0463895208934044
BH_s29_low,11,61,13.033333333333333,-0.5693268775939941,-0.41255968254464676
BH_s29_low,11,62,13.066666666666666,-0.7806536555290222,-0.7301161798060659
BH_s29_low,11,63,13.1,-0.9594181776046753,-0.9933555530751225
BH_s29_low,11,64,13.133333333333333,-1.1149998903274536,-1.1892914160776151
BH_s29_low,11,65,13.166666666666666,-1.0938074588775635,-1.2910704251790275
BH_s29_low,11,66,13.2,-0.7193500995635986,-1.26277060884966
BH_s29_low,11,67,13.233333333333333,0.14958305656909943,-1.0743259377647407
BH_s29_low,11,68,13.266666666666667,1.1620012521743774,-0.7205115152271608
BH_s29_low,11,69,13.3,1.778326392173767,-0.2350688229740347
BH_s29_low,11,70,13.333333333333334,1.8189737796783447,0.3088034637929756
BH_s29_low,11,71,13.366666666666667,1.434977412223816,0.8151627988190102
BH_s29_low,11,72,13.4,0.9352267384529114,1.1934131052356625
BH_s29_low,11,73,13.433333333333334,0.4225592315196991,1.385093169037381
BH_s29_low,11,74,13.466666666666667,0.09165716916322708,1.3779978686116878
BH_s29_low,11,75,13.5,-0.03774087131023407,1.2035639971423995
BH_s29_low,11,76,13.533333333333333,-0.03774087131023407,0.9210414659448705
BH_s29_low,11,77,13.566666666666666,-0.03774087131023407,0.5961348861663658
BH_s29_low,11,78,13.6,-0.03774087131023407,0.28173898190754226
BH_s29_low,11,79,13.633333333333333,-0.15084445476531982,0.005983202897781282
BH_s29_low,11,80,13.666666666666666,-0.36826613545417786,-0.229790626878184
BH_s29_low,11,81,13.7,-0.5238478779792786,-0.44308941745400393
BH_s29_low,11,82,13.733333333333333,-0.7583574652671814,-0.6553103114444503
BH_s29_low,11,83,13.766666666666667,-0.9139391779899597,-0.875227828224728
BH_s29_low,11,84,13.8,-0.9848749041557312,-1.087293632832435
BH_s29_low,11,85,13.833333333333334,-0.7343147397041321,-1.249948167298289
BH_s29_low,11,86,13.866666666666667,-0.030719585716724396,-1.3060598049669367
BH_s29_low,11,87,13.9,0.9805948734283447,-1.2031604104513967
BH_s29_low,11,88,13.933333333333334,1.8396388292312622,-0.9165956042683565
BH_s29_low,11,89,13.966666666666667,2.0876591205596924,-0.46610245478129025
BH_s29_low,11,90,14.0,1.801376223564148,0.08244107800025029
BH_s29_low,11,91,14.033333333333333,1.413558840751648,0.6326436431614336
BH_s29_low,11,92,14.066666666666666,0.8678858280181885,1.0849599756641717
BH_s29_low,11,93,14.1,0.40114066004753113,1.3645526659489784
BH_s29_low,11,94,14.133333333333333,0.07522976398468018,1.4391806385240262
BH_s29_low,11,95,14.166666666666666,-0.03774087131023407,1.3220502517453803
BH_s29_low,11,96,14.2,-0.03774087131023407,1.0607174080260382
BH_s29_low,11,97,14.233333333333333,-0.03774087131023407,0.7177008971616018
BH_s29_low,11,98,14.266666666666667,-0.09055150300264359,0.35052739401686794
BH_s29_low,11,99,14.3,-0.2966699004173279,-0.001838351866838183
BH_s29_low,11,100,14.333333333333334,-0.48064279556274414,-0.3223470008985506
BH_s29_low,11,101,14.366666666666667,-0.715152382850647,-0.6093075102514951
BH_s29_low,11,102,14.4,-0.8707340955734253,-0.8638323306435727
BH_s29_low,11,103,14.433333333333334,-1.0263158082962036,-1.0771780222135423
BH_s29_low,11,104,14.466666666666667,-0.9854689240455627,-1.223780591689569
BH_s29_low,11,105,14.5,-0.4478057324886322,-1.263863679217967
BH_s29_low,11,106,14.533333333333333,0.4759948253631592,-1.1562293654547533
BH_s29_low,11,107,14.566666666666666,1.4657577276229858,-0.8775703456764269
BH_s29_low,11,108,14.6,2.0444540977478027,-0.4405088350209281
BH_s29_low,11,109,14.633333333333333,1.9587886333465576,0.09887744570045709
BH_s29_low,11,110,14.666666666666666,1.622101902961731,0.650049671070746
BH_s29_low,11,111,14.7,1.155356764793396,1.112182363277731
BH_s29_low,11,112,14.733333333333333,0.6306590437889099,1.4040916854485723
BH_s29_low,11,113,14.766666666666667,0.24056775867938995,1.4870842244081897
BH_s29_low,11,114,14.8,0.024759557098150253,1.3719589671867156
BH_s29_low,11,115,14.833333333333334,-0.03774087131023407,1.1093068993112953
BH_s29_low,11,116,14.866666666666667,-0.03774087131023407,0.7686423114453764
BH_s29_low,11,117,14.9,-0.04734642803668976,0.41482484155575783
BH_s29_low,11,118,14.933333333333334,-0.20292815566062927,0.09003686494768086
BH_s29_low,11,119,14.966666666666667,-0.4374377131462097,-0.19306699024189944
BH_s29_low,11,120,15.0,-0.593019425868988,-0.4456203620010163
BH_s29_low,11,121,15.033333333333333,-0.8275290131568909,-0.6873254241364639
BH_s29_low,11,122,15.066666666666666,-0.9831107258796692,-0.928325350945911
BH_s29_low,11,123,15.1,-1.1386924982070923,-1.1557729968357995
BH_s29_low,11,124,15.133333333333333,-1.0701148509979248,-1.330795484891919
BH_s29_low,11,125,15.166666666666666,-0.475310355424881,-1.397729797690812
BH_s29_low,11,126,15.2,0.5068017840385437,-1.3032419151846777
BH_s29_low,11,127,15.233333333333333,1.4620121717453003,-1.0191139396628244
BH_s29_low,11,128,15.266666666666667,1.9200471639633179,-0.5600298607276099
BH_s29_low,11,129,15.3,1.8129631280899048,0.011797046137271757
BH_s29_low,11,130,15.333333333333334,1.4428277015686035,0.5989855630436601
BH_s29_low,11,131,15.366666666666667,0.9760825037956238,1.095270291393752
BH_s29_low,11,132,15.4,0.509337306022644,1.4161253864593217
BH_s29_low,11,133,15.433333333333334,0.0947423055768013,1.521658454097408
BH_s29_low,11,134,15.466666666666667,-0.03774087131023407,1.4231100412972766
BH_s29_low,11,135,15.5,-0.03774087131023407,1.171673276095236
BH_s29_low,11,136,15.533333333333333,-0.08306918293237686,0.8358033917259453
BH_s29_low,11,137,15.566666666666666,-0.15972307324409485,0.477241777762353
BH_s29_low,11,138,15.6,-0.31530478596687317,0.13508039621369183
BH_s29_low,11,139,15.633333333333333,-0.5093929767608643,-0.17742998021633402
BH_s29_low,11,140,15.666666666666666,-0.7053960561752319,-0.46432457628889556
BH_s29_low,11,141,15.7,-0.860977828502655,-0.7320262195671675
BH_s29_low,11,142,15.733333333333333,-1.0165594816207886,-0.9752407850066256
BH_s29_low,11,143,15.766666666666667,-1.1721413135528564,-1.1697819833112262
BH_s29_low,11,144,15.8,-1.2734495401382446,-1.2755238398207165
BH_s29_low,11,145,15.833333333333334,-0.9643517732620239,-1.248865922369743
BH_s29_low,11,146,15.866666666666667,-0.21791943907737732,-1.060474736831031
BH_s29_low,11,147,15.9,0.8148136138916016,-0.7115592612558318
BH_s29_low,11,148,15.933333333333334,1.6558254957199097,-0.24151086913685937
BH_s29_low,11,149,15.966666666666667,1.840760350227356,0.2775886946630763
BH_s29_low,11,150,16.0,1.579264760017395,0.758623722570542
BH_s29_low,11,151,16.033333333333335,1.101300597190857,1.1227301153514273
BH_s29_low,11,152,16.066666666666666,0.5668465495109558,1.319167762174582
BH_s29_low,11,153,16.1,0.18570037186145782,1.334785726396068
BH_s29_low,11,154,16.133333333333333,-0.03774087131023407,1.191505389712078
BH_s29_low,11,155,16.166666666666668,-0.03774087131023407,0.9350690098298085
BH_s29_low,11,156,16.2,-0.03774087131023407,0.6196875545536263
BH_s29_low,11,157,16.233333333333334,-0.03774087131023407,0.29282727210806875
BH_s29_low,11,158,16.266666666666666,-0.19089792668819427,-0.015537669394873338
BH_s29_low,11,159,16.3,-0.3464796543121338,-0.2954408264706194
BH_s29_low,11,160,16.333333333333332,-0.5020613670349121,-0.5503034620270824
BH_s29_low,11,161,16.366666666666667,-0.6576430797576904,-0.7843655473189305
BH_s29_low,11,162,16.4,-0.8132248520851135,-0.9903063263516866
BH_s29_low,11,163,16.433333333333334,-0.9688065648078918,-1.1433224328125067
BH_s29_low,11,164,16.466666666666665,-1.0032172203063965,-1.2050398100134536
BH_s29_low,11,165,16.5,-0.5937730073928833,-1.1363413922010654
BH_s29_low,11,166,16.533333333333335,0.16351932287216187,-0.9145163179834145
BH_s29_low,11,167,16.566666666666666,1.1530473232269287,-0.5480322681271148
BH_s29_low,11,168,16.6,1.8016510009765625,-0.08218260726068082
BH_s29_low,11,169,16.633333333333333,1.8862392902374268,0.408464201815603
BH_s29_low,11,170,16.666666666666668,1.557846188545227,0.8396450143989984
BH_s29_low,11,171,16.7,1.0464330911636353,1.1419257139833938
BH_s29_low,11,172,16.733333333333334,0.5454279780387878,1.2795871162801737
BH_s29_low,11,173,16.766666666666666,0.19773058593273163,1.2554483763983826
BH_s29_low,11,174,16.8,-0.03774087131023407,1.1009511861049444
BH_s29_low,11,175,16.833333333333332,-0.03774087131023407,0.8585199746403958
BH_s29_low,11,176,16.866666666666667,-0.03774087131023407,0.5654054130363826
BH_s29_low,11,177,16.9,-0.06876500695943832,0.24535605496202162
BH_s29_low,11,178,16.933333333333334,-0.22434674203395844,-0.09012548593874833
BH_s29_low,11,179,16.966666666666665,-0.4064047038555145,-0.43325878672710044
BH_s29_low,11,180,17.0,-0.614437997341156,-0.7690397608706635
BH_s29_low,11,181,17.033333333333335,-0.7700197696685791,-1.067408460712642
BH_s29_low,11,182,17.066666666666666,-1.004529356956482,-1.2830088779344633
BH_s29_low,11,183,17.1,-1.063802719116211,-1.3643431642168773
BH_s29_low,11,184,17.133333333333333,-0.8455212116241455,-1.2703410850476051
BH_s29_low,11,185,17.166666666666668,-0.05250608175992966,-0.9887024208208013
BH_s29_low,11,186,17.2,0.9043753743171692,-0.5483426464981036
BH_s29_low,11,187,17.233333333333334,1.7235254049301147,-0.019094050706903582
BH_s29_low,11,188,17.266666666666666,2.0083723068237305,0.5040338175539906
BH_s29_low,11,189,17.3,1.76638925075531,0.9278715565383739
BH_s29_low,11,190,17.333333333333332,1.299644112586975,1.1885077226478105
BH_s29_low,11,191,17.366666666666667,0.8328989148139954,1.2669730842774993
BH_s29_low,11,192,17.4,0.3661537170410156,1.1875376975528167
BH_s29_low,11,193,17.433333333333334,0.05190514028072357,1.001924190054199
BH_s29_low,11,194,17.466666666666665,-0.03774087131023407,0.767734878293921
BH_s29_low,11,195,17.5,-0.10676172375679016,0.5295047573282359
BH_s29_low,11,196,17.533333333333335,-0.1166687086224556,0.30816730429738903
BH_s29_low,11,197,17.566666666666666,-0.26006948947906494,0.10100886703350975
BH_s29_low,11,198,17.6,-0.41565123200416565,-0.10945944639316357
BH_s29_low,11,199,17.633333333333333,-0.5712329149246216,-0.3418271646655967
BH_s29_low,11,200,17.666666666666668,-0.8057425022125244,-0.6023163936184395
BH_s29_low,11,201,17.7,-1.016701340675354,-0.8759614852279478
BH_s29_low,11,202,17.733333333333334,-1.1958338022232056,-1.125340917924256
BH_s29_low,11,203,17.766666666666666,-1.091901421546936,-1.2976479421729807
BH_s29_low,11,204,17.8,-0.5053150057792664,-1.338566804785385
BH_s29_low,11,205,17.833333333333332,0.44408413767814636,-1.2094478879881834
BH_s29_low,11,206,17.866666666666667,1.4451414346694946,-0.9029984462549667
BH_s29_low,11,207,17.9,1.8982607126235962,-0.4519733503010202
BH_s29_low,11,208,17.933333333333334,1.8565361499786377,0.0742237164746058
BH_s29_low,11,209,17.966666666666665,1.4292593002319336,0.5863709563174938
BH_s29_low,11,210,18.0,0.9625141620635986,1.0000857492973094
BH_s29_low,11,211,18.033333333333335,0.4957689642906189,1.2579471355013683
BH_s29_low,11,212,18.066666666666666,0.13831530511379242,1.340651285011881
BH_s29_low,11,213,18.1,-0.06583059579133987,1.2650304660868164
BH_s29_low,11,214,18.133333333333333,-0.1166687086224556,1.072361187548754
BH_s29_low,11,215,18.166666666666668,-0.14021052420139313,0.812777174672124
BH_s29_low,11,216,18.2,-0.2168644219636917,0.5309091177829801
BH_s29_low,11,217,18.233333333333334,-0.3724461495876312,0.2560071836444129
BH_s29_low,11,218,18.266666666666666,-0.5447478294372559,-0.0015667196389780548
BH_s29_low,11,219,18.3,-0.76253741979599,-0.24679277592026827
BH_s29_low,11,220,18.333333333333332,-0.9970470070838928,-0.4905730171842032
BH_s29_low,11,221,18.366666666666667,-1.1526286602020264,-0.7377056372352903
BH_s29_low,11,222,18.4,-1.3005863428115845,-0.9767953998792513
BH_s29_low,11,223,18.433333333333334,-1.2952361106872559,-1.1764152610800305
BH_s29_low,11,224,18.466666666666665,-0.9694936871528625,-1.2899971503540402
BH_s29_low,11,225,18.5,-0.03212475776672363,-1.269029953990382
BH_s29_low,11,226,18.533333333333335,1.0569473505020142,-1.081026431365783
BH_s29_low,11,227,18.566666666666666,1.7663625478744507,-0.7261338987202333
BH_s29_low,11,228,18.6,1.935455083847046,-0.24524224054818178
BH_s29_low,11,229,18.633333333333333,1.565696358680725,0.2855220817560586
BH_s29_low,11,230,18.666666666666668,1.1095186471939087,0.773725199346767
BH_s29_low,11,231,18.7,0.6322060823440552,1.1366924597592598
BH_s29_low,11,232,18.733333333333334,0.16546088457107544,1.3248537688948858
BH_s29_low,11,233,18.766666666666666,-0.03774087131023407,1.3334017194249688
BH_s29_low,11,234,18.8,-0.17593328654766083,1.1983619319116416
BH_s29_low,11,235,18.833333333333332,-0.19559654593467712,0.979693497748862
BH_s29_low,11,236,18.866666666666667,-0.19559654593467712,0.7387655237179036
BH_s29_low,11,237,18.9,-0.32696712017059326,0.5187368316429627
BH_s29_low,11,238,18.933333333333334,-0.5327175855636597,0.33411270071039867
BH_s29_low,11,239,18.966666666666665,-0.7170584201812744,0.1718397822904613
BH_s29_low,12,0,12.0,1.8362877368927002,-0.0007203954068180675
BH_s29_low,12,1,12.033333333333333,1.398886799812317,0.508387846325141
BH_s29_low,12,2,12.066666666666666,0.8532137274742126,0.9298804661470579
BH_s29_low,12,3,12.1,0.42923039197921753,1.196091230023612
BH_s29_low,12,4,12.133333333333333,0.07962694764137268,1.271908447142714
BH_s29_low,12,5,12.166666666666666,-0.03774087131023407,1.1617365876563688
BH_s29_low,12,6,12.2,-0.03774087131023407,0.9055749747112736
BH_s29_low,12,7,12.233333333333333,-0.07140687108039856,0.5648271648830845
BH_s29_low,12,8,12.266666666666667,-0.14806075394153595,0.20309069055369725
BH_s29_low,12,9,12.3,-0.3327605724334717,-0.13055040640180268
BH_s29_low,12,10,12.333333333333334,-0.5649961829185486,-0.4099894718734273
BH_s29_low,12,11,12.366666666666667,-0.7726616263389587,-0.6307975551892012
BH_s29_low,12,12,12.4,-0.9282433390617371,-0.8015425877064501
BH_s29_low,12,13,12.433333333333334,-1.1627528667449951,-0.9322839589433821
BH_s29_low,12,14,12.466666666666667,-1.2394068241119385,-1.0250155154135139
BH_s29_low,12,15,12.5,-1.2696374654769897,-1.0694358624550215
BH_s29_low,12,16,12.533333333333333,-0.8399448990821838,-1.0451441468854656
BH_s29_low,12,17,12.566666666666666,0.04967102035880089,-0.9290829393273184
BH_s29_low,12,18,12.6,1.1894394159317017,-0.7055024051780339
BH_s29_low,12,19,12.633333333333333,1.8629058599472046,-0.3752214679048194
BH_s29_low,12,20,12.666666666666666,1.8524225950241089,0.03860188458277278
BH_s29_low,12,21,12.7,1.5353238582611084,0.49007551208068606
BH_s29_low,12,22,12.733333333333333,1.0685787200927734,0.916426263488043
BH_s29_low,12,23,12.766666666666667,0.5229056477546692,1.2497625220213606
BH_s29_low,12,24,12.8,0.1300971508026123,1.4327314174362729
BH_s29_low,12,25,12.833333333333334,-0.03047574684023857,1.4338769559792555
BH_s29_low,12,26,12.866666666666667,-0.03774087131023407,1.256818759138437
BH_s29_low,12,27,12.9,-0.03774087131023407,0.9385087692215717
BH_s29_low,12,28,12.933333333333334,-0.10258173197507858,0.5366354826541988
BH_s29_low,12,29,12.966666666666667,-0.17923562228679657,0.11174854595796897
BH_s29_low,12,30,13.0,-0.4137451946735382,-0.28790833395546833
BH_s29_low,12,31,13.033333333333333,-0.5693268775939941,-0.6327272166995233
BH_s29_low,12,32,13.066666666666666,-0.7806536555290222,-0.9079889018884975
BH_s29_low,12,33,13.1,-0.9594181776046753,-1.1040186987332226
BH_s29_low,12,34,13.133333333333333,-1.1149998903274536,-1.2070613194988484
BH_s29_low,12,35,13.166666666666666,-1.0938074588775635,-1.1968304983040567
BH_s29_low,12,36,13.2,-0.7193500995635986,-1.05274172069723
BH_s29_low,12,37,13.233333333333333,0.14958305656909943,-0.7662576314604781
BH_s29_low,12,38,13.266666666666667,1.1620012521743774,-0.35384474248338227
BH_s29_low,12,39,13.3,1.778326392173767,0.1359917746302309
BH_s29_low,12,40,13.333333333333334,1.8189737796783447,0.6272388567955601
BH_s29_low,12,41,13.366666666666667,1.434977412223816,1.0338119066160987
BH_s29_low,12,42,13.4,0.9352267384529114,1.284026347167848
BH_s29_low,12,43,13.433333333333334,0.4225592315196991,1.3414102457541772
BH_s29_low,12,44,13.466666666666667,0.09165716916322708,1.213064093416525
BH_s29_low,12,45,13.5,-0.03774087131023407,0.9432679141527283
BH_s29_low,12,46,13.533333333333333,-0.03774087131023407,0.5963308806013347
BH_s29_low,12,47,13.566666666666666,-0.03774087131023407,0.23601916733117562
BH_s29_low,12,48,13.6,-0.03774087131023407,-0.09120372402041203
BH_s29_low,12,49,13.633333333333333,-0.15084445476531982,-0.3643025017778578
BH_s29_low,12,50,13.666666666666666,-0.36826613545417786,-0.5855508540397868
BH_s29_low,12,51,13.7,-0.5238478779792786,-0.7698376240349447
BH_s29_low,12,52,13.733333333333333,-0.7583574652671814,-0.9299281055207576
BH_s29_low,12,53,13.766666666666667,-0.9139391779899597,-1.063706678566232
BH_s29_low,12,54,13.8,-0.9848749041557312,-1.1488195571980908
BH_s29_low,12,55,13.833333333333334,-0.7343147397041321,-1.147591487984668
BH_s29_low,12,56,13.866666666666667,-0.030719585716724396,-1.0213178859934706
BH_s29_low,12,57,13.9,0.9805948734283447,-0.7488609104929347
BH_s29_low,12,58,13.933333333333334,1.8396388292312622,-0.34148729893650176
BH_s29_low,12,59,13.966666666666667,2.0876591205596924,0.15330872598793127
BH_s29_low,12,60,14.0,1.801376223564148,0.6610075091270144
BH_s29_low,12,61,14.033333333333333,1.413558840751648,1.0983226741866325
BH_s29_low,12,62,14.066666666666666,0.8678858280181885,1.3937935444916132
BH_s29_low,12,63,14.1,0.40114066004753113,1.5045040632053732
BH_s29_low,12,64,14.133333333333333,0.07522976398468018,1.424653190128828
BH_s29_low,12,65,14.166666666666666,-0.03774087131023407,1.183941274769523
BH_s29_low,12,66,14.2,-0.03774087131023407,0.8361515257476929
BH_s29_low,12,67,14.233333333333333,-0.03774087131023407,0.4414001084193837
BH_s29_low,12,68,14.266666666666667,-0.09055150300264359,0.04875781118563063
BH_s29_low,12,69,14.3,-0.2966699004173279,-0.31348213396489405
BH_s29_low,12,70,14.333333333333334,-0.48064279556274414,-0.6363805962945914
BH_s29_low,12,71,14.366666666666667,-0.715152382850647,-0.9198535145458111
BH_s29_low,12,72,14.4,-0.8707340955734253,-1.1590155349113425
BH_s29_low,12,73,14.433333333333334,-1.0263158082962036,-1.3342181521302259
BH_s29_low,12,74,14.466666666666667,-0.9854689240455627,-1.4100613067283148
BH_s29_low,12,75,14.5,-0.4478057324886322,-1.3451597744987023
BH_s29_low,12,76,14.533333333333333,0.4759948253631592,-1.1099075638968232
BH_s29_low,12,77,14.566666666666666,1.4657577276229858,-0.7052723668777184
BH_s29_low,12,78,14.6,2.0444540977478027,-0.1736222654811663
BH_s29_low,12,79,14.633333333333333,1.9587886333465576,0.40522250641952784
BH_s29_low,12,80,14.666666666666666,1.622101902961731,0.933023469470316
BH_s29_low,12,81,14.7,1.155356764793396,1.320199605487629
BH_s29_low,12,82,14.733333333333333,0.6306590437889099,1.5100132258728263
BH_s29_low,12,83,14.766666666666667,0.24056775867938995,1.4906825283928002
BH_s29_low,12,84,14.8,0.024759557098150253,1.292507169093831
BH_s29_low,12,85,14.833333333333334,-0.03774087131023407,0.9734660237376972
BH_s29_low,12,86,14.866666666666667,-0.03774087131023407,0.5995692224800339
BH_s29_low,12,87,14.9,-0.04734642803668976,0.22627002889041048
BH_s29_low,12,88,14.933333333333334,-0.20292815566062927,-0.1135336088594969
BH_s29_low,12,89,14.966666666666667,-0.4374377131462097,-0.4112011908573217
BH_s29_low,12,90,15.0,-0.593019425868988,-0.6736084020963261
BH_s29_low,12,91,15.033333333333333,-0.8275290131568909,-0.90806387134775
BH_s29_low,12,92,15.066666666666666,-0.9831107258796692,-1.107952094617808
BH_s29_low,12,93,15.1,-1.1386924982070923,-1.246191526821225
BH_s29_low,12,94,15.133333333333333,-1.0701148509979248,-1.280316844591059
BH_s29_low,12,95,15.166666666666666,-0.475310355424881,-1.168012072492222
BH_s29_low,12,96,15.2,0.5068017840385437,-0.8874172759028114
BH_s29_low,12,97,15.233333333333333,1.4620121717453003,-0.4537811632842535
BH_s29_low,12,98,15.266666666666667,1.9200471639633179,0.07590075697066943
BH_s29_low,12,99,15.3,1.8129631280899048,0.6142872807650158
BH_s29_low,12,100,15.333333333333334,1.4428277015686035,1.0673991534463336
BH_s29_low,12,101,15.366666666666667,0.9760825037956238,1.3608083499716486
BH_s29_low,12,102,15.4,0.509337306022644,1.4583060484229176
BH_s29_low,12,103,15.433333333333334,0.0947423055768013,1.3673669837440632
BH_s29_low,12,104,15.466666666666667,-0.03774087131023407,1.1309578321617395
BH_s29_low,12,105,15.5,-0.03774087131023407,0.8097438109920405
BH_s29_low,12,106,15.533333333333333,-0.08306918293237686,0.4618165004880282
BH_s29_low,12,107,15.566666666666666,-0.15972307324409485,0.12744721408775964
BH_s29_low,12,108,15.6,-0.31530478596687317,-0.17638894887582274
BH_s29_low,12,109,15.633333333333333,-0.5093929767608643,-0.45130814079251247
BH_s29_low,12,110,15.666666666666666,-0.7053960561752319,-0.7059672785303645
BH_s29_low,12,111,15.7,-0.860977828502655,-0.9429440904530986
BH_s29_low,12,112,15.733333333333333,-1.0165594816207886,-1.1492564565560874
BH_s29_low,12,113,15.766666666666667,-1.1721413135528564,-1.294191086879299
BH_s29_low,12,114,15.8,-1.2734495401382446,-1.3357924670918881
BH_s29_low,12,115,15.833333333333334,-0.9643517732620239,-1.2346179591404483
BH_s29_low,12,116,15.866666666666667,-0.21791943907737732,-0.9705738251390844
BH_s29_low,12,117,15.9,0.8148136138916016,-0.5566131668306168
BH_s29_low,12,118,15.933333333333334,1.6558254957199097,-0.04294548192936422
BH_s29_low,12,119,15.966666666666667,1.840760350227356,0.49169631499039074
BH_s29_low,12,120,16.0,1.579264760017395,0.9596576451833835
BH_s29_low,12,121,16.033333333333335,1.101300597190857,1.2875517484031842
BH_s29_low,12,122,16.066666666666666,0.5668465495109558,1.4340729428076613
BH_s29_low,12,123,16.1,0.18570037186145782,1.3962832879301943
BH_s29_low,12,124,16.133333333333333,-0.03774087131023407,1.2039019137089166
BH_s29_low,12,125,16.166666666666668,-0.03774087131023407,0.9059404921562045
BH_s29_low,12,126,16.2,-0.03774087131023407,0.5553365804502507
BH_s29_low,12,127,16.233333333333334,-0.03774087131023407,0.1961881387747763
BH_s29_low,12,128,16.266666666666666,-0.19089792668819427,-0.1431406542047172
BH_s29_low,12,129,16.3,-0.3464796543121338,-0.4494821388928472
BH_s29_low,12,130,16.333333333333332,-0.5020613670349121,-0.717971565529323
BH_s29_low,12,131,16.366666666666667,-0.6576430797576904,-0.9424323028705253
BH_s29_low,12,132,16.4,-0.8132248520851135,-1.1077619755734605
BH_s29_low,12,133,16.433333333333334,-0.9688065648078918,-1.1882339168409515
BH_s29_low,12,134,16.466666666666665,-1.0032172203063965,-1.1533120037520335
BH_s29_low,12,135,16.5,-0.5937730073928833,-0.9795653740678454
BH_s29_low,12,136,16.533333333333335,0.16351932287216187,-0.6645067063801479
BH_s29_low,12,137,16.566666666666666,1.1530473232269287,-0.23645092306711182
BH_s29_low,12,138,16.6,1.8016510009765625,0.245306721808634
BH_s29_low,12,139,16.633333333333333,1.8862392902374268,0.7024850895187479
BH_s29_low,12,140,16.666666666666668,1.557846188545227,1.0587220679262401
BH_s29_low,12,141,16.7,1.0464330911636353,1.2610760466353128
BH_s29_low,12,142,16.733333333333334,0.5454279780387878,1.292898720089032
BH_s29_low,12,143,16.766666666666666,0.19773058593273163,1.1729283358357188
BH_s29_low,12,144,16.8,-0.03774087131023407,0.9424180275667061
BH_s29_low,12,145,16.833333333333332,-0.03774087131023407,0.6475899657115068
BH_s29_low,12,146,16.866666666666667,-0.03774087131023407,0.32544527960675124
BH_s29_low,12,147,16.9,-0.06876500695943832,-0.002172731215568292
BH_s29_low,12,148,16.933333333333334,-0.22434674203395844,-0.3256113016863483
BH_s29_low,12,149,16.966666666666665,-0.4064047038555145,-0.6383842930057148
BH_s29_low,12,150,17.0,-0.614437997341156,-0.9268624804674451
BH_s29_low,12,151,17.033333333333335,-0.7700197696685791,-1.1636720873873831
BH_s29_low,12,152,17.066666666666666,-1.004529356956482,-1.308518507309269
BH_s29_low,12,153,17.1,-1.063802719116211,-1.3175472692299082
BH_s29_low,12,154,17.133333333333333,-0.8455212116241455,-1.1589168184930478
BH_s29_low,12,155,17.166666666666668,-0.05250608175992966,-0.8291372167193856
BH_s29_low,12,156,17.2,0.9043753743171692,-0.3632448722193494
BH_s29_low,12,157,17.233333333333334,1.7235254049301147,0.1670941903362948
BH_s29_low,12,158,17.266666666666666,2.0083723068237305,0.6696152731096873
BH_s29_low,12,159,17.3,1.76638925075531,1.0573555836057946
BH_s29_low,12,160,17.333333333333332,1.299644112586975,1.2738758099169403
BH_s29_low,12,161,17.366666666666667,0.8328989148139954,1.306360214883511
BH_s29_low,12,162,17.4,0.3661537170410156,1.1819510732287548
BH_s29_low,12,163,17.433333333333334,0.05190514028072357,0.9515620435311087
BH_s29_low,12,164,17.466666666666665,-0.03774087131023407,0.6697393601699737
BH_s29_low,12,165,17.5,-0.10676172375679016,0.3783615186057705
BH_s29_low,12,166,17.533333333333335,-0.1166687086224556,0.09879948854084986
BH_s29_low,12,167,17.566666666666666,-0.26006948947906494,-0.16646151733013811
BH_s29_low,12,168,17.6,-0.41565123200416565,-0.4248005188640547
BH_s29_low,12,169,17.633333333333333,-0.5712329149246216,-0.6811146036537007
BH_s29_low,12,170,17.666666666666668,-0.8057425022125244,-0.9270019417062817
BH_s29_low,12,171,17.7,-1.016701340675354,-1.1357345573523572
BH_s29_low,12,172,17.733333333333334,-1.1958338022232056,-1.2653931354925085
BH_s29_low,12,173,17.766666666666666,-1.091901421546936,-1.2698608478092521
BH_s29_low,12,174,17.8,-0.5053150057792664,-1.1146424060161226
BH_s29_low,12,175,17.833333333333332,0.44408413767814636,-0.792408852268123
BH_s29_low,12,176,17.866666666666667,1.4451414346694946,-0.33244234686693674
BH_s29_low,12,177,17.9,1.8982607126235962,0.20069822517083163
BH_s29_low,12,178,17.933333333333334,1.8565361499786377,0.7207421977752422
BH_s29_low,12,179,17.966666666666665,1.4292593002319336,1.1419942632850473
BH_s29_low,12,180,18.0,0.9625141620635986,1.4020406684854327
BH_s29_low,12,181,18.033333333333335,0.4957689642906189,1.4757390966888833
BH_s29_low,12,182,18.066666666666666,0.13831530511379242,1.3761261872935253
BH_s29_low,12,183,18.1,-0.06583059579133987,1.1443635461068293
BH_s29_low,12,184,18.133333333333333,-0.1166687086224556,0.8343431295738531
BH_s29_low,12,185,18.166666666666668,-0.14021052420139313,0.4974993293808762
BH_s29_low,12,186,18.2,-0.2168644219636917,0.17158309832329405
BH_s29_low,12,187,18.233333333333334,-0.3724461495876312,-0.12463605134749928
BH_s29_low,12,188,18.266666666666666,-0.5447478294372559,-0.3899272037612611
BH_s29_low,12,189,18.3,-0.76253741979599,-0.6329270696772767
BH_s29_low,12,190,18.333333333333332,-0.9970470070838928,-0.8608580522968947
BH_s29_low,12,191,18.366666666666667,-1.1526286602020264,-1.068975861987878
BH_s29_low,12,192,18.4,-1.3005863428115845,-1.2350643350168804
BH_s29_low,12,193,18.433333333333334,-1.2952361106872559,-1.3216765842748717
BH_s29_low,12,194,18.466666666666665,-0.9694936871528625,-1.286427056333026
BH_s29_low,12,195,18.5,-0.03212475776672363,-1.097940666290703
BH_s29_low,12,196,18.533333333333335,1.0569473505020142,-0.7524637949563718
BH_s29_low,12,197,18.566666666666666,1.7663625478744507,-0.2843129788806619
BH_s29_low,12,198,18.6,1.935455083847046,0.23634265567077514
BH_s29_low,12,199,18.633333333333333,1.565696358680725,0.7203711601061054
BH_s29_low,12,200,18.666666666666668,1.1095186471939087,1.0853235732808428
BH_s29_low,12,201,18.7,0.6322060823440552,1.278528711599255
BH_s29_low,12,202,18.733333333333334,0.16546088457107544,1.288240743021969
BH_s29_low,12,203,18.766666666666666,-0.03774087131023407,1.1401932410573665
BH_s29_low,12,204,18.8,-0.17593328654766083,0.8832668976003413
BH_s29_low,12,205,18.833333333333332,-0.19559654593467712,0.5713131827664056
BH_s29_low,12,206,18.866666666666667,-0.19559654593467712,0.24819221443756176
BH_s29_low,12,207,18.9,-0.32696712017059326,-0.05939533177531932
BH_s29_low,12,208,18.933333333333334,-0.5327175855636597,-0.3403113824932177
BH_s29_low,12,209,18.966666666666665,-0.7170584201812744,-0.5910652138743127
BH_s29_low,12,210,19.0,-0.9515679478645325,-0.806159640298378
BH_s29_low,12,211,19.033333333333335,-1.1071497201919556,-0.9713443013762069
BH_s29_low,12,212,19.066666666666666,-1.2627314329147339,-1.062548349991792
BH_s29_low,12,213,19.1,-1.3393852710723877,-1.0508453164414056
BH_s29_low,12,214,19.133333333333333,-1.4219168424606323,-0.9120307077748994
BH_s29_low,12,215,19.166666666666668,-1.1978329420089722,-0.6379725851113781
BH_s29_low,12,216,19.2,-0.3983727991580963,-0.24552796637677451
BH_s29_low,12,217,19.233333333333334,0.6437485814094543,0.22135538010217468
BH_s29_low,12,218,19.266666666666666,1.5716050863265991,0.6986280608453816
BH_s29_low,12,219,19.3,1.935455083847046,1.1166990979640983
BH_s29_low,12,220,19.333333333333332,1.7089554071426392,1.4173958846207348
BH_s29_low,12,221,19.366666666666667,1.2216027975082397,1.566841209218613
BH_s29_low,12,222,19.4,0.6965371370315552,1.5598092890707718
BH_s29_low,12,223,19.433333333333334,0.24585148692131042,1.41518945833112
BH_s29_low,12,224,19.466666666666665,-0.03774087131023407,1.165876021186622
BH_s29_low,12,225,19.5,-0.03774087131023407,0.847874637516808
BH_s29_low,12,226,19.533333333333335,-0.03774087131023407,0.4923130431628904
BH_s29_low,12,227,19.566666666666666,-0.03774087131023407,0.12187872678656143
BH_s29_low,12,228,19.6,-0.12135844677686691,-0.24840472298574
BH_s29_low,12,229,19.633333333333333,-0.2793559730052948,-0.6071766988771956
BH_s29_low,12,230,19.666666666666668,-0.5114497542381287,-0.9415588488021391
BH_s29_low,12,231,19.7,-0.667031466960907,-1.233403553337176
BH_s29_low,12,232,19.733333333333334,-0.9015410542488098,-1.4591904210066855
BH_s29_low,12,233,19.766666666666666,-1.0571227073669434,-1.594199340014333
BH_s29_low,12,234,19.8,-1.1337766647338867,-1.619303902745921
BH_s29_low,12,235,19.833333333333332,-0.9284029603004456,-1.5271510604937384
BH_s29_low,12,236,19.866666666666667,-0.19767995178699493,-1.324771477239087
BH_s29_low,12,237,19.9,0.798962414264679,-1.031604210719145
BH_s29_low,12,238,19.933333333333334,1.6264724731445312,-0.6743983443236935
BH_s29_low,12,239,19.966666666666665,1.935455083847046,-0.2821537328946453
BH_s29_low,13,0,13.0,-0.4137451946735382,0.05934007925255044
BH_s29_low,13,1,13.033333333333333,-0.5693268775939941,-0.19015287367843198
BH_s29_low,13,2,13.066666666666666,-0.7806536555290222,-0.40949786544090117
BH_s29_low,13,3,13.1,-0.9594181776046753,-0.5662336085243368
BH_s29_low,13,4,13.133333333333333,-1.1149998903274536,-0.6285287512535842
BH_s29_low,13,5,13.166666666666666,-1.0938074588775635,-0.5716019024239652
BH_s29_low,13,6,13.2,-0.7193500995635986,-0.3869415877988985
BH_s29_low,13,7,13.233333333333333,0.14958305656909943,-0.09031770746780969
BH_s29_low,13,8,13.266666666666667,1.1620012521743774,0.27619378494547775
BH_s29_low,13,9,13.3,1.778326392173767,0.6509951181608501
BH_s29_low,13,10,13.333333333333334,1.8189737796783447,0.96709477944975
BH_s29_low,13,11,13.366666666666667,1.434977412223816,1.1683899609208939
BH_s29_low,13,12,13.4,0.9352267384529114,1.2223509812746873
BH_s29_low,13,13,13.433333333333334,0.4225592315196991,1.125552887777776
BH_s29_low,13,14,13.466666666666667,0.09165716916322708,0.9015096567999542
BH_s29_low,13,15,13.5,-0.03774087131023407,0.5925537436161437
BH_s29_low,13,16,13.533333333333333,-0.03774087131023407,0.24848934603325973
BH_s29_low,13,17,13.566666666666666,-0.03774087131023407,-0.08508284298079666
BH_s29_low,13,18,13.6,-0.03774087131023407,-0.3759082072300794
BH_s29_low,13,19,13.633333333333333,-0.15084445476531982,-0.6092427073172004
BH_s29_low,13,20,13.666666666666666,-0.36826613545417786,-0.7858230381275046
BH_s29_low,13,21,13.7,-0.5238478779792786,-0.9144486519859584
BH_s29_low,13,22,13.733333333333333,-0.7583574652671814,-1.0021840871701975
BH_s29_low,13,23,13.766666666666667,-0.9139391779899597,-1.046451638655217
BH_s29_low,13,24,13.8,-0.9848749041557312,-1.0327625625616093
BH_s29_low,13,25,13.833333333333334,-0.7343147397041321,-0.9397126049547265
BH_s29_low,13,26,13.866666666666667,-0.030719585716724396,-0.7498787228257406
BH_s29_low,13,27,13.9,0.9805948734283447,-0.46209942619980693
BH_s29_low,13,28,13.933333333333334,1.8396388292312622,-0.09873035829434748
BH_s29_low,13,29,13.966666666666667,2.0876591205596924,0.2966178962433148
BH_s29_low,13,30,14.0,1.801376223564148,0.6695751718209093
BH_s29_low,13,31,14.033333333333333,1.413558840751648,0.9679500301427397
BH_s29_low,13,32,14.066666666666666,0.8678858280181885,1.1521673316600405
BH_s29_low,13,33,14.1,0.40114066004753113,1.2016632147664685
BH_s29_low,13,34,14.133333333333333,0.07522976398468018,1.1172910759844235
BH_s29_low,13,35,14.166666666666666,-0.03774087131023407,0.9195089518928166
BH_s29_low,13,36,14.2,-0.03774087131023407,0.6420601400048687
BH_s29_low,13,37,14.233333333333333,-0.03774087131023407,0.32222862362469495
BH_s29_low,13,38,14.266666666666667,-0.09055150300264359,-0.008925838834404513
BH_s29_low,13,39,14.3,-0.2966699004173279,-0.33186160672465
BH_s29_low,13,40,14.333333333333334,-0.48064279556274414,-0.6366951363536417
BH_s29_low,13,41,14.366666666666667,-0.715152382850647,-0.9152238469639369
BH_s29_low,13,42,14.4,-0.8707340955734253,-1.1512306735674758
BH_s29_low,13,43,14.433333333333334,-1.0263158082962036,-1.3147473455482115
BH_s29_low,13,44,14.466666666666667,-0.9854689240455627,-1.3645409945614868
BH_s29_low,13,45,14.5,-0.4478057324886322,-1.2597151763984482
BH_s29_low,13,46,14.533333333333333,0.4759948253631592,-0.9772895835264677
BH_s29_low,13,47,14.566666666666666,1.4657577276229858,-0.5289844520081534
BH_s29_low,13,48,14.6,2.0444540977478027,0.03130839860417247
BH_s29_low,13,49,14.633333333333333,1.9587886333465576,0.615338645696458
BH_s29_low,13,50,14.666666666666666,1.622101902961731,1.122481434564856
BH_s29_low,13,51,14.7,1.155356764793396,1.4674492298771837
BH_s29_low,13,52,14.733333333333333,0.6306590437889099,1.6025906054573924
BH_s29_low,13,53,14.766666666666667,0.24056775867938995,1.5267908062794393
BH_s29_low,13,54,14.8,0.024759557098150253,1.2796861787413314
BH_s29_low,13,55,14.833333333333334,-0.03774087131023407,0.9256347589978021
BH_s29_low,13,56,14.866666666666667,-0.03774087131023407,0.5336711649321373
BH_s29_low,13,57,14.9,-0.04734642803668976,0.15907713724016964
BH_s29_low,13,58,14.933333333333334,-0.20292815566062927,-0.16841143972341063
BH_s29_low,13,59,14.966666666666667,-0.4374377131462097,-0.44607223107543115
BH_s29_low,13,60,15.0,-0.593019425868988,-0.6889582320760039
BH_s29_low,13,61,15.033333333333333,-0.8275290131568909,-0.9137389617129925
BH_s29_low,13,62,15.066666666666666,-0.9831107258796692,-1.1223160290014451
BH_s29_low,13,63,15.1,-1.1386924982070923,-1.2922658752284422
BH_s29_low,13,64,15.133333333333333,-1.0701148509979248,-1.3787882372811542
BH_s29_low,13,65,15.166666666666666,-0.475310355424881,-1.328667031290265
BH_s29_low,13,66,15.2,0.5068017840385437,-1.102152510863657
BH_s29_low,13,67,15.233333333333333,1.4620121717453003,-0.6947557571807073
BH_s29_low,13,68,15.266666666666667,1.9200471639633179,-0.14921481210492615
BH_s29_low,13,69,15.3,1.8129631280899048,0.4493852201930262
BH_s29_low,13,70,15.333333333333334,1.4428277015686035,0.9950266678108688
BH_s29_low,13,71,15.366666666666667,0.9760825037956238,1.3906903417735352
BH_s29_low,13,72,15.4,0.509337306022644,1.5753545807750444
BH_s29_low,13,73,15.433333333333334,0.0947423055768013,1.5383934794352843
BH_s29_low,13,74,15.466666666666667,-0.03774087131023407,1.3170366899233383
BH_s29_low,13,75,15.5,-0.03774087131023407,0.9790921464882156
BH_s29_low,13,76,15.533333333333333,-0.08306918293237686,0.5984424791315605
BH_s29_low,13,77,15.566666666666666,-0.15972307324409485,0.23286912203662652
BH_s29_low,13,78,15.6,-0.31530478596687317,-0.08815559971623688
BH_s29_low,13,79,15.633333333333333,-0.5093929767608643,-0.36267982525475523
BH_s29_low,13,80,15.666666666666666,-0.7053960561752319,-0.6046009363192795
BH_s29_low,13,81,15.7,-0.860977828502655,-0.8270312340424028
BH_s29_low,13,82,15.733333333333333,-1.0165594816207886,-1.0279522755823882
BH_s29_low,13,83,15.766666666666667,-1.1721413135528564,-1.1840552209834194
BH_s29_low,13,84,15.8,-1.2734495401382446,-1.2553002271646914
BH_s29_low,13,85,15.833333333333334,-0.9643517732620239,-1.1987270630923998
BH_s29_low,13,86,15.866666666666667,-0.21791943907737732,-0.9867279818749969
BH_s29_low,13,87,15.9,0.8148136138916016,-0.6229656952792729
BH_s29_low,13,88,15.933333333333334,1.6558254957199097,-0.14900323913764432
BH_s29_low,13,89,15.966666666666667,1.840760350227356,0.36231699983945626
BH_s29_low,13,90,16.0,1.579264760017395,0.8249516568234229
BH_s29_low,13,91,16.033333333333335,1.101300597190857,1.1622321752158502
BH_s29_low,13,92,16.066666666666666,0.5668465495109558,1.3256678760474123
BH_s29_low,13,93,16.1,0.18570037186145782,1.3042148848789923
BH_s29_low,13,94,16.133333333333333,-0.03774087131023407,1.1224513490430272
BH_s29_low,13,95,16.166666666666668,-0.03774087131023407,0.8296695048502701
BH_s29_low,13,96,16.2,-0.03774087131023407,0.4837284491066663
BH_s29_low,13,97,16.233333333333334,-0.03774087131023407,0.13455081073226152
BH_s29_low,13,98,16.266666666666666,-0.19089792668819427,-0.1870119825132397
BH_s29_low,13,99,16.3,-0.3464796543121338,-0.4704387190037031
BH_s29_low,13,100,16.333333333333332,-0.5020613670349121,-0.7168600627280818
BH_s29_low,13,101,16.366666666666667,-0.6576430797576904,-0.925507996598486
BH_s29_low,13,102,16.4,-0.8132248520851135,-1.0827430898375743
BH_s29_low,13,103,16.433333333333334,-0.9688065648078918,-1.1596850126523226
BH_s29_low,13,104,16.466666666666665,-1.0032172203063965,-1.1202664905111037
BH_s29_low,13,105,16.5,-0.5937730073928833,-0.9367263287733992
BH_s29_low,13,106,16.533333333333335,0.16351932287216187,-0.6062193330342763
BH_s29_low,13,107,16.566666666666666,1.1530473232269287,-0.16116391166032798
BH_s29_low,13,108,16.6,1.8016510009765625,0.33255041904020266
BH_s29_low,13,109,16.633333333333333,1.8862392902374268,0.7908371369488584
BH_s29_low,13,110,16.666666666666668,1.557846188545227,1.1350126608777837
BH_s29_low,13,111,16.7,1.0464330911636353,1.3139985736213515
BH_s29_low,13,112,16.733333333333334,0.5454279780387878,1.3160457976714852
BH_s29_low,13,113,16.766666666666666,0.19773058593273163,1.1660999617978596
BH_s29_low,13,114,16.8,-0.03774087131023407,0.9115067756112093
BH_s29_low,13,115,16.833333333333332,-0.03774087131023407,0.6032560364678818
BH_s29_low,13,116,16.866666666666667,-0.03774087131023407,0.2804858898938202
BH_s29_low,13,117,16.9,-0.06876500695943832,-0.03657537721704464
BH_s29_low,13,118,16.933333333333334,-0.22434674203395844,-0.34370072217406633
BH_s29_low,13,119,16.966666666666665,-0.4064047038555145,-0.6419516391473653
BH_s29_low,13,120,17.0,-0.614437997341156,-0.9243442538646349
BH_s29_low,13,121,17.033333333333335,-0.7700197696685791,-1.166297898660993
BH_s29_low,13,122,17.066666666666666,-1.004529356956482,-1.3249720867512933
BH_s29_low,13,123,17.1,-1.063802719116211,-1.3492831403427845
BH_s29_low,13,124,17.133333333333333,-0.8455212116241455,-1.1982131686236586
BH_s29_low,13,125,17.166666666666668,-0.05250608175992966,-0.8611019131409011
BH_s29_low,13,126,17.2,0.9043753743171692,-0.3713004701095251
BH_s29_low,13,127,17.233333333333334,1.7235254049301147,0.19444296640812772
BH_s29_low,13,128,17.266666666666666,2.0083723068237305,0.7334739455335719
BH_s29_low,13,129,17.3,1.76638925075531,1.1465654346051821
BH_s29_low,13,130,17.333333333333332,1.299644112586975,1.367376581179329
BH_s29_low,13,131,17.366666666666667,0.8328989148139954,1.3795066771838091
BH_s29_low,13,132,17.4,0.3661537170410156,1.215261103118738
BH_s29_low,13,133,17.433333333333334,0.05190514028072357,0.9390526940638649
BH_s29_low,13,134,17.466666666666665,-0.03774087131023407,0.6233278504932207
BH_s29_low,13,135,17.5,-0.10676172375679016,0.32563318751766585
BH_s29_low,13,136,17.533333333333335,-0.1166687086224556,0.07398774580704424
BH_s29_low,13,137,17.566666666666666,-0.26006948947906494,-0.13535103400353296
BH_s29_low,13,138,17.6,-0.41565123200416565,-0.3280444403641321
BH_s29_low,13,139,17.633333333333333,-0.5712329149246216,-0.5341631755527488
BH_s29_low,13,140,17.666666666666668,-0.8057425022125244,-0.7695750869721495
BH_s29_low,13,141,17.7,-1.016701340675354,-1.0227671346319482
BH_s29_low,13,142,17.733333333333334,-1.1958338022232056,-1.2519068109323241
BH_s29_low,13,143,17.766666666666666,-1.091901421546936,-1.3938972091754287
BH_s29_low,13,144,17.8,-0.5053150057792664,-1.3833870366074417
BH_s29_low,13,145,17.833333333333332,0.44408413767814636,-1.1762652532826428
BH_s29_low,13,146,17.866666666666667,1.4451414346694946,-0.7701078065333556
BH_s29_low,13,147,17.9,1.8982607126235962,-0.2136453363271639
BH_s29_low,13,148,17.933333333333334,1.8565361499786377,0.40075522489354787
BH_s29_low,13,149,17.966666666666665,1.4292593002319336,0.9616552479192317
BH_s29_low,13,150,18.0,0.9625141620635986,1.3713228208873105
BH_s29_low,13,151,18.033333333333335,0.4957689642906189,1.572698327496423
BH_s29_low,13,152,18.066666666666666,0.13831530511379242,1.5600564473222698
BH_s29_low,13,153,18.1,-0.06583059579133987,1.3718119466767373
BH_s29_low,13,154,18.133333333333333,-0.1166687086224556,1.0716376081765593
BH_s29_low,13,155,18.166666666666668,-0.14021052420139313,0.7268612625656375
BH_s29_low,13,156,18.2,-0.2168644219636917,0.3910584016374453
BH_s29_low,13,157,18.233333333333334,-0.3724461495876312,0.09410500930032588
BH_s29_low,13,158,18.266666666666666,-0.5447478294372559,-0.15932296587783182
BH_s29_low,13,159,18.3,-0.76253741979599,-0.3831225568073374
BH_s29_low,13,160,18.333333333333332,-0.9970470070838928,-0.5971186660405483
BH_s29_low,13,161,18.366666666666667,-1.1526286602020264,-0.812514402921051
BH_s29_low,13,162,18.4,-1.3005863428115845,-1.0206152774583859
BH_s29_low,13,163,18.433333333333334,-1.2952361106872559,-1.1894007888707143
BH_s29_low,13,164,18.466666666666665,-0.9694936871528625,-1.2701857248717197
BH_s29_low,13,165,18.5,-0.03212475776672363,-1.213265228078958
BH_s29_low,13,166,18.533333333333335,1.0569473505020142,-0.9880568309557725
BH_s29_low,13,167,18.566666666666666,1.7663625478744507,-0.600577100697865
BH_s29_low,13,168,18.6,1.935455083847046,-0.10027773279556927
BH_s29_low,13,169,18.633333333333333,1.565696358680725,0.4287587581774262
BH_s29_low,13,170,18.666666666666668,1.1095186471939087,0.8904367877368793
BH_s29_low,13,171,18.7,0.6322060823440552,1.2044429579955553
BH_s29_low,13,172,18.733333333333334,0.16546088457107544,1.3281201607955844
BH_s29_low,13,173,18.766666666666666,-0.03774087131023407,1.2642637687518354
BH_s29_low,13,174,18.8,-0.17593328654766083,1.053182272561418
BH_s29_low,13,175,18.833333333333332,-0.19559654593467712,0.7539616070173034
BH_s29_low,13,176,18.866666666666667,-0.19559654593467712,0.42346074451714893
BH_s29_low,13,177,18.9,-0.32696712017059326,0.10115129073573793
BH_s29_low,13,178,18.933333333333334,-0.5327175855636597,-0.1956195927274568
BH_s29_low,13,179,18.966666666666665,-0.7170584201812744,-0.46602769951067124
BH_s29_low,13,180,19.0,-0.9515679478645325,-0.7137053661335552
BH_s29_low,13,181,19.033333333333335,-1.1071497201919556,-0.9339288699693196
BH_s29_low,13,182,19.066666666666666,-1.2627314329147339,-1.1055680405531292
BH_s29_low,13,183,19.1,-1.3393852710723877,-1.1916155757580846
BH_s29_low,13,184,19.133333333333333,-1.4219168424606323,-1.149479054567056
BH_s29_low,13,185,19.166666666666668,-1.1978329420089722,-0.9486132156205106
BH_s29_low,13,186,19.2,-0.3983727991580963,-0.5890497270567202
BH_s29_low,13,187,19.233333333333334,0.6437485814094543,-0.11202880066096275
BH_s29_low,13,188,19.266666666666666,1.5716050863265991,0.40447998714150574
BH_s29_low,13,189,19.3,1.935455083847046,0.8662487902099948
BH_s29_low,13,190,19.333333333333332,1.7089554071426392,1.1914093944369255
BH_s29_low,13,191,19.366666666666667,1.2216027975082397,1.334325863432408
BH_s29_low,13,192,19.4,0.6965371370315552,1.2946690025719316
BH_s29_low,13,193,19.433333333333334,0.24585148692131042,1.1096894402574902
BH_s29_low,13,194,19.466666666666665,-0.03774087131023407,0.8353320982827412
BH_s29_low,13,195,19.5,-0.03774087131023407,0.5254398582696086
BH_s29_low,13,196,19.533333333333335,-0.03774087131023407,0.21710059834148654
BH_s29_low,13,197,19.566666666666666,-0.03774087131023407,-0.07386122039156567
BH_s29_low,13,198,19.6,-0.12135844677686691,-0.3475179252558303
BH_s29_low,13,199,19.633333333333333,-0.2793559730052948,-0.6080444243085262
BH_s29_low,13,200,19.666666666666668,-0.5114497542381287,-0.8507408792362557
BH_s29_low,13,201,19.7,-0.667031466960907,-1.053528105770236
BH_s29_low,13,202,19.733333333333334,-0.9015410542488098,-1.1774322934112338
BH_s29_low,13,203,19.766666666666666,-1.0571227073669434,-1.1773681287779123
BH_s29_low,13,204,19.8,-1.1337766647338867,-1.0197573998699212
BH_s29_low,13,205,19.833333333333332,-0.9284029603004456,-0.6997747073524294
BH_s29_low,13,206,19.866666666666667,-0.19767995178699493,-0.2506649137173906
BH_s29_low,13,207,19.9,0.798962414264679,0.2595320657104886
BH_s29_low,13,208,19.933333333333334,1.6264724731445312,0.7438779260513626
BH_s29_low,13,209,19.966666666666665,1.935455083847046,1.1199920486697699
BH_s29_low,13,210,20.0,1.6875367164611816,1.3321844538199323
BH_s29_low,13,211,20.033333333333335,1.2207915782928467,1.3634494832422492
BH_s29_low,13,212,20.066666666666666,0.6751185655593872,1.233348264834319
BH_s29_low,13,213,20.1,0.1789538711309433,0.9844494991315591
BH_s29_low,13,214,20.133333333333333,-0.03774087131023407,0.6644617289242347
BH_s29_low,13,215,20.166666666666668,-0.1166687086224556,0.31170505979556407
BH_s29_low,13,216,20.2,-0.07398226112127304,-0.0513043325618558
BH_s29_low,13,217,20.233333333333334,-0.1166687086224556,-0.41542736360641036
BH_s29_low,13,218,20.266666666666666,-0.2337350994348526,-0.7760188639304316
BH_s29_low,13,219,20.3,-0.3893168270587921,-1.121761441281508
BH_s29_low,13,220,20.333333333333332,-0.5448985695838928,-1.426143452383199
BH_s29_low,13,221,20.366666666666667,-0.7794080972671509,-1.6459927459429826
BH_s29_low,13,222,20.4,-0.9349898099899292,-1.7293624464489423
BH_s29_low,13,223,20.433333333333334,-1.063802719116211,-1.6315615414856712
BH_s29_low,13,224,20.466666666666665,-0.9358852505683899,-1.3342089865334916
BH_s29_low,13,225,20.5,-0.32127562165260315,-0.8595781510120106
BH_s29_low,13,226,20.533333333333335,0.7333104014396667,-0.2728991427023678
BH_s29_low,13,227,20.566666666666666,1.6904356479644775,0.33048777350554553
BH_s29_low,13,228,20.6,2.093310832977295,0.849462362723166
BH_s29_low,13,229,20.633333333333333,1.9750076532363892,1.2038363719068121
BH_s29_low,13,230,20.666666666666668,1.5082625150680542,1.3536584413988093
BH_s29_low,13,231,20.7,0.9625895023345947,1.305351586377171
BH_s29_low,13,232,20.733333333333334,0.4232197105884552,1.1049434606855508
BH_s29_low,13,233,20.766666666666666,0.03715769201517105,0.8229005065930248
BH_s29_low,13,234,20.8,-0.03774087131023407,0.5356559409096658
BH_s29_low,13,235,20.833333333333332,-0.03774087131023407,0.3078796550718123
BH_s29_low,13,236,20.866666666666667,-0.03774087131023407,0.1791805600501831
BH_s29_low,13,237,20.9,-0.1166687086224556,0.15817564503044967
BH_s29_low,13,238,20.933333333333334,-0.338771253824234,0.22437236495561327
BH_s29_low,13,239,20.966666666666665,-0.5016934871673584,0.33584241376002455
BH_s29_low,14,0,14.0,1.801376223564148,-0.14882082872896946
BH_s29_low,14,1,14.033333333333333,1.413558840751648,0.24929139641035628
BH_s29_low,14,2,14.066666666666666,0.8678858280181885,0.5653853368753191
BH_s29_low,14,3,14.1,0.40114066004753113,0.7356000428959811
BH_s29_low,14,4,14.133333333333333,0.07522976398468018,0.7320070858811903
BH_s29_low,14,5,14.166666666666666,-0.03774087131023407,0.5664867457547264
BH_s29_low,14,6,14.2,-0.03774087131023407,0.28226031287760794
BH_s29_low,14,7,14.233333333333333,-0.03774087131023407,-0.06305783621169869
BH_s29_low,14,8,14.266666666666667,-0.09055150300264359,-0.4154421134041968
BH_s29_low,14,9,14.3,-0.2966699004173279,-0.7361781778259241
BH_s29_low,14,10,14.333333333333334,-0.48064279556274414,-1.003823605878883
BH_s29_low,14,11,14.366666666666667,-0.715152382850647,-1.2078268735053737
BH_s29_low,14,12,14.4,-0.8707340955734253,-1.3385671504239811
BH_s29_low,14,13,14.433333333333334,-1.0263158082962036,-1.3796012330207614
BH_s29_low,14,14,14.466666666666667,-0.9854689240455627,-1.306893277907
BH_s29_low,14,15,14.5,-0.4478057324886322,-1.096831215437228
BH_s29_low,14,16,14.533333333333333,0.4759948253631592,-0.740473757331739
BH_s29_low,14,17,14.566666666666666,1.4657577276229858,-0.2574648287005607
BH_s29_low,14,18,14.6,2.0444540977478027,0.2983705691405064
BH_s29_low,14,19,14.633333333333333,1.9587886333465576,0.8468386945216934
BH_s29_low,14,20,14.666666666666666,1.622101902961731,1.3010719532862547
BH_s29_low,14,21,14.7,1.155356764793396,1.591264132272519
BH_s29_low,14,22,14.733333333333333,0.6306590437889099,1.6826846958674817
BH_s29_low,14,23,14.766666666666667,0.24056775867938995,1.5814500021174884
BH_s29_low,14,24,14.8,0.024759557098150253,1.3276418728278734
BH_s29_low,14,25,14.833333333333334,-0.03774087131023407,0.9803477957038927
BH_s29_low,14,26,14.866666666666667,-0.03774087131023407,0.6004683980402001
BH_s29_low,14,27,14.9,-0.04734642803668976,0.2360283631499759
BH_s29_low,14,28,14.933333333333334,-0.20292815566062927,-0.0864893615199993
BH_s29_low,14,29,14.966666666666667,-0.4374377131462097,-0.36257207178844225
BH_s29_low,14,30,15.0,-0.593019425868988,-0.6018713825058225
BH_s29_low,14,31,15.033333333333333,-0.8275290131568909,-0.8150634784247602
BH_s29_low,14,32,15.066666666666666,-0.9831107258796692,-1.0007383001888914
BH_s29_low,14,33,15.1,-1.1386924982070923,-1.1382683034402208
BH_s29_low,14,34,15.133333333333333,-1.0701148509979248,-1.1905548516202051
BH_s29_low,14,35,15.166666666666666,-0.475310355424881,-1.1166199915542936
BH_s29_low,14,36,15.2,0.5068017840385437,-0.8898066206018824
BH_s29_low,14,37,15.233333333333333,1.4620121717453003,-0.5143921919396385
BH_s29_low,14,38,15.266666666666667,1.9200471639633179,-0.0330300150755127
BH_s29_low,14,39,15.3,1.8129631280899048,0.4794356414558888
BH_s29_low,14,40,15.333333333333334,1.4428277015686035,0.9343323804592559
BH_s29_low,14,41,15.366666666666667,0.9760825037956238,1.2528819952208003
BH_s29_low,14,42,15.4,0.509337306022644,1.3866630678128515
BH_s29_low,14,43,15.433333333333334,0.0947423055768013,1.3280010925013082
BH_s29_low,14,44,15.466666666666667,-0.03774087131023407,1.1073634330299362
BH_s29_low,14,45,15.5,-0.03774087131023407,0.7795769023938823
BH_s29_low,14,46,15.533333333333333,-0.08306918293237686,0.4048755170648329
BH_s29_low,14,47,15.566666666666666,-0.15972307324409485,0.032383744148895804
BH_s29_low,14,48,15.6,-0.31530478596687317,-0.3083417475068755
BH_s29_low,14,49,15.633333333333333,-0.5093929767608643,-0.6061555402439116
BH_s29_low,14,50,15.666666666666666,-0.7053960561752319,-0.8598422295829231
BH_s29_low,14,51,15.7,-0.860977828502655,-1.0669737940179957
BH_s29_low,14,52,15.733333333333333,-1.0165594816207886,-1.2153138792174119
BH_s29_low,14,53,15.766666666666667,-1.1721413135528564,-1.280768071994862
BH_s29_low,14,54,15.8,-1.2734495401382446,-1.233325755060453
BH_s29_low,14,55,15.833333333333334,-0.9643517732620239,-1.0492209409170539
BH_s29_low,14,56,15.866666666666667,-0.21791943907737732,-0.7246504885924294
BH_s29_low,14,57,15.9,0.8148136138916016,-0.28508944279121523
BH_s29_low,14,58,15.933333333333334,1.6558254957199097,0.2145812618420015
BH_s29_low,14,59,15.966666666666667,1.840760350227356,0.7003940270438935
BH_s29_low,14,60,16.0,1.579264760017395,1.0967967916181502
BH_s29_low,14,61,16.033333333333335,1.101300597190857,1.3449663937024392
BH_s29_low,14,62,16.066666666666666,0.5668465495109558,1.4156027641974431
BH_s29_low,14,63,16.1,0.18570037186145782,1.3125763513588264
BH_s29_low,14,64,16.133333333333333,-0.03774087131023407,1.0674434239628938
BH_s29_low,14,65,16.166666666666668,-0.03774087131023407,0.7278068676422623
BH_s29_low,14,66,16.2,-0.03774087131023407,0.34389988796254406
BH_s29_low,14,67,16.233333333333334,-0.03774087131023407,-0.042231179267035415
BH_s29_low,14,68,16.266666666666666,-0.19089792668819427,-0.40159134022858983
BH_s29_low,14,69,16.3,-0.3464796543121338,-0.7160203879519536
BH_s29_low,14,70,16.333333333333332,-0.5020613670349121,-0.9709693704339503
BH_s29_low,14,71,16.366666666666667,-0.6576430797576904,-1.1479976491292732
BH_s29_low,14,72,16.4,-0.8132248520851135,-1.2221617484282588
BH_s29_low,14,73,16.433333333333334,-0.9688065648078918,-1.1672062945067512
BH_s29_low,14,74,16.466666666666665,-1.0032172203063965,-0.967319913628203
BH_s29_low,14,75,16.5,-0.5937730073928833,-0.6300675304858058
BH_s29_low,14,76,16.533333333333335,0.16351932287216187,-0.19323128898496336
BH_s29_low,14,77,16.566666666666666,1.1530473232269287,0.2795304693648331
BH_s29_low,14,78,16.6,1.8016510009765625,0.7135636324116819
BH_s29_low,14,79,16.633333333333333,1.8862392902374268,1.0425247357118124
BH_s29_low,14,80,16.666666666666668,1.557846188545227,1.2244147610772151
BH_s29_low,14,81,16.7,1.0464330911636353,1.2489304754068935
BH_s29_low,14,82,16.733333333333334,0.5454279780387878,1.1347524169019851
BH_s29_low,14,83,16.766666666666666,0.19773058593273163,0.9191031793198507
BH_s29_low,14,84,16.8,-0.03774087131023407,0.6440439221979087
BH_s29_low,14,85,16.833333333333332,-0.03774087131023407,0.3443698626719337
BH_s29_low,14,86,16.866666666666667,-0.03774087131023407,0.04100045490592917
BH_s29_low,14,87,16.9,-0.06876500695943832,-0.25828273925132855
BH_s29_low,14,88,16.933333333333334,-0.22434674203395844,-0.5515947295096971
BH_s29_low,14,89,16.966666666666665,-0.4064047038555145,-0.8325315708421995
BH_s29_low,14,90,17.0,-0.614437997341156,-1.0812984914402164
BH_s29_low,14,91,17.033333333333335,-0.7700197696685791,-1.2619508903654486
BH_s29_low,14,92,17.066666666666666,-1.004529356956482,-1.3285174015552599
BH_s29_low,14,93,17.1,-1.063802719116211,-1.2394256680256088
BH_s29_low,14,94,17.133333333333333,-0.8455212116241455,-0.9756034098133649
BH_s29_low,14,95,17.166666666666668,-0.05250608175992966,-0.554779972964515
BH_s29_low,14,96,17.2,0.9043753743171692,-0.03473296060763351
BH_s29_low,14,97,17.233333333333334,1.7235254049301147,0.4978709666632355
BH_s29_low,14,98,17.266666666666666,2.0083723068237305,0.9500932520906338
BH_s29_low,14,99,17.3,1.76638925075531,1.2484198977838956
BH_s29_low,14,100,17.333333333333332,1.299644112586975,1.3576588661953333
BH_s29_low,14,101,17.366666666666667,0.8328989148139954,1.286285274014026
BH_s29_low,14,102,17.4,0.3661537170410156,1.0775510447768346
BH_s29_low,14,103,17.433333333333334,0.05190514028072357,0.7913648416714756
BH_s29_low,14,104,17.466666666666665,-0.03774087131023407,0.4845013813071552
BH_s29_low,14,105,17.5,-0.10676172375679016,0.19587920142984122
BH_s29_low,14,106,17.533333333333335,-0.1166687086224556,-0.05923553373877262
BH_s29_low,14,107,17.566666666666666,-0.26006948947906494,-0.2857293886168552
BH_s29_low,14,108,17.6,-0.41565123200416565,-0.49839088606904364
BH_s29_low,14,109,17.633333333333333,-0.5712329149246216,-0.7090809376446103
BH_s29_low,14,110,17.666666666666668,-0.8057425022125244,-0.9157254468387065
BH_s29_low,14,111,17.7,-1.016701340675354,-1.0968107455475635
BH_s29_low,14,112,17.733333333333334,-1.1958338022232056,-1.2137413767989773
BH_s29_low,14,113,17.766666666666666,-1.091901421546936,-1.221253056885029
BH_s29_low,14,114,17.8,-0.5053150057792664,-1.0831201688098124
BH_s29_low,14,115,17.833333333333332,0.44408413767814636,-0.7878525860698654
BH_s29_low,14,116,17.866666666666667,1.4451414346694946,-0.3583585797131118
BH_s29_low,14,117,17.9,1.8982607126235962,0.14879067178694663
BH_s29_low,14,118,17.933333333333334,1.8565361499786377,0.6552265096611144
BH_s29_low,14,119,17.966666666666665,1.4292593002319336,1.0801128040812578
BH_s29_low,14,120,18.0,0.9625141620635986,1.3599961659257662
BH_s29_low,14,121,18.033333333333335,0.4957689642906189,1.46221359655498
BH_s29_low,14,122,18.066666666666666,0.13831530511379242,1.3884912346784442
BH_s29_low,14,123,18.1,-0.06583059579133987,1.169672764664238
BH_s29_low,14,124,18.133333333333333,-0.1166687086224556,0.8546485595311687
BH_s29_low,14,125,18.166666666666668,-0.14021052420139313,0.4968428286430881
BH_s29_low,14,126,18.2,-0.2168644219636917,0.14157502313679435
BH_s29_low,14,127,18.233333333333334,-0.3724461495876312,-0.18248649619678878
BH_s29_low,14,128,18.266666666666666,-0.5447478294372559,-0.46526885746692026
BH_s29_low,14,129,18.3,-0.76253741979599,-0.7099358421204193
BH_s29_low,14,130,18.333333333333332,-0.9970470070838928,-0.9222510844143523
BH_s29_low,14,131,18.366666666666667,-1.1526286602020264,-1.0991006081768782
BH_s29_low,14,132,18.4,-1.3005863428115845,-1.2213685016397313
BH_s29_low,14,133,18.433333333333334,-1.2952361106872559,-1.255052927464552
BH_s29_low,14,134,18.466666666666665,-0.9694936871528625,-1.1615578532047894
BH_s29_low,14,135,18.5,-0.03212475776672363,-0.9144332868720761
BH_s29_low,14,136,18.533333333333335,1.0569473505020142,-0.5166125693745744
BH_s29_low,14,137,18.566666666666666,1.7663625478744507,-0.010434391179845027
BH_s29_low,14,138,18.6,1.935455083847046,0.5262742925239212
BH_s29_low,14,139,18.633333333333333,1.565696358680725,0.9994261508685283
BH_s29_low,14,140,18.666666666666668,1.1095186471939087,1.3261624450859184
BH_s29_low,14,141,18.7,0.6322060823440552,1.4584401745260933
BH_s29_low,14,142,18.733333333333334,0.16546088457107544,1.3933571009695775
BH_s29_low,14,143,18.766666666666666,-0.03774087131023407,1.168119508533264
BH_s29_low,14,144,18.8,-0.17593328654766083,0.8435436199607228
BH_s29_low,14,145,18.833333333333332,-0.19559654593467712,0.4831385211400341
BH_s29_low,14,146,18.866666666666667,-0.19559654593467712,0.13560551208154384
BH_s29_low,14,147,18.9,-0.32696712017059326,-0.17346396106724415
BH_s29_low,14,148,18.933333333333334,-0.5327175855636597,-0.4394828869738348
BH_s29_low,14,149,18.966666666666665,-0.7170584201812744,-0.6695010566358093
BH_s29_low,14,150,19.0,-0.9515679478645325,-0.8704015523829592
BH_s29_low,14,151,19.033333333333335,-1.1071497201919556,-1.0388966703828066
BH_s29_low,14,152,19.066666666666666,-1.2627314329147339,-1.156340362464675
BH_s29_low,14,153,19.1,-1.3393852710723877,-1.190402906736485
BH_s29_low,14,154,19.133333333333333,-1.4219168424606323,-1.1045963664910627
BH_s29_low,14,155,19.166666666666668,-1.1978329420089722,-0.874150048169296
BH_s29_low,14,156,19.2,-0.3983727991580963,-0.5026986276248393
BH_s29_low,14,157,19.233333333333334,0.6437485814094543,-0.031522035365395856
BH_s29_low,14,158,19.266666666666666,1.5716050863265991,0.46527294250845636
BH_s29_low,14,159,19.3,1.935455083847046,0.899993931881136
BH_s29_low,14,160,19.333333333333332,1.7089554071426392,1.1975244765210815
BH_s29_low,14,161,19.366666666666667,1.2216027975082397,1.3167421896847293
BH_s29_low,14,162,19.4,0.6965371370315552,1.2583539395849894
BH_s29_low,14,163,19.433333333333334,0.24585148692131042,1.0576100807713638
BH_s29_low,14,164,19.466666666666665,-0.03774087131023407,0.7671835749595
BH_s29_low,14,165,19.5,-0.03774087131023407,0.4385737460307976
BH_s29_low,14,166,19.533333333333335,-0.03774087131023407,0.10908241684510943
BH_s29_low,14,167,19.566666666666666,-0.03774087131023407,-0.20232197366660554
BH_s29_low,14,168,19.6,-0.12135844677686691,-0.49058801014100867
BH_s29_low,14,169,19.633333333333333,-0.2793559730052948,-0.7545496111493776
BH_s29_low,14,170,19.666666666666668,-0.5114497542381287,-0.9857719622943844
BH_s29_low,14,171,19.7,-0.667031466960907,-1.161292783998878
BH_s29_low,14,172,19.733333333333334,-0.9015410542488098,-1.244460857526867
BH_s29_low,14,173,19.766666666666666,-1.0571227073669434,-1.1952509298835345
BH_s29_low,14,174,19.8,-1.1337766647338867,-0.9869292150237813
BH_s29_low,14,175,19.833333333333332,-0.9284029603004456,-0.6221215544977313
BH_s29_low,14,176,19.866666666666667,-0.19767995178699493,-0.1406646863082801
BH_s29_low,14,177,19.9,0.798962414264679,0.38540681587189685
BH_s29_low,14,178,19.933333333333334,1.6264724731445312,0.8690481932251366
BH_s29_low,14,179,19.966666666666665,1.935455083847046,1.231494292283777
BH_s29_low,14,180,20.0,1.6875367164611816,1.422654347886902
BH_s29_low,14,181,20.033333333333335,1.2207915782928467,1.430881164223515
BH_s29_low,14,182,20.066666666666666,0.6751185655593872,1.279502712120895
BH_s29_low,14,183,20.1,0.1789538711309433,1.0133837969423283
BH_s29_low,14,184,20.133333333333333,-0.03774087131023407,0.6821518756727455
BH_s29_low,14,185,20.166666666666668,-0.1166687086224556,0.32669042852050423
BH_s29_low,14,186,20.2,-0.07398226112127304,-0.026998168259170546
BH_s29_low,14,187,20.233333333333334,-0.1166687086224556,-0.3658529222143068
BH_s29_low,14,188,20.266666666666666,-0.2337350994348526,-0.6819386022347653
BH_s29_low,14,189,20.3,-0.3893168270587921,-0.9628276893918255
BH_s29_low,14,190,20.333333333333332,-0.5448985695838928,-1.184907216868362
BH_s29_low,14,191,20.366666666666667,-0.7794080972671509,-1.313414528199998
BH_s29_low,14,192,20.4,-0.9349898099899292,-1.3104644719948826
BH_s29_low,14,193,20.433333333333334,-1.063802719116211,-1.1489553886360664
BH_s29_low,14,194,20.466666666666665,-0.9358852505683899,-0.8272923347167324
BH_s29_low,14,195,20.5,-0.32127562165260315,-0.37856694602459656
BH_s29_low,14,196,20.533333333333335,0.7333104014396667,0.13096652241883452
BH_s29_low,14,197,20.566666666666666,1.6904356479644775,0.6154391949519443
BH_s29_low,14,198,20.6,2.093310832977295,0.9910105802191654
BH_s29_low,14,199,20.633333333333333,1.9750076532363892,1.1978541502413278
BH_s29_low,14,200,20.666666666666668,1.5082625150680542,1.2145940804479851
BH_s29_low,14,201,20.7,0.9625895023345947,1.0604875340028996
BH_s29_low,14,202,20.733333333333334,0.4232197105884552,0.7853088073070382
BH_s29_low,14,203,20.766666666666666,0.03715769201517105,0.45122902358439065
BH_s29_low,14,204,20.8,-0.03774087131023407,0.11358888634274276
BH_s29_low,14,205,20.833333333333332,-0.03774087131023407,-0.19251639101889023
BH_s29_low,14,206,20.866666666666667,-0.03774087131023407,-0.45549082510079464
BH_s29_low,14,207,20.9,-0.1166687086224556,-0.6801788867566748
BH_s29_low,14,208,20.933333333333334,-0.338771253824234,-0.8745404733634374
BH_s29_low,14,209,20.966666666666665,-0.5016934871673584,-1.0364801467873141
BH_s29_low,14,210,21.0,-0.7243146300315857,-1.1467781178682201
BH_s29_low,14,211,21.033333333333335,-0.8917847275733948,-1.1712999411504887
BH_s29_low,14,212,21.066666666666666,-1.1098580360412598,-1.0719836637110238
BH_s29_low,14,213,21.1,-1.0825129747390747,-0.82283201830878
BH_s29_low,14,214,21.133333333333333,-0.6162288784980774,-0.42514755923779907
BH_s29_low,14,215,21.166666666666668,0.2962772846221924,0.08420227051607158
BH_s29_low,14,216,21.2,1.441019058227539,0.6362882985789696
BH_s29_low,14,217,21.233333333333334,2.088820457458496,1.1460485335246198
BH_s29_low,14,218,21.266666666666666,2.1233906745910645,1.5352222431116316
BH_s29_low,14,219,21.3,1.7168055772781372,1.752899901843678
BH_s29_low,14,220,21.333333333333332,1.2500604391098022,1.7857095223131731
BH_s29_low,14,221,21.366666666666667,0.7043874263763428,1.6550711514006435
BH_s29_low,14,222,21.4,0.19846642017364502,1.4046809094893973
BH_s29_low,14,223,21.433333333333334,-0.03774087131023407,1.0845559894666947
BH_s29_low,14,224,21.466666666666665,-0.1166687086224556,0.7376231851935727
BH_s29_low,14,225,21.5,-0.1166687086224556,0.39229872063073074
BH_s29_low,14,226,21.533333333333335,-0.19559654593467712,0.06177089563968452
BH_s29_low,14,227,21.566666666666666,-0.30290666222572327,-0.2513363107956012
BH_s29_low,14,228,21.6,-0.48459669947624207,-0.5474642097839926
BH_s29_low,14,229,21.633333333333333,-0.7168323397636414,-0.8227969276719029
BH_s29_low,14,230,21.666666666666668,-0.9275075197219849,-1.0648973885145745
BH_s29_low,14,231,21.7,-1.1023757457733154,-1.2531596255080086
BH_s29_low,14,232,21.733333333333334,-1.3005863428115845,-1.3643525885829462
BH_s29_low,14,233,21.766666666666666,-1.1774427890777588,-1.3815152266172812
BH_s29_low,14,234,21.8,-0.5029834508895874,-1.3025633093490765
BH_s29_low,14,235,21.833333333333332,0.5173514485359192,-1.1440636886373434
BH_s29_low,14,236,21.866666666666667,1.6514105796813965,-0.9367676615070547
BH_s29_low,14,237,21.9,2.17223858833313,-0.7135152335514114
BH_s29_low,14,238,21.933333333333334,2.0042765140533447,-0.49565560923682833
BH_s29_low,14,239,21.966666666666665,1.5375313758850098,-0.2864409449491813
BH_s29_low,15,0,15.0,-0.593019425868988,0.05010780626432545
BH_s29_low,15,1,15.033333333333333,-0.8275290131568909,-0.30238992944466503
BH_s29_low,15,2,15.066666666666666,-0.9831107258796692,-0.6117527419173574
BH_s29_low,15,3,15.1,-1.1386924982070923,-0.8332138875414352
BH_s29_low,15,4,15.133333333333333,-1.0701148509979248,-0.9229805089455295
BH_s29_low,15,5,15.166666666666666,-0.475310355424881,-0.8474166483619909
BH_s29_low,15,6,15.2,0.5068017840385437,-0.5962400185903647
BH_s29_low,15,7,15.233333333333333,1.4620121717453003,-0.1938814594959492
BH_s29_low,15,8,15.266666666666667,1.9200471639633179,0.2982466278801326
BH_s29_low,15,9,15.3,1.8129631280899048,0.7928875146167058
BH_s29_low,15,10,15.333333333333334,1.4428277015686035,1.1988011642329934
BH_s29_low,15,11,15.366666666666667,0.9760825037956238,1.4447401420725943
BH_s29_low,15,12,15.4,0.509337306022644,1.4965841384839826
BH_s29_low,15,13,15.433333333333334,0.0947423055768013,1.362544488072607
BH_s29_low,15,14,15.466666666666667,-0.03774087131023407,1.0858856773898127
BH_s29_low,15,15,15.5,-0.03774087131023407,0.7284554418358602
BH_s29_low,15,16,15.533333333333333,-0.08306918293237686,0.3511105801123787
BH_s29_low,15,17,15.566666666666666,-0.15972307324409485,-0.0021356306847311445
BH_s29_low,15,18,15.6,-0.31530478596687317,-0.311296139719906
BH_s29_low,15,19,15.633333333333333,-0.5093929767608643,-0.5774783187936952
BH_s29_low,15,20,15.666666666666666,-0.7053960561752319,-0.811981588199136
BH_s29_low,15,21,15.7,-0.860977828502655,-1.0222485086154278
BH_s29_low,15,22,15.733333333333333,-1.0165594816207886,-1.200619632849397
BH_s29_low,15,23,15.766666666666667,-1.1721413135528564,-1.3208359452002298
BH_s29_low,15,24,15.8,-1.2734495401382446,-1.3442012660767464
BH_s29_low,15,25,15.833333333333334,-0.9643517732620239,-1.2335586385462491
BH_s29_low,15,26,15.866666666666667,-0.21791943907737732,-0.9702345718459804
BH_s29_low,15,27,15.9,0.8148136138916016,-0.5675163479509202
BH_s29_low,15,28,15.933333333333334,1.6558254957199097,-0.07453573514284438
BH_s29_low,15,29,15.966666666666667,1.840760350227356,0.43246136230313803
BH_s29_low,15,30,16.0,1.579264760017395,0.869040689694818
BH_s29_low,15,31,16.033333333333335,1.101300597190857,1.164716693868855
BH_s29_low,15,32,16.066666666666666,0.5668465495109558,1.2804806543765974
BH_s29_low,15,33,16.1,0.18570037186145782,1.2162898575188705
BH_s29_low,15,34,16.133333333333333,-0.03774087131023407,1.0067411310076948
BH_s29_low,15,35,16.166666666666668,-0.03774087131023407,0.7069484058443798
BH_s29_low,15,36,16.2,-0.03774087131023407,0.3738726503457447
BH_s29_low,15,37,16.233333333333334,-0.03774087131023407,0.05003767163537872
BH_s29_low,15,38,16.266666666666666,-0.19089792668819427,-0.24417820374577073
BH_s29_low,15,39,16.3,-0.3464796543121338,-0.5069588786370272
BH_s29_low,15,40,16.333333333333332,-0.5020613670349121,-0.7426388553191466
BH_s29_low,15,41,16.366666666666667,-0.6576430797576904,-0.9471022832880834
BH_s29_low,15,42,16.4,-0.8132248520851135,-1.098483629089936
BH_s29_low,15,43,16.433333333333334,-0.9688065648078918,-1.1582312684013327
BH_s29_low,15,44,16.466666666666665,-1.0032172203063965,-1.0832940507145261
BH_s29_low,15,45,16.5,-0.5937730073928833,-0.8454467768957138
BH_s29_low,15,46,16.533333333333335,0.16351932287216187,-0.45003641996252647
BH_s29_low,15,47,16.566666666666666,1.1530473232269287,0.05477546682705159
BH_s29_low,15,48,16.6,1.8016510009765625,0.5846921206103761
BH_s29_low,15,49,16.633333333333333,1.8862392902374268,1.0417466636244477
BH_s29_low,15,50,16.666666666666668,1.557846188545227,1.3440514707974194
BH_s29_low,15,51,16.7,1.0464330911636353,1.4497628702829606
BH_s29_low,15,52,16.733333333333334,0.5454279780387878,1.3652627815075384
BH_s29_low,15,53,16.766666666666666,0.19773058593273163,1.1357008631174794
BH_s29_low,15,54,16.8,-0.03774087131023407,0.8238948520426543
BH_s29_low,15,55,16.833333333333332,-0.03774087131023407,0.4875247520211831
BH_s29_low,15,56,16.866666666666667,-0.03774087131023407,0.1635600370823833
BH_s29_low,15,57,16.9,-0.06876500695943832,-0.13555416927912367
BH_s29_low,15,58,16.933333333333334,-0.22434674203395844,-0.4146368843138524
BH_s29_low,15,59,16.966666666666665,-0.4064047038555145,-0.6820338263944554
BH_s29_low,15,60,17.0,-0.614437997341156,-0.9355902069705069
BH_s29_low,15,61,17.033333333333335,-0.7700197696685791,-1.1539613601600542
BH_s29_low,15,62,17.066666666666666,-1.004529356956482,-1.2969095409248044
BH_s29_low,15,63,17.1,-1.063802719116211,-1.3154485628563157
BH_s29_low,15,64,17.133333333333333,-0.8455212116241455,-1.1695068505379345
BH_s29_low,15,65,17.166666666666668,-0.05250608175992966,-0.8474984749152618
BH_s29_low,15,66,17.2,0.9043753743171692,-0.37980089360613856
BH_s29_low,15,67,17.233333333333334,1.7235254049301147,0.16131877330674207
BH_s29_low,15,68,17.266666666666666,2.0083723068237305,0.6780920098061154
BH_s29_low,15,69,17.3,1.76638925075531,1.0752675368845344
BH_s29_low,15,70,17.333333333333332,1.299644112586975,1.288542659446161
BH_s29_low,15,71,17.366666666666667,0.8328989148139954,1.3012436863374344
BH_s29_low,15,72,17.4,0.3661537170410156,1.1432807852453681
BH_s29_low,15,73,17.433333333333334,0.05190514028072357,0.8750409287400321
BH_s29_low,15,74,17.466666666666665,-0.03774087131023407,0.5642709501493929
BH_s29_low,15,75,17.5,-0.10676172375679016,0.2649034399606502
BH_s29_low,15,76,17.533333333333335,-0.1166687086224556,0.004603510906082576
BH_s29_low,15,77,17.566666666666666,-0.26006948947906494,-0.21608963373231146
BH_s29_low,15,78,17.6,-0.41565123200416565,-0.41445973629066946
BH_s29_low,15,79,17.633333333333333,-0.5712329149246216,-0.6107180100334045
BH_s29_low,15,80,17.666666666666668,-0.8057425022125244,-0.8131482197861373
BH_s29_low,15,81,17.7,-1.016701340675354,-1.008387205588543
BH_s29_low,15,82,17.733333333333334,-1.1958338022232056,-1.1604871374111119
BH_s29_low,15,83,17.766666666666666,-1.091901421546936,-1.2198899902452565
BH_s29_low,15,84,17.8,-0.5053150057792664,-1.1399273802815635
BH_s29_low,15,85,17.833333333333332,0.44408413767814636,-0.8953086645516417
BH_s29_low,15,86,17.866666666666667,1.4451414346694946,-0.49584959388029504
BH_s29_low,15,87,17.9,1.8982607126235962,0.010058170395709871
BH_s29_low,15,88,17.933333333333334,1.8565361499786377,0.544390255065127
BH_s29_low,15,89,17.966666666666665,1.4292593002319336,1.0184410023786858
BH_s29_low,15,90,18.0,0.9625141620635986,1.3552720405241354
BH_s29_low,15,91,18.033333333333335,0.4957689642906189,1.5079066561733132
BH_s29_low,15,92,18.066666666666666,0.13831530511379242,1.4680734472524666
BH_s29_low,15,93,18.1,-0.06583059579133987,1.2643174873975134
BH_s29_low,15,94,18.133333333333333,-0.1166687086224556,0.9511351536258095
BH_s29_low,15,95,18.166666666666668,-0.14021052420139313,0.5924563562455334
BH_s29_low,15,96,18.2,-0.2168644219636917,0.24413442572442173
BH_s29_low,15,97,18.233333333333334,-0.3724461495876312,-0.05934274602851136
BH_s29_low,15,98,18.266666666666666,-0.5447478294372559,-0.30976119865715607
BH_s29_low,15,99,18.3,-0.76253741979599,-0.5201886447864642
BH_s29_low,15,100,18.333333333333332,-0.9970470070838928,-0.7120027382082037
BH_s29_low,15,101,18.366666666666667,-1.1526286602020264,-0.8988746470098068
BH_s29_low,15,102,18.4,-1.3005863428115845,-1.0740337644838558
BH_s29_low,15,103,18.433333333333334,-1.2952361106872559,-1.2062706729010297
BH_s29_low,15,104,18.466666666666665,-0.9694936871528625,-1.247170541208789
BH_s29_low,15,105,18.5,-0.03212475776672363,-1.148054716747148
BH_s29_low,15,106,18.533333333333335,1.0569473505020142,-0.8813305998551831
BH_s29_low,15,107,18.566666666666666,1.7663625478744507,-0.45828337381636614
BH_s29_low,15,108,18.6,1.935455083847046,0.06507783061075242
BH_s29_low,15,109,18.633333333333333,1.565696358680725,0.5988947786519138
BH_s29_low,15,110,18.666666666666668,1.1095186471939087,1.0443852649027192
BH_s29_low,15,111,18.7,0.6322060823440552,1.3230937823562705
BH_s29_low,15,112,18.733333333333334,0.16546088457107544,1.3986132973249006
BH_s29_low,15,113,18.766666666666666,-0.03774087131023407,1.2826181081991013
BH_s29_low,15,114,18.8,-0.17593328654766083,1.0243254592690403
BH_s29_low,15,115,18.833333333333332,-0.19559654593467712,0.6894824776800358
BH_s29_low,15,116,18.866666666666667,-0.19559654593467712,0.33832047006217114
BH_s29_low,15,117,18.9,-0.32696712017059326,0.010767179757876015
BH_s29_low,15,118,18.933333333333334,-0.5327175855636597,-0.27713382223469385
BH_s29_low,15,119,18.966666666666665,-0.7170584201812744,-0.5266448292416156
BH_s29_low,15,120,19.0,-0.9515679478645325,-0.7440500875096683
BH_s29_low,15,121,19.033333333333335,-1.1071497201919556,-0.9282433340461657
BH_s29_low,15,122,19.066666666666666,-1.2627314329147339,-1.0630632293214917
BH_s29_low,15,123,19.1,-1.3393852710723877,-1.1175651864733365
BH_s29_low,15,124,19.133333333333333,-1.4219168424606323,-1.0552017441411938
BH_s29_low,15,125,19.166666666666668,-1.1978329420089722,-0.8497863740328131
BH_s29_low,15,126,19.2,-0.3983727991580963,-0.5024176744589931
BH_s29_low,15,127,19.233333333333334,0.6437485814094543,-0.051358545962501403
BH_s29_low,15,128,19.266666666666666,1.5716050863265991,0.43158918614489233
BH_s29_low,15,129,19.3,1.935455083847046,0.8590660066973549
BH_s29_low,15,130,19.333333333333332,1.7089554071426392,1.1539489834200474
BH_s29_low,15,131,19.366666666666667,1.2216027975082397,1.271919192384841
BH_s29_low,15,132,19.4,0.6965371370315552,1.211445332467425
BH_s29_low,15,133,19.433333333333334,0.24585148692131042,1.0081772228849653
BH_s29_low,15,134,19.466666666666665,-0.03774087131023407,0.7177496046766167
BH_s29_low,15,135,19.5,-0.03774087131023407,0.3952429438227145
BH_s29_low,15,136,19.533333333333335,-0.03774087131023407,0.07953262593767829
BH_s29_low,15,137,19.566666666666666,-0.03774087131023407,-0.21249745689156851
BH_s29_low,15,138,19.6,-0.12135844677686691,-0.4812555829044552
BH_s29_low,15,139,19.633333333333333,-0.2793559730052948,-0.7324529653271972
BH_s29_low,15,140,19.666666666666668,-0.5114497542381287,-0.9633842087584877
BH_s29_low,15,141,19.7,-0.667031466960907,-1.1536381218740912
BH_s29_low,15,142,19.733333333333334,-0.9015410542488098,-1.2651052024190916
BH_s29_low,15,143,19.766666666666666,-1.0571227073669434,-1.2526857734662864
BH_s29_low,15,144,19.8,-1.1337766647338867,-1.082181439747725
BH_s29_low,15,145,19.833333333333332,-0.9284029603004456,-0.748009366807225
BH_s29_low,15,146,19.866666666666667,-0.19767995178699493,-0.28291960859747717
BH_s29_low,15,147,19.9,0.798962414264679,0.24517063149759133
BH_s29_low,15,148,19.933333333333334,1.6264724731445312,0.7491964508406087
BH_s29_low,15,149,19.966666666666665,1.935455083847046,1.1464801789917598
BH_s29_low,15,150,20.0,1.6875367164611816,1.3807499597206854
BH_s29_low,15,151,20.033333333333335,1.2207915782928467,1.434020200892979
BH_s29_low,15,152,20.066666666666666,0.6751185655593872,1.3247598046163784
BH_s29_low,15,153,20.1,0.1789538711309433,1.0951739709993784
BH_s29_low,15,154,20.133333333333333,-0.03774087131023407,0.7942687985221257
BH_s29_low,15,155,20.166666666666668,-0.1166687086224556,0.463492043112718
BH_s29_low,15,156,20.2,-0.07398226112127304,0.1292097636639082
BH_s29_low,15,157,20.233333333333334,-0.1166687086224556,-0.19691352545942975
BH_s29_low,15,158,20.266666666666666,-0.2337350994348526,-0.5109488929882651
BH_s29_low,15,159,20.3,-0.3893168270587921,-0.8062157267561718
BH_s29_low,15,160,20.333333333333332,-0.5448985695838928,-1.0638202580322549
BH_s29_low,15,161,20.366666666666667,-0.7794080972671509,-1.2490997744409205
BH_s29_low,15,162,20.4,-0.9349898099899292,-1.3170746516793104
BH_s29_low,15,163,20.433333333333334,-1.063802719116211,-1.2264495513176996
BH_s29_low,15,164,20.466666666666665,-0.9358852505683899,-0.9576937689961604
BH_s29_low,15,165,20.5,-0.32127562165260315,-0.5279868310825584
BH_s29_low,15,166,20.533333333333335,0.7333104014396667,0.00419771612049985
BH_s29_low,15,167,20.566666666666666,1.6904356479644775,0.5488294766693759
BH_s29_low,15,168,20.6,2.093310832977295,1.006650621431657
BH_s29_low,15,169,20.633333333333333,1.9750076532363892,1.296655439688832
BH_s29_low,15,170,20.666666666666668,1.5082625150680542,1.378363221511198
BH_s29_low,15,171,20.7,0.9625895023345947,1.2603266059994893
BH_s29_low,15,172,20.733333333333334,0.4232197105884552,0.9923632328889536
BH_s29_low,15,173,20.766666666666666,0.03715769201517105,0.645695992219653
BH_s29_low,15,174,20.8,-0.03774087131023407,0.28899013583233246
BH_s29_low,15,175,20.833333333333332,-0.03774087131023407,-0.031242489872074782
BH_s29_low,15,176,20.866666666666667,-0.03774087131023407,-0.2993105531352988
BH_s29_low,15,177,20.9,-0.1166687086224556,-0.5256342065554531
BH_s29_low,15,178,20.933333333333334,-0.338771253824234,-0.731710843919807
BH_s29_low,15,179,20.966666666666665,-0.5016934871673584,-0.9319293940252497
BH_s29_low,15,180,21.0,-0.7243146300315857,-1.119914845759034
BH_s29_low,15,181,21.033333333333335,-0.8917847275733948,-1.2645979378609724
BH_s29_low,15,182,21.066666666666666,-1.1098580360412598,-1.317565535235879
BH_s29_low,15,183,21.1,-1.0825129747390747,-1.2295783784977379
BH_s29_low,15,184,21.133333333333333,-0.6162288784980774,-0.9710336154891528
BH_s29_low,15,185,21.166666666666668,0.2962772846221924,-0.5491325059110352
BH_s29_low,15,186,21.2,1.441019058227539,-0.01440416832452187
BH_s29_low,15,187,21.233333333333334,2.088820457458496,0.5478173992684487
BH_s29_low,15,188,21.266666666666666,2.1233906745910645,1.039458625413105
BH_s29_low,15,189,21.3,1.7168055772781372,1.3775472668589754
BH_s29_low,15,190,21.333333333333332,1.2500604391098022,1.5169320507570112
BH_s29_low,15,191,21.366666666666667,0.7043874263763428,1.459286830776839
BH_s29_low,15,192,21.4,0.19846642017364502,1.2466869926038455
BH_s29_low,15,193,21.433333333333334,-0.03774087131023407,0.9445916297536048
BH_s29_low,15,194,21.466666666666665,-0.1166687086224556,0.6211931514941811
BH_s29_low,15,195,21.5,-0.1166687086224556,0.32903803882208776
BH_s29_low,15,196,21.533333333333335,-0.19559654593467712,0.09341208413077272
BH_s29_low,15,197,21.566666666666666,-0.30290666222572327,-0.08954202876030685
BH_s29_low,15,198,21.6,-0.48459669947624207,-0.24449883061049116
BH_s29_low,15,199,21.633333333333333,-0.7168323397636414,-0.40121783136516576
BH_s29_low,15,200,21.666666666666668,-0.9275075197219849,-0.5771399711657914
BH_s29_low,15,201,21.7,-1.1023757457733154,-0.7650555361386547
BH_s29_low,15,202,21.733333333333334,-1.3005863428115845,-0.9308196178363091
BH_s29_low,15,203,21.766666666666666,-1.1774427890777588,-1.0224512143001412
BH_s29_low,15,204,21.8,-0.5029834508895874,-0.9880394899933092
BH_s29_low,15,205,21.833333333333332,0.5173514485359192,-0.7967908003420565
BH_s29_low,15,206,21.866666666666667,1.6514105796813965,-0.45590205134642725
BH_s29_low,15,207,21.9,2.17223858833313,-0.016066870528145375
BH_s29_low,15,208,21.933333333333334,2.0042765140533447,0.43902130475699525
BH_s29_low,15,209,21.966666666666665,1.5375313758850098,0.8175680917180655
BH_s29_low,15,210,22.0,0.9930374026298523,1.0490436012970732
BH_s29_low,15,211,22.033333333333335,0.44618529081344604,1.1043566926281585
BH_s29_low,15,212,22.066666666666666,-0.020559875294566154,0.9984860851890611
BH_s29_low,15,213,22.1,-0.18759559094905853,0.7769463171688941
BH_s29_low,15,214,22.133333333333333,-0.19559654593467712,0.4943770108936009
BH_s29_low,15,215,22.166666666666668,-0.19559654593467712,0.19503544791765917
BH_s29_low,15,216,22.2,-0.27452439069747925,-0.09785786816089523
BH_s29_low,15,217,22.233333333333334,-0.41528329253196716,-0.38164068803109324
BH_s29_low,15,218,22.266666666666666,-0.6497928500175476,-0.6645004514399441
BH_s29_low,15,219,22.3,-0.8626577854156494,-0.9512003511410198
BH_s29_low,15,220,22.333333333333332,-1.0398842096328735,-1.230134894618768
BH_s29_low,15,221,22.366666666666667,-1.1954659223556519,-1.467171607471206
BH_s29_low,15,222,22.4,-1.3510476350784302,-1.6096310428797993
BH_s29_low,15,223,22.433333333333334,-1.4102545976638794,-1.6004187217644017
BH_s29_low,15,224,22.466666666666665,-1.038004755973816,-1.3985261941381446
BH_s29_low,15,225,22.5,-0.17054325342178345,-0.9988578134287863
BH_s29_low,15,226,22.533333333333335,1.0410960912704468,-0.44298640647707566
BH_s29_low,15,227,22.566666666666666,1.9339656829833984,0.18537101599826555
BH_s29_low,15,228,22.6,2.13542103767395,0.7804635982609069
BH_s29_low,15,229,22.633333333333333,1.7528963088989258,1.2435328674541875
BH_s29_low,15,230,22.666666666666668,1.2538813352584839,1.5097581985689592
BH_s29_low,15,231,22.7,0.6315544843673706,1.5630571030928722
BH_s29_low,15,232,22.733333333333334,0.11587721854448318,1.4346378281239431
BH_s29_low,15,233,22.766666666666666,-0.16756442189216614,1.1883108727695602
BH_s29_low,15,234,22.8,-0.27452439069747925,0.8996715013774554
BH_s29_low,15,235,22.833333333333332,-0.27452439069747925,0.636335524825258
BH_s29_low,15,236,22.866666666666667,-0.35345223546028137,0.44382119882112275
BH_s29_low,15,237,22.9,-0.4487321078777313,0.3386655157003824
BH_s29_low,15,238,22.933333333333334,-0.6183919310569763,0.30856191059967253
BH_s29_low,15,239,22.966666666666665,-0.8388233780860901,0.31860574323349233
BH_s29_low,16,0,16.0,1.579264760017395,-0.12770194842778074
BH_s29_low,16,1,16.033333333333335,1.101300597190857,0.0704369913246675
BH_s29_low,16,2,16.066666666666666,0.5668465495109558,0.21350366264375933
BH_s29_low,16,3,16.1,0.18570037186145782,0.25697555638871
BH_s29_low,16,4,16.133333333333333,-0.03774087131023407,0.17981793973032406
BH_s29_low,16,5,16.166666666666668,-0.03774087131023407,-0.0124892768073948
BH_s29_low,16,6,16.2,-0.03774087131023407,-0.2919078045538402
BH_s29_low,16,7,16.233333333333334,-0.03774087131023407,-0.6160558660709853
BH_s29_low,16,8,16.266666666666666,-0.19089792668819427,-0.9367277570412335
BH_s29_low,16,9,16.3,-0.3464796543121338,-1.2059679821413511
BH_s29_low,16,10,16.333333333333332,-0.5020613670349121,-1.3796829832240662
BH_s29_low,16,11,16.366666666666667,-0.6576430797576904,-1.4209884854102952
BH_s29_low,16,12,16.4,-0.8132248520851135,-1.3055089866171912
BH_s29_low,16,13,16.433333333333334,-0.9688065648078918,-1.0287258462842783
BH_s29_low,16,14,16.466666666666665,-1.0032172203063965,-0.6126145160347621
BH_s29_low,16,15,16.5,-0.5937730073928833,-0.10709060788964378
BH_s29_low,16,16,16.533333333333335,0.16351932287216187,0.41728785511300776
BH_s29_low,16,17,16.566666666666666,1.1530473232269287,0.8849494439786658
BH_s29_low,16,18,16.6,1.8016510009765625,1.2336802059626157
BH_s29_low,16,19,16.633333333333333,1.8862392902374268,1.4280437879793815
BH_s29_low,16,20,16.666666666666668,1.557846188545227,1.4633988802776856
BH_s29_low,16,21,16.7,1.0464330911636353,1.3611515399595695
BH_s29_low,16,22,16.733333333333334,0.5454279780387878,1.1585235166852776
BH_s29_low,16,23,16.766666666666666,0.19773058593273163,0.8963980895088409
BH_s29_low,16,24,16.8,-0.03774087131023407,0.608567932824425
BH_s29_low,16,25,16.833333333333332,-0.03774087131023407,0.3152734077329339
BH_s29_low,16,26,16.866666666666667,-0.03774087131023407,0.022820622907024798
BH_s29_low,16,27,16.9,-0.06876500695943832,-0.27074159388708063
BH_s29_low,16,28,16.933333333333334,-0.22434674203395844,-0.5659989594878003
BH_s29_low,16,29,16.966666666666665,-0.4064047038555145,-0.8522932316182371
BH_s29_low,16,30,17.0,-0.614437997341156,-1.101680763056181
BH_s29_low,16,31,17.033333333333335,-0.7700197696685791,-1.2700267763745219
BH_s29_low,16,32,17.066666666666666,-1.004529356956482,-1.30669168281537
BH_s29_low,16,33,17.1,-1.063802719116211,-1.171283300745283
BH_s29_low,16,34,17.133333333333333,-0.8455212116241455,-0.8523120611834778
BH_s29_low,16,35,17.166666666666668,-0.05250608175992966,-0.3799939740473767
BH_s29_low,16,36,17.2,0.9043753743171692,0.17406449181185957
BH_s29_low,16,37,17.233333333333334,1.7235254049301147,0.7128060476419705
BH_s29_low,16,38,17.266666666666666,2.0083723068237305,1.1401906663731705
BH_s29_low,16,39,17.3,1.76638925075531,1.3875459780389428
BH_s29_low,16,40,17.333333333333332,1.299644112586975,1.4296287429262287
BH_s29_low,16,41,17.366666666666667,0.8328989148139954,1.2856356169021501
BH_s29_low,16,42,17.4,0.3661537170410156,1.0069565792466517
BH_s29_low,16,43,17.433333333333334,0.05190514028072357,0.6579145484293779
BH_s29_low,16,44,17.466666666666665,-0.03774087131023407,0.29668093607158597
BH_s29_low,16,45,17.5,-0.10676172375679016,-0.03799211194204482
BH_s29_low,16,46,17.533333333333335,-0.1166687086224556,-0.3310254397031036
BH_s29_low,16,47,17.566666666666666,-0.26006948947906494,-0.5860373542291335
BH_s29_low,16,48,17.6,-0.41565123200416565,-0.8141375399975224
BH_s29_low,16,49,17.633333333333333,-0.5712329149246216,-1.0213818239137353
BH_s29_low,16,50,17.666666666666668,-0.8057425022125244,-1.1993564537859442
BH_s29_low,16,51,17.7,-1.016701340675354,-1.3218447296579956
BH_s29_low,16,52,17.733333333333334,-1.1958338022232056,-1.3492317117682529
BH_s29_low,16,53,17.766666666666666,-1.091901421546936,-1.240584800389553
BH_s29_low,16,54,17.8,-0.5053150057792664,-0.9704696239280081
BH_s29_low,16,55,17.833333333333332,0.44408413767814636,-0.5446372858011428
BH_s29_low,16,56,17.866666666666667,1.4451414346694946,-0.00767244778509405
BH_s29_low,16,57,17.9,1.8982607126235962,0.5622365178023045
BH_s29_low,16,58,17.933333333333334,1.8565361499786377,1.0712949084260164
BH_s29_low,16,59,17.966666666666665,1.4292593002319336,1.4350232182326033
BH_s29_low,16,60,18.0,0.9625141620635986,1.6006844418511832
BH_s29_low,16,61,18.033333333333335,0.4957689642906189,1.5587962820056898
BH_s29_low,16,62,18.066666666666666,0.13831530511379242,1.3407447488436643
BH_s29_low,16,63,18.1,-0.06583059579133987,1.005526124902763
BH_s29_low,16,64,18.133333333333333,-0.1166687086224556,0.6214868244387061
BH_s29_low,16,65,18.166666666666668,-0.14021052420139313,0.24870837344769392
BH_s29_low,16,66,18.2,-0.2168644219636917,-0.07371884654134081
BH_s29_low,16,67,18.233333333333334,-0.3724461495876312,-0.33287388080046826
BH_s29_low,16,68,18.266666666666666,-0.5447478294372559,-0.5386472172355817
BH_s29_low,16,69,18.3,-0.76253741979599,-0.7129288298867092
BH_s29_low,16,70,18.333333333333332,-0.9970470070838928,-0.8748519271114489
BH_s29_low,16,71,18.366666666666667,-1.1526286602020264,-1.0273654918630353
BH_s29_low,16,72,18.4,-1.3005863428115845,-1.15039133926616
BH_s29_low,16,73,18.433333333333334,-1.2952361106872559,-1.203828698195358
BH_s29_low,16,74,18.466666666666665,-0.9694936871528625,-1.1403310344665674
BH_s29_low,16,75,18.5,-0.03212475776672363,-0.9242439034981494
BH_s29_low,16,76,18.533333333333335,1.0569473505020142,-0.55045540587373
BH_s29_low,16,77,18.566666666666666,1.7663625478744507,-0.055693928726254095
BH_s29_low,16,78,18.6,1.935455083847046,0.4841962460330029
BH_s29_low,16,79,18.633333333333333,1.565696358680725,0.972674061684078
BH_s29_low,16,80,18.666666666666668,1.1095186471939087,1.3204495629238093
BH_s29_low,16,81,18.7,0.6322060823440552,1.471340715132107
BH_s29_low,16,82,18.733333333333334,0.16546088457107544,1.4158076225236451
BH_s29_low,16,83,18.766666666666666,-0.03774087131023407,1.1882520563970531
BH_s29_low,16,84,18.8,-0.17593328654766083,0.8508926680355919
BH_s29_low,16,85,18.833333333333332,-0.19559654593467712,0.4715868375622411
BH_s29_low,16,86,18.866666666666667,-0.19559654593467712,0.10438805824653236
BH_s29_low,16,87,18.9,-0.32696712017059326,-0.22047753353037217
BH_s29_low,16,88,18.933333333333334,-0.5327175855636597,-0.4952736844299516
BH_s29_low,16,89,18.966666666666665,-0.7170584201812744,-0.7249373110273092
BH_s29_low,16,90,19.0,-0.9515679478645325,-0.9142539341440332
BH_s29_low,16,91,19.033333333333335,-1.1071497201919556,-1.057537493956557
BH_s29_low,16,92,19.066666666666666,-1.2627314329147339,-1.134723806004864
BH_s29_low,16,93,19.1,-1.3393852710723877,-1.1155250815291025
BH_s29_low,16,94,19.133333333333333,-1.4219168424606323,-0.9708927879554645
BH_s29_low,16,95,19.166666666666668,-1.1978329420089722,-0.6883417873949709
BH_s29_low,16,96,19.2,-0.3983727991580963,-0.28507726043204545
BH_s29_low,16,97,19.233333333333334,0.6437485814094543,0.1877994955406635
BH_s29_low,16,98,19.266666666666666,1.5716050863265991,0.65391542662951
BH_s29_low,16,99,19.3,1.935455083847046,1.0313584257649298
BH_s29_low,16,100,19.333333333333332,1.7089554071426392,1.256008343719537
BH_s29_low,16,101,19.366666666666667,1.2216027975082397,1.2987092214486928
BH_s29_low,16,102,19.4,0.6965371370315552,1.1696769126685103
BH_s29_low,16,103,19.433333333333334,0.24585148692131042,0.9097946649872027
BH_s29_low,16,104,19.466666666666665,-0.03774087131023407,0.5739434860252306
BH_s29_low,16,105,19.5,-0.03774087131023407,0.2138461118005396
BH_s29_low,16,106,19.533333333333335,-0.03774087131023407,-0.13333678501612803
BH_s29_low,16,107,19.566666666666666,-0.03774087131023407,-0.44784306961902764
BH_s29_low,16,108,19.6,-0.12135844677686691,-0.7223993062590974
BH_s29_low,16,109,19.633333333333333,-0.2793559730052948,-0.9529510738612978
BH_s29_low,16,110,19.666666666666668,-0.5114497542381287,-1.1294908324744712
BH_s29_low,16,111,19.7,-0.667031466960907,-1.2312809619014653
BH_s29_low,16,112,19.733333333333334,-0.9015410542488098,-1.2295240317190566
BH_s29_low,16,113,19.766666666666666,-1.0571227073669434,-1.0976302900150279
BH_s29_low,16,114,19.8,-1.1337766647338867,-0.8250839121277747
BH_s29_low,16,115,19.833333333333332,-0.9284029603004456,-0.4282664378851544
BH_s29_low,16,116,19.866666666666667,-0.19767995178699493,0.04727217076279688
BH_s29_low,16,117,19.9,0.798962414264679,0.5346517863768416
BH_s29_low,16,118,19.933333333333334,1.6264724731445312,0.9609083088037041
BH_s29_low,16,119,19.966666666666665,1.935455083847046,1.2642828227874705
BH_s29_low,16,120,20.0,1.6875367164611816,1.4079112128649134
BH_s29_low,16,121,20.033333333333335,1.2207915782928467,1.3859778295189906
BH_s29_low,16,122,20.066666666666666,0.6751185655593872,1.2210868171560758
BH_s29_low,16,123,20.1,0.1789538711309433,0.9543619431263954
BH_s29_low,16,124,20.133333333333333,-0.03774087131023407,0.6319220659766603
BH_s29_low,16,125,20.166666666666668,-0.1166687086224556,0.29244558996937925
BH_s29_low,16,126,20.2,-0.07398226112127304,-0.0398082802908586
BH_s29_low,16,127,20.233333333333334,-0.1166687086224556,-0.35420575499265783
BH_s29_low,16,128,20.266666666666666,-0.2337350994348526,-0.6462010844229538
BH_s29_low,16,129,20.3,-0.3893168270587921,-0.9071154999011218
BH_s29_low,16,130,20.333333333333332,-0.5448985695838928,-1.1164471934716436
BH_s29_low,16,131,20.366666666666667,-0.7794080972671509,-1.240936326017103
BH_s29_low,16,132,20.4,-0.9349898099899292,-1.2420230554466154
BH_s29_low,16,133,20.433333333333334,-1.063802719116211,-1.0898621125058114
BH_s29_low,16,134,20.466666666666665,-0.9358852505683899,-0.7787749915327016
BH_s29_low,16,135,20.5,-0.32127562165260315,-0.3375017104796685
BH_s29_low,16,136,20.533333333333335,0.7333104014396667,0.17107277415860772
BH_s29_low,16,137,20.566666666666666,1.6904356479644775,0.6622641041599097
BH_s29_low,16,138,20.6,2.093310832977295,1.0507675110122334
BH_s29_low,16,139,20.633333333333333,1.9750076532363892,1.2735447425449142
BH_s29_low,16,140,20.666666666666668,1.5082625150680542,1.30604030284931
BH_s29_low,16,141,20.7,0.9625895023345947,1.1656603035272237
BH_s29_low,16,142,20.733333333333334,0.4232197105884552,0.9016578962699413
BH_s29_low,16,143,20.766666666666666,0.03715769201517105,0.5760605991306753
BH_s29_low,16,144,20.8,-0.03774087131023407,0.24335544434555273
BH_s29_low,16,145,20.833333333333332,-0.03774087131023407,-0.06356319119683597
BH_s29_low,16,146,20.866666666666667,-0.03774087131023407,-0.336618607815434
BH_s29_low,16,147,20.9,-0.1166687086224556,-0.5848052898085758
BH_s29_low,16,148,20.933333333333334,-0.338771253824234,-0.8196027688940858
BH_s29_low,16,149,20.966666666666665,-0.5016934871673584,-1.0401528931024593
BH_s29_low,16,150,21.0,-0.7243146300315857,-1.224572352621568
BH_s29_low,16,151,21.033333333333335,-0.8917847275733948,-1.3313066101176445
BH_s29_low,16,152,21.066666666666666,-1.1098580360412598,-1.310855730633708
BH_s29_low,16,153,21.1,-1.0825129747390747,-1.124501480315362
BH_s29_low,16,154,21.133333333333333,-0.6162288784980774,-0.7636729745196511
BH_s29_low,16,155,21.166666666666668,0.2962772846221924,-0.2620729592055541
BH_s29_low,16,156,21.2,1.441019058227539,0.30626340096126514
BH_s29_low,16,157,21.233333333333334,2.088820457458496,0.8447484496101729
BH_s29_low,16,158,21.266666666666666,2.1233906745910645,1.261631969768727
BH_s29_low,16,159,21.3,1.7168055772781372,1.4953756303086725
BH_s29_low,16,160,21.333333333333332,1.2500604391098022,1.5280238344625066
BH_s29_low,16,161,21.366666666666667,0.7043874263763428,1.3832647903763973
BH_s29_low,16,162,21.4,0.19846642017364502,1.1126837279041124
BH_s29_low,16,163,21.433333333333334,-0.03774087131023407,0.7772731316427844
BH_s29_low,16,164,21.466666666666665,-0.1166687086224556,0.4308210960209309
BH_s29_low,16,165,21.5,-0.1166687086224556,0.10922519834775672
BH_s29_low,16,166,21.533333333333335,-0.19559654593467712,-0.17267154051435643
BH_s29_low,16,167,21.566666666666666,-0.30290666222572327,-0.4170347653904399
BH_s29_low,16,168,21.6,-0.48459669947624207,-0.6338320198134383
BH_s29_low,16,169,21.633333333333333,-0.7168323397636414,-0.8298225363629179
BH_s29_low,16,170,21.666666666666668,-0.9275075197219849,-0.9995315460148473
BH_s29_low,16,171,21.7,-1.1023757457733154,-1.1214973752277722
BH_s29_low,16,172,21.733333333333334,-1.3005863428115845,-1.1617542125641365
BH_s29_low,16,173,21.766666666666666,-1.1774427890777588,-1.0844145411402066
BH_s29_low,16,174,21.8,-0.5029834508895874,-0.8665880405455907
BH_s29_low,16,175,21.833333333333332,0.5173514485359192,-0.5123882233111784
BH_s29_low,16,176,21.866666666666667,1.6514105796813965,-0.059677654561501564
BH_s29_low,16,177,21.9,2.17223858833313,0.42487977766813967
BH_s29_low,16,178,21.933333333333334,2.0042765140533447,0.8618434018387436
BH_s29_low,16,179,21.966666666666665,1.5375313758850098,1.1801571867897844
BH_s29_low,16,180,22.0,0.9930374026298523,1.335217338584025
BH_s29_low,16,181,22.033333333333335,0.44618529081344604,1.317394091663096
BH_s29_low,16,182,22.066666666666666,-0.020559875294566154,1.1491680173253958
BH_s29_low,16,183,22.1,-0.18759559094905853,0.8737238194997913
BH_s29_low,16,184,22.133333333333333,-0.19559654593467712,0.5402488631042488
BH_s29_low,16,185,22.166666666666668,-0.19559654593467712,0.19107997759773593
BH_s29_low,16,186,22.2,-0.27452439069747925,-0.1457683071695162
BH_s29_low,16,187,22.233333333333334,-0.41528329253196716,-0.4573034197182776
BH_s29_low,16,188,22.266666666666666,-0.6497928500175476,-0.7401374215026875
BH_s29_low,16,189,22.3,-0.8626577854156494,-0.9913368583847264
BH_s29_low,16,190,22.333333333333332,-1.0398842096328735,-1.199218258324921
BH_s29_low,16,191,22.366666666666667,-1.1954659223556519,-1.3382854148610424
BH_s29_low,16,192,22.4,-1.3510476350784302,-1.371730958343307
BH_s29_low,16,193,22.433333333333334,-1.4102545976638794,-1.2624119909129212
BH_s29_low,16,194,22.466666666666665,-1.038004755973816,-0.9893380029918872
BH_s29_low,16,195,22.5,-0.17054325342178345,-0.5632036428103752
BH_s29_low,16,196,22.533333333333335,1.0410960912704468,-0.033425384927541865
BH_s29_low,16,197,22.566666666666666,1.9339656829833984,0.5183294689455406
BH_s29_low,16,198,22.6,2.13542103767395,0.9975636633529451
BH_s29_low,16,199,22.633333333333333,1.7528963088989258,1.3227758478614122
BH_s29_low,16,200,22.666666666666668,1.2538813352584839,1.4478613542784347
BH_s29_low,16,201,22.7,0.6315544843673706,1.3725045380121175
BH_s29_low,16,202,22.733333333333334,0.11587721854448318,1.1373202306952352
BH_s29_low,16,203,22.766666666666666,-0.16756442189216614,0.8069404877246509
BH_s29_low,16,204,22.8,-0.27452439069747925,0.4484570246764915
BH_s29_low,16,205,22.833333333333332,-0.27452439069747925,0.11324779175951113
BH_s29_low,16,206,22.866666666666667,-0.35345223546028137,-0.17229446306937743
BH_s29_low,16,207,22.9,-0.4487321078777313,-0.4056266219769585
BH_s29_low,16,208,22.933333333333334,-0.6183919310569763,-0.5987018551171073
BH_s29_low,16,209,22.966666666666665,-0.8388233780860901,-0.7648331329881617
BH_s29_low,16,210,23.0,-1.0733329057693481,-0.9067260506173292
BH_s29_low,16,211,23.033333333333335,-1.228914737701416,-1.0098645798013246
BH_s29_low,16,212,23.066666666666666,-1.3844964504241943,-1.0438738334286721
BH_s29_low,16,213,23.1,-1.5400781631469727,-0.9721471374069871
BH_s29_low,16,214,23.133333333333333,-1.6158632040023804,-0.7670552151402155
BH_s29_low,16,215,23.166666666666668,-1.3061050176620483,-0.42536539977160553
BH_s29_low,16,216,23.2,-0.30331897735595703,0.02261839698681345
BH_s29_low,16,217,23.233333333333334,0.8582934737205505,0.5151858821451331
BH_s29_low,16,218,23.266666666666666,1.8132201433181763,0.9734321467732128
BH_s29_low,16,219,23.3,2.014382839202881,1.3229225113888607
BH_s29_low,16,220,23.333333333333332,1.6593717336654663,1.5140585236600346
BH_s29_low,16,221,23.366666666666667,1.0502541065216064,1.5325083934786379
BH_s29_low,16,222,23.4,0.4279271960258484,1.3961963557916444
BH_s29_low,16,223,23.433333333333334,0.0023214761167764664,1.1422926081268767
BH_s29_low,16,224,23.466666666666665,-0.2522192597389221,0.8120488174839012
BH_s29_low,16,225,23.5,-0.35345223546028137,0.44089168018416297
BH_s29_low,16,226,23.533333333333335,-0.27452439069747925,0.056621947826681396
BH_s29_low,16,227,23.566666666666666,-0.27452439069747925,-0.31655881705355615
BH_s29_low,16,228,23.6,-0.3220512866973877,-0.6528477027813415
BH_s29_low,16,229,23.633333333333333,-0.4776330292224884,-0.9226223734010414
BH_s29_low,16,230,23.666666666666668,-0.7121425867080688,-1.09543458852093
BH_s29_low,16,231,23.7,-0.9084293842315674,-1.1479709263405633
BH_s29_low,16,232,23.733333333333334,-1.10223388671875,-1.0742615201488184
BH_s29_low,16,233,23.766666666666666,-1.2578155994415283,-0.8936167078310371
BH_s29_low,16,234,23.8,-1.3456308841705322,-0.6514366259116166
BH_s29_low,16,235,23.833333333333332,-0.984684407711029,-0.40992138118297483
BH_s29_low,16,236,23.866666666666667,-0.09851261973381042,-0.229781522081883
BH_s29_low,16,237,23.9,1.0469560623168945,-0.14892732371828307
BH_s29_low,16,238,23.933333333333334,1.930889368057251,-0.16732109461331013
BH_s29_low,16,239,23.966666666666665,2.0707972049713135,-0.24589627031568864
BH_s29_low,17,0,17.0,-0.614437997341156,0.08409952883385993
BH_s29_low,17,1,17.033333333333335,-0.7700197696685791,-0.12151271901356084
BH_s29_low,17,2,17.066666666666666,-1.004529356956482,-0.26356340490442903
BH_s29_low,17,3,17.1,-1.063802719116211,-0.2911917769193886
BH_s29_low,17,4,17.133333333333333,-0.8455212116241455,-0.17844594159461694
BH_s29_low,17,5,17.166666666666668,-0.05250608175992966,0.06692810297111132
BH_s29_low,17,6,17.2,0.9043753743171692,0.4020366526489051
BH_s29_low,17,7,17.233333333333334,1.7235254049301147,0.7578838072103586
BH_s29_low,17,8,17.266666666666666,2.0083723068237305,1.0574789565811455
BH_s29_low,17,9,17.3,1.76638925075531,1.236813212172805
BH_s29_low,17,10,17.333333333333332,1.299644112586975,1.2613194471384512
BH_s29_low,17,11,17.366666666666667,0.8328989148139954,1.132745027268554
BH_s29_low,17,12,17.4,0.3661537170410156,0.8850915894911671
BH_s29_low,17,13,17.433333333333334,0.05190514028072357,0.5717248361759534
BH_s29_low,17,14,17.466666666666665,-0.03774087131023407,0.24806300691649813
BH_s29_low,17,15,17.5,-0.10676172375679016,-0.04463125839487264
BH_s29_low,17,16,17.533333333333335,-0.1166687086224556,-0.2889427976321338
BH_s29_low,17,17,17.566666666666666,-0.26006948947906494,-0.49110745939295875
BH_s29_low,17,18,17.6,-0.41565123200416565,-0.671464371691724
BH_s29_low,17,19,17.633333333333333,-0.5712329149246216,-0.8498031926495782
BH_s29_low,17,20,17.666666666666668,-0.8057425022125244,-1.031354896250832
BH_s29_low,17,21,17.7,-1.016701340675354,-1.1985841470914715
BH_s29_low,17,22,17.733333333333334,-1.1958338022232056,-1.3121671558447239
BH_s29_low,17,23,17.766666666666666,-1.091901421546936,-1.321781039571094
BH_s29_low,17,24,17.8,-0.5053150057792664,-1.1838418219924431
BH_s29_low,17,25,17.833333333333332,0.44408413767814636,-0.8802648959833552
BH_s29_low,17,26,17.866666666666667,1.4451414346694946,-0.43110887554993044
BH_s29_low,17,27,17.9,1.8982607126235962,0.10454223080282804
BH_s29_low,17,28,17.933333333333334,1.8565361499786377,0.6410353542100167
BH_s29_low,17,29,17.966666666666665,1.4292593002319336,1.0882093320987274
BH_s29_low,17,30,18.0,0.9625141620635986,1.375072926674037
BH_s29_low,17,31,18.033333333333335,0.4957689642906189,1.4665729001723324
BH_s29_low,17,32,18.066666666666666,0.13831530511379242,1.3687161884045929
BH_s29_low,17,33,18.1,-0.06583059579133987,1.1222675305307759
BH_s29_low,17,34,18.133333333333333,-0.1166687086224556,0.7881767086992333
BH_s29_low,17,35,18.166666666666668,-0.14021052420139313,0.42920356325809517
BH_s29_low,17,36,18.2,-0.2168644219636917,0.09320922485515742
BH_s29_low,17,37,18.233333333333334,-0.3724461495876312,-0.19651964060070462
BH_s29_low,17,38,18.266666666666666,-0.5447478294372559,-0.44083413755156775
BH_s29_low,17,39,18.3,-0.76253741979599,-0.6548515656506817
BH_s29_low,17,40,18.333333333333332,-0.9970470070838928,-0.8528840762849264
BH_s29_low,17,41,18.366666666666667,-1.1526286602020264,-1.0343235787805336
BH_s29_low,17,42,18.4,-1.3005863428115845,-1.1762508225137867
BH_s29_low,17,43,18.433333333333334,-1.2952361106872559,-1.2362477053544894
BH_s29_low,17,44,18.466666666666665,-0.9694936871528625,-1.1655628304556451
BH_s29_low,17,45,18.5,-0.03212475776672363,-0.9290791839999377
BH_s29_low,17,46,18.533333333333335,1.0569473505020142,-0.5252506668378393
BH_s29_low,17,47,18.566666666666666,1.7663625478744507,0.0024861847284803904
BH_s29_low,17,48,18.6,1.935455083847046,0.5698852590534618
BH_s29_low,17,49,18.633333333333333,1.565696358680725,1.0729243517726286
BH_s29_low,17,50,18.666666666666668,1.1095186471939087,1.4183766736319625
BH_s29_low,17,51,18.7,0.6322060823440552,1.551093722853071
BH_s29_low,17,52,18.733333333333334,0.16546088457107544,1.467200520126965
BH_s29_low,17,53,18.766666666666666,-0.03774087131023407,1.209516399229151
BH_s29_low,17,54,18.8,-0.17593328654766083,0.8486904362350771
BH_s29_low,17,55,18.833333333333332,-0.19559654593467712,0.45828570916886785
BH_s29_low,17,56,18.866666666666667,-0.19559654593467712,0.0935400276438752
BH_s29_low,17,57,18.9,-0.32696712017059326,-0.21884867890548199
BH_s29_low,17,58,18.933333333333334,-0.5327175855636597,-0.4780285084637612
BH_s29_low,17,59,18.966666666666665,-0.7170584201812744,-0.6969509602647519
BH_s29_low,17,60,19.0,-0.9515679478645325,-0.8871665056492698
BH_s29_low,17,61,19.033333333333335,-1.1071497201919556,-1.0464266900807169
BH_s29_low,17,62,19.066666666666666,-1.2627314329147339,-1.1533625612947072
BH_s29_low,17,63,19.1,-1.3393852710723877,-1.1713040592316948
BH_s29_low,17,64,19.133333333333333,-1.4219168424606323,-1.0608704340538064
BH_s29_low,17,65,19.166666666666668,-1.1978329420089722,-0.7980170263861459
BH_s29_low,17,66,19.2,-0.3983727991580963,-0.391105089900912
BH_s29_low,17,67,19.233333333333334,0.6437485814094543,0.11088010497499938
BH_s29_low,17,68,19.266666666666666,1.5716050863265991,0.6247371708207744
BH_s29_low,17,69,19.3,1.935455083847046,1.0540484666925751
BH_s29_low,17,70,19.333333333333332,1.7089554071426392,1.3174636498155703
BH_s29_low,17,71,19.366666666666667,1.2216027975082397,1.372708816928134
BH_s29_low,17,72,19.4,0.6965371370315552,1.2266503298128326
BH_s29_low,17,73,19.433333333333334,0.24585148692131042,0.9282578038104154
BH_s29_low,17,74,19.466666666666665,-0.03774087131023407,0.5485845812654606
BH_s29_low,17,75,19.5,-0.03774087131023407,0.15667389843747248
BH_s29_low,17,76,19.533333333333335,-0.03774087131023407,-0.19908079605866963
BH_s29_low,17,77,19.566666666666666,-0.03774087131023407,-0.4978923193632579
BH_s29_low,17,78,19.6,-0.12135844677686691,-0.7410525643828717
BH_s29_low,17,79,19.633333333333333,-0.2793559730052948,-0.9381099641317608
BH_s29_low,17,80,19.666666666666668,-0.5114497542381287,-1.0915603394850661
BH_s29_low,17,81,19.7,-0.667031466960907,-1.1869428467869032
BH_s29_low,17,82,19.733333333333334,-0.9015410542488098,-1.193262682398918
BH_s29_low,17,83,19.766666666666666,-1.0571227073669434,-1.074616794011186
BH_s29_low,17,84,19.8,-1.1337766647338867,-0.8085800902515154
BH_s29_low,17,85,19.833333333333332,-0.9284029603004456,-0.40307413892780863
BH_s29_low,17,86,19.866666666666667,-0.19767995178699493,0.09645666099584463
BH_s29_low,17,87,19.9,0.798962414264679,0.6138114357694601
BH_s29_low,17,88,19.933333333333334,1.6264724731445312,1.0611552478629063
BH_s29_low,17,89,19.966666666666665,1.935455083847046,1.363570785728418
BH_s29_low,17,90,20.0,1.6875367164611816,1.4795275313114626
BH_s29_low,17,91,20.033333333333335,1.2207915782928467,1.4094106043556218
BH_s29_low,17,92,20.066666666666666,0.6751185655593872,1.1896849241467595
BH_s29_low,17,93,20.1,0.1789538711309433,0.8764593582497311
BH_s29_low,17,94,20.133333333333333,-0.03774087131023407,0.5258978741323989
BH_s29_low,17,95,20.166666666666668,-0.1166687086224556,0.1789615794393471
BH_s29_low,17,96,20.2,-0.07398226112127304,-0.1448618750964269
BH_s29_low,17,97,20.233333333333334,-0.1166687086224556,-0.4439861531861324
BH_s29_low,17,98,20.266666666666666,-0.2337350994348526,-0.7236340831139585
BH_s29_low,17,99,20.3,-0.3893168270587921,-0.9819244420821295
BH_s29_low,17,100,20.333333333333332,-0.5448985695838928,-1.1993349203061072
BH_s29_low,17,101,20.366666666666667,-0.7794080972671509,-1.3371090827132854
BH_s29_low,17,102,20.4,-0.9349898099899292,-1.3467096735892181
BH_s29_low,17,103,20.433333333333334,-1.063802719116211,-1.1876283285506435
BH_s29_low,17,104,20.466666666666665,-0.9358852505683899,-0.8470457307846707
BH_s29_low,17,105,20.5,-0.32127562165260315,-0.35339420331302984
BH_s29_low,17,106,20.533333333333335,0.7333104014396667,0.22267827612618207
BH_s29_low,17,107,20.566666666666666,1.6904356479644775,0.7822608295223308
BH_s29_low,17,108,20.6,2.093310832977295,1.2236043891602213
BH_s29_low,17,109,20.633333333333333,1.9750076532363892,1.4705031822673154
BH_s29_low,17,110,20.666666666666668,1.5082625150680542,1.49314270326598
BH_s29_low,17,111,20.7,0.9625895023345947,1.313430379912061
BH_s29_low,17,112,20.733333333333334,0.4232197105884552,0.993152378582011
BH_s29_low,17,113,20.766666666666666,0.03715769201517105,0.6102810283798709
BH_s29_low,17,114,20.8,-0.03774087131023407,0.23301018079839012
BH_s29_low,17,115,20.833333333333332,-0.03774087131023407,-0.09864747829237419
BH_s29_low,17,116,20.866666666666667,-0.03774087131023407,-0.37725689348077246
BH_s29_low,17,117,20.9,-0.1166687086224556,-0.6178716424136764
BH_s29_low,17,118,20.933333333333334,-0.338771253824234,-0.8393358934474865
BH_s29_low,17,119,20.966666666666665,-0.5016934871673584,-1.046202864672301
BH_s29_low,17,120,21.0,-0.7243146300315857,-1.219008781638066
BH_s29_low,17,121,21.033333333333335,-0.8917847275733948,-1.316343508476611
BH_s29_low,17,122,21.066666666666666,-1.1098580360412598,-1.287972306901726
BH_s29_low,17,123,21.1,-1.0825129747390747,-1.0949020583260254
BH_s29_low,17,124,21.133333333333333,-0.6162288784980774,-0.7295761130282258
BH_s29_low,17,125,21.166666666666668,0.2962772846221924,-0.22796457056287628
BH_s29_low,17,126,21.2,1.441019058227539,0.3333903996928259
BH_s29_low,17,127,21.233333333333334,2.088820457458496,0.8567288526697775
BH_s29_low,17,128,21.266666666666666,2.1233906745910645,1.2516262731413692
BH_s29_low,17,129,21.3,1.7168055772781372,1.4602534020419242
BH_s29_low,17,130,21.333333333333332,1.2500604391098022,1.4694584408784321
BH_s29_low,17,131,21.366666666666667,0.7043874263763428,1.307300921211593
BH_s29_low,17,132,21.4,0.19846642017364502,1.0282800826975687
BH_s29_low,17,133,21.433333333333334,-0.03774087131023407,0.6943527885366763
BH_s29_low,17,134,21.466666666666665,-0.1166687086224556,0.3580759948116542
BH_s29_low,17,135,21.5,-0.1166687086224556,0.051872912769109665
BH_s29_low,17,136,21.533333333333335,-0.19559654593467712,-0.21463022199418258
BH_s29_low,17,137,21.566666666666666,-0.30290666222572327,-0.4491122759460581
BH_s29_low,17,138,21.6,-0.48459669947624207,-0.6650924253149186
BH_s29_low,17,139,21.633333333333333,-0.7168323397636414,-0.8687300830548876
BH_s29_low,17,140,21.666666666666668,-0.9275075197219849,-1.0489469415595065
BH_s29_low,17,141,21.7,-1.1023757457733154,-1.17512822073803
BH_s29_low,17,142,21.733333333333334,-1.3005863428115845,-1.2043584423170912
BH_s29_low,17,143,21.766666666666666,-1.1774427890777588,-1.0967525280614825
BH_s29_low,17,144,21.8,-0.5029834508895874,-0.8338395309127608
BH_s29_low,17,145,21.833333333333332,0.5173514485359192,-0.43255711729324536
BH_s29_low,17,146,21.866666666666667,1.6514105796813965,0.052245732116356226
BH_s29_low,17,147,21.9,2.17223858833313,0.5397887843635243
BH_s29_low,17,148,21.933333333333334,2.0042765140533447,0.9459946327325495
BH_s29_low,17,149,21.966666666666665,1.5375313758850098,1.207488705217606
BH_s29_low,17,150,22.0,0.9930374026298523,1.297241949092298
BH_s29_low,17,151,22.033333333333335,0.44618529081344604,1.2266266210292112
BH_s29_low,17,152,22.066666666666666,-0.020559875294566154,1.0351598169310574
BH_s29_low,17,153,22.1,-0.18759559094905853,0.7738603836644224
BH_s29_low,17,154,22.133333333333333,-0.19559654593467712,0.488794923426059
BH_s29_low,17,155,22.166666666666668,-0.19559654593467712,0.2095532366457805
BH_s29_low,17,156,22.2,-0.27452439069747925,-0.054610022933865035
BH_s29_low,17,157,22.233333333333334,-0.41528329253196716,-0.3102823656510814
BH_s29_low,17,158,22.266666666666666,-0.6497928500175476,-0.5689469997332276
BH_s29_low,17,159,22.3,-0.8626577854156494,-0.8337486636441441
BH_s29_low,17,160,22.333333333333332,-1.0398842096328735,-1.0889947241642597
BH_s29_low,17,161,22.366666666666667,-1.1954659223556519,-1.2967693166022827
BH_s29_low,17,162,22.4,-1.3510476350784302,-1.4031971951434163
BH_s29_low,17,163,22.433333333333334,-1.4102545976638794,-1.3539229284957477
BH_s29_low,17,164,22.466666666666665,-1.038004755973816,-1.1146866100073711
BH_s29_low,17,165,22.5,-0.17054325342178345,-0.6897788965450784
BH_s29_low,17,166,22.533333333333335,1.0410960912704468,-0.13030213781591304
BH_s29_low,17,167,22.566666666666666,1.9339656829833984,0.4732336419291846
BH_s29_low,17,168,22.6,2.13542103767395,1.0135658160048562
BH_s29_low,17,169,22.633333333333333,1.7528963088989258,1.3971751985597085
BH_s29_low,17,170,22.666666666666668,1.2538813352584839,1.5705769938142506
BH_s29_low,17,171,22.7,0.6315544843673706,1.5315756212609422
BH_s29_low,17,172,22.733333333333334,0.11587721854448318,1.322085735805322
BH_s29_low,17,173,22.766666666666666,-0.16756442189216614,1.0078671854193342
BH_s29_low,17,174,22.8,-0.27452439069747925,0.655059838089737
BH_s29_low,17,175,22.833333333333332,-0.27452439069747925,0.3124355799623776
BH_s29_low,17,176,22.866666666666667,-0.35345223546028137,0.003838953294614869
BH_s29_low,17,177,22.9,-0.4487321078777313,-0.2693178410248271
BH_s29_low,17,178,22.933333333333334,-0.6183919310569763,-0.5181863429310651
BH_s29_low,17,179,22.966666666666665,-0.8388233780860901,-0.7530504417253201
BH_s29_low,17,180,23.0,-1.0733329057693481,-0.9710667628020467
BH_s29_low,17,181,23.033333333333335,-1.228914737701416,-1.149968355155985
BH_s29_low,17,182,23.066666666666666,-1.3844964504241943,-1.2507366938294977
BH_s29_low,17,183,23.1,-1.5400781631469727,-1.229158169129686
BH_s29_low,17,184,23.133333333333333,-1.6158632040023804,-1.0529706117744346
BH_s29_low,17,185,23.166666666666668,-1.3061050176620483,-0.7187236752289394
BH_s29_low,17,186,23.2,-0.30331897735595703,-0.26135120498102554
BH_s29_low,17,187,23.233333333333334,0.8582934737205505,0.24892786221606036
BH_s29_low,17,188,23.266666666666666,1.8132201433181763,0.7230536464291255
BH_s29_low,17,189,23.3,2.014382839202881,1.0775991695240152
BH_s29_low,17,190,23.333333333333332,1.6593717336654663,1.257716331533345
BH_s29_low,17,191,23.366666666666667,1.0502541065216064,1.2492839698821203
BH_s29_low,17,192,23.4,0.4279271960258484,1.076286219012306
BH_s29_low,17,193,23.433333333333334,0.0023214761167764664,0.7865850051507389
BH_s29_low,17,194,23.466666666666665,-0.2522192597389221,0.43403412789988915
BH_s29_low,17,195,23.5,-0.35345223546028137,0.06507604106486928
BH_s29_low,17,196,23.533333333333335,-0.27452439069747925,-0.28599812785175593
BH_s29_low,17,197,23.566666666666666,-0.27452439069747925,-0.5941357783333593
BH_s29_low,17,198,23.6,-0.3220512866973877,-0.8373160063414731
BH_s29_low,17,199,23.633333333333333,-0.4776330292224884,-0.9919605626684119
BH_s29_low,17,200,23.666666666666668,-0.7121425867080688,-1.033271822362951
BH_s29_low,17,201,23.7,-0.9084293842315674,-0.9412136728130515
BH_s29_low,17,202,23.733333333333334,-1.10223388671875,-0.7102427656260532
BH_s29_low,17,203,23.766666666666666,-1.2578155994415283,-0.358561796547084
BH_s29_low,17,204,23.8,-1.3456308841705322,0.06868617210189501
BH_s29_low,17,205,23.833333333333332,-0.984684407711029,0.5062510374470522
BH_s29_low,17,206,23.866666666666667,-0.09851261973381042,0.8845198730277838
BH_s29_low,17,207,23.9,1.0469560623168945,1.1477565076062675
BH_s29_low,17,208,23.933333333333334,1.930889368057251,1.266784360501436
BH_s29_low,17,209,23.966666666666665,2.0707972049713135,1.2411135108616234
BH_s29_low,17,210,24.0,1.696641445159912,1.0913322920505715
BH_s29_low,17,211,24.033333333333335,1.0743145942687988,0.8472343550846176
BH_s29_low,17,212,24.066666666666666,0.38875141739845276,0.5377589665656857
BH_s29_low,17,213,24.1,-0.06457614153623581,0.1862022459006935
BH_s29_low,17,214,24.133333333333333,-0.27452439069747925,-0.18913796740858108
BH_s29_low,17,215,24.166666666666668,-0.27452439069747925,-0.5709200983148648
BH_s29_low,17,216,24.2,-0.27452439069747925,-0.9379378006648897
BH_s29_low,17,217,24.233333333333334,-0.27452439069747925,-1.2617464073485438
BH_s29_low,17,218,24.266666666666666,-0.35550010204315186,-1.5064564043266602
BH_s29_low,17,219,24.3,-0.5897836089134216,-1.6329087951419679
BH_s29_low,17,220,24.333333333333332,-0.745591402053833,-1.6075145647240174
BH_s29_low,17,221,24.366666666666667,-0.9801009297370911,-1.4141912499945746
BH_s29_low,17,222,24.4,-1.2075625658035278,-1.065341796456425
BH_s29_low,17,223,24.433333333333334,-1.3005863428115845,-0.6062515210833835
BH_s29_low,17,224,24.466666666666665,-0.9523304104804993,-0.1084375848226311
BH_s29_low,17,225,24.5,-0.12095958739519119,0.3478413227870971
BH_s29_low,17,226,24.533333333333335,1.0959546566009521,0.6953492306958194
BH_s29_low,17,227,24.566666666666666,2.0196399688720703,0.896337103955705
BH_s29_low,17,228,24.6,2.192930221557617,0.947577870620616
BH_s29_low,17,229,24.633333333333333,1.8464962244033813,0.874420888059531
BH_s29_low,17,230,24.666666666666668,1.3008232116699219,0.7188383781189911
BH_s29_low,17,231,24.7,0.6762223243713379,0.5270447472152593
BH_s29_low,17,232,24.733333333333334,0.13054931163787842,0.34003697332869953
BH_s29_low,17,233,24.766666666666666,-0.16353514790534973,0.18782079708847413
BH_s29_low,17,234,24.8,-0.27452439069747925,0.08700479054952567
BH_s29_low,17,235,24.833333333333332,-0.27452439069747925,0.0414124226948975
BH_s29_low,17,236,24.866666666666667,-0.27452439069747925,0.045137268208062575
BH_s29_low,17,237,24.9,-0.31229501962661743,0.08683230508192405
BH_s29_low,17,238,24.933333333333334,-0.5033734440803528,0.15354124148392218
BH_s29_low,17,239,24.966666666666665,-0.7023863196372986,0.23276282206217974
BH_s29_low,18,0,18.0,0.9625141620635986,-0.15642720416418343
BH_s29_low,18,1,18.033333333333335,0.4957689642906189,-0.10665105583845322
BH_s29_low,18,2,18.066666666666666,0.13831530511379242,-0.08928363727278742
BH_s29_low,18,3,18.1,-0.06583059579133987,-0.12717717541612775
BH_s29_low,18,4,18.133333333333333,-0.1166687086224556,-0.2236065699074232
BH_s29_low,18,5,18.166666666666668,-0.14021052420139313,-0.36398744052945825
BH_s29_low,18,6,18.2,-0.2168644219636917,-0.5246017275523429
BH_s29_low,18,7,18.233333333333334,-0.3724461495876312,-0.6831970728883199
BH_s29_low,18,8,18.266666666666666,-0.5447478294372559,-0.826161826112632
BH_s29_low,18,9,18.3,-0.76253741979599,-0.9495515840436594
BH_s29_low,18,10,18.333333333333332,-0.9970470070838928,-1.0544039686711488
BH_s29_low,18,11,18.366666666666667,-1.1526286602020264,-1.1390569103717012
BH_s29_low,18,12,18.4,-1.3005863428115845,-1.1920714770132717
BH_s29_low,18,13,18.433333333333334,-1.2952361106872559,-1.1891612028065297
BH_s29_low,18,14,18.466666666666665,-0.9694936871528625,-1.0966080634379842
BH_s29_low,18,15,18.5,-0.03212475776672363,-0.8817521122443225
BH_s29_low,18,16,18.533333333333335,1.0569473505020142,-0.5281918703053536
BH_s29_low,18,17,18.566666666666666,1.7663625478744507,-0.050201299260574116
BH_s29_low,18,18,18.6,1.935455083847046,0.5007658430568732
BH_s29_low,18,19,18.633333333333333,1.565696358680725,1.0428505092173448
BH_s29_low,18,20,18.666666666666668,1.1095186471939087,1.4837404560116616
BH_s29_low,18,21,18.7,0.6322060823440552,1.7471720533084987
BH_s29_low,18,22,18.733333333333334,0.16546088457107544,1.7954649898636348
BH_s29_low,18,23,18.766666666666666,-0.03774087131023407,1.6387180752739012
BH_s29_low,18,24,18.8,-0.17593328654766083,1.3272762450685165
BH_s29_low,18,25,18.833333333333332,-0.19559654593467712,0.9316190629507867
BH_s29_low,18,26,18.866666666666667,-0.19559654593467712,0.518890404669572
BH_s29_low,18,27,18.9,-0.32696712017059326,0.13565955684354541
BH_s29_low,18,28,18.933333333333334,-0.5327175855636597,-0.19753724815327578
BH_s29_low,18,29,18.966666666666665,-0.7170584201812744,-0.48006802795182657
BH_s29_low,18,30,19.0,-0.9515679478645325,-0.7181064930149949
BH_s29_low,18,31,19.033333333333335,-1.1071497201919556,-0.9110368438571892
BH_s29_low,18,32,19.066666666666666,-1.2627314329147339,-1.0432627942590391
BH_s29_low,18,33,19.1,-1.3393852710723877,-1.085025351244373
BH_s29_low,18,34,19.133333333333333,-1.4219168424606323,-1.0026164939963718
BH_s29_low,18,35,19.166666666666668,-1.1978329420089722,-0.7748285101376226
BH_s29_low,18,36,19.2,-0.3983727991580963,-0.40936400363938996
BH_s29_low,18,37,19.233333333333334,0.6437485814094543,0.04848842784905644
BH_s29_low,18,38,19.266666666666666,1.5716050863265991,0.5209847997977449
BH_s29_low,18,39,19.3,1.935455083847046,0.9174972733812746
BH_s29_low,18,40,19.333333333333332,1.7089554071426392,1.1615475836982438
BH_s29_low,18,41,19.366666666666667,1.2216027975082397,1.2135552848625726
BH_s29_low,18,42,19.4,0.6965371370315552,1.0795143824106899
BH_s29_low,18,43,19.433333333333334,0.24585148692131042,0.8029984204204349
BH_s29_low,18,44,19.466666666666665,-0.03774087131023407,0.44577181465942584
BH_s29_low,18,45,19.5,-0.03774087131023407,0.066663517615212
BH_s29_low,18,46,19.533333333333335,-0.03774087131023407,-0.2926126807683892
BH_s29_low,18,47,19.566666666666666,-0.03774087131023407,-0.6106994047727997
BH_s29_low,18,48,19.6,-0.12135844677686691,-0.8801962070716359
BH_s29_low,18,49,19.633333333333333,-0.2793559730052948,-1.0965384106685268
BH_s29_low,18,50,19.666666666666668,-0.5114497542381287,-1.2481174428799042
BH_s29_low,18,51,19.7,-0.667031466960907,-1.3124743629770617
BH_s29_low,18,52,19.733333333333334,-0.9015410542488098,-1.2609015725286217
BH_s29_low,18,53,19.766666666666666,-1.0571227073669434,-1.0702767422184105
BH_s29_low,18,54,19.8,-1.1337766647338867,-0.7372318303283326
BH_s29_low,18,55,19.833333333333332,-0.9284029603004456,-0.2878726161894392
BH_s29_low,18,56,19.866666666666667,-0.19767995178699493,0.2222404230619658
BH_s29_low,18,57,19.9,0.798962414264679,0.7188909563090407
BH_s29_low,18,58,19.933333333333334,1.6264724731445312,1.1269962748518088
BH_s29_low,18,59,19.966666666666665,1.935455083847046,1.3887494991350606
BH_s29_low,18,60,20.0,1.6875367164611816,1.47597741294707
BH_s29_low,18,61,20.033333333333335,1.2207915782928467,1.393422827878999
BH_s29_low,18,62,20.066666666666666,0.6751185655593872,1.1729726882976739
BH_s29_low,18,63,20.1,0.1789538711309433,0.8615677881599791
BH_s29_low,18,64,20.133333333333333,-0.03774087131023407,0.5072017807065428
BH_s29_low,18,65,20.166666666666668,-0.1166687086224556,0.1477560049372588
BH_s29_low,18,66,20.2,-0.07398226112127304,-0.19370865167510837
BH_s29_low,18,67,20.233333333333334,-0.1166687086224556,-0.5060650843059442
BH_s29_low,18,68,20.266666666666666,-0.2337350994348526,-0.781690430729347
BH_s29_low,18,69,20.3,-0.3893168270587921,-1.0070663164449152
BH_s29_low,18,70,20.333333333333332,-0.5448985695838928,-1.1575656554051459
BH_s29_low,18,71,20.366666666666667,-0.7794080972671509,-1.1999216679442875
BH_s29_low,18,72,20.4,-0.9349898099899292,-1.1025743452500258
BH_s29_low,18,73,20.433333333333334,-1.063802719116211,-0.8503954274147054
BH_s29_low,18,74,20.466666666666665,-0.9358852505683899,-0.4577028816679075
BH_s29_low,18,75,20.5,-0.32127562165260315,0.026740854687172393
BH_s29_low,18,76,20.533333333333335,0.7333104014396667,0.5264352327801178
BH_s29_low,18,77,20.566666666666666,1.6904356479644775,0.9545621573329682
BH_s29_low,18,78,20.6,2.093310832977295,1.236310383409167
BH_s29_low,18,79,20.633333333333333,1.9750076532363892,1.327934048435618
BH_s29_low,18,80,20.666666666666668,1.5082625150680542,1.2259067849997356
BH_s29_low,18,81,20.7,0.9625895023345947,0.9636968843496947
BH_s29_low,18,82,20.733333333333334,0.4232197105884552,0.5982000325666075
BH_s29_low,18,83,20.766666666666666,0.03715769201517105,0.19130996354151114
BH_s29_low,18,84,20.8,-0.03774087131023407,-0.206351759295956
BH_s29_low,18,85,20.833333333333332,-0.03774087131023407,-0.5636256918865736
BH_s29_low,18,86,20.866666666666667,-0.03774087131023407,-0.8666761460855343
BH_s29_low,18,87,20.9,-0.1166687086224556,-1.1090616677825147
BH_s29_low,18,88,20.933333333333334,-0.338771253824234,-1.2802638934632578
BH_s29_low,18,89,20.966666666666665,-0.5016934871673584,-1.3595810730195357
BH_s29_low,18,90,21.0,-0.7243146300315857,-1.3193478768775482
BH_s29_low,18,91,21.033333333333335,-0.8917847275733948,-1.1366038067344504
BH_s29_low,18,92,21.066666666666666,-1.1098580360412598,-0.8080358934012127
BH_s29_low,18,93,21.1,-1.0825129747390747,-0.3607387314170248
BH_s29_low,18,94,21.133333333333333,-0.6162288784980774,0.14793618262803948
BH_s29_low,18,95,21.166666666666668,0.2962772846221924,0.6433942142250654
BH_s29_low,18,96,21.2,1.441019058227539,1.0542480180766032
BH_s29_low,18,97,21.233333333333334,2.088820457458496,1.3303679096805165
BH_s29_low,18,98,21.266666666666666,2.1233906745910645,1.4511895913013992
BH_s29_low,18,99,21.3,1.7168055772781372,1.4234055708338547
BH_s29_low,18,100,21.333333333333332,1.2500604391098022,1.272262758125261
BH_s29_low,18,101,21.366666666666667,0.7043874263763428,1.03193046276117
BH_s29_low,18,102,21.4,0.19846642017364502,0.7382899513538029
BH_s29_low,18,103,21.433333333333334,-0.03774087131023407,0.42445982232864
BH_s29_low,18,104,21.466666666666665,-0.1166687086224556,0.11779741530530707
BH_s29_low,18,105,21.5,-0.1166687086224556,-0.16249268732542174
BH_s29_low,18,106,21.533333333333335,-0.19559654593467712,-0.4066652621634684
BH_s29_low,18,107,21.566666666666666,-0.30290666222572327,-0.6134272425918613
BH_s29_low,18,108,21.6,-0.48459669947624207,-0.786107824653264
BH_s29_low,18,109,21.633333333333333,-0.7168323397636414,-0.9269628428556673
BH_s29_low,18,110,21.666666666666668,-0.9275075197219849,-1.031612413820185
BH_s29_low,18,111,21.7,-1.1023757457733154,-1.0859282935638546
BH_s29_low,18,112,21.733333333333334,-1.3005863428115845,-1.0673455315303524
BH_s29_low,18,113,21.766666666666666,-1.1774427890777588,-0.9513908304633557
BH_s29_low,18,114,21.8,-0.5029834508895874,-0.7222096231030369
BH_s29_low,18,115,21.833333333333332,0.5173514485359192,-0.3836728144800583
BH_s29_low,18,116,21.866666666666667,1.6514105796813965,0.03369639650988677
BH_s29_low,18,117,21.9,2.17223858833313,0.47416879026298686
BH_s29_low,18,118,21.933333333333334,2.0042765140533447,0.8679793246796349
BH_s29_low,18,119,21.966666666666665,1.5375313758850098,1.1492949083993438
BH_s29_low,18,120,22.0,0.9930374026298523,1.2743098976127227
BH_s29_low,18,121,22.033333333333335,0.44618529081344604,1.2321580342240763
BH_s29_low,18,122,22.066666666666666,-0.020559875294566154,1.0447390090226887
BH_s29_low,18,123,22.1,-0.18759559094905853,0.7566340326210654
BH_s29_low,18,124,22.133333333333333,-0.19559654593467712,0.4198843605658482
BH_s29_low,18,125,22.166666666666668,-0.19559654593467712,0.07941225430448068
BH_s29_low,18,126,22.2,-0.27452439069747925,-0.2362824842415699
BH_s29_low,18,127,22.233333333333334,-0.41528329253196716,-0.516817211123773
BH_s29_low,18,128,22.266666666666666,-0.6497928500175476,-0.764196487654358
BH_s29_low,18,129,22.3,-0.8626577854156494,-0.9821454419280261
BH_s29_low,18,130,22.333333333333332,-1.0398842096328735,-1.1648016617483723
BH_s29_low,18,131,22.366666666666667,-1.1954659223556519,-1.2898220510017127
BH_s29_low,18,132,22.4,-1.3510476350784302,-1.3200384490203079
BH_s29_low,18,133,22.433333333333334,-1.4102545976638794,-1.2148156274055633
BH_s29_low,18,134,22.466666666666665,-1.038004755973816,-0.9478440119165844
BH_s29_low,18,135,22.5,-0.17054325342178345,-0.5242754545044104
BH_s29_low,18,136,22.533333333333335,1.0410960912704468,0.010892010782670207
BH_s29_low,18,137,22.566666666666666,1.9339656829833984,0.5784573017699682
BH_s29_low,18,138,22.6,2.13542103767395,1.084138437082951
BH_s29_low,18,139,22.633333333333333,1.7528963088989258,1.4444655595779405
BH_s29_low,18,140,22.666666666666668,1.2538813352584839,1.6093784474873443
BH_s29_low,18,141,22.7,0.6315544843673706,1.5728809543476021
BH_s29_low,18,142,22.733333333333334,0.11587721854448318,1.368805794723805
BH_s29_low,18,143,22.766666666666666,-0.16756442189216614,1.0552162569809913
BH_s29_low,18,144,22.8,-0.27452439069747925,0.6946232111489531
BH_s29_low,18,145,22.833333333333332,-0.27452439069747925,0.3372298750480387
BH_s29_low,18,146,22.866666666666667,-0.35345223546028137,0.011961412598824281
BH_s29_low,18,147,22.9,-0.4487321078777313,-0.27334195347966866
BH_s29_low,18,148,22.933333333333334,-0.6183919310569763,-0.5241815673184846
BH_s29_low,18,149,22.966666666666665,-0.8388233780860901,-0.7477126516873266
BH_s29_low,18,150,23.0,-1.0733329057693481,-0.941598869994871
BH_s29_low,18,151,23.033333333333335,-1.228914737701416,-1.087698836756477
BH_s29_low,18,152,23.066666666666666,-1.3844964504241943,-1.1535949342739873
BH_s29_low,18,153,23.1,-1.5400781631469727,-1.102534360299535
BH_s29_low,18,154,23.133333333333333,-1.6158632040023804,-0.9090693182414884
BH_s29_low,18,155,23.166666666666668,-1.3061050176620483,-0.5746670027224354
BH_s29_low,18,156,23.2,-0.30331897735595703,-0.13632056344631094
BH_s29_low,18,157,23.233333333333334,0.8582934737205505,0.3370034610538608
BH_s29_low,18,158,23.266666666666666,1.8132201433181763,0.7604444174907696
BH_s29_low,18,159,23.3,2.014382839202881,1.056499553184339
BH_s29_low,18,160,23.333333333333332,1.6593717336654663,1.1763927698574874
BH_s29_low,18,161,23.366666666666667,1.0502541065216064,1.1110572932455776
BH_s29_low,18,162,23.4,0.4279271960258484,0.8881543432717829
BH_s29_low,18,163,23.433333333333334,0.0023214761167764664,0.558049645633611
BH_s29_low,18,164,23.466666666666665,-0.2522192597389221,0.1761570947614299
BH_s29_low,18,165,23.5,-0.35345223546028137,-0.2104818913725359
BH_s29_low,18,166,23.533333333333335,-0.27452439069747925,-0.5679281430555169
BH_s29_low,18,167,23.566666666666666,-0.27452439069747925,-0.871988584991339
BH_s29_low,18,168,23.6,-0.3220512866973877,-1.101308837122733
BH_s29_low,18,169,23.633333333333333,-0.4776330292224884,-1.2325390748629248
BH_s29_low,18,170,23.666666666666668,-0.7121425867080688,-1.2413187372225527
BH_s29_low,18,171,23.7,-0.9084293842315674,-1.1094162728034562
BH_s29_low,18,172,23.733333333333334,-1.10223388671875,-0.8351485181699668
BH_s29_low,18,173,23.766666666666666,-1.2578155994415283,-0.44195168988784034
BH_s29_low,18,174,23.8,-1.3456308841705322,0.020566243484116113
BH_s29_low,18,175,23.833333333333332,-0.984684407711029,0.4860023464238751
BH_s29_low,18,176,23.866666666666667,-0.09851261973381042,0.8880478421801463
BH_s29_low,18,177,23.9,1.0469560623168945,1.1772013997799253
BH_s29_low,18,178,23.933333333333334,1.930889368057251,1.3298110214975762
BH_s29_low,18,179,23.966666666666665,2.0707972049713135,1.3466831861440511
BH_s29_low,18,180,24.0,1.696641445159912,1.244369776223588
BH_s29_low,18,181,24.033333333333335,1.0743145942687988,1.045292683986115
BH_s29_low,18,182,24.066666666666666,0.38875141739845276,0.7713835767991898
BH_s29_low,18,183,24.1,-0.06457614153623581,0.4423614708383122
BH_s29_low,18,184,24.133333333333333,-0.27452439069747925,0.0774268037188884
BH_s29_low,18,185,24.166666666666668,-0.27452439069747925,-0.30142132446517667
BH_s29_low,18,186,24.2,-0.27452439069747925,-0.666077115096967
BH_s29_low,18,187,24.233333333333334,-0.27452439069747925,-0.9806235066001044
BH_s29_low,18,188,24.266666666666666,-0.35550010204315186,-1.2030184185505188
BH_s29_low,18,189,24.3,-0.5897836089134216,-1.2915702936755076
BH_s29_low,18,190,24.333333333333332,-0.745591402053833,-1.2158979550417008
BH_s29_low,18,191,24.366666666666667,-0.9801009297370911,-0.9694254825979471
BH_s29_low,18,192,24.4,-1.2075625658035278,-0.5782172149723487
BH_s29_low,18,193,24.433333333333334,-1.3005863428115845,-0.10085749279964348
BH_s29_low,18,194,24.466666666666665,-0.9523304104804993,0.38294378777400173
BH_s29_low,18,195,24.5,-0.12095958739519119,0.7922034934041086
BH_s29_low,18,196,24.533333333333335,1.0959546566009521,1.065444246051753
BH_s29_low,18,197,24.566666666666666,2.0196399688720703,1.173976748863035
BH_s29_low,18,198,24.6,2.192930221557617,1.1233809195004498
BH_s29_low,18,199,24.633333333333333,1.8464962244033813,0.9446904559734486
BH_s29_low,18,200,24.666666666666668,1.3008232116699219,0.680316856605595
BH_s29_low,18,201,24.7,0.6762223243713379,0.3703955285075183
BH_s29_low,18,202,24.733333333333334,0.13054931163787842,0.04411032012500061
BH_s29_low,18,203,24.766666666666666,-0.16353514790534973,-0.2817487163725648
BH_s29_low,18,204,24.8,-0.27452439069747925,-0.5976956390342837
BH_s29_low,18,205,24.833333333333332,-0.27452439069747925,-0.8931737805413361
BH_s29_low,18,206,24.866666666666667,-0.27452439069747925,-1.14926502457274
BH_s29_low,18,207,24.9,-0.31229501962661743,-1.3362063850353654
BH_s29_low,18,208,24.933333333333334,-0.5033734440803528,-1.4173901570691945
BH_s29_low,18,209,24.966666666666665,-0.7023863196372986,-1.3590273042763432
BH_s29_low,18,210,25.0,-0.9368958473205566,-1.142603164369883
BH_s29_low,18,211,25.033333333333335,-1.1714054346084595,-0.7759340704301555
BH_s29_low,18,212,25.066666666666666,-1.2741854190826416,-0.29823828157287946
BH_s29_low,18,213,25.1,-0.9431681632995605,0.2242488202620751
BH_s29_low,18,214,25.133333333333333,-0.04262573644518852,0.7125853248611598
BH_s29_low,18,215,25.166666666666668,1.1449532508850098,1.0954586602060008
BH_s29_low,18,216,25.2,2.0489931106567383,1.3278006537091598
BH_s29_low,18,217,25.233333333333334,2.221104145050049,1.399800490555797
BH_s29_low,18,218,25.266666666666666,1.8182557821273804,1.3332369090336396
BH_s29_low,18,219,25.3,1.2620995044708252,1.1684311217458443
BH_s29_low,18,220,25.333333333333332,0.6397725939750671,0.9487245247747488
BH_s29_low,18,221,25.366666666666667,0.10824418067932129,0.7088027835173017
BH_s29_low,18,222,25.4,-0.12399142980575562,0.46975474928513405
BH_s29_low,18,223,25.433333333333334,-0.27452439069747925,0.2403511792843117
BH_s29_low,18,224,25.466666666666665,-0.27452439069747925,0.02257761457690615
BH_s29_low,18,225,25.5,-0.27452439069747925,-0.18105929741683252
BH_s29_low,18,226,25.533333333333335,-0.34801778197288513,-0.36175607798743886
BH_s29_low,18,227,25.566666666666666,-0.5035995244979858,-0.5033434778549865
BH_s29_low,18,228,25.6,-0.7281267046928406,-0.5867905996960041
BH_s29_low,18,229,25.633333333333333,-0.8936907649040222,-0.5980838186389382
BH_s29_low,18,230,25.666666666666668,-1.1282004117965698,-0.5356194454108211
BH_s29_low,18,231,25.7,-1.2837821245193481,-0.41363916279403545
BH_s29_low,18,232,25.733333333333334,-0.9033318758010864,-0.2601044171023197
BH_s29_low,18,233,25.766666666666666,-0.02934993803501129,-0.1096468208839405
BH_s29_low,18,234,25.8,1.1386499404907227,0.006041638831548416
BH_s29_low,18,235,25.833333333333332,1.936682939529419,0.06689169153404421
BH_s29_low,18,236,25.866666666666667,2.0425570011138916,0.06849675463557812
BH_s29_low,18,237,25.9,1.6321595907211304,0.019766239683767457
BH_s29_low,18,238,25.933333333333334,1.086486577987671,-0.06352532472315739
BH_s29_low,18,239,25.966666666666665,0.4968815743923187,-0.16448800439848585
BH_s29_low,19,0,19.0,-0.9515679478645325,0.11951773631639562
BH_s29_low,19,1,19.033333333333335,-1.1071497201919556,0.08855349565810688
BH_s29_low,19,2,19.066666666666666,-1.2627314329147339,0.0440091191344399
BH_s29_low,19,3,19.1,-1.3393852710723877,-0.012829467597381877
BH_s29_low,19,4,19.133333333333333,-1.4219168424606323,-0.06027895329646079
BH_s29_low,19,5,19.166666666666668,-1.1978329420089722,-0.0629825653306177
BH_s29_low,19,6,19.2,-0.3983727991580963,0.010519422808312766
BH_s29_low,19,7,19.233333333333334,0.6437485814094543,0.1681391018657467
BH_s29_low,19,8,19.266666666666666,1.5716050863265991,0.3835634740060432
BH_s29_low,19,9,19.3,1.935455083847046,0.6015573419346608
BH_s29_low,19,10,19.333333333333332,1.7089554071426392,0.7575010434969011
BH_s29_low,19,11,19.366666666666667,1.2216027975082397,0.8014449069109231
BH_s29_low,19,12,19.4,0.6965371370315552,0.7149312743118789
BH_s29_low,19,13,19.433333333333334,0.24585148692131042,0.5134788340418674
BH_s29_low,19,14,19.466666666666665,-0.03774087131023407,0.23575146466319075
BH_s29_low,19,15,19.5,-0.03774087131023407,-0.07323042411053313
BH_s29_low,19,16,19.533333333333335,-0.03774087131023407,-0.3764880027517596
BH_s29_low,19,17,19.566666666666666,-0.03774087131023407,-0.651851276460856
BH_s29_low,19,18,19.6,-0.12135844677686691,-0.8899418057643455
BH_s29_low,19,19,19.633333333333333,-0.2793559730052948,-1.0857545667993476
BH_s29_low,19,20,19.666666666666668,-0.5114497542381287,-1.2286840626631932
BH_s29_low,19,21,19.7,-0.667031466960907,-1.2966300741661743
BH_s29_low,19,22,19.733333333333334,-0.9015410542488098,-1.2584267865964762
BH_s29_low,19,23,19.766666666666666,-1.0571227073669434,-1.0851411017924264
BH_s29_low,19,24,19.8,-1.1337766647338867,-0.7658936541556286
BH_s29_low,19,25,19.833333333333332,-0.9284029603004456,-0.32056807939550863
BH_s29_low,19,26,19.866666666666667,-0.19767995178699493,0.19756424720829907
BH_s29_low,19,27,19.9,0.798962414264679,0.7118596847986131
BH_s29_low,19,28,19.933333333333334,1.6264724731445312,1.1416311549537086
BH_s29_low,19,29,19.966666666666665,1.935455083847046,1.4233653468992653
BH_s29_low,19,30,20.0,1.6875367164611816,1.5261578110298246
BH_s29_low,19,31,20.033333333333335,1.2207915782928467,1.4564730491299038
BH_s29_low,19,32,20.066666666666666,0.6751185655593872,1.2512245012342789
BH_s29_low,19,33,20.1,0.1789538711309433,0.9622102449032862
BH_s29_low,19,34,20.133333333333333,-0.03774087131023407,0.6382419319100967
BH_s29_low,19,35,20.166666666666668,-0.1166687086224556,0.3120925795280459
BH_s29_low,19,36,20.2,-0.07398226112127304,-0.003203433940189091
BH_s29_low,19,37,20.233333333333334,-0.1166687086224556,-0.30849867555786775
BH_s29_low,19,38,20.266666666666666,-0.2337350994348526,-0.6066412415785952
BH_s29_low,19,39,20.3,-0.3893168270587921,-0.8900184767830551
BH_s29_low,19,40,20.333333333333332,-0.5448985695838928,-1.1330372325175009
BH_s29_low,19,41,20.366666666666667,-0.7794080972671509,-1.2932819729629303
BH_s29_low,19,42,20.4,-0.9349898099899292,-1.3220183553639435
BH_s29_low,19,43,20.433333333333334,-1.063802719116211,-1.181143018028168
BH_s29_low,19,44,20.466666666666665,-0.9358852505683899,-0.8607362681705276
BH_s29_low,19,45,20.5,-0.32127562165260315,-0.3903092928179665
BH_s29_low,19,46,20.533333333333335,0.7333104014396667,0.1615912869296373
BH_s29_low,19,47,20.566666666666666,1.6904356479644775,0.7008894982874241
BH_s29_low,19,48,20.6,2.093310832977295,1.131175787363199
BH_s29_low,19,49,20.633333333333333,1.9750076532363892,1.3790888347747459
BH_s29_low,19,50,20.666666666666668,1.5082625150680542,1.4129015698015608
BH_s29_low,19,51,20.7,0.9625895023345947,1.247564311052132
BH_s29_low,19,52,20.733333333333334,0.4232197105884552,0.9348833124058594
BH_s29_low,19,53,20.766666666666666,0.03715769201517105,0.5434719402483885
BH_s29_low,19,54,20.8,-0.03774087131023407,0.13673528262360715
BH_s29_low,19,55,20.833333333333332,-0.03774087131023407,-0.2426710871325226
BH_s29_low,19,56,20.866666666666667,-0.03774087131023407,-0.5764760912142721
BH_s29_low,19,57,20.9,-0.1166687086224556,-0.8623941908969917
BH_s29_low,19,58,20.933333333333334,-0.338771253824234,-1.0992381830948301
BH_s29_low,19,59,20.966666666666665,-0.5016934871673584,-1.2740588885302828
BH_s29_low,19,60,21.0,-0.7243146300315857,-1.3582557425306472
BH_s29_low,19,61,21.033333333333335,-0.8917847275733948,-1.3149200017686633
BH_s29_low,19,62,21.066666666666666,-1.1098580360412598,-1.1146023866422468
BH_s29_low,19,63,21.1,-1.0825129747390747,-0.7529512167536833
BH_s29_low,19,64,21.133333333333333,-0.6162288784980774,-0.2622472262814698
BH_s29_low,19,65,21.166666666666668,0.2962772846221924,0.2894128067071034
BH_s29_low,19,66,21.2,1.441019058227539,0.812772065301054
BH_s29_low,19,67,21.233333333333334,2.088820457458496,1.2212671551575842
BH_s29_low,19,68,21.266666666666666,2.1233906745910645,1.4547419697122184
BH_s29_low,19,69,21.3,1.7168055772781372,1.4935120307852499
BH_s29_low,19,70,21.333333333333332,1.2500604391098022,1.3583062278709273
BH_s29_low,19,71,21.366666666666667,0.7043874263763428,1.0982307958847313
BH_s29_low,19,72,21.4,0.19846642017364502,0.7729044618586233
BH_s29_low,19,73,21.433333333333334,-0.03774087131023407,0.43540771482380913
BH_s29_low,19,74,21.466666666666665,-0.1166687086224556,0.12089922056677735
BH_s29_low,19,75,21.5,-0.1166687086224556,-0.15688395651355333
BH_s29_low,19,76,21.533333333333335,-0.19559654593467712,-0.40146056064846347
BH_s29_low,19,77,21.566666666666666,-0.30290666222572327,-0.6238497677185533
BH_s29_low,19,78,21.6,-0.48459669947624207,-0.8306170999674247
BH_s29_low,19,79,21.633333333333333,-0.7168323397636414,-1.013908386684874
BH_s29_low,19,80,21.666666666666668,-0.9275075197219849,-1.147647130359494
BH_s29_low,19,81,21.7,-1.1023757457733154,-1.19258488316423
BH_s29_low,19,82,21.733333333333334,-1.3005863428115845,-1.109731775728618
BH_s29_low,19,83,21.766666666666666,-1.1774427890777588,-0.8778862614386665
BH_s29_low,19,84,21.8,-0.5029834508895874,-0.5082506445927534
BH_s29_low,19,85,21.833333333333332,0.5173514485359192,-0.04902752053280755
BH_s29_low,19,86,21.866666666666667,1.6514105796813965,0.423828814267406
BH_s29_low,19,87,21.9,2.17223858833313,0.8275323666924916
BH_s29_low,19,88,21.933333333333334,2.0042765140533447,1.0967207750784127
BH_s29_low,19,89,21.966666666666665,1.5375313758850098,1.2006648588018394
BH_s29_low,19,90,22.0,0.9930374026298523,1.1471603420508059
BH_s29_low,19,91,22.033333333333335,0.44618529081344604,0.9736438038976755
BH_s29_low,19,92,22.066666666666666,-0.020559875294566154,0.7308767891923683
BH_s29_low,19,93,22.1,-0.18759559094905853,0.4659262506656071
BH_s29_low,19,94,22.133333333333333,-0.19559654593467712,0.2099807873793114
BH_s29_low,19,95,22.166666666666668,-0.19559654593467712,-0.026002513499058848
BH_s29_low,19,96,22.2,-0.27452439069747925,-0.24762706303712156
BH_s29_low,19,97,22.233333333333334,-0.41528329253196716,-0.4675044341100508
BH_s29_low,19,98,22.266666666666666,-0.6497928500175476,-0.6934557983419638
BH_s29_low,19,99,22.3,-0.8626577854156494,-0.91854163583749
BH_s29_low,19,100,22.333333333333332,-1.0398842096328735,-1.1163851098277298
BH_s29_low,19,101,22.366666666666667,-1.1954659223556519,-1.2438693582527909
BH_s29_low,19,102,22.4,-1.3510476350784302,-1.2514105054887312
BH_s29_low,19,103,22.433333333333334,-1.4102545976638794,-1.0987626131083432
BH_s29_low,19,104,22.466666666666665,-1.038004755973816,-0.7719978605101012
BH_s29_low,19,105,22.5,-0.17054325342178345,-0.29567414523417385
BH_s29_low,19,106,22.533333333333335,1.0410960912704468,0.2656543546038676
BH_s29_low,19,107,22.566666666666666,1.9339656829833984,0.8194548085726736
BH_s29_low,19,108,22.6,2.13542103767395,1.2682052620248363
BH_s29_low,19,109,22.633333333333333,1.7528963088989258,1.5356796323173298
BH_s29_low,19,110,22.666666666666668,1.2538813352584839,1.5870101033996873
BH_s29_low,19,111,22.7,0.6315544843673706,1.4352936792366653
BH_s29_low,19,112,22.733333333333334,0.11587721854448318,1.1328262177269246
BH_s29_low,19,113,22.766666666666666,-0.16756442189216614,0.7510961849851192
BH_s29_low,19,114,22.8,-0.27452439069747925,0.35785202815364237
BH_s29_low,19,115,22.833333333333332,-0.27452439069747925,-5.036397368435308e-05
BH_s29_low,19,116,22.866666666666667,-0.35345223546028137,-0.3028173358804472
BH_s29_low,19,117,22.9,-0.4487321078777313,-0.5527887560112168
BH_s29_low,19,118,22.933333333333334,-0.6183919310569763,-0.7622524055375131
BH_s29_low,19,119,22.966666666666665,-0.8388233780860901,-0.9395965420897984
BH_s29_low,19,120,23.0,-1.0733329057693481,-1.0791266346546935
BH_s29_low,19,121,23.033333333333335,-1.228914737701416,-1.1582074027794986
BH_s29_low,19,122,23.066666666666666,-1.3844964504241943,-1.1429908838096758
BH_s29_low,19,123,23.1,-1.5400781631469727,-1.0012872966582957
BH_s29_low,19,124,23.133333333333333,-1.6158632040023804,-0.7185319903791056
BH_s29_low,19,125,23.166666666666668,-1.3061050176620483,-0.3109269066179644
BH_s29_low,19,126,23.2,-0.30331897735595703,0.17037252906774614
BH_s29_low,19,127,23.233333333333334,0.8582934737205505,0.6476181879779197
BH_s29_low,19,128,23.266666666666666,1.8132201433181763,1.0358464289434
BH_s29_low,19,129,23.3,2.014382839202881,1.2664413949496491
BH_s29_low,19,130,23.333333333333332,1.6593717336654663,1.3055900092552717
BH_s29_low,19,131,23.366666666666667,1.0502541065216064,1.1603412467194325
BH_s29_low,19,132,23.4,0.4279271960258484,0.8707872289828281
BH_s29_low,19,133,23.433333333333334,0.0023214761167764664,0.4932866163391036
BH_s29_low,19,134,23.466666666666665,-0.2522192597389221,0.08312194968595521
BH_s29_low,19,135,23.5,-0.35345223546028137,-0.316035227779611
BH_s29_low,19,136,23.533333333333335,-0.27452439069747925,-0.6731351872961547
BH_s29_low,19,137,23.566666666666666,-0.27452439069747925,-0.9639018353124083
BH_s29_low,19,138,23.6,-0.3220512866973877,-1.1639043031398186
BH_s29_low,19,139,23.633333333333333,-0.4776330292224884,-1.2460481414357152
BH_s29_low,19,140,23.666666666666668,-0.7121425867080688,-1.1850093269776882
BH_s29_low,19,141,23.7,-0.9084293842315674,-0.9673374259263651
BH_s29_low,19,142,23.733333333333334,-1.10223388671875,-0.603062233333714
BH_s29_low,19,143,23.766666666666666,-1.2578155994415283,-0.13306436420732617
BH_s29_low,19,144,23.8,-1.3456308841705322,0.3733709629372255
BH_s29_low,19,145,23.833333333333332,-0.984684407711029,0.832934184787459
BH_s29_low,19,146,23.866666666666667,-0.09851261973381042,1.1702373280407288
BH_s29_low,19,147,23.9,1.0469560623168945,1.337981332623174
BH_s29_low,19,148,23.933333333333334,1.930889368057251,1.326679771779811
BH_s29_low,19,149,23.966666666666665,2.0707972049713135,1.1607590842641264
BH_s29_low,19,150,24.0,1.696641445159912,0.8844027278225672
BH_s29_low,19,151,24.033333333333335,1.0743145942687988,0.5445762528689247
BH_s29_low,19,152,24.066666666666666,0.38875141739845276,0.17854554574238163
BH_s29_low,19,153,24.1,-0.06457614153623581,-0.19008893374764316
BH_s29_low,19,154,24.133333333333333,-0.27452439069747925,-0.5469996634769769
BH_s29_low,19,155,24.166666666666668,-0.27452439069747925,-0.8778943498409211
BH_s29_low,19,156,24.2,-0.27452439069747925,-1.1595850094644673
BH_s29_low,19,157,24.233333333333334,-0.27452439069747925,-1.3562879648392254
BH_s29_low,19,158,24.266666666666666,-0.35550010204315186,-1.4242158899575088
BH_s29_low,19,159,24.3,-0.5897836089134216,-1.3242933773942624
BH_s29_low,19,160,24.333333333333332,-0.745591402053833,-1.0389831662989328
BH_s29_low,19,161,24.366666666666667,-0.9801009297370911,-0.586331017337942
BH_s29_low,19,162,24.4,-1.2075625658035278,-0.024104246177208986
BH_s29_low,19,163,24.433333333333334,-1.3005863428115845,0.5598054977882877
BH_s29_low,19,164,24.466666666666665,-0.9523304104804993,1.0685990926686495
BH_s29_low,19,165,24.5,-0.12095958739519119,1.4217597233127188
BH_s29_low,19,166,24.533333333333335,1.0959546566009521,1.574630200504651
BH_s29_low,19,167,24.566666666666666,2.0196399688720703,1.5255465909561965
BH_s29_low,19,168,24.6,2.192930221557617,1.3096211554458894
BH_s29_low,19,169,24.633333333333333,1.8464962244033813,0.9835283232306021
BH_s29_low,19,170,24.666666666666668,1.3008232116699219,0.6074071354388071
BH_s29_low,19,171,24.7,0.6762223243713379,0.22925214616299244
BH_s29_low,19,172,24.733333333333334,0.13054931163787842,-0.12404607350422217
BH_s29_low,19,173,24.766666666666666,-0.16353514790534973,-0.44653180736597736
BH_s29_low,19,174,24.8,-0.27452439069747925,-0.744187289414968
BH_s29_low,19,175,24.833333333333332,-0.27452439069747925,-1.0207273867797366
BH_s29_low,19,176,24.866666666666667,-0.27452439069747925,-1.2643106744213732
BH_s29_low,19,177,24.9,-0.31229501962661743,-1.4415980656846776
BH_s29_low,19,178,24.933333333333334,-0.5033734440803528,-1.503097642532215
BH_s29_low,19,179,24.966666666666665,-0.7023863196372986,-1.399287968934273
BH_s29_low,19,180,25.0,-0.9368958473205566,-1.1023062758879072
BH_s29_low,19,181,25.033333333333335,-1.1714054346084595,-0.6247390439758485
BH_s29_low,19,182,25.066666666666666,-1.2741854190826416,-0.026748298635998206
BH_s29_low,19,183,25.1,-0.9431681632995605,0.5936397683612736
BH_s29_low,19,184,25.133333333333333,-0.04262573644518852,1.1254426464691156
BH_s29_low,19,185,25.166666666666668,1.1449532508850098,1.4761273507888217
BH_s29_low,19,186,25.2,2.0489931106567383,1.597193679432017
BH_s29_low,19,187,25.233333333333334,2.221104145050049,1.493845646092788
BH_s29_low,19,188,25.266666666666666,1.8182557821273804,1.2161324317855318
BH_s29_low,19,189,25.3,1.2620995044708252,0.8371746198394546
BH_s29_low,19,190,25.333333333333332,0.6397725939750671,0.4284473650701911
BH_s29_low,19,191,25.366666666666667,0.10824418067932129,0.041450345379098974
BH_s29_low,19,192,25.4,-0.12399142980575562,-0.2989973925556041
BH_s29_low,19,193,25.433333333333334,-0.27452439069747925,-0.5896346591952811
BH_s29_low,19,194,25.466666666666665,-0.27452439069747925,-0.835560696124525
BH_s29_low,19,195,25.5,-0.27452439069747925,-1.0351188138589253
BH_s29_low,19,196,25.533333333333335,-0.34801778197288513,-1.169825631551989
BH_s29_low,19,197,25.566666666666666,-0.5035995244979858,-1.2047549822027128
BH_s29_low,19,198,25.6,-0.7281267046928406,-1.1006117311430288
BH_s29_low,19,199,25.633333333333333,-0.8936907649040222,-0.8334502440194772
BH_s29_low,19,200,25.666666666666668,-1.1282004117965698,-0.413849949539893
BH_s29_low,19,201,25.7,-1.2837821245193481,0.10396759006149381
BH_s29_low,19,202,25.733333333333334,-0.9033318758010864,0.6299657065699255
BH_s29_low,19,203,25.766666666666666,-0.02934993803501129,1.0627597392232968
BH_s29_low,19,204,25.8,1.1386499404907227,1.3210770248739216
BH_s29_low,19,205,25.833333333333332,1.936682939529419,1.3678509687283789
BH_s29_low,19,206,25.866666666666667,2.0425570011138916,1.216908275084866
BH_s29_low,19,207,25.9,1.6321595907211304,0.9215410620392026
BH_s29_low,19,208,25.933333333333334,1.086486577987671,0.5519074634585363
BH_s29_low,19,209,25.966666666666665,0.4968815743923187,0.17138672768483024
BH_s29_low,19,210,26.0,0.036798663437366486,-0.17908917940242647
BH_s29_low,19,211,26.033333333333335,-0.27436479926109314,-0.48395925401010464
BH_s29_low,19,212,26.066666666666666,-0.35345223546028137,-0.7440614023676273
BH_s29_low,19,213,26.1,-0.35345223546028137,-0.9614380776063526
BH_s29_low,19,214,26.133333333333333,-0.35345223546028137,-1.1258546938375191
BH_s29_low,19,215,26.166666666666668,-0.46266838908195496,-1.2099161028496217
BH_s29_low,19,216,26.2,-0.6182501316070557,-1.1757667938567924
BH_s29_low,19,217,26.233333333333334,-0.799572229385376,-0.9912074448077798
BH_s29_low,19,218,26.266666666666666,-1.0083414316177368,-0.6486866271563976
BH_s29_low,19,219,26.3,-1.24285089969635,-0.17871306910817172
BH_s29_low,19,220,26.333333333333332,-1.281667709350586,0.34932663637680034
BH_s29_low,19,221,26.366666666666667,-0.901651918888092,0.8413677745413153
BH_s29_low,19,222,26.4,0.048483043909072876,1.2040531610686442
BH_s29_low,19,223,26.433333333333334,1.1398290395736694,1.3722079296069496
BH_s29_low,19,224,26.466666666666665,1.8663499355316162,1.327651095677101
BH_s29_low,19,225,26.5,1.9128086566925049,1.1018374041960848
BH_s29_low,19,226,26.533333333333335,1.4407886266708374,0.7618935902446262
BH_s29_low,19,227,26.566666666666666,0.8184617757797241,0.38672168111955807
BH_s29_low,19,228,26.6,0.27578964829444885,0.04321005647530294
BH_s29_low,19,229,26.633333333333333,-0.11357469111680984,-0.22884134913778242
BH_s29_low,19,230,26.666666666666668,-0.27070343494415283,-0.4193495647921039
BH_s29_low,19,231,26.7,-0.27452439069747925,-0.5399596967584229
BH_s29_low,19,232,26.733333333333334,-0.27452439069747925,-0.6109323826473558
BH_s29_low,19,233,26.766666666666666,-0.27452439069747925,-0.6491372278139323
BH_s29_low,19,234,26.8,-0.35345223546028137,-0.6615581207870984
BH_s29_low,19,235,26.833333333333332,-0.5598543286323547,-0.6455393522918635
BH_s29_low,19,236,26.866666666666667,-0.7306267619132996,-0.5939633544237616
BH_s29_low,19,237,26.9,-0.9651362895965576,-0.501887243754203
BH_s29_low,19,238,26.933333333333334,-1.063802719116211,-0.37136948210824633
BH_s29_low,19,239,26.966666666666665,-0.820950984954834,-0.21279965913729423
BH_s29_low,20,0,20.0,1.6875367164611816,-0.1281627115789631
BH_s29_low,20,1,20.033333333333335,1.2207915782928467,0.27239477875556606
BH_s29_low,20,2,20.066666666666666,0.6751185655593872,0.6140166908138337
BH_s29_low,20,3,20.1,0.1789538711309433,0.8468191587896506
BH_s29_low,20,4,20.133333333333333,-0.03774087131023407,0.9429595640495022
BH_s29_low,20,5,20.166666666666668,-0.1166687086224556,0.8990873969915966
BH_s29_low,20,6,20.2,-0.07398226112127304,0.7318404823354163
BH_s29_low,20,7,20.233333333333334,-0.1166687086224556,0.46989775202833767
BH_s29_low,20,8,20.266666666666666,-0.2337350994348526,0.147177114126342
BH_s29_low,20,9,20.3,-0.3893168270587921,-0.20013754834221423
BH_s29_low,20,10,20.333333333333332,-0.5448985695838928,-0.5331781744483473
BH_s29_low,20,11,20.366666666666667,-0.7794080972671509,-0.8094851359197502
BH_s29_low,20,12,20.4,-0.9349898099899292,-0.9850545639007979
BH_s29_low,20,13,20.433333333333334,-1.063802719116211,-1.0212165901527692
BH_s29_low,20,14,20.466666666666665,-0.9358852505683899,-0.895361614049811
BH_s29_low,20,15,20.5,-0.32127562165260315,-0.6118313544066998
BH_s29_low,20,16,20.533333333333335,0.7333104014396667,-0.20805501099093082
BH_s29_low,20,17,20.566666666666666,1.6904356479644775,0.24832434863169925
BH_s29_low,20,18,20.6,2.093310832977295,0.6730384295847898
BH_s29_low,20,19,20.633333333333333,1.9750076532363892,0.9868024760811791
BH_s29_low,20,20,20.666666666666668,1.5082625150680542,1.1374074108284162
BH_s29_low,20,21,20.7,0.9625895023345947,1.1130825865088165
BH_s29_low,20,22,20.733333333333334,0.4232197105884552,0.9416006859073152
BH_s29_low,20,23,20.766666666666666,0.03715769201517105,0.6761956936875732
BH_s29_low,20,24,20.8,-0.03774087131023407,0.3748142825343504
BH_s29_low,20,25,20.833333333333332,-0.03774087131023407,0.08138674834306399
BH_s29_low,20,26,20.866666666666667,-0.03774087131023407,-0.18367394603229922
BH_s29_low,20,27,20.9,-0.1166687086224556,-0.42097198108957823
BH_s29_low,20,28,20.933333333333334,-0.338771253824234,-0.6403882120164333
BH_s29_low,20,29,20.966666666666665,-0.5016934871673584,-0.8466124788459841
BH_s29_low,20,30,21.0,-0.7243146300315857,-1.0286067679476647
BH_s29_low,20,31,21.033333333333335,-0.8917847275733948,-1.1571357690643704
BH_s29_low,20,32,21.066666666666666,-1.1098580360412598,-1.1913061457760314
BH_s29_low,20,33,21.1,-1.0825129747390747,-1.0922657211181035
BH_s29_low,20,34,21.133333333333333,-0.6162288784980774,-0.8400188099895776
BH_s29_low,20,35,21.166666666666668,0.2962772846221924,-0.44747413475012254
BH_s29_low,20,36,21.2,1.441019058227539,0.0350117673734296
BH_s29_low,20,37,21.233333333333334,2.088820457458496,0.5289153075485765
BH_s29_low,20,38,21.266666666666666,2.1233906745910645,0.9486670397129339
BH_s29_low,20,39,21.3,1.7168055772781372,1.226301394002716
BH_s29_low,20,40,21.333333333333332,1.2500604391098022,1.3294659311120598
BH_s29_low,20,41,21.366666666666667,0.7043874263763428,1.2661787521028485
BH_s29_low,20,42,21.4,0.19846642017364502,1.0763574463975063
BH_s29_low,20,43,21.433333333333334,-0.03774087131023407,0.8156385643136298
BH_s29_low,20,44,21.466666666666665,-0.1166687086224556,0.5383813283517037
BH_s29_low,20,45,21.5,-0.1166687086224556,0.2848306355506056
BH_s29_low,20,46,21.533333333333335,-0.19559654593467712,0.07467696308492483
BH_s29_low,20,47,21.566666666666666,-0.30290666222572327,-0.09284644611505774
BH_s29_low,20,48,21.6,-0.48459669947624207,-0.23336913770397516
BH_s29_low,20,49,21.633333333333333,-0.7168323397636414,-0.3680940070611759
BH_s29_low,20,50,21.666666666666668,-0.9275075197219849,-0.5133858698020431
BH_s29_low,20,51,21.7,-1.1023757457733154,-0.6721828127127669
BH_s29_low,20,52,21.733333333333334,-1.3005863428115845,-0.8296711269117666
BH_s29_low,20,53,21.766666666666666,-1.1774427890777588,-0.9545945446006658
BH_s29_low,20,54,21.8,-0.5029834508895874,-1.0063881025172812
BH_s29_low,20,55,21.833333333333332,0.5173514485359192,-0.9469913128338733
BH_s29_low,20,56,21.866666666666667,1.6514105796813965,-0.754622604361417
BH_s29_low,20,57,21.9,2.17223858833313,-0.4353681185822436
BH_s29_low,20,58,21.933333333333334,2.0042765140533447,-0.02791534562699956
BH_s29_low,20,59,21.966666666666665,1.5375313758850098,0.4020230954217965
BH_s29_low,20,60,22.0,0.9930374026298523,0.7777268557190257
BH_s29_low,20,61,22.033333333333335,0.44618529081344604,1.0332011464192516
BH_s29_low,20,62,22.066666666666666,-0.020559875294566154,1.1317457463497298
BH_s29_low,20,63,22.1,-0.18759559094905853,1.0729114186215802
BH_s29_low,20,64,22.133333333333333,-0.19559654593467712,0.8856540527463466
BH_s29_low,20,65,22.166666666666668,-0.19559654593467712,0.6127686245640886
BH_s29_low,20,66,22.2,-0.27452439069747925,0.29468646432536794
BH_s29_low,20,67,22.233333333333334,-0.41528329253196716,-0.04058622753031192
BH_s29_low,20,68,22.266666666666666,-0.6497928500175476,-0.3778990651424601
BH_s29_low,20,69,22.3,-0.8626577854156494,-0.7065108992466169
BH_s29_low,20,70,22.333333333333332,-1.0398842096328735,-1.0078472228127744
BH_s29_low,20,71,22.366666666666667,-1.1954659223556519,-1.2469057948744389
BH_s29_low,20,72,22.4,-1.3510476350784302,-1.3735297794496342
BH_s29_low,20,73,22.433333333333334,-1.4102545976638794,-1.3353620832132458
BH_s29_low,20,74,22.466666666666665,-1.038004755973816,-1.0986043801696828
BH_s29_low,20,75,22.5,-0.17054325342178345,-0.6681382593314203
BH_s29_low,20,76,22.533333333333335,1.0410960912704468,-0.09728988950602632
BH_s29_low,20,77,22.566666666666666,1.9339656829833984,0.5193057376894537
BH_s29_low,20,78,22.6,2.13542103767395,1.0693658097686942
BH_s29_low,20,79,22.633333333333333,1.7528963088989258,1.4550563279025397
BH_s29_low,20,80,22.666666666666668,1.2538813352584839,1.6207861910798531
BH_s29_low,20,81,22.7,0.6315544843673706,1.5654145651113243
BH_s29_low,20,82,22.733333333333334,0.11587721854448318,1.3350330091742615
BH_s29_low,20,83,22.766666666666666,-0.16756442189216614,1.0013169446308974
BH_s29_low,20,84,22.8,-0.27452439069747925,0.6355561927955357
BH_s29_low,20,85,22.833333333333332,-0.27452439069747925,0.28835992266886323
BH_s29_low,20,86,22.866666666666667,-0.35345223546028137,-0.018931268974512708
BH_s29_low,20,87,22.9,-0.4487321078777313,-0.29027815754591374
BH_s29_low,20,88,22.933333333333334,-0.6183919310569763,-0.5417113897319333
BH_s29_low,20,89,22.966666666666665,-0.8388233780860901,-0.7845660656171028
BH_s29_low,20,90,23.0,-1.0733329057693481,-1.01175285597043
BH_s29_low,20,91,23.033333333333335,-1.228914737701416,-1.192657875550795
BH_s29_low,20,92,23.066666666666666,-1.3844964504241943,-1.2793955122382765
BH_s29_low,20,93,23.1,-1.5400781631469727,-1.2230623767393778
BH_s29_low,20,94,23.133333333333333,-1.6158632040023804,-0.9946029767393706
BH_s29_low,20,95,23.166666666666668,-1.3061050176620483,-0.6023586716908801
BH_s29_low,20,96,23.2,-0.30331897735595703,-0.09857108088720648
BH_s29_low,20,97,23.233333333333334,0.8582934737205505,0.42942805743836426
BH_s29_low,20,98,23.266666666666666,1.8132201433181763,0.8816681563393475
BH_s29_low,20,99,23.3,2.014382839202881,1.1738931865363953
BH_s29_low,20,100,23.333333333333332,1.6593717336654663,1.2608259475019723
BH_s29_low,20,101,23.366666666666667,1.0502541065216064,1.1451488165181183
BH_s29_low,20,102,23.4,0.4279271960258484,0.8696455206769504
BH_s29_low,20,103,23.433333333333334,0.0023214761167764664,0.4977644428334739
BH_s29_low,20,104,23.466666666666665,-0.2522192597389221,0.09247490468414188
BH_s29_low,20,105,23.5,-0.35345223546028137,-0.29741936619323034
BH_s29_low,20,106,23.533333333333335,-0.27452439069747925,-0.6395880800942793
BH_s29_low,20,107,23.566666666666666,-0.27452439069747925,-0.9115959547559657
BH_s29_low,20,108,23.6,-0.3220512866973877,-1.0919595708382843
BH_s29_low,20,109,23.633333333333333,-0.4776330292224884,-1.1556079642317714
BH_s29_low,20,110,23.666666666666668,-0.7121425867080688,-1.0775384561091128
BH_s29_low,20,111,23.7,-0.9084293842315674,-0.8439504611122666
BH_s29_low,20,112,23.733333333333334,-1.10223388671875,-0.46599299600494115
BH_s29_low,20,113,23.766666666666666,-1.2578155994415283,0.011293644311540297
BH_s29_low,20,114,23.8,-1.3456308841705322,0.5119986487164909
BH_s29_low,20,115,23.833333333333332,-0.984684407711029,0.9467016079628104
BH_s29_low,20,116,23.866666666666667,-0.09851261973381042,1.2382506039945078
BH_s29_low,20,117,23.9,1.0469560623168945,1.3441309403059336
BH_s29_low,20,118,23.933333333333334,1.930889368057251,1.265142292336702
BH_s29_low,20,119,23.966666666666665,2.0707972049713135,1.0376668574031216
BH_s29_low,20,120,24.0,1.696641445159912,0.7152058170246427
BH_s29_low,20,121,24.033333333333335,1.0743145942687988,0.34917256041897804
BH_s29_low,20,122,24.066666666666666,0.38875141739845276,-0.022842496525578085
BH_s29_low,20,123,24.1,-0.06457614153623581,-0.3785300923126192
BH_s29_low,20,124,24.133333333333333,-0.27452439069747925,-0.7043366880425651
BH_s29_low,20,125,24.166666666666668,-0.27452439069747925,-0.9859255941022854
BH_s29_low,20,126,24.2,-0.27452439069747925,-1.200695445373884
BH_s29_low,20,127,24.233333333333334,-0.27452439069747925,-1.3160972071007797
BH_s29_low,20,128,24.266666666666666,-0.35550010204315186,-1.2956933958389172
BH_s29_low,20,129,24.3,-0.5897836089134216,-1.1121999217781569
BH_s29_low,20,130,24.333333333333332,-0.745591402053833,-0.7630528310203655
BH_s29_low,20,131,24.366666666666667,-0.9801009297370911,-0.28127429205448745
BH_s29_low,20,132,24.4,-1.2075625658035278,0.26509392151592115
BH_s29_low,20,133,24.433333333333334,-1.3005863428115845,0.78716780777461
BH_s29_low,20,134,24.466666666666665,-0.9523304104804993,1.198333324491246
BH_s29_low,20,135,24.5,-0.12095958739519119,1.436892223310009
BH_s29_low,20,136,24.533333333333335,1.0959546566009521,1.479576124552585
BH_s29_low,20,137,24.566666666666666,2.0196399688720703,1.3422615613612223
BH_s29_low,20,138,24.6,2.192930221557617,1.0698863121235858
BH_s29_low,20,139,24.633333333333333,1.8464962244033813,0.7208403083478258
BH_s29_low,20,140,24.666666666666668,1.3008232116699219,0.35104996023917867
BH_s29_low,20,141,24.7,0.6762223243713379,0.0015188216163218439
BH_s29_low,20,142,24.733333333333334,0.13054931163787842,-0.30782680547116026
BH_s29_low,20,143,24.766666666666666,-0.16353514790534973,-0.576231675162746
BH_s29_low,20,144,24.8,-0.27452439069747925,-0.8128415892490134
BH_s29_low,20,145,24.833333333333332,-0.27452439069747925,-1.0237391946325154
BH_s29_low,20,146,24.866666666666667,-0.27452439069747925,-1.2007483011380389
BH_s29_low,20,147,24.9,-0.31229501962661743,-1.3170860857092055
BH_s29_low,20,148,24.933333333333334,-0.5033734440803528,-1.3324312251331285
BH_s29_low,20,149,24.966666666666665,-0.7023863196372986,-1.2064677814106077
BH_s29_low,20,150,25.0,-0.9368958473205566,-0.9167840066327647
BH_s29_low,20,151,25.033333333333335,-1.1714054346084595,-0.47479240006022944
BH_s29_low,20,152,25.066666666666666,-1.2741854190826416,0.06730757368006747
BH_s29_low,20,153,25.1,-0.9431681632995605,0.6234748066118685
BH_s29_low,20,154,25.133333333333333,-0.04262573644518852,1.0946223769213332
BH_s29_low,20,155,25.166666666666668,1.1449532508850098,1.3968952986663568
BH_s29_low,20,156,25.2,2.0489931106567383,1.486497783302142
BH_s29_low,20,157,25.233333333333334,2.221104145050049,1.3705352817181304
BH_s29_low,20,158,25.266666666666666,1.8182557821273804,1.099515470210707
BH_s29_low,20,159,25.3,1.2620995044708252,0.745683651462394
BH_s29_low,20,160,25.333333333333332,0.6397725939750671,0.37739829320309437
BH_s29_low,20,161,25.366666666666667,0.10824418067932129,0.04031888353196385
BH_s29_low,20,162,25.4,-0.12399142980575562,-0.2484848297131251
BH_s29_low,20,163,25.433333333333334,-0.27452439069747925,-0.49363216245201846
BH_s29_low,20,164,25.466666666666665,-0.27452439069747925,-0.7061950087919601
BH_s29_low,20,165,25.5,-0.27452439069747925,-0.8869725152041218
BH_s29_low,20,166,25.533333333333335,-0.34801778197288513,-1.0162088954631874
BH_s29_low,20,167,25.566666666666666,-0.5035995244979858,-1.05579765619548
BH_s29_low,20,168,25.6,-0.7281267046928406,-0.9642990649670934
BH_s29_low,20,169,25.633333333333333,-0.8936907649040222,-0.7185332753784546
BH_s29_low,20,170,25.666666666666668,-1.1282004117965698,-0.33191896553915623
BH_s29_low,20,171,25.7,-1.2837821245193481,0.13958433795059008
BH_s29_low,20,172,25.733333333333334,-0.9033318758010864,0.6085319977010212
BH_s29_low,20,173,25.766666666666666,-0.02934993803501129,0.9812182111905703
BH_s29_low,20,174,25.8,1.1386499404907227,1.1866770959360935
BH_s29_low,20,175,25.833333333333332,1.936682939529419,1.1965761934701789
BH_s29_low,20,176,25.866666666666667,2.0425570011138916,1.0283120419596825
BH_s29_low,20,177,25.9,1.6321595907211304,0.7323251264840394
BH_s29_low,20,178,25.933333333333334,1.086486577987671,0.37100091899386106
BH_s29_low,20,179,25.966666666666665,0.4968815743923187,-0.0014551879004733419
BH_s29_low,20,180,26.0,0.036798663437366486,-0.35049048013931217
BH_s29_low,20,181,26.033333333333335,-0.27436479926109314,-0.6608351656491263
BH_s29_low,20,182,26.066666666666666,-0.35345223546028137,-0.9267098822971211
BH_s29_low,20,183,26.1,-0.35345223546028137,-1.1390907951035127
BH_s29_low,20,184,26.133333333333333,-0.35345223546028137,-1.2771180203547332
BH_s29_low,20,185,26.166666666666668,-0.46266838908195496,-1.3082785813524458
BH_s29_low,20,186,26.2,-0.6182501316070557,-1.198051341727127
BH_s29_low,20,187,26.233333333333334,-0.799572229385376,-0.9256118351762023
BH_s29_low,20,188,26.266666666666666,-1.0083414316177368,-0.4991736331488774
BH_s29_low,20,189,26.3,-1.24285089969635,0.03614184748644267
BH_s29_low,20,190,26.333333333333332,-1.281667709350586,0.6027126643312762
BH_s29_low,20,191,26.366666666666667,-0.901651918888092,1.1071990812991281
BH_s29_low,20,192,26.4,0.048483043909072876,1.4644639000500697
BH_s29_low,20,193,26.433333333333334,1.1398290395736694,1.6199936922525606
BH_s29_low,20,194,26.466666666666665,1.8663499355316162,1.562577337255897
BH_s29_low,20,195,26.5,1.9128086566925049,1.3229762213077167
BH_s29_low,20,196,26.533333333333335,1.4407886266708374,0.9600511852212057
BH_s29_low,20,197,26.566666666666666,0.8184617757797241,0.5407261226984055
BH_s29_low,20,198,26.6,0.27578964829444885,0.12209473163561511
BH_s29_low,20,199,26.633333333333333,-0.11357469111680984,-0.25784755899343453
BH_s29_low,20,200,26.666666666666668,-0.27070343494415283,-0.5790001895518316
BH_s29_low,20,201,26.7,-0.27452439069747925,-0.8306237034942301
BH_s29_low,20,202,26.733333333333334,-0.27452439069747925,-1.0014958470321575
BH_s29_low,20,203,26.766666666666666,-0.27452439069747925,-1.0745608254394006
BH_s29_low,20,204,26.8,-0.35345223546028137,-1.0290945935111073
BH_s29_low,20,205,26.833333333333332,-0.5598543286323547,-0.8497055837301727
BH_s29_low,20,206,26.866666666666667,-0.7306267619132996,-0.5384634017515273
BH_s29_low,20,207,26.9,-0.9651362895965576,-0.12463807253312974
BH_s29_low,20,208,26.933333333333334,-1.063802719116211,0.33364362996039487
BH_s29_low,20,209,26.966666666666665,-0.820950984954834,0.7589083483526
BH_s29_low,20,210,27.0,-0.03924804553389549,1.072824746130743
BH_s29_low,20,211,27.033333333333335,1.0232635736465454,1.2165969461755701
BH_s29_low,20,212,27.066666666666666,1.7632020711898804,1.164990840816451
BH_s29_low,20,213,27.1,1.844364047050476,0.9289078644193746
BH_s29_low,20,214,27.133333333333333,1.4899290800094604,0.5471867208457594
BH_s29_low,20,215,27.166666666666668,0.9032584428787231,0.07328471662115021
BH_s29_low,20,216,27.2,0.3196552097797394,-0.4361687753881049
BH_s29_low,20,217,27.233333333333334,-0.1106402799487114,-0.9266355968954025
BH_s29_low,20,218,27.266666666666666,-0.3087001442909241,-1.3453391141320394
BH_s29_low,20,219,27.3,-0.3215504288673401,-1.640021990791831
BH_s29_low,20,220,27.333333333333332,-0.27452439069747925,-1.7622586287729831
BH_s29_low,20,221,27.366666666666667,-0.30187827348709106,-1.6778857018521636
BH_s29_low,20,222,27.4,-0.37853217124938965,-1.3819823568213425
BH_s29_low,20,223,27.433333333333334,-0.5569198727607727,-0.910950130401188
BH_s29_low,20,224,27.466666666666665,-0.7686234712600708,-0.3426291559872861
BH_s29_low,20,225,27.5,-0.9424632787704468,0.22020330851913011
BH_s29_low,20,226,27.533333333333335,-1.1427305936813354,0.6781849414928582
BH_s29_low,20,227,27.566666666666666,-1.0089620351791382,0.9633166213512863
BH_s29_low,20,228,27.6,-0.2848348021507263,1.054726138022903
BH_s29_low,20,229,27.633333333333333,0.7459079623222351,0.977419997478826
BH_s29_low,20,230,27.666666666666668,1.7262248992919922,0.7872615835291054
BH_s29_low,20,231,27.7,2.0886964797973633,0.550294959683818
BH_s29_low,20,232,27.733333333333334,1.84950590133667,0.3245750002499377
BH_s29_low,20,233,27.766666666666666,1.3038328886032104,0.14936554377198666
BH_s29_low,20,234,27.8,0.7603673934936523,0.04261452655005602
BH_s29_low,20,235,27.833333333333332,0.21248692274093628,0.004670402577084614
BH_s29_low,20,236,27.866666666666667,-0.10991333425045013,0.024866262420397446
BH_s29_low,20,237,27.9,-0.26549506187438965,0.08783113500967016
BH_s29_low,20,238,27.933333333333334,-0.27452439069747925,0.17766714632702835
BH_s29_low,20,239,27.966666666666665,-0.27452439069747925,0.2796712985944859
BH_s29_low,21,0,21.0,-0.7243146300315857,0.02048496876422578
BH_s29_low,21,1,21.033333333333335,-0.8917847275733948,-0.11038968486944833
BH_s29_low,21,2,21.066666666666666,-1.1098580360412598,-0.26269695066266163
BH_s29_low,21,3,21.1,-1.0825129747390747,-0.447129023977815
BH_s29_low,21,4,21.133333333333333,-0.6162288784980774,-0.6557599990274805
BH_s29_low,21,5,21.166666666666668,0.2962772846221924,-0.8600243865456056
BH_s29_low,21,6,21.2,1.441019058227539,-1.0151805849461242
BH_s29_low,21,7,21.233333333333334,2.088820457458496,-1.0710552901592536
BH_s29_low,21,8,21.266666666666666,2.1233906745910645,-0.9871837758795624
BH_s29_low,21,9,21.3,1.7168055772781372,-0.748355844826211
BH_s29_low,21,10,21.333333333333332,1.2500604391098022,-0.37495862808560076
BH_s29_low,21,11,21.366666666666667,0.7043874263763428,0.0771142593280575
BH_s29_low,21,12,21.4,0.19846642017364502,0.5289392312492108
BH_s29_low,21,13,21.433333333333334,-0.03774087131023407,0.9000209956676688
BH_s29_low,21,14,21.466666666666665,-0.1166687086224556,1.130443174665281
BH_s29_low,21,15,21.5,-0.1166687086224556,1.194587040074305
BH_s29_low,21,16,21.533333333333335,-0.19559654593467712,1.1018731707787097
BH_s29_low,21,17,21.566666666666666,-0.30290666222572327,0.8865880570513519
BH_s29_low,21,18,21.6,-0.48459669947624207,0.593060540909372
BH_s29_low,21,19,21.633333333333333,-0.7168323397636414,0.26279706185045726
BH_s29_low,21,20,21.666666666666668,-0.9275075197219849,-0.07233584318560882
BH_s29_low,21,21,21.7,-1.1023757457733154,-0.39013726561193823
BH_s29_low,21,22,21.733333333333334,-1.3005863428115845,-0.6730713661872223
BH_s29_low,21,23,21.766666666666666,-1.1774427890777588,-0.9015308497736321
BH_s29_low,21,24,21.8,-0.5029834508895874,-1.0494530772305477
BH_s29_low,21,25,21.833333333333332,0.5173514485359192,-1.0859122813405881
BH_s29_low,21,26,21.866666666666667,1.6514105796813965,-0.9840112876913919
BH_s29_low,21,27,21.9,2.17223858833313,-0.7345820034941393
BH_s29_low,21,28,21.933333333333334,2.0042765140533447,-0.35841663275201446
BH_s29_low,21,29,21.966666666666665,1.5375313758850098,0.0904062114631861
BH_s29_low,21,30,22.0,0.9930374026298523,0.5343580053201542
BH_s29_low,21,31,22.033333333333335,0.44618529081344604,0.8931751675447359
BH_s29_low,21,32,22.066666666666666,-0.020559875294566154,1.106692875136974
BH_s29_low,21,33,22.1,-0.18759559094905853,1.149357556291315
BH_s29_low,21,34,22.133333333333333,-0.19559654593467712,1.0309930171204142
BH_s29_low,21,35,22.166666666666668,-0.19559654593467712,0.7860208426076954
BH_s29_low,21,36,22.2,-0.27452439069747925,0.45815220849543054
BH_s29_low,21,37,22.233333333333334,-0.41528329253196716,0.08788683854887487
BH_s29_low,21,38,22.266666666666666,-0.6497928500175476,-0.29282079046767256
BH_s29_low,21,39,22.3,-0.8626577854156494,-0.6584184250576091
BH_s29_low,21,40,22.333333333333332,-1.0398842096328735,-0.9830307051115439
BH_s29_low,21,41,22.366666666666667,-1.1954659223556519,-1.2338038919255634
BH_s29_low,21,42,22.4,-1.3510476350784302,-1.3692425008637739
BH_s29_low,21,43,22.433333333333334,-1.4102545976638794,-1.345857463782372
BH_s29_low,21,44,22.466666666666665,-1.038004755973816,-1.1328788615706522
BH_s29_low,21,45,22.5,-0.17054325342178345,-0.7301447544325916
BH_s29_low,21,46,22.533333333333335,1.0410960912704468,-0.18060392988174337
BH_s29_low,21,47,22.566666666666666,1.9339656829833984,0.43097204333762196
BH_s29_low,21,48,22.6,2.13542103767395,0.9961657199535203
BH_s29_low,21,49,22.633333333333333,1.7528963088989258,1.412832977033013
BH_s29_low,21,50,22.666666666666668,1.2538813352584839,1.6148670697847822
BH_s29_low,21,51,22.7,0.6315544843673706,1.58913995947537
BH_s29_low,21,52,22.733333333333334,0.11587721854448318,1.3733310421887073
BH_s29_low,21,53,22.766666666666666,-0.16756442189216614,1.0374391966086778
BH_s29_low,21,54,22.8,-0.27452439069747925,0.6579507045458425
BH_s29_low,21,55,22.833333333333332,-0.27452439069747925,0.2948522008890595
BH_s29_low,21,56,22.866666666666667,-0.35345223546028137,-0.02117808106941366
BH_s29_low,21,57,22.9,-0.4487321078777313,-0.2888021881786102
BH_s29_low,21,58,22.933333333333334,-0.6183919310569763,-0.5251329879994419
BH_s29_low,21,59,22.966666666666665,-0.8388233780860901,-0.7489195244786667
BH_s29_low,21,60,23.0,-1.0733329057693481,-0.9643313541507141
BH_s29_low,21,61,23.033333333333335,-1.228914737701416,-1.1515772276939713
BH_s29_low,21,62,23.066666666666666,-1.3844964504241943,-1.2684633465237398
BH_s29_low,21,63,23.1,-1.5400781631469727,-1.2633875611386676
BH_s29_low,21,64,23.133333333333333,-1.6158632040023804,-1.09599435211826
BH_s29_low,21,65,23.166666666666668,-1.3061050176620483,-0.7580481777750341
BH_s29_low,21,66,23.2,-0.30331897735595703,-0.28560543567961555
BH_s29_low,21,67,23.233333333333334,0.8582934737205505,0.24420001116656043
BH_s29_low,21,68,23.266666666666666,1.8132201433181763,0.7324261420640418
BH_s29_low,21,69,23.3,2.014382839202881,1.0869426980046974
BH_s29_low,21,70,23.333333333333332,1.6593717336654663,1.248731276759064
BH_s29_low,21,71,23.366666666666667,1.0502541065216064,1.2050076561202805
BH_s29_low,21,72,23.4,0.4279271960258484,0.9852103373144825
BH_s29_low,21,73,23.433333333333334,0.0023214761167764664,0.6444392770575627
BH_s29_low,21,74,23.466666666666665,-0.2522192597389221,0.24382110977134683
BH_s29_low,21,75,23.5,-0.35345223546028137,-0.1634173655566477
BH_s29_low,21,76,23.533333333333335,-0.27452439069747925,-0.5363214774634253
BH_s29_low,21,77,23.566666666666666,-0.27452439069747925,-0.8429114054099298
BH_s29_low,21,78,23.6,-0.3220512866973877,-1.0544448371804365
BH_s29_low,21,79,23.633333333333333,-0.4776330292224884,-1.1426374559808719
BH_s29_low,21,80,23.666666666666668,-0.7121425867080688,-1.0830395841492786
BH_s29_low,21,81,23.7,-0.9084293842315674,-0.8643176163705821
BH_s29_low,21,82,23.733333333333334,-1.10223388671875,-0.49966000781932507
BH_s29_low,21,83,23.766666666666666,-1.2578155994415283,-0.03400101028433499
BH_s29_low,21,84,23.8,-1.3456308841705322,0.4593604043061607
BH_s29_low,21,85,23.833333333333332,-0.984684407711029,0.8950164464198531
BH_s29_low,21,86,23.866666666666667,-0.09851261973381042,1.199235796191877
BH_s29_low,21,87,23.9,1.0469560623168945,1.330490600004963
BH_s29_low,21,88,23.933333333333334,1.930889368057251,1.2874614887502394
BH_s29_low,21,89,23.966666666666665,2.0707972049713135,1.1022188507382051
BH_s29_low,21,90,24.0,1.696641445159912,0.8236982896269411
BH_s29_low,21,91,24.033333333333335,1.0743145942687988,0.5001281684765714
BH_s29_low,21,92,24.066666666666666,0.38875141739845276,0.16730258173789342
BH_s29_low,21,93,24.1,-0.06457614153623581,-0.1548392892077128
BH_s29_low,21,94,24.133333333333333,-0.27452439069747925,-0.45846554006623447
BH_s29_low,21,95,24.166666666666668,-0.27452439069747925,-0.7398209689229106
BH_s29_low,21,96,24.2,-0.27452439069747925,-0.9903008313061865
BH_s29_low,21,97,24.233333333333334,-0.27452439069747925,-1.1899797418599263
BH_s29_low,21,98,24.266666666666666,-0.35550010204315186,-1.3065825975550283
BH_s29_low,21,99,24.3,-0.5897836089134216,-1.3016451612712063
BH_s29_low,21,100,24.333333333333332,-0.745591402053833,-1.143129607490576
BH_s29_low,21,101,24.366666666666667,-0.9801009297370911,-0.8207938410330692
BH_s29_low,21,102,24.4,-1.2075625658035278,-0.3584593131416412
BH_s29_low,21,103,24.433333333333334,-1.3005863428115845,0.18301439896366417
BH_s29_low,21,104,24.466666666666665,-0.9523304104804993,0.7159886523898988
BH_s29_low,21,105,24.5,-0.12095958739519119,1.1481391446325686
BH_s29_low,21,106,24.533333333333335,1.0959546566009521,1.4082871315958254
BH_s29_low,21,107,24.566666666666666,2.0196399688720703,1.4648933186493185
BH_s29_low,21,108,24.6,2.192930221557617,1.3300592800887252
BH_s29_low,21,109,24.633333333333333,1.8464962244033813,1.0493240135790423
BH_s29_low,21,110,24.666666666666668,1.3008232116699219,0.6832157466335953
BH_s29_low,21,111,24.7,0.6762223243713379,0.28846807717852735
BH_s29_low,21,112,24.733333333333334,0.13054931163787842,-0.0944628499020581
BH_s29_low,21,113,24.766666666666666,-0.16353514790534973,-0.44425441452039777
BH_s29_low,21,114,24.8,-0.27452439069747925,-0.7525901836973328
BH_s29_low,21,115,24.833333333333332,-0.27452439069747925,-1.013086273499995
BH_s29_low,21,116,24.866666666666667,-0.27452439069747925,-1.2111165308185856
BH_s29_low,21,117,24.9,-0.31229501962661743,-1.319834600678191
BH_s29_low,21,118,24.933333333333334,-0.5033734440803528,-1.3048841989925284
BH_s29_low,21,119,24.966666666666665,-0.7023863196372986,-1.1366164708722921
BH_s29_low,21,120,25.0,-0.9368958473205566,-0.8056202502882905
BH_s29_low,21,121,25.033333333333335,-1.1714054346084595,-0.3355363914373539
BH_s29_low,21,122,25.066666666666666,-1.2741854190826416,0.21314901240473827
BH_s29_low,21,123,25.1,-0.9431681632995605,0.7523162661414506
BH_s29_low,21,124,25.133333333333333,-0.04262573644518852,1.1873213390429023
BH_s29_low,21,125,25.166666666666668,1.1449532508850098,1.443095105117747
BH_s29_low,21,126,25.2,2.0489931106567383,1.4849514986368024
BH_s29_low,21,127,25.233333333333334,2.221104145050049,1.3254295384349668
BH_s29_low,21,128,25.266666666666666,1.8182557821273804,1.0150047522915158
BH_s29_low,21,129,25.3,1.2620995044708252,0.622004885352727
BH_s29_low,21,130,25.333333333333332,0.6397725939750671,0.21110449144573912
BH_s29_low,21,131,25.366666666666667,0.10824418067932129,-0.1711503439303749
BH_s29_low,21,132,25.4,-0.12399142980575562,-0.4999282934552791
BH_s29_low,21,133,25.433333333333334,-0.27452439069747925,-0.7661960326015657
BH_s29_low,21,134,25.466666666666665,-0.27452439069747925,-0.9659766432678333
BH_s29_low,21,135,25.5,-0.27452439069747925,-1.090436475046346
BH_s29_low,21,136,25.533333333333335,-0.34801778197288513,-1.121735675728601
BH_s29_low,21,137,25.566666666666666,-0.5035995244979858,-1.037261959504204
BH_s29_low,21,138,25.6,-0.7281267046928406,-0.8212049717570727
BH_s29_low,21,139,25.633333333333333,-0.8936907649040222,-0.4786143444885906
BH_s29_low,21,140,25.666666666666668,-1.1282004117965698,-0.04484440193075619
BH_s29_low,21,141,25.7,-1.2837821245193481,0.4158030104981942
BH_s29_low,21,142,25.733333333333334,-0.9033318758010864,0.8240190878283215
BH_s29_low,21,143,25.766666666666666,-0.02934993803501129,1.1075436300419463
BH_s29_low,21,144,25.8,1.1386499404907227,1.221975553434914
BH_s29_low,21,145,25.833333333333332,1.936682939529419,1.1611086176561214
BH_s29_low,21,146,25.866666666666667,2.0425570011138916,0.9534356996001317
BH_s29_low,21,147,25.9,1.6321595907211304,0.6484502991679736
BH_s29_low,21,148,25.933333333333334,1.086486577987671,0.2996150754626669
BH_s29_low,21,149,25.966666666666665,0.4968815743923187,-0.049605108674704204
BH_s29_low,21,150,26.0,0.036798663437366486,-0.37232907161960355
BH_s29_low,21,151,26.033333333333335,-0.27436479926109314,-0.6561562901017347
BH_s29_low,21,152,26.066666666666666,-0.35345223546028137,-0.8946421223750199
BH_s29_low,21,153,26.1,-0.35345223546028137,-1.0773260426401432
BH_s29_low,21,154,26.133333333333333,-0.35345223546028137,-1.1837633557329736
BH_s29_low,21,155,26.166666666666668,-0.46266838908195496,-1.1851624900702271
BH_s29_low,21,156,26.2,-0.6182501316070557,-1.0538817780595247
BH_s29_low,21,157,26.233333333333334,-0.799572229385376,-0.777354371207035
BH_s29_low,21,158,26.266666666666666,-1.0083414316177368,-0.3704028976623399
BH_s29_low,21,159,26.3,-1.24285089969635,0.12014029242784338
BH_s29_low,21,160,26.333333333333332,-1.281667709350586,0.6216602202476164
BH_s29_low,21,161,26.366666666666667,-0.901651918888092,1.0515917058262967
BH_s29_low,21,162,26.4,0.048483043909072876,1.3378648697163786
BH_s29_low,21,163,26.433333333333334,1.1398290395736694,1.4370845101537255
BH_s29_low,21,164,26.466666666666665,1.8663499355316162,1.3440701642123112
BH_s29_low,21,165,26.5,1.9128086566925049,1.0894717569565429
BH_s29_low,21,166,26.533333333333335,1.4407886266708374,0.7270005840097746
BH_s29_low,21,167,26.566666666666666,0.8184617757797241,0.31605371275131455
BH_s29_low,21,168,26.6,0.27578964829444885,-0.09305061453017643
BH_s29_low,21,169,26.633333333333333,-0.11357469111680984,-0.4658726747925409
BH_s29_low,21,170,26.666666666666668,-0.27070343494415283,-0.7814658951118288
BH_s29_low,21,171,26.7,-0.27452439069747925,-1.0240300661570167
BH_s29_low,21,172,26.733333333333334,-0.27452439069747925,-1.1745705003398788
BH_s29_low,21,173,26.766666666666666,-0.27452439069747925,-1.2083774949425752
BH_s29_low,21,174,26.8,-0.35345223546028137,-1.1010961645217552
BH_s29_low,21,175,26.833333333333332,-0.5598543286323547,-0.841504236621585
BH_s29_low,21,176,26.866666666666667,-0.7306267619132996,-0.4449454061187756
BH_s29_low,21,177,26.9,-0.9651362895965576,0.04014443296494533
BH_s29_low,21,178,26.933333333333334,-1.063802719116211,0.5378492134947739
BH_s29_low,21,179,26.966666666666665,-0.820950984954834,0.9622502948567278
BH_s29_low,21,180,27.0,-0.03924804553389549,1.2403274422804331
BH_s29_low,21,181,27.033333333333335,1.0232635736465454,1.3307106465238243
BH_s29_low,21,182,27.066666666666666,1.7632020711898804,1.230843196007726
BH_s29_low,21,183,27.1,1.844364047050476,0.9710167737326076
BH_s29_low,21,184,27.133333333333333,1.4899290800094604,0.5998815311982217
BH_s29_low,21,185,27.166666666666668,0.9032584428787231,0.1692043732221169
BH_s29_low,21,186,27.2,0.3196552097797394,-0.27553501054768365
BH_s29_low,21,187,27.233333333333334,-0.1106402799487114,-0.696333656748952
BH_s29_low,21,188,27.266666666666666,-0.3087001442909241,-1.0579118449807268
BH_s29_low,21,189,27.3,-0.3215504288673401,-1.3222759597304765
BH_s29_low,21,190,27.333333333333332,-0.27452439069747925,-1.4481012700585967
BH_s29_low,21,191,27.366666666666667,-0.30187827348709106,-1.398024408090915
BH_s29_low,21,192,27.4,-0.37853217124938965,-1.1527864668995789
BH_s29_low,21,193,27.433333333333334,-0.5569198727607727,-0.726565304587357
BH_s29_low,21,194,27.466666666666665,-0.7686234712600708,-0.1748567930676404
BH_s29_low,21,195,27.5,-0.9424632787704468,0.4121632156682936
BH_s29_low,21,196,27.533333333333335,-1.1427305936813354,0.9310728431853997
BH_s29_low,21,197,27.566666666666666,-1.0089620351791382,1.2937097337168015
BH_s29_low,21,198,27.6,-0.2848348021507263,1.4509644586120662
BH_s29_low,21,199,27.633333333333333,0.7459079623222351,1.4022320980869878
BH_s29_low,21,200,27.666666666666668,1.7262248992919922,1.1879586525523347
BH_s29_low,21,201,27.7,2.0886964797973633,0.8703256602819882
BH_s29_low,21,202,27.733333333333334,1.84950590133667,0.5110884194681512
BH_s29_low,21,203,27.766666666666666,1.3038328886032104,0.15503619756458747
BH_s29_low,21,204,27.8,0.7603673934936523,-0.17608391847913668
BH_s29_low,21,205,27.833333333333332,0.21248692274093628,-0.47897203907307706
BH_s29_low,21,206,27.866666666666667,-0.10991333425045013,-0.7571160216460346
BH_s29_low,21,207,27.9,-0.26549506187438965,-1.0077053921189216
BH_s29_low,21,208,27.933333333333334,-0.27452439069747925,-1.2127618723257083
BH_s29_low,21,209,27.966666666666665,-0.27452439069747925,-1.3382600611270763
BH_s29_low,21,210,28.0,-0.33760103583335876,-1.3419545109058935
BH_s29_low,21,211,28.033333333333335,-0.4931827783584595,-1.1876866281886795
BH_s29_low,21,212,28.066666666666666,-0.7072932720184326,-0.861958434552153
BH_s29_low,21,213,28.1,-0.8832740783691406,-0.387072114247574
BH_s29_low,21,214,28.133333333333333,-1.1177836656570435,0.17565880655102795
BH_s29_low,21,215,28.166666666666668,-1.2733653783798218,0.7368317678871047
BH_s29_low,21,216,28.2,-1.1227926015853882,1.2019224302495666
BH_s29_low,21,217,28.233333333333334,-0.3862096071243286,1.497678325268233
BH_s29_low,21,218,28.266666666666666,0.6370508074760437,1.591158968073648
BH_s29_low,21,219,28.3,1.6749435663223267,1.4940062229508224
BH_s29_low,21,220,28.333333333333332,2.014382839202881,1.2514474580080215
BH_s29_low,21,221,28.366666666666667,1.8212655782699585,0.9222688117898703
BH_s29_low,21,222,28.4,1.3187310695648193,0.5591674217150876
BH_s29_low,21,223,28.433333333333334,0.7753320336341858,0.19743323152895792
BH_s29_low,21,224,28.466666666666665,0.2631743252277374,-0.14498170067843366
BH_s29_low,21,225,28.5,-0.06670825183391571,-0.4585472444125891
BH_s29_low,21,226,28.533333333333335,-0.22228997945785522,-0.7305487151131729
BH_s29_low,21,227,28.566666666666666,-0.27452439069747925,-0.9373896076777358
BH_s29_low,21,228,28.6,-0.27452439069747925,-1.0450607194664767
BH_s29_low,21,229,28.633333333333333,-0.37332379817962646,-1.0184549068314512
BH_s29_low,21,230,28.666666666666668,-0.5289055109024048,-0.8368019285444114
BH_s29_low,21,231,28.7,-0.6844872236251831,-0.5094461471943198
BH_s29_low,21,232,28.733333333333334,-0.9189968109130859,-0.08415797961294046
BH_s29_low,21,233,28.766666666666666,-1.0853543281555176,0.3582816245289113
BH_s29_low,21,234,28.8,-1.3005863428115845,0.7233474510564422
BH_s29_low,21,235,28.833333333333332,-1.2819026708602905,0.9288572731959291
BH_s29_low,21,236,28.866666666666667,-0.6454401016235352,0.9274420553457772
BH_s29_low,21,237,28.9,0.2914101779460907,0.7173316163726248
BH_s29_low,21,238,28.933333333333334,1.3793963193893433,0.339917169739965
BH_s29_low,21,239,28.966666666666665,1.850791335105896,-0.13167044825389307
BH_s29_low,22,0,22.0,0.9930374026298523,-0.13723536414251034
BH_s29_low,22,1,22.033333333333335,0.44618529081344604,0.07306939980517527
BH_s29_low,22,2,22.066666666666666,-0.020559875294566154,0.23409204313492438
BH_s29_low,22,3,22.1,-0.18759559094905853,0.30695781623775975
BH_s29_low,22,4,22.133333333333333,-0.19559654593467712,0.27479177359796775
BH_s29_low,22,5,22.166666666666668,-0.19559654593467712,0.1426454480248676
BH_s29_low,22,6,22.2,-0.27452439069747925,-0.06944458841321796
BH_s29_low,22,7,22.233333333333334,-0.41528329253196716,-0.33493647421659223
BH_s29_low,22,8,22.266666666666666,-0.6497928500175476,-0.6259450593853264
BH_s29_low,22,9,22.3,-0.8626577854156494,-0.9136377099940389
BH_s29_low,22,10,22.333333333333332,-1.0398842096328735,-1.1656054296565255
BH_s29_low,22,11,22.366666666666667,-1.1954659223556519,-1.3437064825078548
BH_s29_low,22,12,22.4,-1.3510476350784302,-1.406074450641174
BH_s29_low,22,13,22.433333333333334,-1.4102545976638794,-1.3153113135407408
BH_s29_low,22,14,22.466666666666665,-1.038004755973816,-1.0515713834460267
BH_s29_low,22,15,22.5,-0.17054325342178345,-0.6256679502096097
BH_s29_low,22,16,22.533333333333335,1.0410960912704468,-0.08545355046622641
BH_s29_low,22,17,22.566666666666666,1.9339656829833984,0.4898187201943035
BH_s29_low,22,18,22.6,2.13542103767395,1.0075422946168857
BH_s29_low,22,19,22.633333333333333,1.7528963088989258,1.386466940631888
BH_s29_low,22,20,22.666666666666668,1.2538813352584839,1.5783129089630312
BH_s29_low,22,21,22.7,0.6315544843673706,1.5774730314231977
BH_s29_low,22,22,22.733333333333334,0.11587721854448318,1.4159288323039887
BH_s29_low,22,23,22.766666666666666,-0.16756442189216614,1.147363402046987
BH_s29_low,22,24,22.8,-0.27452439069747925,0.8279477704779367
BH_s29_low,22,25,22.833333333333332,-0.27452439069747925,0.5008745598398597
BH_s29_low,22,26,22.866666666666667,-0.35345223546028137,0.18905126422951887
BH_s29_low,22,27,22.9,-0.4487321078777313,-0.1030281748715776
BH_s29_low,22,28,22.933333333333334,-0.6183919310569763,-0.380255394230909
BH_s29_low,22,29,22.966666666666665,-0.8388233780860901,-0.6447851322025635
BH_s29_low,22,30,23.0,-1.0733329057693481,-0.8856527322343144
BH_s29_low,22,31,23.033333333333335,-1.228914737701416,-1.0744375620019149
BH_s29_low,22,32,23.066666666666666,-1.3844964504241943,-1.1695244992090343
BH_s29_low,22,33,23.1,-1.5400781631469727,-1.128697046816747
BH_s29_low,22,34,23.133333333333333,-1.6158632040023804,-0.9264456833636753
BH_s29_low,22,35,23.166666666666668,-1.3061050176620483,-0.569611938479605
BH_s29_low,22,36,23.2,-0.30331897735595703,-0.10423740646503668
BH_s29_low,22,37,23.233333333333334,0.8582934737205505,0.3910400695354456
BH_s29_low,22,38,23.266666666666666,1.8132201433181763,0.824262392144524
BH_s29_low,22,39,23.3,2.014382839202881,1.1154897098383414
BH_s29_low,22,40,23.333333333333332,1.6593717336654663,1.2185086540614598
BH_s29_low,22,41,23.366666666666667,1.0502541065216064,1.1305616257996867
BH_s29_low,22,42,23.4,0.4279271960258484,0.887066321821602
BH_s29_low,22,43,23.433333333333334,0.0023214761167764664,0.5449468862063849
BH_s29_low,22,44,23.466666666666665,-0.2522192597389221,0.1628731611899615
BH_s29_low,22,45,23.5,-0.35345223546028137,-0.2128637962288082
BH_s29_low,22,46,23.533333333333335,-0.27452439069747925,-0.5520566701800104
BH_s29_low,22,47,23.566666666666666,-0.27452439069747925,-0.8349725953705956
BH_s29_low,22,48,23.6,-0.3220512866973877,-1.0431203255269121
BH_s29_low,22,49,23.633333333333333,-0.4776330292224884,-1.153265746787882
BH_s29_low,22,50,23.666666666666668,-0.7121425867080688,-1.1391044021250636
BH_s29_low,22,51,23.7,-0.9084293842315674,-0.980616446776521
BH_s29_low,22,52,23.733333333333334,-1.10223388671875,-0.6770727853049838
BH_s29_low,22,53,23.766666666666666,-1.2578155994415283,-0.25719755509661396
BH_s29_low,22,54,23.8,-1.3456308841705322,0.21999893143608745
BH_s29_low,22,55,23.833333333333332,-0.984684407711029,0.6766139273092088
BH_s29_low,22,56,23.866666666666667,-0.09851261973381042,1.0359722622625138
BH_s29_low,22,57,23.9,1.0469560623168945,1.2429233741474148
BH_s29_low,22,58,23.933333333333334,1.930889368057251,1.275792439839827
BH_s29_low,22,59,23.966666666666665,2.0707972049713135,1.1461132569320143
BH_s29_low,22,60,24.0,1.696641445159912,0.8883789986720088
BH_s29_low,22,61,24.033333333333335,1.0743145942687988,0.5461151635014869
BH_s29_low,22,62,24.066666666666666,0.38875141739845276,0.16069001647750036
BH_s29_low,22,63,24.1,-0.06457614153623581,-0.23361010055965617
BH_s29_low,22,64,24.133333333333333,-0.27452439069747925,-0.6083286891835507
BH_s29_low,22,65,24.166666666666668,-0.27452439069747925,-0.9361761187197594
BH_s29_low,22,66,24.2,-0.27452439069747925,-1.186747464339482
BH_s29_low,22,67,24.233333333333334,-0.27452439069747925,-1.3259596240529796
BH_s29_low,22,68,24.266666666666666,-0.35550010204315186,-1.3210686494150492
BH_s29_low,22,69,24.3,-0.5897836089134216,-1.1507767395350295
BH_s29_low,22,70,24.333333333333332,-0.745591402053833,-0.8171037804938783
BH_s29_low,22,71,24.366666666666667,-0.9801009297370911,-0.35352669117031615
BH_s29_low,22,72,24.4,-1.2075625658035278,0.1761085979635105
BH_s29_low,22,73,24.433333333333334,-1.3005863428115845,0.6900172444488495
BH_s29_low,22,74,24.466666666666665,-0.9523304104804993,1.1084933443005
BH_s29_low,22,75,24.5,-0.12095958739519119,1.373442979440737
BH_s29_low,22,76,24.533333333333335,1.0959546566009521,1.4599342985548145
BH_s29_low,22,77,24.566666666666666,2.0196399688720703,1.3767214207055014
BH_s29_low,22,78,24.6,2.192930221557617,1.1577215763505928
BH_s29_low,22,79,24.633333333333333,1.8464962244033813,0.8492374137579684
BH_s29_low,22,80,24.666666666666668,1.3008232116699219,0.4974672275902935
BH_s29_low,22,81,24.7,0.6762223243713379,0.13921530876162594
BH_s29_low,22,82,24.733333333333334,0.13054931163787842,-0.20244355447995308
BH_s29_low,22,83,24.766666666666666,-0.16353514790534973,-0.5167357054171263
BH_s29_low,22,84,24.8,-0.27452439069747925,-0.7987971380462233
BH_s29_low,22,85,24.833333333333332,-0.27452439069747925,-1.041089678094305
BH_s29_low,22,86,24.866666666666667,-0.27452439069747925,-1.2266802274790511
BH_s29_low,22,87,24.9,-0.31229501962661743,-1.3280603271713223
BH_s29_low,22,88,24.933333333333334,-0.5033734440803528,-1.312953335818907
BH_s29_low,22,89,24.966666666666665,-0.7023863196372986,-1.1555668456695392
BH_s29_low,22,90,25.0,-0.9368958473205566,-0.8494115438968558
BH_s29_low,22,91,25.033333333333335,-1.1714054346084595,-0.41681238489596373
BH_s29_low,22,92,25.066666666666666,-1.2741854190826416,0.0892176455681602
BH_s29_low,22,93,25.1,-0.9431681632995605,0.5929390426228611
BH_s29_low,22,94,25.133333333333333,-0.04262573644518852,1.0124987322065746
BH_s29_low,22,95,25.166666666666668,1.1449532508850098,1.2803156409140677
BH_s29_low,22,96,25.2,2.0489931106567383,1.3599255482403225
BH_s29_low,22,97,25.233333333333334,2.221104145050049,1.2527339144365839
BH_s29_low,22,98,25.266666666666666,1.8182557821273804,0.9925500408071148
BH_s29_low,22,99,25.3,1.2620995044708252,0.631440422481486
BH_s29_low,22,100,25.333333333333332,0.6397725939750671,0.22402872944720464
BH_s29_low,22,101,25.366666666666667,0.10824418067932129,-0.1829914796526152
BH_s29_low,22,102,25.4,-0.12399142980575562,-0.553276342035577
BH_s29_low,22,103,25.433333333333334,-0.27452439069747925,-0.8570398605408036
BH_s29_low,22,104,25.466666666666665,-0.27452439069747925,-1.0656543812939439
BH_s29_low,22,105,25.5,-0.27452439069747925,-1.1494966908756885
BH_s29_low,22,106,25.533333333333335,-0.34801778197288513,-1.082237840336695
BH_s29_low,22,107,25.566666666666666,-0.5035995244979858,-0.8515108335839958
BH_s29_low,22,108,25.6,-0.7281267046928406,-0.47175381700525965
BH_s29_low,22,109,25.633333333333333,-0.8936907649040222,0.008123457448592867
BH_s29_low,22,110,25.666666666666668,-1.1282004117965698,0.5093955705578428
BH_s29_low,22,111,25.7,-1.2837821245193481,0.9422068675225524
BH_s29_low,22,112,25.733333333333334,-0.9033318758010864,1.2311246633820268
BH_s29_low,22,113,25.766666666666666,-0.02934993803501129,1.335382598933919
BH_s29_low,22,114,25.8,1.1386499404907227,1.2554215805896636
BH_s29_low,22,115,25.833333333333332,1.936682939529419,1.0255235977771162
BH_s29_low,22,116,25.866666666666667,2.0425570011138916,0.6980410795456272
BH_s29_low,22,117,25.9,1.6321595907211304,0.32626694228353303
BH_s29_low,22,118,25.933333333333334,1.086486577987671,-0.04817540747018353
BH_s29_low,22,119,25.966666666666665,0.4968815743923187,-0.40008891947409736
BH_s29_low,22,120,26.0,0.036798663437366486,-0.7172998657135926
BH_s29_low,22,121,26.033333333333335,-0.27436479926109314,-0.9917255460789358
BH_s29_low,22,122,26.066666666666666,-0.35345223546028137,-1.2097473174671598
BH_s29_low,22,123,26.1,-0.35345223546028137,-1.3471159314478474
BH_s29_low,22,124,26.133333333333333,-0.35345223546028137,-1.37165072836437
BH_s29_low,22,125,26.166666666666668,-0.46266838908195496,-1.253548456311813
BH_s29_low,22,126,26.2,-0.6182501316070557,-0.9796615134850197
BH_s29_low,22,127,26.233333333333334,-0.799572229385376,-0.5657236429753217
BH_s29_low,22,128,26.266666666666666,-1.0083414316177368,-0.060204319209629376
BH_s29_low,22,129,26.3,-1.24285089969635,0.46357886632237344
BH_s29_low,22,130,26.333333333333332,-1.281667709350586,0.9248394445927177
BH_s29_low,22,131,26.366666666666667,-0.901651918888092,1.2552783820095017
BH_s29_low,22,132,26.4,0.048483043909072876,1.4141929608071668
BH_s29_low,22,133,26.433333333333334,1.1398290395736694,1.3943508767838735
BH_s29_low,22,134,26.466666666666665,1.8663499355316162,1.2182996020690189
BH_s29_low,22,135,26.5,1.9128086566925049,0.9279123259072117
BH_s29_low,22,136,26.533333333333335,1.4407886266708374,0.5713772367424963
BH_s29_low,22,137,26.566666666666666,0.8184617757797241,0.19191399518849833
BH_s29_low,22,138,26.6,0.27578964829444885,-0.1782395929515721
BH_s29_low,22,139,26.633333333333333,-0.11357469111680984,-0.5169502623857443
BH_s29_low,22,140,26.666666666666668,-0.27070343494415283,-0.8059301663314486
BH_s29_low,22,141,26.7,-0.27452439069747925,-1.0234537966732435
BH_s29_low,22,142,26.733333333333334,-0.27452439069747925,-1.1412134266365852
BH_s29_low,22,143,26.766666666666666,-0.27452439069747925,-1.128610613813552
BH_s29_low,22,144,26.8,-0.35345223546028137,-0.9639588701881348
BH_s29_low,22,145,26.833333333333332,-0.5598543286323547,-0.6481289448144465
BH_s29_low,22,146,26.866666666666667,-0.7306267619132996,-0.21406522476370735
BH_s29_low,22,147,26.9,-0.9651362895965576,0.27362894541117816
BH_s29_low,22,148,26.933333333333334,-1.063802719116211,0.7312280823506426
BH_s29_low,22,149,26.966666666666665,-0.820950984954834,1.0772689045425823
BH_s29_low,22,150,27.0,-0.03924804553389549,1.2545053342428154
BH_s29_low,22,151,27.033333333333335,1.0232635736465454,1.2431349033311943
BH_s29_low,22,152,27.066666666666666,1.7632020711898804,1.0604634183441846
BH_s29_low,22,153,27.1,1.844364047050476,0.7490375990750721
BH_s29_low,22,154,27.133333333333333,1.4899290800094604,0.3601414210599017
BH_s29_low,22,155,27.166666666666668,0.9032584428787231,-0.059556813196500046
BH_s29_low,22,156,27.2,0.3196552097797394,-0.4732049402027579
BH_s29_low,22,157,27.233333333333334,-0.1106402799487114,-0.8506061689792512
BH_s29_low,22,158,27.266666666666666,-0.3087001442909241,-1.1609711102492133
BH_s29_low,22,159,27.3,-0.3215504288673401,-1.3678968729103913
BH_s29_low,22,160,27.333333333333332,-0.27452439069747925,-1.4315539135301587
BH_s29_low,22,161,27.366666666666667,-0.30187827348709106,-1.3192717689043845
BH_s29_low,22,162,27.4,-0.37853217124938965,-1.0212130187492412
BH_s29_low,22,163,27.433333333333334,-0.5569198727607727,-0.5639933172595727
BH_s29_low,22,164,27.466666666666665,-0.7686234712600708,-0.013686691270790238
BH_s29_low,22,165,27.5,-0.9424632787704468,0.5368030850708547
BH_s29_low,22,166,27.533333333333335,-1.1427305936813354,0.9927511163619321
BH_s29_low,22,167,27.566666666666666,-1.0089620351791382,1.2844053284402241
BH_s29_low,22,168,27.6,-0.2848348021507263,1.3840927571226824
BH_s29_low,22,169,27.633333333333333,0.7459079623222351,1.30753409480982
BH_s29_low,22,170,27.666666666666668,1.7262248992919922,1.1009363505981224
BH_s29_low,22,171,27.7,2.0886964797973633,0.8210387765666851
BH_s29_low,22,172,27.733333333333334,1.84950590133667,0.5164100833420371
BH_s29_low,22,173,27.766666666666666,1.3038328886032104,0.2160532835247562
BH_s29_low,22,174,27.8,0.7603673934936523,-0.07192903037842556
BH_s29_low,22,175,27.833333333333332,0.21248692274093628,-0.3523225573965036
BH_s29_low,22,176,27.866666666666667,-0.10991333425045013,-0.6293992531624679
BH_s29_low,22,177,27.9,-0.26549506187438965,-0.8940360158117175
BH_s29_low,22,178,27.933333333333334,-0.27452439069747925,-1.1170387856402693
BH_s29_low,22,179,27.966666666666665,-0.27452439069747925,-1.2521525061546792
BH_s29_low,22,180,28.0,-0.33760103583335876,-1.248869201781343
BH_s29_low,22,181,28.033333333333335,-0.4931827783584595,-1.071468464956317
BH_s29_low,22,182,28.066666666666666,-0.7072932720184326,-0.717667817246132
BH_s29_low,22,183,28.1,-0.8832740783691406,-0.2288599837070315
BH_s29_low,22,184,28.133333333333333,-1.1177836656570435,0.3145817581253493
BH_s29_low,22,185,28.166666666666668,-1.2733653783798218,0.8137866195976287
BH_s29_low,22,186,28.2,-1.1227926015853882,1.1801695508243568
BH_s29_low,22,187,28.233333333333334,-0.3862096071243286,1.3599514687782712
BH_s29_low,22,188,28.266666666666666,0.6370508074760437,1.3444881775083435
BH_s29_low,22,189,28.3,1.6749435663223267,1.1641935715030978
BH_s29_low,22,190,28.333333333333332,2.014382839202881,0.8711372116952197
BH_s29_low,22,191,28.366666666666667,1.8212655782699585,0.5190584315020377
BH_s29_low,22,192,28.4,1.3187310695648193,0.14893946955903517
BH_s29_low,22,193,28.433333333333334,0.7753320336341858,-0.215301485760212
BH_s29_low,22,194,28.466666666666665,0.2631743252277374,-0.561017701472029
BH_s29_low,22,195,28.5,-0.06670825183391571,-0.8750909990846224
BH_s29_low,22,196,28.533333333333335,-0.22228997945785522,-1.1329619479987243
BH_s29_low,22,197,28.566666666666666,-0.27452439069747925,-1.2951022750086727
BH_s29_low,22,198,28.6,-0.27452439069747925,-1.3145685324691492
BH_s29_low,22,199,28.633333333333333,-0.37332379817962646,-1.1542622387877017
BH_s29_low,22,200,28.666666666666668,-0.5289055109024048,-0.8073853152588333
BH_s29_low,22,201,28.7,-0.6844872236251831,-0.31133976831354837
BH_s29_low,22,202,28.733333333333334,-0.9189968109130859,0.2539572664681418
BH_s29_low,22,203,28.766666666666666,-1.0853543281555176,0.7859386725425781
BH_s29_low,22,204,28.8,-1.3005863428115845,1.189777991979308
BH_s29_low,22,205,28.833333333333332,-1.2819026708602905,1.4051460366543738
BH_s29_low,22,206,28.866666666666667,-0.6454401016235352,1.4180426207610854
BH_s29_low,22,207,28.9,0.2914101779460907,1.2553477373631654
BH_s29_low,22,208,28.933333333333334,1.3793963193893433,0.9678387665967624
BH_s29_low,22,209,28.966666666666665,1.850791335105896,0.610765143536784
BH_s29_low,22,210,29.0,1.7089554071426392,0.22940260254217862
BH_s29_low,22,211,29.033333333333335,1.247352123260498,-0.14699945802588196
BH_s29_low,22,212,29.066666666666666,0.7113688588142395,-0.5029218742752335
BH_s29_low,22,213,29.1,0.15600603818893433,-0.8283314208482786
BH_s29_low,22,214,29.133333333333333,-0.16712115705013275,-1.1086174158771618
BH_s29_low,22,215,29.166666666666668,-0.4158684015274048,-1.3176935318359226
BH_s29_low,22,216,29.2,-0.4323800504207611,-1.4185655910313792
BH_s29_low,22,217,29.233333333333334,-0.4323800504207611,-1.3729895855738055
BH_s29_low,22,218,29.266666666666666,-0.4323800504207611,-1.1575945472173395
BH_s29_low,22,219,29.3,-0.5646283030509949,-0.7797403057285764
BH_s29_low,22,220,29.333333333333332,-0.7202100157737732,-0.28480597936742075
BH_s29_low,22,221,29.366666666666667,-0.9547195434570312,0.25039910558990713
BH_s29_low,22,222,29.4,-1.189229130744934,0.7364667208783175
BH_s29_low,22,223,29.433333333333334,-1.256361722946167,1.0946349928710313
BH_s29_low,22,224,29.466666666666665,-0.8170724511146545,1.2754737387196544
BH_s29_low,22,225,29.5,0.04246349260210991,1.2674807433388007
BH_s29_low,22,226,29.533333333333335,1.0548816919326782,1.0949332563642502
BH_s29_low,22,227,29.566666666666666,1.61107337474823,0.8077404659137828
BH_s29_low,22,228,29.6,1.5540341138839722,0.46695069213906926
BH_s29_low,22,229,29.633333333333333,1.1333619356155396,0.12960737895828456
BH_s29_low,22,230,29.666666666666668,0.5876889228820801,-0.1628376381085014
BH_s29_low,22,231,29.7,0.0680488795042038,-0.38897272923760046
BH_s29_low,22,232,29.733333333333334,-0.32204240560531616,-0.5443128811323283
BH_s29_low,22,233,29.766666666666666,-0.5327929854393005,-0.6338391483649463
BH_s29_low,22,234,29.8,-0.590235710144043,-0.6647604801351674
BH_s29_low,22,235,29.833333333333332,-0.5113078951835632,-0.6426892529488153
BH_s29_low,22,236,29.866666666666667,-0.590235710144043,-0.5716626277610651
BH_s29_low,22,237,29.9,-0.6815528273582458,-0.4562763156425771
BH_s29_low,22,238,29.933333333333334,-0.8371345400810242,-0.30385125035378985
BH_s29_low,22,239,29.966666666666665,-1.0716440677642822,-0.12546946425073924
BH_s29_low,23,0,23.0,-1.0733329057693481,0.10441635399940678
BH_s29_low,23,1,23.033333333333335,-1.228914737701416,-0.2681534335034939
BH_s29_low,23,2,23.066666666666666,-1.3844964504241943,-0.5566052175936604
BH_s29_low,23,3,23.1,-1.5400781631469727,-0.6907635340615393
BH_s29_low,23,4,23.133333333333333,-1.6158632040023804,-0.6313532019968656
BH_s29_low,23,5,23.166666666666668,-1.3061050176620483,-0.38101859715411124
BH_s29_low,23,6,23.2,-0.30331897735595703,0.012605146561752888
BH_s29_low,23,7,23.233333333333334,0.8582934737205505,0.4654414907993058
BH_s29_low,23,8,23.266666666666666,1.8132201433181763,0.8773078994145338
BH_s29_low,23,9,23.3,2.014382839202881,1.1589216135105382
BH_s29_low,23,10,23.333333333333332,1.6593717336654663,1.256018022173119
BH_s29_low,23,11,23.366666666666667,1.0502541065216064,1.1608930743760837
BH_s29_low,23,12,23.4,0.4279271960258484,0.9072075013334864
BH_s29_low,23,13,23.433333333333334,0.0023214761167764664,0.5519429771192804
BH_s29_low,23,14,23.466666666666665,-0.2522192597389221,0.15414292536600466
BH_s29_low,23,15,23.5,-0.35345223546028137,-0.2396430088958172
BH_s29_low,23,16,23.533333333333335,-0.27452439069747925,-0.598416052410934
BH_s29_low,23,17,23.566666666666666,-0.27452439069747925,-0.9003717199568526
BH_s29_low,23,18,23.6,-0.3220512866973877,-1.1236662538808326
BH_s29_low,23,19,23.633333333333333,-0.4776330292224884,-1.2413131480580035
BH_s29_low,23,20,23.666666666666668,-0.7121425867080688,-1.224345225243178
BH_s29_low,23,21,23.7,-0.9084293842315674,-1.0528371435128123
BH_s29_low,23,22,23.733333333333334,-1.10223388671875,-0.730076083458555
BH_s29_low,23,23,23.766666666666666,-1.2578155994415283,-0.2924907347667922
BH_s29_low,23,24,23.8,-1.3456308841705322,0.19181725264052502
BH_s29_low,23,25,23.833333333333332,-0.984684407711029,0.6385184248248642
BH_s29_low,23,26,23.866666666666667,-0.09851261973381042,0.9712166708220511
BH_s29_low,23,27,23.9,1.0469560623168945,1.1433615523978335
BH_s29_low,23,28,23.933333333333334,1.930889368057251,1.1480082727903569
BH_s29_low,23,29,23.966666666666665,2.0707972049713135,1.012283535149715
BH_s29_low,23,30,24.0,1.696641445159912,0.7812686091842678
BH_s29_low,23,31,24.033333333333335,1.0743145942687988,0.500196324948858
BH_s29_low,23,32,24.066666666666666,0.38875141739845276,0.20237854714480963
BH_s29_low,23,33,24.1,-0.06457614153623581,-0.0942559836348836
BH_s29_low,23,34,24.133333333333333,-0.27452439069747925,-0.3829919768397891
BH_s29_low,23,35,24.166666666666668,-0.27452439069747925,-0.6595520469050217
BH_s29_low,23,36,24.2,-0.27452439069747925,-0.9125282342689252
BH_s29_low,23,37,24.233333333333334,-0.27452439069747925,-1.116972500215619
BH_s29_low,23,38,24.266666666666666,-0.35550010204315186,-1.2346496726399874
BH_s29_low,23,39,24.3,-0.5897836089134216,-1.2226920347974648
BH_s29_low,23,40,24.333333333333332,-0.745591402053833,-1.049008100041888
BH_s29_low,23,41,24.366666666666667,-0.9801009297370911,-0.7090428583642259
BH_s29_low,23,42,24.4,-1.2075625658035278,-0.2363969061302397
BH_s29_low,23,43,24.433333333333334,-1.3005863428115845,0.2989631528158487
BH_s29_low,23,44,24.466666666666665,-0.9523304104804993,0.8063973528118312
BH_s29_low,23,45,24.5,-0.12095958739519119,1.199201025216022
BH_s29_low,23,46,24.533333333333335,1.0959546566009521,1.418239565541858
BH_s29_low,23,47,24.566666666666666,2.0196399688720703,1.4449150120384622
BH_s29_low,23,48,24.6,2.192930221557617,1.2996373722449932
BH_s29_low,23,49,24.633333333333333,1.8464962244033813,1.0289471039580298
BH_s29_low,23,50,24.666666666666668,1.3008232116699219,0.68781538296767
BH_s29_low,23,51,24.7,0.6762223243713379,0.3235440460723107
BH_s29_low,23,52,24.733333333333334,0.13054931163787842,-0.03381618358980454
BH_s29_low,23,53,24.766666666666666,-0.16353514790534973,-0.37193669831603327
BH_s29_low,23,54,24.8,-0.27452439069747925,-0.6881561915719296
BH_s29_low,23,55,24.833333333333332,-0.27452439069747925,-0.9768102839206001
BH_s29_low,23,56,24.866666666666667,-0.27452439069747925,-1.2181020965849005
BH_s29_low,23,57,24.9,-0.31229501962661743,-1.3745597063487862
BH_s29_low,23,58,24.933333333333334,-0.5033734440803528,-1.398232682363687
BH_s29_low,23,59,24.966666666666665,-0.7023863196372986,-1.2472497441592576
BH_s29_low,23,60,25.0,-0.9368958473205566,-0.9060542156846004
BH_s29_low,23,61,25.033333333333335,-1.1714054346084595,-0.4010737877032726
BH_s29_low,23,62,25.066666666666666,-1.2741854190826416,0.19608483701636387
BH_s29_low,23,63,25.1,-0.9431681632995605,0.7818612631106125
BH_s29_low,23,64,25.133333333333333,-0.04262573644518852,1.2475240515134143
BH_s29_low,23,65,25.166666666666668,1.1449532508850098,1.5100231131609028
BH_s29_low,23,66,25.2,2.0489931106567383,1.5346085117633548
BH_s29_low,23,67,25.233333333333334,2.221104145050049,1.3401435520391265
BH_s29_low,23,68,25.266666666666666,1.8182557821273804,0.986314817586475
BH_s29_low,23,69,25.3,1.2620995044708252,0.5501984986594864
BH_s29_low,23,70,25.333333333333332,0.6397725939750671,0.10297311909902418
BH_s29_low,23,71,25.366666666666667,0.10824418067932129,-0.30465296505100736
BH_s29_low,23,72,25.4,-0.12399142980575562,-0.6451248564386765
BH_s29_low,23,73,25.433333333333334,-0.27452439069747925,-0.9070848175496518
BH_s29_low,23,74,25.466666666666665,-0.27452439069747925,-1.0842092700391073
BH_s29_low,23,75,25.5,-0.27452439069747925,-1.1659651030759954
BH_s29_low,23,76,25.533333333333335,-0.34801778197288513,-1.1352270058660265
BH_s29_low,23,77,25.566666666666666,-0.5035995244979858,-0.9747738429444298
BH_s29_low,23,78,25.6,-0.7281267046928406,-0.6804031733486708
BH_s29_low,23,79,25.633333333333333,-0.8936907649040222,-0.2741909184035026
BH_s29_low,23,80,25.666666666666668,-1.1282004117965698,0.19046105151766787
BH_s29_low,23,81,25.7,-1.2837821245193481,0.6374642165526706
BH_s29_low,23,82,25.733333333333334,-0.9033318758010864,0.9884464980656616
BH_s29_low,23,83,25.766666666666666,-0.02934993803501129,1.1859941955678581
BH_s29_low,23,84,25.8,1.1386499404907227,1.2092208257817392
BH_s29_low,23,85,25.833333333333332,1.936682939529419,1.075443187777105
BH_s29_low,23,86,25.866666666666667,2.0425570011138916,0.828852538472306
BH_s29_low,23,87,25.9,1.6321595907211304,0.5226396911877226
BH_s29_low,23,88,25.933333333333334,1.086486577987671,0.20228415985906054
BH_s29_low,23,89,25.966666666666665,0.4968815743923187,-0.1043781642693868
BH_s29_low,23,90,26.0,0.036798663437366486,-0.3878217206687503
BH_s29_low,23,91,26.033333333333335,-0.27436479926109314,-0.6489900982742859
BH_s29_low,23,92,26.066666666666666,-0.35345223546028137,-0.8867656902954049
BH_s29_low,23,93,26.1,-0.35345223546028137,-1.0866202580165325
BH_s29_low,23,94,26.133333333333333,-0.35345223546028137,-1.2163736850576128
BH_s29_low,23,95,26.166666666666668,-0.46266838908195496,-1.2324794030373725
BH_s29_low,23,96,26.2,-0.6182501316070557,-1.095677899535672
BH_s29_low,23,97,26.233333333333334,-0.799572229385376,-0.7901628624941563
BH_s29_low,23,98,26.266666666666666,-1.0083414316177368,-0.33791072353576945
BH_s29_low,23,99,26.3,-1.24285089969635,0.19903827360101412
BH_s29_low,23,100,26.333333333333332,-1.281667709350586,0.7309155790592469
BH_s29_low,23,101,26.366666666666667,-0.901651918888092,1.1635204336428704
BH_s29_low,23,102,26.4,0.048483043909072876,1.4238623310226657
BH_s29_low,23,103,26.433333333333334,1.1398290395736694,1.4784140030747748
BH_s29_low,23,104,26.466666666666665,1.8663499355316162,1.3377051903663646
BH_s29_low,23,105,26.5,1.9128086566925049,1.0469551950722629
BH_s29_low,23,106,26.533333333333335,1.4407886266708374,0.6678230189114028
BH_s29_low,23,107,26.566666666666666,0.8184617757797241,0.2591337302168069
BH_s29_low,23,108,26.6,0.27578964829444885,-0.13607679451391136
BH_s29_low,23,109,26.633333333333333,-0.11357469111680984,-0.49320990031482265
BH_s29_low,23,110,26.666666666666668,-0.27070343494415283,-0.7992416135674877
BH_s29_low,23,111,26.7,-0.27452439069747925,-1.0413972687128317
BH_s29_low,23,112,26.733333333333334,-0.27452439069747925,-1.1983425699681147
BH_s29_low,23,113,26.766666666666666,-0.27452439069747925,-1.2395829919268615
BH_s29_low,23,114,26.8,-0.35345223546028137,-1.1346869352754323
BH_s29_low,23,115,26.833333333333332,-0.5598543286323547,-0.8689425324035785
BH_s29_low,23,116,26.866666666666667,-0.7306267619132996,-0.45838452460638607
BH_s29_low,23,117,26.9,-0.9651362895965576,0.04369147773968855
BH_s29_low,23,118,26.933333333333334,-1.063802719116211,0.5539552592539688
BH_s29_low,23,119,26.966666666666665,-0.820950984954834,0.9794038889439757
BH_s29_low,23,120,27.0,-0.03924804553389549,1.2434067767777803
BH_s29_low,23,121,27.033333333333335,1.0232635736465454,1.3064621012433275
BH_s29_low,23,122,27.066666666666666,1.7632020711898804,1.1733340169710664
BH_s29_low,23,123,27.1,1.844364047050476,0.8850939706548753
BH_s29_low,23,124,27.133333333333333,1.4899290800094604,0.5013957075233144
BH_s29_low,23,125,27.166666666666668,0.9032584428787231,0.08171797736890499
BH_s29_low,23,126,27.2,0.3196552097797394,-0.32687427112004896
BH_s29_low,23,127,27.233333333333334,-0.1106402799487114,-0.6922006771993886
BH_s29_low,23,128,27.266666666666666,-0.3087001442909241,-0.9912773281353603
BH_s29_low,23,129,27.3,-0.3215504288673401,-1.2016280640438337
BH_s29_low,23,130,27.333333333333332,-0.27452439069747925,-1.295933537268844
BH_s29_low,23,131,27.366666666666667,-0.30187827348709106,-1.244738682747431
BH_s29_low,23,132,27.4,-0.37853217124938965,-1.0278988506889633
BH_s29_low,23,133,27.433333333333334,-0.5569198727607727,-0.6502208048716852
BH_s29_low,23,134,27.466666666666665,-0.7686234712600708,-0.15268571099021971
BH_s29_low,23,135,27.5,-0.9424632787704468,0.3890586238103567
BH_s29_low,23,136,27.533333333333335,-1.1427305936813354,0.881406527609112
BH_s29_low,23,137,27.566666666666666,-1.0089620351791382,1.2389820279787447
BH_s29_low,23,138,27.6,-0.2848348021507263,1.4090543569492506
BH_s29_low,23,139,27.633333333333333,0.7459079623222351,1.383642968586447
BH_s29_low,23,140,27.666666666666668,1.7262248992919922,1.1955150605764877
BH_s29_low,23,141,27.7,2.0886964797973633,0.9020065776478274
BH_s29_low,23,142,27.733333333333334,1.84950590133667,0.5643822730097541
BH_s29_low,23,143,27.766666666666666,1.3038328886032104,0.2302365803008873
BH_s29_low,23,144,27.8,0.7603673934936523,-0.0756926964750813
BH_s29_low,23,145,27.833333333333332,0.21248692274093628,-0.3501736321974959
BH_s29_low,23,146,27.866666666666667,-0.10991333425045013,-0.6013570271891139
BH_s29_low,23,147,27.9,-0.26549506187438965,-0.834743790002246
BH_s29_low,23,148,27.933333333333334,-0.27452439069747925,-1.0411697665529773
BH_s29_low,23,149,27.966666666666665,-0.27452439069747925,-1.1918409285002025
BH_s29_low,23,150,28.0,-0.33760103583335876,-1.2432338039041895
BH_s29_low,23,151,28.033333333333335,-0.4931827783584595,-1.1514965833455555
BH_s29_low,23,152,28.066666666666666,-0.7072932720184326,-0.8922444689054146
BH_s29_low,23,153,28.1,-0.8832740783691406,-0.47817403534726455
BH_s29_low,23,154,28.133333333333333,-1.1177836656570435,0.034505884656491105
BH_s29_low,23,155,28.166666666666668,-1.2733653783798218,0.5565603416893501
BH_s29_low,23,156,28.2,-1.1227926015853882,0.9907565108976334
BH_s29_low,23,157,28.233333333333334,-0.3862096071243286,1.2610709427137254
BH_s29_low,23,158,28.266666666666666,0.6370508074760437,1.3333771771221103
BH_s29_low,23,159,28.3,1.6749435663223267,1.2194772887317396
BH_s29_low,23,160,28.333333333333332,2.014382839202881,0.9649484521149224
BH_s29_low,23,161,28.366666666666667,1.8212655782699585,0.6285682952141058
BH_s29_low,23,162,28.4,1.3187310695648193,0.2630528699085177
BH_s29_low,23,163,28.433333333333334,0.7753320336341858,-0.09588778194977933
BH_s29_low,23,164,28.466666666666665,0.2631743252277374,-0.4297712243878598
BH_s29_low,23,165,28.5,-0.06670825183391571,-0.7289403043371879
BH_s29_low,23,166,28.533333333333335,-0.22228997945785522,-0.9808776602330096
BH_s29_low,23,167,28.566666666666666,-0.27452439069747925,-1.161701227688856
BH_s29_low,23,168,28.6,-0.27452439069747925,-1.23596495840909
BH_s29_low,23,169,28.633333333333333,-0.37332379817962646,-1.1664228626730544
BH_s29_low,23,170,28.666666666666668,-0.5289055109024048,-0.9308379140902313
BH_s29_low,23,171,28.7,-0.6844872236251831,-0.5388027125120706
BH_s29_low,23,172,28.733333333333334,-0.9189968109130859,-0.039825018506041775
BH_s29_low,23,173,28.766666666666666,-1.0853543281555176,0.4835228292209507
BH_s29_low,23,174,28.8,-1.3005863428115845,0.9368810253983398
BH_s29_low,23,175,28.833333333333332,-1.2819026708602905,1.2417870349377096
BH_s29_low,23,176,28.866666666666667,-0.6454401016235352,1.3578647708540783
BH_s29_low,23,177,28.9,0.2914101779460907,1.2901412754307027
BH_s29_low,23,178,28.933333333333334,1.3793963193893433,1.0800425674146743
BH_s29_low,23,179,28.966666666666665,1.850791335105896,0.7862873099281324
BH_s29_low,23,180,29.0,1.7089554071426392,0.46439611919890517
BH_s29_low,23,181,29.033333333333335,1.247352123260498,0.1517479184423076
BH_s29_low,23,182,29.066666666666666,0.7113688588142395,-0.1378481579230339
BH_s29_low,23,183,29.1,0.15600603818893433,-0.40915961462012507
BH_s29_low,23,184,29.133333333333333,-0.16712115705013275,-0.6724211672725162
BH_s29_low,23,185,29.166666666666668,-0.4158684015274048,-0.9274102405989411
BH_s29_low,23,186,29.2,-0.4323800504207611,-1.1518142686418522
BH_s29_low,23,187,29.233333333333334,-0.4323800504207611,-1.300175919190559
BH_s29_low,23,188,29.266666666666666,-0.4323800504207611,-1.31573321884049
BH_s29_low,23,189,29.3,-0.5646283030509949,-1.1519383745985643
BH_s29_low,23,190,29.333333333333332,-0.7202100157737732,-0.7957596003785268
BH_s29_low,23,191,29.366666666666667,-0.9547195434570312,-0.2827515579171899
BH_s29_low,23,192,29.4,-1.189229130744934,0.3044776166205271
BH_s29_low,23,193,29.433333333333334,-1.256361722946167,0.8565075273735842
BH_s29_low,23,194,29.466666666666665,-0.8170724511146545,1.2690219029310073
BH_s29_low,23,195,29.5,0.04246349260210991,1.4731391106481333
BH_s29_low,23,196,29.533333333333335,1.0548816919326782,1.4520875972203515
BH_s29_low,23,197,29.566666666666666,1.61107337474823,1.2390493013037174
BH_s29_low,23,198,29.6,1.5540341138839722,0.8990043736834451
BH_s29_low,23,199,29.633333333333333,1.1333619356155396,0.503331398586458
BH_s29_low,23,200,29.666666666666668,0.5876889228820801,0.10799352520909383
BH_s29_low,23,201,29.7,0.0680488795042038,-0.25639579964291404
BH_s29_low,23,202,29.733333333333334,-0.32204240560531616,-0.580463778951699
BH_s29_low,23,203,29.766666666666666,-0.5327929854393005,-0.8622977099639347
BH_s29_low,23,204,29.8,-0.590235710144043,-1.0921440460219585
BH_s29_low,23,205,29.833333333333332,-0.5113078951835632,-1.243751650296221
BH_s29_low,23,206,29.866666666666667,-0.590235710144043,-1.2773679646869542
BH_s29_low,23,207,29.9,-0.6815528273582458,-1.1543010698194782
BH_s29_low,23,208,29.933333333333334,-0.8371345400810242,-0.8575622773262891
BH_s29_low,23,209,29.966666666666665,-1.0716440677642822,-0.40922913701421426
BH_s29_low,23,210,30.0,-1.22722589969635,0.12521432386880435
BH_s29_low,23,211,30.033333333333335,-1.3828076124191284,0.6503901353404001
BH_s29_low,23,212,30.066666666666666,-1.4564030170440674,1.0681281907952356
BH_s29_low,23,213,30.1,-0.9898927211761475,1.3064551969914233
BH_s29_low,23,214,30.133333333333333,-0.05891130864620209,1.3382382491096971
BH_s29_low,23,215,30.166666666666668,1.0324347019195557,1.183114625882283
BH_s29_low,23,216,30.2,1.6744426488876343,0.8943944914579953
BH_s29_low,23,217,30.233333333333334,1.6300939321517944,0.5382913869815792
BH_s29_low,23,218,30.266666666666666,1.184049367904663,0.1737809432215573
BH_s29_low,23,219,30.3,0.574346661567688,-0.16080228053971807
BH_s29_low,23,220,30.333333333333332,0.03094758838415146,-0.45112759381391376
BH_s29_low,23,221,30.366666666666667,-0.31456008553504944,-0.699983153570676
BH_s29_low,23,222,30.4,-0.5685157179832458,-0.9135411134060579
BH_s29_low,23,223,30.433333333333334,-0.590235710144043,-1.0870884152688538
BH_s29_low,23,224,30.466666666666665,-0.590235710144043,-1.1971816939939461
BH_s29_low,23,225,30.5,-0.6406217217445374,-1.2049046160549914
BH_s29_low,23,226,30.533333333333335,-0.7962034344673157,-1.0702826570033728
BH_s29_low,23,227,30.566666666666666,-0.951785147190094,-0.7727248219294454
BH_s29_low,23,228,30.6,-1.1509310007095337,-0.3287847344883312
BH_s29_low,23,229,30.633333333333333,-1.3418763875961304,0.20183549909381032
BH_s29_low,23,230,30.666666666666668,-1.4974582195281982,0.7274773280658298
BH_s29_low,23,231,30.7,-1.6530399322509766,1.1508863173592871
BH_s29_low,23,232,30.733333333333334,-1.695225477218628,1.4002132614663518
BH_s29_low,23,233,30.766666666666666,-1.297470211982727,1.450670273897414
BH_s29_low,23,234,30.8,-0.33178550004959106,1.327878768664996
BH_s29_low,23,235,30.833333333333332,0.7595605254173279,1.0931503012422494
BH_s29_low,23,236,30.866666666666667,1.5126330852508545,0.8180130970670098
BH_s29_low,23,237,30.9,1.4946187734603882,0.5582226721782345
BH_s29_low,23,238,30.933333333333334,1.0837029218673706,0.33684068520640553
BH_s29_low,23,239,30.966666666666665,0.5194792747497559,0.14225342961255188
BH_s29_low,24,0,24.0,1.696641445159912,-0.04362055899600902
BH_s29_low,24,1,24.033333333333335,1.0743145942687988,-0.23711418914180749
BH_s29_low,24,2,24.066666666666666,0.38875141739845276,-0.44633684252605643
BH_s29_low,24,3,24.1,-0.06457614153623581,-0.6810390174748587
BH_s29_low,24,4,24.133333333333333,-0.27452439069747925,-0.9380885726384036
BH_s29_low,24,5,24.166666666666668,-0.27452439069747925,-1.199765660160433
BH_s29_low,24,6,24.2,-0.27452439069747925,-1.4349861336427432
BH_s29_low,24,7,24.233333333333334,-0.27452439069747925,-1.6028821643843625
BH_s29_low,24,8,24.266666666666666,-0.35550010204315186,-1.658996375160558
BH_s29_low,24,9,24.3,-0.5897836089134216,-1.564609468278758
BH_s29_low,24,10,24.333333333333332,-0.745591402053833,-1.298406508675515
BH_s29_low,24,11,24.366666666666667,-0.9801009297370911,-0.8674923347807066
BH_s29_low,24,12,24.4,-1.2075625658035278,-0.313258531912476
BH_s29_low,24,13,24.433333333333334,-1.3005863428115845,0.29200352867796625
BH_s29_low,24,14,24.466666666666665,-0.9523304104804993,0.8591026439360836
BH_s29_low,24,15,24.5,-0.12095958739519119,1.3033451656929729
BH_s29_low,24,16,24.533333333333335,1.0959546566009521,1.5657290243174498
BH_s29_low,24,17,24.566666666666666,2.0196399688720703,1.6255597578172176
BH_s29_low,24,18,24.6,2.192930221557617,1.5003766628855668
BH_s29_low,24,19,24.633333333333333,1.8464962244033813,1.2350519803455133
BH_s29_low,24,20,24.666666666666668,1.3008232116699219,0.8855308452356121
BH_s29_low,24,21,24.7,0.6762223243713379,0.5032714648710158
BH_s29_low,24,22,24.733333333333334,0.13054931163787842,0.12518874466331356
BH_s29_low,24,23,24.766666666666666,-0.16353514790534973,-0.22847964437606832
BH_s29_low,24,24,24.8,-0.27452439069747925,-0.5489328196798474
BH_s29_low,24,25,24.833333333333332,-0.27452439069747925,-0.8294161134014278
BH_s29_low,24,26,24.866666666666667,-0.27452439069747925,-1.0563634247283809
BH_s29_low,24,27,24.9,-0.31229501962661743,-1.2053525819144808
BH_s29_low,24,28,24.933333333333334,-0.5033734440803528,-1.2440219439867026
BH_s29_low,24,29,24.966666666666665,-0.7023863196372986,-1.1414419280602963
BH_s29_low,24,30,25.0,-0.9368958473205566,-0.8813325067999522
BH_s29_low,24,31,25.033333333333335,-1.1714054346084595,-0.47483810250053843
BH_s29_low,24,32,25.066666666666666,-1.2741854190826416,0.03264201250760417
BH_s29_low,24,33,25.1,-0.9431681632995605,0.5653737105296047
BH_s29_low,24,34,25.133333333333333,-0.04262573644518852,1.033098022692828
BH_s29_low,24,35,25.166666666666668,1.1449532508850098,1.3543570505602691
BH_s29_low,24,36,25.2,2.0489931106567383,1.4784397020329463
BH_s29_low,24,37,25.233333333333334,2.221104145050049,1.3968930581141814
BH_s29_low,24,38,25.266666666666666,1.8182557821273804,1.1407069054156682
BH_s29_low,24,39,25.3,1.2620995044708252,0.7661391209405264
BH_s29_low,24,40,25.333333333333332,0.6397725939750671,0.3362932093718802
BH_s29_low,24,41,25.366666666666667,0.10824418067932129,-0.09421230102702213
BH_s29_low,24,42,25.4,-0.12399142980575562,-0.4867695544259124
BH_s29_low,24,43,25.433333333333334,-0.27452439069747925,-0.8176701684989146
BH_s29_low,24,44,25.466666666666665,-0.27452439069747925,-1.071098631419705
BH_s29_low,24,45,25.5,-0.27452439069747925,-1.2311198151568166
BH_s29_low,24,46,25.533333333333335,-0.34801778197288513,-1.277690587721279
BH_s29_low,24,47,25.566666666666666,-0.5035995244979858,-1.1897771974037907
BH_s29_low,24,48,25.6,-0.7281267046928406,-0.9551871119494436
BH_s29_low,24,49,25.633333333333333,-0.8936907649040222,-0.5829751672572911
BH_s29_low,24,50,25.666666666666668,-1.1282004117965698,-0.11190478410873139
BH_s29_low,24,51,25.7,-1.2837821245193481,0.3909944709352547
BH_s29_low,24,52,25.733333333333334,-0.9033318758010864,0.8437718321718876
BH_s29_low,24,53,25.766666666666666,-0.02934993803501129,1.1708714619402607
BH_s29_low,24,54,25.8,1.1386499404907227,1.3236052629151445
BH_s29_low,24,55,25.833333333333332,1.936682939529419,1.2908050960639825
BH_s29_low,24,56,25.866666666666667,2.0425570011138916,1.0961577791920998
BH_s29_low,24,57,25.9,1.6321595907211304,0.7855454041589219
BH_s29_low,24,58,25.933333333333334,1.086486577987671,0.4111102245228888
BH_s29_low,24,59,25.966666666666665,0.4968815743923187,0.018378694002750526
BH_s29_low,24,60,26.0,0.036798663437366486,-0.35958301931634423
BH_s29_low,24,61,26.033333333333335,-0.27436479926109314,-0.7003480109304662
BH_s29_low,24,62,26.066666666666666,-0.35345223546028137,-0.98546265274323
BH_s29_low,24,63,26.1,-0.35345223546028137,-1.1937527875064704
BH_s29_low,24,64,26.133333333333333,-0.35345223546028137,-1.2989367001401115
BH_s29_low,24,65,26.166666666666668,-0.46266838908195496,-1.2735856275953072
BH_s29_low,24,66,26.2,-0.6182501316070557,-1.0986301991047729
BH_s29_low,24,67,26.233333333333334,-0.799572229385376,-0.774873783834334
BH_s29_low,24,68,26.266666666666666,-1.0083414316177368,-0.33111106894144393
BH_s29_low,24,69,26.3,-1.24285089969635,0.1760031602419797
BH_s29_low,24,70,26.333333333333332,-1.281667709350586,0.6717304576374468
BH_s29_low,24,71,26.366666666666667,-0.901651918888092,1.0797429624493613
BH_s29_low,24,72,26.4,0.048483043909072876,1.3397613357008749
BH_s29_low,24,73,26.433333333333334,1.1398290395736694,1.4205913277691056
BH_s29_low,24,74,26.466666666666665,1.8663499355316162,1.3246628076343732
BH_s29_low,24,75,26.5,1.9128086566925049,1.0831987930747495
BH_s29_low,24,76,26.533333333333335,1.4407886266708374,0.7443310470991906
BH_s29_low,24,77,26.566666666666666,0.8184617757797241,0.35882983176614797
BH_s29_low,24,78,26.6,0.27578964829444885,-0.03119516451303929
BH_s29_low,24,79,26.633333333333333,-0.11357469111680984,-0.39670656130837423
BH_s29_low,24,80,26.666666666666668,-0.27070343494415283,-0.7185897570528227
BH_s29_low,24,81,26.7,-0.27452439069747925,-0.9799199483647117
BH_s29_low,24,82,26.733333333333334,-0.27452439069747925,-1.1589356169813951
BH_s29_low,24,83,26.766666666666666,-0.27452439069747925,-1.227722762906394
BH_s29_low,24,84,26.8,-0.35345223546028137,-1.1586719315961824
BH_s29_low,24,85,26.833333333333332,-0.5598543286323547,-0.9366748929984943
BH_s29_low,24,86,26.866666666666667,-0.7306267619132996,-0.5717801818824485
BH_s29_low,24,87,26.9,-0.9651362895965576,-0.10592218879597365
BH_s29_low,24,88,26.933333333333334,-1.063802719116211,0.39103812960387446
BH_s29_low,24,89,26.966666666666665,-0.820950984954834,0.8363725121689881
BH_s29_low,24,90,27.0,-0.03924804553389549,1.1554960075292142
BH_s29_low,24,91,27.033333333333335,1.0232635736465454,1.300472199719255
BH_s29_low,24,92,27.066666666666666,1.7632020711898804,1.2589554998739352
BH_s29_low,24,93,27.1,1.844364047050476,1.0513919688509075
BH_s29_low,24,94,27.133333333333333,1.4899290800094604,0.7195777827718027
BH_s29_low,24,95,27.166666666666668,0.9032584428787231,0.3128341457733552
BH_s29_low,24,96,27.2,0.3196552097797394,-0.12208983640717908
BH_s29_low,24,97,27.233333333333334,-0.1106402799487114,-0.5442999515363658
BH_s29_low,24,98,27.266666666666666,-0.3087001442909241,-0.9163538313920446
BH_s29_low,24,99,27.3,-0.3215504288673401,-1.200458873970188
BH_s29_low,24,100,27.333333333333332,-0.27452439069747925,-1.3580658039283173
BH_s29_low,24,101,27.366666666666667,-0.30187827348709106,-1.3555446355806673
BH_s29_low,24,102,27.4,-0.37853217124938965,-1.175069602138086
BH_s29_low,24,103,27.433333333333334,-0.5569198727607727,-0.8263101835904304
BH_s29_low,24,104,27.466666666666665,-0.7686234712600708,-0.3526139727299996
BH_s29_low,24,105,27.5,-0.9424632787704468,0.1735141691217344
BH_s29_low,24,106,27.533333333333335,-1.1427305936813354,0.6664664367535763
BH_s29_low,24,107,27.566666666666666,-1.0089620351791382,1.0500425201653671
BH_s29_low,24,108,27.6,-0.2848348021507263,1.2770354991750137
BH_s29_low,24,109,27.633333333333333,0.7459079623222351,1.337311863793121
BH_s29_low,24,110,27.666666666666668,1.7262248992919922,1.2521881902333576
BH_s29_low,24,111,27.7,2.0886964797973633,1.0599978290942962
BH_s29_low,24,112,27.733333333333334,1.84950590133667,0.8004853230363774
BH_s29_low,24,113,27.766666666666666,1.3038328886032104,0.5040272288707718
BH_s29_low,24,114,27.8,0.7603673934936523,0.18827075936497836
BH_s29_low,24,115,27.833333333333332,0.21248692274093628,-0.138409672681688
BH_s29_low,24,116,27.866666666666667,-0.10991333425045013,-0.46926155326064073
BH_s29_low,24,117,27.9,-0.26549506187438965,-0.7907318275358589
BH_s29_low,24,118,27.933333333333334,-0.27452439069747925,-1.076648155579903
BH_s29_low,24,119,27.966666666666665,-0.27452439069747925,-1.287742736364686
BH_s29_low,24,120,28.0,-0.33760103583335876,-1.3780253428775804
BH_s29_low,24,121,28.033333333333335,-0.4931827783584595,-1.307482612789894
BH_s29_low,24,122,28.066666666666666,-0.7072932720184326,-1.0578698775853106
BH_s29_low,24,123,28.1,-0.8832740783691406,-0.6458355213164024
BH_s29_low,24,124,28.133333333333333,-1.1177836656570435,-0.12677196723490625
BH_s29_low,24,125,28.166666666666668,-1.2733653783798218,0.4147408377561538
BH_s29_low,24,126,28.2,-1.1227926015853882,0.8862591361755411
BH_s29_low,24,127,28.233333333333334,-0.3862096071243286,1.2128064332126411
BH_s29_low,24,128,28.266666666666666,0.6370508074760437,1.3557810020809993
BH_s29_low,24,129,28.3,1.6749435663223267,1.3178918130897503
BH_s29_low,24,130,28.333333333333332,2.014382839202881,1.1338189396055696
BH_s29_low,24,131,28.366666666666667,1.8212655782699585,0.8529235111630816
BH_s29_low,24,132,28.4,1.3187310695648193,0.5221685824859719
BH_s29_low,24,133,28.433333333333334,0.7753320336341858,0.17529556971608506
BH_s29_low,24,134,28.466666666666665,0.2631743252277374,-0.16900480802393614
BH_s29_low,24,135,28.5,-0.06670825183391571,-0.5006621305373142
BH_s29_low,24,136,28.533333333333335,-0.22228997945785522,-0.8075310529526358
BH_s29_low,24,137,28.566666666666666,-0.27452439069747925,-1.0662512503186001
BH_s29_low,24,138,28.6,-0.27452439069747925,-1.2398630755872075
BH_s29_low,24,139,28.633333333333333,-0.37332379817962646,-1.2846144540666
BH_s29_low,24,140,28.666666666666668,-0.5289055109024048,-1.1645685620073816
BH_s29_low,24,141,28.7,-0.6844872236251831,-0.8689081293893534
BH_s29_low,24,142,28.733333333333334,-0.9189968109130859,-0.4245384961200159
BH_s29_low,24,143,28.766666666666666,-1.0853543281555176,0.10288462091057386
BH_s29_low,24,144,28.8,-1.3005863428115845,0.6224092283131127
BH_s29_low,24,145,28.833333333333332,-1.2819026708602905,1.04214144987502
BH_s29_low,24,146,28.866666666666667,-0.6454401016235352,1.294812184732688
BH_s29_low,24,147,28.9,0.2914101779460907,1.3536777105000202
BH_s29_low,24,148,28.933333333333334,1.3793963193893433,1.2333666383418422
BH_s29_low,24,149,28.966666666666665,1.850791335105896,0.97796526140905
BH_s29_low,24,150,29.0,1.7089554071426392,0.6430885389505678
BH_s29_low,24,151,29.033333333333335,1.247352123260498,0.27915163514301744
BH_s29_low,24,152,29.066666666666666,0.7113688588142395,-0.07876733738216171
BH_s29_low,24,153,29.1,0.15600603818893433,-0.4120978382472777
BH_s29_low,24,154,29.133333333333333,-0.16712115705013275,-0.7120637100345432
BH_s29_low,24,155,29.166666666666668,-0.4158684015274048,-0.9690998070741571
BH_s29_low,24,156,29.2,-0.4323800504207611,-1.1638921264834878
BH_s29_low,24,157,29.233333333333334,-0.4323800504207611,-1.2649970135109145
BH_s29_low,24,158,29.266666666666666,-0.4323800504207611,-1.2354565537048974
BH_s29_low,24,159,29.3,-0.5646283030509949,-1.0470455037516597
BH_s29_low,24,160,29.333333333333332,-0.7202100157737732,-0.6970057336215174
BH_s29_low,24,161,29.366666666666667,-0.9547195434570312,-0.21971025775686887
BH_s29_low,24,162,29.4,-1.189229130744934,0.31389959635904585
BH_s29_low,24,163,29.433333333333334,-1.256361722946167,0.8117490099221415
BH_s29_low,24,164,29.466666666666665,-0.8170724511146545,1.1860400497898238
BH_s29_low,24,165,29.5,0.04246349260210991,1.3780390453647844
BH_s29_low,24,166,29.533333333333335,1.0548816919326782,1.3719724721472049
BH_s29_low,24,167,29.566666666666666,1.61107337474823,1.1933182596583165
BH_s29_low,24,168,29.6,1.5540341138839722,0.8939071779813711
BH_s29_low,24,169,29.633333333333333,1.1333619356155396,0.5315238077504406
BH_s29_low,24,170,29.666666666666668,0.5876889228820801,0.1530323855035443
BH_s29_low,24,171,29.7,0.0680488795042038,-0.21269519209502896
BH_s29_low,24,172,29.733333333333334,-0.32204240560531616,-0.551007148712498
BH_s29_low,24,173,29.766666666666666,-0.5327929854393005,-0.8508575692797978
BH_s29_low,24,174,29.8,-0.590235710144043,-1.0939355957088648
BH_s29_low,24,175,29.833333333333332,-0.5113078951835632,-1.2496709316912393
BH_s29_low,24,176,29.866666666666667,-0.590235710144043,-1.279445356899061
BH_s29_low,24,177,29.9,-0.6815528273582458,-1.1493714391736813
BH_s29_low,24,178,29.933333333333334,-0.8371345400810242,-0.8471554502936808
BH_s29_low,24,179,29.966666666666665,-1.0716440677642822,-0.3959196110725911
BH_s29_low,24,180,30.0,-1.22722589969635,0.1424360414371594
BH_s29_low,24,181,30.033333333333335,-1.3828076124191284,0.6783907808986769
BH_s29_low,24,182,30.066666666666666,-1.4564030170440674,1.117935298458861
BH_s29_low,24,183,30.1,-0.9898927211761475,1.3888127454773418
BH_s29_low,24,184,30.133333333333333,-0.05891130864620209,1.458953664107448
BH_s29_low,24,185,30.166666666666668,1.0324347019195557,1.3399466584647668
BH_s29_low,24,186,30.2,1.6744426488876343,1.076044765684393
BH_s29_low,24,187,30.233333333333334,1.6300939321517944,0.7256176889273008
BH_s29_low,24,188,30.266666666666666,1.184049367904663,0.3432208746493236
BH_s29_low,24,189,30.3,0.574346661567688,-0.03212983995252003
BH_s29_low,24,190,30.333333333333332,0.03094758838415146,-0.38014426956431446
BH_s29_low,24,191,30.366666666666667,-0.31456008553504944,-0.6943613431235233
BH_s29_low,24,192,30.4,-0.5685157179832458,-0.9719816534254934
BH_s29_low,24,193,30.433333333333334,-0.590235710144043,-1.2029052746452606
BH_s29_low,24,194,30.466666666666665,-0.590235710144043,-1.362958429788831
BH_s29_low,24,195,30.5,-0.6406217217445374,-1.4152320685677042
BH_s29_low,24,196,30.533333333333335,-0.7962034344673157,-1.3207444562467259
BH_s29_low,24,197,30.566666666666666,-0.951785147190094,-1.0558067002714413
BH_s29_low,24,198,30.6,-1.1509310007095337,-0.6296679914411623
BH_s29_low,24,199,30.633333333333333,-1.3418763875961304,-0.09382763526994863
BH_s29_low,24,200,30.666666666666668,-1.4974582195281982,0.4642942835578563
BH_s29_low,24,201,30.7,-1.6530399322509766,0.9441378931045541
BH_s29_low,24,202,30.733333333333334,-1.695225477218628,1.2623035139036634
BH_s29_low,24,203,30.766666666666666,-1.297470211982727,1.3761422226302311
BH_s29_low,24,204,30.8,-0.33178550004959106,1.2908242320363217
BH_s29_low,24,205,30.833333333333332,0.7595605254173279,1.0496480421091117
BH_s29_low,24,206,30.866666666666667,1.5126330852508545,0.7145531885315491
BH_s29_low,24,207,30.9,1.4946187734603882,0.34593656827859787
BH_s29_low,24,208,30.933333333333334,1.0837029218673706,-0.011081759833125994
BH_s29_low,24,209,30.966666666666665,0.5194792747497559,-0.3307899546234412
BH_s29_low,24,210,31.0,-0.07029425352811813,-0.6022669796678454
BH_s29_low,24,211,31.033333333333335,-0.4463827908039093,-0.8197479839509666
BH_s29_low,24,212,31.066666666666666,-0.60196453332901,-0.9730181947739591
BH_s29_low,24,213,31.1,-0.590235710144043,-1.0424826656259547
BH_s29_low,24,214,31.133333333333333,-0.5830548405647278,-1.001628160912189
BH_s29_low,24,215,31.166666666666668,-0.590235710144043,-0.8267072395104329
BH_s29_low,24,216,31.2,-0.6717965602874756,-0.5104012757477159
BH_s29_low,24,217,31.233333333333334,-0.8273782730102539,-0.07371958631509279
BH_s29_low,24,218,31.266666666666666,-1.059972882270813,0.43037576106451186
BH_s29_low,24,219,31.3,-1.217469573020935,0.9254908510395381
BH_s29_low,24,220,31.333333333333332,-1.3730512857437134,1.3304405049006034
BH_s29_low,24,221,31.366666666666667,-1.5286329984664917,1.5805515220878463
BH_s29_low,24,222,31.4,-1.5373698472976685,1.643020743851127
BH_s29_low,24,223,31.433333333333334,-1.1169414520263672,1.5211580261375472
BH_s29_low,24,224,31.466666666666665,-0.1466512829065323,1.2479111011777106
BH_s29_low,24,225,31.5,0.8634929656982422,0.873226719768316
BH_s29_low,24,226,31.533333333333335,1.5594241619110107,0.4504913831301326
BH_s29_low,24,227,31.566666666666666,1.5631964206695557,0.025855161170027893
BH_s29_low,24,228,31.6,1.1412122249603271,-0.3672887491605788
BH_s29_low,24,229,31.633333333333333,0.5435397028923035,-0.7081086350903604
BH_s29_low,24,230,31.666666666666668,0.020663805305957794,-0.9841736464671984
BH_s29_low,24,231,31.7,-0.36942747235298157,-1.1867226869343763
BH_s29_low,24,232,31.733333333333334,-0.5564854741096497,-1.308405977673308
BH_s29_low,24,233,31.766666666666666,-0.590235710144043,-1.344527330987073
BH_s29_low,24,234,31.8,-0.5113078951835632,-1.2964233834426289
BH_s29_low,24,235,31.833333333333332,-0.5496636629104614,-1.174061325416707
BH_s29_low,24,236,31.866666666666667,-0.7052453756332397,-0.9950855170112327
BH_s29_low,24,237,31.9,-0.8608270883560181,-0.779733054128589
BH_s29_low,24,238,31.933333333333334,-1.0479427576065063,-0.5443015208424378
BH_s29_low,24,239,31.966666666666665,-1.2509183883666992,-0.2976108762834541
BH_s29_low,25,0,25.0,-0.9368958473205566,0.009799691099697463
BH_s29_low,25,1,25.033333333333335,-1.1714054346084595,0.5177643886824049
BH_s29_low,25,2,25.066666666666666,-1.2741854190826416,0.9639702467960698
BH_s29_low,25,3,25.1,-0.9431681632995605,1.2978385410453628
BH_s29_low,25,4,25.133333333333333,-0.04262573644518852,1.484800213371855
BH_s29_low,25,5,25.166666666666668,1.1449532508850098,1.5136698508323676
BH_s29_low,25,6,25.2,2.0489931106567383,1.3993511152140186
BH_s29_low,25,7,25.233333333333334,2.221104145050049,1.1781086718534342
BH_s29_low,25,8,25.266666666666666,1.8182557821273804,0.8962493781330674
BH_s29_low,25,9,25.3,1.2620995044708252,0.5965790917538051
BH_s29_low,25,10,25.333333333333332,0.6397725939750671,0.3079978620555354
BH_s29_low,25,11,25.366666666666667,0.10824418067932129,0.04188754304651277
BH_s29_low,25,12,25.4,-0.12399142980575562,-0.20410148001779932
BH_s29_low,25,13,25.433333333333334,-0.27452439069747925,-0.436967259805137
BH_s29_low,25,14,25.466666666666665,-0.27452439069747925,-0.6574893542494061
BH_s29_low,25,15,25.5,-0.27452439069747925,-0.8516293072507554
BH_s29_low,25,16,25.533333333333335,-0.34801778197288513,-0.9883003921633513
BH_s29_low,25,17,25.566666666666666,-0.5035995244979858,-1.0261989664192248
BH_s29_low,25,18,25.6,-0.7281267046928406,-0.9288628298511252
BH_s29_low,25,19,25.633333333333333,-0.8936907649040222,-0.6828052142312053
BH_s29_low,25,20,25.666666666666668,-1.1282004117965698,-0.31078558924159083
BH_s29_low,25,21,25.7,-1.2837821245193481,0.12711205684149585
BH_s29_low,25,22,25.733333333333334,-0.9033318758010864,0.5473927146316467
BH_s29_low,25,23,25.766666666666666,-0.02934993803501129,0.8677919154989896
BH_s29_low,25,24,25.8,1.1386499404907227,1.0321678249392743
BH_s29_low,25,25,25.833333333333332,1.936682939529419,1.0244762974255972
BH_s29_low,25,26,25.866666666666667,2.0425570011138916,0.8669909217414491
BH_s29_low,25,27,25.9,1.6321595907211304,0.6061904356625223
BH_s29_low,25,28,25.933333333333334,1.086486577987671,0.2941040206392835
BH_s29_low,25,29,25.966666666666665,0.4968815743923187,-0.027159515051762135
BH_s29_low,25,30,26.0,0.036798663437366486,-0.33244508452346244
BH_s29_low,25,31,26.033333333333335,-0.27436479926109314,-0.6107688148829965
BH_s29_low,25,32,26.066666666666666,-0.35345223546028137,-0.8557083160535794
BH_s29_low,25,33,26.1,-0.35345223546028137,-1.0548507838514747
BH_s29_low,25,34,26.133333333333333,-0.35345223546028137,-1.1841348382085537
BH_s29_low,25,35,26.166666666666668,-0.46266838908195496,-1.2103842322745904
BH_s29_low,25,36,26.2,-0.6182501316070557,-1.1017425079112548
BH_s29_low,25,37,26.233333333333334,-0.799572229385376,-0.8423060133935536
BH_s29_low,25,38,26.266666666666666,-1.0083414316177368,-0.4450231210689034
BH_s29_low,25,39,26.3,-1.24285089969635,0.04325651510143783
BH_s29_low,25,40,26.333333333333332,-1.281667709350586,0.5483881993516415
BH_s29_low,25,41,26.366666666666667,-0.901651918888092,0.9864521409544532
BH_s29_low,25,42,26.4,0.048483043909072876,1.28622391875015
BH_s29_low,25,43,26.433333333333334,1.1398290395736694,1.4077573733131175
BH_s29_low,25,44,26.466666666666665,1.8663499355316162,1.3498282535883335
BH_s29_low,25,45,26.5,1.9128086566925049,1.1440885875096911
BH_s29_low,25,46,26.533333333333335,1.4407886266708374,0.8396288652750715
BH_s29_low,25,47,26.566666666666666,0.8184617757797241,0.4854505543108989
BH_s29_low,25,48,26.6,0.27578964829444885,0.11845453442358321
BH_s29_low,25,49,26.633333333333333,-0.11357469111680984,-0.23880883705317557
BH_s29_low,25,50,26.666666666666668,-0.27070343494415283,-0.5714582986202649
BH_s29_low,25,51,26.7,-0.27452439069747925,-0.8618357039825594
BH_s29_low,25,52,26.733333333333334,-0.27452439069747925,-1.0820614699097904
BH_s29_low,25,53,26.766666666666666,-0.27452439069747925,-1.1946810771377219
BH_s29_low,25,54,26.8,-0.35345223546028137,-1.1624443826340658
BH_s29_low,25,55,26.833333333333332,-0.5598543286323547,-0.9637714861623262
BH_s29_low,25,56,26.866666666666667,-0.7306267619132996,-0.6074512074098263
BH_s29_low,25,57,26.9,-0.9651362895965576,-0.13951690679051867
BH_s29_low,25,58,26.933333333333334,-1.063802719116211,0.3626197967673436
BH_s29_low,25,59,26.966666666666665,-0.820950984954834,0.8086522428665167
BH_s29_low,25,60,27.0,-0.03924804553389549,1.1199284782060743
BH_s29_low,25,61,27.033333333333335,1.0232635736465454,1.2499002852213035
BH_s29_low,25,62,27.066666666666666,1.7632020711898804,1.1924718308491857
BH_s29_low,25,63,27.1,1.844364047050476,0.9764105390552394
BH_s29_low,25,64,27.133333333333333,1.4899290800094604,0.6501892984617558
BH_s29_low,25,65,27.166666666666668,0.9032584428787231,0.2650684135135428
BH_s29_low,25,66,27.2,0.3196552097797394,-0.1362140558475316
BH_s29_low,25,67,27.233333333333334,-0.1106402799487114,-0.5215420849515457
BH_s29_low,25,68,27.266666666666666,-0.3087001442909241,-0.8638828476862804
BH_s29_low,25,69,27.3,-0.3215504288673401,-1.13360847302535
BH_s29_low,25,70,27.333333333333332,-0.27452439069747925,-1.2949672769447038
BH_s29_low,25,71,27.366666666666667,-0.30187827348709106,-1.3107251806991747
BH_s29_low,25,72,27.4,-0.37853217124938965,-1.154862992230929
BH_s29_low,25,73,27.433333333333334,-0.5569198727607727,-0.8284044637558311
BH_s29_low,25,74,27.466666666666665,-0.7686234712600708,-0.36987496717170393
BH_s29_low,25,75,27.5,-0.9424632787704468,0.1474112142356211
BH_s29_low,25,76,27.533333333333335,-1.1427305936813354,0.6329633038769653
BH_s29_low,25,77,27.566666666666666,-1.0089620351791382,1.005253101914636
BH_s29_low,25,78,27.6,-0.2848348021507263,1.2149347806506
BH_s29_low,25,79,27.633333333333333,0.7459079623222351,1.2549870837799755
BH_s29_low,25,80,27.666666666666668,1.7262248992919922,1.1547664677230578
BH_s29_low,25,81,27.7,2.0886964797973633,0.9628440566711929
BH_s29_low,25,82,27.733333333333334,1.84950590133667,0.7271322873635453
BH_s29_low,25,83,27.766666666666666,1.3038328886032104,0.47992463604399743
BH_s29_low,25,84,27.8,0.7603673934936523,0.23229420157782807
BH_s29_low,25,85,27.833333333333332,0.21248692274093628,-0.021523048021372504
BH_s29_low,25,86,27.866666666666667,-0.10991333425045013,-0.2925368710829218
BH_s29_low,25,87,27.9,-0.26549506187438965,-0.5831196844367204
BH_s29_low,25,88,27.933333333333334,-0.27452439069747925,-0.876226720122873
BH_s29_low,25,89,27.966666666666665,-0.27452439069747925,-1.1321136537039664
BH_s29_low,25,90,28.0,-0.33760103583335876,-1.2948263113416199
BH_s29_low,25,91,28.033333333333335,-0.4931827783584595,-1.307715131907123
BH_s29_low,25,92,28.066666666666666,-0.7072932720184326,-1.1337742940006348
BH_s29_low,25,93,28.1,-0.8832740783691406,-0.7738137665144726
BH_s29_low,25,94,28.133333333333333,-1.1177836656570435,-0.27473098440190846
BH_s29_low,25,95,28.166666666666668,-1.2733653783798218,0.2774271560066832
BH_s29_low,25,96,28.2,-1.1227926015853882,0.7793646158136298
BH_s29_low,25,97,28.233333333333334,-0.3862096071243286,1.1402723336305776
BH_s29_low,25,98,28.266666666666666,0.6370508074760437,1.3074180666378923
BH_s29_low,25,99,28.3,1.6749435663223267,1.2767352518919832
BH_s29_low,25,100,28.333333333333332,2.014382839202881,1.08531166612504
BH_s29_low,25,101,28.366666666666667,1.8212655782699585,0.791547843748333
BH_s29_low,25,102,28.4,1.3187310695648193,0.45286937589128556
BH_s29_low,25,103,28.433333333333334,0.7753320336341858,0.10987532397820052
BH_s29_low,25,104,28.466666666666665,0.2631743252277374,-0.2179441694748313
BH_s29_low,25,105,28.5,-0.06670825183391571,-0.5248376728516324
BH_s29_low,25,106,28.533333333333335,-0.22228997945785522,-0.8047560316118963
BH_s29_low,25,107,28.566666666666666,-0.27452439069747925,-1.038608204010515
BH_s29_low,25,108,28.6,-0.27452439069747925,-1.1900992902283298
BH_s29_low,25,109,28.633333333333333,-0.37332379817962646,-1.213508167881634
BH_s29_low,25,110,28.666666666666668,-0.5289055109024048,-1.0712561546934878
BH_s29_low,25,111,28.7,-0.6844872236251831,-0.7541090859255161
BH_s29_low,25,112,28.733333333333334,-0.9189968109130859,-0.2944353426054972
BH_s29_low,25,113,28.766666666666666,-1.0853543281555176,0.23520632939129865
BH_s29_low,25,114,28.8,-1.3005863428115845,0.7397421138960028
BH_s29_low,25,115,28.833333333333332,-1.2819026708602905,1.129219434466061
BH_s29_low,25,116,28.866666666666667,-0.6454401016235352,1.344545905137459
BH_s29_low,25,117,28.9,0.2914101779460907,1.370334446781599
BH_s29_low,25,118,28.933333333333334,1.3793963193893433,1.2313994649813635
BH_s29_low,25,119,28.966666666666665,1.850791335105896,0.9776214253652813
BH_s29_low,25,120,29.0,1.7089554071426392,0.664925139663245
BH_s29_low,25,121,29.033333333333335,1.247352123260498,0.33885286960423533
BH_s29_low,25,122,29.066666666666666,0.7113688588142395,0.025037306258395498
BH_s29_low,25,123,29.1,0.15600603818893433,-0.2712616148987949
BH_s29_low,25,124,29.133333333333333,-0.16712115705013275,-0.5569113487268313
BH_s29_low,25,125,29.166666666666668,-0.4158684015274048,-0.837165538515396
BH_s29_low,25,126,29.2,-0.4323800504207611,-1.1020771920927688
BH_s29_low,25,127,29.233333333333334,-0.4323800504207611,-1.319339538288515
BH_s29_low,25,128,29.266666666666666,-0.4323800504207611,-1.4377805770844123
BH_s29_low,25,129,29.3,-0.5646283030509949,-1.4018047606216415
BH_s29_low,25,130,29.333333333333332,-0.7202100157737732,-1.1727834430194073
BH_s29_low,25,131,29.366666666666667,-0.9547195434570312,-0.7499319363660277
BH_s29_low,25,132,29.4,-1.189229130744934,-0.18175153355978654
BH_s29_low,25,133,29.433333333333334,-1.256361722946167,0.4389468384031541
BH_s29_low,25,134,29.466666666666665,-0.8170724511146545,0.9976336352052518
BH_s29_low,25,135,29.5,0.04246349260210991,1.3913708339816038
BH_s29_low,25,136,29.533333333333335,1.0548816919326782,1.5593122924667597
BH_s29_low,25,137,29.566666666666666,1.61107337474823,1.4969619913971761
BH_s29_low,25,138,29.6,1.5540341138839722,1.2491769511911233
BH_s29_low,25,139,29.633333333333333,1.1333619356155396,0.88756137750177
BH_s29_low,25,140,29.666666666666668,0.5876889228820801,0.48365360820446024
BH_s29_low,25,141,29.7,0.0680488795042038,0.08886769473565591
BH_s29_low,25,142,29.733333333333334,-0.32204240560531616,-0.27225157043488674
BH_s29_low,25,143,29.766666666666666,-0.5327929854393005,-0.5950239906617564
BH_s29_low,25,144,29.8,-0.590235710144043,-0.8791717943539009
BH_s29_low,25,145,29.833333333333332,-0.5113078951835632,-1.113405267998836
BH_s29_low,25,146,29.866666666666667,-0.590235710144043,-1.268059659831709
BH_s29_low,25,147,29.9,-0.6815528273582458,-1.3000126916014727
BH_s29_low,25,148,29.933333333333334,-0.8371345400810242,-1.1686815523394611
BH_s29_low,25,149,29.966666666666665,-1.0716440677642822,-0.8568824107988411
BH_s29_low,25,150,30.0,-1.22722589969635,-0.38756229305184225
BH_s29_low,25,151,30.033333333333335,-1.3828076124191284,0.17215060106297586
BH_s29_low,25,152,30.066666666666666,-1.4564030170440674,0.7241282217763814
BH_s29_low,25,153,30.1,-0.9898927211761475,1.1666823116478466
BH_s29_low,25,154,30.133333333333333,-0.05891130864620209,1.4249777979449403
BH_s29_low,25,155,30.166666666666668,1.0324347019195557,1.4706883239749742
BH_s29_low,25,156,30.2,1.6744426488876343,1.3238416865817735
BH_s29_low,25,157,30.233333333333334,1.6300939321517944,1.0393090202051252
BH_s29_low,25,158,30.266666666666666,1.184049367904663,0.6853016196921395
BH_s29_low,25,159,30.3,0.574346661567688,0.3217158631742278
BH_s29_low,25,160,30.333333333333332,0.03094758838415146,-0.014772005064119909
BH_s29_low,25,161,30.366666666666667,-0.31456008553504944,-0.3141921203404337
BH_s29_low,25,162,30.4,-0.5685157179832458,-0.5848538982289232
BH_s29_low,25,163,30.433333333333334,-0.590235710144043,-0.8373426748194084
BH_s29_low,25,164,30.466666666666665,-0.590235710144043,-1.0685399795297335
BH_s29_low,25,165,30.5,-0.6406217217445374,-1.2532168895305502
BH_s29_low,25,166,30.533333333333335,-0.7962034344673157,-1.3472532927878924
BH_s29_low,25,167,30.566666666666666,-0.951785147190094,-1.3017245550318373
BH_s29_low,25,168,30.6,-1.1509310007095337,-1.0832055486372991
BH_s29_low,25,169,30.633333333333333,-1.3418763875961304,-0.6929458185405335
BH_s29_low,25,170,30.666666666666668,-1.4974582195281982,-0.17635831046347292
BH_s29_low,25,171,30.7,-1.6530399322509766,0.3833396046853202
BH_s29_low,25,172,30.733333333333334,-1.695225477218628,0.886733617913825
BH_s29_low,25,173,30.766666666666666,-1.297470211982727,1.246841910016403
BH_s29_low,25,174,30.8,-0.33178550004959106,1.4128029922156593
BH_s29_low,25,175,30.833333333333332,0.7595605254173279,1.3792525140238767
BH_s29_low,25,176,30.866666666666667,1.5126330852508545,1.1796278259482924
BH_s29_low,25,177,30.9,1.4946187734603882,0.8690280565789478
BH_s29_low,25,178,30.933333333333334,1.0837029218673706,0.5049326929300756
BH_s29_low,25,179,30.966666666666665,0.5194792747497559,0.1325637213982256
BH_s29_low,25,180,31.0,-0.07029425352811813,-0.22133537282177934
BH_s29_low,25,181,31.033333333333335,-0.4463827908039093,-0.5456784273985075
BH_s29_low,25,182,31.066666666666666,-0.60196453332901,-0.8354487870365737
BH_s29_low,25,183,31.1,-0.590235710144043,-1.079947619025834
BH_s29_low,25,184,31.133333333333333,-0.5830548405647278,-1.2546602455936466
BH_s29_low,25,185,31.166666666666668,-0.590235710144043,-1.3216261114570789
BH_s29_low,25,186,31.2,-0.6717965602874756,-1.2399083259057113
BH_s29_low,25,187,31.233333333333334,-0.8273782730102539,-0.9832456780974639
BH_s29_low,25,188,31.266666666666666,-1.059972882270813,-0.5580817109652804
BH_s29_low,25,189,31.3,-1.217469573020935,-0.013390832977274031
BH_s29_low,25,190,31.333333333333332,-1.3730512857437134,0.5646470830450657
BH_s29_low,25,191,31.366666666666667,-1.5286329984664917,1.0739225451669965
BH_s29_low,25,192,31.4,-1.5373698472976685,1.425636976482458
BH_s29_low,25,193,31.433333333333334,-1.1169414520263672,1.5687042248159742
BH_s29_low,25,194,31.466666666666665,-0.1466512829065323,1.5000126083778667
BH_s29_low,25,195,31.5,0.8634929656982422,1.2589558829617
BH_s29_low,25,196,31.533333333333335,1.5594241619110107,0.9104027641808147
BH_s29_low,25,197,31.566666666666666,1.5631964206695557,0.5229316887932287
BH_s29_low,25,198,31.6,1.1412122249603271,0.14986803489211856
BH_s29_low,25,199,31.633333333333333,0.5435397028923035,-0.18067353490080693
BH_s29_low,25,200,31.666666666666668,0.020663805305957794,-0.4641139956042283
BH_s29_low,25,201,31.7,-0.36942747235298157,-0.7081237830035665
BH_s29_low,25,202,31.733333333333334,-0.5564854741096497,-0.9175732876450171
BH_s29_low,25,203,31.766666666666666,-0.590235710144043,-1.0828361348608624
BH_s29_low,25,204,31.8,-0.5113078951835632,-1.1767105892885812
BH_s29_low,25,205,31.833333333333332,-0.5496636629104614,-1.161545144182127
BH_s29_low,25,206,31.866666666666667,-0.7052453756332397,-1.0043774414202797
BH_s29_low,25,207,31.9,-0.8608270883560181,-0.69475982164547
BH_s29_low,25,208,31.933333333333334,-1.0479427576065063,-0.258023326516007
BH_s29_low,25,209,31.966666666666665,-1.2509183883666992,0.24272981599371332
BH_s29_low,25,210,32.0,-1.4065001010894775,0.718866471500938
BH_s29_low,25,211,32.03333333333333,-1.5620818138122559,1.0796335036362885
BH_s29_low,25,212,32.06666666666667,-1.571421504020691,1.2580103492023473
BH_s29_low,25,213,32.1,-0.9428179860115051,1.2286473946722698
BH_s29_low,25,214,32.13333333333333,0.08749037235975266,1.0115186374432599
BH_s29_low,25,215,32.166666666666664,1.1453299522399902,0.6614685031142261
BH_s29_low,25,216,32.2,1.712013840675354,0.24888553176830938
BH_s29_low,25,217,32.233333333333334,1.597607135772705,-0.16095743202295162
BH_s29_low,25,218,32.266666666666666,1.189927101135254,-0.5225758088551435
BH_s29_low,25,219,32.3,0.6465280055999756,-0.8145163503604508
BH_s29_low,25,220,32.333333333333336,0.10737539827823639,-1.0335470827492277
BH_s29_low,25,221,32.36666666666667,-0.27846941351890564,-1.1832919571848504
BH_s29_low,25,222,32.4,-0.5110064744949341,-1.2630988338830422
BH_s29_low,25,223,32.43333333333333,-0.5113078951835632,-1.2619864140324777
BH_s29_low,25,224,32.46666666666667,-0.5113078951835632,-1.1606108479858313
BH_s29_low,25,225,32.5,-0.5831124782562256,-0.9411162586717596
BH_s29_low,25,226,32.53333333333333,-0.6597663164138794,-0.6007003710755658
BH_s29_low,25,227,32.56666666666667,-0.8153480887413025,-0.16219209809249613
BH_s29_low,25,228,32.6,-1.0498576164245605,0.3240011445260363
BH_s29_low,25,229,32.63333333333333,-1.2681480646133423,0.7884073771533
BH_s29_low,25,230,32.666666666666664,-1.4399489164352417,1.1590179449463174
BH_s29_low,25,231,32.7,-1.59553062915802,1.3804015769202607
BH_s29_low,25,232,32.733333333333334,-1.3697091341018677,1.4291200334293663
BH_s29_low,25,233,32.766666666666666,-0.5842694640159607,1.32024496309038
BH_s29_low,25,234,32.8,0.47948768734931946,1.1022789926283392
BH_s29_low,25,235,32.833333333333336,1.421364665031433,0.8414635792142761
BH_s29_low,25,236,32.86666666666667,1.698671579360962,0.6005187463260064
BH_s29_low,25,237,32.9,1.4072644710540771,0.41929158452371945
BH_s29_low,25,238,32.93333333333333,0.898276150226593,0.3040704829172438
BH_s29_low,25,239,32.96666666666667,0.3159184753894806,0.22906869891635484
BH_s29_low,26,0,26.0,0.036798663437366486,0.04392477674873781
BH_s29_low,26,1,26.033333333333335,-0.27436479926109314,-0.4217839116977441
BH_s29_low,26,2,26.066666666666666,-0.35345223546028137,-0.8320724803081934
BH_s29_low,26,3,26.1,-0.35345223546028137,-1.134885490400278
BH_s29_low,26,4,26.133333333333333,-0.35345223546028137,-1.2859348723502968
BH_s29_low,26,5,26.166666666666668,-0.46266838908195496,-1.256975598219899
BH_s29_low,26,6,26.2,-0.6182501316070557,-1.044910461722233
BH_s29_low,26,7,26.233333333333334,-0.799572229385376,-0.6782061484365087
BH_s29_low,26,8,26.266666666666666,-1.0083414316177368,-0.21654197418546878
BH_s29_low,26,9,26.3,-1.24285089969635,0.2590341790831589
BH_s29_low,26,10,26.333333333333332,-1.281667709350586,0.664267536393225
BH_s29_low,26,11,26.366666666666667,-0.901651918888092,0.9327262800603051
BH_s29_low,26,12,26.4,0.048483043909072876,1.0323280971737396
BH_s29_low,26,13,26.433333333333334,1.1398290395736694,0.9711815570789504
BH_s29_low,26,14,26.466666666666665,1.8663499355316162,0.7902447550980941
BH_s29_low,26,15,26.5,1.9128086566925049,0.5454513255961861
BH_s29_low,26,16,26.533333333333335,1.4407886266708374,0.28673555488609315
BH_s29_low,26,17,26.566666666666666,0.8184617757797241,0.04305268199828764
BH_s29_low,26,18,26.6,0.27578964829444885,-0.18046275783722193
BH_s29_low,26,19,26.633333333333333,-0.11357469111680984,-0.3930115871068754
BH_s29_low,26,20,26.666666666666668,-0.27070343494415283,-0.6018944017232414
BH_s29_low,26,21,26.7,-0.27452439069747925,-0.7979590607175897
BH_s29_low,26,22,26.733333333333334,-0.27452439069747925,-0.9499864813751503
BH_s29_low,26,23,26.766666666666666,-0.27452439069747925,-1.0111340230393493
BH_s29_low,26,24,26.8,-0.35345223546028137,-0.9355361121933496
BH_s29_low,26,25,26.833333333333332,-0.5598543286323547,-0.6989344103286762
BH_s29_low,26,26,26.866666666666667,-0.7306267619132996,-0.31501456041803316
BH_s29_low,26,27,26.9,-0.9651362895965576,0.1601312265995295
BH_s29_low,26,28,26.933333333333334,-1.063802719116211,0.6390901557785961
BH_s29_low,26,29,26.966666666666665,-0.820950984954834,1.0271464340050567
BH_s29_low,26,30,27.0,-0.03924804553389549,1.250268571408393
BH_s29_low,26,31,27.033333333333335,1.0232635736465454,1.2755756203663293
BH_s29_low,26,32,27.066666666666666,1.7632020711898804,1.1162927766565152
BH_s29_low,26,33,27.1,1.844364047050476,0.8205435274785803
BH_s29_low,26,34,27.133333333333333,1.4899290800094604,0.4503365946750403
BH_s29_low,26,35,27.166666666666668,0.9032584428787231,0.06071337739248252
BH_s29_low,26,36,27.2,0.3196552097797394,-0.31204767335862116
BH_s29_low,26,37,27.233333333333334,-0.1106402799487114,-0.6493433904656314
BH_s29_low,26,38,27.266666666666666,-0.3087001442909241,-0.9391496409924218
BH_s29_low,26,39,27.3,-0.3215504288673401,-1.162757914690218
BH_s29_low,26,40,27.333333333333332,-0.27452439069747925,-1.287955694248708
BH_s29_low,26,41,27.366666666666667,-0.30187827348709106,-1.2738830139519568
BH_s29_low,26,42,27.4,-0.37853217124938965,-1.0870130844588988
BH_s29_low,26,43,27.433333333333334,-0.5569198727607727,-0.7216981530688118
BH_s29_low,26,44,27.466666666666665,-0.7686234712600708,-0.2149847466108332
BH_s29_low,26,45,27.5,-0.9424632787704468,0.3535430376683547
BH_s29_low,26,46,27.533333333333335,-1.1427305936813354,0.8797509784478509
BH_s29_low,26,47,27.566666666666666,-1.0089620351791382,1.264874229933125
BH_s29_low,26,48,27.6,-0.2848348021507263,1.4450274559867353
BH_s29_low,26,49,27.633333333333333,0.7459079623222351,1.407844399159134
BH_s29_low,26,50,27.666666666666668,1.7262248992919922,1.1904549406161413
BH_s29_low,26,51,27.7,2.0886964797973633,0.8616956300524242
BH_s29_low,26,52,27.733333333333334,1.84950590133667,0.4968829243973044
BH_s29_low,26,53,27.766666666666666,1.3038328886032104,0.15464417052242185
BH_s29_low,26,54,27.8,0.7603673934936523,-0.136519883945641
BH_s29_low,26,55,27.833333333333332,0.21248692274093628,-0.37820586637629017
BH_s29_low,26,56,27.866666666666667,-0.10991333425045013,-0.5899558359561917
BH_s29_low,26,57,27.9,-0.26549506187438965,-0.7907453612908363
BH_s29_low,26,58,27.933333333333334,-0.27452439069747925,-0.9819690067768037
BH_s29_low,26,59,27.966666666666665,-0.27452439069747925,-1.1389868741729405
BH_s29_low,26,60,28.0,-0.33760103583335876,-1.2150815659258591
BH_s29_low,26,61,28.033333333333335,-0.4931827783584595,-1.1572599502883785
BH_s29_low,26,62,28.066666666666666,-0.7072932720184326,-0.9290120292008681
BH_s29_low,26,63,28.1,-0.8832740783691406,-0.5317015883497576
BH_s29_low,26,64,28.133333333333333,-1.1177836656570435,-0.014898116773810656
BH_s29_low,26,65,28.166666666666668,-1.2733653783798218,0.5311758600537531
BH_s29_low,26,66,28.2,-1.1227926015853882,1.000401689617008
BH_s29_low,26,67,28.233333333333334,-0.3862096071243286,1.3035027833928556
BH_s29_low,26,68,28.266666666666666,0.6370508074760437,1.3949643558182234
BH_s29_low,26,69,28.3,1.6749435663223267,1.2828647488538973
BH_s29_low,26,70,28.333333333333332,2.014382839202881,1.0190553228635009
BH_s29_low,26,71,28.366666666666667,1.8212655782699585,0.6761610048545318
BH_s29_low,26,72,28.4,1.3187310695648193,0.32182882762361353
BH_s29_low,26,73,28.433333333333334,0.7753320336341858,-0.0003604095367866272
BH_s29_low,26,74,28.466666666666665,0.2631743252277374,-0.27736503277273217
BH_s29_low,26,75,28.5,-0.06670825183391571,-0.5194093437224931
BH_s29_low,26,76,28.533333333333335,-0.22228997945785522,-0.7431550190996119
BH_s29_low,26,77,28.566666666666666,-0.27452439069747925,-0.9532152172283551
BH_s29_low,26,78,28.6,-0.27452439069747925,-1.1302744476415367
BH_s29_low,26,79,28.633333333333333,-0.37332379817962646,-1.2313733981975168
BH_s29_low,26,80,28.666666666666668,-0.5289055109024048,-1.203413172549226
BH_s29_low,26,81,28.7,-0.6844872236251831,-1.0057080458104375
BH_s29_low,26,82,28.733333333333334,-0.9189968109130859,-0.6328517554695612
BH_s29_low,26,83,28.766666666666666,-1.0853543281555176,-0.12735067765619407
BH_s29_low,26,84,28.8,-1.3005863428115845,0.4257757349435153
BH_s29_low,26,85,28.833333333333332,-1.2819026708602905,0.9225684382702996
BH_s29_low,26,86,28.866666666666667,-0.6454401016235352,1.2723420941801606
BH_s29_low,26,87,28.9,0.2914101779460907,1.4240674796597175
BH_s29_low,26,88,28.933333333333334,1.3793963193893433,1.3764404921990354
BH_s29_low,26,89,28.966666666666665,1.850791335105896,1.1700818340455588
BH_s29_low,26,90,29.0,1.7089554071426392,0.8676647208672938
BH_s29_low,26,91,29.033333333333335,1.247352123260498,0.5309368076764552
BH_s29_low,26,92,29.066666666666666,0.7113688588142395,0.20298731253269842
BH_s29_low,26,93,29.1,0.15600603818893433,-0.09890569629929402
BH_s29_low,26,94,29.133333333333333,-0.16712115705013275,-0.37849467771915657
BH_s29_low,26,95,29.166666666666668,-0.4158684015274048,-0.6466269918218565
BH_s29_low,26,96,29.2,-0.4323800504207611,-0.9044086349040469
BH_s29_low,26,97,29.233333333333334,-0.4323800504207611,-1.1311110157459716
BH_s29_low,26,98,29.266666666666666,-0.4323800504207611,-1.2828118100495964
BH_s29_low,26,99,29.3,-0.5646283030509949,-1.303680462195449
BH_s29_low,26,100,29.333333333333332,-0.7202100157737732,-1.1468445647189671
BH_s29_low,26,101,29.366666666666667,-0.9547195434570312,-0.7974990778654526
BH_s29_low,26,102,29.4,-1.189229130744934,-0.2888119018464242
BH_s29_low,26,103,29.433333333333334,-1.256361722946167,0.2976338044039629
BH_s29_low,26,104,29.466666666666665,-0.8170724511146545,0.850195432145329
BH_s29_low,26,105,29.5,0.04246349260210991,1.2596126371538992
BH_s29_low,26,106,29.533333333333335,1.0548816919326782,1.4527442601573184
BH_s29_low,26,107,29.566666666666666,1.61107337474823,1.4127068438814276
BH_s29_low,26,108,29.6,1.5540341138839722,1.1773980730913536
BH_s29_low,26,109,29.633333333333333,1.1333619356155396,0.8192420248472497
BH_s29_low,26,110,29.666666666666668,0.5876889228820801,0.41666748875557263
BH_s29_low,26,111,29.7,0.0680488795042038,0.02956454022231654
BH_s29_low,26,112,29.733333333333334,-0.32204240560531616,-0.31244853054643607
BH_s29_low,26,113,29.766666666666666,-0.5327929854393005,-0.6063911415547487
BH_s29_low,26,114,29.8,-0.590235710144043,-0.8607637989675166
BH_s29_low,26,115,29.833333333333332,-0.5113078951835632,-1.0769946228332887
BH_s29_low,26,116,29.866666666666667,-0.590235710144043,-1.2365121000161585
BH_s29_low,26,117,29.9,-0.6815528273582458,-1.2999073092616626
BH_s29_low,26,118,29.933333333333334,-0.8371345400810242,-1.2196286594887054
BH_s29_low,26,119,29.966666666666665,-1.0716440677642822,-0.9619492063659177
BH_s29_low,26,120,30.0,-1.22722589969635,-0.529475666093097
BH_s29_low,26,121,30.033333333333335,-1.3828076124191284,0.0263586838854355
BH_s29_low,26,122,30.066666666666666,-1.4564030170440674,0.611242034099543
BH_s29_low,26,123,30.1,-0.9898927211761475,1.1133413110247814
BH_s29_low,26,124,30.133333333333333,-0.05891130864620209,1.4383329045882638
BH_s29_low,26,125,30.166666666666668,1.0324347019195557,1.5381849319989114
BH_s29_low,26,126,30.2,1.6744426488876343,1.4216215671707726
BH_s29_low,26,127,30.233333333333334,1.6300939321517944,1.144109138749984
BH_s29_low,26,128,30.266666666666666,1.184049367904663,0.7838664946175757
BH_s29_low,26,129,30.3,0.574346661567688,0.4144540158162498
BH_s29_low,26,130,30.333333333333332,0.03094758838415146,0.08391902160063365
BH_s29_low,26,131,30.366666666666667,-0.31456008553504944,-0.19326169824335035
BH_s29_low,26,132,30.4,-0.5685157179832458,-0.4301953904401695
BH_s29_low,26,133,30.433333333333334,-0.590235710144043,-0.6511150404288002
BH_s29_low,26,134,30.466666666666665,-0.590235710144043,-0.8715149428690006
BH_s29_low,26,135,30.5,-0.6406217217445374,-1.0829156722076712
BH_s29_low,26,136,30.533333333333335,-0.7962034344673157,-1.2483501685272613
BH_s29_low,26,137,30.566666666666666,-0.951785147190094,-1.3109435534320242
BH_s29_low,26,138,30.6,-1.1509310007095337,-1.2138136255351004
BH_s29_low,26,139,30.633333333333333,-1.3418763875961304,-0.9252876760088811
BH_s29_low,26,140,30.666666666666668,-1.4974582195281982,-0.45985913676340434
BH_s29_low,26,141,30.7,-1.6530399322509766,0.11525977985418237
BH_s29_low,26,142,30.733333333333334,-1.695225477218628,0.6937545666185957
BH_s29_low,26,143,30.766666666666666,-1.297470211982727,1.1610437231539983
BH_s29_low,26,144,30.8,-0.33178550004959106,1.4301208612079324
BH_s29_low,26,145,30.833333333333332,0.7595605254173279,1.4667713809531624
BH_s29_low,26,146,30.866666666666667,1.5126330852508545,1.2942574788353027
BH_s29_low,26,147,30.9,1.4946187734603882,0.9779518627332653
BH_s29_low,26,148,30.933333333333334,1.0837029218673706,0.5985724550296604
BH_s29_low,26,149,30.966666666666665,0.5194792747497559,0.22550141316448036
BH_s29_low,26,150,31.0,-0.07029425352811813,-0.10051238864070988
BH_s29_low,26,151,31.033333333333335,-0.4463827908039093,-0.37092732670499284
BH_s29_low,26,152,31.066666666666666,-0.60196453332901,-0.6001016493548139
BH_s29_low,26,153,31.1,-0.590235710144043,-0.8079266092605311
BH_s29_low,26,154,31.133333333333333,-0.5830548405647278,-1.0014659064467721
BH_s29_low,26,155,31.166666666666668,-0.590235710144043,-1.1629551452002884
BH_s29_low,26,156,31.2,-0.6717965602874756,-1.2497241114926345
BH_s29_low,26,157,31.233333333333334,-0.8273782730102539,-1.207677266048017
BH_s29_low,26,158,31.266666666666666,-1.059972882270813,-0.9945326441572258
BH_s29_low,26,159,31.3,-1.217469573020935,-0.6038948349334922
BH_s29_low,26,160,31.333333333333332,-1.3730512857437134,-0.07897331527047136
BH_s29_low,26,161,31.366666666666667,-1.5286329984664917,0.4922638111356533
BH_s29_low,26,162,31.4,-1.5373698472976685,1.000607224622314
BH_s29_low,26,163,31.433333333333334,-1.1169414520263672,1.3488953794315806
BH_s29_low,26,164,31.466666666666665,-0.1466512829065323,1.4813921643957584
BH_s29_low,26,165,31.5,0.8634929656982422,1.3974519721599714
BH_s29_low,26,166,31.533333333333335,1.5594241619110107,1.1451471119565146
BH_s29_low,26,167,31.566666666666666,1.5631964206695557,0.799300152829986
BH_s29_low,26,168,31.6,1.1412122249603271,0.43395676170565084
BH_s29_low,26,169,31.633333333333333,0.5435397028923035,0.10012490699630085
BH_s29_low,26,170,31.666666666666668,0.020663805305957794,-0.18369455779259794
BH_s29_low,26,171,31.7,-0.36942747235298157,-0.42619858622345397
BH_s29_low,26,172,31.733333333333334,-0.5564854741096497,-0.6468193284049104
BH_s29_low,26,173,31.766666666666666,-0.590235710144043,-0.8556832923569183
BH_s29_low,26,174,31.8,-0.5113078951835632,-1.0387907703374961
BH_s29_low,26,175,31.833333333333332,-0.5496636629104614,-1.1554039914245449
BH_s29_low,26,176,31.866666666666667,-0.7052453756332397,-1.1502063683774395
BH_s29_low,26,177,31.9,-0.8608270883560181,-0.9768328402821446
BH_s29_low,26,178,31.933333333333334,-1.0479427576065063,-0.6237312494820004
BH_s29_low,26,179,31.966666666666665,-1.2509183883666992,-0.1305072009699455
BH_s29_low,26,180,32.0,-1.4065001010894775,0.41491996934430486
BH_s29_low,26,181,32.03333333333333,-1.5620818138122559,0.900230740789277
BH_s29_low,26,182,32.06666666666667,-1.571421504020691,1.2248567094574836
BH_s29_low,26,183,32.1,-0.9428179860115051,1.332601814747762
BH_s29_low,26,184,32.13333333333333,0.08749037235975266,1.2268095954307139
BH_s29_low,26,185,32.166666666666664,1.1453299522399902,0.9628578164385846
BH_s29_low,26,186,32.2,1.712013840675354,0.62283778305273
BH_s29_low,26,187,32.233333333333334,1.597607135772705,0.284130233546166
BH_s29_low,26,188,32.266666666666666,1.189927101135254,-0.0052037159675676105
BH_s29_low,26,189,32.3,0.6465280055999756,-0.23552737666654766
BH_s29_low,26,190,32.333333333333336,0.10737539827823639,-0.4277876973112966
BH_s29_low,26,191,32.36666666666667,-0.27846941351890564,-0.6139121828968139
BH_s29_low,26,192,32.4,-0.5110064744949341,-0.8140150535047269
BH_s29_low,26,193,32.43333333333333,-0.5113078951835632,-1.0193148943562693
BH_s29_low,26,194,32.46666666666667,-0.5113078951835632,-1.1879096294799074
BH_s29_low,26,195,32.5,-0.5831124782562256,-1.2564076373796993
BH_s29_low,26,196,32.53333333333333,-0.6597663164138794,-1.1641328688942618
BH_s29_low,26,197,32.56666666666667,-0.8153480887413025,-0.8808403782044762
BH_s29_low,26,198,32.6,-1.0498576164245605,-0.4265625130767826
BH_s29_low,26,199,32.63333333333333,-1.2681480646133423,0.12563549730158075
BH_s29_low,26,200,32.666666666666664,-1.4399489164352417,0.6671948763571529
BH_s29_low,26,201,32.7,-1.59553062915802,1.0867908682980243
BH_s29_low,26,202,32.733333333333334,-1.3697091341018677,1.3056261804484024
BH_s29_low,26,203,32.766666666666666,-0.5842694640159607,1.3005805295465243
BH_s29_low,26,204,32.8,0.47948768734931946,1.1061154428357955
BH_s29_low,26,205,32.833333333333336,1.421364665031433,0.7957663813918127
BH_s29_low,26,206,32.86666666666667,1.698671579360962,0.4526366874202606
BH_s29_low,26,207,32.9,1.4072644710540771,0.14163205272191356
BH_s29_low,26,208,32.93333333333333,0.898276150226593,-0.10653620759867807
BH_s29_low,26,209,32.96666666666667,0.3159184753894806,-0.2956504921034767
BH_s29_low,26,210,33.0,-0.11313142627477646,-0.45068366346564265
BH_s29_low,26,211,33.03333333333333,-0.46780139207839966,-0.5972873162457328
BH_s29_low,26,212,33.06666666666667,-0.590235710144043,-0.7425406651801075
BH_s29_low,26,213,33.1,-0.5593622922897339,-0.8648344604246601
BH_s29_low,26,214,33.13333333333333,-0.5399073958396912,-0.9174987500588125
BH_s29_low,26,215,33.166666666666664,-0.616561233997345,-0.8457583878575501
BH_s29_low,26,216,33.2,-0.7721430063247681,-0.6113349514697284
BH_s29_low,26,217,33.233333333333334,-0.9495023488998413,-0.21520990354143532
BH_s29_low,26,218,33.266666666666666,-1.1622343063354492,0.2916487889395681
BH_s29_low,26,219,33.3,-1.3967437744140625,0.8162525503043929
BH_s29_low,26,220,33.333333333333336,-1.5523256063461304,1.249530689105526
BH_s29_low,26,221,33.36666666666667,-1.695225477218628,1.5010792495220031
BH_s29_low,26,222,33.4,-1.4957383871078491,1.5282426594791876
BH_s29_low,26,223,33.43333333333333,-0.6830201745033264,1.3469085603357567
BH_s29_low,26,224,33.46666666666667,0.4768458306789398,1.0205669532735702
BH_s29_low,26,225,33.5,1.3937182426452637,0.6344037489629937
BH_s29_low,26,226,33.53333333333333,1.697359561920166,0.26602294167544094
BH_s29_low,26,227,33.56666666666667,1.3858458995819092,-0.03660549597349289
BH_s29_low,26,228,33.6,0.9191007614135742,-0.2635009619607074
BH_s29_low,26,229,33.63333333333333,0.30000969767570496,-0.4361998724345202
BH_s29_low,26,230,33.666666666666664,-0.180029034614563,-0.5904890837888512
BH_s29_low,26,231,33.7,-0.491192489862442,-0.7558142294959129
BH_s29_low,26,232,33.733333333333334,-0.590235710144043,-0.9394277028638419
BH_s29_low,26,233,33.766666666666666,-0.5259135365486145,-1.120994104426912
BH_s29_low,26,234,33.8,-0.5113078951835632,-1.2590268790521808
BH_s29_low,26,235,33.833333333333336,-0.590235710144043,-1.306006800851108
BH_s29_low,26,236,33.86666666666667,-0.7266639471054077,-1.226105369679863
BH_s29_low,26,237,33.9,-0.9611735343933105,-1.0089669777357855
BH_s29_low,26,238,33.93333333333333,-1.1697076559066772,-0.6749597998561212
BH_s29_low,26,239,33.96666666666667,-1.3512648344039917,-0.2709656318491292
BH_s29_low,27,0,27.0,-0.03924804553389549,-0.061854838982100854
BH_s29_low,27,1,27.033333333333335,1.0232635736465454,-0.3166332235144443
BH_s29_low,27,2,27.066666666666666,1.7632020711898804,-0.5365666279753313
BH_s29_low,27,3,27.1,1.844364047050476,-0.6989918721188898
BH_s29_low,27,4,27.133333333333333,1.4899290800094604,-0.7975496102866793
BH_s29_low,27,5,27.166666666666668,0.9032584428787231,-0.8433487882081456
BH_s29_low,27,6,27.2,0.3196552097797394,-0.8590227262445983
BH_s29_low,27,7,27.233333333333334,-0.1106402799487114,-0.8669998677298025
BH_s29_low,27,8,27.266666666666666,-0.3087001442909241,-0.8761987643494465
BH_s29_low,27,9,27.3,-0.3215504288673401,-0.8730931733757485
BH_s29_low,27,10,27.333333333333332,-0.27452439069747925,-0.8227102580822088
BH_s29_low,27,11,27.366666666666667,-0.30187827348709106,-0.6817274538455728
BH_s29_low,27,12,27.4,-0.37853217124938965,-0.41994182472349867
BH_s29_low,27,13,27.433333333333334,-0.5569198727607727,-0.040862884459780605
BH_s29_low,27,14,27.466666666666665,-0.7686234712600708,0.4094249456756065
BH_s29_low,27,15,27.5,-0.9424632787704468,0.8515132827396422
BH_s29_low,27,16,27.533333333333335,-1.1427305936813354,1.1972197164962834
BH_s29_low,27,17,27.566666666666666,-1.0089620351791382,1.3784860511646628
BH_s29_low,27,18,27.6,-0.2848348021507263,1.3679855569324966
BH_s29_low,27,19,27.633333333333333,0.7459079623222351,1.1837925771555327
BH_s29_low,27,20,27.666666666666668,1.7262248992919922,0.8785274867754007
BH_s29_low,27,21,27.7,2.0886964797973633,0.51965030456725
BH_s29_low,27,22,27.733333333333334,1.84950590133667,0.1690852664087463
BH_s29_low,27,23,27.766666666666666,1.3038328886032104,-0.13158370570695554
BH_s29_low,27,24,27.8,0.7603673934936523,-0.3668936366452404
BH_s29_low,27,25,27.833333333333332,0.21248692274093628,-0.5437669316255097
BH_s29_low,27,26,27.866666666666667,-0.10991333425045013,-0.680824733795381
BH_s29_low,27,27,27.9,-0.26549506187438965,-0.7952919579445826
BH_s29_low,27,28,27.933333333333334,-0.27452439069747925,-0.8920266212774827
BH_s29_low,27,29,27.966666666666665,-0.27452439069747925,-0.9579170127461487
BH_s29_low,27,30,28.0,-0.33760103583335876,-0.9634397444585653
BH_s29_low,27,31,28.033333333333335,-0.4931827783584595,-0.871814813482347
BH_s29_low,27,32,28.066666666666666,-0.7072932720184326,-0.6544239657428917
BH_s29_low,27,33,28.1,-0.8832740783691406,-0.308211621903118
BH_s29_low,27,34,28.133333333333333,-1.1177836656570435,0.1325146275034741
BH_s29_low,27,35,28.166666666666668,-1.2733653783798218,0.5975994603097765
BH_s29_low,27,36,28.2,-1.1227926015853882,0.9982565220791987
BH_s29_low,27,37,28.233333333333334,-0.3862096071243286,1.254162337293023
BH_s29_low,27,38,28.266666666666666,0.6370508074760437,1.318613695981772
BH_s29_low,27,39,28.3,1.6749435663223267,1.19039068197846
BH_s29_low,27,40,28.333333333333332,2.014382839202881,0.9082394514307237
BH_s29_low,27,41,28.366666666666667,1.8212655782699585,0.5328322796802522
BH_s29_low,27,42,28.4,1.3187310695648193,0.12587637890635284
BH_s29_low,27,43,28.433333333333334,0.7753320336341858,-0.2647158991913413
BH_s29_low,27,44,28.466666666666665,0.2631743252277374,-0.6091999722622856
BH_s29_low,27,45,28.5,-0.06670825183391571,-0.8909296115411179
BH_s29_low,27,46,28.533333333333335,-0.22228997945785522,-1.0967022897018588
BH_s29_low,27,47,28.566666666666666,-0.27452439069747925,-1.2087220029635963
BH_s29_low,27,48,28.6,-0.27452439069747925,-1.203301146269074
BH_s29_low,27,49,28.633333333333333,-0.37332379817962646,-1.0582010411251574
BH_s29_low,27,50,28.666666666666668,-0.5289055109024048,-0.7660124574663254
BH_s29_low,27,51,28.7,-0.6844872236251831,-0.34694534589567433
BH_s29_low,27,52,28.733333333333334,-0.9189968109130859,0.14692472774019433
BH_s29_low,27,53,28.766666666666666,-1.0853543281555176,0.6404739479616376
BH_s29_low,27,54,28.8,-1.3005863428115845,1.054589732204386
BH_s29_low,27,55,28.833333333333332,-1.2819026708602905,1.3268099680891614
BH_s29_low,27,56,28.866666666666667,-0.6454401016235352,1.4250950204120125
BH_s29_low,27,57,28.9,0.2914101779460907,1.3511138599848516
BH_s29_low,27,58,28.933333333333334,1.3793963193893433,1.1345475833377707
BH_s29_low,27,59,28.966666666666665,1.850791335105896,0.8222631924064806
BH_s29_low,27,60,29.0,1.7089554071426392,0.46552616428831495
BH_s29_low,27,61,29.033333333333335,1.247352123260498,0.10759996032748877
BH_s29_low,27,62,29.066666666666666,0.7113688588142395,-0.22491334457988682
BH_s29_low,27,63,29.1,0.15600603818893433,-0.5233467543102894
BH_s29_low,27,64,29.133333333333333,-0.16712115705013275,-0.7901621043557363
BH_s29_low,27,65,29.166666666666668,-0.4158684015274048,-1.0274650510664394
BH_s29_low,27,66,29.2,-0.4323800504207611,-1.226239677059945
BH_s29_low,27,67,29.233333333333334,-0.4323800504207611,-1.3611683395236274
BH_s29_low,27,68,29.266666666666666,-0.4323800504207611,-1.3938735211558546
BH_s29_low,27,69,29.3,-0.5646283030509949,-1.2845554207330234
BH_s29_low,27,70,29.333333333333332,-0.7202100157737732,-1.008832215375245
BH_s29_low,27,71,29.366666666666667,-0.9547195434570312,-0.5739267931814008
BH_s29_low,27,72,29.4,-1.189229130744934,-0.027218114511980737
BH_s29_low,27,73,29.433333333333334,-1.256361722946167,0.54839152707104
BH_s29_low,27,74,29.466666666666665,-0.8170724511146545,1.0534611811564896
BH_s29_low,27,75,29.5,0.04246349260210991,1.4000112796403787
BH_s29_low,27,76,29.533333333333335,1.0548816919326782,1.5373696850358096
BH_s29_low,27,77,29.566666666666666,1.61107337474823,1.4642342118676626
BH_s29_low,27,78,29.6,1.5540341138839722,1.2221631498713832
BH_s29_low,27,79,29.633333333333333,1.1333619356155396,0.8751875365755697
BH_s29_low,27,80,29.666666666666668,0.5876889228820801,0.4860822400111047
BH_s29_low,27,81,29.7,0.0680488795042038,0.0996690841626705
BH_s29_low,27,82,29.733333333333334,-0.32204240560531616,-0.26140507531313134
BH_s29_low,27,83,29.766666666666666,-0.5327929854393005,-0.5893678101151831
BH_s29_low,27,84,29.8,-0.590235710144043,-0.8780894637161006
BH_s29_low,27,85,29.833333333333332,-0.5113078951835632,-1.1111724467906898
BH_s29_low,27,86,29.866666666666667,-0.590235710144043,-1.2574953489988616
BH_s29_low,27,87,29.9,-0.6815528273582458,-1.2770675740972783
BH_s29_low,27,88,29.933333333333334,-0.8371345400810242,-1.1356635655551048
BH_s29_low,27,89,29.966666666666665,-1.0716440677642822,-0.8227280528487992
BH_s29_low,27,90,30.0,-1.22722589969635,-0.3649195053089529
BH_s29_low,27,91,30.033333333333335,-1.3828076124191284,0.1717911367738177
BH_s29_low,27,92,30.066666666666666,-1.4564030170440674,0.6950076201383919
BH_s29_low,27,93,30.1,-0.9898927211761475,1.1108982729798431
BH_s29_low,27,94,30.133333333333333,-0.05891130864620209,1.3514282926904304
BH_s29_low,27,95,30.166666666666668,1.0324347019195557,1.3919219531062157
BH_s29_low,27,96,30.2,1.6744426488876343,1.2526322166420603
BH_s29_low,27,97,30.233333333333334,1.6300939321517944,0.986182264090647
BH_s29_low,27,98,30.266666666666666,1.184049367904663,0.6573848632029641
BH_s29_low,27,99,30.3,0.574346661567688,0.3227484651059264
BH_s29_low,27,100,30.333333333333332,0.03094758838415146,0.016124470905907677
BH_s29_low,27,101,30.366666666666667,-0.31456008553504944,-0.25516849829207244
BH_s29_low,27,102,30.4,-0.5685157179832458,-0.5029773718626559
BH_s29_low,27,103,30.433333333333334,-0.590235710144043,-0.7430496018035396
BH_s29_low,27,104,30.466666666666665,-0.590235710144043,-0.9783440938904103
BH_s29_low,27,105,30.5,-0.6406217217445374,-1.1881489499478288
BH_s29_low,27,106,30.533333333333335,-0.7962034344673157,-1.3281240131986407
BH_s29_low,27,107,30.566666666666666,-0.951785147190094,-1.3423536022798699
BH_s29_low,27,108,30.6,-1.1509310007095337,-1.184057508074577
BH_s29_low,27,109,30.633333333333333,-1.3418763875961304,-0.837884261591913
BH_s29_low,27,110,30.666666666666668,-1.4974582195281982,-0.3347858690366596
BH_s29_low,27,111,30.7,-1.6530399322509766,0.2483067222844048
BH_s29_low,27,112,30.733333333333334,-1.695225477218628,0.8067179543099962
BH_s29_low,27,113,30.766666666666666,-1.297470211982727,1.2388246523631765
BH_s29_low,27,114,30.8,-0.33178550004959106,1.4765210920958178
BH_s29_low,27,115,30.833333333333332,0.7595605254173279,1.5015418526139268
BH_s29_low,27,116,30.866666666666667,1.5126330852508545,1.3419426008752924
BH_s29_low,27,117,30.9,1.4946187734603882,1.0537218126956254
BH_s29_low,27,118,30.933333333333334,1.0837029218673706,0.6980270426806152
BH_s29_low,27,119,30.966666666666665,0.5194792747497559,0.32341643719544455
BH_s29_low,27,120,31.0,-0.07029425352811813,-0.04181934679063282
BH_s29_low,27,121,31.033333333333335,-0.4463827908039093,-0.3870561548466033
BH_s29_low,27,122,31.066666666666666,-0.60196453332901,-0.7094295394421012
BH_s29_low,27,123,31.1,-0.590235710144043,-1.0012958438791555
BH_s29_low,27,124,31.133333333333333,-0.5830548405647278,-1.2405562636322645
BH_s29_low,27,125,31.166666666666668,-0.590235710144043,-1.3887900608090882
BH_s29_low,27,126,31.2,-0.6717965602874756,-1.3995968139989061
BH_s29_low,27,127,31.233333333333334,-0.8273782730102539,-1.2354472090327415
BH_s29_low,27,128,31.266666666666666,-1.059972882270813,-0.8870695186919146
BH_s29_low,27,129,31.3,-1.217469573020935,-0.3868164840313738
BH_s29_low,27,130,31.333333333333332,-1.3730512857437134,0.1916688598784443
BH_s29_low,27,131,31.366666666666667,-1.5286329984664917,0.7498968034966408
BH_s29_low,27,132,31.4,-1.5373698472976685,1.1915082501274437
BH_s29_low,27,133,31.433333333333334,-1.1169414520263672,1.448735117744278
BH_s29_low,27,134,31.466666666666665,-0.1466512829065323,1.4982465574773678
BH_s29_low,27,135,31.5,0.8634929656982422,1.3618509973857953
BH_s29_low,27,136,31.533333333333335,1.5594241619110107,1.0935893313081806
BH_s29_low,27,137,31.566666666666666,1.5631964206695557,0.7590258788846624
BH_s29_low,27,138,31.6,1.1412122249603271,0.41435404030379325
BH_s29_low,27,139,31.633333333333333,0.5435397028923035,0.09237125292450954
BH_s29_low,27,140,31.666666666666668,0.020663805305957794,-0.20017028618437088
BH_s29_low,27,141,31.7,-0.36942747235298157,-0.47351320739753844
BH_s29_low,27,142,31.733333333333334,-0.5564854741096497,-0.7386055583520732
BH_s29_low,27,143,31.766666666666666,-0.590235710144043,-0.9911603020675839
BH_s29_low,27,144,31.8,-0.5113078951835632,-1.203384207732139
BH_s29_low,27,145,31.833333333333332,-0.5496636629104614,-1.3274831063533605
BH_s29_low,27,146,31.866666666666667,-0.7052453756332397,-1.3105037743025643
BH_s29_low,27,147,31.9,-0.8608270883560181,-1.1156687434945889
BH_s29_low,27,148,31.933333333333334,-1.0479427576065063,-0.7423164526531476
BH_s29_low,27,149,31.966666666666665,-1.2509183883666992,-0.2358318674872782
BH_s29_low,27,150,32.0,-1.4065001010894775,0.31863407922023534
BH_s29_low,27,151,32.03333333333333,-1.5620818138122559,0.818691093624382
BH_s29_low,27,152,32.06666666666667,-1.571421504020691,1.1753336635915343
BH_s29_low,27,153,32.1,-0.9428179860115051,1.3387094027799924
BH_s29_low,27,154,32.13333333333333,0.08749037235975266,1.3085935966999536
BH_s29_low,27,155,32.166666666666664,1.1453299522399902,1.1267260907496213
BH_s29_low,27,156,32.2,1.712013840675354,0.8559221302703627
BH_s29_low,27,157,32.233333333333334,1.597607135772705,0.5555435848293351
BH_s29_low,27,158,32.266666666666666,1.189927101135254,0.2632654596617388
BH_s29_low,27,159,32.3,0.6465280055999756,-0.010552581657144792
BH_s29_low,27,160,32.333333333333336,0.10737539827823639,-0.2753996405725557
BH_s29_low,27,161,32.36666666666667,-0.27846941351890564,-0.5448416002216503
BH_s29_low,27,162,32.4,-0.5110064744949341,-0.8198300975858753
BH_s29_low,27,163,32.43333333333333,-0.5113078951835632,-1.0781263298172363
BH_s29_low,27,164,32.46666666666667,-0.5113078951835632,-1.274374862435018
BH_s29_low,27,165,32.5,-0.5831124782562256,-1.351553400961902
BH_s29_low,27,166,32.53333333333333,-0.6597663164138794,-1.260358025845863
BH_s29_low,27,167,32.56666666666667,-0.8153480887413025,-0.9798087778498793
BH_s29_low,27,168,32.6,-1.0498576164245605,-0.5311728256183639
BH_s29_low,27,169,32.63333333333333,-1.2681480646133423,0.021087663473955746
BH_s29_low,27,170,32.666666666666664,-1.4399489164352417,0.5833222320040754
BH_s29_low,27,171,32.7,-1.59553062915802,1.0577333792517252
BH_s29_low,27,172,32.733333333333334,-1.3697091341018677,1.3693305420442332
BH_s29_low,27,173,32.766666666666666,-0.5842694640159607,1.4843144449901287
BH_s29_low,27,174,32.8,0.47948768734931946,1.4133437220053942
BH_s29_low,27,175,32.833333333333336,1.421364665031433,1.200033206031693
BH_s29_low,27,176,32.86666666666667,1.698671579360962,0.9010355300476469
BH_s29_low,27,177,32.9,1.4072644710540771,0.5665091894090842
BH_s29_low,27,178,32.93333333333333,0.898276150226593,0.2281124915212153
BH_s29_low,27,179,32.96666666666667,0.3159184753894806,-0.1024151414232515
BH_s29_low,27,180,33.0,-0.11313142627477646,-0.4252312543904667
BH_s29_low,27,181,33.03333333333333,-0.46780139207839966,-0.7392541080663219
BH_s29_low,27,182,33.06666666666667,-0.590235710144043,-1.0299253316335144
BH_s29_low,27,183,33.1,-0.5593622922897339,-1.2636215573470257
BH_s29_low,27,184,33.13333333333333,-0.5399073958396912,-1.392142027203753
BH_s29_low,27,185,33.166666666666664,-0.616561233997345,-1.366939387314448
BH_s29_low,27,186,33.2,-0.7721430063247681,-1.1586883835951722
BH_s29_low,27,187,33.233333333333334,-0.9495023488998413,-0.7746919258862033
BH_s29_low,27,188,33.266666666666666,-1.1622343063354492,-0.2659192734168299
BH_s29_low,27,189,33.3,-1.3967437744140625,0.2815371618056205
BH_s29_low,27,190,33.333333333333336,-1.5523256063461304,0.7693418412175665
BH_s29_low,27,191,33.36666666666667,-1.695225477218628,1.1157639173807379
BH_s29_low,27,192,33.4,-1.4957383871078491,1.2782942203988994
BH_s29_low,27,193,33.43333333333333,-0.6830201745033264,1.2604577379988278
BH_s29_low,27,194,33.46666666666667,0.4768458306789398,1.1016992211621215
BH_s29_low,27,195,33.5,1.3937182426452637,0.8573792151102866
BH_s29_low,27,196,33.53333333333333,1.697359561920166,0.5783320383233126
BH_s29_low,27,197,33.56666666666667,1.3858458995819092,0.2971415707672721
BH_s29_low,27,198,33.6,0.9191007614135742,0.024746272190498908
BH_s29_low,27,199,33.63333333333333,0.30000969767570496,-0.24274167801121901
BH_s29_low,27,200,33.666666666666664,-0.180029034614563,-0.5108296829391198
BH_s29_low,27,201,33.7,-0.491192489862442,-0.773222588878106
BH_s29_low,27,202,33.733333333333334,-0.590235710144043,-1.0041433583952284
BH_s29_low,27,203,33.766666666666666,-0.5259135365486145,-1.1599308082324071
BH_s29_low,27,204,33.8,-0.5113078951835632,-1.1900301178638735
BH_s29_low,27,205,33.833333333333336,-0.590235710144043,-1.0542799399899976
BH_s29_low,27,206,33.86666666666667,-0.7266639471054077,-0.7411419501218346
BH_s29_low,27,207,33.9,-0.9611735343933105,-0.280287115210069
BH_s29_low,27,208,33.93333333333333,-1.1697076559066772,0.2568181064616054
BH_s29_low,27,209,33.96666666666667,-1.3512648344039917,0.7714852606990111
BH_s29_low,27,210,34.0,-1.50684654712677,1.164374079851492
BH_s29_low,27,211,34.03333333333333,-1.6624282598495483,1.364684843971856
BH_s29_low,27,212,34.06666666666667,-1.6513688564300537,1.3503853594076154
BH_s29_low,27,213,34.1,-1.0510900020599365,1.1510915072375834
BH_s29_low,27,214,34.13333333333333,0.0006369402981363237,0.8325822466043193
BH_s29_low,27,215,34.166666666666664,1.0945671796798706,0.4700875063337162
BH_s29_low,27,216,34.2,1.6545045375823975,0.12245023638847341
BH_s29_low,27,217,34.233333333333334,1.5547698736190796,-0.1818767972408004
BH_s29_low,27,218,34.266666666666666,1.1042526960372925,-0.4429403592652723
BH_s29_low,27,219,34.3,0.4819258153438568,-0.6753784254871433
BH_s29_low,27,220,34.333333333333336,-0.08907097578048706,-0.8905777377378963
BH_s29_low,27,221,34.36666666666667,-0.37684333324432373,-1.082903980318505
BH_s29_low,27,222,34.4,-0.4323800504207611,-1.225387396102131
BH_s29_low,27,223,34.43333333333333,-0.4135368764400482,-1.276455721714565
BH_s29_low,27,224,34.46666666666667,-0.35345223546028137,-1.195342553844515
BH_s29_low,27,225,34.5,-0.3677475154399872,-0.9605918519437927
BH_s29_low,27,226,34.53333333333333,-0.5233292579650879,-0.5845003022453804
BH_s29_low,27,227,34.56666666666667,-0.6789109706878662,-0.11715216330220021
BH_s29_low,27,228,34.6,-0.8419661521911621,0.36289720766319694
BH_s29_low,27,229,34.63333333333333,-1.0690022706985474,0.7690507391532815
BH_s29_low,27,230,34.666666666666664,-1.2245839834213257,1.0310148989818273
BH_s29_low,27,231,34.7,-1.3795140981674194,1.1140825089820634
BH_s29_low,27,232,34.733333333333334,-1.2249032258987427,1.0270926044313216
BH_s29_low,27,233,34.766666666666666,-0.5346857905387878,0.8176335440572179
BH_s29_low,27,234,34.8,0.5443196892738342,0.5569256146107324
BH_s29_low,27,235,34.833333333333336,1.4985947608947754,0.3191373794287538
BH_s29_low,27,236,34.86666666666667,1.9247368574142456,0.1610847343031837
BH_s29_low,27,237,34.9,1.6587201356887817,0.10796841380255204
BH_s29_low,27,238,34.93333333333333,1.1919748783111572,0.1487477340407708
BH_s29_low,27,239,34.96666666666667,0.5849140882492065,0.24175545185827227
BH_s29_low,28,0,28.0,-0.33760103583335876,0.08364518443333345
BH_s29_low,28,1,28.033333333333335,-0.4931827783584595,0.24920805617673508
BH_s29_low,28,2,28.066666666666666,-0.7072932720184326,0.41855319519674516
BH_s29_low,28,3,28.1,-0.8832740783691406,0.590747879988758
BH_s29_low,28,4,28.133333333333333,-1.1177836656570435,0.7495354203054374
BH_s29_low,28,5,28.166666666666668,-1.2733653783798218,0.8658783897782183
BH_s29_low,28,6,28.2,-1.1227926015853882,0.9076940810782513
BH_s29_low,28,7,28.233333333333334,-0.3862096071243286,0.8526599484421008
BH_s29_low,28,8,28.266666666666666,0.6370508074760437,0.6979663830911033
BH_s29_low,28,9,28.3,1.6749435663223267,0.46212652917275693
BH_s29_low,28,10,28.333333333333332,2.014382839202881,0.17835779009205238
BH_s29_low,28,11,28.366666666666667,1.8212655782699585,-0.11655824561726352
BH_s29_low,28,12,28.4,1.3187310695648193,-0.3926450652476787
BH_s29_low,28,13,28.433333333333334,0.7753320336341858,-0.6322455489899345
BH_s29_low,28,14,28.466666666666665,0.2631743252277374,-0.8287567102342813
BH_s29_low,28,15,28.5,-0.06670825183391571,-0.9794340909602701
BH_s29_low,28,16,28.533333333333335,-0.22228997945785522,-1.0761826236408196
BH_s29_low,28,17,28.566666666666666,-0.27452439069747925,-1.09993658786313
BH_s29_low,28,18,28.6,-0.27452439069747925,-1.0230635276902504
BH_s29_low,28,19,28.633333333333333,-0.37332379817962646,-0.8205478166704822
BH_s29_low,28,20,28.666666666666668,-0.5289055109024048,-0.4860842991312981
BH_s29_low,28,21,28.7,-0.6844872236251831,-0.04546852402063416
BH_s29_low,28,22,28.733333333333334,-0.9189968109130859,0.4410986048362007
BH_s29_low,28,23,28.766666666666666,-1.0853543281555176,0.8918537282297696
BH_s29_low,28,24,28.8,-1.3005863428115845,1.227086977652022
BH_s29_low,28,25,28.833333333333332,-1.2819026708602905,1.392695117068841
BH_s29_low,28,26,28.866666666666667,-0.6454401016235352,1.3734853681205883
BH_s29_low,28,27,28.9,0.2914101779460907,1.1921896225639188
BH_s29_low,28,28,28.933333333333334,1.3793963193893433,0.8969286013749631
BH_s29_low,28,29,28.966666666666665,1.850791335105896,0.5437734875710819
BH_s29_low,28,30,29.0,1.7089554071426392,0.18108868707150977
BH_s29_low,28,31,29.033333333333335,1.247352123260498,-0.15986361055215678
BH_s29_low,28,32,29.066666666666666,0.7113688588142395,-0.4660087982722965
BH_s29_low,28,33,29.1,0.15600603818893433,-0.735654648489111
BH_s29_low,28,34,29.133333333333333,-0.16712115705013275,-0.9669910019794173
BH_s29_low,28,35,29.166666666666668,-0.4158684015274048,-1.147302556615739
BH_s29_low,28,36,29.2,-0.4323800504207611,-1.248637314256838
BH_s29_low,28,37,29.233333333333334,-0.4323800504207611,-1.2333780902198141
BH_s29_low,28,38,29.266666666666666,-0.4323800504207611,-1.0687099929699915
BH_s29_low,28,39,29.3,-0.5646283030509949,-0.7443610366335915
BH_s29_low,28,40,29.333333333333332,-0.7202100157737732,-0.28559607917947993
BH_s29_low,28,41,29.366666666666667,-0.9547195434570312,0.24530956815837482
BH_s29_low,28,42,29.4,-1.189229130744934,0.7612519040994481
BH_s29_low,28,43,29.433333333333334,-1.256361722946167,1.1724094911843888
BH_s29_low,28,44,29.466666666666665,-0.8170724511146545,1.4102841691355452
BH_s29_low,28,45,29.5,0.04246349260210991,1.4449472349037291
BH_s29_low,28,46,29.533333333333335,1.0548816919326782,1.2898098501659077
BH_s29_low,28,47,29.566666666666666,1.61107337474823,0.993135009797627
BH_s29_low,28,48,29.6,1.5540341138839722,0.6199648402320865
BH_s29_low,28,49,29.633333333333333,1.1333619356155396,0.2311921583263817
BH_s29_low,28,50,29.666666666666668,0.5876889228820801,-0.1323652318450271
BH_s29_low,28,51,29.7,0.0680488795042038,-0.4548875215666809
BH_s29_low,28,52,29.733333333333334,-0.32204240560531616,-0.7383414245317418
BH_s29_low,28,53,29.766666666666666,-0.5327929854393005,-0.9874884059352622
BH_s29_low,28,54,29.8,-0.590235710144043,-1.1947441402747054
BH_s29_low,28,55,29.833333333333332,-0.5113078951835632,-1.332469017607787
BH_s29_low,28,56,29.866666666666667,-0.590235710144043,-1.3572174703159765
BH_s29_low,28,57,29.9,-0.6815528273582458,-1.225552557697751
BH_s29_low,28,58,29.933333333333334,-0.8371345400810242,-0.915831158454789
BH_s29_low,28,59,29.966666666666665,-1.0716440677642822,-0.4465583370117918
BH_s29_low,28,60,30.0,-1.22722589969635,0.11857200489325569
BH_s29_low,28,61,30.033333333333335,-1.3828076124191284,0.6839358720475028
BH_s29_low,28,62,30.066666666666666,-1.4564030170440674,1.1492197132769026
BH_s29_low,28,63,30.1,-0.9898927211761475,1.438758107591974
BH_s29_low,28,64,30.133333333333333,-0.05891130864620209,1.5207251791098952
BH_s29_low,28,65,30.166666666666668,1.0324347019195557,1.409901952973721
BH_s29_low,28,66,30.2,1.6744426488876343,1.1555366060138157
BH_s29_low,28,67,30.233333333333334,1.6300939321517944,0.82127983329125
BH_s29_low,28,68,30.266666666666666,1.184049367904663,0.46532347238122485
BH_s29_low,28,69,30.3,0.574346661567688,0.12680375989383763
BH_s29_low,28,70,30.333333333333332,0.03094758838415146,-0.1785408334626012
BH_s29_low,28,71,30.366666666666667,-0.31456008553504944,-0.4534429283173704
BH_s29_low,28,72,30.4,-0.5685157179832458,-0.7074814107511016
BH_s29_low,28,73,30.433333333333334,-0.590235710144043,-0.9432984470558085
BH_s29_low,28,74,30.466666666666665,-0.590235710144043,-1.1461605287558243
BH_s29_low,28,75,30.5,-0.6406217217445374,-1.2816892100491883
BH_s29_low,28,76,30.533333333333335,-0.7962034344673157,-1.3039663795106635
BH_s29_low,28,77,30.566666666666666,-0.951785147190094,-1.1722621770282098
BH_s29_low,28,78,30.6,-1.1509310007095337,-0.8706510757127561
BH_s29_low,28,79,30.633333333333333,-1.3418763875961304,-0.4223479044336468
BH_s29_low,28,80,30.666666666666668,-1.4974582195281982,0.10877130053785829
BH_s29_low,28,81,30.7,-1.6530399322509766,0.6323163569167667
BH_s29_low,28,82,30.733333333333334,-1.695225477218628,1.0565962270201747
BH_s29_low,28,83,30.766666666666666,-1.297470211982727,1.314585401701538
BH_s29_low,28,84,30.8,-0.33178550004959106,1.3802497965759677
BH_s29_low,28,85,30.833333333333332,0.7595605254173279,1.2699148361913084
BH_s29_low,28,86,30.866666666666667,1.5126330852508545,1.0302597122972736
BH_s29_low,28,87,30.9,1.4946187734603882,0.7194970324302292
BH_s29_low,28,88,30.933333333333334,1.0837029218673706,0.3892794426538931
BH_s29_low,28,89,30.966666666666665,0.5194792747497559,0.07289730803952794
BH_s29_low,28,90,31.0,-0.07029425352811813,-0.217525438601779
BH_s29_low,28,91,31.033333333333335,-0.4463827908039093,-0.4850052992803914
BH_s29_low,28,92,31.066666666666666,-0.60196453332901,-0.7356987743998857
BH_s29_low,28,93,31.1,-0.590235710144043,-0.9658063489976558
BH_s29_low,28,94,31.133333333333333,-0.5830548405647278,-1.152988378142408
BH_s29_low,28,95,31.166666666666668,-0.590235710144043,-1.2568323912987778
BH_s29_low,28,96,31.2,-0.6717965602874756,-1.2299412290840603
BH_s29_low,28,97,31.233333333333334,-0.8273782730102539,-1.0368993493396759
BH_s29_low,28,98,31.266666666666666,-1.059972882270813,-0.6741030113427149
BH_s29_low,28,99,31.3,-1.217469573020935,-0.18127867922811253
BH_s29_low,28,100,31.333333333333332,-1.3730512857437134,0.3626342060560329
BH_s29_low,28,101,31.366666666666667,-1.5286329984664917,0.8599761333308308
BH_s29_low,28,102,31.4,-1.5373698472976685,1.223118167540642
BH_s29_low,28,103,31.433333333333334,-1.1169414520263672,1.3986839850223967
BH_s29_low,28,104,31.466666666666665,-0.1466512829065323,1.3780181852907136
BH_s29_low,28,105,31.5,0.8634929656982422,1.1924668471246538
BH_s29_low,28,106,31.533333333333335,1.5594241619110107,0.8979246549793786
BH_s29_low,28,107,31.566666666666666,1.5631964206695557,0.5553799797746707
BH_s29_low,28,108,31.6,1.1412122249603271,0.2139286834624933
BH_s29_low,28,109,31.633333333333333,0.5435397028923035,-0.09893997950713407
BH_s29_low,28,110,31.666666666666668,0.020663805305957794,-0.37738782486779027
BH_s29_low,28,111,31.7,-0.36942747235298157,-0.628241316742819
BH_s29_low,28,112,31.733333333333334,-0.5564854741096497,-0.8569370648005884
BH_s29_low,28,113,31.766666666666666,-0.590235710144043,-1.054648112455823
BH_s29_low,28,114,31.8,-0.5113078951835632,-1.1927607472428232
BH_s29_low,28,115,31.833333333333332,-0.5496636629104614,-1.2282057499936745
BH_s29_low,28,116,31.866666666666667,-0.7052453756332397,-1.1187562271811302
BH_s29_low,28,117,31.9,-0.8608270883560181,-0.8429269079535383
BH_s29_low,28,118,31.933333333333334,-1.0479427576065063,-0.41635850901772753
BH_s29_low,28,119,31.966666666666665,-1.2509183883666992,0.10316778744458964
BH_s29_low,28,120,32.0,-1.4065001010894775,0.6262690516039444
BH_s29_low,28,121,32.03333333333333,-1.5620818138122559,1.0558878949233008
BH_s29_low,28,122,32.06666666666667,-1.571421504020691,1.3158337788692427
BH_s29_low,28,123,32.1,-0.9428179860115051,1.3723387228039872
BH_s29_low,28,124,32.13333333333333,0.08749037235975266,1.2402763017117835
BH_s29_low,28,125,32.166666666666664,1.1453299522399902,0.9726536673475962
BH_s29_low,28,126,32.2,1.712013840675354,0.6386119231561935
BH_s29_low,28,127,32.233333333333334,1.597607135772705,0.2991609654490853
BH_s29_low,28,128,32.266666666666666,1.189927101135254,-0.009716225584834292
BH_s29_low,28,129,32.3,0.6465280055999756,-0.28053919352739376
BH_s29_low,28,130,32.333333333333336,0.10737539827823639,-0.5246974154394407
BH_s29_low,28,131,32.36666666666667,-0.27846941351890564,-0.7556347396666809
BH_s29_low,28,132,32.4,-0.5110064744949341,-0.9727520166250587
BH_s29_low,28,133,32.43333333333333,-0.5113078951835632,-1.1527089077106538
BH_s29_low,28,134,32.46666666666667,-0.5113078951835632,-1.2520399128945583
BH_s29_low,28,135,32.5,-0.5831124782562256,-1.22115178838303
BH_s29_low,28,136,32.53333333333333,-0.6597663164138794,-1.0251908566265107
BH_s29_low,28,137,32.56666666666667,-0.8153480887413025,-0.6634607136411398
BH_s29_low,28,138,32.6,-1.0498576164245605,-0.17816638821269704
BH_s29_low,28,139,32.63333333333333,-1.2681480646133423,0.35293099523648896
BH_s29_low,28,140,32.666666666666664,-1.4399489164352417,0.8376664168132049
BH_s29_low,28,141,32.7,-1.59553062915802,1.1954517309709227
BH_s29_low,28,142,32.733333333333334,-1.3697091341018677,1.3778238308235737
BH_s29_low,28,143,32.766666666666666,-0.5842694640159607,1.376941105418314
BH_s29_low,28,144,32.8,0.47948768734931946,1.2208848754197414
BH_s29_low,28,145,32.833333333333336,1.421364665031433,0.9593543040615192
BH_s29_low,28,146,32.86666666666667,1.698671579360962,0.6458815075017776
BH_s29_low,28,147,32.9,1.4072644710540771,0.3228026232488151
BH_s29_low,28,148,32.93333333333333,0.898276150226593,0.013471082095756589
BH_s29_low,28,149,32.96666666666667,0.3159184753894806,-0.2765877011644963
BH_s29_low,28,150,33.0,-0.11313142627477646,-0.550893906047086
BH_s29_low,28,151,33.03333333333333,-0.46780139207839966,-0.8094787404912546
BH_s29_low,28,152,33.06666666666667,-0.590235710144043,-1.0379748226907295
BH_s29_low,28,153,33.1,-0.5593622922897339,-1.203556403015223
BH_s29_low,28,154,33.13333333333333,-0.5399073958396912,-1.2608490745107528
BH_s29_low,28,155,33.166666666666664,-0.616561233997345,-1.1671821500330095
BH_s29_low,28,156,33.2,-0.7721430063247681,-0.9022304872411843
BH_s29_low,28,157,33.233333333333334,-0.9495023488998413,-0.4839207447834045
BH_s29_low,28,158,33.266666666666666,-1.1622343063354492,0.027675216654428875
BH_s29_low,28,159,33.3,-1.3967437744140625,0.5426297839364486
BH_s29_low,28,160,33.333333333333336,-1.5523256063461304,0.9663617382041343
BH_s29_low,28,161,33.36666666666667,-1.695225477218628,1.227671821267518
BH_s29_low,28,162,33.4,-1.4957383871078491,1.2976067949132497
BH_s29_low,28,163,33.43333333333333,-0.6830201745033264,1.1916620363620019
BH_s29_low,28,164,33.46666666666667,0.4768458306789398,0.9565383143791476
BH_s29_low,28,165,33.5,1.3937182426452637,0.6496924234829697
BH_s29_low,28,166,33.53333333333333,1.697359561920166,0.3209040206033901
BH_s29_low,28,167,33.56666666666667,1.3858458995819092,0.0016852491618919159
BH_s29_low,28,168,33.6,0.9191007614135742,-0.29564124155969557
BH_s29_low,28,169,33.63333333333333,0.30000969767570496,-0.5706294101297559
BH_s29_low,28,170,33.666666666666664,-0.180029034614563,-0.8230731243574748
BH_s29_low,28,171,33.7,-0.491192489862442,-1.0421743052870938
BH_s29_low,28,172,33.733333333333334,-0.590235710144043,-1.2011986056188224
BH_s29_low,28,173,33.766666666666666,-0.5259135365486145,-1.2604837164669715
BH_s29_low,28,174,33.8,-0.5113078951835632,-1.1789785635688566
BH_s29_low,28,175,33.833333333333336,-0.590235710144043,-0.931214462834193
BH_s29_low,28,176,33.86666666666667,-0.7266639471054077,-0.5235071058781453
BH_s29_low,28,177,33.9,-0.9611735343933105,-0.0020255299788222783
BH_s29_low,28,178,33.93333333333333,-1.1697076559066772,0.55247382463789
BH_s29_low,28,179,33.96666666666667,-1.3512648344039917,1.0433645122640887
BH_s29_low,28,180,34.0,-1.50684654712677,1.3844601145711948
BH_s29_low,28,181,34.03333333333333,-1.6624282598495483,1.5241632476096874
BH_s29_low,28,182,34.06666666666667,-1.6513688564300537,1.4581051207634286
BH_s29_low,28,183,34.1,-1.0510900020599365,1.225567020033166
BH_s29_low,28,184,34.13333333333333,0.0006369402981363237,0.8917856111413404
BH_s29_low,28,185,34.166666666666664,1.0945671796798706,0.5240271947302051
BH_s29_low,28,186,34.2,1.6545045375823975,0.1713685707159681
BH_s29_low,28,187,34.233333333333334,1.5547698736190796,-0.14428297440245372
BH_s29_low,28,188,34.266666666666666,1.1042526960372925,-0.4239412879093673
BH_s29_low,28,189,34.3,0.4819258153438568,-0.6778984446183869
BH_s29_low,28,190,34.333333333333336,-0.08907097578048706,-0.9099223943026838
BH_s29_low,28,191,34.36666666666667,-0.37684333324432373,-1.106536446425372
BH_s29_low,28,192,34.4,-0.4323800504207611,-1.2358409421262815
BH_s29_low,28,193,34.43333333333333,-0.4135368764400482,-1.2563551318496657
BH_s29_low,28,194,34.46666666666667,-0.35345223546028137,-1.1327492733252604
BH_s29_low,28,195,34.5,-0.3677475154399872,-0.8528308817819483
BH_s29_low,28,196,34.53333333333333,-0.5233292579650879,-0.4391325084844296
BH_s29_low,28,197,34.56666666666667,-0.6789109706878662,0.05047141257392485
BH_s29_low,28,198,34.6,-0.8419661521911621,0.5351462178118992
BH_s29_low,28,199,34.63333333333333,-1.0690022706985474,0.9329460897581425
BH_s29_low,28,200,34.666666666666664,-1.2245839834213257,1.1832843032520282
BH_s29_low,28,201,34.7,-1.3795140981674194,1.2604157214694962
BH_s29_low,28,202,34.733333333333334,-1.2249032258987427,1.1738017855000749
BH_s29_low,28,203,34.766666666666666,-0.5346857905387878,0.9582240209235624
BH_s29_low,28,204,34.8,0.5443196892738342,0.6596890278736326
BH_s29_low,28,205,34.833333333333336,1.4985947608947754,0.32253071479834866
BH_s29_low,28,206,34.86666666666667,1.9247368574142456,-0.018860088431773604
BH_s29_low,28,207,34.9,1.6587201356887817,-0.3423742635838382
BH_s29_low,28,208,34.93333333333333,1.1919748783111572,-0.6352465013450703
BH_s29_low,28,209,34.96666666666667,0.5849140882492065,-0.887934372261483
BH_s29_low,28,210,35.0,0.021701065823435783,-1.0876123711596781
BH_s29_low,28,211,35.03333333333333,-0.25243645906448364,-1.2141410184378096
BH_s29_low,28,212,35.06666666666667,-0.35345223546028137,-1.2408298269901226
BH_s29_low,28,213,35.1,-0.30116021633148193,-1.1409050925647584
BH_s29_low,28,214,35.13333333333333,-0.27452439069747925,-0.8983388462267418
BH_s29_low,28,215,35.166666666666664,-0.35345223546028137,-0.5194314156510121
BH_s29_low,28,216,35.2,-0.5233203768730164,-0.040288029154666574
BH_s29_low,28,217,35.233333333333334,-0.7123597860336304,0.47444302071329053
BH_s29_low,28,218,35.266666666666666,-0.9088637232780457,0.9440648325755265
BH_s29_low,28,219,35.3,-1.1024510860443115,1.293244388582587
BH_s29_low,28,220,35.333333333333336,-1.3369606733322144,1.4739807478446325
BH_s29_low,28,221,35.36666666666667,-1.3113133907318115,1.4777433347602043
BH_s29_low,28,222,35.4,-0.7149884700775146,1.3325772007214622
BH_s29_low,28,223,35.43333333333333,0.27760687470436096,1.0881934045739132
BH_s29_low,28,224,35.46666666666667,1.3887757062911987,0.797197086570242
BH_s29_low,28,225,35.5,1.9604597091674805,0.5006586790931826
BH_s29_low,28,226,35.53333333333333,1.8899937868118286,0.22248994824266158
BH_s29_low,28,227,35.56666666666667,1.4794458150863647,-0.027917425173714962
BH_s29_low,28,228,35.6,0.9337728023529053,-0.24895338529580802
BH_s29_low,28,229,35.63333333333333,0.3880998194217682,-0.44064758814832994
BH_s29_low,28,230,35.666666666666664,-0.051375702023506165,-0.6014991484737594
BH_s29_low,28,231,35.7,-0.19559654593467712,-0.7279465503391243
BH_s29_low,28,232,35.733333333333334,-0.19559654593467712,-0.8152278867687275
BH_s29_low,28,233,35.766666666666666,-0.19559654593467712,-0.8588021358909829
BH_s29_low,28,234,35.8,-0.27452439069747925,-0.8558771613934542
BH_s29_low,28,235,35.833333333333336,-0.3557173013687134,-0.8066407229059109
BH_s29_low,28,236,35.86666666666667,-0.5902179479598999,-0.7148377120047611
BH_s29_low,28,237,35.9,-0.7458086013793945,-0.5875080554269649
BH_s29_low,28,238,35.93333333333333,-0.9803181290626526,-0.43398837962658365
BH_s29_low,28,239,35.96666666666667,-1.2079969644546509,-0.2646597938882551
BH_s29_low,29,0,29.0,1.7089554071426392,-0.005588867001497669
BH_s29_low,29,1,29.033333333333335,1.247352123260498,0.03320735916630248
BH_s29_low,29,2,29.066666666666666,0.7113688588142395,0.040697539601130046
BH_s29_low,29,3,29.1,0.15600603818893433,-0.008899453241364284
BH_s29_low,29,4,29.133333333333333,-0.16712115705013275,-0.128787836834773
BH_s29_low,29,5,29.166666666666668,-0.4158684015274048,-0.31318277009735285
BH_s29_low,29,6,29.2,-0.4323800504207611,-0.5332841591273524
BH_s29_low,29,7,29.233333333333334,-0.4323800504207611,-0.738979041447495
BH_s29_low,29,8,29.266666666666666,-0.4323800504207611,-0.8683338017077373
BH_s29_low,29,9,29.3,-0.5646283030509949,-0.8639571175369262
BH_s29_low,29,10,29.333333333333332,-0.7202100157737732,-0.6921262375026358
BH_s29_low,29,11,29.366666666666667,-0.9547195434570312,-0.35831881758469125
BH_s29_low,29,12,29.4,-1.189229130744934,0.0875569891864694
BH_s29_low,29,13,29.433333333333334,-1.256361722946167,0.5604696382301916
BH_s29_low,29,14,29.466666666666665,-0.8170724511146545,0.9630924272107134
BH_s29_low,29,15,29.5,0.04246349260210991,1.2148422254623148
BH_s29_low,29,16,29.533333333333335,1.0548816919326782,1.2755785291554536
BH_s29_low,29,17,29.566666666666666,1.61107337474823,1.1537330676487705
BH_s29_low,29,18,29.6,1.5540341138839722,0.8961290195229011
BH_s29_low,29,19,29.633333333333333,1.1333619356155396,0.5657212304953724
BH_s29_low,29,20,29.666666666666668,0.5876889228820801,0.21831060660270696
BH_s29_low,29,21,29.7,0.0680488795042038,-0.11194559773200594
BH_s29_low,29,22,29.733333333333334,-0.32204240560531616,-0.41404490672689037
BH_s29_low,29,23,29.766666666666666,-0.5327929854393005,-0.6907308554107923
BH_s29_low,29,24,29.8,-0.590235710144043,-0.9438912166155015
BH_s29_low,29,25,29.833333333333332,-0.5113078951835632,-1.1614114489908844
BH_s29_low,29,26,29.866666666666667,-0.590235710144043,-1.3113593638274599
BH_s29_low,29,27,29.9,-0.6815528273582458,-1.3470747004513222
BH_s29_low,29,28,29.933333333333334,-0.8371345400810242,-1.2228914153106805
BH_s29_low,29,29,29.966666666666665,-1.0716440677642822,-0.9156314883767914
BH_s29_low,29,30,30.0,-1.22722589969635,-0.4432645961501596
BH_s29_low,29,31,30.033333333333335,-1.3828076124191284,0.12876715652341786
BH_s29_low,29,32,30.066666666666666,-1.4564030170440674,0.699578996147345
BH_s29_low,29,33,30.1,-0.9898927211761475,1.16131610616245
BH_s29_low,29,34,30.133333333333333,-0.05891130864620209,1.4328615314703588
BH_s29_low,29,35,30.166666666666668,1.0324347019195557,1.4836700872582749
BH_s29_low,29,36,30.2,1.6744426488876343,1.337993573492192
BH_s29_low,29,37,30.233333333333334,1.6300939321517944,1.059782116790005
BH_s29_low,29,38,30.266666666666666,1.184049367904663,0.7262397256947049
BH_s29_low,29,39,30.3,0.574346661567688,0.40095626124662326
BH_s29_low,29,40,30.333333333333332,0.03094758838415146,0.11635028053886609
BH_s29_low,29,41,30.366666666666667,-0.31456008553504944,-0.12909824744248014
BH_s29_low,29,42,30.4,-0.5685157179832458,-0.35917862850998944
BH_s29_low,29,43,30.433333333333334,-0.590235710144043,-0.5995710314155035
BH_s29_low,29,44,30.466666666666665,-0.590235710144043,-0.8575021944981516
BH_s29_low,29,45,30.5,-0.6406217217445374,-1.1097245801750115
BH_s29_low,29,46,30.533333333333335,-0.7962034344673157,-1.303528211987427
BH_s29_low,29,47,30.566666666666666,-0.951785147190094,-1.3708784977375035
BH_s29_low,29,48,30.6,-1.1509310007095337,-1.2519384378850882
BH_s29_low,29,49,30.633333333333333,-1.3418763875961304,-0.920976298278048
BH_s29_low,29,50,30.666666666666668,-1.4974582195281982,-0.40500435107336785
BH_s29_low,29,51,30.7,-1.6530399322509766,0.21425879978792864
BH_s29_low,29,52,30.733333333333334,-1.695225477218628,0.8192967172560435
BH_s29_low,29,53,30.766666666666666,-1.297470211982727,1.2914958615412955
BH_s29_low,29,54,30.8,-0.33178550004959106,1.5475315607812379
BH_s29_low,29,55,30.833333333333332,0.7595605254173279,1.5613141634391607
BH_s29_low,29,56,30.866666666666667,1.5126330852508545,1.3632760460443674
BH_s29_low,29,57,30.9,1.4946187734603882,1.020608854628775
BH_s29_low,29,58,30.933333333333334,1.0837029218673706,0.6097084988912995
BH_s29_low,29,59,30.966666666666665,0.5194792747497559,0.1928281728021986
BH_s29_low,29,60,31.0,-0.07029425352811813,-0.1935330626361713
BH_s29_low,29,61,31.033333333333335,-0.4463827908039093,-0.5371032755516926
BH_s29_low,29,62,31.066666666666666,-0.60196453332901,-0.8384911401173891
BH_s29_low,29,63,31.1,-0.590235710144043,-1.0960165704063947
BH_s29_low,29,64,31.133333333333333,-0.5830548405647278,-1.293687334312911
BH_s29_low,29,65,31.166666666666668,-0.590235710144043,-1.3981453042425875
BH_s29_low,29,66,31.2,-0.6717965602874756,-1.366935083838149
BH_s29_low,29,67,31.233333333333334,-0.8273782730102539,-1.1657411806941225
BH_s29_low,29,68,31.266666666666666,-1.059972882270813,-0.7880406542956546
BH_s29_low,29,69,31.3,-1.217469573020935,-0.26846781910826506
BH_s29_low,29,70,31.333333333333332,-1.3730512857437134,0.3176604261762699
BH_s29_low,29,71,31.366666666666667,-1.5286329984664917,0.870966813983914
BH_s29_low,29,72,31.4,-1.5373698472976685,1.2952692290262064
BH_s29_low,29,73,31.433333333333334,-1.1169414520263672,1.524439485136295
BH_s29_low,29,74,31.466666666666665,-0.1466512829065323,1.5384606021215768
BH_s29_low,29,75,31.5,0.8634929656982422,1.3636943468325988
BH_s29_low,29,76,31.533333333333335,1.5594241619110107,1.0588385754482184
BH_s29_low,29,77,31.566666666666666,1.5631964206695557,0.6929597823572786
BH_s29_low,29,78,31.6,1.1412122249603271,0.32405610159500764
BH_s29_low,29,79,31.633333333333333,0.5435397028923035,-0.014426040844247662
BH_s29_low,29,80,31.666666666666668,0.020663805305957794,-0.3151908027414181
BH_s29_low,29,81,31.7,-0.36942747235298157,-0.5875016617435549
BH_s29_low,29,82,31.733333333333334,-0.5564854741096497,-0.8412480647792997
BH_s29_low,29,83,31.766666666666666,-0.590235710144043,-1.071738712560113
BH_s29_low,29,84,31.8,-0.5113078951835632,-1.2518500371158416
BH_s29_low,29,85,31.833333333333332,-0.5496636629104614,-1.3354867944358886
BH_s29_low,29,86,31.866666666666667,-0.7052453756332397,-1.2723512696787433
BH_s29_low,29,87,31.9,-0.8608270883560181,-1.029569042083829
BH_s29_low,29,88,31.933333333333334,-1.0479427576065063,-0.6119477608042183
BH_s29_low,29,89,31.966666666666665,-1.2509183883666992,-0.07144318832983301
BH_s29_low,29,90,32.0,-1.4065001010894775,0.5006573150833011
BH_s29_low,29,91,32.03333333333333,-1.5620818138122559,0.9981875662932486
BH_s29_low,29,92,32.06666666666667,-1.571421504020691,1.3319114130374015
BH_s29_low,29,93,32.1,-0.9428179860115051,1.454997066655629
BH_s29_low,29,94,32.13333333333333,0.08749037235975266,1.371922737190842
BH_s29_low,29,95,32.166666666666664,1.1453299522399902,1.128992464654719
BH_s29_low,29,96,32.2,1.712013840675354,0.7925147009489659
BH_s29_low,29,97,32.233333333333334,1.597607135772705,0.42472659670850516
BH_s29_low,29,98,32.266666666666666,1.189927101135254,0.06693329240250141
BH_s29_low,29,99,32.3,0.6465280055999756,-0.2648166211593781
BH_s29_low,29,100,32.333333333333336,0.10737539827823639,-0.5717512746525958
BH_s29_low,29,101,32.36666666666667,-0.27846941351890564,-0.8571525286380637
BH_s29_low,29,102,32.4,-0.5110064744949341,-1.111484125231216
BH_s29_low,29,103,32.43333333333333,-0.5113078951835632,-1.3050188508969045
BH_s29_low,29,104,32.46666666666667,-0.5113078951835632,-1.3919649908415694
BH_s29_low,29,105,32.5,-0.5831124782562256,-1.3253874752216754
BH_s29_low,29,106,32.53333333333333,-0.6597663164138794,-1.0775600602318482
BH_s29_low,29,107,32.56666666666667,-0.8153480887413025,-0.6573627291989285
BH_s29_low,29,108,32.6,-1.0498576164245605,-0.11638815304534002
BH_s29_low,29,109,32.63333333333333,-1.2681480646133423,0.46043486229141195
BH_s29_low,29,110,32.666666666666664,-1.4399489164352417,0.9767576274063731
BH_s29_low,29,111,32.7,-1.59553062915802,1.3504737070550423
BH_s29_low,29,112,32.733333333333334,-1.3697091341018677,1.5334502144640234
BH_s29_low,29,113,32.766666666666666,-0.5842694640159607,1.5192258560189682
BH_s29_low,29,114,32.8,0.47948768734931946,1.3378150646183107
BH_s29_low,29,115,32.833333333333336,1.421364665031433,1.041212641266499
BH_s29_low,29,116,32.86666666666667,1.698671579360962,0.6855101048217248
BH_s29_low,29,117,32.9,1.4072644710540771,0.31572165229416893
BH_s29_low,29,118,32.93333333333333,0.898276150226593,-0.041969922957027304
BH_s29_low,29,119,32.96666666666667,0.3159184753894806,-0.37855036734797864
BH_s29_low,29,120,33.0,-0.11313142627477646,-0.6926558323256242
BH_s29_low,29,121,33.03333333333333,-0.46780139207839966,-0.9778759631262334
BH_s29_low,29,122,33.06666666666667,-0.590235710144043,-1.2129177271575948
BH_s29_low,29,123,33.1,-0.5593622922897339,-1.3598056969752934
BH_s29_low,29,124,33.13333333333333,-0.5399073958396912,-1.3724474473950132
BH_s29_low,29,125,33.166666666666664,-0.616561233997345,-1.2137861620097623
BH_s29_low,29,126,33.2,-0.7721430063247681,-0.8755672171321504
BH_s29_low,29,127,33.233333333333334,-0.9495023488998413,-0.3919486230426463
BH_s29_low,29,128,33.266666666666666,-1.1622343063354492,0.1613851491220439
BH_s29_low,29,129,33.3,-1.3967437744140625,0.6854506765447498
BH_s29_low,29,130,33.333333333333336,-1.5523256063461304,1.0871059418842037
BH_s29_low,29,131,33.36666666666667,-1.695225477218628,1.3060825135039136
BH_s29_low,29,132,33.4,-1.4957383871078491,1.32834743161811
BH_s29_low,29,133,33.43333333333333,-0.6830201745033264,1.182037684996269
BH_s29_low,29,134,33.46666666666667,0.4768458306789398,0.9207544075045243
BH_s29_low,29,135,33.5,1.3937182426452637,0.6033123069733113
BH_s29_low,29,136,33.53333333333333,1.697359561920166,0.27754154830054834
BH_s29_low,29,137,33.56666666666667,1.3858458995819092,-0.028306947930598562
BH_s29_low,29,138,33.6,0.9191007614135742,-0.30583655348126665
BH_s29_low,29,139,33.63333333333333,0.30000969767570496,-0.5594017795353992
BH_s29_low,29,140,33.666666666666664,-0.180029034614563,-0.794417132956919
BH_s29_low,29,141,33.7,-0.491192489862442,-1.005558331382806
BH_s29_low,29,142,33.733333333333334,-0.590235710144043,-1.1697748121880471
BH_s29_low,29,143,33.766666666666666,-0.5259135365486145,-1.2477809042501349
BH_s29_low,29,144,33.8,-0.5113078951835632,-1.194922019568049
BH_s29_low,29,145,33.833333333333336,-0.590235710144043,-0.9786306788558279
BH_s29_low,29,146,33.86666666666667,-0.7266639471054077,-0.5962865091871841
BH_s29_low,29,147,33.9,-0.9611735343933105,-0.08588087619738075
BH_s29_low,29,148,33.93333333333333,-1.1697076559066772,0.47633400364672973
BH_s29_low,29,149,33.96666666666667,-1.3512648344039917,0.992340387393739
BH_s29_low,29,150,34.0,-1.50684654712677,1.3682586074894951
BH_s29_low,29,151,34.03333333333333,-1.6624282598495483,1.540605151603379
BH_s29_low,29,152,34.06666666666667,-1.6513688564300537,1.4932427504978854
BH_s29_low,29,153,34.1,-1.0510900020599365,1.2586321146877235
BH_s29_low,29,154,34.13333333333333,0.0006369402981363237,0.9028851265581621
BH_s29_low,29,155,34.166666666666664,1.0945671796798706,0.5007984532012002
BH_s29_low,29,156,34.2,1.6545045375823975,0.11184069231228276
BH_s29_low,29,157,34.233333333333334,1.5547698736190796,-0.23245845141597155
BH_s29_low,29,158,34.266666666666666,1.1042526960372925,-0.5258443026532353
BH_s29_low,29,159,34.3,0.4819258153438568,-0.773555005951489
BH_s29_low,29,160,34.333333333333336,-0.08907097578048706,-0.9758981492888823
BH_s29_low,29,161,34.36666666666667,-0.37684333324432373,-1.1174477224920811
BH_s29_low,29,162,34.4,-0.4323800504207611,-1.1669960889619448
BH_s29_low,29,163,34.43333333333333,-0.4135368764400482,-1.0887620736706984
BH_s29_low,29,164,34.46666666666667,-0.35345223546028137,-0.860505029729886
BH_s29_low,29,165,34.5,-0.3677475154399872,-0.4906450870513472
BH_s29_low,29,166,34.53333333333333,-0.5233292579650879,-0.025792956405101066
BH_s29_low,29,167,34.56666666666667,-0.6789109706878662,0.45653819449535116
BH_s29_low,29,168,34.6,-0.8419661521911621,0.8684812260776102
BH_s29_low,29,169,34.63333333333333,-1.0690022706985474,1.1373746143378836
BH_s29_low,29,170,34.666666666666664,-1.2245839834213257,1.225444604629916
BH_s29_low,29,171,34.7,-1.3795140981674194,1.1358770004743666
BH_s29_low,29,172,34.733333333333334,-1.2249032258987427,0.9048406983085663
BH_s29_low,29,173,34.766666666666666,-0.5346857905387878,0.5853766280187885
BH_s29_low,29,174,34.8,0.5443196892738342,0.2305444331706708
BH_s29_low,29,175,34.833333333333336,1.4985947608947754,-0.11888766907816124
BH_s29_low,29,176,34.86666666666667,1.9247368574142456,-0.4395476892143356
BH_s29_low,29,177,34.9,1.6587201356887817,-0.7229608982226959
BH_s29_low,29,178,34.93333333333333,1.1919748783111572,-0.9672207321865367
BH_s29_low,29,179,34.96666666666667,0.5849140882492065,-1.1664623470157482
BH_s29_low,29,180,35.0,0.021701065823435783,-1.3027678665529545
BH_s29_low,29,181,35.03333333333333,-0.25243645906448364,-1.344761474558717
BH_s29_low,29,182,35.06666666666667,-0.35345223546028137,-1.255121283591393
BH_s29_low,29,183,35.1,-0.30116021633148193,-1.0056767610683253
BH_s29_low,29,184,35.13333333333333,-0.27452439069747925,-0.5947267007486317
BH_s29_low,29,185,35.166666666666664,-0.35345223546028137,-0.05884384680654281
BH_s29_low,29,186,35.2,-0.5233203768730164,0.5275061831022764
BH_s29_low,29,187,35.233333333333334,-0.7123597860336304,1.0667846379225572
BH_s29_low,29,188,35.266666666666666,-0.9088637232780457,1.463827801850893
BH_s29_low,29,189,35.3,-1.1024510860443115,1.6530713539718505
BH_s29_low,29,190,35.333333333333336,-1.3369606733322144,1.6171361478482738
BH_s29_low,29,191,35.36666666666667,-1.3113133907318115,1.3893554756354423
BH_s29_low,29,192,35.4,-0.7149884700775146,1.0394147259759046
BH_s29_low,29,193,35.43333333333333,0.27760687470436096,0.6483622099817984
BH_s29_low,29,194,35.46666666666667,1.3887757062911987,0.2833804348871691
BH_s29_low,29,195,35.5,1.9604597091674805,-0.01801436170461881
BH_s29_low,29,196,35.53333333333333,1.8899937868118286,-0.24976426332516108
BH_s29_low,29,197,35.56666666666667,1.4794458150863647,-0.4269521430699601
BH_s29_low,29,198,35.6,0.9337728023529053,-0.5697789230440944
BH_s29_low,29,199,35.63333333333333,0.3880998194217682,-0.6891563563914358
BH_s29_low,29,200,35.666666666666664,-0.051375702023506165,-0.7790127691596855
BH_s29_low,29,201,35.7,-0.19559654593467712,-0.8171810623566993
BH_s29_low,29,202,35.733333333333334,-0.19559654593467712,-0.7742483818240575
BH_s29_low,29,203,35.766666666666666,-0.19559654593467712,-0.6276051767017303
BH_s29_low,29,204,35.8,-0.27452439069747925,-0.3756350006177755
BH_s29_low,29,205,35.833333333333336,-0.3557173013687134,-0.04596106361000762
BH_s29_low,29,206,35.86666666666667,-0.5902179479598999,0.30662777876078307
BH_s29_low,29,207,35.9,-0.7458086013793945,0.6130810038022951
BH_s29_low,29,208,35.93333333333333,-0.9803181290626526,0.8099624962966812
BH_s29_low,29,209,35.96666666666667,-1.2079969644546509,0.8590507685019185
BH_s29_low,29,210,36.0,-1.3005863428115845,0.7584870282840643
BH_s29_low,29,211,36.03333333333333,-0.8725337982177734,0.5403895174057864
BH_s29_low,29,212,36.06666666666667,-0.040728576481342316,0.25641582765974236
BH_s29_low,29,213,36.1,1.1136187314987183,-0.04140851380597614
BH_s29_low,29,214,36.13333333333333,1.801925778388977,-0.31601163001326116
BH_s29_low,29,215,36.166666666666664,1.935455083847046,-0.5510765635869243
BH_s29_low,29,216,36.2,1.5301332473754883,-0.7462857240633541
BH_s29_low,29,217,36.233333333333334,1.0094826221466064,-0.9056012785980794
BH_s29_low,29,218,36.266666666666666,0.4660835266113281,-1.0253462100697535
BH_s29_low,29,219,36.3,0.02139963023364544,-1.0887765393818671
BH_s29_low,29,220,36.333333333333336,-0.16375234723091125,-1.070119922102627
BH_s29_low,29,221,36.36666666666667,-0.27452439069747925,-0.9460548740387063
BH_s29_low,29,222,36.4,-0.27452439069747925,-0.7092344712673536
BH_s29_low,29,223,36.43333333333333,-0.3147861659526825,-0.3778544644063588
BH_s29_low,29,224,36.46666666666667,-0.4703678786754608,0.0029866715671444423
BH_s29_low,29,225,36.5,-0.6259496212005615,0.3695139476550052
BH_s29_low,29,226,36.53333333333333,-0.8149712681770325,0.6554981015402809
BH_s29_low,29,227,36.56666666666667,-1.0472068786621094,0.8118968505558715
BH_s29_low,29,228,36.6,-1.2505505084991455,0.8228460696635145
BH_s29_low,29,229,36.63333333333333,-1.458441972732544,0.7110397356045233
BH_s29_low,29,230,36.666666666666664,-1.2275539636611938,0.5294979779914907
BH_s29_low,29,231,36.7,-0.4578147232532501,0.3426401008904251
BH_s29_low,29,232,36.733333333333334,0.5743996500968933,0.204224091381371
BH_s29_low,29,233,36.766666666666666,1.5144548416137695,0.14082731071484828
BH_s29_low,29,234,36.8,1.7775994539260864,0.14674202159052188
BH_s29_low,29,235,36.833333333333336,1.5808206796646118,0.1912478550007891
BH_s29_low,29,236,36.86666666666667,1.0351476669311523,0.23458873115592413
BH_s29_low,29,237,36.9,0.4894746243953705,0.24592971987480794
BH_s29_low,29,238,36.93333333333333,0.028881950303912163,0.2158481895502926
BH_s29_low,29,239,36.96666666666667,-0.19947510957717896,0.15835445848698332
BH_s29_low,30,0,30.0,-1.22722589969635,0.03924404215515605
BH_s29_low,30,1,30.033333333333335,-1.3828076124191284,0.5334364372067035
BH_s29_low,30,2,30.066666666666666,-1.4564030170440674,0.951859166398576
BH_s29_low,30,3,30.1,-0.9898927211761475,1.2354462611102908
BH_s29_low,30,4,30.133333333333333,-0.05891130864620209,1.3481969909055627
BH_s29_low,30,5,30.166666666666668,1.0324347019195557,1.2851408888886227
BH_s29_low,30,6,30.2,1.6744426488876343,1.073820656252954
BH_s29_low,30,7,30.233333333333334,1.6300939321517944,0.7672390601982084
BH_s29_low,30,8,30.266666666666666,1.184049367904663,0.4291408160829619
BH_s29_low,30,9,30.3,0.574346661567688,0.11578728244848087
BH_s29_low,30,10,30.333333333333332,0.03094758838415146,-0.13938094526255854
BH_s29_low,30,11,30.366666666666667,-0.31456008553504944,-0.3321032528660869
BH_s29_low,30,12,30.4,-0.5685157179832458,-0.48191043262381356
BH_s29_low,30,13,30.433333333333334,-0.590235710144043,-0.61715708599321
BH_s29_low,30,14,30.466666666666665,-0.590235710144043,-0.7568237077224104
BH_s29_low,30,15,30.5,-0.6406217217445374,-0.8967370772935926
BH_s29_low,30,16,30.533333333333335,-0.7962034344673157,-1.0057247138386682
BH_s29_low,30,17,30.566666666666666,-0.951785147190094,-1.0334789479732955
BH_s29_low,30,18,30.6,-1.1509310007095337,-0.9284440463095346
BH_s29_low,30,19,30.633333333333333,-1.3418763875961304,-0.6606427839951269
BH_s29_low,30,20,30.666666666666668,-1.4974582195281982,-0.24103082451018157
BH_s29_low,30,21,30.7,-1.6530399322509766,0.27188641808916203
BH_s29_low,30,22,30.733333333333334,-1.695225477218628,0.7835696453650274
BH_s29_low,30,23,30.766666666666666,-1.297470211982727,1.190572411843603
BH_s29_low,30,24,30.8,-0.33178550004959106,1.4124905752086048
BH_s29_low,30,25,30.833333333333332,0.7595605254173279,1.414983486458697
BH_s29_low,30,26,30.866666666666667,1.5126330852508545,1.2151688277480532
BH_s29_low,30,27,30.9,1.4946187734603882,0.8695976843864891
BH_s29_low,30,28,30.933333333333334,1.0837029218673706,0.4518225773892808
BH_s29_low,30,29,30.966666666666665,0.5194792747497559,0.029139053408271397
BH_s29_low,30,30,31.0,-0.07029425352811813,-0.3531046599534652
BH_s29_low,30,31,31.033333333333335,-0.4463827908039093,-0.6751759644594441
BH_s29_low,30,32,31.066666666666666,-0.60196453332901,-0.9353193553222768
BH_s29_low,30,33,31.1,-0.590235710144043,-1.1358150000033373
BH_s29_low,30,34,31.133333333333333,-0.5830548405647278,-1.2696201748424158
BH_s29_low,30,35,31.166666666666668,-0.590235710144043,-1.3139588074231223
BH_s29_low,30,36,31.2,-0.6717965602874756,-1.2348244431433768
BH_s29_low,30,37,31.233333333333334,-0.8273782730102539,-1.0021141907574753
BH_s29_low,30,38,31.266666666666666,-1.059972882270813,-0.6097454777257156
BH_s29_low,30,39,31.3,-1.217469573020935,-0.091079365339808
BH_s29_low,30,40,31.333333333333332,-1.3730512857437134,0.4798651947219396
BH_s29_low,30,41,31.366666666666667,-1.5286329984664917,1.0050306519873153
BH_s29_low,30,42,31.4,-1.5373698472976685,1.3908082669182333
BH_s29_low,30,43,31.433333333333334,-1.1169414520263672,1.5757479789679572
BH_s29_low,30,44,31.466666666666665,-0.1466512829065323,1.546053339286689
BH_s29_low,30,45,31.5,0.8634929656982422,1.334197877401527
BH_s29_low,30,46,31.533333333333335,1.5594241619110107,1.0031364256383861
BH_s29_low,30,47,31.566666666666666,1.5631964206695557,0.6233245447827133
BH_s29_low,30,48,31.6,1.1412122249603271,0.2513547081387816
BH_s29_low,30,49,31.633333333333333,0.5435397028923035,-0.08249991053362175
BH_s29_low,30,50,31.666666666666668,0.020663805305957794,-0.37441392414134067
BH_s29_low,30,51,31.7,-0.36942747235298157,-0.6361950642874583
BH_s29_low,30,52,31.733333333333334,-0.5564854741096497,-0.878967810623366
BH_s29_low,30,53,31.766666666666666,-0.590235710144043,-1.0985824282558798
BH_s29_low,30,54,31.8,-0.5113078951835632,-1.2688797636774647
BH_s29_low,30,55,31.833333333333332,-0.5496636629104614,-1.3457930620132383
BH_s29_low,30,56,31.866666666666667,-0.7052453756332397,-1.2814537761468001
BH_s29_low,30,57,31.9,-0.8608270883560181,-1.0439934116785388
BH_s29_low,30,58,31.933333333333334,-1.0479427576065063,-0.636248600000552
BH_s29_low,30,59,31.966666666666665,-1.2509183883666992,-0.10555529929665598
BH_s29_low,30,60,32.0,-1.4065001010894775,0.46178450596943343
BH_s29_low,30,61,32.03333333333333,-1.5620818138122559,0.9623073643951517
BH_s29_low,30,62,32.06666666666667,-1.571421504020691,1.3058779361754447
BH_s29_low,30,63,32.1,-0.9428179860115051,1.4417905882838953
BH_s29_low,30,64,32.13333333333333,0.08749037235975266,1.369789917382213
BH_s29_low,30,65,32.166666666666664,1.1453299522399902,1.1330769039222024
BH_s29_low,30,66,32.2,1.712013840675354,0.798055718801959
BH_s29_low,30,67,32.233333333333334,1.597607135772705,0.4300882166496475
BH_s29_low,30,68,32.266666666666666,1.189927101135254,0.0749344757021372
BH_s29_low,30,69,32.3,0.6465280055999756,-0.24784887844705025
BH_s29_low,30,70,32.333333333333336,0.10737539827823639,-0.5389235841872346
BH_s29_low,30,71,32.36666666666667,-0.27846941351890564,-0.8051236621098368
BH_s29_low,30,72,32.4,-0.5110064744949341,-1.0443544210429931
BH_s29_low,30,73,32.43333333333333,-0.5113078951835632,-1.236040401677008
BH_s29_low,30,74,32.46666666666667,-0.5113078951835632,-1.3413421968382844
BH_s29_low,30,75,32.5,-0.5831124782562256,-1.3138779037497565
BH_s29_low,30,76,32.53333333333333,-0.6597663164138794,-1.1178606371390858
BH_s29_low,30,77,32.56666666666667,-0.8153480887413025,-0.7471330597482728
BH_s29_low,30,78,32.6,-1.0498576164245605,-0.2367816612423834
BH_s29_low,30,79,32.63333333333333,-1.2681480646133423,0.33920272022619435
BH_s29_low,30,80,32.666666666666664,-1.4399489164352417,0.8849754576403386
BH_s29_low,30,81,32.7,-1.59553062915802,1.3085603184088044
BH_s29_low,30,82,32.733333333333334,-1.3697091341018677,1.546284945203395
BH_s29_low,30,83,32.766666666666666,-0.5842694640159607,1.5769159857451494
BH_s29_low,30,84,32.8,0.47948768734931946,1.4215901646337445
BH_s29_low,30,85,32.833333333333336,1.421364665031433,1.1316324799446704
BH_s29_low,30,86,32.86666666666667,1.698671579360962,0.770048981283526
BH_s29_low,30,87,32.9,1.4072644710540771,0.3933084625047848
BH_s29_low,30,88,32.93333333333333,0.898276150226593,0.038897505587112635
BH_s29_low,30,89,32.96666666666667,0.3159184753894806,-0.2781502985590063
BH_s29_low,30,90,33.0,-0.11313142627477646,-0.5594529239545685
BH_s29_low,30,91,33.03333333333333,-0.46780139207839966,-0.8110343688168078
BH_s29_low,30,92,33.06666666666667,-0.590235710144043,-1.030077695427648
BH_s29_low,30,93,33.1,-0.5593622922897339,-1.1968249995727887
BH_s29_low,30,94,33.13333333333333,-0.5399073958396912,-1.2757681796473839
BH_s29_low,30,95,33.166666666666664,-0.616561233997345,-1.2265193093776297
BH_s29_low,30,96,33.2,-0.7721430063247681,-1.0208957980855684
BH_s29_low,30,97,33.233333333333334,-0.9495023488998413,-0.65991174958464
BH_s29_low,30,98,33.266666666666666,-1.1622343063354492,-0.18335637574066752
BH_s29_low,30,99,33.3,-1.3967437744140625,0.33371011015439667
BH_s29_low,30,100,33.333333333333336,-1.5523256063461304,0.7986654099406622
BH_s29_low,30,101,33.36666666666667,-1.695225477218628,1.1278569614614842
BH_s29_low,30,102,33.4,-1.4957383871078491,1.2709962671874406
BH_s29_low,30,103,33.43333333333333,-0.6830201745033264,1.2225659820115127
BH_s29_low,30,104,33.46666666666667,0.4768458306789398,1.016648327924363
BH_s29_low,30,105,33.5,1.3937182426452637,0.7100700425786723
BH_s29_low,30,106,33.53333333333333,1.697359561920166,0.3622240619578059
BH_s29_low,30,107,33.56666666666667,1.3858458995819092,0.01886855232736645
BH_s29_low,30,108,33.6,0.9191007614135742,-0.2952835747067771
BH_s29_low,30,109,33.63333333333333,0.30000969767570496,-0.5736109095772135
BH_s29_low,30,110,33.666666666666664,-0.180029034614563,-0.8166926873136201
BH_s29_low,30,111,33.7,-0.491192489862442,-1.0191652738078285
BH_s29_low,30,112,33.733333333333334,-0.590235710144043,-1.160872289531104
BH_s29_low,30,113,33.766666666666666,-0.5259135365486145,-1.2070548215443797
BH_s29_low,30,114,33.8,-0.5113078951835632,-1.1186513622108945
BH_s29_low,30,115,33.833333333333336,-0.590235710144043,-0.8694709514803179
BH_s29_low,30,116,33.86666666666667,-0.7266639471054077,-0.46354352083109307
BH_s29_low,30,117,33.9,-0.9611735343933105,0.055243592525081944
BH_s29_low,30,118,33.93333333333333,-1.1697076559066772,0.6071178532637758
BH_s29_low,30,119,33.96666666666667,-1.3512648344039917,1.0947121796895274
BH_s29_low,30,120,34.0,-1.50684654712677,1.4297593340259647
BH_s29_low,30,121,34.03333333333333,-1.6624282598495483,1.5579564103449433
BH_s29_low,30,122,34.06666666666667,-1.6513688564300537,1.472517913265246
BH_s29_low,30,123,34.1,-1.0510900020599365,1.2118229677311758
BH_s29_low,30,124,34.13333333333333,0.0006369402981363237,0.8428203400622578
BH_s29_low,30,125,34.166666666666664,1.0945671796798706,0.43726317444378293
BH_s29_low,30,126,34.2,1.6545045375823975,0.05057963346392202
BH_s29_low,30,127,34.233333333333334,1.5547698736190796,-0.28844246829564407
BH_s29_low,30,128,34.266666666666666,1.1042526960372925,-0.5746888911731893
BH_s29_low,30,129,34.3,0.4819258153438568,-0.814258003189632
BH_s29_low,30,130,34.333333333333336,-0.08907097578048706,-1.009545385297616
BH_s29_low,30,131,34.36666666666667,-0.37684333324432373,-1.1487747400919905
BH_s29_low,30,132,34.4,-0.4323800504207611,-1.2045940544229439
BH_s29_low,30,133,34.43333333333333,-0.4135368764400482,-1.1427995534658146
BH_s29_low,30,134,34.46666666666667,-0.35345223546028137,-0.9381957730585042
BH_s29_low,30,135,34.5,-0.3677475154399872,-0.5912233213725648
BH_s29_low,30,136,34.53333333333333,-0.5233292579650879,-0.13768014581016833
BH_s29_low,30,137,34.56666666666667,-0.6789109706878662,0.35414103634604827
BH_s29_low,30,138,34.6,-0.8419661521911621,0.7993849352783815
BH_s29_low,30,139,34.63333333333333,-1.0690022706985474,1.1200259346349188
BH_s29_low,30,140,34.666666666666664,-1.2245839834213257,1.2662988016689398
BH_s29_low,30,141,34.7,-1.3795140981674194,1.2276332476960146
BH_s29_low,30,142,34.733333333333334,-1.2249032258987427,1.0299757384453652
BH_s29_low,30,143,34.766666666666666,-0.5346857905387878,0.7226072148702206
BH_s29_low,30,144,34.8,0.5443196892738342,0.36086120634438806
BH_s29_low,30,145,34.833333333333336,1.4985947608947754,-0.008785895380808092
BH_s29_low,30,146,34.86666666666667,1.9247368574142456,-0.35656983276922144
BH_s29_low,30,147,34.9,1.6587201356887817,-0.6684484898994314
BH_s29_low,30,148,34.93333333333333,1.1919748783111572,-0.9378853716341625
BH_s29_low,30,149,34.96666666666667,0.5849140882492065,-1.1548527561618103
BH_s29_low,30,150,35.0,0.021701065823435783,-1.2976900632869703
BH_s29_low,30,151,35.03333333333333,-0.25243645906448364,-1.3325820856362725
BH_s29_low,30,152,35.06666666666667,-0.35345223546028137,-1.2226218874238703
BH_s29_low,30,153,35.1,-0.30116021633148193,-0.944240602532595
BH_s29_low,30,154,35.13333333333333,-0.27452439069747925,-0.5045604284507339
BH_s29_low,30,155,35.166666666666664,-0.35345223546028137,0.048801532098455246
BH_s29_low,30,156,35.2,-0.5233203768730164,0.6320359507733132
BH_s29_low,30,157,35.233333333333334,-0.7123597860336304,1.144387954877493
BH_s29_low,30,158,35.266666666666666,-0.9088637232780457,1.4960029301634599
BH_s29_low,30,159,35.3,-1.1024510860443115,1.63349956625669
BH_s29_low,30,160,35.333333333333336,-1.3369606733322144,1.553362724381608
BH_s29_low,30,161,35.36666666666667,-1.3113133907318115,1.298575644750342
BH_s29_low,30,162,35.4,-0.7149884700775146,0.9405382120530159
BH_s29_low,30,163,35.43333333333333,0.27760687470436096,0.5538088458843339
BH_s29_low,30,164,35.46666666666667,1.3887757062911987,0.19376648455631532
BH_s29_low,30,165,35.5,1.9604597091674805,-0.11443650084696821
BH_s29_low,30,166,35.53333333333333,1.8899937868118286,-0.37283939896609986
BH_s29_low,30,167,35.56666666666667,1.4794458150863647,-0.5971007216768442
BH_s29_low,30,168,35.6,0.9337728023529053,-0.7996837857776489
BH_s29_low,30,169,35.63333333333333,0.3880998194217682,-0.9771421635275245
BH_s29_low,30,170,35.666666666666664,-0.051375702023506165,-1.1060673775881382
BH_s29_low,30,171,35.7,-0.19559654593467712,-1.148668886731444
BH_s29_low,30,172,35.733333333333334,-0.19559654593467712,-1.0661344837148874
BH_s29_low,30,173,35.766666666666666,-0.19559654593467712,-0.835790846039272
BH_s29_low,30,174,35.8,-0.27452439069747925,-0.46627340250721033
BH_s29_low,30,175,35.833333333333336,-0.3557173013687134,-0.004186329845644542
BH_s29_low,30,176,35.86666666666667,-0.5902179479598999,0.4725759931563597
BH_s29_low,30,177,35.9,-0.7458086013793945,0.8746674677476183
BH_s29_low,30,178,35.93333333333333,-0.9803181290626526,1.1272333524763862
BH_s29_low,30,179,35.96666666666667,-1.2079969644546509,1.1909755172957854
BH_s29_low,30,180,36.0,-1.3005863428115845,1.06988106586474
BH_s29_low,30,181,36.03333333333333,-0.8725337982177734,0.8039827696475088
BH_s29_low,30,182,36.06666666666667,-0.040728576481342316,0.4520771261244731
BH_s29_low,30,183,36.1,1.1136187314987183,0.07263650959974222
BH_s29_low,30,184,36.13333333333333,1.801925778388977,-0.28960473702409567
BH_s29_low,30,185,36.166666666666664,1.935455083847046,-0.6076254965806541
BH_s29_low,30,186,36.2,1.5301332473754883,-0.8674528052798798
BH_s29_low,30,187,36.233333333333334,1.0094826221466064,-1.0590723437073288
BH_s29_low,30,188,36.266666666666666,0.4660835266113281,-1.1683147793000157
BH_s29_low,30,189,36.3,0.02139963023364544,-1.174319049301375
BH_s29_low,30,190,36.333333333333336,-0.16375234723091125,-1.0549393166803784
BH_s29_low,30,191,36.36666666666667,-0.27452439069747925,-0.7986729395645398
BH_s29_low,30,192,36.4,-0.27452439069747925,-0.4173183436318503
BH_s29_low,30,193,36.43333333333333,-0.3147861659526825,0.047950484420697465
BH_s29_low,30,194,36.46666666666667,-0.4703678786754608,0.5311008125809091
BH_s29_low,30,195,36.5,-0.6259496212005615,0.9551352588858832
BH_s29_low,30,196,36.53333333333333,-0.8149712681770325,1.2507846362283692
BH_s29_low,30,197,36.56666666666667,-1.0472068786621094,1.3742795335757556
BH_s29_low,30,198,36.6,-1.2505505084991455,1.3185734333786796
BH_s29_low,30,199,36.63333333333333,-1.458441972732544,1.1138940558756047
BH_s29_low,30,200,36.666666666666664,-1.2275539636611938,0.8167604536016506
BH_s29_low,30,201,36.7,-0.4578147232532501,0.49087643134462217
BH_s29_low,30,202,36.733333333333334,0.5743996500968933,0.18691806637110508
BH_s29_low,30,203,36.766666666666666,1.5144548416137695,-0.07089294016749281
BH_s29_low,30,204,36.8,1.7775994539260864,-0.2863181604848886
BH_s29_low,30,205,36.833333333333336,1.5808206796646118,-0.48058489776694474
BH_s29_low,30,206,36.86666666666667,1.0351476669311523,-0.6744522823237796
BH_s29_low,30,207,36.9,0.4894746243953705,-0.8705391198407589
BH_s29_low,30,208,36.93333333333333,0.028881950303912163,-1.0439667702376767
BH_s29_low,30,209,36.96666666666667,-0.19947510957717896,-1.1463967592162643
BH_s29_low,30,210,37.0,-0.27452439069747925,-1.1228654175911852
BH_s29_low,30,211,37.03333333333333,-0.27452439069747925,-0.9351392025008896
BH_s29_low,30,212,37.06666666666667,-0.27452439069747925,-0.5823710219646184
BH_s29_low,30,213,37.1,-0.34823498129844666,-0.11035494728435366
BH_s29_low,30,214,37.13333333333333,-0.5038167238235474,0.3957709216203073
BH_s29_low,30,215,37.166666666666664,-0.6593984365463257,0.834440919948849
BH_s29_low,30,216,37.2,-0.8939079642295837,1.118373901292477
BH_s29_low,30,217,37.233333333333334,-1.0494897365570068,1.2012725644424986
BH_s29_low,30,218,37.266666666666666,-1.22165846824646,1.0903202384290276
BH_s29_low,30,219,37.3,-1.1015247106552124,0.8403756924002088
BH_s29_low,30,220,37.333333333333336,-0.40133386850357056,0.5330194805922083
BH_s29_low,30,221,37.36666666666667,0.5876754522323608,0.248828648164321
BH_s29_low,30,222,37.4,1.5170124769210815,0.04265850314617893
BH_s29_low,30,223,37.43333333333333,1.7775994539260864,-0.07033581676410466
BH_s29_low,30,224,37.46666666666667,1.5525802373886108,-0.1141725175245634
BH_s29_low,30,225,37.5,1.0394119024276733,-0.13767496649075492
BH_s29_low,30,226,37.53333333333333,0.496012806892395,-0.19095208110411763
BH_s29_low,30,227,37.56666666666667,0.036364272236824036,-0.3009126440637009
BH_s29_low,30,228,37.6,-0.15627002716064453,-0.45600507510249755
BH_s29_low,30,229,37.63333333333333,-0.19559654593467712,-0.6080495315344018
BH_s29_low,30,230,37.666666666666664,-0.16054314374923706,-0.6914844207342538
BH_s29_low,30,231,37.7,-0.14944817125797272,-0.6519424180611352
BH_s29_low,30,232,37.733333333333334,-0.2261020541191101,-0.47197318715932274
BH_s29_low,30,233,37.766666666666666,-0.3816837966442108,-0.18315062369532417
BH_s29_low,30,234,37.8,-0.6161933541297913,0.1407325037267853
BH_s29_low,30,235,37.833333333333336,-0.7954587340354919,0.4072533516103395
BH_s29_low,30,236,37.86666666666667,-1.0062845945358276,0.5368353837078698
BH_s29_low,30,237,37.9,-1.123594880104065,0.4901382628747669
BH_s29_low,30,238,37.93333333333333,-0.7427102327346802,0.28152793054019487
BH_s29_low,30,239,37.96666666666667,0.06437405943870544,-0.02535041207179847
BH_s29_low,31,0,31.0,-0.07029425352811813,-0.005033321595900296
BH_s29_low,31,1,31.033333333333335,-0.4463827908039093,0.15629274499678827
BH_s29_low,31,2,31.066666666666666,-0.60196453332901,0.250804795945585
BH_s29_low,31,3,31.1,-0.590235710144043,0.23098647922628218
BH_s29_low,31,4,31.133333333333333,-0.5830548405647278,0.08403619509455762
BH_s29_low,31,5,31.166666666666668,-0.590235710144043,-0.1611953681731002
BH_s29_low,31,6,31.2,-0.6717965602874756,-0.4389303672436232
BH_s29_low,31,7,31.233333333333334,-0.8273782730102539,-0.6636511619113483
BH_s29_low,31,8,31.266666666666666,-1.059972882270813,-0.755958330226631
BH_s29_low,31,9,31.3,-1.217469573020935,-0.6689922556765133
BH_s29_low,31,10,31.333333333333332,-1.3730512857437134,-0.4058235593301596
BH_s29_low,31,11,31.366666666666667,-1.5286329984664917,-0.020644190890377705
BH_s29_low,31,12,31.4,-1.5373698472976685,0.39765896759407154
BH_s29_low,31,13,31.433333333333334,-1.1169414520263672,0.7539330982643442
BH_s29_low,31,14,31.466666666666665,-0.1466512829065323,0.9762330014118178
BH_s29_low,31,15,31.5,0.8634929656982422,1.0347601019526025
BH_s29_low,31,16,31.533333333333335,1.5594241619110107,0.9436913849064217
BH_s29_low,31,17,31.566666666666666,1.5631964206695557,0.7471238886726819
BH_s29_low,31,18,31.6,1.1412122249603271,0.4968420584492962
BH_s29_low,31,19,31.633333333333333,0.5435397028923035,0.23217263636145968
BH_s29_low,31,20,31.666666666666668,0.020663805305957794,-0.029784969090189246
BH_s29_low,31,21,31.7,-0.36942747235298157,-0.29052598569870625
BH_s29_low,31,22,31.733333333333334,-0.5564854741096497,-0.5562264104542599
BH_s29_low,31,23,31.766666666666666,-0.590235710144043,-0.82110133904366
BH_s29_low,31,24,31.8,-0.5113078951835632,-1.0565749734977061
BH_s29_low,31,25,31.833333333333332,-0.5496636629104614,-1.2122892533913696
BH_s29_low,31,26,31.866666666666667,-0.7052453756332397,-1.2301223418736706
BH_s29_low,31,27,31.9,-0.8608270883560181,-1.0668417861534882
BH_s29_low,31,28,31.933333333333334,-1.0479427576065063,-0.7166312761809099
BH_s29_low,31,29,31.966666666666665,-1.2509183883666992,-0.2232260655138418
BH_s29_low,31,30,32.0,-1.4065001010894775,0.3259339167107491
BH_s29_low,31,31,32.03333333333333,-1.5620818138122559,0.8238117948493555
BH_s29_low,31,32,32.06666666666667,-1.571421504020691,1.1769071579004442
BH_s29_low,31,33,32.1,-0.9428179860115051,1.3328389217673966
BH_s29_low,31,34,32.13333333333333,0.08749037235975266,1.2910369543338895
BH_s29_low,31,35,32.166666666666664,1.1453299522399902,1.0941105980418753
BH_s29_low,31,36,32.2,1.712013840675354,0.8060357411178958
BH_s29_low,31,37,32.233333333333334,1.597607135772705,0.48763523808430814
BH_s29_low,31,38,32.266666666666666,1.189927101135254,0.17894430019587965
BH_s29_low,31,39,32.3,0.6465280055999756,-0.1063565712910474
BH_s29_low,31,40,32.333333333333336,0.10737539827823639,-0.3745026774327067
BH_s29_low,31,41,32.36666666666667,-0.27846941351890564,-0.6374368883338416
BH_s29_low,31,42,32.4,-0.5110064744949341,-0.8972344517728311
BH_s29_low,31,43,32.43333333333333,-0.5113078951835632,-1.13551819657861
BH_s29_low,31,44,32.46666666666667,-0.5113078951835632,-1.312278246556275
BH_s29_low,31,45,32.5,-0.5831124782562256,-1.3752551199190293
BH_s29_low,31,46,32.53333333333333,-0.6597663164138794,-1.2773021484336633
BH_s29_low,31,47,32.56666666666667,-0.8153480887413025,-0.995968628441039
BH_s29_low,31,48,32.6,-1.0498576164245605,-0.547998846906198
BH_s29_low,31,49,32.63333333333333,-1.2681480646133423,0.007714213842913506
BH_s29_low,31,50,32.666666666666664,-1.4399489164352417,0.581702408213072
BH_s29_low,31,51,32.7,-1.59553062915802,1.0773862858729604
BH_s29_low,31,52,32.733333333333334,-1.3697091341018677,1.4179853411324157
BH_s29_low,31,53,32.766666666666666,-0.5842694640159607,1.5660176026772483
BH_s29_low,31,54,32.8,0.47948768734931946,1.527772679068576
BH_s29_low,31,55,32.833333333333336,1.421364665031433,1.342333229455036
BH_s29_low,31,56,32.86666666666667,1.698671579360962,1.061814255903649
BH_s29_low,31,57,32.9,1.4072644710540771,0.732520368817329
BH_s29_low,31,58,32.93333333333333,0.898276150226593,0.3842911032023438
BH_s29_low,31,59,32.96666666666667,0.3159184753894806,0.030164154857651605
BH_s29_low,31,60,33.0,-0.11313142627477646,-0.3257620055250268
BH_s29_low,31,61,33.03333333333333,-0.46780139207839966,-0.6767216934977154
BH_s29_low,31,62,33.06666666666667,-0.590235710144043,-1.0031793063593868
BH_s29_low,31,63,33.1,-0.5593622922897339,-1.2687516216690198
BH_s29_low,31,64,33.13333333333333,-0.5399073958396912,-1.4245359256454224
BH_s29_low,31,65,33.166666666666664,-0.616561233997345,-1.4214081906794975
BH_s29_low,31,66,33.2,-0.7721430063247681,-1.2271779663395619
BH_s29_low,31,67,33.233333333333334,-0.9495023488998413,-0.8433227405012521
BH_s29_low,31,68,33.266666666666666,-1.1622343063354492,-0.3148063593695586
BH_s29_low,31,69,33.3,-1.3967437744140625,0.2728981551827883
BH_s29_low,31,70,33.333333333333336,-1.5523256063461304,0.8120546858191866
BH_s29_low,31,71,33.36666666666667,-1.695225477218628,1.2020739674739145
BH_s29_low,31,72,33.4,-1.4957383871078491,1.378676836905287
BH_s29_low,31,73,33.43333333333333,-0.6830201745033264,1.3297267553109176
BH_s29_low,31,74,33.46666666666667,0.4768458306789398,1.091815238838838
BH_s29_low,31,75,33.5,1.3937182426452637,0.7317204441327589
BH_s29_low,31,76,33.53333333333333,1.697359561920166,0.3222606014252896
BH_s29_low,31,77,33.56666666666667,1.3858458995819092,-0.07806933337485249
BH_s29_low,31,78,33.6,0.9191007614135742,-0.43537560837484673
BH_s29_low,31,79,33.63333333333333,0.30000969767570496,-0.738585572012458
BH_s29_low,31,80,33.666666666666664,-0.180029034614563,-0.9881289886881438
BH_s29_low,31,81,33.7,-0.491192489862442,-1.1810653988920212
BH_s29_low,31,82,33.733333333333334,-0.590235710144043,-1.300010068323154
BH_s29_low,31,83,33.766666666666666,-0.5259135365486145,-1.311810709683897
BH_s29_low,31,84,33.8,-0.5113078951835632,-1.1779434144158372
BH_s29_low,31,85,33.833333333333336,-0.590235710144043,-0.8733911528854698
BH_s29_low,31,86,33.86666666666667,-0.7266639471054077,-0.4063151523673189
BH_s29_low,31,87,33.9,-0.9611735343933105,0.17104272259501185
BH_s29_low,31,88,33.93333333333333,-1.1697076559066772,0.7677002327726054
BH_s29_low,31,89,33.96666666666667,-1.3512648344039917,1.2763813103491546
BH_s29_low,31,90,34.0,-1.50684654712677,1.6049957511044293
BH_s29_low,31,91,34.03333333333333,-1.6624282598495483,1.703742860634884
BH_s29_low,31,92,34.06666666666667,-1.6513688564300537,1.576864664692925
BH_s29_low,31,93,34.1,-1.0510900020599365,1.2757233593656552
BH_s29_low,31,94,34.13333333333333,0.0006369402981363237,0.8775720677411506
BH_s29_low,31,95,34.166666666666664,1.0945671796798706,0.45925517421229234
BH_s29_low,31,96,34.2,1.6545045375823975,0.07609586778273021
BH_s29_low,31,97,34.233333333333334,1.5547698736190796,-0.24687486022234423
BH_s29_low,31,98,34.266666666666666,1.1042526960372925,-0.5101879158423732
BH_s29_low,31,99,34.3,0.4819258153438568,-0.7262379612667027
BH_s29_low,31,100,34.333333333333336,-0.08907097578048706,-0.9037730649598884
BH_s29_low,31,101,34.36666666666667,-0.37684333324432373,-1.03711096379656
BH_s29_low,31,102,34.4,-0.4323800504207611,-1.1040523740658361
BH_s29_low,31,103,34.43333333333333,-0.4135368764400482,-1.073132307703949
BH_s29_low,31,104,34.46666666666667,-0.35345223546028137,-0.9176183140653721
BH_s29_low,31,105,34.5,-0.3677475154399872,-0.6310947215642586
BH_s29_low,31,106,34.53333333333333,-0.5233292579650879,-0.23819970559117107
BH_s29_low,31,107,34.56666666666667,-0.6789109706878662,0.2049402480459998
BH_s29_low,31,108,34.6,-0.8419661521911621,0.622391302782024
BH_s29_low,31,109,34.63333333333333,-1.0690022706985474,0.9386684236261633
BH_s29_low,31,110,34.666666666666664,-1.2245839834213257,1.0994288322264278
BH_s29_low,31,111,34.7,-1.3795140981674194,1.0841242427372624
BH_s29_low,31,112,34.733333333333334,-1.2249032258987427,0.9070034787281689
BH_s29_low,31,113,34.766666666666666,-0.5346857905387878,0.6086325089757018
BH_s29_low,31,114,34.8,0.5443196892738342,0.24248092174046318
BH_s29_low,31,115,34.833333333333336,1.4985947608947754,-0.13902938300844067
BH_s29_low,31,116,34.86666666666667,1.9247368574142456,-0.4949763784141615
BH_s29_low,31,117,34.9,1.6587201356887817,-0.7998011267105235
BH_s29_low,31,118,34.93333333333333,1.1919748783111572,-1.0400039541341448
BH_s29_low,31,119,34.96666666666667,0.5849140882492065,-1.206228411809549
BH_s29_low,31,120,35.0,0.021701065823435783,-1.2853624185273818
BH_s29_low,31,121,35.03333333333333,-0.25243645906448364,-1.2573931393905227
BH_s29_low,31,122,35.06666666666667,-0.35345223546028137,-1.099789465404787
BH_s29_low,31,123,35.1,-0.30116021633148193,-0.798689274571623
BH_s29_low,31,124,35.13333333333333,-0.27452439069747925,-0.36239987553860536
BH_s29_low,31,125,35.166666666666664,-0.35345223546028137,0.16946003525514763
BH_s29_low,31,126,35.2,-0.5233203768730164,0.7270042916115063
BH_s29_low,31,127,35.233333333333334,-0.7123597860336304,1.223241042227515
BH_s29_low,31,128,35.266666666666666,-0.9088637232780457,1.575839189486489
BH_s29_low,31,129,35.3,-1.1024510860443115,1.7296701102176362
BH_s29_low,31,130,35.333333333333336,-1.3369606733322144,1.6714234586620285
BH_s29_low,31,131,35.36666666666667,-1.3113133907318115,1.4306366579470202
BH_s29_low,31,132,35.4,-0.7149884700775146,1.0670993653726644
BH_s29_low,31,133,35.43333333333333,0.27760687470436096,0.6502203834538468
BH_s29_low,31,134,35.46666666666667,1.3887757062911987,0.23897326690826556
BH_s29_low,31,135,35.5,1.9604597091674805,-0.12992768007377054
BH_s29_low,31,136,35.53333333333333,1.8899937868118286,-0.44242574500248033
BH_s29_low,31,137,35.56666666666667,1.4794458150863647,-0.6983101952186286
BH_s29_low,31,138,35.6,0.9337728023529053,-0.8989683094712889
BH_s29_low,31,139,35.63333333333333,0.3880998194217682,-1.0378951114755846
BH_s29_low,31,140,35.666666666666664,-0.051375702023506165,-1.0978863536338634
BH_s29_low,31,141,35.7,-0.19559654593467712,-1.055703801629606
BH_s29_low,31,142,35.733333333333334,-0.19559654593467712,-0.8925469236514031
BH_s29_low,31,143,35.766666666666666,-0.19559654593467712,-0.606777216560443
BH_s29_low,31,144,35.8,-0.27452439069747925,-0.22375891339219703
BH_s29_low,31,145,35.833333333333336,-0.3557173013687134,0.20247788430020425
BH_s29_low,31,146,35.86666666666667,-0.5902179479598999,0.5985936429071861
BH_s29_low,31,147,35.9,-0.7458086013793945,0.8903667174143999
BH_s29_low,31,148,35.93333333333333,-0.9803181290626526,1.0232294439898484
BH_s29_low,31,149,35.96666666666667,-1.2079969644546509,0.9763395929825117
BH_s29_low,31,150,36.0,-1.3005863428115845,0.7651518983561596
BH_s29_low,31,151,36.03333333333333,-0.8725337982177734,0.4332356474476488
BH_s29_low,31,152,36.06666666666667,-0.040728576481342316,0.0381158870673885
BH_s29_low,31,153,36.1,1.1136187314987183,-0.3629949359420352
BH_s29_low,31,154,36.13333333333333,1.801925778388977,-0.7229337531582857
BH_s29_low,31,155,36.166666666666664,1.935455083847046,-1.007864110347045
BH_s29_low,31,156,36.2,1.5301332473754883,-1.1952992908455768
BH_s29_low,31,157,36.233333333333334,1.0094826221466064,-1.2702337852553187
BH_s29_low,31,158,36.266666666666666,0.4660835266113281,-1.2229488129195252
BH_s29_low,31,159,36.3,0.02139963023364544,-1.0503789150226823
BH_s29_low,31,160,36.333333333333336,-0.16375234723091125,-0.7603187862131207
BH_s29_low,31,161,36.36666666666667,-0.27452439069747925,-0.3756197492195092
BH_s29_low,31,162,36.4,-0.27452439069747925,0.06494458182158305
BH_s29_low,31,163,36.43333333333333,-0.3147861659526825,0.5109307148928577
BH_s29_low,31,164,36.46666666666667,-0.4703678786754608,0.9086641633028115
BH_s29_low,31,165,36.5,-0.6259496212005615,1.2109339618639785
BH_s29_low,31,166,36.53333333333333,-0.8149712681770325,1.3850183805927965
BH_s29_low,31,167,36.56666666666667,-1.0472068786621094,1.4173371919614637
BH_s29_low,31,168,36.6,-1.2505505084991455,1.314098355358824
BH_s29_low,31,169,36.63333333333333,-1.458441972732544,1.0979740415860935
BH_s29_low,31,170,36.666666666666664,-1.2275539636611938,0.8015349787791609
BH_s29_low,31,171,36.7,-0.4578147232532501,0.459275949140597
BH_s29_low,31,172,36.733333333333334,0.5743996500968933,0.10122790762759708
BH_s29_low,31,173,36.766666666666666,1.5144548416137695,-0.2490447992091213
BH_s29_low,31,174,36.8,1.7775994539260864,-0.5715534740402679
BH_s29_low,31,175,36.833333333333336,1.5808206796646118,-0.8444782975962863
BH_s29_low,31,176,36.86666666666667,1.0351476669311523,-1.0401249242501296
BH_s29_low,31,177,36.9,0.4894746243953705,-1.1257078558345235
BH_s29_low,31,178,36.93333333333333,0.028881950303912163,-1.0704864813140924
BH_s29_low,31,179,36.96666666666667,-0.19947510957717896,-0.857842063207714
BH_s29_low,31,180,37.0,-0.27452439069747925,-0.49784997862016633
BH_s29_low,31,181,37.03333333333333,-0.27452439069747925,-0.03421871850255553
BH_s29_low,31,182,37.06666666666667,-0.27452439069747925,0.4595263525023948
BH_s29_low,31,183,37.1,-0.34823498129844666,0.8955680003179065
BH_s29_low,31,184,37.13333333333333,-0.5038167238235474,1.1941310944654606
BH_s29_low,31,185,37.166666666666664,-0.6593984365463257,1.3040136027357463
BH_s29_low,31,186,37.2,-0.8939079642295837,1.2138461703563703
BH_s29_low,31,187,37.233333333333334,-1.0494897365570068,0.9510969698631118
BH_s29_low,31,188,37.266666666666666,-1.22165846824646,0.5705415096091981
BH_s29_low,31,189,37.3,-1.1015247106552124,0.13719533545551243
BH_s29_low,31,190,37.333333333333336,-0.40133386850357056,-0.2900034844582649
BH_s29_low,31,191,37.36666666666667,0.5876754522323608,-0.6684825060582236
BH_s29_low,31,192,37.4,1.5170124769210815,-0.9739799125581454
BH_s29_low,31,193,37.43333333333333,1.7775994539260864,-1.1954616756258414
BH_s29_low,31,194,37.46666666666667,1.5525802373886108,-1.3270527842284445
BH_s29_low,31,195,37.5,1.0394119024276733,-1.3617614625982226
BH_s29_low,31,196,37.53333333333333,0.496012806892395,-1.2903349010629557
BH_s29_low,31,197,37.56666666666667,0.036364272236824036,-1.105844854839253
BH_s29_low,31,198,37.6,-0.15627002716064453,-0.8118174119172309
BH_s29_low,31,199,37.63333333333333,-0.19559654593467712,-0.4297886433609293
BH_s29_low,31,200,37.666666666666664,-0.16054314374923706,-0.0018172509762093287
BH_s29_low,31,201,37.7,-0.14944817125797272,0.4145324104935652
BH_s29_low,31,202,37.733333333333334,-0.2261020541191101,0.7574305635792713
BH_s29_low,31,203,37.766666666666666,-0.3816837966442108,0.9740094000343884
BH_s29_low,31,204,37.8,-0.6161933541297913,1.0313945975554066
BH_s29_low,31,205,37.833333333333336,-0.7954587340354919,0.9234496479933885
BH_s29_low,31,206,37.86666666666667,-1.0062845945358276,0.6730396509973641
BH_s29_low,31,207,37.9,-1.123594880104065,0.33003121574375927
BH_s29_low,31,208,37.93333333333333,-0.7427102327346802,-0.035560433860641644
BH_s29_low,31,209,37.96666666666667,0.06437405943870544,-0.3460993040066148
BH_s29_low,31,210,38.0,1.1411322355270386,-0.5335821396826845
BH_s29_low,31,211,38.03333333333333,1.7976793050765991,-0.5575579307402989
BH_s29_low,31,212,38.06666666666667,1.9199230670928955,-0.41728996487364767
BH_s29_low,31,213,38.1,1.6032675504684448,-0.15232413103634393
BH_s29_low,31,214,38.13333333333333,1.0575945377349854,0.1701574285459878
BH_s29_low,31,215,38.166666666666664,0.5119215846061707,0.4769968166213615
BH_s29_low,31,216,38.2,0.04517640545964241,0.7113211159931353
BH_s29_low,31,217,38.233333333333334,-0.11306494474411011,0.8468226689738256
BH_s29_low,31,218,38.266666666666666,-0.1897188276052475,0.8895652994303754
BH_s29_low,31,219,38.3,-0.1166687086224556,0.8684083125235386
BH_s29_low,31,220,38.333333333333336,-0.19559654593467712,0.8190875375874783
BH_s29_low,31,221,38.36666666666667,-0.34075266122817993,0.76839140070901
BH_s29_low,31,222,38.4,-0.49633437395095825,0.7241041064989204
BH_s29_low,31,223,38.43333333333333,-0.7135964632034302,0.6738049510712558
BH_s29_low,31,224,38.46666666666667,-0.8864256739616394,0.5919669680371236
BH_s29_low,31,225,38.5,-1.1209352016448975,0.4516936067755822
BH_s29_low,31,226,38.53333333333333,-1.1667999029159546,0.23625979224437493
BH_s29_low,31,227,38.56666666666667,-0.7745367288589478,-0.05344638303969852
BH_s29_low,31,228,38.6,0.027339251711964607,-0.39728027322265125
BH_s29_low,31,229,38.63333333333333,1.1667219400405884,-0.7595272108460209
BH_s29_low,31,230,38.666666666666664,1.914887547492981,-1.0962481946432852
BH_s29_low,31,231,38.7,2.0498220920562744,-1.3642584098330508
BH_s29_low,31,232,38.733333333333334,1.7328828573226929,-1.529710797828227
BH_s29_low,31,233,38.766666666666666,1.2271968126296997,-1.5745167022517557
BH_s29_low,31,234,38.8,0.7204646468162537,-1.4993441765594901
BH_s29_low,31,235,38.833333333333336,0.2537194788455963,-1.3223597168026857
BH_s29_low,31,236,38.86666666666667,0.00906797219067812,-1.0733127305068095
BH_s29_low,31,237,38.9,-0.03774087131023407,-0.7840397876418952
BH_s29_low,31,238,38.93333333333333,-0.03774087131023407,-0.4790452213140768
BH_s29_low,31,239,38.96666666666667,-0.06303801387548447,-0.17106226190867585
BH_s29_low,32,0,32.0,-1.4065001010894775,-0.12275630181006764
BH_s29_low,32,1,32.03333333333333,-1.5620818138122559,-0.04472908643019537
BH_s29_low,32,2,32.06666666666667,-1.571421504020691,0.010143296157177416
BH_s29_low,32,3,32.1,-0.9428179860115051,0.02612921296278433
BH_s29_low,32,4,32.13333333333333,0.08749037235975266,0.000341685243540335
BH_s29_low,32,5,32.166666666666664,1.1453299522399902,-0.05878084615775515
BH_s29_low,32,6,32.2,1.712013840675354,-0.13778003280443676
BH_s29_low,32,7,32.233333333333334,1.597607135772705,-0.2256057205789813
BH_s29_low,32,8,32.266666666666666,1.189927101135254,-0.3184561194705923
BH_s29_low,32,9,32.3,0.6465280055999756,-0.42011357884328654
BH_s29_low,32,10,32.333333333333336,0.10737539827823639,-0.5378097555803956
BH_s29_low,32,11,32.36666666666667,-0.27846941351890564,-0.6750912653288079
BH_s29_low,32,12,32.4,-0.5110064744949341,-0.8241285078331955
BH_s29_low,32,13,32.43333333333333,-0.5113078951835632,-0.960554125350989
BH_s29_low,32,14,32.46666666666667,-0.5113078951835632,-1.0440126013933257
BH_s29_low,32,15,32.5,-0.5831124782562256,-1.026355469762716
BH_s29_low,32,16,32.53333333333333,-0.6597663164138794,-0.8665176876845586
BH_s29_low,32,17,32.56666666666667,-0.8153480887413025,-0.5476855080384564
BH_s29_low,32,18,32.6,-1.0498576164245605,-0.09016496003163905
BH_s29_low,32,19,32.63333333333333,-1.2681480646133423,0.4463363569956819
BH_s29_low,32,20,32.666666666666664,-1.4399489164352417,0.9740889182926805
BH_s29_low,32,21,32.7,-1.59553062915802,1.40004067414221
BH_s29_low,32,22,32.733333333333334,-1.3697091341018677,1.6519734834204582
BH_s29_low,32,23,32.766666666666666,-0.5842694640159607,1.6979078139710817
BH_s29_low,32,24,32.8,0.47948768734931946,1.5513384221969762
BH_s29_low,32,25,32.833333333333336,1.421364665031433,1.2612925255910128
BH_s29_low,32,26,32.86666666666667,1.698671579360962,0.8927069446597156
BH_s29_low,32,27,32.9,1.4072644710540771,0.5058330022375831
BH_s29_low,32,28,32.93333333333333,0.898276150226593,0.14200639719933736
BH_s29_low,32,29,32.96666666666667,0.3159184753894806,-0.1808119648195001
BH_s29_low,32,30,33.0,-0.11313142627477646,-0.4630443960717493
BH_s29_low,32,31,33.03333333333333,-0.46780139207839966,-0.7120581005334558
BH_s29_low,32,32,33.06666666666667,-0.590235710144043,-0.929070001250986
BH_s29_low,32,33,33.1,-0.5593622922897339,-1.0998403663677612
BH_s29_low,32,34,33.13333333333333,-0.5399073958396912,-1.1936672733269067
BH_s29_low,32,35,33.166666666666664,-0.616561233997345,-1.1723936527638281
BH_s29_low,32,36,33.2,-0.7721430063247681,-1.0069312534659502
BH_s29_low,32,37,33.233333333333334,-0.9495023488998413,-0.6947653693129714
BH_s29_low,32,38,33.266666666666666,-1.1622343063354492,-0.27011905530204805
BH_s29_low,32,39,33.3,-1.3967437744140625,0.19937355634446735
BH_s29_low,32,40,33.333333333333336,-1.5523256063461304,0.6296879640353678
BH_s29_low,32,41,33.36666666666667,-1.695225477218628,0.9446054959950061
BH_s29_low,32,42,33.4,-1.4957383871078491,1.0968846847402867
BH_s29_low,32,43,33.43333333333333,-0.6830201745033264,1.0778308738978022
BH_s29_low,32,44,33.46666666666667,0.4768458306789398,0.9128778674696282
BH_s29_low,32,45,33.5,1.3937182426452637,0.647354771099406
BH_s29_low,32,46,33.53333333333333,1.697359561920166,0.32961989078616594
BH_s29_low,32,47,33.56666666666667,1.3858458995819092,-0.0018963576315428497
BH_s29_low,32,48,33.6,0.9191007614135742,-0.3237260836822574
BH_s29_low,32,49,33.63333333333333,0.30000969767570496,-0.623800615185578
BH_s29_low,32,50,33.666666666666664,-0.180029034614563,-0.8920239018773672
BH_s29_low,32,51,33.7,-0.491192489862442,-1.1101805337161155
BH_s29_low,32,52,33.733333333333334,-0.590235710144043,-1.2469309029707667
BH_s29_low,32,53,33.766666666666666,-0.5259135365486145,-1.2618054331358448
BH_s29_low,32,54,33.8,-0.5113078951835632,-1.1182319831489687
BH_s29_low,32,55,33.833333333333336,-0.590235710144043,-0.8011121626703916
BH_s29_low,32,56,33.86666666666667,-0.7266639471054077,-0.331296578092289
BH_s29_low,32,57,33.9,-0.9611735343933105,0.23060782532978757
BH_s29_low,32,58,33.93333333333333,-1.1697076559066772,0.7947361831735734
BH_s29_low,32,59,33.96666666666667,-1.3512648344039917,1.2642195786529078
BH_s29_low,32,60,34.0,-1.50684654712677,1.5611454228694048
BH_s29_low,32,61,34.03333333333333,-1.6624282598495483,1.6463819088084124
BH_s29_low,32,62,34.06666666666667,-1.6513688564300537,1.5264284575677654
BH_s29_low,32,63,34.1,-1.0510900020599365,1.2460341933430898
BH_s29_low,32,64,34.13333333333333,0.0006369402981363237,0.8703982231629721
BH_s29_low,32,65,34.166666666666664,1.0945671796798706,0.463992989247299
BH_s29_low,32,66,34.2,1.6545045375823975,0.07396564456449285
BH_s29_low,32,67,34.233333333333334,1.5547698736190796,-0.2760645908403391
BH_s29_low,32,68,34.266666666666666,1.1042526960372925,-0.5808610687789643
BH_s29_low,32,69,34.3,0.4819258153438568,-0.8412210870987394
BH_s29_low,32,70,34.333333333333336,-0.08907097578048706,-1.0512447147323694
BH_s29_low,32,71,34.36666666666667,-0.37684333324432373,-1.1915660958814465
BH_s29_low,32,72,34.4,-0.4323800504207611,-1.2319753939795137
BH_s29_low,32,73,34.43333333333333,-0.4135368764400482,-1.1427652312956573
BH_s29_low,32,74,34.46666666666667,-0.35345223546028137,-0.9102797647654332
BH_s29_low,32,75,34.5,-0.3677475154399872,-0.5497509247595092
BH_s29_low,32,76,34.53333333333333,-0.5233292579650879,-0.10867131597021681
BH_s29_low,32,77,34.56666666666667,-0.6789109706878662,0.3423930914495218
BH_s29_low,32,78,34.6,-0.8419661521911621,0.7284221148627226
BH_s29_low,32,79,34.63333333333333,-1.0690022706985474,0.9899233570901441
BH_s29_low,32,80,34.666666666666664,-1.2245839834213257,1.0959741105438199
BH_s29_low,32,81,34.7,-1.3795140981674194,1.0461896222959266
BH_s29_low,32,82,34.733333333333334,-1.2249032258987427,0.8631964384334806
BH_s29_low,32,83,34.766666666666666,-0.5346857905387878,0.5810570608816299
BH_s29_low,32,84,34.8,0.5443196892738342,0.23527634127618868
BH_s29_low,32,85,34.833333333333336,1.4985947608947754,-0.14231792634916252
BH_s29_low,32,86,34.86666666666667,1.9247368574142456,-0.52324673429094
BH_s29_low,32,87,34.9,1.6587201356887817,-0.8782626598616746
BH_s29_low,32,88,34.93333333333333,1.1919748783111572,-1.1726822814305702
BH_s29_low,32,89,34.96666666666667,0.5849140882492065,-1.3649733055562852
BH_s29_low,32,90,35.0,0.021701065823435783,-1.411547262096855
BH_s29_low,32,91,35.03333333333333,-0.25243645906448364,-1.278270283658796
BH_s29_low,32,92,35.06666666666667,-0.35345223546028137,-0.9556167480124583
BH_s29_low,32,93,35.1,-0.30116021633148193,-0.47089789940461074
BH_s29_low,32,94,35.13333333333333,-0.27452439069747925,0.11020332768528769
BH_s29_low,32,95,35.166666666666664,-0.35345223546028137,0.6967083481872052
BH_s29_low,32,96,35.2,-0.5233203768730164,1.19566400399931
BH_s29_low,32,97,35.233333333333334,-0.7123597860336304,1.5353416587364002
BH_s29_low,32,98,35.266666666666666,-0.9088637232780457,1.6795410717812382
BH_s29_low,32,99,35.3,-1.1024510860443115,1.6303215473258477
BH_s29_low,32,100,35.333333333333336,-1.3369606733322144,1.4212770679762532
BH_s29_low,32,101,35.36666666666667,-1.3113133907318115,1.105076441103242
BH_s29_low,32,102,35.4,-0.7149884700775146,0.7386093762469622
BH_s29_low,32,103,35.43333333333333,0.27760687470436096,0.36888946206010237
BH_s29_low,32,104,35.46666666666667,1.3887757062911987,0.023682151234763717
BH_s29_low,32,105,35.5,1.9604597091674805,-0.2895001793399775
BH_s29_low,32,106,35.53333333333333,1.8899937868118286,-0.575623264516347
BH_s29_low,32,107,35.56666666666667,1.4794458150863647,-0.8393766966020587
BH_s29_low,32,108,35.6,0.9337728023529053,-1.073461197434451
BH_s29_low,32,109,35.63333333333333,0.3880998194217682,-1.2532069721094692
BH_s29_low,32,110,35.666666666666664,-0.051375702023506165,-1.3399479895036048
BH_s29_low,32,111,35.7,-0.19559654593467712,-1.292320525027375
BH_s29_low,32,112,35.733333333333334,-0.19559654593467712,-1.0822779729122105
BH_s29_low,32,113,35.766666666666666,-0.19559654593467712,-0.7108272258216761
BH_s29_low,32,114,35.8,-0.27452439069747925,-0.2171966790881401
BH_s29_low,32,115,35.833333333333336,-0.3557173013687134,0.3239877553660307
BH_s29_low,32,116,35.86666666666667,-0.5902179479598999,0.8187446815754125
BH_s29_low,32,117,35.9,-0.7458086013793945,1.1782814671730035
BH_s29_low,32,118,35.93333333333333,-0.9803181290626526,1.3428300380425706
BH_s29_low,32,119,35.96666666666667,-1.2079969644546509,1.2954926780842055
BH_s29_low,32,120,36.0,-1.3005863428115845,1.0617103885868937
BH_s29_low,32,121,36.03333333333333,-0.8725337982177734,0.6964991965384194
BH_s29_low,32,122,36.06666666666667,-0.040728576481342316,0.2658623719006083
BH_s29_low,32,123,36.1,1.1136187314987183,-0.17031088823819424
BH_s29_low,32,124,36.13333333333333,1.801925778388977,-0.5682977459713173
BH_s29_low,32,125,36.166666666666664,1.935455083847046,-0.9014704643928899
BH_s29_low,32,126,36.2,1.5301332473754883,-1.1540401164777847
BH_s29_low,32,127,36.233333333333334,1.0094826221466064,-1.312423046317546
BH_s29_low,32,128,36.266666666666666,0.4660835266113281,-1.3595783322059163
BH_s29_low,32,129,36.3,0.02139963023364544,-1.2759803584029117
BH_s29_low,32,130,36.333333333333336,-0.16375234723091125,-1.0477631996160581
BH_s29_low,32,131,36.36666666666667,-0.27452439069747925,-0.6787429372285643
BH_s29_low,32,132,36.4,-0.27452439069747925,-0.1998907225779776
BH_s29_low,32,133,36.43333333333333,-0.3147861659526825,0.3301199445063167
BH_s29_low,32,134,36.46666666666667,-0.4703678786754608,0.8354528186503418
BH_s29_low,32,135,36.5,-0.6259496212005615,1.241192545028169
BH_s29_low,32,136,36.53333333333333,-0.8149712681770325,1.4918814780968508
BH_s29_low,32,137,36.56666666666667,-1.0472068786621094,1.5635990056537987
BH_s29_low,32,138,36.6,-1.2505505084991455,1.4659527608527418
BH_s29_low,32,139,36.63333333333333,-1.458441972732544,1.2345215255405986
BH_s29_low,32,140,36.666666666666664,-1.2275539636611938,0.9172862118433341
BH_s29_low,32,141,36.7,-0.4578147232532501,0.5600284762339574
BH_s29_low,32,142,36.733333333333334,0.5743996500968933,0.19580831918140879
BH_s29_low,32,143,36.766666666666666,1.5144548416137695,-0.15789976255187418
BH_s29_low,32,144,36.8,1.7775994539260864,-0.49400193921035684
BH_s29_low,32,145,36.833333333333336,1.5808206796646118,-0.8055360296874472
BH_s29_low,32,146,36.86666666666667,1.0351476669311523,-1.0754936745415036
BH_s29_low,32,147,36.9,0.4894746243953705,-1.2719358876489804
BH_s29_low,32,148,36.93333333333333,0.028881950303912163,-1.3518262659220206
BH_s29_low,32,149,36.96666666666667,-0.19947510957717896,-1.273699449711524
BH_s29_low,32,150,37.0,-0.27452439069747925,-1.0153613805183797
BH_s29_low,32,151,37.03333333333333,-0.27452439069747925,-0.5897633027714514
BH_s29_low,32,152,37.06666666666667,-0.27452439069747925,-0.05153731116633908
BH_s29_low,32,153,37.1,-0.34823498129844666,0.5106550461384455
BH_s29_low,32,154,37.13333333333333,-0.5038167238235474,0.995267072170349
BH_s29_low,32,155,37.166666666666664,-0.6593984365463257,1.315581851927356
BH_s29_low,32,156,37.2,-0.8939079642295837,1.4232681189640402
BH_s29_low,32,157,37.233333333333334,-1.0494897365570068,1.318421132937414
BH_s29_low,32,158,37.266666666666666,-1.22165846824646,1.043278701264509
BH_s29_low,32,159,37.3,-1.1015247106552124,0.6642012781342921
BH_s29_low,32,160,37.333333333333336,-0.40133386850357056,0.250228394567281
BH_s29_low,32,161,37.36666666666667,0.5876754522323608,-0.1440553179072442
BH_s29_low,32,162,37.4,1.5170124769210815,-0.48673953605465803
BH_s29_low,32,163,37.43333333333333,1.7775994539260864,-0.7671333442601269
BH_s29_low,32,164,37.46666666666667,1.5525802373886108,-0.9870868207929329
BH_s29_low,32,165,37.5,1.0394119024276733,-1.1494522805520586
BH_s29_low,32,166,37.53333333333333,0.496012806892395,-1.2485309667490991
BH_s29_low,32,167,37.56666666666667,0.036364272236824036,-1.2665095445888204
BH_s29_low,32,168,37.6,-0.15627002716064453,-1.1779009159647074
BH_s29_low,32,169,37.63333333333333,-0.19559654593467712,-0.9610656071387635
BH_s29_low,32,170,37.666666666666664,-0.16054314374923706,-0.6126257893817889
BH_s29_low,32,171,37.7,-0.14944817125797272,-0.15832008871005965
BH_s29_low,32,172,37.733333333333334,-0.2261020541191101,0.3458773024026123
BH_s29_low,32,173,37.766666666666666,-0.3816837966442108,0.82471025816304
BH_s29_low,32,174,37.8,-0.6161933541297913,1.2027917455818127
BH_s29_low,32,175,37.833333333333336,-0.7954587340354919,1.4238211248498962
BH_s29_low,32,176,37.86666666666667,-1.0062845945358276,1.4626612912256605
BH_s29_low,32,177,37.9,-1.123594880104065,1.3274132628302215
BH_s29_low,32,178,37.93333333333333,-0.7427102327346802,1.0527967748260343
BH_s29_low,32,179,37.96666666666667,0.06437405943870544,0.6884561590182746
BH_s29_low,32,180,38.0,1.1411322355270386,0.28630196417299075
BH_s29_low,32,181,38.03333333333333,1.7976793050765991,-0.10945815843616755
BH_s29_low,32,182,38.06666666666667,1.9199230670928955,-0.46680339729087317
BH_s29_low,32,183,38.1,1.6032675504684448,-0.7640028424815548
BH_s29_low,32,184,38.13333333333333,1.0575945377349854,-0.9835405011124072
BH_s29_low,32,185,38.166666666666664,0.5119215846061707,-1.106491776430668
BH_s29_low,32,186,38.2,0.04517640545964241,-1.1117878521157925
BH_s29_low,32,187,38.233333333333334,-0.11306494474411011,-0.9820333650154895
BH_s29_low,32,188,38.266666666666666,-0.1897188276052475,-0.7137314911140508
BH_s29_low,32,189,38.3,-0.1166687086224556,-0.32695105086755355
BH_s29_low,32,190,38.333333333333336,-0.19559654593467712,0.13091576386972545
BH_s29_low,32,191,38.36666666666667,-0.34075266122817993,0.5906413899285298
BH_s29_low,32,192,38.4,-0.49633437395095825,0.9757054045549561
BH_s29_low,32,193,38.43333333333333,-0.7135964632034302,1.2216045584024826
BH_s29_low,32,194,38.46666666666667,-0.8864256739616394,1.2925756564486557
BH_s29_low,32,195,38.5,-1.1209352016448975,1.1888914810428597
BH_s29_low,32,196,38.53333333333333,-1.1667999029159546,0.9426259923627707
BH_s29_low,32,197,38.56666666666667,-0.7745367288589478,0.6052012657288087
BH_s29_low,32,198,38.6,0.027339251711964607,0.23233923939667878
BH_s29_low,32,199,38.63333333333333,1.1667219400405884,-0.12880050554553077
BH_s29_low,32,200,38.666666666666664,1.914887547492981,-0.44755086561023716
BH_s29_low,32,201,38.7,2.0498220920562744,-0.7116971170512865
BH_s29_low,32,202,38.733333333333334,1.7328828573226929,-0.9234518804508212
BH_s29_low,32,203,38.766666666666666,1.2271968126296997,-1.0907016893045687
BH_s29_low,32,204,38.8,0.7204646468162537,-1.2167574153007088
BH_s29_low,32,205,38.833333333333336,0.2537194788455963,-1.2929619532897936
BH_s29_low,32,206,38.86666666666667,0.00906797219067812,-1.2974016259612782
BH_s29_low,32,207,38.9,-0.03774087131023407,-1.2006507210320125
BH_s29_low,32,208,38.93333333333333,-0.03774087131023407,-0.9773944369637406
BH_s29_low,32,209,38.96666666666667,-0.06303801387548447,-0.6207403026437759
BH_s29_low,32,210,39.0,-0.21861973404884338,-0.1538890454909224
BH_s29_low,32,211,39.03333333333333,-0.3742014467716217,0.3668983784657669
BH_s29_low,32,212,39.06666666666667,-0.6087110042572021,0.8618138577289757
BH_s29_low,32,213,39.1,-0.7804940938949585,1.2480203497222768
BH_s29_low,32,214,39.13333333333333,-0.9988023042678833,1.4637287873918272
BH_s29_low,32,215,39.166666666666664,-1.1543840169906616,1.4858016129409881
BH_s29_low,32,216,39.2,-1.22165846824646,1.3339951065632412
BH_s29_low,32,217,39.233333333333334,-1.0353806018829346,1.0613320572639828
BH_s29_low,32,218,39.266666666666666,-0.24553494155406952,0.7355788728040834
BH_s29_low,32,219,39.3,0.8483687043190002,0.41931979938746555
BH_s29_low,32,220,39.333333333333336,1.7787340879440308,0.155460190679241
BH_s29_low,32,221,39.36666666666667,2.17024827003479,-0.038078743635512065
BH_s29_low,32,222,39.4,1.943983554840088,-0.16473777636055775
BH_s29_low,32,223,39.43333333333333,1.481502652168274,-0.2402680264623045
BH_s29_low,32,224,39.46666666666667,0.9358295798301697,-0.2829537373597011
BH_s29_low,32,225,39.5,0.3901565670967102,-0.30689066374733676
BH_s29_low,32,226,39.53333333333333,0.06790704280138016,-0.3198286700793109
BH_s29_low,32,227,39.56666666666667,-0.03774087131023407,-0.32464243174987717
BH_s29_low,32,228,39.6,-0.03774087131023407,-0.32203416318543737
BH_s29_low,32,229,39.63333333333333,-0.03774087131023407,-0.3123501300786997
BH_s29_low,32,230,39.666666666666664,-0.17314070463180542,-0.29606487302568674
BH_s29_low,32,231,39.7,-0.32872241735458374,-0.2738132882692566
BH_s29_low,32,232,39.733333333333334,-0.5632320046424866,-0.24660340312580797
BH_s29_low,32,233,39.766666666666666,-0.7977415323257446,-0.21597844976257363
BH_s29_low,32,234,39.8,-1.000699520111084,-0.18378091676666622
BH_s29_low,32,235,39.833333333333336,-1.1878328323364258,-0.15165149124861
BH_s29_low,32,236,39.86666666666667,-1.3005863428115845,-0.1206863282811116
BH_s29_low,32,237,39.9,-1.4200685024261475,-0.09151376658296431
BH_s29_low,32,238,39.93333333333333,-1.4201616048812866,-0.0646449519631447
BH_s29_low,32,239,39.96666666666667,-0.926692008972168,-0.04072931541666275
BH_s29_low,33,0,33.0,-0.11313142627477646,0.13063831296343942
BH_s29_low,33,1,33.03333333333333,-0.46780139207839966,-0.17522614291241728
BH_s29_low,33,2,33.06666666666667,-0.590235710144043,-0.45045443080370556
BH_s29_low,33,3,33.1,-0.5593622922897339,-0.6596420636722024
BH_s29_low,33,4,33.13333333333333,-0.5399073958396912,-0.7656225636663828
BH_s29_low,33,5,33.166666666666664,-0.616561233997345,-0.7370401142829398
BH_s29_low,33,6,33.2,-0.7721430063247681,-0.5603045299908123
BH_s29_low,33,7,33.233333333333334,-0.9495023488998413,-0.25077980750429435
BH_s29_low,33,8,33.266666666666666,-1.1622343063354492,0.143150787808925
BH_s29_low,33,9,33.3,-1.3967437744140625,0.5474818313410591
BH_s29_low,33,10,33.333333333333336,-1.5523256063461304,0.8806338800963808
BH_s29_low,33,11,33.36666666666667,-1.695225477218628,1.0757372826904008
BH_s29_low,33,12,33.4,-1.4957383871078491,1.098059891068088
BH_s29_low,33,13,33.43333333333333,-0.6830201745033264,0.9506148687382007
BH_s29_low,33,14,33.46666666666667,0.4768458306789398,0.6670353074116564
BH_s29_low,33,15,33.5,1.3937182426452637,0.29680513435136063
BH_s29_low,33,16,33.53333333333333,1.697359561920166,-0.10977213388420942
BH_s29_low,33,17,33.56666666666667,1.3858458995819092,-0.511027465071899
BH_s29_low,33,18,33.6,0.9191007614135742,-0.8755077175115151
BH_s29_low,33,19,33.63333333333333,0.30000969767570496,-1.177335893922253
BH_s29_low,33,20,33.666666666666664,-0.180029034614563,-1.3899621422258035
BH_s29_low,33,21,33.7,-0.491192489862442,-1.4835196997686524
BH_s29_low,33,22,33.733333333333334,-0.590235710144043,-1.428829934542398
BH_s29_low,33,23,33.766666666666666,-0.5259135365486145,-1.2073948803860726
BH_s29_low,33,24,33.8,-0.5113078951835632,-0.8233224169150091
BH_s29_low,33,25,33.833333333333336,-0.590235710144043,-0.31131551598475
BH_s29_low,33,26,33.86666666666667,-0.7266639471054077,0.2645181061376571
BH_s29_low,33,27,33.9,-0.9611735343933105,0.822557562253925
BH_s29_low,33,28,33.93333333333333,-1.1697076559066772,1.2822132096456618
BH_s29_low,33,29,33.96666666666667,-1.3512648344039917,1.5818523202442518
BH_s29_low,33,30,34.0,-1.50684654712677,1.6905693088333054
BH_s29_low,33,31,34.03333333333333,-1.6624282598495483,1.6120320970816429
BH_s29_low,33,32,34.06666666666667,-1.6513688564300537,1.3806970267965357
BH_s29_low,33,33,34.1,-1.0510900020599365,1.0513959241781485
BH_s29_low,33,34,34.13333333333333,0.0006369402981363237,0.6845026773785872
BH_s29_low,33,35,34.166666666666664,1.0945671796798706,0.33064775725412743
BH_s29_low,33,36,34.2,1.6545045375823975,0.019982970995448802
BH_s29_low,33,37,34.233333333333334,1.5547698736190796,-0.2402302101426226
BH_s29_low,33,38,34.266666666666666,1.1042526960372925,-0.4595781321799561
BH_s29_low,33,39,34.3,0.4819258153438568,-0.6535303075102686
BH_s29_low,33,40,34.333333333333336,-0.08907097578048706,-0.8323556355532438
BH_s29_low,33,41,34.36666666666667,-0.37684333324432373,-0.9937048876844992
BH_s29_low,33,42,34.4,-0.4323800504207611,-1.1207234986740082
BH_s29_low,33,43,34.43333333333333,-0.4135368764400482,-1.1857461017052222
BH_s29_low,33,44,34.46666666666667,-0.35345223546028137,-1.1583373919406537
BH_s29_low,33,45,34.5,-0.3677475154399872,-1.0155953360346939
BH_s29_low,33,46,34.53333333333333,-0.5233292579650879,-0.7520111122973911
BH_s29_low,33,47,34.56666666666667,-0.6789109706878662,-0.3858451784153024
BH_s29_low,33,48,34.6,-0.8419661521911621,0.04065284279917662
BH_s29_low,33,49,34.63333333333333,-1.0690022706985474,0.468154569332154
BH_s29_low,33,50,34.666666666666664,-1.2245839834213257,0.8324782414659292
BH_s29_low,33,51,34.7,-1.3795140981674194,1.0783035239332959
BH_s29_low,33,52,34.733333333333334,-1.2249032258987427,1.1706620532424823
BH_s29_low,33,53,34.766666666666666,-0.5346857905387878,1.1015700044203474
BH_s29_low,33,54,34.8,0.5443196892738342,0.8899665084033659
BH_s29_low,33,55,34.833333333333336,1.4985947608947754,0.574622425552041
BH_s29_low,33,56,34.86666666666667,1.9247368574142456,0.2025882741765943
BH_s29_low,33,57,34.9,1.6587201356887817,-0.18197871025299925
BH_s29_low,33,58,34.93333333333333,1.1919748783111572,-0.5442651609218708
BH_s29_low,33,59,34.96666666666667,0.5849140882492065,-0.8589154850012067
BH_s29_low,33,60,35.0,0.021701065823435783,-1.1053296053422774
BH_s29_low,33,61,35.03333333333333,-0.25243645906448364,-1.2619021737088232
BH_s29_low,33,62,35.06666666666667,-0.35345223546028137,-1.3035365857808376
BH_s29_low,33,63,35.1,-0.30116021633148193,-1.2052868053508086
BH_s29_low,33,64,35.13333333333333,-0.27452439069747925,-0.9518734432114708
BH_s29_low,33,65,35.166666666666664,-0.35345223546028137,-0.5495905538156746
BH_s29_low,33,66,35.2,-0.5233203768730164,-0.03525089763670768
BH_s29_low,33,67,35.233333333333334,-0.7123597860336304,0.523294575295032
BH_s29_low,33,68,35.266666666666666,-0.9088637232780457,1.0385985689700674
BH_s29_low,33,69,35.3,-1.1024510860443115,1.4255833456364326
BH_s29_low,33,70,35.333333333333336,-1.3369606733322144,1.6258334227795246
BH_s29_low,33,71,35.36666666666667,-1.3113133907318115,1.6230972859194361
BH_s29_low,33,72,35.4,-0.7149884700775146,1.4434989298608685
BH_s29_low,33,73,35.43333333333333,0.27760687470436096,1.1421787894906947
BH_s29_low,33,74,35.46666666666667,1.3887757062911987,0.7837240183810592
BH_s29_low,33,75,35.5,1.9604597091674805,0.42457579846187843
BH_s29_low,33,76,35.53333333333333,1.8899937868118286,0.10270194922526833
BH_s29_low,33,77,35.56666666666667,1.4794458150863647,-0.16425211781125704
BH_s29_low,33,78,35.6,0.9337728023529053,-0.3741280653761078
BH_s29_low,33,79,35.63333333333333,0.3880998194217682,-0.5319930309755873
BH_s29_low,33,80,35.666666666666664,-0.051375702023506165,-0.6420861888618307
BH_s29_low,33,81,35.7,-0.19559654593467712,-0.7031139220717982
BH_s29_low,33,82,35.733333333333334,-0.19559654593467712,-0.708668346977667
BH_s29_low,33,83,35.766666666666666,-0.19559654593467712,-0.6523269442856344
BH_s29_low,33,84,35.8,-0.27452439069747925,-0.5345665469591374
BH_s29_low,33,85,35.833333333333336,-0.3557173013687134,-0.36762732816786664
BH_s29_low,33,86,35.86666666666667,-0.5902179479598999,-0.1758042743068709
BH_s29_low,33,87,35.9,-0.7458086013793945,0.008974031433354818
BH_s29_low,33,88,35.93333333333333,-0.9803181290626526,0.15466006620301487
BH_s29_low,33,89,35.96666666666667,-1.2079969644546509,0.23704600452136493
BH_s29_low,33,90,36.0,-1.3005863428115845,0.2450427933142751
BH_s29_low,33,91,36.03333333333333,-0.8725337982177734,0.18112839291735144
BH_s29_low,33,92,36.06666666666667,-0.040728576481342316,0.057456300358245546
BH_s29_low,33,93,36.1,1.1136187314987183,-0.10955541622158872
BH_s29_low,33,94,36.13333333333333,1.801925778388977,-0.3031922260333132
BH_s29_low,33,95,36.166666666666664,1.935455083847046,-0.5075222933039993
BH_s29_low,33,96,36.2,1.5301332473754883,-0.705828496080273
BH_s29_low,33,97,36.233333333333334,1.0094826221466064,-0.8778176628720137
BH_s29_low,33,98,36.266666666666666,0.4660835266113281,-0.9976261929295168
BH_s29_low,33,99,36.3,0.02139963023364544,-1.0346829027837292
BH_s29_low,33,100,36.333333333333336,-0.16375234723091125,-0.9588686749147923
BH_s29_low,33,101,36.36666666666667,-0.27452439069747925,-0.7497546334453791
BH_s29_low,33,102,36.4,-0.27452439069747925,-0.40721824166525555
BH_s29_low,33,103,36.43333333333333,-0.3147861659526825,0.041121331406875045
BH_s29_low,33,104,36.46666666666667,-0.4703678786754608,0.5399583377790235
BH_s29_low,33,105,36.5,-0.6259496212005615,1.0155823370222117
BH_s29_low,33,106,36.53333333333333,-0.8149712681770325,1.3922866513437726
BH_s29_low,33,107,36.56666666666667,-1.0472068786621094,1.6106399285197124
BH_s29_low,33,108,36.6,-1.2505505084991455,1.6414779760080056
BH_s29_low,33,109,36.63333333333333,-1.458441972732544,1.4910542012780243
BH_s29_low,33,110,36.666666666666664,-1.2275539636611938,1.1960193392553393
BH_s29_low,33,111,36.7,-0.4578147232532501,0.8106754311347727
BH_s29_low,33,112,36.733333333333334,0.5743996500968933,0.39188909656267695
BH_s29_low,33,113,36.766666666666666,1.5144548416137695,-0.012376800516353337
BH_s29_low,33,114,36.8,1.7775994539260864,-0.3673107207187996
BH_s29_low,33,115,36.833333333333336,1.5808206796646118,-0.6486825139927362
BH_s29_low,33,116,36.86666666666667,1.0351476669311523,-0.8373520058281428
BH_s29_low,33,117,36.9,0.4894746243953705,-0.9159349426912654
BH_s29_low,33,118,36.93333333333333,0.028881950303912163,-0.8709538743245753
BH_s29_low,33,119,36.96666666666667,-0.19947510957717896,-0.7001053494813868
BH_s29_low,33,120,37.0,-0.27452439069747925,-0.4206262085200018
BH_s29_low,33,121,37.03333333333333,-0.27452439069747925,-0.0732094885707042
BH_s29_low,33,122,37.06666666666667,-0.27452439069747925,0.28244668505335163
BH_s29_low,33,123,37.1,-0.34823498129844666,0.5803389134839891
BH_s29_low,33,124,37.13333333333333,-0.5038167238235474,0.7647149563420821
BH_s29_low,33,125,37.166666666666664,-0.6593984365463257,0.8042554899942287
BH_s29_low,33,126,37.2,-0.8939079642295837,0.6992690975085207
BH_s29_low,33,127,37.233333333333334,-1.0494897365570068,0.4801816689737231
BH_s29_low,33,128,37.266666666666666,-1.22165846824646,0.19763378446975333
BH_s29_low,33,129,37.3,-1.1015247106552124,-0.09333747562328966
BH_s29_low,33,130,37.333333333333336,-0.40133386850357056,-0.34952026856139456
BH_s29_low,33,131,37.36666666666667,0.5876754522323608,-0.5494949033472873
BH_s29_low,33,132,37.4,1.5170124769210815,-0.6937291154318848
BH_s29_low,33,133,37.43333333333333,1.7775994539260864,-0.7963058613751739
BH_s29_low,33,134,37.46666666666667,1.5525802373886108,-0.8733323913752646
BH_s29_low,33,135,37.5,1.0394119024276733,-0.9332923342091898
BH_s29_low,33,136,37.53333333333333,0.496012806892395,-0.9721315888047412
BH_s29_low,33,137,37.56666666666667,0.036364272236824036,-0.9733594147359957
BH_s29_low,33,138,37.6,-0.15627002716064453,-0.9127212574446764
BH_s29_low,33,139,37.63333333333333,-0.19559654593467712,-0.7666938574591097
BH_s29_low,33,140,37.666666666666664,-0.16054314374923706,-0.5225716347119909
BH_s29_low,33,141,37.7,-0.14944817125797272,-0.186469107691519
BH_s29_low,33,142,37.733333333333334,-0.2261020541191101,0.2140208396660949
BH_s29_low,33,143,37.766666666666666,-0.3816837966442108,0.6336041654338139
BH_s29_low,33,144,37.8,-0.6161933541297913,1.0179994006082869
BH_s29_low,33,145,37.833333333333336,-0.7954587340354919,1.3144822332941921
BH_s29_low,33,146,37.86666666666667,-1.0062845945358276,1.4812358322179733
BH_s29_low,33,147,37.9,-1.123594880104065,1.4937413582738115
BH_s29_low,33,148,37.93333333333333,-0.7427102327346802,1.3478073426309378
BH_s29_low,33,149,37.96666666666667,0.06437405943870544,1.0594737505725653
BH_s29_low,33,150,38.0,1.1411322355270386,0.6619787777108347
BH_s29_low,33,151,38.03333333333333,1.7976793050765991,0.2003987927094243
BH_s29_low,33,152,38.06666666666667,1.9199230670928955,-0.2741559091896353
BH_s29_low,33,153,38.1,1.6032675504684448,-0.7087056690100892
BH_s29_low,33,154,38.13333333333333,1.0575945377349854,-1.0509800138211347
BH_s29_low,33,155,38.166666666666664,0.5119215846061707,-1.2528270770687397
BH_s29_low,33,156,38.2,0.04517640545964241,-1.2768505616201686
BH_s29_low,33,157,38.233333333333334,-0.11306494474411011,-1.1062845303895263
BH_s29_low,33,158,38.266666666666666,-0.1897188276052475,-0.7550111160729959
BH_s29_low,33,159,38.3,-0.1166687086224556,-0.2724712962591602
BH_s29_low,33,160,38.333333333333336,-0.19559654593467712,0.2615166467746803
BH_s29_low,33,161,38.36666666666667,-0.34075266122817993,0.7532923628134918
BH_s29_low,33,162,38.4,-0.49633437395095825,1.1184494221475296
BH_s29_low,33,163,38.43333333333333,-0.7135964632034302,1.3025812316994605
BH_s29_low,33,164,38.46666666666667,-0.8864256739616394,1.2919240312289721
BH_s29_low,33,165,38.5,-1.1209352016448975,1.1111917816684405
BH_s29_low,33,166,38.53333333333333,-1.1667999029159546,0.811244831055396
BH_s29_low,33,167,38.56666666666667,-0.7745367288589478,0.45233697285419094
BH_s29_low,33,168,38.6,0.027339251711964607,0.08874362177919272
BH_s29_low,33,169,38.63333333333333,1.1667219400405884,-0.24145394764337488
BH_s29_low,33,170,38.666666666666664,1.914887547492981,-0.520136679879251
BH_s29_low,33,171,38.7,2.0498220920562744,-0.7470129855040735
BH_s29_low,33,172,38.733333333333334,1.7328828573226929,-0.9330468951302405
BH_s29_low,33,173,38.766666666666666,1.2271968126296997,-1.09140706273153
BH_s29_low,33,174,38.8,0.7204646468162537,-1.2283527217908452
BH_s29_low,33,175,38.833333333333336,0.2537194788455963,-1.336450823704489
BH_s29_low,33,176,38.86666666666667,0.00906797219067812,-1.3918298977567825
BH_s29_low,33,177,38.9,-0.03774087131023407,-1.3569172601846893
BH_s29_low,33,178,38.93333333333333,-0.03774087131023407,-1.1903971753896219
BH_s29_low,33,179,38.96666666666667,-0.06303801387548447,-0.8643340972122222
BH_s29_low,33,180,39.0,-0.21861973404884338,-0.3833336062118253
BH_s29_low,33,181,39.03333333333333,-0.3742014467716217,0.20383609795029767
BH_s29_low,33,182,39.06666666666667,-0.6087110042572021,0.8088066148379809
BH_s29_low,33,183,39.1,-0.7804940938949585,1.3258421710593484
BH_s29_low,33,184,39.13333333333333,-0.9988023042678833,1.663441263572294
BH_s29_low,33,185,39.166666666666664,-1.1543840169906616,1.7714682967310724
BH_s29_low,33,186,39.2,-1.22165846824646,1.6529551498473973
BH_s29_low,33,187,39.233333333333334,-1.0353806018829346,1.3578625777926827
BH_s29_low,33,188,39.266666666666666,-0.24553494155406952,0.9634853120818805
BH_s29_low,33,189,39.3,0.8483687043190002,0.5501236928484886
BH_s29_low,33,190,39.333333333333336,1.7787340879440308,0.18085708266541783
BH_s29_low,33,191,39.36666666666667,2.17024827003479,-0.10881429474229394
BH_s29_low,33,192,39.4,1.943983554840088,-0.3105971409511377
BH_s29_low,33,193,39.43333333333333,1.481502652168274,-0.43560275955530264
BH_s29_low,33,194,39.46666666666667,0.9358295798301697,-0.5039123769299334
BH_s29_low,33,195,39.5,0.3901565670967102,-0.5353863105430237
BH_s29_low,33,196,39.53333333333333,0.06790704280138016,-0.5436528333072655
BH_s29_low,33,197,39.56666666666667,-0.03774087131023407,-0.5334534960156694
BH_s29_low,33,198,39.6,-0.03774087131023407,-0.5006604371716683
BH_s29_low,33,199,39.63333333333333,-0.03774087131023407,-0.4345156649427678
BH_s29_low,33,200,39.666666666666664,-0.17314070463180542,-0.3223433466278122
BH_s29_low,33,201,39.7,-0.32872241735458374,-0.15671319942557396
BH_s29_low,33,202,39.733333333333334,-0.5632320046424866,0.05680277613645579
BH_s29_low,33,203,39.766666666666666,-0.7977415323257446,0.2949611653870384
BH_s29_low,33,204,39.8,-1.000699520111084,0.5187801524005038
BH_s29_low,33,205,39.833333333333336,-1.1878328323364258,0.6830416310416373
BH_s29_low,33,206,39.86666666666667,-1.3005863428115845,0.7505408282065603
BH_s29_low,33,207,39.9,-1.4200685024261475,0.7053000707553381
BH_s29_low,33,208,39.93333333333333,-1.4201616048812866,0.5586536735312341
BH_s29_low,33,209,39.96666666666667,-0.926692008972168,0.3448956547558579
BH_s29_low,33,210,40.0,0.04053080826997757,0.10793690139128607
BH_s29_low,33,211,40.03333333333333,1.2085306644439697,-0.11524779247882769
BH_s29_low,33,212,40.06666666666667,1.9938242435455322,-0.30699599318196574
BH_s29_low,33,213,40.1,2.039489507675171,-0.47175504909379934
BH_s29_low,33,214,40.13333333333333,1.7036893367767334,-0.6284856383500971
BH_s29_low,33,215,40.166666666666664,1.158016324043274,-0.7963724692152604
BH_s29_low,33,216,40.2,0.6123433709144592,-0.9797877569244183
BH_s29_low,33,217,40.233333333333334,0.16341300308704376,-1.1586095208298963
BH_s29_low,33,218,40.266666666666666,-0.053281739354133606,-1.2887802023692383
BH_s29_low,33,219,40.3,-0.1166687086224556,-1.3147582487588405
BH_s29_low,33,220,40.333333333333336,-0.1166687086224556,-1.1903171346968526
BH_s29_low,33,221,40.36666666666667,-0.12538772821426392,-0.8996429808576114
BH_s29_low,33,222,40.4,-0.28096944093704224,-0.46974759715206016
BH_s29_low,33,223,40.43333333333333,-0.4407222867012024,0.03166197317722362
BH_s29_low,33,224,40.46666666666667,-0.6729578971862793,0.5130272137424164
BH_s29_low,33,225,40.5,-0.9055703282356262,0.8848962790989919
BH_s29_low,33,226,40.53333333333333,-1.0611519813537598,1.0859038476313558
BH_s29_low,33,227,40.56666666666667,-1.216733694076538,1.0996400610996906
BH_s29_low,33,228,40.6,-1.372315526008606,0.9566089847606664
BH_s29_low,33,229,40.63333333333333,-1.458441972732544,0.7210255012839699
BH_s29_low,33,230,40.666666666666664,-1.3912606239318848,0.46794014713885973
BH_s29_low,33,231,40.7,-0.6743587851524353,0.2596379084886118
BH_s29_low,33,232,40.733333333333334,0.3380594253540039,0.12981572464463778
BH_s29_low,33,233,40.766666666666666,1.4294054508209229,0.0800730428011215
BH_s29_low,33,234,40.8,1.9146127700805664,0.08774359229044794
BH_s29_low,33,235,40.833333333333336,1.8238320350646973,0.11985944196568554
BH_s29_low,33,236,40.86666666666667,1.3266656398773193,0.14696846232621022
BH_s29_low,33,237,40.9,0.7043386697769165,0.15224401316761776
BH_s29_low,33,238,40.93333333333333,0.20992930233478546,0.13421409684456365
BH_s29_low,33,239,40.96666666666667,-0.03774087131023407,0.10402142652909158
BH_s29_low,34,0,34.0,-1.50684654712677,-0.005547831225879868
BH_s29_low,34,1,34.03333333333333,-1.6624282598495483,0.15863173597802813
BH_s29_low,34,2,34.06666666666667,-1.6513688564300537,0.2754718230316961
BH_s29_low,34,3,34.1,-1.0510900020599365,0.3086253603380218
BH_s29_low,34,4,34.13333333333333,0.0006369402981363237,0.24270615040500332
BH_s29_low,34,5,34.166666666666664,1.0945671796798706,0.08475216519961305
BH_s29_low,34,6,34.2,1.6545045375823975,-0.14045018708564191
BH_s29_low,34,7,34.233333333333334,1.5547698736190796,-0.3978278749063666
BH_s29_low,34,8,34.266666666666666,1.1042526960372925,-0.6491456958494362
BH_s29_low,34,9,34.3,0.4819258153438568,-0.8584555151590603
BH_s29_low,34,10,34.333333333333336,-0.08907097578048706,-0.9956963981268236
BH_s29_low,34,11,34.36666666666667,-0.37684333324432373,-1.0386922838242452
BH_s29_low,34,12,34.4,-0.4323800504207611,-0.9742197551667238
BH_s29_low,34,13,34.43333333333333,-0.4135368764400482,-0.7992959624748616
BH_s29_low,34,14,34.46666666666667,-0.35345223546028137,-0.5237656444259354
BH_s29_low,34,15,34.5,-0.3677475154399872,-0.17379463238588438
BH_s29_low,34,16,34.53333333333333,-0.5233292579650879,0.20662724414880954
BH_s29_low,34,17,34.56666666666667,-0.6789109706878662,0.560048611117806
BH_s29_low,34,18,34.6,-0.8419661521911621,0.8271663228020276
BH_s29_low,34,19,34.63333333333333,-1.0690022706985474,0.9624250518011893
BH_s29_low,34,20,34.666666666666664,-1.2245839834213257,0.946788641909618
BH_s29_low,34,21,34.7,-1.3795140981674194,0.791362188257441
BH_s29_low,34,22,34.733333333333334,-1.2249032258987427,0.5304821382379987
BH_s29_low,34,23,34.766666666666666,-0.5346857905387878,0.2086365085460317
BH_s29_low,34,24,34.8,0.5443196892738342,-0.13195915165960098
BH_s29_low,34,25,34.833333333333336,1.4985947608947754,-0.457947216508375
BH_s29_low,34,26,34.86666666666667,1.9247368574142456,-0.7444225162152736
BH_s29_low,34,27,34.9,1.6587201356887817,-0.9701518636488147
BH_s29_low,34,28,34.93333333333333,1.1919748783111572,-1.1126263725616388
BH_s29_low,34,29,34.96666666666667,0.5849140882492065,-1.146688603994038
BH_s29_low,34,30,35.0,0.021701065823435783,-1.048841832778399
BH_s29_low,34,31,35.03333333333333,-0.25243645906448364,-0.8067623077329698
BH_s29_low,34,32,35.06666666666667,-0.35345223546028137,-0.43038312112265203
BH_s29_low,34,33,35.1,-0.30116021633148193,0.041388351372560916
BH_s29_low,34,34,35.13333333333333,-0.27452439069747925,0.5438947589613774
BH_s29_low,34,35,35.166666666666664,-0.35345223546028137,1.0011384524802023
BH_s29_low,34,36,35.2,-0.5233203768730164,1.3458395497589977
BH_s29_low,34,37,35.233333333333334,-0.7123597860336304,1.5359497810092615
BH_s29_low,34,38,35.266666666666666,-0.9088637232780457,1.561491271109358
BH_s29_low,34,39,35.3,-1.1024510860443115,1.4416450850912668
BH_s29_low,34,40,35.333333333333336,-1.3369606733322144,1.2156315052957665
BH_s29_low,34,41,35.36666666666667,-1.3113133907318115,0.9311354206127845
BH_s29_low,34,42,35.4,-0.7149884700775146,0.6327726993384724
BH_s29_low,34,43,35.43333333333333,0.27760687470436096,0.3524736583742936
BH_s29_low,34,44,35.46666666666667,1.3887757062911987,0.10421879941279326
BH_s29_low,34,45,35.5,1.9604597091674805,-0.1146823360749915
BH_s29_low,34,46,35.53333333333333,1.8899937868118286,-0.31612765994722397
BH_s29_low,34,47,35.56666666666667,1.4794458150863647,-0.5109634015483905
BH_s29_low,34,48,35.6,0.9337728023529053,-0.7003165498604685
BH_s29_low,34,49,35.63333333333333,0.3880998194217682,-0.8716215438472482
BH_s29_low,34,50,35.666666666666664,-0.051375702023506165,-1.0001465631852158
BH_s29_low,34,51,35.7,-0.19559654593467712,-1.0550121759245157
BH_s29_low,34,52,35.733333333333334,-0.19559654593467712,-1.0080833250618464
BH_s29_low,34,53,35.766666666666666,-0.19559654593467712,-0.843998949841208
BH_s29_low,34,54,35.8,-0.27452439069747925,-0.5690836071153403
BH_s29_low,34,55,35.833333333333336,-0.3557173013687134,-0.2161430763681013
BH_s29_low,34,56,35.86666666666667,-0.5902179479598999,0.15788534125771927
BH_s29_low,34,57,35.9,-0.7458086013793945,0.4828054037716197
BH_s29_low,34,58,35.93333333333333,-0.9803181290626526,0.6925432503970036
BH_s29_low,34,59,35.96666666666667,-1.2079969644546509,0.7434048357455569
BH_s29_low,34,60,36.0,-1.3005863428115845,0.6259940894319919
BH_s29_low,34,61,36.03333333333333,-0.8725337982177734,0.3658347603954732
BH_s29_low,34,62,36.06666666666667,-0.040728576481342316,0.013333833420723078
BH_s29_low,34,63,36.1,1.1136187314987183,-0.3712181010154362
BH_s29_low,34,64,36.13333333333333,1.801925778388977,-0.7309357710534378
BH_s29_low,34,65,36.166666666666664,1.935455083847046,-1.0199706330821074
BH_s29_low,34,66,36.2,1.5301332473754883,-1.2054017688402787
BH_s29_low,34,67,36.233333333333334,1.0094826221466064,-1.2660112675669426
BH_s29_low,34,68,36.266666666666666,0.4660835266113281,-1.1910624150133289
BH_s29_low,34,69,36.3,0.02139963023364544,-0.9810724415301969
BH_s29_low,34,70,36.333333333333336,-0.16375234723091125,-0.6507984633620536
BH_s29_low,34,71,36.36666666666667,-0.27452439069747925,-0.23229117460575646
BH_s29_low,34,72,36.4,-0.27452439069747925,0.22619567338931157
BH_s29_low,34,73,36.43333333333333,-0.3147861659526825,0.6683290518155193
BH_s29_low,34,74,36.46666666666667,-0.4703678786754608,1.04234371989478
BH_s29_low,34,75,36.5,-0.6259496212005615,1.311646758624419
BH_s29_low,34,76,36.53333333333333,-0.8149712681770325,1.4587508828782403
BH_s29_low,34,77,36.56666666666667,-1.0472068786621094,1.4830988390294875
BH_s29_low,34,78,36.6,-1.2505505084991455,1.3965568843449094
BH_s29_low,34,79,36.63333333333333,-1.458441972732544,1.2197373679535493
BH_s29_low,34,80,36.666666666666664,-1.2275539636611938,0.9793395508668084
BH_s29_low,34,81,36.7,-0.4578147232532501,0.7048033711075006
BH_s29_low,34,82,36.733333333333334,0.5743996500968933,0.4237558214997356
BH_s29_low,34,83,36.766666666666666,1.5144548416137695,0.15784264392417793
BH_s29_low,34,84,36.8,1.7775994539260864,-0.07918521602975925
BH_s29_low,34,85,36.833333333333336,1.5808206796646118,-0.2804285005758238
BH_s29_low,34,86,36.86666666666667,1.0351476669311523,-0.44231295457659237
BH_s29_low,34,87,36.9,0.4894746243953705,-0.5602599611993011
BH_s29_low,34,88,36.93333333333333,0.028881950303912163,-0.6264078148560074
BH_s29_low,34,89,36.96666666666667,-0.19947510957717896,-0.6317042366567052
BH_s29_low,34,90,37.0,-0.27452439069747925,-0.5717207081350006
BH_s29_low,34,91,37.03333333333333,-0.27452439069747925,-0.4525679620602376
BH_s29_low,34,92,37.06666666666667,-0.27452439069747925,-0.29303259703249757
BH_s29_low,34,93,37.1,-0.34823498129844666,-0.12145602883988996
BH_s29_low,34,94,37.13333333333333,-0.5038167238235474,0.031014376856768295
BH_s29_low,34,95,37.166666666666664,-0.6593984365463257,0.13763240731525916
BH_s29_low,34,96,37.2,-0.8939079642295837,0.1814255199842996
BH_s29_low,34,97,37.233333333333334,-1.0494897365570068,0.1579882170117675
BH_s29_low,34,98,37.266666666666666,-1.22165846824646,0.07540009354071717
BH_s29_low,34,99,37.3,-1.1015247106552124,-0.04897749046090618
BH_s29_low,34,100,37.333333333333336,-0.40133386850357056,-0.19416993649086145
BH_s29_low,34,101,37.36666666666667,0.5876754522323608,-0.34168978795363547
BH_s29_low,34,102,37.4,1.5170124769210815,-0.4793952203786266
BH_s29_low,34,103,37.43333333333333,1.7775994539260864,-0.6013856389979148
BH_s29_low,34,104,37.46666666666667,1.5525802373886108,-0.704496457987925
BH_s29_low,34,105,37.5,1.0394119024276733,-0.783839063384892
BH_s29_low,34,106,37.53333333333333,0.496012806892395,-0.8298989571845781
BH_s29_low,34,107,37.56666666666667,0.036364272236824036,-0.8285054723679397
BH_s29_low,34,108,37.6,-0.15627002716064453,-0.7637400682052491
BH_s29_low,34,109,37.63333333333333,-0.19559654593467712,-0.622934763153092
BH_s29_low,34,110,37.666666666666664,-0.16054314374923706,-0.40223329106544164
BH_s29_low,34,111,37.7,-0.14944817125797272,-0.11076471440847702
BH_s29_low,34,112,37.733333333333334,-0.2261020541191101,0.22843229721445668
BH_s29_low,34,113,37.766666666666666,-0.3816837966442108,0.5815432933295879
BH_s29_low,34,114,37.8,-0.6161933541297913,0.9101136271001992
BH_s29_low,34,115,37.833333333333336,-0.7954587340354919,1.1778011966541437
BH_s29_low,34,116,37.86666666666667,-1.0062845945358276,1.3556300304280788
BH_s29_low,34,117,37.9,-1.123594880104065,1.4248705646786008
BH_s29_low,34,118,37.93333333333333,-0.7427102327346802,1.377747437228825
BH_s29_low,34,119,37.96666666666667,0.06437405943870544,1.2167514643227453
BH_s29_low,34,120,38.0,1.1411322355270386,0.9535169063093913
BH_s29_low,34,121,38.03333333333333,1.7976793050765991,0.6080140767718608
BH_s29_low,34,122,38.06666666666667,1.9199230670928955,0.20826149475297442
BH_s29_low,34,123,38.1,1.6032675504684448,-0.2098067206737836
BH_s29_low,34,124,38.13333333333333,1.0575945377349854,-0.6030470025710666
BH_s29_low,34,125,38.166666666666664,0.5119215846061707,-0.9234224300382177
BH_s29_low,34,126,38.2,0.04517640545964241,-1.1231751394473501
BH_s29_low,34,127,38.233333333333334,-0.11306494474411011,-1.1635311915534456
BH_s29_low,34,128,38.266666666666666,-0.1897188276052475,-1.0258371427448887
BH_s29_low,34,129,38.3,-0.1166687086224556,-0.7217199240036599
BH_s29_low,34,130,38.333333333333336,-0.19559654593467712,-0.29739870222325787
BH_s29_low,34,131,38.36666666666667,-0.34075266122817993,0.17199195532441441
BH_s29_low,34,132,38.4,-0.49633437395095825,0.5987937865815872
BH_s29_low,34,133,38.43333333333333,-0.7135964632034302,0.9055530981137198
BH_s29_low,34,134,38.46666666666667,-0.8864256739616394,1.0454433826134242
BH_s29_low,34,135,38.5,-1.1209352016448975,1.0117970312964704
BH_s29_low,34,136,38.53333333333333,-1.1667999029159546,0.8335925017044207
BH_s29_low,34,137,38.56666666666667,-0.7745367288589478,0.5605992785803564
BH_s29_low,34,138,38.6,0.027339251711964607,0.24548139971938732
BH_s29_low,34,139,38.63333333333333,1.1667219400405884,-0.07041464619296199
BH_s29_low,34,140,38.666666666666664,1.914887547492981,-0.3639116890836531
BH_s29_low,34,141,38.7,2.0498220920562744,-0.6291024020251171
BH_s29_low,34,142,38.733333333333334,1.7328828573226929,-0.8703919464575925
BH_s29_low,34,143,38.766666666666666,1.2271968126296997,-1.0923027697194898
BH_s29_low,34,144,38.8,0.7204646468162537,-1.2896535337281738
BH_s29_low,34,145,38.833333333333336,0.2537194788455963,-1.4417889913555824
BH_s29_low,34,146,38.86666666666667,0.00906797219067812,-1.5133979669327509
BH_s29_low,34,147,38.9,-0.03774087131023407,-1.4626173723423446
BH_s29_low,34,148,38.93333333333333,-0.03774087131023407,-1.2551436106771234
BH_s29_low,34,149,38.96666666666667,-0.06303801387548447,-0.8807064951618365
BH_s29_low,34,150,39.0,-0.21861973404884338,-0.3657611033391159
BH_s29_low,34,151,39.03333333333333,-0.3742014467716217,0.22452939202275826
BH_s29_low,34,152,39.06666666666667,-0.6087110042572021,0.7991169641093091
BH_s29_low,34,153,39.1,-0.7804940938949585,1.2661943083747336
BH_s29_low,34,154,39.13333333333333,-0.9988023042678833,1.5605993145356472
BH_s29_low,34,155,39.166666666666664,-1.1543840169906616,1.6609829811115013
BH_s29_low,34,156,39.2,-1.22165846824646,1.5898899943964782
BH_s29_low,34,157,39.233333333333334,-1.0353806018829346,1.399048454141976
BH_s29_low,34,158,39.266666666666666,-0.24553494155406952,1.148172062562987
BH_s29_low,34,159,39.3,0.8483687043190002,0.8863675919758163
BH_s29_low,34,160,39.333333333333336,1.7787340879440308,0.642126225855422
BH_s29_low,34,161,39.36666666666667,2.17024827003479,0.42318669244205503
BH_s29_low,34,162,39.4,1.943983554840088,0.22356354973937476
BH_s29_low,34,163,39.43333333333333,1.481502652168274,0.03310657533492292
BH_s29_low,34,164,39.46666666666667,0.9358295798301697,-0.15464705320151126
BH_s29_low,34,165,39.5,0.3901565670967102,-0.33855252919176804
BH_s29_low,34,166,39.53333333333333,0.06790704280138016,-0.5097258382780915
BH_s29_low,34,167,39.56666666666667,-0.03774087131023407,-0.6536438601106292
BH_s29_low,34,168,39.6,-0.03774087131023407,-0.7530278844879729
BH_s29_low,34,169,39.63333333333333,-0.03774087131023407,-0.7910291208751226
BH_s29_low,34,170,39.666666666666664,-0.17314070463180542,-0.754941906124753
BH_s29_low,34,171,39.7,-0.32872241735458374,-0.6404705609681395
BH_s29_low,34,172,39.733333333333334,-0.5632320046424866,-0.4556037540028839
BH_s29_low,34,173,39.766666666666666,-0.7977415323257446,-0.2223121933927362
BH_s29_low,34,174,39.8,-1.000699520111084,0.0255259611532913
BH_s29_low,34,175,39.833333333333336,-1.1878328323364258,0.24827107977750096
BH_s29_low,34,176,39.86666666666667,-1.3005863428115845,0.4092542410806747
BH_s29_low,34,177,39.9,-1.4200685024261475,0.48329939032856273
BH_s29_low,34,178,39.93333333333333,-1.4201616048812866,0.4621108374771997
BH_s29_low,34,179,39.96666666666667,-0.926692008972168,0.35459705668286484
BH_s29_low,34,180,40.0,0.04053080826997757,0.18194260534215
BH_s29_low,34,181,40.03333333333333,1.2085306644439697,-0.03048603350370634
BH_s29_low,34,182,40.06666666666667,1.9938242435455322,-0.26033522402601056
BH_s29_low,34,183,40.1,2.039489507675171,-0.49076347063788756
BH_s29_low,34,184,40.13333333333333,1.7036893367767334,-0.7076290486402772
BH_s29_low,34,185,40.166666666666664,1.158016324043274,-0.8942230547210184
BH_s29_low,34,186,40.2,0.6123433709144592,-1.0274228457844594
BH_s29_low,34,187,40.233333333333334,0.16341300308704376,-1.078006283235704
BH_s29_low,34,188,40.266666666666666,-0.053281739354133606,-1.0161079866212108
BH_s29_low,34,189,40.3,-0.1166687086224556,-0.8209299534309548
BH_s29_low,34,190,40.333333333333336,-0.1166687086224556,-0.4918552648611445
BH_s29_low,34,191,40.36666666666667,-0.12538772821426392,-0.05636225940142849
BH_s29_low,34,192,40.4,-0.28096944093704224,0.4303037229392118
BH_s29_low,34,193,40.43333333333333,-0.4407222867012024,0.8959393850594412
BH_s29_low,34,194,40.46666666666667,-0.6729578971862793,1.269163483188777
BH_s29_low,34,195,40.5,-0.9055703282356262,1.4967444084360895
BH_s29_low,34,196,40.53333333333333,-1.0611519813537598,1.5545471548737
BH_s29_low,34,197,40.56666666666667,-1.216733694076538,1.4501955905601678
BH_s29_low,34,198,40.6,-1.372315526008606,1.2179708204344248
BH_s29_low,34,199,40.63333333333333,-1.458441972732544,0.9074930523247647
BH_s29_low,34,200,40.666666666666664,-1.3912606239318848,0.5691122812855317
BH_s29_low,34,201,40.7,-0.6743587851524353,0.2405043491221844
BH_s29_low,34,202,40.733333333333334,0.3380594253540039,-0.06061994938321638
BH_s29_low,34,203,40.766666666666666,1.4294054508209229,-0.3347421186825951
BH_s29_low,34,204,40.8,1.9146127700805664,-0.5908341657229541
BH_s29_low,34,205,40.833333333333336,1.8238320350646973,-0.83358424388753
BH_s29_low,34,206,40.86666666666667,1.3266656398773193,-1.0534038691494223
BH_s29_low,34,207,40.9,0.7043386697769165,-1.2234684961029223
BH_s29_low,34,208,40.93333333333333,0.20992930233478546,-1.3052142407589054
BH_s29_low,34,209,40.96666666666667,-0.03774087131023407,-1.2606771890788966
BH_s29_low,34,210,41.0,-0.1166687086224556,-1.0675359608666763
BH_s29_low,34,211,41.03333333333333,-0.03774087131023407,-0.7313597238206868
BH_s29_low,34,212,41.06666666666667,-0.03774087131023407,-0.2899381373903125
BH_s29_low,34,213,41.1,-0.07536078989505768,0.19297141785148794
BH_s29_low,34,214,41.13333333333333,-0.26628848910331726,0.6430701287080418
BH_s29_low,34,215,41.166666666666664,-0.46545207500457764,0.9947221568614665
BH_s29_low,34,216,41.2,-0.6999616622924805,1.2066881101078322
BH_s29_low,34,217,41.233333333333334,-0.8555433750152588,1.2687157432818552
BH_s29_low,34,218,41.266666666666666,-1.011125087738037,1.1977761237867903
BH_s29_low,34,219,41.3,-1.1667068004608154,1.0271719455835047
BH_s29_low,34,220,41.333333333333336,-1.1782538890838623,0.7935842078749568
BH_s29_low,34,221,41.36666666666667,-0.6509498953819275,0.5266192421778682
BH_s29_low,34,222,41.4,0.31912311911582947,0.2439553455167235
BH_s29_low,34,223,41.43333333333333,1.3933148384094238,-0.046753852805044516
BH_s29_low,34,224,41.46666666666667,2.026989459991455,-0.34038801097299026
BH_s29_low,34,225,41.5,1.993717908859253,-0.6246557479446305
BH_s29_low,34,226,41.53333333333333,1.595568060874939,-0.872872533436425
BH_s29_low,34,227,41.56666666666667,1.0441105365753174,-1.043620378950119
BH_s29_low,34,228,41.6,0.5007114410400391,-1.0894674589239939
BH_s29_low,34,229,41.63333333333333,0.03995027393102646,-0.9732347049194117
BH_s29_low,34,230,41.666666666666664,-0.11563145369291306,-0.6863249220968064
BH_s29_low,34,231,41.7,-0.1166687086224556,-0.26103837594140655
BH_s29_low,34,232,41.733333333333334,-0.1166687086224556,0.23055810612326222
BH_s29_low,34,233,41.766666666666666,-0.18773743510246277,0.693263397382563
BH_s29_low,34,234,41.8,-0.26439133286476135,1.0345053658769745
BH_s29_low,34,235,41.833333333333336,-0.4989008903503418,1.1879337982564444
BH_s29_low,34,236,41.86666666666667,-0.7187294960021973,1.1265223714756927
BH_s29_low,34,237,41.9,-0.888992190361023,0.8638029373969182
BH_s29_low,34,238,41.93333333333333,-1.1235017776489258,0.4466384161098352
BH_s29_low,34,239,41.96666666666667,-1.279083490371704,-0.05584171526159516
BH_s29_low,35,0,35.0,0.021701065823435783,0.0508234659255079
BH_s29_low,35,1,35.03333333333333,-0.25243645906448364,0.1743172245498164
BH_s29_low,35,2,35.06666666666667,-0.35345223546028137,0.3125108978088479
BH_s29_low,35,3,35.1,-0.30116021633148193,0.4745696180240756
BH_s29_low,35,4,35.13333333333333,-0.27452439069747925,0.659647402899881
BH_s29_low,35,5,35.166666666666664,-0.35345223546028137,0.8544995815889386
BH_s29_low,35,6,35.2,-0.5233203768730164,1.0339860467234934
BH_s29_low,35,7,35.233333333333334,-0.7123597860336304,1.165440395733308
BH_s29_low,35,8,35.266666666666666,-0.9088637232780457,1.2167540639264907
BH_s29_low,35,9,35.3,-1.1024510860443115,1.1660823672577776
BH_s29_low,35,10,35.333333333333336,-1.3369606733322144,1.0094957420295863
BH_s29_low,35,11,35.36666666666667,-1.3113133907318115,0.7630692246424935
BH_s29_low,35,12,35.4,-0.7149884700775146,0.4582669297793917
BH_s29_low,35,13,35.43333333333333,0.27760687470436096,0.1326550068177342
BH_s29_low,35,14,35.46666666666667,1.3887757062911987,-0.17998004070529272
BH_s29_low,35,15,35.5,1.9604597091674805,-0.45616580572528015
BH_s29_low,35,16,35.53333333333333,1.8899937868118286,-0.6840530959528074
BH_s29_low,35,17,35.56666666666667,1.4794458150863647,-0.8601185975672135
BH_s29_low,35,18,35.6,0.9337728023529053,-0.9834003891356512
BH_s29_low,35,19,35.63333333333333,0.3880998194217682,-1.0498573788350798
BH_s29_low,35,20,35.666666666666664,-0.051375702023506165,-1.0492946286886202
BH_s29_low,35,21,35.7,-0.19559654593467712,-0.9666391619064261
BH_s29_low,35,22,35.733333333333334,-0.19559654593467712,-0.7880534943148224
BH_s29_low,35,23,35.766666666666666,-0.19559654593467712,-0.5104138737352953
BH_s29_low,35,24,35.8,-0.27452439069747925,-0.15053143944946706
BH_s29_low,35,25,35.833333333333336,-0.3557173013687134,0.25067637392757997
BH_s29_low,35,26,35.86666666666667,-0.5902179479598999,0.632851747223014
BH_s29_low,35,27,35.9,-0.7458086013793945,0.9298714533576179
BH_s29_low,35,28,35.93333333333333,-0.9803181290626526,1.0878082004778271
BH_s29_low,35,29,35.96666666666667,-1.2079969644546509,1.0797335436572704
BH_s29_low,35,30,36.0,-1.3005863428115845,0.9116553303192312
BH_s29_low,35,31,36.03333333333333,-0.8725337982177734,0.6182911007216357
BH_s29_low,35,32,36.06666666666667,-0.040728576481342316,0.251344249073601
BH_s29_low,35,33,36.1,1.1136187314987183,-0.13481524493368982
BH_s29_low,35,34,36.13333333333333,1.801925778388977,-0.4948024397028442
BH_s29_low,35,35,36.166666666666664,1.935455083847046,-0.7975487918561179
BH_s29_low,35,36,36.2,1.5301332473754883,-1.0247694356545818
BH_s29_low,35,37,36.233333333333334,1.0094826221466064,-1.1651329153122547
BH_s29_low,35,38,36.266666666666666,0.4660835266113281,-1.2083094749076102
BH_s29_low,35,39,36.3,0.02139963023364544,-1.1426913307645523
BH_s29_low,35,40,36.333333333333336,-0.16375234723091125,-0.958561964183021
BH_s29_low,35,41,36.36666666666667,-0.27452439069747925,-0.6556617593312798
BH_s29_low,35,42,36.4,-0.27452439069747925,-0.2515692622357982
BH_s29_low,35,43,36.43333333333333,-0.3147861659526825,0.21373148420512442
BH_s29_low,35,44,36.46666666666667,-0.4703678786754608,0.6806379930571131
BH_s29_low,35,45,36.5,-0.6259496212005615,1.080719822330084
BH_s29_low,35,46,36.53333333333333,-0.8149712681770325,1.3526327024162739
BH_s29_low,35,47,36.56666666666667,-1.0472068786621094,1.457700837051014
BH_s29_low,35,48,36.6,-1.2505505084991455,1.3893612831427222
BH_s29_low,35,49,36.63333333333333,-1.458441972732544,1.172802775743708
BH_s29_low,35,50,36.666666666666664,-1.2275539636611938,0.854981740985613
BH_s29_low,35,51,36.7,-0.4578147232532501,0.48917563481878557
BH_s29_low,35,52,36.733333333333334,0.5743996500968933,0.12053241821362122
BH_s29_low,35,53,36.766666666666666,1.5144548416137695,-0.22164009944501004
BH_s29_low,35,54,36.8,1.7775994539260864,-0.5226988592811544
BH_s29_low,35,55,36.833333333333336,1.5808206796646118,-0.7747805329515078
BH_s29_low,35,56,36.86666666666667,1.0351476669311523,-0.9671079634448262
BH_s29_low,35,57,36.9,0.4894746243953705,-1.0798891449480907
BH_s29_low,35,58,36.93333333333333,0.028881950303912163,-1.085752892498835
BH_s29_low,35,59,36.96666666666667,-0.19947510957717896,-0.9593882450119186
BH_s29_low,35,60,37.0,-0.27452439069747925,-0.6917908808176242
BH_s29_low,35,61,37.03333333333333,-0.27452439069747925,-0.30246297490701374
BH_s29_low,35,62,37.06666666666667,-0.27452439069747925,0.15698704422822835
BH_s29_low,35,63,37.1,-0.34823498129844666,0.6110514225364911
BH_s29_low,35,64,37.13333333333333,-0.5038167238235474,0.9784620747297132
BH_s29_low,35,65,37.166666666666664,-0.6593984365463257,1.1939446119180879
BH_s29_low,35,66,37.2,-0.8939079642295837,1.2255565258842327
BH_s29_low,35,67,37.233333333333334,-1.0494897365570068,1.0813300439724933
BH_s29_low,35,68,37.266666666666666,-1.22165846824646,0.8033310650801582
BH_s29_low,35,69,37.3,-1.1015247106552124,0.4521102563523399
BH_s29_low,35,70,37.333333333333336,-0.40133386850357056,0.08770712570920715
BH_s29_low,35,71,37.36666666666667,0.5876754522323608,-0.24598187916606296
BH_s29_low,35,72,37.4,1.5170124769210815,-0.5283742650733527
BH_s29_low,35,73,37.43333333333333,1.7775994539260864,-0.7592245884747458
BH_s29_low,35,74,37.46666666666667,1.5525802373886108,-0.947770410211963
BH_s29_low,35,75,37.5,1.0394119024276733,-1.09921884977312
BH_s29_low,35,76,37.53333333333333,0.496012806892395,-1.2045814792368692
BH_s29_low,35,77,37.56666666666667,0.036364272236824036,-1.2384780445377221
BH_s29_low,35,78,37.6,-0.15627002716064453,-1.1665908985909645
BH_s29_low,35,79,37.63333333333333,-0.19559654593467712,-0.9606632379585125
BH_s29_low,35,80,37.666666666666664,-0.16054314374923706,-0.6153209108902187
BH_s29_low,35,81,37.7,-0.14944817125797272,-0.1590821284936168
BH_s29_low,35,82,37.733333333333334,-0.2261020541191101,0.34683020663189945
BH_s29_low,35,83,37.766666666666666,-0.3816837966442108,0.8231539862691938
BH_s29_low,35,84,37.8,-0.6161933541297913,1.194827052556144
BH_s29_low,35,85,37.833333333333336,-0.7954587340354919,1.4106743789936689
BH_s29_low,35,86,37.86666666666667,-1.0062845945358276,1.4526609143601628
BH_s29_low,35,87,37.9,-1.123594880104065,1.3331701115658898
BH_s29_low,35,88,37.93333333333333,-0.7427102327346802,1.0844437384977623
BH_s29_low,35,89,37.96666666666667,0.06437405943870544,0.7464399420838714
BH_s29_low,35,90,38.0,1.1411322355270386,0.3577989093608402
BH_s29_low,35,91,38.03333333333333,1.7976793050765991,-0.04823477678586815
BH_s29_low,35,92,38.06666666666667,1.9199230670928955,-0.44297454166902933
BH_s29_low,35,93,38.1,1.6032675504684448,-0.7979819239354801
BH_s29_low,35,94,38.13333333333333,1.0575945377349854,-1.0804893831027205
BH_s29_low,35,95,38.166666666666664,0.5119215846061707,-1.252671012411489
BH_s29_low,35,96,38.2,0.04517640545964241,-1.2774973449731253
BH_s29_low,35,97,38.233333333333334,-0.11306494474411011,-1.13063722716035
BH_s29_low,35,98,38.266666666666666,-0.1897188276052475,-0.8142237200663903
BH_s29_low,35,99,38.3,-0.1166687086224556,-0.36583286628137257
BH_s29_low,35,100,38.333333333333336,-0.19559654593467712,0.1437510722412903
BH_s29_low,35,101,38.36666666666667,-0.34075266122817993,0.6262010843146987
BH_s29_low,35,102,38.4,-0.49633437395095825,0.9998395688779169
BH_s29_low,35,103,38.43333333333333,-0.7135964632034302,1.212182995033754
BH_s29_low,35,104,38.46666666666667,-0.8864256739616394,1.2513331528765568
BH_s29_low,35,105,38.5,-1.1209352016448975,1.142503687639368
BH_s29_low,35,106,38.53333333333333,-1.1667999029159546,0.9330470713699801
BH_s29_low,35,107,38.56666666666667,-0.7745367288589478,0.6737291498170174
BH_s29_low,35,108,38.6,0.027339251711964607,0.40373585950225255
BH_s29_low,35,109,38.63333333333333,1.1667219400405884,0.14344244141346288
BH_s29_low,35,110,38.666666666666664,1.914887547492981,-0.10482583555673768
BH_s29_low,35,111,38.7,2.0498220920562744,-0.35010800725816643
BH_s29_low,35,112,38.733333333333334,1.7328828573226929,-0.6028053567835795
BH_s29_low,35,113,38.766666666666666,1.2271968126296997,-0.8640314920860396
BH_s29_low,35,114,38.8,0.7204646468162537,-1.1175352792489783
BH_s29_low,35,115,38.833333333333336,0.2537194788455963,-1.3275414944648087
BH_s29_low,35,116,38.86666666666667,0.00906797219067812,-1.444425923013669
BH_s29_low,35,117,38.9,-0.03774087131023407,-1.4176915463701971
BH_s29_low,35,118,38.93333333333333,-0.03774087131023407,-1.2132626582284258
BH_s29_low,35,119,38.96666666666667,-0.06303801387548447,-0.82986851187451
BH_s29_low,35,120,39.0,-0.21861973404884338,-0.3078082494136046
BH_s29_low,35,121,39.03333333333333,-0.3742014467716217,0.27545968259955866
BH_s29_low,35,122,39.06666666666667,-0.6087110042572021,0.8236590095811125
BH_s29_low,35,123,39.1,-0.7804940938949585,1.2481071924491296
BH_s29_low,35,124,39.13333333333333,-0.9988023042678833,1.4915904137020026
BH_s29_low,35,125,39.166666666666664,-1.1543840169906616,1.539958799749648
BH_s29_low,35,126,39.2,-1.22165846824646,1.4185041967468062
BH_s29_low,35,127,39.233333333333334,-1.0353806018829346,1.177572469146178
BH_s29_low,35,128,39.266666666666666,-0.24553494155406952,0.8746158432311752
BH_s29_low,35,129,39.3,0.8483687043190002,0.558605015504613
BH_s29_low,35,130,39.333333333333336,1.7787340879440308,0.26041823693815297
BH_s29_low,35,131,39.36666666666667,2.17024827003479,-0.00927320016499078
BH_s29_low,35,132,39.4,1.943983554840088,-0.25503764712165866
BH_s29_low,35,133,39.43333333333333,1.481502652168274,-0.48691580448078126
BH_s29_low,35,134,39.46666666666667,0.9358295798301697,-0.7096665679624368
BH_s29_low,35,135,39.5,0.3901565670967102,-0.9151781313519323
BH_s29_low,35,136,39.53333333333333,0.06790704280138016,-1.0808119865170565
BH_s29_low,35,137,39.56666666666667,-0.03774087131023407,-1.1740140061432132
BH_s29_low,35,138,39.6,-0.03774087131023407,-1.1613038304036423
BH_s29_low,35,139,39.63333333333333,-0.03774087131023407,-1.0187764257089036
BH_s29_low,35,140,39.666666666666664,-0.17314070463180542,-0.7415974602474308
BH_s29_low,35,141,39.7,-0.32872241735458374,-0.3504087012274709
BH_s29_low,35,142,39.733333333333334,-0.5632320046424866,0.10768782219827414
BH_s29_low,35,143,39.766666666666666,-0.7977415323257446,0.5656106077814023
BH_s29_low,35,144,39.8,-1.000699520111084,0.9501606350850103
BH_s29_low,35,145,39.833333333333336,-1.1878328323364258,1.1998311745897365
BH_s29_low,35,146,39.86666666666667,-1.3005863428115845,1.2804720474884863
BH_s29_low,35,147,39.9,-1.4200685024261475,1.1927577081696046
BH_s29_low,35,148,39.93333333333333,-1.4201616048812866,0.9687271016436955
BH_s29_low,35,149,39.96666666666667,-0.926692008972168,0.6593021989808249
BH_s29_low,35,150,40.0,0.04053080826997757,0.3180258815062926
BH_s29_low,35,151,40.03333333333333,1.2085306644439697,-0.012943464823056288
BH_s29_low,35,152,40.06666666666667,1.9938242435455322,-0.3101158826722459
BH_s29_low,35,153,40.1,2.039489507675171,-0.5675914377180337
BH_s29_low,35,154,40.13333333333333,1.7036893367767334,-0.7888654719597439
BH_s29_low,35,155,40.166666666666664,1.158016324043274,-0.9752205007967321
BH_s29_low,35,156,40.2,0.6123433709144592,-1.1159858768488367
BH_s29_low,35,157,40.233333333333334,0.16341300308704376,-1.1856149602061485
BH_s29_low,35,158,40.266666666666666,-0.053281739354133606,-1.1498210113982532
BH_s29_low,35,159,40.3,-0.1166687086224556,-0.9790901257587149
BH_s29_low,35,160,40.333333333333336,-0.1166687086224556,-0.6645033210134604
BH_s29_low,35,161,40.36666666666667,-0.12538772821426392,-0.2290707516877975
BH_s29_low,35,162,40.4,-0.28096944093704224,0.27145777033035323
BH_s29_low,35,163,40.43333333333333,-0.4407222867012024,0.7602435415940572
BH_s29_low,35,164,40.46666666666667,-0.6729578971862793,1.1591407505876201
BH_s29_low,35,165,40.5,-0.9055703282356262,1.4083543584323468
BH_s29_low,35,166,40.53333333333333,-1.0611519813537598,1.479190668562322
BH_s29_low,35,167,40.56666666666667,-1.216733694076538,1.3772834791548552
BH_s29_low,35,168,40.6,-1.372315526008606,1.1367174780355624
BH_s29_low,35,169,40.63333333333333,-1.458441972732544,0.8073547017733045
BH_s29_low,35,170,40.666666666666664,-1.3912606239318848,0.4395607682379064
BH_s29_low,35,171,40.7,-0.6743587851524353,0.07165771422518082
BH_s29_low,35,172,40.733333333333334,0.3380594253540039,-0.2754708644983618
BH_s29_low,35,173,40.766666666666666,1.4294054508209229,-0.595111117712517
BH_s29_low,35,174,40.8,1.9146127700805664,-0.8850325951889301
BH_s29_low,35,175,40.833333333333336,1.8238320350646973,-1.1364243129424099
BH_s29_low,35,176,40.86666666666667,1.3266656398773193,-1.3269679002732493
BH_s29_low,35,177,40.9,0.7043386697769165,-1.4217651174063988
BH_s29_low,35,178,40.93333333333333,0.20992930233478546,-1.3826847250991776
BH_s29_low,35,179,40.96666666666667,-0.03774087131023407,-1.1832367081215054
BH_s29_low,35,180,41.0,-0.1166687086224556,-0.8233989405846774
BH_s29_low,35,181,41.03333333333333,-0.03774087131023407,-0.33793312418064864
BH_s29_low,35,182,41.06666666666667,-0.03774087131023407,0.20661692000001866
BH_s29_low,35,183,41.1,-0.07536078989505768,0.7266526333469777
BH_s29_low,35,184,41.13333333333333,-0.26628848910331726,1.1427346048761495
BH_s29_low,35,185,41.166666666666664,-0.46545207500457764,1.3988830655681919
BH_s29_low,35,186,41.2,-0.6999616622924805,1.4733191799962349
BH_s29_low,35,187,41.233333333333334,-0.8555433750152588,1.3786553095698577
BH_s29_low,35,188,41.266666666666666,-1.011125087738037,1.1535731988522235
BH_s29_low,35,189,41.3,-1.1667068004608154,0.8498078795488327
BH_s29_low,35,190,41.333333333333336,-1.1782538890838623,0.5181190507453299
BH_s29_low,35,191,41.36666666666667,-0.6509498953819275,0.19645326579141262
BH_s29_low,35,192,41.4,0.31912311911582947,-0.09646928770613002
BH_s29_low,35,193,41.43333333333333,1.3933148384094238,-0.3597605458322454
BH_s29_low,35,194,41.46666666666667,2.026989459991455,-0.6016383345961337
BH_s29_low,35,195,41.5,1.993717908859253,-0.8270979958967882
BH_s29_low,35,196,41.53333333333333,1.595568060874939,-1.0271928760851605
BH_s29_low,35,197,41.56666666666667,1.0441105365753174,-1.1745517897364646
BH_s29_low,35,198,41.6,0.5007114410400391,-1.2277697214946868
BH_s29_low,35,199,41.63333333333333,0.03995027393102646,-1.144311302390596
BH_s29_low,35,200,41.666666666666664,-0.11563145369291306,-0.8981301505407596
BH_s29_low,35,201,41.7,-0.1166687086224556,-0.4954992742537779
BH_s29_low,35,202,41.733333333333334,-0.1166687086224556,0.018014463986106313
BH_s29_low,35,203,41.766666666666666,-0.18773743510246277,0.5638298415435545
BH_s29_low,35,204,41.8,-0.26439133286476135,1.0488539928512093
BH_s29_low,35,205,41.833333333333336,-0.4989008903503418,1.3897835940867869
BH_s29_low,35,206,41.86666666666667,-0.7187294960021973,1.5343885664374066
BH_s29_low,35,207,41.9,-0.888992190361023,1.4724642052367
BH_s29_low,35,208,41.93333333333333,-1.1235017776489258,1.2335119933461591
BH_s29_low,35,209,41.96666666666667,-1.279083490371704,0.8732601897328461
BH_s29_low,35,210,42.0,-1.1113563776016235,0.4547555079185263
BH_s29_low,35,211,42.03333333333333,-0.3519009053707123,0.03106065247418471
BH_s29_low,35,212,42.06666666666667,0.7617235779762268,-0.36447368230847577
BH_s29_low,35,213,42.1,1.7824618816375732,-0.717612588320911
BH_s29_low,35,214,42.13333333333333,2.17223858833313,-1.0240043922717545
BH_s29_low,35,215,42.166666666666664,2.0057480335235596,-1.276686985691185
BH_s29_low,35,216,42.2,1.532642126083374,-1.4569215468350176
BH_s29_low,35,217,42.233333333333334,0.9892430901527405,-1.5334376378004364
BH_s29_low,35,218,42.266666666666666,0.48280349373817444,-1.4716672905317325
BH_s29_low,35,219,42.3,0.05074380710721016,-1.249994163311093
BH_s29_low,35,220,42.333333333333336,-0.0701524168252945,-0.8759657651580379
BH_s29_low,35,221,42.36666666666667,-0.1166687086224556,-0.39403024368101713
BH_s29_low,35,222,42.4,-0.1166687086224556,0.12080394231534891
BH_s29_low,35,223,42.43333333333333,-0.1422584056854248,0.5824143092804289
BH_s29_low,35,224,42.46666666666667,-0.2978401184082031,0.9179259707933156
BH_s29_low,35,225,42.5,-0.532349705696106,1.0862366235153298
BH_s29_low,35,226,42.53333333333333,-0.766859233379364,1.084437613752492
BH_s29_low,35,227,42.56666666666667,-0.9224410057067871,0.9427597875717869
BH_s29_low,35,228,42.6,-1.15695059299469,0.7123901928826557
BH_s29_low,35,229,42.63333333333333,-1.3005863428115845,0.4507933883819462
BH_s29_low,35,230,42.666666666666664,-1.192642331123352,0.20831103202741452
BH_s29_low,35,231,42.7,-0.4669194221496582,0.018844618937841662
BH_s29_low,35,232,42.733333333333334,0.6346748471260071,-0.10368341661733606
BH_s29_low,35,233,42.766666666666666,1.7100722789764404,-0.16297829334847316
BH_s29_low,35,234,42.8,2.17223858833313,-0.17395024447634364
BH_s29_low,35,235,42.833333333333336,2.0177783966064453,-0.15515893887881424
BH_s29_low,35,236,42.86666666666667,1.552730917930603,-0.12257480834402537
BH_s29_low,35,237,42.9,1.013303518295288,-0.08587463180236016
BH_s29_low,35,238,42.93333333333333,0.4613848924636841,-0.047611914901592625
BH_s29_low,35,239,42.96666666666667,0.06277403235435486,-0.0049577570431009466
BH_s29_low,36,0,36.0,-1.3005863428115845,-0.013847583720683575
BH_s29_low,36,1,36.03333333333333,-0.8725337982177734,-0.24584210209396803
BH_s29_low,36,2,36.06666666666667,-0.040728576481342316,-0.4895391256573235
BH_s29_low,36,3,36.1,1.1136187314987183,-0.7485248876931776
BH_s29_low,36,4,36.13333333333333,1.801925778388977,-1.0114935965940894
BH_s29_low,36,5,36.166666666666664,1.935455083847046,-1.250443754167352
BH_s29_low,36,6,36.2,1.5301332473754883,-1.423766451326078
BH_s29_low,36,7,36.233333333333334,1.0094826221466064,-1.4844324402165776
BH_s29_low,36,8,36.266666666666666,0.4660835266113281,-1.392562666591179
BH_s29_low,36,9,36.3,0.02139963023364544,-1.1298942469050328
BH_s29_low,36,10,36.333333333333336,-0.16375234723091125,-0.7115620128952648
BH_s29_low,36,11,36.36666666666667,-0.27452439069747925,-0.18955700730259198
BH_s29_low,36,12,36.4,-0.27452439069747925,0.35622843738956655
BH_s29_low,36,13,36.43333333333333,-0.3147861659526825,0.8383549580708338
BH_s29_low,36,14,36.46666666666667,-0.4703678786754608,1.1857654909272641
BH_s29_low,36,15,36.5,-0.6259496212005615,1.3606747982524066
BH_s29_low,36,16,36.53333333333333,-0.8149712681770325,1.3623964488175027
BH_s29_low,36,17,36.56666666666667,-1.0472068786621094,1.2196228015384067
BH_s29_low,36,18,36.6,-1.2505505084991455,0.9769939562048606
BH_s29_low,36,19,36.63333333333333,-1.458441972732544,0.681657030439029
BH_s29_low,36,20,36.666666666666664,-1.2275539636611938,0.3730542855573889
BH_s29_low,36,21,36.7,-0.4578147232532501,0.07701730437747742
BH_s29_low,36,22,36.733333333333334,0.5743996500968933,-0.1953274805012959
BH_s29_low,36,23,36.766666666666666,1.5144548416137695,-0.44352059709819375
BH_s29_low,36,24,36.8,1.7775994539260864,-0.6695750375806391
BH_s29_low,36,25,36.833333333333336,1.5808206796646118,-0.8685026054879563
BH_s29_low,36,26,36.86666666666667,1.0351476669311523,-1.0215824039825971
BH_s29_low,36,27,36.9,0.4894746243953705,-1.096126638865466
BH_s29_low,36,28,36.93333333333333,0.028881950303912163,-1.0536781590969622
BH_s29_low,36,29,36.96666666666667,-0.19947510957717896,-0.8652607791610204
BH_s29_low,36,30,37.0,-0.27452439069747925,-0.5283682528701849
BH_s29_low,36,31,37.03333333333333,-0.27452439069747925,-0.07783598234834467
BH_s29_low,36,32,37.06666666666667,-0.27452439069747925,0.4163232920623731
BH_s29_low,36,33,37.1,-0.34823498129844666,0.8657473799639949
BH_s29_low,36,34,37.13333333333333,-0.5038167238235474,1.1891226297441633
BH_s29_low,36,35,37.166666666666664,-0.6593984365463257,1.3352159846330454
BH_s29_low,36,36,37.2,-0.8939079642295837,1.2944007506007142
BH_s29_low,36,37,37.233333333333334,-1.0494897365570068,1.0957421539930352
BH_s29_low,36,38,37.266666666666666,-1.22165846824646,0.7927833992093892
BH_s29_low,36,39,37.3,-1.1015247106552124,0.4446585417522111
BH_s29_low,36,40,37.333333333333336,-0.40133386850357056,0.09957679016274677
BH_s29_low,36,41,37.36666666666667,0.5876754522323608,-0.21430045213217053
BH_s29_low,36,42,37.4,1.5170124769210815,-0.48882708555812493
BH_s29_low,36,43,37.43333333333333,1.7775994539260864,-0.7281739528688232
BH_s29_low,36,44,37.46666666666667,1.5525802373886108,-0.9372774344611344
BH_s29_low,36,45,37.5,1.0394119024276733,-1.1112136045259813
BH_s29_low,36,46,37.53333333333333,0.496012806892395,-1.2298315731200737
BH_s29_low,36,47,37.56666666666667,0.036364272236824036,-1.2602843090175984
BH_s29_low,36,48,37.6,-0.15627002716064453,-1.167470022580455
BH_s29_low,36,49,37.63333333333333,-0.19559654593467712,-0.9293330576445842
BH_s29_low,36,50,37.666666666666664,-0.16054314374923706,-0.5513174888195219
BH_s29_low,36,51,37.7,-0.14944817125797272,-0.07326442647825182
BH_s29_low,36,52,37.733333333333334,-0.2261020541191101,0.4360892532223832
BH_s29_low,36,53,37.766666666666666,-0.3816837966442108,0.8965417466991734
BH_s29_low,36,54,37.8,-0.6161933541297913,1.2385294885968572
BH_s29_low,36,55,37.833333333333336,-0.7954587340354919,1.419823229297671
BH_s29_low,36,56,37.86666666666667,-1.0062845945358276,1.4309297286832388
BH_s29_low,36,57,37.9,-1.123594880104065,1.290127131092987
BH_s29_low,36,58,37.93333333333333,-0.7427102327346802,1.0327884922939026
BH_s29_low,36,59,37.96666666666667,0.06437405943870544,0.6997709187595056
BH_s29_low,36,60,38.0,1.1411322355270386,0.32832924971551014
BH_s29_low,36,61,38.03333333333333,1.7976793050765991,-0.05245708930356126
BH_s29_low,36,62,38.06666666666667,1.9199230670928955,-0.4211098392478798
BH_s29_low,36,63,38.1,1.6032675504684448,-0.7589642520997228
BH_s29_low,36,64,38.13333333333333,1.0575945377349854,-1.0439294854214103
BH_s29_low,36,65,38.166666666666664,0.5119215846061707,-1.2466493650305064
BH_s29_low,36,66,38.2,0.04517640545964241,-1.3322726608249738
BH_s29_low,36,67,38.233333333333334,-0.11306494474411011,-1.2687940439515237
BH_s29_low,36,68,38.266666666666666,-0.1897188276052475,-1.039940658370076
BH_s29_low,36,69,38.3,-0.1166687086224556,-0.6578573386000327
BH_s29_low,36,70,38.333333333333336,-0.19559654593467712,-0.16949136990014305
BH_s29_low,36,71,38.36666666666667,-0.34075266122817993,0.34832193311254
BH_s29_low,36,72,38.4,-0.49633437395095825,0.8061212895851622
BH_s29_low,36,73,38.43333333333333,-0.7135964632034302,1.1265458122177472
BH_s29_low,36,74,38.46666666666667,-0.8864256739616394,1.2664726043702637
BH_s29_low,36,75,38.5,-1.1209352016448975,1.2265459505648313
BH_s29_low,36,76,38.53333333333333,-1.1667999029159546,1.0447683431474328
BH_s29_low,36,77,38.56666666666667,-0.7745367288589478,0.7789492602955637
BH_s29_low,36,78,38.6,0.027339251711964607,0.4864726973904478
BH_s29_low,36,79,38.63333333333333,1.1667219400405884,0.20866895205248862
BH_s29_low,36,80,38.666666666666664,1.914887547492981,-0.0362894073571016
BH_s29_low,36,81,38.7,2.0498220920562744,-0.2514756565011662
BH_s29_low,36,82,38.733333333333334,1.7328828573226929,-0.4522303801679348
BH_s29_low,36,83,38.766666666666666,1.2271968126296997,-0.6535034871580125
BH_s29_low,36,84,38.8,0.7204646468162537,-0.8576544728575316
BH_s29_low,36,85,38.833333333333336,0.2537194788455963,-1.0467924617445334
BH_s29_low,36,86,38.86666666666667,0.00906797219067812,-1.1826681957847713
BH_s29_low,36,87,38.9,-0.03774087131023407,-1.215250680566669
BH_s29_low,36,88,38.93333333333333,-0.03774087131023407,-1.0987192170616147
BH_s29_low,36,89,38.96666666666667,-0.06303801387548447,-0.8107766052574606
BH_s29_low,36,90,39.0,-0.21861973404884338,-0.36853357411487736
BH_s29_low,36,91,39.03333333333333,-0.3742014467716217,0.16673174142046943
BH_s29_low,36,92,39.06666666666667,-0.6087110042572021,0.701149374727527
BH_s29_low,36,93,39.1,-0.7804940938949585,1.134625997736153
BH_s29_low,36,94,39.13333333333333,-0.9988023042678833,1.3918314638910227
BH_s29_low,36,95,39.166666666666664,-1.1543840169906616,1.4438071102471663
BH_s29_low,36,96,39.2,-1.22165846824646,1.3113445658519807
BH_s29_low,36,97,39.233333333333334,-1.0353806018829346,1.0509715049499522
BH_s29_low,36,98,39.266666666666666,-0.24553494155406952,0.7316084711440972
BH_s29_low,36,99,39.3,0.8483687043190002,0.41200378115991737
BH_s29_low,36,100,39.333333333333336,1.7787340879440308,0.1266534615539394
BH_s29_low,36,101,39.36666666666667,2.17024827003479,-0.11679867980051196
BH_s29_low,36,102,39.4,1.943983554840088,-0.33028995541080414
BH_s29_low,36,103,39.43333333333333,1.481502652168274,-0.5325721184761609
BH_s29_low,36,104,39.46666666666667,0.9358295798301697,-0.7358018191155267
BH_s29_low,36,105,39.5,0.3901565670967102,-0.9354640008221702
BH_s29_low,36,106,39.53333333333333,0.06790704280138016,-1.1064763540409142
BH_s29_low,36,107,39.56666666666667,-0.03774087131023407,-1.207072064626701
BH_s29_low,36,108,39.6,-0.03774087131023407,-1.1903069756626017
BH_s29_low,36,109,39.63333333333333,-0.03774087131023407,-1.0206697051360465
BH_s29_low,36,110,39.666666666666664,-0.17314070463180542,-0.6907643890714067
BH_s29_low,36,111,39.7,-0.32872241735458374,-0.23153099253429668
BH_s29_low,36,112,39.733333333333334,-0.5632320046424866,0.28964045371137165
BH_s29_low,36,113,39.766666666666666,-0.7977415323257446,0.7843023531457145
BH_s29_low,36,114,39.8,-1.000699520111084,1.1668226684935354
BH_s29_low,36,115,39.833333333333336,-1.1878328323364258,1.3773254907691475
BH_s29_low,36,116,39.86666666666667,-1.3005863428115845,1.3952115563877703
BH_s29_low,36,117,39.9,-1.4200685024261475,1.2395943828564395
BH_s29_low,36,118,39.93333333333333,-1.4201616048812866,0.9582775695352697
BH_s29_low,36,119,39.96666666666667,-0.926692008972168,0.6105069096232312
BH_s29_low,36,120,40.0,0.04053080826997757,0.24989791735334607
BH_s29_low,36,121,40.03333333333333,1.2085306644439697,-0.08715492441346442
BH_s29_low,36,122,40.06666666666667,1.9938242435455322,-0.38482499826578254
BH_s29_low,36,123,40.1,2.039489507675171,-0.6431235483752646
BH_s29_low,36,124,40.13333333333333,1.7036893367767334,-0.8677002523552421
BH_s29_low,36,125,40.166666666666664,1.158016324043274,-1.0583378865822048
BH_s29_low,36,126,40.2,0.6123433709144592,-1.2007773930686556
BH_s29_low,36,127,40.233333333333334,0.16341300308704376,-1.2656121917334084
BH_s29_low,36,128,40.266666666666666,-0.053281739354133606,-1.2156986798549339
BH_s29_low,36,129,40.3,-0.1166687086224556,-1.0204561929652889
BH_s29_low,36,130,40.333333333333336,-0.1166687086224556,-0.6724591720070913
BH_s29_low,36,131,40.36666666666667,-0.12538772821426392,-0.19959176609193607
BH_s29_low,36,132,40.4,-0.28096944093704224,0.3340680460300192
BH_s29_low,36,133,40.43333333333333,-0.4407222867012024,0.8416381746684685
BH_s29_low,36,134,40.46666666666667,-0.6729578971862793,1.2368469798466053
BH_s29_low,36,135,40.5,-0.9055703282356262,1.45775408986634
BH_s29_low,36,136,40.53333333333333,-1.0611519813537598,1.4817103026589786
BH_s29_low,36,137,40.56666666666667,-1.216733694076538,1.327424033360513
BH_s29_low,36,138,40.6,-1.372315526008606,1.0450922122574626
BH_s29_low,36,139,40.63333333333333,-1.458441972732544,0.698997074649106
BH_s29_low,36,140,40.666666666666664,-1.3912606239318848,0.3485833897736562
BH_s29_low,36,141,40.7,-0.6743587851524353,0.033858184620797004
BH_s29_low,36,142,40.733333333333334,0.3380594253540039,-0.23076905114959664
BH_s29_low,36,143,40.766666666666666,1.4294054508209229,-0.45286597805489254
BH_s29_low,36,144,40.8,1.9146127700805664,-0.6503795672311427
BH_s29_low,36,145,40.833333333333336,1.8238320350646973,-0.8365304400616212
BH_s29_low,36,146,40.86666666666667,1.3266656398773193,-1.0070636492262377
BH_s29_low,36,147,40.9,0.7043386697769165,-1.135315406160855
BH_s29_low,36,148,40.93333333333333,0.20992930233478546,-1.178174629880206
BH_s29_low,36,149,40.96666666666667,-0.03774087131023407,-1.091944179308823
BH_s29_low,36,150,41.0,-0.1166687086224556,-0.8525098344809123
BH_s29_low,36,151,41.03333333333333,-0.03774087131023407,-0.47131100261665293
BH_s29_low,36,152,41.06666666666667,-0.03774087131023407,0.0006691009785930399
BH_s29_low,36,153,41.1,-0.07536078989505768,0.48396276209643646
BH_s29_low,36,154,41.13333333333333,-0.26628848910331726,0.8928960482807927
BH_s29_low,36,155,41.166666666666664,-0.46545207500457764,1.1599846921766948
BH_s29_low,36,156,41.2,-0.6999616622924805,1.252823487212253
BH_s29_low,36,157,41.233333333333334,-0.8555433750152588,1.1779694135047944
BH_s29_low,36,158,41.266666666666666,-1.011125087738037,0.9724820251884998
BH_s29_low,36,159,41.3,-1.1667068004608154,0.6883889651797509
BH_s29_low,36,160,41.333333333333336,-1.1782538890838623,0.37629959116290634
BH_s29_low,36,161,41.36666666666667,-0.6509498953819275,0.07297370741581499
BH_s29_low,36,162,41.4,0.31912311911582947,-0.2040695570466505
BH_s29_low,36,163,41.43333333333333,1.3933148384094238,-0.4537179059911708
BH_s29_low,36,164,41.46666666666667,2.026989459991455,-0.6815877158601794
BH_s29_low,36,165,41.5,1.993717908859253,-0.8875314783267545
BH_s29_low,36,166,41.53333333333333,1.595568060874939,-1.055904046399577
BH_s29_low,36,167,41.56666666666667,1.0441105365753174,-1.153579794461058
BH_s29_low,36,168,41.6,0.5007114410400391,-1.1378511209656914
BH_s29_low,36,169,41.63333333333333,0.03995027393102646,-0.972380572309427
BH_s29_low,36,170,41.666666666666664,-0.11563145369291306,-0.6458400528549512
BH_s29_low,36,171,41.7,-0.1166687086224556,-0.18553622320680005
BH_s29_low,36,172,41.733333333333334,-0.1166687086224556,0.34168667922587453
BH_s29_low,36,173,41.766666666666666,-0.18773743510246277,0.8444592426850246
BH_s29_low,36,174,41.8,-0.26439133286476135,1.2325890095843266
BH_s29_low,36,175,41.833333333333336,-0.4989008903503418,1.4422498143898475
BH_s29_low,36,176,41.86666666666667,-0.7187294960021973,1.4509512478135103
BH_s29_low,36,177,41.9,-0.888992190361023,1.278653216427997
BH_s29_low,36,178,41.93333333333333,-1.1235017776489258,0.9767239017404179
BH_s29_low,36,179,41.96666666666667,-1.279083490371704,0.6095704886649487
BH_s29_low,36,180,42.0,-1.1113563776016235,0.23529671969162322
BH_s29_low,36,181,42.03333333333333,-0.3519009053707123,-0.10833558845251552
BH_s29_low,36,182,42.06666666666667,0.7617235779762268,-0.4082568746402681
BH_s29_low,36,183,42.1,1.7824618816375732,-0.6698261327085142
BH_s29_low,36,184,42.13333333333333,2.17223858833313,-0.9031031529509764
BH_s29_low,36,185,42.166666666666664,2.0057480335235596,-1.1078092393747998
BH_s29_low,36,186,42.2,1.532642126083374,-1.2636962926802497
BH_s29_low,36,187,42.233333333333334,0.9892430901527405,-1.3311653906325138
BH_s29_low,36,188,42.266666666666666,0.48280349373817444,-1.263381665327789
BH_s29_low,36,189,42.3,0.05074380710721016,-1.0265748328595314
BH_s29_low,36,190,42.333333333333336,-0.0701524168252945,-0.62089133928329
BH_s29_low,36,191,42.36666666666667,-0.1166687086224556,-0.09200779846679714
BH_s29_low,36,192,42.4,-0.1166687086224556,0.47429757717679116
BH_s29_low,36,193,42.43333333333333,-0.1422584056854248,0.9752447960728132
BH_s29_low,36,194,42.46666666666667,-0.2978401184082031,1.3225769054656165
BH_s29_low,36,195,42.5,-0.532349705696106,1.467997028971573
BH_s29_low,36,196,42.53333333333333,-0.766859233379364,1.412154812716844
BH_s29_low,36,197,42.56666666666667,-0.9224410057067871,1.196169746816247
BH_s29_low,36,198,42.6,-1.15695059299469,0.8821067453458391
BH_s29_low,36,199,42.63333333333333,-1.3005863428115845,0.5313677641704143
BH_s29_low,36,200,42.666666666666664,-1.192642331123352,0.18834228099531178
BH_s29_low,36,201,42.7,-0.4669194221496582,-0.12666404824221617
BH_s29_low,36,202,42.733333333333334,0.6346748471260071,-0.41420275260701966
BH_s29_low,36,203,42.766666666666666,1.7100722789764404,-0.6839793474445541
BH_s29_low,36,204,42.8,2.17223858833313,-0.9395560222254092
BH_s29_low,36,205,42.833333333333336,2.0177783966064453,-1.1661315811734425
BH_s29_low,36,206,42.86666666666667,1.552730917930603,-1.327094452204979
BH_s29_low,36,207,42.9,1.013303518295288,-1.3718350900587835
BH_s29_low,36,208,42.93333333333333,0.4613848924636841,-1.2532439944882645
BH_s29_low,36,209,42.96666666666667,0.06277403235435486,-0.9492810907764455
BH_s29_low,36,210,43.0,-0.10360122472047806,-0.48004762836365583
BH_s29_low,36,211,43.03333333333333,-0.1166687086224556,0.0882201163113276
BH_s29_low,36,212,43.06666666666667,-0.1166687086224556,0.656626329602092
BH_s29_low,36,213,43.1,-0.19559654593467712,1.1213149217034948
BH_s29_low,36,214,43.13333333333333,-0.3880534768104553,1.4043969600443011
BH_s29_low,36,215,43.166666666666664,-0.5657985210418701,1.474729463161352
BH_s29_low,36,216,43.2,-0.8003080487251282,1.3507426307992714
BH_s29_low,36,217,43.233333333333334,-0.9558897614479065,1.0866135336784983
BH_s29_low,36,218,43.266666666666666,-1.190399408340454,0.7495698842680748
BH_s29_low,36,219,43.3,-1.3459811210632324,0.39792780482452933
BH_s29_low,36,220,43.333333333333336,-1.2932724952697754,0.06750104994019443
BH_s29_low,36,221,43.36666666666667,-0.6608657836914062,-0.2301269316964394
BH_s29_low,36,222,43.4,0.4286983013153076,-0.4986172712789596
BH_s29_low,36,223,43.43333333333333,1.4855272769927979,-0.7421273094913703
BH_s29_low,36,224,43.46666666666667,2.048408031463623,-0.9517448782658452
BH_s29_low,36,225,43.5,1.950880765914917,-1.0995422342682333
BH_s29_low,36,226,43.53333333333333,1.5018352270126343,-1.1436782693007566
BH_s29_low,36,227,43.56666666666667,0.9067115187644958,-1.0435125319416934
BH_s29_low,36,228,43.6,0.361038476228714,-0.7793071305995269
BH_s29_low,36,229,43.63333333333333,0.018531691282987595,-0.3681633718792889
BH_s29_low,36,230,43.666666666666664,-0.1166687086224556,0.13218902355479653
BH_s29_low,36,231,43.7,-0.1166687086224556,0.6357517114754707
BH_s29_low,36,232,43.733333333333334,-0.1166687086224556,1.0528217648434661
BH_s29_low,36,233,43.766666666666666,-0.1302281767129898,1.3161663433577284
BH_s29_low,36,234,43.8,-0.2858099043369293,1.3974931376324466
BH_s29_low,36,235,43.833333333333336,-0.5203194618225098,1.308222587769342
BH_s29_low,36,236,43.86666666666667,-0.6826388239860535,1.0865543461656058
BH_s29_low,36,237,43.9,-0.9104107618331909,0.7788035424219741
BH_s29_low,36,238,43.93333333333333,-1.0659924745559692,0.4239502145639126
BH_s29_low,36,239,43.96666666666667,-1.2215741872787476,0.04722814908860931
BH_s29_low,37,0,37.0,-0.27452439069747925,0.054363835851787654
BH_s29_low,37,1,37.03333333333333,-0.27452439069747925,0.5796094223123972
BH_s29_low,37,2,37.06666666666667,-0.27452439069747925,1.034186406332355
BH_s29_low,37,3,37.1,-0.34823498129844666,1.3618585045339389
BH_s29_low,37,4,37.13333333333333,-0.5038167238235474,1.5260534825193302
BH_s29_low,37,5,37.166666666666664,-0.6593984365463257,1.5169779629803872
BH_s29_low,37,6,37.2,-0.8939079642295837,1.3530768616629754
BH_s29_low,37,7,37.233333333333334,-1.0494897365570068,1.0751403344193067
BH_s29_low,37,8,37.266666666666666,-1.22165846824646,0.7343862888567796
BH_s29_low,37,9,37.3,-1.1015247106552124,0.37857468212973266
BH_s29_low,37,10,37.333333333333336,-0.40133386850357056,0.041152858756349636
BH_s29_low,37,11,37.36666666666667,0.5876754522323608,-0.26280610617025074
BH_s29_low,37,12,37.4,1.5170124769210815,-0.5329019734512933
BH_s29_low,37,13,37.43333333333333,1.7775994539260864,-0.7740362464249245
BH_s29_low,37,14,37.46666666666667,1.5525802373886108,-0.9855374620200458
BH_s29_low,37,15,37.5,1.0394119024276733,-1.1534219927425482
BH_s29_low,37,16,37.53333333333333,0.496012806892395,-1.2493147779616995
BH_s29_low,37,17,37.56666666666667,0.036364272236824036,-1.2373058218413382
BH_s29_low,37,18,37.6,-0.15627002716064453,-1.0872427554766597
BH_s29_low,37,19,37.63333333333333,-0.19559654593467712,-0.7901799304151188
BH_s29_low,37,20,37.666666666666664,-0.16054314374923706,-0.36973722298184974
BH_s29_low,37,21,37.7,-0.14944817125797272,0.11670710561511576
BH_s29_low,37,22,37.733333333333334,-0.2261020541191101,0.5898274118030241
BH_s29_low,37,23,37.766666666666666,-0.3816837966442108,0.9701149780197679
BH_s29_low,37,24,37.8,-0.6161933541297913,1.2006126620269706
BH_s29_low,37,25,37.833333333333336,-0.7954587340354919,1.2604289139905935
BH_s29_low,37,26,37.86666666666667,-1.0062845945358276,1.164360303115339
BH_s29_low,37,27,37.9,-1.123594880104065,0.9514481310179803
BH_s29_low,37,28,37.93333333333333,-0.7427102327346802,0.669104346723136
BH_s29_low,37,29,37.96666666666667,0.06437405943870544,0.3590907247183757
BH_s29_low,37,30,38.0,1.1411322355270386,0.04940647865286677
BH_s29_low,37,31,38.03333333333333,1.7976793050765991,-0.2463602574996043
BH_s29_low,37,32,38.06666666666667,1.9199230670928955,-0.5228834386269684
BH_s29_low,37,33,38.1,1.6032675504684448,-0.7730434482209397
BH_s29_low,37,34,38.13333333333333,1.0575945377349854,-0.9789600736419808
BH_s29_low,37,35,38.166666666666664,0.5119215846061707,-1.1095504678111145
BH_s29_low,37,36,38.2,0.04517640545964241,-1.127549576580202
BH_s29_low,37,37,38.233333333333334,-0.11306494474411011,-1.0042220467373633
BH_s29_low,37,38,38.266666666666666,-0.1897188276052475,-0.735345245377127
BH_s29_low,37,39,38.3,-0.1166687086224556,-0.3502160665991261
BH_s29_low,37,40,38.333333333333336,-0.19559654593467712,0.09195462129506629
BH_s29_low,37,41,38.36666666666667,-0.34075266122817993,0.5177338740045998
BH_s29_low,37,42,38.4,-0.49633437395095825,0.8602221563235417
BH_s29_low,37,43,38.43333333333333,-0.7135964632034302,1.075547000841241
BH_s29_low,37,44,38.46666666666667,-0.8864256739616394,1.1495027710082306
BH_s29_low,37,45,38.5,-1.1209352016448975,1.094628132745352
BH_s29_low,37,46,38.53333333333333,-1.1667999029159546,0.9413247629790549
BH_s29_low,37,47,38.56666666666667,-0.7745367288589478,0.7268876050417266
BH_s29_low,37,48,38.6,0.027339251711964607,0.4853556526701968
BH_s29_low,37,49,38.63333333333333,1.1667219400405884,0.24016733620733605
BH_s29_low,37,50,38.666666666666664,1.914887547492981,0.001055311974235062
BH_s29_low,37,51,38.7,2.0498220920562744,-0.23401542445112067
BH_s29_low,37,52,38.733333333333334,1.7328828573226929,-0.47226861686761823
BH_s29_low,37,53,38.766666666666666,1.2271968126296997,-0.7168166463102241
BH_s29_low,37,54,38.8,0.7204646468162537,-0.9577517389796998
BH_s29_low,37,55,38.833333333333336,0.2537194788455963,-1.1671595095296705
BH_s29_low,37,56,38.86666666666667,0.00906797219067812,-1.3009484997077918
BH_s29_low,37,57,38.9,-0.03774087131023407,-1.308572289224126
BH_s29_low,37,58,38.93333333333333,-0.03774087131023407,-1.1489981395778879
BH_s29_low,37,59,38.96666666666667,-0.06303801387548447,-0.8084837730540443
BH_s29_low,37,60,39.0,-0.21861973404884338,-0.3138709683132598
BH_s29_low,37,61,39.03333333333333,-0.3742014467716217,0.26510887577306963
BH_s29_low,37,62,39.06666666666667,-0.6087110042572021,0.8287542100267634
BH_s29_low,37,63,39.1,-0.7804940938949585,1.2738652906090546
BH_s29_low,37,64,39.13333333333333,-0.9988023042678833,1.5241556026584409
BH_s29_low,37,65,39.166666666666664,-1.1543840169906616,1.551413751522361
BH_s29_low,37,66,39.2,-1.22165846824646,1.3791519667992271
BH_s29_low,37,67,39.233333333333334,-1.0353806018829346,1.0694381731119575
BH_s29_low,37,68,39.266666666666666,-0.24553494155406952,0.6999370132749123
BH_s29_low,37,69,39.3,0.8483687043190002,0.34012153864765127
BH_s29_low,37,70,39.333333333333336,1.7787340879440308,0.034338871526985656
BH_s29_low,37,71,39.36666666666667,2.17024827003479,-0.20400840930330405
BH_s29_low,37,72,39.4,1.943983554840088,-0.38727174948929655
BH_s29_low,37,73,39.43333333333333,1.481502652168274,-0.5410337665430598
BH_s29_low,37,74,39.46666666666667,0.9358295798301697,-0.6894347844089931
BH_s29_low,37,75,39.5,0.3901565670967102,-0.8430345982829495
BH_s29_low,37,76,39.53333333333333,0.06790704280138016,-0.9922718436614942
BH_s29_low,37,77,39.56666666666667,-0.03774087131023407,-1.1077932488657756
BH_s29_low,37,78,39.6,-0.03774087131023407,-1.1475238383396205
BH_s29_low,37,79,39.63333333333333,-0.03774087131023407,-1.0692415553606591
BH_s29_low,37,80,39.666666666666664,-0.17314070463180542,-0.8461487007171553
BH_s29_low,37,81,39.7,-0.32872241735458374,-0.48112899996697206
BH_s29_low,37,82,39.733333333333334,-0.5632320046424866,-0.013802183493090175
BH_s29_low,37,83,39.766666666666666,-0.7977415323257446,0.4844916811366514
BH_s29_low,37,84,39.8,-1.000699520111084,0.9278897437808391
BH_s29_low,37,85,39.833333333333336,-1.1878328323364258,1.2395855956975232
BH_s29_low,37,86,39.86666666666667,-1.3005863428115845,1.3726800112668673
BH_s29_low,37,87,39.9,-1.4200685024261475,1.3203732509457347
BH_s29_low,37,88,39.93333333333333,-1.4201616048812866,1.1125874267937974
BH_s29_low,37,89,39.96666666666667,-0.926692008972168,0.8019408305355278
BH_s29_low,37,90,40.0,0.04053080826997757,0.4455636943088785
BH_s29_low,37,91,40.03333333333333,1.2085306644439697,0.08965363986283323
BH_s29_low,37,92,40.06666666666667,1.9938242435455322,-0.23838388659378978
BH_s29_low,37,93,40.1,2.039489507675171,-0.5286772773309218
BH_s29_low,37,94,40.13333333333333,1.7036893367767334,-0.7803452313475531
BH_s29_low,37,95,40.166666666666664,1.158016324043274,-0.9900589907258102
BH_s29_low,37,96,40.2,0.6123433709144592,-1.143204081451352
BH_s29_low,37,97,40.233333333333334,0.16341300308704376,-1.2121917775836797
BH_s29_low,37,98,40.266666666666666,-0.053281739354133606,-1.1635333887695285
BH_s29_low,37,99,40.3,-0.1166687086224556,-0.9715368105349683
BH_s29_low,37,100,40.333333333333336,-0.1166687086224556,-0.6334258441236399
BH_s29_low,37,101,40.36666666666667,-0.12538772821426392,-0.1792877210449186
BH_s29_low,37,102,40.4,-0.28096944093704224,0.3287539822137092
BH_s29_low,37,103,40.43333333333333,-0.4407222867012024,0.8096584948812715
BH_s29_low,37,104,40.46666666666667,-0.6729578971862793,1.184348115196421
BH_s29_low,37,105,40.5,-0.9055703282356262,1.3959664755832057
BH_s29_low,37,106,40.53333333333333,-1.0611519813537598,1.422390473033769
BH_s29_low,37,107,40.56666666666667,-1.216733694076538,1.2780485951761706
BH_s29_low,37,108,40.6,-1.372315526008606,1.005730638232061
BH_s29_low,37,109,40.63333333333333,-1.458441972732544,0.6616020571490253
BH_s29_low,37,110,40.666666666666664,-1.3912606239318848,0.2985630946984711
BH_s29_low,37,111,40.7,-0.6743587851524353,-0.046305977293252365
BH_s29_low,37,112,40.733333333333334,0.3380594253540039,-0.3560290577115516
BH_s29_low,37,113,40.766666666666666,1.4294054508209229,-0.6288805473609566
BH_s29_low,37,114,40.8,1.9146127700805664,-0.8672931221635063
BH_s29_low,37,115,40.833333333333336,1.8238320350646973,-1.0660175348503793
BH_s29_low,37,116,40.86666666666667,1.3266656398773193,-1.205292407612664
BH_s29_low,37,117,40.9,0.7043386697769165,-1.252724725443697
BH_s29_low,37,118,40.93333333333333,0.20992930233478546,-1.1740200902256541
BH_s29_low,37,119,40.96666666666667,-0.03774087131023407,-0.9487808143822763
BH_s29_low,37,120,41.0,-0.1166687086224556,-0.5847315854216336
BH_s29_low,37,121,41.03333333333333,-0.03774087131023407,-0.12347784591809545
BH_s29_low,37,122,41.06666666666667,-0.03774087131023407,0.3660522600519501
BH_s29_low,37,123,41.1,-0.07536078989505768,0.8049494201126689
BH_s29_low,37,124,41.13333333333333,-0.26628848910331726,1.125651581072874
BH_s29_low,37,125,41.166666666666664,-0.46545207500457764,1.288561426286361
BH_s29_low,37,126,41.2,-0.6999616622924805,1.288170580003643
BH_s29_low,37,127,41.233333333333334,-0.8555433750152588,1.1482957718076885
BH_s29_low,37,128,41.266666666666666,-1.011125087738037,0.9103288638730017
BH_s29_low,37,129,41.3,-1.1667068004608154,0.6197706376168189
BH_s29_low,37,130,41.333333333333336,-1.1782538890838623,0.3150390367848953
BH_s29_low,37,131,41.36666666666667,-0.6509498953819275,0.020606813066355024
BH_s29_low,37,132,41.4,0.31912311911582947,-0.2544676522689112
BH_s29_low,37,133,41.43333333333333,1.3933148384094238,-0.5121920594395372
BH_s29_low,37,134,41.46666666666667,2.026989459991455,-0.756501201294099
BH_s29_low,37,135,41.5,1.993717908859253,-0.9824542468692904
BH_s29_low,37,136,41.53333333333333,1.595568060874939,-1.1685135668570115
BH_s29_low,37,137,41.56666666666667,1.0441105365753174,-1.2764955789646435
BH_s29_low,37,138,41.6,0.5007114410400391,-1.2612271970663118
BH_s29_low,37,139,41.63333333333333,0.03995027393102646,-1.0876915793268622
BH_s29_low,37,140,41.666666666666664,-0.11563145369291306,-0.7492669841509911
BH_s29_low,37,141,41.7,-0.1166687086224556,-0.27870941607133176
BH_s29_low,37,142,41.733333333333334,-0.1166687086224556,0.2545940838608669
BH_s29_low,37,143,41.766666666666666,-0.18773743510246277,0.7617356075625609
BH_s29_low,37,144,41.8,-0.26439133286476135,1.1590068414395018
BH_s29_low,37,145,41.833333333333336,-0.4989008903503418,1.3896703148860101
BH_s29_low,37,146,41.86666666666667,-0.7187294960021973,1.434986149795704
BH_s29_low,37,147,41.9,-0.888992190361023,1.3127618918480566
BH_s29_low,37,148,41.93333333333333,-1.1235017776489258,1.0662795987773848
BH_s29_low,37,149,41.96666666666667,-1.279083490371704,0.748463576551834
BH_s29_low,37,150,42.0,-1.1113563776016235,0.40653526027425163
BH_s29_low,37,151,42.03333333333333,-0.3519009053707123,0.07173054237498148
BH_s29_low,37,152,42.06666666666667,0.7617235779762268,-0.24296460872671707
BH_s29_low,37,153,42.1,1.7824618816375732,-0.5367368807875776
BH_s29_low,37,154,42.13333333333333,2.17223858833313,-0.809434378626611
BH_s29_low,37,155,42.166666666666664,2.0057480335235596,-1.0499494800209446
BH_s29_low,37,156,42.2,1.532642126083374,-1.2301251559393689
BH_s29_low,37,157,42.233333333333334,0.9892430901527405,-1.3079271352423658
BH_s29_low,37,158,42.266666666666666,0.48280349373817444,-1.2402389607399629
BH_s29_low,37,159,42.3,0.05074380710721016,-1.0015710037174483
BH_s29_low,37,160,42.333333333333336,-0.0701524168252945,-0.6014295404328412
BH_s29_low,37,161,42.36666666666667,-0.1166687086224556,-0.09177703333276166
BH_s29_low,37,162,42.4,-0.1166687086224556,0.4414861770635114
BH_s29_low,37,163,42.43333333333333,-0.1422584056854248,0.9021470561353778
BH_s29_low,37,164,42.46666666666667,-0.2978401184082031,1.2127451757465768
BH_s29_low,37,165,42.5,-0.532349705696106,1.3356097976657242
BH_s29_low,37,166,42.53333333333333,-0.766859233379364,1.277610630402464
BH_s29_low,37,167,42.56666666666667,-0.9224410057067871,1.0796270478727157
BH_s29_low,37,168,42.6,-1.15695059299469,0.7978525110416115
BH_s29_low,37,169,42.63333333333333,-1.3005863428115845,0.48502880875744525
BH_s29_low,37,170,42.666666666666664,-1.192642331123352,0.1773363140516625
BH_s29_low,37,171,42.7,-0.4669194221496582,-0.11037686668690938
BH_s29_low,37,172,42.733333333333334,0.6346748471260071,-0.38049932602183595
BH_s29_low,37,173,42.766666666666666,1.7100722789764404,-0.6412862908881852
BH_s29_low,37,174,42.8,2.17223858833313,-0.8926669933185901
BH_s29_low,37,175,42.833333333333336,2.0177783966064453,-1.1155325114154033
BH_s29_low,37,176,42.86666666666667,1.552730917930603,-1.2698041923736358
BH_s29_low,37,177,42.9,1.013303518295288,-1.3033905655004878
BH_s29_low,37,178,42.93333333333333,0.4613848924636841,-1.1702973105530987
BH_s29_low,37,179,42.96666666666667,0.06277403235435486,-0.8522221383211221
BH_s29_low,37,180,43.0,-0.10360122472047806,-0.37484500289473577
BH_s29_low,37,181,43.03333333333333,-0.1166687086224556,0.189911356022044
BH_s29_low,37,182,43.06666666666667,-0.1166687086224556,0.7395407076415671
BH_s29_low,37,183,43.1,-0.19559654593467712,1.1702396039304206
BH_s29_low,37,184,43.13333333333333,-0.3880534768104553,1.4080232388166163
BH_s29_low,37,185,43.166666666666664,-0.5657985210418701,1.428257680310007
BH_s29_low,37,186,43.2,-0.8003080487251282,1.2564214565584737
BH_s29_low,37,187,43.233333333333334,-0.9558897614479065,0.9522959912645328
BH_s29_low,37,188,43.266666666666666,-1.190399408340454,0.5861807608330415
BH_s29_low,37,189,43.3,-1.3459811210632324,0.21709974742323626
BH_s29_low,37,190,43.333333333333336,-1.2932724952697754,-0.11964914852223528
BH_s29_low,37,191,43.36666666666667,-0.6608657836914062,-0.41284713864660755
BH_s29_low,37,192,43.4,0.4286983013153076,-0.6654774021642328
BH_s29_low,37,193,43.43333333333333,1.4855272769927979,-0.8799656216182168
BH_s29_low,37,194,43.46666666666667,2.048408031463623,-1.0455470005462069
BH_s29_low,37,195,43.5,1.950880765914917,-1.1339836618643895
BH_s29_low,37,196,43.53333333333333,1.5018352270126343,-1.1065582529388016
BH_s29_low,37,197,43.56666666666667,0.9067115187644958,-0.9304448277619982
BH_s29_low,37,198,43.6,0.361038476228714,-0.5979593458111614
BH_s29_low,37,199,43.63333333333333,0.018531691282987595,-0.1398147803961312
BH_s29_low,37,200,43.666666666666664,-0.1166687086224556,0.37512767078879933
BH_s29_low,37,201,43.7,-0.1166687086224556,0.855684530762583
BH_s29_low,37,202,43.733333333333334,-0.1166687086224556,1.2142540942066709
BH_s29_low,37,203,43.766666666666666,-0.1302281767129898,1.3920946418712776
BH_s29_low,37,204,43.8,-0.2858099043369293,1.3738890119399056
BH_s29_low,37,205,43.833333333333336,-0.5203194618225098,1.187009527762421
BH_s29_low,37,206,43.86666666666667,-0.6826388239860535,0.887740190881855
BH_s29_low,37,207,43.9,-0.9104107618331909,0.5413538126926052
BH_s29_low,37,208,43.93333333333333,-1.0659924745559692,0.20358302559813407
BH_s29_low,37,209,43.96666666666667,-1.2215741872787476,-0.09132998590914757
BH_s29_low,37,210,44.0,-0.9130216836929321,-0.33401048302250447
BH_s29_low,37,211,44.03333333333333,-0.14446157217025757,-0.5353859125150179
BH_s29_low,37,212,44.06666666666667,0.9399783611297607,-0.7164011463819075
BH_s29_low,37,213,44.1,1.8198070526123047,-0.894983903872249
BH_s29_low,37,214,44.13333333333333,2.014382839202881,-1.073669797379688
BH_s29_low,37,215,44.166666666666664,1.6609275341033936,-1.2319182035318619
BH_s29_low,37,216,44.2,1.1312564611434937,-1.3274106897759386
BH_s29_low,37,217,44.233333333333334,0.5878574252128601,-1.3085091380847222
BH_s29_low,37,218,44.266666666666666,0.1612144112586975,-1.1348804505361854
BH_s29_low,37,219,44.3,-0.03774087131023407,-0.7980832652171274
BH_s29_low,37,220,44.333333333333336,-0.03774087131023407,-0.3324757173255537
BH_s29_low,37,221,44.36666666666667,-0.03774087131023407,0.189569676457712
BH_s29_low,37,222,44.4,-0.03774087131023407,0.6770586767176994
BH_s29_low,37,223,44.43333333333333,-0.16367699205875397,1.0465820305034848
BH_s29_low,37,224,44.46666666666667,-0.3192587196826935,1.2448841664519106
BH_s29_low,37,225,44.5,-0.5537682771682739,1.259771810119568
BH_s29_low,37,226,44.53333333333333,-0.7093499898910522,1.1171942580312177
BH_s29_low,37,227,44.56666666666667,-0.9028441905975342,0.8680099507108432
BH_s29_low,37,228,44.6,-1.063802719116211,0.5706127690002386
BH_s29_low,37,229,44.63333333333333,-0.8514166474342346,0.27539814675338753
BH_s29_low,37,230,44.666666666666664,-0.08798069506883621,0.015414407687147663
BH_s29_low,37,231,44.7,0.9532541632652283,-0.1950020649709201
BH_s29_low,37,232,44.733333333333334,1.8572275638580322,-0.3548748800284763
BH_s29_low,37,233,44.766666666666666,2.1479697227478027,-0.46817922038067955
BH_s29_low,37,234,44.8,1.891465425491333,-0.5366725888489049
BH_s29_low,37,235,44.833333333333336,1.4619324207305908,-0.5570790632020024
BH_s29_low,37,236,44.86666666666667,0.9185333847999573,-0.5234109790083914
BH_s29_low,37,237,44.9,0.39030730724334717,-0.432647051013116
BH_s29_low,37,238,44.93333333333333,0.028287962079048157,-0.2902573636902556
BH_s29_low,37,239,44.96666666666667,-0.03774087131023407,-0.11225482180169769
BH_s29_low,38,0,38.0,1.1411322355270386,0.045921833384185165
BH_s29_low,38,1,38.03333333333333,1.7976793050765991,-0.18495603031359584
BH_s29_low,38,2,38.06666666666667,1.9199230670928955,-0.4083829973247885
BH_s29_low,38,3,38.1,1.6032675504684448,-0.6081943337034379
BH_s29_low,38,4,38.13333333333333,1.0575945377349854,-0.7560577400411111
BH_s29_low,38,5,38.166666666666664,0.5119215846061707,-0.8154092277865772
BH_s29_low,38,6,38.2,0.04517640545964241,-0.7525500006956338
BH_s29_low,38,7,38.233333333333334,-0.11306494474411011,-0.5514061271258254
BH_s29_low,38,8,38.266666666666666,-0.1897188276052475,-0.22589765632792014
BH_s29_low,38,9,38.3,-0.1166687086224556,0.1766053817473355
BH_s29_low,38,10,38.333333333333336,-0.19559654593467712,0.5844646607021072
BH_s29_low,38,11,38.36666666666667,-0.34075266122817993,0.9216051435442445
BH_s29_low,38,12,38.4,-0.49633437395095825,1.1299303888166914
BH_s29_low,38,13,38.43333333333333,-0.7135964632034302,1.1843684647011181
BH_s29_low,38,14,38.46666666666667,-0.8864256739616394,1.0950344170660071
BH_s29_low,38,15,38.5,-1.1209352016448975,0.8978529328140471
BH_s29_low,38,16,38.53333333333333,-1.1667999029159546,0.6392276504623238
BH_s29_low,38,17,38.56666666666667,-0.7745367288589478,0.36104806341979945
BH_s29_low,38,18,38.6,0.027339251711964607,0.09085518338526252
BH_s29_low,38,19,38.63333333333333,1.1667219400405884,-0.16065035165179653
BH_s29_low,38,20,38.666666666666664,1.914887547492981,-0.3955025181529498
BH_s29_low,38,21,38.7,2.0498220920562744,-0.6205430787388175
BH_s29_low,38,22,38.733333333333334,1.7328828573226929,-0.838909141988693
BH_s29_low,38,23,38.766666666666666,1.2271968126296997,-1.0435377489316835
BH_s29_low,38,24,38.8,0.7204646468162537,-1.2143978349521218
BH_s29_low,38,25,38.833333333333336,0.2537194788455963,-1.320326551504622
BH_s29_low,38,26,38.86666666666667,0.00906797219067812,-1.3254993671815998
BH_s29_low,38,27,38.9,-0.03774087131023407,-1.1995692661005857
BH_s29_low,38,28,38.93333333333333,-0.03774087131023407,-0.9292920544746418
BH_s29_low,38,29,38.96666666666667,-0.06303801387548447,-0.5280887216902794
BH_s29_low,38,30,39.0,-0.21861973404884338,-0.03920930288871711
BH_s29_low,38,31,39.03333333333333,-0.3742014467716217,0.4705109396077548
BH_s29_low,38,32,39.06666666666667,-0.6087110042572021,0.9254551496708145
BH_s29_low,38,33,39.1,-0.7804940938949585,1.259618829697659
BH_s29_low,38,34,39.13333333333333,-0.9988023042678833,1.4319810939525028
BH_s29_low,38,35,39.166666666666664,-1.1543840169906616,1.4338557966521683
BH_s29_low,38,36,39.2,-1.22165846824646,1.2869511257543227
BH_s29_low,38,37,39.233333333333334,-1.0353806018829346,1.034310457222252
BH_s29_low,38,38,39.266666666666666,-0.24553494155406952,0.7277357835834753
BH_s29_low,38,39,39.3,0.8483687043190002,0.4152067707614828
BH_s29_low,38,40,39.333333333333336,1.7787340879440308,0.13131827882382674
BH_s29_low,38,41,39.36666666666667,2.17024827003479,-0.10717182044204503
BH_s29_low,38,42,39.4,1.943983554840088,-0.30021674411020893
BH_s29_low,38,43,39.43333333333333,1.481502652168274,-0.4589767587582437
BH_s29_low,38,44,39.46666666666667,0.9358295798301697,-0.598050665035287
BH_s29_low,38,45,39.5,0.3901565670967102,-0.7275941374140614
BH_s29_low,38,46,39.53333333333333,0.06790704280138016,-0.8470334980732881
BH_s29_low,38,47,39.56666666666667,-0.03774087131023407,-0.941741779441682
BH_s29_low,38,48,39.6,-0.03774087131023407,-0.9840122650506573
BH_s29_low,38,49,39.63333333333333,-0.03774087131023407,-0.9394177131789818
BH_s29_low,38,50,39.666666666666664,-0.17314070463180542,-0.7784244020552652
BH_s29_low,38,51,39.7,-0.32872241735458374,-0.49060497578090406
BH_s29_low,38,52,39.733333333333334,-0.5632320046424866,-0.09592325961836913
BH_s29_low,38,53,39.766666666666666,-0.7977415323257446,0.35307963455270625
BH_s29_low,38,54,39.8,-1.000699520111084,0.7811564990197146
BH_s29_low,38,55,39.833333333333336,-1.1878328323364258,1.1097995371422877
BH_s29_low,38,56,39.86666666666667,-1.3005863428115845,1.2792371389457475
BH_s29_low,38,57,39.9,-1.4200685024261475,1.2646496749150438
BH_s29_low,38,58,39.93333333333333,-1.4201616048812866,1.0807955650143297
BH_s29_low,38,59,39.96666666666667,-0.926692008972168,0.7740915623805161
BH_s29_low,38,60,40.0,0.04053080826997757,0.40598112674150333
BH_s29_low,38,61,40.03333333333333,1.2085306644439697,0.034290773641366706
BH_s29_low,38,62,40.06666666666667,1.9938242435455322,-0.3006526023950571
BH_s29_low,38,63,40.1,2.039489507675171,-0.5808153676787874
BH_s29_low,38,64,40.13333333333333,1.7036893367767334,-0.805671706995918
BH_s29_low,38,65,40.166666666666664,1.158016324043274,-0.9810568766338063
BH_s29_low,38,66,40.2,0.6123433709144592,-1.1071053766483472
BH_s29_low,38,67,40.233333333333334,0.16341300308704376,-1.170784070247912
BH_s29_low,38,68,40.266666666666666,-0.053281739354133606,-1.1465492959753776
BH_s29_low,38,69,40.3,-0.1166687086224556,-1.0055184296531714
BH_s29_low,38,70,40.333333333333336,-0.1166687086224556,-0.7302730290310129
BH_s29_low,38,71,40.36666666666667,-0.12538772821426392,-0.3295930465217504
BH_s29_low,38,72,40.4,-0.28096944093704224,0.15398460637939543
BH_s29_low,38,73,40.43333333333333,-0.4407222867012024,0.6490205249429918
BH_s29_low,38,74,40.46666666666667,-0.6729578971862793,1.072175187666765
BH_s29_low,38,75,40.5,-0.9055703282356262,1.3510939496160908
BH_s29_low,38,76,40.53333333333333,-1.0611519813537598,1.4441599750188439
BH_s29_low,38,77,40.56666666666667,-1.216733694076538,1.3498065641956998
BH_s29_low,38,78,40.6,-1.372315526008606,1.1029630152517478
BH_s29_low,38,79,40.63333333333333,-1.458441972732544,0.7613783908753424
BH_s29_low,38,80,40.666666666666664,-1.3912606239318848,0.38754283138496504
BH_s29_low,38,81,40.7,-0.6743587851524353,0.03238908227837072
BH_s29_low,38,82,40.733333333333334,0.3380594253540039,-0.2743231725784203
BH_s29_low,38,83,40.766666666666666,1.4294054508209229,-0.524573668863516
BH_s29_low,38,84,40.8,1.9146127700805664,-0.7244672455266593
BH_s29_low,38,85,40.833333333333336,1.8238320350646973,-0.8821457861357394
BH_s29_low,38,86,40.86666666666667,1.3266656398773193,-0.996385025186885
BH_s29_low,38,87,40.9,0.7043386697769165,-1.050848789453464
BH_s29_low,38,88,40.93333333333333,0.20992930233478546,-1.0172393677897726
BH_s29_low,38,89,40.96666666666667,-0.03774087131023407,-0.8673459017685395
BH_s29_low,38,90,41.0,-0.1166687086224556,-0.589847926774309
BH_s29_low,38,91,41.03333333333333,-0.03774087131023407,-0.20429657912597385
BH_s29_low,38,92,41.06666666666667,-0.03774087131023407,0.2358463515925311
BH_s29_low,38,93,41.1,-0.07536078989505768,0.6549865773174658
BH_s29_low,38,94,41.13333333333333,-0.26628848910331726,0.977859605077761
BH_s29_low,38,95,41.166666666666664,-0.46545207500457764,1.152329437255872
BH_s29_low,38,96,41.2,-0.6999616622924805,1.1625420676151366
BH_s29_low,38,97,41.233333333333334,-0.8555433750152588,1.0283167587745115
BH_s29_low,38,98,41.266666666666666,-1.011125087738037,0.7935642724996438
BH_s29_low,38,99,41.3,-1.1667068004608154,0.5103071185034551
BH_s29_low,38,100,41.333333333333336,-1.1782538890838623,0.22412518493996905
BH_s29_low,38,101,41.36666666666667,-0.6509498953819275,-0.03578391814225651
BH_s29_low,38,102,41.4,0.31912311911582947,-0.2602827575025881
BH_s29_low,38,103,41.43333333333333,1.3933148384094238,-0.4569212312132876
BH_s29_low,38,104,41.46666666666667,2.026989459991455,-0.6403866228579636
BH_s29_low,38,105,41.5,1.993717908859253,-0.8198751061044767
BH_s29_low,38,106,41.53333333333333,1.595568060874939,-0.9880829876485644
BH_s29_low,38,107,41.56666666666667,1.0441105365753174,-1.1165911407007185
BH_s29_low,38,108,41.6,0.5007114410400391,-1.1606508848947026
BH_s29_low,38,109,41.63333333333333,0.03995027393102646,-1.073207415898902
BH_s29_low,38,110,41.666666666666664,-0.11563145369291306,-0.8243173696158068
BH_s29_low,38,111,41.7,-0.1166687086224556,-0.4189242942630105
BH_s29_low,38,112,41.733333333333334,-0.1166687086224556,0.09525060593083177
BH_s29_low,38,113,41.766666666666666,-0.18773743510246277,0.6350865867513754
BH_s29_low,38,114,41.8,-0.26439133286476135,1.1032422379213025
BH_s29_low,38,115,41.833333333333336,-0.4989008903503418,1.4150885037559715
BH_s29_low,38,116,41.86666666666667,-0.7187294960021973,1.5213126920509898
BH_s29_low,38,117,41.9,-0.888992190361023,1.4186521514849224
BH_s29_low,38,118,41.93333333333333,-1.1235017776489258,1.1460533633994625
BH_s29_low,38,119,41.96666666666667,-1.279083490371704,0.768702326637402
BH_s29_low,38,120,42.0,-1.1113563776016235,0.35632706892182464
BH_s29_low,38,121,42.03333333333333,-0.3519009053707123,-0.03622643865592371
BH_s29_low,38,122,42.06666666666667,0.7617235779762268,-0.37940419577448176
BH_s29_low,38,123,42.1,1.7824618816375732,-0.6673430800124724
BH_s29_low,38,124,42.13333333333333,2.17223858833313,-0.90619710592975
BH_s29_low,38,125,42.166666666666664,2.0057480335235596,-1.0984141455082195
BH_s29_low,38,126,42.2,1.532642126083374,-1.23053032212075
BH_s29_low,38,127,42.233333333333334,0.9892430901527405,-1.2707240122022512
BH_s29_low,38,128,42.266666666666666,0.48280349373817444,-1.178706167583876
BH_s29_low,38,129,42.3,0.05074380710721016,-0.9252780413477885
BH_s29_low,38,130,42.333333333333336,-0.0701524168252945,-0.5135825455292411
BH_s29_low,38,131,42.36666666666667,-0.1166687086224556,0.008703949134655262
BH_s29_low,38,132,42.4,-0.1166687086224556,0.5548246865237305
BH_s29_low,38,133,42.43333333333333,-0.1422584056854248,1.0226895967846479
BH_s29_low,38,134,42.46666666666667,-0.2978401184082031,1.3269813014123262
BH_s29_low,38,135,42.5,-0.532349705696106,1.4243983296768723
BH_s29_low,38,136,42.53333333333333,-0.766859233379364,1.3216936092190996
BH_s29_low,38,137,42.56666666666667,-0.9224410057067871,1.0661398821721262
BH_s29_low,38,138,42.6,-1.15695059299469,0.7252863311843764
BH_s29_low,38,139,42.63333333333333,-1.3005863428115845,0.36483438455149564
BH_s29_low,38,140,42.666666666666664,-1.192642331123352,0.03163636457960049
BH_s29_low,38,141,42.7,-0.4669194221496582,-0.2541507679869922
BH_s29_low,38,142,42.733333333333334,0.6346748471260071,-0.4961993422525092
BH_s29_low,38,143,42.766666666666666,1.7100722789764404,-0.7096834675128213
BH_s29_low,38,144,42.8,2.17223858833313,-0.9045063804285548
BH_s29_low,38,145,42.833333333333336,2.0177783966064453,-1.071628000900697
BH_s29_low,38,146,42.86666666666667,1.552730917930603,-1.1790507259389669
BH_s29_low,38,147,42.9,1.013303518295288,-1.1800791127337351
BH_s29_low,38,148,42.93333333333333,0.4613848924636841,-1.0315552645391237
BH_s29_low,38,149,42.96666666666667,0.06277403235435486,-0.7154539624198459
BH_s29_low,38,150,43.0,-0.10360122472047806,-0.25486839629063046
BH_s29_low,38,151,43.03333333333333,-0.1166687086224556,0.28355228147705763
BH_s29_low,38,152,43.06666666666667,-0.1166687086224556,0.803818772435629
BH_s29_low,38,153,43.1,-0.19559654593467712,1.2074301768294957
BH_s29_low,38,154,43.13333333333333,-0.3880534768104553,1.4224652003746627
BH_s29_low,38,155,43.166666666666664,-0.5657985210418701,1.4230389723229597
BH_s29_low,38,156,43.2,-0.8003080487251282,1.2320028026937064
BH_s29_low,38,157,43.233333333333334,-0.9558897614479065,0.9076208399444807
BH_s29_low,38,158,43.266666666666666,-1.190399408340454,0.5212155338692941
BH_s29_low,38,159,43.3,-1.3459811210632324,0.1350781167140991
BH_s29_low,38,160,43.333333333333336,-1.2932724952697754,-0.21170364851388992
BH_s29_low,38,161,43.36666666666667,-0.6608657836914062,-0.5058519261259379
BH_s29_low,38,162,43.4,0.4286983013153076,-0.7517095507691469
BH_s29_low,38,163,43.43333333333333,1.4855272769927979,-0.9566923475768254
BH_s29_low,38,164,43.46666666666667,2.048408031463623,-1.1170237959706497
BH_s29_low,38,165,43.5,1.950880765914917,-1.210388194281044
BH_s29_low,38,166,43.53333333333333,1.5018352270126343,-1.1996419868730603
BH_s29_low,38,167,43.56666666666667,0.9067115187644958,-1.0474174529967708
BH_s29_low,38,168,43.6,0.361038476228714,-0.7366301434923259
BH_s29_low,38,169,43.63333333333333,0.018531691282987595,-0.2879860127649152
BH_s29_low,38,170,43.666666666666664,-0.1166687086224556,0.23540100902858815
BH_s29_low,38,171,43.7,-0.1166687086224556,0.7415739171935491
BH_s29_low,38,172,43.733333333333334,-0.1166687086224556,1.1371696170449055
BH_s29_low,38,173,43.766666666666666,-0.1302281767129898,1.3563724215521253
BH_s29_low,38,174,43.8,-0.2858099043369293,1.3786329449071149
BH_s29_low,38,175,43.833333333333336,-0.5203194618225098,1.2288777404409137
BH_s29_low,38,176,43.86666666666667,-0.6826388239860535,0.962462159770413
BH_s29_low,38,177,43.9,-0.9104107618331909,0.6430315552726441
BH_s29_low,38,178,43.93333333333333,-1.0659924745559692,0.3224169508784001
BH_s29_low,38,179,43.96666666666667,-1.2215741872787476,0.028907862517939257
BH_s29_low,38,180,44.0,-0.9130216836929321,-0.23370920082811633
BH_s29_low,38,181,44.03333333333333,-0.14446157217025757,-0.47761526633620616
BH_s29_low,38,182,44.06666666666667,0.9399783611297607,-0.7169183990454563
BH_s29_low,38,183,44.1,1.8198070526123047,-0.9533845874478254
BH_s29_low,38,184,44.13333333333333,2.014382839202881,-1.1669796322479096
BH_s29_low,38,185,44.166666666666664,1.6609275341033936,-1.3150759649997876
BH_s29_low,38,186,44.2,1.1312564611434937,-1.3423069014421207
BH_s29_low,38,187,44.233333333333334,0.5878574252128601,-1.199769146199578
BH_s29_low,38,188,44.266666666666666,0.1612144112586975,-0.8676511502087325
BH_s29_low,38,189,44.3,-0.03774087131023407,-0.37177621439285363
BH_s29_low,38,190,44.333333333333336,-0.03774087131023407,0.21503462027498524
BH_s29_low,38,191,44.36666666666667,-0.03774087131023407,0.7900533415709854
BH_s29_low,38,192,44.4,-0.03774087131023407,1.2502399490643563
BH_s29_low,38,193,44.43333333333333,-0.16367699205875397,1.521805315148763
BH_s29_low,38,194,44.46666666666667,-0.3192587196826935,1.5779614900063275
BH_s29_low,38,195,44.5,-0.5537682771682739,1.439594005540926
BH_s29_low,38,196,44.53333333333333,-0.7093499898910522,1.161165864058814
BH_s29_low,38,197,44.56666666666667,-0.9028441905975342,0.8091599488257603
BH_s29_low,38,198,44.6,-1.063802719116211,0.4413692764359842
BH_s29_low,38,199,44.63333333333333,-0.8514166474342346,0.09341665656144794
BH_s29_low,38,200,44.666666666666664,-0.08798069506883621,-0.22416539159778942
BH_s29_low,38,201,44.7,0.9532541632652283,-0.5183742891910244
BH_s29_low,38,202,44.733333333333334,1.8572275638580322,-0.7991869143074455
BH_s29_low,38,203,44.766666666666666,2.1479697227478027,-1.064052122118251
BH_s29_low,38,204,44.8,1.891465425491333,-1.288145844625704
BH_s29_low,38,205,44.833333333333336,1.4619324207305908,-1.4253837342723417
BH_s29_low,38,206,44.86666666666667,0.9185333847999573,-1.4213050068019335
BH_s29_low,38,207,44.9,0.39030730724334717,-1.234192052047982
BH_s29_low,38,208,44.93333333333333,0.028287962079048157,-0.856862554638813
BH_s29_low,38,209,44.96666666666667,-0.03774087131023407,-0.3298004799997102
BH_s29_low,38,210,45.0,-0.03774087131023407,0.26209945662315637
BH_s29_low,38,211,45.03333333333333,-0.03774087131023407,0.8107662575002671
BH_s29_low,38,212,45.06666666666667,-0.12047190964221954,1.2166955525979277
BH_s29_low,38,213,45.1,-0.27758288383483887,1.4177872814979622
BH_s29_low,38,214,45.13333333333333,-0.5105631947517395,1.4037119050976778
BH_s29_low,38,215,45.166666666666664,-0.7420541048049927,1.2117075771876158
BH_s29_low,38,216,45.2,-0.9006544947624207,0.9076277479814121
BH_s29_low,38,217,45.233333333333334,-1.0562362670898438,0.5610412813096547
BH_s29_low,38,218,45.266666666666666,-1.0736433267593384,0.22404843842868866
BH_s29_low,38,219,45.3,-0.4929523766040802,-0.07921411848855801
BH_s29_low,38,220,45.333333333333336,0.4785745143890381,-0.3500654510408347
BH_s29_low,38,221,45.36666666666667,1.582034945487976,-0.6023577249844158
BH_s29_low,38,222,45.4,2.134366035461426,-0.8453299954472945
BH_s29_low,38,223,45.43333333333333,2.114521026611328,-1.0695701142623761
BH_s29_low,38,224,45.46666666666667,1.7691242694854736,-1.2418596050158903
BH_s29_low,38,225,45.5,1.2234512567520142,-1.3114557407326768
BH_s29_low,38,226,45.53333333333333,0.6777781844139099,-1.2266686023553777
BH_s29_low,38,227,45.56666666666667,0.21103303134441376,-0.9567627294624537
BH_s29_low,38,228,45.6,-0.005160844419151545,-0.5109176874063329
BH_s29_low,38,229,45.63333333333333,-0.03774087131023407,0.05479396302253678
BH_s29_low,38,230,45.666666666666664,-0.03774087131023407,0.6479322166559719
BH_s29_low,38,231,45.7,-0.1166687086224556,1.1655750954161865
BH_s29_low,38,232,45.733333333333334,-0.23284855484962463,1.5248874485027093
BH_s29_low,38,233,45.766666666666666,-0.4673581123352051,1.684682971987848
BH_s29_low,38,234,45.8,-0.6556439399719238,1.6500005104145168
BH_s29_low,38,235,45.833333333333336,-0.8574494123458862,1.460945706404269
BH_s29_low,38,236,45.86666666666667,-1.0130311250686646,1.1729313271473336
BH_s29_low,38,237,45.9,-1.1686128377914429,0.8366857195093677
BH_s29_low,38,238,45.93333333333333,-1.1980501413345337,0.48482995230496717
BH_s29_low,38,239,45.96666666666667,-0.7779410481452942,0.12884899299456648
BH_s29_low,39,0,39.0,-0.21861973404884338,0.09096695644840087
BH_s29_low,39,1,39.03333333333333,-0.3742014467716217,0.5308784244121176
BH_s29_low,39,2,39.06666666666667,-0.6087110042572021,0.9161723229504761
BH_s29_low,39,3,39.1,-0.7804940938949585,1.2039619931548353
BH_s29_low,39,4,39.13333333333333,-0.9988023042678833,1.3686778666944859
BH_s29_low,39,5,39.166666666666664,-1.1543840169906616,1.4049520917277636
BH_s29_low,39,6,39.2,-1.22165846824646,1.3252428188129517
BH_s29_low,39,7,39.233333333333334,-1.0353806018829346,1.154241452003345
BH_s29_low,39,8,39.266666666666666,-0.24553494155406952,0.9223911396711121
BH_s29_low,39,9,39.3,0.8483687043190002,0.6598263881407216
BH_s29_low,39,10,39.333333333333336,1.7787340879440308,0.3916163586051526
BH_s29_low,39,11,39.36666666666667,2.17024827003479,0.135070592561676
BH_s29_low,39,12,39.4,1.943983554840088,-0.10077568985381732
BH_s29_low,39,13,39.43333333333333,1.481502652168274,-0.31398834473642384
BH_s29_low,39,14,39.46666666666667,0.9358295798301697,-0.5072677778482956
BH_s29_low,39,15,39.5,0.3901565670967102,-0.6843023208017516
BH_s29_low,39,16,39.53333333333333,0.06790704280138016,-0.8453181510487883
BH_s29_low,39,17,39.56666666666667,-0.03774087131023407,-0.9828732821824986
BH_s29_low,39,18,39.6,-0.03774087131023407,-1.0794911968923238
BH_s29_low,39,19,39.63333333333333,-0.03774087131023407,-1.1088750148531024
BH_s29_low,39,20,39.666666666666664,-0.17314070463180542,-1.0419070186753245
BH_s29_low,39,21,39.7,-0.32872241735458374,-0.8569427367700055
BH_s29_low,39,22,39.733333333333334,-0.5632320046424866,-0.5513269264383855
BH_s29_low,39,23,39.766666666666666,-0.7977415323257446,-0.14929197318354934
BH_s29_low,39,24,39.8,-1.000699520111084,0.298010925862983
BH_s29_low,39,25,39.833333333333336,-1.1878328323364258,0.7218714165816791
BH_s29_low,39,26,39.86666666666667,-1.3005863428115845,1.0526588626101172
BH_s29_low,39,27,39.9,-1.4200685024261475,1.2382681844881767
BH_s29_low,39,28,39.93333333333333,-1.4201616048812866,1.2572450262481274
BH_s29_low,39,29,39.96666666666667,-0.926692008972168,1.1213090984941447
BH_s29_low,39,30,40.0,0.04053080826997757,0.8672113319673072
BH_s29_low,39,31,40.03333333333333,1.2085306644439697,0.5427200340128581
BH_s29_low,39,32,40.06666666666667,1.9938242435455322,0.19273176646584453
BH_s29_low,39,33,40.1,2.039489507675171,-0.1500003664435635
BH_s29_low,39,34,40.13333333333333,1.7036893367767334,-0.4670374403476845
BH_s29_low,39,35,40.166666666666664,1.158016324043274,-0.749283203156859
BH_s29_low,39,36,40.2,0.6123433709144592,-0.9878888145973048
BH_s29_low,39,37,40.233333333333334,0.16341300308704376,-1.1661090786038046
BH_s29_low,39,38,40.266666666666666,-0.053281739354133606,-1.2567170084525217
BH_s29_low,39,39,40.3,-0.1166687086224556,-1.2271328701858197
BH_s29_low,39,40,40.333333333333336,-0.1166687086224556,-1.0513126970128057
BH_s29_low,39,41,40.36666666666667,-0.12538772821426392,-0.7242960592462876
BH_s29_low,39,42,40.4,-0.28096944093704224,-0.2729728458532432
BH_s29_low,39,43,40.43333333333333,-0.4407222867012024,0.24306048564600435
BH_s29_low,39,44,40.46666666666667,-0.6729578971862793,0.7428453620513576
BH_s29_low,39,45,40.5,-0.9055703282356262,1.1443824016278816
BH_s29_low,39,46,40.53333333333333,-1.0611519813537598,1.3864866990189684
BH_s29_low,39,47,40.56666666666667,-1.216733694076538,1.4438694493315278
BH_s29_low,39,48,40.6,-1.372315526008606,1.3300421408302006
BH_s29_low,39,49,40.63333333333333,-1.458441972732544,1.0878365177695537
BH_s29_low,39,50,40.666666666666664,-1.3912606239318848,0.7723386937157743
BH_s29_low,39,51,40.7,-0.6743587851524353,0.4335074588527813
BH_s29_low,39,52,40.733333333333334,0.3380594253540039,0.10473245908217696
BH_s29_low,39,53,40.766666666666666,1.4294054508209229,-0.1996827848282158
BH_s29_low,39,54,40.8,1.9146127700805664,-0.4787064991717391
BH_s29_low,39,55,40.833333333333336,1.8238320350646973,-0.7338263515658227
BH_s29_low,39,56,40.86666666666667,1.3266656398773193,-0.9582831957416337
BH_s29_low,39,57,40.9,0.7043386697769165,-1.1310794369632582
BH_s29_low,39,58,40.93333333333333,0.20992930233478546,-1.2187324811918006
BH_s29_low,39,59,40.96666666666667,-0.03774087131023407,-1.1848843044781008
BH_s29_low,39,60,41.0,-0.1166687086224556,-1.004873039770797
BH_s29_low,39,61,41.03333333333333,-0.03774087131023407,-0.6799535061650598
BH_s29_low,39,62,41.06666666666667,-0.03774087131023407,-0.2448920732854425
BH_s29_low,39,63,41.1,-0.07536078989505768,0.23567778739956116
BH_s29_low,39,64,41.13333333333333,-0.26628848910331726,0.6823087256776329
BH_s29_low,39,65,41.166666666666664,-0.46545207500457764,1.0220526116748265
BH_s29_low,39,66,41.2,-0.6999616622924805,1.2075714699515048
BH_s29_low,39,67,41.233333333333334,-0.8555433750152588,1.226601608425707
BH_s29_low,39,68,41.266666666666666,-1.011125087738037,1.099463014638634
BH_s29_low,39,69,41.3,-1.1667068004608154,0.8676890648245277
BH_s29_low,39,70,41.333333333333336,-1.1782538890838623,0.5790087841497652
BH_s29_low,39,71,41.36666666666667,-0.6509498953819275,0.27358681076902286
BH_s29_low,39,72,41.4,0.31912311911582947,-0.02440237856334948
BH_s29_low,39,73,41.43333333333333,1.3933148384094238,-0.30724525214443205
BH_s29_low,39,74,41.46666666666667,2.026989459991455,-0.5763108177538979
BH_s29_low,39,75,41.5,1.993717908859253,-0.8301369789880001
BH_s29_low,39,76,41.53333333333333,1.595568060874939,-1.0535135464434853
BH_s29_low,39,77,41.56666666666667,1.0441105365753174,-1.2132289235065579
BH_s29_low,39,78,41.6,0.5007114410400391,-1.263871210038531
BH_s29_low,39,79,41.63333333333333,0.03995027393102646,-1.163041819920165
BH_s29_low,39,80,41.666666666666664,-0.11563145369291306,-0.8909051857239276
BH_s29_low,39,81,41.7,-0.1166687086224556,-0.4657565541925842
BH_s29_low,39,82,41.733333333333334,-0.1166687086224556,0.05289601145844028
BH_s29_low,39,83,41.766666666666666,-0.18773743510246277,0.57750132178795
BH_s29_low,39,84,41.8,-0.26439133286476135,1.0171335293430455
BH_s29_low,39,85,41.833333333333336,-0.4989008903503418,1.3027280267423877
BH_s29_low,39,86,41.86666666666667,-0.7187294960021973,1.4029349470292418
BH_s29_low,39,87,41.9,-0.888992190361023,1.3264451583682746
BH_s29_low,39,88,41.93333333333333,-1.1235017776489258,1.112351320826989
BH_s29_low,39,89,41.96666666666667,-1.279083490371704,0.8136103935166005
BH_s29_low,39,90,42.0,-1.1113563776016235,0.47991519281742595
BH_s29_low,39,91,42.03333333333333,-0.3519009053707123,0.1456321356556568
BH_s29_low,39,92,42.06666666666667,0.7617235779762268,-0.17362914439772523
BH_s29_low,39,93,42.1,1.7824618816375732,-0.47541753784985846
BH_s29_low,39,94,42.13333333333333,2.17223858833313,-0.758934135607082
BH_s29_low,39,95,42.166666666666664,2.0057480335235596,-1.0131216444646487
BH_s29_low,39,96,42.2,1.532642126083374,-1.2099705559655838
BH_s29_low,39,97,42.233333333333334,0.9892430901527405,-1.3067818493310934
BH_s29_low,39,98,42.266666666666666,0.48280349373817444,-1.25809038803094
BH_s29_low,39,99,42.3,0.05074380710721016,-1.0342865196553865
BH_s29_low,39,100,42.333333333333336,-0.0701524168252945,-0.6403684284276624
BH_s29_low,39,101,42.36666666666667,-0.1166687086224556,-0.12604402779324994
BH_s29_low,39,102,42.4,-0.1166687086224556,0.42047824749800633
BH_s29_low,39,103,42.43333333333333,-0.1422584056854248,0.8961823428515042
BH_s29_low,39,104,42.46666666666667,-0.2978401184082031,1.2154183984006282
BH_s29_low,39,105,42.5,-0.532349705696106,1.3355074641096405
BH_s29_low,39,106,42.53333333333333,-0.766859233379364,1.2645974511530924
BH_s29_low,39,107,42.56666666666667,-0.9224410057067871,1.0505851095480625
BH_s29_low,39,108,42.6,-1.15695059299469,0.7585368735326526
BH_s29_low,39,109,42.63333333333333,-1.3005863428115845,0.4472318988603492
BH_s29_low,39,110,42.666666666666664,-1.192642331123352,0.1532233413411699
BH_s29_low,39,111,42.7,-0.4669194221496582,-0.11370848145709722
BH_s29_low,39,112,42.733333333333334,0.6346748471260071,-0.36367590633749075
BH_s29_low,39,113,42.766666666666666,1.7100722789764404,-0.6115635913007776
BH_s29_low,39,114,42.8,2.17223858833313,-0.8599789250019756
BH_s29_low,39,115,42.833333333333336,2.0177783966064453,-1.0878072833849222
BH_s29_low,39,116,42.86666666666667,1.552730917930603,-1.2496921608062348
BH_s29_low,39,117,42.9,1.013303518295288,-1.287510277315649
BH_s29_low,39,118,42.93333333333333,0.4613848924636841,-1.150789073192763
BH_s29_low,39,119,42.96666666666667,0.06277403235435486,-0.8195972929943319
BH_s29_low,39,120,43.0,-0.10360122472047806,-0.32113747706432716
BH_s29_low,39,121,43.03333333333333,-0.1166687086224556,0.2682628945426985
BH_s29_low,39,122,43.06666666666667,-0.1166687086224556,0.8395366836265205
BH_s29_low,39,123,43.1,-0.19559654593467712,1.281644529225523
BH_s29_low,39,124,43.13333333333333,-0.3880534768104553,1.515041229289738
BH_s29_low,39,125,43.166666666666664,-0.5657985210418701,1.5137895805591062
BH_s29_low,39,126,43.2,-0.8003080487251282,1.3077940065220532
BH_s29_low,39,127,43.233333333333334,-0.9558897614479065,0.9661667169582895
BH_s29_low,39,128,43.266666666666666,-1.190399408340454,0.5703354366773632
BH_s29_low,39,129,43.3,-1.3459811210632324,0.18811952265944362
BH_s29_low,39,130,43.333333333333336,-1.2932724952697754,-0.14229853400090564
BH_s29_low,39,131,43.36666666666667,-0.6608657836914062,-0.41455929559731053
BH_s29_low,39,132,43.4,0.4286983013153076,-0.6436221698622024
BH_s29_low,39,133,43.43333333333333,1.4855272769927979,-0.8477587778855966
BH_s29_low,39,134,43.46666666666667,2.048408031463623,-1.0306880246067027
BH_s29_low,39,135,43.5,1.950880765914917,-1.1715660781002
BH_s29_low,39,136,43.53333333333333,1.5018352270126343,-1.2277896444070249
BH_s29_low,39,137,43.56666666666667,0.9067115187644958,-1.1506711824451048
BH_s29_low,39,138,43.6,0.361038476228714,-0.9085487154998719
BH_s29_low,39,139,43.63333333333333,0.018531691282987595,-0.5077557009058912
BH_s29_low,39,140,43.666666666666664,-0.1166687086224556,-0.001143060344640705
BH_s29_low,39,141,43.7,-0.1166687086224556,0.5218793704053445
BH_s29_low,39,142,43.733333333333334,-0.1166687086224556,0.9613378006471553
BH_s29_low,39,143,43.766666666666666,-0.1302281767129898,1.238077974588574
BH_s29_low,39,144,43.8,-0.2858099043369293,1.3169086784530624
BH_s29_low,39,145,43.833333333333336,-0.5203194618225098,1.2120575994824503
BH_s29_low,39,146,43.86666666666667,-0.6826388239860535,0.9746578593388818
BH_s29_low,39,147,43.9,-0.9104107618331909,0.6701183665020648
BH_s29_low,39,148,43.93333333333333,-1.0659924745559692,0.3555619553048009
BH_s29_low,39,149,43.96666666666667,-1.2215741872787476,0.06504048411996632
BH_s29_low,39,150,44.0,-0.9130216836929321,-0.19375414953212186
BH_s29_low,39,151,44.03333333333333,-0.14446157217025757,-0.4316387472045207
BH_s29_low,39,152,44.06666666666667,0.9399783611297607,-0.6629555248517642
BH_s29_low,39,153,44.1,1.8198070526123047,-0.8896608836637742
BH_s29_low,39,154,44.13333333333333,2.014382839202881,-1.090743060598829
BH_s29_low,39,155,44.166666666666664,1.6609275341033936,-1.221656886093009
BH_s29_low,39,156,44.2,1.1312564611434937,-1.2258364379332205
BH_s29_low,39,157,44.233333333333334,0.5878574252128601,-1.0562704329759307
BH_s29_low,39,158,44.266666666666666,0.1612144112586975,-0.6999246116177441
BH_s29_low,39,159,44.3,-0.03774087131023407,-0.19395283235153976
BH_s29_low,39,160,44.333333333333336,-0.03774087131023407,0.37654524408841705
BH_s29_low,39,161,44.36666666666667,-0.03774087131023407,0.9018182809649
BH_s29_low,39,162,44.4,-0.03774087131023407,1.282462513130927
BH_s29_low,39,163,44.43333333333333,-0.16367699205875397,1.4595786652056282
BH_s29_low,39,164,44.46666666666667,-0.3192587196826935,1.4274479778602935
BH_s29_low,39,165,44.5,-0.5537682771682739,1.2264789145020554
BH_s29_low,39,166,44.53333333333333,-0.7093499898910522,0.9227570658774977
BH_s29_low,39,167,44.56666666666667,-0.9028441905975342,0.5838942593988907
BH_s29_low,39,168,44.6,-1.063802719116211,0.25966202624106566
BH_s29_low,39,169,44.63333333333333,-0.8514166474342346,-0.027608827126781442
BH_s29_low,39,170,44.666666666666664,-0.08798069506883621,-0.2814885789628117
BH_s29_low,39,171,44.7,0.9532541632652283,-0.5204174782236071
BH_s29_low,39,172,44.733333333333334,1.8572275638580322,-0.7613338231978212
BH_s29_low,39,173,44.766666666666666,2.1479697227478027,-1.003820538409982
BH_s29_low,39,174,44.8,1.891465425491333,-1.220973557651647
BH_s29_low,39,175,44.833333333333336,1.4619324207305908,-1.3616038983406586
BH_s29_low,39,176,44.86666666666667,0.9185333847999573,-1.3647792902691918
BH_s29_low,39,177,44.9,0.39030730724334717,-1.1829622198456489
BH_s29_low,39,178,44.93333333333333,0.028287962079048157,-0.8056910916304642
BH_s29_low,39,179,44.96666666666667,-0.03774087131023407,-0.2736761215270815
BH_s29_low,39,180,45.0,-0.03774087131023407,0.32496351438108134
BH_s29_low,39,181,45.03333333333333,-0.03774087131023407,0.8777478883150724
BH_s29_low,39,182,45.06666666666667,-0.12047190964221954,1.281813738140447
BH_s29_low,39,183,45.1,-0.27758288383483887,1.4743047250799561
BH_s29_low,39,184,45.13333333333333,-0.5105631947517395,1.4469725811663228
BH_s29_low,39,185,45.166666666666664,-0.7420541048049927,1.2410032831284588
BH_s29_low,39,186,45.2,-0.9006544947624207,0.926505536303901
BH_s29_low,39,187,45.233333333333334,-1.0562362670898438,0.5762037088374644
BH_s29_low,39,188,45.266666666666666,-1.0736433267593384,0.2435409381349378
BH_s29_low,39,189,45.3,-0.4929523766040802,-0.0477790725050074
BH_s29_low,39,190,45.333333333333336,0.4785745143890381,-0.30100086909772045
BH_s29_low,39,191,45.36666666666667,1.582034945487976,-0.5334392602258199
BH_s29_low,39,192,45.4,2.134366035461426,-0.7596514064517415
BH_s29_low,39,193,45.43333333333333,2.114521026611328,-0.9772965077741759
BH_s29_low,39,194,45.46666666666667,1.7691242694854736,-1.1608082995354285
BH_s29_low,39,195,45.5,1.2234512567520142,-1.2653191099306194
BH_s29_low,39,196,45.53333333333333,0.6777781844139099,-1.240183382034869
BH_s29_low,39,197,45.56666666666667,0.21103303134441376,-1.0483886945798346
BH_s29_low,39,198,45.6,-0.005160844419151545,-0.685522351394781
BH_s29_low,39,199,45.63333333333333,-0.03774087131023407,-0.19047906243672535
BH_s29_low,39,200,45.666666666666664,-0.03774087131023407,0.3588550935907871
BH_s29_low,39,201,45.7,-0.1166687086224556,0.8661425146011897
BH_s29_low,39,202,45.733333333333334,-0.23284855484962463,1.2456339908642908
BH_s29_low,39,203,45.766666666666666,-0.4673581123352051,1.4465556962685866
BH_s29_low,39,204,45.8,-0.6556439399719238,1.462879661899126
BH_s29_low,39,205,45.833333333333336,-0.8574494123458862,1.326808321440648
BH_s29_low,39,206,45.86666666666667,-1.0130311250686646,1.0912693465634173
BH_s29_low,39,207,45.9,-1.1686128377914429,0.8096931135481582
BH_s29_low,39,208,45.93333333333333,-1.1980501413345337,0.5206037827240234
BH_s29_low,39,209,45.96666666666667,-0.7779410481452942,0.24134156175914967
BH_s29_low,39,210,46.0,0.1746097058057785,-0.028787527811030944
BH_s29_low,39,211,46.03333333333333,1.325823187828064,-0.29886946551235977
BH_s29_low,39,212,46.06666666666667,2.043407917022705,-0.5747048415979201
BH_s29_low,39,213,46.1,2.068833589553833,-0.8494557001105865
BH_s29_low,39,214,46.13333333333333,1.7377411127090454,-1.0998230366845756
BH_s29_low,39,215,46.166666666666664,1.194342017173767,-1.2891949578068729
BH_s29_low,39,216,46.2,0.6509429216384888,-1.3771424012318507
BH_s29_low,39,217,46.233333333333334,0.1896144449710846,-1.3326136253374417
BH_s29_low,39,218,46.266666666666666,-0.03860965371131897,-1.1465797956294181
BH_s29_low,39,219,46.3,-0.1166687086224556,-0.8391580118123386
BH_s29_low,39,220,46.333333333333336,-0.1166687086224556,-0.4571421449848606
BH_s29_low,39,221,46.36666666666667,-0.1896434724330902,-0.06145259213007977
BH_s29_low,39,222,46.4,-0.34522518515586853,0.29053821227102394
BH_s29_low,39,223,46.43333333333333,-0.5008069276809692,0.5596646111834043
BH_s29_low,39,224,46.46666666666667,-0.7353165149688721,0.730624329713604
BH_s29_low,39,225,46.5,-0.954777181148529,0.8080877810460868
BH_s29_low,39,226,46.53333333333333,-1.1254078149795532,0.8073752281080014
BH_s29_low,39,227,46.56666666666667,-1.2809895277023315,0.745410391406933
BH_s29_low,39,228,46.6,-1.3795140981674194,0.6360155173089371
BH_s29_low,39,229,46.63333333333333,-1.348875641822815,0.4902216680703107
BH_s29_low,39,230,46.666666666666664,-0.8012567758560181,0.3192906313491303
BH_s29_low,39,231,46.7,0.1560501903295517,0.13727075686767584
BH_s29_low,39,232,46.733333333333334,1.276088833808899,-0.038669106071834575
BH_s29_low,39,233,46.766666666666666,1.947901964187622,-0.1899269048378332
BH_s29_low,39,234,46.8,1.9275561571121216,-0.29919969285552905
BH_s29_low,39,235,46.833333333333336,1.4963253736495972,-0.35344687317178397
BH_s29_low,39,236,46.86666666666667,0.9117869138717651,-0.3464327479224464
BH_s29_low,39,237,46.9,0.3260515332221985,-0.2802590880983814
BH_s29_low,39,238,46.93333333333333,-0.07205846160650253,-0.16551567320761218
BH_s29_low,39,239,46.96666666666667,-0.19559654593467712,-0.019996151818628752
BH_s29_low,40,0,40.0,0.04053080826997757,-0.013996790019207232
BH_s29_low,40,1,40.03333333333333,1.2085306644439697,-0.1999986571106058
BH_s29_low,40,2,40.06666666666667,1.9938242435455322,-0.39343302190693596
BH_s29_low,40,3,40.1,2.039489507675171,-0.5985960790672578
BH_s29_low,40,4,40.13333333333333,1.7036893367767334,-0.8123493043165717
BH_s29_low,40,5,40.166666666666664,1.158016324043274,-1.021038109087557
BH_s29_low,40,6,40.2,0.6123433709144592,-1.1988120650800411
BH_s29_low,40,7,40.233333333333334,0.16341300308704376,-1.309362940942694
BH_s29_low,40,8,40.266666666666666,-0.053281739354133606,-1.3127153935930735
BH_s29_low,40,9,40.3,-0.1166687086224556,-1.176692631981389
BH_s29_low,40,10,40.333333333333336,-0.1166687086224556,-0.8900147063868759
BH_s29_low,40,11,40.36666666666667,-0.12538772821426392,-0.4720315744884141
BH_s29_low,40,12,40.4,-0.28096944093704224,0.02587545893814556
BH_s29_low,40,13,40.43333333333333,-0.4407222867012024,0.5294883919089384
BH_s29_low,40,14,40.46666666666667,-0.6729578971862793,0.9592364342225538
BH_s29_low,40,15,40.5,-0.9055703282356262,1.2499093014926277
BH_s29_low,40,16,40.53333333333333,-1.0611519813537598,1.365880378775934
BH_s29_low,40,17,40.56666666666667,-1.216733694076538,1.3072395715218421
BH_s29_low,40,18,40.6,-1.372315526008606,1.105567620247278
BH_s29_low,40,19,40.63333333333333,-1.458441972732544,0.811491217283951
BH_s29_low,40,20,40.666666666666664,-1.3912606239318848,0.4787687916159838
BH_s29_low,40,21,40.7,-0.6743587851524353,0.1505419629126833
BH_s29_low,40,22,40.733333333333334,0.3380594253540039,-0.14785883054273677
BH_s29_low,40,23,40.766666666666666,1.4294054508209229,-0.4079264883713178
BH_s29_low,40,24,40.8,1.9146127700805664,-0.6303052420325853
BH_s29_low,40,25,40.833333333333336,1.8238320350646973,-0.814341739103593
BH_s29_low,40,26,40.86666666666667,1.3266656398773193,-0.949703978751265
BH_s29_low,40,27,40.9,0.7043386697769165,-1.0141195344710854
BH_s29_low,40,28,40.93333333333333,0.20992930233478546,-0.9789803834152918
BH_s29_low,40,29,40.96666666666667,-0.03774087131023407,-0.8213760041430035
BH_s29_low,40,30,41.0,-0.1166687086224556,-0.5380262465976162
BH_s29_low,40,31,41.03333333333333,-0.03774087131023407,-0.15476838413070765
BH_s29_low,40,32,41.06666666666667,-0.03774087131023407,0.2740755642363351
BH_s29_low,40,33,41.1,-0.07536078989505768,0.6780463750237946
BH_s29_low,40,34,41.13333333333333,-0.26628848910331726,0.9899558290620365
BH_s29_low,40,35,41.166666666666664,-0.46545207500457764,1.1637649431826793
BH_s29_low,40,36,41.2,-0.6999616622924805,1.1839579470378545
BH_s29_low,40,37,41.233333333333334,-0.8555433750152588,1.0645107868319506
BH_s29_low,40,38,41.266666666666666,-1.011125087738037,0.8400390710168147
BH_s29_low,40,39,41.3,-1.1667068004608154,0.5536491904264256
BH_s29_low,40,40,41.333333333333336,-1.1782538890838623,0.24556471557679238
BH_s29_low,40,41,41.36666666666667,-0.6509498953819275,-0.054782732518935486
BH_s29_low,40,42,41.4,0.31912311911582947,-0.3316080749239838
BH_s29_low,40,43,41.43333333333333,1.3933148384094238,-0.5801281849813972
BH_s29_low,40,44,41.46666666666667,2.026989459991455,-0.7997099244891664
BH_s29_low,40,45,41.5,1.993717908859253,-0.9857317821352933
BH_s29_low,40,46,41.53333333333333,1.595568060874939,-1.123622750288617
BH_s29_low,40,47,41.56666666666667,1.0441105365753174,-1.1878658261961206
BH_s29_low,40,48,41.6,0.5007114410400391,-1.147212104800574
BH_s29_low,40,49,41.63333333333333,0.03995027393102646,-0.9753079153315468
BH_s29_low,40,50,41.666666666666664,-0.11563145369291306,-0.66376509907001
BH_s29_low,40,51,41.7,-0.1166687086224556,-0.23283912273969104
BH_s29_low,40,52,41.733333333333334,-0.1166687086224556,0.26574146132255494
BH_s29_low,40,53,41.766666666666666,-0.18773743510246277,0.7570625760474282
BH_s29_low,40,54,41.8,-0.26439133286476135,1.1606804304431118
BH_s29_low,40,55,41.833333333333336,-0.4989008903503418,1.411244966737738
BH_s29_low,40,56,41.86666666666667,-0.7187294960021973,1.474565168713899
BH_s29_low,40,57,41.9,-0.888992190361023,1.3538433913434686
BH_s29_low,40,58,41.93333333333333,-1.1235017776489258,1.0846150297114545
BH_s29_low,40,59,41.96666666666667,-1.279083490371704,0.7209384788584827
BH_s29_low,40,60,42.0,-1.1113563776016235,0.3184709509212164
BH_s29_low,40,61,42.03333333333333,-0.3519009053707123,-0.07902129648475952
BH_s29_low,40,62,42.06666666666667,0.7617235779762268,-0.4450187886939847
BH_s29_low,40,63,42.1,1.7824618816375732,-0.7665806883706638
BH_s29_low,40,64,42.13333333333333,2.17223858833313,-1.0348219433397186
BH_s29_low,40,65,42.166666666666664,2.0057480335235596,-1.235127668135363
BH_s29_low,40,66,42.2,1.532642126083374,-1.3424583475524288
BH_s29_low,40,67,42.233333333333334,0.9892430901527405,-1.3248004108775422
BH_s29_low,40,68,42.266666666666666,0.48280349373817444,-1.1545982709388183
BH_s29_low,40,69,42.3,0.05074380710721016,-0.8244139077365343
BH_s29_low,40,70,42.333333333333336,-0.0701524168252945,-0.35996779660835565
BH_s29_low,40,71,42.36666666666667,-0.1166687086224556,0.17690781803093514
BH_s29_low,40,72,42.4,-0.1166687086224556,0.6995400651002368
BH_s29_low,40,73,42.43333333333333,-0.1422584056854248,1.11937864242528
BH_s29_low,40,74,42.46666666666667,-0.2978401184082031,1.3712778718380438
BH_s29_low,40,75,42.5,-0.532349705696106,1.4298784335782246
BH_s29_low,40,76,42.53333333333333,-0.766859233379364,1.311207998778021
BH_s29_low,40,77,42.56666666666667,-0.9224410057067871,1.0613947891869273
BH_s29_low,40,78,42.6,-1.15695059299469,0.7388101886645313
BH_s29_low,40,79,42.63333333333333,-1.3005863428115845,0.396363867303418
BH_s29_low,40,80,42.666666666666664,-1.192642331123352,0.0691300004707509
BH_s29_low,40,81,42.7,-0.4669194221496582,-0.22963074143501278
BH_s29_low,40,82,42.733333333333334,0.6346748471260071,-0.5033023825345906
BH_s29_low,40,83,42.766666666666666,1.7100722789764404,-0.7597171693615505
BH_s29_low,40,84,42.8,2.17223858833313,-0.9971696534015874
BH_s29_low,40,85,42.833333333333336,2.0177783966064453,-1.1951748682394068
BH_s29_low,40,86,42.86666666666667,1.552730917930603,-1.314534618562002
BH_s29_low,40,87,42.9,1.013303518295288,-1.3075055260694088
BH_s29_low,40,88,42.93333333333333,0.4613848924636841,-1.135361353783203
BH_s29_low,40,89,42.96666666666667,0.06277403235435486,-0.7876725214772308
BH_s29_low,40,90,43.0,-0.10360122472047806,-0.2954600639104725
BH_s29_low,40,91,43.03333333333333,-0.1166687086224556,0.26895393034725396
BH_s29_low,40,92,43.06666666666667,-0.1166687086224556,0.8077782727625319
BH_s29_low,40,93,43.1,-0.19559654593467712,1.2245539586307952
BH_s29_low,40,94,43.13333333333333,-0.3880534768104553,1.45154931220925
BH_s29_low,40,95,43.166666666666664,-0.5657985210418701,1.466728126626501
BH_s29_low,40,96,43.2,-0.8003080487251282,1.2944803076123594
BH_s29_low,40,97,43.233333333333334,-0.9558897614479065,0.9917363990416431
BH_s29_low,40,98,43.266666666666666,-1.190399408340454,0.626315934782769
BH_s29_low,40,99,43.3,-1.3459811210632324,0.2560131666610326
BH_s29_low,40,100,43.333333333333336,-1.2932724952697754,-0.08440496619588297
BH_s29_low,40,101,43.36666666666667,-0.6608657836914062,-0.38459756869041367
BH_s29_low,40,102,43.4,0.4286983013153076,-0.649303110197061
BH_s29_low,40,103,43.43333333333333,1.4855272769927979,-0.8832201300300743
BH_s29_low,40,104,43.46666666666667,2.048408031463623,-1.0773321196849048
BH_s29_low,40,105,43.5,1.950880765914917,-1.203377662384524
BH_s29_low,40,106,43.53333333333333,1.5018352270126343,-1.2199083652870248
BH_s29_low,40,107,43.56666666666667,0.9067115187644958,-1.088493028505134
BH_s29_low,40,108,43.6,0.361038476228714,-0.7938943265324321
BH_s29_low,40,109,43.63333333333333,0.018531691282987595,-0.35929432625855556
BH_s29_low,40,110,43.666666666666664,-0.1166687086224556,0.15161239323284384
BH_s29_low,40,111,43.7,-0.1166687086224556,0.6488514274332273
BH_s29_low,40,112,43.733333333333334,-0.1166687086224556,1.0421425062537222
BH_s29_low,40,113,43.766666666666666,-0.1302281767129898,1.2678810967431504
BH_s29_low,40,114,43.8,-0.2858099043369293,1.3058202767494864
BH_s29_low,40,115,43.833333333333336,-0.5203194618225098,1.1792444284487444
BH_s29_low,40,116,43.86666666666667,-0.6826388239860535,0.940221471706922
BH_s29_low,40,117,43.9,-0.9104107618331909,0.6477275853965491
BH_s29_low,40,118,43.93333333333333,-1.0659924745559692,0.3480585248078129
BH_s29_low,40,119,43.96666666666667,-1.2215741872787476,0.06434232731693458
BH_s29_low,40,120,44.0,-0.9130216836929321,-0.20258913838661421
BH_s29_low,40,121,44.03333333333333,-0.14446157217025757,-0.46406963149589614
BH_s29_low,40,122,44.06666666666667,0.9399783611297607,-0.7290708751381548
BH_s29_low,40,123,44.1,1.8198070526123047,-0.9909374801047879
BH_s29_low,40,124,44.13333333333333,2.014382839202881,-1.2202680021485224
BH_s29_low,40,125,44.166666666666664,1.6609275341033936,-1.3671797135085952
BH_s29_low,40,126,44.2,1.1312564611434937,-1.3739608308211377
BH_s29_low,40,127,44.233333333333334,0.5878574252128601,-1.1957518649901702
BH_s29_low,40,128,44.266666666666666,0.1612144112586975,-0.8226111078981327
BH_s29_low,40,129,44.3,-0.03774087131023407,-0.2933472414125891
BH_s29_low,40,130,44.333333333333336,-0.03774087131023407,0.30737611396556497
BH_s29_low,40,131,44.36666666666667,-0.03774087131023407,0.8705741987999792
BH_s29_low,40,132,44.4,-0.03774087131023407,1.2952453776568107
BH_s29_low,40,133,44.43333333333333,-0.16367699205875397,1.5174168328928412
BH_s29_low,40,134,44.46666666666667,-0.3192587196826935,1.5242965169213412
BH_s29_low,40,135,44.5,-0.5537682771682739,1.350078770237344
BH_s29_low,40,136,44.53333333333333,-0.7093499898910522,1.0579412993083426
BH_s29_low,40,137,44.56666666666667,-0.9028441905975342,0.7169141085340339
BH_s29_low,40,138,44.6,-1.063802719116211,0.3819505635880377
BH_s29_low,40,139,44.63333333333333,-0.8514166474342346,0.08255460902886447
BH_s29_low,40,140,44.666666666666664,-0.08798069506883621,-0.17802568377053654
BH_s29_low,40,141,44.7,0.9532541632652283,-0.4141098381171243
BH_s29_low,40,142,44.733333333333334,1.8572275638580322,-0.6432352894872112
BH_s29_low,40,143,44.766666666666666,2.1479697227478027,-0.8715910221702889
BH_s29_low,40,144,44.8,1.891465425491333,-1.0844440896370235
BH_s29_low,40,145,44.833333333333336,1.4619324207305908,-1.245096146795553
BH_s29_low,40,146,44.86666666666667,0.9185333847999573,-1.303501715517581
BH_s29_low,40,147,44.9,0.39030730724334717,-1.2127470239963334
BH_s29_low,40,148,44.93333333333333,0.028287962079048157,-0.9484845344929201
BH_s29_low,40,149,44.96666666666667,-0.03774087131023407,-0.524280432865422
BH_s29_low,40,150,45.0,-0.03774087131023407,0.0039956985316050245
BH_s29_low,40,151,45.03333333333333,-0.03774087131023407,0.5483838557465359
BH_s29_low,40,152,45.06666666666667,-0.12047190964221954,1.0116243381657828
BH_s29_low,40,153,45.1,-0.27758288383483887,1.3147362865582017
BH_s29_low,40,154,45.13333333333333,-0.5105631947517395,1.4186970450404208
BH_s29_low,40,155,45.166666666666664,-0.7420541048049927,1.331633486157259
BH_s29_low,40,156,45.2,-0.9006544947624207,1.0995974211561008
BH_s29_low,40,157,45.233333333333334,-1.0562362670898438,0.7862957218267183
BH_s29_low,40,158,45.266666666666666,-1.0736433267593384,0.45093635004844335
BH_s29_low,40,159,45.3,-0.4929523766040802,0.13258217825804522
BH_s29_low,40,160,45.333333333333336,0.4785745143890381,-0.15456266288802123
BH_s29_low,40,161,45.36666666666667,1.582034945487976,-0.41534406041807614
BH_s29_low,40,162,45.4,2.134366035461426,-0.6613203032746388
BH_s29_low,40,163,45.43333333333333,2.114521026611328,-0.8972674466538486
BH_s29_low,40,164,45.46666666666667,1.7691242694854736,-1.1113136277995366
BH_s29_low,40,165,45.5,1.2234512567520142,-1.27201292146976
BH_s29_low,40,166,45.53333333333333,0.6777781844139099,-1.3340534395268526
BH_s29_low,40,167,45.56666666666667,0.21103303134441376,-1.2520882403924893
BH_s29_low,40,168,45.6,-0.005160844419151545,-0.9990570206333061
BH_s29_low,40,169,45.63333333333333,-0.03774087131023407,-0.582458867390874
BH_s29_low,40,170,45.666666666666664,-0.03774087131023407,-0.05117870811469656
BH_s29_low,40,171,45.7,-0.1166687086224556,0.5119490641911513
BH_s29_low,40,172,45.733333333333334,-0.23284855484962463,1.010895843252202
BH_s29_low,40,173,45.766666666666666,-0.4673581123352051,1.3632495198634595
BH_s29_low,40,174,45.8,-0.6556439399719238,1.5224140668576485
BH_s29_low,40,175,45.833333333333336,-0.8574494123458862,1.4864657900331466
BH_s29_low,40,176,45.86666666666667,-1.0130311250686646,1.2916314359091188
BH_s29_low,40,177,45.9,-1.1686128377914429,0.9952879708888354
BH_s29_low,40,178,45.93333333333333,-1.1980501413345337,0.6563108789632119
BH_s29_low,40,179,45.96666666666667,-0.7779410481452942,0.31960118690331385
BH_s29_low,40,180,46.0,0.1746097058057785,0.00885306301655692
BH_s29_low,40,181,46.03333333333333,1.325823187828064,-0.27161199207258885
BH_s29_low,40,182,46.06666666666667,2.043407917022705,-0.5280917553832998
BH_s29_low,40,183,46.1,2.068833589553833,-0.7658865508231487
BH_s29_low,40,184,46.13333333333333,1.7377411127090454,-0.97926846107228
BH_s29_low,40,185,46.166666666666664,1.194342017173767,-1.1466234651254565
BH_s29_low,40,186,46.2,0.6509429216384888,-1.2327698765553028
BH_s29_low,40,187,46.233333333333334,0.1896144449710846,-1.1985311484653984
BH_s29_low,40,188,46.266666666666666,-0.03860965371131897,-1.0154930790369974
BH_s29_low,40,189,46.3,-0.1166687086224556,-0.6814398424334139
BH_s29_low,40,190,46.333333333333336,-0.1166687086224556,-0.22997451759018253
BH_s29_low,40,191,46.36666666666667,-0.1896434724330902,0.2716002997886792
BH_s29_low,40,192,46.4,-0.34522518515586853,0.7376971363561674
BH_s29_low,40,193,46.43333333333333,-0.5008069276809692,1.08825272872999
BH_s29_low,40,194,46.46666666666667,-0.7353165149688721,1.2711147324524041
BH_s29_low,40,195,46.5,-0.954777181148529,1.2735234833230311
BH_s29_low,40,196,46.53333333333333,-1.1254078149795532,1.1193304596986222
BH_s29_low,40,197,46.56666666666667,-1.2809895277023315,0.8557170602152349
BH_s29_low,40,198,46.6,-1.3795140981674194,0.5363120100991031
BH_s29_low,40,199,46.63333333333333,-1.348875641822815,0.20669651246711757
BH_s29_low,40,200,46.666666666666664,-0.8012567758560181,-0.10419346873205099
BH_s29_low,40,201,46.7,0.1560501903295517,-0.38559603335127574
BH_s29_low,40,202,46.733333333333334,1.276088833808899,-0.6398599649345471
BH_s29_low,40,203,46.766666666666666,1.947901964187622,-0.872626857224162
BH_s29_low,40,204,46.8,1.9275561571121216,-1.0815722257997429
BH_s29_low,40,205,46.833333333333336,1.4963253736495972,-1.2480944839816825
BH_s29_low,40,206,46.86666666666667,0.9117869138717651,-1.3361341616056088
BH_s29_low,40,207,46.9,0.3260515332221985,-1.3003713359927718
BH_s29_low,40,208,46.93333333333333,-0.07205846160650253,-1.1026276104962118
BH_s29_low,40,209,46.96666666666667,-0.19559654593467712,-0.7314016449149134
BH_s29_low,40,210,47.0,-0.19559654593467712,-0.21663973537588882
BH_s29_low,40,211,47.03333333333333,-0.1166687086224556,0.3683130978126653
BH_s29_low,40,212,47.06666666666667,-0.19559654593467712,0.9219600643609708
BH_s29_low,40,213,47.1,-0.297472208738327,1.3438249967842109
BH_s29_low,40,214,47.13333333333333,-0.45305395126342773,1.5656514627932312
BH_s29_low,40,215,47.166666666666664,-0.6875634789466858,1.5701598500162621
BH_s29_low,40,216,47.2,-0.8431452512741089,1.3899947342268155
BH_s29_low,40,217,47.233333333333334,-0.9987269639968872,1.0901481463982143
BH_s29_low,40,218,47.266666666666666,-1.1543086767196655,0.7433476336334468
BH_s29_low,40,219,47.3,-1.212354302406311,0.4082124460858762
BH_s29_low,40,220,47.333333333333336,-0.7918683886528015,0.11682250516925523
BH_s29_low,40,221,47.36666666666667,0.0003088616067543626,-0.12611798147485248
BH_s29_low,40,222,47.4,1.1610703468322754,-0.3344845466339836
BH_s29_low,40,223,47.43333333333333,1.9356633424758911,-0.5268575221430717
BH_s29_low,40,224,47.46666666666667,2.014382839202881,-0.7127427981080682
BH_s29_low,40,225,47.5,1.5538346767425537,-0.883278871774513
BH_s29_low,40,226,47.53333333333333,1.0147751569747925,-1.0093963340598562
BH_s29_low,40,227,47.56666666666667,0.3924482762813568,-1.048578937917915
BH_s29_low,40,228,47.6,-0.015417983755469322,-0.9590952850878599
BH_s29_low,40,229,47.63333333333333,-0.1821611523628235,-0.7178605097449617
BH_s29_low,40,230,47.666666666666664,-0.19559654593467712,-0.3356132535881565
BH_s29_low,40,231,47.7,-0.19559654593467712,0.1376179694229975
BH_s29_low,40,232,47.733333333333334,-0.2542671263217926,0.6212628088511053
BH_s29_low,40,233,47.766666666666666,-0.3309210240840912,1.0256078086793154
BH_s29_low,40,234,47.8,-0.5654305815696716,1.2771050516336222
BH_s29_low,40,235,47.833333333333336,-0.7728610634803772,1.3362652979692755
BH_s29_low,40,236,47.86666666666667,-0.9555218815803528,1.2018795130429762
BH_s29_low,40,237,47.9,-1.1111036539077759,0.9034342057637779
BH_s29_low,40,238,47.93333333333333,-1.2666853666305542,0.48844262648355025
BH_s29_low,40,239,47.96666666666667,-1.336761236190796,0.011484089091175936
BH_s29_low,41,0,41.0,-0.1166687086224556,0.06195504378973846
BH_s29_low,41,1,41.03333333333333,-0.03774087131023407,0.6141801443672809
BH_s29_low,41,2,41.06666666666667,-0.03774087131023407,1.0829201570754519
BH_s29_low,41,3,41.1,-0.07536078989505768,1.4059210997625717
BH_s29_low,41,4,41.13333333333333,-0.26628848910331726,1.5508908147135843
BH_s29_low,41,5,41.166666666666664,-0.46545207500457764,1.5205914557597355
BH_s29_low,41,6,41.2,-0.6999616622924805,1.3478740281229467
BH_s29_low,41,7,41.233333333333334,-0.8555433750152588,1.0828539742648438
BH_s29_low,41,8,41.266666666666666,-1.011125087738037,0.7775542625547139
BH_s29_low,41,9,41.3,-1.1667068004608154,0.47338377114364877
BH_s29_low,41,10,41.333333333333336,-1.1782538890838623,0.19423392528393535
BH_s29_low,41,11,41.36666666666667,-0.6509498953819275,-0.05458503276109304
BH_s29_low,41,12,41.4,0.31912311911582947,-0.282020426308058
BH_s29_low,41,13,41.43333333333333,1.3933148384094238,-0.5022696557327692
BH_s29_low,41,14,41.46666666666667,2.026989459991455,-0.723370387847719
BH_s29_low,41,15,41.5,1.993717908859253,-0.9374564721071307
BH_s29_low,41,16,41.53333333333333,1.595568060874939,-1.1168585617503815
BH_s29_low,41,17,41.56666666666667,1.0441105365753174,-1.2185124645808485
BH_s29_low,41,18,41.6,0.5007114410400391,-1.1963989316325232
BH_s29_low,41,19,41.63333333333333,0.03995027393102646,-1.0186581871527323
BH_s29_low,41,20,41.666666666666664,-0.11563145369291306,-0.6834649529140522
BH_s29_low,41,21,41.7,-0.1166687086224556,-0.22699997012668655
BH_s29_low,41,22,41.733333333333334,-0.1166687086224556,0.28107823013340394
BH_s29_low,41,23,41.766666666666666,-0.18773743510246277,0.7544037222579244
BH_s29_low,41,24,41.8,-0.26439133286476135,1.1128831302571631
BH_s29_low,41,25,41.833333333333336,-0.4989008903503418,1.30298317807184
BH_s29_low,41,26,41.86666666666667,-0.7187294960021973,1.3086140971558065
BH_s29_low,41,27,41.9,-0.888992190361023,1.1505500459572506
BH_s29_low,41,28,41.93333333333333,-1.1235017776489258,0.8759643960748902
BH_s29_low,41,29,41.96666666666667,-1.279083490371704,0.5419659101936328
BH_s29_low,41,30,42.0,-1.1113563776016235,0.19871675972995245
BH_s29_low,41,31,42.03333333333333,-0.3519009053707123,-0.12200252336796347
BH_s29_low,41,32,42.06666666666667,0.7617235779762268,-0.4089485726801097
BH_s29_low,41,33,42.1,1.7824618816375732,-0.6641873638076601
BH_s29_low,41,34,42.13333333333333,2.17223858833313,-0.8902439231534311
BH_s29_low,41,35,42.166666666666664,2.0057480335235596,-1.0777815534908093
BH_s29_low,41,36,42.2,1.532642126083374,-1.199882294620481
BH_s29_low,41,37,42.233333333333334,0.9892430901527405,-1.2165679765662594
BH_s29_low,41,38,42.266666666666666,0.48280349373817444,-1.089222247642124
BH_s29_low,41,39,42.3,0.05074380710721016,-0.8000155482896629
BH_s29_low,41,40,42.333333333333336,-0.0701524168252945,-0.3678922352396097
BH_s29_low,41,41,42.36666666666667,-0.1166687086224556,0.1474347106449872
BH_s29_low,41,42,42.4,-0.1166687086224556,0.6575003191761623
BH_s29_low,41,43,42.43333333333333,-0.1422584056854248,1.069693985555495
BH_s29_low,41,44,42.46666666666667,-0.2978401184082031,1.3144871826442956
BH_s29_low,41,45,42.5,-0.532349705696106,1.36383109932233
BH_s29_low,41,46,42.53333333333333,-0.766859233379364,1.2341817333020844
BH_s29_low,41,47,42.56666666666667,-0.9224410057067871,0.9751212657676838
BH_s29_low,41,48,42.6,-1.15695059299469,0.6498208065048031
BH_s29_low,41,49,42.63333333333333,-1.3005863428115845,0.315071088671925
BH_s29_low,41,50,42.666666666666664,-1.192642331123352,0.007189397247127894
BH_s29_low,41,51,42.7,-0.4669194221496582,-0.26256167859506496
BH_s29_low,41,52,42.733333333333334,0.6346748471260071,-0.502216979997803
BH_s29_low,41,53,42.766666666666666,1.7100722789764404,-0.7253779342438246
BH_s29_low,41,54,42.8,2.17223858833313,-0.9352930640117882
BH_s29_low,41,55,42.833333333333336,2.0177783966064453,-1.1140305162126276
BH_s29_low,41,56,42.86666666666667,1.552730917930603,-1.2219808191156587
BH_s29_low,41,57,42.9,1.013303518295288,-1.2087487238280514
BH_s29_low,41,58,42.93333333333333,0.4613848924636841,-1.0323894177627226
BH_s29_low,41,59,42.96666666666667,0.06277403235435486,-0.680550878758288
BH_s29_low,41,60,43.0,-0.10360122472047806,-0.1849115927404146
BH_s29_low,41,61,43.03333333333333,-0.1166687086224556,0.37882931264700553
BH_s29_low,41,62,43.06666666666667,-0.1166687086224556,0.9081145193891053
BH_s29_low,41,63,43.1,-0.19559654593467712,1.3028872361204626
BH_s29_low,41,64,43.13333333333333,-0.3880534768104553,1.495586051269763
BH_s29_low,41,65,43.166666666666664,-0.5657985210418701,1.469092004154943
BH_s29_low,41,66,43.2,-0.8003080487251282,1.2558790793168786
BH_s29_low,41,67,43.233333333333334,-0.9558897614479065,0.9206498956275513
BH_s29_low,41,68,43.266666666666666,-1.190399408340454,0.5353579553055237
BH_s29_low,41,69,43.3,-1.3459811210632324,0.15714227210194084
BH_s29_low,41,70,43.333333333333336,-1.2932724952697754,-0.183278683631565
BH_s29_low,41,71,43.36666666666667,-0.6608657836914062,-0.4803890141852984
BH_s29_low,41,72,43.4,0.4286983013153076,-0.7422696497751679
BH_s29_low,41,73,43.43333333333333,1.4855272769927979,-0.9743487882553132
BH_s29_low,41,74,43.46666666666667,2.048408031463623,-1.1657384430251043
BH_s29_low,41,75,43.5,1.950880765914917,-1.284565502997986
BH_s29_low,41,76,43.53333333333333,1.5018352270126343,-1.2854583527141952
BH_s29_low,41,77,43.56666666666667,0.9067115187644958,-1.1275267356590941
BH_s29_low,41,78,43.6,0.361038476228714,-0.7963244077052862
BH_s29_low,41,79,43.63333333333333,0.018531691282987595,-0.320201606996734
BH_s29_low,41,80,43.666666666666664,-0.1166687086224556,0.22806086404812195
BH_s29_low,41,81,43.7,-0.1166687086224556,0.7480262209743352
BH_s29_low,41,82,43.733333333333334,-0.1166687086224556,1.1414579357658887
BH_s29_low,41,83,43.766666666666666,-0.1302281767129898,1.3427301530065756
BH_s29_low,41,84,43.8,-0.2858099043369293,1.3368181825725927
BH_s29_low,41,85,43.833333333333336,-0.5203194618225098,1.158138323505445
BH_s29_low,41,86,43.86666666666667,-0.6826388239860535,0.8726060267553274
BH_s29_low,41,87,43.9,-0.9104107618331909,0.5521121614371127
BH_s29_low,41,88,43.93333333333333,-1.0659924745559692,0.25190709239456777
BH_s29_low,41,89,43.96666666666667,-1.2215741872787476,-0.001880113773378707
BH_s29_low,41,90,44.0,-0.9130216836929321,-0.2122229493708398
BH_s29_low,41,91,44.03333333333333,-0.14446157217025757,-0.4006813618250849
BH_s29_low,41,92,44.06666666666667,0.9399783611297607,-0.5912176526533907
BH_s29_low,41,93,44.1,1.8198070526123047,-0.7941506381641883
BH_s29_low,41,94,44.13333333333333,2.014382839202881,-0.995481094947581
BH_s29_low,41,95,44.166666666666664,1.6609275341033936,-1.1553775213999335
BH_s29_low,41,96,44.2,1.1312564611434937,-1.2175951085066175
BH_s29_low,41,97,44.233333333333334,0.5878574252128601,-1.1284872286699874
BH_s29_low,41,98,44.266666666666666,0.1612144112586975,-0.8600748790550361
BH_s29_low,41,99,44.3,-0.03774087131023407,-0.42812451828507475
BH_s29_low,41,100,44.333333333333336,-0.03774087131023407,0.10405492071120051
BH_s29_low,41,101,44.36666666666667,-0.03774087131023407,0.6403619183131101
BH_s29_low,41,102,44.4,-0.03774087131023407,1.0803846402573045
BH_s29_low,41,103,44.43333333333333,-0.16367699205875397,1.3495379987801437
BH_s29_low,41,104,44.46666666666667,-0.3192587196826935,1.4184952073612898
BH_s29_low,41,105,44.5,-0.5537682771682739,1.3054862459442187
BH_s29_low,41,106,44.53333333333333,-0.7093499898910522,1.0629489094428262
BH_s29_low,41,107,44.56666666666667,-0.9028441905975342,0.7558042524264527
BH_s29_low,41,108,44.6,-1.063802719116211,0.44013636239708664
BH_s29_low,41,109,44.63333333333333,-0.8514166474342346,0.14910914131396968
BH_s29_low,41,110,44.666666666666664,-0.08798069506883621,-0.11042781316392779
BH_s29_low,41,111,44.7,0.9532541632652283,-0.3507964916881198
BH_s29_low,41,112,44.733333333333334,1.8572275638580322,-0.5891751702960177
BH_s29_low,41,113,44.766666666666666,2.1479697227478027,-0.8316969479550537
BH_s29_low,41,114,44.8,1.891465425491333,-1.062203412394222
BH_s29_low,41,115,44.833333333333336,1.4619324207305908,-1.2405326083608526
BH_s29_low,41,116,44.86666666666667,0.9185333847999573,-1.3119796945579916
BH_s29_low,41,117,44.9,0.39030730724334717,-1.225561087110486
BH_s29_low,41,118,44.93333333333333,0.028287962079048157,-0.9553003119769162
BH_s29_low,41,119,44.96666666666667,-0.03774087131023407,-0.5167777820872397
BH_s29_low,41,120,45.0,-0.03774087131023407,0.028567206729875068
BH_s29_low,41,121,45.03333333333333,-0.03774087131023407,0.5853791026159751
BH_s29_low,41,122,45.06666666666667,-0.12047190964221954,1.0500792452720153
BH_s29_low,41,123,45.1,-0.27758288383483887,1.341243192669998
BH_s29_low,41,124,45.13333333333333,-0.5105631947517395,1.42260439244688
BH_s29_low,41,125,45.166666666666664,-0.7420541048049927,1.3093978922184686
BH_s29_low,41,126,45.2,-0.9006544947624207,1.0564454500409959
BH_s29_low,41,127,45.233333333333334,-1.0562362670898438,0.7345151402028849
BH_s29_low,41,128,45.266666666666666,-1.0736433267593384,0.4055143735480325
BH_s29_low,41,129,45.3,-0.4929523766040802,0.10590148416798782
BH_s29_low,41,130,45.333333333333336,0.4785745143890381,-0.15702606000996958
BH_s29_low,41,131,45.36666666666667,1.582034945487976,-0.396785971469024
BH_s29_low,41,132,45.4,2.134366035461426,-0.6320199882203426
BH_s29_low,41,133,45.43333333333333,2.114521026611328,-0.8698881936373432
BH_s29_low,41,134,45.46666666666667,1.7691242694854736,-1.0948468928579724
BH_s29_low,41,135,45.5,1.2234512567520142,-1.267286084002079
BH_s29_low,41,136,45.53333333333333,0.6777781844139099,-1.3332761550028664
BH_s29_low,41,137,45.56666666666667,0.21103303134441376,-1.2428703945890556
BH_s29_low,41,138,45.6,-0.005160844419151545,-0.9710918535818577
BH_s29_low,41,139,45.63333333333333,-0.03774087131023407,-0.5338272063817405
BH_s29_low,41,140,45.666666666666664,-0.03774087131023407,0.008684778134786537
BH_s29_low,41,141,45.7,-0.1166687086224556,0.5642817754552901
BH_s29_low,41,142,45.733333333333334,-0.23284855484962463,1.0341389221471282
BH_s29_low,41,143,45.766666666666666,-0.4673581123352051,1.3415238196519221
BH_s29_low,41,144,45.8,-0.6556439399719238,1.4524413843531163
BH_s29_low,41,145,45.833333333333336,-0.8574494123458862,1.380031914447581
BH_s29_low,41,146,45.86666666666667,-1.0130311250686646,1.1723941627610974
BH_s29_low,41,147,45.9,-1.1686128377914429,0.8909053013492372
BH_s29_low,41,148,45.93333333333333,-1.1980501413345337,0.5888420345311111
BH_s29_low,41,149,45.96666666666667,-0.7779410481452942,0.2980285398363456
BH_s29_low,41,150,46.0,0.1746097058057785,0.026695882140525776
BH_s29_low,41,151,46.03333333333333,1.325823187828064,-0.23282900121013364
BH_s29_low,41,152,46.06666666666667,2.043407917022705,-0.49097626443348297
BH_s29_low,41,153,46.1,2.068833589553833,-0.7478054443562866
BH_s29_low,41,154,46.13333333333333,1.7377411127090454,-0.9849280241083607
BH_s29_low,41,155,46.166666666666664,1.194342017173767,-1.1657003675965698
BH_s29_low,41,156,46.2,0.6509429216384888,-1.244081116539524
BH_s29_low,41,157,46.233333333333334,0.1896144449710846,-1.1796002618928785
BH_s29_low,41,158,46.266666666666666,-0.03860965371131897,-0.953701791884034
BH_s29_low,41,159,46.3,-0.1166687086224556,-0.5816319092979052
BH_s29_low,41,160,46.333333333333336,-0.1166687086224556,-0.11447169275564545
BH_s29_low,41,161,46.36666666666667,-0.1896434724330902,0.37118085628463743
BH_s29_low,41,162,46.4,-0.34522518515586853,0.7931860448234486
BH_s29_low,41,163,46.43333333333333,-0.5008069276809692,1.0860536818202082
BH_s29_low,41,164,46.46666666666667,-0.7353165149688721,1.2166344267361584
BH_s29_low,41,165,46.5,-0.954777181148529,1.1876982806347363
BH_s29_low,41,166,46.53333333333333,-1.1254078149795532,1.0296618706878358
BH_s29_low,41,167,46.56666666666667,-1.2809895277023315,0.7857147395388456
BH_s29_low,41,168,46.6,-1.3795140981674194,0.4969299196880959
BH_s29_low,41,169,46.63333333333333,-1.348875641822815,0.19231095632962705
BH_s29_low,41,170,46.666666666666664,-0.8012567758560181,-0.11382181174718142
BH_s29_low,41,171,46.7,0.1560501903295517,-0.4172235429954979
BH_s29_low,41,172,46.733333333333334,1.276088833808899,-0.7142701073004136
BH_s29_low,41,173,46.766666666666666,1.947901964187622,-0.991713934071357
BH_s29_low,41,174,46.8,1.9275561571121216,-1.220361340448429
BH_s29_low,41,175,46.833333333333336,1.4963253736495972,-1.3564736695769124
BH_s29_low,41,176,46.86666666666667,0.9117869138717651,-1.352093520858962
BH_s29_low,41,177,46.9,0.3260515332221985,-1.1719182681541678
BH_s29_low,41,178,46.93333333333333,-0.07205846160650253,-0.811026039203043
BH_s29_low,41,179,46.96666666666667,-0.19559654593467712,-0.30597667911033155
BH_s29_low,41,180,47.0,-0.19559654593467712,0.2672264248664276
BH_s29_low,41,181,47.03333333333333,-0.1166687086224556,0.8102142491953483
BH_s29_low,41,182,47.06666666666667,-0.19559654593467712,1.2291574751715189
BH_s29_low,41,183,47.1,-0.297472208738327,1.4609444391867943
BH_s29_low,41,184,47.13333333333333,-0.45305395126342773,1.4882563697465534
BH_s29_low,41,185,47.166666666666664,-0.6875634789466858,1.3385282583692077
BH_s29_low,41,186,47.2,-0.8431452512741089,1.0690746282733714
BH_s29_low,41,187,47.233333333333334,-0.9987269639968872,0.7458348175370862
BH_s29_low,41,188,47.266666666666666,-1.1543086767196655,0.42391532595709525
BH_s29_low,41,189,47.3,-1.212354302406311,0.13556151355492627
BH_s29_low,41,190,47.333333333333336,-0.7918683886528015,-0.11218108959261097
BH_s29_low,41,191,47.36666666666667,0.0003088616067543626,-0.3309096150248191
BH_s29_low,41,192,47.4,1.1610703468322754,-0.5386025733501123
BH_s29_low,41,193,47.43333333333333,1.9356633424758911,-0.7461594125974085
BH_s29_low,41,194,47.46666666666667,2.014382839202881,-0.9472282708761377
BH_s29_low,41,195,47.5,1.5538346767425537,-1.1147005507581689
BH_s29_low,41,196,47.53333333333333,1.0147751569747925,-1.205451163122423
BH_s29_low,41,197,47.56666666666667,0.3924482762813568,-1.172696738074514
BH_s29_low,41,198,47.6,-0.015417983755469322,-0.9829791538762221
BH_s29_low,41,199,47.63333333333333,-0.1821611523628235,-0.6326189224020105
BH_s29_low,41,200,47.666666666666664,-0.19559654593467712,-0.15727772910341803
BH_s29_low,41,201,47.7,-0.19559654593467712,0.37079092056790475
BH_s29_low,41,202,47.733333333333334,-0.2542671263217926,0.859393790883568
BH_s29_low,41,203,47.766666666666666,-0.3309210240840912,1.2224099321339714
BH_s29_low,41,204,47.8,-0.5654305815696716,1.4048722385848724
BH_s29_low,41,205,47.833333333333336,-0.7728610634803772,1.3961567993955584
BH_s29_low,41,206,47.86666666666667,-0.9555218815803528,1.2265954109517854
BH_s29_low,41,207,47.9,-1.1111036539077759,0.9512087458678123
BH_s29_low,41,208,47.93333333333333,-1.2666853666305542,0.6288451394335681
BH_s29_low,41,209,47.96666666666667,-1.336761236190796,0.30482610231736257
BH_s29_low,41,210,48.0,-0.8614078760147095,0.002228485843120043
BH_s29_low,41,211,48.03333333333333,0.0718386173248291,-0.27688218327899544
BH_s29_low,41,212,48.06666666666667,1.3187663555145264,-0.5422556041836412
BH_s29_low,41,213,48.1,2.0816972255706787,-0.8024281193423276
BH_s29_low,41,214,48.13333333333333,2.140855312347412,-1.0528123753289298
BH_s29_low,41,215,48.166666666666664,1.7691996097564697,-1.26933198488901
BH_s29_low,41,216,48.2,1.2235265970230103,-1.4103403217509907
BH_s29_low,41,217,48.233333333333334,0.6532922387123108,-1.4272159127933448
BH_s29_low,41,218,48.266666666666666,0.15446791052818298,-1.2814253609516075
BH_s29_low,41,219,48.3,-0.057754285633563995,-0.963001454424487
BH_s29_low,41,220,48.333333333333336,-0.19559654593467712,-0.5030185904468933
BH_s29_low,41,221,48.36666666666667,-0.19559654593467712,0.027078207227313137
BH_s29_low,41,222,48.4,-0.20878811180591583,0.5319995136635601
BH_s29_low,41,223,48.43333333333333,-0.36436983942985535,0.9202770437315286
BH_s29_low,41,224,48.46666666666667,-0.519951581954956,1.131694668236936
BH_s29_low,41,225,48.5,-0.7544611096382141,1.1524046318964027
BH_s29_low,41,226,48.53333333333333,-0.9141386151313782,1.0125868358213288
BH_s29_low,41,227,48.56666666666667,-1.1445523500442505,0.7705563029903019
BH_s29_low,41,228,48.6,-1.3001341819763184,0.49190210308922727
BH_s29_low,41,229,48.63333333333333,-1.4557158946990967,0.23167148931013704
BH_s29_low,41,230,48.666666666666664,-1.0838029384613037,0.024247188326774773
BH_s29_low,41,231,48.7,-0.16758675873279572,-0.11826915394571522
BH_s29_low,41,232,48.733333333333334,0.990865170955658,-0.20116134483942597
BH_s29_low,41,233,48.766666666666666,1.9552733898162842,-0.238989880849142
BH_s29_low,41,234,48.8,2.17223858833313,-0.2475895159157576
BH_s29_low,41,235,48.833333333333336,1.8267087936401367,-0.23860047643113483
BH_s29_low,41,236,48.86666666666667,1.2810357809066772,-0.2175717435721164
BH_s29_low,41,237,48.9,0.6773527264595032,-0.18522397019368064
BH_s29_low,41,238,48.93333333333333,0.11076197028160095,-0.1403711476138431
BH_s29_low,41,239,48.96666666666667,-0.14466531574726105,-0.0826766229729816
BH_s29_low,42,0,42.0,-1.1113563776016235,0.03447528527285223
BH_s29_low,42,1,42.03333333333333,-0.3519009053707123,-0.16692107670768705
BH_s29_low,42,2,42.06666666666667,0.7617235779762268,-0.38397333231266667
BH_s29_low,42,3,42.1,1.7824618816375732,-0.6196658859363081
BH_s29_low,42,4,42.13333333333333,2.17223858833313,-0.8576268716417123
BH_s29_low,42,5,42.166666666666664,2.0057480335235596,-1.0615379719381903
BH_s29_low,42,6,42.2,1.532642126083374,-1.1818908826434555
BH_s29_low,42,7,42.233333333333334,0.9892430901527405,-1.1689465240180472
BH_s29_low,42,8,42.266666666666666,0.48280349373817444,-0.9892538254603828
BH_s29_low,42,9,42.3,0.05074380710721016,-0.6412702718343014
BH_s29_low,42,10,42.333333333333336,-0.0701524168252945,-0.16396696051732076
BH_s29_low,42,11,42.36666666666667,-0.1166687086224556,0.36703491918970044
BH_s29_low,42,12,42.4,-0.1166687086224556,0.8568907396995507
BH_s29_low,42,13,42.43333333333333,-0.1422584056854248,1.2173323081191505
BH_s29_low,42,14,42.46666666666667,-0.2978401184082031,1.3910082594680588
BH_s29_low,42,15,42.5,-0.532349705696106,1.364805840750073
BH_s29_low,42,16,42.53333333333333,-0.766859233379364,1.1681678761006025
BH_s29_low,42,17,42.56666666666667,-0.9224410057067871,0.8591615556282421
BH_s29_low,42,18,42.6,-1.15695059299469,0.5046679683991055
BH_s29_low,42,19,42.63333333333333,-1.3005863428115845,0.16136241873956825
BH_s29_low,42,20,42.666666666666664,-1.192642331123352,-0.137123179182986
BH_s29_low,42,21,42.7,-0.4669194221496582,-0.3835302077479315
BH_s29_low,42,22,42.733333333333334,0.6346748471260071,-0.5902266339312248
BH_s29_low,42,23,42.766666666666666,1.7100722789764404,-0.7751441702462061
BH_s29_low,42,24,42.8,2.17223858833313,-0.9462310085240407
BH_s29_low,42,25,42.833333333333336,2.0177783966064453,-1.0911462646089893
BH_s29_low,42,26,42.86666666666667,1.552730917930603,-1.176624177933358
BH_s29_low,42,27,42.9,1.013303518295288,-1.1580959731221345
BH_s29_low,42,28,42.93333333333333,0.4613848924636841,-0.9968138681825481
BH_s29_low,42,29,42.96666666666667,0.06277403235435486,-0.6789978213891003
BH_s29_low,42,30,43.0,-0.10360122472047806,-0.22949096008377892
BH_s29_low,42,31,43.03333333333333,-0.1166687086224556,0.2871059200820856
BH_s29_low,42,32,43.06666666666667,-0.1166687086224556,0.7805175354634798
BH_s29_low,42,33,43.1,-0.19559654593467712,1.1600725255231223
BH_s29_low,42,34,43.13333333333333,-0.3880534768104553,1.3614031591690834
BH_s29_low,42,35,43.166666666666664,-0.5657985210418701,1.363609357942674
BH_s29_low,42,36,43.2,-0.8003080487251282,1.190539257679943
BH_s29_low,42,37,43.233333333333334,-0.9558897614479065,0.8972048804595294
BH_s29_low,42,38,43.266666666666666,-1.190399408340454,0.5482015896181907
BH_s29_low,42,39,43.3,-1.3459811210632324,0.19718377253976097
BH_s29_low,42,40,43.333333333333336,-1.2932724952697754,-0.12511901817641288
BH_s29_low,42,41,43.36666666666667,-0.6608657836914062,-0.41094630524808407
BH_s29_low,42,42,43.4,0.4286983013153076,-0.6650490967328951
BH_s29_low,42,43,43.43333333333333,1.4855272769927979,-0.8892382888721391
BH_s29_low,42,44,43.46666666666667,2.048408031463623,-1.0695284019905096
BH_s29_low,42,45,43.5,1.950880765914917,-1.1726123876273136
BH_s29_low,42,46,43.53333333333333,1.5018352270126343,-1.1545868148533471
BH_s29_low,42,47,43.56666666666667,0.9067115187644958,-0.9794523357553477
BH_s29_low,42,48,43.6,0.361038476228714,-0.6400503899073932
BH_s29_low,42,49,43.63333333333333,0.018531691282987595,-0.17169837963156004
BH_s29_low,42,50,43.666666666666664,-0.1166687086224556,0.3496428301046453
BH_s29_low,42,51,43.7,-0.1166687086224556,0.8265349116306264
BH_s29_low,42,52,43.733333333333334,-0.1166687086224556,1.1694436724760844
BH_s29_low,42,53,43.766666666666666,-0.1302281767129898,1.3234950049579546
BH_s29_low,42,54,43.8,-0.2858099043369293,1.2816483559037821
BH_s29_low,42,55,43.833333333333336,-0.5203194618225098,1.0805542757317104
BH_s29_low,42,56,43.86666666666667,-0.6826388239860535,0.7828437283334676
BH_s29_low,42,57,43.9,-0.9104107618331909,0.4541335373487503
BH_s29_low,42,58,43.93333333333333,-1.0659924745559692,0.143596883752367
BH_s29_low,42,59,43.96666666666667,-1.2215741872787476,-0.12585043455997177
BH_s29_low,42,60,44.0,-0.9130216836929321,-0.3561423877385851
BH_s29_low,42,61,44.03333333333333,-0.14446157217025757,-0.5638258301025154
BH_s29_low,42,62,44.06666666666667,0.9399783611297607,-0.7655561037037677
BH_s29_low,42,63,44.1,1.8198070526123047,-0.964312520613846
BH_s29_low,42,64,44.13333333333333,2.014382839202881,-1.140777521070347
BH_s29_low,42,65,44.166666666666664,1.6609275341033936,-1.2533369755344934
BH_s29_low,42,66,44.2,1.1312564611434937,-1.248533645981076
BH_s29_low,42,67,44.233333333333334,0.5878574252128601,-1.0805975607439933
BH_s29_low,42,68,44.266666666666666,0.1612144112586975,-0.7339721516907949
BH_s29_low,42,69,44.3,-0.03774087131023407,-0.23907129453348636
BH_s29_low,42,70,44.333333333333336,-0.03774087131023407,0.32797056721964635
BH_s29_low,42,71,44.36666666666667,-0.03774087131023407,0.8644454564364125
BH_s29_low,42,72,44.4,-0.03774087131023407,1.2720638707528422
BH_s29_low,42,73,44.43333333333333,-0.16367699205875397,1.4861281144004574
BH_s29_low,42,74,44.46666666666667,-0.3192587196826935,1.4910544579166347
BH_s29_low,42,75,44.5,-0.5537682771682739,1.3180523228022654
BH_s29_low,42,76,44.53333333333333,-0.7093499898910522,1.0284619787438127
BH_s29_low,42,77,44.56666666666667,-0.9028441905975342,0.6907382380712788
BH_s29_low,42,78,44.6,-1.063802719116211,0.35967736167001124
BH_s29_low,42,79,44.63333333333333,-0.8514166474342346,0.06420573222429564
BH_s29_low,42,80,44.666666666666664,-0.08798069506883621,-0.19354287488052793
BH_s29_low,42,81,44.7,0.9532541632652283,-0.4289180996706846
BH_s29_low,42,82,44.733333333333334,1.8572275638580322,-0.6594440015346608
BH_s29_low,42,83,44.766666666666666,2.1479697227478027,-0.8894939697137468
BH_s29_low,42,84,44.8,1.891465425491333,-1.1007641965760067
BH_s29_low,42,85,44.833333333333336,1.4619324207305908,-1.2524248137734117
BH_s29_low,42,86,44.86666666666667,0.9185333847999573,-1.2917244993131034
BH_s29_low,42,87,44.9,0.39030730724334717,-1.1723642348373424
BH_s29_low,42,88,44.93333333333333,0.028287962079048157,-0.8749494440327842
BH_s29_low,42,89,44.96666666666667,-0.03774087131023407,-0.42191454784420795
BH_s29_low,42,90,45.0,-0.03774087131023407,0.12048486032487289
BH_s29_low,42,91,45.03333333333333,-0.03774087131023407,0.6565725062818635
BH_s29_low,42,92,45.06666666666667,-0.12047190964221954,1.0881364829894982
BH_s29_low,42,93,45.1,-0.27758288383483887,1.3433010482127492
BH_s29_low,42,94,45.13333333333333,-0.5105631947517395,1.3955202249762524
BH_s29_low,42,95,45.166666666666664,-0.7420541048049927,1.2654984443100425
BH_s29_low,42,96,45.2,-0.9006544947624207,1.0069503976596479
BH_s29_low,42,97,45.233333333333334,-1.0562362670898438,0.6839847232494831
BH_s29_low,42,98,45.266666666666666,-1.0736433267593384,0.34997050168743155
BH_s29_low,42,99,45.3,-0.4929523766040802,0.03528695463266762
BH_s29_low,42,100,45.333333333333336,0.4785745143890381,-0.25325706428286604
BH_s29_low,42,101,45.36666666666667,1.582034945487976,-0.5231482166032738
BH_s29_low,42,102,45.4,2.134366035461426,-0.7819956153451887
BH_s29_low,42,103,45.43333333333333,2.114521026611328,-1.0244943362559553
BH_s29_low,42,104,45.46666666666667,1.7691242694854736,-1.22568472311188
BH_s29_low,42,105,45.5,1.2234512567520142,-1.3434026686895297
BH_s29_low,42,106,45.53333333333333,0.6777781844139099,-1.3298545278597902
BH_s29_low,42,107,45.56666666666667,0.21103303134441376,-1.1491820780014255
BH_s29_low,42,108,45.6,-0.005160844419151545,-0.795283534783265
BH_s29_low,42,109,45.63333333333333,-0.03774087131023407,-0.3026893626183902
BH_s29_low,42,110,45.666666666666664,-0.03774087131023407,0.2558901058604564
BH_s29_low,42,111,45.7,-0.1166687086224556,0.7869832233987666
BH_s29_low,42,112,45.733333333333334,-0.23284855484962463,1.202634887798849
BH_s29_low,42,113,45.766666666666666,-0.4673581123352051,1.4443153534081405
BH_s29_low,42,114,45.8,-0.6556439399719238,1.4951314522927914
BH_s29_low,42,115,45.833333333333336,-0.8574494123458862,1.3775326619544115
BH_s29_low,42,116,45.86666666666667,-1.0130311250686646,1.1398461758619667
BH_s29_low,42,117,45.9,-1.1686128377914429,0.8381913307766722
BH_s29_low,42,118,45.93333333333333,-1.1980501413345337,0.5203710143370147
BH_s29_low,42,119,45.96666666666667,-0.7779410481452942,0.21621912762713644
BH_s29_low,42,120,46.0,0.1746097058057785,-0.06398496598782644
BH_s29_low,42,121,46.03333333333333,1.325823187828064,-0.3240094859432745
BH_s29_low,42,122,46.06666666666667,2.043407917022705,-0.5718265875245443
BH_s29_low,42,123,46.1,2.068833589553833,-0.809030683791705
BH_s29_low,42,124,46.13333333333333,1.7377411127090454,-1.0231078582990194
BH_s29_low,42,125,46.166666666666664,1.194342017173767,-1.1854159568013052
BH_s29_low,42,126,46.2,0.6509429216384888,-1.2563449557374458
BH_s29_low,42,127,46.233333333333334,0.1896144449710846,-1.1970743157527506
BH_s29_low,42,128,46.266666666666666,-0.03860965371131897,-0.9848582076459692
BH_s29_low,42,129,46.3,-0.1166687086224556,-0.6265590561830419
BH_s29_low,42,130,46.333333333333336,-0.1166687086224556,-0.1643685801644329
BH_s29_low,42,131,46.36666666666667,-0.1896434724330902,0.33041043982428764
BH_s29_low,42,132,46.4,-0.34522518515586853,0.7749053717056872
BH_s29_low,42,133,46.43333333333333,-0.5008069276809692,1.0974694437990569
BH_s29_low,42,134,46.46666666666667,-0.7353165149688721,1.2565544009059888
BH_s29_low,42,135,46.5,-0.954777181148529,1.248043659276775
BH_s29_low,42,136,46.53333333333333,-1.1254078149795532,1.099323318160888
BH_s29_low,42,137,46.56666666666667,-1.2809895277023315,0.8545400286326721
BH_s29_low,42,138,46.6,-1.3795140981674194,0.558078711755191
BH_s29_low,42,139,46.63333333333333,-1.348875641822815,0.24238156717113482
BH_s29_low,42,140,46.666666666666664,-0.8012567758560181,-0.07625909396150457
BH_s29_low,42,141,46.7,0.1560501903295517,-0.3933301959513458
BH_s29_low,42,142,46.733333333333334,1.276088833808899,-0.7056022773047149
BH_s29_low,42,143,46.766666666666666,1.947901964187622,-0.9993550805271278
BH_s29_low,42,144,46.8,1.9275561571121216,-1.2430923242111072
BH_s29_low,42,145,46.833333333333336,1.4963253736495972,-1.389244749616913
BH_s29_low,42,146,46.86666666666667,0.9117869138717651,-1.3859465262896518
BH_s29_low,42,147,46.9,0.3260515332221985,-1.195743346232164
BH_s29_low,42,148,46.93333333333333,-0.07205846160650253,-0.8147182195095141
BH_s29_low,42,149,46.96666666666667,-0.19559654593467712,-0.28396291886241637
BH_s29_low,42,150,47.0,-0.19559654593467712,0.31352922616314677
BH_s29_low,42,151,47.03333333333333,-0.1166687086224556,0.8723400562724832
BH_s29_low,42,152,47.06666666666667,-0.19559654593467712,1.2941807314390024
BH_s29_low,42,153,47.1,-0.297472208738327,1.5154694399326842
BH_s29_low,42,154,47.13333333333333,-0.45305395126342773,1.5219178278327048
BH_s29_low,42,155,47.166666666666664,-0.6875634789466858,1.3457620108224844
BH_s29_low,42,156,47.2,-0.8431452512741089,1.0490943211913175
BH_s29_low,42,157,47.233333333333334,-0.9987269639968872,0.7015550326227553
BH_s29_low,42,158,47.266666666666666,-1.1543086767196655,0.3606280523074178
BH_s29_low,42,159,47.3,-1.212354302406311,0.059727087131126635
BH_s29_low,42,160,47.333333333333336,-0.7918683886528015,-0.19407296718157346
BH_s29_low,42,161,47.36666666666667,0.0003088616067543626,-0.4134083531800316
BH_s29_low,42,162,47.4,1.1610703468322754,-0.6178724047875067
BH_s29_low,42,163,47.43333333333333,1.9356633424758911,-0.8194739830265981
BH_s29_low,42,164,47.46666666666667,2.014382839202881,-1.0114804750883049
BH_s29_low,42,165,47.5,1.5538346767425537,-1.1650960956855605
BH_s29_low,42,166,47.53333333333333,1.0147751569747925,-1.2358109435059683
BH_s29_low,42,167,47.56666666666667,0.3924482762813568,-1.1778326144634632
BH_s29_low,42,168,47.6,-0.015417983755469322,-0.9621816305840949
BH_s29_low,42,169,47.63333333333333,-0.1821611523628235,-0.5923270199431357
BH_s29_low,42,170,47.666666666666664,-0.19559654593467712,-0.11101923503654341
BH_s29_low,42,171,47.7,-0.19559654593467712,0.4059180296579223
BH_s29_low,42,172,47.733333333333334,-0.2542671263217926,0.8684467134139953
BH_s29_low,42,173,47.766666666666666,-0.3309210240840912,1.1977626575086342
BH_s29_low,42,174,47.8,-0.5654305815696716,1.3483395894193146
BH_s29_low,42,175,47.833333333333336,-0.7728610634803772,1.3174904756213102
BH_s29_low,42,176,47.86666666666667,-0.9555218815803528,1.1395811684133104
BH_s29_low,42,177,47.9,-1.1111036539077759,0.8692075866358969
BH_s29_low,42,178,47.93333333333333,-1.2666853666305542,0.5611826467543951
BH_s29_low,42,179,47.96666666666667,-1.336761236190796,0.25474344919497793
BH_s29_low,42,180,48.0,-0.8614078760147095,-0.03318841760201648
BH_s29_low,42,181,48.03333333333333,0.0718386173248291,-0.30440824499674407
BH_s29_low,42,182,48.06666666666667,1.3187663555145264,-0.5679047171337253
BH_s29_low,42,183,48.1,2.0816972255706787,-0.8255935701278675
BH_s29_low,42,184,48.13333333333333,2.140855312347412,-1.0614180396035766
BH_s29_low,42,185,48.166666666666664,1.7691996097564697,-1.2387209350940926
BH_s29_low,42,186,48.2,1.2235265970230103,-1.3078363147379737
BH_s29_low,42,187,48.233333333333334,0.6532922387123108,-1.2221367234685376
BH_s29_low,42,188,48.266666666666666,0.15446791052818298,-0.9574604650010657
BH_s29_low,42,189,48.3,-0.057754285633563995,-0.5277909828908952
BH_s29_low,42,190,48.333333333333336,-0.19559654593467712,0.009891908191998935
BH_s29_low,42,191,48.36666666666667,-0.19559654593467712,0.5655642857122302
BH_s29_low,42,192,48.4,-0.20878811180591583,1.039039486746466
BH_s29_low,42,193,48.43333333333333,-0.36436983942985535,1.3479527055246976
BH_s29_low,42,194,48.46666666666667,-0.519951581954956,1.4502055895481043
BH_s29_low,42,195,48.5,-0.7544611096382141,1.3523205784129915
BH_s29_low,42,196,48.53333333333333,-0.9141386151313782,1.101426195425758
BH_s29_low,42,197,48.56666666666667,-1.1445523500442505,0.7655276106694636
BH_s29_low,42,198,48.6,-1.3001341819763184,0.41065017120809955
BH_s29_low,42,199,48.63333333333333,-1.4557158946990967,0.08320829879601352
BH_s29_low,42,200,48.666666666666664,-1.0838029384613037,-0.19744224151995862
BH_s29_low,42,201,48.7,-0.16758675873279572,-0.43567440062528534
BH_s29_low,42,202,48.733333333333334,0.990865170955658,-0.648277696199872
BH_s29_low,42,203,48.766666666666666,1.9552733898162842,-0.8498492382503875
BH_s29_low,42,204,48.8,2.17223858833313,-1.0401425845940917
BH_s29_low,42,205,48.833333333333336,1.8267087936401367,-1.1978426771587924
BH_s29_low,42,206,48.86666666666667,1.2810357809066772,-1.2831965676900525
BH_s29_low,42,207,48.9,0.6773527264595032,-1.2493251806571914
BH_s29_low,42,208,48.93333333333333,0.11076197028160095,-1.059490760755543
BH_s29_low,42,209,48.96666666666667,-0.14466531574726105,-0.70510705236663
BH_s29_low,42,210,49.0,-0.27452439069747925,-0.21741777336704257
BH_s29_low,42,211,49.03333333333333,-0.27452439069747925,0.3334990755614793
BH_s29_low,42,212,49.06666666666667,-0.3211647570133209,0.8542714664405384
BH_s29_low,42,213,49.1,-0.3978186249732971,1.2537416123934453
BH_s29_low,42,214,49.13333333333333,-0.6323282122612,1.468829801430989
BH_s29_low,42,215,49.166666666666664,-0.8277284502983093,1.4805837200254577
BH_s29_low,42,216,49.2,-1.0599640607833862,1.3148565085195467
BH_s29_low,42,217,49.233333333333334,-1.2569290399551392,1.0288535720564465
BH_s29_low,42,218,49.266666666666666,-1.491438627243042,0.6899395372400415
BH_s29_low,42,219,49.3,-1.6470203399658203,0.3549645228484219
BH_s29_low,42,220,49.333333333333336,-1.6667767763137817,0.05708923972329953
BH_s29_low,42,221,49.36666666666667,-1.1435375213623047,-0.19641673014826513
BH_s29_low,42,222,49.4,-0.0833176001906395,-0.4162333288179858
BH_s29_low,42,223,49.43333333333333,1.2186371088027954,-0.6171919729144354
BH_s29_low,42,224,49.46666666666667,1.9741610288619995,-0.8043950118877193
BH_s29_low,42,225,49.5,2.059152841567993,-0.9644999258510312
BH_s29_low,42,226,49.53333333333333,1.6394513845443726,-1.0654507422044714
BH_s29_low,42,227,49.56666666666667,1.0045933723449707,-1.065178426294387
BH_s29_low,42,228,49.6,0.32612690329551697,-0.9268368462124145
BH_s29_low,42,229,49.63333333333333,-0.05370724946260452,-0.6355645660579397
BH_s29_low,42,230,49.666666666666664,-0.35345223546028137,-0.2103929185296493
BH_s29_low,42,231,49.7,-0.35345223546028137,0.29406380295940443
BH_s29_low,42,232,49.733333333333334,-0.35229089856147766,0.7977878291048693
BH_s29_low,42,233,49.766666666666666,-0.35233959555625916,1.2142395119002836
BH_s29_low,42,234,49.8,-0.42899349331855774,1.471228398303614
BH_s29_low,42,235,49.833333333333336,-0.6578425168991089,1.5265542445935572
BH_s29_low,42,236,49.86666666666667,-0.8190847635269165,1.3739929854498503
BH_s29_low,42,237,49.9,-1.0535943508148193,1.0396270689989133
BH_s29_low,42,238,49.93333333333333,-1.2756215333938599,0.5722323946513669
BH_s29_low,42,239,49.96666666666667,-1.4436856508255005,0.03285277680942461
BH_s29_low,43,0,43.0,-0.10360122472047806,-0.09652200403809277
BH_s29_low,43,1,43.03333333333333,-0.1166687086224556,0.4458244312134904
BH_s29_low,43,2,43.06666666666667,-0.1166687086224556,0.899651315304462
BH_s29_low,43,3,43.1,-0.19559654593467712,1.1956916161639561
BH_s29_low,43,4,43.13333333333333,-0.3880534768104553,1.299203916476335
BH_s29_low,43,5,43.166666666666664,-0.5657985210418701,1.2152745311316726
BH_s29_low,43,6,43.2,-0.8003080487251282,0.9827431320552226
BH_s29_low,43,7,43.233333333333334,-0.9558897614479065,0.6593316208857612
BH_s29_low,43,8,43.266666666666666,-1.190399408340454,0.30366509725282737
BH_s29_low,43,9,43.3,-1.3459811210632324,-0.03958643997036015
BH_s29_low,43,10,43.333333333333336,-1.2932724952697754,-0.3467979245192237
BH_s29_low,43,11,43.36666666666667,-0.6608657836914062,-0.6130352479154304
BH_s29_low,43,12,43.4,0.4286983013153076,-0.8420350311674287
BH_s29_low,43,13,43.43333333333333,1.4855272769927979,-1.0331644518380056
BH_s29_low,43,14,43.46666666666667,2.048408031463623,-1.1713421018109396
BH_s29_low,43,15,43.5,1.950880765914917,-1.2251412140523008
BH_s29_low,43,16,43.53333333333333,1.5018352270126343,-1.15542001268692
BH_s29_low,43,17,43.56666666666667,0.9067115187644958,-0.9324513775934511
BH_s29_low,43,18,43.6,0.361038476228714,-0.555039494574497
BH_s29_low,43,19,43.63333333333333,0.018531691282987595,-0.0625408931279066
BH_s29_low,43,20,43.666666666666664,-0.1166687086224556,0.46799704413358967
BH_s29_low,43,21,43.7,-0.1166687086224556,0.9412338379641486
BH_s29_low,43,22,43.733333333333334,-0.1166687086224556,1.2722400268454208
BH_s29_low,43,23,43.766666666666666,-0.1302281767129898,1.4117797731909199
BH_s29_low,43,24,43.8,-0.2858099043369293,1.3577267518090177
BH_s29_low,43,25,43.833333333333336,-0.5203194618225098,1.1496332080816318
BH_s29_low,43,26,43.86666666666667,-0.6826388239860535,0.8507248322663271
BH_s29_low,43,27,43.9,-0.9104107618331909,0.5255377241361654
BH_s29_low,43,28,43.93333333333333,-1.0659924745559692,0.22143128704089374
BH_s29_low,43,29,43.96666666666667,-1.2215741872787476,-0.04060720073578593
BH_s29_low,43,30,44.0,-0.9130216836929321,-0.2643386309005334
BH_s29_low,43,31,44.03333333333333,-0.14446157217025757,-0.4678756818261519
BH_s29_low,43,32,44.06666666666667,0.9399783611297607,-0.66896472657422
BH_s29_low,43,33,44.1,1.8198070526123047,-0.8711861209618852
BH_s29_low,43,34,44.13333333333333,2.014382839202881,-1.0556356763639265
BH_s29_low,43,35,44.166666666666664,1.6609275341033936,-1.181296004649732
BH_s29_low,43,36,44.2,1.1312564611434937,-1.1955821167774823
BH_s29_low,43,37,44.233333333333334,0.5878574252128601,-1.0534971876720123
BH_s29_low,43,38,44.266666666666666,0.1612144112586975,-0.7393426737246894
BH_s29_low,43,39,44.3,-0.03774087131023407,-0.2815031822083101
BH_s29_low,43,40,44.333333333333336,-0.03774087131023407,0.24836314122074282
BH_s29_low,43,41,44.36666666666667,-0.03774087131023407,0.7539947723239162
BH_s29_low,43,42,44.4,-0.03774087131023407,1.1437672021395247
BH_s29_low,43,43,44.43333333333333,-0.16367699205875397,1.3573348030492352
BH_s29_low,43,44,44.46666666666667,-0.3192587196826935,1.3790086911591388
BH_s29_low,43,45,44.5,-0.5537682771682739,1.2348608584904175
BH_s29_low,43,46,44.53333333333333,-0.7093499898910522,0.9774186781412098
BH_s29_low,43,47,44.56666666666667,-0.9028441905975342,0.6653455262386796
BH_s29_low,43,48,44.6,-1.063802719116211,0.34572688191036877
BH_s29_low,43,49,44.63333333333333,-0.8514166474342346,0.044331485428537154
BH_s29_low,43,50,44.666666666666664,-0.08798069506883621,-0.23426172430866568
BH_s29_low,43,51,44.7,0.9532541632652283,-0.4981503376862767
BH_s29_low,43,52,44.733333333333334,1.8572275638580322,-0.7550423265426146
BH_s29_low,43,53,44.766666666666666,2.1479697227478027,-0.9996276070668041
BH_s29_low,43,54,44.8,1.891465425491333,-1.206373840105281
BH_s29_low,43,55,44.833333333333336,1.4619324207305908,-1.3313356807566843
BH_s29_low,43,56,44.86666666666667,0.9185333847999573,-1.3237321691037227
BH_s29_low,43,57,44.9,0.39030730724334717,-1.1444423884786745
BH_s29_low,43,58,44.93333333333333,0.028287962079048157,-0.7853134480843545
BH_s29_low,43,59,44.96666666666667,-0.03774087131023407,-0.28141995193389113
BH_s29_low,43,60,45.0,-0.03774087131023407,0.29060598890593115
BH_s29_low,43,61,45.03333333333333,-0.03774087131023407,0.8302067606465305
BH_s29_low,43,62,45.06666666666667,-0.12047190964221954,1.2409372411767747
BH_s29_low,43,63,45.1,-0.27758288383483887,1.457807319778754
BH_s29_low,43,64,45.13333333333333,-0.5105631947517395,1.4633122221169348
BH_s29_low,43,65,45.166666666666664,-0.7420541048049927,1.286971576307061
BH_s29_low,43,66,45.2,-0.9006544947624207,0.9899979594308395
BH_s29_low,43,67,45.233333333333334,-1.0562362670898438,0.6420944123868728
BH_s29_low,43,68,45.266666666666666,-1.0736433267593384,0.29965182214563146
BH_s29_low,43,69,45.3,-0.4929523766040802,-0.006947270894963959
BH_s29_low,43,70,45.333333333333336,0.4785745143890381,-0.27380153881405295
BH_s29_low,43,71,45.36666666666667,1.582034945487976,-0.5136840538787382
BH_s29_low,43,72,45.4,2.134366035461426,-0.7410674937774997
BH_s29_low,43,73,45.43333333333333,2.114521026611328,-0.9579649791684518
BH_s29_low,43,74,45.46666666666667,1.7691242694854736,-1.1457769403066287
BH_s29_low,43,75,45.5,1.2234512567520142,-1.2663278837671543
BH_s29_low,43,76,45.53333333333333,0.6777781844139099,-1.2724102162953985
BH_s29_low,43,77,45.56666666666667,0.21103303134441376,-1.1249622204576653
BH_s29_low,43,78,45.6,-0.005160844419151545,-0.8112532748926865
BH_s29_low,43,79,45.63333333333333,-0.03774087131023407,-0.3570684942620801
BH_s29_low,43,80,45.666666666666664,-0.03774087131023407,0.17315359531626834
BH_s29_low,43,81,45.7,-0.1166687086224556,0.690302993550843
BH_s29_low,43,82,45.733333333333334,-0.23284855484962463,1.1046774988646118
BH_s29_low,43,83,45.766666666666666,-0.4673581123352051,1.3511457504080906
BH_s29_low,43,84,45.8,-0.6556439399719238,1.4055926278635094
BH_s29_low,43,85,45.833333333333336,-0.8574494123458862,1.2867090870386544
BH_s29_low,43,86,45.86666666666667,-1.0130311250686646,1.0437168466655364
BH_s29_low,43,87,45.9,-1.1686128377914429,0.7363715795993878
BH_s29_low,43,88,45.93333333333333,-1.1980501413345337,0.4157689094741252
BH_s29_low,43,89,45.96666666666667,-0.7779410481452942,0.11276743925847792
BH_s29_low,43,90,46.0,0.1746097058057785,-0.16323920580065582
BH_s29_low,43,91,46.03333333333333,1.325823187828064,-0.416743279667689
BH_s29_low,43,92,46.06666666666667,2.043407917022705,-0.6540348957640668
BH_s29_low,43,93,46.1,2.068833589553833,-0.8717520994931157
BH_s29_low,43,94,46.13333333333333,1.7377411127090454,-1.0505353699185342
BH_s29_low,43,95,46.166666666666664,1.194342017173767,-1.1564440719902556
BH_s29_low,43,96,46.2,0.6509429216384888,-1.150269693130921
BH_s29_low,43,97,46.233333333333334,0.1896144449710846,-1.0021906874634878
BH_s29_low,43,98,46.266666666666666,-0.03860965371131897,-0.7069384261388233
BH_s29_low,43,99,46.3,-0.1166687086224556,-0.2933022948367848
BH_s29_low,43,100,46.333333333333336,-0.1166687086224556,0.1776417698626059
BH_s29_low,43,101,46.36666666666667,-0.1896434724330902,0.6271806694246816
BH_s29_low,43,102,46.4,-0.34522518515586853,0.9813006758375291
BH_s29_low,43,103,46.43333333333333,-0.5008069276809692,1.190902759525278
BH_s29_low,43,104,46.46666666666667,-0.7353165149688721,1.2416577892141063
BH_s29_low,43,105,46.5,-0.954777181148529,1.1511279491303954
BH_s29_low,43,106,46.53333333333333,-1.1254078149795532,0.956522874559248
BH_s29_low,43,107,46.56666666666667,-1.2809895277023315,0.6993644512225917
BH_s29_low,43,108,46.6,-1.3795140981674194,0.41292750512840193
BH_s29_low,43,109,46.63333333333333,-1.348875641822815,0.1160205824276674
BH_s29_low,43,110,46.666666666666664,-0.8012567758560181,-0.18582136397973115
BH_s29_low,43,111,46.7,0.1560501903295517,-0.49287517775107353
BH_s29_low,43,112,46.733333333333334,1.276088833808899,-0.8005992007523239
BH_s29_low,43,113,46.766666666666666,1.947901964187622,-1.090157292606968
BH_s29_low,43,114,46.8,1.9275561571121216,-1.3243671407352948
BH_s29_low,43,115,46.833333333333336,1.4963253736495972,-1.4519761030644123
BH_s29_low,43,116,46.86666666666667,0.9117869138717651,-1.4207036784556846
BH_s29_low,43,117,46.9,0.3260515332221985,-1.1961739398853783
BH_s29_low,43,118,46.93333333333333,-0.07205846160650253,-0.7804533073088299
BH_s29_low,43,119,46.96666666666667,-0.19559654593467712,-0.22198202582760448
BH_s29_low,43,120,47.0,-0.19559654593467712,0.3899447265809384
BH_s29_low,43,121,47.03333333333333,-0.1166687086224556,0.9471582536355238
BH_s29_low,43,122,47.06666666666667,-0.19559654593467712,1.3535183479433208
BH_s29_low,43,123,47.1,-0.297472208738327,1.551787170665396
BH_s29_low,43,124,47.13333333333333,-0.45305395126342773,1.5357004813537343
BH_s29_low,43,125,47.166666666666664,-0.6875634789466858,1.3440508820750292
BH_s29_low,43,126,47.2,-0.8431452512741089,1.0414220892487858
BH_s29_low,43,127,47.233333333333334,-0.9987269639968872,0.6946521943256131
BH_s29_low,43,128,47.266666666666666,-1.1543086767196655,0.35397171712555786
BH_s29_low,43,129,47.3,-1.212354302406311,0.04426253391754321
BH_s29_low,43,130,47.333333333333336,-0.7918683886528015,-0.2326889866495999
BH_s29_low,43,131,47.36666666666667,0.0003088616067543626,-0.48781769197726804
BH_s29_low,43,132,47.4,1.1610703468322754,-0.7311100957810711
BH_s29_low,43,133,47.43333333333333,1.9356633424758911,-0.9597116972597552
BH_s29_low,43,134,47.46666666666667,2.014382839202881,-1.1519506234639298
BH_s29_low,43,135,47.5,1.5538346767425537,-1.269624981498075
BH_s29_low,43,136,47.53333333333333,1.0147751569747925,-1.2684830180100646
BH_s29_low,43,137,47.56666666666667,0.3924482762813568,-1.1142034031594252
BH_s29_low,43,138,47.6,-0.015417983755469322,-0.7988978645444349
BH_s29_low,43,139,47.63333333333333,-0.1821611523628235,-0.3517532962588205
BH_s29_low,43,140,47.666666666666664,-0.19559654593467712,0.16209201442495147
BH_s29_low,43,141,47.7,-0.19559654593467712,0.6564239477007502
BH_s29_low,43,142,47.733333333333334,-0.2542671263217926,1.0477790596587484
BH_s29_low,43,143,47.766666666666666,-0.3309210240840912,1.2784170286683536
BH_s29_low,43,144,47.8,-0.5654305815696716,1.3294052357295323
BH_s29_low,43,145,47.833333333333336,-0.7728610634803772,1.2200720865143748
BH_s29_low,43,146,47.86666666666667,-0.9555218815803528,0.9960554959879104
BH_s29_low,43,147,47.9,-1.1111036539077759,0.711923957683825
BH_s29_low,43,148,47.93333333333333,-1.2666853666305542,0.4148484167815092
BH_s29_low,43,149,47.96666666666667,-1.336761236190796,0.1340626524708735
BH_s29_low,43,150,48.0,-0.8614078760147095,-0.12157732614908759
BH_s29_low,43,151,48.03333333333333,0.0718386173248291,-0.3581592950515109
BH_s29_low,43,152,48.06666666666667,1.3187663555145264,-0.5860391116964994
BH_s29_low,43,153,48.1,2.0816972255706787,-0.808111428923064
BH_s29_low,43,154,48.13333333333333,2.140855312347412,-1.011334290553626
BH_s29_low,43,155,48.166666666666664,1.7691996097564697,-1.1647196396974027
BH_s29_low,43,156,48.2,1.2235265970230103,-1.225205442881392
BH_s29_low,43,157,48.233333333333334,0.6532922387123108,-1.150613664860337
BH_s29_low,43,158,48.266666666666666,0.15446791052818298,-0.916453385341172
BH_s29_low,43,159,48.3,-0.057754285633563995,-0.530955598400822
BH_s29_low,43,160,48.333333333333336,-0.19559654593467712,-0.041485634105736836
BH_s29_low,43,161,48.36666666666667,-0.19559654593467712,0.4726088806520876
BH_s29_low,43,162,48.4,-0.20878811180591583,0.9200489593538426
BH_s29_low,43,163,48.43333333333333,-0.36436983942985535,1.2235512088008629
BH_s29_low,43,164,48.46666666666667,-0.519951581954956,1.341390884296022
BH_s29_low,43,165,48.5,-0.7544611096382141,1.2761450641972816
BH_s29_low,43,166,48.53333333333333,-0.9141386151313782,1.0680712277862376
BH_s29_low,43,167,48.56666666666667,-1.1445523500442505,0.7771864928620802
BH_s29_low,43,168,48.6,-1.3001341819763184,0.4619703371583183
BH_s29_low,43,169,48.63333333333333,-1.4557158946990967,0.16270449088920597
BH_s29_low,43,170,48.666666666666664,-1.0838029384613037,-0.10535193935972084
BH_s29_low,43,171,48.7,-0.16758675873279572,-0.3478717229579728
BH_s29_low,43,172,48.733333333333334,0.990865170955658,-0.5791960103086338
BH_s29_low,43,173,48.766666666666666,1.9552733898162842,-0.8071692586642262
BH_s29_low,43,174,48.8,2.17223858833313,-1.0211156640857508
BH_s29_low,43,175,48.833333333333336,1.8267087936401367,-1.1878965526693686
BH_s29_low,43,176,48.86666666666667,1.2810357809066772,-1.2583171495614365
BH_s29_low,43,177,48.9,0.6773527264595032,-1.1827283240190383
BH_s29_low,43,178,48.93333333333333,0.11076197028160095,-0.9313565316177552
BH_s29_low,43,179,48.96666666666667,-0.14466531574726105,-0.5122039992181289
BH_s29_low,43,180,49.0,-0.27452439069747925,0.02165946485835064
BH_s29_low,43,181,49.03333333333333,-0.27452439069747925,0.5808359669576548
BH_s29_low,43,182,49.06666666666667,-0.3211647570133209,1.0629489803209193
BH_s29_low,43,183,49.1,-0.3978186249732971,1.3820567069210186
BH_s29_low,43,184,49.13333333333333,-0.6323282122612,1.4926304621224604
BH_s29_low,43,185,49.166666666666664,-0.8277284502983093,1.3991170775962696
BH_s29_low,43,186,49.2,-1.0599640607833862,1.1485054948672644
BH_s29_low,43,187,49.233333333333334,-1.2569290399551392,0.8103058505423031
BH_s29_low,43,188,49.266666666666666,-1.491438627243042,0.4526995965667306
BH_s29_low,43,189,49.3,-1.6470203399658203,0.1238467058645179
BH_s29_low,43,190,49.333333333333336,-1.6667767763137817,-0.15604758109934963
BH_s29_low,43,191,49.36666666666667,-1.1435375213623047,-0.39112595141529743
BH_s29_low,43,192,49.4,-0.0833176001906395,-0.5979217441412373
BH_s29_low,43,193,49.43333333333333,1.2186371088027954,-0.7903808578641937
BH_s29_low,43,194,49.46666666666667,1.9741610288619995,-0.9675020370008734
BH_s29_low,43,195,49.5,2.059152841567993,-1.1080407194213624
BH_s29_low,43,196,49.53333333333333,1.6394513845443726,-1.1744445155165681
BH_s29_low,43,197,49.56666666666667,1.0045933723449707,-1.1252402431676878
BH_s29_low,43,198,49.6,0.32612690329551697,-0.9320264093292079
BH_s29_low,43,199,49.63333333333333,-0.05370724946260452,-0.594889358234691
BH_s29_low,43,200,49.666666666666664,-0.35345223546028137,-0.14958570454413556
BH_s29_low,43,201,49.7,-0.35345223546028137,0.33762786264791705
BH_s29_low,43,202,49.733333333333334,-0.35229089856147766,0.7863994768477955
BH_s29_low,43,203,49.766666666666666,-0.35233959555625916,1.1237109908605747
BH_s29_low,43,204,49.8,-0.42899349331855774,1.302166398172716
BH_s29_low,43,205,49.833333333333336,-0.6578425168991089,1.3088318122358695
BH_s29_low,43,206,49.86666666666667,-0.8190847635269165,1.1626880923903629
BH_s29_low,43,207,49.9,-1.0535943508148193,0.9033378957273165
BH_s29_low,43,208,49.93333333333333,-1.2756215333938599,0.5763730604785658
BH_s29_low,43,209,49.96666666666667,-1.4436856508255005,0.22109899628065746
BH_s29_low,43,210,50.0,-1.5992673635482788,-0.13543468815553403
BH_s29_low,43,211,50.03333333333333,-1.3584989309310913,-0.4769850598058115
BH_s29_low,43,212,50.06666666666667,-0.5618491768836975,-0.7910399404426234
BH_s29_low,43,213,50.1,0.6396482586860657,-1.0601284092716794
BH_s29_low,43,214,50.13333333333333,1.7258968353271484,-1.256424572386451
BH_s29_low,43,215,50.166666666666664,2.093310832977295,-1.3434289297794404
BH_s29_low,43,216,50.2,1.7906935214996338,-1.2854280738822095
BH_s29_low,43,217,50.233333333333334,1.1990406513214111,-1.0618085901578262
BH_s29_low,43,218,50.266666666666666,0.533007800579071,-0.6807791699182348
BH_s29_low,43,219,50.3,0.037250813096761703,-0.1863033273618751
BH_s29_low,43,220,50.333333333333336,-0.23475459218025208,0.3465695089107244
BH_s29_low,43,221,50.36666666666667,-0.27452439069747925,0.8285708629016008
BH_s29_low,43,222,50.4,-0.23991425335407257,1.179792486816759
BH_s29_low,43,223,50.43333333333333,-0.19559654593467712,1.3505860563735963
BH_s29_low,43,224,50.46666666666667,-0.30458661913871765,1.3318406247523304
BH_s29_low,43,225,50.5,-0.46016836166381836,1.1520858449250635
BH_s29_low,43,226,50.53333333333333,-0.6946778893470764,0.8645134547882491
BH_s29_low,43,227,50.56666666666667,-0.8735000491142273,0.530028661796603
BH_s29_low,43,228,50.6,-1.0847692489624023,0.2020324817503568
BH_s29_low,43,229,50.63333333333333,-1.2403509616851807,-0.0834832521781409
BH_s29_low,43,230,50.666666666666664,-1.3630956411361694,-0.310856402851923
BH_s29_low,43,231,50.7,-0.9000074863433838,-0.4808320563074678
BH_s29_low,43,232,50.733333333333334,0.06909475475549698,-0.6021550469739753
BH_s29_low,43,233,50.766666666666666,1.3712091445922852,-0.682692622106173
BH_s29_low,43,234,50.8,2.1795613765716553,-0.7239835899631694
BH_s29_low,43,235,50.833333333333336,2.2410688400268555,-0.7211555436718049
BH_s29_low,43,236,50.86666666666667,1.7692749500274658,-0.6673474767156319
BH_s29_low,43,237,50.9,1.144173264503479,-0.5596968174925978
BH_s29_low,43,238,50.93333333333333,0.521846354007721,-0.4037073370504198
BH_s29_low,43,239,50.96666666666667,-0.0255997646600008,-0.21416546692046365
BH_s29_low,44,0,44.0,-0.9130216836929321,0.024736115267690977
BH_s29_low,44,1,44.03333333333333,-0.14446157217025757,-0.24349531208097355
BH_s29_low,44,2,44.06666666666667,0.9399783611297607,-0.5045550774641928
BH_s29_low,44,3,44.1,1.8198070526123047,-0.7438867640579182
BH_s29_low,44,4,44.13333333333333,2.014382839202881,-0.9353481588563519
BH_s29_low,44,5,44.166666666666664,1.6609275341033936,-1.0415059114004992
BH_s29_low,44,6,44.2,1.1312564611434937,-1.0205111098405157
BH_s29_low,44,7,44.233333333333334,0.5878574252128601,-0.8402860726825573
BH_s29_low,44,8,44.266666666666666,0.1612144112586975,-0.4965534582034314
BH_s29_low,44,9,44.3,-0.03774087131023407,-0.026322592071216944
BH_s29_low,44,10,44.333333333333336,-0.03774087131023407,0.4928660706257812
BH_s29_low,44,11,44.36666666666667,-0.03774087131023407,0.9620054192156164
BH_s29_low,44,12,44.4,-0.03774087131023407,1.2911159876267706
BH_s29_low,44,13,44.43333333333333,-0.16367699205875397,1.4267598512596542
BH_s29_low,44,14,44.46666666666667,-0.3192587196826935,1.364719834624496
BH_s29_low,44,15,44.5,-0.5537682771682739,1.1447973607353918
BH_s29_low,44,16,44.53333333333333,-0.7093499898910522,0.8323420044518027
BH_s29_low,44,17,44.56666666666667,-0.9028441905975342,0.49480535011271853
BH_s29_low,44,18,44.6,-1.063802719116211,0.1817210129057479
BH_s29_low,44,19,44.63333333333333,-0.8514166474342346,-0.08590920577839935
BH_s29_low,44,20,44.666666666666664,-0.08798069506883621,-0.3145583238686378
BH_s29_low,44,21,44.7,0.9532541632652283,-0.5269878052749364
BH_s29_low,44,22,44.733333333333334,1.8572275638580322,-0.745457124139295
BH_s29_low,44,23,44.766666666666666,2.1479697227478027,-0.9754712562700416
BH_s29_low,44,24,44.8,1.891465425491333,-1.1961356665226965
BH_s29_low,44,25,44.833333333333336,1.4619324207305908,-1.3612264423474172
BH_s29_low,44,26,44.86666666666667,0.9185333847999573,-1.4115410519639828
BH_s29_low,44,27,44.9,0.39030730724334717,-1.2951332924144605
BH_s29_low,44,28,44.93333333333333,0.028287962079048157,-0.9889774994354121
BH_s29_low,44,29,44.96666666666667,-0.03774087131023407,-0.5142080671544351
BH_s29_low,44,30,45.0,-0.03774087131023407,0.06200163584397483
BH_s29_low,44,31,45.03333333333333,-0.03774087131023407,0.6407448682275282
BH_s29_low,44,32,45.06666666666667,-0.12047190964221954,1.1180218661807422
BH_s29_low,44,33,45.1,-0.27758288383483887,1.4140614811274004
BH_s29_low,44,34,45.13333333333333,-0.5105631947517395,1.4942317107992422
BH_s29_low,44,35,45.166666666666664,-0.7420541048049927,1.3740508962276556
BH_s29_low,44,36,45.2,-0.9006544947624207,1.1075911431902437
BH_s29_low,44,37,45.233333333333334,-1.0562362670898438,0.765153822511812
BH_s29_low,44,38,45.266666666666666,-1.0736433267593384,0.40953390829334346
BH_s29_low,44,39,45.3,-0.4929523766040802,0.07962876734531109
BH_s29_low,44,40,45.333333333333336,0.4785745143890381,-0.21356323770548333
BH_s29_low,44,41,45.36666666666667,1.582034945487976,-0.4786838414869944
BH_s29_low,44,42,45.4,2.134366035461426,-0.7282927813173337
BH_s29_low,44,43,45.43333333333333,2.114521026611328,-0.9629048303557414
BH_s29_low,44,44,45.46666666666667,1.7691242694854736,-1.1614789494815565
BH_s29_low,44,45,45.5,1.2234512567520142,-1.2823760718789947
BH_s29_low,44,46,45.53333333333333,0.6777781844139099,-1.275241852158546
BH_s29_low,44,47,45.56666666666667,0.21103303134441376,-1.1004935037506363
BH_s29_low,44,48,45.6,-0.005160844419151545,-0.7496824206255288
BH_s29_low,44,49,45.63333333333333,-0.03774087131023407,-0.25805666246360487
BH_s29_low,44,50,45.666666666666664,-0.03774087131023407,0.29820768939583836
BH_s29_low,44,51,45.7,-0.1166687086224556,0.8216558123289468
BH_s29_low,44,52,45.733333333333334,-0.23284855484962463,1.2223943147113572
BH_s29_low,44,53,45.766666666666666,-0.4673581123352051,1.4430424318843698
BH_s29_low,44,54,45.8,-0.6556439399719238,1.4701092622169096
BH_s29_low,44,55,45.833333333333336,-0.8574494123458862,1.3300744119565862
BH_s29_low,44,56,45.86666666666667,-1.0130311250686646,1.0743902065518685
BH_s29_low,44,57,45.9,-1.1686128377914429,0.7601035079463914
BH_s29_low,44,58,45.93333333333333,-1.1980501413345337,0.433026976998369
BH_s29_low,44,59,45.96666666666667,-0.7779410481452942,0.11870983774752446
BH_s29_low,44,60,46.0,0.1746097058057785,-0.1768680280424545
BH_s29_low,44,61,46.03333333333333,1.325823187828064,-0.45866016038010077
BH_s29_low,44,62,46.06666666666667,2.043407917022705,-0.7303767512810438
BH_s29_low,44,63,46.1,2.068833589553833,-0.9838988010713605
BH_s29_low,44,64,46.13333333333333,1.7377411127090454,-1.194312667713577
BH_s29_low,44,65,46.166666666666664,1.194342017173767,-1.322528710036574
BH_s29_low,44,66,46.2,0.6509429216384888,-1.3252753044881387
BH_s29_low,44,67,46.233333333333334,0.1896144449710846,-1.1701224157867383
BH_s29_low,44,68,46.266666666666666,-0.03860965371131897,-0.8510803520814839
BH_s29_low,44,69,46.3,-0.1166687086224556,-0.39872337329974744
BH_s29_low,44,70,46.333333333333336,-0.1166687086224556,0.12105487662685574
BH_s29_low,44,71,46.36666666666667,-0.1896434724330902,0.621849603312805
BH_s29_low,44,72,46.4,-0.34522518515586853,1.0205204823985612
BH_s29_low,44,73,46.43333333333333,-0.5008069276809692,1.2601186818472143
BH_s29_low,44,74,46.46666666666667,-0.7353165149688721,1.3226675471034015
BH_s29_low,44,75,46.5,-0.954777181148529,1.2277801534132593
BH_s29_low,44,76,46.53333333333333,-1.1254078149795532,1.0194430602489382
BH_s29_low,44,77,46.56666666666667,-1.2809895277023315,0.7476132458118153
BH_s29_low,44,78,46.6,-1.3795140981674194,0.45210859279750343
BH_s29_low,44,79,46.63333333333333,-1.348875641822815,0.15418819297719152
BH_s29_low,44,80,46.666666666666664,-0.8012567758560181,-0.1422347232554848
BH_s29_low,44,81,46.7,0.1560501903295517,-0.4413227233264745
BH_s29_low,44,82,46.733333333333334,1.276088833808899,-0.7422522816766272
BH_s29_low,44,83,46.766666666666666,1.947901964187622,-1.027937214733287
BH_s29_low,44,84,46.8,1.9275561571121216,-1.26073393941336
BH_s29_low,44,85,46.833333333333336,1.4963253736495972,-1.3881003902439453
BH_s29_low,44,86,46.86666666666667,0.9117869138717651,-1.3575347920452718
BH_s29_low,44,87,46.9,0.3260515332221985,-1.1363720434432738
BH_s29_low,44,88,46.93333333333333,-0.07205846160650253,-0.729538674929025
BH_s29_low,44,89,46.96666666666667,-0.19559654593467712,-0.18773027133100728
BH_s29_low,44,90,47.0,-0.19559654593467712,0.3997073964888336
BH_s29_low,44,91,47.03333333333333,-0.1166687086224556,0.9273740978887938
BH_s29_low,44,92,47.06666666666667,-0.19559654593467712,1.303988978964765
BH_s29_low,44,93,47.1,-0.297472208738327,1.4774591997465474
BH_s29_low,44,94,47.13333333333333,-0.45305395126342773,1.4450442549771771
BH_s29_low,44,95,47.166666666666664,-0.6875634789466858,1.2465599652867223
BH_s29_low,44,96,47.2,-0.8431452512741089,0.945614775158837
BH_s29_low,44,97,47.233333333333334,-0.9987269639968872,0.607274467290097
BH_s29_low,44,98,47.266666666666666,-1.1543086767196655,0.28003976207630554
BH_s29_low,44,99,47.3,-1.212354302406311,-0.012939612230875152
BH_s29_low,44,100,47.333333333333336,-0.7918683886528015,-0.2720705694987285
BH_s29_low,44,101,47.36666666666667,0.0003088616067543626,-0.510875555993775
BH_s29_low,44,102,47.4,1.1610703468322754,-0.7413783563724771
BH_s29_low,44,103,47.43333333333333,1.9356633424758911,-0.9609880538652019
BH_s29_low,44,104,47.46666666666667,2.014382839202881,-1.1459820508354408
BH_s29_low,44,105,47.5,1.5538346767425537,-1.254519973608983
BH_s29_low,44,106,47.53333333333333,1.0147751569747925,-1.2389608413158195
BH_s29_low,44,107,47.56666666666667,0.3924482762813568,-1.0639544216163663
BH_s29_low,44,108,47.6,-0.015417983755469322,-0.7242181605324299
BH_s29_low,44,109,47.63333333333333,-0.1821611523628235,-0.2548025950091671
BH_s29_low,44,110,47.666666666666664,-0.19559654593467712,0.27209641020267145
BH_s29_low,44,111,47.7,-0.19559654593467712,0.7648932006224829
BH_s29_low,44,112,47.733333333333334,-0.2542671263217926,1.1387218072172467
BH_s29_low,44,113,47.766666666666666,-0.3309210240840912,1.3389643761989192
BH_s29_low,44,114,47.8,-0.5654305815696716,1.3530839288832475
BH_s29_low,44,115,47.833333333333336,-0.7728610634803772,1.2078785682931172
BH_s29_low,44,116,47.86666666666667,-0.9555218815803528,0.9553458023095851
BH_s29_low,44,117,47.9,-1.1111036539077759,0.6536620717366709
BH_s29_low,44,118,47.93333333333333,-1.2666853666305542,0.3499665242288297
BH_s29_low,44,119,47.96666666666667,-1.336761236190796,0.06989296423788133
BH_s29_low,44,120,48.0,-0.8614078760147095,-0.18356454767669103
BH_s29_low,44,121,48.03333333333333,0.0718386173248291,-0.4221071728898287
BH_s29_low,44,122,48.06666666666667,1.3187663555145264,-0.658547941922992
BH_s29_low,44,123,48.1,2.0816972255706787,-0.8931689611769826
BH_s29_low,44,124,48.13333333333333,2.140855312347412,-1.1054678957213686
BH_s29_low,44,125,48.166666666666664,1.7691996097564697,-1.2547421664319311
BH_s29_low,44,126,48.2,1.2235265970230103,-1.2901465031168433
BH_s29_low,44,127,48.233333333333334,0.6532922387123108,-1.167850556550178
BH_s29_low,44,128,48.266666666666666,0.15446791052818298,-0.8701569169659201
BH_s29_low,44,129,48.3,-0.057754285633563995,-0.4195568279053759
BH_s29_low,44,130,48.333333333333336,-0.19559654593467712,0.11919576164967324
BH_s29_low,44,131,48.36666666666667,-0.19559654593467712,0.6523573709981074
BH_s29_low,44,132,48.4,-0.20878811180591583,1.0825081518790733
BH_s29_low,44,133,48.43333333333333,-0.36436983942985535,1.3365251835511933
BH_s29_low,44,134,48.46666666666667,-0.519951581954956,1.3852758005535888
BH_s29_low,44,135,48.5,-0.7544611096382141,1.2477716944108808
BH_s29_low,44,136,48.53333333333333,-0.9141386151313782,0.9793698524746174
BH_s29_low,44,137,48.56666666666667,-1.1445523500442505,0.6500062588381833
BH_s29_low,44,138,48.6,-1.3001341819763184,0.32141931883450287
BH_s29_low,44,139,48.63333333333333,-1.4557158946990967,0.03137600316494244
BH_s29_low,44,140,48.666666666666664,-1.0838029384613037,-0.21070506295524402
BH_s29_low,44,141,48.7,-0.16758675873279572,-0.41690590436706637
BH_s29_low,44,142,48.733333333333334,0.990865170955658,-0.6067555208635345
BH_s29_low,44,143,48.766666666666666,1.9552733898162842,-0.7919000268589287
BH_s29_low,44,144,48.8,2.17223858833313,-0.9650761427113184
BH_s29_low,44,145,48.833333333333336,1.8267087936401367,-1.097099903102317
BH_s29_low,44,146,48.86666666666667,1.2810357809066772,-1.1431788499765654
BH_s29_low,44,147,48.9,0.6773527264595032,-1.0573596029272876
BH_s29_low,44,148,48.93333333333333,0.11076197028160095,-0.8113885671714017
BH_s29_low,44,149,48.96666666666667,-0.14466531574726105,-0.4117300111302226
BH_s29_low,44,150,49.0,-0.27452439069747925,0.09297085053731238
BH_s29_low,44,151,49.03333333333333,-0.27452439069747925,0.6194722851217256
BH_s29_low,44,152,49.06666666666667,-0.3211647570133209,1.0714691844574957
BH_s29_low,44,153,49.1,-0.3978186249732971,1.367056020085618
BH_s29_low,44,154,49.13333333333333,-0.6323282122612,1.4614729131748476
BH_s29_low,44,155,49.166666666666664,-0.8277284502983093,1.356913255467711
BH_s29_low,44,156,49.2,-1.0599640607833862,1.0967264789111786
BH_s29_low,44,157,49.233333333333334,-1.2569290399551392,0.7474551990675466
BH_s29_low,44,158,49.266666666666666,-1.491438627243042,0.3763979766672443
BH_s29_low,44,159,49.3,-1.6470203399658203,0.03322715986781921
BH_s29_low,44,160,49.333333333333336,-1.6667767763137817,-0.2584832968225089
BH_s29_low,44,161,49.36666666666667,-1.1435375213623047,-0.49855906698716135
BH_s29_low,44,162,49.4,-0.0833176001906395,-0.6994047237050808
BH_s29_low,44,163,49.43333333333333,1.2186371088027954,-0.8725014439796461
BH_s29_low,44,164,49.46666666666667,1.9741610288619995,-1.0176114959254088
BH_s29_low,44,165,49.5,2.059152841567993,-1.1183303100081714
BH_s29_low,44,166,49.53333333333333,1.6394513845443726,-1.1453016384784025
BH_s29_low,44,167,49.56666666666667,1.0045933723449707,-1.0660967881133032
BH_s29_low,44,168,49.6,0.32612690329551697,-0.8587065733850062
BH_s29_low,44,169,49.63333333333333,-0.05370724946260452,-0.524094878867417
BH_s29_low,44,170,49.666666666666664,-0.35345223546028137,-0.09287092877495878
BH_s29_low,44,171,49.7,-0.35345223546028137,0.3773126603973733
BH_s29_low,44,172,49.733333333333334,-0.35229089856147766,0.8135589435110289
BH_s29_low,44,173,49.766666666666666,-0.35233959555625916,1.1450370239837961
BH_s29_low,44,174,49.8,-0.42899349331855774,1.3202474901299324
BH_s29_low,44,175,49.833333333333336,-0.6578425168991089,1.3188252351672152
BH_s29_low,44,176,49.86666666666667,-0.8190847635269165,1.1541417502268114
BH_s29_low,44,177,49.9,-1.0535943508148193,0.8660075111156366
BH_s29_low,44,178,49.93333333333333,-1.2756215333938599,0.5065421548131073
BH_s29_low,44,179,49.96666666666667,-1.4436856508255005,0.12504278061561572
BH_s29_low,44,180,50.0,-1.5992673635482788,-0.24215674020283592
BH_s29_low,44,181,50.03333333333333,-1.3584989309310913,-0.5734532946252
BH_s29_low,44,182,50.06666666666667,-0.5618491768836975,-0.8561475870297564
BH_s29_low,44,183,50.1,0.6396482586860657,-1.0773443985912892
BH_s29_low,44,184,50.13333333333333,1.7258968353271484,-1.2170803136863815
BH_s29_low,44,185,50.166666666666664,2.093310832977295,-1.247876869390561
BH_s29_low,44,186,50.2,1.7906935214996338,-1.1420319990672076
BH_s29_low,44,187,50.233333333333334,1.1990406513214111,-0.8845342210631879
BH_s29_low,44,188,50.266666666666666,0.533007800579071,-0.48654394226358805
BH_s29_low,44,189,50.3,0.037250813096761703,0.007125424729077326
BH_s29_low,44,190,50.333333333333336,-0.23475459218025208,0.5221572730725489
BH_s29_low,44,191,50.36666666666667,-0.27452439069747925,0.9717010891254003
BH_s29_low,44,192,50.4,-0.23991425335407257,1.2805164948306706
BH_s29_low,44,193,50.43333333333333,-0.19559654593467712,1.4061536187049497
BH_s29_low,44,194,50.46666666666667,-0.30458661913871765,1.3485629865508084
BH_s29_low,44,195,50.5,-0.46016836166381836,1.1453492822673355
BH_s29_low,44,196,50.53333333333333,-0.6946778893470764,0.8558752066821481
BH_s29_low,44,197,50.56666666666667,-0.8735000491142273,0.540900579127318
BH_s29_low,44,198,50.6,-1.0847692489624023,0.2447524757655636
BH_s29_low,44,199,50.63333333333333,-1.2403509616851807,-0.014670786432035558
BH_s29_low,44,200,50.666666666666664,-1.3630956411361694,-0.2451524448579683
BH_s29_low,44,201,50.7,-0.9000074863433838,-0.4689235856261516
BH_s29_low,44,202,50.733333333333334,0.06909475475549698,-0.7050991224402098
BH_s29_low,44,203,50.766666666666666,1.3712091445922852,-0.9528995246366108
BH_s29_low,44,204,50.8,2.1795613765716553,-1.182974965821069
BH_s29_low,44,205,50.833333333333336,2.2410688400268555,-1.3413047686019512
BH_s29_low,44,206,50.86666666666667,1.7692749500274658,-1.3653614890206458
BH_s29_low,44,207,50.9,1.144173264503479,-1.2074665421903819
BH_s29_low,44,208,50.93333333333333,0.521846354007721,-0.8572294448711523
BH_s29_low,44,209,50.96666666666667,-0.0255997646600008,-0.3541274305022867
BH_s29_low,44,210,51.0,-0.1892755627632141,0.2168775616554965
BH_s29_low,44,211,51.03333333333333,-0.27452439069747925,0.74782121548402
BH_s29_low,44,212,51.06666666666667,-0.2064654380083084,1.1404026303465997
BH_s29_low,44,213,51.1,-0.2613815367221832,1.334911448524062
BH_s29_low,44,214,51.13333333333333,-0.3380354344844818,1.3235714214928898
BH_s29_low,44,215,51.166666666666664,-0.49361714720726013,1.144597745696416
BH_s29_low,44,216,51.2,-0.7281267046928406,0.861969564514603
BH_s29_low,44,217,51.233333333333334,-0.9626362919807434,0.5409331514992287
BH_s29_low,44,218,51.266666666666666,-1.1971458196640015,0.22897972486638052
BH_s29_low,44,219,51.3,-1.3527275323867798,-0.05205613860461982
BH_s29_low,44,220,51.333333333333336,-1.150984287261963,-0.30227946922827037
BH_s29_low,44,221,51.36666666666667,-0.3360098898410797,-0.5320004120208087
BH_s29_low,44,222,51.4,0.8773094415664673,-0.7476172956893863
BH_s29_low,44,223,51.43333333333333,1.9497812986373901,-0.9407209054212836
BH_s29_low,44,224,51.46666666666667,2.330094337463379,-1.0844771661792498
BH_s29_low,44,225,51.5,2.056745767593384,-1.1388645523087646
BH_s29_low,44,226,51.53333333333333,1.4748492240905762,-1.0634887317060902
BH_s29_low,44,227,51.56666666666667,0.8525223135948181,-0.8340885941931626
BH_s29_low,44,228,51.6,0.30912327766418457,-0.4570825185719576
BH_s29_low,44,229,51.63333333333333,-0.06714264303445816,0.023940165731466505
BH_s29_low,44,230,51.666666666666664,-0.19559654593467712,0.53431840113458
BH_s29_low,44,231,51.7,-0.19559654593467712,0.9870467515246734
BH_s29_low,44,232,51.733333333333334,-0.19559654593467712,1.307714466007991
BH_s29_low,44,233,51.766666666666666,-0.2948303520679474,1.4552144337899526
BH_s29_low,44,234,51.8,-0.4504120647907257,1.4296747140790107
BH_s29_low,44,235,51.833333333333336,-0.6217518448829651,1.265377368730768
BH_s29_low,44,236,51.86666666666667,-0.853987455368042,1.0131314831958294
BH_s29_low,44,237,51.9,-1.0750129222869873,0.7204178876328228
BH_s29_low,44,238,51.93333333333333,-1.3095225095748901,0.41733547427050227
BH_s29_low,44,239,51.96666666666667,-1.372851848602295,0.11306812210985275
BH_s29_low,45,0,45.0,-0.03774087131023407,-0.10252857852322164
BH_s29_low,45,1,45.03333333333333,-0.03774087131023407,0.3633068305585243
BH_s29_low,45,2,45.06666666666667,-0.12047190964221954,0.7459723706218934
BH_s29_low,45,3,45.1,-0.27758288383483887,0.9816404828969842
BH_s29_low,45,4,45.13333333333333,-0.5105631947517395,1.041239571218873
BH_s29_low,45,5,45.166666666666664,-0.7420541048049927,0.9344296619005193
BH_s29_low,45,6,45.2,-0.9006544947624207,0.7014639768540947
BH_s29_low,45,7,45.233333333333334,-1.0562362670898438,0.3964799047591295
BH_s29_low,45,8,45.266666666666666,-1.0736433267593384,0.069354382870137
BH_s29_low,45,9,45.3,-0.4929523766040802,-0.24661612703801558
BH_s29_low,45,10,45.333333333333336,0.4785745143890381,-0.5371592329933279
BH_s29_low,45,11,45.36666666666667,1.582034945487976,-0.8001496394009615
BH_s29_low,45,12,45.4,2.134366035461426,-1.0336930507731594
BH_s29_low,45,13,45.43333333333333,2.114521026611328,-1.2251406003093384
BH_s29_low,45,14,45.46666666666667,1.7691242694854736,-1.3464388972022088
BH_s29_low,45,15,45.5,1.2234512567520142,-1.3586722793343933
BH_s29_low,45,16,45.53333333333333,0.6777781844139099,-1.2249302048378607
BH_s29_low,45,17,45.56666666666667,0.21103303134441376,-0.9270811809511603
BH_s29_low,45,18,45.6,-0.005160844419151545,-0.4799246470163849
BH_s29_low,45,19,45.63333333333333,-0.03774087131023407,0.06388235483089413
BH_s29_low,45,20,45.666666666666664,-0.03774087131023407,0.6223643067517609
BH_s29_low,45,21,45.7,-0.1166687086224556,1.1051189024430776
BH_s29_low,45,22,45.733333333333334,-0.23284855484962463,1.4386610825850448
BH_s29_low,45,23,45.766666666666666,-0.4673581123352051,1.585240866185628
BH_s29_low,45,24,45.8,-0.6556439399719238,1.5480124777979962
BH_s29_low,45,25,45.833333333333336,-0.8574494123458862,1.362627488602012
BH_s29_low,45,26,45.86666666666667,-1.0130311250686646,1.0805509246643044
BH_s29_low,45,27,45.9,-1.1686128377914429,0.751272511939111
BH_s29_low,45,28,45.93333333333333,-1.1980501413345337,0.40990271671369727
BH_s29_low,45,29,45.96666666666667,-0.7779410481452942,0.07385400544270941
BH_s29_low,45,30,46.0,0.1746097058057785,-0.2517654990920145
BH_s29_low,45,31,46.03333333333333,1.325823187828064,-0.5638070903475463
BH_s29_low,45,32,46.06666666666667,2.043407917022705,-0.8507579059642922
BH_s29_low,45,33,46.1,2.068833589553833,-1.0868726608777826
BH_s29_low,45,34,46.13333333333333,1.7377411127090454,-1.2338060898190966
BH_s29_low,45,35,46.166666666666664,1.194342017173767,-1.25043400931
BH_s29_low,45,36,46.2,0.6509429216384888,-1.108210088700371
BH_s29_low,45,37,46.233333333333334,0.1896144449710846,-0.8063535944846882
BH_s29_low,45,38,46.266666666666666,-0.03860965371131897,-0.38006323477180004
BH_s29_low,45,39,46.3,-0.1166687086224556,0.10328967539154507
BH_s29_low,45,40,46.333333333333336,-0.1166687086224556,0.5605696165020807
BH_s29_low,45,41,46.36666666666667,-0.1896434724330902,0.9165684396974202
BH_s29_low,45,42,46.4,-0.34522518515586853,1.1250560862066614
BH_s29_low,45,43,46.43333333333333,-0.5008069276809692,1.1778415485196674
BH_s29_low,45,44,46.46666666666667,-0.7353165149688721,1.0991719963182787
BH_s29_low,45,45,46.5,-0.954777181148529,0.9303956950064486
BH_s29_low,45,46,46.53333333333333,-1.1254078149795532,0.7128211236366357
BH_s29_low,45,47,46.56666666666667,-1.2809895277023315,0.47511541494658316
BH_s29_low,45,48,46.6,-1.3795140981674194,0.2282781774067889
BH_s29_low,45,49,46.63333333333333,-1.348875641822815,-0.03167764041392086
BH_s29_low,45,50,46.666666666666664,-0.8012567758560181,-0.31497446387192163
BH_s29_low,45,51,46.7,0.1560501903295517,-0.626090337234879
BH_s29_low,45,52,46.733333333333334,1.276088833808899,-0.9525837771211363
BH_s29_low,45,53,46.766666666666666,1.947901964187622,-1.2592048746718707
BH_s29_low,45,54,46.8,1.9275561571121216,-1.4905881334578863
BH_s29_low,45,55,46.833333333333336,1.4963253736495972,-1.5832416437554813
BH_s29_low,45,56,46.86666666666667,0.9117869138717651,-1.48439686130787
BH_s29_low,45,57,46.9,0.3260515332221985,-1.172275328097791
BH_s29_low,45,58,46.93333333333333,-0.07205846160650253,-0.6704003413572747
BH_s29_low,45,59,46.96666666666667,-0.19559654593467712,-0.049086510530259794
BH_s29_low,45,60,47.0,-0.19559654593467712,0.5889642060056879
BH_s29_low,45,61,47.03333333333333,-0.1166687086224556,1.1355201849292047
BH_s29_low,45,62,47.06666666666667,-0.19559654593467712,1.506159109892533
BH_s29_low,45,63,47.1,-0.297472208738327,1.6602306214763083
BH_s29_low,45,64,47.13333333333333,-0.45305395126342773,1.6045866273444538
BH_s29_low,45,65,47.166666666666664,-0.6875634789466858,1.3822768712291604
BH_s29_low,45,66,47.2,-0.8431452512741089,1.0531199671032268
BH_s29_low,45,67,47.233333333333334,-0.9987269639968872,0.6744732774104581
BH_s29_low,45,68,47.266666666666666,-1.1543086767196655,0.2884598007254554
BH_s29_low,45,69,47.3,-1.212354302406311,-0.08168700238181933
BH_s29_low,45,70,47.333333333333336,-0.7918683886528015,-0.4268486996030461
BH_s29_low,45,71,47.36666666666667,0.0003088616067543626,-0.7420078059125671
BH_s29_low,45,72,47.4,1.1610703468322754,-1.0157378329697815
BH_s29_low,45,73,47.43333333333333,1.9356633424758911,-1.224085886129864
BH_s29_low,45,74,47.46666666666667,2.014382839202881,-1.332152717592074
BH_s29_low,45,75,47.5,1.5538346767425537,-1.3037777894289593
BH_s29_low,45,76,47.53333333333333,1.0147751569747925,-1.1163957485175735
BH_s29_low,45,77,47.56666666666667,0.3924482762813568,-0.7753020593187189
BH_s29_low,45,78,47.6,-0.015417983755469322,-0.320463789537169
BH_s29_low,45,79,47.63333333333333,-0.1821611523628235,0.17892303273618929
BH_s29_low,45,80,47.666666666666664,-0.19559654593467712,0.641641258296753
BH_s29_low,45,81,47.7,-0.19559654593467712,0.9969965051561079
BH_s29_low,45,82,47.733333333333334,-0.2542671263217926,1.203172014811962
BH_s29_low,45,83,47.766666666666666,-0.3309210240840912,1.2539291974218814
BH_s29_low,45,84,47.8,-0.5654305815696716,1.172632254145073
BH_s29_low,45,85,47.833333333333336,-0.7728610634803772,0.9987108471759034
BH_s29_low,45,86,47.86666666666667,-0.9555218815803528,0.7733539946509416
BH_s29_low,45,87,47.9,-1.1111036539077759,0.5290476741076935
BH_s29_low,45,88,47.93333333333333,-1.2666853666305542,0.28448195824005656
BH_s29_low,45,89,47.96666666666667,-1.336761236190796,0.0444648366563631
BH_s29_low,45,90,48.0,-0.8614078760147095,-0.19584707892882994
BH_s29_low,45,91,48.03333333333333,0.0718386173248291,-0.4433145687575182
BH_s29_low,45,92,48.06666666666667,1.3187663555145264,-0.697943651403241
BH_s29_low,45,93,48.1,2.0816972255706787,-0.9460597601181758
BH_s29_low,45,94,48.13333333333333,2.140855312347412,-1.158343173815509
BH_s29_low,45,95,48.166666666666664,1.7691996097564697,-1.2939037449691275
BH_s29_low,45,96,48.2,1.2235265970230103,-1.309846448676841
BH_s29_low,45,97,48.233333333333334,0.6532922387123108,-1.174260172273063
BH_s29_low,45,98,48.266666666666666,0.15446791052818298,-0.8792080491977163
BH_s29_low,45,99,48.3,-0.057754285633563995,-0.44932272529315537
BH_s29_low,45,100,48.333333333333336,-0.19559654593467712,0.05827655476771851
BH_s29_low,45,101,48.36666666666667,-0.19559654593467712,0.5647029621622575
BH_s29_low,45,102,48.4,-0.20878811180591583,0.988187329093183
BH_s29_low,45,103,48.43333333333333,-0.36436983942985535,1.2647117768262557
BH_s29_low,45,104,48.46666666666667,-0.519951581954956,1.3631070370539027
BH_s29_low,45,105,48.5,-0.7544611096382141,1.2896359168023068
BH_s29_low,45,106,48.53333333333333,-0.9141386151313782,1.0811193803621424
BH_s29_low,45,107,48.56666666666667,-1.1445523500442505,0.7898571274636689
BH_s29_low,45,108,48.6,-1.3001341819763184,0.46647532796830954
BH_s29_low,45,109,48.63333333333333,-1.4557158946990967,0.14715215255068198
BH_s29_low,45,110,48.666666666666664,-1.0838029384613037,-0.150765622579446
BH_s29_low,45,111,48.7,-0.16758675873279572,-0.4245095708756419
BH_s29_low,45,112,48.733333333333334,0.990865170955658,-0.6760005632533413
BH_s29_low,45,113,48.766666666666666,1.9552733898162842,-0.9010262379230565
BH_s29_low,45,114,48.8,2.17223858833313,-1.0821199394668812
BH_s29_low,45,115,48.833333333333336,1.8267087936401367,-1.188223395343676
BH_s29_low,45,116,48.86666666666667,1.2810357809066772,-1.181804022047583
BH_s29_low,45,117,48.9,0.6773527264595032,-1.0316203898240455
BH_s29_low,45,118,48.93333333333333,0.11076197028160095,-0.7273546853603421
BH_s29_low,45,119,48.96666666666667,-0.14466531574726105,-0.29094129521076983
BH_s29_low,45,120,49.0,-0.27452439069747925,0.22090686032824008
BH_s29_low,45,121,49.03333333333333,-0.27452439069747925,0.7262729231857032
BH_s29_low,45,122,49.06666666666667,-0.3211647570133209,1.1380016630347682
BH_s29_low,45,123,49.1,-0.3978186249732971,1.387259398374346
BH_s29_low,45,124,49.13333333333333,-0.6323282122612,1.4419072244935125
BH_s29_low,45,125,49.166666666666664,-0.8277284502983093,1.3128502120549235
BH_s29_low,45,126,49.2,-1.0599640607833862,1.046318255284622
BH_s29_low,45,127,49.233333333333334,-1.2569290399551392,0.7057042628584311
BH_s29_low,45,128,49.266666666666666,-1.491438627243042,0.35074689383081
BH_s29_low,45,129,49.3,-1.6470203399658203,0.02229783666573054
BH_s29_low,45,130,49.333333333333336,-1.6667767763137817,-0.26267909704306236
BH_s29_low,45,131,49.36666666666667,-1.1435375213623047,-0.5062317535850939
BH_s29_low,45,132,49.4,-0.0833176001906395,-0.7184469863741715
BH_s29_low,45,133,49.43333333333333,1.2186371088027954,-0.905318603092829
BH_s29_low,45,134,49.46666666666667,1.9741610288619995,-1.0599443309771568
BH_s29_low,45,135,49.5,2.059152841567993,-1.1601070769915873
BH_s29_low,45,136,49.53333333333333,1.6394513845443726,-1.1732854842827691
BH_s29_low,45,137,49.56666666666667,1.0045933723449707,-1.0678127389026493
BH_s29_low,45,138,49.6,0.32612690329551697,-0.82665235421943
BH_s29_low,45,139,49.63333333333333,-0.05370724946260452,-0.45885159291876265
BH_s29_low,45,140,49.666666666666664,-0.35345223546028137,-0.003941309194904699
BH_s29_low,45,141,49.7,-0.35345223546028137,0.47331836139873
BH_s29_low,45,142,49.733333333333334,-0.35229089856147766,0.8969284633811764
BH_s29_low,45,143,49.766666666666666,-0.35233959555625916,1.1980768554120593
BH_s29_low,45,144,49.8,-0.42899349331855774,1.3319755787933174
BH_s29_low,45,145,49.833333333333336,-0.6578425168991089,1.2875431810974873
BH_s29_low,45,146,49.86666666666667,-0.8190847635269165,1.086784630416517
BH_s29_low,45,147,49.9,-1.0535943508148193,0.7745584025956569
BH_s29_low,45,148,49.93333333333333,-1.2756215333938599,0.4033742992949843
BH_s29_low,45,149,49.96666666666667,-1.4436856508255005,0.01969257631213354
BH_s29_low,45,150,50.0,-1.5992673635482788,-0.3433670676340618
BH_s29_low,45,151,50.03333333333333,-1.3584989309310913,-0.6655836026050471
BH_s29_low,45,152,50.06666666666667,-0.5618491768836975,-0.9335081613885894
BH_s29_low,45,153,50.1,0.6396482586860657,-1.1327337061276697
BH_s29_low,45,154,50.13333333333333,1.7258968353271484,-1.2430165200126917
BH_s29_low,45,155,50.166666666666664,2.093310832977295,-1.2393208164116885
BH_s29_low,45,156,50.2,1.7906935214996338,-1.0991540662148915
BH_s29_low,45,157,50.233333333333334,1.1990406513214111,-0.8137570254893465
BH_s29_low,45,158,50.266666666666666,0.533007800579071,-0.3988928858942355
BH_s29_low,45,159,50.3,0.037250813096761703,0.09973893656314108
BH_s29_low,45,160,50.333333333333336,-0.23475459218025208,0.6108025855067015
BH_s29_low,45,161,50.36666666666667,-0.27452439069747925,1.0523948703668324
BH_s29_low,45,162,50.4,-0.23991425335407257,1.3533213611018142
BH_s29_low,45,163,50.43333333333333,-0.19559654593467712,1.472056116772356
BH_s29_low,45,164,50.46666666666667,-0.30458661913871765,1.4059493174459279
BH_s29_low,45,165,50.5,-0.46016836166381836,1.1880149706391239
BH_s29_low,45,166,50.53333333333333,-0.6946778893470764,0.8736292671183882
BH_s29_low,45,167,50.56666666666667,-0.8735000491142273,0.5225344048852925
BH_s29_low,45,168,50.6,-1.0847692489624023,0.18215971351621052
BH_s29_low,45,169,50.63333333333333,-1.2403509616851807,-0.12271899888798131
BH_s29_low,45,170,50.666666666666664,-1.3630956411361694,-0.39074157154408584
BH_s29_low,45,171,50.7,-0.9000074863433838,-0.6348468343106607
BH_s29_low,45,172,50.733333333333334,0.06909475475549698,-0.8669873518321308
BH_s29_low,45,173,50.766666666666666,1.3712091445922852,-1.0833794975354194
BH_s29_low,45,174,50.8,2.1795613765716553,-1.2569739859088336
BH_s29_low,45,175,50.833333333333336,2.2410688400268555,-1.341058962955038
BH_s29_low,45,176,50.86666666666667,1.7692749500274658,-1.283829226535355
BH_s29_low,45,177,50.9,1.144173264503479,-1.0496301741626615
BH_s29_low,45,178,50.93333333333333,0.521846354007721,-0.6394123899195163
BH_s29_low,45,179,50.96666666666667,-0.0255997646600008,-0.10152115651287161
BH_s29_low,45,180,51.0,-0.1892755627632141,0.47446256382524327
BH_s29_low,45,181,51.03333333333333,-0.27452439069747925,0.9816640344087322
BH_s29_low,45,182,51.06666666666667,-0.2064654380083084,1.3286139436844944
BH_s29_low,45,183,51.1,-0.2613815367221832,1.4658470466747393
BH_s29_low,45,184,51.13333333333333,-0.3380354344844818,1.3952669146365515
BH_s29_low,45,185,51.166666666666664,-0.49361714720726013,1.160695406623839
BH_s29_low,45,186,51.2,-0.7281267046928406,0.8263314866844791
BH_s29_low,45,187,51.233333333333334,-0.9626362919807434,0.4535195051883254
BH_s29_low,45,188,51.266666666666666,-1.1971458196640015,0.08507092597052618
BH_s29_low,45,189,51.3,-1.3527275323867798,-0.25830759906884165
BH_s29_low,45,190,51.333333333333336,-1.150984287261963,-0.570809351000846
BH_s29_low,45,191,51.36666666666667,-0.3360098898410797,-0.8491558893868578
BH_s29_low,45,192,51.4,0.8773094415664673,-1.0816693469553897
BH_s29_low,45,193,51.43333333333333,1.9497812986373901,-1.2437011119451309
BH_s29_low,45,194,51.46666666666667,2.330094337463379,-1.3014476879697012
BH_s29_low,45,195,51.5,2.056745767593384,-1.22305827498369
BH_s29_low,45,196,51.53333333333333,1.4748492240905762,-0.9931104854486569
BH_s29_low,45,197,51.56666666666667,0.8525223135948181,-0.6245722956833345
BH_s29_low,45,198,51.6,0.30912327766418457,-0.16221242190872276
BH_s29_low,45,199,51.63333333333333,-0.06714264303445816,0.3256067517130391
BH_s29_low,45,200,51.666666666666664,-0.19559654593467712,0.7641505190301133
BH_s29_low,45,201,51.7,-0.19559654593467712,1.0913332800151028
BH_s29_low,45,202,51.733333333333334,-0.19559654593467712,1.2711435764705483
BH_s29_low,45,203,51.766666666666666,-0.2948303520679474,1.2976815078061588
BH_s29_low,45,204,51.8,-0.4504120647907257,1.1905302241563942
BH_s29_low,45,205,51.833333333333336,-0.6217518448829651,0.9850188317783237
BH_s29_low,45,206,51.86666666666667,-0.853987455368042,0.7211499653458328
BH_s29_low,45,207,51.9,-1.0750129222869873,0.4339130876082304
BH_s29_low,45,208,51.93333333333333,-1.3095225095748901,0.14699362792124895
BH_s29_low,45,209,51.96666666666667,-1.372851848602295,-0.12863860526542456
BH_s29_low,45,210,52.0,-1.0418612957000732,-0.39091707943650417
BH_s29_low,45,211,52.03333333333333,-0.02294040285050869,-0.6390264332511385
BH_s29_low,45,212,52.06666666666667,1.223668098449707,-0.8649559412916394
BH_s29_low,45,213,52.1,2.0835764408111572,-1.0480606616739407
BH_s29_low,45,214,52.13333333333333,2.251166343688965,-1.1556988191715691
BH_s29_low,45,215,52.166666666666664,1.8774715662002563,-1.1508589953000001
BH_s29_low,45,216,52.2,1.2621262073516846,-1.004843132434149
BH_s29_low,45,217,52.233333333333334,0.6397992372512817,-0.7107354105566047
BH_s29_low,45,218,52.266666666666666,0.08259689062833786,-0.29253467506291203
BH_s29_low,45,219,52.3,-0.16344203054904938,0.1944483652027283
BH_s29_low,45,220,52.333333333333336,-0.27452439069747925,0.6740646069366961
BH_s29_low,45,221,52.36666666666667,-0.27452439069747925,1.0685354628158072
BH_s29_low,45,222,52.4,-0.27452439069747925,1.3191646111330626
BH_s29_low,45,223,52.43333333333333,-0.35345223546028137,1.3997182114082944
BH_s29_low,45,224,52.46666666666667,-0.562788724899292,1.3179423517130575
BH_s29_low,45,225,52.5,-0.7972983121871948,1.1069544111517737
BH_s29_low,45,226,52.53333333333333,-0.99981290102005,0.8115724886101138
BH_s29_low,45,227,52.56666666666667,-1.187389612197876,0.47483444453504026
BH_s29_low,45,228,52.6,-1.3853563070297241,0.12886652726636721
BH_s29_low,45,229,52.63333333333333,-1.5373698472976685,-0.20757780110544205
BH_s29_low,45,230,52.666666666666664,-1.3070935010910034,-0.5251358665932823
BH_s29_low,45,231,52.7,-0.46358612179756165,-0.8161489389629758
BH_s29_low,45,232,52.733333333333334,0.735429048538208,-1.0674609902489007
BH_s29_low,45,233,52.766666666666666,1.8227325677871704,-1.2575633816944005
BH_s29_low,45,234,52.8,2.17223858833313,-1.3598105940071616
BH_s29_low,45,235,52.833333333333336,1.934980869293213,-1.3504009254974854
BH_s29_low,45,236,52.86666666666667,1.365114450454712,-1.2173634299556613
BH_s29_low,45,237,52.9,0.6638597249984741,-0.9663919391957391
BH_s29_low,45,238,52.93333333333333,0.14010614156723022,-0.6213817213520174
BH_s29_low,45,239,52.96666666666667,-0.1340402513742447,-0.22045583483270462
BH_s29_low,46,0,46.0,0.1746097058057785,0.049971268076032554
BH_s29_low,46,1,46.03333333333333,1.325823187828064,-0.2513999757418864
BH_s29_low,46,2,46.06666666666667,2.043407917022705,-0.5459062836521167
BH_s29_low,46,3,46.1,2.068833589553833,-0.8166678527228581
BH_s29_low,46,4,46.13333333333333,1.7377411127090454,-1.0324214897677761
BH_s29_low,46,5,46.166666666666664,1.194342017173767,-1.1509633197067408
BH_s29_low,46,6,46.2,0.6509429216384888,-1.1303248449022267
BH_s29_low,46,7,46.233333333333334,0.1896144449710846,-0.9447924912758606
BH_s29_low,46,8,46.266666666666666,-0.03860965371131897,-0.6002877605777066
BH_s29_low,46,9,46.3,-0.1166687086224556,-0.14201722151115392
BH_s29_low,46,10,46.333333333333336,-0.1166687086224556,0.35166778624385325
BH_s29_low,46,11,46.36666666666667,-0.1896434724330902,0.78984174228634
BH_s29_low,46,12,46.4,-0.34522518515586853,1.096250792865542
BH_s29_low,46,13,46.43333333333333,-0.5008069276809692,1.2307529758594433
BH_s29_low,46,14,46.46666666666667,-0.7353165149688721,1.1961000171072145
BH_s29_low,46,15,46.5,-0.954777181148529,1.0293487183911938
BH_s29_low,46,16,46.53333333333333,-1.1254078149795532,0.783496506011357
BH_s29_low,46,17,46.56666666666667,-1.2809895277023315,0.5073956428664927
BH_s29_low,46,18,46.6,-1.3795140981674194,0.23134754106246844
BH_s29_low,46,19,46.63333333333333,-1.348875641822815,-0.0371305434857314
BH_s29_low,46,20,46.666666666666664,-0.8012567758560181,-0.30697412044502254
BH_s29_low,46,21,46.7,0.1560501903295517,-0.590057247490651
BH_s29_low,46,22,46.733333333333334,1.276088833808899,-0.8861064002594684
BH_s29_low,46,23,46.766666666666666,1.947901964187622,-1.1720369705980098
BH_s29_low,46,24,46.8,1.9275561571121216,-1.4004260540630997
BH_s29_low,46,25,46.833333333333336,1.4963253736495972,-1.5090752644047327
BH_s29_low,46,26,46.86666666666667,0.9117869138717651,-1.4398512184294385
BH_s29_low,46,27,46.9,0.3260515332221985,-1.1612837894937942
BH_s29_low,46,28,46.93333333333333,-0.07205846160650253,-0.6869819917134625
BH_s29_low,46,29,46.96666666666667,-0.19559654593467712,-0.08165618312094589
BH_s29_low,46,30,47.0,-0.19559654593467712,0.5506908173269586
BH_s29_low,46,31,47.03333333333333,-0.1166687086224556,1.094968927590475
BH_s29_low,46,32,47.06666666666667,-0.19559654593467712,1.4591160745340537
BH_s29_low,46,33,47.1,-0.297472208738327,1.5992976278536457
BH_s29_low,46,34,47.13333333333333,-0.45305395126342773,1.526316856108929
BH_s29_low,46,35,47.166666666666664,-0.6875634789466858,1.293283746067556
BH_s29_low,46,36,47.2,-0.8431452512741089,0.9722840246791175
BH_s29_low,46,37,47.233333333333334,-0.9987269639968872,0.6301932704877402
BH_s29_low,46,38,47.266666666666666,-1.1543086767196655,0.31156556813062036
BH_s29_low,46,39,47.3,-1.212354302406311,0.03231267603022694
BH_s29_low,46,40,47.333333333333336,-0.7918683886528015,-0.2158477406059461
BH_s29_low,46,41,47.36666666666667,0.0003088616067543626,-0.4529007397068304
BH_s29_low,46,42,47.4,1.1610703468322754,-0.6946784856495501
BH_s29_low,46,43,47.43333333333333,1.9356633424758911,-0.9392217280697961
BH_s29_low,46,44,47.46666666666667,2.014382839202881,-1.1603206460884339
BH_s29_low,46,45,47.5,1.5538346767425537,-1.3110436207770029
BH_s29_low,46,46,47.53333333333333,1.0147751569747925,-1.3368713933802987
BH_s29_low,46,47,47.56666666666667,0.3924482762813568,-1.1947969073902702
BH_s29_low,46,48,47.6,-0.015417983755469322,-0.8723569856764906
BH_s29_low,46,49,47.63333333333333,-0.1821611523628235,-0.39942796976080713
BH_s29_low,46,50,47.666666666666664,-0.19559654593467712,0.15349741700044253
BH_s29_low,46,51,47.7,-0.19559654593467712,0.6922673262138926
BH_s29_low,46,52,47.733333333333334,-0.2542671263217926,1.1253973490607816
BH_s29_low,46,53,47.766666666666666,-0.3309210240840912,1.3887194750892689
BH_s29_low,46,54,47.8,-0.5654305815696716,1.4589175442493927
BH_s29_low,46,55,47.833333333333336,-0.7728610634803772,1.3528017521897764
BH_s29_low,46,56,47.86666666666667,-0.9555218815803528,1.1153126357832381
BH_s29_low,46,57,47.9,-1.1111036539077759,0.8023998111467633
BH_s29_low,46,58,47.93333333333333,-1.2666853666305542,0.46477380064659374
BH_s29_low,46,59,47.96666666666667,-1.336761236190796,0.13678071489051827
BH_s29_low,46,60,48.0,-0.8614078760147095,-0.16708242289784075
BH_s29_low,46,61,48.03333333333333,0.0718386173248291,-0.44753600988013564
BH_s29_low,46,62,48.06666666666667,1.3187663555145264,-0.7100967426318702
BH_s29_low,46,63,48.1,2.0816972255706787,-0.9533988261018634
BH_s29_low,46,64,48.13333333333333,2.140855312347412,-1.1609947415762258
BH_s29_low,46,65,48.166666666666664,1.7691996097564697,-1.299993471348778
BH_s29_low,46,66,48.2,1.2235265970230103,-1.3278983569128897
BH_s29_low,46,67,48.233333333333334,0.6532922387123108,-1.206545899930908
BH_s29_low,46,68,48.266666666666666,0.15446791052818298,-0.9191870808946819
BH_s29_low,46,69,48.3,-0.057754285633563995,-0.4843063862239408
BH_s29_low,46,70,48.333333333333336,-0.19559654593467712,0.04077400756081141
BH_s29_low,46,71,48.36666666666667,-0.19559654593467712,0.5704404260259432
BH_s29_low,46,72,48.4,-0.20878811180591583,1.0130875787364475
BH_s29_low,46,73,48.43333333333333,-0.36436983942985535,1.2967738078452593
BH_s29_low,46,74,48.46666666666667,-0.519951581954956,1.3880615359116801
BH_s29_low,46,75,48.5,-0.7544611096382141,1.2971589381054396
BH_s29_low,46,76,48.53333333333333,-0.9141386151313782,1.0688192335297413
BH_s29_low,46,77,48.56666666666667,-1.1445523500442505,0.7641820279686801
BH_s29_low,46,78,48.6,-1.3001341819763184,0.44104069524970485
BH_s29_low,46,79,48.63333333333333,-1.4557158946990967,0.13904658574101908
BH_s29_low,46,80,48.666666666666664,-1.0838029384613037,-0.12627883879744192
BH_s29_low,46,81,48.7,-0.16758675873279572,-0.36001934869641683
BH_s29_low,46,82,48.733333333333334,0.990865170955658,-0.5770715342379364
BH_s29_low,46,83,48.766666666666666,1.9552733898162842,-0.7883584069423129
BH_s29_low,46,84,48.8,2.17223858833313,-0.9890109610941725
BH_s29_low,46,85,48.833333333333336,1.8267087936401367,-1.1528861299984408
BH_s29_low,46,86,48.86666666666667,1.2810357809066772,-1.2361290295543785
BH_s29_low,46,87,48.9,0.6773527264595032,-1.1898791793776755
BH_s29_low,46,88,48.93333333333333,0.11076197028160095,-0.9789580165699453
BH_s29_low,46,89,48.96666666666667,-0.14466531574726105,-0.6002132043645857
BH_s29_low,46,90,49.0,-0.27452439069747925,-0.09260106891249173
BH_s29_low,46,91,49.03333333333333,-0.27452439069747925,0.46691197118533956
BH_s29_low,46,92,49.06666666666667,-0.3211647570133209,0.9816688557527113
BH_s29_low,46,93,49.1,-0.3978186249732971,1.361381594752145
BH_s29_low,46,94,49.13333333333333,-0.6323282122612,1.546168619237168
BH_s29_low,46,95,49.166666666666664,-0.8277284502983093,1.5201261119791278
BH_s29_low,46,96,49.2,-1.0599640607833862,1.3107851141369051
BH_s29_low,46,97,49.233333333333334,-1.2569290399551392,0.9762932870905973
BH_s29_low,46,98,49.266666666666666,-1.491438627243042,0.5858279657465605
BH_s29_low,46,99,49.3,-1.6470203399658203,0.2000572538099092
BH_s29_low,46,100,49.333333333333336,-1.6667767763137817,-0.1421742615701339
BH_s29_low,46,101,49.36666666666667,-1.1435375213623047,-0.4272551802221833
BH_s29_low,46,102,49.4,-0.0833176001906395,-0.6604857271465961
BH_s29_low,46,103,49.43333333333333,1.2186371088027954,-0.8537767476776843
BH_s29_low,46,104,49.46666666666667,1.9741610288619995,-1.012851944895866
BH_s29_low,46,105,49.5,2.059152841567993,-1.128993736512724
BH_s29_low,46,106,49.53333333333333,1.6394513845443726,-1.1783528116043
BH_s29_low,46,107,49.56666666666667,1.0045933723449707,-1.1291945067805487
BH_s29_low,46,108,49.6,0.32612690329551697,-0.9549233098691694
BH_s29_low,46,109,49.63333333333333,-0.05370724946260452,-0.6484669042079354
BH_s29_low,46,110,49.666666666666664,-0.35345223546028137,-0.23214623330067186
BH_s29_low,46,111,49.7,-0.35345223546028137,0.24185957483168286
BH_s29_low,46,112,49.733333333333334,-0.35229089856147766,0.7014155223733551
BH_s29_low,46,113,49.766666666666666,-0.35233959555625916,1.0713061491619649
BH_s29_low,46,114,49.8,-0.42899349331855774,1.2915571323079775
BH_s29_low,46,115,49.833333333333336,-0.6578425168991089,1.3316292894427169
BH_s29_low,46,116,49.86666666666667,-0.8190847635269165,1.1960035673746454
BH_s29_low,46,117,49.9,-1.0535943508148193,0.9193170863973399
BH_s29_low,46,118,49.93333333333333,-1.2756215333938599,0.5533680234687947
BH_s29_low,46,119,49.96666666666667,-1.4436856508255005,0.1517584187992105
BH_s29_low,46,120,50.0,-1.5992673635482788,-0.2415824451477998
BH_s29_low,46,121,50.03333333333333,-1.3584989309310913,-0.5963254028004178
BH_s29_low,46,122,50.06666666666667,-0.5618491768836975,-0.8924779141242526
BH_s29_low,46,123,50.1,0.6396482586860657,-1.1135852759648892
BH_s29_low,46,124,50.13333333333333,1.7258968353271484,-1.241083866422283
BH_s29_low,46,125,50.166666666666664,2.093310832977295,-1.2533404963801245
BH_s29_low,46,126,50.2,1.7906935214996338,-1.1305570388894977
BH_s29_low,46,127,50.233333333333334,1.1990406513214111,-0.8641034335783487
BH_s29_low,46,128,50.266666666666666,0.533007800579071,-0.4666967699578123
BH_s29_low,46,129,50.3,0.037250813096761703,0.021330968569797673
BH_s29_low,46,130,50.333333333333336,-0.23475459218025208,0.534067724471536
BH_s29_low,46,131,50.36666666666667,-0.27452439069747925,0.9920511430457645
BH_s29_low,46,132,50.4,-0.23991425335407257,1.3213666500336925
BH_s29_low,46,133,50.43333333333333,-0.19559654593467712,1.4730094811011798
BH_s29_low,46,134,50.46666666666667,-0.30458661913871765,1.435152023683937
BH_s29_low,46,135,50.5,-0.46016836166381836,1.233850539817926
BH_s29_low,46,136,50.53333333333333,-0.6946778893470764,0.9223826692368112
BH_s29_low,46,137,50.56666666666667,-0.8735000491142273,0.563559363990175
BH_s29_low,46,138,50.6,-1.0847692489624023,0.2113565596707025
BH_s29_low,46,139,50.63333333333333,-1.2403509616851807,-0.10202511802767103
BH_s29_low,46,140,50.666666666666664,-1.3630956411361694,-0.3694738733885347
BH_s29_low,46,141,50.7,-0.9000074863433838,-0.6018048595863779
BH_s29_low,46,142,50.733333333333334,0.06909475475549698,-0.8134017726665836
BH_s29_low,46,143,50.766666666666666,1.3712091445922852,-1.0070452105714582
BH_s29_low,46,144,50.8,2.1795613765716553,-1.1647454134323052
BH_s29_low,46,145,50.833333333333336,2.2410688400268555,-1.2489976204616866
BH_s29_low,46,146,50.86666666666667,1.7692749500274658,-1.2147058725656135
BH_s29_low,46,147,50.9,1.144173264503479,-1.0277762342030274
BH_s29_low,46,148,50.93333333333333,0.521846354007721,-0.6835630680731036
BH_s29_low,46,149,50.96666666666667,-0.0255997646600008,-0.2175353615470761
BH_s29_low,46,150,51.0,-0.1892755627632141,0.2978441654373898
BH_s29_low,46,151,51.03333333333333,-0.27452439069747925,0.7710303916823624
BH_s29_low,46,152,51.06666666666667,-0.2064654380083084,1.1177806778177832
BH_s29_low,46,153,51.1,-0.2613815367221832,1.2849295345072627
BH_s29_low,46,154,51.13333333333333,-0.3380354344844818,1.2620949495372122
BH_s29_low,46,155,51.166666666666664,-0.49361714720726013,1.0781002938341697
BH_s29_low,46,156,51.2,-0.7281267046928406,0.7855034546545471
BH_s29_low,46,157,51.233333333333334,-0.9626362919807434,0.4408038158941248
BH_s29_low,46,158,51.266666666666666,-1.1971458196640015,0.08854435008924638
BH_s29_low,46,159,51.3,-1.3527275323867798,-0.24516917527125281
BH_s29_low,46,160,51.333333333333336,-1.150984287261963,-0.548887711290126
BH_s29_low,46,161,51.36666666666667,-0.3360098898410797,-0.8154263410026039
BH_s29_low,46,162,51.4,0.8773094415664673,-1.030956044307738
BH_s29_low,46,163,51.43333333333333,1.9497812986373901,-1.1694860222548868
BH_s29_low,46,164,51.46666666666667,2.330094337463379,-1.1962039672429923
BH_s29_low,46,165,51.5,2.056745767593384,-1.079312841480517
BH_s29_low,46,166,51.53333333333333,1.4748492240905762,-0.8059994754869824
BH_s29_low,46,167,51.56666666666667,0.8525223135948181,-0.3954217323664818
BH_s29_low,46,168,51.6,0.30912327766418457,0.0984295144131062
BH_s29_low,46,169,51.63333333333333,-0.06714264303445816,0.5972999445954795
BH_s29_low,46,170,51.666666666666664,-0.19559654593467712,1.0192855148016817
BH_s29_low,46,171,51.7,-0.19559654593467712,1.3008590626164613
BH_s29_low,46,172,51.733333333333334,-0.19559654593467712,1.4115601635443615
BH_s29_low,46,173,51.766666666666666,-0.2948303520679474,1.3568933422716383
BH_s29_low,46,174,51.8,-0.4504120647907257,1.17046412210211
BH_s29_low,46,175,51.833333333333336,-0.6217518448829651,0.900033051876298
BH_s29_low,46,176,51.86666666666667,-0.853987455368042,0.5927290928136968
BH_s29_low,46,177,51.9,-1.0750129222869873,0.2834705319616413
BH_s29_low,46,178,51.93333333333333,-1.3095225095748901,-0.010602920273599352
BH_s29_low,46,179,51.96666666666667,-1.372851848602295,-0.2883190600539746
BH_s29_low,46,180,52.0,-1.0418612957000732,-0.5561420479016408
BH_s29_low,46,181,52.03333333333333,-0.02294040285050869,-0.8165946534712186
BH_s29_low,46,182,52.06666666666667,1.223668098449707,-1.0581786783724814
BH_s29_low,46,183,52.1,2.0835764408111572,-1.251345690964769
BH_s29_low,46,184,52.13333333333333,2.251166343688965,-1.3531069092129795
BH_s29_low,46,185,52.166666666666664,1.8774715662002563,-1.3197164800610997
BH_s29_low,46,186,52.2,1.2621262073516846,-1.1235549868589745
BH_s29_low,46,187,52.233333333333334,0.6397992372512817,-0.7680413076401493
BH_s29_low,46,188,52.266666666666666,0.08259689062833786,-0.2941511004373817
BH_s29_low,46,189,52.3,-0.16344203054904938,0.22546552449368504
BH_s29_low,46,190,52.333333333333336,-0.27452439069747925,0.7040778056635978
BH_s29_low,46,191,52.36666666666667,-0.27452439069747925,1.0642380855785125
BH_s29_low,46,192,52.4,-0.27452439069747925,1.2577547699625622
BH_s29_low,46,193,52.43333333333333,-0.35345223546028137,1.2744887564892582
BH_s29_low,46,194,52.46666666666667,-0.562788724899292,1.1380907343446716
BH_s29_low,46,195,52.5,-0.7972983121871948,0.8928087894084986
BH_s29_low,46,196,52.53333333333333,-0.99981290102005,0.5875953100671233
BH_s29_low,46,197,52.56666666666667,-1.187389612197876,0.262824030092561
BH_s29_low,46,198,52.6,-1.3853563070297241,-0.05657485325501785
BH_s29_low,46,199,52.63333333333333,-1.5373698472976685,-0.3597233239807747
BH_s29_low,46,200,52.666666666666664,-1.3070935010910034,-0.6412973299345966
BH_s29_low,46,201,52.7,-0.46358612179756165,-0.8902277010365998
BH_s29_low,46,202,52.733333333333334,0.735429048538208,-1.081673603734568
BH_s29_low,46,203,52.766666666666666,1.8227325677871704,-1.1775052433448572
BH_s29_low,46,204,52.8,2.17223858833313,-1.1369305516753778
BH_s29_low,46,205,52.833333333333336,1.934980869293213,-0.9338730403180356
BH_s29_low,46,206,52.86666666666667,1.365114450454712,-0.573579251867034
BH_s29_low,46,207,52.9,0.6638597249984741,-0.10012842655649004
BH_s29_low,46,208,52.93333333333333,0.14010614156723022,0.4099903584049647
BH_s29_low,46,209,52.96666666666667,-0.1340402513742447,0.8669087579401928
BH_s29_low,46,210,53.0,-0.27452439069747925,1.191969525026948
BH_s29_low,46,211,53.03333333333333,-0.19559654593467712,1.3384982456701193
BH_s29_low,46,212,53.06666666666667,-0.19559654593467712,1.3015712221250433
BH_s29_low,46,213,53.1,-0.2828001379966736,1.1145226129681869
BH_s29_low,46,214,53.13333333333333,-0.4383818507194519,0.8347576515622867
BH_s29_low,46,215,53.166666666666664,-0.5976914167404175,0.5243754165307063
BH_s29_low,46,216,53.2,-0.8284731507301331,0.2317756648128115
BH_s29_low,46,217,53.233333333333334,-1.0621626377105713,-0.020336586657421593
BH_s29_low,46,218,53.266666666666666,-1.2185643911361694,-0.23670054084142025
BH_s29_low,46,219,53.3,-1.3741461038589478,-0.44023555169491396
BH_s29_low,46,220,53.333333333333336,-1.086728572845459,-0.6555198193055946
BH_s29_low,46,221,53.36666666666667,-0.2550917863845825,-0.8920009863185822
BH_s29_low,46,222,53.4,0.8908024430274963,-1.1335336086821237
BH_s29_low,46,223,53.43333333333333,1.8631361722946167,-1.3378807892259368
BH_s29_low,46,224,53.46666666666667,2.093310832977295,-1.44651163590345
BH_s29_low,46,225,53.5,1.695790410041809,-1.4021779802697132
BH_s29_low,46,226,53.53333333333333,1.0734635591506958,-1.169404620328407
BH_s29_low,46,227,53.56666666666667,0.45113664865493774,-0.7514605839999481
BH_s29_low,46,228,53.6,0.013926191255450249,-0.1972594050914441
BH_s29_low,46,229,53.63333333333333,-0.24641689658164978,0.40615741105625197
BH_s29_low,46,230,53.666666666666664,-0.22597798705101013,0.9551541425377157
BH_s29_low,46,231,53.7,-0.19559654593467712,1.3586161302173756
BH_s29_low,46,232,53.733333333333334,-0.19559654593467712,1.5636491507536083
BH_s29_low,46,233,53.766666666666666,-0.31624892354011536,1.5674392956224676
BH_s29_low,46,234,53.8,-0.47183066606521606,1.4114605113055874
BH_s29_low,46,235,53.833333333333336,-0.6274123787879944,1.162229971293286
BH_s29_low,46,236,53.86666666666667,-0.8619219660758972,0.8870796650767907
BH_s29_low,46,237,53.9,-1.0175036191940308,0.6334078943826811
BH_s29_low,46,238,53.93333333333333,-1.1730854511260986,0.4174985173223437
BH_s29_low,46,239,53.96666666666667,-1.058488130569458,0.22558378201708268
BH_s29_low,47,0,47.0,-0.19559654593467712,-0.09058470574665294
BH_s29_low,47,1,47.03333333333333,-0.1166687086224556,0.31915068786212925
BH_s29_low,47,2,47.06666666666667,-0.19559654593467712,0.6554064207730206
BH_s29_low,47,3,47.1,-0.297472208738327,0.8624638056832414
BH_s29_low,47,4,47.13333333333333,-0.45305395126342773,0.9151263901045601
BH_s29_low,47,5,47.166666666666664,-0.6875634789466858,0.8217060130439684
BH_s29_low,47,6,47.2,-0.8431452512741089,0.6165657853695702
BH_s29_low,47,7,47.233333333333334,-0.9987269639968872,0.3459112394666754
BH_s29_low,47,8,47.266666666666666,-1.1543086767196655,0.05293400969689735
BH_s29_low,47,9,47.3,-1.212354302406311,-0.23219800335023186
BH_s29_low,47,10,47.333333333333336,-0.7918683886528015,-0.4946752697191393
BH_s29_low,47,11,47.36666666666667,0.0003088616067543626,-0.7301708942331503
BH_s29_low,47,12,47.4,1.1610703468322754,-0.9358501476260543
BH_s29_low,47,13,47.43333333333333,1.9356633424758911,-1.1016155284918343
BH_s29_low,47,14,47.46666666666667,2.014382839202881,-1.2056561343443402
BH_s29_low,47,15,47.5,1.5538346767425537,-1.216784061140146
BH_s29_low,47,16,47.53333333333333,1.0147751569747925,-1.1036114715815841
BH_s29_low,47,17,47.56666666666667,0.3924482762813568,-0.8479109447050516
BH_s29_low,47,18,47.6,-0.015417983755469322,-0.45725813816788036
BH_s29_low,47,19,47.63333333333333,-0.1821611523628235,0.02876520900345937
BH_s29_low,47,20,47.666666666666664,-0.19559654593467712,0.5430575696923459
BH_s29_low,47,21,47.7,-0.19559654593467712,1.006286421882506
BH_s29_low,47,22,47.733333333333334,-0.2542671263217926,1.3476640005863674
BH_s29_low,47,23,47.766666666666666,-0.3309210240840912,1.522899954070556
BH_s29_low,47,24,47.8,-0.5654305815696716,1.5229003750050754
BH_s29_low,47,25,47.833333333333336,-0.7728610634803772,1.371452470584732
BH_s29_low,47,26,47.86666666666667,-0.9555218815803528,1.1141677565635473
BH_s29_low,47,27,47.9,-1.1111036539077759,0.8031583343856058
BH_s29_low,47,28,47.93333333333333,-1.2666853666305542,0.48250712616102576
BH_s29_low,47,29,47.96666666666667,-1.336761236190796,0.1788245975367504
BH_s29_low,47,30,48.0,-0.8614078760147095,-0.10065136171587599
BH_s29_low,47,31,48.03333333333333,0.0718386173248291,-0.36241250075005976
BH_s29_low,47,32,48.06666666666667,1.3187663555145264,-0.6159521894294644
BH_s29_low,47,33,48.1,2.0816972255706787,-0.8620775402994513
BH_s29_low,47,34,48.13333333333333,2.140855312347412,-1.0846947540451402
BH_s29_low,47,35,48.166666666666664,1.7691996097564697,-1.2494729811522864
BH_s29_low,47,36,48.2,1.2235265970230103,-1.3107913812969538
BH_s29_low,47,37,48.233333333333334,0.6532922387123108,-1.2258280556028869
BH_s29_low,47,38,48.266666666666666,0.15446791052818298,-0.972007923351777
BH_s29_low,47,39,48.3,-0.057754285633563995,-0.5617695539667591
BH_s29_low,47,40,48.333333333333336,-0.19559654593467712,-0.04779817558886289
BH_s29_low,47,41,48.36666666666667,-0.19559654593467712,0.4856741831215363
BH_s29_low,47,42,48.4,-0.20878811180591583,0.9439927162509542
BH_s29_low,47,43,48.43333333333333,-0.36436983942985535,1.2481042936516669
BH_s29_low,47,44,48.46666666666667,-0.519951581954956,1.3556228253515705
BH_s29_low,47,45,48.5,-0.7544611096382141,1.2693203976766898
BH_s29_low,47,46,48.53333333333333,-0.9141386151313782,1.0307788644944809
BH_s29_low,47,47,48.56666666666667,-1.1445523500442505,0.7027905354902125
BH_s29_low,47,48,48.6,-1.3001341819763184,0.3479558770813342
BH_s29_low,47,49,48.63333333333333,-1.4557158946990967,0.011505224801396562
BH_s29_low,47,50,48.666666666666664,-1.0838029384613037,-0.2861641090123219
BH_s29_low,47,51,48.7,-0.16758675873279572,-0.5459357693119637
BH_s29_low,47,52,48.733333333333334,0.990865170955658,-0.7781441523665311
BH_s29_low,47,53,48.766666666666666,1.9552733898162842,-0.9878480050886052
BH_s29_low,47,54,48.8,2.17223858833313,-1.1633023973790624
BH_s29_low,47,55,48.833333333333336,1.8267087936401367,-1.2725627396241548
BH_s29_low,47,56,48.86666666666667,1.2810357809066772,-1.2705217054438942
BH_s29_low,47,57,48.9,0.6773527264595032,-1.1151015238304558
BH_s29_low,47,58,48.93333333333333,0.11076197028160095,-0.7875325553666054
BH_s29_low,47,59,48.96666666666667,-0.14466531574726105,-0.3086625459418963
BH_s29_low,47,60,49.0,-0.27452439069747925,0.25727139280187517
BH_s29_low,47,61,49.03333333333333,-0.27452439069747925,0.8157820006759061
BH_s29_low,47,62,49.06666666666667,-0.3211647570133209,1.2681909401305496
BH_s29_low,47,63,49.1,-0.3978186249732971,1.5397701889675361
BH_s29_low,47,64,49.13333333333333,-0.6323282122612,1.5988582979696084
BH_s29_low,47,65,49.166666666666664,-0.8277284502983093,1.4609446728367268
BH_s29_low,47,66,49.2,-1.0599640607833862,1.1780968372124838
BH_s29_low,47,67,49.233333333333334,-1.2569290399551392,0.819096065096682
BH_s29_low,47,68,49.266666666666666,-1.491438627243042,0.4480311279262435
BH_s29_low,47,69,49.3,-1.6470203399658203,0.10853319971305174
BH_s29_low,47,70,49.333333333333336,-1.6667767763137817,-0.18209675061266806
BH_s29_low,47,71,49.36666666666667,-1.1435375213623047,-0.42848708362059085
BH_s29_low,47,72,49.4,-0.0833176001906395,-0.6454841425016692
BH_s29_low,47,73,49.43333333333333,1.2186371088027954,-0.8441111368334324
BH_s29_low,47,74,49.46666666666667,1.9741610288619995,-1.0205880024037344
BH_s29_low,47,75,49.5,2.059152841567993,-1.1525710386286934
BH_s29_low,47,76,49.53333333333333,1.6394513845443726,-1.2042031208068384
BH_s29_low,47,77,49.56666666666667,1.0045933723449707,-1.1384151288710425
BH_s29_low,47,78,49.6,0.32612690329551697,-0.9321926814413799
BH_s29_low,47,79,49.63333333333333,-0.05370724946260452,-0.5892147222943374
BH_s29_low,47,80,49.666666666666664,-0.35345223546028137,-0.1449826564889768
BH_s29_low,47,81,49.7,-0.35345223546028137,0.3378458443621807
BH_s29_low,47,82,49.733333333333334,-0.35229089856147766,0.782669441595374
BH_s29_low,47,83,49.766666666666666,-0.35233959555625916,1.11659020425061
BH_s29_low,47,84,49.8,-0.42899349331855774,1.2873188508256077
BH_s29_low,47,85,49.833333333333336,-0.6578425168991089,1.2745677264910553
BH_s29_low,47,86,49.86666666666667,-0.8190847635269165,1.0924945389050416
BH_s29_low,47,87,49.9,-1.0535943508148193,0.7824403177346013
BH_s29_low,47,88,49.93333333333333,-1.2756215333938599,0.3990416735699535
BH_s29_low,47,89,49.96666666666667,-1.4436856508255005,-0.004416301220866873
BH_s29_low,47,90,50.0,-1.5992673635482788,-0.38582636013713645
BH_s29_low,47,91,50.03333333333333,-1.3584989309310913,-0.7166560153634252
BH_s29_low,47,92,50.06666666666667,-0.5618491768836975,-0.9780905009111713
BH_s29_low,47,93,50.1,0.6396482586860657,-1.1547432144892709
BH_s29_low,47,94,50.13333333333333,1.7258968353271484,-1.2301651564135847
BH_s29_low,47,95,50.166666666666664,2.093310832977295,-1.1869141180651517
BH_s29_low,47,96,50.2,1.7906935214996338,-1.011670211179212
BH_s29_low,47,97,50.233333333333334,1.1990406513214111,-0.7037054851271454
BH_s29_low,47,98,50.266666666666666,0.533007800579071,-0.28341871138791086
BH_s29_low,47,99,50.3,0.037250813096761703,0.2033160577307542
BH_s29_low,47,100,50.333333333333336,-0.23475459218025208,0.6890784822528246
BH_s29_low,47,101,50.36666666666667,-0.27452439069747925,1.0984334684672978
BH_s29_low,47,102,50.4,-0.23991425335407257,1.3671629669437004
BH_s29_low,47,103,50.43333333333333,-0.19559654593467712,1.4594288341818504
BH_s29_low,47,104,50.46666666666667,-0.30458661913871765,1.3759318352172145
BH_s29_low,47,105,50.5,-0.46016836166381836,1.1504655916761135
BH_s29_low,47,106,50.53333333333333,-0.6946778893470764,0.8369189926068611
BH_s29_low,47,107,50.56666666666667,-0.8735000491142273,0.4918207379352522
BH_s29_low,47,108,50.6,-1.0847692489624023,0.1584058018506938
BH_s29_low,47,109,50.63333333333333,-1.2403509616851807,-0.14263878251619883
BH_s29_low,47,110,50.666666666666664,-1.3630956411361694,-0.4125851636326166
BH_s29_low,47,111,50.7,-0.9000074863433838,-0.6643421026929685
BH_s29_low,47,112,50.733333333333334,0.06909475475549698,-0.9066113269168826
BH_s29_low,47,113,50.766666666666666,1.3712091445922852,-1.12961191807984
BH_s29_low,47,114,50.8,2.1795613765716553,-1.2992395041229032
BH_s29_low,47,115,50.833333333333336,2.2410688400268555,-1.36336408424547
BH_s29_low,47,116,50.86666666666667,1.7692749500274658,-1.269293449227639
BH_s29_low,47,117,50.9,1.144173264503479,-0.9868344346896588
BH_s29_low,47,118,50.93333333333333,0.521846354007721,-0.5282951127553946
BH_s29_low,47,119,50.96666666666667,-0.0255997646600008,0.04382653342880623
BH_s29_low,47,120,51.0,-0.1892755627632141,0.6278300079737176
BH_s29_low,47,121,51.03333333333333,-0.27452439069747925,1.111302621331186
BH_s29_low,47,122,51.06666666666667,-0.2064654380083084,1.4059358370736599
BH_s29_low,47,123,51.1,-0.2613815367221832,1.472752749580374
BH_s29_low,47,124,51.13333333333333,-0.3380354344844818,1.3274146226950343
BH_s29_low,47,125,51.166666666666664,-0.49361714720726013,1.026140767730679
BH_s29_low,47,126,51.2,-0.7281267046928406,0.6409302506322389
BH_s29_low,47,127,51.233333333333334,-0.9626362919807434,0.23536968983968143
BH_s29_low,47,128,51.266666666666666,-1.1971458196640015,-0.14984344335182653
BH_s29_low,47,129,51.3,-1.3527275323867798,-0.49779624652125165
BH_s29_low,47,130,51.333333333333336,-1.150984287261963,-0.8049667816739215
BH_s29_low,47,131,51.36666666666667,-0.3360098898410797,-1.0662995405369213
BH_s29_low,47,132,51.4,0.8773094415664673,-1.2636089126372048
BH_s29_low,47,133,51.43333333333333,1.9497812986373901,-1.363130910092697
BH_s29_low,47,134,51.46666666666667,2.330094337463379,-1.324126136960096
BH_s29_low,47,135,51.5,2.056745767593384,-1.115884419737874
BH_s29_low,47,136,51.53333333333333,1.4748492240905762,-0.7365126483419079
BH_s29_low,47,137,51.56666666666667,0.8525223135948181,-0.2247767303908044
BH_s29_low,47,138,51.6,0.30912327766418457,0.34255434891806746
BH_s29_low,47,139,51.63333333333333,-0.06714264303445816,0.8695707257148625
BH_s29_low,47,140,51.666666666666664,-0.19559654593467712,1.2691077774620263
BH_s29_low,47,141,51.7,-0.19559654593467712,1.4870268249744636
BH_s29_low,47,142,51.733333333333334,-0.19559654593467712,1.5129935855204402
BH_s29_low,47,143,51.766666666666666,-0.2948303520679474,1.3756642643531363
BH_s29_low,47,144,51.8,-0.4504120647907257,1.127043083304357
BH_s29_low,47,145,51.833333333333336,-0.6217518448829651,0.823624855823743
BH_s29_low,47,146,51.86666666666667,-0.853987455368042,0.510852906303839
BH_s29_low,47,147,51.9,-1.0750129222869873,0.2145244959831948
BH_s29_low,47,148,51.93333333333333,-1.3095225095748901,-0.059802291763607573
BH_s29_low,47,149,51.96666666666667,-1.372851848602295,-0.32027379269169737
BH_s29_low,47,150,52.0,-1.0418612957000732,-0.5776603484275478
BH_s29_low,47,151,52.03333333333333,-0.02294040285050869,-0.8336110520444837
BH_s29_low,47,152,52.06666666666667,1.223668098449707,-1.0725021910629458
BH_s29_low,47,153,52.1,2.0835764408111572,-1.2602910909958247
BH_s29_low,47,154,52.13333333333333,2.251166343688965,-1.3517131221236738
BH_s29_low,47,155,52.166666666666664,1.8774715662002563,-1.304238128655283
BH_s29_low,47,156,52.2,1.2621262073516846,-1.0943264314610788
BH_s29_low,47,157,52.233333333333334,0.6397992372512817,-0.7300524104789248
BH_s29_low,47,158,52.266666666666666,0.08259689062833786,-0.25501252610603026
BH_s29_low,47,159,52.3,-0.16344203054904938,0.25876001886358685
BH_s29_low,47,160,52.333333333333336,-0.27452439069747925,0.7274364001218769
BH_s29_low,47,161,52.36666666666667,-0.27452439069747925,1.0765193723276854
BH_s29_low,47,162,52.4,-0.27452439069747925,1.259105462954285
BH_s29_low,47,163,52.43333333333333,-0.35345223546028137,1.2647074579685649
BH_s29_low,47,164,52.46666666666667,-0.562788724899292,1.1162204107722768
BH_s29_low,47,165,52.5,-0.7972983121871948,0.8576532375816586
BH_s29_low,47,166,52.53333333333333,-0.99981290102005,0.53829427923234
BH_s29_low,47,167,52.56666666666667,-1.187389612197876,0.19933247889985356
BH_s29_low,47,168,52.6,-1.3853563070297241,-0.1327231945052225
BH_s29_low,47,169,52.63333333333333,-1.5373698472976685,-0.44440196499379
BH_s29_low,47,170,52.666666666666664,-1.3070935010910034,-0.7272452004578298
BH_s29_low,47,171,52.7,-0.46358612179756165,-0.9677754978363344
BH_s29_low,47,172,52.733333333333334,0.735429048538208,-1.140783442051391
BH_s29_low,47,173,52.766666666666666,1.8227325677871704,-1.2102479067564178
BH_s29_low,47,174,52.8,2.17223858833313,-1.1393372794814367
BH_s29_low,47,175,52.833333333333336,1.934980869293213,-0.9066419474428318
BH_s29_low,47,176,52.86666666666667,1.365114450454712,-0.5215937711425063
BH_s29_low,47,177,52.9,0.6638597249984741,-0.03088805072774542
BH_s29_low,47,178,52.93333333333333,0.14010614156723022,0.48868918319391447
BH_s29_low,47,179,52.96666666666667,-0.1340402513742447,0.9492863430994865
BH_s29_low,47,180,53.0,-0.27452439069747925,1.2756719609288876
BH_s29_low,47,181,53.03333333333333,-0.19559654593467712,1.4245747114557294
BH_s29_low,47,182,53.06666666666667,-0.19559654593467712,1.3931254400942796
BH_s29_low,47,183,53.1,-0.2828001379966736,1.2145821883594161
BH_s29_low,47,184,53.13333333333333,-0.4383818507194519,0.9439101236215522
BH_s29_low,47,185,53.166666666666664,-0.5976914167404175,0.6386371965361985
BH_s29_low,47,186,53.2,-0.8284731507301331,0.3414869699042299
BH_s29_low,47,187,53.233333333333334,-1.0621626377105713,0.0705549736028984
BH_s29_low,47,188,53.266666666666666,-1.2185643911361694,-0.17968299960738343
BH_s29_low,47,189,53.3,-1.3741461038589478,-0.4271731880701324
BH_s29_low,47,190,53.333333333333336,-1.086728572845459,-0.6858218164636541
BH_s29_low,47,191,53.36666666666667,-0.2550917863845825,-0.9510844016265054
BH_s29_low,47,192,53.4,0.8908024430274963,-1.1938805804816053
BH_s29_low,47,193,53.43333333333333,1.8631361722946167,-1.3654885700061121
BH_s29_low,47,194,53.46666666666667,2.093310832977295,-1.4118516675491886
BH_s29_low,47,195,53.5,1.695790410041809,-1.2924352123465572
BH_s29_low,47,196,53.53333333333333,1.0734635591506958,-0.9972197955833898
BH_s29_low,47,197,53.56666666666667,0.45113664865493774,-0.5557107441251955
BH_s29_low,47,198,53.6,0.013926191255450249,-0.03390149806645831
BH_s29_low,47,199,53.63333333333333,-0.24641689658164978,0.48092571389494654
BH_s29_low,47,200,53.666666666666664,-0.22597798705101013,0.9027091202774309
BH_s29_low,47,201,53.7,-0.19559654593467712,1.1683217558685444
BH_s29_low,47,202,53.733333333333334,-0.19559654593467712,1.25102368067458
BH_s29_low,47,203,53.766666666666666,-0.31624892354011536,1.1619706628372486
BH_s29_low,47,204,53.8,-0.47183066606521606,0.940778185684704
BH_s29_low,47,205,53.833333333333336,-0.6274123787879944,0.6397894071695805
BH_s29_low,47,206,53.86666666666667,-0.8619219660758972,0.3082140371704012
BH_s29_low,47,207,53.9,-1.0175036191940308,-0.0184171906690163
BH_s29_low,47,208,53.93333333333333,-1.1730854511260986,-0.3204782380466854
BH_s29_low,47,209,53.96666666666667,-1.058488130569458,-0.5885884797980403
BH_s29_low,47,210,54.0,-0.4095875322818756,-0.8138521723060639
BH_s29_low,47,211,54.03333333333333,0.7030174732208252,-0.9794868910383615
BH_s29_low,47,212,54.06666666666667,1.7837074995040894,-1.0584920467432375
BH_s29_low,47,213,54.1,2.17223858833313,-1.0193244603948528
BH_s29_low,47,214,54.13333333333333,1.980960726737976,-0.8382525793958754
BH_s29_low,47,215,54.166666666666664,1.4830673933029175,-0.5137789587273003
BH_s29_low,47,216,54.2,0.8607404828071594,-0.07623270705899858
BH_s29_low,47,217,54.233333333333334,0.32723063230514526,0.41355593857281436
BH_s29_low,47,218,54.266666666666666,-0.0453561469912529,0.8778425715192447
BH_s29_low,47,219,54.3,-0.19559654593467712,1.242987987031716
BH_s29_low,47,220,54.333333333333336,-0.19559654593467712,1.459192053688696
BH_s29_low,47,221,54.36666666666667,-0.19559654593467712,1.5109183977116372
BH_s29_low,47,222,54.4,-0.2730438709259033,1.414937899757563
BH_s29_low,47,223,54.43333333333333,-0.42862558364868164,1.2088437923790867
BH_s29_low,47,224,54.46666666666667,-0.6571066975593567,0.9362488492758846
BH_s29_low,47,225,54.5,-0.8187168836593628,0.6345923082004734
BH_s29_low,47,226,54.53333333333333,-1.0532264709472656,0.32868733016198076
BH_s29_low,47,227,54.56666666666667,-1.274885654449463,0.030126608551168606
BH_s29_low,47,228,54.6,-1.3005863428115845,-0.25888866353287365
BH_s29_low,47,229,54.63333333333333,-0.8176841735839844,-0.5391902864968642
BH_s29_low,47,230,54.666666666666664,0.21919332444667816,-0.8079882667048992
BH_s29_low,47,231,54.7,1.387193202972412,-1.054311512897892
BH_s29_low,47,232,54.733333333333334,2.044870615005493,-1.258385457817556
BH_s29_low,47,233,54.766666666666666,2.067370891571045,-1.3953795332209777
BH_s29_low,47,234,54.8,1.627119779586792,-1.4421161234454765
BH_s29_low,47,235,54.833333333333336,1.0814467668533325,-1.3840475328118582
BH_s29_low,47,236,54.86666666666667,0.4901617169380188,-1.2198562966491389
BH_s29_low,47,237,54.9,0.03343873471021652,-0.9622562834029575
BH_s29_low,47,238,54.93333333333333,-0.1577327996492386,-0.6352745716378319
BH_s29_low,47,239,54.96666666666667,-0.27452439069747925,-0.26980591653526287
BH_s29_low,48,0,48.0,-0.8614078760147095,0.046983963701585266
BH_s29_low,48,1,48.03333333333333,0.0718386173248291,-0.16945727678911052
BH_s29_low,48,2,48.06666666666667,1.3187663555145264,-0.40017317550794945
BH_s29_low,48,3,48.1,2.0816972255706787,-0.6463789291607233
BH_s29_low,48,4,48.13333333333333,2.140855312347412,-0.8893521308551481
BH_s29_low,48,5,48.166666666666664,1.7691996097564697,-1.0899546482924842
BH_s29_low,48,6,48.2,1.2235265970230103,-1.196329809453694
BH_s29_low,48,7,48.233333333333334,0.6532922387123108,-1.1587639664910279
BH_s29_low,48,8,48.266666666666666,0.15446791052818298,-0.9481021983999445
BH_s29_low,48,9,48.3,-0.057754285633563995,-0.5715926912652631
BH_s29_low,48,10,48.333333333333336,-0.19559654593467712,-0.0791146709686142
BH_s29_low,48,11,48.36666666666667,-0.19559654593467712,0.4449137023239545
BH_s29_low,48,12,48.4,-0.20878811180591583,0.9029638068097778
BH_s29_low,48,13,48.43333333333333,-0.36436983942985535,1.2119077932790645
BH_s29_low,48,14,48.46666666666667,-0.519951581954956,1.3260734335659934
BH_s29_low,48,15,48.5,-0.7544611096382141,1.2469570608574598
BH_s29_low,48,16,48.53333333333333,-0.9141386151313782,1.0166827879233087
BH_s29_low,48,17,48.56666666666667,-1.1445523500442505,0.6992393387228516
BH_s29_low,48,18,48.6,-1.3001341819763184,0.357832705341486
BH_s29_low,48,19,48.63333333333333,-1.4557158946990967,0.036999444409237116
BH_s29_low,48,20,48.666666666666664,-1.0838029384613037,-0.24490090096021083
BH_s29_low,48,21,48.7,-0.16758675873279572,-0.4916918505771158
BH_s29_low,48,22,48.733333333333334,0.990865170955658,-0.7168112815859671
BH_s29_low,48,23,48.766666666666666,1.9552733898162842,-0.9277180079496409
BH_s29_low,48,24,48.8,2.17223858833313,-1.113664070335377
BH_s29_low,48,25,48.833333333333336,1.8267087936401367,-1.242060011526128
BH_s29_low,48,26,48.86666666666667,1.2810357809066772,-1.2656878184512368
BH_s29_low,48,27,48.9,0.6773527264595032,-1.1391378225025286
BH_s29_low,48,28,48.93333333333333,0.11076197028160095,-0.8392009692731801
BH_s29_low,48,29,48.96666666666667,-0.14466531574726105,-0.3814159281865183
BH_s29_low,48,30,49.0,-0.27452439069747925,0.17525214476577408
BH_s29_low,48,31,49.03333333333333,-0.27452439069747925,0.7397564653091595
BH_s29_low,48,32,49.06666666666667,-0.3211647570133209,1.2130273314022757
BH_s29_low,48,33,49.1,-0.3978186249732971,1.5152535774294107
BH_s29_low,48,34,49.13333333333333,-0.6323282122612,1.6062876170490434
BH_s29_low,48,35,49.166666666666664,-0.8277284502983093,1.4929237907798134
BH_s29_low,48,36,49.2,-1.0599640607833862,1.221826004139319
BH_s29_low,48,37,49.233333333333334,-1.2569290399551392,0.8615222732310965
BH_s29_low,48,38,49.266666666666666,-1.491438627243042,0.4803465344014046
BH_s29_low,48,39,49.3,-1.6470203399658203,0.1281411528408537
BH_s29_low,48,40,49.333333333333336,-1.6667767763137817,-0.17266090100748463
BH_s29_low,48,41,49.36666666666667,-1.1435375213623047,-0.4249179362225857
BH_s29_low,48,42,49.4,-0.0833176001906395,-0.6457607696347207
BH_s29_low,48,43,49.43333333333333,1.2186371088027954,-0.8513836375283355
BH_s29_low,48,44,49.46666666666667,1.9741610288619995,-1.043363472006013
BH_s29_low,48,45,49.5,2.059152841567993,-1.2015796856276788
BH_s29_low,48,46,49.53333333333333,1.6394513845443726,-1.2866966588379696
BH_s29_low,48,47,49.56666666666667,1.0045933723449707,-1.2521359449511722
BH_s29_low,48,48,49.6,0.32612690329551697,-1.0621944599457747
BH_s29_low,48,49,49.63333333333333,-0.05370724946260452,-0.7101334419499415
BH_s29_low,48,50,49.666666666666664,-0.35345223546028137,-0.22876781264998827
BH_s29_low,48,51,49.7,-0.35345223546028137,0.3120029963048906
BH_s29_low,48,52,49.733333333333334,-0.35229089856147766,0.8209874644789341
BH_s29_low,48,53,49.766666666666666,-0.35233959555625916,1.2093644487964412
BH_s29_low,48,54,49.8,-0.42899349331855774,1.413865194397168
BH_s29_low,48,55,49.833333333333336,-0.6578425168991089,1.4116197800461476
BH_s29_low,48,56,49.86666666666667,-0.8190847635269165,1.2218522800887759
BH_s29_low,48,57,49.9,-1.0535943508148193,0.8945365225600977
BH_s29_low,48,58,49.93333333333333,-1.2756215333938599,0.49152005542947297
BH_s29_low,48,59,49.96666666666667,-1.4436856508255005,0.06853236934604105
BH_s29_low,48,60,50.0,-1.5992673635482788,-0.3350108500861653
BH_s29_low,48,61,50.03333333333333,-1.3584989309310913,-0.6960069326941387
BH_s29_low,48,62,50.06666666666667,-0.5618491768836975,-0.9997934723309276
BH_s29_low,48,63,50.1,0.6396482586860657,-1.2298222544527382
BH_s29_low,48,64,50.13333333333333,1.7258968353271484,-1.3609788606917714
BH_s29_low,48,65,50.166666666666664,2.093310832977295,-1.3609206138825898
BH_s29_low,48,66,50.2,1.7906935214996338,-1.2002949468349002
BH_s29_low,48,67,50.233333333333334,1.1990406513214111,-0.868417666723479
BH_s29_low,48,68,50.266666666666666,0.533007800579071,-0.38745680941698574
BH_s29_low,48,69,50.3,0.037250813096761703,0.1826560460742886
BH_s29_low,48,70,50.333333333333336,-0.23475459218025208,0.7533110228453657
BH_s29_low,48,71,50.36666666666667,-0.27452439069747925,1.2288436200565762
BH_s29_low,48,72,50.4,-0.23991425335407257,1.532712657413592
BH_s29_low,48,73,50.43333333333333,-0.19559654593467712,1.627577334069445
BH_s29_low,48,74,50.46666666666667,-0.30458661913871765,1.521907377276599
BH_s29_low,48,75,50.5,-0.46016836166381836,1.2621853824157863
BH_s29_low,48,76,50.53333333333333,-0.6946778893470764,0.9150708044321036
BH_s29_low,48,77,50.56666666666667,-0.8735000491142273,0.5463128722393515
BH_s29_low,48,78,50.6,-1.0847692489624023,0.2030087794390437
BH_s29_low,48,79,50.63333333333333,-1.2403509616851807,-0.0958366170151172
BH_s29_low,48,80,50.666666666666664,-1.3630956411361694,-0.3577328452028302
BH_s29_low,48,81,50.7,-0.9000074863433838,-0.6045285104188074
BH_s29_low,48,82,50.733333333333334,0.06909475475549698,-0.8540596806343099
BH_s29_low,48,83,50.766666666666666,1.3712091445922852,-1.103123325227797
BH_s29_low,48,84,50.8,2.1795613765716553,-1.3194494770165834
BH_s29_low,48,85,50.833333333333336,2.2410688400268555,-1.4471818968610437
BH_s29_low,48,86,50.86666666666667,1.7692749500274658,-1.4250256530360588
BH_s29_low,48,87,50.9,1.144173264503479,-1.210967371792717
BH_s29_low,48,88,50.93333333333333,0.521846354007721,-0.8044069006795881
BH_s29_low,48,89,50.96666666666667,-0.0255997646600008,-0.2562991444004854
BH_s29_low,48,90,51.0,-0.1892755627632141,0.3391669350740608
BH_s29_low,48,91,51.03333333333333,-0.27452439069747925,0.8707189970186371
BH_s29_low,48,92,51.06666666666667,-0.2064654380083084,1.2438358539087768
BH_s29_low,48,93,51.1,-0.2613815367221832,1.407188698014913
BH_s29_low,48,94,51.13333333333333,-0.3380354344844818,1.3611103089986016
BH_s29_low,48,95,51.166666666666664,-0.49361714720726013,1.1474075580632088
BH_s29_low,48,96,51.2,-0.7281267046928406,0.8279753734814704
BH_s29_low,48,97,51.233333333333334,-0.9626362919807434,0.4626152566835477
BH_s29_low,48,98,51.266666666666666,-1.1971458196640015,0.09438358212845346
BH_s29_low,48,99,51.3,-1.3527275323867798,-0.25393798411280966
BH_s29_low,48,100,51.333333333333336,-1.150984287261963,-0.5733639994089472
BH_s29_low,48,101,51.36666666666667,-0.3360098898410797,-0.8567485508913685
BH_s29_low,48,102,51.4,0.8773094415664673,-1.0875885293007164
BH_s29_low,48,103,51.43333333333333,1.9497812986373901,-1.2353729107579168
BH_s29_low,48,104,51.46666666666667,2.330094337463379,-1.2606070633373525
BH_s29_low,48,105,51.5,2.056745767593384,-1.1286216475069601
BH_s29_low,48,106,51.53333333333333,1.4748492240905762,-0.8272171026867063
BH_s29_low,48,107,51.56666666666667,0.8525223135948181,-0.38039415849901875
BH_s29_low,48,108,51.6,0.30912327766418457,0.1496329600797928
BH_s29_low,48,109,51.63333333333333,-0.06714264303445816,0.6756079349608247
BH_s29_low,48,110,51.666666666666664,-0.19559654593467712,1.1092300017466643
BH_s29_low,48,111,51.7,-0.19559654593467712,1.3855846971663375
BH_s29_low,48,112,51.733333333333334,-0.19559654593467712,1.4779494990467854
BH_s29_low,48,113,51.766666666666666,-0.2948303520679474,1.3985811488947857
BH_s29_low,48,114,51.8,-0.4504120647907257,1.1878618213064773
BH_s29_low,48,115,51.833333333333336,-0.6217518448829651,0.8981712563909912
BH_s29_low,48,116,51.86666666666667,-0.853987455368042,0.5786028096550336
BH_s29_low,48,117,51.9,-1.0750129222869873,0.2642191901703634
BH_s29_low,48,118,51.93333333333333,-1.3095225095748901,-0.02841549912428511
BH_s29_low,48,119,51.96666666666667,-1.372851848602295,-0.29898428667750643
BH_s29_low,48,120,52.0,-1.0418612957000732,-0.5554730194538845
BH_s29_low,48,121,52.03333333333333,-0.02294040285050869,-0.8032082045397251
BH_s29_low,48,122,52.06666666666667,1.223668098449707,-1.0347921813260172
BH_s29_low,48,123,52.1,2.0835764408111572,-1.225055168018314
BH_s29_low,48,124,52.13333333333333,2.251166343688965,-1.3339069170215958
BH_s29_low,48,125,52.166666666666664,1.8774715662002563,-1.317380141867944
BH_s29_low,48,126,52.2,1.2621262073516846,-1.1439049213473351
BH_s29_low,48,127,52.233333333333334,0.6397992372512817,-0.8101768301776117
BH_s29_low,48,128,52.266666666666666,0.08259689062833786,-0.35013379404791506
BH_s29_low,48,129,52.3,-0.16344203054904938,0.16781274749426817
BH_s29_low,48,130,52.333333333333336,-0.27452439069747925,0.6561634528584819
BH_s29_low,48,131,52.36666666666667,-0.27452439069747925,1.0318173836631737
BH_s29_low,48,132,52.4,-0.27452439069747925,1.238611800585701
BH_s29_low,48,133,52.43333333333333,-0.35345223546028137,1.259703918956429
BH_s29_low,48,134,52.46666666666667,-0.562788724899292,1.115935891257082
BH_s29_low,48,135,52.5,-0.7972983121871948,0.8531298368833902
BH_s29_low,48,136,52.53333333333333,-0.99981290102005,0.5248885619322556
BH_s29_low,48,137,52.56666666666667,-1.187389612197876,0.17751479346832716
BH_s29_low,48,138,52.6,-1.3853563070297241,-0.15822196351182116
BH_s29_low,48,139,52.63333333333333,-1.5373698472976685,-0.4666241571275087
BH_s29_low,48,140,52.666666666666664,-1.3070935010910034,-0.7393865081606312
BH_s29_low,48,141,52.7,-0.46358612179756165,-0.9650393366745237
BH_s29_low,48,142,52.733333333333334,0.735429048538208,-1.1212472618755456
BH_s29_low,48,143,52.766666666666666,1.8227325677871704,-1.1748120654231506
BH_s29_low,48,144,52.8,2.17223858833313,-1.0909991879424874
BH_s29_low,48,145,52.833333333333336,1.934980869293213,-0.8492751872488307
BH_s29_low,48,146,52.86666666666667,1.365114450454712,-0.45863702205343443
BH_s29_low,48,147,52.9,0.6638597249984741,0.035310092924867975
BH_s29_low,48,148,52.93333333333333,0.14010614156723022,0.5564002511137054
BH_s29_low,48,149,52.96666666666667,-0.1340402513742447,1.0162214532425538
BH_s29_low,48,150,53.0,-0.27452439069747925,1.3381218490142561
BH_s29_low,48,151,53.03333333333333,-0.19559654593467712,1.4776496782545554
BH_s29_low,48,152,53.06666666666667,-0.19559654593467712,1.4319797541018608
BH_s29_low,48,153,53.1,-0.2828001379966736,1.2357629429731687
BH_s29_low,48,154,53.13333333333333,-0.4383818507194519,0.9460689040106173
BH_s29_low,48,155,53.166666666666664,-0.5976914167404175,0.6225659252071397
BH_s29_low,48,156,53.2,-0.8284731507301331,0.30989335979561056
BH_s29_low,48,157,53.233333333333334,-1.0621626377105713,0.027788337921364595
BH_s29_low,48,158,53.266666666666666,-1.2185643911361694,-0.2281831144218796
BH_s29_low,48,159,53.3,-1.3741461038589478,-0.4760445384195979
BH_s29_low,48,160,53.333333333333336,-1.086728572845459,-0.7314856293654686
BH_s29_low,48,161,53.36666666666667,-0.2550917863845825,-0.9932331591064714
BH_s29_low,48,162,53.4,0.8908024430274963,-1.2356135863910311
BH_s29_low,48,163,53.43333333333333,1.8631361722946167,-1.41137390828202
BH_s29_low,48,164,53.46666666666667,2.093310832977295,-1.464411258683689
BH_s29_low,48,165,53.5,1.695790410041809,-1.3488724160578882
BH_s29_low,48,166,53.53333333333333,1.0734635591506958,-1.0485799567854515
BH_s29_low,48,167,53.56666666666667,0.45113664865493774,-0.5895295027843648
BH_s29_low,48,168,53.6,0.013926191255450249,-0.039217664483643756
BH_s29_low,48,169,53.63333333333333,-0.24641689658164978,0.5090917973221301
BH_s29_low,48,170,53.666666666666664,-0.22597798705101013,0.9621758750665997
BH_s29_low,48,171,53.7,-0.19559654593467712,1.2524785391540905
BH_s29_low,48,172,53.733333333333334,-0.19559654593467712,1.3534234166311492
BH_s29_low,48,173,53.766666666666666,-0.31624892354011536,1.27950530155223
BH_s29_low,48,174,53.8,-0.47183066606521606,1.0733859760732958
BH_s29_low,48,175,53.833333333333336,-0.6274123787879944,0.7873039066396335
BH_s29_low,48,176,53.86666666666667,-0.8619219660758972,0.466792119275316
BH_s29_low,48,177,53.9,-1.0175036191940308,0.1419827603964909
BH_s29_low,48,178,53.93333333333333,-1.1730854511260986,-0.1719973532778284
BH_s29_low,48,179,53.96666666666667,-1.058488130569458,-0.4675126734931861
BH_s29_low,48,180,54.0,-0.4095875322818756,-0.7342386503011302
BH_s29_low,48,181,54.03333333333333,0.7030174732208252,-0.951551116481209
BH_s29_low,48,182,54.06666666666667,1.7837074995040894,-1.0875306270823368
BH_s29_low,48,183,54.1,2.17223858833313,-1.105998024804463
BH_s29_low,48,184,54.13333333333333,1.980960726737976,-0.979789744101143
BH_s29_low,48,185,54.166666666666664,1.4830673933029175,-0.7053836617927481
BH_s29_low,48,186,54.2,0.8607404828071594,-0.3120843285874819
BH_s29_low,48,187,54.233333333333334,0.32723063230514526,0.13991039362500962
BH_s29_low,48,188,54.266666666666666,-0.0453561469912529,0.5735628542391651
BH_s29_low,48,189,54.3,-0.19559654593467712,0.916328039767964
BH_s29_low,48,190,54.333333333333336,-0.19559654593467712,1.1202602442740257
BH_s29_low,48,191,54.36666666666667,-0.19559654593467712,1.172824703665792
BH_s29_low,48,192,54.4,-0.2730438709259033,1.0946907339078047
BH_s29_low,48,193,54.43333333333333,-0.42862558364868164,0.926715484918281
BH_s29_low,48,194,54.46666666666667,-0.6571066975593567,0.7127725133046806
BH_s29_low,48,195,54.5,-0.8187168836593628,0.4858128476428962
BH_s29_low,48,196,54.53333333333333,-1.0532264709472656,0.2615101873724691
BH_s29_low,48,197,54.56666666666667,-1.274885654449463,0.039726087368721026
BH_s29_low,48,198,54.6,-1.3005863428115845,-0.1884582339842078
BH_s29_low,48,199,54.63333333333333,-0.8176841735839844,-0.4311433676283331
BH_s29_low,48,200,54.666666666666664,0.21919332444667816,-0.6865117814651778
BH_s29_low,48,201,54.7,1.387193202972412,-0.9370675355315001
BH_s29_low,48,202,54.733333333333334,2.044870615005493,-1.1493877790583682
BH_s29_low,48,203,54.766666666666666,2.067370891571045,-1.2802012147493722
BH_s29_low,48,204,54.8,1.627119779586792,-1.2876270267377474
BH_s29_low,48,205,54.833333333333336,1.0814467668533325,-1.1444849256676677
BH_s29_low,48,206,54.86666666666667,0.4901617169380188,-0.8495241440220085
BH_s29_low,48,207,54.9,0.03343873471021652,-0.4325574801857467
BH_s29_low,48,208,54.93333333333333,-0.1577327996492386,0.049081446442822606
BH_s29_low,48,209,54.96666666666667,-0.27452439069747925,0.5225706385390259
BH_s29_low,48,210,55.0,-0.27452439069747925,0.9165497142679871
BH_s29_low,48,211,55.03333333333333,-0.27452439069747925,1.1773576753062671
BH_s29_low,48,212,55.06666666666667,-0.3854205012321472,1.2795675736610899
BH_s29_low,48,213,55.1,-0.61993008852005,1.2283092705405376
BH_s29_low,48,214,55.13333333333333,-0.8029321432113647,1.0535703481543865
BH_s29_low,48,215,55.166666666666664,-1.0100213289260864,0.798825303566648
BH_s29_low,48,216,55.2,-1.1656030416488647,0.5077620228925177
BH_s29_low,48,217,55.233333333333334,-1.321184754371643,0.21334755014103546
BH_s29_low,48,218,55.266666666666666,-1.458441972732544,-0.06724655513296869
BH_s29_low,48,219,55.3,-1.220333218574524,-0.3304509824793512
BH_s29_low,48,220,55.333333333333336,-0.33594340085983276,-0.578439164494719
BH_s29_low,48,221,55.36666666666667,0.843559205532074,-0.8094996389138772
BH_s29_low,48,222,55.4,1.8842135667800903,-1.0108338210694416
BH_s29_low,48,223,55.43333333333333,2.165283679962158,-1.156653957143277
BH_s29_low,48,224,55.46666666666667,1.842484712600708,-1.2125824783216146
BH_s29_low,48,225,55.5,1.2944047451019287,-1.1454845860161282
BH_s29_low,48,226,55.53333333333333,0.6722108125686646,-0.9361491772827011
BH_s29_low,48,227,55.56666666666667,0.12867878377437592,-0.5907187400432011
BH_s29_low,48,228,55.6,-0.18676665425300598,-0.14598303000770296
BH_s29_low,48,229,55.63333333333333,-0.27452439069747925,0.33511369736571883
BH_s29_low,48,230,55.666666666666664,-0.27452439069747925,0.777683644490319
BH_s29_low,48,231,55.7,-0.27452439069747925,1.114307713330008
BH_s29_low,48,232,55.733333333333334,-0.4188693165779114,1.3024971610452671
BH_s29_low,48,233,55.766666666666666,-0.5744510293006897,1.3337946313862201
BH_s29_low,48,234,55.8,-0.8089606165885925,1.2318972809939404
BH_s29_low,48,235,55.833333333333336,-1.0231375694274902,1.0415235119320267
BH_s29_low,48,236,55.86666666666667,-1.199051856994629,0.8123234756397938
BH_s29_low,48,237,55.9,-1.3546335697174072,0.5830472807046118
BH_s29_low,48,238,55.93333333333333,-1.5102152824401855,0.3711794293999697
BH_s29_low,48,239,55.96666666666667,-1.586869239807129,0.17181614015501426
BH_s29_low,49,0,49.0,-0.27452439069747925,-0.021915484657469668
BH_s29_low,49,1,49.03333333333333,-0.27452439069747925,0.5014706847291648
BH_s29_low,49,2,49.06666666666667,-0.3211647570133209,0.9328784463039613
BH_s29_low,49,3,49.1,-0.3978186249732971,1.2024861123557573
BH_s29_low,49,4,49.13333333333333,-0.6323282122612,1.2766816391296576
BH_s29_low,49,5,49.166666666666664,-0.8277284502983093,1.1630842322647854
BH_s29_low,49,6,49.2,-1.0599640607833862,0.9036470239867724
BH_s29_low,49,7,49.233333333333334,-1.2569290399551392,0.5591440471313743
BH_s29_low,49,8,49.266666666666666,-1.491438627243042,0.19114720189004425
BH_s29_low,49,9,49.3,-1.6470203399658203,-0.15246871754005867
BH_s29_low,49,10,49.333333333333336,-1.6667767763137817,-0.4444533399964946
BH_s29_low,49,11,49.36666666666667,-1.1435375213623047,-0.6765691985081558
BH_s29_low,49,12,49.4,-0.0833176001906395,-0.8516755728269927
BH_s29_low,49,13,49.43333333333333,1.2186371088027954,-0.9738354170102855
BH_s29_low,49,14,49.46666666666667,1.9741610288619995,-1.0409154372176295
BH_s29_low,49,15,49.5,2.059152841567993,-1.0425425395544554
BH_s29_low,49,16,49.53333333333333,1.6394513845443726,-0.9637845969972217
BH_s29_low,49,17,49.56666666666667,1.0045933723449707,-0.792528540332077
BH_s29_low,49,18,49.6,0.32612690329551697,-0.527163622789609
BH_s29_low,49,19,49.63333333333333,-0.05370724946260452,-0.18154830886242784
BH_s29_low,49,20,49.666666666666664,-0.35345223546028137,0.21394595306483985
BH_s29_low,49,21,49.7,-0.35345223546028137,0.6149908804485482
BH_s29_low,49,22,49.733333333333334,-0.35229089856147766,0.9690777551588937
BH_s29_low,49,23,49.766666666666666,-0.35233959555625916,1.224484504470192
BH_s29_low,49,24,49.8,-0.42899349331855774,1.3415634222005777
BH_s29_low,49,25,49.833333333333336,-0.6578425168991089,1.3032828327560952
BH_s29_low,49,26,49.86666666666667,-0.8190847635269165,1.1200431495636343
BH_s29_low,49,27,49.9,-1.0535943508148193,0.8251547277161464
BH_s29_low,49,28,49.93333333333333,-1.2756215333938599,0.46268848015443315
BH_s29_low,49,29,49.96666666666667,-1.4436856508255005,0.07424043592448684
BH_s29_low,49,30,50.0,-1.5992673635482788,-0.30886632765372624
BH_s29_low,49,31,50.03333333333333,-1.3584989309310913,-0.6653134458496769
BH_s29_low,49,32,50.06666666666667,-0.5618491768836975,-0.9772340981085922
BH_s29_low,49,33,50.1,0.6396482586860657,-1.2221043953666173
BH_s29_low,49,34,50.13333333333333,1.7258968353271484,-1.3685342613178595
BH_s29_low,49,35,50.166666666666664,2.093310832977295,-1.379719387597374
BH_s29_low,49,36,50.2,1.7906935214996338,-1.2247789368457536
BH_s29_low,49,37,50.233333333333334,1.1990406513214111,-0.8942411531282735
BH_s29_low,49,38,50.266666666666666,0.533007800579071,-0.4131690681045174
BH_s29_low,49,39,50.3,0.037250813096761703,0.15504582887151305
BH_s29_low,49,40,50.333333333333336,-0.23475459218025208,0.7186996686456705
BH_s29_low,49,41,50.36666666666667,-0.27452439069747925,1.1804129742131184
BH_s29_low,49,42,50.4,-0.23991425335407257,1.4642694959092046
BH_s29_low,49,43,50.43333333333333,-0.19559654593467712,1.5360827064013731
BH_s29_low,49,44,50.46666666666667,-0.30458661913871765,1.4089456294337528
BH_s29_low,49,45,50.5,-0.46016836166381836,1.13351964473048
BH_s29_low,49,46,50.53333333333333,-0.6946778893470764,0.7785239128995709
BH_s29_low,49,47,50.56666666666667,-0.8735000491142273,0.409226363635837
BH_s29_low,49,48,50.6,-1.0847692489624023,0.0706984984308597
BH_s29_low,49,49,50.63333333333333,-1.2403509616851807,-0.21990766341673135
BH_s29_low,49,50,50.666666666666664,-1.3630956411361694,-0.47025345997971746
BH_s29_low,49,51,50.7,-0.9000074863433838,-0.6999717864070627
BH_s29_low,49,52,50.733333333333334,0.06909475475549698,-0.922906335485619
BH_s29_low,49,53,50.766666666666666,1.3712091445922852,-1.1319033209698297
BH_s29_low,49,54,50.8,2.1795613765716553,-1.2931424685485984
BH_s29_low,49,55,50.833333333333336,2.2410688400268555,-1.3534323226908462
BH_s29_low,49,56,50.86666666666667,1.7692749500274658,-1.2588190786162416
BH_s29_low,49,57,50.9,1.144173264503479,-0.9782532380358743
BH_s29_low,49,58,50.93333333333333,0.521846354007721,-0.5234890353096342
BH_s29_low,49,59,50.96666666666667,-0.0255997646600008,0.04367485495662125
BH_s29_low,49,60,51.0,-0.1892755627632141,0.6227551453532248
BH_s29_low,49,61,51.03333333333333,-0.27452439069747925,1.1031430443978525
BH_s29_low,49,62,51.06666666666667,-0.2064654380083084,1.3985613143558588
BH_s29_low,49,63,51.1,-0.2613815367221832,1.4715641113143714
BH_s29_low,49,64,51.13333333333333,-0.3380354344844818,1.3381795491937323
BH_s29_low,49,65,51.166666666666664,-0.49361714720726013,1.0537207055052016
BH_s29_low,49,66,51.2,-0.7281267046928406,0.6884087764133262
BH_s29_low,49,67,51.233333333333334,-0.9626362919807434,0.30359672031783574
BH_s29_low,49,68,51.266666666666666,-1.1971458196640015,-0.06253526473063356
BH_s29_low,49,69,51.3,-1.3527275323867798,-0.3957593300483193
BH_s29_low,49,70,51.333333333333336,-1.150984287261963,-0.6951507622786411
BH_s29_low,49,71,51.36666666666667,-0.3360098898410797,-0.9578201744213187
BH_s29_low,49,72,51.4,0.8773094415664673,-1.1670085232636396
BH_s29_low,49,73,51.43333333333333,1.9497812986373901,-1.2893665010084823
BH_s29_low,49,74,51.46666666666667,2.330094337463379,-1.283230085801886
BH_s29_low,49,75,51.5,2.056745767593384,-1.1152510923859307
BH_s29_low,49,76,51.53333333333333,1.4748492240905762,-0.7790274128481344
BH_s29_low,49,77,51.56666666666667,0.8525223135948181,-0.307381861233591
BH_s29_low,49,78,51.6,0.30912327766418457,0.22912634550801536
BH_s29_low,49,79,51.63333333333333,-0.06714264303445816,0.7394576008374502
BH_s29_low,49,80,51.666666666666664,-0.19559654593467712,1.1385269333120156
BH_s29_low,49,81,51.7,-0.19559654593467712,1.370809239417981
BH_s29_low,49,82,51.733333333333334,-0.19559654593467712,1.4215813242565116
BH_s29_low,49,83,51.766666666666666,-0.2948303520679474,1.3136019630753804
BH_s29_low,49,84,51.8,-0.4504120647907257,1.093392921223286
BH_s29_low,49,85,51.833333333333336,-0.6217518448829651,0.8139484018600185
BH_s29_low,49,86,51.86666666666667,-0.853987455368042,0.5198790342405636
BH_s29_low,49,87,51.9,-1.0750129222869873,0.23850690839201555
BH_s29_low,49,88,51.93333333333333,-1.3095225095748901,-0.02190096021160492
BH_s29_low,49,89,51.96666666666667,-1.372851848602295,-0.26730183376470623
BH_s29_low,49,90,52.0,-1.0418612957000732,-0.508413716507611
BH_s29_low,49,91,52.03333333333333,-0.02294040285050869,-0.7497453432964115
BH_s29_low,49,92,52.06666666666667,1.223668098449707,-0.9808842390822877
BH_s29_low,49,93,52.1,2.0835764408111572,-1.173501265423076
BH_s29_low,49,94,52.13333333333333,2.251166343688965,-1.2859988427218818
BH_s29_low,49,95,52.166666666666664,1.8774715662002563,-1.2751743024881492
BH_s29_low,49,96,52.2,1.2621262073516846,-1.1114695468904954
BH_s29_low,49,97,52.233333333333334,0.6397992372512817,-0.7925978446225507
BH_s29_low,49,98,52.266666666666666,0.08259689062833786,-0.350480576888131
BH_s29_low,49,99,52.3,-0.16344203054904938,0.15174575933485918
BH_s29_low,49,100,52.333333333333336,-0.27452439069747925,0.6329913093571508
BH_s29_low,49,101,52.36666666666667,-0.27452439069747925,1.0143319106812032
BH_s29_low,49,102,52.4,-0.27452439069747925,1.2390179865110675
BH_s29_low,49,103,52.43333333333333,-0.35345223546028137,1.284772307223715
BH_s29_low,49,104,52.46666666666667,-0.562788724899292,1.1644396271562234
BH_s29_low,49,105,52.5,-0.7972983121871948,0.9163796733143573
BH_s29_low,49,106,52.53333333333333,-0.99981290102005,0.5895538650287547
BH_s29_low,49,107,52.56666666666667,-1.187389612197876,0.22925041924754574
BH_s29_low,49,108,52.6,-1.3853563070297241,-0.13154150227071018
BH_s29_low,49,109,52.63333333333333,-1.5373698472976685,-0.4725719102187064
BH_s29_low,49,110,52.666666666666664,-1.3070935010910034,-0.7795325413835952
BH_s29_low,49,111,52.7,-0.46358612179756165,-1.0342985004367096
BH_s29_low,49,112,52.733333333333334,0.735429048538208,-1.2082406286980687
BH_s29_low,49,113,52.766666666666666,1.8227325677871704,-1.2636947751483332
BH_s29_low,49,114,52.8,2.17223858833313,-1.1649358107362404
BH_s29_low,49,115,52.833333333333336,1.934980869293213,-0.8949159086794619
BH_s29_low,49,116,52.86666666666667,1.365114450454712,-0.4700399209070052
BH_s29_low,49,117,52.9,0.6638597249984741,0.05509147847777717
BH_s29_low,49,118,52.93333333333333,0.14010614156723022,0.5969037267679732
BH_s29_low,49,119,52.96666666666667,-0.1340402513742447,1.063533839821069
BH_s29_low,49,120,53.0,-0.27452439069747925,1.3792393224332562
BH_s29_low,49,121,53.03333333333333,-0.19559654593467712,1.5034102294017344
BH_s29_low,49,122,53.06666666666667,-0.19559654593467712,1.4380023777103754
BH_s29_low,49,123,53.1,-0.2828001379966736,1.2220847914395063
BH_s29_low,49,124,53.13333333333333,-0.4383818507194519,0.9162752694311893
BH_s29_low,49,125,53.166666666666664,-0.5976914167404175,0.5824912802718859
BH_s29_low,49,126,53.2,-0.8284731507301331,0.26580343241586146
BH_s29_low,49,127,53.233333333333334,-1.0621626377105713,-0.015429979155029402
BH_s29_low,49,128,53.266666666666666,-1.2185643911361694,-0.2679589972813857
BH_s29_low,49,129,53.3,-1.3741461038589478,-0.5117318312979775
BH_s29_low,49,130,53.333333333333336,-1.086728572845459,-0.762800735674791
BH_s29_low,49,131,53.36666666666667,-0.2550917863845825,-1.01817584931112
BH_s29_low,49,132,53.4,0.8908024430274963,-1.2490107870805953
BH_s29_low,49,133,53.43333333333333,1.8631361722946167,-1.405316997704821
BH_s29_low,49,134,53.46666666666667,2.093310832977295,-1.4310158879896238
BH_s29_low,49,135,53.5,1.695790410041809,-1.2842894359559303
BH_s29_low,49,136,53.53333333333333,1.0734635591506958,-0.9562092526146583
BH_s29_low,49,137,53.56666666666667,0.45113664865493774,-0.4806656639940199
BH_s29_low,49,138,53.6,0.013926191255450249,0.0693669357777719
BH_s29_low,49,139,53.63333333333333,-0.24641689658164978,0.5996237759185941
BH_s29_low,49,140,53.666666666666664,-0.22597798705101013,1.0205012402562146
BH_s29_low,49,141,53.7,-0.19559654593467712,1.2710495073184245
BH_s29_low,49,142,53.733333333333334,-0.19559654593467712,1.3319350355732174
BH_s29_low,49,143,53.766666666666666,-0.31624892354011536,1.2236360573595901
BH_s29_low,49,144,53.8,-0.47183066606521606,0.9925062495697736
BH_s29_low,49,145,53.833333333333336,-0.6274123787879944,0.6918150628962089
BH_s29_low,49,146,53.86666666666667,-0.8619219660758972,0.3657971316048069
BH_s29_low,49,147,53.9,-1.0175036191940308,0.04224816561300298
BH_s29_low,49,148,53.93333333333333,-1.1730854511260986,-0.26520657625269073
BH_s29_low,49,149,53.96666666666667,-1.058488130569458,-0.548243574108044
BH_s29_low,49,150,54.0,-0.4095875322818756,-0.7937276533507525
BH_s29_low,49,151,54.03333333333333,0.7030174732208252,-0.977643820462421
BH_s29_low,49,152,54.06666666666667,1.7837074995040894,-1.0664369132757123
BH_s29_low,49,153,54.1,2.17223858833313,-1.0261701504482024
BH_s29_low,49,154,54.13333333333333,1.980960726737976,-0.8367640546566298
BH_s29_low,49,155,54.166666666666664,1.4830673933029175,-0.505808733507575
BH_s29_low,49,156,54.2,0.8607404828071594,-0.07506919008558813
BH_s29_low,49,157,54.233333333333334,0.32723063230514526,0.38532769697943037
BH_s29_low,49,158,54.266666666666666,-0.0453561469912529,0.7945543304127233
BH_s29_low,49,159,54.3,-0.19559654593467712,1.0840266389351556
BH_s29_low,49,160,54.333333333333336,-0.19559654593467712,1.2161430736018564
BH_s29_low,49,161,54.36666666666667,-0.19559654593467712,1.191207597227926
BH_s29_low,49,162,54.4,-0.2730438709259033,1.0406160940640825
BH_s29_low,49,163,54.43333333333333,-0.42862558364868164,0.8106676278220212
BH_s29_low,49,164,54.46666666666667,-0.6571066975593567,0.5448728527509792
BH_s29_low,49,165,54.5,-0.8187168836593628,0.2719612875679225
BH_s29_low,49,166,54.53333333333333,-1.0532264709472656,0.0028510275984766614
BH_s29_low,49,167,54.56666666666667,-1.274885654449463,-0.26451557959136013
BH_s29_low,49,168,54.6,-1.3005863428115845,-0.5359034230569071
BH_s29_low,49,169,54.63333333333333,-0.8176841735839844,-0.8108442931465666
BH_s29_low,49,170,54.666666666666664,0.21919332444667816,-1.0752483052248738
BH_s29_low,49,171,54.7,1.387193202972412,-1.298953009411361
BH_s29_low,49,172,54.733333333333334,2.044870615005493,-1.439499213237718
BH_s29_low,49,173,54.766666666666666,2.067370891571045,-1.4519617927149266
BH_s29_low,49,174,54.8,1.627119779586792,-1.3028211188360985
BH_s29_low,49,175,54.833333333333336,1.0814467668533325,-0.9839340443691788
BH_s29_low,49,176,54.86666666666667,0.4901617169380188,-0.5214251727704065
BH_s29_low,49,177,54.9,0.03343873471021652,0.025078757478609975
BH_s29_low,49,178,54.93333333333333,-0.1577327996492386,0.5743997282180398
BH_s29_low,49,179,54.96666666666667,-0.27452439069747925,1.0437671244248568
BH_s29_low,49,180,55.0,-0.27452439069747925,1.3694465132928721
BH_s29_low,49,181,55.03333333333333,-0.27452439069747925,1.5201453157212965
BH_s29_low,49,182,55.06666666666667,-0.3854205012321472,1.4993432253830732
BH_s29_low,49,183,55.1,-0.61993008852005,1.338020360478291
BH_s29_low,49,184,55.13333333333333,-0.8029321432113647,1.0821067143854988
BH_s29_low,49,185,55.166666666666664,-1.0100213289260864,0.7790898977615942
BH_s29_low,49,186,55.2,-1.1656030416488647,0.46715826406165395
BH_s29_low,49,187,55.233333333333334,-1.321184754371643,0.16907760107303804
BH_s29_low,49,188,55.266666666666666,-1.458441972732544,-0.10805938983958963
BH_s29_low,49,189,55.3,-1.220333218574524,-0.3674306955272425
BH_s29_low,49,190,55.333333333333336,-0.33594340085983276,-0.6134938581290917
BH_s29_low,49,191,55.36666666666667,0.843559205532074,-0.8429428812485942
BH_s29_low,49,192,55.4,1.8842135667800903,-1.0392686593099
BH_s29_low,49,193,55.43333333333333,2.165283679962158,-1.1732670008233763
BH_s29_low,49,194,55.46666666666667,1.842484712600708,-1.2097197584649926
BH_s29_low,49,195,55.5,1.2944047451019287,-1.1184584050298765
BH_s29_low,49,196,55.53333333333333,0.6722108125686646,-0.8866814928678349
BH_s29_low,49,197,55.56666666666667,0.12867878377437592,-0.5285268231323609
BH_s29_low,49,198,55.6,-0.18676665425300598,-0.08761463030197573
BH_s29_low,49,199,55.63333333333333,-0.27452439069747925,0.37009400935880804
BH_s29_low,49,200,55.666666666666664,-0.27452439069747925,0.7717845768209776
BH_s29_low,49,201,55.7,-0.27452439069747925,1.0561737202625414
BH_s29_low,49,202,55.733333333333334,-0.4188693165779114,1.1878793785842086
BH_s29_low,49,203,55.766666666666666,-0.5744510293006897,1.1628559748224294
BH_s29_low,49,204,55.8,-0.8089606165885925,1.0041841571058008
BH_s29_low,49,205,55.833333333333336,-1.0231375694274902,0.7512573500903185
BH_s29_low,49,206,55.86666666666667,-1.199051856994629,0.4468014395952371
BH_s29_low,49,207,55.9,-1.3546335697174072,0.12591813201885088
BH_s29_low,49,208,55.93333333333333,-1.5102152824401855,-0.18936027328129126
BH_s29_low,49,209,55.96666666666667,-1.586869239807129,-0.4882424665925909
BH_s29_low,49,210,56.0,-1.5690721273422241,-0.7634647386037385
BH_s29_low,49,211,56.03333333333333,-1.0308771133422852,-1.001949437413967
BH_s29_low,49,212,56.06666666666667,0.06689616292715073,-1.1788264441940322
BH_s29_low,49,213,56.1,1.271146297454834,-1.2584939606226089
BH_s29_low,49,214,56.13333333333333,2.011714458465576,-1.2038703068505998
BH_s29_low,49,215,56.166666666666664,1.942671537399292,-0.9915012630647968
BH_s29_low,49,216,56.2,1.5189985036849976,-0.6265287643493387
BH_s29_low,49,217,56.233333333333334,0.910709798336029,-0.14998271155516185
BH_s29_low,49,218,56.266666666666666,0.3196907341480255,0.3667385365237594
BH_s29_low,49,219,56.3,-0.09126068651676178,0.8395564264300588
BH_s29_low,49,220,56.333333333333336,-0.27452439069747925,1.194628891881375
BH_s29_low,49,221,56.36666666666667,-0.25231239199638367,1.3868996551981898
BH_s29_low,49,222,56.4,-0.19559654593467712,1.4077000328020852
BH_s29_low,49,223,56.43333333333333,-0.21326065063476562,1.2806815714099633
BH_s29_low,49,224,56.46666666666667,-0.2899145483970642,1.0498836611337152
BH_s29_low,49,225,56.5,-0.5244240760803223,0.7653097569941304
BH_s29_low,49,226,56.53333333333333,-0.6800058484077454,0.47051955569454806
BH_s29_low,49,227,56.56666666666667,-0.8355875611305237,0.19488460874938418
BH_s29_low,49,228,56.6,-1.0700970888137817,-0.04849162329675699
BH_s29_low,49,229,56.63333333333333,-1.22165846824646,-0.2595567288548316
BH_s29_low,49,230,56.666666666666664,-1.3005863428115845,-0.4445366339470256
BH_s29_low,49,231,56.7,-1.1437855958938599,-0.6084025086512003
BH_s29_low,49,232,56.733333333333334,-0.44918882846832275,-0.7495211870094455
BH_s29_low,49,233,56.766666666666666,0.6320063471794128,-0.8583575999252304
BH_s29_low,49,234,56.8,1.7335032224655151,-0.920164190605103
BH_s29_low,49,235,56.833333333333336,2.0836875438690186,-0.9200460632432478
BH_s29_low,49,236,56.86666666666667,1.880321741104126,-0.8484910194364107
BH_s29_low,49,237,56.9,1.2817894220352173,-0.7057732019990216
BH_s29_low,49,238,56.93333333333333,0.6594625115394592,-0.5038458264139176
BH_s29_low,49,239,56.96666666666667,0.11606346070766449,-0.2649606514504826
BH_s29_low,50,0,50.0,-1.5992673635482788,0.04595878647432323
BH_s29_low,50,1,50.03333333333333,-1.3584989309310913,-0.3079616402960876
BH_s29_low,50,2,50.06666666666667,-0.5618491768836975,-0.6320865356675831
BH_s29_low,50,3,50.1,0.6396482586860657,-0.8920976526036183
BH_s29_low,50,4,50.13333333333333,1.7258968353271484,-1.048740962074781
BH_s29_low,50,5,50.166666666666664,2.093310832977295,-1.0633602101775947
BH_s29_low,50,6,50.2,1.7906935214996338,-0.9087868308708477
BH_s29_low,50,7,50.233333333333334,1.1990406513214111,-0.5826161509717872
BH_s29_low,50,8,50.266666666666666,0.533007800579071,-0.11742850205596471
BH_s29_low,50,9,50.3,0.037250813096761703,0.41823565867411455
BH_s29_low,50,10,50.333333333333336,-0.23475459218025208,0.9316718974586857
BH_s29_low,50,11,50.36666666666667,-0.27452439069747925,1.3285545178581142
BH_s29_low,50,12,50.4,-0.23991425335407257,1.5384112686195905
BH_s29_low,50,13,50.43333333333333,-0.19559654593467712,1.5330243185074282
BH_s29_low,50,14,50.46666666666667,-0.30458661913871765,1.331037534717448
BH_s29_low,50,15,50.5,-0.46016836166381836,0.9882053062997077
BH_s29_low,50,16,50.53333333333333,-0.6946778893470764,0.5778723706254241
BH_s29_low,50,17,50.56666666666667,-0.8735000491142273,0.16885736309607435
BH_s29_low,50,18,50.6,-1.0847692489624023,-0.19200418259105664
BH_s29_low,50,19,50.63333333333333,-1.2403509616851807,-0.48735046585548963
BH_s29_low,50,20,50.666666666666664,-1.3630956411361694,-0.7249042177797793
BH_s29_low,50,21,50.7,-0.9000074863433838,-0.9235188178790772
BH_s29_low,50,22,50.733333333333334,0.06909475475549698,-1.0958717327355247
BH_s29_low,50,23,50.766666666666666,1.3712091445922852,-1.235521978710504
BH_s29_low,50,24,50.8,2.1795613765716553,-1.3139992233279267
BH_s29_low,50,25,50.833333333333336,2.2410688400268555,-1.2893174693480274
BH_s29_low,50,26,50.86666666666667,1.7692749500274658,-1.1229863926356278
BH_s29_low,50,27,50.9,1.144173264503479,-0.7994272610398887
BH_s29_low,50,28,50.93333333333333,0.521846354007721,-0.3402839874307611
BH_s29_low,50,29,50.96666666666667,-0.0255997646600008,0.1929886325168892
BH_s29_low,50,30,51.0,-0.1892755627632141,0.7113467006406211
BH_s29_low,50,31,51.03333333333333,-0.27452439069747925,1.12234391623366
BH_s29_low,50,32,51.06666666666667,-0.2064654380083084,1.3571491337217634
BH_s29_low,50,33,51.1,-0.2613815367221832,1.3890079504762585
BH_s29_low,50,34,51.13333333333333,-0.3380354344844818,1.2360282713307584
BH_s29_low,50,35,51.166666666666664,-0.49361714720726013,0.9488241688285675
BH_s29_low,50,36,51.2,-0.7281267046928406,0.589708364405785
BH_s29_low,50,37,51.233333333333334,-0.9626362919807434,0.2125484270106059
BH_s29_low,50,38,51.266666666666666,-1.1971458196640015,-0.14896822207800353
BH_s29_low,50,39,51.3,-1.3527275323867798,-0.4811929917827592
BH_s29_low,50,40,51.333333333333336,-1.150984287261963,-0.7804672338027778
BH_s29_low,50,41,51.36666666666667,-0.3360098898410797,-1.0393276296061098
BH_s29_low,50,42,51.4,0.8773094415664673,-1.2363054947984915
BH_s29_low,50,43,51.43333333333333,1.9497812986373901,-1.33476413540492
BH_s29_low,50,44,51.46666666666667,2.330094337463379,-1.2923364502285106
BH_s29_low,50,45,51.5,2.056745767593384,-1.0780617867451527
BH_s29_low,50,46,51.53333333333333,1.4748492240905762,-0.6906732710692103
BH_s29_low,50,47,51.56666666666667,0.8525223135948181,-0.16978641800084593
BH_s29_low,50,48,51.6,0.30912327766418457,0.4069237616869649
BH_s29_low,50,49,51.63333333333333,-0.06714264303445816,0.9420371589874491
BH_s29_low,50,50,51.666666666666664,-0.19559654593467712,1.3456245729673055
BH_s29_low,50,51,51.7,-0.19559654593467712,1.559802689227189
BH_s29_low,50,52,51.733333333333334,-0.19559654593467712,1.5711189126404697
BH_s29_low,50,53,51.766666666666666,-0.2948303520679474,1.407954660853687
BH_s29_low,50,54,51.8,-0.4504120647907257,1.1263028475613832
BH_s29_low,50,55,51.833333333333336,-0.6217518448829651,0.7903874492603591
BH_s29_low,50,56,51.86666666666667,-0.853987455368042,0.45457910769881354
BH_s29_low,50,57,51.9,-1.0750129222869873,0.15128386236130534
BH_s29_low,50,58,51.93333333333333,-1.3095225095748901,-0.11263158465408528
BH_s29_low,50,59,51.96666666666667,-1.372851848602295,-0.3504673277749319
BH_s29_low,50,60,52.0,-1.0418612957000732,-0.5832960079684136
BH_s29_low,50,61,52.03333333333333,-0.02294040285050869,-0.8246414050097715
BH_s29_low,50,62,52.06666666666667,1.223668098449707,-1.067625351145944
BH_s29_low,50,63,52.1,2.0835764408111572,-1.2797184137538735
BH_s29_low,50,64,52.13333333333333,2.251166343688965,-1.4081196883345555
BH_s29_low,50,65,52.166666666666664,1.8774715662002563,-1.3953143173234186
BH_s29_low,50,66,52.2,1.2621262073516846,-1.200530387282539
BH_s29_low,50,67,52.233333333333334,0.6397992372512817,-0.8198212584006754
BH_s29_low,50,68,52.266666666666666,0.08259689062833786,-0.29656936275935014
BH_s29_low,50,69,52.3,-0.16344203054904938,0.2836181241076293
BH_s29_low,50,70,52.333333333333336,-0.27452439069747925,0.8142360510870732
BH_s29_low,50,71,52.36666666666667,-0.27452439069747925,1.1987421217620247
BH_s29_low,50,72,52.4,-0.27452439069747925,1.378408042192845
BH_s29_low,50,73,52.43333333333333,-0.35345223546028137,1.3451614786149255
BH_s29_low,50,74,52.46666666666667,-0.562788724899292,1.135645317240435
BH_s29_low,50,75,52.5,-0.7972983121871948,0.812178125538121
BH_s29_low,50,76,52.53333333333333,-0.99981290102005,0.44021044852569224
BH_s29_low,50,77,52.56666666666667,-1.187389612197876,0.07056185614302145
BH_s29_low,50,78,52.6,-1.3853563070297241,-0.26846743482098867
BH_s29_low,50,79,52.63333333333333,-1.5373698472976685,-0.5678431616330399
BH_s29_low,50,80,52.666666666666664,-1.3070935010910034,-0.8262602444367668
BH_s29_low,50,81,52.7,-0.46358612179756165,-1.036421036196853
BH_s29_low,50,82,52.733333333333334,0.735429048538208,-1.1762236113998694
BH_s29_low,50,83,52.766666666666666,1.8227325677871704,-1.210047274606662
BH_s29_low,50,84,52.8,2.17223858833313,-1.1009024676820554
BH_s29_low,50,85,52.833333333333336,1.934980869293213,-0.8288553445500579
BH_s29_low,50,86,52.86666666666667,1.365114450454712,-0.40723131255690803
BH_s29_low,50,87,52.9,0.6638597249984741,0.11185471879250973
BH_s29_low,50,88,52.93333333333333,0.14010614156723022,0.6464492623994931
BH_s29_low,50,89,52.96666666666667,-0.1340402513742447,1.105375538179138
BH_s29_low,50,90,53.0,-0.27452439069747925,1.4127361356599524
BH_s29_low,50,91,53.03333333333333,-0.19559654593467712,1.527329265879489
BH_s29_low,50,92,53.06666666666667,-0.19559654593467712,1.450647747713469
BH_s29_low,50,93,53.1,-0.2828001379966736,1.221835985280642
BH_s29_low,50,94,53.13333333333333,-0.4383818507194519,0.9024566115580385
BH_s29_low,50,95,53.166666666666664,-0.5976914167404175,0.5567221399032135
BH_s29_low,50,96,53.2,-0.8284731507301331,0.23354185187684542
BH_s29_low,50,97,53.233333333333334,-1.0621626377105713,-0.0442997781647328
BH_s29_low,50,98,53.266666666666666,-1.2185643911361694,-0.28073257053301875
BH_s29_low,50,99,53.3,-1.3741461038589478,-0.4968687558762768
BH_s29_low,50,100,53.333333333333336,-1.086728572845459,-0.7151030798087722
BH_s29_low,50,101,53.36666666666667,-0.2550917863845825,-0.9430735361089057
BH_s29_low,50,102,53.4,0.8908024430274963,-1.1637027179228474
BH_s29_low,50,103,53.43333333333333,1.8631361722946167,-1.3353180575752532
BH_s29_low,50,104,53.46666666666667,2.093310832977295,-1.4024919213816731
BH_s29_low,50,105,53.5,1.695790410041809,-1.3146830672885563
BH_s29_low,50,106,53.53333333333333,1.0734635591506958,-1.0467984163339112
BH_s29_low,50,107,53.56666666666667,0.45113664865493774,-0.6141972887240673
BH_s29_low,50,108,53.6,0.013926191255450249,-0.07535385853442368
BH_s29_low,50,109,53.63333333333333,-0.24641689658164978,0.4806086619659619
BH_s29_low,50,110,53.666666666666664,-0.22597798705101013,0.9577335972209229
BH_s29_low,50,111,53.7,-0.19559654593467712,1.2792572329278944
BH_s29_low,50,112,53.733333333333334,-0.19559654593467712,1.4060331088068345
BH_s29_low,50,113,53.766666666666666,-0.31624892354011536,1.3414304195847015
BH_s29_low,50,114,53.8,-0.47183066606521606,1.1227426469038932
BH_s29_low,50,115,53.833333333333336,-0.6274123787879944,0.8042837443770409
BH_s29_low,50,116,53.86666666666667,-0.8619219660758972,0.43962882329566777
BH_s29_low,50,117,53.9,-1.0175036191940308,0.06955497676636047
BH_s29_low,50,118,53.93333333333333,-1.1730854511260986,-0.2809337884270053
BH_s29_low,50,119,53.96666666666667,-1.058488130569458,-0.5971977514506691
BH_s29_low,50,120,54.0,-0.4095875322818756,-0.8653692706782592
BH_s29_low,50,121,54.03333333333333,0.7030174732208252,-1.0643291523264002
BH_s29_low,50,122,54.06666666666667,1.7837074995040894,-1.1640238198114654
BH_s29_low,50,123,54.1,2.17223858833313,-1.1320383354463428
BH_s29_low,50,124,54.13333333333333,1.980960726737976,-0.9467601751595602
BH_s29_low,50,125,54.166666666666664,1.4830673933029175,-0.6120337393268508
BH_s29_low,50,126,54.2,0.8607404828071594,-0.16608925425324333
BH_s29_low,50,127,54.233333333333334,0.32723063230514526,0.32138353005884895
BH_s29_low,50,128,54.266666666666666,-0.0453561469912529,0.765232218299468
BH_s29_low,50,129,54.3,-0.19559654593467712,1.0886851627530798
BH_s29_low,50,130,54.333333333333336,-0.19559654593467712,1.245430320071403
BH_s29_low,50,131,54.36666666666667,-0.19559654593467712,1.23067051060536
BH_s29_low,50,132,54.4,-0.2730438709259033,1.0771452543119835
BH_s29_low,50,133,54.43333333333333,-0.42862558364868164,0.8390539440387064
BH_s29_low,50,134,54.46666666666667,-0.6571066975593567,0.5715164648637691
BH_s29_low,50,135,54.5,-0.8187168836593628,0.3138097779136101
BH_s29_low,50,136,54.53333333333333,-1.0532264709472656,0.08160785507662154
BH_s29_low,50,137,54.56666666666667,-1.274885654449463,-0.13087018863494207
BH_s29_low,50,138,54.6,-1.3005863428115845,-0.34122046189114497
BH_s29_low,50,139,54.63333333333333,-0.8176841735839844,-0.5657883221069651
BH_s29_low,50,140,54.666666666666664,0.21919332444667816,-0.8075676188047569
BH_s29_low,50,141,54.7,1.387193202972412,-1.0488584939065724
BH_s29_low,50,142,54.733333333333334,2.044870615005493,-1.2512082858253848
BH_s29_low,50,143,54.766666666666666,2.067370891571045,-1.363334204969745
BH_s29_low,50,144,54.8,1.627119779586792,-1.3354886697440096
BH_s29_low,50,145,54.833333333333336,1.0814467668533325,-1.1364803693006402
BH_s29_low,50,146,54.86666666666667,0.4901617169380188,-0.7679703945079249
BH_s29_low,50,147,54.9,0.03343873471021652,-0.2705085687175819
BH_s29_low,50,148,54.93333333333333,-0.1577327996492386,0.2823017655152014
BH_s29_low,50,149,54.96666666666667,-0.27452439069747925,0.8009974939926886
BH_s29_low,50,150,55.0,-0.27452439069747925,1.20326218066816
BH_s29_low,50,151,55.03333333333333,-0.27452439069747925,1.4343659898200851
BH_s29_low,50,152,55.06666666666667,-0.3854205012321472,1.4781213163255276
BH_s29_low,50,153,55.1,-0.61993008852005,1.3557318988832243
BH_s29_low,50,154,55.13333333333333,-0.8029321432113647,1.1142889420708995
BH_s29_low,50,155,55.166666666666664,-1.0100213289260864,0.8096987179990559
BH_s29_low,50,156,55.2,-1.1656030416488647,0.4900766995421007
BH_s29_low,50,157,55.233333333333334,-1.321184754371643,0.18494937208801068
BH_s29_low,50,158,55.266666666666666,-1.458441972732544,-0.09676296130023006
BH_s29_low,50,159,55.3,-1.220333218574524,-0.36018287562588214
BH_s29_low,50,160,55.333333333333336,-0.33594340085983276,-0.6124701643735054
BH_s29_low,50,161,55.36666666666667,0.843559205532074,-0.8504141947682667
BH_s29_low,50,162,55.4,1.8842135667800903,-1.0529781906094184
BH_s29_low,50,163,55.43333333333333,2.165283679962158,-1.1825605325285389
BH_s29_low,50,164,55.46666666666667,1.842484712600708,-1.1955189893584077
BH_s29_low,50,165,55.5,1.2944047451019287,-1.0587685260258144
BH_s29_low,50,166,55.53333333333333,0.6722108125686646,-0.7663985998427447
BH_s29_low,50,167,55.56666666666667,0.12867878377437592,-0.34926136310573286
BH_s29_low,50,168,55.6,-0.18676665425300598,0.12789613924615442
BH_s29_low,50,169,55.63333333333333,-0.27452439069747925,0.5824071118870281
BH_s29_low,50,170,55.666666666666664,-0.27452439069747925,0.9368975866976708
BH_s29_low,50,171,55.7,-0.27452439069747925,1.1400098915356924
BH_s29_low,50,172,55.733333333333334,-0.4188693165779114,1.176814911264695
BH_s29_low,50,173,55.766666666666666,-0.5744510293006897,1.0666163713167136
BH_s29_low,50,174,55.8,-0.8089606165885925,0.8509727680737853
BH_s29_low,50,175,55.833333333333336,-1.0231375694274902,0.577514767482211
BH_s29_low,50,176,55.86666666666667,-1.199051856994629,0.28540565542180707
BH_s29_low,50,177,55.9,-1.3546335697174072,-0.0031060456541229485
BH_s29_low,50,178,55.93333333333333,-1.5102152824401855,-0.2827805480191186
BH_s29_low,50,179,55.96666666666667,-1.586869239807129,-0.5575957589987455
BH_s29_low,50,180,56.0,-1.5690721273422241,-0.8284664941293615
BH_s29_low,50,181,56.03333333333333,-1.0308771133422852,-1.0818075643374734
BH_s29_low,50,182,56.06666666666667,0.06689616292715073,-1.284201553370159
BH_s29_low,50,183,56.1,1.271146297454834,-1.3865236574137565
BH_s29_low,50,184,56.13333333333333,2.011714458465576,-1.337779983768413
BH_s29_low,50,185,56.166666666666664,1.942671537399292,-1.1049900015618692
BH_s29_low,50,186,56.2,1.5189985036849976,-0.6916866327309191
BH_s29_low,50,187,56.233333333333334,0.910709798336029,-0.14633388106680004
BH_s29_low,50,188,56.266666666666666,0.3196907341480255,0.44502938715527773
BH_s29_low,50,189,56.3,-0.09126068651676178,0.9808890703520933
BH_s29_low,50,190,56.333333333333336,-0.27452439069747925,1.37270354706417
BH_s29_low,50,191,56.36666666666667,-0.25231239199638367,1.5680825164326
BH_s29_low,50,192,56.4,-0.19559654593467712,1.5604832445472436
BH_s29_low,50,193,56.43333333333333,-0.21326065063476562,1.3841481622037302
BH_s29_low,50,194,56.46666666666667,-0.2899145483970642,1.0986829945685446
BH_s29_low,50,195,56.5,-0.5244240760803223,0.7699495041484603
BH_s29_low,50,196,56.53333333333333,-0.6800058484077454,0.453160998371192
BH_s29_low,50,197,56.56666666666667,-0.8355875611305237,0.1819140395162373
BH_s29_low,50,198,56.6,-1.0700970888137817,-0.03510263159057972
BH_s29_low,50,199,56.63333333333333,-1.22165846824646,-0.20969842878745198
BH_s29_low,50,200,56.666666666666664,-1.3005863428115845,-0.36388044692214894
BH_s29_low,50,201,56.7,-1.1437855958938599,-0.5171520749372607
BH_s29_low,50,202,56.733333333333334,-0.44918882846832275,-0.6757284536371657
BH_s29_low,50,203,56.766666666666666,0.6320063471794128,-0.8273174703628358
BH_s29_low,50,204,56.8,1.7335032224655151,-0.9430186750596501
BH_s29_low,50,205,56.833333333333336,2.0836875438690186,-0.9856106219456616
BH_s29_low,50,206,56.86666666666667,1.880321741104126,-0.9220253987213458
BH_s29_low,50,207,56.9,1.2817894220352173,-0.7366367418602946
BH_s29_low,50,208,56.93333333333333,0.6594625115394592,-0.4407885137462497
BH_s29_low,50,209,56.96666666666667,0.11606346070766449,-0.07417177196908561
BH_s29_low,50,210,57.0,-0.15361039340496063,0.30358075489559816
BH_s29_low,50,211,57.03333333333333,-0.27452439069747925,0.6283852320238478
BH_s29_low,50,212,57.06666666666667,-0.27452439069747925,0.8480979174855441
BH_s29_low,50,213,57.1,-0.27452439069747925,0.9334038987756574
BH_s29_low,50,214,57.13333333333333,-0.323363333940506,0.8802853449818248
BH_s29_low,50,215,57.166666666666664,-0.4789450764656067,0.7054665245121801
BH_s29_low,50,216,57.2,-0.7134546041488647,0.4383414673474415
BH_s29_low,50,217,57.233333333333334,-0.911053478717804,0.11272344540099646
BH_s29_low,50,218,57.266666666666666,-1.103545904159546,-0.23925863432390873
BH_s29_low,50,219,57.3,-1.2591276168823242,-0.5897438239955802
BH_s29_low,50,220,57.333333333333336,-1.4147093296051025,-0.9137009001514427
BH_s29_low,50,221,57.36666666666667,-1.2478289604187012,-1.1845241570193146
BH_s29_low,50,222,57.4,-0.4546321630477905,-1.3699827328777128
BH_s29_low,50,223,57.43333333333333,0.6911866664886475,-1.432873578412934
BH_s29_low,50,224,57.46666666666667,1.8030693531036377,-1.3388484702263395
BH_s29_low,50,225,57.5,2.17223858833313,-1.0699023796734748
BH_s29_low,50,226,57.53333333333333,1.94972825050354,-0.6381464687630376
BH_s29_low,50,227,57.56666666666667,1.4637055397033691,-0.09278913997134665
BH_s29_low,50,228,57.6,0.8413786292076111,0.4850928509063993
BH_s29_low,50,229,57.63333333333333,0.29797959327697754,1.0005221666229027
BH_s29_low,50,230,57.666666666666664,-0.0626523345708847,1.3696912032746564
BH_s29_low,50,231,57.7,-0.27452439069747925,1.5427299826505931
BH_s29_low,50,232,57.733333333333334,-0.27452439069747925,1.5158623543368341
BH_s29_low,50,233,57.766666666666666,-0.27452439069747925,1.3293025614935172
BH_s29_low,50,234,57.8,-0.35345223546028137,1.052524787184747
BH_s29_low,50,235,57.833333333333336,-0.43455201387405396,0.7624277732068344
BH_s29_low,50,236,57.86666666666667,-0.6679756045341492,0.5214951042020438
BH_s29_low,50,237,57.9,-0.8990232348442078,0.36221715245390507
BH_s29_low,50,238,57.93333333333333,-1.0580668449401855,0.2814617505265358
BH_s29_low,50,239,57.96666666666667,-1.2925764322280884,0.2454260131645178
