recording_id,measurement_id,sample_index,time_seconds,gt_signal,predicted_signal
COHFACE_s27_session3_natural,0,0,0.0,-16.261611938476562,-0.07104435469615152
COHFACE_s27_session3_natural,0,1,0.03333333333333333,-11.680968284606934,0.0214232934407835
COHFACE_s27_session3_natural,0,2,0.06666666666666667,-0.5167028903961182,0.1375391716247394
COHFACE_s27_session3_natural,0,3,0.1,0.9106113910675049,0.2902908132512897
COHFACE_s27_session3_natural,0,4,0.13333333333333333,-0.8776099681854248,0.4763536564451169
COHFACE_s27_session3_natural,0,5,0.16666666666666666,-0.5991246700286865,0.6752347463528117
COHFACE_s27_session3_natural,0,6,0.2,-0.42157599329948425,0.8557394463789528
COHFACE_s27_session3_natural,0,7,0.23333333333333334,-0.6632957458496094,0.9879682613581757
COHFACE_s27_session3_natural,0,8,0.26666666666666666,-0.7936037182807922,1.0541913272723862
COHFACE_s27_session3_natural,0,9,0.3,-0.8792238235473633,1.0486910795797215
COHFACE_s27_session3_natural,0,10,0.3333333333333333,-0.8862365484237671,0.9694514905290191
COHFACE_s27_session3_natural,0,11,0.36666666666666664,-0.5012983083724976,0.8164261744054359
COHFACE_s27_session3_natural,0,12,0.4,0.1774417757987976,0.598527511993515
COHFACE_s27_session3_natural,0,13,0.43333333333333335,0.5568050146102905,0.33826986799858877
COHFACE_s27_session3_natural,0,14,0.4666666666666667,0.509945809841156,0.0687510197492922
COHFACE_s27_session3_natural,0,15,0.5,0.3357127606868744,-0.17507881960885352
COHFACE_s27_session3_natural,0,16,0.5333333333333333,0.2173176109790802,-0.36610073496264917
COHFACE_s27_session3_natural,0,17,0.5666666666666667,0.18791688978672028,-0.4892502098804717
COHFACE_s27_session3_natural,0,18,0.6,0.12013677507638931,-0.5398392959351467
COHFACE_s27_session3_natural,0,19,0.6333333333333333,0.12081164121627808,-0.5214575040442728
COHFACE_s27_session3_natural,0,20,0.6666666666666666,0.12489018589258194,-0.44553478091315
COHFACE_s27_session3_natural,0,21,0.7,0.05931072309613228,-0.3306766477032732
COHFACE_s27_session3_natural,0,22,0.7333333333333333,0.006495047826319933,-0.20048365365558196
COHFACE_s27_session3_natural,0,23,0.7666666666666667,-0.05758797004818916,-0.07962141025295204
COHFACE_s27_session3_natural,0,24,0.8,-0.17765560746192932,0.01135176578725312
COHFACE_s27_session3_natural,0,25,0.8333333333333334,-0.3319653868675232,0.06113691369559955
COHFACE_s27_session3_natural,0,26,0.8666666666666667,-0.41315481066703796,0.07033902204324992
COHFACE_s27_session3_natural,0,27,0.9,-0.4956059455871582,0.04846966143829869
COHFACE_s27_session3_natural,0,28,0.9333333333333333,-0.5617722868919373,0.006653500753101248
COHFACE_s27_session3_natural,0,29,0.9666666666666667,-0.5991833806037903,-0.04841656800752839
COHFACE_s27_session3_natural,0,30,1.0,-0.6537008881568909,-0.11620061740763594
COHFACE_s27_session3_natural,0,31,1.0333333333333334,-0.7332764863967896,-0.19981050479682713
COHFACE_s27_session3_natural,0,32,1.0666666666666667,-0.8372647166252136,-0.30144365877711254
COHFACE_s27_session3_natural,0,33,1.1,-0.9630246758460999,-0.4193809220256308
COHFACE_s27_session3_natural,0,34,1.1333333333333333,-1.059765338897705,-0.5478115804996643
COHFACE_s27_session3_natural,0,35,1.1666666666666667,-1.0160751342773438,-0.6781244984400853
COHFACE_s27_session3_natural,0,36,1.2,-0.6405850052833557,-0.7995601428879509
COHFACE_s27_session3_natural,0,37,1.2333333333333334,-0.06468874216079712,-0.8970192734492616
COHFACE_s27_session3_natural,0,38,1.2666666666666666,0.2185206413269043,-0.9480947778356992
COHFACE_s27_session3_natural,0,39,1.3,0.12647464871406555,-0.9251114261210016
COHFACE_s27_session3_natural,0,40,1.3333333333333333,-0.026221327483654022,-0.8032249658042278
COHFACE_s27_session3_natural,0,41,1.3666666666666667,-0.0753399059176445,-0.570465742415803
COHFACE_s27_session3_natural,0,42,1.4,-0.14350146055221558,-0.23504269696441843
COHFACE_s27_session3_natural,0,43,1.4333333333333333,-0.26697278022766113,0.17429870127265318
COHFACE_s27_session3_natural,0,44,1.4666666666666666,-0.2880403697490692,0.6147564703024815
COHFACE_s27_session3_natural,0,45,1.5,-0.2650655508041382,1.038433159353118
COHFACE_s27_session3_natural,0,46,1.5333333333333334,-0.2562629282474518,1.3996991811843167
COHFACE_s27_session3_natural,0,47,1.5666666666666667,-0.2778880298137665,1.6580844166089412
COHFACE_s27_session3_natural,0,48,1.6,-0.3756263554096222,1.7791788583200099
COHFACE_s27_session3_natural,0,49,1.6333333333333333,-0.48026007413864136,1.7404459531240706
COHFACE_s27_session3_natural,0,50,1.6666666666666667,-0.5309044122695923,1.5410483003843949
COHFACE_s27_session3_natural,0,51,1.7,-0.5049367547035217,1.2070051179622214
COHFACE_s27_session3_natural,0,52,1.7333333333333334,-0.5194317102432251,0.7874385077261778
COHFACE_s27_session3_natural,0,53,1.7666666666666666,-0.6012372970581055,0.34323907604877846
COHFACE_s27_session3_natural,0,54,1.8,-0.6492115259170532,-0.06742549985416522
COHFACE_s27_session3_natural,0,55,1.8333333333333333,-0.6633837223052979,-0.40016186563227785
COHFACE_s27_session3_natural,0,56,1.8666666666666667,-0.6915814280509949,-0.6294806058076541
COHFACE_s27_session3_natural,0,57,1.9,-0.7058123350143433,-0.7499301732249047
COHFACE_s27_session3_natural,0,58,1.9333333333333333,-0.7039344310760498,-0.7741572922805181
COHFACE_s27_session3_natural,0,59,1.9666666666666666,-0.6846567392349243,-0.7274731866806639
COHFACE_s27_session3_natural,0,60,2.0,-0.5797589421272278,-0.6403510860054507
COHFACE_s27_session3_natural,0,61,2.033333333333333,-0.2834630012512207,-0.5419332650686052
COHFACE_s27_session3_natural,0,62,2.066666666666667,0.03234538435935974,-0.45607543128067346
COHFACE_s27_session3_natural,0,63,2.1,0.12453807890415192,-0.3997086975636467
COHFACE_s27_session3_natural,0,64,2.1333333333333333,0.022163698449730873,-0.3823774712808953
COHFACE_s27_session3_natural,0,65,2.1666666666666665,-0.06803373992443085,-0.40532598260437347
COHFACE_s27_session3_natural,0,66,2.2,-0.09288644790649414,-0.46032678366186014
COHFACE_s27_session3_natural,0,67,2.2333333333333334,-0.07583872228860855,-0.5302352347251249
COHFACE_s27_session3_natural,0,68,2.2666666666666666,-0.07472372055053711,-0.5919256246057268
COHFACE_s27_session3_natural,0,69,2.3,-0.07255241274833679,-0.6206979549226553
COHFACE_s27_session3_natural,0,70,2.3333333333333335,-0.04984167218208313,-0.5949544848713444
COHFACE_s27_session3_natural,0,71,2.3666666666666667,-0.05535797402262688,-0.49984838952136085
COHFACE_s27_session3_natural,0,72,2.4,-0.14755067229270935,-0.32969969916067365
COHFACE_s27_session3_natural,0,73,2.433333333333333,-0.29857414960861206,-0.08996531941325135
COHFACE_s27_session3_natural,0,74,2.466666666666667,-0.44017884135246277,0.2013826169545644
COHFACE_s27_session3_natural,0,75,2.5,-0.5410274267196655,0.5141993873024508
COHFACE_s27_session3_natural,0,76,2.533333333333333,-0.6022642850875854,0.8096809378144822
COHFACE_s27_session3_natural,0,77,2.566666666666667,-0.6662299036979675,1.048334441044203
COHFACE_s27_session3_natural,0,78,2.6,-0.6651442646980286,1.200162932427949
COHFACE_s27_session3_natural,0,79,2.6333333333333333,-0.6541410088539124,1.2516490028029268
COHFACE_s27_session3_natural,0,80,2.6666666666666665,-0.6758541464805603,1.2061460491060796
COHFACE_s27_session3_natural,0,81,2.7,-0.743487536907196,1.0770996051660748
COHFACE_s27_session3_natural,0,82,2.7333333333333334,-0.7775536179542542,0.8788102508177769
COHFACE_s27_session3_natural,0,83,2.7666666666666666,-0.8102700114250183,0.6235342302659608
COHFACE_s27_session3_natural,0,84,2.8,-0.881864607334137,0.32531895778155
COHFACE_s27_session3_natural,0,85,2.8333333333333335,-0.93831866979599,0.0025838482082992196
COHFACE_s27_session3_natural,0,86,2.8666666666666667,-0.7449252605438232,-0.32331883385841587
COHFACE_s27_session3_natural,0,87,2.9,-0.11964638531208038,-0.6303393750829009
COHFACE_s27_session3_natural,0,88,2.933333333333333,0.4112391769886017,-0.8970871312010316
COHFACE_s27_session3_natural,0,89,2.966666666666667,0.2198997139930725,-1.1036498034193705
COHFACE_s27_session3_natural,0,90,3.0,-0.12906518578529358,-1.2325332200139087
COHFACE_s27_session3_natural,0,91,3.033333333333333,-0.20019029080867767,-1.2704571252513555
COHFACE_s27_session3_natural,0,92,3.066666666666667,-0.20465028285980225,-1.2113792321040977
COHFACE_s27_session3_natural,0,93,3.1,-0.1823209822177887,-1.0605526630287285
COHFACE_s27_session3_natural,0,94,3.1333333333333333,-0.2675889730453491,-0.8371699750163735
COHFACE_s27_session3_natural,0,95,3.1666666666666665,-0.4044402241706848,-0.5714950685235312
COHFACE_s27_session3_natural,0,96,3.2,-0.4030905067920685,-0.29729357401986334
COHFACE_s27_session3_natural,0,97,3.2333333333333334,-0.3700513541698456,-0.04514159466342665
COHFACE_s27_session3_natural,0,98,3.2666666666666666,-0.40816667675971985,0.1608373673359454
COHFACE_s27_session3_natural,0,99,3.3,-0.5152357816696167,0.3038169948944702
COHFACE_s27_session3_natural,0,100,3.3333333333333335,-0.6561949253082275,0.3746435160979451
COHFACE_s27_session3_natural,0,101,3.3666666666666667,-0.7923420071601868,0.37396107844738485
COHFACE_s27_session3_natural,0,102,3.4,-0.8863539099693298,0.314954201065684
COHFACE_s27_session3_natural,0,103,3.433333333333333,-0.9566574692726135,0.22249376707831814
COHFACE_s27_session3_natural,0,104,3.466666666666667,-0.9360299706459045,0.12787940375170442
COHFACE_s27_session3_natural,0,105,3.5,-0.8887306451797485,0.06207286161213814
COHFACE_s27_session3_natural,0,106,3.533333333333333,-0.8800453543663025,0.04982375309029165
COHFACE_s27_session3_natural,0,107,3.566666666666667,-0.8634964823722839,0.10611869150228274
COHFACE_s27_session3_natural,0,108,3.6,-1.029044270515442,0.23476021199016278
COHFACE_s27_session3_natural,0,109,3.6333333333333333,-1.351836085319519,0.42748242463702807
COHFACE_s27_session3_natural,0,110,3.6666666666666665,-1.1481143236160278,0.6633422546467016
COHFACE_s27_session3_natural,0,111,3.7,-1.2357295751571655,0.9095873435863628
COHFACE_s27_session3_natural,0,112,3.7333333333333334,-1.1476154327392578,1.1253579185706204
COHFACE_s27_session3_natural,0,113,3.7666666666666666,-1.1322401762008667,1.2692617365392205
COHFACE_s27_session3_natural,0,114,3.8,-0.7897012233734131,1.3086523378243793
COHFACE_s27_session3_natural,0,115,3.8333333333333335,0.007815439254045486,1.2255964954663545
COHFACE_s27_session3_natural,0,116,3.8666666666666667,0.4845649302005768,1.0183260029789596
COHFACE_s27_session3_natural,0,117,3.9,0.5847386717796326,0.7008974754590469
COHFACE_s27_session3_natural,0,118,3.933333333333333,0.4497065842151642,0.3022730036108732
COHFACE_s27_session3_natural,0,119,3.966666666666667,0.41813454031944275,-0.13585989441053353
COHFACE_s27_session3_natural,0,120,4.0,0.5047228932380676,-0.5634319303280586
COHFACE_s27_session3_natural,0,121,4.033333333333333,0.5660771131515503,-0.9292372511276445
COHFACE_s27_session3_natural,0,122,4.066666666666666,0.47684797644615173,-1.190169665513273
COHFACE_s27_session3_natural,0,123,4.1,0.4762904644012451,-1.3198594588649961
COHFACE_s27_session3_natural,0,124,4.133333333333334,0.4346247613430023,-1.3138605779058672
COHFACE_s27_session3_natural,0,125,4.166666666666667,0.41493627429008484,-1.1888097508104538
COHFACE_s27_session3_natural,0,126,4.2,0.31212174892425537,-0.9767552306549705
COHFACE_s27_session3_natural,0,127,4.233333333333333,0.2884133756160736,-0.7192766101608246
COHFACE_s27_session3_natural,0,128,4.266666666666667,0.13709647953510284,-0.46199687059274874
COHFACE_s27_session3_natural,0,129,4.3,0.02401224710047245,-0.24614846454049333
COHFACE_s27_session3_natural,0,130,4.333333333333333,-0.0639258474111557,-0.09892621863059786
COHFACE_s27_session3_natural,0,131,4.366666666666666,-0.13308504223823547,-0.029255771268537574
COHFACE_s27_session3_natural,0,132,4.4,-0.19922199845314026,-0.03023891884038303
COHFACE_s27_session3_natural,0,133,4.433333333333334,-0.29156139492988586,-0.08394333737773
COHFACE_s27_session3_natural,0,134,4.466666666666667,-0.40699300169944763,-0.16550466917159484
COHFACE_s27_session3_natural,0,135,4.5,-0.5062571167945862,-0.24557135872658395
COHFACE_s27_session3_natural,0,136,4.533333333333333,-0.5868597030639648,-0.292996330853675
COHFACE_s27_session3_natural,0,137,4.566666666666666,-0.6353620886802673,-0.28181432546038854
COHFACE_s27_session3_natural,0,138,4.6,-0.6459546089172363,-0.20035094021084002
COHFACE_s27_session3_natural,0,139,4.633333333333334,-0.6905251145362854,-0.054497388251060846
COHFACE_s27_session3_natural,0,140,4.666666666666667,-0.7710690498352051,0.13668487354451817
COHFACE_s27_session3_natural,0,141,4.7,-0.8101233243942261,0.3482809791246136
COHFACE_s27_session3_natural,0,142,4.733333333333333,-0.6535248160362244,0.5552158182813003
COHFACE_s27_session3_natural,0,143,4.766666666666667,-0.056443631649017334,0.7331238427877259
COHFACE_s27_session3_natural,0,144,4.8,0.546535313129425,0.8567107018395088
COHFACE_s27_session3_natural,0,145,4.833333333333333,0.6678646802902222,0.9026454738983773
COHFACE_s27_session3_natural,0,146,4.866666666666666,0.5450682044029236,0.8579916930345127
COHFACE_s27_session3_natural,0,147,4.9,0.4175770580768585,0.7286884067392502
COHFACE_s27_session3_natural,0,148,4.933333333333334,0.34398719668388367,0.5419693306556678
COHFACE_s27_session3_natural,0,149,4.966666666666667,0.3708058297634125,0.33758008362368824
COHFACE_s27_session3_natural,0,150,5.0,0.30534374713897705,0.15196031546174077
COHFACE_s27_session3_natural,0,151,5.033333333333333,0.2437547892332077,0.007919312433317935
COHFACE_s27_session3_natural,0,152,5.066666666666666,0.22535733878612518,-0.086153698025361
COHFACE_s27_session3_natural,0,153,5.1,0.23861993849277496,-0.13281822795636786
COHFACE_s27_session3_natural,0,154,5.133333333333334,0.1952817440032959,-0.14162815590053818
COHFACE_s27_session3_natural,0,155,5.166666666666667,0.08762579411268234,-0.12591362242129145
COHFACE_s27_session3_natural,0,156,5.2,-0.006620844826102257,-0.1005021650052255
COHFACE_s27_session3_natural,0,157,5.233333333333333,-0.11398337036371231,-0.07966541683673059
COHFACE_s27_session3_natural,0,158,5.266666666666667,-0.19825372099876404,-0.0752002321884668
COHFACE_s27_session3_natural,0,159,5.3,-0.2215806394815445,-0.09529660794869513
COHFACE_s27_session3_natural,0,160,5.333333333333333,-0.2338162660598755,-0.14385031685483263
COHFACE_s27_session3_natural,0,161,5.366666666666666,-0.24904479086399078,-0.21904189056946735
COHFACE_s27_session3_natural,0,162,5.4,-0.24182665348052979,-0.31194334144986746
COHFACE_s27_session3_natural,0,163,5.433333333333334,-0.3048827052116394,-0.40767049033848596
COHFACE_s27_session3_natural,0,164,5.466666666666667,-0.4936107099056244,-0.4891296591075574
COHFACE_s27_session3_natural,0,165,5.5,-0.6572219133377075,-0.5408695793388537
COHFACE_s27_session3_natural,0,166,5.533333333333333,-0.735975980758667,-0.5517735024140199
COHFACE_s27_session3_natural,0,167,5.566666666666666,-0.766080915927887,-0.5167839533169764
COHFACE_s27_session3_natural,0,168,5.6,-0.8096831440925598,-0.4378066070774319
COHFACE_s27_session3_natural,0,169,5.633333333333334,-0.8486493825912476,-0.3237636459548595
COHFACE_s27_session3_natural,0,170,5.666666666666667,-0.7263224124908447,-0.18997961195242086
COHFACE_s27_session3_natural,0,171,5.7,-0.2752765715122223,-0.057227442895014594
COHFACE_s27_session3_natural,0,172,5.733333333333333,0.3505304753780365,0.051143392224071355
COHFACE_s27_session3_natural,0,173,5.766666666666667,0.5558367371559143,0.11691699542505037
COHFACE_s27_session3_natural,0,174,5.8,0.5188950896263123,0.1364445176880202
COHFACE_s27_session3_natural,0,175,5.833333333333333,0.3186943531036377,0.1232940810610394
COHFACE_s27_session3_natural,0,176,5.866666666666666,0.17711901664733887,0.1027311693037939
COHFACE_s27_session3_natural,0,177,5.9,0.11142218858003616,0.10408178968509152
COHFACE_s27_session3_natural,0,178,5.933333333333334,0.017292918637394905,0.15265785010652846
COHFACE_s27_session3_natural,0,179,5.966666666666667,-0.02346317656338215,0.2583812464780212
COHFACE_s27_session3_natural,0,180,6.0,0.01265687681734562,0.40628623227238514
COHFACE_s27_session3_natural,0,181,6.033333333333333,0.03665866702795029,0.560987057132105
COHFACE_s27_session3_natural,0,182,6.066666666666666,0.059075985103845596,0.683299439472063
COHFACE_s27_session3_natural,0,183,6.1,0.023484090343117714,0.7436827866093445
COHFACE_s27_session3_natural,0,184,6.133333333333334,-0.13954028487205505,0.7267884955146127
COHFACE_s27_session3_natural,0,185,6.166666666666667,-0.30423715710639954,0.632235916680703
COHFACE_s27_session3_natural,0,186,6.2,-0.38795000314712524,0.47370239585841767
COHFACE_s27_session3_natural,0,187,6.233333333333333,-0.4853655993938446,0.27465573957813993
COHFACE_s27_session3_natural,0,188,6.266666666666667,-0.5468665361404419,0.06165957948353193
COHFACE_s27_session3_natural,0,189,6.3,-0.5390028357505798,-0.14130303780719294
COHFACE_s27_session3_natural,0,190,6.333333333333333,-0.5891484022140503,-0.31555641274492063
COHFACE_s27_session3_natural,0,191,6.366666666666666,-0.6145879626274109,-0.44745884350129816
COHFACE_s27_session3_natural,0,192,6.4,-0.6035259962081909,-0.5270707842800612
COHFACE_s27_session3_natural,0,193,6.433333333333334,-0.6212486028671265,-0.549088030512798
COHFACE_s27_session3_natural,0,194,6.466666666666667,-0.7045212984085083,-0.5156889155457923
COHFACE_s27_session3_natural,0,195,6.5,-0.8139083981513977,-0.43734962059280297
COHFACE_s27_session3_natural,0,196,6.533333333333333,-0.8165785670280457,-0.33045253236248984
COHFACE_s27_session3_natural,0,197,6.566666666666666,-0.7266451716423035,-0.21362767637534613
COHFACE_s27_session3_natural,0,198,6.6,-0.3861894905567169,-0.10439184238797658
COHFACE_s27_session3_natural,0,199,6.633333333333334,0.12981964647769928,-0.016928814947113697
COHFACE_s27_session3_natural,0,200,6.666666666666667,0.38764816522598267,0.03903139169063094
COHFACE_s27_session3_natural,0,201,6.7,0.32039621472358704,0.05904899364667662
COHFACE_s27_session3_natural,0,202,6.733333333333333,0.16599838435649872,0.0444851287262979
COHFACE_s27_session3_natural,0,203,6.766666666666667,0.046458907425403595,0.00177109242694066
COHFACE_s27_session3_natural,0,204,6.8,-0.06938347220420837,-0.0594999622882679
COHFACE_s27_session3_natural,0,205,6.833333333333333,-0.16691641509532928,-0.12859736590165624
COHFACE_s27_session3_natural,0,206,6.866666666666666,-0.1765112578868866,-0.19494909943675262
COHFACE_s27_session3_natural,0,207,6.9,-0.15151184797286987,-0.24826810327146176
COHFACE_s27_session3_natural,0,208,6.933333333333334,-0.15177592635154724,-0.2780746580165114
COHFACE_s27_session3_natural,0,209,6.966666666666667,-0.1789173036813736,-0.27400931138690027
COHFACE_s27_session3_natural,0,210,7.0,-0.23029522597789764,-0.2274725330758048
COHFACE_s27_session3_natural,0,211,7.033333333333333,-0.3595762550830841,-0.13408939007471649
COHFACE_s27_session3_natural,0,212,7.066666666666666,-0.4583122134208679,0.0036600436465294367
COHFACE_s27_session3_natural,0,213,7.1,-0.5110985636711121,0.17436531253731963
COHFACE_s27_session3_natural,0,214,7.133333333333334,-0.5664963126182556,0.3574720538316218
COHFACE_s27_session3_natural,0,215,7.166666666666667,-0.6154094934463501,0.5265047995989206
COHFACE_s27_session3_natural,0,216,7.2,-0.6554613709449768,0.6549803828563288
COHFACE_s27_session3_natural,0,217,7.233333333333333,-0.6969804167747498,0.7220449557458352
COHFACE_s27_session3_natural,0,218,7.266666666666667,-0.7113580107688904,0.7161541782767542
COHFACE_s27_session3_natural,0,219,7.3,-0.7046679854393005,0.6366881076077484
COHFACE_s27_session3_natural,0,220,7.333333333333333,-0.7588921189308167,0.4932027976508289
COHFACE_s27_session3_natural,0,221,7.366666666666666,-0.8576280474662781,0.30185864463310286
COHFACE_s27_session3_natural,0,222,7.4,-0.9072161316871643,0.08096702142141161
COHFACE_s27_session3_natural,0,223,7.433333333333334,-0.8719176650047302,-0.1504652654201368
COHFACE_s27_session3_natural,0,224,7.466666666666667,-0.4595445990562439,-0.37130942253386845
COHFACE_s27_session3_natural,0,225,7.5,0.13369280099868774,-0.5580230882699555
COHFACE_s27_session3_natural,0,226,7.533333333333333,0.39128658175468445,-0.687682681772973
COHFACE_s27_session3_natural,0,227,7.566666666666666,0.2876798212528229,-0.7440116744261055
COHFACE_s27_session3_natural,0,228,7.6,0.11177428811788559,-0.7236002229987787
COHFACE_s27_session3_natural,0,229,7.633333333333334,-0.010024521499872208,-0.6376698683651925
COHFACE_s27_session3_natural,0,230,7.666666666666667,-0.07712976634502411,-0.5082578406063037
COHFACE_s27_session3_natural,0,231,7.7,-0.1482548713684082,-0.36149802843633116
COHFACE_s27_session3_natural,0,232,7.733333333333333,-0.16735655069351196,-0.22112450748722967
COHFACE_s27_session3_natural,0,233,7.766666666666667,-0.2037406712770462,-0.10506704013148445
COHFACE_s27_session3_natural,0,234,7.8,-0.4346918761730194,-0.024728118972926483
COHFACE_s27_session3_natural,0,235,7.833333333333333,-0.5411741733551025,0.016452576879191626
COHFACE_s27_session3_natural,0,236,7.866666666666666,-0.5544954538345337,0.025350661386379758
COHFACE_s27_session3_natural,0,237,7.9,-0.6602147817611694,0.01930615391810528
COHFACE_s27_session3_natural,0,238,7.933333333333334,-0.7290219068527222,0.02222668469278523
COHFACE_s27_session3_natural,0,239,7.966666666666667,-0.7904641032218933,0.056679209269790726
COHFACE_s27_session3_natural,0,240,8.0,-0.8918115496635437,0.13492828851827662
COHFACE_s27_session3_natural,0,241,8.033333333333333,-0.9257016181945801,0.25421742561388727
COHFACE_s27_session3_natural,0,242,8.066666666666666,-0.9610000848770142,0.3982357728078731
COHFACE_s27_session3_natural,0,243,8.1,-1.3151291608810425,0.5429517046320642
COHFACE_s27_session3_natural,0,244,8.133333333333333,-1.5741900205612183,0.6637463911537385
COHFACE_s27_session3_natural,0,245,8.166666666666666,-1.4826135635375977,0.7402558824049769
COHFACE_s27_session3_natural,0,246,8.2,-1.4042116403579712,0.7584943827509181
COHFACE_s27_session3_natural,0,247,8.233333333333333,-1.3818236589431763,0.7129000072473846
COHFACE_s27_session3_natural,0,248,8.266666666666667,-1.375515103340149,0.6081493590033406
COHFACE_s27_session3_natural,0,249,8.3,-1.3250761032104492,0.4577501758639097
COHFACE_s27_session3_natural,0,250,8.333333333333334,-0.9783705472946167,0.27969135713993815
COHFACE_s27_session3_natural,0,251,8.366666666666667,-0.3019484877586365,0.09268060759930448
COHFACE_s27_session3_natural,0,252,8.4,0.1961033195257187,-0.08553175401328841
COHFACE_s27_session3_natural,0,253,8.433333333333334,0.2600102722644806,-0.23859339173546437
COHFACE_s27_session3_natural,0,254,8.466666666666667,0.16488339006900787,-0.35219702986753676
COHFACE_s27_session3_natural,0,255,8.5,0.08395803719758987,-0.4164829905058555
COHFACE_s27_session3_natural,0,256,8.533333333333333,0.046341538429260254,-0.42945621748669177
COHFACE_s27_session3_natural,0,257,8.566666666666666,0.06550189107656479,-0.3985199466045006
COHFACE_s27_session3_natural,0,258,8.6,0.04461035877466202,-0.3388383084267467
COHFACE_s27_session3_natural,0,259,8.633333333333333,0.03721616417169571,-0.269197287169017
COHFACE_s27_session3_natural,0,260,8.666666666666666,0.06063111498951912,-0.2071015246290604
COHFACE_s27_session3_natural,0,261,8.7,0.06265571713447571,-0.16553729508634876
COHFACE_s27_session3_natural,0,262,8.733333333333333,0.03454603999853134,-0.15220006671114952
COHFACE_s27_session3_natural,0,263,8.766666666666667,-0.06019941344857216,-0.17023935068208168
COHFACE_s27_session3_natural,0,264,8.8,-0.1699092984199524,-0.21924022966969442
COHFACE_s27_session3_natural,0,265,8.833333333333334,-0.26213133335113525,-0.2952024796374755
COHFACE_s27_session3_natural,0,266,8.866666666666667,-0.25752463936805725,-0.3898553404109605
COHFACE_s27_session3_natural,0,267,8.9,-0.2115456610918045,-0.491109711999897
COHFACE_s27_session3_natural,0,268,8.933333333333334,-0.24731360375881195,-0.5845256943910203
COHFACE_s27_session3_natural,0,269,8.966666666666667,-0.3137439787387848,-0.6537790480604179
COHFACE_s27_session3_natural,0,270,9.0,-0.35925349593162537,-0.680777833577271
COHFACE_s27_session3_natural,0,271,9.033333333333333,-0.41799625754356384,-0.6485270216820567
COHFACE_s27_session3_natural,0,272,9.066666666666666,-0.5631219744682312,-0.5463447479361675
COHFACE_s27_session3_natural,0,273,9.1,-0.8581855893135071,-0.37354066617458276
COHFACE_s27_session3_natural,0,274,9.133333333333333,-0.9283717274665833,-0.13991218568909852
COHFACE_s27_session3_natural,0,275,9.166666666666666,-0.9082430601119995,0.1359763561716206
COHFACE_s27_session3_natural,0,276,9.2,-0.8835371136665344,0.42972930040423796
COHFACE_s27_session3_natural,0,277,9.233333333333333,-0.512594997882843,0.714481988319243
COHFACE_s27_session3_natural,0,278,9.266666666666667,0.1552005112171173,0.963976721585579
COHFACE_s27_session3_natural,0,279,9.3,0.5266414284706116,1.1547975422625953
COHFACE_s27_session3_natural,0,280,9.333333333333334,0.5170465707778931,1.2679716712134144
COHFACE_s27_session3_natural,0,281,9.366666666666667,0.4124715328216553,1.2907498995352775
COHFACE_s27_session3_natural,0,282,9.4,0.4004119634628296,1.2186337888063887
COHFACE_s27_session3_natural,0,283,9.433333333333334,0.45598578453063965,1.056877531213096
COHFACE_s27_session3_natural,0,284,9.466666666666667,0.4262329339981079,0.8206064913944227
COHFACE_s27_session3_natural,0,285,9.5,0.29654112458229065,0.5328192171480413
COHFACE_s27_session3_natural,0,286,9.533333333333333,0.13671502470970154,0.22073340597428673
COHFACE_s27_session3_natural,0,287,9.566666666666666,0.12712018191814423,-0.08793346487693601
COHFACE_s27_session3_natural,0,288,9.6,0.09267262369394302,-0.3680384638402659
COHFACE_s27_session3_natural,0,289,9.633333333333333,0.04419957101345062,-0.5996792569544848
COHFACE_s27_session3_natural,0,290,9.666666666666666,-0.00436150748282671,-0.7701520441418735
COHFACE_s27_session3_natural,0,291,9.7,-0.07246438413858414,-0.8743496773656125
COHFACE_s27_session3_natural,0,292,9.733333333333333,-0.15380051732063293,-0.9137842134682023
COHFACE_s27_session3_natural,0,293,9.766666666666667,-0.19819502532482147,-0.8953856086754575
COHFACE_s27_session3_natural,0,294,9.8,-0.19464464485645294,-0.830255644418757
COHFACE_s27_session3_natural,0,295,9.833333333333334,-0.17968019843101501,-0.7315862912420328
COHFACE_s27_session3_natural,0,296,9.866666666666667,-0.230559304356575,-0.6119943757346269
COHFACE_s27_session3_natural,0,297,9.9,-0.2780933976173401,-0.48158180981776727
COHFACE_s27_session3_natural,0,298,9.933333333333334,-0.3036796748638153,-0.34726779305589045
COHFACE_s27_session3_natural,0,299,9.966666666666667,-0.30799293518066406,-0.21308313821754635
COHFACE_s27_session3_natural,1,0,10.0,-0.3073180913925171,-0.04484241499901963
COHFACE_s27_session3_natural,1,1,10.033333333333333,-0.3073180913925171,-0.34449332979139313
COHFACE_s27_session3_natural,1,2,10.066666666666666,-0.2692908048629761,-0.5442748296349078
COHFACE_s27_session3_natural,1,3,10.1,0.013625163584947586,-0.5716989950020515
COHFACE_s27_session3_natural,1,4,10.133333333333333,0.4965658187866211,-0.4028363780223144
COHFACE_s27_session3_natural,1,5,10.166666666666666,0.691191554069519,-0.07065007665653383
COHFACE_s27_session3_natural,1,6,10.2,0.7239959836006165,0.3468594108452389
COHFACE_s27_session3_natural,1,7,10.233333333333333,0.6731462478637695,0.7557117146031357
COHFACE_s27_session3_natural,1,8,10.266666666666667,0.5904896855354309,1.0781572192286326
COHFACE_s27_session3_natural,1,9,10.3,0.6213575005531311,1.266122389965448
COHFACE_s27_session3_natural,1,10,10.333333333333334,0.6631699204444885,1.2955633450502606
COHFACE_s27_session3_natural,1,11,10.366666666666667,0.6479120850563049,1.1624566618038257
COHFACE_s27_session3_natural,1,12,10.4,0.8515458106994629,0.8868770686347149
COHFACE_s27_session3_natural,1,13,10.433333333333334,1.0312951803207397,0.5154277980996931
COHFACE_s27_session3_natural,1,14,10.466666666666667,0.9668307304382324,0.11542994654951085
COHFACE_s27_session3_natural,1,15,10.5,0.845824122428894,-0.2405280834947011
COHFACE_s27_session3_natural,1,16,10.533333333333333,0.7108213901519775,-0.49465908137518244
COHFACE_s27_session3_natural,1,17,10.566666666666666,0.5554552674293518,-0.618136548623078
COHFACE_s27_session3_natural,1,18,10.6,0.4368547797203064,-0.6141129789535295
COHFACE_s27_session3_natural,1,19,10.633333333333333,0.3583061099052429,-0.5107030309441807
COHFACE_s27_session3_natural,1,20,10.666666666666666,0.27732208371162415,-0.3483920298161987
COHFACE_s27_session3_natural,1,21,10.7,0.16071681678295135,-0.16857675978415465
COHFACE_s27_session3_natural,1,22,10.733333333333333,0.05684598907828331,-0.00662805101069806
COHFACE_s27_session3_natural,1,23,10.766666666666667,-0.02730698324739933,0.1110050887746125
COHFACE_s27_session3_natural,1,24,10.8,-0.06436598300933838,0.16775694209294165
COHFACE_s27_session3_natural,1,25,10.833333333333334,-0.111606664955616,0.1588891156112222
COHFACE_s27_session3_natural,1,26,10.866666666666667,-0.2037406712770462,0.09329637904595434
COHFACE_s27_session3_natural,1,27,10.9,-0.2854875922203064,-0.00968802998194758
COHFACE_s27_session3_natural,1,28,10.933333333333334,-0.2992783486843109,-0.12803307354613713
COHFACE_s27_session3_natural,1,29,10.966666666666667,-0.09605538845062256,-0.24350812727367024
COHFACE_s27_session3_natural,1,30,11.0,0.4052533805370331,-0.3439925339582289
COHFACE_s27_session3_natural,1,31,11.033333333333333,0.7394886016845703,-0.4221492158591695
COHFACE_s27_session3_natural,1,32,11.066666666666666,0.7663952112197876,-0.47269299028241774
COHFACE_s27_session3_natural,1,33,11.1,0.652694821357727,-0.4915060881285003
COHFACE_s27_session3_natural,1,34,11.133333333333333,0.5553085803985596,-0.476850490719765
COHFACE_s27_session3_natural,1,35,11.166666666666666,0.45440131425857544,-0.42990019785132133
COHFACE_s27_session3_natural,1,36,11.2,0.35507848858833313,-0.35352577200062785
COHFACE_s27_session3_natural,1,37,11.233333333333333,0.3409649729728699,-0.2503064164993109
COHFACE_s27_session3_natural,1,38,11.266666666666667,0.3679009675979614,-0.1216413094003459
COHFACE_s27_session3_natural,1,39,11.3,0.38826435804367065,0.029792525259768422
COHFACE_s27_session3_natural,1,40,11.333333333333334,0.39967840909957886,0.19548517563560708
COHFACE_s27_session3_natural,1,41,11.366666666666667,0.3310473561286926,0.3589087316214419
COHFACE_s27_session3_natural,1,42,11.4,0.17814598977565765,0.4982447589661751
COHFACE_s27_session3_natural,1,43,11.433333333333334,0.03797905892133713,0.5939220790141042
COHFACE_s27_session3_natural,1,44,11.466666666666667,-0.08713540434837341,0.6375468893932514
COHFACE_s27_session3_natural,1,45,11.5,-0.13654740154743195,0.6362430231616318
COHFACE_s27_session3_natural,1,46,11.533333333333333,-0.16462773084640503,0.6089765434132174
COHFACE_s27_session3_natural,1,47,11.566666666666666,-0.18865886330604553,0.5749133617201858
COHFACE_s27_session3_natural,1,48,11.6,-0.2163870930671692,0.5405093413414784
COHFACE_s27_session3_natural,1,49,11.633333333333333,-0.24572913348674774,0.4970618250801423
COHFACE_s27_session3_natural,1,50,11.666666666666666,-0.30717137455940247,0.4290594886106983
COHFACE_s27_session3_natural,1,51,11.7,-0.4309067726135254,0.322294362971951
COHFACE_s27_session3_natural,1,52,11.733333333333333,-0.4435531795024872,0.16714103378493836
COHFACE_s27_session3_natural,1,53,11.766666666666667,-0.2650655508041382,-0.04003868354963459
COHFACE_s27_session3_natural,1,54,11.8,0.21106776595115662,-0.29476911138866385
COHFACE_s27_session3_natural,1,55,11.833333333333334,0.7057158946990967,-0.5803161996410343
COHFACE_s27_session3_natural,1,56,11.866666666666667,0.8771027326583862,-0.8642444218687195
COHFACE_s27_session3_natural,1,57,11.9,0.8180078864097595,-1.1017345252273738
COHFACE_s27_session3_natural,1,58,11.933333333333334,0.7428922653198242,-1.2461668310818759
COHFACE_s27_session3_natural,1,59,11.966666666666667,0.681919515132904,-1.2616102194496779
COHFACE_s27_session3_natural,1,60,12.0,0.6134351491928101,-1.1330108294873071
COHFACE_s27_session3_natural,1,61,12.033333333333333,0.5895214080810547,-0.8718039218546967
COHFACE_s27_session3_natural,1,62,12.066666666666666,0.6417502164840698,-0.5153118460427022
COHFACE_s27_session3_natural,1,63,12.1,0.7063027024269104,-0.11918415014773184
COHFACE_s27_session3_natural,1,64,12.133333333333333,0.7469707727432251,0.2550226243093956
COHFACE_s27_session3_natural,1,65,12.166666666666666,0.7101172208786011,0.5525186575449208
COHFACE_s27_session3_natural,1,66,12.2,0.5707424879074097,0.7348557743410604
COHFACE_s27_session3_natural,1,67,12.233333333333333,0.4491197466850281,0.7848067131461424
COHFACE_s27_session3_natural,1,68,12.266666666666667,0.36470267176628113,0.7074051475870583
COHFACE_s27_session3_natural,1,69,12.3,0.2769993245601654,0.5299466007048386
COHFACE_s27_session3_natural,1,70,12.333333333333334,0.2123294621706009,0.3003719964041821
COHFACE_s27_session3_natural,1,71,12.366666666666667,0.17752981185913086,0.08025978663520963
COHFACE_s27_session3_natural,1,72,12.4,0.11186231672763824,-0.06870383882821524
COHFACE_s27_session3_natural,1,73,12.433333333333334,0.03742155805230141,-0.10256077421164211
COHFACE_s27_session3_natural,1,74,12.466666666666667,-0.00984846893697977,-0.011076317980706405
COHFACE_s27_session3_natural,1,75,12.5,-0.08461198955774307,0.1770336504183221
COHFACE_s27_session3_natural,1,76,12.533333333333333,-0.15963958203792572,0.40316074080684045
COHFACE_s27_session3_natural,1,77,12.566666666666666,-0.20148134231567383,0.5993508239878621
COHFACE_s27_session3_natural,1,78,12.6,0.02850157953798771,0.7119130033374795
COHFACE_s27_session3_natural,1,79,12.633333333333333,0.694067120552063,0.7157904323470089
COHFACE_s27_session3_natural,1,80,12.666666666666666,1.2787659168243408,0.6148934401475374
COHFACE_s27_session3_natural,1,81,12.7,1.4965132474899292,0.43197866124192796
COHFACE_s27_session3_natural,1,82,12.733333333333333,1.4478641748428345,0.19584477545052906
COHFACE_s27_session3_natural,1,83,12.766666666666667,1.3961634635925293,-0.06423979969834634
COHFACE_s27_session3_natural,1,84,12.8,1.391850233078003,-0.3166136586096288
COHFACE_s27_session3_natural,1,85,12.833333333333334,1.384690761566162,-0.5270046009339266
COHFACE_s27_session3_natural,1,86,12.866666666666667,1.3343104124069214,-0.66375347994813
COHFACE_s27_session3_natural,1,87,12.9,1.3217813968658447,-0.7055549902950065
COHFACE_s27_session3_natural,1,88,12.933333333333334,1.3357188701629639,-0.647989681842614
COHFACE_s27_session3_natural,1,89,12.966666666666667,1.3146512508392334,-0.5051842608881846
COHFACE_s27_session3_natural,1,90,13.0,1.270110011100769,-0.3057235854847828
COHFACE_s27_session3_natural,1,91,13.033333333333333,1.158228874206543,-0.08493049062745434
COHFACE_s27_session3_natural,1,92,13.066666666666666,0.944208025932312,0.12366342608529113
COHFACE_s27_session3_natural,1,93,13.1,0.42593953013420105,0.2946807474438025
COHFACE_s27_session3_natural,1,94,13.133333333333333,0.16629180312156677,0.41319434026679186
COHFACE_s27_session3_natural,1,95,13.166666666666666,0.20382027328014374,0.47246103420170177
COHFACE_s27_session3_natural,1,96,13.2,0.17902624607086182,0.46960988810075266
COHFACE_s27_session3_natural,1,97,13.233333333333333,0.11397494375705719,0.4041212714598452
COHFACE_s27_session3_natural,1,98,13.266666666666667,0.0762997642159462,0.279355190180813
COHFACE_s27_session3_natural,1,99,13.3,0.04461035877466202,0.10281634900542277
COHFACE_s27_session3_natural,1,100,13.333333333333334,0.005174655932933092,-0.11481321643861803
COHFACE_s27_session3_natural,1,101,13.366666666666667,-0.07666029781103134,-0.3575305922586598
COHFACE_s27_session3_natural,1,102,13.4,-0.1364593803882599,-0.6001213370623995
COHFACE_s27_session3_natural,1,103,13.433333333333334,0.03172920271754265,-0.8092736533773994
COHFACE_s27_session3_natural,1,104,13.466666666666667,0.6651945114135742,-0.950895593235503
COHFACE_s27_session3_natural,1,105,13.5,1.3766216039657593,-0.9988519580071659
COHFACE_s27_session3_natural,1,106,13.533333333333333,1.756747841835022,-0.941382568504422
COHFACE_s27_session3_natural,1,107,13.566666666666666,1.8090059757232666,-0.7833226645181938
COHFACE_s27_session3_natural,1,108,13.6,1.7752039432525635,-0.5438710688916222
COHFACE_s27_session3_natural,1,109,13.633333333333333,1.793748140335083,-0.25125455577716105
COHFACE_s27_session3_natural,1,110,13.666666666666666,1.8264352083206177,0.06384334681354835
COHFACE_s27_session3_natural,1,111,13.7,1.775996208190918,0.3740523835731541
COHFACE_s27_session3_natural,1,112,13.733333333333333,1.7137030363082886,0.6578459001435556
COHFACE_s27_session3_natural,1,113,13.766666666666667,1.7039321660995483,0.896529694631873
COHFACE_s27_session3_natural,1,114,13.8,1.6530237197875977,1.069058333083249
COHFACE_s27_session3_natural,1,115,13.833333333333334,1.5529673099517822,1.1527888909434512
COHFACE_s27_session3_natural,1,116,13.866666666666667,1.385981798171997,1.131598260494045
COHFACE_s27_session3_natural,1,117,13.9,1.2266252040863037,1.0056134563297618
COHFACE_s27_session3_natural,1,118,13.933333333333334,1.0509836673736572,0.7957284297697379
COHFACE_s27_session3_natural,1,119,13.966666666666667,0.8936516642570496,0.5367734182049838
COHFACE_s27_session3_natural,1,120,14.0,0.7754032611846924,0.2636492280787795
COHFACE_s27_session3_natural,1,121,14.033333333333333,0.6609692573547363,0.004088218664098619
COHFACE_s27_session3_natural,1,122,14.066666666666666,0.5411363840103149,-0.21965563553987857
COHFACE_s27_session3_natural,1,123,14.1,0.42074599862098694,-0.3896602198698193
COHFACE_s27_session3_natural,1,124,14.133333333333333,0.3272622525691986,-0.49501444124984767
COHFACE_s27_session3_natural,1,125,14.166666666666666,0.22582679986953735,-0.5344070979899672
COHFACE_s27_session3_natural,1,126,14.2,0.09848234802484512,-0.5163224744732551
COHFACE_s27_session3_natural,1,127,14.233333333333333,-0.020587656646966934,-0.4567964579357718
COHFACE_s27_session3_natural,1,128,14.266666666666667,-0.1324101686477661,-0.37563400388598
COHFACE_s27_session3_natural,1,129,14.3,-0.2640092372894287,-0.29274313547450687
COHFACE_s27_session3_natural,1,130,14.333333333333334,-0.2930871844291687,-0.22525607793625682
COHFACE_s27_session3_natural,1,131,14.366666666666667,0.11109942197799683,-0.1850731133128171
COHFACE_s27_session3_natural,1,132,14.4,0.9003123044967651,-0.17667394979432577
COHFACE_s27_session3_natural,1,133,14.433333333333334,1.543255090713501,-0.1954153335536597
COHFACE_s27_session3_natural,1,134,14.466666666666667,1.7671642303466797,-0.22741653254936353
COHFACE_s27_session3_natural,1,135,14.5,1.7045189142227173,-0.2527367486402877
COHFACE_s27_session3_natural,1,136,14.533333333333333,1.6691031455993652,-0.2513090756336642
COHFACE_s27_session3_natural,1,137,14.566666666666666,1.6812506914138794,-0.20887845914073172
COHFACE_s27_session3_natural,1,138,14.6,1.6704528331756592,-0.1210175417121211
COHFACE_s27_session3_natural,1,139,14.633333333333333,1.5986822843551636,0.005536222772676631
COHFACE_s27_session3_natural,1,140,14.666666666666666,1.5118885040283203,0.1538911971782087
COHFACE_s27_session3_natural,1,141,14.7,1.4514439105987549,0.29912165675515284
COHFACE_s27_session3_natural,1,142,14.733333333333333,1.386920690536499,0.41170778740445996
COHFACE_s27_session3_natural,1,143,14.766666666666667,1.2488664388656616,0.46378876569554683
COHFACE_s27_session3_natural,1,144,14.8,1.0660655498504639,0.437188016496897
COHFACE_s27_session3_natural,1,145,14.833333333333334,0.8613753914833069,0.3296751057718346
COHFACE_s27_session3_natural,1,146,14.866666666666667,0.6479707360267639,0.157340921863532
COHFACE_s27_session3_natural,1,147,14.9,0.4747059941291809,-0.04723983653395719
COHFACE_s27_session3_natural,1,148,14.933333333333334,0.3791389763355255,-0.2411247846991824
COHFACE_s27_session3_natural,1,149,14.966666666666667,0.2519999146461487,-0.3811035071136466
COHFACE_s27_session3_natural,1,150,15.0,0.11432705074548721,-0.43508115853047613
COHFACE_s27_session3_natural,1,151,15.033333333333333,-0.012900041416287422,-0.3900420739516672
COHFACE_s27_session3_natural,1,152,15.066666666666666,-0.1282436102628708,-0.2544052701256174
COHFACE_s27_session3_natural,1,153,15.1,-0.25291794538497925,-0.05543227208526137
COHFACE_s27_session3_natural,1,154,15.133333333333333,-0.3706382215023041,0.1669956557181572
COHFACE_s27_session3_natural,1,155,15.166666666666666,-0.4763282537460327,0.36856624126141757
COHFACE_s27_session3_natural,1,156,15.2,-0.5839841961860657,0.5089237656471629
COHFACE_s27_session3_natural,1,157,15.233333333333333,-0.7269092798233032,0.5585769745813873
COHFACE_s27_session3_natural,1,158,15.266666666666667,-0.8517889976501465,0.5036588155396582
COHFACE_s27_session3_natural,1,159,15.3,-0.8022889494895935,0.3487751146778271
COHFACE_s27_session3_natural,1,160,15.333333333333334,-0.3035036027431488,0.11786257813813475
COHFACE_s27_session3_natural,1,161,15.366666666666667,0.48928898572921753,-0.14745449872395636
COHFACE_s27_session3_natural,1,162,15.4,1.0511890649795532,-0.3933705723859689
COHFACE_s27_session3_natural,1,163,15.433333333333334,1.19440758228302,-0.564967367941791
COHFACE_s27_session3_natural,1,164,15.466666666666667,1.118206262588501,-0.6202466072681768
COHFACE_s27_session3_natural,1,165,15.5,1.041682243347168,-0.5405612962436454
COHFACE_s27_session3_natural,1,166,15.533333333333333,0.9897174835205078,-0.3345745176819647
COHFACE_s27_session3_natural,1,167,15.566666666666666,0.9147486090660095,-0.0370072284530475
COHFACE_s27_session3_natural,1,168,15.6,0.8527781963348389,0.2975383886157162
COHFACE_s27_session3_natural,1,169,15.633333333333333,0.8331190347671509,0.6064066734987067
COHFACE_s27_session3_natural,1,170,15.666666666666666,0.8453840017318726,0.8330663229739035
COHFACE_s27_session3_natural,1,171,15.7,0.8156311511993408,0.936832622867692
COHFACE_s27_session3_natural,1,172,15.733333333333333,0.6659867763519287,0.8966175437439565
COHFACE_s27_session3_natural,1,173,15.766666666666667,0.44375014305114746,0.7125271574018238
COHFACE_s27_session3_natural,1,174,15.8,0.2173176109790802,0.4063007786650963
COHFACE_s27_session3_natural,1,175,15.833333333333334,0.03260946273803711,0.01837082147055965
COHFACE_s27_session3_natural,1,176,15.866666666666667,-0.10562089085578918,-0.3986126175141282
COHFACE_s27_session3_natural,1,177,15.9,-0.2179715633392334,-0.7876951686068773
COHFACE_s27_session3_natural,1,178,15.933333333333334,-0.3267425000667572,-1.0955139034662136
COHFACE_s27_session3_natural,1,179,15.966666666666667,-0.4242461025714874,-1.279483106970961
COHFACE_s27_session3_natural,1,180,16.0,-0.5124189257621765,-1.3135520786823263
COHFACE_s27_session3_natural,1,181,16.033333333333335,-0.6167299151420593,-1.1917076177319166
COHFACE_s27_session3_natural,1,182,16.066666666666666,-0.7190749645233154,-0.928839359077439
COHFACE_s27_session3_natural,1,183,16.1,-0.8149647116661072,-0.5590020937610921
COHFACE_s27_session3_natural,1,184,16.133333333333333,-0.9509357810020447,-0.13089862553059373
COHFACE_s27_session3_natural,1,185,16.166666666666668,-1.079307198524475,0.2996679974423815
COHFACE_s27_session3_natural,1,186,16.2,-1.1229681968688965,0.6790669777862995
COHFACE_s27_session3_natural,1,187,16.233333333333334,-0.9582419395446777,0.9640588339220901
COHFACE_s27_session3_natural,1,188,16.266666666666666,-0.3271239697933197,1.1265659664437424
COHFACE_s27_session3_natural,1,189,16.3,0.3925776183605194,1.1534054587707343
COHFACE_s27_session3_natural,1,190,16.333333333333332,0.7365250587463379,1.0437695608177262
COHFACE_s27_session3_natural,1,191,16.366666666666667,0.7445060610771179,0.8107343686831463
COHFACE_s27_session3_natural,1,192,16.4,0.6164280772209167,0.48562574772462297
COHFACE_s27_session3_natural,1,193,16.433333333333334,0.4979448914527893,0.11692801438729171
COHFACE_s27_session3_natural,1,194,16.466666666666665,0.40173235535621643,-0.23831902483901848
COHFACE_s27_session3_natural,1,195,16.5,0.3115055561065674,-0.5257260744868506
COHFACE_s27_session3_natural,1,196,16.533333333333335,0.31696319580078125,-0.7039664804019556
COHFACE_s27_session3_natural,1,197,16.566666666666666,0.36907464265823364,-0.7531041588398222
COHFACE_s27_session3_natural,1,198,16.6,0.39530643820762634,-0.6786109005570014
COHFACE_s27_session3_natural,1,199,16.633333333333333,0.3210417330265045,-0.5082484340168966
COHFACE_s27_session3_natural,1,200,16.666666666666668,0.13471977412700653,-0.28243302994673547
COHFACE_s27_session3_natural,1,201,16.7,-0.05838020518422127,-0.042104806377368596
COHFACE_s27_session3_natural,1,202,16.733333333333334,-0.23161561787128448,0.1803380799776559
COHFACE_s27_session3_natural,1,203,16.766666666666666,-0.38093727827072144,0.36118794730384823
COHFACE_s27_session3_natural,1,204,16.8,-0.4781768023967743,0.4798538485562157
COHFACE_s27_session3_natural,1,205,16.833333333333332,-0.569049060344696,0.5187763372148843
COHFACE_s27_session3_natural,1,206,16.866666666666667,-0.6591291427612305,0.4709812229042861
COHFACE_s27_session3_natural,1,207,16.9,-0.7235056161880493,0.34767553931753464
COHFACE_s27_session3_natural,1,208,16.933333333333334,-0.8061914443969727,0.17906326359907285
COHFACE_s27_session3_natural,1,209,16.966666666666665,-0.8797225952148438,0.004208727448467689
COHFACE_s27_session3_natural,1,210,17.0,-0.9441871047019958,-0.14471273673046284
COHFACE_s27_session3_natural,1,211,17.033333333333335,-1.0777521133422852,-0.25019501393411764
COHFACE_s27_session3_natural,1,212,17.066666666666666,-1.218153715133667,-0.30696352498262003
COHFACE_s27_session3_natural,1,213,17.1,-1.2256946563720703,-0.3187668553395321
COHFACE_s27_session3_natural,1,214,17.133333333333333,-0.8683965802192688,-0.2974196302634947
COHFACE_s27_session3_natural,1,215,17.166666666666668,-0.07228833436965942,-0.25986610364770185
COHFACE_s27_session3_natural,1,216,17.2,0.6588566303253174,-0.22245136181735173
COHFACE_s27_session3_natural,1,217,17.233333333333334,0.9780687093734741,-0.19542881418187225
COHFACE_s27_session3_natural,1,218,17.266666666666666,0.9704397916793823,-0.17970032079507692
COHFACE_s27_session3_natural,1,219,17.3,0.8737283945083618,-0.16636840330553984
COHFACE_s27_session3_natural,1,220,17.333333333333332,0.826164960861206,-0.1395847639034165
COHFACE_s27_session3_natural,1,221,17.366666666666667,0.7799218893051147,-0.08294571409442093
COHFACE_s27_session3_natural,1,222,17.4,0.7102639079093933,0.012739301437374827
COHFACE_s27_session3_natural,1,223,17.433333333333334,0.6851471066474915,0.14451219607057844
COHFACE_s27_session3_natural,1,224,17.466666666666665,0.7042487859725952,0.2973347148397629
COHFACE_s27_session3_natural,1,225,17.5,0.6970599889755249,0.4488313034270944
COHFACE_s27_session3_natural,1,226,17.533333333333335,0.5972090363502502,0.5766595520587323
COHFACE_s27_session3_natural,1,227,17.566666666666666,0.41253021359443665,0.6651833443901001
COHFACE_s27_session3_natural,1,228,17.6,0.2174936681985855,0.7080967043741813
COHFACE_s27_session3_natural,1,229,17.633333333333333,0.0322280190885067,0.7044016551185562
COHFACE_s27_session3_natural,1,230,17.666666666666668,-0.1504848748445511,0.6509069775597246
COHFACE_s27_session3_natural,1,231,17.7,-0.29358601570129395,0.5393536671694921
COHFACE_s27_session3_natural,1,232,17.733333333333334,-0.384076863527298,0.36089849154277037
COHFACE_s27_session3_natural,1,233,17.766666666666666,-0.46740826964378357,0.11456453007922138
COHFACE_s27_session3_natural,1,234,17.8,-0.5960437655448914,-0.18629497776004303
COHFACE_s27_session3_natural,1,235,17.833333333333332,-0.7021152377128601,-0.5164944107959889
COHFACE_s27_session3_natural,1,236,17.866666666666667,-0.7799303531646729,-0.8481252035659557
COHFACE_s27_session3_natural,1,237,17.9,-0.8808082938194275,-1.1552692010089374
COHFACE_s27_session3_natural,1,238,17.933333333333334,-0.9815688729286194,-1.411271363052025
COHFACE_s27_session3_natural,1,239,17.966666666666665,-1.0991131067276,-1.5842898476474463
COHFACE_s27_session3_natural,1,240,18.0,-1.2166279554367065,-1.6375153178099329
COHFACE_s27_session3_natural,1,241,18.033333333333335,-1.1484956741333008,-1.5392668907350742
COHFACE_s27_session3_natural,1,242,18.066666666666666,-0.5123015642166138,-1.2783878612045063
COHFACE_s27_session3_natural,1,243,18.1,0.4232107102870941,-0.8716053723350577
COHFACE_s27_session3_natural,1,244,18.133333333333333,1.0653319358825684,-0.3588567403461823
COHFACE_s27_session3_natural,1,245,18.166666666666668,1.2646818161010742,0.20712940727695353
COHFACE_s27_session3_natural,1,246,18.2,1.2208154201507568,0.7711478741711502
COHFACE_s27_session3_natural,1,247,18.233333333333334,1.140799641609192,1.2817512344462252
COHFACE_s27_session3_natural,1,248,18.266666666666666,1.1458171606063843,1.6932658872851512
COHFACE_s27_session3_natural,1,249,18.3,1.1211698055267334,1.9670626353487215
COHFACE_s27_session3_natural,1,250,18.333333333333332,1.0096994638442993,2.074429674836128
COHFACE_s27_session3_natural,1,251,18.366666666666667,0.9385743141174316,2.001477103585729
COHFACE_s27_session3_natural,1,252,18.4,0.8846436738967896,1.754484604017152
COHFACE_s27_session3_natural,1,253,18.433333333333334,0.8008721470832825,1.3623845814973559
COHFACE_s27_session3_natural,1,254,18.466666666666665,0.6771954298019409,0.8736558253556681
COHFACE_s27_session3_natural,1,255,18.5,0.4866775572299957,0.34625147382201094
COHFACE_s27_session3_natural,1,256,18.533333333333335,0.2401457279920578,-0.16542496991761071
COHFACE_s27_session3_natural,1,257,18.566666666666666,0.036423929035663605,-0.6179435383231721
COHFACE_s27_session3_natural,1,258,18.6,-0.1177978366613388,-0.979081309941983
COHFACE_s27_session3_natural,1,259,18.633333333333333,-0.2542383372783661,-1.2264312117152805
COHFACE_s27_session3_natural,1,260,18.666666666666668,-0.3762718737125397,-1.347898371839189
COHFACE_s27_session3_natural,1,261,18.7,-0.5114506483078003,-1.344485178731888
COHFACE_s27_session3_natural,1,262,18.733333333333334,-0.6526739001274109,-1.2331100518654614
COHFACE_s27_session3_natural,1,263,18.766666666666666,-0.7695726156234741,-1.0451636190680464
COHFACE_s27_session3_natural,1,264,18.8,-0.8999979496002197,-0.8196027450909712
COHFACE_s27_session3_natural,1,265,18.833333333333332,-1.0172487497329712,-0.5929351589074149
COHFACE_s27_session3_natural,1,266,18.866666666666667,-1.1024874448776245,-0.3898715712962847
COHFACE_s27_session3_natural,1,267,18.9,-1.2256065607070923,-0.2190836097411703
COHFACE_s27_session3_natural,1,268,18.933333333333334,-1.3348764181137085,-0.07555972779663232
COHFACE_s27_session3_natural,1,269,18.966666666666665,-1.3241665363311768,0.05219310880361266
COHFACE_s27_session3_natural,1,270,19.0,-0.8988536596298218,0.1737995101344004
COHFACE_s27_session3_natural,1,271,19.033333333333335,0.011864641681313515,0.29231629210810445
COHFACE_s27_session3_natural,1,272,19.066666666666666,0.8321507573127747,0.4043794541156739
COHFACE_s27_session3_natural,1,273,19.1,1.1591970920562744,0.5026375874841487
COHFACE_s27_session3_natural,1,274,19.133333333333333,1.141503930091858,0.578170849487201
COHFACE_s27_session3_natural,1,275,19.166666666666668,1.0540058612823486,0.6214914406827987
COHFACE_s27_session3_natural,1,276,19.2,1.0110491514205933,0.6226822420650755
COHFACE_s27_session3_natural,1,277,19.233333333333334,0.9667720198631287,0.5729577500335636
COHFACE_s27_session3_natural,1,278,19.266666666666666,0.8773081302642822,0.4682754564103439
COHFACE_s27_session3_natural,1,279,19.3,0.779188334941864,0.31368363455598236
COHFACE_s27_session3_natural,1,280,19.333333333333332,0.7291895151138306,0.12596161945458387
COHFACE_s27_session3_natural,1,281,19.366666666666667,0.6932748556137085,-0.06843993056374018
COHFACE_s27_session3_natural,1,282,19.4,0.5704784393310547,-0.23978100658943413
COHFACE_s27_session3_natural,1,283,19.433333333333334,0.38266000151634216,-0.36202414828877727
COHFACE_s27_session3_natural,1,284,19.466666666666665,0.17192547023296356,-0.4181252655416224
COHFACE_s27_session3_natural,1,285,19.5,-0.038838405162096024,-0.4031383610412966
COHFACE_s27_session3_natural,1,286,19.533333333333335,-0.21480262279510498,-0.3250776277005865
COHFACE_s27_session3_natural,1,287,19.566666666666666,-0.35326772928237915,-0.20377525916322742
COHFACE_s27_session3_natural,1,288,19.6,-0.49208492040634155,-0.06715140398767569
COHFACE_s27_session3_natural,1,289,19.633333333333333,-0.6188718676567078,0.05626020570535576
COHFACE_s27_session3_natural,1,290,19.666666666666668,-0.7135586142539978,0.14599345966690638
COHFACE_s27_session3_natural,1,291,19.7,-0.8326579928398132,0.19377849402824637
COHFACE_s27_session3_natural,1,292,19.733333333333334,-0.9517279863357544,0.20184671151759417
COHFACE_s27_session3_natural,1,293,19.766666666666666,-1.0311862230300903,0.1788547015973838
COHFACE_s27_session3_natural,1,294,19.8,-1.138636827468872,0.13633040239211705
COHFACE_s27_session3_natural,1,295,19.833333333333332,-1.254332423210144,0.08725637752081632
COHFACE_s27_session3_natural,1,296,19.866666666666667,-1.3653920888900757,0.04547440750242096
COHFACE_s27_session3_natural,1,297,19.9,-1.4699671268463135,0.022171370314055566
COHFACE_s27_session3_natural,1,298,19.933333333333334,-1.4932940006256104,0.020488954255064615
COHFACE_s27_session3_natural,1,299,19.966666666666665,-1.0950932502746582,0.0339094859388229
COHFACE_s27_session3_natural,2,0,20.0,-0.19200386106967926,-0.019161133113832232
COHFACE_s27_session3_natural,2,1,20.033333333333335,0.6183939576148987,-0.16397679894065337
COHFACE_s27_session3_natural,2,2,20.066666666666666,0.9825580716133118,-0.24303625006281235
COHFACE_s27_session3_natural,2,3,20.1,1.0187073945999146,-0.20965978104772268
COHFACE_s27_session3_natural,2,4,20.133333333333333,0.8947666883468628,-0.052907205023652135
COHFACE_s27_session3_natural,2,5,20.166666666666668,0.818242609500885,0.19934901848081366
COHFACE_s27_session3_natural,2,6,20.2,0.7761954665184021,0.49340467288084694
COHFACE_s27_session3_natural,2,7,20.233333333333334,0.6922478675842285,0.7714899376749143
COHFACE_s27_session3_natural,2,8,20.266666666666666,0.6669257283210754,0.9907970107359512
COHFACE_s27_session3_natural,2,9,20.3,0.6829758286476135,1.126711040802393
COHFACE_s27_session3_natural,2,10,20.333333333333332,0.6700652837753296,1.1633417625718356
COHFACE_s27_session3_natural,2,11,20.366666666666667,0.5702730417251587,1.0894476952185093
COHFACE_s27_session3_natural,2,12,20.4,0.38087016344070435,0.9049419604468415
COHFACE_s27_session3_natural,2,13,20.433333333333334,0.13650962710380554,0.6287774127306371
COHFACE_s27_session3_natural,2,14,20.466666666666665,-0.08079752326011658,0.299993992473127
COHFACE_s27_session3_natural,2,15,20.5,-0.2536221444606781,-0.03298158074891987
COHFACE_s27_session3_natural,2,16,20.533333333333335,-0.397222101688385,-0.32925836509200723
COHFACE_s27_session3_natural,2,17,20.566666666666666,-0.5413501858711243,-0.5639767510143469
COHFACE_s27_session3_natural,2,18,20.6,-0.6857423782348633,-0.7253706451773951
COHFACE_s27_session3_natural,2,19,20.633333333333333,-0.7839502096176147,-0.8096223584671469
COHFACE_s27_session3_natural,2,20,20.666666666666668,-0.8686313033103943,-0.8187786084558065
COHFACE_s27_session3_natural,2,21,20.7,-0.9771968722343445,-0.7615728959065828
COHFACE_s27_session3_natural,2,22,20.733333333333334,-1.0669541358947754,-0.6550514145686718
COHFACE_s27_session3_natural,2,23,20.766666666666666,-1.1588828563690186,-0.523607754127197
COHFACE_s27_session3_natural,2,24,20.8,-1.3046540021896362,-0.39430353066234963
COHFACE_s27_session3_natural,2,25,20.833333333333332,-1.4212887287139893,-0.29002709138432026
COHFACE_s27_session3_natural,2,26,20.866666666666667,-1.4255139827728271,-0.2228703647477559
COHFACE_s27_session3_natural,2,27,20.9,-1.0621421337127686,-0.1904778310431505
COHFACE_s27_session3_natural,2,28,20.933333333333334,-0.2577887177467346,-0.17739490683873563
COHFACE_s27_session3_natural,2,29,20.966666666666665,0.45155513286590576,-0.1622239137232346
COHFACE_s27_session3_natural,2,30,21.0,0.712904691696167,-0.12723348972183338
COHFACE_s27_session3_natural,2,31,21.033333333333335,0.6686275601387024,-0.06365236123854948
COHFACE_s27_session3_natural,2,32,21.066666666666666,0.5310426950454712,0.028672916501684492
COHFACE_s27_session3_natural,2,33,21.1,0.4132637679576874,0.14295539396518764
COHFACE_s27_session3_natural,2,34,21.133333333333333,0.2772047221660614,0.2668735313394744
COHFACE_s27_session3_natural,2,35,21.166666666666668,0.17477165162563324,0.385234556384078
COHFACE_s27_session3_natural,2,36,21.2,0.19654345512390137,0.483459989762856
COHFACE_s27_session3_natural,2,37,21.233333333333334,0.2978028357028961,0.5495044724568044
COHFACE_s27_session3_natural,2,38,21.266666666666666,0.32297831773757935,0.5736852751955857
COHFACE_s27_session3_natural,2,39,21.3,0.23430664837360382,0.5478562044573607
COHFACE_s27_session3_natural,2,40,21.333333333333332,0.07266134768724442,0.4661391924917706
COHFACE_s27_session3_natural,2,41,21.366666666666667,-0.11222285032272339,0.3295231664470603
COHFACE_s27_session3_natural,2,42,21.4,-0.2936740219593048,0.15139069884104261
COHFACE_s27_session3_natural,2,43,21.433333333333334,-0.46420997381210327,-0.04347861770061406
COHFACE_s27_session3_natural,2,44,21.466666666666665,-0.5771768093109131,-0.2267106027429434
COHFACE_s27_session3_natural,2,45,21.5,-0.6743870377540588,-0.37392705340783117
COHFACE_s27_session3_natural,2,46,21.533333333333335,-0.7587453722953796,-0.46879447845333255
COHFACE_s27_session3_natural,2,47,21.566666666666666,-0.8240607976913452,-0.5046204691512078
COHFACE_s27_session3_natural,2,48,21.6,-0.8884665369987488,-0.4841419311048554
COHFACE_s27_session3_natural,2,49,21.633333333333333,-0.9721794128417969,-0.4174200058131484
COHFACE_s27_session3_natural,2,50,21.666666666666668,-1.0885499715805054,-0.318462744854628
COHFACE_s27_session3_natural,2,51,21.7,-1.2070330381393433,-0.20180995418369005
COHFACE_s27_session3_natural,2,52,21.733333333333334,-1.2436226606369019,-0.08007474527569931
COHFACE_s27_session3_natural,2,53,21.766666666666666,-0.8857671022415161,0.03696554978827606
COHFACE_s27_session3_natural,2,54,21.8,-0.03672577813267708,0.14230687915992773
COHFACE_s27_session3_natural,2,55,21.833333333333332,0.7375519871711731,0.2322051209293779
COHFACE_s27_session3_natural,2,56,21.866666666666667,1.0936763286590576,0.3070938960720001
COHFACE_s27_session3_natural,2,57,21.9,1.1055011749267578,0.3711981457080048
COHFACE_s27_session3_natural,2,58,21.933333333333334,0.9995177388191223,0.43012690717035323
COHFACE_s27_session3_natural,2,59,21.966666666666665,0.8672145009040833,0.4870087485422912
COHFACE_s27_session3_natural,2,60,22.0,0.7604387998580933,0.5390448428236577
COHFACE_s27_session3_natural,2,61,22.033333333333335,0.6801002621650696,0.5772449794485978
COHFACE_s27_session3_natural,2,62,22.066666666666666,0.6796308159828186,0.5891282821383164
COHFACE_s27_session3_natural,2,63,22.1,0.7730265259742737,0.5612803911775518
COHFACE_s27_session3_natural,2,64,22.133333333333333,0.7776332497596741,0.4808846909395053
COHFACE_s27_session3_natural,2,65,22.166666666666668,0.6455646753311157,0.33774407904289366
COHFACE_s27_session3_natural,2,66,22.2,0.441608190536499,0.1275024480768517
COHFACE_s27_session3_natural,2,67,22.233333333333334,0.20082738995552063,-0.14436367181790405
COHFACE_s27_session3_natural,2,68,22.266666666666666,0.008842411451041698,-0.45978432285759974
COHFACE_s27_session3_natural,2,69,22.3,-0.1141887679696083,-0.789681405743715
COHFACE_s27_session3_natural,2,70,22.333333333333332,-0.22281301021575928,-1.0993937031744876
COHFACE_s27_session3_natural,2,71,22.366666666666667,-0.31124991178512573,-1.3539189558798044
COHFACE_s27_session3_natural,2,72,22.4,-0.4199034869670868,-1.5215598654404328
COHFACE_s27_session3_natural,2,73,22.433333333333334,-0.5149423480033875,-1.5773996671887274
COHFACE_s27_session3_natural,2,74,22.466666666666665,-0.5851871967315674,-1.5067410189807067
COHFACE_s27_session3_natural,2,75,22.5,-0.6660245060920715,-1.3071565209815146
COHFACE_s27_session3_natural,2,76,22.533333333333335,-0.7743846774101257,-0.9889839831121506
COHFACE_s27_session3_natural,2,77,22.566666666666666,-0.9246746301651001,-0.5752489889411565
COHFACE_s27_session3_natural,2,78,22.6,-1.0549238920211792,-0.09996477162907662
COHFACE_s27_session3_natural,2,79,22.633333333333333,-0.9319807887077332,0.3979260407550693
COHFACE_s27_session3_natural,2,80,22.666666666666668,-0.1867222934961319,0.8824990118067749
COHFACE_s27_session3_natural,2,81,22.7,0.8641335964202881,1.3235452339092273
COHFACE_s27_session3_natural,2,82,22.733333333333334,1.617050290107727,1.6933806959826552
COHFACE_s27_session3_natural,2,83,22.766666666666666,1.852109432220459,1.9637448913929267
COHFACE_s27_session3_natural,2,84,22.8,1.7795171737670898,2.1066516417991203
COHFACE_s27_session3_natural,2,85,22.833333333333332,1.6826591491699219,2.099856641500409
COHFACE_s27_session3_natural,2,86,22.866666666666667,1.6466858386993408,1.9347262208886746
COHFACE_s27_session3_natural,2,87,22.9,1.5674623250961304,1.6218876832656706
COHFACE_s27_session3_natural,2,88,22.933333333333334,1.4688730239868164,1.1913182576256325
COHFACE_s27_session3_natural,2,89,22.966666666666665,1.408017635345459,0.6856233885928922
COHFACE_s27_session3_natural,2,90,23.0,1.3757413625717163,0.14979357011985225
COHFACE_s27_session3_natural,2,91,23.033333333333335,1.2931435108184814,-0.3755005133313994
COHFACE_s27_session3_natural,2,92,23.066666666666666,1.1285934448242188,-0.8555225862757412
COHFACE_s27_session3_natural,2,93,23.1,0.8986397981643677,-1.2621549996800192
COHFACE_s27_session3_natural,2,94,23.133333333333333,0.6273726224899292,-1.5751583153897835
COHFACE_s27_session3_natural,2,95,23.166666666666668,0.38808828592300415,-1.7823596259381675
COHFACE_s27_session3_natural,2,96,23.2,0.1918780654668808,-1.8783722032532881
COHFACE_s27_session3_natural,2,97,23.233333333333334,0.01694081351161003,-1.8628486249911083
COHFACE_s27_session3_natural,2,98,23.266666666666666,-0.11407139897346497,-1.7391994693484198
COHFACE_s27_session3_natural,2,99,23.3,-0.2131301313638687,-1.5144300652328557
COHFACE_s27_session3_natural,2,100,23.333333333333332,-0.34311535954475403,-1.1999378725709942
COHFACE_s27_session3_natural,2,101,23.366666666666667,-0.46142247319221497,-0.8123593932755192
COHFACE_s27_session3_natural,2,102,23.4,-0.5761498808860779,-0.3738290006790617
COHFACE_s27_session3_natural,2,103,23.433333333333334,-0.7053722143173218,0.0885638046033414
COHFACE_s27_session3_natural,2,104,23.466666666666665,-0.868954062461853,0.5441029101688513
COHFACE_s27_session3_natural,2,105,23.5,-1.0058053731918335,0.9603195411614345
COHFACE_s27_session3_natural,2,106,23.533333333333335,-0.9314526319503784,1.3055427386981657
COHFACE_s27_session3_natural,2,107,23.566666666666666,-0.25728991627693176,1.5525200882389998
COHFACE_s27_session3_natural,2,108,23.6,0.7939767241477966,1.6824260919384035
COHFACE_s27_session3_natural,2,109,23.633333333333333,1.564968228340149,1.6875665991858007
COHFACE_s27_session3_natural,2,110,23.666666666666668,1.814551591873169,1.5719181446621597
COHFACE_s27_session3_natural,2,111,23.7,1.734887957572937,1.3496331308675007
COHFACE_s27_session3_natural,2,112,23.733333333333334,1.618370771408081,1.0422385314911213
COHFACE_s27_session3_natural,2,113,23.766666666666666,1.5921095609664917,0.6756856276737723
COHFACE_s27_session3_natural,2,114,23.8,1.5101573467254639,0.27789183172309734
COHFACE_s27_session3_natural,2,115,23.833333333333332,1.3801426887512207,-0.123180282584394
COHFACE_s27_session3_natural,2,116,23.866666666666667,1.2921459674835205,-0.5008772872123558
COHFACE_s27_session3_natural,2,117,23.9,1.081470012664795,-0.8305697933342611
COHFACE_s27_session3_natural,2,118,23.933333333333334,0.849169135093689,-1.09054943206678
COHFACE_s27_session3_natural,2,119,23.966666666666665,0.7483792304992676,-1.2645434514363183
COHFACE_s27_session3_natural,2,120,24.0,0.5443346500396729,-1.3453413306455138
COHFACE_s27_session3_natural,2,121,24.033333333333335,0.27752748131752014,-1.3371416239777631
COHFACE_s27_session3_natural,2,122,24.066666666666666,0.05957480147480965,-1.2548633525626285
COHFACE_s27_session3_natural,2,123,24.1,-0.12536808848381042,-1.1197662968523714
COHFACE_s27_session3_natural,2,124,24.133333333333333,-0.26236608624458313,-0.9527604134922752
COHFACE_s27_session3_natural,2,125,24.166666666666668,-0.3649751842021942,-0.7685804023622709
COHFACE_s27_session3_natural,2,126,24.2,-0.4627722203731537,-0.5731135494902259
COHFACE_s27_session3_natural,2,127,24.233333333333334,-0.56086266040802,-0.36481158739512376
COHFACE_s27_session3_natural,2,128,24.266666666666666,-0.6625915169715881,-0.13948947926484723
COHFACE_s27_session3_natural,2,129,24.3,-0.7555471062660217,0.10366621196002046
COHFACE_s27_session3_natural,2,130,24.333333333333332,-0.8652569651603699,0.35830290869637094
COHFACE_s27_session3_natural,2,131,24.366666666666667,-1.0264915227890015,0.6131689920367889
COHFACE_s27_session3_natural,2,132,24.4,-1.1763999462127686,0.8578425658102745
COHFACE_s27_session3_natural,2,133,24.433333333333334,-1.218300461769104,1.0836254264301968
COHFACE_s27_session3_natural,2,134,24.466666666666665,-0.755018949508667,1.2788111352795808
COHFACE_s27_session3_natural,2,135,24.5,0.24108466506004333,1.4252683345275496
COHFACE_s27_session3_natural,2,136,24.533333333333335,1.1274197101593018,1.4999735747498095
COHFACE_s27_session3_natural,2,137,24.566666666666666,1.5091010332107544,1.480807320232469
COHFACE_s27_session3_natural,2,138,24.6,1.4844536781311035,1.3541701303622111
COHFACE_s27_session3_natural,2,139,24.633333333333333,1.3434357643127441,1.120747399789267
COHFACE_s27_session3_natural,2,140,24.666666666666668,1.2456094026565552,0.7971001479137253
COHFACE_s27_session3_natural,2,141,24.7,1.114743947982788,0.41258394921302066
COHFACE_s27_session3_natural,2,142,24.733333333333334,0.973960816860199,0.003060010322664305
COHFACE_s27_session3_natural,2,143,24.766666666666666,0.9428876042366028,-0.395515019188681
COHFACE_s27_session3_natural,2,144,24.8,0.963250994682312,-0.7517387044281646
COHFACE_s27_session3_natural,2,145,24.833333333333332,0.9469074606895447,-1.0412936178044216
COHFACE_s27_session3_natural,2,146,24.866666666666667,0.8093226552009583,-1.247903470481516
COHFACE_s27_session3_natural,2,147,24.9,0.5681897401809692,-1.3638775390796591
COHFACE_s27_session3_natural,2,148,24.933333333333334,0.28468695282936096,-1.3901667037859315
COHFACE_s27_session3_natural,2,149,24.966666666666665,0.03026210144162178,-1.334631465304017
COHFACE_s27_session3_natural,2,150,25.0,-0.18496176600456238,-1.2087723870018812
COHFACE_s27_session3_natural,2,151,25.033333333333335,-0.3617769181728363,-1.0247344249188404
COHFACE_s27_session3_natural,2,152,25.066666666666666,-0.48028942942619324,-0.7939024811256533
COHFACE_s27_session3_natural,2,153,25.1,-0.5816954970359802,-0.527619867188429
COHFACE_s27_session3_natural,2,154,25.133333333333333,-0.6629142761230469,-0.23933423005294138
COHFACE_s27_session3_natural,2,155,25.166666666666668,-0.7495026588439941,0.05357556594352023
COHFACE_s27_session3_natural,2,156,25.2,-0.8462139964103699,0.3298054516684337
COHFACE_s27_session3_natural,2,157,25.233333333333334,-0.9829479455947876,0.5668594029080504
COHFACE_s27_session3_natural,2,158,25.266666666666666,-1.1497280597686768,0.7449835026898555
COHFACE_s27_session3_natural,2,159,25.3,-1.295587420463562,0.8487428481337833
COHFACE_s27_session3_natural,2,160,25.333333333333332,-1.387251853942871,0.866880348327799
COHFACE_s27_session3_natural,2,161,25.366666666666667,-1.1823270320892334,0.7950157688400659
COHFACE_s27_session3_natural,2,162,25.4,-0.3759784698486328,0.6413343094787128
COHFACE_s27_session3_natural,2,163,25.433333333333334,0.5997030735015869,0.43081349935183494
COHFACE_s27_session3_natural,2,164,25.466666666666665,1.1655642986297607,0.2035828646280447
COHFACE_s27_session3_natural,2,165,25.5,1.2423818111419678,0.004284415106294492
COHFACE_s27_session3_natural,2,166,25.533333333333335,1.0731955766677856,-0.133026671093106
COHFACE_s27_session3_natural,2,167,25.566666666666666,0.8720852732658386,-0.1932163053007941
COHFACE_s27_session3_natural,2,168,25.6,0.6973240375518799,-0.178793392600627
COHFACE_s27_session3_natural,2,169,25.633333333333333,0.5592697858810425,-0.10508566711862449
COHFACE_s27_session3_natural,2,170,25.666666666666668,0.5507898926734924,0.0051605492412300225
COHFACE_s27_session3_natural,2,171,25.7,0.6584165096282959,0.1286113970003821
COHFACE_s27_session3_natural,2,172,25.733333333333334,0.7008451223373413,0.24710709953682436
COHFACE_s27_session3_natural,2,173,25.766666666666666,0.5982359647750854,0.3469873368789973
COHFACE_s27_session3_natural,2,174,25.8,0.36925071477890015,0.4140396369350036
COHFACE_s27_session3_natural,2,175,25.833333333333332,0.10405733436346054,0.43293252404908306
COHFACE_s27_session3_natural,2,176,25.866666666666667,-0.12648308277130127,0.3932505190520688
COHFACE_s27_session3_natural,2,177,25.9,-0.34349682927131653,0.29684596735091334
COHFACE_s27_session3_natural,2,178,25.933333333333334,-0.5265031456947327,0.1604782140410448
COHFACE_s27_session3_natural,2,179,25.966666666666665,-0.6789350509643555,0.008596342939081406
COHFACE_s27_session3_natural,2,180,26.0,-0.7800183892250061,-0.13956894306034107
COHFACE_s27_session3_natural,2,181,26.033333333333335,-0.8245889544487,-0.2761454848580762
COHFACE_s27_session3_natural,2,182,26.066666666666666,-0.8632617592811584,-0.40128773316999145
COHFACE_s27_session3_natural,2,183,26.1,-0.9531657695770264,-0.5180105954659058
COHFACE_s27_session3_natural,2,184,26.133333333333333,-1.06052827835083,-0.6285394396004096
COHFACE_s27_session3_natural,2,185,26.166666666666668,-1.144299864768982,-0.7304037481570743
COHFACE_s27_session3_natural,2,186,26.2,-1.215307593345642,-0.8131765146106295
COHFACE_s27_session3_natural,2,187,26.233333333333334,-1.0780454874038696,-0.8593528112920495
COHFACE_s27_session3_natural,2,188,26.266666666666666,-0.3511844277381897,-0.8494856224260947
COHFACE_s27_session3_natural,2,189,26.3,0.7064787745475769,-0.7682478566677209
COHFACE_s27_session3_natural,2,190,26.333333333333332,1.4122722148895264,-0.608970743480877
COHFACE_s27_session3_natural,2,191,26.366666666666667,1.6161993741989136,-0.3756011796991814
COHFACE_s27_session3_natural,2,192,26.4,1.5182557106018066,-0.08222408691422375
COHFACE_s27_session3_natural,2,193,26.433333333333334,1.3570798635482788,0.24864841233069
COHFACE_s27_session3_natural,2,194,26.466666666666665,1.2253340482711792,0.5882330241683352
COHFACE_s27_session3_natural,2,195,26.5,1.0685302019119263,0.9038885157925638
COHFACE_s27_session3_natural,2,196,26.533333333333335,0.9961140751838684,1.162094174811207
COHFACE_s27_session3_natural,2,197,26.566666666666666,1.023871660232544,1.3325982155333844
COHFACE_s27_session3_natural,2,198,26.6,1.0283902883529663,1.3934354505404043
COHFACE_s27_session3_natural,2,199,26.633333333333333,0.955123245716095,1.3355231483669117
COHFACE_s27_session3_natural,2,200,26.666666666666668,0.7693881392478943,1.1650289225964652
COHFACE_s27_session3_natural,2,201,26.7,0.4931034445762634,0.9015694904647575
COHFACE_s27_session3_natural,2,202,26.733333333333334,0.2162906378507614,0.5726993913938889
COHFACE_s27_session3_natural,2,203,26.766666666666666,-0.03103342279791832,0.20748959233986738
COHFACE_s27_session3_natural,2,204,26.8,-0.2454357147216797,-0.16808241563577245
COHFACE_s27_session3_natural,2,205,26.833333333333332,-0.41676390171051025,-0.5318777721178443
COHFACE_s27_session3_natural,2,206,26.866666666666667,-0.5282930135726929,-0.8634545398664131
COHFACE_s27_session3_natural,2,207,26.9,-0.6013253331184387,-1.1427131889861686
COHFACE_s27_session3_natural,2,208,26.933333333333334,-0.7125903367996216,-1.3506861950508073
COHFACE_s27_session3_natural,2,209,26.966666666666665,-0.8420181274414062,-1.4711609547509854
COHFACE_s27_session3_natural,2,210,27.0,-0.9622324705123901,-1.4925234066388495
COHFACE_s27_session3_natural,2,211,27.033333333333335,-1.081771969795227,-1.4100486520518347
COHFACE_s27_session3_natural,2,212,27.066666666666666,-1.2165398597717285,-1.2281132668548136
COHFACE_s27_session3_natural,2,213,27.1,-1.138548731803894,-0.9611144003081256
COHFACE_s27_session3_natural,2,214,27.133333333333333,-0.3507443070411682,-0.6322257920305584
COHFACE_s27_session3_natural,2,215,27.166666666666668,0.876339852809906,-0.2697002330778171
COHFACE_s27_session3_natural,2,216,27.2,1.7767884731292725,0.09801565513996645
COHFACE_s27_session3_natural,2,217,27.233333333333334,2.1094391345977783,0.44578066944426087
COHFACE_s27_session3_natural,2,218,27.266666666666666,2.0883421897888184,0.7529365647753683
COHFACE_s27_session3_natural,2,219,27.3,1.987699031829834,1.0030218413426752
COHFACE_s27_session3_natural,2,220,27.333333333333332,1.9295724630355835,1.1836410596316573
COHFACE_s27_session3_natural,2,221,27.366666666666667,1.828489065170288,1.288368031934654
COHFACE_s27_session3_natural,2,222,27.4,1.7017902135849,1.3192245794208741
COHFACE_s27_session3_natural,2,223,27.433333333333334,1.5838351249694824,1.2853375111287964
COHFACE_s27_session3_natural,2,224,27.466666666666665,1.505433201789856,1.1978140061218416
COHFACE_s27_session3_natural,2,225,27.5,1.3889453411102295,1.0653702913941212
COHFACE_s27_session3_natural,2,226,27.533333333333335,1.1645079851150513,0.8930260079154009
COHFACE_s27_session3_natural,2,227,27.566666666666666,0.8568567633628845,0.6834069156042081
COHFACE_s27_session3_natural,2,228,27.6,0.519775390625,0.4394617108482108
COHFACE_s27_session3_natural,2,229,27.633333333333333,0.20757605135440826,0.16698427958926446
COHFACE_s27_session3_natural,2,230,27.666666666666668,-0.04925483092665672,-0.12387050158968912
COHFACE_s27_session3_natural,2,231,27.7,-0.24605190753936768,-0.4179645042414162
COHFACE_s27_session3_natural,2,232,27.733333333333334,-0.3954028785228729,-0.6958690205102331
COHFACE_s27_session3_natural,2,233,27.766666666666666,-0.5423184633255005,-0.9367323957655416
COHFACE_s27_session3_natural,2,234,27.8,-0.6753553152084351,-1.1224186765887567
COHFACE_s27_session3_natural,2,235,27.833333333333332,-0.7704821825027466,-1.2404149529025001
COHFACE_s27_session3_natural,2,236,27.866666666666667,-0.9119401574134827,-1.2843975552724856
COHFACE_s27_session3_natural,2,237,27.9,-1.0942716598510742,-1.2529724339814812
COHFACE_s27_session3_natural,2,238,27.933333333333334,-1.239925503730774,-1.1478676870388742
COHFACE_s27_session3_natural,2,239,27.966666666666665,-1.182444453239441,-0.9732690247582777
COHFACE_s27_session3_natural,2,240,28.0,-0.48028942942619324,-0.7364992745163701
COHFACE_s27_session3_natural,2,241,28.033333333333335,0.7126112580299377,-0.4487223537738864
COHFACE_s27_session3_natural,2,242,28.066666666666666,1.639790415763855,-0.12550246482769908
COHFACE_s27_session3_natural,2,243,28.1,2.0030155181884766,0.21179339238094347
COHFACE_s27_session3_natural,2,244,28.133333333333333,1.9727052450180054,0.5349209056532107
COHFACE_s27_session3_natural,2,245,28.166666666666668,1.829662799835205,0.8110505028745
COHFACE_s27_session3_natural,2,246,28.2,1.737352728843689,1.0088349612119394
COHFACE_s27_session3_natural,2,247,28.233333333333334,1.6106830835342407,1.1058041052480567
COHFACE_s27_session3_natural,2,248,28.266666666666666,1.4194316864013672,1.093708525519829
COHFACE_s27_session3_natural,2,249,28.3,1.2993347644805908,0.9782673221294332
COHFACE_s27_session3_natural,2,250,28.333333333333332,1.2266838550567627,0.7750940450828495
COHFACE_s27_session3_natural,2,251,28.366666666666667,1.1091690063476562,0.5083210186964723
COHFACE_s27_session3_natural,2,252,28.4,0.9073544144630432,0.21195758011630858
COHFACE_s27_session3_natural,2,253,28.433333333333334,0.6141687035560608,-0.07242655093026436
COHFACE_s27_session3_natural,2,254,28.466666666666665,0.28653550148010254,-0.30355593544249615
COHFACE_s27_session3_natural,2,255,28.5,0.006935178302228451,-0.45045291269986876
COHFACE_s27_session3_natural,2,256,28.533333333333335,-0.23073536157608032,-0.5006146249610491
COHFACE_s27_session3_natural,2,257,28.566666666666666,-0.4381248950958252,-0.46263366648325105
COHFACE_s27_session3_natural,2,258,28.6,-0.599300742149353,-0.36225679013583884
COHFACE_s27_session3_natural,2,259,28.633333333333333,-0.7388221621513367,-0.23380654055882283
COHFACE_s27_session3_natural,2,260,28.666666666666668,-0.8502925634384155,-0.11012318473551569
COHFACE_s27_session3_natural,2,261,28.7,-0.9642570614814758,-0.014801328398996807
COHFACE_s27_session3_natural,2,262,28.733333333333334,-1.0896356105804443,0.04095313231362729
COHFACE_s27_session3_natural,2,263,28.766666666666666,-1.2278366088867188,0.056362414154334566
COHFACE_s27_session3_natural,2,264,28.8,-1.4027152061462402,0.036324015353848174
COHFACE_s27_session3_natural,2,265,28.833333333333332,-1.505500316619873,-0.011674934362878822
COHFACE_s27_session3_natural,2,266,28.866666666666667,-1.1454734802246094,-0.07751923342474282
COHFACE_s27_session3_natural,2,267,28.9,-0.09209421277046204,-0.14717063052371918
COHFACE_s27_session3_natural,2,268,28.933333333333334,1.058201789855957,-0.2026607092273131
COHFACE_s27_session3_natural,2,269,28.966666666666665,1.696919322013855,-0.2258270430323497
COHFACE_s27_session3_natural,2,270,29.0,1.779341220855713,-0.20443521736678208
COHFACE_s27_session3_natural,2,271,29.033333333333335,1.6255007982254028,-0.13579129103772575
COHFACE_s27_session3_natural,2,272,29.066666666666666,1.4809032678604126,-0.026566918276715378
COHFACE_s27_session3_natural,2,273,29.1,1.3560235500335693,0.10857860391668393
COHFACE_s27_session3_natural,2,274,29.133333333333333,1.2003639936447144,0.2487326945963064
COHFACE_s27_session3_natural,2,275,29.166666666666668,1.0702908039093018,0.3699281021774287
COHFACE_s27_session3_natural,2,276,29.2,1.0063837766647339,0.44975918926724356
COHFACE_s27_session3_natural,2,277,29.233333333333334,0.9552406072616577,0.4720803711079919
COHFACE_s27_session3_natural,2,278,29.266666666666666,0.8152790665626526,0.430193651367013
COHFACE_s27_session3_natural,2,279,29.3,0.5640525221824646,0.32697954242418215
COHFACE_s27_session3_natural,2,280,29.333333333333332,0.24240505695343018,0.17266308029408256
COHFACE_s27_session3_natural,2,281,29.366666666666667,-0.06096230447292328,-0.017084529135658437
COHFACE_s27_session3_natural,2,282,29.4,-0.30379703640937805,-0.22181434716558066
COHFACE_s27_session3_natural,2,283,29.433333333333334,-0.48906269669532776,-0.41685857292988454
COHFACE_s27_session3_natural,2,284,29.466666666666665,-0.6557254791259766,-0.575136604701956
COHFACE_s27_session3_natural,2,285,29.5,-0.7980636954307556,-0.6713447014150816
COHFACE_s27_session3_natural,2,286,29.533333333333335,-0.9112946391105652,-0.6876371640657317
COHFACE_s27_session3_natural,2,287,29.566666666666666,-0.986175537109375,-0.6179828783085385
COHFACE_s27_session3_natural,2,288,29.6,-1.097176432609558,-0.4695817265338978
COHFACE_s27_session3_natural,2,289,29.633333333333333,-1.2383410930633545,-0.26124986449977133
COHFACE_s27_session3_natural,2,290,29.666666666666668,-1.4045636653900146,-0.01945940334320027
COHFACE_s27_session3_natural,2,291,29.7,-1.5701408386230469,0.22665463199358307
COHFACE_s27_session3_natural,2,292,29.733333333333334,-1.4648323059082031,0.4497127205004689
COHFACE_s27_session3_natural,2,293,29.766666666666666,-0.6975672245025635,0.6263300503284498
COHFACE_s27_session3_natural,2,294,29.8,0.43139714002609253,0.7378455745831329
COHFACE_s27_session3_natural,2,295,29.833333333333332,1.1892727613449097,0.7721729156133669
COHFACE_s27_session3_natural,2,296,29.866666666666667,1.3836344480514526,0.7267798935971863
COHFACE_s27_session3_natural,2,297,29.9,1.2207274436950684,0.6100991476574439
COHFACE_s27_session3_natural,2,298,29.933333333333334,1.0154211521148682,0.44014314271599114
COHFACE_s27_session3_natural,2,299,29.966666666666665,0.817626416683197,0.2409039366547835
COHFACE_s27_session3_natural,3,0,30.0,0.6279594898223877,0.1433481999374154
COHFACE_s27_session3_natural,3,1,30.033333333333335,0.5692167282104492,0.30089355475642793
COHFACE_s27_session3_natural,3,2,30.066666666666666,0.6037523150444031,0.48499095756567034
COHFACE_s27_session3_natural,3,3,30.1,0.645652711391449,0.7110511064982707
COHFACE_s27_session3_natural,3,4,30.133333333333333,0.5797211527824402,0.9687512901389452
COHFACE_s27_session3_natural,3,5,30.166666666666668,0.34700945019721985,1.222307259602256
COHFACE_s27_session3_natural,3,6,30.2,0.06124729663133621,1.422996015409459
COHFACE_s27_session3_natural,3,7,30.233333333333334,-0.2077605426311493,1.5279861443634206
COHFACE_s27_session3_natural,3,8,30.266666666666666,-0.4527078866958618,1.5153620570623936
COHFACE_s27_session3_natural,3,9,30.3,-0.5876812934875488,1.383464304286631
COHFACE_s27_session3_natural,3,10,30.333333333333332,-0.6837764978408813,1.1387151477278392
COHFACE_s27_session3_natural,3,11,30.366666666666667,-0.8233272433280945,0.7908141060453064
COHFACE_s27_session3_natural,3,12,30.4,-0.9646971821784973,0.3591568796538041
COHFACE_s27_session3_natural,3,13,30.433333333333334,-1.0336216688156128,-0.12172964966035237
COHFACE_s27_session3_natural,3,14,30.466666666666665,-1.105715036392212,-0.6045134128071865
COHFACE_s27_session3_natural,3,15,30.5,-1.2412753105163574,-1.0385425715424468
COHFACE_s27_session3_natural,3,16,30.533333333333335,-1.3760432004928589,-1.3817790548710847
COHFACE_s27_session3_natural,3,17,30.566666666666666,-1.4996318817138672,-1.6074760000578636
COHFACE_s27_session3_natural,3,18,30.6,-1.3234035968780518,-1.7041277819801548
COHFACE_s27_session3_natural,3,19,30.633333333333333,-0.41541415452957153,-1.673629177126032
COHFACE_s27_session3_natural,3,20,30.666666666666668,0.7632262706756592,-1.5295907358436784
COHFACE_s27_session3_natural,3,21,30.7,1.5282906293869019,-1.294232388267635
COHFACE_s27_session3_natural,3,22,30.733333333333334,1.7255572080612183,-0.9940303723055204
COHFACE_s27_session3_natural,3,23,30.766666666666666,1.5865932703018188,-0.6561425823187043
COHFACE_s27_session3_natural,3,24,30.8,1.3995964527130127,-0.306026990616513
COHFACE_s27_session3_natural,3,25,30.833333333333332,1.2478101253509521,0.034918500593615565
COHFACE_s27_session3_natural,3,26,30.866666666666667,1.0779783725738525,0.351570258445208
COHFACE_s27_session3_natural,3,27,30.9,0.9972290396690369,0.6356693544224816
COHFACE_s27_session3_natural,3,28,30.933333333333334,1.0304442644119263,0.8839620993828238
COHFACE_s27_session3_natural,3,29,30.966666666666665,1.002627968788147,1.0939796016381798
COHFACE_s27_session3_natural,3,30,31.0,0.8660701513290405,1.2594861424741721
COHFACE_s27_session3_natural,3,31,31.033333333333335,0.627020537853241,1.3691242682996636
COHFACE_s27_session3_natural,3,32,31.066666666666666,0.2925799489021301,1.409230651027801
COHFACE_s27_session3_natural,3,33,31.1,-0.024490147829055786,1.3689974889362282
COHFACE_s27_session3_natural,3,34,31.133333333333333,-0.3001292943954468,1.2454258777615252
COHFACE_s27_session3_natural,3,35,31.166666666666668,-0.4971610903739929,1.0453733778514236
COHFACE_s27_session3_natural,3,36,31.2,-0.6353034377098083,0.7840713862140135
COHFACE_s27_session3_natural,3,37,31.233333333333334,-0.7738271951675415,0.48165954641324066
COHFACE_s27_session3_natural,3,38,31.266666666666666,-0.8868527412414551,0.15925140706331006
COHFACE_s27_session3_natural,3,39,31.3,-1.003164529800415,-0.16431943966511742
COHFACE_s27_session3_natural,3,40,31.333333333333332,-1.1109966039657593,-0.473750354947766
COHFACE_s27_session3_natural,3,41,31.366666666666667,-1.2217334508895874,-0.7553102233483528
COHFACE_s27_session3_natural,3,42,31.4,-1.3611668348312378,-0.9937486371813424
COHFACE_s27_session3_natural,3,43,31.433333333333334,-1.5208755731582642,-1.1728700502139318
COHFACE_s27_session3_natural,3,44,31.466666666666665,-1.6324926614761353,-1.2799340716074408
COHFACE_s27_session3_natural,3,45,31.5,-1.354828953742981,-1.3093401163996385
COHFACE_s27_session3_natural,3,46,31.533333333333335,-0.2890966832637787,-1.2633487227449496
COHFACE_s27_session3_natural,3,47,31.566666666666666,1.0293586254119873,-1.1504491712722622
COHFACE_s27_session3_natural,3,48,31.6,1.8640222549438477,-0.9825956359635921
COHFACE_s27_session3_natural,3,49,31.633333333333333,2.0725269317626953,-0.7728228520450017
COHFACE_s27_session3_natural,3,50,31.666666666666668,1.908299446105957,-0.53370468650693
COHFACE_s27_session3_natural,3,51,31.7,1.7090083360671997,-0.27603489003884496
COHFACE_s27_session3_natural,3,52,31.733333333333334,1.6147029399871826,-0.008233807864040932
COHFACE_s27_session3_natural,3,53,31.766666666666666,1.468022108078003,0.26200142758341655
COHFACE_s27_session3_natural,3,54,31.8,1.289035677909851,0.5247060994548604
COHFACE_s27_session3_natural,3,55,31.833333333333332,1.2065845727920532,0.7664388616711125
COHFACE_s27_session3_natural,3,56,31.866666666666667,1.1432350873947144,0.9719268642286604
COHFACE_s27_session3_natural,3,57,31.9,0.9885144829750061,1.1273055840301067
COHFACE_s27_session3_natural,3,58,31.933333333333334,0.7550691962242126,1.2227120098165476
COHFACE_s27_session3_natural,3,59,31.966666666666665,0.4258514940738678,1.2515983944390363
COHFACE_s27_session3_natural,3,60,32.0,0.06811333447694778,1.20805276387663
COHFACE_s27_session3_natural,3,61,32.03333333333333,-0.20280173420906067,1.0869507081056093
COHFACE_s27_session3_natural,3,62,32.06666666666667,-0.4216640293598175,0.8874398643645318
COHFACE_s27_session3_natural,3,63,32.1,-0.6298457980155945,0.6157680722277104
COHFACE_s27_session3_natural,3,64,32.13333333333333,-0.8068956732749939,0.2857019454350208
COHFACE_s27_session3_natural,3,65,32.166666666666664,-0.9286357760429382,-0.08254787900934236
COHFACE_s27_session3_natural,3,66,32.2,-1.0775467157363892,-0.463740695325304
COHFACE_s27_session3_natural,3,67,32.233333333333334,-1.198494553565979,-0.8283128574815997
COHFACE_s27_session3_natural,3,68,32.266666666666666,-1.3119308948516846,-1.1430425295010487
COHFACE_s27_session3_natural,3,69,32.3,-1.4294750690460205,-1.3738188834856768
COHFACE_s27_session3_natural,3,70,32.333333333333336,-1.5596363544464111,-1.4904822567642728
COHFACE_s27_session3_natural,3,71,32.36666666666667,-1.7064052820205688,-1.4714252290642664
COHFACE_s27_session3_natural,3,72,32.4,-1.8102761507034302,-1.3072868401090256
COHFACE_s27_session3_natural,3,73,32.43333333333333,-1.5404467582702637,-1.0047233823091033
COHFACE_s27_session3_natural,3,74,32.46666666666667,-0.4875662326812744,-0.5895075483845733
COHFACE_s27_session3_natural,3,75,32.5,0.8506655693054199,-0.10652671017626306
COHFACE_s27_session3_natural,3,76,32.53333333333333,1.6735044717788696,0.38567637141828903
COHFACE_s27_session3_natural,3,77,32.56666666666667,1.8244985342025757,0.8273484031647498
COHFACE_s27_session3_natural,3,78,32.6,1.4550529718399048,1.1722926860405867
COHFACE_s27_session3_natural,3,79,32.63333333333333,0.9747236967086792,1.3950527614940116
COHFACE_s27_session3_natural,3,80,32.666666666666664,0.9315028786659241,1.4876888420873415
COHFACE_s27_session3_natural,3,81,32.7,0.8952948451042175,1.4510181528776762
COHFACE_s27_session3_natural,3,82,32.733333333333334,0.7944169044494629,1.2875646004202186
COHFACE_s27_session3_natural,3,83,32.766666666666666,0.797556459903717,1.0039087638037076
COHFACE_s27_session3_natural,3,84,32.8,0.8055081963539124,0.6197408139724212
COHFACE_s27_session3_natural,3,85,32.833333333333336,0.74928879737854,0.17130188597935128
COHFACE_s27_session3_natural,3,86,32.86666666666667,0.5368524193763733,-0.29511538185951325
COHFACE_s27_session3_natural,3,87,32.9,0.22136680781841278,-0.7347183300249793
COHFACE_s27_session3_natural,3,88,32.93333333333333,-0.0897761881351471,-1.1136210996746492
COHFACE_s27_session3_natural,3,89,32.96666666666667,-0.3705795109272003,-1.4084385159281698
COHFACE_s27_session3_natural,3,90,33.0,-0.5832799673080444,-1.5985678277332764
COHFACE_s27_session3_natural,3,91,33.03333333333333,-0.7370322942733765,-1.6630593470519275
COHFACE_s27_session3_natural,3,92,33.06666666666667,-0.8987362384796143,-1.585868881468573
COHFACE_s27_session3_natural,3,93,33.1,-1.0198014974594116,-1.3641087831667382
COHFACE_s27_session3_natural,3,94,33.13333333333333,-1.1101750135421753,-1.013586964420613
COHFACE_s27_session3_natural,3,95,33.166666666666664,-1.2312989234924316,-0.5670744993605991
COHFACE_s27_session3_natural,3,96,33.2,-1.3505157232284546,-0.06685034403554606
COHFACE_s27_session3_natural,3,97,33.233333333333334,-1.4695563316345215,0.4412678459392345
COHFACE_s27_session3_natural,3,98,33.266666666666666,-1.6163545846939087,0.9102935145373181
COHFACE_s27_session3_natural,3,99,33.3,-1.7796430587768555,1.2942592143126608
COHFACE_s27_session3_natural,3,100,33.333333333333336,-1.8543771505355835,1.5526579753673857
COHFACE_s27_session3_natural,3,101,33.36666666666667,-1.3872812986373901,1.6577155084154596
COHFACE_s27_session3_natural,3,102,33.4,-0.24156257510185242,1.6023450422724794
COHFACE_s27_session3_natural,3,103,33.43333333333333,0.8875778317451477,1.4042790155635594
COHFACE_s27_session3_natural,3,104,33.46666666666667,1.4347188472747803,1.1034990910988074
COHFACE_s27_session3_natural,3,105,33.5,1.4140328168869019,0.7524545970823415
COHFACE_s27_session3_natural,3,106,33.53333333333333,1.153123378753662,0.4024233417845934
COHFACE_s27_session3_natural,3,107,33.56666666666667,0.9296543598175049,0.09259765418993965
COHFACE_s27_session3_natural,3,108,33.6,0.7247881889343262,-0.15482246790239354
COHFACE_s27_session3_natural,3,109,33.63333333333333,0.5558954477310181,-0.3341093239847782
COHFACE_s27_session3_natural,3,110,33.666666666666664,0.5243820548057556,-0.4517011763743812
COHFACE_s27_session3_natural,3,111,33.7,0.5692460536956787,-0.5203202845221746
COHFACE_s27_session3_natural,3,112,33.733333333333334,0.5647860765457153,-0.5537589191930224
COHFACE_s27_session3_natural,3,113,33.766666666666666,0.45134973526000977,-0.5641768869480048
COHFACE_s27_session3_natural,3,114,33.8,0.21978233754634857,-0.5616938397168334
COHFACE_s27_session3_natural,3,115,33.833333333333336,-0.11292705684900284,-0.5542001922393369
COHFACE_s27_session3_natural,3,116,33.86666666666667,-0.41635310649871826,-0.5463228813502261
COHFACE_s27_session3_natural,3,117,33.9,-0.6822213530540466,-0.5378437597148303
COHFACE_s27_session3_natural,3,118,33.93333333333333,-0.8695409297943115,-0.5228367423765866
COHFACE_s27_session3_natural,3,119,33.96666666666667,-0.9867036938667297,-0.49141276521091737
COHFACE_s27_session3_natural,3,120,34.0,-1.0876696109771729,-0.43393372544022235
COHFACE_s27_session3_natural,3,121,34.03333333333333,-1.1859362125396729,-0.3454852869209601
COHFACE_s27_session3_natural,3,122,34.06666666666667,-1.2643967866897583,-0.2289034433072046
COHFACE_s27_session3_natural,3,123,34.1,-1.3705856800079346,-0.09548948788820764
COHFACE_s27_session3_natural,3,124,34.13333333333333,-1.508903980255127,0.0367752604886998
COHFACE_s27_session3_natural,3,125,34.166666666666664,-1.6523572206497192,0.1470078790899973
COHFACE_s27_session3_natural,3,126,34.2,-1.7642384767532349,0.21650345729158674
COHFACE_s27_session3_natural,3,127,34.233333333333334,-1.66107177734375,0.23428251454289856
COHFACE_s27_session3_natural,3,128,34.266666666666666,-0.9225326776504517,0.20118759564639224
COHFACE_s27_session3_natural,3,129,34.3,0.1556113064289093,0.12988203525153802
COHFACE_s27_session3_natural,3,130,34.333333333333336,0.8544800281524658,0.04091716587068252
COHFACE_s27_session3_natural,3,131,34.36666666666667,1.041682243347168,-0.04221157159804946
COHFACE_s27_session3_natural,3,132,34.4,0.8983757495880127,-0.09737950468703245
COHFACE_s27_session3_natural,3,133,34.43333333333333,0.6391681432723999,-0.10746316487594192
COHFACE_s27_session3_natural,3,134,34.46666666666667,0.4028179943561554,-0.06340720786171705
COHFACE_s27_session3_natural,3,135,34.5,0.2151169627904892,0.033186924142503633
COHFACE_s27_session3_natural,3,136,34.53333333333333,0.16931402683258057,0.16883255343479792
COHFACE_s27_session3_natural,3,137,34.56666666666667,0.29434046149253845,0.31997405269280743
COHFACE_s27_session3_natural,3,138,34.6,0.4240029454231262,0.45806894396696096
COHFACE_s27_session3_natural,3,139,34.63333333333333,0.3820144832134247,0.5565357454134244
COHFACE_s27_session3_natural,3,140,34.666666666666664,0.1942841112613678,0.5972681032236711
COHFACE_s27_session3_natural,3,141,34.7,-0.07431293278932571,0.5739390565954545
COHFACE_s27_session3_natural,3,142,34.733333333333334,-0.3695819079875946,0.49134994242514524
COHFACE_s27_session3_natural,3,143,34.766666666666666,-0.6277331709861755,0.3622009396318559
COHFACE_s27_session3_natural,3,144,34.8,-0.8215667009353638,0.20352791356484315
COHFACE_s27_session3_natural,3,145,34.833333333333336,-0.9419864416122437,0.035339113141269106
COHFACE_s27_session3_natural,3,146,34.86666666666667,-1.028281331062317,-0.11968617270113355
COHFACE_s27_session3_natural,3,147,34.9,-1.0860852003097534,-0.23981094621271862
COHFACE_s27_session3_natural,3,148,34.93333333333333,-1.1490238904953003,-0.31080571388247635
COHFACE_s27_session3_natural,3,149,34.96666666666667,-1.2643674612045288,-0.3303210142796025
COHFACE_s27_session3_natural,3,150,35.0,-1.3662723302841187,-0.3076838102659449
COHFACE_s27_session3_natural,3,151,35.03333333333333,-1.4281840324401855,-0.2600697250343968
COHFACE_s27_session3_natural,3,152,35.06666666666667,-1.0964722633361816,-0.20699759979588367
COHFACE_s27_session3_natural,3,153,35.1,-0.09394276142120361,-0.1656333734995768
COHFACE_s27_session3_natural,3,154,35.13333333333333,0.9936493635177612,-0.1482901668060755
COHFACE_s27_session3_natural,3,155,35.166666666666664,1.5424041748046875,-0.16217938537596452
COHFACE_s27_session3_natural,3,156,35.2,1.5607722997665405,-0.2095886307660269
COHFACE_s27_session3_natural,3,157,35.233333333333334,1.345284342765808,-0.2853915262024984
COHFACE_s27_session3_natural,3,158,35.266666666666666,1.119585394859314,-0.37357200903720045
COHFACE_s27_session3_natural,3,159,35.3,0.8875485062599182,-0.44879489688744845
COHFACE_s27_session3_natural,3,160,35.333333333333336,0.7363783121109009,-0.48371105945651516
COHFACE_s27_session3_natural,3,161,35.36666666666667,0.7388724088668823,-0.4570470769252368
COHFACE_s27_session3_natural,3,162,35.4,0.8195043206214905,-0.3591894684658893
COHFACE_s27_session3_natural,3,163,35.43333333333333,0.8661288022994995,-0.19432533779815953
COHFACE_s27_session3_natural,3,164,35.46666666666667,0.7513427734375,0.020578160638413258
COHFACE_s27_session3_natural,3,165,35.5,0.49504002928733826,0.2586534663805396
COHFACE_s27_session3_natural,3,166,35.53333333333333,0.18595096468925476,0.48701675405010597
COHFACE_s27_session3_natural,3,167,35.56666666666667,-0.10207050293684006,0.6713980080557039
COHFACE_s27_session3_natural,3,168,35.6,-0.3478100895881653,0.7813963880465195
COHFACE_s27_session3_natural,3,169,35.63333333333333,-0.5321367979049683,0.7962054388458569
COHFACE_s27_session3_natural,3,170,35.666666666666664,-0.6396167278289795,0.7094941383757316
COHFACE_s27_session3_natural,3,171,35.7,-0.6967456340789795,0.5311350808911901
COHFACE_s27_session3_natural,3,172,35.733333333333334,-0.7602711915969849,0.2853248072851997
COHFACE_s27_session3_natural,3,173,35.766666666666666,-0.8745877742767334,0.006559770698680725
COHFACE_s27_session3_natural,3,174,35.8,-1.0180410146713257,-0.26520448554235254
COHFACE_s27_session3_natural,3,175,35.833333333333336,-1.119652509689331,-0.4892757028656532
COHFACE_s27_session3_natural,3,176,35.86666666666667,-0.9078909754753113,-0.6292388023469658
COHFACE_s27_session3_natural,3,177,35.9,0.031230388209223747,-0.6596721339808687
COHFACE_s27_session3_natural,3,178,35.93333333333333,1.2686723470687866,-0.5733203583493909
COHFACE_s27_session3_natural,3,179,35.96666666666667,2.096029758453369,-0.38491484533908177
COHFACE_s27_session3_natural,3,180,36.0,2.2960546016693115,-0.129298904631792
COHFACE_s27_session3_natural,3,181,36.03333333333333,2.151398181915283,0.14643647658669137
COHFACE_s27_session3_natural,3,182,36.06666666666667,1.9824761152267456,0.3942909608434501
COHFACE_s27_session3_natural,3,183,36.1,1.84896981716156,0.5752957934070582
COHFACE_s27_session3_natural,3,184,36.13333333333333,1.681514859199524,0.6654239324970375
COHFACE_s27_session3_natural,3,185,36.166666666666664,1.543137788772583,0.657469271935351
COHFACE_s27_session3_natural,3,186,36.2,1.486038088798523,0.5593803406044616
COHFACE_s27_session3_natural,3,187,36.233333333333334,1.4341907501220703,0.3897879790057425
COHFACE_s27_session3_natural,3,188,36.266666666666666,1.3186124563217163,0.17272969709458647
COHFACE_s27_session3_natural,3,189,36.3,1.077684998512268,-0.06559354344333876
COHFACE_s27_session3_natural,3,190,36.333333333333336,0.7359381914138794,-0.29784301436702476
COHFACE_s27_session3_natural,3,191,36.36666666666667,0.39366328716278076,-0.49673119414322325
COHFACE_s27_session3_natural,3,192,36.4,0.12312965840101242,-0.6376470114677708
COHFACE_s27_session3_natural,3,193,36.43333333333333,-0.12032125145196915,-0.7024297952368346
COHFACE_s27_session3_natural,3,194,36.46666666666667,-0.3025353252887726,-0.6831009872962207
COHFACE_s27_session3_natural,3,195,36.5,-0.4543217122554779,-0.5836842638316356
COHFACE_s27_session3_natural,3,196,36.53333333333333,-0.5535858273506165,-0.4196405223170474
COHFACE_s27_session3_natural,3,197,36.56666666666667,-0.6103920340538025,-0.21590695545918
COHFACE_s27_session3_natural,3,198,36.6,-0.7440156936645508,-0.0035363534508485346
COHFACE_s27_session3_natural,3,199,36.63333333333333,-0.93033766746521,0.18597201789792422
COHFACE_s27_session3_natural,3,200,36.666666666666664,-1.065222978591919,0.32758085574733065
COHFACE_s27_session3_natural,3,201,36.7,-0.8661959171295166,0.40790035384731327
COHFACE_s27_session3_natural,3,202,36.733333333333334,0.07236792892217636,0.42664711285747137
COHFACE_s27_session3_natural,3,203,36.766666666666666,1.4151477813720703,0.39374914880252926
COHFACE_s27_session3_natural,3,204,36.8,2.3473737239837646,0.32398175932727813
COHFACE_s27_session3_natural,3,205,36.833333333333336,2.553677558898926,0.23306110164335594
COHFACE_s27_session3_natural,3,206,36.86666666666667,2.4150071144104004,0.13642958387168122
COHFACE_s27_session3_natural,3,207,36.9,2.2546823024749756,0.04905714724017037
COHFACE_s27_session3_natural,3,208,36.93333333333333,2.14332914352417,-0.0153723364506936
COHFACE_s27_session3_natural,3,209,36.96666666666667,1.9921883344650269,-0.046940244263748675
COHFACE_s27_session3_natural,3,210,37.0,1.8031082153320312,-0.0426015707951967
COHFACE_s27_session3_natural,3,211,37.03333333333333,1.6452480554580688,-0.007029463917481214
COHFACE_s27_session3_natural,3,212,37.06666666666667,1.537797451019287,0.04921771159340477
COHFACE_s27_session3_natural,3,213,37.1,1.4086631536483765,0.11204569216364647
COHFACE_s27_session3_natural,3,214,37.13333333333333,1.1448194980621338,0.16589704572854425
COHFACE_s27_session3_natural,3,215,37.166666666666664,0.7655736804008484,0.1962734050293123
COHFACE_s27_session3_natural,3,216,37.2,0.41432008147239685,0.19216573687923744
COHFACE_s27_session3_natural,3,217,37.233333333333334,0.10881074517965317,0.14664884148380872
COHFACE_s27_session3_natural,3,218,37.266666666666666,-0.12032125145196915,0.056156963510583094
COHFACE_s27_session3_natural,3,219,37.3,-0.31576859951019287,-0.0789695273854268
COHFACE_s27_session3_natural,3,220,37.333333333333336,-0.46107038855552673,-0.2523488661780049
COHFACE_s27_session3_natural,3,221,37.36666666666667,-0.582429051399231,-0.4499192591108968
COHFACE_s27_session3_natural,3,222,37.4,-0.7325722575187683,-0.6504107839057587
COHFACE_s27_session3_natural,3,223,37.43333333333333,-0.8595646619796753,-0.8286285104992847
COHFACE_s27_session3_natural,3,224,37.46666666666667,-1.0104120969772339,-0.9598085123667384
COHFACE_s27_session3_natural,3,225,37.5,-1.1933009624481201,-1.021302082905541
COHFACE_s27_session3_natural,3,226,37.53333333333333,-1.314953088760376,-0.9926020592205903
COHFACE_s27_session3_natural,3,227,37.56666666666667,-0.9607066512107849,-0.8590863913335756
COHFACE_s27_session3_natural,3,228,37.6,0.16458997130393982,-0.6189913693399202
COHFACE_s27_session3_natural,3,229,37.63333333333333,1.482839822769165,-0.2872493528311118
COHFACE_s27_session3_natural,3,230,37.666666666666664,2.2753684520721436,0.10660846667823963
COHFACE_s27_session3_natural,3,231,37.7,2.418322801589966,0.5249868320562587
COHFACE_s27_session3_natural,3,232,37.733333333333334,2.2072949409484863,0.9294416772189666
COHFACE_s27_session3_natural,3,233,37.766666666666666,2.02701735496521,1.283495270260536
COHFACE_s27_session3_natural,3,234,37.8,1.9149013757705688,1.5518837732959643
COHFACE_s27_session3_natural,3,235,37.833333333333336,1.7316603660583496,1.7025991658062147
COHFACE_s27_session3_natural,3,236,37.86666666666667,1.5363303422927856,1.7136730532892996
COHFACE_s27_session3_natural,3,237,37.9,1.3934346437454224,1.5815152566297774
COHFACE_s27_session3_natural,3,238,37.93333333333333,1.2453746795654297,1.3253979644364253
COHFACE_s27_session3_natural,3,239,37.96666666666667,1.0527735948562622,0.9818346315306005
COHFACE_s27_session3_natural,3,240,38.0,0.7353513240814209,0.591521446905312
COHFACE_s27_session3_natural,3,241,38.03333333333333,0.34521958231925964,0.18982079318774644
COHFACE_s27_session3_natural,3,242,38.06666666666667,-0.0016326976474374533,-0.19549748420272253
COHFACE_s27_session3_natural,3,243,38.1,-0.27941378951072693,-0.5435732459355883
COHFACE_s27_session3_natural,3,244,38.13333333333333,-0.5005061030387878,-0.8398019395854346
COHFACE_s27_session3_natural,3,245,38.166666666666664,-0.659569263458252,-1.0759098104723892
COHFACE_s27_session3_natural,3,246,38.2,-0.7433114647865295,-1.25002147504127
COHFACE_s27_session3_natural,3,247,38.233333333333334,-0.862469494342804,-1.36480769864511
COHFACE_s27_session3_natural,3,248,38.266666666666666,-1.0038394927978516,-1.423827383692533
COHFACE_s27_session3_natural,3,249,38.3,-1.098496913909912,-1.4282691568053016
COHFACE_s27_session3_natural,3,250,38.333333333333336,-1.2167747020721436,-1.3754675722655858
COHFACE_s27_session3_natural,3,251,38.36666666666667,-1.5428234338760376,-1.259453139501489
COHFACE_s27_session3_natural,3,252,38.4,-1.9247100353240967,-1.0732871864580782
COHFACE_s27_session3_natural,3,253,38.43333333333333,-1.9660823345184326,-0.8124818311266134
COHFACE_s27_session3_natural,3,254,38.46666666666667,-1.5916485786437988,-0.4788395240152214
COHFACE_s27_session3_natural,3,255,38.5,-0.437156617641449,-0.08412341468919055
COHFACE_s27_session3_natural,3,256,38.53333333333333,1.0246344804763794,0.34754494475953945
COHFACE_s27_session3_natural,3,257,38.56666666666667,1.8921613693237305,0.7800154274810285
COHFACE_s27_session3_natural,3,258,38.6,2.021677017211914,1.1689908716026127
COHFACE_s27_session3_natural,3,259,38.63333333333333,1.8418396711349487,1.4693902938478878
COHFACE_s27_session3_natural,3,260,38.666666666666664,1.719336748123169,1.6442572114007155
COHFACE_s27_session3_natural,3,261,38.7,1.6042572259902954,1.671707068962561
COHFACE_s27_session3_natural,3,262,38.733333333333334,1.385424256324768,1.5478055692816826
COHFACE_s27_session3_natural,3,263,38.766666666666666,1.214682936668396,1.2850373188470499
COHFACE_s27_session3_natural,3,264,38.8,1.155852198600769,0.9081262492325483
COHFACE_s27_session3_natural,3,265,38.833333333333336,1.0915637016296387,0.45057243485335885
COHFACE_s27_session3_natural,3,266,38.86666666666667,0.9306519627571106,-0.047061462432515994
COHFACE_s27_session3_natural,3,267,38.9,0.6438041925430298,-0.5385995634368206
COHFACE_s27_session3_natural,3,268,38.93333333333333,0.2948099374771118,-0.9746815662248166
COHFACE_s27_session3_natural,3,269,38.96666666666667,-0.02774711512029171,-1.306734034394651
COHFACE_s27_session3_natural,3,270,39.0,-0.3046773076057434,-1.4933164150108833
COHFACE_s27_session3_natural,3,271,39.03333333333333,-0.5159693360328674,-1.5095116697991224
COHFACE_s27_session3_natural,3,272,39.06666666666667,-0.6688120365142822,-1.355735214414589
COHFACE_s27_session3_natural,3,273,39.1,-0.7919899225234985,-1.0587874818926697
COHFACE_s27_session3_natural,3,274,39.13333333333333,-0.9103556871414185,-0.6643112676838544
COHFACE_s27_session3_natural,3,275,39.166666666666664,-1.0367612838745117,-0.22637103950727266
COHFACE_s27_session3_natural,3,276,39.2,-1.162843942642212,0.20157294560129993
COHFACE_s27_session3_natural,3,277,39.233333333333334,-1.3112560510635376,0.5723840583886602
COHFACE_s27_session3_natural,3,278,39.266666666666666,-1.4811464548110962,0.8482553519225008
COHFACE_s27_session3_natural,3,279,39.3,-1.6479558944702148,1.003657048184119
COHFACE_s27_session3_natural,3,280,39.333333333333336,-1.8150588274002075,1.0290992934188408
COHFACE_s27_session3_natural,3,281,39.36666666666667,-1.8028526306152344,0.934398190165173
COHFACE_s27_session3_natural,3,282,39.4,-1.0876696109771729,0.7487418117037467
COHFACE_s27_session3_natural,3,283,39.43333333333333,0.19921357929706573,0.5141982987801482
COHFACE_s27_session3_natural,3,284,39.46666666666667,1.2129517793655396,0.2743541368071514
COHFACE_s27_session3_natural,3,285,39.5,1.525385856628418,0.06457022357551731
COHFACE_s27_session3_natural,3,286,39.53333333333333,1.3546150922775269,-0.09311717266309512
COHFACE_s27_session3_natural,3,287,39.56666666666667,1.0580257177352905,-0.19141662485879882
COHFACE_s27_session3_natural,3,288,39.6,0.8073567152023315,-0.23629685847941448
COHFACE_s27_session3_natural,3,289,39.63333333333333,0.5765522122383118,-0.24287123928152404
COHFACE_s27_session3_natural,3,290,39.666666666666664,0.47083285450935364,-0.2296129613805429
COHFACE_s27_session3_natural,3,291,39.7,0.5181909203529358,-0.21245139637807403
COHFACE_s27_session3_natural,3,292,39.733333333333334,0.5893747210502625,-0.20059422767216203
COHFACE_s27_session3_natural,3,293,39.766666666666666,0.5445107221603394,-0.1958988054297713
COHFACE_s27_session3_natural,3,294,39.8,0.33597683906555176,-0.19515400343411052
COHFACE_s27_session3_natural,3,295,39.833333333333336,-0.0006937523139640689,-0.19240616062464683
COHFACE_s27_session3_natural,3,296,39.86666666666667,-0.329706072807312,-0.18063428690329222
COHFACE_s27_session3_natural,3,297,39.9,-0.5674352645874023,-0.15435565040496407
COHFACE_s27_session3_natural,3,298,39.93333333333333,-0.7718612551689148,-0.11267639102160869
COHFACE_s27_session3_natural,3,299,39.96666666666667,-0.9104143977165222,-0.06026034466172371
COHFACE_s27_session3_natural,4,0,40.0,-0.9873198866844177,0.0611024666932936
COHFACE_s27_session3_natural,4,1,40.03333333333333,-1.0894008874893188,0.13497259296313482
COHFACE_s27_session3_natural,4,2,40.06666666666667,-1.177955150604248,0.23913958953414455
COHFACE_s27_session3_natural,4,3,40.1,-1.2580002546310425,0.38964974343859304
COHFACE_s27_session3_natural,4,4,40.13333333333333,-1.3977856636047363,0.5755136526777909
COHFACE_s27_session3_natural,4,5,40.166666666666664,-1.563891053199768,0.7590589307892195
COHFACE_s27_session3_natural,4,6,40.2,-1.7109826803207397,0.8903497443251944
COHFACE_s27_session3_natural,4,7,40.233333333333334,-1.6491003036499023,0.9292546268494797
COHFACE_s27_session3_natural,4,8,40.266666666666666,-0.9410768151283264,0.8629033975616822
COHFACE_s27_session3_natural,4,9,40.3,0.2628271281719208,0.7033804022136628
COHFACE_s27_session3_natural,4,10,40.333333333333336,1.1650655269622803,0.470453698884061
COHFACE_s27_session3_natural,4,11,40.36666666666667,1.4128297567367554,0.18262786231875316
COHFACE_s27_session3_natural,4,12,40.4,1.2428219318389893,-0.13765638035552752
COHFACE_s27_session3_natural,4,13,40.43333333333333,1.0080856084823608,-0.45779625430923454
COHFACE_s27_session3_natural,4,14,40.46666666666667,0.8236415386199951,-0.7359361069194911
COHFACE_s27_session3_natural,4,15,40.5,0.642923891544342,-0.9298523047687836
COHFACE_s27_session3_natural,4,16,40.53333333333333,0.5260545611381531,-1.0094221513544162
COHFACE_s27_session3_natural,4,17,40.56666666666667,0.5306612849235535,-0.9640921086743462
COHFACE_s27_session3_natural,4,18,40.6,0.5669573545455933,-0.8030036369235763
COHFACE_s27_session3_natural,4,19,40.63333333333333,0.4931914806365967,-0.55208551333377
COHFACE_s27_session3_natural,4,20,40.666666666666664,0.2985950708389282,-0.24980606367949604
COHFACE_s27_session3_natural,4,21,40.7,-0.013310830108821392,0.05975630562477979
COHFACE_s27_session3_natural,4,22,40.733333333333334,-0.32744672894477844,0.33494635504855563
COHFACE_s27_session3_natural,4,23,40.766666666666666,-0.5757684111595154,0.5413681597928616
COHFACE_s27_session3_natural,4,24,40.8,-0.7497373819351196,0.6536478941723042
COHFACE_s27_session3_natural,4,25,40.833333333333336,-0.8856497406959534,0.6584200365176701
COHFACE_s27_session3_natural,4,26,40.86666666666667,-1.006861686706543,0.5587518490499261
COHFACE_s27_session3_natural,4,27,40.9,-1.0989370346069336,0.3759352267850057
COHFACE_s27_session3_natural,4,28,40.93333333333333,-1.21439790725708,0.146019210223622
COHFACE_s27_session3_natural,4,29,40.96666666666667,-1.31421959400177,-0.08932183313679572
COHFACE_s27_session3_natural,4,30,41.0,-1.4058841466903687,-0.2936559096469954
COHFACE_s27_session3_natural,4,31,41.03333333333333,-1.5566728115081787,-0.4409957355498553
COHFACE_s27_session3_natural,4,32,41.06666666666667,-1.7162054777145386,-0.5147882512681179
COHFACE_s27_session3_natural,4,33,41.1,-1.7768261432647705,-0.5069437418787398
COHFACE_s27_session3_natural,4,34,41.13333333333333,-1.3992820978164673,-0.419060980423313
COHFACE_s27_session3_natural,4,35,41.166666666666664,-0.2217860370874405,-0.2632651854667372
COHFACE_s27_session3_natural,4,36,41.2,1.039657711982727,-0.061348349419937456
COHFACE_s27_session3_natural,4,37,41.233333333333334,1.69715416431427,0.1574341805334861
COHFACE_s27_session3_natural,4,38,41.266666666666666,1.7796932458877563,0.3599996890376464
COHFACE_s27_session3_natural,4,39,41.3,1.619661808013916,0.5149181870345693
COHFACE_s27_session3_natural,4,40,41.333333333333336,1.4988312721252441,0.5987829881372471
COHFACE_s27_session3_natural,4,41,41.36666666666667,1.442230463027954,0.6012135841825558
COHFACE_s27_session3_natural,4,42,41.4,1.2972221374511719,0.5269921251233285
COHFACE_s27_session3_natural,4,43,41.43333333333333,1.1516269445419312,0.394849638540422
COHFACE_s27_session3_natural,4,44,41.46666666666667,1.1036232709884644,0.23334920289695862
COHFACE_s27_session3_natural,4,45,41.5,1.0478440523147583,0.0751541929802126
COHFACE_s27_session3_natural,4,46,41.53333333333333,0.8925366401672363,-0.049334558869930295
COHFACE_s27_session3_natural,4,47,41.56666666666667,0.645241916179657,-0.11834279698514286
COHFACE_s27_session3_natural,4,48,41.6,0.35807138681411743,-0.1236455349531947
COHFACE_s27_session3_natural,4,49,41.63333333333333,0.03469274938106537,-0.07196376355195751
COHFACE_s27_session3_natural,4,50,41.666666666666664,-0.23425640165805817,0.017069539102750744
COHFACE_s27_session3_natural,4,51,41.7,-0.4184950888156891,0.11419937143672944
COHFACE_s27_session3_natural,4,52,41.733333333333334,-0.5787906646728516,0.18483516279737233
COHFACE_s27_session3_natural,4,53,41.766666666666666,-0.7141161561012268,0.19592278847781705
COHFACE_s27_session3_natural,4,54,41.8,-0.8376754522323608,0.12462083966449525
COHFACE_s27_session3_natural,4,55,41.833333333333336,-0.9623791575431824,-0.034442542482057914
COHFACE_s27_session3_natural,4,56,41.86666666666667,-1.0743483304977417,-0.26647879822918374
COHFACE_s27_session3_natural,4,57,41.9,-1.1965579986572266,-0.5407979347920314
COHFACE_s27_session3_natural,4,58,41.93333333333333,-1.3124589920043945,-0.819229908386946
COHFACE_s27_session3_natural,4,59,41.96666666666667,-1.4622207880020142,-1.0614672971688177
COHFACE_s27_session3_natural,4,60,42.0,-1.6329915523529053,-1.2267287838510694
COHFACE_s27_session3_natural,4,61,42.03333333333333,-1.756316065788269,-1.2777414023289697
COHFACE_s27_session3_natural,4,62,42.06666666666667,-1.4651843309402466,-1.1885280032630838
COHFACE_s27_session3_natural,4,63,42.1,-0.39050278067588806,-0.9523128998001806
COHFACE_s27_session3_natural,4,64,42.13333333333333,0.8611406683921814,-0.5858226983364055
COHFACE_s27_session3_natural,4,65,42.166666666666664,1.5930192470550537,-0.12707097678791995
COHFACE_s27_session3_natural,4,66,42.2,1.7232685089111328,0.3721038250269958
COHFACE_s27_session3_natural,4,67,42.233333333333334,1.5687533617019653,0.8536224690072775
COHFACE_s27_session3_natural,4,68,42.266666666666666,1.44707190990448,1.2589924235284686
COHFACE_s27_session3_natural,4,69,42.3,1.4216029644012451,1.5350265664312488
COHFACE_s27_session3_natural,4,70,42.333333333333336,1.2775923013687134,1.6407760045861186
COHFACE_s27_session3_natural,4,71,42.36666666666667,1.1224902868270874,1.5559936118625775
COHFACE_s27_session3_natural,4,72,42.4,1.0475800037384033,1.2891404921439535
COHFACE_s27_session3_natural,4,73,42.43333333333333,0.9675642848014832,0.8808916447668856
COHFACE_s27_session3_natural,4,74,42.46666666666667,0.8434180617332458,0.39943924719749424
COHFACE_s27_session3_natural,4,75,42.5,0.6169562339782715,-0.0747338764953281
COHFACE_s27_session3_natural,4,76,42.53333333333333,0.33899906277656555,-0.4694246761734424
COHFACE_s27_session3_natural,4,77,42.56666666666667,0.046458907425403595,-0.7349101569048772
COHFACE_s27_session3_natural,4,78,42.6,-0.22941496968269348,-0.8478970838103742
COHFACE_s27_session3_natural,4,79,42.63333333333333,-0.4329313635826111,-0.8097836228376035
COHFACE_s27_session3_natural,4,80,42.666666666666664,-0.6036726832389832,-0.6430785876882695
COHFACE_s27_session3_natural,4,81,42.7,-0.7299314737319946,-0.38794558661851974
COHFACE_s27_session3_natural,4,82,42.733333333333334,-0.8623521327972412,-0.09789174810563994
COHFACE_s27_session3_natural,4,83,42.766666666666666,-1.00548255443573,0.16883653125771364
COHFACE_s27_session3_natural,4,84,42.8,-1.1136373281478882,0.36156108526039127
COHFACE_s27_session3_natural,4,85,42.833333333333336,-1.2312989234924316,0.44836040598718896
COHFACE_s27_session3_natural,4,86,42.86666666666667,-1.357557773590088,0.42223105849078885
COHFACE_s27_session3_natural,4,87,42.9,-1.508082389831543,0.29998835162618576
COHFACE_s27_session3_natural,4,88,42.93333333333333,-1.6687887907028198,0.11529747214658924
COHFACE_s27_session3_natural,4,89,42.96666666666667,-1.7861570119857788,-0.08954363187955715
COHFACE_s27_session3_natural,4,90,43.0,-1.626389503479004,-0.2708776452344463
COHFACE_s27_session3_natural,4,91,43.03333333333333,-0.7230948209762573,-0.39057815116078287
COHFACE_s27_session3_natural,4,92,43.06666666666667,0.5076571106910706,-0.422932773460276
COHFACE_s27_session3_natural,4,93,43.1,1.2602511644363403,-0.3612600395494015
COHFACE_s27_session3_natural,4,94,43.13333333333333,1.3904417753219604,-0.22170036309351998
COHFACE_s27_session3_natural,4,95,43.166666666666664,1.2136266231536865,-0.0398469845003457
COHFACE_s27_session3_natural,4,96,43.2,1.0309430360794067,0.1393603673812707
COHFACE_s27_session3_natural,4,97,43.233333333333334,0.9144845008850098,0.2732750897147159
COHFACE_s27_session3_natural,4,98,43.266666666666666,0.7732319235801697,0.33063552185346967
COHFACE_s27_session3_natural,4,99,43.3,0.6519025564193726,0.2959334915154857
COHFACE_s27_session3_natural,4,100,43.333333333333336,0.6012582182884216,0.16997629989222754
COHFACE_s27_session3_natural,4,101,43.36666666666667,0.5577146410942078,-0.02985702866638218
COHFACE_s27_session3_natural,4,102,43.4,0.4583331346511841,-0.27011519193640743
COHFACE_s27_session3_natural,4,103,43.43333333333333,0.2789945900440216,-0.5067932591014385
COHFACE_s27_session3_natural,4,104,43.46666666666667,-0.007647816091775894,-0.695035987992132
COHFACE_s27_session3_natural,4,105,43.5,-0.325363427400589,-0.7971128179460154
COHFACE_s27_session3_natural,4,106,43.53333333333333,-0.5772942304611206,-0.7876401571616404
COHFACE_s27_session3_natural,4,107,43.56666666666667,-0.7713037729263306,-0.6598764243867364
COHFACE_s27_session3_natural,4,108,43.6,-0.9413702487945557,-0.4309376480560034
COHFACE_s27_session3_natural,4,109,43.63333333333333,-1.0809210538864136,-0.13821065907287997
COHFACE_s27_session3_natural,4,110,43.666666666666664,-1.213987112045288,0.17302289401595755
COHFACE_s27_session3_natural,4,111,43.7,-1.3363434076309204,0.46282505467695545
COHFACE_s27_session3_natural,4,112,43.733333333333334,-1.4326733350753784,0.7040417147802592
COHFACE_s27_session3_natural,4,113,43.766666666666666,-1.5335220098495483,0.880107849542564
COHFACE_s27_session3_natural,4,114,43.8,-1.6499805450439453,0.9774160742522717
COHFACE_s27_session3_natural,4,115,43.833333333333336,-1.7748602628707886,0.9832351895351549
COHFACE_s27_session3_natural,4,116,43.86666666666667,-1.9012951850891113,0.8914799988060527
COHFACE_s27_session3_natural,4,117,43.9,-2.029989242553711,0.7093138968845435
COHFACE_s27_session3_natural,4,118,43.93333333333333,-2.0321311950683594,0.45903529100922946
COHFACE_s27_session3_natural,4,119,43.96666666666667,-1.4983408451080322,0.17267112462596787
COHFACE_s27_session3_natural,4,120,44.0,-0.4081079959869385,-0.11740886701228227
COHFACE_s27_session3_natural,4,121,44.03333333333333,0.4304288625717163,-0.3834967761389471
COHFACE_s27_session3_natural,4,122,44.06666666666667,0.6682167649269104,-0.6020913575410682
COHFACE_s27_session3_natural,4,123,44.1,0.5116769671440125,-0.75431287278724
COHFACE_s27_session3_natural,4,124,44.13333333333333,0.25772160291671753,-0.828686423515863
COHFACE_s27_session3_natural,4,125,44.166666666666664,0.12371650338172913,-0.82246800408417
COHFACE_s27_session3_natural,4,126,44.2,-0.000547042116522789,-0.7403362637237558
COHFACE_s27_session3_natural,4,127,44.233333333333334,-0.1162133663892746,-0.5922608253946569
COHFACE_s27_session3_natural,4,128,44.266666666666666,-0.08082686364650726,-0.3920020333579394
COHFACE_s27_session3_natural,4,129,44.3,-0.019384631887078285,-0.15696425745236464
COHFACE_s27_session3_natural,4,130,44.333333333333336,-0.02900882251560688,0.09121793895529436
COHFACE_s27_session3_natural,4,131,44.36666666666667,-0.14397093653678894,0.32712890863028926
COHFACE_s27_session3_natural,4,132,44.4,-0.3636547923088074,0.5243283793237601
COHFACE_s27_session3_natural,4,133,44.43333333333333,-0.6227743625640869,0.660770380925441
COHFACE_s27_session3_natural,4,134,44.46666666666667,-0.8277285099029541,0.7247944876648578
COHFACE_s27_session3_natural,4,135,44.5,-0.9948021173477173,0.7175882840325734
COHFACE_s27_session3_natural,4,136,44.53333333333333,-1.1206501722335815,0.6509055739475865
COHFACE_s27_session3_natural,4,137,44.56666666666667,-1.2267216444015503,0.5419958657352016
COHFACE_s27_session3_natural,4,138,44.6,-1.3245480060577393,0.4081274361148563
COHFACE_s27_session3_natural,4,139,44.63333333333333,-1.3867824077606201,0.2629811553346645
COHFACE_s27_session3_natural,4,140,44.666666666666664,-1.4391872882843018,0.11535861472099461
COHFACE_s27_session3_natural,4,141,44.7,-1.5153886079788208,-0.031154456506508724
COHFACE_s27_session3_natural,4,142,44.733333333333334,-1.6170294284820557,-0.17770796584848045
COHFACE_s27_session3_natural,4,143,44.766666666666666,-1.7419384717941284,-0.32775432062720433
COHFACE_s27_session3_natural,4,144,44.8,-1.853937029838562,-0.4827628206675775
COHFACE_s27_session3_natural,4,145,44.833333333333336,-1.855257511138916,-0.6375204556818196
COHFACE_s27_session3_natural,4,146,44.86666666666667,-1.3983138799667358,-0.7771634702493542
COHFACE_s27_session3_natural,4,147,44.9,-0.4639165699481964,-0.8783320931746629
COHFACE_s27_session3_natural,4,148,44.93333333333333,0.22409562766551971,-0.9145268059054362
COHFACE_s27_session3_natural,4,149,44.96666666666667,0.36440926790237427,-0.8633611748579987
COHFACE_s27_session3_natural,4,150,45.0,0.17198416590690613,-0.7136664728687483
COHFACE_s27_session3_natural,4,151,45.03333333333333,-0.07217096537351608,-0.47097926007092894
COHFACE_s27_session3_natural,4,152,45.06666666666667,-0.2099611908197403,-0.15970805927381965
COHFACE_s27_session3_natural,4,153,45.1,-0.3111031949520111,0.17968172309366345
COHFACE_s27_session3_natural,4,154,45.13333333333333,-0.36969926953315735,0.49838229349742985
COHFACE_s27_session3_natural,4,155,45.166666666666664,-0.30702465772628784,0.7499352864317972
COHFACE_s27_session3_natural,4,156,45.2,-0.21946801245212555,0.9005702367645703
COHFACE_s27_session3_natural,4,157,45.233333333333334,-0.21943867206573486,0.9350364302148778
COHFACE_s27_session3_natural,4,158,45.266666666666666,-0.3085210919380188,0.8572341855308516
COHFACE_s27_session3_natural,4,159,45.3,-0.5322248339653015,0.6883624135291496
COHFACE_s27_session3_natural,4,160,45.333333333333336,-0.7161993980407715,0.46346330676210035
COHFACE_s27_session3_natural,4,161,45.36666666666667,-0.8552513718605042,0.22521029528765865
COHFACE_s27_session3_natural,4,162,45.4,-0.9934816956520081,0.015307431305559893
COHFACE_s27_session3_natural,4,163,45.43333333333333,-1.0881978273391724,-0.13443446125484354
COHFACE_s27_session3_natural,4,164,45.46666666666667,-1.1261076927185059,-0.20912142726607078
COHFACE_s27_session3_natural,4,165,45.5,-1.2293916940689087,-0.21382267437183416
COHFACE_s27_session3_natural,4,166,45.53333333333333,-1.273727536201477,-0.17138446458206852
COHFACE_s27_session3_natural,4,167,45.56666666666667,-1.3120776414871216,-0.1148492433882719
COHFACE_s27_session3_natural,4,168,45.6,-1.371817946434021,-0.07640386744095527
COHFACE_s27_session3_natural,4,169,45.63333333333333,-1.451012134552002,-0.07661522191741094
COHFACE_s27_session3_natural,4,170,45.666666666666664,-1.5341088771820068,-0.11842058417937219
COHFACE_s27_session3_natural,4,171,45.7,-1.6079920530319214,-0.19010594162518005
COHFACE_s27_session3_natural,4,172,45.733333333333334,-1.3635728359222412,-0.27428139489091885
COHFACE_s27_session3_natural,4,173,45.766666666666666,-0.5172310471534729,-0.3534694434533597
COHFACE_s27_session3_natural,4,174,45.8,0.40226051211357117,-0.4099910410077442
COHFACE_s27_session3_natural,4,175,45.833333333333336,0.791688084602356,-0.4253912359134058
COHFACE_s27_session3_natural,4,176,45.86666666666667,0.7517241835594177,-0.38263941801727913
COHFACE_s27_session3_natural,4,177,45.9,0.558682918548584,-0.27130463307623603
COHFACE_s27_session3_natural,4,178,45.93333333333333,0.42438438534736633,-0.09345182016990694
COHFACE_s27_session3_natural,4,179,45.96666666666667,0.37746647000312805,0.13395615183694998
COHFACE_s27_session3_natural,4,180,46.0,0.3308713138103485,0.3817338546726584
COHFACE_s27_session3_natural,4,181,46.03333333333333,0.30355387926101685,0.6147829063247773
COHFACE_s27_session3_natural,4,182,46.06666666666667,0.30235084891319275,0.7997366614483445
COHFACE_s27_session3_natural,4,183,46.1,0.3022628128528595,0.9112434974345873
COHFACE_s27_session3_natural,4,184,46.13333333333333,0.25645989179611206,0.935004299447531
COHFACE_s27_session3_natural,4,185,46.166666666666664,0.12342308461666107,0.8668204082226408
COHFACE_s27_session3_natural,4,186,46.2,-0.06788702309131622,0.7095792458043101
COHFACE_s27_session3_natural,4,187,46.233333333333334,-0.2407703399658203,0.4722054461164035
COHFACE_s27_session3_natural,4,188,46.266666666666666,-0.39695802330970764,0.17076554195147645
COHFACE_s27_session3_natural,4,189,46.3,-0.5231581330299377,-0.17193001122361903
COHFACE_s27_session3_natural,4,190,46.333333333333336,-0.5951635241508484,-0.5291596600905852
COHFACE_s27_session3_natural,4,191,46.36666666666667,-0.6447222232818604,-0.8734514852199408
COHFACE_s27_session3_natural,4,192,46.4,-0.7316920161247253,-1.1785599336902743
COHFACE_s27_session3_natural,4,193,46.43333333333333,-0.7955403327941895,-1.4197103190223457
COHFACE_s27_session3_natural,4,194,46.46666666666667,-0.8319831490516663,-1.5727820750405648
COHFACE_s27_session3_natural,4,195,46.5,-0.9146983623504639,-1.6141216739444642
COHFACE_s27_session3_natural,4,196,46.53333333333333,-1.0695656538009644,-1.5231823856005382
COHFACE_s27_session3_natural,4,197,46.56666666666667,-1.1524275541305542,-1.290002715593202
COHFACE_s27_session3_natural,4,198,46.6,-0.8881144523620605,-0.9238898977595514
COHFACE_s27_session3_natural,4,199,46.63333333333333,-0.10430049896240234,-0.45486037579698546
COHFACE_s27_session3_natural,4,200,46.666666666666664,0.6706521511077881,0.07313765190098258
COHFACE_s27_session3_natural,4,201,46.7,0.9649235010147095,0.6104866362730241
COHFACE_s27_session3_natural,4,202,46.733333333333334,0.877220094203949,1.1077201610140714
COHFACE_s27_session3_natural,4,203,46.766666666666666,0.6900765895843506,1.5186972940418348
COHFACE_s27_session3_natural,4,204,46.8,0.6173083186149597,1.80280836947749
COHFACE_s27_session3_natural,4,205,46.833333333333336,0.5989108681678772,1.9290987754835942
COHFACE_s27_session3_natural,4,206,46.86666666666667,0.4945412278175354,1.8829529371485278
COHFACE_s27_session3_natural,4,207,46.9,0.44055187702178955,1.673344220194897
COHFACE_s27_session3_natural,4,208,46.93333333333333,0.4500880241394043,1.3357708776134236
COHFACE_s27_session3_natural,4,209,46.96666666666667,0.43374451994895935,0.9243630011638542
COHFACE_s27_session3_natural,4,210,47.0,0.3823665976524353,0.4958860241700976
COHFACE_s27_session3_natural,4,211,47.03333333333333,0.2403511106967926,0.09708308563889019
COHFACE_s27_session3_natural,4,212,47.06666666666667,0.03131841495633125,-0.24027316198663506
COHFACE_s27_session3_natural,4,213,47.1,-0.13936424255371094,-0.5001565289598874
COHFACE_s27_session3_natural,4,214,47.13333333333333,-0.26013606786727905,-0.6810931415503516
COHFACE_s27_session3_natural,4,215,47.166666666666664,-0.39475736021995544,-0.793123210415735
COHFACE_s27_session3_natural,4,216,47.2,-0.48548296093940735,-0.8532204454522117
COHFACE_s27_session3_natural,4,217,47.233333333333334,-0.5623297691345215,-0.8797168919291998
COHFACE_s27_session3_natural,4,218,47.266666666666666,-0.6284960508346558,-0.8872089861989861
COHFACE_s27_session3_natural,4,219,47.3,-0.6801087260246277,-0.8841373525922389
COHFACE_s27_session3_natural,4,220,47.333333333333336,-0.7590388059616089,-0.8729140494463458
COHFACE_s27_session3_natural,4,221,47.36666666666667,-0.8774339556694031,-0.8503055427868408
COHFACE_s27_session3_natural,4,222,47.4,-1.007213830947876,-0.8075419794342383
COHFACE_s27_session3_natural,4,223,47.43333333333333,-1.0074485540390015,-0.7315371798554947
COHFACE_s27_session3_natural,4,224,47.46666666666667,-0.5331050753593445,-0.6079102266402943
COHFACE_s27_session3_natural,4,225,47.5,0.2600102722644806,-0.4255193454711171
COHFACE_s27_session3_natural,4,226,47.53333333333333,0.7956786155700684,-0.18134987456973287
COHFACE_s27_session3_natural,4,227,47.56666666666667,0.8670091032981873,0.11611259242898414
COHFACE_s27_session3_natural,4,228,47.6,0.721443235874176,0.44591743896325053
COHFACE_s27_session3_natural,4,229,47.63333333333333,0.6002606153488159,0.7758937633011908
COHFACE_s27_session3_natural,4,230,47.666666666666664,0.5507898926734924,1.066011470327835
COHFACE_s27_session3_natural,4,231,47.7,0.49662449955940247,1.2738618800859145
COHFACE_s27_session3_natural,4,232,47.733333333333334,0.43896740674972534,1.3615514186203472
COHFACE_s27_session3_natural,4,233,47.766666666666666,0.4365026652812958,1.3025794976854002
COHFACE_s27_session3_natural,4,234,47.8,0.42514729499816895,1.0875525215990922
COHFACE_s27_session3_natural,4,235,47.833333333333336,0.3877948820590973,0.7279212270434161
COHFACE_s27_session3_natural,4,236,47.86666666666667,0.2698398530483246,0.2563563433413981
COHFACE_s27_session3_natural,4,237,47.9,0.10939758270978928,-0.2779238989438199
COHFACE_s27_session3_natural,4,238,47.93333333333333,-0.04385589435696602,-0.8165977927510847
COHFACE_s27_session3_natural,4,239,47.96666666666667,-0.19344161450862885,-1.2967665211332973
COHFACE_s27_session3_natural,4,240,48.0,-0.30423715710639954,-1.6543154773696354
COHFACE_s27_session3_natural,4,241,48.03333333333333,-0.3588133752346039,-1.8345460128905497
COHFACE_s27_session3_natural,4,242,48.06666666666667,-0.4370685815811157,-1.8079365658085638
COHFACE_s27_session3_natural,4,243,48.1,-0.5271193385124207,-1.5785292141970142
COHFACE_s27_session3_natural,4,244,48.13333333333333,-0.5794655084609985,-1.1804894420486887
COHFACE_s27_session3_natural,4,245,48.166666666666664,-0.6352154016494751,-0.6675070534835087
COHFACE_s27_session3_natural,4,246,48.2,-0.7547548413276672,-0.10063424313539393
COHFACE_s27_session3_natural,4,247,48.233333333333334,-0.8992350697517395,0.46024775778445876
COHFACE_s27_session3_natural,4,248,48.266666666666666,-1.0185104608535767,0.9607152361336718
COHFACE_s27_session3_natural,4,249,48.3,-0.9834467172622681,1.3556103359367553
COHFACE_s27_session3_natural,4,250,48.333333333333336,-0.4920262396335602,1.6136154730617958
COHFACE_s27_session3_natural,4,251,48.36666666666667,0.2722459137439728,1.7207603367920572
COHFACE_s27_session3_natural,4,252,48.4,0.7207390069961548,1.6816732027770587
COHFACE_s27_session3_natural,4,253,48.43333333333333,0.6776355504989624,1.5182794982394963
COHFACE_s27_session3_natural,4,254,48.46666666666667,0.5127919912338257,1.2655363697265616
COHFACE_s27_session3_natural,4,255,48.5,0.3784054219722748,0.963879782949334
COHFACE_s27_session3_natural,4,256,48.53333333333333,0.24387216567993164,0.6505938119631641
COHFACE_s27_session3_natural,4,257,48.56666666666667,0.13187359273433685,0.35447495890639374
COHFACE_s27_session3_natural,4,258,48.6,0.13351674377918243,0.09474770317191011
COHFACE_s27_session3_natural,4,259,48.63333333333333,0.19413739442825317,-0.11830488405797647
COHFACE_s27_session3_natural,4,260,48.666666666666664,0.20763474702835083,-0.28276569693649123
COHFACE_s27_session3_natural,4,261,48.7,0.1932864785194397,-0.4050338834473981
COHFACE_s27_session3_natural,4,262,48.733333333333334,0.09141091257333755,-0.4991228079316527
COHFACE_s27_session3_natural,4,263,48.766666666666666,-0.06741755455732346,-0.5828763176772358
COHFACE_s27_session3_natural,4,264,48.8,-0.22941496968269348,-0.6713536218130708
COHFACE_s27_session3_natural,4,265,48.833333333333336,-0.3793528079986572,-0.770416641660161
COHFACE_s27_session3_natural,4,266,48.86666666666667,-0.4713107645511627,-0.8733980936549821
COHFACE_s27_session3_natural,4,267,48.9,-0.5199891924858093,-0.9629412320793317
COHFACE_s27_session3_natural,4,268,48.93333333333333,-0.5844830274581909,-1.0170741948111903
COHFACE_s27_session3_natural,4,269,48.96666666666667,-0.6461893320083618,-1.0157724975892923
COHFACE_s27_session3_natural,4,270,49.0,-0.7241217494010925,-0.9458743116331829
COHFACE_s27_session3_natural,4,271,49.03333333333333,-0.8127934336662292,-0.8042023412423029
COHFACE_s27_session3_natural,4,272,49.06666666666667,-0.9277555346488953,-0.5989428081241052
COHFACE_s27_session3_natural,4,273,49.1,-0.9882001280784607,-0.3493547504222476
COHFACE_s27_session3_natural,4,274,49.13333333333333,-0.8121185302734375,-0.08373970216672987
COHFACE_s27_session3_natural,4,275,49.166666666666664,-0.2065281718969345,0.16451205958477177
COHFACE_s27_session3_natural,4,276,49.2,0.4192495346069336,0.36289581965054385
COHFACE_s27_session3_natural,4,277,49.233333333333334,0.6272552609443665,0.4875806162047283
COHFACE_s27_session3_natural,4,278,49.266666666666666,0.5600619912147522,0.530290755650197
COHFACE_s27_session3_natural,4,279,49.3,0.42637965083122253,0.49956604465973914
COHFACE_s27_session3_natural,4,280,49.333333333333336,0.31532004475593567,0.4164190541313603
COHFACE_s27_session3_natural,4,281,49.36666666666667,0.21505828201770782,0.3090719676976174
COHFACE_s27_session3_natural,4,282,49.4,0.15244236588478088,0.20822261718692056
COHFACE_s27_session3_natural,4,283,49.43333333333333,0.1860683411359787,0.14083284904188959
COHFACE_s27_session3_natural,4,284,49.46666666666667,0.2540245056152344,0.12296730011683385
COHFACE_s27_session3_natural,4,285,49.5,0.2859779894351959,0.15487335235484956
COHFACE_s27_session3_natural,4,286,49.53333333333333,0.19938962161540985,0.2208759238716833
COHFACE_s27_session3_natural,4,287,49.56666666666667,0.036306560039520264,0.2954308878465682
COHFACE_s27_session3_natural,4,288,49.6,-0.13989239931106567,0.35320811272447505
COHFACE_s27_session3_natural,4,289,49.63333333333333,-0.25811147689819336,0.37799717139555034
COHFACE_s27_session3_natural,4,290,49.666666666666664,-0.3391541838645935,0.3667556673791749
COHFACE_s27_session3_natural,4,291,49.7,-0.41074877977371216,0.327417750141884
COHFACE_s27_session3_natural,4,292,49.733333333333334,-0.4915860891342163,0.27229089872720413
COHFACE_s27_session3_natural,4,293,49.766666666666666,-0.5473653078079224,0.21159561697210807
COHFACE_s27_session3_natural,4,294,49.8,-0.580111026763916,0.15030196741267915
COHFACE_s27_session3_natural,4,295,49.833333333333336,-0.6451916694641113,0.08930560761930426
COHFACE_s27_session3_natural,4,296,49.86666666666667,-0.77338707447052,0.029103427332464574
COHFACE_s27_session3_natural,4,297,49.9,-0.8850335478782654,-0.028207717167220897
COHFACE_s27_session3_natural,4,298,49.93333333333333,-0.8807789087295532,-0.07974034468747371
COHFACE_s27_session3_natural,4,299,49.96666666666667,-0.4954299032688141,-0.12325331640948275
